161
I0185_86_Accipitridae_Buteo_jamaicensis                   0.0000000 0.0406694 0.0445010 0.0376915 0.0512563 0.0442634 0.0507649 0.0354003 0.0390699 0.0527411 0.0320839 0.0506457 0.0472638 0.0506379 0.0350214 0.0512122 0.0268240 0.0499475 0.0541616 0.0265456 0.0262480 0.0249568 0.0419246 0.0292908 0.0574156 0.0551488 0.0585998 0.0284211 0.0500535 0.0501907 0.0463650 0.0480914 0.0398341 0.0573047 0.0501647 0.0514166 0.0677242 0.0514457 0.0487662 0.0762120 0.0776621 0.0721502 0.0543183 0.0442485 0.0484967 0.0353664 0.0520154 0.0486962 0.0271593 0.0443676 0.0483062 0.0521878 0.0400362 0.0347486 0.0289262 0.0497633 0.0437497 0.0305394 0.0306476 0.0689331 0.0490139 0.0317025 0.0341965 0.0575201 0.0541921 0.0371763 0.0548955 0.0535466 0.0494230 0.0326319 0.0304586 0.0481879 0.0524241 0.0315838 0.0076420 0.0304209 0.0421721 0.0435985 0.0462482 0.0435102 0.0253593 0.0490513 0.0424142 0.0406384 0.0348799 0.0367184 0.0520748 0.0597058 0.0278539 0.0230588 0.0272032 0.0403938 0.0530295 0.0393365 0.0313127 0.0280018 0.0434772 0.0310846 0.0422582 0.0628249 0.0299206 0.0226347 0.0555128 0.0430060 0.0313875 0.0527458 0.0265033 0.0165695 0.0417549 0.0520712 0.0285953 0.0560248 0.0311671 0.0252115 0.0557512 0.0524855 0.0325717 0.0570235 0.0420780 0.0287062 0.0242938 0.0394994 0.0597112 0.0448701 0.0267632 0.0608506 0.0474063 0.0494779 0.0224029 0.0299333 0.0301175 0.0319445 0.0284993 0.0332208 0.0454972 0.0417297 0.0357622 0.0519009 0.0501183 0.0329173 0.0816790 0.0290714 0.0384259 0.0525071 0.0484789 0.0267530 0.0191325 0.0243992 0.0587548 0.0283583 0.0581054 0.0559248 0.0477923 0.0482368 0.1243028 0.0491478 0.0583193 0.0562071 0.0434382 0.0403694 0.0523372 
I0186_111_Momotidae_Momotus_lessonii                      0.0406694 0.0000000 0.0556006 0.0512241 0.0602405 0.0540771 0.0591182 0.0511449 0.0508092 0.0603251 0.0461680 0.0594502 0.0537030 0.0590860 0.0458721 0.0593540 0.0409652 0.0576830 0.0626208 0.0388213 0.0411378 0.0384010 0.0523733 0.0423861 0.0658811 0.0637710 0.0656548 0.0420000 0.0584475 0.0583353 0.0589338 0.0591897 0.0512353 0.0658956 0.0584719 0.0585549 0.0778394 0.0593877 0.0565193 0.0860535 0.0857791 0.0822775 0.0646622 0.0445306 0.0593930 0.0477585 0.0601964 0.0573962 0.0410640 0.0563670 0.0569721 0.0614829 0.0522976 0.0463756 0.0408828 0.0575959 0.0557288 0.0431985 0.0427273 0.0776507 0.0569507 0.0451070 0.0455780 0.0659754 0.0625008 0.0480544 0.0667781 0.0617796 0.0578362 0.0461837 0.0432628 0.0577089 0.0598465 0.0394197 0.0411042 0.0441291 0.0541850 0.0403931 0.0541022 0.0508799 0.0396472 0.0606261 0.0519547 0.0533492 0.0454179 0.0417174 0.0602405 0.0665833 0.0402709 0.0408952 0.0406038 0.0438846 0.0624558 0.0503746 0.0420694 0.0401387 0.0568155 0.0451572 0.0535890 0.0708723 0.0426692 0.0369653 0.0634773 0.0548574 0.0437569 0.0602345 0.0408706 0.0411748 0.0531841 0.0636451 0.0425577 0.0636866 0.0444896 0.0394623 0.0620021 0.0613355 0.0456549 0.0659050 0.0508394 0.0424836 0.0389507 0.0489521 0.0674039 0.0555790 0.0406950 0.0725316 0.0553454 0.0579642 0.0374154 0.0439815 0.0438385 0.0422602 0.0438179 0.0451744 0.0580518 0.0501242 0.0468015 0.0589476 0.0572493 0.0437961 0.0913706 0.0431181 0.0500024 0.0620315 0.0561483 0.0413920 0.0412386 0.0392933 0.0711427 0.0437490 0.0661110 0.0650812 0.0572557 0.0574100 0.1354553 0.0574303 0.0669968 0.0651034 0.0527969 0.0493248 0.0609205 
I0187_115_Trogonidae_Trogon_elegans                       0.0445010 0.0556006 0.0000000 0.0528821 0.0625872 0.0172188 0.0632112 0.0505589 0.0546569 0.0651622 0.0485263 0.0607541 0.0604157 0.0608030 0.0489425 0.0621108 0.0423003 0.0592271 0.0671689 0.0443359 0.0436353 0.0420671 0.0559704 0.0438092 0.0688660 0.0656982 0.0681799 0.0453832 0.0612580 0.0615649 0.0603525 0.0619452 0.0546877 0.0669385 0.0604948 0.0612085 0.0802168 0.0616380 0.0588014 0.0914350 0.0930571 0.0882268 0.0646100 0.0555942 0.0617748 0.0509057 0.0637196 0.0598868 0.0430910 0.0600103 0.0591390 0.0624423 0.0545371 0.0506408 0.0432034 0.0593287 0.0576816 0.0472977 0.0463344 0.0801504 0.0608049 0.0489163 0.0500206 0.0716737 0.0689066 0.0515086 0.0738538 0.0650597 0.0603847 0.0483569 0.0470699 0.0596189 0.0648353 0.0450893 0.0438184 0.0449629 0.0569682 0.0601026 0.0607373 0.0581874 0.0421797 0.0625195 0.0565888 0.0567297 0.0500949 0.0516375 0.0642379 0.0723192 0.0442966 0.0440554 0.0434721 0.0532789 0.0661000 0.0542577 0.0457298 0.0445583 0.0586320 0.0490243 0.0589816 0.0747730 0.0466780 0.0403354 0.0643272 0.0574755 0.0475215 0.0638961 0.0441616 0.0444779 0.0562527 0.0698514 0.0458530 0.0675452 0.0467681 0.0416465 0.0673798 0.0659795 0.0485347 0.0691432 0.0546226 0.0448851 0.0410742 0.0527602 0.0743715 0.0588912 0.0427416 0.0784516 0.0576779 0.0604138 0.0398664 0.0464110 0.0460499 0.0450207 0.0449600 0.0486107 0.0601124 0.0545277 0.0496247 0.0607470 0.0603190 0.0475418 0.0971968 0.0456813 0.0528690 0.0638596 0.0580325 0.0435855 0.0456675 0.0429539 0.0771918 0.0456775 0.0679234 0.0654191 0.0578624 0.0603522 0.1406181 0.0590999 0.0683734 0.0665113 0.0570248 0.0519731 0.0632405 
I0188_135_Apodidae_Streptoprocne_zonaris                  0.0376915 0.0512241 0.0528821 0.0000000 0.0571542 0.0537373 0.0568752 0.0447951 0.0478707 0.0598139 0.0413716 0.0565608 0.0576455 0.0556650 0.0428959 0.0585196 0.0365658 0.0558077 0.0624028 0.0386745 0.0362147 0.0349500 0.0479077 0.0385655 0.0637782 0.0614832 0.0647340 0.0400730 0.0577118 0.0573399 0.0430156 0.0438892 0.0493252 0.0630813 0.0553853 0.0577026 0.0729005 0.0581002 0.0553472 0.0845753 0.0862809 0.0821236 0.0611804 0.0530290 0.0539807 0.0455718 0.0594242 0.0573667 0.0383930 0.0535847 0.0547846 0.0569430 0.0475140 0.0419811 0.0383798 0.0564553 0.0210670 0.0410280 0.0386537 0.0732474 0.0565493 0.0403387 0.0406286 0.0636264 0.0604034 0.0437328 0.0631327 0.0596840 0.0564511 0.0418499 0.0401703 0.0553900 0.0590719 0.0389842 0.0386841 0.0403772 0.0510440 0.0529244 0.0539097 0.0517473 0.0361248 0.0449736 0.0514966 0.0507257 0.0422051 0.0458999 0.0579378 0.0643629 0.0371591 0.0387965 0.0362677 0.0482704 0.0575101 0.0478832 0.0401963 0.0369748 0.0528856 0.0411302 0.0510675 0.0670343 0.0397476 0.0329908 0.0609067 0.0498456 0.0401204 0.0591582 0.0369024 0.0381535 0.0512706 0.0599464 0.0380271 0.0636401 0.0402434 0.0354801 0.0620480 0.0590952 0.0409082 0.0636883 0.0490050 0.0370824 0.0339952 0.0466671 0.0641591 0.0536255 0.0366142 0.0704687 0.0525326 0.0554223 0.0332675 0.0393585 0.0387252 0.0400051 0.0404847 0.0421640 0.0528639 0.0482310 0.0435050 0.0569080 0.0563948 0.0409108 0.0891109 0.0380880 0.0463779 0.0578731 0.0550740 0.0371633 0.0388741 0.0346970 0.0671624 0.0401645 0.0637092 0.0610120 0.0542194 0.0549717 0.1304433 0.0560397 0.0643949 0.0624731 0.0508311 0.0490720 0.0588403 
I0189_225_Eurylaimidae_Smithornis_rufolateralis           0.0512563 0.0602405 0.0625872 0.0571542 0.0000000 0.0641575 0.0662515 0.0589324 0.0570806 0.0685576 0.0555405 0.0418083 0.0668257 0.0358472 0.0553884 0.0363884 0.0494389 0.0347768 0.0404273 0.0490458 0.0493547 0.0480634 0.0570696 0.0500576 0.0723655 0.0457647 0.0477680 0.0518310 0.0361642 0.0363234 0.0641878 0.0655709 0.0579726 0.0471264 0.0355917 0.0359813 0.0845397 0.0369102 0.0339421 0.0951783 0.0963064 0.0903555 0.0452364 0.0618009 0.0651786 0.0553915 0.0378012 0.0354937 0.0517084 0.0634269 0.0338387 0.0364322 0.0565640 0.0547598 0.0507716 0.0343511 0.0622274 0.0523480 0.0517675 0.0852102 0.0341222 0.0543247 0.0548478 0.0753020 0.0729523 0.0564152 0.0760451 0.0382184 0.0354928 0.0549211 0.0521728 0.0335698 0.0665303 0.0468747 0.0515930 0.0524181 0.0615436 0.0636447 0.0625122 0.0613583 0.0488182 0.0651315 0.0619383 0.0611327 0.0557072 0.0570724 0.0675485 0.0763953 0.0503336 0.0505973 0.0508653 0.0573778 0.0683842 0.0590662 0.0517489 0.0505570 0.0631713 0.0547285 0.0644145 0.0786154 0.0527160 0.0465315 0.0414812 0.0629736 0.0534716 0.0422532 0.0503661 0.0511401 0.0603375 0.0724115 0.0514718 0.0721392 0.0540615 0.0482155 0.0701202 0.0687897 0.0534812 0.0320436 0.0599217 0.0509046 0.0478585 0.0572635 0.0726580 0.0645579 0.0497351 0.0807492 0.0371028 0.0354438 0.0463960 0.0519003 0.0511719 0.0523461 0.0523817 0.0542333 0.0631482 0.0594514 0.0558927 0.0388768 0.0350176 0.0525930 0.1015292 0.0511667 0.0579297 0.0285280 0.0398799 0.0499473 0.0515016 0.0480789 0.0791945 0.0526587 0.0477667 0.0454895 0.0390940 0.0197593 0.1379128 0.0403494 0.0473330 0.0461426 0.0620531 0.0586613 0.0451422 
I0190_295_Trogonidae_Apaloderma_aequatoriale              0.0442634 0.0540771 0.0172188 0.0537373 0.0641575 0.0000000 0.0647458 0.0518268 0.0542041 0.0664410 0.0495380 0.0619673 0.0605962 0.0626431 0.0504490 0.0634837 0.0436332 0.0612531 0.0664420 0.0442438 0.0449885 0.0428660 0.0566429 0.0451901 0.0703607 0.0669171 0.0700253 0.0463287 0.0620914 0.0622544 0.0611475 0.0621248 0.0539789 0.0686618 0.0619144 0.0628911 0.0829323 0.0629480 0.0606252 0.0911185 0.0934984 0.0889625 0.0665773 0.0575519 0.0624542 0.0520538 0.0639339 0.0612868 0.0434090 0.0606771 0.0607811 0.0642411 0.0554129 0.0516261 0.0448244 0.0611660 0.0577942 0.0482679 0.0473357 0.0824220 0.0612428 0.0497503 0.0507300 0.0719216 0.0700702 0.0524454 0.0738587 0.0660851 0.0612595 0.0491724 0.0479096 0.0607785 0.0662736 0.0456203 0.0460412 0.0461526 0.0576358 0.0600875 0.0615522 0.0573351 0.0427855 0.0633043 0.0561913 0.0576295 0.0505521 0.0515105 0.0660925 0.0745931 0.0451575 0.0446296 0.0442525 0.0537868 0.0681874 0.0543450 0.0470036 0.0458687 0.0595898 0.0497032 0.0603526 0.0768357 0.0475908 0.0409662 0.0657636 0.0595756 0.0488699 0.0650987 0.0450678 0.0462630 0.0574301 0.0711470 0.0470655 0.0676635 0.0479166 0.0429220 0.0694553 0.0667791 0.0503259 0.0702873 0.0565327 0.0466209 0.0421359 0.0543915 0.0740279 0.0609497 0.0434681 0.0800186 0.0594472 0.0621236 0.0409145 0.0476905 0.0480668 0.0467379 0.0459967 0.0500498 0.0607787 0.0563109 0.0507110 0.0614387 0.0624364 0.0490977 0.0987774 0.0465220 0.0536012 0.0657638 0.0593264 0.0450666 0.0470821 0.0437317 0.0778499 0.0468794 0.0698529 0.0670599 0.0596000 0.0619260 0.1393291 0.0600964 0.0697114 0.0676291 0.0582365 0.0531907 0.0646331 
I0191_344_Indicatoridae_Indicator_exilis                  0.0507649 0.0591182 0.0632112 0.0568752 0.0662515 0.0647458 0.0000000 0.0595222 0.0604838 0.0349698 0.0552606 0.0648451 0.0648316 0.0658818 0.0557640 0.0657676 0.0491280 0.0652904 0.0709747 0.0500634 0.0503166 0.0488958 0.0595890 0.0522147 0.0285883 0.0694355 0.0718670 0.0521517 0.0656238 0.0654598 0.0646748 0.0664208 0.0604354 0.0704557 0.0662861 0.0658157 0.0843790 0.0660543 0.0633873 0.0984487 0.0993100 0.0937601 0.0674649 0.0621585 0.0658172 0.0579557 0.0693911 0.0645916 0.0519244 0.0643444 0.0624597 0.0679269 0.0599464 0.0565284 0.0513962 0.0643586 0.0623103 0.0533242 0.0536563 0.0844525 0.0654410 0.0539889 0.0561079 0.0760012 0.0719176 0.0568286 0.0779188 0.0689220 0.0648075 0.0550544 0.0528944 0.0645359 0.0352231 0.0455825 0.0513565 0.0527271 0.0623721 0.0617959 0.0600699 0.0570325 0.0485279 0.0661017 0.0625822 0.0618065 0.0554133 0.0559750 0.0341238 0.0761462 0.0502121 0.0511403 0.0494255 0.0545564 0.0676246 0.0611043 0.0524656 0.0503007 0.0642993 0.0543514 0.0632509 0.0785009 0.0534710 0.0475865 0.0689763 0.0624728 0.0540783 0.0680777 0.0502342 0.0516508 0.0625609 0.0737297 0.0520023 0.0718917 0.0538370 0.0485180 0.0362466 0.0694968 0.0533043 0.0700570 0.0606155 0.0509231 0.0478812 0.0591234 0.0757458 0.0638305 0.0493379 0.0831131 0.0621100 0.0645084 0.0462388 0.0534613 0.0517111 0.0537884 0.0533715 0.0552432 0.0635172 0.0604344 0.0572456 0.0663422 0.0647869 0.0536422 0.1036402 0.0518021 0.0591150 0.0674116 0.0632425 0.0508414 0.0522471 0.0486355 0.0808967 0.0534681 0.0705736 0.0685490 0.0626482 0.0633275 0.1355547 0.0650328 0.0706092 0.0694947 0.0629081 0.0579193 0.0657288 
I0192_375_Musophagidae_Tauraco_macrorhynchus              0.0354003 0.0511449 0.0505589 0.0447951 0.0589324 0.0518268 0.0595222 0.0000000 0.0466662 0.0608508 0.0233500 0.0573257 0.0552997 0.0568711 0.0413968 0.0567748 0.0323528 0.0548125 0.0626495 0.0354662 0.0344340 0.0328288 0.0479112 0.0365850 0.0650234 0.0621272 0.0655908 0.0369120 0.0567105 0.0577486 0.0533282 0.0537734 0.0477742 0.0634815 0.0553495 0.0573910 0.0717820 0.0581364 0.0553719 0.0825637 0.0860334 0.0796960 0.0607541 0.0510582 0.0541898 0.0435841 0.0592479 0.0554279 0.0344298 0.0519481 0.0543059 0.0567557 0.0468781 0.0412745 0.0339888 0.0550864 0.0512087 0.0390874 0.0381045 0.0732977 0.0570056 0.0375639 0.0407807 0.0618234 0.0610496 0.0426941 0.0622704 0.0598105 0.0559007 0.0388474 0.0391744 0.0551362 0.0598875 0.0394474 0.0356709 0.0365448 0.0504673 0.0549127 0.0536541 0.0514623 0.0322993 0.0559978 0.0489598 0.0481329 0.0406104 0.0454157 0.0590833 0.0644707 0.0343586 0.0356547 0.0338888 0.0478951 0.0566607 0.0445883 0.0376524 0.0353737 0.0521830 0.0396201 0.0494169 0.0672341 0.0367723 0.0307340 0.0611252 0.0482211 0.0372879 0.0597188 0.0332625 0.0361163 0.0502311 0.0595782 0.0343680 0.0635672 0.0384141 0.0322105 0.0621324 0.0583437 0.0392849 0.0644733 0.0470870 0.0350648 0.0309780 0.0449581 0.0655428 0.0500044 0.0333763 0.0695005 0.0535899 0.0554541 0.0295402 0.0379277 0.0358778 0.0364819 0.0368093 0.0404895 0.0505356 0.0468881 0.0413166 0.0578628 0.0563344 0.0394831 0.0869578 0.0356838 0.0449793 0.0593078 0.0552833 0.0338941 0.0359096 0.0320893 0.0648178 0.0367200 0.0644038 0.0612547 0.0542267 0.0562447 0.1317944 0.0559871 0.0643868 0.0620695 0.0485174 0.0470301 0.0596615 
I0193_447_Columbidae_Treron_calvus                        0.0390699 0.0508092 0.0546569 0.0478707 0.0570806 0.0542041 0.0604838 0.0466662 0.0000000 0.0625318 0.0430795 0.0578661 0.0591672 0.0574315 0.0440097 0.0571623 0.0372484 0.0560506 0.0608088 0.0371151 0.0380027 0.0350708 0.0192762 0.0393221 0.0675180 0.0631889 0.0656024 0.0401442 0.0566036 0.0569282 0.0558901 0.0568668 0.0166814 0.0641018 0.0571986 0.0574421 0.0752771 0.0582622 0.0552656 0.0844065 0.0841987 0.0795744 0.0624079 0.0543237 0.0549261 0.0467869 0.0588591 0.0556653 0.0375602 0.0546199 0.0553862 0.0591601 0.0178276 0.0444907 0.0389424 0.0559346 0.0537107 0.0430175 0.0410732 0.0766930 0.0559687 0.0415387 0.0433532 0.0650522 0.0617075 0.0470275 0.0646903 0.0598885 0.0555579 0.0429855 0.0424537 0.0555723 0.0620161 0.0279628 0.0394113 0.0409617 0.0521715 0.0544257 0.0557014 0.0545003 0.0362915 0.0576141 0.0518364 0.0511776 0.0435588 0.0480397 0.0623618 0.0657229 0.0380692 0.0400378 0.0370719 0.0502591 0.0606210 0.0462856 0.0427807 0.0389291 0.0535760 0.0424126 0.0533647 0.0694548 0.0409994 0.0336622 0.0619565 0.0530351 0.0415825 0.0596343 0.0363542 0.0397579 0.0512454 0.0617876 0.0394194 0.0652154 0.0417069 0.0358484 0.0640415 0.0595335 0.0426008 0.0633363 0.0499703 0.0393181 0.0356735 0.0485068 0.0677481 0.0550363 0.0371164 0.0705960 0.0540723 0.0562769 0.0330452 0.0407684 0.0407390 0.0414552 0.0417112 0.0423720 0.0537940 0.0499120 0.0447468 0.0588704 0.0559933 0.0419092 0.0905222 0.0398505 0.0154889 0.0598227 0.0555761 0.0383172 0.0401298 0.0365770 0.0690785 0.0418992 0.0662227 0.0631691 0.0548988 0.0548649 0.1315372 0.0564633 0.0656920 0.0631780 0.0520437 0.0509471 0.0578565 
I0195_522_Ramphastidae_Buccanodon_duchaillui              0.0527411 0.0603251 0.0651622 0.0598139 0.0685576 0.0664410 0.0349698 0.0608508 0.0625318 0.0000000 0.0579448 0.0670489 0.0676596 0.0679035 0.0578663 0.0682173 0.0525327 0.0665404 0.0734761 0.0518726 0.0520730 0.0509590 0.0619798 0.0528659 0.0407802 0.0725264 0.0741508 0.0547219 0.0678056 0.0672815 0.0666374 0.0686128 0.0627759 0.0729794 0.0682532 0.0682620 0.0854976 0.0676273 0.0652292 0.0972394 0.0983483 0.0935445 0.0712167 0.0642526 0.0691959 0.0606702 0.0716967 0.0665100 0.0538272 0.0669792 0.0649114 0.0699667 0.0613168 0.0578047 0.0520717 0.0660704 0.0655017 0.0556597 0.0554059 0.0858037 0.0673160 0.0567571 0.0581964 0.0771022 0.0743913 0.0592334 0.0793363 0.0707311 0.0670087 0.0564749 0.0550391 0.0664668 0.0260113 0.0477207 0.0527837 0.0547921 0.0652685 0.0638078 0.0612049 0.0602688 0.0512495 0.0685821 0.0653759 0.0640477 0.0578000 0.0572317 0.0249295 0.0780521 0.0519737 0.0519893 0.0525505 0.0569917 0.0713328 0.0611246 0.0535437 0.0519483 0.0665004 0.0574566 0.0652013 0.0801870 0.0551836 0.0490248 0.0721470 0.0655801 0.0565522 0.0703953 0.0527809 0.0540115 0.0640675 0.0739336 0.0543722 0.0721177 0.0560628 0.0514684 0.0300568 0.0701962 0.0549297 0.0727714 0.0640415 0.0544558 0.0503839 0.0601577 0.0779305 0.0653003 0.0519746 0.0841667 0.0641137 0.0664582 0.0484362 0.0559745 0.0539836 0.0554011 0.0550158 0.0575052 0.0645417 0.0627639 0.0594517 0.0689154 0.0668703 0.0555074 0.1016530 0.0548487 0.0603748 0.0685059 0.0668825 0.0531740 0.0542292 0.0504512 0.0821316 0.0551409 0.0732556 0.0712911 0.0647686 0.0666290 0.1339671 0.0679000 0.0733272 0.0718813 0.0655086 0.0604869 0.0680740 
I0196_523_Musophagidae_Corythaeola_cristata               0.0320839 0.0461680 0.0485263 0.0413716 0.0555405 0.0495380 0.0552606 0.0233500 0.0430795 0.0579448 0.0000000 0.0545822 0.0540067 0.0539647 0.0373718 0.0531679 0.0300856 0.0528979 0.0582388 0.0322034 0.0300620 0.0287224 0.0438384 0.0329924 0.0619361 0.0579929 0.0618002 0.0345317 0.0537179 0.0538043 0.0491040 0.0501618 0.0440042 0.0601703 0.0529454 0.0540913 0.0705579 0.0545406 0.0522477 0.0803741 0.0806035 0.0763001 0.0577637 0.0483578 0.0503047 0.0404511 0.0558470 0.0524468 0.0306846 0.0483186 0.0517171 0.0537744 0.0436212 0.0379121 0.0316393 0.0530514 0.0473817 0.0355378 0.0344896 0.0716172 0.0534377 0.0339733 0.0377258 0.0591236 0.0579316 0.0391385 0.0599339 0.0568130 0.0533049 0.0363569 0.0351786 0.0514689 0.0560403 0.0350023 0.0328297 0.0337085 0.0456066 0.0498837 0.0503966 0.0472450 0.0291699 0.0518003 0.0466539 0.0442330 0.0383167 0.0432884 0.0555469 0.0617831 0.0312838 0.0333703 0.0308540 0.0462081 0.0547414 0.0425858 0.0351816 0.0323631 0.0479318 0.0356246 0.0470239 0.0648694 0.0338763 0.0270126 0.0574854 0.0461280 0.0346263 0.0559760 0.0297406 0.0328421 0.0461170 0.0565971 0.0318025 0.0608517 0.0349477 0.0288398 0.0601073 0.0552673 0.0359793 0.0608596 0.0444592 0.0317094 0.0278873 0.0423318 0.0627567 0.0483426 0.0308683 0.0663449 0.0509618 0.0528622 0.0264124 0.0344331 0.0336569 0.0344717 0.0343482 0.0365160 0.0476646 0.0443540 0.0382807 0.0545211 0.0533846 0.0351955 0.0833281 0.0322790 0.0415732 0.0564629 0.0520659 0.0302965 0.0331714 0.0287599 0.0617671 0.0344045 0.0607536 0.0584089 0.0512602 0.0520604 0.1303063 0.0529582 0.0609118 0.0588200 0.0464851 0.0452394 0.0565385 
I0197_832_Corvidae_Corvus_albus                           0.0506457 0.0594502 0.0607541 0.0565608 0.0418083 0.0619673 0.0648451 0.0573257 0.0578661 0.0670489 0.0545822 0.0000000 0.0673551 0.0401219 0.0532488 0.0403637 0.0482113 0.0379639 0.0443955 0.0480101 0.0485563 0.0472927 0.0583644 0.0491169 0.0706195 0.0260294 0.0283380 0.0503663 0.0402584 0.0404465 0.0645390 0.0657216 0.0579600 0.0270014 0.0402794 0.0396514 0.0853675 0.0409718 0.0380442 0.0955117 0.0978738 0.0924461 0.0250013 0.0608956 0.0647588 0.0552708 0.0427163 0.0393932 0.0498772 0.0619143 0.0377184 0.0411060 0.0571082 0.0547127 0.0495383 0.0389961 0.0610958 0.0519577 0.0514502 0.0851090 0.0391121 0.0528639 0.0548434 0.0754811 0.0732562 0.0556689 0.0774598 0.0427535 0.0393405 0.0535703 0.0513498 0.0378421 0.0663904 0.0467867 0.0503087 0.0500893 0.0602788 0.0619095 0.0627232 0.0608269 0.0467984 0.0656709 0.0609483 0.0600503 0.0543646 0.0562612 0.0663524 0.0770647 0.0496179 0.0495147 0.0494133 0.0566192 0.0661325 0.0568303 0.0507964 0.0492158 0.0625839 0.0524149 0.0641210 0.0786972 0.0513810 0.0454663 0.0454220 0.0617185 0.0523067 0.0302791 0.0490107 0.0505818 0.0596078 0.0732298 0.0502486 0.0698061 0.0518896 0.0473281 0.0690764 0.0678316 0.0541247 0.0470874 0.0584793 0.0497593 0.0464067 0.0565235 0.0722050 0.0624041 0.0485751 0.0819305 0.0280326 0.0392249 0.0452086 0.0509496 0.0491982 0.0512736 0.0519202 0.0525958 0.0633603 0.0588576 0.0542524 0.0432600 0.0388391 0.0511662 0.1018590 0.0500328 0.0561079 0.0425364 0.0263206 0.0488490 0.0498317 0.0466257 0.0789222 0.0517451 0.0287097 0.0242323 0.0109367 0.0400509 0.1409711 0.0266194 0.0285722 0.0263402 0.0612097 0.0572111 0.0448797 
I0199_955_Meropidae_Merops_muelleri                       0.0472638 0.0537030 0.0604157 0.0576455 0.0668257 0.0605962 0.0648316 0.0552997 0.0591672 0.0676596 0.0540067 0.0673551 0.0000000 0.0660635 0.0522676 0.0653892 0.0473651 0.0632373 0.0698643 0.0463819 0.0481051 0.0471909 0.0611744 0.0518674 0.0716896 0.0712488 0.0734927 0.0510640 0.0649973 0.0639772 0.0633186 0.0639999 0.0595964 0.0729072 0.0659431 0.0650277 0.0843794 0.0658323 0.0640076 0.0947170 0.0972662 0.0918030 0.0699614 0.0553872 0.0653108 0.0558040 0.0682717 0.0639363 0.0475059 0.0622094 0.0625437 0.0677857 0.0598816 0.0551194 0.0475770 0.0633512 0.0613891 0.0528104 0.0512928 0.0856276 0.0632463 0.0535216 0.0543705 0.0733989 0.0705830 0.0555141 0.0776158 0.0694877 0.0638449 0.0527137 0.0524623 0.0630406 0.0651924 0.0478929 0.0476183 0.0510658 0.0617523 0.0570539 0.0623340 0.0587495 0.0476057 0.0649527 0.0589982 0.0595620 0.0544590 0.0497951 0.0665623 0.0724279 0.0492744 0.0488689 0.0488066 0.0500844 0.0655712 0.0574155 0.0491346 0.0493457 0.0630519 0.0526271 0.0636334 0.0789816 0.0517885 0.0458220 0.0709765 0.0612514 0.0505667 0.0673520 0.0475139 0.0476451 0.0595675 0.0754223 0.0513354 0.0714409 0.0525877 0.0469853 0.0666465 0.0692400 0.0543237 0.0745285 0.0592172 0.0509528 0.0459247 0.0574237 0.0758993 0.0588516 0.0488017 0.0840775 0.0633461 0.0638456 0.0443258 0.0523529 0.0511755 0.0493920 0.0502149 0.0529339 0.0648688 0.0585662 0.0530822 0.0681184 0.0643145 0.0513674 0.1005816 0.0499625 0.0583021 0.0685832 0.0652800 0.0486302 0.0490838 0.0465657 0.0812876 0.0503903 0.0729901 0.0709597 0.0640333 0.0656392 0.1412820 0.0655275 0.0733117 0.0721580 0.0615945 0.0562122 0.0671008 
I0200_988_Furnariidae_Furnarius_rufus                     0.0506379 0.0590860 0.0608030 0.0556650 0.0358472 0.0626431 0.0658818 0.0568711 0.0574315 0.0679035 0.0539647 0.0401219 0.0660635 0.0000000 0.0534737 0.0309734 0.0488619 0.0294391 0.0290810 0.0483182 0.0487667 0.0480295 0.0571432 0.0493960 0.0722917 0.0453102 0.0483935 0.0505235 0.0309888 0.0312222 0.0632340 0.0641640 0.0587394 0.0461138 0.0153136 0.0311163 0.0844101 0.0325173 0.0296529 0.0952341 0.0970010 0.0914966 0.0447279 0.0614375 0.0641628 0.0551404 0.0272765 0.0305465 0.0505689 0.0628348 0.0290588 0.0139040 0.0568679 0.0541589 0.0495767 0.0300207 0.0600740 0.0510092 0.0510557 0.0849114 0.0291271 0.0530471 0.0537087 0.0756901 0.0746433 0.0558380 0.0765939 0.0269382 0.0309200 0.0528646 0.0508483 0.0294925 0.0660705 0.0475302 0.0507981 0.0508416 0.0613790 0.0628273 0.0621745 0.0619388 0.0488949 0.0647306 0.0607473 0.0606439 0.0548355 0.0559504 0.0662837 0.0773175 0.0495066 0.0498298 0.0490651 0.0562454 0.0663877 0.0562167 0.0498898 0.0493575 0.0623032 0.0527613 0.0640131 0.0785114 0.0521148 0.0462207 0.0292216 0.0612666 0.0522935 0.0424251 0.0500149 0.0506629 0.0604753 0.0725178 0.0505622 0.0694155 0.0519245 0.0477436 0.0689568 0.0673022 0.0535538 0.0425003 0.0576133 0.0497398 0.0471174 0.0575493 0.0718682 0.0636369 0.0483703 0.0813940 0.0373686 0.0302197 0.0461037 0.0517024 0.0497829 0.0506865 0.0518225 0.0531056 0.0641846 0.0594455 0.0538012 0.0264988 0.0292346 0.0507322 0.1007740 0.0501472 0.0563948 0.0384734 0.0393789 0.0488958 0.0503114 0.0477330 0.0786579 0.0518808 0.0476884 0.0446629 0.0379162 0.0335420 0.1378734 0.0397420 0.0472402 0.0468535 0.0608743 0.0571485 0.0450261 
I0201_999_Scolopacidae_Tringa_solitaria                   0.0350214 0.0458721 0.0489425 0.0428959 0.0553884 0.0504490 0.0557640 0.0413968 0.0440097 0.0578663 0.0373718 0.0532488 0.0522676 0.0534737 0.0000000 0.0538195 0.0316456 0.0524227 0.0597810 0.0332102 0.0290573 0.0308512 0.0442735 0.0296198 0.0624583 0.0581651 0.0606185 0.0371897 0.0541984 0.0539038 0.0500504 0.0513016 0.0446023 0.0596241 0.0531030 0.0537747 0.0700357 0.0537877 0.0528423 0.0824525 0.0840592 0.0792631 0.0571379 0.0483049 0.0514825 0.0419473 0.0572934 0.0530208 0.0316104 0.0504705 0.0517356 0.0547972 0.0443904 0.0392036 0.0324901 0.0524039 0.0495648 0.0384791 0.0353245 0.0698923 0.0527982 0.0362910 0.0388177 0.0594980 0.0578648 0.0411116 0.0628168 0.0579621 0.0532971 0.0379242 0.0382950 0.0517727 0.0565712 0.0366090 0.0345970 0.0280825 0.0481107 0.0502219 0.0512935 0.0495207 0.0313028 0.0528488 0.0281434 0.0481014 0.0388267 0.0438125 0.0565914 0.0611016 0.0285669 0.0353364 0.0323550 0.0448876 0.0528773 0.0425454 0.0373615 0.0294979 0.0508179 0.0377327 0.0476880 0.0646493 0.0364473 0.0288300 0.0576678 0.0463982 0.0362412 0.0544867 0.0334136 0.0359285 0.0482763 0.0590339 0.0331690 0.0620830 0.0287506 0.0302373 0.0589607 0.0550408 0.0381181 0.0607665 0.0278053 0.0350062 0.0302822 0.0426038 0.0564955 0.0491726 0.0322201 0.0687118 0.0502473 0.0534261 0.0283128 0.0353985 0.0359498 0.0330705 0.0364986 0.0374641 0.0497076 0.0448225 0.0127285 0.0547874 0.0530319 0.0127975 0.0871426 0.0356830 0.0422917 0.0558517 0.0512697 0.0336231 0.0357108 0.0304495 0.0653934 0.0365841 0.0599844 0.0571540 0.0501117 0.0526301 0.1296900 0.0523977 0.0603155 0.0588386 0.0292919 0.0459620 0.0553697 
I0203_1087_Tyrannidae_Hymenops_perspicillatus             0.0512122 0.0593540 0.0621108 0.0585196 0.0363884 0.0634837 0.0657676 0.0567748 0.0571623 0.0682173 0.0531679 0.0403637 0.0653892 0.0309734 0.0538195 0.0000000 0.0488314 0.0100810 0.0357923 0.0486052 0.0502498 0.0479302 0.0583746 0.0510509 0.0733287 0.0449423 0.0487067 0.0518457 0.0198737 0.0186399 0.0655769 0.0669978 0.0578424 0.0464076 0.0308326 0.0181039 0.0856355 0.0173347 0.0187382 0.0969351 0.0966637 0.0926063 0.0447748 0.0613923 0.0654181 0.0563348 0.0340550 0.0192323 0.0503138 0.0629828 0.0178509 0.0315275 0.0572905 0.0550530 0.0500325 0.0082652 0.0633464 0.0525547 0.0526756 0.0866602 0.0184306 0.0529972 0.0552377 0.0764336 0.0755848 0.0557880 0.0790665 0.0339281 0.0183263 0.0532223 0.0516201 0.0177772 0.0669331 0.0489048 0.0517114 0.0513709 0.0612771 0.0637987 0.0638189 0.0626585 0.0482255 0.0660388 0.0610604 0.0609667 0.0552997 0.0575468 0.0671247 0.0778933 0.0506901 0.0504634 0.0508382 0.0566367 0.0676771 0.0576430 0.0508786 0.0508064 0.0635906 0.0544214 0.0648445 0.0805781 0.0530743 0.0464525 0.0368006 0.0632311 0.0538996 0.0413233 0.0502700 0.0512988 0.0613727 0.0747618 0.0508455 0.0718936 0.0535237 0.0485789 0.0699842 0.0687825 0.0539579 0.0427160 0.0586682 0.0504547 0.0476696 0.0578641 0.0708788 0.0643218 0.0504232 0.0836494 0.0375932 0.0194075 0.0458680 0.0529704 0.0507018 0.0511795 0.0520071 0.0537746 0.0635790 0.0593197 0.0540325 0.0336603 0.0103233 0.0514531 0.1006150 0.0508759 0.0570304 0.0391248 0.0383768 0.0502483 0.0509958 0.0480606 0.0811045 0.0522355 0.0474894 0.0446305 0.0381669 0.0345838 0.1419150 0.0388740 0.0464504 0.0470542 0.0624097 0.0585725 0.0446869 
I0204_1174_Threskiornithidae_Harpiprion_caerulescens      0.0268240 0.0409652 0.0423003 0.0365658 0.0494389 0.0436332 0.0491280 0.0323528 0.0372484 0.0525327 0.0300856 0.0482113 0.0473651 0.0488619 0.0316456 0.0488314 0.0000000 0.0468832 0.0545677 0.0263957 0.0237838 0.0210732 0.0383466 0.0262352 0.0573630 0.0533063 0.0566259 0.0278598 0.0492484 0.0480889 0.0444822 0.0466152 0.0380652 0.0544514 0.0475202 0.0484266 0.0629778 0.0495718 0.0469907 0.0748943 0.0763345 0.0715691 0.0528255 0.0429028 0.0456227 0.0349069 0.0517053 0.0477845 0.0224438 0.0443937 0.0467190 0.0505105 0.0370173 0.0331624 0.0232658 0.0475523 0.0419704 0.0302348 0.0291438 0.0640144 0.0475579 0.0265755 0.0319763 0.0538262 0.0508724 0.0350013 0.0528298 0.0524504 0.0476219 0.0309210 0.0300479 0.0464865 0.0524030 0.0308403 0.0273439 0.0283219 0.0414767 0.0438925 0.0453361 0.0433268 0.0207378 0.0469305 0.0388530 0.0403371 0.0310575 0.0374171 0.0522058 0.0548907 0.0247226 0.0275835 0.0226032 0.0395589 0.0497007 0.0369551 0.0299675 0.0254524 0.0444767 0.0275653 0.0404460 0.0585741 0.0275551 0.0196552 0.0528352 0.0408401 0.0266124 0.0500461 0.0227277 0.0277140 0.0410706 0.0502889 0.0240361 0.0546282 0.0295966 0.0216442 0.0537971 0.0495584 0.0306303 0.0554472 0.0381074 0.0274398 0.0210720 0.0372428 0.0582820 0.0437953 0.0227697 0.0601225 0.0448648 0.0474309 0.0192364 0.0248329 0.0286120 0.0264236 0.0291153 0.0307710 0.0431364 0.0397600 0.0317757 0.0493945 0.0482367 0.0291672 0.0795340 0.0281169 0.0356699 0.0509810 0.0457700 0.0249901 0.0277259 0.0216874 0.0565545 0.0293712 0.0552964 0.0526889 0.0455429 0.0466624 0.1213398 0.0464157 0.0560370 0.0530975 0.0391501 0.0390974 0.0503987 
I0205_1183_Tyrannidae_Hirundinea_ferruginea               0.0499475 0.0576830 0.0592271 0.0558077 0.0347768 0.0612531 0.0652904 0.0548125 0.0560506 0.0665404 0.0528979 0.0379639 0.0632373 0.0294391 0.0524227 0.0100810 0.0468832 0.0000000 0.0343720 0.0474309 0.0471642 0.0460609 0.0566113 0.0483169 0.0710217 0.0426288 0.0453940 0.0497512 0.0181116 0.0170502 0.0636577 0.0647180 0.0570137 0.0443443 0.0289624 0.0163887 0.0837130 0.0160909 0.0170335 0.0945961 0.0949447 0.0904694 0.0424577 0.0591665 0.0630035 0.0534547 0.0325382 0.0177033 0.0488290 0.0618875 0.0162103 0.0303592 0.0560614 0.0535332 0.0479677 0.0093768 0.0607705 0.0500568 0.0498612 0.0839082 0.0169807 0.0514948 0.0529031 0.0739783 0.0726718 0.0539314 0.0765065 0.0320314 0.0162185 0.0513107 0.0495393 0.0157951 0.0652541 0.0464714 0.0490067 0.0486562 0.0601723 0.0616018 0.0616818 0.0609325 0.0461491 0.0644602 0.0598929 0.0597945 0.0536582 0.0548123 0.0656061 0.0749722 0.0480449 0.0483148 0.0484199 0.0535849 0.0657367 0.0564132 0.0485782 0.0477193 0.0620701 0.0517641 0.0629479 0.0784779 0.0509194 0.0448135 0.0347367 0.0604478 0.0513019 0.0392790 0.0477815 0.0490617 0.0592645 0.0720699 0.0495778 0.0704719 0.0506195 0.0461818 0.0684003 0.0661568 0.0513237 0.0406444 0.0565247 0.0480241 0.0454219 0.0547168 0.0696725 0.0619550 0.0480545 0.0810374 0.0354511 0.0170567 0.0445489 0.0501888 0.0482834 0.0489663 0.0496398 0.0515301 0.0622446 0.0566543 0.0524937 0.0324437 0.0098684 0.0495444 0.0993767 0.0491338 0.0556103 0.0367885 0.0369010 0.0474867 0.0488713 0.0464685 0.0788191 0.0496418 0.0449698 0.0425116 0.0359042 0.0324173 0.1415544 0.0370784 0.0441794 0.0441860 0.0602100 0.0560152 0.0430689 
I0207_1193_Thamnophilidae_Thamnophilus_ruficapillus       0.0541616 0.0626208 0.0671689 0.0624028 0.0404273 0.0664420 0.0709747 0.0626495 0.0608088 0.0734761 0.0582388 0.0443955 0.0698643 0.0290810 0.0597810 0.0357923 0.0545677 0.0343720 0.0000000 0.0519224 0.0535777 0.0525915 0.0611727 0.0546284 0.0771707 0.0497516 0.0528946 0.0565235 0.0366020 0.0353947 0.0684166 0.0693368 0.0614218 0.0502949 0.0292152 0.0355599 0.0899836 0.0375808 0.0343491 0.0991461 0.1007496 0.0944327 0.0490741 0.0668296 0.0700563 0.0598816 0.0170505 0.0353922 0.0530909 0.0667862 0.0342090 0.0301848 0.0613101 0.0581555 0.0542979 0.0344149 0.0654795 0.0572000 0.0565877 0.0900884 0.0339034 0.0593320 0.0590611 0.0786109 0.0784807 0.0600142 0.0816583 0.0160266 0.0351331 0.0581217 0.0559373 0.0345224 0.0706278 0.0522733 0.0552876 0.0559778 0.0656606 0.0661799 0.0665931 0.0662640 0.0533957 0.0698300 0.0651749 0.0650441 0.0592032 0.0605147 0.0713161 0.0827294 0.0553493 0.0546779 0.0544089 0.0603648 0.0722637 0.0612926 0.0552134 0.0547414 0.0662337 0.0589070 0.0693404 0.0839265 0.0566719 0.0509928 0.0332294 0.0669591 0.0579676 0.0461244 0.0546565 0.0547065 0.0642036 0.0784173 0.0548396 0.0762658 0.0570087 0.0530786 0.0747903 0.0720200 0.0583868 0.0468899 0.0643459 0.0548588 0.0522922 0.0619068 0.0779015 0.0689355 0.0539367 0.0866928 0.0419392 0.0352160 0.0512036 0.0571658 0.0552506 0.0552401 0.0569360 0.0580429 0.0695589 0.0628197 0.0594561 0.0323888 0.0346349 0.0567898 0.1052891 0.0553626 0.0618056 0.0432137 0.0438215 0.0543528 0.0546142 0.0523648 0.0844092 0.0566796 0.0512364 0.0482225 0.0422876 0.0381940 0.1445666 0.0445256 0.0510899 0.0505972 0.0672658 0.0620370 0.0494120 
I0208_1208_Strigidae_Strix_varia                          0.0265456 0.0388213 0.0443359 0.0386745 0.0490458 0.0442438 0.0500634 0.0354662 0.0371151 0.0518726 0.0322034 0.0480101 0.0463819 0.0483182 0.0332102 0.0486052 0.0263957 0.0474309 0.0519224 0.0000000 0.0259550 0.0245388 0.0397668 0.0275158 0.0570373 0.0531435 0.0569186 0.0279344 0.0489295 0.0483278 0.0459567 0.0474006 0.0381552 0.0552454 0.0482811 0.0489528 0.0655135 0.0496401 0.0471569 0.0742478 0.0767490 0.0712358 0.0532533 0.0441142 0.0458413 0.0344475 0.0501212 0.0466056 0.0277602 0.0427059 0.0470233 0.0496859 0.0387021 0.0348678 0.0281076 0.0473310 0.0444097 0.0300806 0.0301742 0.0668460 0.0469179 0.0308014 0.0329124 0.0547153 0.0527424 0.0365806 0.0541025 0.0507448 0.0469035 0.0319769 0.0298134 0.0462000 0.0520634 0.0303895 0.0280237 0.0305128 0.0410873 0.0420448 0.0453296 0.0416834 0.0256098 0.0487822 0.0401141 0.0389836 0.0331687 0.0364797 0.0511373 0.0571855 0.0271388 0.0273355 0.0274682 0.0399922 0.0517981 0.0386565 0.0301083 0.0271136 0.0425263 0.0315906 0.0407044 0.0593111 0.0301642 0.0229138 0.0531061 0.0410412 0.0308835 0.0506600 0.0272339 0.0278315 0.0396706 0.0511693 0.0281932 0.0553990 0.0309883 0.0255988 0.0540555 0.0497121 0.0318003 0.0554141 0.0400393 0.0286115 0.0249822 0.0371205 0.0580976 0.0443771 0.0270522 0.0601940 0.0448106 0.0482722 0.0227716 0.0302752 0.0294841 0.0312221 0.0291307 0.0316495 0.0447657 0.0394551 0.0343893 0.0503286 0.0475123 0.0312443 0.0799609 0.0297963 0.0364134 0.0504329 0.0467982 0.0265312 0.0263970 0.0242097 0.0571876 0.0292501 0.0567623 0.0536578 0.0456550 0.0463377 0.1218034 0.0474060 0.0559747 0.0543230 0.0417485 0.0393013 0.0497894 
I0209_1223_Burhinidae_Burhinus_oedicnemus                 0.0262480 0.0411378 0.0436353 0.0362147 0.0493547 0.0449885 0.0503166 0.0344340 0.0380027 0.0520730 0.0300620 0.0485563 0.0481051 0.0487667 0.0290573 0.0502498 0.0237838 0.0471642 0.0535777 0.0259550 0.0000000 0.0219686 0.0395290 0.0222909 0.0568770 0.0532706 0.0564488 0.0286003 0.0494795 0.0490911 0.0453733 0.0469177 0.0394374 0.0555634 0.0479648 0.0480248 0.0639663 0.0498714 0.0476667 0.0739513 0.0752143 0.0706280 0.0531757 0.0445473 0.0467785 0.0337775 0.0509145 0.0480452 0.0243059 0.0442632 0.0462633 0.0497977 0.0387023 0.0320628 0.0254638 0.0486915 0.0419436 0.0298497 0.0285240 0.0649504 0.0483353 0.0287786 0.0327560 0.0544866 0.0519350 0.0343810 0.0518498 0.0519479 0.0481033 0.0305105 0.0300344 0.0469552 0.0517100 0.0305133 0.0266097 0.0249632 0.0414208 0.0440062 0.0447867 0.0418643 0.0231398 0.0483276 0.0378974 0.0394220 0.0325295 0.0365322 0.0508817 0.0569055 0.0204434 0.0272138 0.0239113 0.0389891 0.0494028 0.0361932 0.0296001 0.0206676 0.0433782 0.0295950 0.0390795 0.0584376 0.0278026 0.0203633 0.0541771 0.0408015 0.0280991 0.0508666 0.0240744 0.0276666 0.0415767 0.0485014 0.0255756 0.0563775 0.0257685 0.0222716 0.0555431 0.0502359 0.0296098 0.0546987 0.0358744 0.0263380 0.0219395 0.0369565 0.0559474 0.0453480 0.0238067 0.0583086 0.0453970 0.0472988 0.0192687 0.0271176 0.0286974 0.0286323 0.0287770 0.0297463 0.0429526 0.0395758 0.0300226 0.0495855 0.0484730 0.0264076 0.0779173 0.0271771 0.0374459 0.0497857 0.0467113 0.0240079 0.0271725 0.0221718 0.0558800 0.0286550 0.0564875 0.0526145 0.0455671 0.0471350 0.1213644 0.0474836 0.0565400 0.0543347 0.0370511 0.0388108 0.0514458 
I0210_1226_Ciconiidae_Ciconia_nigra                       0.0249568 0.0384010 0.0420671 0.0349500 0.0480634 0.0428660 0.0488958 0.0328288 0.0350708 0.0509590 0.0287224 0.0472927 0.0471909 0.0480295 0.0308512 0.0479302 0.0210732 0.0460609 0.0525915 0.0245388 0.0219686 0.0000000 0.0368879 0.0246042 0.0554931 0.0522234 0.0556318 0.0269460 0.0471915 0.0471861 0.0435000 0.0445654 0.0363492 0.0542657 0.0468544 0.0472447 0.0636354 0.0477811 0.0459154 0.0738051 0.0753648 0.0699117 0.0510135 0.0417679 0.0447614 0.0336920 0.0499882 0.0467394 0.0211419 0.0419318 0.0454689 0.0491454 0.0358215 0.0307228 0.0228832 0.0462243 0.0412095 0.0288344 0.0269735 0.0647898 0.0465897 0.0256924 0.0304321 0.0547588 0.0508455 0.0329596 0.0520628 0.0504277 0.0459448 0.0295269 0.0283431 0.0452651 0.0504067 0.0285101 0.0254625 0.0263688 0.0392426 0.0412747 0.0433548 0.0414267 0.0200531 0.0455656 0.0391112 0.0385053 0.0301052 0.0349382 0.0501723 0.0550759 0.0232808 0.0257310 0.0217306 0.0379048 0.0480252 0.0357388 0.0282988 0.0234826 0.0415778 0.0267682 0.0385695 0.0580661 0.0254593 0.0062947 0.0522857 0.0393325 0.0256928 0.0500616 0.0215142 0.0253636 0.0392155 0.0485696 0.0220984 0.0550236 0.0275599 0.0194268 0.0531188 0.0481673 0.0281646 0.0540689 0.0372597 0.0252775 0.0189755 0.0355095 0.0571337 0.0424877 0.0215129 0.0580157 0.0441727 0.0465291 0.0174968 0.0242122 0.0265311 0.0262585 0.0274467 0.0292734 0.0413897 0.0378005 0.0312198 0.0488525 0.0467328 0.0283430 0.0780392 0.0258948 0.0335716 0.0493498 0.0454612 0.0233120 0.0254692 0.0196115 0.0557772 0.0276609 0.0551106 0.0510095 0.0448737 0.0456021 0.1213277 0.0460580 0.0546722 0.0522179 0.0387498 0.0377930 0.0495393 
I0211_1232_Columbidae_Columba_livia                       0.0419246 0.0523733 0.0559704 0.0479077 0.0570696 0.0566429 0.0595890 0.0479112 0.0192762 0.0619798 0.0438384 0.0583644 0.0611744 0.0571432 0.0442735 0.0583746 0.0383466 0.0566113 0.0611727 0.0397668 0.0395290 0.0368879 0.0000000 0.0406383 0.0669026 0.0629031 0.0658260 0.0421716 0.0568299 0.0567921 0.0562463 0.0570402 0.0147838 0.0639505 0.0565904 0.0570874 0.0744600 0.0575006 0.0555007 0.0858876 0.0874826 0.0824372 0.0625191 0.0557431 0.0562824 0.0479037 0.0592716 0.0562225 0.0411352 0.0567960 0.0556664 0.0579503 0.0201977 0.0463535 0.0410991 0.0559244 0.0542869 0.0441056 0.0424068 0.0756862 0.0561230 0.0433627 0.0455669 0.0660621 0.0631629 0.0484776 0.0675635 0.0593473 0.0563941 0.0450662 0.0432301 0.0555405 0.0628150 0.0194897 0.0415373 0.0431554 0.0544235 0.0547401 0.0563341 0.0542938 0.0388312 0.0579731 0.0534838 0.0528189 0.0448587 0.0493929 0.0617973 0.0674928 0.0397069 0.0415155 0.0389524 0.0508847 0.0612479 0.0483415 0.0441705 0.0404061 0.0559445 0.0443126 0.0538544 0.0692142 0.0428328 0.0353770 0.0609102 0.0541720 0.0432607 0.0602430 0.0389984 0.0418138 0.0529261 0.0635085 0.0411823 0.0661081 0.0434744 0.0373475 0.0643354 0.0604838 0.0437508 0.0620032 0.0513603 0.0416509 0.0368175 0.0498727 0.0683709 0.0568602 0.0394112 0.0727632 0.0555099 0.0564682 0.0354277 0.0420723 0.0423944 0.0435808 0.0432807 0.0434680 0.0542812 0.0511845 0.0452714 0.0574411 0.0565994 0.0428500 0.0908754 0.0421569 0.0182764 0.0587182 0.0561682 0.0400709 0.0415483 0.0383347 0.0707467 0.0432734 0.0646883 0.0620905 0.0555559 0.0554038 0.1324941 0.0568010 0.0649144 0.0626819 0.0522732 0.0521824 0.0573618 
