37
Burramyidae_Burramys_parvus                  0.0000000 0.0667514 0.0265014 0.0377270 0.0381177 0.0415589 0.0179960 0.0197030 0.0263448 0.0811397 0.0179242 0.0438952 0.0454271 0.0196161 0.0495233 0.0421775 0.0450017 0.0811826 0.0345790 0.0452100 0.1005822 0.0533816 0.0433756 0.0311991 0.0496456 0.0321948 0.0327826 0.0227350 0.0558622 0.0282720 0.0195581 0.0736566 0.0416219 0.0825125 0.0197250 0.0089393 0.0089393 
Notoryctidae_Notoryctes_typhlops             0.0667514 0.0000000 0.0699196 0.0876233 0.0902052 0.0842894 0.0640930 0.0671669 0.0765034 0.1279031 0.0590414 0.0867892 0.0927307 0.0668278 0.0937117 0.0843608 0.0938301 0.1240703 0.0841479 0.0898630 0.1327185 0.0958089 0.0861814 0.0833894 0.0790809 0.0965648 0.0899878 0.0739475 0.1229898 0.0862795 0.0652278 0.1182478 0.0835458 0.1279945 0.0637293 9.0000000 9.0000000 
Vombatidae_Lasiorhinus_latifrons             0.0265014 0.0699196 0.0000000 0.0376082 0.0375449 0.0410287 0.0223630 0.0262924 0.0292267 0.0843180 0.0217696 0.0432159 0.0423107 0.0254483 0.0487245 0.0424163 0.0443135 0.0834492 0.0366979 0.0518620 0.0950317 0.0531715 0.0413507 0.0346991 0.0456056 0.0362900 0.0376085 0.0266117 0.0570866 0.0326516 0.0247635 0.0759739 0.0410700 0.0859360 0.0213791 0.0136316 0.0136316 
Potoroidae_Bettongia_penicillata             0.0377270 0.0876233 0.0376082 0.0000000 0.0019843 0.0603232 0.0294526 0.0327039 0.0026401 0.0969699 0.0274551 0.0653632 0.0632746 0.0317786 0.0725084 0.0596494 0.0629101 0.0958938 0.0153204 0.0656706 0.1171267 0.0715432 0.0624361 0.0211924 0.0643209 0.0452288 0.0166362 0.0368004 0.0707938 0.0415230 0.0305317 0.0927556 0.0604672 0.0992050 0.0227395 0.0116291 0.0116291 
Potoroidae_Bettongia_lesueur                 0.0381177 0.0902052 0.0375449 0.0019843 0.0000000 0.0623152 0.0308975 0.0334501 0.0031611 0.0998029 0.0288222 0.0673754 0.0638654 0.0321256 0.0745947 0.0615922 0.0636594 0.0994570 0.0155453 0.0669971 0.1170545 0.0721709 0.0644081 0.0219951 0.0657252 0.0457515 0.0163610 0.0372750 0.0715312 0.0424779 0.0308497 0.0943729 0.0624121 0.1021072 0.0230578 0.0106946 0.0106946 
Dasyuridae_Dasyurus_maculatus                0.0415589 0.0842894 0.0410287 0.0603232 0.0623152 0.0000000 0.0338658 0.0370848 0.0344185 0.0913981 0.0323251 0.0055383 0.0074238 0.0374102 0.0065472 0.0015424 0.0071633 0.0883659 0.0626121 0.0722061 0.1152996 0.0714673 0.0048919 0.0537112 0.0599021 0.0600990 0.0640086 0.0507566 0.0911244 0.0481469 0.0363952 0.0788789 0.0008305 0.0923187 0.0365614 0.0135331 0.0135331 
Phalangeridae_Trichosurus_vulpecula          0.0179960 0.0640930 0.0223630 0.0294526 0.0308975 0.0338658 0.0000000 0.0075986 0.0234694 0.0783934 0.0056707 0.0337322 0.0366772 0.0074442 0.0381039 0.0333536 0.0384095 0.0726221 0.0288439 0.0428638 0.0951687 0.0497780 0.0351827 0.0257543 0.0487768 0.0269129 0.0290489 0.0193718 0.0485798 0.0237988 0.0065593 0.0683074 0.0339330 0.0796364 0.0170094 0.0073161 0.0073161 
Phalangeridae_Spilocuscus_maculatus          0.0197030 0.0671669 0.0262924 0.0327039 0.0334501 0.0370848 0.0075986 0.0000000 0.0263236 0.0779033 0.0033892 0.0391936 0.0395502 0.0047397 0.0441801 0.0360890 0.0406844 0.0752535 0.0302053 0.0479669 0.0941905 0.0545280 0.0376339 0.0263954 0.0502730 0.0314160 0.0305595 0.0252232 0.0522947 0.0279409 0.0039379 0.0693988 0.0371384 0.0794598 0.0213005 0.0097249 0.0097249 
Potoroidae_Aepyprymnus_rufescens             0.0263448 0.0765034 0.0292267 0.0026401 0.0031611 0.0344185 0.0234694 0.0263236 0.0000000 0.0779347 0.0219778 0.0360161 0.0385684 0.0243486 0.0408169 0.0341292 0.0355249 0.0768086 0.0140263 0.0425569 0.1105627 0.0395454 0.0350635 0.0164221 0.0476017 0.0338724 0.0152160 0.0237282 0.0561095 0.0314939 0.0234839 0.0633700 0.0356655 0.0836450 0.0124059 0.0107398 0.0107398 
Peramelidae_Perameles_nasuta                 0.0811397 0.1279031 0.0843180 0.0969699 0.0998029 0.0913981 0.0783934 0.0779033 0.0779347 0.0000000 0.0718583 0.0960559 0.0936775 0.0801230 0.1013150 0.0914959 0.0917692 0.0081298 0.0945149 0.1095484 0.1640489 0.1169655 0.0911637 0.0939480 0.1026516 0.1014502 0.0992237 0.0922584 0.1196501 0.1010788 0.0784342 0.0082292 0.0907175 0.0009921 0.0875130 0.0024524 0.0024524 
Phalangeridae_Strigocuscus_pelengensis       0.0179242 0.0590414 0.0217696 0.0274551 0.0288222 0.0323251 0.0056707 0.0033892 0.0219778 0.0718583 0.0000000 0.0342430 0.0350419 0.0030859 0.0387887 0.0327823 0.0352301 0.0686134 0.0281727 0.0421509 0.0903423 0.0503562 0.0330629 0.0238795 0.0447953 0.0290407 0.0271879 0.0209058 0.0467235 0.0244765 0.0023163 0.0639083 0.0323710 0.0726677 0.0192317 0.0085476 0.0085476 
Dasyuridae_Phascogale_tapoatafa              0.0438952 0.0867892 0.0432159 0.0653632 0.0673754 0.0055383 0.0337322 0.0391936 0.0360161 0.0960559 0.0342430 0.0000000 0.0090365 0.0395803 0.0015420 0.0053797 0.0088321 0.0932033 0.0676684 0.0734074 0.1171704 0.0739755 0.0031756 0.0573171 0.0644181 0.0653006 0.0669379 0.0520532 0.0983392 0.0502229 0.0384862 0.0833936 0.0048878 0.0972068 0.0380166 0.0125191 0.0125191 
Dasyuridae_Sminthopsis_macroura              0.0454271 0.0927307 0.0423107 0.0632746 0.0638654 0.0074238 0.0366772 0.0395502 0.0385684 0.0936775 0.0350419 0.0090365 0.0000000 0.0399799 0.0099849 0.0079698 0.0061375 0.0934699 0.0656684 0.0759864 0.1198082 0.0772657 0.0077732 0.0583770 0.0622011 0.0659647 0.0664423 0.0535543 0.0933952 0.0511499 0.0398258 0.0850124 0.0074310 0.0946314 0.0373795 0.0145994 0.0145994 
Phalangeridae_Phalanger_orientalis           0.0196161 0.0668278 0.0254483 0.0317786 0.0321256 0.0374102 0.0074442 0.0047397 0.0243486 0.0801230 0.0030859 0.0395803 0.0399799 0.0000000 0.0446670 0.0373053 0.0400697 0.0778363 0.0312751 0.0475370 0.0954499 0.0536342 0.0370361 0.0264135 0.0493784 0.0321650 0.0306899 0.0230081 0.0517413 0.0267643 0.0009725 0.0707213 0.0374451 0.0812946 0.0217700 0.0090122 0.0090122 
Dasyuridae_Phascogale_calura                 0.0495233 0.0937117 0.0487245 0.0725084 0.0745947 0.0065472 0.0381039 0.0441801 0.0408169 0.1013150 0.0387887 0.0015420 0.0099849 0.0446670 0.0000000 0.0063840 0.0102082 0.0976756 0.0736864 0.0800319 0.1216230 0.0812274 0.0045837 0.0626566 0.0701731 0.0725655 0.0708778 0.0583815 0.1042911 0.0564756 0.0434316 0.0888415 0.0058751 0.1031165 0.0436216 0.0125191 0.0125191 
Dasyuridae_Sarcophilus_harrisii              0.0421775 0.0843608 0.0424163 0.0596494 0.0615922 0.0015424 0.0333536 0.0360890 0.0341292 0.0914959 0.0327823 0.0053797 0.0079698 0.0373053 0.0063840 0.0000000 0.0073505 0.0892053 0.0605390 0.0702784 0.1161308 0.0736559 0.0047336 0.0530031 0.0597405 0.0607967 0.0626449 0.0502887 0.0921034 0.0480165 0.0358449 0.0789079 0.0009726 0.0932490 0.0360636 0.0135331 0.0135331 
Dasyuridae_Planigale_tenuirostris            0.0450017 0.0938301 0.0443135 0.0629101 0.0636594 0.0071633 0.0384095 0.0406844 0.0355249 0.0917692 0.0352301 0.0088321 0.0061375 0.0400697 0.0102082 0.0073505 0.0000000 0.0926195 0.0645994 0.0798273 0.1241637 0.0819111 0.0073531 0.0597167 0.0660703 0.0675417 0.0643283 0.0524272 0.0924770 0.0535217 0.0399354 0.0809276 0.0068107 0.0923396 0.0407146 0.0122327 0.0122327 
Peramelidae_Echymipera_kalubu                0.0811826 0.1240703 0.0834492 0.0958938 0.0994570 0.0883659 0.0726221 0.0752535 0.0768086 0.0081298 0.0686134 0.0932033 0.0934699 0.0778363 0.0976756 0.0892053 0.0926195 0.0000000 0.0966971 0.1121070 0.1596333 0.1124830 0.0899592 0.0951100 0.0969624 0.1026742 0.1007009 0.0887381 0.1219021 0.0977063 0.0746317 0.0062014 0.0877500 0.0083042 0.0850267 0.0037853 0.0037853 
Macropodidae_Dorcopsulus_vanheurni           0.0345790 0.0841479 0.0366979 0.0153204 0.0155453 0.0626121 0.0288439 0.0302053 0.0140263 0.0945149 0.0281727 0.0676684 0.0656684 0.0312751 0.0736864 0.0605390 0.0645994 0.0966971 0.0000000 0.0659659 0.1185760 0.0731628 0.0631582 0.0209636 0.0714659 0.0477841 0.0078846 0.0389866 0.0727531 0.0454498 0.0296061 0.0949347 0.0627129 0.0977805 0.0276301 0.0147827 0.0147827 
Pseudochiridae_Pseudochirulus_forbesi        0.0452100 0.0898630 0.0518620 0.0656706 0.0669971 0.0722061 0.0428638 0.0479669 0.0425569 0.1095484 0.0421509 0.0734074 0.0759864 0.0475370 0.0800319 0.0702784 0.0798273 0.1121070 0.0659659 0.0000000 0.1353655 0.0908203 0.0666159 0.0575840 0.0697486 0.0416963 0.0675850 0.0195254 0.0884300 0.0517680 0.0462402 0.1066469 0.0707865 0.1137336 0.0422507 9.0000000 9.0000000 
Didelphidae_Didelphis_virginiana             0.1005822 0.1327185 0.0950317 0.1171267 0.1170545 0.1152996 0.0951687 0.0941905 0.1105627 0.1640489 0.0903423 0.1171704 0.1198082 0.0954499 0.1216230 0.1161308 0.1241637 0.1596333 0.1185760 0.1353655 0.0000000 0.0315884 0.1168407 0.1156869 0.1243432 0.1216263 0.1247904 0.0933277 0.1386483 0.1159697 0.0943981 0.1532104 0.1138640 0.1646772 0.1093186 0.0158202 0.0158202 
Marmosidae_Monodelphis_domestica             0.0533816 0.0958089 0.0531715 0.0715432 0.0721709 0.0714673 0.0497780 0.0545280 0.0395454 0.1169655 0.0503562 0.0739755 0.0772657 0.0536342 0.0812274 0.0736559 0.0819111 0.1124830 0.0731628 0.0908203 0.0315884 0.0000000 0.0736232 0.0701447 0.0786377 0.0769967 0.0753450 0.0635664 0.0979599 0.0725674 0.0527874 0.1081482 0.0715718 0.1168010 0.0561673 0.0157452 0.0157452 
Dasyuridae_Antechinus_stuartii               0.0433756 0.0861814 0.0413507 0.0624361 0.0644081 0.0048919 0.0351827 0.0376339 0.0350635 0.0911637 0.0330629 0.0031756 0.0077732 0.0370361 0.0045837 0.0047336 0.0073531 0.0899592 0.0631582 0.0666159 0.1168407 0.0736232 0.0000000 0.0544584 0.0617934 0.0580939 0.0630587 0.0487668 0.0909867 0.0499210 0.0369388 0.0799820 0.0042528 0.0924940 0.0363466 0.0126451 0.0126451 
Hypsiprymnodontidae_Hypsiprymnodon_moschatus 0.0311991 0.0833894 0.0346991 0.0211924 0.0219951 0.0537112 0.0257543 0.0263954 0.0164221 0.0939480 0.0238795 0.0573171 0.0583770 0.0264135 0.0626566 0.0530031 0.0597167 0.0951100 0.0209636 0.0575840 0.1156869 0.0701447 0.0544584 0.0000000 0.0578845 0.0463588 0.0203460 0.0353378 0.0739365 0.0386406 0.0253543 0.0909228 0.0537949 0.0970866 0.0277904 0.0144446 0.0144446 
Microbiotheriidae_Dromiciops_gliroides       0.0496456 0.0790809 0.0456056 0.0643209 0.0657252 0.0599021 0.0487768 0.0502730 0.0476017 0.1026516 0.0447953 0.0644181 0.0622011 0.0493784 0.0701731 0.0597405 0.0660703 0.0969624 0.0714659 0.0697486 0.1243432 0.0786377 0.0617934 0.0578845 0.0000000 0.0676312 0.0702374 0.0585727 0.1003280 0.0612731 0.0474540 0.0932003 0.0585480 0.1024153 0.0425170 9.0000000 9.0000000 
Pseudochiridae_Petauroides_volans            0.0321948 0.0965648 0.0362900 0.0452288 0.0457515 0.0600990 0.0269129 0.0314160 0.0338724 0.1014502 0.0290407 0.0653006 0.0659647 0.0321650 0.0725655 0.0607967 0.0675417 0.1026742 0.0477841 0.0416963 0.1216263 0.0769967 0.0580939 0.0463588 0.0676312 0.0000000 0.0468584 0.0183289 0.0539301 0.0405026 0.0308884 0.0959290 0.0595853 0.1043103 0.0198356 0.0107113 0.0107113 
Macropodidae_Wallabia_bicolor                0.0327826 0.0899878 0.0376085 0.0166362 0.0163610 0.0640086 0.0290489 0.0305595 0.0152160 0.0992237 0.0271879 0.0669379 0.0664423 0.0306899 0.0708778 0.0626449 0.0643283 0.1007009 0.0078846 0.0675850 0.1247904 0.0753450 0.0630587 0.0203460 0.0702374 0.0468584 0.0000000 0.0399622 0.0751456 0.0448015 0.0290427 0.0969540 0.0640473 0.1026664 0.0257518 0.0147829 0.0147829 
Pseudochiridae_Pseudocheirus_occidentalis    0.0227350 0.0739475 0.0266117 0.0368004 0.0372750 0.0507566 0.0193718 0.0252232 0.0237282 0.0922584 0.0209058 0.0520532 0.0535543 0.0230081 0.0583815 0.0502887 0.0524272 0.0887381 0.0389866 0.0195254 0.0933277 0.0635664 0.0487668 0.0353378 0.0585727 0.0183289 0.0399622 0.0000000 0.0526766 0.0273347 0.0225904 0.0818984 0.0495294 0.0925696 0.0199059 0.0115452 0.0115452 
Tarsipedidae_Tarsipes_rostratus              0.0558622 0.1229898 0.0570866 0.0707938 0.0715312 0.0911244 0.0485798 0.0522947 0.0561095 0.1196501 0.0467235 0.0983392 0.0933952 0.0517413 0.1042911 0.0921034 0.0924770 0.1219021 0.0727531 0.0884300 0.1386483 0.0979599 0.0909867 0.0739365 0.1003280 0.0539301 0.0751456 0.0526766 0.0000000 0.0643594 0.0497646 0.1147178 0.0913146 0.1216777 0.0325734 0.0114514 0.0114514 
Acrobatidae_Distoechurus_pennatus            0.0282720 0.0862795 0.0326516 0.0415230 0.0424779 0.0481469 0.0237988 0.0279409 0.0314939 0.1010788 0.0244765 0.0502229 0.0511499 0.0267643 0.0564756 0.0480165 0.0535217 0.0977063 0.0454498 0.0517680 0.1159697 0.0725674 0.0499210 0.0386406 0.0612731 0.0405026 0.0448015 0.0273347 0.0643594 0.0000000 0.0260065 0.0921334 0.0470800 0.1010993 0.0119001 0.0170900 0.0170900 
Phalangeridae_Phalanger_carmelitae           0.0195581 0.0652278 0.0247635 0.0305317 0.0308497 0.0363952 0.0065593 0.0039379 0.0234839 0.0784342 0.0023163 0.0384862 0.0398258 0.0009725 0.0434316 0.0358449 0.0399354 0.0746317 0.0296061 0.0462402 0.0943981 0.0527874 0.0369388 0.0253543 0.0474540 0.0308884 0.0290427 0.0225904 0.0497646 0.0260065 0.0000000 0.0674667 0.0364478 0.0796340 0.0207004 0.0089393 0.0089393 
Peramelidae_Peroryctes_raffrayana            0.0736566 0.1182478 0.0759739 0.0927556 0.0943729 0.0788789 0.0683074 0.0693988 0.0633700 0.0082292 0.0639083 0.0833936 0.0850124 0.0707213 0.0888415 0.0789079 0.0809276 0.0062014 0.0949347 0.1066469 0.1532104 0.1081482 0.0799820 0.0909228 0.0932003 0.0959290 0.0969540 0.0818984 0.1147178 0.0921334 0.0674667 0.0000000 0.0782327 0.0084276 0.0756991 0.0037693 0.0037693 
Dasyuridae_Dasyurus_geffroii                 0.0416219 0.0835458 0.0410700 0.0604672 0.0624121 0.0008305 0.0339330 0.0371384 0.0356655 0.0907175 0.0323710 0.0048878 0.0074310 0.0374451 0.0058751 0.0009726 0.0068107 0.0877500 0.0627129 0.0707865 0.1138640 0.0715718 0.0042528 0.0537949 0.0585480 0.0595853 0.0640473 0.0495294 0.0913146 0.0470800 0.0364478 0.0782327 0.0000000 0.0917803 0.0350162 0.0135941 0.0135941 
Peramelidae_Perameles_gunnii                 0.0825125 0.1279945 0.0859360 0.0992050 0.1021072 0.0923187 0.0796364 0.0794598 0.0836450 0.0009921 0.0726677 0.0972068 0.0946314 0.0812946 0.1031165 0.0932490 0.0923396 0.0083042 0.0977805 0.1137336 0.1646772 0.1168010 0.0924940 0.0970866 0.1024153 0.1043103 0.1026664 0.0925696 0.1216777 0.1010993 0.0796340 0.0084276 0.0917803 0.0000000 0.0886666 0.0024524 0.0024524 
Acrobatidae_Acrobates_pygmaeus               0.0197250 0.0637293 0.0213791 0.0227395 0.0230578 0.0365614 0.0170094 0.0213005 0.0124059 0.0875130 0.0192317 0.0380166 0.0373795 0.0217700 0.0436216 0.0360636 0.0407146 0.0850267 0.0276301 0.0422507 0.1093186 0.0561673 0.0363466 0.0277904 0.0425170 0.0198356 0.0257518 0.0199059 0.0325734 0.0119001 0.0207004 0.0756991 0.0350162 0.0886666 0.0000000 0.0158758 0.0158758 
Thylacomyidae_Macrotis_lagotis1              0.0089393 9.0000000 0.0136316 0.0116291 0.0106946 0.0135331 0.0073161 0.0097249 0.0107398 0.0024524 0.0085476 0.0125191 0.0145994 0.0090122 0.0125191 0.0135331 0.0122327 0.0037853 0.0147827 9.0000000 0.0158202 0.0157452 0.0126451 0.0144446 9.0000000 0.0107113 0.0147829 0.0115452 0.0114514 0.0170900 0.0089393 0.0037693 0.0135941 0.0024524 0.0158758 0.0000000 0.0000010 
Thylacomyidae_Macrotis_lagotis2              0.0089393 9.0000000 0.0136316 0.0116291 0.0106946 0.0135331 0.0073161 0.0097249 0.0107398 0.0024524 0.0085476 0.0125191 0.0145994 0.0090122 0.0125191 0.0135331 0.0122327 0.0037853 0.0147827 9.0000000 0.0158202 0.0157452 0.0126451 0.0144446 9.0000000 0.0107113 0.0147829 0.0115452 0.0114514 0.0170900 0.0089393 0.0037693 0.0135941 0.0024524 0.0158758 0.0000010 0.0000000 
