35
Burramyidae_Burramys_parvus                  0.0000000 0.1052330 0.0777846 0.0803045 0.0789260 0.1180095 0.0690449 0.0711911 0.0776992 0.1375164 0.0722480 0.1213308 0.1189382 0.0705867 0.0750928 0.1210652 0.1193907 0.1227522 0.1390754 0.0825088 0.0930868 0.1660948 0.1608306 0.1168585 0.0819424 0.0821480 0.0824626 0.0915684 0.0868876 0.0984346 0.0809067 0.0688234 0.1531981 0.1211361 0.1364177 
Notoryctidae_Notoryctes_typhlops             0.1052330 0.0000000 0.1108503 0.1171130 0.1177159 0.1219438 0.1072704 0.1063981 0.1189749 0.1504308 0.1014733 0.1254840 0.1241861 0.1062535 0.1205348 0.1243273 0.1219031 0.1228350 0.1537593 0.1268625 0.1268477 0.1819858 0.1723206 0.1213444 0.1187392 0.1059158 0.1162817 0.1373472 0.1198394 0.1561691 0.1195561 0.1055133 0.1648754 0.1232288 0.1487560 
Vombatidae_Lasiorhinus_latifrons             0.0777846 0.1108503 0.0000000 0.0971342 0.0957095 0.1206097 0.0804333 0.0817593 0.0940111 0.1515260 0.0807733 0.1262302 0.1199034 0.0833815 0.0931295 0.1252246 0.1257151 0.1281567 0.1490722 0.0992762 0.1000727 0.1731897 0.1636623 0.1215678 0.0913107 0.0986581 0.0937116 0.1079990 0.0913851 0.1261853 0.0965590 0.0808688 0.1683239 0.1237038 0.1481268 
Potoroidae_Bettongia_penicillata             0.0803045 0.1171130 0.0971342 0.0000000 0.0079898 0.1229870 0.0827348 0.0902089 0.0259452 0.1494701 0.0878917 0.1243812 0.1240271 0.0871333 0.0852482 0.1239086 0.1259349 0.1235581 0.1466881 0.0410218 0.0996975 0.1796306 0.1782593 0.1186233 0.0588197 0.1028352 0.0955775 0.0542771 0.0898422 0.1147580 0.0846460 0.0865114 0.1643316 0.1235003 0.1469025 
Potoroidae_Bettongia_lesueur                 0.0789260 0.1177159 0.0957095 0.0079898 0.0000000 0.1200657 0.0806987 0.0887503 0.0243513 0.1459614 0.0858066 0.1207732 0.1224401 0.0850971 0.0838504 0.1203002 0.1229789 0.1209791 0.1448487 0.0382626 0.0958260 0.1741490 0.1747252 0.1169994 0.0558772 0.1006787 0.0927811 0.0524522 0.0872420 0.1125434 0.0808126 0.0844805 0.1590928 0.1205632 0.1441974 
Dasyuridae_Dasyurus_maculatus                0.1180095 0.1219438 0.1206097 0.1229870 0.1200657 0.0000000 0.1110292 0.1172499 0.1181378 0.1521013 0.1136794 0.0264823 0.0361707 0.1157836 0.1216197 0.0244993 0.0093521 0.0382238 0.1492427 0.1258668 0.1363122 0.1908316 0.1828754 0.0206550 0.1203490 0.1139168 0.1352109 0.1351923 0.1282230 0.1541792 0.1331037 0.1138668 0.1623319 0.0070030 0.1491785 
Phalangeridae_Trichosurus_vulpecula          0.0690449 0.1072704 0.0804333 0.0827348 0.0806987 0.1110292 0.0000000 0.0264250 0.0811151 0.1355868 0.0274918 0.1150268 0.1121494 0.0264167 0.0774799 0.1138908 0.1135598 0.1136991 0.1286652 0.0854367 0.0911343 0.1696908 0.1634888 0.1101332 0.0840273 0.0914860 0.0873604 0.0922257 0.0848948 0.1098783 0.0845705 0.0248765 0.1503683 0.1135155 0.1321553 
Phalangeridae_Spilocuscus_maculatus          0.0711911 0.1063981 0.0817593 0.0902089 0.0887503 0.1172499 0.0264250 0.0000000 0.0867461 0.1350084 0.0198275 0.1187739 0.1164762 0.0140879 0.0789370 0.1175555 0.1172164 0.1190334 0.1364926 0.0942000 0.0971796 0.1660252 0.1624813 0.1139186 0.0842562 0.0923125 0.0916802 0.0985863 0.0908454 0.1102624 0.0841360 0.0135971 0.1562633 0.1191021 0.1330819 
Potoroidae_Aepyprymnus_rufescens             0.0776992 0.1189749 0.0940111 0.0259452 0.0243513 0.1181378 0.0811151 0.0867461 0.0000000 0.1416484 0.0844352 0.1190996 0.1193224 0.0825184 0.0819625 0.1186251 0.1182138 0.1197808 0.1392460 0.0406218 0.0990369 0.1747875 0.1739739 0.1168165 0.0563148 0.0989754 0.0927751 0.0455759 0.0923037 0.1116949 0.0831404 0.0819038 0.1579228 0.1186303 0.1386323 
Peramelidae_Perameles_nasuta                 0.1375164 0.1504308 0.1515260 0.1494701 0.1459614 0.1521013 0.1355868 0.1350084 0.1416484 0.0000000 0.1394211 0.1539968 0.1584435 0.1374265 0.1401598 0.1542840 0.1462006 0.1572057 0.0208453 0.1444414 0.1662574 0.2090484 0.2042523 0.1473280 0.1399236 0.1392152 0.1542664 0.1556485 0.1593310 0.1678679 0.1460007 0.1373172 0.0301143 0.1519433 0.0004828 
Phalangeridae_Strigocuscus_pelengensis       0.0722480 0.1014733 0.0807733 0.0878917 0.0858066 0.1136794 0.0274918 0.0198275 0.0844352 0.1394211 0.0000000 0.1149173 0.1141333 0.0173646 0.0794967 0.1145587 0.1149138 0.1149480 0.1369903 0.0899673 0.0962363 0.1665391 0.1624388 0.1095279 0.0823595 0.0929602 0.0926164 0.0956300 0.0865810 0.1144523 0.0842979 0.0163645 0.1580828 0.1154154 0.1365283 
Dasyuridae_Phascogale_tapoatafa              0.1213308 0.1254840 0.1262302 0.1243812 0.1207732 0.0264823 0.1150268 0.1187739 0.1190996 0.1539968 0.1149173 0.0000000 0.0403312 0.1146680 0.1201591 0.0074993 0.0249762 0.0398334 0.1528807 0.1229862 0.1427883 0.1920613 0.1846965 0.0192161 0.1219378 0.1193186 0.1381734 0.1330252 0.1364320 0.1523690 0.1312258 0.1121032 0.1622230 0.0261010 0.1488487 
Dasyuridae_Sminthopsis_macroura              0.1189382 0.1241861 0.1199034 0.1240271 0.1224401 0.0361707 0.1121494 0.1164762 0.1193224 0.1584435 0.1141333 0.0403312 0.0000000 0.1150151 0.1241839 0.0393075 0.0341307 0.0271040 0.1571771 0.1266650 0.1395202 0.1809669 0.1815409 0.0359118 0.1257223 0.1170770 0.1381244 0.1341865 0.1348073 0.1609413 0.1304003 0.1117909 0.1672713 0.0379159 0.1538125 
Phalangeridae_Phalanger_orientalis           0.0705867 0.1062535 0.0833815 0.0871333 0.0850971 0.1157836 0.0264167 0.0140879 0.0825184 0.1374265 0.0173646 0.1146680 0.1150151 0.0000000 0.0775892 0.1147004 0.1151035 0.1155181 0.1345811 0.0898791 0.0951485 0.1689564 0.1635705 0.1118106 0.0811610 0.0929331 0.0910088 0.0961566 0.0876627 0.1137389 0.0816681 0.0064938 0.1540916 0.1176197 0.1345711 
Acrobatidae_Acrobates_pygmaeus               0.0750928 0.1205348 0.0931295 0.0852482 0.0838504 0.1216197 0.0774799 0.0789370 0.0819625 0.1401598 0.0794967 0.1201591 0.1241839 0.0775892 0.0000000 0.1202933 0.1208605 0.1300648 0.1374387 0.0879663 0.0944332 0.1787357 0.1691214 0.1201174 0.0809973 0.0941972 0.0827940 0.0965875 0.0852427 0.1084752 0.0471674 0.0769695 0.1548648 0.1209690 0.1387284 
Dasyuridae_Phascogale_calura                 0.1210652 0.1243273 0.1252246 0.1239086 0.1203002 0.0244993 0.1138908 0.1175555 0.1186251 0.1542840 0.1145587 0.0074993 0.0393075 0.1147004 0.1202933 0.0000000 0.0239907 0.0387701 0.1534528 0.1238630 0.1430691 0.1955720 0.1864899 0.0172456 0.1214679 0.1174641 0.1378880 0.1331281 0.1365469 0.1526224 0.1311970 0.1121342 0.1621076 0.0241316 0.1493228 
Dasyuridae_Sarcophilus_harrisii              0.1193907 0.1219031 0.1257151 0.1259349 0.1229789 0.0093521 0.1135598 0.1172164 0.1182138 0.1462006 0.1149138 0.0249762 0.0341307 0.1151035 0.1208605 0.0239907 0.0000000 0.0348703 0.1502186 0.1246597 0.1402857 0.1920269 0.1821992 0.0206477 0.1217771 0.1151662 0.1357669 0.1345857 0.1309498 0.1483564 0.1323842 0.1131901 0.1590791 0.0108070 0.1434891 
Dasyuridae_Planigale_tenuirostris            0.1227522 0.1228350 0.1281567 0.1235581 0.1209791 0.0382238 0.1136991 0.1190334 0.1197808 0.1572057 0.1149480 0.0398334 0.0271040 0.1155181 0.1300648 0.0387701 0.0348703 0.0000000 0.1607377 0.1255869 0.1456925 0.1890256 0.1819205 0.0370760 0.1246103 0.1218877 0.1399087 0.1280367 0.1366157 0.1526435 0.1321984 0.1139156 0.1676087 0.0389418 0.1557239 
Peramelidae_Echymipera_kalubu                0.1390754 0.1537593 0.1490722 0.1466881 0.1448487 0.1492427 0.1286652 0.1364926 0.1392460 0.0208453 0.1369903 0.1528807 0.1571771 0.1345811 0.1374387 0.1534528 0.1502186 0.1607377 0.0000000 0.1441864 0.1636477 0.2175185 0.2089854 0.1469663 0.1419832 0.1409432 0.1532277 0.1552623 0.1559352 0.1770576 0.1476120 0.1344782 0.0280408 0.1516426 0.0197905 
Macropodidae_Dorcopsulus_vanheurni           0.0825088 0.1268625 0.0992762 0.0410218 0.0382626 0.1258668 0.0854367 0.0942000 0.0406218 0.1444414 0.0899673 0.1229862 0.1266650 0.0898791 0.0879663 0.1238630 0.1246597 0.1255869 0.1441864 0.0000000 0.1022159 0.1919527 0.1760909 0.1216851 0.0657339 0.1046357 0.0974497 0.0409823 0.0928874 0.1158174 0.0878587 0.0892510 0.1612019 0.1263973 0.1430591 
Pseudochiridae_Pseudochirulus_forbesi        0.0930868 0.1268477 0.1000727 0.0996975 0.0958260 0.1363122 0.0911343 0.0971796 0.0990369 0.1662574 0.0962363 0.1427883 0.1395202 0.0951485 0.0944332 0.1430691 0.1402857 0.1456925 0.1636477 0.1022159 0.0000000 0.1969061 0.1840316 0.1379023 0.1042048 0.1153231 0.0632558 0.1139006 0.0313681 0.1195271 0.0937365 0.0975655 0.1809590 0.1360577 0.1637893 
Didelphidae_Didelphis_virginiana             0.1660948 0.1819858 0.1731897 0.1796306 0.1741490 0.1908316 0.1696908 0.1660252 0.1747875 0.2090484 0.1665391 0.1920613 0.1809669 0.1689564 0.1787357 0.1955720 0.1920269 0.1890256 0.2175185 0.1919527 0.1969061 0.0000000 0.0744805 0.1916173 0.1760725 0.1706459 0.1899059 0.1964087 0.1877858 0.1948906 0.1803448 0.1679675 0.2198073 0.1933071 0.2064883 
Marmosidae_Monodelphis_domestica             0.1608306 0.1723206 0.1636623 0.1782593 0.1747252 0.1828754 0.1634888 0.1624813 0.1739739 0.2042523 0.1624388 0.1846965 0.1815409 0.1635705 0.1691214 0.1864899 0.1821992 0.1819205 0.2089854 0.1760909 0.1840316 0.0744805 0.0000000 0.1813348 0.1762809 0.1611552 0.1729342 0.1904111 0.1768222 0.2011480 0.1754826 0.1641630 0.2170110 0.1844527 0.2013017 
Dasyuridae_Antechinus_stuartii               0.1168585 0.1213444 0.1215678 0.1186233 0.1169994 0.0206550 0.1101332 0.1139186 0.1168165 0.1473280 0.1095279 0.0192161 0.0359118 0.1118106 0.1201174 0.0172456 0.0206477 0.0370760 0.1469663 0.1216851 0.1379023 0.1916173 0.1813348 0.0000000 0.1177766 0.1155163 0.1352016 0.1302259 0.1327899 0.1540200 0.1290933 0.1098962 0.1555733 0.0202269 0.1433777 
Hypsiprymnodontidae_Hypsiprymnodon_moschatus 0.0819424 0.1187392 0.0913107 0.0588197 0.0558772 0.1203490 0.0840273 0.0842562 0.0563148 0.1399236 0.0823595 0.1219378 0.1257223 0.0811610 0.0809973 0.1214679 0.1217771 0.1246103 0.1419832 0.0657339 0.1042048 0.1760725 0.1762809 0.1177766 0.0000000 0.1024610 0.0990934 0.0773131 0.0910683 0.1055560 0.0845119 0.0805712 0.1566666 0.1222949 0.1377498 
Microbiotheriidae_Dromiciops_gliroides       0.0821480 0.1059158 0.0986581 0.1028352 0.1006787 0.1139168 0.0914860 0.0923125 0.0989754 0.1392152 0.0929602 0.1193186 0.1170770 0.0929331 0.0941972 0.1174641 0.1151662 0.1218877 0.1409432 0.1046357 0.1153231 0.1706459 0.1611552 0.1155163 0.1024610 0.0000000 0.1063029 0.1102657 0.1109331 0.1293626 0.1012504 0.0910227 0.1504869 0.1162929 0.1362880 
Pseudochiridae_Petauroides_volans            0.0824626 0.1162817 0.0937116 0.0955775 0.0927811 0.1352109 0.0873604 0.0916802 0.0927751 0.1542664 0.0926164 0.1381734 0.1381244 0.0910088 0.0827940 0.1378880 0.1357669 0.1399087 0.1532277 0.0974497 0.0632558 0.1899059 0.1729342 0.1352016 0.0990934 0.1063029 0.0000000 0.1054871 0.0598997 0.1082285 0.0869360 0.0909737 0.1673342 0.1344380 0.1515992 
Macropodidae_Wallabia_bicolor                0.0915684 0.1373472 0.1079990 0.0542771 0.0524522 0.1351923 0.0922257 0.0985863 0.0455759 0.1556485 0.0956300 0.1330252 0.1341865 0.0961566 0.0965875 0.1331281 0.1345857 0.1280367 0.1552623 0.0409823 0.1139006 0.1964087 0.1904111 0.1302259 0.0773131 0.1102657 0.1054871 0.0000000 0.1057706 0.1098024 0.0995709 0.0955130 0.1716957 0.1350099 0.1549747 
Pseudochiridae_Pseudocheirus_occidentalis    0.0868876 0.1198394 0.0913851 0.0898422 0.0872420 0.1282230 0.0848948 0.0908454 0.0923037 0.1593310 0.0865810 0.1364320 0.1348073 0.0876627 0.0852427 0.1365469 0.1309498 0.1366157 0.1559352 0.0928874 0.0313681 0.1877858 0.1768222 0.1327899 0.0910683 0.1109331 0.0598997 0.1057706 0.0000000 0.1138763 0.0870070 0.0881735 0.1751780 0.1280039 0.1583564 
Tarsipedidae_Tarsipes_rostratus              0.0984346 0.1561691 0.1261853 0.1147580 0.1125434 0.1541792 0.1098783 0.1102624 0.1116949 0.1678679 0.1144523 0.1523690 0.1609413 0.1137389 0.1084752 0.1526224 0.1483564 0.1526435 0.1770576 0.1158174 0.1195271 0.1948906 0.2011480 0.1540200 0.1055560 0.1293626 0.1082285 0.1098024 0.1138763 0.0000000 0.1064351 0.1127180 0.1906498 0.1508636 0.1661432 
Acrobatidae_Distoechurus_pennatus            0.0809067 0.1195561 0.0965590 0.0846460 0.0808126 0.1331037 0.0845705 0.0841360 0.0831404 0.1460007 0.0842979 0.1312258 0.1304003 0.0816681 0.0471674 0.1311970 0.1323842 0.1321984 0.1476120 0.0878587 0.0937365 0.1803448 0.1754826 0.1290933 0.0845119 0.1012504 0.0869360 0.0995709 0.0870070 0.1064351 0.0000000 0.0803926 0.1619500 0.1323333 0.1475150 
Phalangeridae_Phalanger_carmelitae           0.0688234 0.1055133 0.0808688 0.0865114 0.0844805 0.1138668 0.0248765 0.0135971 0.0819038 0.1373172 0.0163645 0.1121032 0.1117909 0.0064938 0.0769695 0.1121342 0.1131901 0.1139156 0.1344782 0.0892510 0.0975655 0.1679675 0.1641630 0.1098962 0.0805712 0.0910227 0.0909737 0.0955130 0.0881735 0.1127180 0.0803926 0.0000000 0.1524025 0.1156860 0.1344674 
Peramelidae_Peroryctes_raffrayana            0.1531981 0.1648754 0.1683239 0.1643316 0.1590928 0.1623319 0.1503683 0.1562633 0.1579228 0.0301143 0.1580828 0.1622230 0.1672713 0.1540916 0.1548648 0.1621076 0.1590791 0.1676087 0.0280408 0.1612019 0.1809590 0.2198073 0.2170110 0.1555733 0.1566666 0.1504869 0.1673342 0.1716957 0.1751780 0.1906498 0.1619500 0.1524025 0.0000000 0.1611719 0.0292206 
Dasyuridae_Dasyurus_geffroii                 0.1211361 0.1232288 0.1237038 0.1235003 0.1205632 0.0070030 0.1135155 0.1191021 0.1186303 0.1519433 0.1154154 0.0261010 0.0379159 0.1176197 0.1209690 0.0241316 0.0108070 0.0389418 0.1516426 0.1263973 0.1360577 0.1933071 0.1844527 0.0202269 0.1222949 0.1162929 0.1344380 0.1350099 0.1280039 0.1508636 0.1323333 0.1156860 0.1611719 0.0000000 0.1489153 
Peramelidae_Perameles_gunnii                 0.1364177 0.1487560 0.1481268 0.1469025 0.1441974 0.1491785 0.1321553 0.1330819 0.1386323 0.0004828 0.1365283 0.1488487 0.1538125 0.1345711 0.1387284 0.1493228 0.1434891 0.1557239 0.0197905 0.1430591 0.1637893 0.2064883 0.2013017 0.1433777 0.1377498 0.1362880 0.1515992 0.1549747 0.1583564 0.1661432 0.1475150 0.1344674 0.0292206 0.1489153 0.0000000 
