37
Burramyidae_Burramys_parvus                  0.0000000 0.0716326 0.0377391 0.0351566 0.0385666 0.0805528 0.0359271 0.0334661 0.0376664 0.0669483 0.0469026 0.0415464 0.0768067 0.1073700 0.0499136 0.0683143 0.0795109 0.0773528 0.0737220 0.0424795 0.0399787 0.0693586 0.0947021 0.0898250 0.0379040 0.0535991 0.0369849 0.0417472 0.0395545 0.0658395 0.0654788 0.0469026 0.0448488 0.0699171 0.0810254 0.0705437 0.1008595 
Notoryctidae_Notoryctes_typhlops             0.0716326 0.0000000 0.0751624 0.0759679 0.0792113 0.1189510 0.0818628 0.0790202 0.0825569 0.0989905 0.0810643 0.0942678 0.1128821 0.1352628 0.1043596 0.1098954 0.1136361 0.1145612 0.1032468 0.0912893 0.0856432 0.1031228 0.1275556 0.1248152 0.0776353 0.0869458 0.0769069 0.0870694 0.0748098 0.1116080 0.1169478 0.0810643 0.0975144 0.0931106 0.1188802 0.1014486 0.1293663 
Vombatidae_Lasiorhinus_latifrons             0.0377391 0.0751624 0.0000000 0.0427843 0.0454039 0.0774252 0.0400528 0.0382167 0.0450755 0.0670140 0.0465922 0.0456086 0.0749057 0.0924710 0.0520675 0.0662752 0.0738109 0.0729335 0.0706716 0.0519216 0.0527500 0.0748849 0.0896880 0.0837383 0.0427976 0.0529159 0.0395463 0.0501439 0.0425145 0.0566701 0.0634815 0.0465922 0.0457752 0.0668021 0.0773379 0.0708002 0.0970529 
Potoroidae_Bettongia_penicillata             0.0351566 0.0759679 0.0427843 0.0000000 0.0021259 0.0894627 0.0360859 0.0356067 0.0077701 0.0671170 0.0540793 0.0453905 0.0845902 0.1109897 0.0524219 0.0694073 0.0882895 0.0811223 0.0730925 0.0145766 0.0459536 0.0601898 0.0947581 0.0943420 0.0216041 0.0580700 0.0382625 0.0138534 0.0419055 0.0481085 0.0629046 0.0540793 0.0451459 0.0701794 0.0861777 0.0717950 0.1080920 
Potoroidae_Bettongia_lesueur                 0.0385666 0.0792113 0.0454039 0.0021259 0.0000000 0.0923943 0.0362561 0.0364676 0.0084992 0.0672433 0.0628173 0.0458988 0.0863528 0.1147939 0.0525939 0.0728144 0.0901279 0.0827532 0.0726547 0.0162000 0.0461486 0.0640461 0.0960341 0.0978559 0.0217029 0.0606022 0.0391702 0.0151984 0.0437414 0.0477588 0.0651778 0.0628173 0.0444466 0.0713446 0.0890110 0.0719634 0.1102071 
Dasyuridae_Dasyurus_maculatus                0.0805528 0.1189510 0.0774252 0.0894627 0.0923943 0.0000000 0.0877098 0.0840424 0.0975959 0.1013007 0.0227376 0.0933276 0.0148276 0.0351528 0.1026013 0.1071228 0.0155217 0.0053340 0.1064554 0.0939152 0.0941402 0.0652425 0.1108252 0.0200405 0.0855070 0.0857702 0.0848348 0.0957134 0.0842353 0.0755783 0.0940050 0.0227376 0.1008241 0.1028040 0.0032364 0.1061256 0.0309084 
Phalangeridae_Trichosurus_vulpecula          0.0359271 0.0818628 0.0400528 0.0360859 0.0362561 0.0877098 0.0000000 0.0143407 0.0382996 0.0691640 0.0393178 0.0151033 0.0834364 0.1104309 0.0175364 0.0708615 0.0848287 0.0830763 0.0776113 0.0454958 0.0446346 0.0827132 0.1004049 0.0968113 0.0383804 0.0573870 0.0377451 0.0429304 0.0420360 0.0693687 0.0717555 0.0393178 0.0160370 0.0724404 0.0859997 0.0731590 0.1097208 
Phalangeridae_Spilocuscus_maculatus          0.0334661 0.0790202 0.0382167 0.0356067 0.0364676 0.0840424 0.0143407 0.0000000 0.0372808 0.0592759 0.0431016 0.0115442 0.0785215 0.1057548 0.0150743 0.0668733 0.0791990 0.0808819 0.0673174 0.0440163 0.0453341 0.0716595 0.0898154 0.0887378 0.0384158 0.0549948 0.0372523 0.0429253 0.0414714 0.0601817 0.0663756 0.0431016 0.0123547 0.0626517 0.0840469 0.0622704 0.1059814 
Potoroidae_Aepyprymnus_rufescens             0.0376664 0.0825569 0.0450755 0.0077701 0.0084992 0.0975959 0.0382996 0.0372808 0.0000000 0.0689270 0.0628032 0.0472688 0.0937229 0.1185917 0.0540503 0.0736233 0.0959166 0.0889417 0.0740392 0.0174497 0.0484967 0.0702637 0.0980449 0.1033050 0.0259511 0.0618639 0.0428925 0.0171163 0.0444368 0.0568405 0.0690690 0.0628032 0.0457981 0.0735558 0.0942396 0.0726734 0.1141095 
Peramelidae_Perameles_nasuta                 0.0669483 0.0989905 0.0670140 0.0671170 0.0672433 0.1013007 0.0691640 0.0592759 0.0689270 0.0000000 0.0471316 0.0790900 0.0933751 0.1173095 0.0864631 0.1018755 0.0986618 0.0938794 0.0098818 0.0752116 0.0720202 0.0796089 0.1101400 0.1069247 0.0708910 0.0696805 0.0671513 0.0759702 0.0699246 0.0673484 0.1009957 0.0471316 0.0810604 0.0099230 0.0982658 0.0005605 0.1249116 
Myrmecobiidae_Myrmecobius_fasciatus1         0.0469026 0.0810643 0.0465922 0.0540793 0.0628173 0.0227376 0.0393178 0.0431016 0.0628032 0.0471316 0.0000000 0.0631873 0.0169739 0.0324586 0.0663846 0.0887727 0.0138258 0.0227377 0.0698657 0.0543934 0.0463743 0.0518585 0.0697945 0.0348553 0.0500157 0.0410890 0.0469556 0.0542369 0.0538341 0.0470672 0.0432218 0.0000010 0.0688778 0.0544615 0.0196707 0.0428996 9.0000000 
Phalangeridae_Strigocuscus_pelengensis       0.0415464 0.0942678 0.0456086 0.0453905 0.0458988 0.0933276 0.0151033 0.0115442 0.0472688 0.0790900 0.0631873 0.0000000 0.0887280 0.1154639 0.0120646 0.0807262 0.0896228 0.0917746 0.0849850 0.0564944 0.0548220 0.0910454 0.1069884 0.1027560 0.0471093 0.0675609 0.0459448 0.0526077 0.0530248 0.0801901 0.0798001 0.0631873 0.0107228 0.0810255 0.0939971 0.0818247 0.1175706 
Dasyuridae_Phascogale_tapoatafa              0.0768067 0.1128821 0.0749057 0.0845902 0.0863528 0.0148276 0.0834364 0.0785215 0.0937229 0.0933751 0.0169739 0.0887280 0.0000000 0.0299062 0.0952015 0.1044247 0.0023429 0.0152418 0.1010932 0.0867089 0.0911821 0.0672222 0.1138476 0.0116314 0.0830037 0.0834165 0.0804356 0.0898193 0.0859165 0.0696742 0.0900787 0.0169739 0.0924484 0.0963175 0.0155214 0.0985115 0.0279732 
Dasyuridae_Sminthopsis_macroura              0.1073700 0.1352628 0.0924710 0.1109897 0.1147939 0.0351528 0.1104309 0.1057548 0.1185917 0.1173095 0.0324586 0.1154639 0.0299062 0.0000000 0.1240371 0.1206157 0.0320404 0.0335634 0.1213451 0.1154585 0.1190818 0.0631539 0.1278611 0.0319501 0.1097059 0.1078617 0.1050799 0.1131563 0.1155926 0.0716704 0.1010203 0.0324586 0.1225460 0.1163724 0.0366846 0.1211435 0.0276444 
Phalangeridae_Phalanger_orientalis           0.0499136 0.1043596 0.0520675 0.0524219 0.0525939 0.1026013 0.0175364 0.0150743 0.0540503 0.0864631 0.0663846 0.0120646 0.0952015 0.1240371 0.0000000 0.0836928 0.0960897 0.0985922 0.0926514 0.0636716 0.0626790 0.1083605 0.1146747 0.1082960 0.0499302 0.0768298 0.0525970 0.0607929 0.0566951 0.0941482 0.0874722 0.0663846 0.0085342 0.0876069 0.1020488 0.0892597 0.1245369 
Acrobatidae_Acrobates_pygmaeus               0.0683143 0.1098954 0.0662752 0.0694073 0.0728144 0.1071228 0.0708615 0.0668733 0.0736233 0.1018755 0.0887727 0.0807262 0.1044247 0.1206157 0.0836928 0.0000000 0.1033040 0.1001928 0.1050619 0.0714950 0.0749560 0.0862281 0.1241837 0.1117821 0.0725011 0.0891970 0.0630424 0.0720066 0.0679372 0.0694268 0.0548795 0.0887727 0.0814640 0.1024719 0.1037672 0.1063575 0.1090714 
Dasyuridae_Phascogale_calura                 0.0795109 0.1136361 0.0738109 0.0882895 0.0901279 0.0155217 0.0848287 0.0791990 0.0959166 0.0986618 0.0138258 0.0896228 0.0023429 0.0320404 0.0960897 0.1033040 0.0000000 0.0157977 0.1034437 0.0897579 0.0939917 0.0679310 0.1132282 0.0114772 0.0859833 0.0840928 0.0818963 0.0934577 0.0869027 0.0740641 0.0929764 0.0138258 0.0951489 0.0978936 0.0161943 0.1027353 0.0296321 
Dasyuridae_Sarcophilus_harrisii              0.0773528 0.1145612 0.0729335 0.0811223 0.0827532 0.0053340 0.0830763 0.0808819 0.0889417 0.0938794 0.0227377 0.0917746 0.0152418 0.0335634 0.0985922 0.1001928 0.0157977 0.0000000 0.0998539 0.0898811 0.0892742 0.0677769 0.1126524 0.0193092 0.0826113 0.0788823 0.0805625 0.0908300 0.0796207 0.0729821 0.0871589 0.0227377 0.0940148 0.0953631 0.0046637 0.0988880 0.0309502 
Peramelidae_Echymipera_kalubu                0.0737220 0.1032468 0.0706716 0.0730925 0.0726547 0.1064554 0.0776113 0.0673174 0.0740392 0.0098818 0.0698657 0.0849850 0.1010932 0.1213451 0.0926514 0.1050619 0.1034437 0.0998539 0.0000000 0.0786343 0.0784052 0.0806511 0.1111292 0.1149697 0.0750001 0.0721553 0.0711847 0.0783395 0.0716571 0.0743033 0.1033776 0.0698657 0.0852229 0.0080860 0.1047973 0.0095031 0.1290381 
Macropodidae_Dorcopsulus_vanheurni           0.0424795 0.0912893 0.0519216 0.0145766 0.0162000 0.0939152 0.0454958 0.0440163 0.0174497 0.0752116 0.0543934 0.0564944 0.0867089 0.1154585 0.0636716 0.0714950 0.0897579 0.0898811 0.0786343 0.0000000 0.0533597 0.0694512 0.1115337 0.0998869 0.0291963 0.0667719 0.0470685 0.0081790 0.0491233 0.0536173 0.0642400 0.0543934 0.0577384 0.0775928 0.0928422 0.0792810 0.1057491 
Pseudochiridae_Pseudochirulus_forbesi        0.0399787 0.0856432 0.0527500 0.0459536 0.0461486 0.0941402 0.0446346 0.0453341 0.0484967 0.0720202 0.0463743 0.0548220 0.0911821 0.1190818 0.0626790 0.0749560 0.0939917 0.0892742 0.0784052 0.0533597 0.0000000 0.0761647 0.1018870 0.1026121 0.0477355 0.0641052 0.0182219 0.0510023 0.0118586 0.0444789 0.0739757 0.0463743 0.0576332 0.0769833 0.0920892 0.0765246 0.1135588 
Didelphidae_Didelphis_virginiana             0.0693586 0.1031228 0.0748849 0.0601898 0.0640461 0.0652425 0.0827132 0.0716595 0.0702637 0.0796089 0.0518585 0.0910454 0.0672222 0.0631539 0.1083605 0.0862281 0.0679310 0.0677769 0.0806511 0.0694512 0.0761647 0.0000000 0.0144995 0.0733913 0.0697258 0.0660078 0.0724436 0.0703657 0.0720508 0.1012902 0.0625426 0.0518585 0.0986653 0.0798673 0.0729558 0.0875573 0.0705163 
Marmosidae_Monodelphis_domestica             0.0947021 0.1275556 0.0896880 0.0947581 0.0960341 0.1108252 0.1004049 0.0898154 0.0980449 0.1101400 0.0697945 0.1069884 0.1138476 0.1278611 0.1146747 0.1241837 0.1132282 0.1126524 0.1111292 0.1115337 0.1018870 0.0144995 0.0000000 0.1188100 0.1010326 0.0945621 0.0959616 0.1111745 0.0981228 0.0971143 0.1201843 0.0697945 0.1055045 0.1083057 0.1156673 0.1126935 0.1335619 
Dasyuridae_Antechinus_stuartii               0.0898250 0.1248152 0.0837383 0.0943420 0.0978559 0.0200405 0.0968113 0.0887378 0.1033050 0.1069247 0.0348553 0.1027560 0.0116314 0.0319501 0.1082960 0.1117821 0.0114772 0.0193092 0.1149697 0.0998869 0.1026121 0.0733913 0.1188100 0.0000000 0.0934400 0.0964037 0.0900304 0.1013235 0.0943575 0.0782370 0.0961532 0.0348553 0.1053678 0.1062446 0.0206060 0.1122994 0.0297036 
Hypsiprymnodontidae_Hypsiprymnodon_moschatus 0.0379040 0.0776353 0.0427976 0.0216041 0.0217029 0.0855070 0.0383804 0.0384158 0.0259511 0.0708910 0.0500157 0.0471093 0.0830037 0.1097059 0.0499302 0.0725011 0.0859833 0.0826113 0.0750001 0.0291963 0.0477355 0.0697258 0.1010326 0.0934400 0.0000000 0.0641922 0.0408903 0.0246799 0.0465895 0.0522508 0.0663052 0.0500157 0.0455999 0.0758070 0.0874171 0.0751042 0.1102197 
Microbiotheriidae_Dromiciops_gliroides       0.0535991 0.0869458 0.0529159 0.0580700 0.0606022 0.0857702 0.0573870 0.0549948 0.0618639 0.0696805 0.0410890 0.0675609 0.0834165 0.1078617 0.0768298 0.0891970 0.0840928 0.0788823 0.0721553 0.0667719 0.0641052 0.0660078 0.0945621 0.0964037 0.0641922 0.0000000 0.0537156 0.0644719 0.0599648 0.0727926 0.0870259 0.0410890 0.0726618 0.0686862 0.0849964 0.0733597 0.1118741 
Pseudochiridae_Petauroides_volans            0.0369849 0.0769069 0.0395463 0.0382625 0.0391702 0.0848348 0.0377451 0.0372523 0.0428925 0.0671513 0.0469556 0.0459448 0.0804356 0.1050799 0.0525970 0.0630424 0.0818963 0.0805625 0.0711847 0.0470685 0.0182219 0.0724436 0.0959616 0.0900304 0.0408903 0.0537156 0.0000000 0.0439272 0.0151874 0.0408089 0.0595026 0.0469556 0.0471159 0.0692380 0.0838300 0.0714686 0.1004731 
Macropodidae_Wallabia_bicolor                0.0417472 0.0870694 0.0501439 0.0138534 0.0151984 0.0957134 0.0429304 0.0429253 0.0171163 0.0759702 0.0542369 0.0526077 0.0898193 0.1131563 0.0607929 0.0720066 0.0934577 0.0908300 0.0783395 0.0081790 0.0510023 0.0703657 0.1111745 0.1013235 0.0246799 0.0644719 0.0439272 0.0000000 0.0473677 0.0514116 0.0645095 0.0542369 0.0545229 0.0774497 0.0947836 0.0796105 0.1098511 
Pseudochiridae_Pseudocheirus_occidentalis    0.0395545 0.0748098 0.0425145 0.0419055 0.0437414 0.0842353 0.0420360 0.0414714 0.0444368 0.0699246 0.0538341 0.0530248 0.0859165 0.1155926 0.0566951 0.0679372 0.0869027 0.0796207 0.0716571 0.0491233 0.0118586 0.0720508 0.0981228 0.0943575 0.0465895 0.0599648 0.0151874 0.0473677 0.0000000 0.0455901 0.0696331 0.0538341 0.0517103 0.0709333 0.0824000 0.0718313 0.1062819 
Tarsipedidae_Tarsipes_rostratus              0.0658395 0.1116080 0.0566701 0.0481085 0.0477588 0.0755783 0.0693687 0.0601817 0.0568405 0.0673484 0.0470672 0.0801901 0.0696742 0.0716704 0.0941482 0.0694268 0.0740641 0.0729821 0.0743033 0.0536173 0.0444789 0.1012902 0.0971143 0.0782370 0.0522508 0.0727926 0.0408089 0.0514116 0.0455901 0.0000000 0.0529763 0.0470672 0.0866395 0.0770257 0.0706385 0.0713402 0.0691935 
Acrobatidae_Distoechurus_pennatus            0.0654788 0.1169478 0.0634815 0.0629046 0.0651778 0.0940050 0.0717555 0.0663756 0.0690690 0.1009957 0.0432218 0.0798001 0.0900787 0.1010203 0.0874722 0.0548795 0.0929764 0.0871589 0.1033776 0.0642400 0.0739757 0.0625426 0.1201843 0.0961532 0.0663052 0.0870259 0.0595026 0.0645095 0.0696331 0.0529763 0.0000000 0.0432218 0.0858922 0.1031737 0.0931083 0.1054244 0.1075507 
Myrmecobiidae_Myrmecobius_fasciatus2         0.0469026 0.0810643 0.0465922 0.0540793 0.0628173 0.0227376 0.0393178 0.0431016 0.0628032 0.0471316 0.0000010 0.0631873 0.0169739 0.0324586 0.0663846 0.0887727 0.0138258 0.0227377 0.0698657 0.0543934 0.0463743 0.0518585 0.0697945 0.0348553 0.0500157 0.0410890 0.0469556 0.0542369 0.0538341 0.0470672 0.0432218 0.0000000 0.0688778 0.0544615 0.0196707 0.0428996 9.0000000 
Phalangeridae_Phalanger_carmelitae           0.0448488 0.0975144 0.0457752 0.0451459 0.0444466 0.1008241 0.0160370 0.0123547 0.0457981 0.0810604 0.0688778 0.0107228 0.0924484 0.1225460 0.0085342 0.0814640 0.0951489 0.0940148 0.0852229 0.0577384 0.0576332 0.0986653 0.1055045 0.1053678 0.0455999 0.0726618 0.0471159 0.0545229 0.0517103 0.0866395 0.0858922 0.0688778 0.0000000 0.0837062 0.0985762 0.0839079 0.1221147 
Peramelidae_Peroryctes_raffrayana            0.0699171 0.0931106 0.0668021 0.0701794 0.0713446 0.1028040 0.0724404 0.0626517 0.0735558 0.0099230 0.0544615 0.0810255 0.0963175 0.1163724 0.0876069 0.1024719 0.0978936 0.0953631 0.0080860 0.0775928 0.0769833 0.0798673 0.1083057 0.1062446 0.0758070 0.0686862 0.0692380 0.0774497 0.0709333 0.0770257 0.1031737 0.0544615 0.0837062 0.0000000 0.1004253 0.0101583 0.1270338 
Dasyuridae_Dasyurus_geffroii                 0.0810254 0.1188802 0.0773379 0.0861777 0.0890110 0.0032364 0.0859997 0.0840469 0.0942396 0.0982658 0.0196707 0.0939971 0.0155214 0.0366846 0.1020488 0.1037672 0.0161943 0.0046637 0.1047973 0.0928422 0.0920892 0.0729558 0.1156673 0.0206060 0.0874171 0.0849964 0.0838300 0.0947836 0.0824000 0.0706385 0.0931083 0.0196707 0.0985762 0.1004253 0.0000000 0.1033768 0.0309072 
Peramelidae_Perameles_gunnii                 0.0705437 0.1014486 0.0708002 0.0717950 0.0719634 0.1061256 0.0731590 0.0622704 0.0726734 0.0005605 0.0428996 0.0818247 0.0985115 0.1211435 0.0892597 0.1063575 0.1027353 0.0988880 0.0095031 0.0792810 0.0765246 0.0875573 0.1126935 0.1122994 0.0751042 0.0733597 0.0714686 0.0796105 0.0718313 0.0713402 0.1054244 0.0428996 0.0839079 0.0101583 0.1033768 0.0000000 0.1303329 
Dasyuridae_Planigale_tenuirostris            0.1008595 0.1293663 0.0970529 0.1080920 0.1102071 0.0309084 0.1097208 0.1059814 0.1141095 0.1249116 9.0000000 0.1175706 0.0279732 0.0276444 0.1245369 0.1090714 0.0296321 0.0309502 0.1290381 0.1057491 0.1135588 0.0705163 0.1335619 0.0297036 0.1102197 0.1118741 0.1004731 0.1098511 0.1062819 0.0691935 0.1075507 9.0000000 0.1221147 0.1270338 0.0309072 0.1303329 0.0000000 
