35
Burramyidae_Burramys_parvus                  0.0000000 0.0929001 0.0691991 0.0741744 0.0762260 0.1052334 0.0901755 0.0848148 0.0749778 0.1372329 0.0774990 0.1037595 0.0980159 0.0801289 0.0791158 0.1029255 0.1035607 0.1013886 0.1294964 0.0769307 0.0796389 0.1351418 0.1292306 0.1090631 0.0721433 0.1005827 0.0806083 0.0943078 0.0851446 0.0976547 0.0985934 0.0807723 0.1212320 0.1068334 0.1297782 
Notoryctidae_Notoryctes_typhlops             0.0929001 0.0000000 0.0954052 0.1009588 0.1004415 0.0925636 0.1181270 0.1128483 0.1037077 0.1329653 0.1153406 0.0943278 0.0948915 0.1081412 0.1042826 0.0947049 0.0931274 0.0992205 0.1207989 0.1081791 0.1144518 0.1245704 0.1207132 0.0973364 0.0973459 0.1113744 0.1060168 0.1062706 0.1144084 0.1290341 0.1210507 0.0990534 0.1297822 0.0920807 0.1226661 
Vombatidae_Lasiorhinus_latifrons             0.0691991 0.0954052 0.0000000 0.0729907 0.0765867 0.0831950 0.0708206 0.0673274 0.0759671 0.1235424 0.0722931 0.0801847 0.0831319 0.0812118 0.0647183 0.0794432 0.0838975 0.0840979 0.1209227 0.0789429 0.0713165 0.1151270 0.1203900 0.0820620 0.0648281 0.0998734 0.0717251 0.0892626 0.0711985 0.0948831 0.0869901 0.0767100 0.1139991 0.0831298 0.1180676 
Potoroidae_Bettongia_penicillata             0.0741744 0.1009588 0.0729907 0.0000000 0.0095819 0.1067130 0.0857271 0.0827125 0.0209642 0.1380999 0.0818965 0.1036327 0.1061010 0.0893004 0.0841162 0.1027952 0.1069970 0.1043393 0.1328628 0.0431637 0.0901162 0.1268408 0.1236730 0.1056955 0.0440951 0.1131708 0.0824431 0.0506418 0.0913665 0.1035069 0.1015976 0.0840833 0.1229666 0.1072703 0.1312495 
Potoroidae_Bettongia_lesueur                 0.0762260 0.1004415 0.0765867 0.0095819 0.0000000 0.1102617 0.0945087 0.0874765 0.0166039 0.1394117 0.0830762 0.1068175 0.1080662 0.0912719 0.0788560 0.1059720 0.1076750 0.1072168 0.1309013 0.0437962 0.0921543 0.1278321 0.1282333 0.1094670 0.0471488 0.1184826 0.0835695 0.0466441 0.0934047 0.1042276 0.1032226 0.0872728 0.1243037 0.1108178 0.1325356 
Dasyuridae_Dasyurus_maculatus                0.1052334 0.0925636 0.0831950 0.1067130 0.1102617 0.0000000 0.1053582 0.1019489 0.1086610 0.1243605 0.1027966 0.0261654 0.0375476 0.1085066 0.1033417 0.0261056 0.0077299 0.0408815 0.1171603 0.1016779 0.1110344 0.1106636 0.1164143 0.0272382 0.1004387 0.1175420 0.1028820 0.1101055 0.1112635 0.1304135 0.1225559 0.0978587 0.1145763 0.0036454 0.1178186 
Phalangeridae_Trichosurus_vulpecula          0.0901755 0.1181270 0.0708206 0.0857271 0.0945087 0.1053582 0.0000000 0.0456886 0.0939596 0.1476860 0.0389113 0.1058008 0.1059473 0.0565918 0.0904553 0.1050242 0.1077840 0.1052802 0.1429635 0.0956581 0.0961576 0.1224797 0.1288788 0.1044768 0.0813475 0.1282658 0.0830418 0.1087945 0.0904147 0.1211221 0.1098322 0.0493506 0.1383247 0.1080062 0.1395749 
Phalangeridae_Spilocuscus_maculatus          0.0848148 0.1128483 0.0673274 0.0827125 0.0874765 0.1019489 0.0456886 0.0000000 0.0864746 0.1397225 0.0189937 0.0991878 0.1004916 0.0355742 0.0856632 0.0989727 0.1028341 0.0982695 0.1356048 0.0854333 0.0928099 0.1282354 0.1331904 0.0993877 0.0771472 0.1271766 0.0761926 0.0963766 0.0875731 0.1118648 0.1016734 0.0338179 0.1320916 0.1039185 0.1329488 
Potoroidae_Aepyprymnus_rufescens             0.0749778 0.1037077 0.0759671 0.0209642 0.0166039 0.1086610 0.0939596 0.0864746 0.0000000 0.1377523 0.0834300 0.1035425 0.1033161 0.0900979 0.0760443 0.1027061 0.1054913 0.1031787 0.1300747 0.0431154 0.0905120 0.1248452 0.1270019 0.1060857 0.0457396 0.1140923 0.0838256 0.0446484 0.0926722 0.1069290 0.1030804 0.0880825 0.1229424 0.1101301 0.1311447 
Peramelidae_Perameles_nasuta                 0.1372329 0.1329653 0.1235424 0.1380999 0.1394117 0.1243605 0.1476860 0.1397225 0.1377523 0.0000000 0.1487300 0.1250674 0.1264273 0.1462044 0.1192862 0.1232817 0.1240152 0.1235359 0.0262362 0.1248226 0.1419917 0.1510100 0.1505895 0.1183365 0.1317670 0.1464211 0.1296192 0.1377884 0.1439854 0.1585958 0.1463330 0.1387770 0.0258222 0.1231393 0.0022950 
Phalangeridae_Strigocuscus_pelengensis       0.0774990 0.1153406 0.0722931 0.0818965 0.0830762 0.1027966 0.0389113 0.0189937 0.0834300 0.1487300 0.0000000 0.0975136 0.1004102 0.0131989 0.0877454 0.0973112 0.1049623 0.1032495 0.1405230 0.1013841 0.0987225 0.1195132 0.1190541 0.1007053 0.0733989 0.1195045 0.0858167 0.1001486 0.0976923 0.1181331 0.1119167 0.0137363 0.1477508 0.1046557 0.1425968 
Dasyuridae_Phascogale_tapoatafa              0.1037595 0.0943278 0.0801847 0.1036327 0.1068175 0.0261654 0.1058008 0.0991878 0.1035425 0.1250674 0.0975136 0.0000000 0.0294174 0.1050233 0.1011935 0.0028893 0.0247261 0.0380634 0.1184034 0.0998880 0.1109909 0.1095533 0.1195274 0.0173595 0.0995823 0.1104573 0.1026303 0.1092684 0.1107412 0.1366199 0.1208313 0.0954471 0.1139984 0.0269537 0.1184758 
Dasyuridae_Sminthopsis_macroura              0.0980159 0.0948915 0.0831319 0.1061010 0.1080662 0.0375476 0.1059473 0.1004916 0.1033161 0.1264273 0.1004102 0.0294174 0.0000000 0.1024501 0.0993427 0.0293490 0.0334305 0.0338619 0.1176048 0.1011744 0.1086571 0.1091633 0.1143131 0.0366240 0.0995286 0.1141167 0.0969954 0.1114825 0.1078540 0.1291328 0.1203258 0.0970682 0.1164607 0.0375457 0.1191145 
Phalangeridae_Phalanger_orientalis           0.0801289 0.1081412 0.0812118 0.0893004 0.0912719 0.1085066 0.0565918 0.0355742 0.0900979 0.1462044 0.0131989 0.1050233 0.1024501 0.0000000 0.0907549 0.1043121 0.1111695 0.1078199 0.1403281 0.0857552 0.0993317 0.1338524 0.1328135 0.1077140 0.0821385 0.1228932 0.0936440 0.1032259 0.1014981 0.1251208 0.1142383 0.0191272 0.1251703 0.1099228 0.1399815 
Acrobatidae_Acrobates_pygmaeus               0.0791158 0.1042826 0.0647183 0.0841162 0.0788560 0.1033417 0.0904553 0.0856632 0.0760443 0.1192862 0.0877454 0.1011935 0.0993427 0.0907549 0.0000000 0.0998342 0.1038773 0.0999125 0.1153104 0.0749959 0.0681622 0.1192662 0.1282585 0.0993547 0.0720026 0.1184596 0.0675484 0.0816847 0.0680868 0.0986378 0.0521467 0.0883363 0.1110542 0.1033571 0.1142466 
Dasyuridae_Phascogale_calura                 0.1029255 0.0947049 0.0794432 0.1027952 0.1059720 0.0261056 0.1050242 0.0989727 0.1027061 0.1232817 0.0973112 0.0028893 0.0293490 0.1043121 0.0998342 0.0000000 0.0246705 0.0371421 0.1167892 0.1002726 0.1097366 0.1084077 0.1178380 0.0165335 0.0994682 0.1111679 0.1008497 0.1076686 0.1094843 0.1344164 0.1175179 0.0947824 0.1111931 0.0268919 0.1164354 
Dasyuridae_Sarcophilus_harrisii              0.1035607 0.0931274 0.0838975 0.1069970 0.1076750 0.0077299 0.1077840 0.1028341 0.1054913 0.1240152 0.1049623 0.0247261 0.0334305 0.1111695 0.1038773 0.0246705 0.0000000 0.0381279 0.1150442 0.1020482 0.1099009 0.1132330 0.1207845 0.0261824 0.0988502 0.1175014 0.1013174 0.1090838 0.1101250 0.1268968 0.1226633 0.1004386 0.1135221 0.0077276 0.1175756 
Dasyuridae_Planigale_tenuirostris            0.1013886 0.0992205 0.0840979 0.1043393 0.1072168 0.0408815 0.1052802 0.0982695 0.1031787 0.1235359 0.1032495 0.0380634 0.0338619 0.1078199 0.0999125 0.0371421 0.0381279 0.0000000 0.1209123 0.1024440 0.1056994 0.1038906 0.1097123 0.0416807 0.0981255 0.1158486 0.1015199 0.1104148 0.1065360 0.1294662 0.1204306 0.0983066 0.1126923 0.0413331 0.1157963 
Peramelidae_Echymipera_kalubu                0.1294964 0.1207989 0.1209227 0.1328628 0.1309013 0.1171603 0.1429635 0.1356048 0.1300747 0.0262362 0.1405230 0.1184034 0.1176048 0.1403281 0.1153104 0.1167892 0.1150442 0.1209123 0.0000000 0.1162352 0.1384115 0.1440870 0.1405753 0.1127474 0.1277043 0.1379255 0.1233869 0.1301840 0.1398659 0.1515289 0.1378666 0.1306976 0.0118545 0.1155819 0.0231237 
Macropodidae_Dorcopsulus_vanheurni           0.0769307 0.1081791 0.0789429 0.0431637 0.0437962 0.1016779 0.0956581 0.0854333 0.0431154 0.1248226 0.1013841 0.0998880 0.1011744 0.0857552 0.0749959 0.1002726 0.1020482 0.1024440 0.1162352 0.0000000 0.0975093 0.1162894 0.1084960 0.0930985 0.0532504 0.1022151 0.0808910 0.0158653 0.0971203 0.1010719 0.0938039 0.0807401 0.1198669 0.1034062 0.1170256 
Pseudochiridae_Pseudochirulus_forbesi        0.0796389 0.1144518 0.0713165 0.0901162 0.0921543 0.1110344 0.0961576 0.0928099 0.0905120 0.1419917 0.0987225 0.1109909 0.1086571 0.0993317 0.0681622 0.1097366 0.1099009 0.1056994 0.1384115 0.0975093 0.0000000 0.1347767 0.1384221 0.1147634 0.0780443 0.1284115 0.0466288 0.1037385 0.0226913 0.0940391 0.0856670 0.0980017 0.1322416 0.1127255 0.1356633 
Didelphidae_Didelphis_virginiana             0.1351418 0.1245704 0.1151270 0.1268408 0.1278321 0.1106636 0.1224797 0.1282354 0.1248452 0.1510100 0.1195132 0.1095533 0.1091633 0.1338524 0.1192662 0.1084077 0.1132330 0.1038906 0.1440870 0.1162894 0.1347767 0.0000000 0.0530180 0.1109872 0.1258868 0.1188359 0.1223253 0.1228760 0.1324571 0.1593326 0.1470853 0.1241779 0.1426875 0.1114676 0.1404482 
Marmosidae_Monodelphis_domestica             0.1292306 0.1207132 0.1203900 0.1236730 0.1282333 0.1164143 0.1288788 0.1331904 0.1270019 0.1505895 0.1190541 0.1195274 0.1143131 0.1328135 0.1282585 0.1178380 0.1207845 0.1097123 0.1405753 0.1084960 0.1384221 0.0530180 0.0000000 0.1140961 0.1244613 0.1200015 0.1276346 0.1261788 0.1421092 0.1526888 0.1527129 0.1286895 0.1303604 0.1164319 0.1424257 
Dasyuridae_Antechinus_stuartii               0.1090631 0.0973364 0.0820620 0.1056955 0.1094670 0.0272382 0.1044768 0.0993877 0.1060857 0.1183365 0.1007053 0.0173595 0.0366240 0.1077140 0.0993547 0.0165335 0.0261824 0.0416807 0.1127474 0.0930985 0.1147634 0.1109872 0.1140961 0.0000000 0.1011866 0.1135635 0.0955195 0.1036179 0.1127873 0.1289841 0.1185024 0.0971097 0.1099223 0.0272088 0.1122569 
Hypsiprymnodontidae_Hypsiprymnodon_moschatus 0.0721433 0.0973459 0.0648281 0.0440951 0.0471488 0.1004387 0.0813475 0.0771472 0.0457396 0.1317670 0.0733989 0.0995823 0.0995286 0.0821385 0.0720026 0.0994682 0.0988502 0.0981255 0.1277043 0.0532504 0.0780443 0.1258868 0.1244613 0.1011866 0.0000000 0.1115107 0.0755760 0.0575818 0.0827309 0.1017970 0.0965171 0.0792502 0.1176370 0.1009845 0.1244420 
Microbiotheriidae_Dromiciops_gliroides       0.1005827 0.1113744 0.0998734 0.1131708 0.1184826 0.1175420 0.1282658 0.1271766 0.1140923 0.1464211 0.1195045 0.1104573 0.1141167 0.1228932 0.1184596 0.1111679 0.1175014 0.1158486 0.1379255 0.1022151 0.1284115 0.1188359 0.1200015 0.1135635 0.1115107 0.0000000 0.1234015 0.1170344 0.1342258 0.1421784 0.1336975 0.1202558 0.1232384 0.1181561 0.1370926 
Pseudochiridae_Petauroides_volans            0.0806083 0.1060168 0.0717251 0.0824431 0.0835695 0.1028820 0.0830418 0.0761926 0.0838256 0.1296192 0.0858167 0.1026303 0.0969954 0.0936440 0.0675484 0.1008497 0.1013174 0.1015199 0.1233869 0.0808910 0.0466288 0.1223253 0.1276346 0.0955195 0.0755760 0.1234015 0.0000000 0.0927124 0.0398483 0.0780057 0.0710641 0.0869352 0.1191686 0.1033719 0.1234899 
Macropodidae_Wallabia_bicolor                0.0943078 0.1062706 0.0892626 0.0506418 0.0466441 0.1101055 0.1087945 0.0963766 0.0446484 0.1377884 0.1001486 0.1092684 0.1114825 0.1032259 0.0816847 0.1076686 0.1090838 0.1104148 0.1301840 0.0158653 0.1037385 0.1228760 0.1261788 0.1036179 0.0575818 0.1170344 0.0927124 0.0000000 0.1046918 0.1093858 0.1090320 0.0991608 0.1228504 0.1117484 0.1298166 
Pseudochiridae_Pseudocheirus_occidentalis    0.0851446 0.1144084 0.0711985 0.0913665 0.0934047 0.1112635 0.0904147 0.0875731 0.0926722 0.1439854 0.0976923 0.1107412 0.1078540 0.1014981 0.0680868 0.1094843 0.1101250 0.1065360 0.1398659 0.0971203 0.0226913 0.1324571 0.1421092 0.1127873 0.0827309 0.1342258 0.0398483 0.1046918 0.0000000 0.0857129 0.0819948 0.0943404 0.1351709 0.1128995 0.1371292 
Tarsipedidae_Tarsipes_rostratus              0.0976547 0.1290341 0.0948831 0.1035069 0.1042276 0.1304135 0.1211221 0.1118648 0.1069290 0.1585958 0.1181331 0.1366199 0.1291328 0.1251208 0.0986378 0.1344164 0.1268968 0.1294662 0.1515289 0.1010719 0.0940391 0.1593326 0.1526888 0.1289841 0.1017970 0.1421784 0.0780057 0.1093858 0.0857129 0.0000000 0.0976140 0.1198116 0.1485636 0.1317035 0.1531358 
Acrobatidae_Distoechurus_pennatus            0.0985934 0.1210507 0.0869901 0.1015976 0.1032226 0.1225559 0.1098322 0.1016734 0.1030804 0.1463330 0.1119167 0.1208313 0.1203258 0.1142383 0.0521467 0.1175179 0.1226633 0.1204306 0.1378666 0.0938039 0.0856670 0.1470853 0.1527129 0.1185024 0.0965171 0.1336975 0.0710641 0.1090320 0.0819948 0.0976140 0.0000000 0.1086295 0.1300213 0.1226448 0.1365771 
Phalangeridae_Phalanger_carmelitae           0.0807723 0.0990534 0.0767100 0.0840833 0.0872728 0.0978587 0.0493506 0.0338179 0.0880825 0.1387770 0.0137363 0.0954471 0.0970682 0.0191272 0.0883363 0.0947824 0.1004386 0.0983066 0.1306976 0.0807401 0.0980017 0.1241779 0.1286895 0.0971097 0.0792502 0.1202558 0.0869352 0.0991608 0.0943404 0.1198116 0.1086295 0.0000000 0.1199505 0.0993344 0.1320013 
Peramelidae_Peroryctes_raffrayana            0.1212320 0.1297822 0.1139991 0.1229666 0.1243037 0.1145763 0.1383247 0.1320916 0.1229424 0.0258222 0.1477508 0.1139984 0.1164607 0.1251703 0.1110542 0.1111931 0.1135221 0.1126923 0.0118545 0.1198669 0.1322416 0.1426875 0.1303604 0.1099223 0.1176370 0.1232384 0.1191686 0.1228504 0.1351709 0.1485636 0.1300213 0.1199505 0.0000000 0.1139473 0.0231019 
Dasyuridae_Dasyurus_geffroii                 0.1068334 0.0920807 0.0831298 0.1072703 0.1108178 0.0036454 0.1080062 0.1039185 0.1101301 0.1231393 0.1046557 0.0269537 0.0375457 0.1099228 0.1033571 0.0268919 0.0077276 0.0413331 0.1155819 0.1034062 0.1127255 0.1114676 0.1164319 0.0272088 0.1009845 0.1181561 0.1033719 0.1117484 0.1128995 0.1317035 0.1226448 0.0993344 0.1139473 0.0000000 0.1172654 
Peramelidae_Perameles_gunnii                 0.1297782 0.1226661 0.1180676 0.1312495 0.1325356 0.1178186 0.1395749 0.1329488 0.1311447 0.0022950 0.1425968 0.1184758 0.1191145 0.1399815 0.1142466 0.1164354 0.1175756 0.1157963 0.0231237 0.1170256 0.1356633 0.1404482 0.1424257 0.1122569 0.1244420 0.1370926 0.1234899 0.1298166 0.1371292 0.1531358 0.1365771 0.1320013 0.0231019 0.1172654 0.0000000 
