35
Burramyidae_Burramys_parvus                  0.0000000 0.0280311 0.0167724 0.0182387 0.0187956 0.0259131 0.0176686 0.0153695 0.0178591 0.0330519 0.0151658 0.0247302 0.0251215 0.0150425 0.0189302 0.0255597 0.0253746 0.0280839 0.0339946 0.0157960 0.0186016 0.0303329 0.0305787 0.0257320 0.0174991 0.0209949 0.0186932 0.0169266 0.0184218 0.0231647 0.0173169 0.0144495 0.0334019 0.0301503 0.0334939 
Notoryctidae_Notoryctes_typhlops             0.0280311 0.0000000 0.0289700 0.0338105 0.0338516 0.0380575 0.0342236 0.0308095 0.0340186 0.0438702 0.0305332 0.0366390 0.0362133 0.0300686 0.0310686 0.0377223 0.0375434 0.0436213 0.0460449 0.0309921 0.0315380 0.0420753 0.0417091 0.0379329 0.0323792 0.0352976 0.0305680 0.0322542 0.0302842 0.0367165 0.0315138 0.0302243 0.0445870 0.0439955 0.0445750 
Vombatidae_Lasiorhinus_latifrons             0.0167724 0.0289700 0.0000000 0.0227742 0.0231862 0.0282137 0.0219824 0.0185227 0.0220031 0.0347343 0.0189170 0.0268335 0.0268310 0.0189470 0.0200759 0.0280422 0.0276721 0.0312701 0.0362121 0.0197514 0.0214289 0.0317069 0.0309718 0.0288105 0.0212766 0.0216832 0.0207341 0.0210902 0.0205026 0.0260330 0.0220065 0.0187171 0.0360961 0.0344568 0.0346756 
Potoroidae_Bettongia_penicillata             0.0182387 0.0338105 0.0227742 0.0000000 0.0013717 0.0323413 0.0240531 0.0220564 0.0055347 0.0401759 0.0221216 0.0317396 0.0309266 0.0215531 0.0233116 0.0327914 0.0313999 0.0368506 0.0404041 0.0071256 0.0252049 0.0367698 0.0357814 0.0328387 0.0139674 0.0278047 0.0245465 0.0069557 0.0245537 0.0283599 0.0233107 0.0213049 0.0402329 0.0384738 0.0405497 
Potoroidae_Bettongia_lesueur                 0.0187956 0.0338516 0.0231862 0.0013717 0.0000000 0.0327816 0.0236983 0.0220818 0.0050159 0.0398027 0.0219407 0.0321684 0.0313623 0.0215780 0.0237068 0.0332337 0.0318381 0.0374755 0.0404530 0.0065983 0.0256229 0.0368144 0.0362317 0.0330601 0.0136173 0.0279972 0.0245752 0.0064273 0.0245828 0.0283516 0.0237236 0.0213294 0.0398500 0.0388604 0.0401785 
Dasyuridae_Dasyurus_maculatus                0.0259131 0.0380575 0.0282137 0.0323413 0.0327816 0.0000000 0.0317412 0.0284728 0.0327289 0.0431224 0.0286082 0.0069505 0.0103375 0.0283697 0.0312075 0.0078469 0.0031035 0.0111724 0.0429205 0.0294037 0.0293684 0.0368209 0.0370757 0.0093339 0.0319786 0.0307438 0.0306527 0.0308227 0.0314026 0.0351392 0.0317403 0.0280986 0.0432866 0.0032115 0.0426427 
Phalangeridae_Trichosurus_vulpecula          0.0176686 0.0342236 0.0219824 0.0240531 0.0236983 0.0317412 0.0000000 0.0101708 0.0232826 0.0384491 0.0099290 0.0299354 0.0297364 0.0096555 0.0236751 0.0309882 0.0312007 0.0301844 0.0393440 0.0208348 0.0236543 0.0357572 0.0345313 0.0317738 0.0231418 0.0269906 0.0233856 0.0223639 0.0219948 0.0271283 0.0236927 0.0092778 0.0378316 0.0324463 0.0390370 
Phalangeridae_Spilocuscus_maculatus          0.0153695 0.0308095 0.0185227 0.0220564 0.0220818 0.0284728 0.0101708 0.0000000 0.0216726 0.0370945 0.0050707 0.0273011 0.0272808 0.0050260 0.0207304 0.0279338 0.0279360 0.0314843 0.0387990 0.0188719 0.0207225 0.0325733 0.0317931 0.0279418 0.0213326 0.0245494 0.0215730 0.0196412 0.0198043 0.0252574 0.0220689 0.0046640 0.0368876 0.0335875 0.0376851 
Potoroidae_Aepyprymnus_rufescens             0.0178591 0.0340186 0.0220031 0.0055347 0.0050159 0.0327289 0.0232826 0.0216726 0.0000000 0.0391019 0.0209710 0.0317262 0.0309180 0.0211691 0.0234788 0.0327775 0.0317869 0.0365105 0.0391235 0.0057160 0.0244306 0.0359437 0.0355668 0.0332303 0.0130572 0.0289874 0.0241584 0.0058971 0.0231793 0.0279507 0.0236862 0.0209224 0.0389189 0.0381473 0.0394800 
Peramelidae_Perameles_nasuta                 0.0330519 0.0438702 0.0347343 0.0401759 0.0398027 0.0431224 0.0384491 0.0370945 0.0391019 0.0000000 0.0368766 0.0414143 0.0409807 0.0365873 0.0392430 0.0418867 0.0421019 0.0488471 0.0079287 0.0370831 0.0378966 0.0425513 0.0433816 0.0431071 0.0373763 0.0384187 0.0389337 0.0383396 0.0388007 0.0427615 0.0390319 0.0356604 0.0061346 0.0503107 0.0000010 
Phalangeridae_Strigocuscus_pelengensis       0.0151658 0.0305332 0.0189170 0.0221216 0.0219407 0.0286082 0.0099290 0.0050707 0.0209710 0.0368766 0.0000000 0.0278197 0.0276140 0.0045504 0.0205652 0.0280538 0.0282529 0.0315967 0.0386332 0.0185181 0.0196451 0.0323140 0.0327842 0.0286616 0.0206250 0.0243523 0.0210186 0.0194683 0.0194493 0.0242941 0.0219556 0.0041894 0.0370461 0.0337893 0.0374781 
Dasyuridae_Phascogale_tapoatafa              0.0247302 0.0366390 0.0268335 0.0317396 0.0321684 0.0069505 0.0299354 0.0273011 0.0317262 0.0414143 0.0278197 0.0000000 0.0085512 0.0267927 0.0288142 0.0015471 0.0066077 0.0094151 0.0412458 0.0280114 0.0287650 0.0359836 0.0358266 0.0043526 0.0313817 0.0299193 0.0296662 0.0294123 0.0291886 0.0332581 0.0299618 0.0265275 0.0409003 0.0081206 0.0409646 
Dasyuridae_Sminthopsis_macroura              0.0251215 0.0362133 0.0268310 0.0309266 0.0313623 0.0103375 0.0297364 0.0272808 0.0309180 0.0409807 0.0276140 0.0085512 0.0000000 0.0271748 0.0292152 0.0094571 0.0098146 0.0073713 0.0403869 0.0276172 0.0273969 0.0374079 0.0362289 0.0104230 0.0307674 0.0297102 0.0290560 0.0286313 0.0289830 0.0328473 0.0301304 0.0269082 0.0406593 0.0108965 0.0405175 
Phalangeridae_Phalanger_orientalis           0.0150425 0.0300686 0.0189470 0.0215531 0.0215780 0.0283697 0.0096555 0.0050260 0.0211691 0.0365873 0.0045504 0.0267927 0.0271748 0.0000000 0.0203938 0.0274358 0.0278314 0.0316360 0.0380817 0.0183658 0.0196520 0.0318436 0.0318764 0.0282179 0.0204503 0.0240341 0.0203031 0.0195100 0.0190983 0.0241136 0.0209982 0.0013741 0.0361683 0.0334659 0.0371563 
Acrobatidae_Acrobates_pygmaeus               0.0189302 0.0310686 0.0200759 0.0233116 0.0237068 0.0312075 0.0236751 0.0207304 0.0234788 0.0392430 0.0205652 0.0288142 0.0292152 0.0203938 0.0000000 0.0298655 0.0306257 0.0378010 0.0401985 0.0200369 0.0180788 0.0348434 0.0321617 0.0306439 0.0221855 0.0275636 0.0196450 0.0214205 0.0189579 0.0206532 0.0126716 0.0207384 0.0394663 0.0390506 0.0394831 
Dasyuridae_Phascogale_calura                 0.0255597 0.0377223 0.0280422 0.0327914 0.0332337 0.0078469 0.0309882 0.0279338 0.0327775 0.0418867 0.0280538 0.0015471 0.0094571 0.0274358 0.0298655 0.0000000 0.0069733 0.0105929 0.0419086 0.0290504 0.0298107 0.0368427 0.0360997 0.0048872 0.0324328 0.0301396 0.0306843 0.0300786 0.0298448 0.0335434 0.0310031 0.0271677 0.0413661 0.0092418 0.0413904 
Dasyuridae_Sarcophilus_harrisii              0.0253746 0.0375434 0.0276721 0.0313999 0.0318381 0.0031035 0.0312007 0.0279360 0.0317869 0.0421019 0.0282529 0.0066077 0.0098146 0.0278314 0.0306257 0.0069733 0.0000000 0.0108804 0.0421674 0.0284679 0.0284337 0.0360506 0.0363207 0.0086284 0.0314372 0.0301605 0.0301110 0.0298706 0.0310085 0.0343775 0.0309991 0.0275618 0.0420051 0.0032187 0.0416771 
Dasyuridae_Planigale_tenuirostris            0.0280839 0.0436213 0.0312701 0.0368506 0.0374755 0.0111724 0.0301844 0.0314843 0.0365105 0.0488471 0.0315967 0.0094151 0.0073713 0.0316360 0.0378010 0.0105929 0.0108804 0.0000000 0.0484801 0.0331813 0.0332374 0.0427528 0.0448691 0.0118003 0.0369236 0.0382587 0.0346418 0.0351796 0.0349052 0.0411421 0.0376118 0.0312083 0.0500963 0.0097089 0.0481987 
Peramelidae_Echymipera_kalubu                0.0339946 0.0460449 0.0362121 0.0404041 0.0404530 0.0429205 0.0393440 0.0387990 0.0391235 0.0079287 0.0386332 0.0412458 0.0403869 0.0380817 0.0401985 0.0419086 0.0421674 0.0484801 0.0000000 0.0377719 0.0392064 0.0440184 0.0442506 0.0422672 0.0384598 0.0397850 0.0389333 0.0390494 0.0400714 0.0425775 0.0392821 0.0373827 0.0070349 0.0500192 0.0080541 
Macropodidae_Dorcopsulus_vanheurni           0.0157960 0.0309921 0.0197514 0.0071256 0.0065983 0.0294037 0.0208348 0.0188719 0.0057160 0.0370831 0.0185181 0.0280114 0.0276172 0.0183658 0.0200369 0.0290504 0.0284679 0.0331813 0.0377719 0.0000000 0.0223526 0.0335267 0.0333672 0.0298526 0.0108999 0.0262385 0.0209278 0.0025842 0.0212598 0.0261074 0.0204729 0.0183170 0.0370756 0.0344095 0.0374855 
Pseudochiridae_Pseudochirulus_forbesi        0.0186016 0.0315380 0.0214289 0.0252049 0.0256229 0.0293684 0.0236543 0.0207225 0.0244306 0.0378966 0.0196451 0.0287650 0.0273969 0.0196520 0.0180788 0.0298107 0.0284337 0.0332374 0.0392064 0.0223526 0.0000000 0.0340840 0.0343017 0.0297786 0.0234943 0.0258318 0.0122063 0.0233355 0.0076385 0.0210787 0.0198406 0.0195998 0.0383649 0.0334336 0.0382959 
Didelphidae_Didelphis_virginiana             0.0303329 0.0420753 0.0317069 0.0367698 0.0368144 0.0368209 0.0357572 0.0325733 0.0359437 0.0425513 0.0323140 0.0359836 0.0374079 0.0318436 0.0348434 0.0368427 0.0360506 0.0427528 0.0440184 0.0335267 0.0340840 0.0000000 0.0166017 0.0373962 0.0343690 0.0339533 0.0352588 0.0345709 0.0348053 0.0397854 0.0355805 0.0309777 0.0440020 0.0434217 0.0426522 
Marmosidae_Monodelphis_domestica             0.0305787 0.0417091 0.0309718 0.0357814 0.0362317 0.0370757 0.0345313 0.0317931 0.0355668 0.0433816 0.0327842 0.0358266 0.0362289 0.0318764 0.0321617 0.0360997 0.0363207 0.0448691 0.0442506 0.0333672 0.0343017 0.0166017 0.0000000 0.0363558 0.0341746 0.0345170 0.0352495 0.0342070 0.0350324 0.0376455 0.0341236 0.0311937 0.0440385 0.0458685 0.0435521 
Dasyuridae_Antechinus_stuartii               0.0257320 0.0379329 0.0288105 0.0328387 0.0330601 0.0093339 0.0317738 0.0279418 0.0332303 0.0431071 0.0286616 0.0043526 0.0104230 0.0282179 0.0306439 0.0048872 0.0086284 0.0118003 0.0422672 0.0298526 0.0297786 0.0373962 0.0363558 0.0000000 0.0328783 0.0309611 0.0306816 0.0304898 0.0308264 0.0334473 0.0320417 0.0279563 0.0426121 0.0110378 0.0427598 
Hypsiprymnodontidae_Hypsiprymnodon_moschatus 0.0174991 0.0323792 0.0212766 0.0139674 0.0136173 0.0319786 0.0231418 0.0213326 0.0130572 0.0373763 0.0206250 0.0313817 0.0307674 0.0204503 0.0221855 0.0324328 0.0314372 0.0369236 0.0384598 0.0108999 0.0234943 0.0343690 0.0341746 0.0328783 0.0000000 0.0280596 0.0222725 0.0116347 0.0224507 0.0278246 0.0214048 0.0203990 0.0377800 0.0379071 0.0377630 
Microbiotheriidae_Dromiciops_gliroides       0.0209949 0.0352976 0.0216832 0.0278047 0.0279972 0.0307438 0.0269906 0.0245494 0.0289874 0.0384187 0.0243523 0.0299193 0.0297102 0.0240341 0.0275636 0.0301396 0.0301605 0.0382587 0.0397850 0.0262385 0.0258318 0.0339533 0.0345170 0.0309611 0.0280596 0.0000000 0.0271257 0.0266118 0.0267086 0.0300919 0.0268170 0.0237824 0.0388685 0.0398993 0.0379884 
Pseudochiridae_Petauroides_volans            0.0186932 0.0305680 0.0207341 0.0245465 0.0245752 0.0306527 0.0233856 0.0215730 0.0241584 0.0389337 0.0210186 0.0296662 0.0290560 0.0203031 0.0196450 0.0306843 0.0301110 0.0346418 0.0389333 0.0209278 0.0122063 0.0352588 0.0352495 0.0306816 0.0222725 0.0271257 0.0000000 0.0219134 0.0120754 0.0227509 0.0197211 0.0202559 0.0398119 0.0364432 0.0392905 
Macropodidae_Wallabia_bicolor                0.0169266 0.0322542 0.0210902 0.0069557 0.0064273 0.0308227 0.0223639 0.0196412 0.0058971 0.0383396 0.0194683 0.0294123 0.0286313 0.0195100 0.0214205 0.0300786 0.0298706 0.0351796 0.0390494 0.0025842 0.0233355 0.0345709 0.0342070 0.0304898 0.0116347 0.0266118 0.0219134 0.0000000 0.0222562 0.0265801 0.0218356 0.0192688 0.0383773 0.0369548 0.0387653 
Pseudochiridae_Pseudocheirus_occidentalis    0.0184218 0.0302842 0.0205026 0.0245537 0.0245828 0.0314026 0.0219948 0.0198043 0.0231793 0.0388007 0.0194493 0.0291886 0.0289830 0.0190983 0.0189579 0.0298448 0.0310085 0.0349052 0.0400714 0.0212598 0.0076385 0.0348053 0.0350324 0.0308264 0.0224507 0.0267086 0.0120754 0.0222562 0.0000000 0.0219044 0.0191096 0.0190466 0.0384426 0.0375184 0.0387135 
Tarsipedidae_Tarsipes_rostratus              0.0231647 0.0367165 0.0260330 0.0283599 0.0283516 0.0351392 0.0271283 0.0252574 0.0279507 0.0427615 0.0242941 0.0332581 0.0328473 0.0241136 0.0206532 0.0335434 0.0343775 0.0411421 0.0425775 0.0261074 0.0210787 0.0397854 0.0376455 0.0334473 0.0278246 0.0300919 0.0227509 0.0265801 0.0219044 0.0000000 0.0241624 0.0236698 0.0428757 0.0421620 0.0429311 
Acrobatidae_Distoechurus_pennatus            0.0173169 0.0315138 0.0220065 0.0233107 0.0237236 0.0317403 0.0236927 0.0220689 0.0236862 0.0390319 0.0219556 0.0299618 0.0301304 0.0209982 0.0126716 0.0310031 0.0309991 0.0376118 0.0392821 0.0204729 0.0198406 0.0355805 0.0341236 0.0320417 0.0214048 0.0268170 0.0197211 0.0218356 0.0191096 0.0241624 0.0000000 0.0209476 0.0386522 0.0372810 0.0394116 
Phalangeridae_Phalanger_carmelitae           0.0144495 0.0302243 0.0187171 0.0213049 0.0213294 0.0280986 0.0092778 0.0046640 0.0209224 0.0356604 0.0041894 0.0265275 0.0269082 0.0013741 0.0207384 0.0271677 0.0275618 0.0312083 0.0373827 0.0183170 0.0195998 0.0309777 0.0311937 0.0279563 0.0203990 0.0237824 0.0202559 0.0192688 0.0190466 0.0236698 0.0209476 0.0000000 0.0352193 0.0333440 0.0362705 
Peramelidae_Peroryctes_raffrayana            0.0334019 0.0445870 0.0360961 0.0402329 0.0398500 0.0432866 0.0378316 0.0368876 0.0389189 0.0061346 0.0370461 0.0409003 0.0406593 0.0361683 0.0394663 0.0413661 0.0420051 0.0500963 0.0070349 0.0370756 0.0383649 0.0440020 0.0440385 0.0426121 0.0377800 0.0388685 0.0398119 0.0383773 0.0384426 0.0428757 0.0386522 0.0352193 0.0000000 0.0517085 0.0061430 
Dasyuridae_Dasyurus_geffroii                 0.0301503 0.0439955 0.0344568 0.0384738 0.0388604 0.0032115 0.0324463 0.0335875 0.0381473 0.0503107 0.0337893 0.0081206 0.0108965 0.0334659 0.0390506 0.0092418 0.0032187 0.0097089 0.0500192 0.0344095 0.0334336 0.0434217 0.0458685 0.0110378 0.0379071 0.0398993 0.0364432 0.0369548 0.0375184 0.0421620 0.0372810 0.0333440 0.0517085 0.0000000 0.0495554 
Peramelidae_Perameles_gunnii                 0.0334939 0.0445750 0.0346756 0.0405497 0.0401785 0.0426427 0.0390370 0.0376851 0.0394800 0.0000010 0.0374781 0.0409646 0.0405175 0.0371563 0.0394831 0.0413904 0.0416771 0.0481987 0.0080541 0.0374855 0.0382959 0.0426522 0.0435521 0.0427598 0.0377630 0.0379884 0.0392905 0.0387653 0.0387135 0.0429311 0.0394116 0.0362705 0.0061430 0.0495554 0.0000000 
