35
Burramyidae_Burramys_parvus                  0.0000000 0.0963593 0.0696470 0.0870232 0.0792966 0.0953965 0.0524669 0.0574966 0.0796044 0.1034675 0.0565155 0.0962430 0.0903577 0.0547270 0.0631869 0.0845764 0.0875167 0.0812914 0.1021740 0.0814198 0.0782537 0.1072109 0.0979490 0.0924723 0.0772495 0.0890978 0.0581203 0.0841935 0.0705521 0.0801407 0.0644922 0.0539207 0.1032384 0.0959843 0.1042835 
Notoryctidae_Notoryctes_typhlops             0.0963593 0.0000000 0.0991968 0.1159504 0.1099322 0.1001883 0.0852391 0.0893054 0.1030813 0.1076737 0.0868218 0.0989204 0.1007114 0.0884138 0.0823497 0.0981785 0.1016474 0.0796066 0.1086138 0.1025401 0.1000233 0.1227997 0.1135132 0.1020654 0.1014450 0.0960844 0.0882229 0.1075673 0.0896216 0.1009611 0.0842151 0.0867298 0.1082402 0.0997722 0.1061168 
Vombatidae_Lasiorhinus_latifrons             0.0696470 0.0991968 0.0000000 0.0907989 0.0823006 0.0956820 0.0594102 0.0655953 0.0777496 0.1029323 0.0645232 0.0950528 0.0953775 0.0632048 0.0617353 0.0878104 0.0920156 0.0839412 0.1025385 0.0818635 0.0767861 0.1074469 0.0954486 0.0936045 0.0810596 0.0869056 0.0611631 0.0854840 0.0687044 0.0862248 0.0619458 0.0636781 0.1016189 0.0962640 0.1024242 
Potoroidae_Bettongia_penicillata             0.0870232 0.1159504 0.0907989 0.0000000 0.0132443 0.1125489 0.0735177 0.0753190 0.0189639 0.1164166 0.0740231 0.1113639 0.1070557 0.0760387 0.0748380 0.1066587 0.1107542 0.0955002 0.1191385 0.0455156 0.0921792 0.1295847 0.1164316 0.1108161 0.0609758 0.1105038 0.0732097 0.0446741 0.0810998 0.0994000 0.0783242 0.0747479 0.1177564 0.1131070 0.1204100 
Potoroidae_Bettongia_lesueur                 0.0792966 0.1099322 0.0823006 0.0132443 0.0000000 0.1005368 0.0647633 0.0664706 0.0143863 0.1062881 0.0641670 0.1020528 0.0992084 0.0670864 0.0699988 0.0991617 0.1023786 0.0860910 0.1076928 0.0381556 0.0843900 0.1150090 0.1046680 0.0963015 0.0524218 0.0990031 0.0680807 0.0372616 0.0754652 0.0901192 0.0704113 0.0654056 0.1094671 0.1010863 0.1071150 
Dasyuridae_Dasyurus_maculatus                0.0953965 0.1001883 0.0956820 0.1125489 0.1005368 0.0000000 0.0822510 0.0904132 0.0989961 0.1035574 0.0854771 0.0228913 0.0341540 0.0872266 0.0858807 0.0193611 0.0059123 0.0302137 0.1063560 0.0962139 0.0957578 0.1225571 0.1064722 0.0226130 0.1014344 0.0984286 0.0859951 0.1034916 0.0875632 0.1043645 0.0847168 0.0854491 0.1047849 0.0057427 0.1041895 
Phalangeridae_Trichosurus_vulpecula          0.0524669 0.0852391 0.0594102 0.0735177 0.0647633 0.0822510 0.0000000 0.0148134 0.0642960 0.0876148 0.0152223 0.0792245 0.0808088 0.0129047 0.0524348 0.0697549 0.0747588 0.0695736 0.0902671 0.0653593 0.0587562 0.0933108 0.0816959 0.0781849 0.0664559 0.0779359 0.0451627 0.0667705 0.0540118 0.0627928 0.0514567 0.0124998 0.0904652 0.0832960 0.0882508 
Phalangeridae_Spilocuscus_maculatus          0.0574966 0.0893054 0.0655953 0.0753190 0.0664706 0.0904132 0.0148134 0.0000000 0.0660695 0.0933821 0.0137490 0.0843540 0.0843740 0.0102969 0.0569925 0.0736868 0.0801830 0.0770453 0.0940360 0.0701575 0.0629292 0.0978206 0.0867817 0.0830904 0.0668376 0.0846216 0.0473847 0.0705749 0.0558136 0.0716831 0.0579219 0.0095128 0.0972743 0.0914776 0.0947382 
Potoroidae_Aepyprymnus_rufescens             0.0796044 0.1030813 0.0777496 0.0189639 0.0143863 0.0989961 0.0642960 0.0660695 0.0000000 0.1051206 0.0630228 0.0983454 0.0930805 0.0661634 0.0707161 0.0946862 0.0980671 0.0844728 0.1067184 0.0324590 0.0802042 0.1166338 0.1052453 0.0959676 0.0490848 0.0959809 0.0663095 0.0341136 0.0707441 0.0902431 0.0711010 0.0649506 0.1091423 0.0995758 0.1061131 
Peramelidae_Perameles_nasuta                 0.1034675 0.1076737 0.1029323 0.1164166 0.1062881 0.1035574 0.0876148 0.0933821 0.1051206 0.0000000 0.0896909 0.1028561 0.1046862 0.0918016 0.0978192 0.0985869 0.1024427 0.0820628 0.0190585 0.1046789 0.1045971 0.1155217 0.1075994 0.0983316 0.1059476 0.0945283 0.0932732 0.1066809 0.0968970 0.1057214 0.0935997 0.0909119 0.0183063 0.1038771 0.0021465 
Phalangeridae_Strigocuscus_pelengensis       0.0565155 0.0868218 0.0645232 0.0740231 0.0641670 0.0854771 0.0152223 0.0137490 0.0630228 0.0896909 0.0000000 0.0826512 0.0860692 0.0117842 0.0559483 0.0745458 0.0804047 0.0687939 0.0926969 0.0686680 0.0629373 0.0948554 0.0835898 0.0794375 0.0656297 0.0798509 0.0481022 0.0683342 0.0551550 0.0699331 0.0576572 0.0109733 0.0933247 0.0865710 0.0904722 
Dasyuridae_Phascogale_tapoatafa              0.0962430 0.0989204 0.0950528 0.1113639 0.1020528 0.0228913 0.0792245 0.0843540 0.0983454 0.1028561 0.0826512 0.0000000 0.0332098 0.0822208 0.0830727 0.0049934 0.0244191 0.0253904 0.1054452 0.0969982 0.0941234 0.1186527 0.1056714 0.0128356 0.1001954 0.0942672 0.0842409 0.1041118 0.0857546 0.1002073 0.0840474 0.0818310 0.1031551 0.0244447 0.1011579 
Dasyuridae_Sminthopsis_macroura              0.0903577 0.1007114 0.0953775 0.1070557 0.0992084 0.0341540 0.0808088 0.0843740 0.0930805 0.1046862 0.0860692 0.0332098 0.0000000 0.0851168 0.0870756 0.0297579 0.0336225 0.0345729 0.1054593 0.0987724 0.1020523 0.1254173 0.1099007 0.0317584 0.0914252 0.0935867 0.0887541 0.1069091 0.0902688 0.1071547 0.0903308 0.0840161 0.1047392 0.0368241 0.1039636 
Phalangeridae_Phalanger_orientalis           0.0547270 0.0884138 0.0632048 0.0760387 0.0670864 0.0872266 0.0129047 0.0102969 0.0661634 0.0918016 0.0117842 0.0822208 0.0851168 0.0000000 0.0555947 0.0737851 0.0803002 0.0728506 0.0943762 0.0689993 0.0626329 0.0983642 0.0855411 0.0811117 0.0679327 0.0830704 0.0462668 0.0691381 0.0550936 0.0706762 0.0570339 0.0057814 0.0947879 0.0882950 0.0924554 
Acrobatidae_Acrobates_pygmaeus               0.0631869 0.0823497 0.0617353 0.0748380 0.0699988 0.0858807 0.0524348 0.0569925 0.0707161 0.0978192 0.0559483 0.0830727 0.0870756 0.0555947 0.0000000 0.0788290 0.0854081 0.0740305 0.0950061 0.0743104 0.0610704 0.1016636 0.0893868 0.0828765 0.0726635 0.0800803 0.0480539 0.0772950 0.0529695 0.0618075 0.0318575 0.0551353 0.0974132 0.0865304 0.0973703 
Dasyuridae_Phascogale_calura                 0.0845764 0.0981785 0.0878104 0.1066587 0.0991617 0.0193611 0.0697549 0.0736868 0.0946862 0.0985869 0.0745458 0.0049934 0.0297579 0.0737851 0.0788290 0.0000000 0.0198574 0.0275972 0.0990603 0.0961043 0.0908662 0.1155779 0.1012179 0.0114739 0.0968298 0.0885483 0.0794778 0.1030006 0.0802715 0.0955617 0.0806816 0.0728610 0.0957092 0.0218766 0.0979123 
Dasyuridae_Sarcophilus_harrisii              0.0875167 0.1016474 0.0920156 0.1107542 0.1023786 0.0059123 0.0747588 0.0801830 0.0980671 0.1024427 0.0804047 0.0244191 0.0336225 0.0803002 0.0854081 0.0198574 0.0000000 0.0364746 0.1042137 0.0977546 0.0975405 0.1238153 0.1070132 0.0224028 0.0994320 0.0957291 0.0837612 0.1038569 0.0870297 0.1033674 0.0873950 0.0793260 0.1031387 0.0082315 0.1032194 
Dasyuridae_Planigale_tenuirostris            0.0812914 0.0796066 0.0839412 0.0955002 0.0860910 0.0302137 0.0695736 0.0770453 0.0844728 0.0820628 0.0687939 0.0253904 0.0345729 0.0728506 0.0740305 0.0275972 0.0364746 0.0000000 0.0824779 0.0765338 0.0856962 0.1020727 0.0895863 0.0248979 0.0840888 0.0827665 0.0669058 0.0854308 0.0730041 0.0859973 0.0720646 0.0722063 0.0842067 0.0296536 0.0816982 
Peramelidae_Echymipera_kalubu                0.1021740 0.1086138 0.1025385 0.1191385 0.1076928 0.1063560 0.0902671 0.0940360 0.1067184 0.0190585 0.0926969 0.1054452 0.1054593 0.0943762 0.0950061 0.0990603 0.1042137 0.0824779 0.0000000 0.1040727 0.1073267 0.1198385 0.1087601 0.1012715 0.1054004 0.0980186 0.0924585 0.1075145 0.0984870 0.1085316 0.0946965 0.0924421 0.0168109 0.1066432 0.0201595 
Macropodidae_Dorcopsulus_vanheurni           0.0814198 0.1025401 0.0818635 0.0455156 0.0381556 0.0962139 0.0653593 0.0701575 0.0324590 0.1046789 0.0686680 0.0969982 0.0987724 0.0689993 0.0743104 0.0961043 0.0977546 0.0765338 0.1040727 0.0000000 0.0840445 0.1131533 0.1018442 0.0963891 0.0566500 0.0990002 0.0665505 0.0154109 0.0749155 0.0839224 0.0735827 0.0686802 0.1067442 0.0967940 0.1047041 
Pseudochiridae_Pseudochirulus_forbesi        0.0782537 0.1000233 0.0767861 0.0921792 0.0843900 0.0957578 0.0587562 0.0629292 0.0802042 0.1045971 0.0629373 0.0941234 0.1020523 0.0626329 0.0610704 0.0908662 0.0975405 0.0856962 0.1073267 0.0840445 0.0000000 0.1114420 0.0968130 0.0977251 0.0832791 0.0968429 0.0414099 0.0866813 0.0300963 0.0784395 0.0643131 0.0606291 0.1044421 0.0963430 0.1052248 
Didelphidae_Didelphis_virginiana             0.1072109 0.1227997 0.1074469 0.1295847 0.1150090 0.1225571 0.0933108 0.0978206 0.1166338 0.1155217 0.0948554 0.1186527 0.1254173 0.0983642 0.1016636 0.1155779 0.1238153 0.1020727 0.1198385 0.1131533 0.1114420 0.0000000 0.0389666 0.1144051 0.1141420 0.1082963 0.0993763 0.1134327 0.1016354 0.1170661 0.1018706 0.0966141 0.1171691 0.1250629 0.1181859 
Marmosidae_Monodelphis_domestica             0.0979490 0.1135132 0.0954486 0.1164316 0.1046680 0.1064722 0.0816959 0.0867817 0.1052453 0.1075994 0.0835898 0.1056714 0.1099007 0.0855411 0.0893868 0.1012179 0.1070132 0.0895863 0.1087601 0.1018442 0.0968130 0.0389666 0.0000000 0.1035209 0.1004251 0.0986225 0.0839244 0.1048479 0.0892349 0.1063193 0.0901801 0.0846903 0.1055793 0.1088533 0.1100237 
Dasyuridae_Antechinus_stuartii               0.0924723 0.1020654 0.0936045 0.1108161 0.0963015 0.0226130 0.0781849 0.0830904 0.0959676 0.0983316 0.0794375 0.0128356 0.0317584 0.0811117 0.0828765 0.0114739 0.0224028 0.0248979 0.1012715 0.0963891 0.0977251 0.1144051 0.1035209 0.0000000 0.0966767 0.0919538 0.0855933 0.1035886 0.0875374 0.1011356 0.0815197 0.0807779 0.1001246 0.0241396 0.0977880 
Hypsiprymnodontidae_Hypsiprymnodon_moschatus 0.0772495 0.1014450 0.0810596 0.0609758 0.0524218 0.1014344 0.0664559 0.0668376 0.0490848 0.1059476 0.0656297 0.1001954 0.0914252 0.0679327 0.0726635 0.0968298 0.0994320 0.0840888 0.1054004 0.0566500 0.0832791 0.1141420 0.1004251 0.0966767 0.0000000 0.0917679 0.0702555 0.0546511 0.0724790 0.0907383 0.0709526 0.0676185 0.1103773 0.1009619 0.1059876 
Microbiotheriidae_Dromiciops_gliroides       0.0890978 0.0960844 0.0869056 0.1105038 0.0990031 0.0984286 0.0779359 0.0846216 0.0959809 0.0945283 0.0798509 0.0942672 0.0935867 0.0830704 0.0800803 0.0885483 0.0957291 0.0827665 0.0980186 0.0990002 0.0968429 0.1082963 0.0986225 0.0919538 0.0917679 0.0000000 0.0790472 0.1053970 0.0836810 0.0973547 0.0784175 0.0822618 0.0952191 0.0990046 0.0942776 
Pseudochiridae_Petauroides_volans            0.0581203 0.0882229 0.0611631 0.0732097 0.0680807 0.0859951 0.0451627 0.0473847 0.0663095 0.0932732 0.0481022 0.0842409 0.0887541 0.0462668 0.0480539 0.0794778 0.0837612 0.0669058 0.0924585 0.0665505 0.0414099 0.0993763 0.0839244 0.0855933 0.0702555 0.0790472 0.0000000 0.0687279 0.0358946 0.0596849 0.0476407 0.0461045 0.0940070 0.0865894 0.0936055 
Macropodidae_Wallabia_bicolor                0.0841935 0.1075673 0.0854840 0.0446741 0.0372616 0.1034916 0.0667705 0.0705749 0.0341136 0.1066809 0.0683342 0.1041118 0.1069091 0.0691381 0.0772950 0.1030006 0.1038569 0.0854308 0.1075145 0.0154109 0.0866813 0.1134327 0.1048479 0.1035886 0.0546511 0.1053970 0.0687279 0.0000000 0.0747651 0.0876156 0.0765671 0.0688141 0.1118618 0.1040602 0.1086798 
Pseudochiridae_Pseudocheirus_occidentalis    0.0705521 0.0896216 0.0687044 0.0810998 0.0754652 0.0875632 0.0540118 0.0558136 0.0707441 0.0968970 0.0551550 0.0857546 0.0902688 0.0550936 0.0529695 0.0802715 0.0870297 0.0730041 0.0984870 0.0749155 0.0300963 0.1016354 0.0892349 0.0875374 0.0724790 0.0836810 0.0358946 0.0747651 0.0000000 0.0714755 0.0558931 0.0540531 0.0984179 0.0881661 0.0978559 
Tarsipedidae_Tarsipes_rostratus              0.0801407 0.1009611 0.0862248 0.0994000 0.0901192 0.1043645 0.0627928 0.0716831 0.0902431 0.1057214 0.0699331 0.1002073 0.1071547 0.0706762 0.0618075 0.0955617 0.1033674 0.0859973 0.1085316 0.0839224 0.0784395 0.1170661 0.1063193 0.1011356 0.0907383 0.0973547 0.0596849 0.0876156 0.0714755 0.0000000 0.0633451 0.0681199 0.1081253 0.1046843 0.1058584 
Acrobatidae_Distoechurus_pennatus            0.0644922 0.0842151 0.0619458 0.0783242 0.0704113 0.0847168 0.0514567 0.0579219 0.0711010 0.0935997 0.0576572 0.0840474 0.0903308 0.0570339 0.0318575 0.0806816 0.0873950 0.0720646 0.0946965 0.0735827 0.0643131 0.1018706 0.0901801 0.0815197 0.0709526 0.0784175 0.0476407 0.0765671 0.0558931 0.0633451 0.0000000 0.0565076 0.0951013 0.0851682 0.0936494 
Phalangeridae_Phalanger_carmelitae           0.0539207 0.0867298 0.0636781 0.0747479 0.0654056 0.0854491 0.0124998 0.0095128 0.0649506 0.0909119 0.0109733 0.0818310 0.0840161 0.0057814 0.0551353 0.0728610 0.0793260 0.0722063 0.0924421 0.0686802 0.0606291 0.0966141 0.0846903 0.0807779 0.0676185 0.0822618 0.0461045 0.0688141 0.0540531 0.0681199 0.0565076 0.0000000 0.0929611 0.0865167 0.0915650 
Peramelidae_Peroryctes_raffrayana            0.1032384 0.1082402 0.1016189 0.1177564 0.1094671 0.1047849 0.0904652 0.0972743 0.1091423 0.0183063 0.0933247 0.1031551 0.1047392 0.0947879 0.0974132 0.0957092 0.1031387 0.0842067 0.0168109 0.1067442 0.1044421 0.1171691 0.1055793 0.1001246 0.1103773 0.0952191 0.0940070 0.1118618 0.0984179 0.1081253 0.0951013 0.0929611 0.0000000 0.1050771 0.0182673 
Dasyuridae_Dasyurus_geffroii                 0.0959843 0.0997722 0.0962640 0.1131070 0.1010863 0.0057427 0.0832960 0.0914776 0.0995758 0.1038771 0.0865710 0.0244447 0.0368241 0.0882950 0.0865304 0.0218766 0.0082315 0.0296536 0.1066432 0.0967940 0.0963430 0.1250629 0.1088533 0.0241396 0.1009619 0.0990046 0.0865894 0.1040602 0.0881661 0.1046843 0.0851682 0.0865167 0.1050771 0.0000000 0.1044818 
Peramelidae_Perameles_gunnii                 0.1042835 0.1061168 0.1024242 0.1204100 0.1071150 0.1041895 0.0882508 0.0947382 0.1061131 0.0021465 0.0904722 0.1011579 0.1039636 0.0924554 0.0973703 0.0979123 0.1032194 0.0816982 0.0201595 0.1047041 0.1052248 0.1181859 0.1100237 0.0977880 0.1059876 0.0942776 0.0936055 0.1086798 0.0978559 0.1058584 0.0936494 0.0915650 0.0182673 0.1044818 0.0000000 
