35
Burramyidae_Burramys_parvus                  0.0000000 0.0343861 0.0204742 0.0325591 0.0370206 0.0252870 0.0214313 0.0361444 0.0245374 0.0379593 0.0368185 0.0241459 0.0189515 0.0375799 0.0373770 0.0343171 0.0265330 0.0430587 0.0404427 0.0366052 0.0283928 0.0335566 0.0295777 0.0282592 0.0218650 0.0303453 0.0194682 0.0230638 0.0371286 0.0376622 0.0374999 0.0300332 0.0307657 0.0341946 0.0315456 
Notoryctidae_Notoryctes_typhlops             0.0343861 0.0000000 0.0325360 0.0456660 0.0445584 0.0434849 0.0412637 0.0430646 0.0429534 0.0438811 0.0455894 0.0434112 0.0320549 0.0455281 0.0445862 0.0427721 0.0405900 0.0522651 0.0468340 0.0458871 0.0437656 0.0441179 0.0465583 0.0408744 0.0373858 0.0448099 0.0337805 0.0415244 0.0443310 0.0455413 0.0448616 0.0397180 0.0412302 0.0412611 0.0417705 
Vombatidae_Lasiorhinus_latifrons             0.0204742 0.0325360 0.0000000 0.0324607 0.0337076 0.0276960 0.0253514 0.0331060 0.0276648 0.0323376 0.0326766 0.0271007 0.0173031 0.0324702 0.0334676 0.0311903 0.0274887 0.0457189 0.0408956 0.0327180 0.0285068 0.0324181 0.0322446 0.0301003 0.0229200 0.0341495 0.0214613 0.0259848 0.0343115 0.0343302 0.0346860 0.0292425 0.0296186 0.0321870 0.0317169 
Potoroidae_Bettongia_penicillata             0.0325591 0.0456660 0.0324607 0.0000000 0.0472986 0.0419646 0.0364768 0.0429665 0.0409894 0.0480743 0.0476134 0.0404334 0.0276913 0.0477929 0.0484005 0.0457778 0.0375109 0.0560549 0.0503751 0.0462961 0.0217709 0.0428668 0.0399192 0.0102346 0.0319662 0.0434519 0.0306938 0.0392185 0.0463701 0.0467165 0.0457043 0.0010345 0.0041955 0.0419161 0.0124218 
Dasyuridae_Dasyurus_maculatus                0.0370206 0.0445584 0.0337076 0.0472986 0.0000000 0.0456477 0.0436757 0.0428323 0.0455799 0.0089472 0.0116779 0.0468353 0.0320021 0.0085686 0.0032232 0.0111970 0.0397173 0.0510206 0.0456064 0.0094640 0.0438470 0.0414853 0.0428545 0.0437857 0.0369123 0.0466207 0.0346513 0.0452808 0.0420833 0.0020638 0.0441507 0.0418790 0.0433459 0.0381247 0.0441592 
Phalangeridae_Trichosurus_vulpecula          0.0252870 0.0434849 0.0276960 0.0419646 0.0456477 0.0000000 0.0121673 0.0415499 0.0147646 0.0451189 0.0458501 0.0140838 0.0249837 0.0441353 0.0451141 0.0412453 0.0333940 0.0534265 0.0496257 0.0433547 0.0365695 0.0410250 0.0369116 0.0379771 0.0286545 0.0367691 0.0274213 0.0135759 0.0428704 0.0463345 0.0426629 0.0391305 0.0402410 0.0404580 0.0414678 
Phalangeridae_Spilocuscus_maculatus          0.0214313 0.0412637 0.0253514 0.0364768 0.0436757 0.0121673 0.0000000 0.0408966 0.0082618 0.0441391 0.0452212 0.0075001 0.0240031 0.0440847 0.0437616 0.0410639 0.0310654 0.0498304 0.0475009 0.0429366 0.0319470 0.0383534 0.0336924 0.0319990 0.0273882 0.0343340 0.0247838 0.0072397 0.0422656 0.0443978 0.0422042 0.0348762 0.0359724 0.0407429 0.0362301 
Peramelidae_Perameles_nasuta                 0.0361444 0.0430646 0.0331060 0.0429665 0.0428323 0.0415499 0.0408966 0.0000000 0.0423407 0.0432610 0.0437385 0.0422175 0.0322184 0.0438994 0.0432445 0.0404841 0.0424183 0.0527284 0.0476505 0.0441489 0.0412913 0.0414109 0.0436936 0.0397366 0.0387896 0.0449763 0.0356558 0.0408335 0.0099652 0.0435819 0.0010143 0.0386465 0.0401572 0.0080456 0.0384290 
Phalangeridae_Strigocuscus_pelengensis       0.0245374 0.0429534 0.0276648 0.0409894 0.0455799 0.0147646 0.0082618 0.0423407 0.0000000 0.0446692 0.0451149 0.0069494 0.0254556 0.0443326 0.0450310 0.0418607 0.0320349 0.0518487 0.0489062 0.0434502 0.0353217 0.0405876 0.0356869 0.0379313 0.0282971 0.0372423 0.0265491 0.0064589 0.0449625 0.0462863 0.0440974 0.0396969 0.0409073 0.0436004 0.0399933 
Dasyuridae_Phascogale_tapoatafa              0.0379593 0.0438811 0.0323376 0.0480743 0.0089472 0.0451189 0.0441391 0.0432610 0.0446692 0.0000000 0.0114294 0.0462960 0.0314908 0.0011576 0.0075009 0.0101295 0.0394831 0.0528891 0.0467698 0.0044137 0.0449047 0.0447299 0.0432082 0.0458313 0.0373285 0.0460628 0.0358829 0.0460135 0.0421603 0.0087159 0.0439725 0.0430267 0.0445465 0.0402877 0.0468223 
Dasyuridae_Sminthopsis_macroura              0.0368185 0.0455894 0.0326766 0.0476134 0.0116779 0.0458501 0.0452212 0.0437385 0.0451149 0.0114294 0.0000000 0.0460591 0.0327116 0.0108283 0.0114412 0.0085766 0.0404950 0.0505936 0.0467520 0.0117073 0.0459255 0.0438215 0.0433447 0.0459771 0.0384359 0.0477036 0.0362646 0.0451463 0.0426038 0.0119428 0.0443875 0.0427873 0.0442719 0.0390036 0.0468849 
Phalangeridae_Phalanger_orientalis           0.0241459 0.0434112 0.0271007 0.0404334 0.0468353 0.0140838 0.0075001 0.0422175 0.0069494 0.0462960 0.0460591 0.0000000 0.0250008 0.0456449 0.0463007 0.0435180 0.0339793 0.0524030 0.0492625 0.0445230 0.0336638 0.0400762 0.0357925 0.0376670 0.0277527 0.0359247 0.0274289 0.0018321 0.0444709 0.0475280 0.0445352 0.0394124 0.0405240 0.0427913 0.0410583 
Acrobatidae_Acrobates_pygmaeus               0.0189515 0.0320549 0.0173031 0.0276913 0.0320021 0.0249837 0.0240031 0.0322184 0.0254556 0.0314908 0.0327116 0.0250008 0.0000000 0.0310303 0.0317619 0.0279435 0.0220802 0.0413274 0.0366685 0.0312907 0.0242490 0.0309870 0.0263665 0.0251613 0.0177301 0.0273877 0.0099713 0.0238981 0.0322806 0.0326155 0.0335558 0.0258697 0.0268611 0.0308934 0.0285933 
Dasyuridae_Phascogale_calura                 0.0375799 0.0455281 0.0324702 0.0477929 0.0085686 0.0441353 0.0440847 0.0438994 0.0443326 0.0011576 0.0108283 0.0456449 0.0310303 0.0000000 0.0071084 0.0096250 0.0384722 0.0530156 0.0460607 0.0039917 0.0442359 0.0444117 0.0423550 0.0451758 0.0376675 0.0460712 0.0351399 0.0453601 0.0412043 0.0083346 0.0436085 0.0430062 0.0444389 0.0398693 0.0467912 
Dasyuridae_Sarcophilus_harrisii              0.0373770 0.0445862 0.0334676 0.0484005 0.0032232 0.0451141 0.0437616 0.0432445 0.0450310 0.0075009 0.0114412 0.0463007 0.0317619 0.0071084 0.0000000 0.0104148 0.0391580 0.0495159 0.0457193 0.0077611 0.0433092 0.0421568 0.0416603 0.0448516 0.0362944 0.0457428 0.0349985 0.0447485 0.0418339 0.0029943 0.0439079 0.0437359 0.0452281 0.0391906 0.0460438 
Dasyuridae_Planigale_tenuirostris            0.0343171 0.0427721 0.0311903 0.0457778 0.0111970 0.0412453 0.0410639 0.0404841 0.0418607 0.0101295 0.0085766 0.0435180 0.0279435 0.0096250 0.0104148 0.0000000 0.0344205 0.0500778 0.0418666 0.0109341 0.0425853 0.0401159 0.0399237 0.0440906 0.0316993 0.0446471 0.0316112 0.0419081 0.0408404 0.0112156 0.0412925 0.0407865 0.0423526 0.0372799 0.0447963 
Pseudochiridae_Pseudochirulus_forbesi        0.0265330 0.0405900 0.0274887 0.0375109 0.0397173 0.0333940 0.0310654 0.0424183 0.0320349 0.0394831 0.0404950 0.0339793 0.0220802 0.0384722 0.0391580 0.0344205 0.0000000 0.0510284 0.0459867 0.0377579 0.0348238 0.0409664 0.0234852 0.0344611 0.0120761 0.0336195 0.0252702 0.0328039 0.0407096 0.0403774 0.0431037 0.0367669 0.0371755 0.0394104 0.0393990 
Didelphidae_Didelphis_virginiana             0.0430587 0.0522651 0.0457189 0.0560549 0.0510206 0.0534265 0.0498304 0.0527284 0.0518487 0.0528891 0.0505936 0.0524030 0.0413274 0.0530156 0.0495159 0.0500778 0.0510284 0.0000000 0.0163530 0.0500658 0.0553328 0.0496372 0.0530984 0.0538971 0.0461166 0.0548475 0.0417316 0.0506996 0.0538762 0.0514826 0.0542846 0.0495102 0.0518917 0.0514533 0.0537697 
Marmosidae_Monodelphis_domestica             0.0404427 0.0468340 0.0408956 0.0503751 0.0456064 0.0496257 0.0475009 0.0476505 0.0489062 0.0467698 0.0467520 0.0492625 0.0366685 0.0460607 0.0457193 0.0418666 0.0459867 0.0163530 0.0000000 0.0446418 0.0501084 0.0444419 0.0489966 0.0483927 0.0425295 0.0509835 0.0388225 0.0479902 0.0499611 0.0463115 0.0504176 0.0452205 0.0474539 0.0492633 0.0498121 
Dasyuridae_Antechinus_stuartii               0.0366052 0.0458871 0.0327180 0.0462961 0.0094640 0.0433547 0.0429366 0.0441489 0.0434502 0.0044137 0.0117073 0.0445230 0.0312907 0.0039917 0.0077611 0.0109341 0.0377579 0.0500658 0.0446418 0.0000000 0.0440676 0.0439385 0.0405353 0.0440584 0.0364871 0.0459031 0.0345161 0.0442421 0.0436112 0.0092319 0.0441364 0.0421371 0.0436157 0.0401014 0.0462235 
Hypsiprymnodontidae_Hypsiprymnodon_moschatus 0.0283928 0.0437656 0.0285068 0.0217709 0.0438470 0.0365695 0.0319470 0.0412913 0.0353217 0.0449047 0.0459255 0.0336638 0.0242490 0.0442359 0.0433092 0.0425853 0.0348238 0.0553328 0.0501084 0.0440676 0.0000000 0.0419951 0.0366066 0.0183063 0.0292800 0.0385405 0.0285763 0.0324914 0.0416415 0.0438997 0.0440343 0.0202051 0.0217443 0.0418207 0.0216513 
Microbiotheriidae_Dromiciops_gliroides       0.0335566 0.0441179 0.0324181 0.0428668 0.0414853 0.0410250 0.0383534 0.0414109 0.0405876 0.0447299 0.0438215 0.0400762 0.0309870 0.0444117 0.0421568 0.0401159 0.0409664 0.0496372 0.0444419 0.0439385 0.0419951 0.0000000 0.0418392 0.0406284 0.0358300 0.0428680 0.0330093 0.0388582 0.0420847 0.0415353 0.0423612 0.0394024 0.0409141 0.0419302 0.0420165 
Pseudochiridae_Petauroides_volans            0.0295777 0.0465583 0.0322446 0.0399192 0.0428545 0.0369116 0.0336924 0.0436936 0.0356869 0.0432082 0.0433447 0.0357925 0.0263665 0.0423550 0.0416603 0.0399237 0.0234852 0.0530984 0.0489966 0.0405353 0.0366066 0.0418392 0.0000000 0.0379455 0.0197993 0.0350654 0.0266008 0.0348703 0.0447777 0.0429103 0.0451634 0.0404790 0.0416100 0.0451493 0.0435711 
Macropodidae_Wallabia_bicolor                0.0282592 0.0408744 0.0301003 0.0102346 0.0437857 0.0379771 0.0319990 0.0397366 0.0379313 0.0458313 0.0459771 0.0376670 0.0251613 0.0451758 0.0448516 0.0440906 0.0344611 0.0538971 0.0483927 0.0440584 0.0183063 0.0406284 0.0379455 0.0000000 0.0284731 0.0389337 0.0280979 0.0364557 0.0418659 0.0432137 0.0427559 0.0085228 0.0090943 0.0393355 0.0055299 
Pseudochiridae_Pseudocheirus_occidentalis    0.0218650 0.0373858 0.0229200 0.0319662 0.0369123 0.0286545 0.0273882 0.0387896 0.0282971 0.0373285 0.0384359 0.0277527 0.0177301 0.0376675 0.0362944 0.0316993 0.0120761 0.0461166 0.0425295 0.0364871 0.0292800 0.0358300 0.0197993 0.0284731 0.0000000 0.0287984 0.0202759 0.0268198 0.0383109 0.0372721 0.0382721 0.0311250 0.0318782 0.0357706 0.0321422 
Tarsipedidae_Tarsipes_rostratus              0.0303453 0.0448099 0.0341495 0.0434519 0.0466207 0.0367691 0.0343340 0.0449763 0.0372423 0.0460628 0.0477036 0.0359247 0.0273877 0.0460712 0.0457428 0.0446471 0.0336195 0.0548475 0.0509835 0.0459031 0.0385405 0.0428680 0.0350654 0.0389337 0.0287984 0.0000000 0.0298650 0.0359077 0.0479391 0.0473171 0.0476675 0.0422911 0.0434325 0.0446163 0.0439648 
Acrobatidae_Distoechurus_pennatus            0.0194682 0.0337805 0.0214613 0.0306938 0.0346513 0.0274213 0.0247838 0.0356558 0.0265491 0.0358829 0.0362646 0.0274289 0.0099713 0.0351399 0.0349985 0.0316112 0.0252702 0.0417316 0.0388225 0.0345161 0.0285763 0.0330093 0.0266008 0.0280979 0.0202759 0.0298650 0.0000000 0.0263082 0.0354953 0.0352801 0.0373186 0.0301952 0.0318735 0.0347702 0.0333377 
Phalangeridae_Phalanger_carmelitae           0.0230638 0.0415244 0.0259848 0.0392185 0.0452808 0.0135759 0.0072397 0.0408335 0.0064589 0.0460135 0.0451463 0.0018321 0.0238981 0.0453601 0.0447485 0.0419081 0.0328039 0.0506996 0.0479902 0.0442421 0.0324914 0.0388582 0.0348703 0.0364557 0.0268198 0.0359077 0.0263082 0.0000000 0.0425283 0.0459649 0.0426479 0.0383773 0.0394785 0.0410400 0.0400126 
Peramelidae_Peroryctes_raffrayana            0.0371286 0.0443310 0.0343115 0.0463701 0.0420833 0.0428704 0.0422656 0.0099652 0.0449625 0.0421603 0.0426038 0.0444709 0.0322806 0.0412043 0.0418339 0.0408404 0.0407096 0.0538762 0.0499611 0.0436112 0.0416415 0.0420847 0.0447777 0.0418659 0.0383109 0.0479391 0.0354953 0.0425283 0.0000000 0.0427744 0.0096966 0.0417496 0.0432464 0.0065110 0.0431038 
Dasyuridae_Dasyurus_geffroii                 0.0376622 0.0455413 0.0343302 0.0467165 0.0020638 0.0463345 0.0443978 0.0435819 0.0462863 0.0087159 0.0119428 0.0475280 0.0326155 0.0083346 0.0029943 0.0112156 0.0403774 0.0514826 0.0463115 0.0092319 0.0438997 0.0415353 0.0429103 0.0432137 0.0372721 0.0473171 0.0352801 0.0459649 0.0427744 0.0000000 0.0448344 0.0418949 0.0433624 0.0395051 0.0441759 
Peramelidae_Perameles_gunnii                 0.0374999 0.0448616 0.0346860 0.0457043 0.0441507 0.0426629 0.0422042 0.0010143 0.0440974 0.0439725 0.0443875 0.0445352 0.0335558 0.0436085 0.0439079 0.0412925 0.0431037 0.0542846 0.0504176 0.0441364 0.0440343 0.0423612 0.0451634 0.0427559 0.0382721 0.0476675 0.0373186 0.0426479 0.0096966 0.0448344 0.0000000 0.0414239 0.0432609 0.0082049 0.0436439 
Potoroidae_Bettongia_lesueur                 0.0300332 0.0397180 0.0292425 0.0010345 0.0418790 0.0391305 0.0348762 0.0386465 0.0396969 0.0430267 0.0427873 0.0394124 0.0258697 0.0430062 0.0437359 0.0407865 0.0367669 0.0495102 0.0452205 0.0421371 0.0202051 0.0394024 0.0404790 0.0085228 0.0311250 0.0422911 0.0301952 0.0383773 0.0417496 0.0418949 0.0414239 0.0000000 0.0036591 0.0407813 0.0115692 
Potoroidae_Aepyprymnus_rufescens             0.0307657 0.0412302 0.0296186 0.0041955 0.0433459 0.0402410 0.0359724 0.0401572 0.0409073 0.0445465 0.0442719 0.0405240 0.0268611 0.0444389 0.0452281 0.0423526 0.0371755 0.0518917 0.0474539 0.0436157 0.0217443 0.0409141 0.0416100 0.0090943 0.0318782 0.0434325 0.0318735 0.0394785 0.0432464 0.0433624 0.0432609 0.0036591 0.0000000 0.0426116 0.0127216 
Peramelidae_Echymipera_kalubu                0.0341946 0.0412611 0.0321870 0.0419161 0.0381247 0.0404580 0.0407429 0.0080456 0.0436004 0.0402877 0.0390036 0.0427913 0.0308934 0.0398693 0.0391906 0.0372799 0.0394104 0.0514533 0.0492633 0.0401014 0.0418207 0.0419302 0.0451493 0.0393355 0.0357706 0.0446163 0.0347702 0.0410400 0.0065110 0.0395051 0.0082049 0.0407813 0.0426116 0.0000000 0.0422971 
Macropodidae_Dorcopsulus_vanheurni           0.0315456 0.0417705 0.0317169 0.0124218 0.0441592 0.0414678 0.0362301 0.0384290 0.0399933 0.0468223 0.0468849 0.0410583 0.0285933 0.0467912 0.0460438 0.0447963 0.0393990 0.0537697 0.0498121 0.0462235 0.0216513 0.0420165 0.0435711 0.0055299 0.0321422 0.0439648 0.0333377 0.0400126 0.0431038 0.0441759 0.0436439 0.0115692 0.0127216 0.0422971 0.0000000 
