35
Burramyidae_Burramys_parvus                  0.0000000 0.0407593 0.0318797 0.0311156 0.0304382 0.0371726 0.0300495 0.0299402 0.0294103 0.0488917 0.0266843 0.0353456 0.0365169 0.0277416 0.0375683 0.0354178 0.0354135 0.0361041 0.0400877 0.0273216 0.0295179 0.0442560 0.0448760 0.0353719 0.0296721 0.0323562 0.0271358 0.0277019 0.0294418 0.0428105 0.0372828 0.0274253 0.0430729 0.0366113 0.0484234 
Notoryctidae_Notoryctes_typhlops             0.0407593 0.0000000 0.0348706 0.0451277 0.0440271 0.0382431 0.0439131 0.0432569 0.0448220 0.0534795 0.0400852 0.0374067 0.0416685 0.0414609 0.0532960 0.0370857 0.0363068 0.0398293 0.0360089 0.0433590 0.0377027 0.0451315 0.0442615 0.0344144 0.0445180 0.0342513 0.0372831 0.0426047 0.0398094 0.0618313 0.0557155 0.0407327 0.0407926 0.0370397 0.0540804 
Vombatidae_Lasiorhinus_latifrons             0.0318797 0.0348706 0.0000000 0.0392624 0.0387967 0.0363292 0.0365878 0.0357816 0.0384735 0.0533161 0.0341949 0.0325516 0.0360687 0.0342982 0.0470738 0.0328537 0.0335809 0.0348730 0.0416308 0.0361285 0.0340743 0.0426877 0.0423555 0.0330676 0.0351080 0.0313402 0.0294552 0.0357970 0.0331586 0.0513613 0.0458574 0.0342375 0.0445520 0.0347921 0.0532867 
Potoroidae_Bettongia_penicillata             0.0311156 0.0451277 0.0392624 0.0000000 0.0020800 0.0433498 0.0385181 0.0398003 0.0074356 0.0544967 0.0353821 0.0403590 0.0436738 0.0378676 0.0432850 0.0403397 0.0403352 0.0394585 0.0466676 0.0119230 0.0369280 0.0483100 0.0497158 0.0389204 0.0216535 0.0372952 0.0338515 0.0119879 0.0363422 0.0495937 0.0411931 0.0365859 0.0495598 0.0415734 0.0544960 
Potoroidae_Bettongia_lesueur                 0.0304382 0.0440271 0.0387967 0.0020800 0.0000000 0.0426890 0.0378516 0.0391375 0.0072162 0.0536341 0.0349052 0.0396848 0.0432015 0.0372022 0.0419475 0.0396775 0.0396730 0.0387456 0.0459974 0.0117091 0.0362622 0.0479012 0.0490624 0.0382517 0.0209760 0.0366056 0.0331811 0.0117741 0.0356689 0.0487294 0.0400103 0.0363713 0.0490665 0.0409121 0.0538193 
Dasyuridae_Dasyurus_maculatus                0.0371726 0.0382431 0.0363292 0.0433498 0.0426890 0.0000000 0.0420812 0.0426772 0.0424408 0.0517309 0.0405459 0.0104918 0.0160081 0.0397263 0.0488617 0.0105270 0.0053573 0.0148519 0.0420505 0.0410372 0.0412460 0.0470546 0.0469536 0.0098678 0.0388317 0.0359572 0.0381925 0.0409950 0.0394352 0.0543285 0.0495090 0.0388836 0.0452770 0.0037202 0.0521261 
Phalangeridae_Trichosurus_vulpecula          0.0300495 0.0439131 0.0365878 0.0385181 0.0378516 0.0420812 0.0000000 0.0151763 0.0378354 0.0560652 0.0130109 0.0388402 0.0427096 0.0187865 0.0441187 0.0385732 0.0393182 0.0406501 0.0468472 0.0354704 0.0336129 0.0478555 0.0470884 0.0376061 0.0344254 0.0392772 0.0300611 0.0351711 0.0327037 0.0491514 0.0432151 0.0173020 0.0494062 0.0405298 0.0563060 
Phalangeridae_Spilocuscus_maculatus          0.0299402 0.0432569 0.0357816 0.0398003 0.0391375 0.0426772 0.0151763 0.0000000 0.0390968 0.0554786 0.0074209 0.0406803 0.0451297 0.0102425 0.0434286 0.0403801 0.0399188 0.0415749 0.0459644 0.0370477 0.0328039 0.0469344 0.0476025 0.0396644 0.0359976 0.0378792 0.0292729 0.0367469 0.0328509 0.0492925 0.0428867 0.0095036 0.0472455 0.0406225 0.0552239 
Potoroidae_Aepyprymnus_rufescens             0.0294103 0.0448220 0.0384735 0.0074356 0.0072162 0.0424408 0.0378354 0.0390968 0.0000000 0.0541831 0.0351005 0.0392277 0.0426335 0.0366731 0.0427428 0.0394305 0.0394260 0.0386546 0.0458488 0.0117004 0.0359595 0.0468639 0.0482707 0.0380172 0.0214395 0.0370815 0.0331463 0.0117642 0.0353636 0.0495844 0.0406886 0.0363336 0.0492112 0.0406646 0.0541539 
Peramelidae_Perameles_nasuta                 0.0488917 0.0534795 0.0533161 0.0544967 0.0536341 0.0517309 0.0560652 0.0554786 0.0541831 0.0000000 0.0520652 0.0510197 0.0503836 0.0544314 0.0590669 0.0514079 0.0504098 0.0501235 0.0222789 0.0504879 0.0534410 0.0611114 0.0613665 0.0506662 0.0496492 0.0530325 0.0520967 0.0505323 0.0526244 0.0645627 0.0585779 0.0539937 0.0240887 0.0506808 0.0014363 
Phalangeridae_Strigocuscus_pelengensis       0.0266843 0.0400852 0.0341949 0.0353821 0.0349052 0.0405459 0.0130109 0.0074209 0.0351005 0.0520652 0.0000000 0.0378832 0.0417515 0.0093692 0.0407119 0.0376992 0.0377316 0.0374092 0.0427932 0.0326824 0.0308857 0.0446888 0.0446679 0.0369940 0.0331455 0.0348502 0.0274866 0.0323259 0.0311420 0.0468010 0.0393482 0.0083879 0.0441208 0.0382130 0.0516911 
Dasyuridae_Phascogale_tapoatafa              0.0353456 0.0374067 0.0325516 0.0403590 0.0396848 0.0104918 0.0388402 0.0406803 0.0392277 0.0510197 0.0378832 0.0000000 0.0135195 0.0387135 0.0480484 0.0018899 0.0083282 0.0109753 0.0399655 0.0375658 0.0377383 0.0443540 0.0447924 0.0045294 0.0363081 0.0314292 0.0348858 0.0379186 0.0351745 0.0526634 0.0483120 0.0378599 0.0433463 0.0099938 0.0514110 
Dasyuridae_Sminthopsis_macroura              0.0365169 0.0416685 0.0360687 0.0436738 0.0432015 0.0160081 0.0427096 0.0451297 0.0426335 0.0503836 0.0417515 0.0135195 0.0000000 0.0414378 0.0527971 0.0135223 0.0140935 0.0141900 0.0416465 0.0418329 0.0423703 0.0475602 0.0477382 0.0144505 0.0392631 0.0353664 0.0384572 0.0412193 0.0408948 0.0558425 0.0519717 0.0413235 0.0440679 0.0157240 0.0510946 
Phalangeridae_Phalanger_orientalis           0.0277416 0.0414609 0.0342982 0.0378676 0.0372022 0.0397263 0.0187865 0.0102425 0.0366731 0.0544314 0.0093692 0.0387135 0.0414378 0.0000000 0.0425026 0.0384490 0.0374844 0.0387063 0.0445041 0.0346173 0.0330508 0.0457483 0.0456601 0.0379510 0.0340801 0.0365745 0.0285739 0.0343127 0.0326218 0.0483290 0.0411223 0.0034585 0.0469772 0.0381874 0.0541785 
Acrobatidae_Acrobates_pygmaeus               0.0375683 0.0532960 0.0470738 0.0432850 0.0419475 0.0488617 0.0441187 0.0434286 0.0427428 0.0590669 0.0407119 0.0480484 0.0527971 0.0425026 0.0000000 0.0483747 0.0473353 0.0495039 0.0514348 0.0399932 0.0374956 0.0536580 0.0557877 0.0479064 0.0409008 0.0453232 0.0370281 0.0391409 0.0380199 0.0493395 0.0370375 0.0413460 0.0548688 0.0473760 0.0601065 
Dasyuridae_Phascogale_calura                 0.0354178 0.0370857 0.0328537 0.0403397 0.0396775 0.0105270 0.0385732 0.0403801 0.0394305 0.0514079 0.0376992 0.0018899 0.0135223 0.0384490 0.0483747 0.0000000 0.0084014 0.0120434 0.0407987 0.0378108 0.0377656 0.0447047 0.0451479 0.0053791 0.0365791 0.0323721 0.0347061 0.0377516 0.0354412 0.0532245 0.0479000 0.0376117 0.0441567 0.0100382 0.0517976 
Dasyuridae_Sarcophilus_harrisii              0.0354135 0.0363068 0.0335809 0.0403352 0.0396730 0.0053573 0.0393182 0.0399188 0.0394260 0.0504098 0.0377316 0.0083282 0.0140935 0.0374844 0.0473353 0.0084014 0.0000000 0.0128053 0.0407660 0.0387738 0.0384917 0.0444603 0.0441577 0.0077390 0.0368052 0.0320997 0.0354200 0.0384946 0.0366384 0.0519870 0.0467015 0.0366501 0.0439071 0.0044134 0.0507866 
Dasyuridae_Planigale_tenuirostris            0.0361041 0.0398293 0.0348730 0.0394585 0.0387456 0.0148519 0.0406501 0.0415749 0.0386546 0.0501235 0.0374092 0.0109753 0.0141900 0.0387063 0.0495039 0.0120434 0.0128053 0.0000000 0.0419078 0.0378899 0.0382126 0.0459007 0.0458712 0.0123280 0.0371272 0.0320642 0.0353347 0.0382452 0.0363045 0.0539066 0.0474065 0.0378075 0.0441823 0.0133035 0.0511550 
Peramelidae_Echymipera_kalubu                0.0400877 0.0360089 0.0416308 0.0466676 0.0459974 0.0420505 0.0468472 0.0459644 0.0458488 0.0222789 0.0427932 0.0399655 0.0416465 0.0445041 0.0514348 0.0407987 0.0407660 0.0419078 0.0000000 0.0432683 0.0424924 0.0515797 0.0505822 0.0407696 0.0406873 0.0409614 0.0418718 0.0427510 0.0431534 0.0595166 0.0538607 0.0436178 0.0122854 0.0419993 0.0224324 
Macropodidae_Dorcopsulus_vanheurni           0.0273216 0.0433590 0.0361285 0.0119230 0.0117091 0.0410372 0.0354704 0.0370477 0.0117004 0.0504879 0.0326824 0.0375658 0.0418329 0.0346173 0.0399932 0.0378108 0.0387738 0.0378899 0.0432683 0.0000000 0.0343537 0.0458765 0.0470891 0.0368392 0.0186148 0.0361424 0.0305401 0.0032788 0.0337317 0.0452122 0.0364169 0.0338003 0.0452971 0.0395206 0.0508950 
Pseudochiridae_Pseudochirulus_forbesi        0.0295179 0.0377027 0.0340743 0.0369280 0.0362622 0.0412460 0.0336129 0.0328039 0.0359595 0.0534410 0.0308857 0.0377383 0.0423703 0.0330508 0.0374956 0.0377656 0.0384917 0.0382126 0.0424924 0.0343537 0.0000000 0.0450609 0.0455402 0.0377803 0.0302137 0.0346253 0.0135889 0.0340778 0.0093826 0.0413904 0.0390182 0.0312908 0.0433155 0.0397003 0.0532491 
Didelphidae_Didelphis_virginiana             0.0442560 0.0451315 0.0426877 0.0483100 0.0479012 0.0470546 0.0478555 0.0469344 0.0468639 0.0611114 0.0446888 0.0443540 0.0475602 0.0457483 0.0536580 0.0447047 0.0444603 0.0459007 0.0515797 0.0458765 0.0450609 0.0000000 0.0181737 0.0439985 0.0461059 0.0424218 0.0438925 0.0451639 0.0440238 0.0577013 0.0502258 0.0454049 0.0523540 0.0449983 0.0617113 
Marmosidae_Monodelphis_domestica             0.0448760 0.0442615 0.0423555 0.0497158 0.0490624 0.0469536 0.0470884 0.0476025 0.0482707 0.0613665 0.0446679 0.0447924 0.0477382 0.0456601 0.0557877 0.0451479 0.0441577 0.0458712 0.0505822 0.0470891 0.0455402 0.0181737 0.0000000 0.0441964 0.0460645 0.0429886 0.0448630 0.0461464 0.0449427 0.0598073 0.0518505 0.0450910 0.0521698 0.0449008 0.0618095 
Dasyuridae_Antechinus_stuartii               0.0353719 0.0344144 0.0330676 0.0389204 0.0382517 0.0098678 0.0376061 0.0396644 0.0380172 0.0506662 0.0369940 0.0045294 0.0144505 0.0379510 0.0479064 0.0053791 0.0077390 0.0123280 0.0407696 0.0368392 0.0377803 0.0439985 0.0441964 0.0000000 0.0368215 0.0318872 0.0344305 0.0369631 0.0353887 0.0515126 0.0478353 0.0371280 0.0437786 0.0089150 0.0510697 
Hypsiprymnodontidae_Hypsiprymnodon_moschatus 0.0296721 0.0445180 0.0351080 0.0216535 0.0209760 0.0388317 0.0344254 0.0359976 0.0214395 0.0496492 0.0331455 0.0363081 0.0392631 0.0340801 0.0409008 0.0365791 0.0368052 0.0371272 0.0406873 0.0186148 0.0302137 0.0461059 0.0460645 0.0368215 0.0000000 0.0344485 0.0285999 0.0187122 0.0295849 0.0490671 0.0401989 0.0332580 0.0442736 0.0370644 0.0500445 
Microbiotheriidae_Dromiciops_gliroides       0.0323562 0.0342513 0.0313402 0.0372952 0.0366056 0.0359572 0.0392772 0.0378792 0.0370815 0.0530325 0.0348502 0.0314292 0.0353664 0.0365745 0.0453232 0.0323721 0.0320997 0.0320642 0.0409614 0.0361424 0.0346253 0.0424218 0.0429886 0.0318872 0.0344485 0.0000000 0.0324240 0.0360402 0.0339310 0.0494307 0.0450203 0.0357800 0.0441199 0.0346147 0.0521983 
Pseudochiridae_Petauroides_volans            0.0271358 0.0372831 0.0294552 0.0338515 0.0331811 0.0381925 0.0300611 0.0292729 0.0331463 0.0520967 0.0274866 0.0348858 0.0384572 0.0285739 0.0370281 0.0347061 0.0354200 0.0353347 0.0418718 0.0305401 0.0135889 0.0438925 0.0448630 0.0344305 0.0285999 0.0324240 0.0000000 0.0301942 0.0125103 0.0386493 0.0362059 0.0280052 0.0438534 0.0371280 0.0515242 
Macropodidae_Wallabia_bicolor                0.0277019 0.0426047 0.0357970 0.0119879 0.0117741 0.0409950 0.0351711 0.0367469 0.0117642 0.0505323 0.0323259 0.0379186 0.0412193 0.0343127 0.0391409 0.0377516 0.0384946 0.0382452 0.0427510 0.0032788 0.0340778 0.0451639 0.0461464 0.0369631 0.0187122 0.0360402 0.0301942 0.0000000 0.0329193 0.0461999 0.0356406 0.0334843 0.0446999 0.0387256 0.0509229 
Pseudochiridae_Pseudocheirus_occidentalis    0.0294418 0.0398094 0.0331586 0.0363422 0.0356689 0.0394352 0.0327037 0.0328509 0.0353636 0.0526244 0.0311420 0.0351745 0.0408948 0.0326218 0.0380199 0.0354412 0.0366384 0.0363045 0.0431534 0.0337317 0.0093826 0.0440238 0.0449427 0.0353887 0.0295849 0.0339310 0.0125103 0.0329193 0.0000000 0.0424921 0.0384064 0.0313370 0.0443819 0.0378811 0.0521346 
Tarsipedidae_Tarsipes_rostratus              0.0428105 0.0618313 0.0513613 0.0495937 0.0487294 0.0543285 0.0491514 0.0492925 0.0495844 0.0645627 0.0468010 0.0526634 0.0558425 0.0483290 0.0493395 0.0532245 0.0519870 0.0539066 0.0595166 0.0452122 0.0413904 0.0577013 0.0598073 0.0515126 0.0490671 0.0494307 0.0386493 0.0461999 0.0424921 0.0000000 0.0443267 0.0474633 0.0621418 0.0532549 0.0647490 
Acrobatidae_Distoechurus_pennatus            0.0372828 0.0557155 0.0458574 0.0411931 0.0400103 0.0495090 0.0432151 0.0428867 0.0406886 0.0585779 0.0393482 0.0483120 0.0519717 0.0411223 0.0370375 0.0479000 0.0467015 0.0474065 0.0538607 0.0364169 0.0390182 0.0502258 0.0518505 0.0478353 0.0401989 0.0450203 0.0362059 0.0356406 0.0384064 0.0443267 0.0000000 0.0403226 0.0565570 0.0479246 0.0588492 
Phalangeridae_Phalanger_carmelitae           0.0274253 0.0407327 0.0342375 0.0365859 0.0363713 0.0388836 0.0173020 0.0095036 0.0363336 0.0539937 0.0083879 0.0378599 0.0413235 0.0034585 0.0413460 0.0376117 0.0366501 0.0378075 0.0436178 0.0338003 0.0312908 0.0454049 0.0450910 0.0371280 0.0332580 0.0357800 0.0280052 0.0334843 0.0313370 0.0474633 0.0403226 0.0000000 0.0463302 0.0373514 0.0535392 
Peramelidae_Peroryctes_raffrayana            0.0430729 0.0407926 0.0445520 0.0495598 0.0490665 0.0452770 0.0494062 0.0472455 0.0492112 0.0240887 0.0441208 0.0433463 0.0440679 0.0469772 0.0548688 0.0441567 0.0439071 0.0441823 0.0122854 0.0452971 0.0433155 0.0523540 0.0521698 0.0437786 0.0442736 0.0441199 0.0438534 0.0446999 0.0443819 0.0621418 0.0565570 0.0463302 0.0000000 0.0447115 0.0240704 
Dasyuridae_Dasyurus_geffroii                 0.0366113 0.0370397 0.0347921 0.0415734 0.0409121 0.0037202 0.0405298 0.0406225 0.0406646 0.0506808 0.0382130 0.0099938 0.0157240 0.0381874 0.0473760 0.0100382 0.0044134 0.0133035 0.0419993 0.0395206 0.0397003 0.0449983 0.0449008 0.0089150 0.0370644 0.0346147 0.0371280 0.0387256 0.0378811 0.0532549 0.0479246 0.0373514 0.0447115 0.0000000 0.0510619 
Peramelidae_Perameles_gunnii                 0.0484234 0.0540804 0.0532867 0.0544960 0.0538193 0.0521261 0.0563060 0.0552239 0.0541539 0.0014363 0.0516911 0.0514110 0.0510946 0.0541785 0.0601065 0.0517976 0.0507866 0.0511550 0.0224324 0.0508950 0.0532491 0.0617113 0.0618095 0.0510697 0.0500445 0.0521983 0.0515242 0.0509229 0.0521346 0.0647490 0.0588492 0.0535392 0.0240704 0.0510619 0.0000000 
