35
Burramyidae_Burramys_parvus                  0.0000000 0.0882814 0.0532163 0.0456184 0.0474582 0.0942963 0.0370923 0.0365838 0.0446397 0.0927743 0.0311443 0.0957163 0.0398442 0.0592770 0.0969223 0.0842492 0.0919830 0.0868855 0.0353065 0.0899237 0.1042204 0.1107929 0.0910167 0.0518719 0.0745502 0.0709270 0.0359459 0.0861713 0.0661868 0.0408908 0.0386124 0.0917009 0.0935213 0.0930935 0.0834121 
Notoryctidae_Notoryctes_typhlops             0.0882814 0.0000000 0.0755827 0.0831081 0.0806207 0.1104379 0.0866079 0.0926165 0.0861295 0.1091260 0.0822186 0.1091162 0.0932121 0.1037130 0.1120800 0.1004591 0.0987504 0.1053075 0.0796422 0.1238292 0.1073173 0.1123353 0.1052683 0.0865486 0.0929876 0.1060507 0.0761640 0.1132349 0.0965710 0.0770705 0.0913260 0.1025857 0.1079913 0.1097540 0.0951254 
Vombatidae_Lasiorhinus_latifrons             0.0532163 0.0755827 0.0000000 0.0418027 0.0442451 0.0837028 0.0449149 0.0473644 0.0449766 0.0857735 0.0413681 0.0833819 0.0461078 0.0644788 0.0870132 0.0730388 0.0837741 0.0799484 0.0417419 0.0822767 0.0964091 0.1016403 0.0793834 0.0531229 0.0617113 0.0698338 0.0384578 0.0790957 0.0670392 0.0508504 0.0448377 0.0840756 0.0829201 0.0851356 0.0839534 
Potoroidae_Bettongia_penicillata             0.0456184 0.0831081 0.0418027 0.0000000 0.0013848 0.0891055 0.0389338 0.0428585 0.0054057 0.0943927 0.0426658 0.0985231 0.0424172 0.0553242 0.1021991 0.0817353 0.0895360 0.0880471 0.0072332 0.0834124 0.1009266 0.1050517 0.0924412 0.0166203 0.0710564 0.0666418 0.0067456 0.0724994 0.0583321 0.0410759 0.0404613 0.0920984 0.0883841 0.0937818 0.0773616 
Potoroidae_Bettongia_lesueur                 0.0474582 0.0806207 0.0442451 0.0013848 0.0000000 0.0916288 0.0427770 0.0460051 0.0057202 0.0943504 0.0435732 0.0992973 0.0472478 0.0579866 0.1029742 0.0841631 0.0912627 0.0870367 0.0077676 0.0876168 0.1034315 0.1059497 0.0935351 0.0175761 0.0694186 0.0733510 0.0072547 0.0766731 0.0626553 0.0435161 0.0435619 0.0910260 0.0924372 0.0943679 0.0784220 
Dasyuridae_Dasyurus_maculatus                0.0942963 0.1104379 0.0837028 0.0891055 0.0916288 0.0000000 0.0914548 0.0919873 0.0918229 0.1166855 0.0900512 0.0094661 0.0882768 0.1140209 0.0104517 0.0034304 0.0108841 0.1094586 0.0893106 0.1359795 0.1244458 0.1251907 0.0087523 0.0940641 0.1012727 0.1144746 0.0886899 0.1260515 0.1135069 0.0983061 0.0916704 0.1086992 0.0034329 0.1155307 0.0091192 
Phalangeridae_Trichosurus_vulpecula          0.0370923 0.0866079 0.0449149 0.0389338 0.0427770 0.0914548 0.0000000 0.0083316 0.0412778 0.0944670 0.0103105 0.0984446 0.0093835 0.0558977 0.0996779 0.0816956 0.0927377 0.0903213 0.0393490 0.0815624 0.0981516 0.1117889 0.0950472 0.0508428 0.0647573 0.0627852 0.0343345 0.0758974 0.0619323 0.0398080 0.0085692 0.0936669 0.0899759 0.0937577 0.0865878 
Phalangeridae_Spilocuscus_maculatus          0.0365838 0.0926165 0.0473644 0.0428585 0.0460051 0.0919873 0.0083316 0.0000000 0.0436610 0.1014712 0.0036505 0.0949377 0.0035886 0.0586601 0.0961380 0.0788352 0.0923307 0.0957405 0.0417514 0.0856423 0.1009223 0.1159362 0.0930576 0.0476076 0.0688697 0.0640446 0.0365802 0.0794070 0.0626423 0.0400364 0.0030312 0.0992288 0.0888552 0.1007138 0.0821702 
Potoroidae_Aepyprymnus_rufescens             0.0446397 0.0861295 0.0449766 0.0054057 0.0057202 0.0918229 0.0412778 0.0436610 0.0000000 0.0992607 0.0395612 0.0969538 0.0432573 0.0614066 0.1005689 0.0852048 0.0938620 0.0914964 0.0070267 0.0910008 0.1004803 0.1083317 0.0896248 0.0156208 0.0682968 0.0724401 0.0065457 0.0803942 0.0643888 0.0426605 0.0444135 0.0972790 0.0934054 0.0978090 0.0732984 
Peramelidae_Perameles_nasuta                 0.0927743 0.1091260 0.0857735 0.0943927 0.0943504 0.1166855 0.0944670 0.1014712 0.0992607 0.0000000 0.0962932 0.1241099 0.1031699 0.1153279 0.1221327 0.1063774 0.1089838 0.0077802 0.0905634 0.1441145 0.1296773 0.1313441 0.1197050 0.0966289 0.1070826 0.1240364 0.0891445 0.1341507 0.1131407 0.1004510 0.1009817 0.0078297 0.1156867 0.0001112 0.1080061 
Phalangeridae_Strigocuscus_pelengensis       0.0311443 0.0822186 0.0413681 0.0426658 0.0435732 0.0900512 0.0103105 0.0036505 0.0395612 0.0962932 0.0000000 0.0924594 0.0038174 0.0506095 0.0929729 0.0766082 0.0927335 0.0921870 0.0381683 0.0886394 0.0969117 0.1129214 0.0922649 0.0452302 0.0700817 0.0637578 0.0348734 0.0787260 0.0563370 0.0394729 0.0032087 0.0946540 0.0883243 0.0955850 0.0697476 
Dasyuridae_Phascogale_tapoatafa              0.0957163 0.1091162 0.0833819 0.0985231 0.0992973 0.0094661 0.0984446 0.0949377 0.0969538 0.1241099 0.0924594 0.0000000 0.0954441 0.1143882 0.0027575 0.0077701 0.0123464 0.1138357 0.0949765 0.1362841 0.1325015 0.1379104 0.0050436 0.1014038 0.1055524 0.1214721 0.0920499 0.1271457 0.1130373 0.0976543 0.0970393 0.1172461 0.0085066 0.1224695 0.0109367 
Phalangeridae_Phalanger_orientalis           0.0398442 0.0932121 0.0461078 0.0424172 0.0472478 0.0882768 0.0093835 0.0035886 0.0432573 0.1031699 0.0038174 0.0954441 0.0000000 0.0615343 0.0966766 0.0776533 0.0922959 0.0965404 0.0413063 0.0866331 0.1026766 0.1162630 0.0915218 0.0471281 0.0710176 0.0647660 0.0361035 0.0787049 0.0631265 0.0418041 0.0017592 0.0966342 0.0860320 0.1015719 0.0782222 
Acrobatidae_Acrobates_pygmaeus               0.0592770 0.1037130 0.0644788 0.0553242 0.0579866 0.1140209 0.0558977 0.0586601 0.0614066 0.1153279 0.0506095 0.1143882 0.0615343 0.0000000 0.1166994 0.1008863 0.1132305 0.1110574 0.0542684 0.0852158 0.1255386 0.1300409 0.1098382 0.0712751 0.0936597 0.0704224 0.0515301 0.0749298 0.0656811 0.0151467 0.0601631 0.1101024 0.1094423 0.1137444 0.1069096 
Dasyuridae_Phascogale_calura                 0.0969223 0.1120800 0.0870132 0.1021991 0.1029742 0.0104517 0.0996779 0.0961380 0.1005689 0.1221327 0.0929729 0.0027575 0.0966766 0.1166994 0.0000000 0.0084719 0.0133259 0.1118775 0.1005642 0.1394645 0.1322555 0.1376776 0.0059588 0.1050715 0.1068535 0.1236545 0.0976524 0.1303289 0.1153642 0.1039107 0.0982714 0.1117849 0.0092412 0.1204976 0.0103158 
Dasyuridae_Sarcophilus_harrisii              0.0842492 0.1004591 0.0730388 0.0817353 0.0841631 0.0034304 0.0816956 0.0788352 0.0852048 0.1063774 0.0766082 0.0077701 0.0776533 0.1008863 0.0084719 0.0000000 0.0102213 0.1013617 0.0834719 0.1253290 0.1147435 0.1193448 0.0071223 0.0890532 0.0931386 0.1079027 0.0801977 0.1169967 0.1026966 0.0869064 0.0793814 0.0981402 0.0027619 0.1048568 0.0082562 
Dasyuridae_Planigale_tenuirostris            0.0919830 0.0987504 0.0837741 0.0895360 0.0912627 0.0108841 0.0927377 0.0923307 0.0938620 0.1089838 0.0927335 0.0123464 0.0922959 0.1132305 0.0133259 0.0102213 0.0000000 0.1074935 0.0884188 0.1341477 0.1249292 0.1244883 0.0140299 0.0926900 0.1007376 0.1171347 0.0857182 0.1233766 0.1128888 0.0946007 0.0935433 0.1002774 0.0106733 0.1078438 0.0100758 
Peramelidae_Echymipera_kalubu                0.0868855 0.1053075 0.0799484 0.0880471 0.0870367 0.1094586 0.0903213 0.0957405 0.0914964 0.0077802 0.0921870 0.1138357 0.0965404 0.1110574 0.1118775 0.1013617 0.1074935 0.0000000 0.0853709 0.1411742 0.1191103 0.1206882 0.1093818 0.0919954 0.0999269 0.1152841 0.0821633 0.1262944 0.1055713 0.0935085 0.0952141 0.0036467 0.1103879 0.0079565 0.1035719 
Macropodidae_Dorcopsulus_vanheurni           0.0353065 0.0796422 0.0417419 0.0072332 0.0077676 0.0893106 0.0393490 0.0417514 0.0070267 0.0905634 0.0381683 0.0949765 0.0413063 0.0542684 0.1005642 0.0834719 0.0884188 0.0853709 0.0000000 0.0833837 0.0993592 0.1052838 0.0882354 0.0144442 0.0692573 0.0622759 0.0033005 0.0699423 0.0565138 0.0369356 0.0424561 0.0891434 0.0917066 0.0890707 0.0742418 
Pseudochiridae_Pseudochirulus_forbesi        0.0899237 0.1238292 0.0822767 0.0834124 0.0876168 0.1359795 0.0815624 0.0856423 0.0910008 0.1441145 0.0886394 0.1362841 0.0866331 0.0852158 0.1394645 0.1253290 0.1341477 0.1411742 0.0833837 0.0000000 0.1482494 0.1520089 0.1322174 0.0929110 0.1158045 0.0218456 0.0802347 0.0084682 0.0756052 0.0657908 0.0853252 0.1410929 0.1336215 0.1431587 0.1358906 
Didelphidae_Didelphis_virginiana             0.1042204 0.1073173 0.0964091 0.1009266 0.1034315 0.1244458 0.0981516 0.1009223 0.1004803 0.1296773 0.0969117 0.1325015 0.1026766 0.1255386 0.1322555 0.1147435 0.1249292 0.1191103 0.0993592 0.1482494 0.0000000 0.0170373 0.1297746 0.1046896 0.1032989 0.1257283 0.0979520 0.1431379 0.1260896 0.1105043 0.1014092 0.1222920 0.1255688 0.1279425 0.1269655 
Marmosidae_Monodelphis_domestica             0.1107929 0.1123353 0.1016403 0.1050517 0.1059497 0.1251907 0.1117889 0.1159362 0.1083317 0.1313441 0.1129214 0.1379104 0.1162630 0.1300409 0.1376776 0.1193448 0.1244883 0.1206882 0.1052838 0.1520089 0.0170373 0.0000000 0.1320134 0.1132065 0.1140745 0.1321382 0.1022629 0.1442061 0.1206096 0.1145275 0.1131186 0.1256740 0.1278317 0.1296073 0.1308011 
Dasyuridae_Antechinus_stuartii               0.0910167 0.1052683 0.0793834 0.0924412 0.0935351 0.0087523 0.0950472 0.0930576 0.0896248 0.1197050 0.0922649 0.0050436 0.0915218 0.1098382 0.0059588 0.0071223 0.0140299 0.1093818 0.0882354 0.1322174 0.1297746 0.1320134 0.0000000 0.0940947 0.0995135 0.1146042 0.0868679 0.1202661 0.1111963 0.0945450 0.0947973 0.1107031 0.0085653 0.1179805 0.0100727 
Hypsiprymnodontidae_Hypsiprymnodon_moschatus 0.0518719 0.0865486 0.0531229 0.0166203 0.0175761 0.0940641 0.0508428 0.0476076 0.0156208 0.0966289 0.0452302 0.1014038 0.0471281 0.0712751 0.1050715 0.0890532 0.0926900 0.0919954 0.0144442 0.0929110 0.1046896 0.1132065 0.0940947 0.0000000 0.0807420 0.0713806 0.0134449 0.0779866 0.0599049 0.0477721 0.0483276 0.0947100 0.0971974 0.0960147 0.0821375 
Microbiotheriidae_Dromiciops_gliroides       0.0745502 0.0929876 0.0617113 0.0710564 0.0694186 0.1012727 0.0647573 0.0688697 0.0682968 0.1070826 0.0700817 0.1055524 0.0710176 0.0936597 0.1068535 0.0931386 0.1007376 0.0999269 0.0692573 0.1158045 0.1032989 0.1140745 0.0995135 0.0807420 0.0000000 0.0976074 0.0678601 0.1019843 0.0853800 0.0743123 0.0700644 0.0995882 0.1013357 0.1060346 0.1024525 
Pseudochiridae_Petauroides_volans            0.0709270 0.1060507 0.0698338 0.0666418 0.0733510 0.1144746 0.0627852 0.0640446 0.0724401 0.1240364 0.0637578 0.1214721 0.0647660 0.0704224 0.1236545 0.1079027 0.1171347 0.1152841 0.0622759 0.0218456 0.1257283 0.1321382 0.1146042 0.0713806 0.0976074 0.0000000 0.0613798 0.0198473 0.0562306 0.0537138 0.0668693 0.1166555 0.1104956 0.1223894 0.1124118 
Macropodidae_Wallabia_bicolor                0.0359459 0.0761640 0.0384578 0.0067456 0.0072547 0.0886899 0.0343345 0.0365802 0.0065457 0.0891445 0.0348734 0.0920499 0.0361035 0.0515301 0.0976524 0.0801977 0.0857182 0.0821633 0.0033005 0.0802347 0.0979520 0.1022629 0.0868679 0.0134449 0.0678601 0.0613798 0.0000000 0.0663800 0.0511990 0.0341115 0.0371504 0.0890560 0.0853073 0.0877259 0.0745149 
Pseudochiridae_Pseudocheirus_occidentalis    0.0861713 0.1132349 0.0790957 0.0724994 0.0766731 0.1260515 0.0758974 0.0794070 0.0803942 0.1341507 0.0787260 0.1271457 0.0787049 0.0749298 0.1303289 0.1169967 0.1233766 0.1262944 0.0699423 0.0084682 0.1431379 0.1442061 0.1202661 0.0779866 0.1019843 0.0198473 0.0663800 0.0000000 0.0664073 0.0569035 0.0790383 0.1261149 0.1235911 0.1338539 0.1307350 
Tarsipedidae_Tarsipes_rostratus              0.0661868 0.0965710 0.0670392 0.0583321 0.0626553 0.1135069 0.0619323 0.0626423 0.0643888 0.1131407 0.0563370 0.1130373 0.0631265 0.0656811 0.1153642 0.1026966 0.1128888 0.1055713 0.0565138 0.0756052 0.1260896 0.1206096 0.1111963 0.0599049 0.0853800 0.0562306 0.0511990 0.0664073 0.0000000 0.0465193 0.0576580 0.1090970 0.1148729 0.1121737 0.1011811 
Acrobatidae_Distoechurus_pennatus            0.0408908 0.0770705 0.0508504 0.0410759 0.0435161 0.0983061 0.0398080 0.0400364 0.0426605 0.1004510 0.0394729 0.0976543 0.0418041 0.0151467 0.1039107 0.0869064 0.0946007 0.0935085 0.0369356 0.0657908 0.1105043 0.1145275 0.0945450 0.0477721 0.0743123 0.0537138 0.0341115 0.0569035 0.0465193 0.0000000 0.0406365 0.0915296 0.0944263 0.0989800 0.0834508 
Phalangeridae_Phalanger_carmelitae           0.0386124 0.0913260 0.0448377 0.0404613 0.0435619 0.0916704 0.0085692 0.0030312 0.0444135 0.1009817 0.0032087 0.0970393 0.0017592 0.0601631 0.0982714 0.0793814 0.0935433 0.0952141 0.0424561 0.0853252 0.1014092 0.1131186 0.0947973 0.0483276 0.0700644 0.0668693 0.0371504 0.0790383 0.0576580 0.0406365 0.0000000 0.0954121 0.0893532 0.1002258 0.0832863 
Peramelidae_Peroryctes_raffrayana            0.0917009 0.1025857 0.0840756 0.0920984 0.0910260 0.1086992 0.0936669 0.0992288 0.0972790 0.0078297 0.0946540 0.1172461 0.0966342 0.1101024 0.1117849 0.0981402 0.1002774 0.0036467 0.0891434 0.1410929 0.1222920 0.1256740 0.1107031 0.0947100 0.0995882 0.1166555 0.0890560 0.1261149 0.1090970 0.0915296 0.0954121 0.0000000 0.1077476 0.0078310 0.1029728 
Dasyuridae_Dasyurus_geffroii                 0.0935213 0.1079913 0.0829201 0.0883841 0.0924372 0.0034329 0.0899759 0.0888552 0.0934054 0.1156867 0.0883243 0.0085066 0.0860320 0.1094423 0.0092412 0.0027619 0.0106733 0.1103879 0.0917066 0.1336215 0.1255688 0.1278317 0.0085653 0.0971974 0.1013357 0.1104956 0.0853073 0.1235911 0.1148729 0.0944263 0.0893532 0.1077476 0.0000000 0.1140986 0.0091122 
Peramelidae_Perameles_gunnii                 0.0930935 0.1097540 0.0851356 0.0937818 0.0943679 0.1155307 0.0937577 0.1007138 0.0978090 0.0001112 0.0955850 0.1224695 0.1015719 0.1137444 0.1204976 0.1048568 0.1078438 0.0079565 0.0890707 0.1431587 0.1279425 0.1296073 0.1179805 0.0960147 0.1060346 0.1223894 0.0877259 0.1338539 0.1121737 0.0989800 0.1002258 0.0078310 0.1140986 0.0000000 0.1059387 
Dasyuridae_Sminthopsis_macroura              0.0834121 0.0951254 0.0839534 0.0773616 0.0784220 0.0091192 0.0865878 0.0821702 0.0732984 0.1080061 0.0697476 0.0109367 0.0782222 0.1069096 0.0103158 0.0082562 0.0100758 0.1035719 0.0742418 0.1358906 0.1269655 0.1308011 0.0100727 0.0821375 0.1024525 0.1124118 0.0745149 0.1307350 0.1011811 0.0834508 0.0832863 0.1029728 0.0091122 0.1059387 0.0000000 
