35
Burramyidae_Burramys_parvus                  0.0000000 0.0380433 0.0245016 0.0246631 0.0246950 0.0415372 0.0211121 0.0242448 0.0234439 0.0580420 0.0249384 0.0417424 0.0440832 0.0257059 0.0306751 0.0414646 0.0412395 0.0380102 0.0587242 0.0216187 0.0317958 0.0413989 0.0438440 0.0417023 0.0266398 0.0300342 0.0207996 0.0268761 0.0407507 0.0274541 0.0257059 0.0569355 0.0421581 0.0571143 0.0390388 
Notoryctidae_Notoryctes_typhlops             0.0380433 0.0000000 0.0396008 0.0424205 0.0421736 0.0562413 0.0404990 0.0429068 0.0415033 0.0668167 0.0414163 0.0555247 0.0566710 0.0443165 0.0474947 0.0557465 0.0557496 0.0532355 0.0665824 0.0393106 0.0499434 0.0507857 0.0532176 0.0555734 0.0432659 0.0437818 0.0393706 0.0455758 0.0571478 0.0407238 0.0447987 0.0626818 0.0567363 0.0673677 0.0624034 
Vombatidae_Lasiorhinus_latifrons             0.0245016 0.0396008 0.0000000 0.0303706 0.0305879 0.0432880 0.0269381 0.0284092 0.0299607 0.0594866 0.0291816 0.0427517 0.0441154 0.0303258 0.0350449 0.0424741 0.0429881 0.0387947 0.0620514 0.0265445 0.0370171 0.0432348 0.0451701 0.0416676 0.0312516 0.0321995 0.0255266 0.0308910 0.0451054 0.0310665 0.0309801 0.0589781 0.0439060 0.0592393 0.0382836 
Potoroidae_Bettongia_penicillata             0.0246631 0.0424205 0.0303706 0.0000000 0.0030929 0.0481802 0.0284504 0.0314588 0.0079758 0.0649562 0.0311453 0.0476305 0.0500468 0.0323181 0.0349988 0.0473376 0.0478630 0.0442160 0.0647680 0.0130264 0.0361641 0.0479045 0.0492702 0.0490898 0.0233553 0.0378676 0.0110718 0.0308874 0.0451299 0.0318381 0.0323040 0.0616825 0.0493214 0.0646991 0.0437111 
Potoroidae_Bettongia_lesueur                 0.0246950 0.0421736 0.0305879 0.0030929 0.0000000 0.0473797 0.0284339 0.0316788 0.0081631 0.0641408 0.0309195 0.0465941 0.0500022 0.0320861 0.0352337 0.0468049 0.0475685 0.0437309 0.0639192 0.0132249 0.0352319 0.0471141 0.0489713 0.0483279 0.0239929 0.0369411 0.0112655 0.0308887 0.0443427 0.0323078 0.0325247 0.0608181 0.0490232 0.0638462 0.0440088 
Dasyuridae_Dasyurus_maculatus                0.0415372 0.0562413 0.0432880 0.0481802 0.0473797 0.0000000 0.0433612 0.0466982 0.0485064 0.0735994 0.0479913 0.0077596 0.0125700 0.0476180 0.0525154 0.0071855 0.0021702 0.0087885 0.0734451 0.0444854 0.0532901 0.0562152 0.0606891 0.0074650 0.0489401 0.0462956 0.0438622 0.0470185 0.0609324 0.0486476 0.0493700 0.0704750 0.0027147 0.0725039 0.0650953 
Phalangeridae_Trichosurus_vulpecula          0.0211121 0.0404990 0.0269381 0.0284504 0.0284339 0.0433612 0.0000000 0.0110847 0.0273832 0.0605142 0.0116040 0.0428792 0.0464382 0.0104872 0.0332227 0.0435812 0.0440435 0.0395035 0.0612232 0.0244149 0.0326108 0.0452939 0.0461158 0.0439839 0.0284387 0.0304451 0.0233981 0.0282990 0.0424153 0.0297721 0.0114584 0.0578381 0.0444811 0.0600615 0.0359702 
Phalangeridae_Spilocuscus_maculatus          0.0242448 0.0429068 0.0284092 0.0314588 0.0316788 0.0466982 0.0110847 0.0000000 0.0306138 0.0635781 0.0090103 0.0454588 0.0488373 0.0104473 0.0354736 0.0461690 0.0471385 0.0422825 0.0639938 0.0284507 0.0356870 0.0507350 0.0512051 0.0466268 0.0321460 0.0355106 0.0269808 0.0315713 0.0458385 0.0335480 0.0094785 0.0608735 0.0475797 0.0628488 0.0401308 
Potoroidae_Aepyprymnus_rufescens             0.0234439 0.0415033 0.0299607 0.0079758 0.0081631 0.0485064 0.0273832 0.0306138 0.0000000 0.0619567 0.0302835 0.0471918 0.0501545 0.0310203 0.0341164 0.0474033 0.0484417 0.0443929 0.0617881 0.0120568 0.0352863 0.0472546 0.0496500 0.0494369 0.0233912 0.0370128 0.0099163 0.0302694 0.0428864 0.0323716 0.0319083 0.0589861 0.0491864 0.0617046 0.0430945 
Peramelidae_Perameles_nasuta                 0.0580420 0.0668167 0.0594866 0.0649562 0.0641408 0.0735994 0.0605142 0.0635781 0.0619567 0.0000000 0.0620228 0.0742742 0.0755520 0.0623913 0.0731666 0.0745493 0.0741026 0.0704100 0.0115158 0.0609435 0.0729103 0.0686530 0.0752601 0.0752134 0.0671239 0.0645561 0.0595997 0.0647455 0.0795906 0.0681484 0.0640349 0.0098200 0.0736831 0.0003705 0.1069769 
Phalangeridae_Strigocuscus_pelengensis       0.0249384 0.0414163 0.0291816 0.0311453 0.0309195 0.0479913 0.0116040 0.0090103 0.0302835 0.0620228 0.0000000 0.0479699 0.0501650 0.0088011 0.0337697 0.0481838 0.0474171 0.0445163 0.0620014 0.0281204 0.0358810 0.0481853 0.0487193 0.0488992 0.0304807 0.0338512 0.0277219 0.0307799 0.0426673 0.0314106 0.0086047 0.0590835 0.0491421 0.0611837 0.0348189 
Dasyuridae_Phascogale_tapoatafa              0.0417424 0.0555247 0.0427517 0.0476305 0.0465941 0.0077596 0.0428792 0.0454588 0.0471918 0.0742742 0.0479699 0.0000000 0.0119693 0.0471267 0.0543699 0.0019830 0.0073669 0.0081539 0.0738957 0.0426908 0.0535531 0.0576687 0.0613781 0.0040511 0.0475908 0.0465867 0.0415816 0.0477194 0.0623514 0.0497084 0.0488742 0.0709881 0.0086943 0.0729034 0.0648192 
Dasyuridae_Sminthopsis_macroura              0.0440832 0.0566710 0.0441154 0.0500468 0.0500022 0.0125700 0.0464382 0.0488373 0.0501545 0.0755520 0.0501650 0.0119693 0.0000000 0.0500190 0.0542256 0.0113763 0.0113765 0.0089588 0.0750657 0.0465599 0.0573110 0.0579168 0.0631687 0.0113448 0.0510704 0.0485274 0.0454083 0.0491334 0.0619306 0.0508948 0.0517929 0.0725462 0.0131302 0.0743809 0.0700900 
Phalangeridae_Phalanger_orientalis           0.0257059 0.0443165 0.0303258 0.0323181 0.0320861 0.0476180 0.0104872 0.0104473 0.0310203 0.0623913 0.0088011 0.0471267 0.0500190 0.0000000 0.0354131 0.0473379 0.0480593 0.0437735 0.0624885 0.0279732 0.0360891 0.0478343 0.0477967 0.0478138 0.0303214 0.0337897 0.0278130 0.0328742 0.0462404 0.0323594 0.0036375 0.0599466 0.0485011 0.0615898 0.0340273 
Acrobatidae_Acrobates_pygmaeus               0.0306751 0.0474947 0.0350449 0.0349988 0.0352337 0.0525154 0.0332227 0.0354736 0.0341164 0.0731666 0.0337697 0.0543699 0.0542256 0.0354131 0.0000000 0.0532553 0.0527076 0.0505509 0.0706296 0.0339045 0.0393141 0.0537738 0.0569239 0.0540694 0.0370742 0.0431900 0.0328320 0.0341513 0.0455877 0.0202732 0.0370398 0.0685733 0.0534247 0.0724986 0.0454345 
Dasyuridae_Phascogale_calura                 0.0414646 0.0557465 0.0424741 0.0473376 0.0468049 0.0071855 0.0435812 0.0461690 0.0474033 0.0745493 0.0481838 0.0019830 0.0113763 0.0473379 0.0532553 0.0000000 0.0067957 0.0079417 0.0743637 0.0429213 0.0537677 0.0571117 0.0616333 0.0034891 0.0472983 0.0468015 0.0417887 0.0474258 0.0620474 0.0488877 0.0490864 0.0712580 0.0081159 0.0731300 0.0633509 
Dasyuridae_Sarcophilus_harrisii              0.0412395 0.0557496 0.0429881 0.0478630 0.0475685 0.0021702 0.0440435 0.0471385 0.0484417 0.0741026 0.0474171 0.0073669 0.0113765 0.0480593 0.0527076 0.0067957 0.0000000 0.0077464 0.0739365 0.0446729 0.0534799 0.0550345 0.0602892 0.0070830 0.0486207 0.0463366 0.0437748 0.0467041 0.0605683 0.0478341 0.0498145 0.0711384 0.0030778 0.0729956 0.0652045 
Dasyuridae_Planigale_tenuirostris            0.0380102 0.0532355 0.0387947 0.0442160 0.0437309 0.0087885 0.0395035 0.0422825 0.0443929 0.0704100 0.0445163 0.0081539 0.0089588 0.0437735 0.0505509 0.0079417 0.0077464 0.0000000 0.0692689 0.0402135 0.0495366 0.0534901 0.0592117 0.0084154 0.0454248 0.0448731 0.0397573 0.0449085 0.0569513 0.0446671 0.0456129 0.0677839 0.0087673 0.0694641 0.0648990 
Peramelidae_Echymipera_kalubu                0.0587242 0.0665824 0.0620514 0.0647680 0.0639192 0.0734451 0.0612232 0.0639938 0.0617881 0.0115158 0.0620014 0.0738957 0.0750657 0.0624885 0.0706296 0.0743637 0.0739365 0.0692689 0.0000000 0.0611782 0.0736499 0.0687611 0.0748095 0.0748328 0.0670810 0.0654706 0.0601446 0.0669613 0.0819879 0.0665690 0.0638016 0.0089206 0.0741156 0.0113067 0.1072384 
Macropodidae_Dorcopsulus_vanheurni           0.0216187 0.0393106 0.0265445 0.0130264 0.0132249 0.0444854 0.0244149 0.0284507 0.0120568 0.0609435 0.0281204 0.0426908 0.0465599 0.0279732 0.0339045 0.0429213 0.0446729 0.0402135 0.0611782 0.0000000 0.0327673 0.0433716 0.0454662 0.0445957 0.0196977 0.0339510 0.0056933 0.0291682 0.0426018 0.0298027 0.0290601 0.0574639 0.0456030 0.0602822 0.0399142 
Pseudochiridae_Pseudochirulus_forbesi        0.0317958 0.0499434 0.0370171 0.0361641 0.0352319 0.0532901 0.0326108 0.0356870 0.0352863 0.0729103 0.0358810 0.0535531 0.0573110 0.0360891 0.0393141 0.0537677 0.0534799 0.0495366 0.0736499 0.0327673 0.0000000 0.0564969 0.0584354 0.0543697 0.0388899 0.0437540 0.0339696 0.0138109 0.0437814 0.0352583 0.0367688 0.0708909 0.0539281 0.0732520 0.0270281 
Didelphidae_Didelphis_virginiana             0.0413989 0.0507857 0.0432348 0.0479045 0.0471141 0.0562152 0.0452939 0.0507350 0.0472546 0.0686530 0.0481853 0.0576687 0.0579168 0.0478343 0.0537738 0.0571117 0.0550345 0.0534901 0.0687611 0.0433716 0.0564969 0.0000000 0.0197893 0.0574752 0.0489058 0.0440025 0.0439845 0.0521575 0.0640685 0.0473987 0.0493194 0.0674415 0.0563839 0.0674877 0.0659564 
Marmosidae_Monodelphis_domestica             0.0438440 0.0532176 0.0451701 0.0492702 0.0489713 0.0606891 0.0461158 0.0512051 0.0496500 0.0752601 0.0487193 0.0613781 0.0631687 0.0477967 0.0569239 0.0616333 0.0602892 0.0592117 0.0748095 0.0454662 0.0584354 0.0197893 0.0000000 0.0617986 0.0496806 0.0449546 0.0463234 0.0543152 0.0650974 0.0486332 0.0490318 0.0726113 0.0608563 0.0745100 0.0644662 
Dasyuridae_Antechinus_stuartii               0.0417023 0.0555734 0.0416676 0.0490898 0.0483279 0.0074650 0.0439839 0.0466268 0.0494369 0.0752134 0.0488992 0.0040511 0.0113448 0.0478138 0.0540694 0.0034891 0.0070830 0.0084154 0.0748328 0.0445957 0.0543697 0.0574752 0.0617986 0.0000000 0.0488330 0.0457298 0.0431350 0.0471489 0.0640963 0.0493481 0.0495906 0.0718302 0.0084214 0.0738002 0.0646474 
Hypsiprymnodontidae_Hypsiprymnodon_moschatus 0.0266398 0.0432659 0.0312516 0.0233553 0.0239929 0.0489401 0.0284387 0.0321460 0.0233912 0.0671239 0.0304807 0.0475908 0.0510704 0.0303214 0.0370742 0.0472983 0.0486207 0.0454248 0.0670810 0.0196977 0.0388899 0.0489058 0.0496806 0.0488330 0.0000000 0.0387687 0.0199434 0.0339834 0.0468020 0.0323593 0.0321040 0.0642948 0.0493186 0.0667218 0.0429231 
Microbiotheriidae_Dromiciops_gliroides       0.0300342 0.0437818 0.0321995 0.0378676 0.0369411 0.0462956 0.0304451 0.0355106 0.0370128 0.0645561 0.0338512 0.0465867 0.0485274 0.0337897 0.0431900 0.0468015 0.0463366 0.0448731 0.0654706 0.0339510 0.0437540 0.0440025 0.0449546 0.0457298 0.0387687 0.0000000 0.0341940 0.0389234 0.0529744 0.0366508 0.0344924 0.0614278 0.0475339 0.0640113 0.0484788 
Macropodidae_Wallabia_bicolor                0.0207996 0.0393706 0.0255266 0.0110718 0.0112655 0.0438622 0.0233981 0.0269808 0.0099163 0.0595997 0.0277219 0.0415816 0.0454083 0.0278130 0.0328320 0.0417887 0.0437748 0.0397573 0.0601446 0.0056933 0.0339696 0.0439845 0.0463234 0.0431350 0.0199434 0.0341940 0.0000000 0.0285848 0.0416149 0.0300796 0.0284662 0.0567780 0.0449795 0.0591540 0.0412858 
Pseudochiridae_Pseudocheirus_occidentalis    0.0268761 0.0455758 0.0308910 0.0308874 0.0308887 0.0470185 0.0282990 0.0315713 0.0302694 0.0647455 0.0307799 0.0477194 0.0491334 0.0328742 0.0341513 0.0474258 0.0467041 0.0449085 0.0669613 0.0291682 0.0138109 0.0521575 0.0543152 0.0471489 0.0339834 0.0389234 0.0285848 0.0000000 0.0371614 0.0315701 0.0335525 0.0639350 0.0473977 0.0658397 0.0239917 
Tarsipedidae_Tarsipes_rostratus              0.0407507 0.0571478 0.0451054 0.0451299 0.0443427 0.0609324 0.0424153 0.0458385 0.0428864 0.0795906 0.0426673 0.0623514 0.0619306 0.0462404 0.0455877 0.0620474 0.0605683 0.0569513 0.0819879 0.0426018 0.0437814 0.0640685 0.0650974 0.0640963 0.0468020 0.0529744 0.0416149 0.0371614 0.0000000 0.0423826 0.0470075 0.0766370 0.0616027 0.0808472 0.0536011 
Acrobatidae_Distoechurus_pennatus            0.0274541 0.0407238 0.0310665 0.0318381 0.0323078 0.0486476 0.0297721 0.0335480 0.0323716 0.0681484 0.0314106 0.0497084 0.0508948 0.0323594 0.0202732 0.0488877 0.0478341 0.0446671 0.0665690 0.0298027 0.0352583 0.0473987 0.0486332 0.0493481 0.0323593 0.0366508 0.0300796 0.0315701 0.0423826 0.0000000 0.0337306 0.0643709 0.0490555 0.0680893 0.0386658 
Phalangeridae_Phalanger_carmelitae           0.0257059 0.0447987 0.0309801 0.0323040 0.0325247 0.0493700 0.0114584 0.0094785 0.0319083 0.0640349 0.0086047 0.0488742 0.0517929 0.0036375 0.0370398 0.0490864 0.0498145 0.0456129 0.0638016 0.0290601 0.0367688 0.0493194 0.0490318 0.0495906 0.0321040 0.0344924 0.0284662 0.0335525 0.0470075 0.0337306 0.0000000 0.0610069 0.0502588 0.0631969 0.0371600 
Peramelidae_Peroryctes_raffrayana            0.0569355 0.0626818 0.0589781 0.0616825 0.0608181 0.0704750 0.0578381 0.0608735 0.0589861 0.0098200 0.0590835 0.0709881 0.0725462 0.0599466 0.0685733 0.0712580 0.0711384 0.0677839 0.0089206 0.0574639 0.0708909 0.0674415 0.0726113 0.0718302 0.0642948 0.0614278 0.0567780 0.0639350 0.0766370 0.0643709 0.0610069 0.0000000 0.0712918 0.0097520 0.0978402 
Dasyuridae_Dasyurus_geffroii                 0.0421581 0.0567363 0.0439060 0.0493214 0.0490232 0.0027147 0.0444811 0.0475797 0.0491864 0.0736831 0.0491421 0.0086943 0.0131302 0.0485011 0.0534247 0.0081159 0.0030778 0.0087673 0.0741156 0.0456030 0.0539281 0.0563839 0.0608563 0.0084214 0.0493186 0.0475339 0.0449795 0.0473977 0.0616027 0.0490555 0.0502588 0.0712918 0.0000000 0.0728818 0.0664351 
Peramelidae_Perameles_gunnii                 0.0571143 0.0673677 0.0592393 0.0646991 0.0638462 0.0725039 0.0600615 0.0628488 0.0617046 0.0003705 0.0611837 0.0729034 0.0743809 0.0615898 0.0724986 0.0731300 0.0729956 0.0694641 0.0113067 0.0602822 0.0732520 0.0674877 0.0745100 0.0738002 0.0667218 0.0640113 0.0591540 0.0658397 0.0808472 0.0680893 0.0631969 0.0097520 0.0728818 0.0000000 0.1063734 
Pseudochiridae_Petauroides_volans            0.0390388 0.0624034 0.0382836 0.0437111 0.0440088 0.0650953 0.0359702 0.0401308 0.0430945 0.1069769 0.0348189 0.0648192 0.0700900 0.0340273 0.0454345 0.0633509 0.0652045 0.0648990 0.1072384 0.0399142 0.0270281 0.0659564 0.0644662 0.0646474 0.0429231 0.0484788 0.0412858 0.0239917 0.0536011 0.0386658 0.0371600 0.0978402 0.0664351 0.1063734 0.0000000 
