35
Burramyidae_Burramys_parvus                  0.0000000 0.0557806 0.0515032 0.0458801 0.0471090 0.0608355 0.0336341 0.0363477 0.0432711 0.0686750 0.0370505 0.0618716 0.0615873 0.0366694 0.0397505 0.0615663 0.0592803 0.0628308 0.0692162 0.0427975 0.0456155 0.0712371 0.0696133 0.0591532 0.0424142 0.0619928 0.0411143 0.0417712 0.0450810 0.0544500 0.0407077 0.0368612 0.0654715 0.0599276 0.0671272 
Notoryctidae_Notoryctes_typhlops             0.0557806 0.0000000 0.0580143 0.0557917 0.0569004 0.0614543 0.0507249 0.0500962 0.0536051 0.0621796 0.0506056 0.0611809 0.0578898 0.0508491 0.0529620 0.0606286 0.0601060 0.0590270 0.0639402 0.0550406 0.0572970 0.0758210 0.0715018 0.0588603 0.0541275 0.0646748 0.0544249 0.0547122 0.0558974 0.0672875 0.0531235 0.0512727 0.0596417 0.0607639 0.0624773 
Vombatidae_Lasiorhinus_latifrons             0.0515032 0.0580143 0.0000000 0.0461861 0.0474507 0.0607252 0.0399831 0.0424933 0.0443855 0.0623668 0.0435721 0.0606764 0.0592423 0.0422388 0.0464933 0.0595320 0.0585941 0.0589769 0.0629534 0.0449119 0.0493636 0.0711672 0.0711693 0.0588641 0.0430330 0.0574712 0.0450316 0.0442097 0.0502268 0.0586337 0.0447534 0.0426428 0.0602735 0.0598703 0.0614461 
Potoroidae_Bettongia_penicillata             0.0458801 0.0557917 0.0461861 0.0000000 0.0042293 0.0570689 0.0341066 0.0361854 0.0074800 0.0650037 0.0372612 0.0587315 0.0562121 0.0374603 0.0370883 0.0571568 0.0562195 0.0564559 0.0666950 0.0124100 0.0405568 0.0702595 0.0685166 0.0558611 0.0214914 0.0603828 0.0363637 0.0122718 0.0394425 0.0519312 0.0365261 0.0380675 0.0624612 0.0559852 0.0641232 
Potoroidae_Bettongia_lesueur                 0.0471090 0.0569004 0.0474507 0.0042293 0.0000000 0.0579270 0.0349042 0.0365586 0.0076524 0.0670445 0.0380238 0.0595968 0.0572928 0.0374313 0.0376863 0.0575902 0.0570753 0.0575725 0.0680612 0.0136507 0.0421446 0.0720463 0.0685166 0.0567168 0.0218577 0.0614818 0.0375381 0.0138709 0.0402382 0.0536944 0.0371228 0.0384309 0.0638368 0.0568399 0.0661392 
Dasyuridae_Dasyurus_maculatus                0.0608355 0.0614543 0.0607252 0.0570689 0.0579270 0.0000000 0.0512847 0.0517600 0.0566192 0.0630083 0.0536518 0.0132406 0.0169916 0.0531875 0.0558812 0.0130502 0.0043813 0.0169744 0.0632693 0.0557560 0.0585726 0.0740673 0.0718104 0.0109484 0.0543203 0.0598773 0.0545340 0.0548640 0.0563443 0.0668518 0.0562466 0.0540375 0.0614469 0.0045500 0.0626738 
Phalangeridae_Trichosurus_vulpecula          0.0336341 0.0507249 0.0399831 0.0341066 0.0349042 0.0512847 0.0000000 0.0101137 0.0325588 0.0562177 0.0120930 0.0520018 0.0515173 0.0106944 0.0308524 0.0502021 0.0491373 0.0517748 0.0568262 0.0313123 0.0369383 0.0591896 0.0575477 0.0484279 0.0315212 0.0537872 0.0328898 0.0304504 0.0359269 0.0452433 0.0301985 0.0108791 0.0538863 0.0504027 0.0553906 
Phalangeridae_Spilocuscus_maculatus          0.0363477 0.0500962 0.0424933 0.0361854 0.0365586 0.0517600 0.0101137 0.0000000 0.0344881 0.0571443 0.0103659 0.0526700 0.0520071 0.0087003 0.0326550 0.0513653 0.0509159 0.0525597 0.0579276 0.0340469 0.0397215 0.0584029 0.0575265 0.0498323 0.0332780 0.0556494 0.0344400 0.0332114 0.0376071 0.0470015 0.0323818 0.0083561 0.0545511 0.0515158 0.0561530 
Potoroidae_Aepyprymnus_rufescens             0.0432711 0.0536051 0.0443855 0.0074800 0.0076524 0.0566192 0.0325588 0.0344881 0.0000000 0.0638529 0.0361286 0.0574217 0.0559901 0.0351720 0.0353518 0.0562833 0.0557743 0.0557933 0.0648874 0.0113103 0.0382083 0.0701104 0.0666574 0.0549961 0.0190455 0.0597027 0.0350434 0.0118722 0.0382481 0.0512215 0.0348274 0.0361601 0.0610765 0.0551208 0.0629895 
Peramelidae_Perameles_nasuta                 0.0686750 0.0621796 0.0623668 0.0650037 0.0670445 0.0630083 0.0562177 0.0571443 0.0638529 0.0000000 0.0593940 0.0635591 0.0614041 0.0594277 0.0613482 0.0629218 0.0633140 0.0601433 0.0096866 0.0644198 0.0644970 0.0776773 0.0741489 0.0611351 0.0615405 0.0677462 0.0598292 0.0624471 0.0626664 0.0727764 0.0601643 0.0598840 0.0076979 0.0639472 0.0006780 
Phalangeridae_Strigocuscus_pelengensis       0.0370505 0.0506056 0.0435721 0.0372612 0.0380238 0.0536518 0.0120930 0.0103659 0.0361286 0.0593940 0.0000000 0.0539532 0.0528557 0.0078892 0.0338798 0.0528532 0.0523889 0.0532580 0.0604151 0.0346895 0.0400630 0.0614309 0.0588940 0.0513043 0.0346727 0.0554562 0.0370681 0.0339105 0.0378625 0.0488357 0.0351486 0.0077173 0.0567805 0.0529979 0.0585060 
Dasyuridae_Phascogale_tapoatafa              0.0618716 0.0611809 0.0606764 0.0587315 0.0595968 0.0132406 0.0520018 0.0526700 0.0574217 0.0635591 0.0539532 0.0000000 0.0177214 0.0541067 0.0561603 0.0045487 0.0116444 0.0182597 0.0641009 0.0567784 0.0601886 0.0745266 0.0727201 0.0086701 0.0548737 0.0623715 0.0563129 0.0554306 0.0580754 0.0678277 0.0565897 0.0547382 0.0608406 0.0130461 0.0630801 
Dasyuridae_Sminthopsis_macroura              0.0615873 0.0578898 0.0592423 0.0562121 0.0572928 0.0169916 0.0515173 0.0520071 0.0559901 0.0614041 0.0528557 0.0177214 0.0000000 0.0529961 0.0555057 0.0175129 0.0160685 0.0110858 0.0629448 0.0557723 0.0593887 0.0727530 0.0722967 0.0157293 0.0534364 0.0595742 0.0559936 0.0550785 0.0574156 0.0685015 0.0556124 0.0540673 0.0605030 0.0171363 0.0610449 
Phalangeridae_Phalanger_orientalis           0.0366694 0.0508491 0.0422388 0.0374603 0.0374313 0.0531875 0.0106944 0.0087003 0.0351720 0.0594277 0.0078892 0.0541067 0.0529961 0.0000000 0.0333402 0.0534044 0.0523363 0.0538003 0.0595959 0.0345420 0.0406573 0.0608324 0.0584060 0.0514617 0.0343402 0.0562712 0.0361084 0.0338899 0.0387318 0.0486543 0.0338329 0.0020122 0.0566169 0.0525238 0.0582109 
Acrobatidae_Acrobates_pygmaeus               0.0397505 0.0529620 0.0464933 0.0370883 0.0376863 0.0558812 0.0308524 0.0326550 0.0353518 0.0613482 0.0338798 0.0561603 0.0555057 0.0333402 0.0000000 0.0565656 0.0548197 0.0565280 0.0615226 0.0339351 0.0389429 0.0678635 0.0657775 0.0542114 0.0353622 0.0583107 0.0324326 0.0334501 0.0367322 0.0458989 0.0188820 0.0342941 0.0585943 0.0550349 0.0606217 
Dasyuridae_Phascogale_calura                 0.0615663 0.0606286 0.0595320 0.0571568 0.0575902 0.0130502 0.0502021 0.0513653 0.0562833 0.0629218 0.0528532 0.0045487 0.0175129 0.0534044 0.0565656 0.0000000 0.0114507 0.0178899 0.0631501 0.0556430 0.0598901 0.0746611 0.0730237 0.0084836 0.0533289 0.0605358 0.0555844 0.0538955 0.0579005 0.0670287 0.0564983 0.0538364 0.0602197 0.0128492 0.0625678 
Dasyuridae_Sarcophilus_harrisii              0.0592803 0.0601060 0.0585941 0.0562195 0.0570753 0.0043813 0.0491373 0.0509159 0.0557743 0.0633140 0.0523889 0.0116444 0.0160685 0.0523363 0.0548197 0.0114507 0.0000000 0.0156659 0.0639495 0.0548966 0.0589789 0.0724548 0.0704536 0.0100583 0.0528495 0.0586955 0.0547377 0.0540216 0.0567995 0.0664021 0.0545732 0.0527665 0.0621965 0.0045414 0.0631547 
Dasyuridae_Planigale_tenuirostris            0.0628308 0.0590270 0.0589769 0.0564559 0.0575725 0.0169744 0.0517748 0.0525597 0.0557933 0.0601433 0.0532580 0.0182597 0.0110858 0.0538003 0.0565280 0.0178899 0.0156659 0.0000000 0.0628899 0.0562184 0.0588573 0.0758567 0.0747798 0.0147708 0.0539856 0.0591981 0.0559055 0.0542563 0.0565659 0.0677723 0.0560725 0.0544761 0.0597040 0.0173125 0.0597851 
Peramelidae_Echymipera_kalubu                0.0692162 0.0639402 0.0629534 0.0666950 0.0680612 0.0632693 0.0568262 0.0579276 0.0648874 0.0096866 0.0604151 0.0641009 0.0629448 0.0595959 0.0615226 0.0631501 0.0639495 0.0628899 0.0000000 0.0654285 0.0648443 0.0802617 0.0771290 0.0613593 0.0629373 0.0681239 0.0615615 0.0634381 0.0631861 0.0737958 0.0607091 0.0600395 0.0078456 0.0641406 0.0094269 
Macropodidae_Dorcopsulus_vanheurni           0.0427975 0.0550406 0.0449119 0.0124100 0.0136507 0.0557560 0.0313123 0.0340469 0.0113103 0.0644198 0.0346895 0.0567784 0.0557723 0.0345420 0.0339351 0.0556430 0.0548966 0.0562184 0.0654285 0.0000000 0.0395864 0.0691425 0.0647879 0.0547788 0.0193968 0.0586745 0.0340708 0.0050855 0.0380214 0.0500854 0.0347883 0.0349377 0.0614049 0.0550846 0.0635309 
Pseudochiridae_Pseudochirulus_forbesi        0.0456155 0.0572970 0.0493636 0.0405568 0.0421446 0.0585726 0.0369383 0.0397215 0.0382083 0.0644970 0.0400630 0.0601886 0.0593887 0.0406573 0.0389429 0.0598901 0.0589789 0.0588573 0.0648443 0.0395864 0.0000000 0.0725845 0.0709803 0.0564668 0.0394752 0.0602643 0.0216127 0.0397495 0.0139163 0.0466552 0.0402029 0.0418361 0.0626644 0.0570709 0.0634684 
Didelphidae_Didelphis_virginiana             0.0712371 0.0758210 0.0711672 0.0702595 0.0720463 0.0740673 0.0591896 0.0584029 0.0701104 0.0776773 0.0614309 0.0745266 0.0727530 0.0608324 0.0678635 0.0746611 0.0724548 0.0758567 0.0802617 0.0691425 0.0725845 0.0000000 0.0221517 0.0719093 0.0654252 0.0741727 0.0684690 0.0701979 0.0737495 0.0776915 0.0665483 0.0599528 0.0768830 0.0751438 0.0768931 
Marmosidae_Monodelphis_domestica             0.0696133 0.0715018 0.0711693 0.0685166 0.0685166 0.0718104 0.0575477 0.0575265 0.0666574 0.0741489 0.0588940 0.0727201 0.0722967 0.0584060 0.0657775 0.0730237 0.0704536 0.0747798 0.0771290 0.0647879 0.0709803 0.0221517 0.0000000 0.0712245 0.0636781 0.0743123 0.0645629 0.0653165 0.0709937 0.0775895 0.0636573 0.0588468 0.0728646 0.0721941 0.0734853 
Dasyuridae_Antechinus_stuartii               0.0591532 0.0588603 0.0588641 0.0558611 0.0567168 0.0109484 0.0484279 0.0498323 0.0549961 0.0611351 0.0513043 0.0086701 0.0157293 0.0514617 0.0542114 0.0084836 0.0100583 0.0147708 0.0613593 0.0547788 0.0564668 0.0719093 0.0712245 0.0000000 0.0535048 0.0590543 0.0534794 0.0540841 0.0545795 0.0647338 0.0541788 0.0525022 0.0588526 0.0111013 0.0607787 
Hypsiprymnodontidae_Hypsiprymnodon_moschatus 0.0424142 0.0541275 0.0430330 0.0214914 0.0218577 0.0543203 0.0315212 0.0332780 0.0190455 0.0615405 0.0346727 0.0548737 0.0534364 0.0343402 0.0353622 0.0533289 0.0528495 0.0539856 0.0629373 0.0193968 0.0394752 0.0654252 0.0636781 0.0535048 0.0000000 0.0593536 0.0347144 0.0191003 0.0378564 0.0508332 0.0340475 0.0351380 0.0589747 0.0528006 0.0607060 
Microbiotheriidae_Dromiciops_gliroides       0.0619928 0.0646748 0.0574712 0.0603828 0.0614818 0.0598773 0.0537872 0.0556494 0.0597027 0.0677462 0.0554562 0.0623715 0.0595742 0.0562712 0.0583107 0.0605358 0.0586955 0.0591981 0.0681239 0.0586745 0.0602643 0.0741727 0.0743123 0.0590543 0.0593536 0.0000000 0.0585506 0.0580106 0.0595531 0.0717752 0.0555468 0.0560599 0.0667727 0.0595606 0.0673185 
Pseudochiridae_Petauroides_volans            0.0411143 0.0544249 0.0450316 0.0363637 0.0375381 0.0545340 0.0328898 0.0344400 0.0350434 0.0598292 0.0370681 0.0563129 0.0559936 0.0361084 0.0324326 0.0555844 0.0547377 0.0559055 0.0615615 0.0340708 0.0216127 0.0684690 0.0645629 0.0534794 0.0347144 0.0585506 0.0000000 0.0338138 0.0206821 0.0398554 0.0329504 0.0370827 0.0581054 0.0543324 0.0588576 
Macropodidae_Wallabia_bicolor                0.0417712 0.0547122 0.0442097 0.0122718 0.0138709 0.0548640 0.0304504 0.0332114 0.0118722 0.0624471 0.0339105 0.0554306 0.0550785 0.0338899 0.0334501 0.0538955 0.0540216 0.0542563 0.0634381 0.0050855 0.0397495 0.0701979 0.0653165 0.0540841 0.0191003 0.0580106 0.0338138 0.0000000 0.0377775 0.0500479 0.0343109 0.0340999 0.0599085 0.0537902 0.0615987 
Pseudochiridae_Pseudocheirus_occidentalis    0.0450810 0.0558974 0.0502268 0.0394425 0.0402382 0.0563443 0.0359269 0.0376071 0.0382481 0.0626664 0.0378625 0.0580754 0.0574156 0.0387318 0.0367322 0.0579005 0.0567995 0.0565659 0.0631861 0.0380214 0.0139163 0.0737495 0.0709937 0.0545795 0.0378564 0.0595531 0.0206821 0.0377775 0.0000000 0.0443049 0.0397432 0.0399208 0.0600555 0.0548160 0.0617235 
Tarsipedidae_Tarsipes_rostratus              0.0544500 0.0672875 0.0586337 0.0519312 0.0536944 0.0668518 0.0452433 0.0470015 0.0512215 0.0727764 0.0488357 0.0678277 0.0685015 0.0486543 0.0458989 0.0670287 0.0664021 0.0677723 0.0737958 0.0500854 0.0466552 0.0776915 0.0775895 0.0647338 0.0508332 0.0717752 0.0398554 0.0500479 0.0443049 0.0000000 0.0471567 0.0486561 0.0708256 0.0670769 0.0721682 
Acrobatidae_Distoechurus_pennatus            0.0407077 0.0531235 0.0447534 0.0365261 0.0371228 0.0562466 0.0301985 0.0323818 0.0348274 0.0601643 0.0351486 0.0565897 0.0556124 0.0338329 0.0188820 0.0564983 0.0545732 0.0560725 0.0607091 0.0347883 0.0402029 0.0665483 0.0636573 0.0541788 0.0340475 0.0555468 0.0329504 0.0343109 0.0397432 0.0471567 0.0000000 0.0344107 0.0576373 0.0552045 0.0593494 
Phalangeridae_Phalanger_carmelitae           0.0368612 0.0512727 0.0426428 0.0380675 0.0384309 0.0540375 0.0108791 0.0083561 0.0361601 0.0598840 0.0077173 0.0547382 0.0540673 0.0020122 0.0342941 0.0538364 0.0527665 0.0544761 0.0600395 0.0349377 0.0418361 0.0599528 0.0588468 0.0525022 0.0351380 0.0560599 0.0370827 0.0340999 0.0399208 0.0486561 0.0344107 0.0000000 0.0574888 0.0537891 0.0586793 
Peramelidae_Peroryctes_raffrayana            0.0654715 0.0596417 0.0602735 0.0624612 0.0638368 0.0614469 0.0538863 0.0545511 0.0610765 0.0076979 0.0567805 0.0608406 0.0605030 0.0566169 0.0585943 0.0602197 0.0621965 0.0597040 0.0078456 0.0614049 0.0626644 0.0768830 0.0728646 0.0588526 0.0589747 0.0667727 0.0581054 0.0599085 0.0600555 0.0708256 0.0576373 0.0574888 0.0000000 0.0623718 0.0073267 
Dasyuridae_Dasyurus_geffroii                 0.0599276 0.0607639 0.0598703 0.0559852 0.0568399 0.0045500 0.0504027 0.0515158 0.0551208 0.0639472 0.0529979 0.0130461 0.0171363 0.0525238 0.0550349 0.0128492 0.0045414 0.0173125 0.0641406 0.0550846 0.0570709 0.0751438 0.0721941 0.0111013 0.0528006 0.0595606 0.0543324 0.0537902 0.0548160 0.0670769 0.0552045 0.0537891 0.0623718 0.0000000 0.0635640 
Peramelidae_Perameles_gunnii                 0.0671272 0.0624773 0.0614461 0.0641232 0.0661392 0.0626738 0.0553906 0.0561530 0.0629895 0.0006780 0.0585060 0.0630801 0.0610449 0.0582109 0.0606217 0.0625678 0.0631547 0.0597851 0.0094269 0.0635309 0.0634684 0.0768931 0.0734853 0.0607787 0.0607060 0.0673185 0.0588576 0.0615987 0.0617235 0.0721682 0.0593494 0.0586793 0.0073267 0.0635640 0.0000000 
