35
Burramyidae_Burramys_parvus                  0.0000000 0.0492928 0.0266182 0.0291501 0.0291752 0.0563979 0.0184387 0.0199891 0.0261127 0.0710408 0.0190214 0.0525715 0.0597114 0.0196282 0.0305721 0.0541358 0.0523953 0.0602550 0.0680537 0.0251203 0.0501438 0.0665731 0.0523082 0.0566511 0.0297847 0.0288551 0.0462095 0.0237739 0.0437426 0.0614911 0.0358222 0.0192018 0.0679547 0.0530714 0.0713208 
Notoryctidae_Notoryctes_typhlops             0.0492928 0.0000000 0.0470429 0.0652719 0.0641171 0.0633990 0.0523118 0.0530924 0.0591402 0.0811014 0.0543085 0.0605834 0.0640316 0.0522733 0.0650149 0.0617036 0.0610148 0.0633422 0.0806607 0.0553430 0.0921552 0.0912459 0.0740657 0.0630579 0.0632642 0.0512451 0.0867111 0.0532839 0.0839002 0.0973826 0.0714563 0.0508656 0.0823797 0.0606020 0.0817636 
Vombatidae_Lasiorhinus_latifrons             0.0266182 0.0470429 0.0000000 0.0404896 0.0400659 0.0544028 0.0270570 0.0298944 0.0364114 0.0668807 0.0294724 0.0520591 0.0545744 0.0282768 0.0372627 0.0536144 0.0494605 0.0602912 0.0683038 0.0340406 0.0595527 0.0722359 0.0596990 0.0541645 0.0375224 0.0312892 0.0602073 0.0324994 0.0523263 0.0652033 0.0432961 0.0280810 0.0683521 0.0516255 0.0676336 
Potoroidae_Bettongia_penicillata             0.0291501 0.0652719 0.0404896 0.0000000 0.0020867 0.0697713 0.0314132 0.0331397 0.0070149 0.0796425 0.0314190 0.0668371 0.0711452 0.0322239 0.0414765 0.0696586 0.0650279 0.0752468 0.0737455 0.0119574 0.0606656 0.0828320 0.0688640 0.0707756 0.0263209 0.0456908 0.0578838 0.0109966 0.0505791 0.0729969 0.0499046 0.0307719 0.0783551 0.0668549 0.0798260 
Potoroidae_Bettongia_lesueur                 0.0291752 0.0641171 0.0400659 0.0020867 0.0000000 0.0704292 0.0301940 0.0323315 0.0061621 0.0779227 0.0302324 0.0674861 0.0718133 0.0310206 0.0405663 0.0691650 0.0656686 0.0753964 0.0732200 0.0109551 0.0591175 0.0837063 0.0684846 0.0702779 0.0263311 0.0452390 0.0579337 0.0095421 0.0494816 0.0738320 0.0499583 0.0296046 0.0766335 0.0675046 0.0781196 
Dasyuridae_Dasyurus_maculatus                0.0563979 0.0633990 0.0544028 0.0697713 0.0704292 0.0000000 0.0585035 0.0596134 0.0662034 0.0856584 0.0572304 0.0082982 0.0126473 0.0572220 0.0725086 0.0101484 0.0026296 0.0132161 0.0870141 0.0614431 0.0884442 0.0845678 0.0721349 0.0094791 0.0663250 0.0544799 0.0841968 0.0604510 0.0765121 0.1013740 0.0755007 0.0573608 0.0869169 0.0019034 0.0862713 
Phalangeridae_Trichosurus_vulpecula          0.0184387 0.0523118 0.0270570 0.0314132 0.0301940 0.0585035 0.0000000 0.0085889 0.0269606 0.0672288 0.0100293 0.0556886 0.0575643 0.0085677 0.0307215 0.0573018 0.0539832 0.0618508 0.0653742 0.0274878 0.0494354 0.0646366 0.0549203 0.0584107 0.0312545 0.0316937 0.0468105 0.0264523 0.0423869 0.0580242 0.0394836 0.0085239 0.0662003 0.0557151 0.0675110 
Phalangeridae_Spilocuscus_maculatus          0.0199891 0.0530924 0.0298944 0.0331397 0.0323315 0.0596134 0.0085889 0.0000000 0.0290003 0.0674179 0.0045749 0.0561918 0.0585345 0.0043616 0.0309480 0.0578019 0.0550756 0.0640386 0.0658951 0.0287834 0.0537467 0.0680475 0.0514970 0.0582880 0.0333217 0.0327519 0.0490140 0.0266041 0.0446913 0.0585562 0.0396436 0.0047323 0.0661577 0.0567857 0.0680002 
Potoroidae_Aepyprymnus_rufescens             0.0261127 0.0591402 0.0364114 0.0070149 0.0061621 0.0662034 0.0269606 0.0290003 0.0000000 0.0746911 0.0282158 0.0595783 0.0652502 0.0281928 0.0385792 0.0611921 0.0610114 0.0684133 0.0722936 0.0088052 0.0583654 0.0770935 0.0611943 0.0632016 0.0237598 0.0402160 0.0562575 0.0083736 0.0532103 0.0717583 0.0483881 0.0268686 0.0746113 0.0627903 0.0756401 
Peramelidae_Perameles_nasuta                 0.0710408 0.0811014 0.0668807 0.0796425 0.0779227 0.0856584 0.0672288 0.0674179 0.0746911 0.0000000 0.0673469 0.0832665 0.0895598 0.0650812 0.0807132 0.0838598 0.0812199 0.0910076 0.0088927 0.0700329 0.0927370 0.0984533 0.0845024 0.0818179 0.0794481 0.0688250 0.0894443 0.0679636 0.0824588 0.1073506 0.0900991 0.0645772 0.0073480 0.0826122 0.0003393 
Phalangeridae_Strigocuscus_pelengensis       0.0190214 0.0543085 0.0294724 0.0314190 0.0302324 0.0572304 0.0100293 0.0045749 0.0282158 0.0673469 0.0000000 0.0556178 0.0586018 0.0059829 0.0313412 0.0571938 0.0528066 0.0621654 0.0666587 0.0272084 0.0529528 0.0690854 0.0524740 0.0575069 0.0308829 0.0324248 0.0472501 0.0247406 0.0432979 0.0593661 0.0405115 0.0063659 0.0688465 0.0544802 0.0682364 
Dasyuridae_Phascogale_tapoatafa              0.0525715 0.0605834 0.0520591 0.0668371 0.0674861 0.0082982 0.0556886 0.0561918 0.0595783 0.0832665 0.0556178 0.0000000 0.0114202 0.0539193 0.0685959 0.0019070 0.0059424 0.0121672 0.0859323 0.0575050 0.0881559 0.0825124 0.0700332 0.0043645 0.0618377 0.0521169 0.0831298 0.0571378 0.0783881 0.0958730 0.0741377 0.0534915 0.0855757 0.0067871 0.0838997 
Dasyuridae_Sminthopsis_macroura              0.0597114 0.0640316 0.0545744 0.0711452 0.0718133 0.0126473 0.0575643 0.0585345 0.0652502 0.0895598 0.0586018 0.0114202 0.0000000 0.0561864 0.0716278 0.0129619 0.0114092 0.0095612 0.0897414 0.0621546 0.0886767 0.0837363 0.0713253 0.0127588 0.0673883 0.0577714 0.0877162 0.0628170 0.0774588 0.1013956 0.0779528 0.0562867 0.0937044 0.0114145 0.0901478 
Phalangeridae_Phalanger_orientalis           0.0196282 0.0522733 0.0282768 0.0322239 0.0310206 0.0572220 0.0085677 0.0043616 0.0281928 0.0650812 0.0059829 0.0539193 0.0561864 0.0000000 0.0304779 0.0554756 0.0528004 0.0617695 0.0632978 0.0264339 0.0483146 0.0653287 0.0490599 0.0569738 0.0307810 0.0296078 0.0472940 0.0243483 0.0402895 0.0567280 0.0399980 0.0011956 0.0653696 0.0544742 0.0653730 
Acrobatidae_Acrobates_pygmaeus               0.0305721 0.0650149 0.0372627 0.0414765 0.0405663 0.0725086 0.0307215 0.0309480 0.0385792 0.0807132 0.0313412 0.0685959 0.0716278 0.0304779 0.0000000 0.0696975 0.0676634 0.0791145 0.0795787 0.0362047 0.0546578 0.0789522 0.0682858 0.0682488 0.0400879 0.0460055 0.0484184 0.0337710 0.0456610 0.0629610 0.0248358 0.0298678 0.0786501 0.0695402 0.0811701 
Dasyuridae_Phascogale_calura                 0.0541358 0.0617036 0.0536144 0.0696586 0.0691650 0.0101484 0.0573018 0.0578019 0.0611921 0.0838598 0.0571938 0.0019070 0.0129619 0.0554756 0.0696975 0.0000000 0.0083170 0.0141581 0.0865256 0.0591136 0.0887831 0.0830978 0.0694398 0.0053677 0.0634687 0.0537149 0.0825089 0.0587467 0.0777776 0.0977575 0.0758554 0.0550470 0.0862171 0.0085473 0.0844883 
Dasyuridae_Sarcophilus_harrisii              0.0523953 0.0610148 0.0494605 0.0650279 0.0656686 0.0026296 0.0539832 0.0550756 0.0610114 0.0812199 0.0528066 0.0059424 0.0114092 0.0528004 0.0676634 0.0083170 0.0000000 0.0118859 0.0826579 0.0568854 0.0841657 0.0806280 0.0683814 0.0079110 0.0611629 0.0494837 0.0791987 0.0559916 0.0732325 0.0960319 0.0706747 0.0529154 0.0835877 0.0013735 0.0818677 
Dasyuridae_Planigale_tenuirostris            0.0602550 0.0633422 0.0602912 0.0752468 0.0753964 0.0132161 0.0618508 0.0640386 0.0684133 0.0910076 0.0621654 0.0121672 0.0095612 0.0617695 0.0791145 0.0141581 0.0118859 0.0000000 0.0919020 0.0672334 0.0930121 0.0910792 0.0773025 0.0132962 0.0733041 0.0593785 0.0960511 0.0679534 0.0799932 0.1065404 0.0838067 0.0618992 0.0957308 0.0118919 0.0923536 
Peramelidae_Echymipera_kalubu                0.0680537 0.0806607 0.0683038 0.0737455 0.0732200 0.0870141 0.0653742 0.0658951 0.0722936 0.0088927 0.0666587 0.0859323 0.0897414 0.0632978 0.0795787 0.0865256 0.0826579 0.0919020 0.0000000 0.0697931 0.0873517 0.1010721 0.0856001 0.0864785 0.0780576 0.0720168 0.0835419 0.0678548 0.0826145 0.1066106 0.0873283 0.0628097 0.0086644 0.0840509 0.0092864 
Macropodidae_Dorcopsulus_vanheurni           0.0251203 0.0553430 0.0340406 0.0119574 0.0109551 0.0614431 0.0274878 0.0287834 0.0088052 0.0700329 0.0272084 0.0575050 0.0621546 0.0264339 0.0362047 0.0591136 0.0568854 0.0672334 0.0697931 0.0000000 0.0559790 0.0784709 0.0633791 0.0605726 0.0194978 0.0419485 0.0525846 0.0030162 0.0491874 0.0693012 0.0456632 0.0258969 0.0721738 0.0586321 0.0707610 
Pseudochiridae_Pseudochirulus_forbesi        0.0501438 0.0921552 0.0595527 0.0606656 0.0591175 0.0884442 0.0494354 0.0537467 0.0583654 0.0927370 0.0529528 0.0881559 0.0886767 0.0483146 0.0546578 0.0887831 0.0841657 0.0930121 0.0873517 0.0559790 0.0000000 0.1006330 0.0913021 0.0898340 0.0588651 0.0653567 0.0274208 0.0531476 0.0091674 0.0762614 0.0622136 0.0490228 0.0878511 0.0862034 0.0928187 
Didelphidae_Didelphis_virginiana             0.0665731 0.0912459 0.0722359 0.0828320 0.0837063 0.0845678 0.0646366 0.0680475 0.0770935 0.0984533 0.0690854 0.0825124 0.0837363 0.0653287 0.0789522 0.0830978 0.0806280 0.0910792 0.1010721 0.0784709 0.1006330 0.0000000 0.0190539 0.0843116 0.0813579 0.0660835 0.1022967 0.0766331 0.0912368 0.1058966 0.0850826 0.0654606 0.0984416 0.0821073 0.0990472 
Marmosidae_Monodelphis_domestica             0.0523082 0.0740657 0.0596990 0.0688640 0.0684846 0.0721349 0.0549203 0.0514970 0.0611943 0.0845024 0.0524740 0.0700332 0.0713253 0.0490599 0.0682858 0.0694398 0.0683814 0.0773025 0.0856001 0.0633791 0.0913021 0.0190539 0.0000000 0.0718379 0.0651915 0.0523694 0.0910364 0.0609228 0.0819366 0.0949670 0.0739911 0.0491940 0.0830583 0.0691525 0.0856417 
Dasyuridae_Antechinus_stuartii               0.0566511 0.0630579 0.0541645 0.0707756 0.0702779 0.0094791 0.0584107 0.0582880 0.0632016 0.0818179 0.0575069 0.0043645 0.0127588 0.0569738 0.0682488 0.0053677 0.0079110 0.0132962 0.0864785 0.0605726 0.0898340 0.0843116 0.0718379 0.0000000 0.0645745 0.0532131 0.0851796 0.0601443 0.0762716 0.0974433 0.0773391 0.0565860 0.0854943 0.0079143 0.0826699 
Hypsiprymnodontidae_Hypsiprymnodon_moschatus 0.0297847 0.0632642 0.0375224 0.0263209 0.0263311 0.0663250 0.0312545 0.0333217 0.0237598 0.0794481 0.0308829 0.0618377 0.0673883 0.0307810 0.0400879 0.0634687 0.0611629 0.0733041 0.0780576 0.0194978 0.0588651 0.0813579 0.0651915 0.0645745 0.0000000 0.0447998 0.0564888 0.0183528 0.0512139 0.0698265 0.0487336 0.0304127 0.0786594 0.0629323 0.0796316 
Microbiotheriidae_Dromiciops_gliroides       0.0288551 0.0512451 0.0312892 0.0456908 0.0452390 0.0544799 0.0316937 0.0327519 0.0402160 0.0688250 0.0324248 0.0521169 0.0577714 0.0296078 0.0460055 0.0537149 0.0494837 0.0593785 0.0720168 0.0419485 0.0653567 0.0660835 0.0523694 0.0532131 0.0447998 0.0000000 0.0658276 0.0379381 0.0521877 0.0752451 0.0475186 0.0298079 0.0694142 0.0511494 0.0694654 
Pseudochiridae_Petauroides_volans            0.0462095 0.0867111 0.0602073 0.0578838 0.0579337 0.0841968 0.0468105 0.0490140 0.0562575 0.0894443 0.0472501 0.0831298 0.0877162 0.0472940 0.0484184 0.0825089 0.0791987 0.0960511 0.0835419 0.0525846 0.0274208 0.1022967 0.0910364 0.0851796 0.0564888 0.0658276 0.0000000 0.0487745 0.0186141 0.0706637 0.0529850 0.0466880 0.0831296 0.0812060 0.0895519 
Macropodidae_Wallabia_bicolor                0.0237739 0.0532839 0.0324994 0.0109966 0.0095421 0.0604510 0.0264523 0.0266041 0.0083736 0.0679636 0.0247406 0.0571378 0.0628170 0.0243483 0.0337710 0.0587467 0.0559916 0.0679534 0.0678548 0.0030162 0.0531476 0.0766331 0.0609228 0.0601443 0.0183528 0.0379381 0.0487745 0.0000000 0.0466719 0.0662527 0.0426212 0.0238667 0.0689621 0.0577313 0.0683152 
Pseudochiridae_Pseudocheirus_occidentalis    0.0437426 0.0839002 0.0523263 0.0505791 0.0494816 0.0765121 0.0423869 0.0446913 0.0532103 0.0824588 0.0432979 0.0783881 0.0774588 0.0402895 0.0456610 0.0777776 0.0732325 0.0799932 0.0826145 0.0491874 0.0091674 0.0912368 0.0819366 0.0762716 0.0512139 0.0521877 0.0186141 0.0466719 0.0000000 0.0673280 0.0507984 0.0410316 0.0781295 0.0740362 0.0824721 
Tarsipedidae_Tarsipes_rostratus              0.0614911 0.0973826 0.0652033 0.0729969 0.0738320 0.1013740 0.0580242 0.0585562 0.0717583 0.1073506 0.0593661 0.0958730 0.1013956 0.0567280 0.0629610 0.0977575 0.0960319 0.1065404 0.1066106 0.0693012 0.0762614 0.1058966 0.0949670 0.0974433 0.0698265 0.0752451 0.0706637 0.0662527 0.0673280 0.0000000 0.0630758 0.0557505 0.1094236 0.0982279 0.1070929 
Acrobatidae_Distoechurus_pennatus            0.0358222 0.0714563 0.0432961 0.0499046 0.0499583 0.0755007 0.0394836 0.0396436 0.0483881 0.0900991 0.0405115 0.0741377 0.0779528 0.0399980 0.0248358 0.0758554 0.0706747 0.0838067 0.0873283 0.0456632 0.0622136 0.0850826 0.0739911 0.0773391 0.0487336 0.0475186 0.0529850 0.0426212 0.0507984 0.0630758 0.0000000 0.0392518 0.0892871 0.0725548 0.0907850 
Phalangeridae_Phalanger_carmelitae           0.0192018 0.0508656 0.0280810 0.0307719 0.0296046 0.0573608 0.0085239 0.0047323 0.0268686 0.0645772 0.0063659 0.0534915 0.0562867 0.0011956 0.0298678 0.0550470 0.0529154 0.0618992 0.0628097 0.0258969 0.0490228 0.0654606 0.0491940 0.0565860 0.0304127 0.0298079 0.0466880 0.0238667 0.0410316 0.0557505 0.0392518 0.0000000 0.0648620 0.0545821 0.0648712 
Peramelidae_Peroryctes_raffrayana            0.0679547 0.0823797 0.0683521 0.0783551 0.0766335 0.0869169 0.0662003 0.0661577 0.0746113 0.0073480 0.0688465 0.0855757 0.0937044 0.0653696 0.0786501 0.0862171 0.0835877 0.0957308 0.0086644 0.0721738 0.0878511 0.0984416 0.0830583 0.0854943 0.0786594 0.0694142 0.0831296 0.0689621 0.0781295 0.1094236 0.0892871 0.0648620 0.0000000 0.0838490 0.0075320 
Dasyuridae_Dasyurus_geffroii                 0.0530714 0.0606020 0.0516255 0.0668549 0.0675046 0.0019034 0.0557151 0.0567857 0.0627903 0.0826122 0.0544802 0.0067871 0.0114145 0.0544742 0.0695402 0.0085473 0.0013735 0.0118919 0.0840509 0.0586321 0.0862034 0.0821073 0.0691525 0.0079143 0.0629323 0.0511494 0.0812060 0.0577313 0.0740362 0.0982279 0.0725548 0.0545821 0.0838490 0.0000000 0.0832525 
Peramelidae_Perameles_gunnii                 0.0713208 0.0817636 0.0676336 0.0798260 0.0781196 0.0862713 0.0675110 0.0680002 0.0756401 0.0003393 0.0682364 0.0838997 0.0901478 0.0653730 0.0811701 0.0844883 0.0818677 0.0923536 0.0092864 0.0707610 0.0928187 0.0990472 0.0856417 0.0826699 0.0796316 0.0694654 0.0895519 0.0683152 0.0824721 0.1070929 0.0907850 0.0648712 0.0075320 0.0832525 0.0000000 
