35
Burramyidae_Burramys_parvus                  0.0000000 0.0429893 0.0263713 0.0321260 0.0332515 0.0382635 0.0224411 0.0238269 0.0309551 0.0436725 0.0249514 0.0374641 0.0389432 0.0238610 0.0277955 0.0387199 0.0393143 0.0374909 0.0405071 0.0283838 0.0314756 0.0512473 0.0484992 0.0391231 0.0359543 0.0394203 0.0187340 0.0287678 0.0274724 0.0334179 0.0300231 0.0246580 0.0405845 0.0447682 0.0368318 
Notoryctidae_Notoryctes_typhlops             0.0429893 0.0000000 0.0444327 0.0509164 0.0522278 0.0520165 0.0461692 0.0460871 0.0507742 0.0492883 0.0464997 0.0503294 0.0503394 0.0468675 0.0484813 0.0511764 0.0528054 0.0531821 0.0474706 0.0472055 0.0510886 0.0613923 0.0587756 0.0527346 0.0499442 0.0509361 0.0425223 0.0501133 0.0493310 0.0478981 0.0468522 0.0467870 0.0496325 0.0487550 0.0442579 
Vombatidae_Lasiorhinus_latifrons             0.0263713 0.0444327 0.0000000 0.0350240 0.0364266 0.0430863 0.0282893 0.0282586 0.0353536 0.0465460 0.0296151 0.0428630 0.0402953 0.0268837 0.0331907 0.0428908 0.0439008 0.0433392 0.0460005 0.0319023 0.0370653 0.0565101 0.0504036 0.0436168 0.0416997 0.0437183 0.0313499 0.0328059 0.0348145 0.0443360 0.0366702 0.0279694 0.0465515 0.0481518 0.0376831 
Potoroidae_Bettongia_penicillata             0.0321260 0.0509164 0.0350240 0.0000000 0.0049664 0.0440181 0.0275014 0.0251694 0.0074678 0.0501821 0.0280526 0.0451499 0.0447145 0.0252303 0.0384112 0.0463840 0.0450983 0.0418998 0.0485407 0.0107167 0.0357867 0.0565686 0.0514246 0.0469104 0.0259474 0.0433013 0.0278140 0.0111176 0.0351802 0.0462236 0.0380483 0.0260147 0.0506318 0.0510627 0.0403825 
Potoroidae_Bettongia_lesueur                 0.0332515 0.0522278 0.0364266 0.0049664 0.0000000 0.0438826 0.0294245 0.0270617 0.0097049 0.0529095 0.0305985 0.0456462 0.0455298 0.0271278 0.0395990 0.0468803 0.0459381 0.0437691 0.0504396 0.0124843 0.0379170 0.0578402 0.0526921 0.0477356 0.0278913 0.0452866 0.0311462 0.0124206 0.0370806 0.0481209 0.0382312 0.0279168 0.0533550 0.0536838 0.0415004 
Dasyuridae_Dasyurus_maculatus                0.0382635 0.0520165 0.0430863 0.0440181 0.0438826 0.0000000 0.0397076 0.0380727 0.0426175 0.0480152 0.0409921 0.0095896 0.0141619 0.0387321 0.0453240 0.0095966 0.0028133 0.0125578 0.0476491 0.0418608 0.0466814 0.0569593 0.0516132 0.0096145 0.0503100 0.0480911 0.0351490 0.0404514 0.0447811 0.0495132 0.0465030 0.0398865 0.0480276 0.0498434 0.0031027 
Phalangeridae_Trichosurus_vulpecula          0.0224411 0.0461692 0.0282893 0.0275014 0.0294245 0.0397076 0.0000000 0.0076134 0.0277553 0.0438321 0.0114683 0.0403940 0.0399404 0.0078741 0.0298142 0.0416336 0.0410634 0.0379317 0.0424420 0.0245136 0.0294990 0.0513092 0.0492812 0.0423830 0.0352456 0.0395022 0.0221480 0.0252386 0.0277516 0.0375575 0.0309966 0.0088378 0.0432514 0.0448031 0.0382213 
Phalangeridae_Spilocuscus_maculatus          0.0238269 0.0460871 0.0282586 0.0251694 0.0270617 0.0380727 0.0076134 0.0000000 0.0253873 0.0431168 0.0069487 0.0396858 0.0392476 0.0030419 0.0309611 0.0409167 0.0394058 0.0381611 0.0433536 0.0233334 0.0300288 0.0519639 0.0498833 0.0413286 0.0357472 0.0388146 0.0217690 0.0239936 0.0276946 0.0370483 0.0315182 0.0039822 0.0428682 0.0441046 0.0369696 
Potoroidae_Aepyprymnus_rufescens             0.0309551 0.0507742 0.0353536 0.0074678 0.0097049 0.0426175 0.0277553 0.0253873 0.0000000 0.0464278 0.0282970 0.0437448 0.0433124 0.0254493 0.0360485 0.0446567 0.0436465 0.0396395 0.0478310 0.0115907 0.0367807 0.0564552 0.0512889 0.0455009 0.0245239 0.0440381 0.0277032 0.0111027 0.0342375 0.0461012 0.0365875 0.0268103 0.0488125 0.0467804 0.0392084 
Peramelidae_Perameles_nasuta                 0.0436725 0.0492883 0.0465460 0.0501821 0.0529095 0.0480152 0.0438321 0.0431168 0.0464278 0.0000000 0.0426638 0.0488510 0.0480404 0.0438189 0.0497432 0.0502206 0.0493705 0.0457932 0.0099653 0.0456012 0.0491119 0.0567234 0.0574172 0.0506749 0.0565221 0.0484600 0.0392492 0.0468829 0.0460990 0.0549464 0.0502214 0.0440572 0.0102926 0.0031666 0.0435975 
Phalangeridae_Strigocuscus_pelengensis       0.0249514 0.0464997 0.0296151 0.0280526 0.0305985 0.0409921 0.0114683 0.0069487 0.0282970 0.0426638 0.0000000 0.0423558 0.0406658 0.0047593 0.0322876 0.0436222 0.0419640 0.0411191 0.0421594 0.0257858 0.0310600 0.0512114 0.0484755 0.0434090 0.0374271 0.0373971 0.0218004 0.0271314 0.0279432 0.0365926 0.0352477 0.0057171 0.0427701 0.0438834 0.0362462 
Dasyuridae_Phascogale_tapoatafa              0.0374641 0.0503294 0.0428630 0.0451499 0.0456462 0.0095896 0.0403940 0.0396858 0.0437448 0.0488510 0.0423558 0.0000000 0.0141863 0.0397360 0.0442057 0.0028084 0.0106152 0.0136872 0.0474925 0.0432545 0.0451683 0.0563941 0.0528328 0.0064129 0.0515247 0.0483236 0.0337299 0.0412936 0.0432352 0.0508736 0.0459853 0.0408999 0.0481776 0.0503260 0.0105440 
Dasyuridae_Sminthopsis_macroura              0.0389432 0.0503394 0.0402953 0.0447145 0.0455298 0.0141619 0.0399404 0.0392476 0.0433124 0.0480404 0.0406658 0.0141863 0.0000000 0.0386636 0.0427106 0.0144674 0.0144577 0.0117473 0.0477115 0.0415372 0.0477372 0.0545134 0.0517031 0.0142250 0.0479879 0.0478031 0.0374932 0.0407737 0.0451744 0.0520026 0.0452328 0.0398164 0.0487466 0.0502041 0.0135519 
Phalangeridae_Phalanger_orientalis           0.0238610 0.0468675 0.0268837 0.0252303 0.0271278 0.0387321 0.0078741 0.0030419 0.0254493 0.0438189 0.0047593 0.0397360 0.0386636 0.0000000 0.0310289 0.0409680 0.0400748 0.0378662 0.0437049 0.0233903 0.0295041 0.0505996 0.0495787 0.0401319 0.0352292 0.0381801 0.0218248 0.0234752 0.0268656 0.0356361 0.0324616 0.0016279 0.0438942 0.0447901 0.0378276 
Acrobatidae_Acrobates_pygmaeus               0.0277955 0.0484813 0.0331907 0.0384112 0.0395990 0.0453240 0.0298142 0.0309611 0.0360485 0.0497432 0.0322876 0.0442057 0.0427106 0.0310289 0.0000000 0.0448410 0.0464995 0.0441475 0.0477515 0.0347090 0.0339386 0.0501990 0.0504054 0.0456326 0.0346524 0.0399279 0.0243495 0.0350338 0.0298669 0.0336553 0.0213333 0.0318872 0.0476595 0.0492120 0.0428178 
Dasyuridae_Phascogale_calura                 0.0387199 0.0511764 0.0428908 0.0463840 0.0468803 0.0095966 0.0416336 0.0409167 0.0446567 0.0502206 0.0436222 0.0028084 0.0144674 0.0409680 0.0448410 0.0000000 0.0111265 0.0136804 0.0488025 0.0445146 0.0458615 0.0564490 0.0535944 0.0064173 0.0528831 0.0491332 0.0348893 0.0422277 0.0439461 0.0516710 0.0469421 0.0421403 0.0495688 0.0516635 0.0105558 
Dasyuridae_Sarcophilus_harrisii              0.0393143 0.0528054 0.0439008 0.0450983 0.0459381 0.0028133 0.0410634 0.0394058 0.0436465 0.0493705 0.0419640 0.0106152 0.0144577 0.0400748 0.0464995 0.0111265 0.0000000 0.0131377 0.0487665 0.0431494 0.0475042 0.0586201 0.0534332 0.0101401 0.0514643 0.0484928 0.0363464 0.0412686 0.0455485 0.0508957 0.0472883 0.0412412 0.0490530 0.0516118 0.0031134 
Dasyuridae_Planigale_tenuirostris            0.0374909 0.0531821 0.0433392 0.0418998 0.0437691 0.0125578 0.0379317 0.0381611 0.0396395 0.0457932 0.0411191 0.0136872 0.0117473 0.0378662 0.0441475 0.0136804 0.0131377 0.0000000 0.0454479 0.0403944 0.0446542 0.0528036 0.0482747 0.0128838 0.0495877 0.0462425 0.0315852 0.0398018 0.0428009 0.0488922 0.0445105 0.0384849 0.0449869 0.0473803 0.0126838 
Peramelidae_Echymipera_kalubu                0.0405071 0.0474706 0.0460005 0.0485407 0.0504396 0.0476491 0.0424420 0.0433536 0.0478310 0.0099653 0.0421594 0.0474925 0.0477115 0.0437049 0.0477515 0.0488025 0.0487665 0.0454479 0.0000000 0.0458698 0.0471045 0.0535190 0.0545559 0.0489301 0.0540951 0.0480110 0.0359270 0.0469437 0.0449056 0.0514210 0.0482998 0.0442579 0.0078995 0.0129197 0.0409426 
Macropodidae_Dorcopsulus_vanheurni           0.0283838 0.0472055 0.0319023 0.0107167 0.0124843 0.0418608 0.0245136 0.0233334 0.0115907 0.0456012 0.0257858 0.0432545 0.0415372 0.0233903 0.0347090 0.0445146 0.0431494 0.0403944 0.0458698 0.0000000 0.0335244 0.0547228 0.0514038 0.0456693 0.0238534 0.0427630 0.0255996 0.0047222 0.0308708 0.0465806 0.0357209 0.0238924 0.0472254 0.0467443 0.0384799 
Pseudochiridae_Pseudochirulus_forbesi        0.0314756 0.0510886 0.0370653 0.0357867 0.0379170 0.0466814 0.0294990 0.0300288 0.0367807 0.0491119 0.0310600 0.0451683 0.0477372 0.0295041 0.0339386 0.0458615 0.0475042 0.0446542 0.0471045 0.0335244 0.0000000 0.0523295 0.0535181 0.0465990 0.0460311 0.0434691 0.0166410 0.0353338 0.0119113 0.0387193 0.0341763 0.0306286 0.0485693 0.0505196 0.0454601 
Didelphidae_Didelphis_virginiana             0.0512473 0.0613923 0.0565101 0.0565686 0.0578402 0.0569593 0.0513092 0.0519639 0.0564552 0.0567234 0.0512114 0.0563941 0.0545134 0.0505996 0.0501990 0.0564490 0.0586201 0.0528036 0.0535190 0.0547228 0.0523295 0.0000000 0.0146746 0.0591618 0.0573237 0.0507613 0.0399027 0.0556318 0.0507146 0.0542198 0.0517936 0.0515346 0.0550599 0.0579691 0.0529869 
Marmosidae_Monodelphis_domestica             0.0484992 0.0587756 0.0504036 0.0514246 0.0526921 0.0516132 0.0492812 0.0498833 0.0512889 0.0574172 0.0484755 0.0528328 0.0517031 0.0495787 0.0504054 0.0535944 0.0534332 0.0482747 0.0545559 0.0514038 0.0535181 0.0146746 0.0000000 0.0555249 0.0542952 0.0491484 0.0382847 0.0510003 0.0538056 0.0516235 0.0499883 0.0501590 0.0557269 0.0585271 0.0448916 
Dasyuridae_Antechinus_stuartii               0.0391231 0.0527346 0.0436168 0.0469104 0.0477356 0.0096145 0.0423830 0.0413286 0.0455009 0.0506749 0.0434090 0.0064129 0.0142250 0.0401319 0.0456326 0.0064173 0.0101401 0.0128838 0.0489301 0.0456693 0.0465990 0.0591618 0.0555249 0.0000000 0.0537529 0.0490649 0.0365235 0.0436915 0.0446837 0.0518729 0.0480661 0.0416135 0.0500306 0.0521427 0.0105720 
Hypsiprymnodontidae_Hypsiprymnodon_moschatus 0.0359543 0.0499442 0.0416997 0.0259474 0.0278913 0.0503100 0.0352456 0.0357472 0.0245239 0.0565221 0.0374271 0.0515247 0.0479879 0.0352292 0.0346524 0.0528831 0.0514643 0.0495877 0.0540951 0.0238534 0.0460311 0.0573237 0.0542952 0.0537529 0.0000000 0.0548499 0.0317499 0.0168231 0.0440239 0.0434271 0.0432304 0.0360582 0.0587062 0.0550991 0.0401556 
Microbiotheriidae_Dromiciops_gliroides       0.0394203 0.0509361 0.0437183 0.0433013 0.0452866 0.0480911 0.0395022 0.0388146 0.0440381 0.0484600 0.0373971 0.0483236 0.0478031 0.0381801 0.0399279 0.0491332 0.0484928 0.0462425 0.0480110 0.0427630 0.0434691 0.0507613 0.0491484 0.0490649 0.0548499 0.0000000 0.0316126 0.0438259 0.0419687 0.0515501 0.0472509 0.0391168 0.0480483 0.0495339 0.0407331 
Pseudochiridae_Petauroides_volans            0.0187340 0.0425223 0.0313499 0.0278140 0.0311462 0.0351490 0.0221480 0.0217690 0.0277032 0.0392492 0.0218004 0.0337299 0.0374932 0.0218248 0.0243495 0.0348893 0.0363464 0.0315852 0.0359270 0.0255996 0.0166410 0.0399027 0.0382847 0.0365235 0.0317499 0.0316126 0.0000000 0.0266798 0.0169680 0.0343595 0.0258398 0.0231819 0.0374106 0.0384509 0.0279444 
Macropodidae_Wallabia_bicolor                0.0287678 0.0501133 0.0328059 0.0111176 0.0124206 0.0404514 0.0252386 0.0239936 0.0111027 0.0468829 0.0271314 0.0412936 0.0407737 0.0234752 0.0350338 0.0422277 0.0412686 0.0398018 0.0469437 0.0047222 0.0353338 0.0556318 0.0510003 0.0436915 0.0168231 0.0438259 0.0266798 0.0000000 0.0330099 0.0370211 0.0356705 0.0245754 0.0483405 0.0458352 0.0365513 
Pseudochiridae_Pseudocheirus_occidentalis    0.0274724 0.0493310 0.0348145 0.0351802 0.0370806 0.0447811 0.0277516 0.0276946 0.0342375 0.0460990 0.0279432 0.0432352 0.0451744 0.0268656 0.0298669 0.0439461 0.0455485 0.0428009 0.0449056 0.0308708 0.0119113 0.0507146 0.0538056 0.0446837 0.0440239 0.0419687 0.0169680 0.0330099 0.0000000 0.0399174 0.0313847 0.0280043 0.0458746 0.0477156 0.0405457 
Tarsipedidae_Tarsipes_rostratus              0.0334179 0.0478981 0.0443360 0.0462236 0.0481209 0.0495132 0.0375575 0.0370483 0.0461012 0.0549464 0.0365926 0.0508736 0.0520026 0.0356361 0.0336553 0.0516710 0.0508957 0.0488922 0.0514210 0.0465806 0.0387193 0.0542198 0.0516235 0.0518729 0.0434271 0.0515501 0.0343595 0.0370211 0.0399174 0.0000000 0.0397273 0.0362869 0.0525735 0.0564565 0.0365196 
Acrobatidae_Distoechurus_pennatus            0.0300231 0.0468522 0.0366702 0.0380483 0.0382312 0.0465030 0.0309966 0.0315182 0.0365875 0.0502214 0.0352477 0.0459853 0.0452328 0.0324616 0.0213333 0.0469421 0.0472883 0.0445105 0.0482998 0.0357209 0.0341763 0.0517936 0.0499883 0.0480661 0.0432304 0.0472509 0.0258398 0.0356705 0.0313847 0.0397273 0.0000000 0.0329887 0.0492789 0.0520796 0.0442002 
Phalangeridae_Phalanger_carmelitae           0.0246580 0.0467870 0.0279694 0.0260147 0.0279168 0.0398865 0.0088378 0.0039822 0.0268103 0.0440572 0.0057171 0.0408999 0.0398164 0.0016279 0.0318872 0.0421403 0.0412412 0.0384849 0.0442579 0.0238924 0.0306286 0.0515346 0.0501590 0.0416135 0.0360582 0.0391168 0.0231819 0.0245754 0.0280043 0.0362869 0.0329887 0.0000000 0.0447942 0.0453453 0.0389435 
Peramelidae_Peroryctes_raffrayana            0.0405845 0.0496325 0.0465515 0.0506318 0.0533550 0.0480276 0.0432514 0.0428682 0.0488125 0.0102926 0.0427701 0.0481776 0.0487466 0.0438942 0.0476595 0.0495688 0.0490530 0.0449869 0.0078995 0.0472254 0.0485693 0.0550599 0.0557269 0.0500306 0.0587062 0.0480483 0.0374106 0.0483405 0.0458746 0.0525735 0.0492789 0.0447942 0.0000000 0.0128325 0.0415815 
Peramelidae_Perameles_gunnii                 0.0447682 0.0487550 0.0481518 0.0510627 0.0536838 0.0498434 0.0448031 0.0441046 0.0467804 0.0031666 0.0438834 0.0503260 0.0502041 0.0447901 0.0492120 0.0516635 0.0516118 0.0473803 0.0129197 0.0467443 0.0505196 0.0579691 0.0585271 0.0521427 0.0550991 0.0495339 0.0384509 0.0458352 0.0477156 0.0564565 0.0520796 0.0453453 0.0128325 0.0000000 0.0430845 
Dasyuridae_Dasyurus_geffroii                 0.0368318 0.0442579 0.0376831 0.0403825 0.0415004 0.0031027 0.0382213 0.0369696 0.0392084 0.0435975 0.0362462 0.0105440 0.0135519 0.0378276 0.0428178 0.0105558 0.0031134 0.0126838 0.0409426 0.0384799 0.0454601 0.0529869 0.0448916 0.0105720 0.0401556 0.0407331 0.0279444 0.0365513 0.0405457 0.0365196 0.0442002 0.0389435 0.0415815 0.0430845 0.0000000 
