35
Burramyidae_Burramys_parvus                  0.0000000 0.0302652 0.0210000 0.0177760 0.0190653 0.0247523 0.0132602 0.0167314 0.0189891 0.0286075 0.0144194 0.0230238 0.0243874 0.0147917 0.0195001 0.0233418 0.0250554 0.0296159 0.0184039 0.0212770 0.0264966 0.0236859 0.0259039 0.0145126 0.0259497 0.0200486 0.0177092 0.0227581 0.0268546 0.0203077 0.0138425 0.0298117 0.0250516 0.0278731 0.0226601 
Notoryctidae_Notoryctes_typhlops             0.0302652 0.0000000 0.0282569 0.0280427 0.0298486 0.0302840 0.0259327 0.0301811 0.0290780 0.0357498 0.0268171 0.0291338 0.0298706 0.0279056 0.0308908 0.0291072 0.0310154 0.0367946 0.0301916 0.0304978 0.0402912 0.0355629 0.0319394 0.0258130 0.0350796 0.0314010 0.0279694 0.0329165 0.0384337 0.0308859 0.0271803 0.0378159 0.0314050 0.0349242 0.0270484 
Vombatidae_Lasiorhinus_latifrons             0.0210000 0.0282569 0.0000000 0.0224170 0.0242325 0.0253821 0.0176872 0.0211659 0.0238950 0.0278701 0.0184633 0.0236744 0.0247884 0.0251819 0.0221254 0.0236760 0.0245278 0.0283585 0.0228474 0.0222095 0.0310410 0.0262297 0.0248334 0.0184335 0.0314722 0.0235575 0.0214740 0.0241147 0.0343126 0.0343425 0.0262504 0.0281894 0.0247947 0.0278039 0.0226913 
Potoroidae_Bettongia_penicillata             0.0177760 0.0280427 0.0224170 0.0000000 0.0024882 0.0304294 0.0191169 0.0212579 0.0052769 0.0338294 0.0180587 0.0283289 0.0286287 0.0266289 0.0206781 0.0283206 0.0301239 0.0335659 0.0094676 0.0245486 0.0355262 0.0309881 0.0305182 0.0129214 0.0354942 0.0244561 0.0092050 0.0230045 0.0355600 0.0378846 0.0283358 0.0335645 0.0301242 0.0337449 0.0252552 
Potoroidae_Bettongia_lesueur                 0.0190653 0.0298486 0.0242325 0.0024882 0.0000000 0.0323476 0.0207083 0.0233584 0.0066089 0.0345313 0.0201120 0.0305849 0.0299822 0.0283336 0.0225632 0.0302683 0.0320475 0.0346069 0.0107324 0.0269860 0.0371187 0.0332267 0.0324355 0.0140895 0.0375517 0.0256433 0.0104652 0.0244593 0.0374670 0.0399903 0.0300094 0.0343122 0.0323462 0.0344474 0.0274833 
Dasyuridae_Dasyurus_maculatus                0.0247523 0.0302840 0.0253821 0.0304294 0.0323476 0.0000000 0.0264183 0.0303017 0.0326065 0.0329521 0.0272558 0.0061140 0.0112078 0.0343165 0.0273209 0.0063649 0.0031502 0.0361070 0.0326817 0.0303352 0.0376931 0.0332506 0.0077085 0.0277044 0.0368228 0.0288497 0.0315191 0.0300302 0.0408941 0.0420978 0.0354234 0.0360779 0.0029018 0.0328508 0.0084966 
Phalangeridae_Trichosurus_vulpecula          0.0132602 0.0259327 0.0176872 0.0191169 0.0207083 0.0264183 0.0000000 0.0086952 0.0206617 0.0278524 0.0075109 0.0252769 0.0275428 0.0156125 0.0165442 0.0252786 0.0267064 0.0295307 0.0193558 0.0202527 0.0288012 0.0252433 0.0276342 0.0157921 0.0317356 0.0202680 0.0182308 0.0178497 0.0294397 0.0297955 0.0169201 0.0293385 0.0258574 0.0280547 0.0244969 
Phalangeridae_Spilocuscus_maculatus          0.0167314 0.0301811 0.0211659 0.0212579 0.0233584 0.0303017 0.0086952 0.0000000 0.0225075 0.0315159 0.0050969 0.0288482 0.0294335 0.0152517 0.0208217 0.0288503 0.0305947 0.0339814 0.0211640 0.0233612 0.0321960 0.0267897 0.0310051 0.0165126 0.0356921 0.0236146 0.0208648 0.0223931 0.0339950 0.0350180 0.0160120 0.0330711 0.0297328 0.0320392 0.0281073 
Potoroidae_Aepyprymnus_rufescens             0.0189891 0.0290780 0.0238950 0.0052769 0.0066089 0.0326065 0.0206617 0.0225075 0.0000000 0.0338664 0.0209845 0.0308428 0.0302606 0.0274494 0.0218166 0.0302316 0.0317339 0.0339214 0.0101868 0.0266111 0.0364610 0.0322789 0.0324171 0.0138010 0.0369264 0.0244375 0.0101827 0.0243916 0.0354797 0.0383595 0.0291173 0.0333409 0.0326051 0.0337620 0.0284898 
Peramelidae_Perameles_nasuta                 0.0286075 0.0357498 0.0278701 0.0338294 0.0345313 0.0329521 0.0278524 0.0315159 0.0338664 0.0000000 0.0278105 0.0323442 0.0347350 0.0343485 0.0277403 0.0323204 0.0341626 0.0097601 0.0355025 0.0342966 0.0433122 0.0345625 0.0342689 0.0309466 0.0395903 0.0324379 0.0345678 0.0304669 0.0430799 0.0461974 0.0357859 0.0082422 0.0329271 0.0009674 0.0294471 
Phalangeridae_Strigocuscus_pelengensis       0.0144194 0.0268171 0.0184633 0.0180587 0.0201120 0.0272558 0.0075109 0.0050969 0.0209845 0.0278105 0.0000000 0.0266553 0.0269403 0.0118300 0.0175596 0.0266573 0.0278596 0.0293088 0.0207154 0.0200997 0.0291181 0.0239805 0.0280251 0.0150721 0.0290681 0.0208877 0.0201270 0.0187931 0.0310464 0.0342179 0.0123613 0.0289846 0.0269718 0.0277595 0.0256412 
Dasyuridae_Phascogale_tapoatafa              0.0230238 0.0291338 0.0236744 0.0283289 0.0305849 0.0061140 0.0252769 0.0288482 0.0308428 0.0323442 0.0266553 0.0000000 0.0104178 0.0321771 0.0262953 0.0016850 0.0063639 0.0342276 0.0297340 0.0288059 0.0364953 0.0317967 0.0049274 0.0254154 0.0361453 0.0274174 0.0291755 0.0289779 0.0401088 0.0396485 0.0338993 0.0348675 0.0071115 0.0322449 0.0060928 
Dasyuridae_Sminthopsis_macroura              0.0243874 0.0298706 0.0247884 0.0286287 0.0299822 0.0112078 0.0275428 0.0294335 0.0302606 0.0347350 0.0269403 0.0104178 0.0000000 0.0337022 0.0269890 0.0101615 0.0104388 0.0357543 0.0317785 0.0293654 0.0364408 0.0299739 0.0107974 0.0256825 0.0364971 0.0279707 0.0306040 0.0293176 0.0421253 0.0431375 0.0348061 0.0373034 0.0117183 0.0352431 0.0075808 
Phalangeridae_Phalanger_orientalis           0.0147917 0.0279056 0.0251819 0.0266289 0.0283336 0.0343165 0.0156125 0.0152517 0.0274494 0.0343485 0.0118300 0.0321771 0.0337022 0.0000000 0.0174828 0.0318810 0.0346178 0.0353703 0.0266719 0.0255426 0.0385189 0.0328348 0.0338460 0.0220808 0.0394350 0.0257200 0.0257504 0.0190307 0.0337389 0.0385139 0.0024270 0.0369383 0.0337337 0.0342649 0.0313625 
Acrobatidae_Acrobates_pygmaeus               0.0195001 0.0308908 0.0221254 0.0206781 0.0225632 0.0273209 0.0165442 0.0208217 0.0218166 0.0277403 0.0175596 0.0262953 0.0269890 0.0174828 0.0000000 0.0259354 0.0276496 0.0291277 0.0225519 0.0178140 0.0298895 0.0280103 0.0274009 0.0182145 0.0289469 0.0178660 0.0208220 0.0172670 0.0246527 0.0126983 0.0178105 0.0296557 0.0280078 0.0270067 0.0234690 
Dasyuridae_Phascogale_calura                 0.0233418 0.0291072 0.0236760 0.0283206 0.0302683 0.0063649 0.0252786 0.0288503 0.0302316 0.0323204 0.0266573 0.0016850 0.0101615 0.0318810 0.0259354 0.0000000 0.0066151 0.0342014 0.0297126 0.0287844 0.0367782 0.0317736 0.0051798 0.0253977 0.0361593 0.0268152 0.0285706 0.0286018 0.0394524 0.0396180 0.0336006 0.0348414 0.0073633 0.0322213 0.0063916 
Dasyuridae_Sarcophilus_harrisii              0.0250554 0.0310154 0.0245278 0.0301239 0.0320475 0.0031502 0.0267064 0.0305947 0.0317339 0.0341626 0.0278596 0.0063639 0.0104388 0.0346178 0.0276496 0.0066151 0.0000000 0.0364478 0.0323806 0.0309518 0.0380029 0.0335488 0.0077043 0.0274133 0.0368371 0.0291429 0.0318146 0.0300072 0.0425140 0.0430855 0.0357257 0.0361010 0.0036385 0.0337408 0.0084911 
Peramelidae_Echymipera_kalubu                0.0296159 0.0367946 0.0283585 0.0335659 0.0346069 0.0361070 0.0295307 0.0339814 0.0339214 0.0097601 0.0293088 0.0342276 0.0357543 0.0353703 0.0291277 0.0342014 0.0364478 0.0000000 0.0358670 0.0359777 0.0425661 0.0374145 0.0357347 0.0315056 0.0404980 0.0353243 0.0346053 0.0319041 0.0468472 0.0468494 0.0368544 0.0100406 0.0354739 0.0097289 0.0325507 
Macropodidae_Dorcopsulus_vanheurni           0.0184039 0.0301916 0.0228474 0.0094676 0.0107324 0.0326817 0.0193558 0.0211640 0.0101868 0.0355025 0.0207154 0.0297340 0.0317785 0.0266719 0.0225519 0.0297126 0.0323806 0.0358670 0.0000000 0.0248809 0.0359146 0.0338186 0.0321574 0.0127945 0.0366563 0.0245563 0.0056508 0.0244887 0.0355907 0.0378516 0.0277488 0.0352154 0.0320828 0.0353922 0.0274500 
Pseudochiridae_Pseudochirulus_forbesi        0.0212770 0.0304978 0.0222095 0.0245486 0.0269860 0.0303352 0.0202527 0.0233612 0.0266111 0.0342966 0.0200997 0.0288059 0.0293654 0.0255426 0.0178140 0.0287844 0.0309518 0.0359777 0.0248809 0.0000000 0.0374631 0.0318287 0.0311602 0.0216107 0.0354109 0.0116154 0.0231112 0.0076811 0.0294643 0.0292217 0.0272774 0.0363896 0.0309522 0.0342082 0.0265645 
Didelphidae_Didelphis_virginiana             0.0264966 0.0402912 0.0310410 0.0355262 0.0371187 0.0376931 0.0288012 0.0321960 0.0364610 0.0433122 0.0291181 0.0364953 0.0364408 0.0385189 0.0298895 0.0367782 0.0380029 0.0425661 0.0359146 0.0374631 0.0000000 0.0164218 0.0359925 0.0316749 0.0401861 0.0378510 0.0359007 0.0330693 0.0471298 0.0477253 0.0390244 0.0442952 0.0379765 0.0431586 0.0319795 
Marmosidae_Monodelphis_domestica             0.0236859 0.0355629 0.0262297 0.0309881 0.0332267 0.0332506 0.0252433 0.0267897 0.0322789 0.0345625 0.0239805 0.0317967 0.0299739 0.0328348 0.0280103 0.0317736 0.0335488 0.0374145 0.0338186 0.0318287 0.0164218 0.0000000 0.0321786 0.0279823 0.0342846 0.0312366 0.0332510 0.0310507 0.0447620 0.0415294 0.0333336 0.0370330 0.0341279 0.0347502 0.0281529 
Dasyuridae_Antechinus_stuartii               0.0259039 0.0319394 0.0248334 0.0305182 0.0324355 0.0077085 0.0276342 0.0310051 0.0324171 0.0342689 0.0280251 0.0049274 0.0107974 0.0338460 0.0274009 0.0051798 0.0077043 0.0357347 0.0321574 0.0311602 0.0359925 0.0321786 0.0000000 0.0274561 0.0352528 0.0292041 0.0309470 0.0312474 0.0424162 0.0417065 0.0352839 0.0355120 0.0084707 0.0338636 0.0084871 
Hypsiprymnodontidae_Hypsiprymnodon_moschatus 0.0145126 0.0258130 0.0184335 0.0129214 0.0140895 0.0277044 0.0157921 0.0165126 0.0138010 0.0309466 0.0150721 0.0254154 0.0256825 0.0220808 0.0182145 0.0253977 0.0274133 0.0315056 0.0127945 0.0216107 0.0316749 0.0279823 0.0274561 0.0000000 0.0327016 0.0213703 0.0120009 0.0214184 0.0305091 0.0341557 0.0231448 0.0328343 0.0271242 0.0308517 0.0237926 
Microbiotheriidae_Dromiciops_gliroides       0.0259497 0.0350796 0.0314722 0.0354942 0.0375517 0.0368228 0.0317356 0.0356921 0.0369264 0.0395903 0.0290681 0.0361453 0.0364971 0.0394350 0.0289469 0.0361593 0.0368371 0.0404980 0.0366563 0.0354109 0.0401861 0.0342846 0.0352528 0.0327016 0.0000000 0.0364432 0.0363904 0.0332386 0.0422172 0.0503277 0.0405909 0.0422020 0.0371097 0.0395618 0.0318075 
Pseudochiridae_Petauroides_volans            0.0200486 0.0314010 0.0235575 0.0244561 0.0256433 0.0288497 0.0202680 0.0236146 0.0244375 0.0324379 0.0208877 0.0274174 0.0279707 0.0257200 0.0178660 0.0268152 0.0291429 0.0353243 0.0245563 0.0116154 0.0378510 0.0312366 0.0292041 0.0213703 0.0364432 0.0000000 0.0230963 0.0120708 0.0278160 0.0321803 0.0277157 0.0351775 0.0294385 0.0326970 0.0261309 
Macropodidae_Wallabia_bicolor                0.0177092 0.0279694 0.0214740 0.0092050 0.0104652 0.0315191 0.0182308 0.0208648 0.0101827 0.0345678 0.0201270 0.0291755 0.0306040 0.0257504 0.0208220 0.0285706 0.0318146 0.0346053 0.0056508 0.0231112 0.0359007 0.0332510 0.0309470 0.0120009 0.0363904 0.0230963 0.0000000 0.0224087 0.0342779 0.0356554 0.0274055 0.0343770 0.0309244 0.0344854 0.0281811 
Pseudochiridae_Pseudocheirus_occidentalis    0.0227581 0.0329165 0.0241147 0.0230045 0.0244593 0.0300302 0.0178497 0.0223931 0.0243916 0.0304669 0.0187931 0.0289779 0.0293176 0.0190307 0.0172670 0.0286018 0.0300072 0.0319041 0.0244887 0.0076811 0.0330693 0.0310507 0.0312474 0.0214184 0.0332386 0.0120708 0.0224087 0.0000000 0.0255478 0.0200623 0.0193602 0.0332588 0.0296624 0.0297427 0.0263895 
Tarsipedidae_Tarsipes_rostratus              0.0268546 0.0384337 0.0343126 0.0355600 0.0374670 0.0408941 0.0294397 0.0339950 0.0354797 0.0430799 0.0310464 0.0401088 0.0421253 0.0337389 0.0246527 0.0394524 0.0425140 0.0468472 0.0355907 0.0294643 0.0471298 0.0447620 0.0424162 0.0305091 0.0422172 0.0278160 0.0342779 0.0255478 0.0000000 0.0381811 0.0375802 0.0456371 0.0421984 0.0422538 0.0363812 
Acrobatidae_Distoechurus_pennatus            0.0203077 0.0308859 0.0343425 0.0378846 0.0399903 0.0420978 0.0297955 0.0350180 0.0383595 0.0461974 0.0342179 0.0396485 0.0431375 0.0385139 0.0126983 0.0396180 0.0430855 0.0468494 0.0378516 0.0292217 0.0477253 0.0415294 0.0417065 0.0341557 0.0503277 0.0321803 0.0356554 0.0200623 0.0381811 0.0000000 0.0409692 0.0463513 0.0434101 0.0456997 0.0431431 
Phalangeridae_Phalanger_carmelitae           0.0138425 0.0271803 0.0262504 0.0283358 0.0300094 0.0354234 0.0169201 0.0160120 0.0291173 0.0357859 0.0123613 0.0338993 0.0348061 0.0024270 0.0178105 0.0336006 0.0357257 0.0368544 0.0277488 0.0272774 0.0390244 0.0333336 0.0352839 0.0231448 0.0405909 0.0277157 0.0274055 0.0193602 0.0375802 0.0409692 0.0000000 0.0383972 0.0348389 0.0356986 0.0330984 
Peramelidae_Peroryctes_raffrayana            0.0298117 0.0378159 0.0281894 0.0335645 0.0343122 0.0360779 0.0293385 0.0330711 0.0333409 0.0082422 0.0289846 0.0348675 0.0373034 0.0369383 0.0296557 0.0348414 0.0361010 0.0100406 0.0352154 0.0363896 0.0442952 0.0370330 0.0355120 0.0328343 0.0422020 0.0351775 0.0343770 0.0332588 0.0456371 0.0463513 0.0383972 0.0000000 0.0351527 0.0082308 0.0328418 
Dasyuridae_Dasyurus_geffroii                 0.0250516 0.0314050 0.0247947 0.0301242 0.0323462 0.0029018 0.0258574 0.0297328 0.0326051 0.0329271 0.0269718 0.0071115 0.0117183 0.0337337 0.0280078 0.0073633 0.0036385 0.0354739 0.0320828 0.0309522 0.0379765 0.0341279 0.0084707 0.0271242 0.0371097 0.0294385 0.0309244 0.0296624 0.0421984 0.0434101 0.0348389 0.0351527 0.0000000 0.0328260 0.0090940 
Peramelidae_Perameles_gunnii                 0.0278731 0.0349242 0.0278039 0.0337449 0.0344474 0.0328508 0.0280547 0.0320392 0.0337620 0.0009674 0.0277595 0.0322449 0.0352431 0.0342649 0.0270067 0.0322213 0.0337408 0.0097289 0.0353922 0.0342082 0.0431586 0.0347502 0.0338636 0.0308517 0.0395618 0.0326970 0.0344854 0.0297427 0.0422538 0.0456997 0.0356986 0.0082308 0.0328260 0.0000000 0.0293851 
Dasyuridae_Planigale_tenuirostris            0.0226601 0.0270484 0.0226913 0.0252552 0.0274833 0.0084966 0.0244969 0.0281073 0.0284898 0.0294471 0.0256412 0.0060928 0.0075808 0.0313625 0.0234690 0.0063916 0.0084911 0.0325507 0.0274500 0.0265645 0.0319795 0.0281529 0.0084871 0.0237926 0.0318075 0.0261309 0.0281811 0.0263895 0.0363812 0.0431431 0.0330984 0.0328418 0.0090940 0.0293851 0.0000000 
