35
Burramyidae_Burramys_parvus                  0.0000000 0.1219615 0.0483498 0.0817723 0.0805687 0.0996081 0.0533548 0.0502611 0.0793412 0.1225095 0.0488986 0.0914055 0.1027518 0.0514107 0.0561884 0.0901634 0.1001204 0.0884808 0.0953297 0.0652028 0.0629174 0.1291604 0.1241767 0.0982660 0.0777071 0.0720114 0.0563152 0.0706867 0.0531418 0.0639454 0.0708717 0.0503867 0.0958413 0.1055138 0.1203177 
Notoryctidae_Notoryctes_typhlops             0.1219615 0.0000000 0.1217543 0.1430815 0.1454413 0.1366779 0.1254096 0.1227392 0.1396744 0.1522006 0.1236401 0.1321085 0.1451888 0.1267689 0.1280872 0.1307417 0.1376210 0.1332670 0.1355445 0.1238636 0.1491582 0.1859354 0.1624365 0.1368823 0.1469453 0.1185575 0.1306297 0.1360086 0.1233118 0.1483109 0.1542315 0.1264895 0.1416342 0.1445282 0.1472938 
Vombatidae_Lasiorhinus_latifrons             0.0483498 0.1217543 0.0000000 0.0925044 0.0912647 0.0915604 0.0606030 0.0593768 0.0910303 0.1172476 0.0575612 0.0869857 0.0972435 0.0608718 0.0635435 0.0839014 0.0913410 0.0839019 0.0959467 0.0784863 0.0738706 0.1172508 0.1048032 0.0883880 0.0820517 0.0728567 0.0611784 0.0809367 0.0619172 0.0742147 0.0836446 0.0589127 0.0981603 0.0943794 0.1162026 
Potoroidae_Bettongia_penicillata             0.0817723 0.1430815 0.0925044 0.0000000 0.0064422 0.1286261 0.0964614 0.0890943 0.0138027 0.1523367 0.0873907 0.1167180 0.1325080 0.0879858 0.0955475 0.1129489 0.1286140 0.1159552 0.1268255 0.0354325 0.1041750 0.1662039 0.1512479 0.1238261 0.0575545 0.0999288 0.0895993 0.0331149 0.0802140 0.1073666 0.1150982 0.0879241 0.1269706 0.1328792 0.1499576 
Potoroidae_Bettongia_lesueur                 0.0805687 0.1454413 0.0912647 0.0064422 0.0000000 0.1259903 0.0952730 0.0893677 0.0119355 0.1512622 0.0876294 0.1141416 0.1309209 0.0891982 0.0961019 0.1103964 0.1253342 0.1131648 0.1295367 0.0359352 0.1032861 0.1634539 0.1535506 0.1211469 0.0566098 0.1006304 0.0920042 0.0336443 0.0851559 0.1076451 0.1167180 0.0899718 0.1304287 0.1296554 0.1512281 
Dasyuridae_Dasyurus_maculatus                0.0996081 0.1366779 0.0915604 0.1286261 0.1259903 0.0000000 0.1033168 0.0985132 0.1275214 0.1106262 0.0983712 0.0136816 0.0257722 0.1045407 0.1034213 0.0155229 0.0033553 0.0184626 0.1067862 0.1070919 0.1185347 0.1448968 0.1219372 0.0150671 0.1159374 0.0882637 0.0982843 0.1124125 0.0990791 0.1164514 0.1297590 0.1046351 0.1083874 0.0033517 0.1121088 
Phalangeridae_Trichosurus_vulpecula          0.0533548 0.1254096 0.0606030 0.0964614 0.0952730 0.1033168 0.0000000 0.0243831 0.0917842 0.1213287 0.0281970 0.0962981 0.1100826 0.0264779 0.0715223 0.0980134 0.1065904 0.0965811 0.1016286 0.0814020 0.0780872 0.1335444 0.1218913 0.0988732 0.0798624 0.0879115 0.0693813 0.0898384 0.0600117 0.0717533 0.0861040 0.0262643 0.0983181 0.1127180 0.1224953 
Phalangeridae_Spilocuscus_maculatus          0.0502611 0.1227392 0.0593768 0.0890943 0.0893677 0.0985132 0.0243831 0.0000000 0.0858912 0.1205657 0.0187378 0.0939036 0.1080620 0.0179444 0.0685360 0.0956159 0.1031261 0.0912456 0.0978496 0.0739893 0.0775515 0.1296175 0.1122631 0.0969389 0.0808849 0.0800265 0.0676322 0.0795817 0.0616790 0.0736051 0.0825217 0.0184653 0.0929706 0.1094836 0.1217323 
Potoroidae_Aepyprymnus_rufescens             0.0793412 0.1396744 0.0910303 0.0138027 0.0119355 0.1275214 0.0917842 0.0858912 0.0000000 0.1490600 0.0832389 0.1156314 0.1322799 0.0871314 0.0955129 0.1118698 0.1266894 0.1108854 0.1227016 0.0332781 0.1018131 0.1642868 0.1521373 0.1227005 0.0575794 0.1037759 0.0907910 0.0316549 0.0840548 0.1069125 0.1160450 0.0879230 0.1265101 0.1302525 0.1478731 
Peramelidae_Perameles_nasuta                 0.1225095 0.1522006 0.1172476 0.1523367 0.1512622 0.1106262 0.1213287 0.1205657 0.1490600 0.0000000 0.1248732 0.1062968 0.1327656 0.1240125 0.1338912 0.1076272 0.1223986 0.1032670 0.0359766 0.1360225 0.1408194 0.1790547 0.1620206 0.1065248 0.1451959 0.1075879 0.1212434 0.1436298 0.1186383 0.1424736 0.1561819 0.1216853 0.0350310 0.1261035 0.0012217 
Phalangeridae_Strigocuscus_pelengensis       0.0488986 0.1236401 0.0575612 0.0873907 0.0876294 0.0983712 0.0281970 0.0187378 0.0832389 0.1248732 0.0000000 0.0892873 0.1075059 0.0188589 0.0684282 0.0929549 0.1056322 0.0907024 0.0981610 0.0738218 0.0814205 0.1280368 0.1168997 0.0961237 0.0825123 0.0819440 0.0687986 0.0810673 0.0633265 0.0716767 0.0816906 0.0174434 0.0976644 0.1111190 0.1226580 
Dasyuridae_Phascogale_tapoatafa              0.0914055 0.1321085 0.0869857 0.1167180 0.1141416 0.0136816 0.0962981 0.0939036 0.1156314 0.1062968 0.0892873 0.0000000 0.0314583 0.0945481 0.0937671 0.0050253 0.0154848 0.0252981 0.1037470 0.1005219 0.1151076 0.1425102 0.1176982 0.0104897 0.1136933 0.0847674 0.0925044 0.1042987 0.0947754 0.1070605 0.1232815 0.0947311 0.1051544 0.0154291 0.1078526 
Dasyuridae_Sminthopsis_macroura              0.1027518 0.1451888 0.0972435 0.1325080 0.1309209 0.0257722 0.1100826 0.1080620 0.1322799 0.1327656 0.1075059 0.0314583 0.0000000 0.1112284 0.1040561 0.0315981 0.0300197 0.0205302 0.1165788 0.1106779 0.1184381 0.1536791 0.1271379 0.0335733 0.1214153 0.0957620 0.1019369 0.1144280 0.1092926 0.1229734 0.1344935 0.1111948 0.1183519 0.0320008 0.1319015 
Phalangeridae_Phalanger_orientalis           0.0514107 0.1267689 0.0608718 0.0879858 0.0891982 0.1045407 0.0264779 0.0179444 0.0871314 0.1240125 0.0188589 0.0945481 0.1112284 0.0000000 0.0713547 0.0962602 0.1084660 0.0990393 0.1002147 0.0768379 0.0804568 0.1336146 0.1197933 0.1004670 0.0771749 0.0850131 0.0714783 0.0835685 0.0649349 0.0715380 0.0886022 0.0071374 0.1014142 0.1147958 0.1241145 
Acrobatidae_Acrobates_pygmaeus               0.0561884 0.1280872 0.0635435 0.0955475 0.0961019 0.1034213 0.0715223 0.0685360 0.0955129 0.1338912 0.0684282 0.0937671 0.1040561 0.0713547 0.0000000 0.0987984 0.1016471 0.0939594 0.1111114 0.0848992 0.0738381 0.1449171 0.1296668 0.1024820 0.0931056 0.0843686 0.0602530 0.0863869 0.0585770 0.0687999 0.0449805 0.0705047 0.1126894 0.1037639 0.1321880 
Dasyuridae_Phascogale_calura                 0.0901634 0.1307417 0.0839014 0.1129489 0.1103964 0.0155229 0.0980134 0.0956159 0.1118698 0.1076272 0.0929549 0.0050253 0.0315981 0.0962602 0.0987984 0.0000000 0.0173527 0.0254149 0.1025081 0.0993226 0.1119760 0.1419159 0.1202274 0.0105340 0.1099613 0.0840373 0.0893880 0.1030373 0.0921471 0.1083493 0.1253007 0.0964288 0.1064783 0.0172896 0.1091208 
Dasyuridae_Sarcophilus_harrisii              0.1001204 0.1376210 0.0913410 0.1286140 0.1253342 0.0033553 0.1065904 0.1031261 0.1266894 0.1223986 0.1056322 0.0154848 0.0300197 0.1084660 0.1016471 0.0173527 0.0000000 0.0204184 0.1083422 0.1067670 0.1169644 0.1462470 0.1209790 0.0169441 0.1179712 0.0901601 0.1021623 0.1114376 0.1041481 0.1181498 0.1268760 0.1101240 0.1095171 0.0072632 0.1233524 
Dasyuridae_Planigale_tenuirostris            0.0884808 0.1332670 0.0839019 0.1159552 0.1131648 0.0184626 0.0965811 0.0912456 0.1108854 0.1032670 0.0907024 0.0252981 0.0205302 0.0990393 0.0939594 0.0254149 0.0204184 0.0000000 0.0959930 0.0929600 0.1110817 0.1414133 0.1169100 0.0238055 0.1115315 0.0799921 0.0914800 0.0964790 0.0931026 0.1113975 0.1171119 0.0991915 0.1032904 0.0223148 0.1025957 
Peramelidae_Echymipera_kalubu                0.0953297 0.1355445 0.0959467 0.1268255 0.1295367 0.1067862 0.1016286 0.0978496 0.1227016 0.0359766 0.0981610 0.1037470 0.1165788 0.1002147 0.1111114 0.1025081 0.1083422 0.0959930 0.0000000 0.1123011 0.1178312 0.1514497 0.1282736 0.1046726 0.1229655 0.0908418 0.0911394 0.1194877 0.0943876 0.1157272 0.1300833 0.0992778 0.0147260 0.1146666 0.0354784 
Macropodidae_Dorcopsulus_vanheurni           0.0652028 0.1238636 0.0784863 0.0354325 0.0359352 0.1070919 0.0814020 0.0739893 0.0332781 0.1360225 0.0738218 0.1005219 0.1106779 0.0768379 0.0848992 0.0993226 0.1067670 0.0929600 0.1123011 0.0000000 0.0899838 0.1476824 0.1262189 0.1030738 0.0537811 0.0873236 0.0807546 0.0105153 0.0762878 0.0957053 0.1045608 0.0776984 0.1107174 0.1150073 0.1355212 
Pseudochiridae_Pseudochirulus_forbesi        0.0629174 0.1491582 0.0738706 0.1041750 0.1032861 0.1185347 0.0780872 0.0775515 0.1018131 0.1408194 0.0814205 0.1151076 0.1184381 0.0804568 0.0738381 0.1119760 0.1169644 0.1110817 0.1178312 0.0899838 0.0000000 0.1513035 0.1360445 0.1166362 0.0934148 0.0978764 0.0409973 0.0959488 0.0178881 0.0689576 0.0987297 0.0807005 0.1177492 0.1161468 0.1408065 
Didelphidae_Didelphis_virginiana             0.1291604 0.1859354 0.1172508 0.1662039 0.1634539 0.1448968 0.1335444 0.1296175 0.1642868 0.1790547 0.1280368 0.1425102 0.1536791 0.1336146 0.1449171 0.1419159 0.1462470 0.1414133 0.1514497 0.1476824 0.1513035 0.0000000 0.0460019 0.1431177 0.1559187 0.1318530 0.1345577 0.1530602 0.1278678 0.1550156 0.1762461 0.1358193 0.1583583 0.1444191 0.1794750 
Marmosidae_Monodelphis_domestica             0.1241767 0.1624365 0.1048032 0.1512479 0.1535506 0.1219372 0.1218913 0.1122631 0.1521373 0.1620206 0.1168997 0.1176982 0.1271379 0.1197933 0.1296668 0.1202274 0.1209790 0.1169100 0.1282736 0.1262189 0.1360445 0.0460019 0.0000000 0.1181305 0.1356381 0.1140876 0.1195518 0.1331958 0.1181178 0.1406373 0.1584350 0.1215248 0.1349791 0.1220713 0.1625441 
Dasyuridae_Antechinus_stuartii               0.0982660 0.1368823 0.0883880 0.1238261 0.1211469 0.0150671 0.0988732 0.0969389 0.1227005 0.1065248 0.0961237 0.0104897 0.0335733 0.1004670 0.1024820 0.0105340 0.0169441 0.0238055 0.1046726 0.1030738 0.1166362 0.1431177 0.1181305 0.0000000 0.1211588 0.0859975 0.0948169 0.1067076 0.0979925 0.1132978 0.1200278 0.1006013 0.1066952 0.0178176 0.1096651 
Hypsiprymnodontidae_Hypsiprymnodon_moschatus 0.0777071 0.1469453 0.0820517 0.0575545 0.0566098 0.1159374 0.0798624 0.0808849 0.0575794 0.1451959 0.0825123 0.1136933 0.1214153 0.0771749 0.0931056 0.1099613 0.1179712 0.1115315 0.1229655 0.0537811 0.0934148 0.1559187 0.1356381 0.1211588 0.0000000 0.0991778 0.0832611 0.0566131 0.0787058 0.1034174 0.1149361 0.0772127 0.1247337 0.1203745 0.1459437 
Microbiotheriidae_Dromiciops_gliroides       0.0720114 0.1185575 0.0728567 0.0999288 0.1006304 0.0882637 0.0879115 0.0800265 0.1037759 0.1075879 0.0819440 0.0847674 0.0957620 0.0850131 0.0843686 0.0840373 0.0901601 0.0799921 0.0908418 0.0873236 0.0978764 0.1318530 0.1140876 0.0859975 0.0991778 0.0000000 0.0795015 0.0910396 0.0790623 0.0913020 0.1004202 0.0809397 0.0948132 0.0937817 0.1059360 
Pseudochiridae_Petauroides_volans            0.0563152 0.1306297 0.0611784 0.0895993 0.0920042 0.0982843 0.0693813 0.0676322 0.0907910 0.1212434 0.0687986 0.0925044 0.1019369 0.0714783 0.0602530 0.0893880 0.1021623 0.0914800 0.0911394 0.0807546 0.0409973 0.1345577 0.1195518 0.0948169 0.0832611 0.0795015 0.0000000 0.0858559 0.0302219 0.0551416 0.0791795 0.0684852 0.0976429 0.1052371 0.1184277 
Macropodidae_Wallabia_bicolor                0.0706867 0.1360086 0.0809367 0.0331149 0.0336443 0.1124125 0.0898384 0.0795817 0.0316549 0.1436298 0.0810673 0.1042987 0.1144280 0.0835685 0.0863869 0.1030373 0.1114376 0.0964790 0.1194877 0.0105153 0.0959488 0.1530602 0.1331958 0.1067076 0.0566131 0.0910396 0.0858559 0.0000000 0.0810527 0.1031972 0.1025523 0.0844137 0.1167702 0.1169021 0.1430144 
Pseudochiridae_Pseudocheirus_occidentalis    0.0531418 0.1233118 0.0619172 0.0802140 0.0851559 0.0990791 0.0600117 0.0616790 0.0840548 0.1186383 0.0633265 0.0947754 0.1092926 0.0649349 0.0585770 0.0921471 0.1041481 0.0931026 0.0943876 0.0762878 0.0178881 0.1278678 0.1181178 0.0979925 0.0787058 0.0790623 0.0302219 0.0810527 0.0000000 0.0543440 0.0840451 0.0627527 0.0965483 0.1080072 0.1179378 
Tarsipedidae_Tarsipes_rostratus              0.0639454 0.1483109 0.0742147 0.1073666 0.1076451 0.1164514 0.0717533 0.0736051 0.1069125 0.1424736 0.0716767 0.1070605 0.1229734 0.0715380 0.0687999 0.1083493 0.1181498 0.1113975 0.1157272 0.0957053 0.0689576 0.1550156 0.1406373 0.1132978 0.1034174 0.0913020 0.0551416 0.1031972 0.0543440 0.0000000 0.0905494 0.0698542 0.1160872 0.1205483 0.1415794 
Acrobatidae_Distoechurus_pennatus            0.0708717 0.1542315 0.0836446 0.1150982 0.1167180 0.1297590 0.0861040 0.0825217 0.1160450 0.1561819 0.0816906 0.1232815 0.1344935 0.0886022 0.0449805 0.1253007 0.1268760 0.1171119 0.1300833 0.1045608 0.0987297 0.1762461 0.1584350 0.1200278 0.1149361 0.1004202 0.0791795 0.1025523 0.0840451 0.0905494 0.0000000 0.0882974 0.1289097 0.1326578 0.1547186 
Phalangeridae_Phalanger_carmelitae           0.0503867 0.1264895 0.0589127 0.0879241 0.0899718 0.1046351 0.0262643 0.0184653 0.0879230 0.1216853 0.0174434 0.0947311 0.1111948 0.0071374 0.0705047 0.0964288 0.1101240 0.0991915 0.0992778 0.0776984 0.0807005 0.1358193 0.1215248 0.1006013 0.0772127 0.0809397 0.0684852 0.0844137 0.0627527 0.0698542 0.0882974 0.0000000 0.0989523 0.1163699 0.1218735 
Peramelidae_Peroryctes_raffrayana            0.0958413 0.1416342 0.0981603 0.1269706 0.1304287 0.1083874 0.0983181 0.0929706 0.1265101 0.0350310 0.0976644 0.1051544 0.1183519 0.1014142 0.1126894 0.1064783 0.1095171 0.1032904 0.0147260 0.1107174 0.1177492 0.1583583 0.1349791 0.1066952 0.1247337 0.0948132 0.0976429 0.1167702 0.0965483 0.1160872 0.1289097 0.0989523 0.0000000 0.1170938 0.0342768 
Dasyuridae_Dasyurus_geffroii                 0.1055138 0.1445282 0.0943794 0.1328792 0.1296554 0.0033517 0.1127180 0.1094836 0.1302525 0.1261035 0.1111190 0.0154291 0.0320008 0.1147958 0.1037639 0.0172896 0.0072632 0.0223148 0.1146666 0.1150073 0.1161468 0.1444191 0.1220713 0.0178176 0.1203745 0.0937817 0.1052371 0.1169021 0.1080072 0.1205483 0.1326578 0.1163699 0.1170938 0.0000000 0.1267564 
Peramelidae_Perameles_gunnii                 0.1203177 0.1472938 0.1162026 0.1499576 0.1512281 0.1121088 0.1224953 0.1217323 0.1478731 0.0012217 0.1226580 0.1078526 0.1319015 0.1241145 0.1321880 0.1091208 0.1233524 0.1025957 0.0354784 0.1355212 0.1408065 0.1794750 0.1625441 0.1096651 0.1459437 0.1059360 0.1184277 0.1430144 0.1179378 0.1415794 0.1547186 0.1218735 0.0342768 0.1267564 0.0000000 
