35
Burramyidae_Burramys_parvus                  0.0000000 0.1138441 0.0636687 0.0865683 0.0747415 0.1137326 0.0473443 0.0544726 0.0797334 0.1317138 0.0536468 0.0968162 0.1138675 0.0554114 0.0758245 0.1014359 0.1118513 0.1448533 0.0607281 0.1018089 0.1349534 0.1422563 0.1035779 0.0698751 0.0935346 0.1073398 0.0587125 0.1056491 0.0539132 0.0766382 0.0527285 0.1388411 0.1009016 0.1314297 0.0415280 
Notoryctidae_Notoryctes_typhlops             0.1138441 0.0000000 0.1119878 0.1671658 0.1469368 0.1303172 0.1008789 0.1050564 0.1460747 0.1672520 0.0953750 0.1272532 0.1301706 0.1049317 0.1356597 0.1249908 0.1299785 0.1667698 0.1162292 0.1604101 0.1687053 0.1738996 0.1262104 0.1122916 0.1475628 0.1430575 0.1205272 0.1689565 0.1055381 0.1409875 0.1040075 0.1599459 0.1279228 0.1594961 0.0549723 
Vombatidae_Lasiorhinus_latifrons             0.0636687 0.1119878 0.0000000 0.1146658 0.1059419 0.1021055 0.0544150 0.0480448 0.0936504 0.1300137 0.0512444 0.0887838 0.0989158 0.0475177 0.0715003 0.0894111 0.0989264 0.1340395 0.0722655 0.0960078 0.1257462 0.1298055 0.0981556 0.0784439 0.1031408 0.1052164 0.0769731 0.1160690 0.0645299 0.0865163 0.0472276 0.1280986 0.1090615 0.1225263 0.0429509 
Potoroidae_Bettongia_penicillata             0.0865683 0.1671658 0.1146658 0.0000000 0.0296958 0.1516666 0.1012689 0.0934344 0.0442809 0.1828485 0.1016128 0.1474298 0.1595300 0.0941902 0.1090420 0.1473899 0.1556999 0.1889145 0.0496904 0.1578640 0.1818364 0.2212934 0.1520456 0.0894940 0.1597363 0.1649021 0.0541814 0.1885338 0.1171070 0.1477741 0.0944874 0.1908098 0.1626614 0.1806446 0.0772624 
Potoroidae_Bettongia_lesueur                 0.0747415 0.1469368 0.1059419 0.0296958 0.0000000 0.1487621 0.0820854 0.0876302 0.0412632 0.1614530 0.0800412 0.1349725 0.1483541 0.0891503 0.1094714 0.1342233 0.1493669 0.1661621 0.0359461 0.1471846 0.1761114 0.1933687 0.1392301 0.0804117 0.1354572 0.1434808 0.0393552 0.1547474 0.1031838 0.1220753 0.0885499 0.1650731 0.1397155 0.1642480 0.0655837 
Dasyuridae_Dasyurus_maculatus                0.1137326 0.1303172 0.1021055 0.1516666 0.1487621 0.0000000 0.1065225 0.0980421 0.1330352 0.1412442 0.0876313 0.0233092 0.0375860 0.0940027 0.1204804 0.0232793 0.0130895 0.1527328 0.1055692 0.1561428 0.1528079 0.1552840 0.0298817 0.1193963 0.1353950 0.1556209 0.1088738 0.1738189 0.0923116 0.1399040 0.0926043 0.1437776 0.0149518 0.1425918 0.0083169 
Phalangeridae_Trichosurus_vulpecula          0.0473443 0.1008789 0.0544150 0.1012689 0.0820854 0.1065225 0.0000000 0.0238734 0.0772596 0.1248624 0.0204834 0.0946078 0.1046678 0.0244497 0.0706131 0.0950051 0.1041096 0.1397417 0.0569457 0.0999544 0.1258717 0.1356655 0.1007866 0.0600162 0.1010116 0.0916978 0.0573022 0.1026323 0.0574319 0.0652499 0.0238053 0.1336894 0.0959234 0.1262586 0.0406274 
Phalangeridae_Spilocuscus_maculatus          0.0544726 0.1050564 0.0480448 0.0934344 0.0876302 0.0980421 0.0238734 0.0000000 0.0759846 0.1292656 0.0098750 0.0856557 0.0956273 0.0085170 0.0632758 0.0868721 0.0944466 0.1367225 0.0514264 0.0874789 0.1135167 0.1207283 0.0901749 0.0617139 0.0985711 0.0933220 0.0541319 0.1079042 0.0533326 0.0753403 0.0084841 0.1317690 0.1053465 0.1201973 0.0401673 
Potoroidae_Aepyprymnus_rufescens             0.0797334 0.1460747 0.0936504 0.0442809 0.0412632 0.1330352 0.0772596 0.0759846 0.0000000 0.1596290 0.0707300 0.1267716 0.1380805 0.0775746 0.1056728 0.1260729 0.1373731 0.1642771 0.0279564 0.1380892 0.1737466 0.1848281 0.1282575 0.0665057 0.1252592 0.1286183 0.0319466 0.1553228 0.1091123 0.1157068 0.0770619 0.1664531 0.1372570 0.1556614 0.0581263 
Peramelidae_Perameles_nasuta                 0.1317138 0.1672520 0.1300137 0.1828485 0.1614530 0.1412442 0.1248624 0.1292656 0.1596290 0.0000000 0.1244379 0.1392093 0.1525004 0.1274281 0.1506921 0.1429300 0.1478398 0.0358103 0.1295500 0.1841071 0.1926459 0.1913381 0.1480441 0.1340068 0.1369438 0.1434427 0.1338261 0.1735194 0.1145898 0.1491932 0.1233974 0.0294377 0.1416901 0.0164222 0.0668743 
Phalangeridae_Strigocuscus_pelengensis       0.0536468 0.0953750 0.0512444 0.1016128 0.0800412 0.0876313 0.0204834 0.0098750 0.0707300 0.1244379 0.0000000 0.0823791 0.0905950 0.0105353 0.0693214 0.0813605 0.0837341 0.1310809 0.0554988 0.0942989 0.1072718 0.1220525 0.0853687 0.0559249 0.1052691 0.0828851 0.0606263 0.0932710 0.0515819 0.0748775 0.0098701 0.1245738 0.0875661 0.1215550 0.0405190 
Dasyuridae_Phascogale_tapoatafa              0.0968162 0.1272532 0.0887838 0.1474298 0.1349725 0.0233092 0.0946078 0.0856557 0.1267716 0.1392093 0.0823791 0.0000000 0.0321457 0.0838824 0.1028267 0.0037097 0.0204785 0.1469522 0.0986975 0.1435741 0.1459221 0.1497402 0.0156182 0.1054170 0.1262501 0.1452359 0.1019648 0.1611861 0.0752230 0.1224152 0.0825750 0.1388835 0.0321339 0.1336447 0.0088019 
Dasyuridae_Sminthopsis_macroura              0.1138675 0.1301706 0.0989158 0.1595300 0.1483541 0.0375860 0.1046678 0.0956273 0.1380805 0.1525004 0.0905950 0.0321457 0.0000000 0.0948935 0.1212083 0.0304217 0.0346578 0.1575297 0.1084427 0.1545123 0.1451107 0.1564226 0.0382500 0.1203565 0.1385060 0.1507644 0.1117545 0.1682777 0.0889410 0.1367074 0.0934763 0.1487114 0.0472338 0.1439201 0.0087635 
Phalangeridae_Phalanger_orientalis           0.0554114 0.1049317 0.0475177 0.0941902 0.0891503 0.0940027 0.0244497 0.0085170 0.0775746 0.1274281 0.0105353 0.0838824 0.0948935 0.0000000 0.0652583 0.0858916 0.0926290 0.1368002 0.0522459 0.0886429 0.1167284 0.1242982 0.0908334 0.0633776 0.0958399 0.0929717 0.0549554 0.1080028 0.0562591 0.0742404 0.0027694 0.1282326 0.1028697 0.1195262 0.0397166 
Acrobatidae_Acrobates_pygmaeus               0.0758245 0.1356597 0.0715003 0.1090420 0.1094714 0.1204804 0.0706131 0.0632758 0.1056728 0.1506921 0.0693214 0.1028267 0.1212083 0.0652583 0.0000000 0.1084598 0.1171313 0.1646232 0.0811200 0.1075613 0.1511228 0.1579629 0.1134163 0.0916775 0.1179705 0.1072391 0.0791968 0.1259519 0.0578583 0.0414805 0.0639567 0.1549715 0.1226923 0.1494784 0.0483777 
Dasyuridae_Phascogale_calura                 0.1014359 0.1249908 0.0894111 0.1473899 0.1342233 0.0232793 0.0950051 0.0868721 0.1260729 0.1429300 0.0813605 0.0037097 0.0304217 0.0858916 0.1084598 0.0000000 0.0198948 0.1493332 0.0964326 0.1378565 0.1484057 0.1530153 0.0156451 0.1053255 0.1224015 0.1444997 0.0996763 0.1592064 0.0790918 0.1227560 0.0837857 0.1412111 0.0320101 0.1359052 0.0092814 
Dasyuridae_Sarcophilus_harrisii              0.1118513 0.1299785 0.0989264 0.1556999 0.1493669 0.0130895 0.1041096 0.0944466 0.1373731 0.1478398 0.0837341 0.0204785 0.0346578 0.0926290 0.1171313 0.0198948 0.0000000 0.1556466 0.1031452 0.1554749 0.1438690 0.1523226 0.0286992 0.1197298 0.1319696 0.1552242 0.1064268 0.1665236 0.0903130 0.1380332 0.0912452 0.1473718 0.0202436 0.1410277 0.0073807 
Peramelidae_Echymipera_kalubu                0.1448533 0.1667698 0.1340395 0.1889145 0.1661621 0.1527328 0.1397417 0.1367225 0.1642771 0.0358103 0.1310809 0.1469522 0.1575297 0.1368002 0.1646232 0.1493332 0.1556466 0.0000000 0.1326163 0.1772720 0.1980975 0.2072770 0.1568585 0.1421696 0.1461724 0.1631379 0.1369387 0.1848888 0.1191731 0.1608349 0.1316136 0.0235378 0.1559920 0.0434203 0.0757297 
Macropodidae_Dorcopsulus_vanheurni           0.0607281 0.1162292 0.0722655 0.0496904 0.0359461 0.1055692 0.0569457 0.0514264 0.0279564 0.1295500 0.0554988 0.0986975 0.1084427 0.0522459 0.0811200 0.0964326 0.1031452 0.1326163 0.0000000 0.1102466 0.1362545 0.1659395 0.1009516 0.0414652 0.1143441 0.1072352 0.0133987 0.1188825 0.0697418 0.0892919 0.0512323 0.1321800 0.1063148 0.1262709 0.0530823 
Pseudochiridae_Pseudochirulus_forbesi        0.1018089 0.1604101 0.0960078 0.1578640 0.1471846 0.1561428 0.0999544 0.0874789 0.1380892 0.1841071 0.0942989 0.1435741 0.1545123 0.0886429 0.1075613 0.1378565 0.1554749 0.1772720 0.1102466 0.0000000 0.1808405 0.1932710 0.1509295 0.1122340 0.1633258 0.0699590 0.1146417 0.0638876 0.0658052 0.1218220 0.0879914 0.1797014 0.1656860 0.1707436 0.0641266 
Didelphidae_Didelphis_virginiana             0.1349534 0.1687053 0.1257462 0.1818364 0.1761114 0.1528079 0.1258717 0.1135167 0.1737466 0.1926459 0.1072718 0.1459221 0.1451107 0.1167284 0.1511228 0.1484057 0.1438690 0.1980975 0.1362545 0.1808405 0.0000000 0.0469720 0.1551980 0.1442089 0.1542210 0.1932962 0.1305365 0.1869481 0.1137360 0.1604307 0.1135426 0.1875007 0.1524487 0.1846181 0.0602789 
Marmosidae_Monodelphis_domestica             0.1422563 0.1738996 0.1298055 0.2212934 0.1933687 0.1552840 0.1356655 0.1207283 0.1848281 0.1913381 0.1220525 0.1497402 0.1564226 0.1242982 0.1579629 0.1530153 0.1523226 0.2072770 0.1659395 0.1932710 0.0469720 0.0000000 0.1557135 0.1499864 0.1746041 0.1802064 0.1673198 0.1984373 0.1356279 0.1681648 0.1220985 0.1897451 0.1578906 0.1876194 0.0588866 
Dasyuridae_Antechinus_stuartii               0.1035779 0.1262104 0.0981556 0.1520456 0.1392301 0.0298817 0.1007866 0.0901749 0.1282575 0.1480441 0.0853687 0.0156182 0.0382500 0.0908334 0.1134163 0.0156451 0.0286992 0.1568585 0.1009516 0.1509295 0.1551980 0.1557135 0.0000000 0.1114973 0.1312206 0.1500307 0.1042411 0.1655471 0.0859150 0.1305618 0.0883966 0.1482579 0.0391444 0.1331396 0.0107634 
Hypsiprymnodontidae_Hypsiprymnodon_moschatus 0.0698751 0.1122916 0.0784439 0.0894940 0.0804117 0.1193963 0.0600162 0.0617139 0.0665057 0.1340068 0.0559249 0.1054170 0.1203565 0.0633776 0.0916775 0.1053255 0.1197298 0.1421696 0.0414652 0.1122340 0.1442089 0.1499864 0.1114973 0.0000000 0.1132985 0.1022419 0.0449093 0.1301985 0.0807852 0.0906524 0.0622221 0.1348519 0.1194129 0.1331397 0.0483950 
Microbiotheriidae_Dromiciops_gliroides       0.0935346 0.1475628 0.1031408 0.1597363 0.1354572 0.1353950 0.1010116 0.0985711 0.1252592 0.1369438 0.1052691 0.1262501 0.1385060 0.0958399 0.1179705 0.1224015 0.1319696 0.1461724 0.1143441 0.1633258 0.1542210 0.1746041 0.1312206 0.1132985 0.0000000 0.1391456 0.1149383 0.1735502 0.0885263 0.1287777 0.0944110 0.1358046 0.1350110 0.1349526 0.0606493 
Pseudochiridae_Petauroides_volans            0.1073398 0.1430575 0.1052164 0.1649021 0.1434808 0.1556209 0.0916978 0.0933220 0.1286183 0.1434427 0.0828851 0.1452359 0.1507644 0.0929717 0.1072391 0.1444997 0.1552242 0.1631379 0.1072352 0.0699590 0.1932962 0.1802064 0.1500307 0.1022419 0.1391456 0.0000000 0.1119407 0.0848367 0.0663580 0.1047746 0.0904360 0.1482056 0.1569151 0.1338878 0.0582441 
Macropodidae_Wallabia_bicolor                0.0587125 0.1205272 0.0769731 0.0541814 0.0393552 0.1088738 0.0573022 0.0541319 0.0319466 0.1338261 0.0606263 0.1019648 0.1117545 0.0549554 0.0791968 0.0996763 0.1064268 0.1369387 0.0133987 0.1146417 0.1305365 0.1673198 0.1042411 0.0449093 0.1149383 0.1119407 0.0000000 0.1208907 0.0726629 0.0909739 0.0539267 0.1364446 0.1096200 0.1305407 0.0525783 
Pseudochiridae_Pseudocheirus_occidentalis    0.1056491 0.1689565 0.1160690 0.1885338 0.1547474 0.1738189 0.1026323 0.1079042 0.1553228 0.1735194 0.0932710 0.1611861 0.1682777 0.1080028 0.1259519 0.1592064 0.1665236 0.1848888 0.1188825 0.0638876 0.1869481 0.1984373 0.1655471 0.1301985 0.1735502 0.0848367 0.1208907 0.0000000 0.0806355 0.1293905 0.1072170 0.1736352 0.1611132 0.1764982 0.0665452 
Tarsipedidae_Tarsipes_rostratus              0.0539132 0.1055381 0.0645299 0.1171070 0.1031838 0.0923116 0.0574319 0.0533326 0.1091123 0.1145898 0.0515819 0.0752230 0.0889410 0.0562591 0.0578583 0.0790918 0.0903130 0.1191731 0.0697418 0.0658052 0.1137360 0.1356279 0.0859150 0.0807852 0.0885263 0.0663580 0.0726629 0.0806355 0.0000000 0.0653451 0.0549263 0.1190294 0.0993124 0.1029961 0.0306873 
Acrobatidae_Distoechurus_pennatus            0.0766382 0.1409875 0.0865163 0.1477741 0.1220753 0.1399040 0.0652499 0.0753403 0.1157068 0.1491932 0.0748775 0.1224152 0.1367074 0.0742404 0.0414805 0.1227560 0.1380332 0.1608349 0.0892919 0.1218220 0.1604307 0.1681648 0.1305618 0.0906524 0.1287777 0.1047746 0.0909739 0.1293905 0.0653451 0.0000000 0.0729519 0.1515591 0.1339986 0.1532316 0.0570405 
Phalangeridae_Phalanger_carmelitae           0.0527285 0.1040075 0.0472276 0.0944874 0.0885499 0.0926043 0.0238053 0.0084841 0.0770619 0.1233974 0.0098701 0.0825750 0.0934763 0.0027694 0.0639567 0.0837857 0.0912452 0.1316136 0.0512323 0.0879914 0.1135426 0.1220985 0.0883966 0.0622221 0.0944110 0.0904360 0.0539267 0.1072170 0.0549263 0.0729519 0.0000000 0.1252316 0.1023103 0.1150106 0.0379717 
Peramelidae_Peroryctes_raffrayana            0.1388411 0.1599459 0.1280986 0.1908098 0.1650731 0.1437776 0.1336894 0.1317690 0.1664531 0.0294377 0.1245738 0.1388835 0.1487114 0.1282326 0.1549715 0.1412111 0.1473718 0.0235378 0.1321800 0.1797014 0.1875007 0.1897451 0.1482579 0.1348519 0.1358046 0.1482056 0.1364446 0.1736352 0.1190294 0.1515591 0.1252316 0.0000000 0.1481578 0.0410601 0.0660601 
Dasyuridae_Dasyurus_geffroii                 0.1009016 0.1279228 0.1090615 0.1626614 0.1397155 0.0149518 0.0959234 0.1053465 0.1372570 0.1416901 0.0875661 0.0321339 0.0472338 0.1028697 0.1226923 0.0320101 0.0202436 0.1559920 0.1063148 0.1656860 0.1524487 0.1578906 0.0391444 0.1194129 0.1350110 0.1569151 0.1096200 0.1611132 0.0993124 0.1339986 0.1023103 0.1481578 0.0000000 0.1531603 0.0092642 
Peramelidae_Perameles_gunnii                 0.1314297 0.1594961 0.1225263 0.1806446 0.1642480 0.1425918 0.1262586 0.1201973 0.1556614 0.0164222 0.1215550 0.1336447 0.1439201 0.1195262 0.1494784 0.1359052 0.1410277 0.0434203 0.1262709 0.1707436 0.1846181 0.1876194 0.1331396 0.1331397 0.1349526 0.1338878 0.1305407 0.1764982 0.1029961 0.1532316 0.1150106 0.0410601 0.1531603 0.0000000 0.0676219 
Dasyuridae_Planigale_tenuirostris            0.0415280 0.0549723 0.0429509 0.0772624 0.0655837 0.0083169 0.0406274 0.0401673 0.0581263 0.0668743 0.0405190 0.0088019 0.0087635 0.0397166 0.0483777 0.0092814 0.0073807 0.0757297 0.0530823 0.0641266 0.0602789 0.0588866 0.0107634 0.0483950 0.0606493 0.0582441 0.0525783 0.0665452 0.0306873 0.0570405 0.0379717 0.0660601 0.0092642 0.0676219 0.0000000 
