35
Burramyidae_Burramys_parvus                  0.0000000 0.0691982 0.0478158 0.0486205 0.0477079 0.0922776 0.0412530 0.0501731 0.0844494 0.0419690 0.0898629 0.0909987 0.0425725 0.0544762 0.0892046 0.0894940 0.0859282 0.0856148 0.0459569 0.0506095 0.1036112 0.0913675 0.0856225 0.0464409 0.0635191 0.0514134 0.0461432 0.0766246 0.0522167 0.0446875 0.0920472 0.0837450 0.0425635 0.0560662 0.0834557 
Notoryctidae_Notoryctes_typhlops             0.0691982 0.0000000 0.0715099 0.0720073 0.0718204 0.1054651 0.0699683 0.0748211 0.1014646 0.0662446 0.1020609 0.1092804 0.0675527 0.0798895 0.1024385 0.1025174 0.1020397 0.0986868 0.0696646 0.0776290 0.1172089 0.1012574 0.0978324 0.0738161 0.0764413 0.0807554 0.0695575 0.1076049 0.0777072 0.0690206 0.1073610 0.1014765 0.0672454 0.0836122 0.0970187 
Vombatidae_Lasiorhinus_latifrons             0.0478158 0.0715099 0.0000000 0.0562633 0.0553175 0.0885042 0.0497473 0.0576868 0.0867909 0.0506287 0.0843937 0.0882640 0.0525647 0.0614134 0.0845107 0.0853066 0.0827196 0.0860939 0.0519583 0.0574712 0.0965919 0.0908975 0.0821307 0.0511977 0.0640115 0.0589410 0.0528691 0.0847867 0.0598418 0.0533846 0.0882041 0.0861347 0.0515663 0.0620436 0.0822908 
Potoroidae_Bettongia_penicillata             0.0486205 0.0720073 0.0562633 0.0000000 0.0035982 0.0976230 0.0491265 0.0106521 0.0864376 0.0482849 0.0899612 0.1003464 0.0504751 0.0551192 0.0918339 0.0933192 0.0905615 0.0867025 0.0187802 0.0548982 0.1082813 0.0940747 0.0894430 0.0311193 0.0704281 0.0574695 0.0190822 0.0851671 0.0560590 0.0517955 0.0963257 0.0866946 0.0492993 0.0610447 0.0850385 
Potoroidae_Bettongia_lesueur                 0.0477079 0.0718204 0.0553175 0.0035982 0.0000000 0.0975993 0.0483724 0.0105501 0.0857792 0.0475242 0.0899298 0.1000380 0.0497138 0.0548688 0.0915313 0.0932914 0.0898039 0.0856211 0.0182665 0.0541256 0.1069947 0.0934577 0.0895824 0.0308817 0.0694566 0.0580394 0.0187044 0.0846901 0.0552625 0.0510314 0.0967195 0.0860393 0.0481475 0.0609027 0.0846697 
Dasyuridae_Dasyurus_maculatus                0.0922776 0.1054651 0.0885042 0.0976230 0.0975993 0.0000000 0.0930812 0.0993401 0.1173515 0.0917031 0.0207192 0.0394148 0.0930040 0.1008408 0.0203386 0.0097216 0.0305230 0.1159820 0.0929266 0.0920397 0.1235096 0.1153311 0.0198843 0.0964064 0.0946994 0.0990348 0.0955359 0.1273697 0.0962325 0.0944145 0.0094798 0.1169539 0.0967924 0.1031752 0.1180238 
Phalangeridae_Trichosurus_vulpecula          0.0412530 0.0699683 0.0497473 0.0491265 0.0483724 0.0930812 0.0000000 0.0508780 0.0800915 0.0194258 0.0867802 0.0929107 0.0201468 0.0528868 0.0875521 0.0891066 0.0872203 0.0815922 0.0469741 0.0501052 0.1049451 0.0904499 0.0852617 0.0456532 0.0640955 0.0492780 0.0459706 0.0775735 0.0494822 0.0213967 0.0925228 0.0802171 0.0177791 0.0538532 0.0762208 
Potoroidae_Aepyprymnus_rufescens             0.0501731 0.0748211 0.0576868 0.0106521 0.0105501 0.0993401 0.0508780 0.0000000 0.0864050 0.0487735 0.0918858 0.1014667 0.0519262 0.0556418 0.0933981 0.0948623 0.0914568 0.0850555 0.0193242 0.0568472 0.1098903 0.0942380 0.0913862 0.0340457 0.0721742 0.0599657 0.0198897 0.0830560 0.0560545 0.0529515 0.0982555 0.0862443 0.0502959 0.0613994 0.0854897 
Peramelidae_Perameles_nasuta                 0.0844494 0.1014646 0.0867909 0.0864376 0.0857792 0.1173515 0.0800915 0.0864050 0.0000000 0.0794521 0.1116115 0.1199584 0.0824750 0.0915224 0.1115439 0.1127163 0.1122423 0.0237110 0.0830884 0.0869023 0.1261903 0.1199094 0.1098678 0.0802842 0.0867902 0.0946519 0.0831711 0.1187462 0.0902551 0.0826308 0.1184857 0.0015485 0.0823950 0.0988025 0.0220775 
Phalangeridae_Strigocuscus_pelengensis       0.0419690 0.0662446 0.0506287 0.0482849 0.0475242 0.0917031 0.0194258 0.0487735 0.0794521 0.0000000 0.0880600 0.0949649 0.0103866 0.0518911 0.0877271 0.0883590 0.0870205 0.0803905 0.0452159 0.0480555 0.1022970 0.0891549 0.0862784 0.0458254 0.0626207 0.0506490 0.0445117 0.0775663 0.0489390 0.0114279 0.0920298 0.0801590 0.0098641 0.0540404 0.0788347 
Dasyuridae_Phascogale_tapoatafa              0.0898629 0.1020609 0.0843937 0.0899612 0.0899298 0.0207192 0.0867802 0.0918858 0.1116115 0.0880600 0.0000000 0.0353094 0.0894019 0.0973827 0.0031524 0.0179386 0.0264114 0.1119288 0.0860100 0.0865923 0.1194032 0.1053801 0.0085121 0.0880716 0.0888868 0.0934676 0.0881844 0.1215744 0.0922674 0.0902494 0.0216030 0.1113782 0.0930222 0.0980617 0.1170878 
Dasyuridae_Sminthopsis_macroura              0.0909987 0.1092804 0.0882640 0.1003464 0.1000380 0.0394148 0.0929107 0.1014667 0.1199584 0.0949649 0.0353094 0.0000000 0.0970406 0.1010211 0.0337653 0.0356139 0.0287463 0.1190926 0.0963695 0.0915164 0.1223785 0.1102670 0.0324812 0.0945033 0.0907756 0.0980231 0.0981950 0.1235043 0.0930769 0.0988632 0.0398068 0.1191418 0.1005866 0.1052022 0.1170408 
Phalangeridae_Phalanger_orientalis           0.0425725 0.0675527 0.0525647 0.0504751 0.0497138 0.0930040 0.0201468 0.0519262 0.0824750 0.0103866 0.0894019 0.0970406 0.0000000 0.0529599 0.0892615 0.0896754 0.0886201 0.0788153 0.0479105 0.0467941 0.1041370 0.0871509 0.0855725 0.0479327 0.0643815 0.0492721 0.0466041 0.0747940 0.0506387 0.0040893 0.0933522 0.0831937 0.0100569 0.0525764 0.0806457 
Acrobatidae_Acrobates_pygmaeus               0.0544762 0.0798895 0.0614134 0.0551192 0.0548688 0.1008408 0.0528868 0.0556418 0.0915224 0.0518911 0.0973827 0.1010211 0.0529599 0.0000000 0.0978988 0.0986486 0.0956320 0.0926641 0.0537222 0.0450952 0.1166434 0.1001941 0.0945245 0.0532522 0.0711058 0.0506105 0.0528102 0.0746145 0.0295994 0.0544929 0.1008117 0.0909435 0.0534536 0.0540184 0.0912099 
Dasyuridae_Phascogale_calura                 0.0892046 0.1024385 0.0845107 0.0918339 0.0915313 0.0203386 0.0875521 0.0933981 0.1115439 0.0877271 0.0031524 0.0337653 0.0892615 0.0978988 0.0000000 0.0177372 0.0263198 0.1114383 0.0873355 0.0879878 0.1194394 0.1057419 0.0081620 0.0910709 0.0888553 0.0949306 0.0895798 0.1222286 0.0922545 0.0905539 0.0214893 0.1114574 0.0926533 0.0986908 0.1170387 
Dasyuridae_Sarcophilus_harrisii              0.0894940 0.1025174 0.0853066 0.0933192 0.0932914 0.0097216 0.0891066 0.0948623 0.1127163 0.0883590 0.0179386 0.0356139 0.0896754 0.0986486 0.0177372 0.0000000 0.0274694 0.1132084 0.0890890 0.0891590 0.1232690 0.1112494 0.0179472 0.0922863 0.0918998 0.0955146 0.0915361 0.1253462 0.0926198 0.0909605 0.0102543 0.1121367 0.0929079 0.1007855 0.1162097 
Dasyuridae_Planigale_tenuirostris            0.0859282 0.1020397 0.0827196 0.0905615 0.0898039 0.0305230 0.0872203 0.0914568 0.1122423 0.0870205 0.0264114 0.0287463 0.0886201 0.0956320 0.0263198 0.0274694 0.0000000 0.1133440 0.0861965 0.0866390 0.1244979 0.1089933 0.0257283 0.0876423 0.0869218 0.0942614 0.0876132 0.1173613 0.0881056 0.0906070 0.0305442 0.1123653 0.0895297 0.0970799 0.1135197 
Peramelidae_Echymipera_kalubu                0.0856148 0.0986868 0.0860939 0.0867025 0.0856211 0.1159820 0.0815922 0.0850555 0.0237110 0.0803905 0.1119288 0.1190926 0.0788153 0.0926641 0.1114383 0.1132084 0.1133440 0.0000000 0.0814240 0.0825305 0.1215612 0.1126997 0.1092108 0.0812564 0.0884009 0.0893974 0.0815103 0.1170761 0.0910884 0.0793542 0.1180383 0.0240169 0.0839248 0.0940708 0.0223006 
Macropodidae_Dorcopsulus_vanheurni           0.0459569 0.0696646 0.0519583 0.0187802 0.0182665 0.0929266 0.0469741 0.0193242 0.0830884 0.0452159 0.0860100 0.0963695 0.0479105 0.0537222 0.0873355 0.0890890 0.0861965 0.0814240 0.0000000 0.0503305 0.1029583 0.0887632 0.0855882 0.0291064 0.0680859 0.0538289 0.0078626 0.0804312 0.0529716 0.0485391 0.0923851 0.0825367 0.0455449 0.0571477 0.0802722 
Pseudochiridae_Pseudochirulus_forbesi        0.0506095 0.0776290 0.0574712 0.0548982 0.0541256 0.0920397 0.0501052 0.0568472 0.0869023 0.0480555 0.0865923 0.0915164 0.0467941 0.0450952 0.0879878 0.0891590 0.0866390 0.0825305 0.0503305 0.0000000 0.1015580 0.0819794 0.0863892 0.0519831 0.0698138 0.0234237 0.0515896 0.0537744 0.0461007 0.0479063 0.0939752 0.0872393 0.0477389 0.0109304 0.0830182 
Didelphidae_Didelphis_virginiana             0.1036112 0.1172089 0.0965919 0.1082813 0.1069947 0.1235096 0.1049451 0.1098903 0.1261903 0.1022970 0.1194032 0.1223785 0.1041370 0.1166434 0.1194394 0.1232690 0.1244979 0.1215612 0.1029583 0.1015580 0.0000000 0.0452133 0.1178070 0.1054331 0.1047479 0.1076013 0.1052824 0.1341963 0.1136521 0.1038383 0.1259015 0.1246498 0.1047317 0.1113241 0.1221651 
Marmosidae_Monodelphis_domestica             0.0913675 0.1012574 0.0908975 0.0940747 0.0934577 0.1153311 0.0904499 0.0942380 0.1199094 0.0891549 0.1053801 0.1102670 0.0871509 0.1001941 0.1057419 0.1112494 0.1089933 0.1126997 0.0887632 0.0819794 0.0452133 0.0000000 0.1053563 0.0906616 0.0936452 0.0888753 0.0911093 0.1125822 0.0930883 0.0885095 0.1140416 0.1189985 0.0884574 0.0908455 0.1161173 
Dasyuridae_Antechinus_stuartii               0.0856225 0.0978324 0.0821307 0.0894430 0.0895824 0.0198843 0.0852617 0.0913862 0.1098678 0.0862784 0.0085121 0.0324812 0.0855725 0.0945245 0.0081620 0.0179472 0.0257283 0.1092108 0.0855882 0.0863892 0.1178070 0.1053563 0.0000000 0.0880567 0.0860480 0.0919419 0.0874462 0.1191404 0.0905029 0.0875320 0.0208885 0.1095817 0.0905782 0.0980266 0.1127958 
Hypsiprymnodontidae_Hypsiprymnodon_moschatus 0.0464409 0.0738161 0.0511977 0.0311193 0.0308817 0.0964064 0.0456532 0.0340457 0.0802842 0.0458254 0.0880716 0.0945033 0.0479327 0.0532522 0.0910709 0.0922863 0.0876423 0.0812564 0.0291064 0.0519831 0.1054331 0.0906616 0.0880567 0.0000000 0.0666565 0.0569889 0.0292455 0.0785655 0.0495534 0.0487307 0.0966226 0.0807329 0.0486072 0.0592378 0.0783004 
Microbiotheriidae_Dromiciops_gliroides       0.0635191 0.0764413 0.0640115 0.0704281 0.0694566 0.0946994 0.0640955 0.0721742 0.0867902 0.0626207 0.0888868 0.0907756 0.0643815 0.0711058 0.0888553 0.0918998 0.0869218 0.0884009 0.0680859 0.0698138 0.1047479 0.0936452 0.0860480 0.0666565 0.0000000 0.0746687 0.0674610 0.0998096 0.0711358 0.0652864 0.0944820 0.0872946 0.0656371 0.0770643 0.0868065 
Pseudochiridae_Petauroides_volans            0.0514134 0.0807554 0.0589410 0.0574695 0.0580394 0.0990348 0.0492780 0.0599657 0.0946519 0.0506490 0.0934676 0.0980231 0.0492721 0.0506105 0.0949306 0.0955146 0.0942614 0.0893974 0.0538289 0.0234237 0.1076013 0.0888753 0.0919419 0.0569889 0.0746687 0.0000000 0.0549681 0.0603583 0.0474590 0.0499800 0.0997329 0.0940305 0.0503503 0.0238672 0.0904958 
Macropodidae_Wallabia_bicolor                0.0461432 0.0695575 0.0528691 0.0190822 0.0187044 0.0955359 0.0459706 0.0198897 0.0831711 0.0445117 0.0881844 0.0981950 0.0466041 0.0528102 0.0895798 0.0915361 0.0876132 0.0815103 0.0078626 0.0515896 0.1052824 0.0911093 0.0874462 0.0292455 0.0674610 0.0549681 0.0000000 0.0809710 0.0535968 0.0475653 0.0943883 0.0826538 0.0455710 0.0590269 0.0822137 
Tarsipedidae_Tarsipes_rostratus              0.0766246 0.1076049 0.0847867 0.0851671 0.0846901 0.1273697 0.0775735 0.0830560 0.1187462 0.0775663 0.1215744 0.1235043 0.0747940 0.0746145 0.1222286 0.1253462 0.1173613 0.1170761 0.0804312 0.0537744 0.1341963 0.1125822 0.1191404 0.0785655 0.0998096 0.0603583 0.0809710 0.0000000 0.0693911 0.0763447 0.1274486 0.1173848 0.0800080 0.0628000 0.1168437 
Acrobatidae_Distoechurus_pennatus            0.0522167 0.0777072 0.0598418 0.0560590 0.0552625 0.0962325 0.0494822 0.0560545 0.0902551 0.0489390 0.0922674 0.0930769 0.0506387 0.0295994 0.0922545 0.0926198 0.0881056 0.0910884 0.0529716 0.0461007 0.1136521 0.0930883 0.0905029 0.0495534 0.0711358 0.0474590 0.0535968 0.0693911 0.0000000 0.0524234 0.0972547 0.0901270 0.0490156 0.0506458 0.0875614 
Phalangeridae_Phalanger_carmelitae           0.0446875 0.0690206 0.0533846 0.0517955 0.0510314 0.0944145 0.0213967 0.0529515 0.0826308 0.0114279 0.0902494 0.0988632 0.0040893 0.0544929 0.0905539 0.0909605 0.0906070 0.0793542 0.0485391 0.0479063 0.1038383 0.0885095 0.0875320 0.0487307 0.0652864 0.0499800 0.0475653 0.0763447 0.0524234 0.0000000 0.0947673 0.0833488 0.0118032 0.0533143 0.0814811 
Dasyuridae_Dasyurus_geffroii                 0.0920472 0.1073610 0.0882041 0.0963257 0.0967195 0.0094798 0.0925228 0.0982555 0.1184857 0.0920298 0.0216030 0.0398068 0.0933522 0.1008117 0.0214893 0.0102543 0.0305442 0.1180383 0.0923851 0.0939752 0.1259015 0.1140416 0.0208885 0.0966226 0.0944820 0.0997329 0.0943883 0.1274486 0.0972547 0.0947673 0.0000000 0.1180793 0.0964725 0.1033468 0.1197163 
Peramelidae_Perameles_gunnii                 0.0837450 0.1014765 0.0861347 0.0866946 0.0860393 0.1169539 0.0802171 0.0862443 0.0015485 0.0801590 0.1113782 0.1191418 0.0831937 0.0909435 0.1114574 0.1121367 0.1123653 0.0240169 0.0825367 0.0872393 0.1246498 0.1189985 0.1095817 0.0807329 0.0872946 0.0940305 0.0826538 0.1173848 0.0901270 0.0833488 0.1180793 0.0000000 0.0820842 0.0979184 0.0223499 
Phalangeridae_Spilocuscus_maculatus          0.0425635 0.0672454 0.0515663 0.0492993 0.0481475 0.0967924 0.0177791 0.0502959 0.0823950 0.0098641 0.0930222 0.1005866 0.0100569 0.0534536 0.0926533 0.0929079 0.0895297 0.0839248 0.0455449 0.0477389 0.1047317 0.0884574 0.0905782 0.0486072 0.0656371 0.0503503 0.0455710 0.0800080 0.0490156 0.0118032 0.0964725 0.0820842 0.0000000 0.0531567 0.0805576 
Pseudochiridae_Pseudocheirus_occidentalis    0.0560662 0.0836122 0.0620436 0.0610447 0.0609027 0.1031752 0.0538532 0.0613994 0.0988025 0.0540404 0.0980617 0.1052022 0.0525764 0.0540184 0.0986908 0.1007855 0.0970799 0.0940708 0.0571477 0.0109304 0.1113241 0.0908455 0.0980266 0.0592378 0.0770643 0.0238672 0.0590269 0.0628000 0.0506458 0.0533143 0.1033468 0.0979184 0.0531567 0.0000000 0.0943225 
Peramelidae_Peroryctes_raffrayana            0.0834557 0.0970187 0.0822908 0.0850385 0.0846697 0.1180238 0.0762208 0.0854897 0.0220775 0.0788347 0.1170878 0.1170408 0.0806457 0.0912099 0.1170387 0.1162097 0.1135197 0.0223006 0.0802722 0.0830182 0.1221651 0.1161173 0.1127958 0.0783004 0.0868065 0.0904958 0.0822137 0.1168437 0.0875614 0.0814811 0.1197163 0.0223499 0.0805576 0.0943225 0.0000000 
