37
Burramyidae_Burramys_parvus                  0.0000000 0.0965773 0.0690907 0.0747626 0.0746628 0.1128164 0.0536214 0.0606912 0.0742065 0.0911328 0.0536777 0.1302353 0.1137685 0.0586784 0.0715357 0.1327422 0.1082716 0.1081350 0.1072775 0.0754703 0.0676972 0.1192843 0.1242936 0.1135833 0.0725119 0.0906861 0.0629349 0.0879882 0.0850395 0.0730735 0.0566820 0.0976305 0.1105671 0.1006685 0.3838107 0.3838107 0.0383093 
Notoryctidae_Notoryctes_typhlops             0.0965773 0.0000000 0.1030471 0.1117629 0.1090603 0.1349174 0.0977687 0.1040019 0.1077452 0.0929506 0.0990261 0.1578633 0.1350069 0.1069317 0.1024822 0.1555422 0.1311674 0.1200163 0.1153868 0.1037597 0.0988197 0.1381907 0.1294008 0.1357234 0.1061297 0.1136677 0.0918418 0.1261172 0.1207786 0.1034595 0.1026807 0.1043910 0.1340938 0.1071656 0.4727354 0.4727354 0.0587592 
Vombatidae_Lasiorhinus_latifrons             0.0690907 0.1030471 0.0000000 0.0835310 0.0810718 0.1059388 0.0640782 0.0697494 0.0829641 0.0982997 0.0627993 0.1339195 0.1064281 0.0708786 0.0749030 0.1360300 0.1022466 0.1000460 0.1125833 0.0770802 0.0722928 0.1207085 0.1226417 0.1112771 0.0857322 0.0981357 0.0659058 0.0930930 0.0910468 0.0774052 0.0674953 0.1050746 0.1021291 0.1070111 0.3250073 0.3250073 0.0496074 
Potoroidae_Bettongia_penicillata             0.0747626 0.1117629 0.0835310 0.0000000 0.0088790 0.1195890 0.0697835 0.0758583 0.0141180 0.0980281 0.0680674 0.1373665 0.1221592 0.0761661 0.0779036 0.1369774 0.1177700 0.1129822 0.1178064 0.0279757 0.0734523 0.1373832 0.1418696 0.1219309 0.0497954 0.0959758 0.0656122 0.0441690 0.0893878 0.0795888 0.0729770 0.1059273 0.1179770 0.1110853 0.4358313 0.4358313 0.0494742 
Potoroidae_Bettongia_lesueur                 0.0746628 0.1090603 0.0810718 0.0088790 0.0000000 0.1208595 0.0700480 0.0759120 0.0132132 0.1026427 0.0682332 0.1370879 0.1255442 0.0752059 0.0778343 0.1376990 0.1197805 0.1149465 0.1182305 0.0261436 0.0752860 0.1361762 0.1394652 0.1237004 0.0483459 0.1013504 0.0654120 0.0409762 0.0888438 0.0771371 0.0728163 0.1112634 0.1199769 0.1117369 0.4321314 0.4321314 0.0585743 
Dasyuridae_Dasyurus_maculatus                0.1128164 0.1349174 0.1059388 0.1195890 0.1208595 0.0000000 0.1031276 0.1098466 0.1177159 0.1144119 0.1008258 0.0211708 0.0306831 0.1099506 0.1165911 0.0216190 0.0074252 0.0206024 0.1330485 0.1180964 0.1154740 0.1429209 0.1476917 0.0208375 0.1127111 0.1269039 0.1069731 0.1348396 0.1356978 0.1185959 0.1035784 0.1258896 0.0022899 0.1213773 0.1322689 0.1322689 0.1003256 
Phalangeridae_Trichosurus_vulpecula          0.0536214 0.0977687 0.0640782 0.0697835 0.0700480 0.1031276 0.0000000 0.0213456 0.0708917 0.0821628 0.0191520 0.1268385 0.1077719 0.0216295 0.0632063 0.1267305 0.1036301 0.0956816 0.0958967 0.0635645 0.0602311 0.1231671 0.1245357 0.1095424 0.0715768 0.0884805 0.0536111 0.0823333 0.0719724 0.0662136 0.0200472 0.0877706 0.1023460 0.0909610 0.3993398 0.3993398 0.0378020 
Phalangeridae_Spilocuscus_maculatus          0.0606912 0.1040019 0.0697494 0.0758583 0.0759120 0.1098466 0.0213456 0.0000000 0.0775410 0.0875137 0.0133532 0.1342078 0.1161314 0.0141204 0.0712915 0.1351845 0.1074837 0.1003458 0.1035752 0.0703948 0.0684136 0.1256613 0.1327126 0.1150497 0.0773386 0.0954487 0.0603546 0.0909852 0.0789519 0.0705259 0.0129676 0.0942592 0.1090417 0.0984377 0.4264173 0.4264173 0.0446180 
Potoroidae_Aepyprymnus_rufescens             0.0742065 0.1077452 0.0829641 0.0141180 0.0132132 0.1177159 0.0708917 0.0775410 0.0000000 0.1023961 0.0685832 0.1349668 0.1207146 0.0769458 0.0789978 0.1350296 0.1146072 0.1124739 0.1198398 0.0272467 0.0756341 0.1399209 0.1434940 0.1184156 0.0455796 0.0993485 0.0676153 0.0440724 0.0909098 0.0773033 0.0736376 0.1122081 0.1159505 0.1125689 0.4101758 0.4101758 0.0610364 
Peramelidae_Perameles_nasuta                 0.0911328 0.0929506 0.0982997 0.0980281 0.1026427 0.1144119 0.0821628 0.0875137 0.1023961 0.0000000 0.0786511 0.1340188 0.1229142 0.0883654 0.0939594 0.1331148 0.1128416 0.1098144 0.0245234 0.1051854 0.0939576 0.1248201 0.1234287 0.1169560 0.1015873 0.1056699 0.0876192 0.1034681 0.1043560 0.1006497 0.0846597 0.0218735 0.1140376 0.0022420 9.0000000 9.0000000 0.0709927 
Phalangeridae_Strigocuscus_pelengensis       0.0536777 0.0990261 0.0627993 0.0680674 0.0682332 0.1008258 0.0191520 0.0133532 0.0685832 0.0786511 0.0000000 0.1298048 0.1097846 0.0123503 0.0635907 0.1298842 0.1012130 0.0954355 0.0954477 0.0620330 0.0616482 0.1197068 0.1234078 0.1094351 0.0691136 0.0852939 0.0552547 0.0838572 0.0734485 0.0634958 0.0103235 0.0856937 0.1002160 0.0905876 0.4493997 0.4493997 0.0379431 
Dasyuridae_Phascogale_tapoatafa              0.1302353 0.1578633 0.1339195 0.1373665 0.1370879 0.0211708 0.1268385 0.1342078 0.1349668 0.1340188 0.1298048 0.0000000 0.0302448 0.1340769 0.1387117 0.0046447 0.0191508 0.0254086 0.1562300 0.1274553 0.1373626 0.1717786 0.1725909 0.0099083 0.1334636 0.1422578 0.1312267 0.1468302 0.1567539 0.1411873 0.1317756 0.1463375 0.0196391 0.1465134 0.1440498 0.1440498 0.1478511 
Dasyuridae_Sminthopsis_macroura              0.1137685 0.1350069 0.1064281 0.1221592 0.1255442 0.0306831 0.1077719 0.1161314 0.1207146 0.1229142 0.1097846 0.0302448 0.0000000 0.1151518 0.1151351 0.0303338 0.0286515 0.0230328 0.1363092 0.1196578 0.1193633 0.1483287 0.1510073 0.0316749 0.1190933 0.1280647 0.1106821 0.1367973 0.1356964 0.1157291 0.1105357 0.1395187 0.0290943 0.1220089 0.1233675 0.1233675 0.1222954 
Phalangeridae_Phalanger_orientalis           0.0586784 0.1069317 0.0708786 0.0761661 0.0752059 0.1099506 0.0216295 0.0141204 0.0769458 0.0883654 0.0123503 0.1340769 0.1151518 0.0000000 0.0705622 0.1341650 0.1077612 0.1009002 0.1050607 0.0706153 0.0670784 0.1276210 0.1334034 0.1163070 0.0769764 0.0915291 0.0585810 0.0908635 0.0783596 0.0685653 0.0071489 0.0950745 0.1091435 0.0987631 0.4285280 0.4285280 0.0435927 
Acrobatidae_Acrobates_pygmaeus               0.0715357 0.1024822 0.0749030 0.0779036 0.0778343 0.1165911 0.0632063 0.0712915 0.0789978 0.0939594 0.0635907 0.1387117 0.1151351 0.0705622 0.0000000 0.1391768 0.1106571 0.1048495 0.1130094 0.0722437 0.0582209 0.1232791 0.1261107 0.1170610 0.0814977 0.0936663 0.0506528 0.0898429 0.0799621 0.0328640 0.0676486 0.1017298 0.1157086 0.1060834 0.4350093 0.4350093 0.0402893 
Dasyuridae_Phascogale_calura                 0.1327422 0.1555422 0.1360300 0.1369774 0.1376990 0.0216190 0.1267305 0.1351845 0.1350296 0.1331148 0.1298842 0.0046447 0.0303338 0.1341650 0.1391768 0.0000000 0.0192179 0.0253388 0.1577838 0.1258135 0.1372232 0.1745764 0.1738493 0.0098914 0.1335309 0.1413739 0.1306387 0.1461192 0.1539644 0.1410355 0.1316531 0.1453839 0.0200880 0.1469184 0.1618178 0.1618178 0.1455114 
Dasyuridae_Sarcophilus_harrisii              0.1082716 0.1311674 0.1022466 0.1177700 0.1197805 0.0074252 0.1036301 0.1074837 0.1146072 0.1128416 0.1012130 0.0191508 0.0286515 0.1077612 0.1106571 0.0192179 0.0000000 0.0195895 0.1316084 0.1157948 0.1127257 0.1440255 0.1442982 0.0193109 0.1131210 0.1259373 0.1042879 0.1327323 0.1322021 0.1126581 0.1025734 0.1242841 0.0060063 0.1197053 0.1229794 0.1229794 0.0941133 
Dasyuridae_Planigale_tenuirostris            0.1081350 0.1200163 0.1000460 0.1129822 0.1149465 0.0206024 0.0956816 0.1003458 0.1124739 0.1098144 0.0954355 0.0254086 0.0230328 0.1009002 0.1048495 0.0253388 0.0195895 0.0000000 0.1266926 0.1128846 0.1068288 0.1385555 0.1388705 0.0256143 0.1106630 0.1185080 0.0975646 0.1276626 0.1237129 0.1076520 0.0955371 0.1232841 0.0195338 0.1158771 0.1081189 0.1081189 0.0785174 
Peramelidae_Echymipera_kalubu                0.1072775 0.1153868 0.1125833 0.1178064 0.1182305 0.1330485 0.0958967 0.1035752 0.1198398 0.0245234 0.0954477 0.1562300 0.1363092 0.1050607 0.1130094 0.1577838 0.1316084 0.1266926 0.0000000 0.1142706 0.1074511 0.1451896 0.1453043 0.1381999 0.1204662 0.1205178 0.1003740 0.1301691 0.1196549 0.1160357 0.1001575 0.0234912 0.1328324 0.0279185 0.4799137 0.4799137 0.0707913 
Macropodidae_Dorcopsulus_vanheurni           0.0754703 0.1037597 0.0770802 0.0279757 0.0261436 0.1180964 0.0635645 0.0703948 0.0272467 0.1051854 0.0620330 0.1274553 0.1196578 0.0706153 0.0722437 0.1258135 0.1157948 0.1128846 0.1142706 0.0000000 0.0647740 0.1221236 0.1285920 0.1145353 0.0405250 0.1043395 0.0598771 0.0139653 0.0837093 0.0733899 0.0683233 0.1125887 0.1169025 0.1071426 9.0000000 9.0000000 0.0611416 
Pseudochiridae_Pseudochirulus_forbesi        0.0676972 0.0988197 0.0722928 0.0734523 0.0752860 0.1154740 0.0602311 0.0684136 0.0756341 0.0939576 0.0616482 0.1373626 0.1193633 0.0670784 0.0582209 0.1372232 0.1127257 0.1068288 0.1074511 0.0647740 0.0000000 0.1317263 0.1328824 0.1203594 0.0783601 0.1010852 0.0337851 0.0859294 0.0732909 0.0601708 0.0641709 0.0965909 0.1146091 0.1036799 0.4067359 0.4067359 0.0137206 
Didelphidae_Didelphis_virginiana             0.1192843 0.1381907 0.1207085 0.1373832 0.1361762 0.1429209 0.1231671 0.1256613 0.1399209 0.1248201 0.1197068 0.1717786 0.1483287 0.1276210 0.1232791 0.1745764 0.1440255 0.1385555 0.1451896 0.1221236 0.1317263 0.0000000 0.0435185 0.1501189 0.1341372 0.1295735 0.1206095 0.1466293 0.1431325 0.1286508 0.1236222 0.1307114 0.1435140 0.1396264 0.4651914 0.4651914 0.0948895 
Marmosidae_Monodelphis_domestica             0.1242936 0.1294008 0.1226417 0.1418696 0.1394652 0.1476917 0.1245357 0.1327126 0.1434940 0.1234287 0.1234078 0.1725909 0.1510073 0.1334034 0.1261107 0.1738493 0.1442982 0.1388705 0.1453043 0.1285920 0.1328824 0.0435185 0.0000000 0.1506060 0.1405410 0.1274449 0.1226278 0.1497600 0.1426355 0.1295881 0.1289148 0.1301482 0.1475066 0.1374674 0.5197442 0.5197442 0.0894473 
Dasyuridae_Antechinus_stuartii               0.1135833 0.1357234 0.1112771 0.1219309 0.1237004 0.0208375 0.1095424 0.1150497 0.1184156 0.1169560 0.1094351 0.0099083 0.0316749 0.1163070 0.1170610 0.0098914 0.0193109 0.0256143 0.1381999 0.1145353 0.1203594 0.1501189 0.1506060 0.0000000 0.1129516 0.1258892 0.1124651 0.1350336 0.1338576 0.1212366 0.1127624 0.1305884 0.0192971 0.1240272 0.1634205 0.1634205 0.1076766 
Hypsiprymnodontidae_Hypsiprymnodon_moschatus 0.0725119 0.1061297 0.0857322 0.0497954 0.0483459 0.1127111 0.0715768 0.0773386 0.0455796 0.1015873 0.0691136 0.1334636 0.1190933 0.0769764 0.0814977 0.1335309 0.1131210 0.1106630 0.1204662 0.0405250 0.0783601 0.1341372 0.1405410 0.1129516 0.0000000 0.0966223 0.0721996 0.0573009 0.0928478 0.0827855 0.0750748 0.1092414 0.1112194 0.1148843 0.4644652 0.4644652 0.0604826 
Microbiotheriidae_Dromiciops_gliroides       0.0906861 0.1136677 0.0981357 0.0959758 0.1013504 0.1269039 0.0884805 0.0954487 0.0993485 0.1056699 0.0852939 0.1422578 0.1280647 0.0915291 0.0936663 0.1413739 0.1259373 0.1185080 0.1205178 0.1043395 0.1010852 0.1295735 0.1274449 0.1258892 0.0966223 0.0000000 0.0848028 0.0971242 0.1130158 0.0987779 0.0913181 0.1198870 0.1264710 0.1062883 9.0000000 9.0000000 0.0819858 
Pseudochiridae_Petauroides_volans            0.0629349 0.0918418 0.0659058 0.0656122 0.0654120 0.1069731 0.0536111 0.0603546 0.0676153 0.0876192 0.0552547 0.1312267 0.1106821 0.0585810 0.0506528 0.1306387 0.1042879 0.0975646 0.1003740 0.0598771 0.0337851 0.1206095 0.1226278 0.1124651 0.0721996 0.0848028 0.0000000 0.0783100 0.0679114 0.0539596 0.0557760 0.0925742 0.1061357 0.0976836 0.3995832 0.3995832 0.0199935 
Macropodidae_Wallabia_bicolor                0.0879882 0.1261172 0.0930930 0.0441690 0.0409762 0.1348396 0.0823333 0.0909852 0.0440724 0.1034681 0.0838572 0.1468302 0.1367973 0.0908635 0.0898429 0.1461192 0.1327323 0.1276626 0.1301691 0.0139653 0.0859294 0.1466293 0.1497600 0.1350336 0.0573009 0.0971242 0.0783100 0.0000000 0.0997943 0.0912248 0.0872055 0.1108484 0.1331697 0.1251850 0.7442319 0.7442319 0.0580033 
Tarsipedidae_Tarsipes_rostratus              0.0850395 0.1207786 0.0910468 0.0893878 0.0888438 0.1356978 0.0719724 0.0789519 0.0909098 0.1043560 0.0734485 0.1567539 0.1356964 0.0783596 0.0799621 0.1539644 0.1322021 0.1237129 0.1196549 0.0837093 0.0732909 0.1431325 0.1426355 0.1338576 0.0928478 0.1130158 0.0679114 0.0997943 0.0000000 0.0803864 0.0768168 0.1114310 0.1329047 0.1146753 0.6810253 0.6810253 0.0453902 
Acrobatidae_Distoechurus_pennatus            0.0730735 0.1034595 0.0774052 0.0795888 0.0771371 0.1185959 0.0662136 0.0705259 0.0773033 0.1006497 0.0634958 0.1411873 0.1157291 0.0685653 0.0328640 0.1410355 0.1126581 0.1076520 0.1160357 0.0733899 0.0601708 0.1286508 0.1295881 0.1212366 0.0827855 0.0987779 0.0539596 0.0912248 0.0803864 0.0000000 0.0656561 0.1079288 0.1177101 0.1116632 0.3845370 0.3845370 0.0446201 
Phalangeridae_Phalanger_carmelitae           0.0566820 0.1026807 0.0674953 0.0729770 0.0728163 0.1035784 0.0200472 0.0129676 0.0736376 0.0846597 0.0103235 0.1317756 0.1105357 0.0071489 0.0676486 0.1316531 0.1025734 0.0955371 0.1001575 0.0683233 0.0641709 0.1236222 0.1289148 0.1127624 0.0750748 0.0913181 0.0557760 0.0872055 0.0768168 0.0656561 0.0000000 0.0889364 0.1041193 0.0949644 0.4146643 0.4146643 0.0408258 
Peramelidae_Peroryctes_raffrayana            0.0976305 0.1043910 0.1050746 0.1059273 0.1112634 0.1258896 0.0877706 0.0942592 0.1122081 0.0218735 0.0856937 0.1463375 0.1395187 0.0950745 0.1017298 0.1453839 0.1242841 0.1232841 0.0234912 0.1125887 0.0965909 0.1307114 0.1301482 0.1305884 0.1092414 0.1198870 0.0925742 0.1108484 0.1114310 0.1079288 0.0889364 0.0000000 0.1254702 0.0226835 9.0000000 9.0000000 0.0678492 
Dasyuridae_Dasyurus_geffroii                 0.1105671 0.1340938 0.1021291 0.1179770 0.1199769 0.0022899 0.1023460 0.1090417 0.1159505 0.1140376 0.1002160 0.0196391 0.0290943 0.1091435 0.1157086 0.0200880 0.0060063 0.0195338 0.1328324 0.1169025 0.1146091 0.1435140 0.1475066 0.0192971 0.1112194 0.1264710 0.1061357 0.1331697 0.1329047 0.1177101 0.1041193 0.1254702 0.0000000 0.1211815 0.1328181 0.1328181 0.0957438 
Peramelidae_Perameles_gunnii                 0.1006685 0.1071656 0.1070111 0.1110853 0.1117369 0.1213773 0.0909610 0.0984377 0.1125689 0.0022420 0.0905876 0.1465134 0.1220089 0.0987631 0.1060834 0.1469184 0.1197053 0.1158771 0.0279185 0.1071426 0.1036799 0.1396264 0.1374674 0.1240272 0.1148843 0.1062883 0.0976836 0.1251850 0.1146753 0.1116632 0.0949644 0.0226835 0.1211815 0.0000000 0.4150365 0.4150365 0.0743371 
Myrmecobiidae_Myrmecobius_fasciatus1         0.3838107 0.4727354 0.3250073 0.4358313 0.4321314 0.1322689 0.3993398 0.4264173 0.4101758 9.0000000 0.4493997 0.1440498 0.1233675 0.4285280 0.4350093 0.1618178 0.1229794 0.1081189 0.4799137 9.0000000 0.4067359 0.4651914 0.5197442 0.1634205 0.4644652 9.0000000 0.3995832 0.7442319 0.6810253 0.3845370 0.4146643 9.0000000 0.1328181 0.4150365 0.0000000 0.0000010 9.0000000 
Myrmecobiidae_Myrmecobius_fasciatus2         0.3838107 0.4727354 0.3250073 0.4358313 0.4321314 0.1322689 0.3993398 0.4264173 0.4101758 9.0000000 0.4493997 0.1440498 0.1233675 0.4285280 0.4350093 0.1618178 0.1229794 0.1081189 0.4799137 9.0000000 0.4067359 0.4651914 0.5197442 0.1634205 0.4644652 9.0000000 0.3995832 0.7442319 0.6810253 0.3845370 0.4146643 9.0000000 0.1328181 0.4150365 0.0000010 0.0000000 9.0000000 
Pseudochiridae_Pseudocheirus_occidentalis    0.0383093 0.0587592 0.0496074 0.0494742 0.0585743 0.1003256 0.0378020 0.0446180 0.0610364 0.0709927 0.0379431 0.1478511 0.1222954 0.0435927 0.0402893 0.1455114 0.0941133 0.0785174 0.0707913 0.0611416 0.0137206 0.0948895 0.0894473 0.1076766 0.0604826 0.0819858 0.0199935 0.0580033 0.0453902 0.0446201 0.0408258 0.0678492 0.0957438 0.0743371 9.0000000 9.0000000 0.0000000 
