35
Burramyidae_Burramys_parvus                  0.0000000 0.0913409 0.0572510 0.0622865 0.0596152 0.1092679 0.0467997 0.0473799 0.0625758 0.1059149 0.0490155 0.1209046 0.1182494 0.0482631 0.0540179 0.1193567 0.1138172 0.0680549 0.1022151 0.0654583 0.0653533 0.1549533 0.2093144 0.1103545 0.0575435 0.0725631 0.0491232 0.1749028 0.0555137 0.1005469 0.1301326 0.0460362 0.0987298 0.1115852 0.0930941 
Notoryctidae_Notoryctes_typhlops             0.0913409 0.0000000 0.0858240 0.1055491 0.1021606 0.1307067 0.1037184 0.1028971 0.1004149 0.1326290 0.1169208 0.1462128 0.1340542 0.1082350 0.1110694 0.1466594 0.1386099 0.0849547 0.1173182 0.1131627 0.1245572 0.1737543 0.2057015 0.1308926 0.1097277 0.0969654 0.0942399 0.1905962 0.1044159 0.1543487 0.1652903 0.1062458 0.1116443 0.1368577 0.1180601 
Vombatidae_Lasiorhinus_latifrons             0.0572510 0.0858240 0.0000000 0.0664314 0.0636818 0.1097380 0.0662120 0.0625166 0.0680656 0.0992515 0.0695090 0.1352906 0.1184009 0.0700523 0.0641396 0.1335859 0.1241811 0.0635743 0.0918597 0.0699690 0.0840187 0.1355983 0.1881938 0.1201637 0.0601537 0.0677163 0.0638589 0.1781162 0.0732275 0.1252480 0.1373873 0.0665401 0.0907176 0.1176710 0.0903231 
Potoroidae_Bettongia_penicillata             0.0622865 0.1055491 0.0664314 0.0000000 0.0022141 0.1390637 0.0686265 0.0702794 0.0048069 0.1273715 0.0710028 0.1496562 0.1401521 0.0680128 0.0662071 0.1511368 0.1441335 0.0844057 0.1222901 0.0215988 0.0796767 0.1774177 0.2282807 0.1377624 0.0293267 0.0926384 0.0701217 0.1256097 0.0722346 0.1259542 0.1341296 0.0684114 0.1166096 0.1416895 0.1163501 
Potoroidae_Bettongia_lesueur                 0.0596152 0.1021606 0.0636818 0.0022141 0.0000000 0.1372606 0.0677353 0.0693219 0.0041528 0.1236491 0.0700878 0.1479342 0.1375066 0.0677671 0.0647384 0.1477073 0.1406536 0.0798727 0.1206002 0.0210105 0.0820089 0.1724766 0.2220926 0.1342576 0.0282880 0.0887482 0.0673963 0.1214295 0.0713080 0.1217538 0.1346187 0.0681647 0.1157698 0.1399086 0.1138770 
Dasyuridae_Dasyurus_maculatus                0.1092679 0.1307067 0.1097380 0.1390637 0.1372606 0.0000000 0.1240178 0.1301028 0.1365098 0.1456617 0.1300256 0.0231572 0.0291290 0.1296765 0.1395240 0.0232382 0.0126888 0.0129469 0.1322762 0.1448634 0.1542233 0.2014807 0.2196157 0.0213841 0.1325445 0.1226817 0.1335614 0.2239896 0.1373605 0.1651444 0.1935561 0.1285267 0.1172527 0.0085632 0.1292897 
Phalangeridae_Trichosurus_vulpecula          0.0467997 0.1037184 0.0662120 0.0686265 0.0677353 0.1240178 0.0000000 0.0204549 0.0708897 0.1300852 0.0220967 0.1415478 0.1258913 0.0192500 0.0698103 0.1419189 0.1335800 0.0814873 0.1239872 0.0725629 0.0748093 0.1660463 0.2256331 0.1313856 0.0679436 0.0744344 0.0614304 0.1820319 0.0651423 0.1267415 0.1417891 0.0179502 0.1185432 0.1311369 0.1144871 
Phalangeridae_Spilocuscus_maculatus          0.0473799 0.1028971 0.0625166 0.0702794 0.0693219 0.1301028 0.0204549 0.0000000 0.0726205 0.1306828 0.0134315 0.1418068 0.1313881 0.0102386 0.0681955 0.1427041 0.1396359 0.0899283 0.1218986 0.0758772 0.0758554 0.1691992 0.2259937 0.1324546 0.0705162 0.0887284 0.0614239 0.1867552 0.0682447 0.1245056 0.1435611 0.0102192 0.1227023 0.1380595 0.1162813 
Potoroidae_Aepyprymnus_rufescens             0.0625758 0.1004149 0.0680656 0.0048069 0.0041528 0.1365098 0.0708897 0.0726205 0.0000000 0.1275574 0.0741960 0.1485651 0.1370291 0.0702886 0.0663484 0.1475876 0.1416431 0.0847474 0.1232734 0.0210621 0.0842989 0.1747123 0.2291110 0.1351210 0.0303667 0.0903182 0.0683343 0.1243924 0.0736385 0.1281003 0.1366645 0.0706453 0.1148496 0.1391828 0.1171392 
Peramelidae_Perameles_nasuta                 0.1059149 0.1326290 0.0992515 0.1273715 0.1236491 0.1456617 0.1300852 0.1306828 0.1275574 0.0000000 0.1286291 0.1501053 0.1548633 0.1367751 0.0981783 0.1473917 0.1376929 0.0731399 0.0155791 0.1222307 0.1281131 0.1835420 0.2347612 0.1341949 0.1292773 0.1155118 0.1129795 0.2243530 0.1368610 0.1671406 0.1851839 0.1374464 0.0176982 0.1371086 0.0050617 
Phalangeridae_Strigocuscus_pelengensis       0.0490155 0.1169208 0.0695090 0.0710028 0.0700878 0.1300256 0.0220967 0.0134315 0.0741960 0.1286291 0.0000000 0.1449613 0.1285998 0.0115875 0.0764207 0.1455655 0.1410432 0.0918109 0.1274902 0.0747389 0.0825086 0.1773730 0.1900756 0.1407401 0.0681143 0.0945130 0.0665496 0.1477325 0.0696257 0.1013325 0.1457295 0.0115825 0.1276617 0.1394110 0.1216435 
Dasyuridae_Phascogale_tapoatafa              0.1209046 0.1462128 0.1352906 0.1496562 0.1479342 0.0231572 0.1415478 0.1418068 0.1485651 0.1501053 0.1449613 0.0000000 0.0390284 0.1417570 0.1341700 0.0039621 0.0147904 0.0139947 0.1403777 0.1513594 0.1553268 0.2039946 0.2290424 0.0094344 0.1488620 0.1415312 0.1475344 0.2453907 0.1541554 0.1740512 0.2125664 0.1433015 0.1292231 0.0148092 0.1361945 
Dasyuridae_Sminthopsis_macroura              0.1182494 0.1340542 0.1184009 0.1401521 0.1375066 0.0291290 0.1258913 0.1313881 0.1370291 0.1548633 0.1285998 0.0390284 0.0000000 0.1290383 0.1445518 0.0379602 0.0382927 0.0138314 0.1390049 0.1451970 0.1611045 0.2045136 0.2274158 0.0368251 0.1363340 0.1347677 0.1416798 0.2132521 0.1387221 0.1868214 0.1966080 0.1269926 0.1207360 0.0360319 0.1366657 
Phalangeridae_Phalanger_orientalis           0.0482631 0.1082350 0.0700523 0.0680128 0.0677671 0.1296765 0.0192500 0.0102386 0.0702886 0.1367751 0.0115875 0.1417570 0.1290383 0.0000000 0.0753134 0.1423814 0.1389420 0.0902598 0.1283000 0.0712628 0.0771200 0.1747960 0.2310426 0.1350729 0.0683044 0.0923425 0.0645631 0.1857770 0.0659876 0.1247307 0.1526399 0.0039353 0.1248844 0.1382894 0.1237294 
Acrobatidae_Acrobates_pygmaeus               0.0540179 0.1110694 0.0641396 0.0662071 0.0647384 0.1395240 0.0698103 0.0681955 0.0663484 0.0981783 0.0764207 0.1341700 0.1445518 0.0753134 0.0000000 0.1333150 0.1336423 0.0775756 0.0969970 0.0749653 0.0717720 0.1586841 0.2209076 0.1208008 0.0632684 0.0759494 0.0530995 0.1688338 0.0616827 0.1100940 0.0787420 0.0729504 0.0947594 0.1297079 0.0950611 
Dasyuridae_Phascogale_calura                 0.1193567 0.1466594 0.1335859 0.1511368 0.1477073 0.0232382 0.1419189 0.1427041 0.1475876 0.1473917 0.1455655 0.0039621 0.0379602 0.1423814 0.1333150 0.0000000 0.0143716 0.0152068 0.1370001 0.1515592 0.1679104 0.2065476 0.2352141 0.0098669 0.1450374 0.1390744 0.1439576 0.2407338 0.1556936 0.1714543 0.2072230 0.1430674 0.1284132 0.0143895 0.1330079 
Dasyuridae_Sarcophilus_harrisii              0.1138172 0.1386099 0.1241811 0.1441335 0.1406536 0.0126888 0.1335800 0.1396359 0.1416431 0.1376929 0.1410432 0.0147904 0.0382927 0.1389420 0.1336423 0.0143716 0.0000000 0.0114366 0.1245930 0.1513516 0.1625935 0.2098645 0.2344535 0.0130153 0.1419025 0.1312818 0.1429548 0.2403902 0.1577495 0.1702709 0.2139505 0.1379211 0.1204069 0.0050265 0.1213777 
Dasyuridae_Planigale_tenuirostris            0.0680549 0.0849547 0.0635743 0.0844057 0.0798727 0.0129469 0.0814873 0.0899283 0.0847474 0.0731399 0.0918109 0.0139947 0.0138314 0.0902598 0.0775756 0.0152068 0.0114366 0.0000000 0.0777722 0.0911223 0.1111563 0.1004728 0.1277311 0.0135836 0.0806305 0.0766450 0.0928489 0.0829051 0.0936238 0.0936893 0.0817626 0.0911192 0.0708073 0.0126382 0.0707598 
Peramelidae_Echymipera_kalubu                0.1022151 0.1173182 0.0918597 0.1222901 0.1206002 0.1322762 0.1239872 0.1218986 0.1232734 0.0155791 0.1274902 0.1403777 0.1390049 0.1283000 0.0969970 0.1370001 0.1245930 0.0777722 0.0000000 0.1275584 0.1414026 0.1824725 0.2223859 0.1243144 0.1180953 0.1144877 0.1048869 0.2196596 0.1243851 0.1499092 0.1891630 0.1237317 0.0100285 0.1233201 0.0106723 
Macropodidae_Dorcopsulus_vanheurni           0.0654583 0.1131627 0.0699690 0.0215988 0.0210105 0.1448634 0.0725629 0.0758772 0.0210621 0.1222307 0.0747389 0.1513594 0.1451970 0.0712628 0.0749653 0.1515592 0.1513516 0.0911223 0.1275584 0.0000000 0.0794266 0.1824097 0.2310942 0.1415006 0.0386660 0.0942059 0.0707090 0.1163531 0.0679199 0.1358225 0.1526296 0.0723842 0.1215101 0.1481673 0.1212226 
Pseudochiridae_Pseudochirulus_forbesi        0.0653533 0.1245572 0.0840187 0.0796767 0.0820089 0.1542233 0.0748093 0.0758554 0.0842989 0.1281131 0.0825086 0.1553268 0.1611045 0.0771200 0.0717720 0.1679104 0.1625935 0.1111563 0.1414026 0.0794266 0.0000000 0.2018928 0.2646674 0.1584304 0.0782756 0.0936727 0.0330606 0.2024024 0.0131033 0.1177478 0.1555849 0.0758215 0.1343606 0.1631654 0.1397561 
Didelphidae_Didelphis_virginiana             0.1549533 0.1737543 0.1355983 0.1774177 0.1724766 0.2014807 0.1660463 0.1691992 0.1747123 0.1835420 0.1773730 0.2039946 0.2045136 0.1747960 0.1586841 0.2065476 0.2098645 0.1004728 0.1824725 0.1824097 0.2018928 0.0000000 0.0960497 0.1957159 0.1798178 0.1553919 0.1574734 0.2523542 0.1878969 0.2064616 0.2239624 0.1676257 0.1656166 0.2028331 0.1742234 
Marmosidae_Monodelphis_domestica             0.2093144 0.2057015 0.1881938 0.2282807 0.2220926 0.2196157 0.2256331 0.2259937 0.2291110 0.2347612 0.1900756 0.2290424 0.2274158 0.2310426 0.2209076 0.2352141 0.2344535 0.1277311 0.2223859 0.2310942 0.2646674 0.0960497 0.0000000 0.2267292 0.2233719 0.2097952 0.2239860 0.2139103 0.2423588 0.2095583 0.1792720 0.2240835 0.2017684 0.2303752 0.2196183 
Dasyuridae_Antechinus_stuartii               0.1103545 0.1308926 0.1201637 0.1377624 0.1342576 0.0213841 0.1313856 0.1324546 0.1351210 0.1341949 0.1407401 0.0094344 0.0368251 0.1350729 0.1208008 0.0098669 0.0130153 0.0135836 0.1243144 0.1415006 0.1584304 0.1957159 0.2267292 0.0000000 0.1333993 0.1282216 0.1370760 0.2316406 0.1503763 0.1691470 0.2086998 0.1322470 0.1190772 0.0122109 0.1220058 
Hypsiprymnodontidae_Hypsiprymnodon_moschatus 0.0575435 0.1097277 0.0601537 0.0293267 0.0282880 0.1325445 0.0679436 0.0705162 0.0303667 0.1292773 0.0681143 0.1488620 0.1363340 0.0683044 0.0632684 0.1450374 0.1419025 0.0806305 0.1180953 0.0386660 0.0782756 0.1798178 0.2233719 0.1333993 0.0000000 0.0854745 0.0665799 0.1424873 0.0672714 0.1196545 0.1384397 0.0664963 0.1103600 0.1402011 0.1172381 
Microbiotheriidae_Dromiciops_gliroides       0.0725631 0.0969654 0.0677163 0.0926384 0.0887482 0.1226817 0.0744344 0.0887284 0.0903182 0.1155118 0.0945130 0.1415312 0.1347677 0.0923425 0.0759494 0.1390744 0.1312818 0.0766450 0.1144877 0.0942059 0.0936727 0.1553919 0.2097952 0.1282216 0.0854745 0.0000000 0.0790787 0.1997663 0.0884722 0.1549085 0.1599414 0.0880170 0.1120240 0.1259792 0.1041440 
Pseudochiridae_Petauroides_volans            0.0491232 0.0942399 0.0638589 0.0701217 0.0673963 0.1335614 0.0614304 0.0614239 0.0683343 0.1129795 0.0665496 0.1475344 0.1416798 0.0645631 0.0530995 0.1439576 0.1429548 0.0928489 0.1048869 0.0707090 0.0330606 0.1574734 0.2239860 0.1370760 0.0665799 0.0790787 0.0000000 0.1722201 0.0268976 0.0890756 0.1152396 0.0631274 0.1078045 0.1430737 0.1055338 
Macropodidae_Wallabia_bicolor                0.1749028 0.1905962 0.1781162 0.1256097 0.1214295 0.2239896 0.1820319 0.1867552 0.1243924 0.2243530 0.1477325 0.2453907 0.2132521 0.1857770 0.1688338 0.2407338 0.2403902 0.0829051 0.2196596 0.1163531 0.2024024 0.2523542 0.2139103 0.2316406 0.1424873 0.1997663 0.1722201 0.0000000 0.2037125 0.2127393 0.1268376 0.1873103 0.2027833 0.2359000 0.2061420 
Pseudochiridae_Pseudocheirus_occidentalis    0.0555137 0.1044159 0.0732275 0.0722346 0.0713080 0.1373605 0.0651423 0.0682447 0.0736385 0.1368610 0.0696257 0.1541554 0.1387221 0.0659876 0.0616827 0.1556936 0.1577495 0.0936238 0.1243851 0.0679199 0.0131033 0.1878969 0.2423588 0.1503763 0.0672714 0.0884722 0.0268976 0.2037125 0.0000000 0.0980682 0.1375168 0.0664637 0.1163233 0.1552046 0.1279509 
Tarsipedidae_Tarsipes_rostratus              0.1005469 0.1543487 0.1252480 0.1259542 0.1217538 0.1651444 0.1267415 0.1245056 0.1281003 0.1671406 0.1013325 0.1740512 0.1868214 0.1247307 0.1100940 0.1714543 0.1702709 0.0936893 0.1499092 0.1358225 0.1177478 0.2064616 0.2095583 0.1691470 0.1196545 0.1549085 0.0890756 0.2127393 0.0980682 0.0000000 0.1563236 0.1263482 0.1535472 0.1676675 0.1484874 
Acrobatidae_Distoechurus_pennatus            0.1301326 0.1652903 0.1373873 0.1341296 0.1346187 0.1935561 0.1417891 0.1435611 0.1366645 0.1851839 0.1457295 0.2125664 0.1966080 0.1526399 0.0787420 0.2072230 0.2139505 0.0817626 0.1891630 0.1526296 0.1555849 0.2239624 0.1792720 0.2086998 0.1384397 0.1599414 0.1152396 0.1268376 0.1375168 0.1563236 0.0000000 0.1550424 0.1639674 0.2131744 0.1764469 
Phalangeridae_Phalanger_carmelitae           0.0460362 0.1062458 0.0665401 0.0684114 0.0681647 0.1285267 0.0179502 0.0102192 0.0706453 0.1374464 0.0115825 0.1433015 0.1269926 0.0039353 0.0729504 0.1430674 0.1379211 0.0911192 0.1237317 0.0723842 0.0758215 0.1676257 0.2240835 0.1322470 0.0664963 0.0880170 0.0631274 0.1873103 0.0664637 0.1263482 0.1550424 0.0000000 0.1244943 0.1355321 0.1209808 
Peramelidae_Peroryctes_raffrayana            0.0987298 0.1116443 0.0907176 0.1166096 0.1157698 0.1172527 0.1185432 0.1227023 0.1148496 0.0176982 0.1276617 0.1292231 0.1207360 0.1248844 0.0947594 0.1284132 0.1204069 0.0708073 0.0100285 0.1215101 0.1343606 0.1656166 0.2017684 0.1190772 0.1103600 0.1120240 0.1078045 0.2027833 0.1163233 0.1535472 0.1639674 0.1244943 0.0000000 0.1151061 0.0131531 
Dasyuridae_Dasyurus_geffroii                 0.1115852 0.1368577 0.1176710 0.1416895 0.1399086 0.0085632 0.1311369 0.1380595 0.1391828 0.1371086 0.1394110 0.0148092 0.0360319 0.1382894 0.1297079 0.0143895 0.0050265 0.0126382 0.1233201 0.1481673 0.1631654 0.2028331 0.2303752 0.0122109 0.1402011 0.1259792 0.1430737 0.2359000 0.1552046 0.1676675 0.2131744 0.1355321 0.1151061 0.0000000 0.1217737 
Peramelidae_Perameles_gunnii                 0.0930941 0.1180601 0.0903231 0.1163501 0.1138770 0.1292897 0.1144871 0.1162813 0.1171392 0.0050617 0.1216435 0.1361945 0.1366657 0.1237294 0.0950611 0.1330079 0.1213777 0.0707598 0.0106723 0.1212226 0.1397561 0.1742234 0.2196183 0.1220058 0.1172381 0.1041440 0.1055338 0.2061420 0.1279509 0.1484874 0.1764469 0.1209808 0.0131531 0.1217737 0.0000000 
