35
Burramyidae_Burramys_parvus                  0.0000000 0.0350690 0.0226236 0.0229927 0.0243549 0.0412709 0.0215031 0.0223802 0.0219639 0.0382064 0.0224538 0.0395558 0.0391711 0.0234061 0.0285925 0.0403383 0.0390989 0.0381022 0.0391501 0.0210493 0.0277250 0.0441651 0.0399412 0.0398054 0.0229223 0.0317782 0.0238296 0.0218597 0.0226549 0.0341880 0.0285293 0.0238861 0.0381817 0.0416438 0.0380705 
Notoryctidae_Notoryctes_typhlops             0.0350690 0.0000000 0.0314517 0.0313340 0.0333856 0.0475412 0.0323159 0.0331239 0.0304399 0.0361013 0.0332670 0.0467172 0.0466096 0.0353717 0.0379748 0.0470268 0.0461897 0.0470102 0.0360048 0.0299350 0.0397142 0.0469186 0.0446535 0.0470037 0.0343032 0.0324423 0.0358059 0.0302291 0.0330234 0.0448406 0.0424352 0.0363463 0.0359152 0.0472121 0.0362883 
Vombatidae_Lasiorhinus_latifrons             0.0226236 0.0314517 0.0000000 0.0229530 0.0237972 0.0404631 0.0213041 0.0230256 0.0217531 0.0365985 0.0213327 0.0388079 0.0381413 0.0236992 0.0281000 0.0403266 0.0388488 0.0375552 0.0371312 0.0214728 0.0273811 0.0386021 0.0362726 0.0399665 0.0240897 0.0313869 0.0230974 0.0216208 0.0223979 0.0308838 0.0294325 0.0241705 0.0360015 0.0404734 0.0368273 
Potoroidae_Bettongia_penicillata             0.0229927 0.0313340 0.0229530 0.0000000 0.0034584 0.0395335 0.0225126 0.0220435 0.0040658 0.0374794 0.0216362 0.0382021 0.0382572 0.0235733 0.0285545 0.0393405 0.0384836 0.0381573 0.0385752 0.0087424 0.0271767 0.0426031 0.0395926 0.0391788 0.0153658 0.0315087 0.0236042 0.0087255 0.0230432 0.0322112 0.0281542 0.0237165 0.0367065 0.0397199 0.0378683 
Potoroidae_Bettongia_lesueur                 0.0243549 0.0333856 0.0237972 0.0034584 0.0000000 0.0407979 0.0237039 0.0225613 0.0049825 0.0387710 0.0216524 0.0394588 0.0398748 0.0251095 0.0282301 0.0406037 0.0393775 0.0389214 0.0398733 0.0095296 0.0280642 0.0433232 0.0401043 0.0404559 0.0169885 0.0322312 0.0235865 0.0095111 0.0242251 0.0329078 0.0285112 0.0252523 0.0380115 0.0409852 0.0389896 
Dasyuridae_Dasyurus_maculatus                0.0412709 0.0475412 0.0404631 0.0395335 0.0407979 0.0000000 0.0401792 0.0398744 0.0389481 0.0495108 0.0393965 0.0085363 0.0125037 0.0393718 0.0472122 0.0091667 0.0048245 0.0113569 0.0511172 0.0389314 0.0446041 0.0600995 0.0595677 0.0090259 0.0406080 0.0425072 0.0426255 0.0396030 0.0420112 0.0536493 0.0484897 0.0398728 0.0505129 0.0034555 0.0501478 
Phalangeridae_Trichosurus_vulpecula          0.0215031 0.0323159 0.0213041 0.0225126 0.0237039 0.0401792 0.0000000 0.0107252 0.0210096 0.0369972 0.0114362 0.0381344 0.0389444 0.0120035 0.0296603 0.0389003 0.0391505 0.0358263 0.0384450 0.0220989 0.0268565 0.0432504 0.0377561 0.0392894 0.0221413 0.0331547 0.0212908 0.0222273 0.0227308 0.0324587 0.0306415 0.0124618 0.0371245 0.0407547 0.0372149 
Phalangeridae_Spilocuscus_maculatus          0.0223802 0.0331239 0.0230256 0.0220435 0.0225613 0.0398744 0.0107252 0.0000000 0.0217060 0.0379497 0.0055472 0.0391022 0.0382732 0.0071328 0.0286567 0.0398731 0.0384362 0.0364270 0.0395972 0.0221387 0.0261728 0.0464860 0.0420645 0.0395417 0.0223436 0.0315330 0.0220344 0.0217680 0.0226069 0.0342614 0.0298254 0.0074287 0.0380988 0.0404499 0.0381694 
Potoroidae_Aepyprymnus_rufescens             0.0219639 0.0304399 0.0217531 0.0040658 0.0049825 0.0389481 0.0210096 0.0217060 0.0000000 0.0366740 0.0204432 0.0379899 0.0384073 0.0228982 0.0264907 0.0387605 0.0382703 0.0379595 0.0383597 0.0076413 0.0262720 0.0407516 0.0380990 0.0389784 0.0145530 0.0303117 0.0212877 0.0079424 0.0216515 0.0316424 0.0264088 0.0230339 0.0366438 0.0395167 0.0367685 
Peramelidae_Perameles_nasuta                 0.0382064 0.0361013 0.0365985 0.0374794 0.0387710 0.0495108 0.0369972 0.0379497 0.0366740 0.0000000 0.0369160 0.0486835 0.0491634 0.0388774 0.0439509 0.0495107 0.0480342 0.0462485 0.0069900 0.0366586 0.0461418 0.0490583 0.0465623 0.0493610 0.0383580 0.0367504 0.0383765 0.0371892 0.0418043 0.0492286 0.0464184 0.0394060 0.0063953 0.0497224 0.0001491 
Phalangeridae_Strigocuscus_pelengensis       0.0224538 0.0332670 0.0213327 0.0216362 0.0216524 0.0393965 0.0114362 0.0055472 0.0204432 0.0369160 0.0000000 0.0380674 0.0375948 0.0066399 0.0284315 0.0396006 0.0371870 0.0354063 0.0372699 0.0206463 0.0264834 0.0457044 0.0415277 0.0392089 0.0209296 0.0311531 0.0236070 0.0202992 0.0230280 0.0340649 0.0292723 0.0064785 0.0356933 0.0397731 0.0372530 
Dasyuridae_Phascogale_tapoatafa              0.0395558 0.0467172 0.0388079 0.0382021 0.0394588 0.0085363 0.0381344 0.0391022 0.0379899 0.0486835 0.0380674 0.0000000 0.0116973 0.0384139 0.0475642 0.0014917 0.0076162 0.0105035 0.0510700 0.0376043 0.0430106 0.0597709 0.0586521 0.0043734 0.0383489 0.0393545 0.0430807 0.0380865 0.0408501 0.0519444 0.0482637 0.0387281 0.0504884 0.0088621 0.0493322 
Dasyuridae_Sminthopsis_macroura              0.0391711 0.0466096 0.0381413 0.0382572 0.0398748 0.0125037 0.0389444 0.0382732 0.0384073 0.0491634 0.0375948 0.0116973 0.0000000 0.0383051 0.0463120 0.0126601 0.0121903 0.0083526 0.0499366 0.0384264 0.0434180 0.0591437 0.0597657 0.0125237 0.0383877 0.0411779 0.0429795 0.0389081 0.0399366 0.0533013 0.0481123 0.0388046 0.0499269 0.0123619 0.0496189 
Phalangeridae_Phalanger_orientalis           0.0234061 0.0353717 0.0236992 0.0235733 0.0251095 0.0393718 0.0120035 0.0071328 0.0228982 0.0388774 0.0066399 0.0384139 0.0383051 0.0000000 0.0302119 0.0395497 0.0379278 0.0358650 0.0401578 0.0229918 0.0266852 0.0470950 0.0412566 0.0392182 0.0230308 0.0332387 0.0227045 0.0229562 0.0225961 0.0359765 0.0305174 0.0020950 0.0388575 0.0403195 0.0387252 
Acrobatidae_Acrobates_pygmaeus               0.0285925 0.0379748 0.0281000 0.0285545 0.0282301 0.0472122 0.0296603 0.0286567 0.0264907 0.0439509 0.0284315 0.0475642 0.0463120 0.0302119 0.0000000 0.0476122 0.0472922 0.0441602 0.0448862 0.0258993 0.0290513 0.0487321 0.0456434 0.0480215 0.0269641 0.0353872 0.0238579 0.0261988 0.0246801 0.0326833 0.0179843 0.0308540 0.0435151 0.0485926 0.0443594 
Dasyuridae_Phascogale_calura                 0.0403383 0.0470268 0.0403266 0.0393405 0.0406037 0.0091667 0.0389003 0.0398731 0.0387605 0.0495107 0.0396006 0.0014917 0.0126601 0.0395497 0.0476122 0.0000000 0.0088685 0.0111766 0.0515185 0.0387430 0.0438279 0.0597258 0.0589005 0.0052935 0.0391209 0.0401748 0.0428624 0.0392261 0.0410808 0.0525171 0.0489034 0.0402365 0.0513274 0.0099671 0.0501633 
Dasyuridae_Sarcophilus_harrisii              0.0390989 0.0461897 0.0388488 0.0384836 0.0393775 0.0048245 0.0391505 0.0384362 0.0382703 0.0480342 0.0371870 0.0076162 0.0121903 0.0379278 0.0472922 0.0088685 0.0000000 0.0106994 0.0489887 0.0378844 0.0430576 0.0591718 0.0591597 0.0087273 0.0393760 0.0410100 0.0403851 0.0383719 0.0403303 0.0521523 0.0474188 0.0380582 0.0483982 0.0051381 0.0486821 
Dasyuridae_Planigale_tenuirostris            0.0381022 0.0470102 0.0375552 0.0381573 0.0389214 0.0113569 0.0358263 0.0364270 0.0379595 0.0462485 0.0354063 0.0105035 0.0083526 0.0358650 0.0441602 0.0111766 0.0106994 0.0000000 0.0473401 0.0372340 0.0422679 0.0570013 0.0577161 0.0113478 0.0367728 0.0403657 0.0407894 0.0369843 0.0391205 0.0492736 0.0452278 0.0364156 0.0472388 0.0118728 0.0466652 
Peramelidae_Echymipera_kalubu                0.0391501 0.0360048 0.0371312 0.0385752 0.0398733 0.0511172 0.0384450 0.0395972 0.0383597 0.0069900 0.0372699 0.0510700 0.0499366 0.0401578 0.0448862 0.0515185 0.0489887 0.0473401 0.0000000 0.0379507 0.0456622 0.0522586 0.0491104 0.0511737 0.0394525 0.0379588 0.0385195 0.0382812 0.0412195 0.0491562 0.0477415 0.0406936 0.0062376 0.0513309 0.0071512 
Macropodidae_Dorcopsulus_vanheurni           0.0210493 0.0299350 0.0214728 0.0087424 0.0095296 0.0389314 0.0220989 0.0221387 0.0076413 0.0366586 0.0206463 0.0376043 0.0384264 0.0229918 0.0258993 0.0387430 0.0378844 0.0372340 0.0379507 0.0000000 0.0256866 0.0408495 0.0373535 0.0385695 0.0144545 0.0300931 0.0204240 0.0025618 0.0220939 0.0312009 0.0261772 0.0231357 0.0356996 0.0395023 0.0368849 
Pseudochiridae_Pseudochirulus_forbesi        0.0277250 0.0397142 0.0273811 0.0271767 0.0280642 0.0446041 0.0268565 0.0261728 0.0262720 0.0461418 0.0264834 0.0430106 0.0434180 0.0266852 0.0290513 0.0438279 0.0430576 0.0422679 0.0456622 0.0256866 0.0000000 0.0508918 0.0470159 0.0442306 0.0271137 0.0332714 0.0157809 0.0262937 0.0083360 0.0327298 0.0300549 0.0268199 0.0441190 0.0454061 0.0463836 
Didelphidae_Didelphis_virginiana             0.0441651 0.0469186 0.0386021 0.0426031 0.0433232 0.0600995 0.0432504 0.0464860 0.0407516 0.0490583 0.0457044 0.0597709 0.0591437 0.0470950 0.0487321 0.0597258 0.0591718 0.0570013 0.0522586 0.0408495 0.0508918 0.0000000 0.0201441 0.0583490 0.0449978 0.0450575 0.0461622 0.0405609 0.0453258 0.0536162 0.0500736 0.0478125 0.0504045 0.0596133 0.0495643 
Marmosidae_Monodelphis_domestica             0.0399412 0.0446535 0.0362726 0.0395926 0.0401043 0.0595677 0.0377561 0.0420645 0.0380990 0.0465623 0.0415277 0.0586521 0.0597657 0.0412566 0.0456434 0.0589005 0.0591597 0.0577161 0.0491104 0.0373535 0.0470159 0.0201441 0.0000000 0.0570390 0.0413578 0.0400021 0.0435040 0.0376288 0.0416158 0.0538047 0.0462359 0.0420865 0.0479177 0.0590130 0.0468266 
Dasyuridae_Antechinus_stuartii               0.0398054 0.0470037 0.0399665 0.0391788 0.0404559 0.0090259 0.0392894 0.0395417 0.0389784 0.0493610 0.0392089 0.0043734 0.0125237 0.0392182 0.0480215 0.0052935 0.0087273 0.0113478 0.0511737 0.0385695 0.0442306 0.0583490 0.0570390 0.0000000 0.0397061 0.0411941 0.0436691 0.0389984 0.0412647 0.0522740 0.0483492 0.0399048 0.0505323 0.0095128 0.0499967 
Hypsiprymnodontidae_Hypsiprymnodon_moschatus 0.0229223 0.0343032 0.0240897 0.0153658 0.0169885 0.0406080 0.0221413 0.0223436 0.0145530 0.0383580 0.0209296 0.0383489 0.0383877 0.0230308 0.0269641 0.0391209 0.0393760 0.0367728 0.0394525 0.0144545 0.0271137 0.0449978 0.0413578 0.0397061 0.0000000 0.0310797 0.0251664 0.0141066 0.0234969 0.0335843 0.0270338 0.0231638 0.0381597 0.0411744 0.0380242 
Microbiotheriidae_Dromiciops_gliroides       0.0317782 0.0324423 0.0313869 0.0315087 0.0322312 0.0425072 0.0331547 0.0315330 0.0303117 0.0367504 0.0311531 0.0393545 0.0411779 0.0332387 0.0353872 0.0401748 0.0410100 0.0403657 0.0379588 0.0300931 0.0332714 0.0450575 0.0400021 0.0411941 0.0310797 0.0000000 0.0324127 0.0295415 0.0309235 0.0442157 0.0378121 0.0333733 0.0370564 0.0429081 0.0370307 
Pseudochiridae_Petauroides_volans            0.0238296 0.0358059 0.0230974 0.0236042 0.0235865 0.0426255 0.0212908 0.0220344 0.0212877 0.0383765 0.0236070 0.0430807 0.0429795 0.0227045 0.0238579 0.0428624 0.0403851 0.0407894 0.0385195 0.0204240 0.0157809 0.0461622 0.0435040 0.0436691 0.0251664 0.0324127 0.0000000 0.0208515 0.0124244 0.0294527 0.0274348 0.0238285 0.0369898 0.0434448 0.0383390 
Macropodidae_Wallabia_bicolor                0.0218597 0.0302291 0.0216208 0.0087255 0.0095111 0.0396030 0.0222273 0.0217680 0.0079424 0.0371892 0.0202992 0.0380865 0.0389081 0.0229562 0.0261988 0.0392261 0.0383719 0.0369843 0.0382812 0.0025618 0.0262937 0.0405609 0.0376288 0.0389984 0.0141066 0.0295415 0.0208515 0.0000000 0.0223874 0.0311480 0.0271610 0.0231000 0.0364168 0.0397897 0.0374054 
Pseudochiridae_Pseudocheirus_occidentalis    0.0226549 0.0330234 0.0223979 0.0230432 0.0242251 0.0420112 0.0227308 0.0226069 0.0216515 0.0418043 0.0230280 0.0408501 0.0399366 0.0225961 0.0246801 0.0410808 0.0403303 0.0391205 0.0412195 0.0220939 0.0083360 0.0453258 0.0416158 0.0412647 0.0234969 0.0309235 0.0124244 0.0223874 0.0000000 0.0274160 0.0257991 0.0230682 0.0403276 0.0427827 0.0416967 
Tarsipedidae_Tarsipes_rostratus              0.0341880 0.0448406 0.0308838 0.0322112 0.0329078 0.0536493 0.0324587 0.0342614 0.0316424 0.0492286 0.0340649 0.0519444 0.0533013 0.0359765 0.0326833 0.0525171 0.0521523 0.0492736 0.0491562 0.0312009 0.0327298 0.0536162 0.0538047 0.0522740 0.0335843 0.0442157 0.0294527 0.0311480 0.0274160 0.0000000 0.0357094 0.0368727 0.0488923 0.0526476 0.0492286 
Acrobatidae_Distoechurus_pennatus            0.0285293 0.0424352 0.0294325 0.0281542 0.0285112 0.0484897 0.0306415 0.0298254 0.0264088 0.0464184 0.0292723 0.0482637 0.0481123 0.0305174 0.0179843 0.0489034 0.0474188 0.0452278 0.0477415 0.0261772 0.0300549 0.0500736 0.0462359 0.0483492 0.0270338 0.0378121 0.0274348 0.0271610 0.0257991 0.0357094 0.0000000 0.0313433 0.0463907 0.0486233 0.0460618 
Phalangeridae_Phalanger_carmelitae           0.0238861 0.0363463 0.0241705 0.0237165 0.0252523 0.0398728 0.0124618 0.0074287 0.0230339 0.0394060 0.0064785 0.0387281 0.0388046 0.0020950 0.0308540 0.0402365 0.0380582 0.0364156 0.0406936 0.0231357 0.0268199 0.0478125 0.0420865 0.0399048 0.0231638 0.0333733 0.0238285 0.0231000 0.0230682 0.0368727 0.0313433 0.0000000 0.0393929 0.0406283 0.0392678 
Peramelidae_Peroryctes_raffrayana            0.0381817 0.0359152 0.0360015 0.0367065 0.0380115 0.0505129 0.0371245 0.0380988 0.0366438 0.0063953 0.0356933 0.0504884 0.0499269 0.0388575 0.0435151 0.0513274 0.0483982 0.0472388 0.0062376 0.0356996 0.0441190 0.0504045 0.0479177 0.0505323 0.0381597 0.0370564 0.0369898 0.0364168 0.0403276 0.0488923 0.0463907 0.0393929 0.0000000 0.0507265 0.0064079 
Dasyuridae_Dasyurus_geffroii                 0.0416438 0.0472121 0.0404734 0.0397199 0.0409852 0.0034555 0.0407547 0.0404499 0.0395167 0.0497224 0.0397731 0.0088621 0.0123619 0.0403195 0.0485926 0.0099671 0.0051381 0.0118728 0.0513309 0.0395023 0.0454061 0.0596133 0.0590130 0.0095128 0.0411744 0.0429081 0.0434448 0.0397897 0.0427827 0.0526476 0.0486233 0.0406283 0.0507265 0.0000000 0.0503604 
Peramelidae_Perameles_gunnii                 0.0380705 0.0362883 0.0368273 0.0378683 0.0389896 0.0501478 0.0372149 0.0381694 0.0367685 0.0001491 0.0372530 0.0493322 0.0496189 0.0387252 0.0443594 0.0501633 0.0486821 0.0466652 0.0071512 0.0368849 0.0463836 0.0495643 0.0468266 0.0499967 0.0380242 0.0370307 0.0383390 0.0374054 0.0416967 0.0492286 0.0460618 0.0392678 0.0064079 0.0503604 0.0000000 
