37
Notoryctidae_Notoryctes_typhlops             0.0000000 0.1273643 0.1436269 0.1444412 0.1618563 0.1069976 0.1131712 0.1489995 0.1570670 0.1003702 0.1711055 0.1698718 0.1077850 0.1059629 0.1799234 0.1617550 0.1776591 0.1545352 0.1381314 0.1279073 0.2023706 0.2059398 0.1756326 0.1296807 0.1268335 0.1180234 0.1360660 0.1288681 0.1498334 0.1122368 0.1180310 0.1546119 0.1708446 0.1835593 0.1083653 0.1835593 0.1449683 
Vombatidae_Lasiorhinus_latifrons             0.1273643 0.0000000 0.1272581 0.1289422 0.1537165 0.0889097 0.0925670 0.1344042 0.1595321 0.0787756 0.1700924 0.1723500 0.0835591 0.0908894 0.1761975 0.1540374 0.1670737 0.1554827 0.1225247 0.1099646 0.1949633 0.1971121 0.1714464 0.1080130 0.1106035 0.0998130 0.1155061 0.1067029 0.1417154 0.0956644 0.0959952 0.1567165 0.1618401 0.1791040 0.1071302 0.1791040 0.1648577 
Potoroidae_Bettongia_penicillata             0.1436269 0.1272581 0.0000000 0.0050847 0.1767264 0.0949982 0.1016720 0.0159972 0.1823959 0.0872976 0.1842259 0.1777062 0.0967595 0.1009432 0.1938480 0.1769338 0.1893128 0.1718682 0.0438934 0.1155530 0.2262701 0.2214520 0.1928396 0.0875276 0.1170526 0.0986085 0.0428925 0.1079751 0.1402987 0.1095334 0.1066127 0.1737041 0.1841177 0.1963900 0.0917506 0.1963900 0.1687670 
Potoroidae_Bettongia_lesueur                 0.1444412 0.1289422 0.0050847 0.0000000 0.1718148 0.0961357 0.0999518 0.0197216 0.1826659 0.0888863 0.1813037 0.1758536 0.0979835 0.1012248 0.1907185 0.1733598 0.1874324 0.1720658 0.0449376 0.1165000 0.2315008 0.2251803 0.1890747 0.0892575 0.1207635 0.1011677 0.0439421 0.1117925 0.1421167 0.1083476 0.1087022 0.1752776 0.1818274 0.1972123 0.0960214 0.1972123 0.1682154 
Dasyuridae_Dasyurus_maculatus                0.1618563 0.1537165 0.1767264 0.1718148 0.0000000 0.1358484 0.1388717 0.1995239 0.1845842 0.1293509 0.0492693 0.0708534 0.1334204 0.1391898 0.0448630 0.0203538 0.0477720 0.1711102 0.1804958 0.1596568 0.2075111 0.2064261 0.0379960 0.1564397 0.1452862 0.1455755 0.1731336 0.1585973 0.1846859 0.1408158 0.1469374 0.1795184 0.0143629 0.1798767 0.1334537 0.1798767 0.1710964 
Phalangeridae_Trichosurus_vulpecula          0.1069976 0.0889097 0.0949982 0.0961357 0.1358484 0.0000000 0.0290594 0.0962629 0.1418357 0.0244980 0.1525493 0.1513601 0.0245743 0.0672562 0.1599264 0.1366303 0.1508876 0.1372516 0.0919684 0.0834068 0.1833752 0.1870635 0.1520436 0.0848797 0.0948785 0.0683298 0.0904805 0.0794648 0.1145393 0.0709113 0.0327182 0.1446038 0.1431434 0.1600880 0.0652500 0.1600880 0.1387078 
Phalangeridae_Spilocuscus_maculatus          0.1131712 0.0925670 0.1016720 0.0999518 0.1388717 0.0290594 0.0000000 0.1075882 0.1424159 0.0235414 0.1565975 0.1546174 0.0198020 0.0696014 0.1527815 0.1413827 0.1473382 0.1391445 0.0996564 0.0881948 0.1825905 0.1861539 0.1483677 0.0863269 0.1025594 0.0713535 0.0959347 0.0857706 0.1171340 0.0723421 0.0253134 0.1441500 0.1487756 0.1680392 0.0762734 0.1680392 0.1449232 
Potoroidae_Aepyprymnus_rufescens             0.1489995 0.1344042 0.0159972 0.0197216 0.1995239 0.0962629 0.1075882 0.0000000 0.1909550 0.0920733 0.2081688 0.2002470 0.1003583 0.1078580 0.1981429 0.1988545 0.1893179 0.1845678 0.0426349 0.1209190 0.2448420 0.2474900 0.1944431 0.0852019 0.1342064 0.1020302 0.0400751 0.1130497 0.1486306 0.1134423 0.1116759 0.1841212 0.2084588 0.1918201 0.0908459 0.1918201 0.1560081 
Peramelidae_Perameles_nasuta                 0.1570670 0.1595321 0.1823959 0.1826659 0.1845842 0.1418357 0.1424159 0.1909550 0.0000000 0.1302380 0.1962227 0.2021994 0.1348488 0.1427991 0.1916099 0.1914830 0.1788658 0.0279319 0.1749526 0.1601182 0.2421693 0.2413360 0.1878728 0.1695155 0.1504664 0.1444199 0.1692984 0.1557850 0.1870078 0.1441974 0.1484079 0.0298173 0.1930684 0.1886459 0.1313518 0.1886459 0.0027182 
Phalangeridae_Strigocuscus_pelengensis       0.1003702 0.0787756 0.0872976 0.0888863 0.1293509 0.0244980 0.0235414 0.0920733 0.1302380 0.0000000 0.1421848 0.1418646 0.0176627 0.0554462 0.1509860 0.1314351 0.1429819 0.1264458 0.0880844 0.0775971 0.1666639 0.1731724 0.1420082 0.0669307 0.0852389 0.0646978 0.0863250 0.0796375 0.1075279 0.0622457 0.0263886 0.1306665 0.1382162 0.1506700 0.0646743 0.1506700 0.1331540 
Dasyuridae_Phascogale_tapoatafa              0.1711055 0.1700924 0.1842259 0.1813037 0.0492693 0.1525493 0.1565975 0.2081688 0.1962227 0.1421848 0.0000000 0.0532598 0.1526157 0.1508958 0.0081285 0.0528750 0.0575220 0.1860429 0.1904291 0.1774524 0.2152625 0.2159428 0.0347626 0.1725671 0.1482669 0.1590913 0.1838746 0.1714814 0.1857911 0.1580985 0.1609041 0.1912760 0.0564665 0.1828976 0.1412070 0.1828976 0.1734814 
Dasyuridae_Sminthopsis_macroura              0.1698718 0.1723500 0.1777062 0.1758536 0.0708534 0.1513601 0.1546174 0.2002470 0.2021994 0.1418646 0.0532598 0.0000000 0.1478864 0.1511130 0.0469099 0.0716275 0.0492954 0.1944902 0.1868311 0.1782410 0.2050449 0.2085686 0.0648365 0.1760611 0.1450760 0.1573894 0.1804565 0.1697415 0.1821513 0.1581284 0.1593851 0.2009976 0.0760702 0.1615481 0.1385607 0.1615481 0.1776059 
Phalangeridae_Phalanger_orientalis           0.1077850 0.0835591 0.0967595 0.0979835 0.1334204 0.0245743 0.0198020 0.1003583 0.1348488 0.0176627 0.1526157 0.1478864 0.0000000 0.0657604 0.1559170 0.1358961 0.1461406 0.1307934 0.0958621 0.0802676 0.1788685 0.1844275 0.1506378 0.0845666 0.0956009 0.0676036 0.0906826 0.0794133 0.1087720 0.0691436 0.0138024 0.1351378 0.1440545 0.1788475 0.0717178 0.1788475 0.1320723 
Acrobatidae_Acrobates_pygmaeus               0.1059629 0.0908894 0.1009432 0.1012248 0.1391898 0.0672562 0.0696014 0.1078580 0.1427991 0.0554462 0.1508958 0.1511130 0.0657604 0.0000000 0.1534491 0.1423861 0.1435679 0.1400159 0.0979727 0.0823874 0.1840429 0.1884882 0.1439745 0.0876249 0.0956530 0.0661180 0.0962816 0.0800340 0.1114730 0.0465042 0.0759511 0.1458941 0.1477065 0.1455473 0.0786437 0.1455473 0.1414921 
Dasyuridae_Phascogale_calura                 0.1799234 0.1761975 0.1938480 0.1907185 0.0448630 0.1599264 0.1527815 0.1981429 0.1916099 0.1509860 0.0081285 0.0469099 0.1559170 0.1534491 0.0000000 0.0481279 0.0567385 0.1885075 0.1994073 0.1767176 0.2224836 0.2225829 0.0359853 0.1771321 0.1452382 0.1650795 0.1934895 0.1745030 0.1883174 0.1620978 0.1541765 0.1890552 0.0513012 0.1731584 0.1336292 0.1731584 0.1407034 
Dasyuridae_Sarcophilus_harrisii              0.1617550 0.1540374 0.1769338 0.1733598 0.0203538 0.1366303 0.1413827 0.1988545 0.1914830 0.1314351 0.0528750 0.0716275 0.1358961 0.1423861 0.0481279 0.0000000 0.0463813 0.1778878 0.1816780 0.1639554 0.2124410 0.2110255 0.0381045 0.1613773 0.1441374 0.1480852 0.1758407 0.1601377 0.1869871 0.1462547 0.1486285 0.1864776 0.0261945 0.1754320 0.1391303 0.1754320 0.1775302 
Dasyuridae_Planigale_tenuirostris            0.1776591 0.1670737 0.1893128 0.1874324 0.0477720 0.1508876 0.1473382 0.1893179 0.1788658 0.1429819 0.0575220 0.0492954 0.1461406 0.1435679 0.0567385 0.0463813 0.0000000 0.1815596 0.1950417 0.1762811 0.2257466 0.2252601 0.0365150 0.1487067 0.1385168 0.1515121 0.1910416 0.1657793 0.1788916 0.1488271 0.1468401 0.1840037 0.0563166 0.1910959 0.1273755 0.1910959 0.1441959 
Peramelidae_Echymipera_kalubu                0.1545352 0.1554827 0.1718682 0.1720658 0.1711102 0.1372516 0.1391445 0.1845678 0.0279319 0.1264458 0.1860429 0.1944902 0.1307934 0.1400159 0.1885075 0.1778878 0.1815596 0.0000000 0.1624083 0.1515239 0.2488067 0.2355534 0.1810460 0.1633852 0.1398355 0.1397151 0.1579135 0.1490774 0.1822605 0.1389829 0.1439832 0.0283926 0.1810914 0.1780894 0.1285402 0.1780894 0.0245208 
Macropodidae_Dorcopsulus_vanheurni           0.1381314 0.1225247 0.0438934 0.0449376 0.1804958 0.0919684 0.0996564 0.0426349 0.1749526 0.0880844 0.1904291 0.1868311 0.0958621 0.0979727 0.1994073 0.1816780 0.1950417 0.1624083 0.0000000 0.1096918 0.2227211 0.2208835 0.1932336 0.0831039 0.1206467 0.0980583 0.0135157 0.1041458 0.1386692 0.1009173 0.1069464 0.1689294 0.1861333 0.1858849 0.0896762 0.1858849 0.1615239 
Pseudochiridae_Pseudochirulus_forbesi        0.1279073 0.1099646 0.1155530 0.1165000 0.1596568 0.0834068 0.0881948 0.1209190 0.1601182 0.0775971 0.1774524 0.1782410 0.0802676 0.0823874 0.1767176 0.1639554 0.1762811 0.1515239 0.1096918 0.0000000 0.2217898 0.2081200 0.1707560 0.1040694 0.1176717 0.0430571 0.1111289 0.0361223 0.1088537 0.0856136 0.0907418 0.1613563 0.1712440 0.2188957 0.0852974 0.2188957 0.1539772 
Didelphidae_Didelphis_virginiana             0.2023706 0.1949633 0.2262701 0.2315008 0.2075111 0.1833752 0.1825905 0.2448420 0.2421693 0.1666639 0.2152625 0.2050449 0.1788685 0.1840429 0.2224836 0.2124410 0.2257466 0.2488067 0.2227211 0.2217898 0.0000000 0.0988443 0.2217642 0.2170464 0.1730991 0.2024904 0.2148525 0.2139345 0.2230541 0.1953340 0.1904603 0.2492866 0.2195804 0.2327836 0.1752950 0.2327836 0.2313222 
Marmosidae_Monodelphis_domestica             0.2059398 0.1971121 0.2214520 0.2251803 0.2064261 0.1870635 0.1861539 0.2474900 0.2413360 0.1731724 0.2159428 0.2085686 0.1844275 0.1884882 0.2225829 0.2110255 0.2252601 0.2355534 0.2208835 0.2081200 0.0988443 0.0000000 0.2259625 0.2088670 0.1798678 0.1926109 0.2138668 0.2077187 0.2122133 0.1924341 0.1907238 0.2380511 0.2162693 0.1628706 0.1804195 0.1628706 0.2343983 
Dasyuridae_Antechinus_stuartii               0.1756326 0.1714464 0.1928396 0.1890747 0.0379960 0.1520436 0.1483677 0.1944431 0.1878728 0.1420082 0.0347626 0.0648365 0.1506378 0.1439745 0.0359853 0.0381045 0.0365150 0.1810460 0.1932336 0.1707560 0.2217642 0.2259625 0.0000000 0.1642348 0.1372359 0.1572694 0.1877928 0.1689905 0.1804266 0.1587434 0.1494043 0.1848736 0.0465096 0.1783866 0.1343146 0.1783866 0.1358859 
Hypsiprymnodontidae_Hypsiprymnodon_moschatus 0.1296807 0.1080130 0.0875276 0.0892575 0.1564397 0.0848797 0.0863269 0.0852019 0.1695155 0.0669307 0.1725671 0.1760611 0.0845666 0.0876249 0.1771321 0.1613773 0.1487067 0.1633852 0.0831039 0.1040694 0.2170464 0.2088670 0.1642348 0.0000000 0.1202215 0.0950752 0.0820218 0.0989735 0.1297443 0.0889580 0.0936685 0.1693130 0.1686482 0.1893506 0.0840201 0.1893506 0.1711427 
Microbiotheriidae_Dromiciops_gliroides       0.1268335 0.1106035 0.1170526 0.1207635 0.1452862 0.0948785 0.1025594 0.1342064 0.1504664 0.0852389 0.1482669 0.1450760 0.0956009 0.0956530 0.1452382 0.1441374 0.1385168 0.1398355 0.1206467 0.1176717 0.1730991 0.1798678 0.1372359 0.1202215 0.0000000 0.1061173 0.1187263 0.1150177 0.1348209 0.1100546 0.1074244 0.1443330 0.1507518 0.1467185 0.0938411 0.1467185 0.1365750 
Pseudochiridae_Petauroides_volans            0.1180234 0.0998130 0.0986085 0.1011677 0.1455755 0.0683298 0.0713535 0.1020302 0.1444199 0.0646978 0.1590913 0.1573894 0.0676036 0.0661180 0.1650795 0.1480852 0.1515121 0.1397151 0.0980583 0.0430571 0.2024904 0.1926109 0.1572694 0.0950752 0.1061173 0.0000000 0.0965251 0.0393287 0.0969160 0.0736022 0.0781301 0.1481235 0.1568695 0.1866798 0.0758019 0.1866798 0.1425303 
Macropodidae_Wallabia_bicolor                0.1360660 0.1155061 0.0428925 0.0439421 0.1731336 0.0904805 0.0959347 0.0400751 0.1692984 0.0863250 0.1838746 0.1804565 0.0906826 0.0962816 0.1934895 0.1758407 0.1910416 0.1579135 0.0135157 0.1111289 0.2148525 0.2138668 0.1877928 0.0820218 0.1187263 0.0965251 0.0000000 0.1043265 0.1334194 0.0972968 0.1030293 0.1636160 0.1800249 0.1859419 0.0932007 0.1859419 0.1601533 
Pseudochiridae_Pseudocheirus_occidentalis    0.1288681 0.1067029 0.1079751 0.1117925 0.1585973 0.0794648 0.0857706 0.1130497 0.1557850 0.0796375 0.1714814 0.1697415 0.0794133 0.0800340 0.1745030 0.1601377 0.1657793 0.1490774 0.1041458 0.0361223 0.2139345 0.2077187 0.1689905 0.0989735 0.1150177 0.0393287 0.1043265 0.0000000 0.1087411 0.0828672 0.0897069 0.1551199 0.1672807 0.2343645 0.0836280 0.2343645 0.1601542 
Tarsipedidae_Tarsipes_rostratus              0.1498334 0.1417154 0.1402987 0.1421167 0.1846859 0.1145393 0.1171340 0.1486306 0.1870078 0.1075279 0.1857911 0.1821513 0.1087720 0.1114730 0.1883174 0.1869871 0.1788916 0.1822605 0.1386692 0.1088537 0.2230541 0.2122133 0.1804266 0.1297443 0.1348209 0.0969160 0.1334194 0.1087411 0.0000000 0.1130485 0.1234467 0.1848526 0.1913720 0.1954788 0.1040106 0.1954788 0.1781308 
Acrobatidae_Distoechurus_pennatus            0.1122368 0.0956644 0.1095334 0.1083476 0.1408158 0.0709113 0.0723421 0.1134423 0.1441974 0.0622457 0.1580985 0.1581284 0.0691436 0.0465042 0.1620978 0.1462547 0.1488271 0.1389829 0.1009173 0.0856136 0.1953340 0.1924341 0.1587434 0.0889580 0.1100546 0.0736022 0.0972968 0.0828672 0.1130485 0.0000000 0.0811388 0.1448714 0.1496659 0.1821447 0.0790063 0.1821447 0.1403801 
Phalangeridae_Phalanger_carmelitae           0.1180310 0.0959952 0.1066127 0.1087022 0.1469374 0.0327182 0.0253134 0.1116759 0.1484079 0.0263886 0.1609041 0.1593851 0.0138024 0.0759511 0.1541765 0.1486285 0.1468401 0.1439832 0.1069464 0.0907418 0.1904603 0.1907238 0.1494043 0.0936685 0.1074244 0.0781301 0.1030293 0.0897069 0.1234467 0.0811388 0.0000000 0.1494533 0.1551483 0.1774502 0.0873935 0.1774502 0.1558632 
Peramelidae_Peroryctes_raffrayana            0.1546119 0.1567165 0.1737041 0.1752776 0.1795184 0.1446038 0.1441500 0.1841212 0.0298173 0.1306665 0.1912760 0.2009976 0.1351378 0.1458941 0.1890552 0.1864776 0.1840037 0.0283926 0.1689294 0.1613563 0.2492866 0.2380511 0.1848736 0.1693130 0.1443330 0.1481235 0.1636160 0.1551199 0.1848526 0.1448714 0.1494533 0.0000000 0.1907620 0.1543284 0.1304048 0.1543284 0.0257277 
Dasyuridae_Dasyurus_geffroii                 0.1708446 0.1618401 0.1841177 0.1818274 0.0143629 0.1431434 0.1487756 0.2084588 0.1930684 0.1382162 0.0564665 0.0760702 0.1440545 0.1477065 0.0513012 0.0261945 0.0563166 0.1810914 0.1861333 0.1712440 0.2195804 0.2162693 0.0465096 0.1686482 0.1507518 0.1568695 0.1800249 0.1672807 0.1913720 0.1496659 0.1551483 0.1907620 0.0000000 0.1662506 0.1401621 0.1662506 0.1729779 
Peramelidae_Isoodon_obesulus1                0.1835593 0.1791040 0.1963900 0.1972123 0.1798767 0.1600880 0.1680392 0.1918201 0.1886459 0.1506700 0.1828976 0.1615481 0.1788475 0.1455473 0.1731584 0.1754320 0.1910959 0.1780894 0.1858849 0.2188957 0.2327836 0.1628706 0.1783866 0.1893506 0.1467185 0.1866798 0.1859419 0.2343645 0.1954788 0.1821447 0.1774502 0.1543284 0.1662506 0.0000000 0.1755810 0.0000010 0.1881821 
Burramyidae_Burramys_parvus                  0.1083653 0.1071302 0.0917506 0.0960214 0.1334537 0.0652500 0.0762734 0.0908459 0.1313518 0.0646743 0.1412070 0.1385607 0.0717178 0.0786437 0.1336292 0.1391303 0.1273755 0.1285402 0.0896762 0.0852974 0.1752950 0.1804195 0.1343146 0.0840201 0.0938411 0.0758019 0.0932007 0.0836280 0.1040106 0.0790063 0.0873935 0.1304048 0.1401621 0.1755810 0.0000000 0.1755810 0.1274527 
Peramelidae_Isoodon_obesulus2                0.1835593 0.1791040 0.1963900 0.1972123 0.1798767 0.1600880 0.1680392 0.1918201 0.1886459 0.1506700 0.1828976 0.1615481 0.1788475 0.1455473 0.1731584 0.1754320 0.1910959 0.1780894 0.1858849 0.2188957 0.2327836 0.1628706 0.1783866 0.1893506 0.1467185 0.1866798 0.1859419 0.2343645 0.1954788 0.1821447 0.1774502 0.1543284 0.1662506 0.0000010 0.1755810 0.0000000 0.1881821 
Peramelidae_Perameles_gunnii                 0.1449683 0.1648577 0.1687670 0.1682154 0.1710964 0.1387078 0.1449232 0.1560081 0.0027182 0.1331540 0.1734814 0.1776059 0.1320723 0.1414921 0.1407034 0.1775302 0.1441959 0.0245208 0.1615239 0.1539772 0.2313222 0.2343983 0.1358859 0.1711427 0.1365750 0.1425303 0.1601533 0.1601542 0.1781308 0.1403801 0.1558632 0.0257277 0.1729779 0.1881821 0.1274527 0.1881821 0.0000000 
