35
Burramyidae_Burramys_parvus                  0.0000000 0.0919547 0.0636857 0.0710458 0.0735084 0.1374511 0.0418175 0.0511737 0.0759271 0.0908292 0.0493088 0.1245993 0.1265791 0.0507066 0.0611593 0.1283175 0.1352047 0.1170629 0.0939625 0.0685651 0.0616559 0.1287126 0.1404359 0.0590814 0.0877905 0.0704842 0.0683888 0.0593741 0.0861091 0.0612017 0.0483958 0.0913812 0.1396024 0.0929095 0.0850499 
Notoryctidae_Notoryctes_typhlops             0.0919547 0.0000000 0.0822647 0.1080180 0.1117020 0.1325761 0.0901069 0.0920598 0.1138584 0.1049170 0.0973945 0.1147458 0.1229892 0.0982462 0.0953898 0.1177695 0.1251795 0.1107045 0.1068300 0.1119547 0.1013914 0.1261802 0.1406905 0.1061679 0.0994915 0.1036871 0.1108917 0.0983789 0.1297470 0.0990668 0.0961878 0.1028882 0.1338092 0.1070661 0.0829635 
Vombatidae_Lasiorhinus_latifrons             0.0636857 0.0822647 0.0000000 0.0758355 0.0789349 0.1198490 0.0597583 0.0679733 0.0840222 0.0849423 0.0689816 0.1004444 0.1112603 0.0664812 0.0687578 0.1036801 0.1129438 0.0978222 0.0913396 0.0767591 0.0717849 0.1111862 0.1305541 0.0671970 0.0776421 0.0722353 0.0740869 0.0699082 0.0996209 0.0664260 0.0649608 0.0837110 0.1166218 0.0866416 0.0633098 
Potoroidae_Bettongia_penicillata             0.0710458 0.1080180 0.0758355 0.0000000 0.0018326 0.1537890 0.0679543 0.0848304 0.0048329 0.1030981 0.0771056 0.1436630 0.1460613 0.0791665 0.0830536 0.1489043 0.1503837 0.1370376 0.1094709 0.0108621 0.0871018 0.1387930 0.1626619 0.0325801 0.1032118 0.0848342 0.0110561 0.0843958 0.1160438 0.0809263 0.0785192 0.1057469 0.1560625 0.1052088 0.1137123 
Potoroidae_Bettongia_lesueur                 0.0735084 0.1117020 0.0789349 0.0018326 0.0000000 0.1575234 0.0688245 0.0865702 0.0057499 0.1046573 0.0772332 0.1451499 0.1482672 0.0793788 0.0846030 0.1498530 0.1541012 0.1386428 0.1095730 0.0126930 0.0862717 0.1414950 0.1625279 0.0317287 0.1022120 0.0848332 0.0125741 0.0852331 0.1149785 0.0827909 0.0794240 0.1060175 0.1598189 0.1067735 0.1145018 
Dasyuridae_Dasyurus_maculatus                0.1374511 0.1325761 0.1198490 0.1537890 0.1575234 0.0000000 0.1233964 0.1205220 0.1600186 0.1367471 0.1318803 0.0092157 0.0231324 0.1262877 0.1375205 0.0089238 0.0045861 0.0204910 0.1373281 0.1555627 0.1405503 0.1641003 0.1565579 0.1428752 0.1415972 0.1391865 0.1523787 0.1396245 0.1787912 0.1423900 0.1265778 0.1380479 0.0035163 0.1375342 0.0049081 
Phalangeridae_Trichosurus_vulpecula          0.0418175 0.0901069 0.0597583 0.0679543 0.0688245 0.1233964 0.0000000 0.0120475 0.0732804 0.0810003 0.0099574 0.1074963 0.1177767 0.0103043 0.0553721 0.1124263 0.1161658 0.1048069 0.0890670 0.0672577 0.0601403 0.1225094 0.1355183 0.0508728 0.0844700 0.0618711 0.0648668 0.0580640 0.0891970 0.0572309 0.0094245 0.0852562 0.1211670 0.0830845 0.0721527 
Phalangeridae_Spilocuscus_maculatus          0.0511737 0.0920598 0.0679733 0.0848304 0.0865702 0.1205220 0.0120475 0.0000000 0.0895534 0.0968055 0.0066297 0.1081223 0.1142205 0.0063789 0.0690242 0.1111926 0.1153577 0.1076298 0.1004293 0.0835685 0.0733706 0.1379797 0.1502857 0.0675376 0.0925015 0.0754941 0.0835174 0.0682240 0.1071512 0.0737211 0.0057562 0.0983766 0.1214046 0.0989613 0.0761319 
Potoroidae_Aepyprymnus_rufescens             0.0759271 0.1138584 0.0840222 0.0048329 0.0057499 0.1600186 0.0732804 0.0895534 0.0000000 0.1110144 0.0826384 0.1503395 0.1534843 0.0834262 0.0862939 0.1556427 0.1592931 0.1423342 0.1149319 0.0134873 0.0929813 0.1477854 0.1718578 0.0386439 0.1104765 0.0903084 0.0146041 0.0882907 0.1223955 0.0863718 0.0827650 0.1133232 0.1645375 0.1127156 0.1196625 
Peramelidae_Perameles_nasuta                 0.0908292 0.1049170 0.0849423 0.1030981 0.1046573 0.1367471 0.0810003 0.0968055 0.1110144 0.0000000 0.0923412 0.1250693 0.1247346 0.0960471 0.1006103 0.1248906 0.1337332 0.1132824 0.0093464 0.1019198 0.1013437 0.1476279 0.1570976 0.0912045 0.0971681 0.1000570 0.0982058 0.0997198 0.1279601 0.0989383 0.0973423 0.0070192 0.1365845 0.0000517 0.0835700 
Phalangeridae_Strigocuscus_pelengensis       0.0493088 0.0973945 0.0689816 0.0771056 0.0772332 0.1318803 0.0099574 0.0066297 0.0826384 0.0923412 0.0000000 0.1147461 0.1231247 0.0044429 0.0649435 0.1193077 0.1267649 0.1117824 0.0971448 0.0766690 0.0723781 0.1339489 0.1501173 0.0596707 0.0954339 0.0764022 0.0781887 0.0680374 0.0996011 0.0693159 0.0039318 0.0954485 0.1305992 0.0945230 0.0789534 
Dasyuridae_Phascogale_tapoatafa              0.1245993 0.1147458 0.1004444 0.1436630 0.1451499 0.0092157 0.1074963 0.1081223 0.1503395 0.1250693 0.1147461 0.0000000 0.0149917 0.1093887 0.1236675 0.0013919 0.0090887 0.0156709 0.1211109 0.1425941 0.1277358 0.1360484 0.1263826 0.1306265 0.1207091 0.1246666 0.1402966 0.1238924 0.1592219 0.1290973 0.1094983 0.1227427 0.0089538 0.1259539 0.0023534 
Dasyuridae_Sminthopsis_macroura              0.1265791 0.1229892 0.1112603 0.1460613 0.1482672 0.0231324 0.1177767 0.1142205 0.1534843 0.1247346 0.1231247 0.0149917 0.0000000 0.1234384 0.1265807 0.0145456 0.0221639 0.0106453 0.1266456 0.1496805 0.1294601 0.1520089 0.1526842 0.1345946 0.1334630 0.1291985 0.1474946 0.1287215 0.1679012 0.1309600 0.1205786 0.1251021 0.0237275 0.1255273 0.0065484 
Phalangeridae_Phalanger_orientalis           0.0507066 0.0982462 0.0664812 0.0791665 0.0793788 0.1262877 0.0103043 0.0063789 0.0834262 0.0960471 0.0044429 0.1093887 0.1234384 0.0000000 0.0642954 0.1138713 0.1197356 0.1101663 0.0985340 0.0774664 0.0737361 0.1328833 0.1497950 0.0630321 0.0941329 0.0731211 0.0775334 0.0677039 0.0984519 0.0649509 0.0013425 0.0994959 0.1265663 0.0981642 0.0754219 
Acrobatidae_Acrobates_pygmaeus               0.0611593 0.0953898 0.0687578 0.0830536 0.0846030 0.1375205 0.0553721 0.0690242 0.0862939 0.1006103 0.0649435 0.1236675 0.1265807 0.0642954 0.0000000 0.1267989 0.1300850 0.1186132 0.1002402 0.0832376 0.0505109 0.1262285 0.1396759 0.0717472 0.0907093 0.0516624 0.0813985 0.0451023 0.0890681 0.0203820 0.0645446 0.0973461 0.1359901 0.1028154 0.0838215 
Dasyuridae_Phascogale_calura                 0.1283175 0.1177695 0.1036801 0.1489043 0.1498530 0.0089238 0.1124263 0.1111926 0.1556427 0.1248906 0.1193077 0.0013919 0.0145456 0.1138713 0.1267989 0.0000000 0.0087995 0.0151913 0.1220497 0.1478502 0.1300037 0.1401861 0.1259857 0.1352270 0.1240466 0.1290556 0.1455362 0.1249769 0.1625490 0.1299654 0.1129174 0.1231942 0.0089456 0.1257769 0.0022782 
Dasyuridae_Sarcophilus_harrisii              0.1352047 0.1251795 0.1129438 0.1503837 0.1541012 0.0045861 0.1161658 0.1153577 0.1592931 0.1337332 0.1267649 0.0090887 0.0221639 0.1197356 0.1300850 0.0087995 0.0000000 0.0197201 0.1352859 0.1517799 0.1371814 0.1559921 0.1501294 0.1390682 0.1327647 0.1344755 0.1500598 0.1341651 0.1753225 0.1384917 0.1200438 0.1357473 0.0044995 0.1349749 0.0048146 
Dasyuridae_Planigale_tenuirostris            0.1170629 0.1107045 0.0978222 0.1370376 0.1386428 0.0204910 0.1048069 0.1076298 0.1423342 0.1132824 0.1117824 0.0156709 0.0106453 0.1101663 0.1186132 0.0151913 0.0197201 0.0000000 0.1136331 0.1353765 0.1208577 0.1442273 0.1432316 0.1286186 0.1224728 0.1202981 0.1323173 0.1174798 0.1598763 0.1230535 0.1080268 0.1127472 0.0206282 0.1144451 0.0083650 
Peramelidae_Echymipera_kalubu                0.0939625 0.1068300 0.0913396 0.1094709 0.1095730 0.1373281 0.0890670 0.1004293 0.1149319 0.0093464 0.0971448 0.1211109 0.1266456 0.0985340 0.1002402 0.1220497 0.1352859 0.1136331 0.0000000 0.1046252 0.1041286 0.1442553 0.1579110 0.0991375 0.1035303 0.1033431 0.1026016 0.1036073 0.1304352 0.1017335 0.0987096 0.0073364 0.1394700 0.0095405 0.0828704 
Macropodidae_Dorcopsulus_vanheurni           0.0685651 0.1119547 0.0767591 0.0108621 0.0126930 0.1555627 0.0672577 0.0835685 0.0134873 0.1019198 0.0766690 0.1425941 0.1496805 0.0774664 0.0832376 0.1478502 0.1517799 0.1353765 0.1046252 0.0000000 0.0863426 0.1350009 0.1602720 0.0323362 0.1034319 0.0845165 0.0042286 0.0820168 0.1131547 0.0818820 0.0776408 0.1022505 0.1583632 0.1040302 0.1116061 
Pseudochiridae_Pseudochirulus_forbesi        0.0616559 0.1013914 0.0717849 0.0871018 0.0862717 0.1405503 0.0601403 0.0733706 0.0929813 0.1013437 0.0723781 0.1277358 0.1294601 0.0737361 0.0505109 0.1300037 0.1371814 0.1208577 0.1041286 0.0863426 0.0000000 0.1246639 0.1417445 0.0757129 0.0947818 0.0206771 0.0847278 0.0069476 0.0705620 0.0539575 0.0727793 0.0995566 0.1410000 0.1034764 0.0872389 
Didelphidae_Didelphis_virginiana             0.1287126 0.1261802 0.1111862 0.1387930 0.1414950 0.1641003 0.1225094 0.1379797 0.1477854 0.1476279 0.1339489 0.1360484 0.1520089 0.1328833 0.1262285 0.1401861 0.1559921 0.1442273 0.1442553 0.1350009 0.1246639 0.0000000 0.0476433 0.1264312 0.1264861 0.1224256 0.1411562 0.1202969 0.1651835 0.1255529 0.1310583 0.1441588 0.1582811 0.1497400 0.0727386 
Marmosidae_Monodelphis_domestica             0.1404359 0.1406905 0.1305541 0.1626619 0.1625279 0.1565579 0.1355183 0.1502857 0.1718578 0.1570976 0.1501173 0.1263826 0.1526842 0.1497950 0.1396759 0.1259857 0.1501294 0.1432316 0.1579110 0.1602720 0.1417445 0.0476433 0.0000000 0.1487490 0.1416654 0.1418111 0.1635591 0.1380342 0.1846553 0.1475120 0.1493937 0.1587674 0.1560471 0.1592337 0.0743817 
Hypsiprymnodontidae_Hypsiprymnodon_moschatus 0.0590814 0.1061679 0.0671970 0.0325801 0.0317287 0.1428752 0.0508728 0.0675376 0.0386439 0.0912045 0.0596707 0.1306265 0.1345946 0.0630321 0.0717472 0.1352270 0.1390682 0.1286186 0.0991375 0.0323362 0.0757129 0.1264312 0.1487490 0.0000000 0.0872913 0.0733339 0.0300353 0.0735351 0.1050035 0.0679296 0.0619783 0.0939728 0.1431911 0.0928840 0.0937614 
Microbiotheriidae_Dromiciops_gliroides       0.0877905 0.0994915 0.0776421 0.1032118 0.1022120 0.1415972 0.0844700 0.0925015 0.1104765 0.0971681 0.0954339 0.1207091 0.1334630 0.0941329 0.0907093 0.1240466 0.1327647 0.1224728 0.1035303 0.1034319 0.0947818 0.1264861 0.1416654 0.0872913 0.0000000 0.0963665 0.1026150 0.0960275 0.1193373 0.0922691 0.0912587 0.0951166 0.1407798 0.0988274 0.0826109 
Pseudochiridae_Petauroides_volans            0.0704842 0.1036871 0.0722353 0.0848342 0.0848332 0.1391865 0.0618711 0.0754941 0.0903084 0.1000570 0.0764022 0.1246666 0.1291985 0.0731211 0.0516624 0.1290556 0.1344755 0.1202981 0.1033431 0.0845165 0.0206771 0.1224256 0.1418111 0.0733339 0.0963665 0.0000000 0.0798955 0.0172677 0.0789945 0.0558835 0.0725768 0.0991361 0.1391410 0.1018454 0.0876830 
Macropodidae_Wallabia_bicolor                0.0683888 0.1108917 0.0740869 0.0110561 0.0125741 0.1523787 0.0648668 0.0835174 0.0146041 0.0982058 0.0781887 0.1402966 0.1474946 0.0775334 0.0813985 0.1455362 0.1500598 0.1323173 0.1026016 0.0042286 0.0847278 0.1411562 0.1635591 0.0300353 0.1026150 0.0798955 0.0000000 0.0812973 0.1139325 0.0792498 0.0776314 0.0994891 0.1551461 0.1004281 0.1099555 
Pseudochiridae_Pseudocheirus_occidentalis    0.0593741 0.0983789 0.0699082 0.0843958 0.0852331 0.1396245 0.0580640 0.0682240 0.0882907 0.0997198 0.0680374 0.1238924 0.1287215 0.0677039 0.0451023 0.1249769 0.1341651 0.1174798 0.1036073 0.0820168 0.0069476 0.1202969 0.1380342 0.0735351 0.0960275 0.0172677 0.0812973 0.0000000 0.0733999 0.0526353 0.0664710 0.1005701 0.1393571 0.1019601 0.0847566 
Tarsipedidae_Tarsipes_rostratus              0.0861091 0.1297470 0.0996209 0.1160438 0.1149785 0.1787912 0.0891970 0.1071512 0.1223955 0.1279601 0.0996011 0.1592219 0.1679012 0.0984519 0.0890681 0.1625490 0.1753225 0.1598763 0.1304352 0.1131547 0.0705620 0.1651835 0.1846553 0.1050035 0.1193373 0.0789945 0.1139325 0.0733999 0.0000000 0.0832358 0.0973177 0.1305430 0.1780829 0.1301300 0.1290435 
Acrobatidae_Distoechurus_pennatus            0.0612017 0.0990668 0.0664260 0.0809263 0.0827909 0.1423900 0.0572309 0.0737211 0.0863718 0.0989383 0.0693159 0.1290973 0.1309600 0.0649509 0.0203820 0.1299654 0.1384917 0.1230535 0.1017335 0.0818820 0.0539575 0.1255529 0.1475120 0.0679296 0.0922691 0.0558835 0.0792498 0.0526353 0.0832358 0.0000000 0.0651147 0.0960528 0.1422501 0.1010375 0.0882078 
Phalangeridae_Phalanger_carmelitae           0.0483958 0.0961878 0.0649608 0.0785192 0.0794240 0.1265778 0.0094245 0.0057562 0.0827650 0.0973423 0.0039318 0.1094983 0.1205786 0.0013425 0.0645446 0.1129174 0.1200438 0.1080268 0.0987096 0.0776408 0.0727793 0.1310583 0.1493937 0.0619783 0.0912587 0.0725768 0.0776314 0.0664710 0.0973177 0.0651147 0.0000000 0.1005458 0.1259565 0.0994539 0.0756615 
Peramelidae_Peroryctes_raffrayana            0.0913812 0.1028882 0.0837110 0.1057469 0.1060175 0.1380479 0.0852562 0.0983766 0.1133232 0.0070192 0.0954485 0.1227427 0.1251021 0.0994959 0.0973461 0.1231942 0.1357473 0.1127472 0.0073364 0.1022505 0.0995566 0.1441588 0.1587674 0.0939728 0.0951166 0.0991361 0.0994891 0.1005701 0.1305430 0.0960528 0.1005458 0.0000000 0.1376630 0.0074416 0.0825383 
Dasyuridae_Dasyurus_geffroii                 0.1396024 0.1338092 0.1166218 0.1560625 0.1598189 0.0035163 0.1211670 0.1214046 0.1645375 0.1365845 0.1305992 0.0089538 0.0237275 0.1265663 0.1359901 0.0089456 0.0044995 0.0206282 0.1394700 0.1583632 0.1410000 0.1582811 0.1560471 0.1431911 0.1407798 0.1391410 0.1551461 0.1393571 0.1780829 0.1422501 0.1259565 0.1376630 0.0000000 0.1373720 0.0048158 
Peramelidae_Perameles_gunnii                 0.0929095 0.1070661 0.0866416 0.1052088 0.1067735 0.1375342 0.0830845 0.0989613 0.1127156 0.0000517 0.0945230 0.1259539 0.1255273 0.0981642 0.1028154 0.1257769 0.1349749 0.1144451 0.0095405 0.1040302 0.1034764 0.1497400 0.1592337 0.0928840 0.0988274 0.1018454 0.1004281 0.1019601 0.1301300 0.1010375 0.0994539 0.0074416 0.1373720 0.0000000 0.0848322 
Dasyuridae_Antechinus_stuartii               0.0850499 0.0829635 0.0633098 0.1137123 0.1145018 0.0049081 0.0721527 0.0761319 0.1196625 0.0835700 0.0789534 0.0023534 0.0065484 0.0754219 0.0838215 0.0022782 0.0048146 0.0083650 0.0828704 0.1116061 0.0872389 0.0727386 0.0743817 0.0937614 0.0826109 0.0876830 0.1099555 0.0847566 0.1290435 0.0882078 0.0756615 0.0825383 0.0048158 0.0848322 0.0000000 
