37
Burramyidae_Burramys_parvus                  0.0000000 0.0462848 0.0341414 0.0408680 0.0400522 0.0433740 0.0320320 0.0275177 0.0420698 0.0485451 0.0275717 0.0433801 0.0442746 0.0356334 0.0365362 0.0440097 0.0437854 0.0437139 0.0485126 0.0362731 0.0365201 0.0554507 0.0410576 0.0308416 0.0420336 0.0290578 0.0353519 0.0327668 0.0416659 0.0343072 0.0322958 0.0457540 0.0424683 0.0518873 0.0229770 0.0102123 0.0102123 
Notoryctidae_Notoryctes_typhlops             0.0462848 0.0000000 0.0514023 0.0615328 0.0607952 0.0502727 0.0485777 0.0456801 0.0621384 0.0551888 0.0443412 0.0526847 0.0509543 0.0494508 0.0586542 0.0522560 0.0504264 0.0487389 0.0537383 0.0604854 0.0551013 0.0583894 0.0500822 0.0524438 0.0466213 0.0498504 0.0608368 0.0485212 0.0594116 0.0531681 0.0459153 0.0537260 0.0506650 0.0561449 0.0242981 0.0147953 0.0147953 
Vombatidae_Lasiorhinus_latifrons             0.0341414 0.0514023 0.0000000 0.0409351 0.0413217 0.0493772 0.0385890 0.0314654 0.0459057 0.0539991 0.0301323 0.0468874 0.0529481 0.0421833 0.0395515 0.0488760 0.0501785 0.0528325 0.0580348 0.0372826 0.0421208 0.0684455 0.0441167 0.0352885 0.0514653 0.0322887 0.0388004 0.0394070 0.0574432 0.0399271 0.0363979 0.0534118 0.0494463 0.0588184 0.0306976 9.0000000 9.0000000 
Potoroidae_Bettongia_penicillata             0.0408680 0.0615328 0.0409351 0.0000000 0.0044047 0.0585446 0.0486274 0.0431654 0.0129438 0.0662674 0.0427256 0.0595648 0.0633957 0.0496415 0.0489492 0.0594414 0.0596754 0.0606900 0.0675503 0.0213239 0.0529547 0.0726972 0.0575579 0.0381457 0.0545613 0.0450993 0.0210265 0.0499750 0.0601988 0.0495850 0.0462058 0.0655583 0.0595750 0.0704113 0.0383639 0.0192079 0.0192079 
Potoroidae_Bettongia_lesueur                 0.0400522 0.0607952 0.0413217 0.0044047 0.0000000 0.0586776 0.0480783 0.0422833 0.0140417 0.0674993 0.0411194 0.0596593 0.0632060 0.0489758 0.0483730 0.0598648 0.0595235 0.0608897 0.0687489 0.0216314 0.0519668 0.0731592 0.0570595 0.0381844 0.0558157 0.0447533 0.0207713 0.0489257 0.0595970 0.0486552 0.0455807 0.0668157 0.0597108 0.0716232 0.0374271 0.0192661 0.0192661 
Dasyuridae_Dasyurus_maculatus                0.0433740 0.0502727 0.0493772 0.0585446 0.0586776 0.0000000 0.0539280 0.0462548 0.0601439 0.0567693 0.0454500 0.0106014 0.0171401 0.0553107 0.0485517 0.0114133 0.0039019 0.0156215 0.0603758 0.0553858 0.0512447 0.0670006 0.0101208 0.0497760 0.0463187 0.0459453 0.0547180 0.0481734 0.0587275 0.0499325 0.0520579 0.0582950 0.0015479 0.0597948 0.0316194 0.0141492 0.0141492 
Phalangeridae_Trichosurus_vulpecula          0.0320320 0.0485777 0.0385890 0.0486274 0.0480783 0.0539280 0.0000000 0.0176885 0.0482423 0.0574374 0.0179422 0.0546165 0.0577714 0.0248745 0.0424886 0.0549712 0.0547607 0.0538023 0.0577135 0.0438255 0.0422815 0.0594938 0.0526854 0.0366920 0.0441761 0.0367321 0.0437989 0.0389707 0.0540250 0.0421038 0.0216823 0.0548705 0.0536285 0.0604878 0.0311731 0.0137677 0.0137677 
Phalangeridae_Spilocuscus_maculatus          0.0275177 0.0456801 0.0314654 0.0431654 0.0422833 0.0462548 0.0176885 0.0000000 0.0421648 0.0549339 0.0095814 0.0465438 0.0498558 0.0173457 0.0388528 0.0470073 0.0470733 0.0457392 0.0534008 0.0376643 0.0379821 0.0567167 0.0443224 0.0318873 0.0427471 0.0316684 0.0370034 0.0328811 0.0460048 0.0371758 0.0140298 0.0522480 0.0459511 0.0566072 0.0257339 0.0123722 0.0123722 
Potoroidae_Aepyprymnus_rufescens             0.0420698 0.0621384 0.0459057 0.0129438 0.0140417 0.0601439 0.0482423 0.0421648 0.0000000 0.0683485 0.0423695 0.0607982 0.0640242 0.0504930 0.0485294 0.0611115 0.0610014 0.0621310 0.0703608 0.0227001 0.0538283 0.0733291 0.0585406 0.0380613 0.0585151 0.0443135 0.0221223 0.0488994 0.0616427 0.0485696 0.0470541 0.0681670 0.0605131 0.0724383 0.0368995 0.0176538 0.0176538 
Peramelidae_Perameles_nasuta                 0.0485451 0.0551888 0.0539991 0.0662674 0.0674993 0.0567693 0.0574374 0.0549339 0.0683485 0.0000000 0.0530127 0.0564422 0.0586186 0.0606394 0.0573594 0.0571426 0.0572917 0.0565204 0.0094471 0.0631828 0.0572519 0.0699507 0.0547406 0.0570194 0.0535192 0.0518478 0.0614131 0.0555637 0.0619124 0.0569372 0.0574033 0.0091006 0.0571636 0.0002635 0.0301061 0.0156983 0.0156983 
Phalangeridae_Strigocuscus_pelengensis       0.0275717 0.0443412 0.0301323 0.0427256 0.0411194 0.0454500 0.0179422 0.0095814 0.0423695 0.0530127 0.0000000 0.0467216 0.0500726 0.0154173 0.0376948 0.0471938 0.0469412 0.0458859 0.0521456 0.0371427 0.0371015 0.0561440 0.0429788 0.0303906 0.0445887 0.0315981 0.0368527 0.0314396 0.0454916 0.0360228 0.0121415 0.0506353 0.0454826 0.0546776 0.0258672 0.0125943 0.0125943 
Dasyuridae_Phascogale_tapoatafa              0.0433801 0.0526847 0.0468874 0.0595648 0.0596593 0.0106014 0.0546165 0.0465438 0.0607982 0.0564422 0.0467216 0.0000000 0.0171571 0.0556980 0.0488745 0.0028562 0.0111774 0.0159346 0.0596672 0.0557152 0.0515410 0.0653441 0.0066099 0.0504075 0.0484259 0.0468830 0.0550517 0.0496063 0.0575352 0.0492766 0.0514471 0.0569095 0.0111548 0.0597707 0.0321491 0.0146348 0.0146348 
Dasyuridae_Sminthopsis_macroura              0.0442746 0.0509543 0.0529481 0.0633957 0.0632060 0.0171401 0.0577714 0.0498558 0.0640242 0.0586186 0.0500726 0.0171571 0.0000000 0.0585906 0.0523377 0.0179883 0.0180224 0.0149914 0.0621992 0.0598909 0.0533648 0.0661915 0.0169930 0.0525800 0.0489769 0.0487311 0.0592128 0.0484024 0.0581829 0.0508139 0.0548555 0.0588316 0.0168764 0.0616335 0.0301620 0.0144188 0.0144188 
Phalangeridae_Phalanger_orientalis           0.0356334 0.0494508 0.0421833 0.0496415 0.0489758 0.0553107 0.0248745 0.0173457 0.0504930 0.0606394 0.0154173 0.0556980 0.0585906 0.0000000 0.0460266 0.0560574 0.0558169 0.0547566 0.0622085 0.0453907 0.0447018 0.0643142 0.0533605 0.0390814 0.0535746 0.0390727 0.0460132 0.0367682 0.0549975 0.0448595 0.0107420 0.0599955 0.0550310 0.0629283 0.0324908 0.0140012 0.0140012 
Acrobatidae_Acrobates_pygmaeus               0.0365362 0.0586542 0.0395515 0.0489492 0.0483730 0.0485517 0.0424886 0.0388528 0.0485294 0.0573594 0.0376948 0.0488745 0.0523377 0.0460266 0.0000000 0.0495378 0.0496714 0.0497215 0.0583450 0.0447141 0.0404371 0.0656863 0.0478824 0.0401527 0.0518225 0.0333737 0.0437334 0.0375119 0.0421308 0.0250450 0.0433701 0.0573840 0.0489050 0.0604551 0.0297810 0.0144301 0.0144301 
Dasyuridae_Phascogale_calura                 0.0440097 0.0522560 0.0488760 0.0594414 0.0598648 0.0114133 0.0549712 0.0470073 0.0611115 0.0571426 0.0471938 0.0028562 0.0179883 0.0560574 0.0495378 0.0000000 0.0122690 0.0159374 0.0603724 0.0563757 0.0518463 0.0670597 0.0071457 0.0507503 0.0491053 0.0475273 0.0554038 0.0499038 0.0590496 0.0495991 0.0520964 0.0572375 0.0119692 0.0604737 0.0344967 0.0146533 0.0146533 
Dasyuridae_Sarcophilus_harrisii              0.0437854 0.0504264 0.0501785 0.0596754 0.0595235 0.0039019 0.0547607 0.0470733 0.0610014 0.0572917 0.0469412 0.0111774 0.0180224 0.0558169 0.0496714 0.0122690 0.0000000 0.0159508 0.0609109 0.0558845 0.0503544 0.0665364 0.0106883 0.0502497 0.0456425 0.0457647 0.0552137 0.0471518 0.0592494 0.0490290 0.0525418 0.0584942 0.0049570 0.0603255 0.0300799 0.0143981 0.0143981 
Dasyuridae_Planigale_tenuirostris            0.0437139 0.0487389 0.0528325 0.0606900 0.0608897 0.0156215 0.0538023 0.0457392 0.0621310 0.0565204 0.0458859 0.0159346 0.0149914 0.0547566 0.0497215 0.0159374 0.0159508 0.0000000 0.0598752 0.0559931 0.0511808 0.0653145 0.0150164 0.0510572 0.0504445 0.0471001 0.0549001 0.0473498 0.0580494 0.0495088 0.0516944 0.0569948 0.0156367 0.0577621 0.0301317 0.0123368 0.0123368 
Peramelidae_Echymipera_kalubu                0.0485126 0.0537383 0.0580348 0.0675503 0.0687489 0.0603758 0.0577135 0.0534008 0.0703608 0.0094471 0.0521456 0.0596672 0.0621992 0.0622085 0.0583450 0.0603724 0.0609109 0.0598752 0.0000000 0.0641466 0.0597664 0.0733408 0.0573240 0.0586453 0.0558947 0.0540316 0.0623751 0.0574293 0.0609119 0.0595364 0.0597307 0.0074050 0.0600930 0.0095734 0.0338116 0.0150574 0.0150574 
Macropodidae_Dorcopsulus_vanheurni           0.0362731 0.0604854 0.0372826 0.0213239 0.0216314 0.0553858 0.0438255 0.0376643 0.0227001 0.0631828 0.0371427 0.0557152 0.0598909 0.0453907 0.0447141 0.0563757 0.0558845 0.0559931 0.0641466 0.0000000 0.0474418 0.0681137 0.0534622 0.0346961 0.0516342 0.0400316 0.0070723 0.0450465 0.0526941 0.0457142 0.0420994 0.0614094 0.0551105 0.0669189 0.0337786 0.0172036 0.0172036 
Pseudochiridae_Pseudochirulus_forbesi        0.0365201 0.0551013 0.0421208 0.0529547 0.0519668 0.0512447 0.0422815 0.0379821 0.0538283 0.0572519 0.0371015 0.0515410 0.0533648 0.0447018 0.0404371 0.0518463 0.0503544 0.0511808 0.0597664 0.0474418 0.0000000 0.0672771 0.0492030 0.0423380 0.0527309 0.0221533 0.0467911 0.0136067 0.0398314 0.0403850 0.0408096 0.0557264 0.0516199 0.0612771 0.0290876 0.0121749 0.0121749 
Marmosidae_Monodelphis_domestica             0.0554507 0.0583894 0.0684455 0.0726972 0.0731592 0.0670006 0.0594938 0.0567167 0.0733291 0.0699507 0.0561440 0.0653441 0.0661915 0.0643142 0.0656863 0.0670597 0.0665364 0.0653145 0.0733408 0.0681137 0.0672771 0.0000000 0.0652780 0.0625583 0.0578503 0.0607898 0.0667311 0.0598376 0.0702256 0.0641967 0.0614992 0.0671354 0.0660272 0.0747640 0.0087785 0.0152065 0.0152065 
Dasyuridae_Antechinus_stuartii               0.0410576 0.0500822 0.0441167 0.0575579 0.0570595 0.0101208 0.0526854 0.0443224 0.0585406 0.0547406 0.0429788 0.0066099 0.0169930 0.0533605 0.0478824 0.0071457 0.0106883 0.0150164 0.0573240 0.0534622 0.0492030 0.0652780 0.0000000 0.0469347 0.0483749 0.0455322 0.0521399 0.0481122 0.0550390 0.0469988 0.0495322 0.0548623 0.0106760 0.0577446 0.0322930 0.0139400 0.0139400 
Hypsiprymnodontidae_Hypsiprymnodon_moschatus 0.0308416 0.0524438 0.0352885 0.0381457 0.0381844 0.0497760 0.0366920 0.0318873 0.0380613 0.0570194 0.0303906 0.0504075 0.0525800 0.0390814 0.0401527 0.0507503 0.0502497 0.0510572 0.0586453 0.0346961 0.0423380 0.0625583 0.0469347 0.0000000 0.0477111 0.0350926 0.0341326 0.0398289 0.0514868 0.0413705 0.0362896 0.0565532 0.0501246 0.0607071 0.0295641 0.0143262 0.0143262 
Microbiotheriidae_Dromiciops_gliroides       0.0420336 0.0466213 0.0514653 0.0545613 0.0558157 0.0463187 0.0441761 0.0427471 0.0585151 0.0535192 0.0445887 0.0484259 0.0489769 0.0535746 0.0518225 0.0491053 0.0456425 0.0504445 0.0558947 0.0516342 0.0527309 0.0578503 0.0483749 0.0477111 0.0000000 0.0453644 0.0526612 0.0509083 0.0580414 0.0489159 0.0493603 0.0539191 0.0466947 0.0556751 0.0237416 0.0117995 0.0117995 
Pseudochiridae_Petauroides_volans            0.0290578 0.0498504 0.0322887 0.0450993 0.0447533 0.0459453 0.0367321 0.0316684 0.0443135 0.0518478 0.0315981 0.0468830 0.0487311 0.0390727 0.0333737 0.0475273 0.0457647 0.0471001 0.0540316 0.0400316 0.0221533 0.0607898 0.0455322 0.0350926 0.0453644 0.0000000 0.0397077 0.0205858 0.0348353 0.0331392 0.0353939 0.0504253 0.0459931 0.0552130 0.0261442 0.0126730 0.0126730 
Macropodidae_Wallabia_bicolor                0.0353519 0.0608368 0.0388004 0.0210265 0.0207713 0.0547180 0.0437989 0.0370034 0.0221223 0.0614131 0.0368527 0.0550517 0.0592128 0.0460132 0.0437334 0.0554038 0.0552137 0.0549001 0.0623751 0.0070723 0.0467911 0.0667311 0.0521399 0.0341326 0.0526612 0.0397077 0.0000000 0.0450093 0.0522945 0.0450898 0.0427227 0.0603101 0.0544428 0.0651366 0.0351768 0.0164078 0.0164078 
Pseudochiridae_Pseudocheirus_occidentalis    0.0327668 0.0485212 0.0394070 0.0499750 0.0489257 0.0481734 0.0389707 0.0328811 0.0488994 0.0555637 0.0314396 0.0496063 0.0484024 0.0367682 0.0375119 0.0499038 0.0471518 0.0473498 0.0574293 0.0450465 0.0136067 0.0598376 0.0481122 0.0398289 0.0509083 0.0205858 0.0450093 0.0000000 0.0399284 0.0343090 0.0333605 0.0530594 0.0475148 0.0579934 0.0260780 0.0115923 0.0115923 
Tarsipedidae_Tarsipes_rostratus              0.0416659 0.0594116 0.0574432 0.0601988 0.0595970 0.0587275 0.0540250 0.0460048 0.0616427 0.0619124 0.0454916 0.0575352 0.0581829 0.0549975 0.0421308 0.0590496 0.0592494 0.0580494 0.0609119 0.0526941 0.0398314 0.0702256 0.0550390 0.0514868 0.0580414 0.0348353 0.0522945 0.0399284 0.0000000 0.0410345 0.0507012 0.0593042 0.0584180 0.0653060 0.0243563 0.0134623 0.0134623 
Acrobatidae_Distoechurus_pennatus            0.0343072 0.0531681 0.0399271 0.0495850 0.0486552 0.0499325 0.0421038 0.0371758 0.0485696 0.0569372 0.0360228 0.0492766 0.0508139 0.0448595 0.0250450 0.0495991 0.0490290 0.0495088 0.0595364 0.0457142 0.0403850 0.0641967 0.0469988 0.0413705 0.0489159 0.0331392 0.0450898 0.0343090 0.0410345 0.0000000 0.0400247 0.0556581 0.0490109 0.0606436 0.0290762 0.0136623 0.0136623 
Phalangeridae_Phalanger_carmelitae           0.0322958 0.0459153 0.0363979 0.0462058 0.0455807 0.0520579 0.0216823 0.0140298 0.0470541 0.0574033 0.0121415 0.0514471 0.0548555 0.0107420 0.0433701 0.0520964 0.0525418 0.0516944 0.0597307 0.0420994 0.0408096 0.0614992 0.0495322 0.0362896 0.0493603 0.0353939 0.0427227 0.0333605 0.0507012 0.0400247 0.0000000 0.0559783 0.0517830 0.0611398 0.0307923 0.0139898 0.0139898 
Peramelidae_Peroryctes_raffrayana            0.0457540 0.0537260 0.0534118 0.0655583 0.0668157 0.0582950 0.0548705 0.0522480 0.0681670 0.0091006 0.0506353 0.0569095 0.0588316 0.0599955 0.0573840 0.0572375 0.0584942 0.0569948 0.0074050 0.0614094 0.0557264 0.0671354 0.0548623 0.0565532 0.0539191 0.0504253 0.0603101 0.0530594 0.0593042 0.0556581 0.0559783 0.0000000 0.0576560 0.0090564 0.0316362 0.0146304 0.0146304 
Dasyuridae_Dasyurus_geffroii                 0.0424683 0.0506650 0.0494463 0.0595750 0.0597108 0.0015479 0.0536285 0.0459511 0.0605131 0.0571636 0.0454826 0.0111548 0.0168764 0.0550310 0.0489050 0.0119692 0.0049570 0.0156367 0.0600930 0.0551105 0.0516199 0.0660272 0.0106760 0.0501246 0.0466947 0.0459931 0.0544428 0.0475148 0.0584180 0.0490109 0.0517830 0.0576560 0.0000000 0.0601952 0.0315265 0.0138988 0.0138988 
Peramelidae_Perameles_gunnii                 0.0518873 0.0561449 0.0588184 0.0704113 0.0716232 0.0597948 0.0604878 0.0566072 0.0724383 0.0002635 0.0546776 0.0597707 0.0616335 0.0629283 0.0604551 0.0604737 0.0603255 0.0577621 0.0095734 0.0669189 0.0612771 0.0747640 0.0577446 0.0607071 0.0556751 0.0552130 0.0651366 0.0579934 0.0653060 0.0606436 0.0611398 0.0090564 0.0601952 0.0000000 0.0323924 0.0165102 0.0165102 
Didelphidae_Didelphis_virginiana             0.0229770 0.0242981 0.0306976 0.0383639 0.0374271 0.0316194 0.0311731 0.0257339 0.0368995 0.0301061 0.0258672 0.0321491 0.0301620 0.0324908 0.0297810 0.0344967 0.0300799 0.0301317 0.0338116 0.0337786 0.0290876 0.0087785 0.0322930 0.0295641 0.0237416 0.0261442 0.0351768 0.0260780 0.0243563 0.0290762 0.0307923 0.0316362 0.0315265 0.0323924 0.0000000 0.0159824 0.0159824 
Vombatidae_Vombatus_ursinus1                 0.0102123 0.0147953 9.0000000 0.0192079 0.0192661 0.0141492 0.0137677 0.0123722 0.0176538 0.0156983 0.0125943 0.0146348 0.0144188 0.0140012 0.0144301 0.0146533 0.0143981 0.0123368 0.0150574 0.0172036 0.0121749 0.0152065 0.0139400 0.0143262 0.0117995 0.0126730 0.0164078 0.0115923 0.0134623 0.0136623 0.0139898 0.0146304 0.0138988 0.0165102 0.0159824 0.0000000 0.0000010 
Vombatidae_Vombatus_ursinus2                 0.0102123 0.0147953 9.0000000 0.0192079 0.0192661 0.0141492 0.0137677 0.0123722 0.0176538 0.0156983 0.0125943 0.0146348 0.0144188 0.0140012 0.0144301 0.0146533 0.0143981 0.0123368 0.0150574 0.0172036 0.0121749 0.0152065 0.0139400 0.0143262 0.0117995 0.0126730 0.0164078 0.0115923 0.0134623 0.0136623 0.0139898 0.0146304 0.0138988 0.0165102 0.0159824 0.0000010 0.0000000 
