35
Burramyidae_Burramys_parvus                  0.0000000 0.1253679 0.0780793 0.0831757 0.0905293 0.1167589 0.0701925 0.0645727 0.0822696 0.1171751 0.0658034 0.1122954 0.1119290 0.0674394 0.0735320 0.1123770 0.1139217 0.1039243 0.1233308 0.0817567 0.0753437 0.1335872 0.1415406 0.1149860 0.0807016 0.1193112 0.0714342 0.0771727 0.0712378 0.1043867 0.0776273 0.0673562 0.1093539 0.1138892 0.1188049 
Notoryctidae_Notoryctes_typhlops             0.1253679 0.0000000 0.0973845 0.1179527 0.1264790 0.1279750 0.1091539 0.1041860 0.1137998 0.1123521 0.1056660 0.1239063 0.1209670 0.1013507 0.1071319 0.1249145 0.1255035 0.1156831 0.1166663 0.1132949 0.1097009 0.1282622 0.1332704 0.1316935 0.1169652 0.1263976 0.1098463 0.1089992 0.1105362 0.1414511 0.1034417 0.1041657 0.1071032 0.1268251 0.1148901 
Vombatidae_Lasiorhinus_latifrons             0.0780793 0.0973845 0.0000000 0.0853831 0.0917129 0.1061457 0.0672328 0.0648936 0.0843183 0.0931952 0.0680552 0.0972881 0.0972731 0.0669091 0.0683834 0.0993876 0.1016141 0.0963723 0.1029998 0.0813850 0.0732633 0.1148503 0.1212163 0.1021120 0.0828793 0.1041347 0.0711301 0.0786860 0.0718990 0.0988054 0.0714850 0.0679217 0.0944560 0.1072531 0.0971628 
Potoroidae_Bettongia_penicillata             0.0831757 0.1179527 0.0853831 0.0000000 0.0086119 0.1159869 0.0681494 0.0668878 0.0166349 0.1176742 0.0684305 0.1105455 0.1056594 0.0703056 0.0770014 0.1120032 0.1135990 0.0989368 0.1227305 0.0339155 0.0835654 0.1352658 0.1331445 0.1127257 0.0485463 0.1169762 0.0780233 0.0298784 0.0794385 0.1004207 0.0773386 0.0713618 0.1123449 0.1127911 0.1211348 
Potoroidae_Bettongia_lesueur                 0.0905293 0.1264790 0.0917129 0.0086119 0.0000000 0.1246294 0.0747715 0.0739797 0.0207399 0.1252604 0.0763207 0.1199561 0.1146019 0.0775326 0.0839889 0.1207297 0.1229627 0.1093641 0.1298959 0.0395275 0.0910524 0.1448888 0.1408035 0.1217353 0.0553574 0.1270551 0.0840705 0.0339546 0.0829731 0.1079959 0.0856826 0.0786039 0.1207055 0.1212809 0.1282831 
Dasyuridae_Dasyurus_maculatus                0.1167589 0.1279750 0.1061457 0.1159869 0.1246294 0.0000000 0.1054045 0.1013175 0.1159363 0.1268729 0.1046951 0.0253886 0.0403629 0.1006987 0.1005687 0.0250709 0.0096652 0.0371646 0.1324104 0.1135557 0.1096602 0.1434242 0.1465054 0.0278668 0.1139876 0.1240770 0.1043344 0.1106912 0.1042617 0.1297585 0.1074538 0.1018117 0.1194718 0.0118569 0.1311205 
Phalangeridae_Trichosurus_vulpecula          0.0701925 0.1091539 0.0672328 0.0681494 0.0747715 0.1054045 0.0000000 0.0238556 0.0664689 0.0967093 0.0242372 0.0937660 0.0934372 0.0244888 0.0645291 0.0951143 0.1014771 0.0874168 0.1058007 0.0646980 0.0642372 0.1183756 0.1263182 0.0979607 0.0660839 0.1058859 0.0622578 0.0620559 0.0596061 0.0845221 0.0667709 0.0261441 0.0957389 0.1056036 0.0999394 
Phalangeridae_Spilocuscus_maculatus          0.0645727 0.1041860 0.0648936 0.0668878 0.0739797 0.1013175 0.0238556 0.0000000 0.0664104 0.0992403 0.0113973 0.0916092 0.0902554 0.0112168 0.0601832 0.0921386 0.0978556 0.0824618 0.1057126 0.0633802 0.0594948 0.1169568 0.1222102 0.0946120 0.0624411 0.0993287 0.0565682 0.0601202 0.0573017 0.0780627 0.0658526 0.0117944 0.0946464 0.0998037 0.1024428 
Potoroidae_Aepyprymnus_rufescens             0.0822696 0.1137998 0.0843183 0.0166349 0.0207399 0.1159363 0.0664689 0.0664104 0.0000000 0.1147845 0.0688726 0.1133664 0.1072616 0.0683773 0.0762153 0.1148454 0.1158759 0.1005745 0.1192446 0.0335813 0.0815293 0.1308085 0.1288885 0.1146851 0.0501023 0.1176858 0.0776654 0.0290101 0.0770302 0.1016533 0.0743029 0.0694359 0.1096050 0.1155918 0.1182267 
Peramelidae_Perameles_nasuta                 0.1171751 0.1123521 0.0931952 0.1176742 0.1252604 0.1268729 0.0967093 0.0992403 0.1147845 0.0000000 0.1003706 0.1138614 0.1132694 0.0990511 0.1009413 0.1141183 0.1183326 0.1100923 0.0162271 0.1155819 0.1057367 0.1362534 0.1436691 0.1193858 0.1165257 0.1270079 0.1031543 0.1087614 0.0987168 0.1315332 0.1026948 0.0994293 0.0141654 0.1232877 0.0008596 
Phalangeridae_Strigocuscus_pelengensis       0.0658034 0.1056660 0.0680552 0.0684305 0.0763207 0.1046951 0.0242372 0.0113973 0.0688726 0.1003706 0.0000000 0.0956044 0.0940095 0.0126613 0.0635122 0.0968118 0.1011890 0.0852570 0.1074358 0.0652351 0.0641349 0.1182914 0.1245230 0.0984484 0.0639874 0.1015914 0.0601827 0.0631307 0.0601834 0.0795645 0.0661276 0.0122736 0.0962277 0.1022837 0.1041072 
Dasyuridae_Phascogale_tapoatafa              0.1122954 0.1239063 0.0972881 0.1105455 0.1199561 0.0253886 0.0937660 0.0916092 0.1133664 0.1138614 0.0956044 0.0000000 0.0321061 0.0933824 0.0994900 0.0046895 0.0251196 0.0286240 0.1227614 0.1118593 0.1065210 0.1329984 0.1384839 0.0152095 0.1113180 0.1173871 0.1021313 0.1087428 0.0971134 0.1212387 0.1047081 0.0946976 0.1117219 0.0272667 0.1190737 
Dasyuridae_Sminthopsis_macroura              0.1119290 0.1209670 0.0972731 0.1056594 0.1146019 0.0403629 0.0934372 0.0902554 0.1072616 0.1132694 0.0940095 0.0321061 0.0000000 0.0926174 0.0958852 0.0314743 0.0366490 0.0211287 0.1194669 0.1039037 0.1024958 0.1323824 0.1355176 0.0358258 0.1004250 0.1216383 0.0993425 0.1013216 0.0943421 0.1185641 0.1006358 0.0939535 0.1076776 0.0386587 0.1168199 
Phalangeridae_Phalanger_orientalis           0.0674394 0.1013507 0.0669091 0.0703056 0.0775326 0.1006987 0.0244888 0.0112168 0.0683773 0.0990511 0.0126613 0.0933824 0.0926174 0.0000000 0.0618459 0.0944201 0.0990717 0.0840625 0.1075687 0.0633243 0.0619792 0.1151149 0.1236722 0.0944913 0.0622791 0.1039251 0.0581921 0.0626634 0.0578697 0.0804794 0.0643169 0.0041613 0.0953577 0.1002471 0.1022519 
Acrobatidae_Acrobates_pygmaeus               0.0735320 0.1071319 0.0683834 0.0770014 0.0839889 0.1005687 0.0645291 0.0601832 0.0762153 0.1009413 0.0635122 0.0994900 0.0958852 0.0618459 0.0000000 0.0998354 0.0989829 0.0882921 0.1093239 0.0714288 0.0583828 0.1219118 0.1283051 0.1043849 0.0734192 0.1061035 0.0567267 0.0689446 0.0551996 0.0796879 0.0394782 0.0628911 0.0982148 0.1001697 0.1041418 
Dasyuridae_Phascogale_calura                 0.1123770 0.1249145 0.0993876 0.1120032 0.1207297 0.0250709 0.0951143 0.0921386 0.1148454 0.1141183 0.0968118 0.0046895 0.0314743 0.0944201 0.0998354 0.0000000 0.0229234 0.0284295 0.1222455 0.1137789 0.1050977 0.1301556 0.1354138 0.0125551 0.1122423 0.1192511 0.1024878 0.1087555 0.0966280 0.1216180 0.1058096 0.0952189 0.1124333 0.0235806 0.1193595 
Dasyuridae_Sarcophilus_harrisii              0.1139217 0.1255035 0.1016141 0.1135990 0.1229627 0.0096652 0.1014771 0.0978556 0.1158759 0.1183326 0.1011890 0.0251196 0.0366490 0.0990717 0.0989829 0.0229234 0.0000000 0.0340792 0.1248667 0.1141961 0.1093738 0.1378018 0.1422540 0.0263747 0.1117593 0.1225525 0.1037141 0.1094415 0.1024931 0.1266175 0.1051963 0.0998650 0.1151804 0.0086666 0.1223358 
Dasyuridae_Planigale_tenuirostris            0.1039243 0.1156831 0.0963723 0.0989368 0.1093641 0.0371646 0.0874168 0.0824618 0.1005745 0.1100923 0.0852570 0.0286240 0.0211287 0.0840625 0.0882921 0.0284295 0.0340792 0.0000000 0.1173302 0.0969266 0.0991739 0.1274450 0.1306056 0.0323174 0.0947921 0.1165100 0.0968093 0.0935842 0.0912433 0.1155667 0.0905785 0.0837373 0.1044690 0.0376893 0.1144648 
Peramelidae_Echymipera_kalubu                0.1233308 0.1166663 0.1029998 0.1227305 0.1298959 0.1324104 0.1058007 0.1057126 0.1192446 0.0162271 0.1074358 0.1227614 0.1194669 0.1075687 0.1093239 0.1222455 0.1248667 0.1173302 0.0000000 0.1190531 0.1130991 0.1378262 0.1431204 0.1261118 0.1210330 0.1362629 0.1107600 0.1122893 0.1033135 0.1406485 0.1093030 0.1079459 0.0137998 0.1287507 0.0155739 
Macropodidae_Dorcopsulus_vanheurni           0.0817567 0.1132949 0.0813850 0.0339155 0.0395275 0.1135557 0.0646980 0.0633802 0.0335813 0.1155819 0.0652351 0.1118593 0.1039037 0.0633243 0.0714288 0.1137789 0.1141961 0.0969266 0.1190531 0.0000000 0.0800375 0.1313623 0.1327504 0.1155488 0.0511345 0.1158852 0.0768939 0.0124671 0.0734777 0.0984412 0.0740804 0.0653058 0.1057905 0.1120942 0.1190170 
Pseudochiridae_Pseudochirulus_forbesi        0.0753437 0.1097009 0.0732633 0.0835654 0.0910524 0.1096602 0.0642372 0.0594948 0.0815293 0.1057367 0.0641349 0.1065210 0.1024958 0.0619792 0.0583828 0.1050977 0.1093738 0.0991739 0.1130991 0.0800375 0.0000000 0.1247125 0.1324421 0.1071503 0.0780637 0.1182957 0.0404753 0.0753070 0.0221711 0.0805889 0.0633017 0.0623345 0.1002426 0.1093350 0.1089764 
Didelphidae_Didelphis_virginiana             0.1335872 0.1282622 0.1148503 0.1352658 0.1448888 0.1434242 0.1183756 0.1169568 0.1308085 0.1362534 0.1182914 0.1329984 0.1323824 0.1151149 0.1219118 0.1301556 0.1378018 0.1274450 0.1378262 0.1313623 0.1247125 0.0000000 0.0363322 0.1339108 0.1332743 0.1288875 0.1227451 0.1296153 0.1216547 0.1525486 0.1210469 0.1158697 0.1280181 0.1418374 0.1390209 
Marmosidae_Monodelphis_domestica             0.1415406 0.1332704 0.1212163 0.1331445 0.1408035 0.1465054 0.1263182 0.1222102 0.1288885 0.1436691 0.1245230 0.1384839 0.1355176 0.1236722 0.1283051 0.1354138 0.1422540 0.1306056 0.1431204 0.1327504 0.1324421 0.0363322 0.0000000 0.1400577 0.1359621 0.1401439 0.1286012 0.1301212 0.1238473 0.1613125 0.1289688 0.1240924 0.1344654 0.1426554 0.1460389 
Dasyuridae_Antechinus_stuartii               0.1149860 0.1316935 0.1021120 0.1127257 0.1217353 0.0278668 0.0979607 0.0946120 0.1146851 0.1193858 0.0984484 0.0152095 0.0358258 0.0944913 0.1043849 0.0125551 0.0263747 0.0323174 0.1261118 0.1155488 0.1071503 0.1339108 0.1400577 0.0000000 0.1153905 0.1283724 0.1023887 0.1095711 0.0980950 0.1195031 0.1038288 0.0953206 0.1153112 0.0271185 0.1249476 
Hypsiprymnodontidae_Hypsiprymnodon_moschatus 0.0807016 0.1169652 0.0828793 0.0485463 0.0553574 0.1139876 0.0660839 0.0624411 0.0501023 0.1165257 0.0639874 0.1113180 0.1004250 0.0622791 0.0734192 0.1122423 0.1117593 0.0947921 0.1210330 0.0511345 0.0780637 0.1332743 0.1359621 0.1153905 0.0000000 0.1137233 0.0724456 0.0460154 0.0698666 0.1001741 0.0722196 0.0645250 0.1115706 0.1123093 0.1198847 
Microbiotheriidae_Dromiciops_gliroides       0.1193112 0.1263976 0.1041347 0.1169762 0.1270551 0.1240770 0.1058859 0.0993287 0.1176858 0.1270079 0.1015914 0.1173871 0.1216383 0.1039251 0.1061035 0.1192511 0.1225525 0.1165100 0.1362629 0.1158852 0.1182957 0.1288875 0.1401439 0.1283724 0.1137233 0.0000000 0.1100096 0.1097595 0.1099947 0.1353441 0.1085234 0.1024701 0.1224602 0.1230291 0.1310671 
Pseudochiridae_Petauroides_volans            0.0714342 0.1098463 0.0711301 0.0780233 0.0840705 0.1043344 0.0622578 0.0565682 0.0776654 0.1031543 0.0601827 0.1021313 0.0993425 0.0581921 0.0567267 0.1024878 0.1037141 0.0968093 0.1107600 0.0768939 0.0404753 0.1227451 0.1286012 0.1023887 0.0724456 0.1100096 0.0000000 0.0746697 0.0335742 0.0700731 0.0597492 0.0615134 0.1008626 0.1039626 0.1073745 
Macropodidae_Wallabia_bicolor                0.0771727 0.1089992 0.0786860 0.0298784 0.0339546 0.1106912 0.0620559 0.0601202 0.0290101 0.1087614 0.0631307 0.1087428 0.1013216 0.0626634 0.0689446 0.1087555 0.1094415 0.0935842 0.1122893 0.0124671 0.0753070 0.1296153 0.1301212 0.1095711 0.0460154 0.1097595 0.0746697 0.0000000 0.0701523 0.0998600 0.0709414 0.0625551 0.1011767 0.1071480 0.1122135 
Pseudochiridae_Pseudocheirus_occidentalis    0.0712378 0.1105362 0.0718990 0.0794385 0.0829731 0.1042617 0.0596061 0.0573017 0.0770302 0.0987168 0.0601834 0.0971134 0.0943421 0.0578697 0.0551996 0.0966280 0.1024931 0.0912433 0.1033135 0.0734777 0.0221711 0.1216547 0.1238473 0.0980950 0.0698666 0.1099947 0.0335742 0.0701523 0.0000000 0.0749062 0.0600744 0.0613842 0.0986522 0.1051271 0.0980194 
Tarsipedidae_Tarsipes_rostratus              0.1043867 0.1414511 0.0988054 0.1004207 0.1079959 0.1297585 0.0845221 0.0780627 0.1016533 0.1315332 0.0795645 0.1212387 0.1185641 0.0804794 0.0796879 0.1216180 0.1266175 0.1155667 0.1406485 0.0984412 0.0805889 0.1525486 0.1613125 0.1195031 0.1001741 0.1353441 0.0700731 0.0998600 0.0749062 0.0000000 0.0880615 0.0821124 0.1302733 0.1269174 0.1369331 
Acrobatidae_Distoechurus_pennatus            0.0776273 0.1034417 0.0714850 0.0773386 0.0856826 0.1074538 0.0667709 0.0658526 0.0743029 0.1026948 0.0661276 0.1047081 0.1006358 0.0643169 0.0394782 0.1058096 0.1051963 0.0905785 0.1093030 0.0740804 0.0633017 0.1210469 0.1289688 0.1038288 0.0722196 0.1085234 0.0597492 0.0709414 0.0600744 0.0880615 0.0000000 0.0666989 0.0966604 0.1068428 0.1064042 
Phalangeridae_Phalanger_carmelitae           0.0673562 0.1041657 0.0679217 0.0713618 0.0786039 0.1018117 0.0261441 0.0117944 0.0694359 0.0994293 0.0122736 0.0946976 0.0939535 0.0041613 0.0628911 0.0952189 0.0998650 0.0837373 0.1079459 0.0653058 0.0623345 0.1158697 0.1240924 0.0953206 0.0645250 0.1024701 0.0615134 0.0625551 0.0613842 0.0821124 0.0666989 0.0000000 0.0958513 0.1015723 0.1026300 
Peramelidae_Peroryctes_raffrayana            0.1093539 0.1071032 0.0944560 0.1123449 0.1207055 0.1194718 0.0957389 0.0946464 0.1096050 0.0141654 0.0962277 0.1117219 0.1076776 0.0953577 0.0982148 0.1124333 0.1151804 0.1044690 0.0137998 0.1057905 0.1002426 0.1280181 0.1344654 0.1153112 0.1115706 0.1224602 0.1008626 0.1011767 0.0986522 0.1302733 0.0966604 0.0958513 0.0000000 0.1170040 0.0138315 
Dasyuridae_Dasyurus_geffroii                 0.1138892 0.1268251 0.1072531 0.1127911 0.1212809 0.0118569 0.1056036 0.0998037 0.1155918 0.1232877 0.1022837 0.0272667 0.0386587 0.1002471 0.1001697 0.0235806 0.0086666 0.0376893 0.1287507 0.1120942 0.1093350 0.1418374 0.1426554 0.0271185 0.1123093 0.1230291 0.1039626 0.1071480 0.1051271 0.1269174 0.1068428 0.1015723 0.1170040 0.0000000 0.1274698 
Peramelidae_Perameles_gunnii                 0.1188049 0.1148901 0.0971628 0.1211348 0.1282831 0.1311205 0.0999394 0.1024428 0.1182267 0.0008596 0.1041072 0.1190737 0.1168199 0.1022519 0.1041418 0.1193595 0.1223358 0.1144648 0.0155739 0.1190170 0.1089764 0.1390209 0.1460389 0.1249476 0.1198847 0.1310671 0.1073745 0.1122135 0.0980194 0.1369331 0.1064042 0.1026300 0.0138315 0.1274698 0.0000000 
