35
Burramyidae_Burramys_parvus                  0.0000000 0.2353794 0.1686083 0.1575224 0.1591219 0.1851067 0.1707456 0.1340590 0.1899738 0.1639985 0.1673416 0.1742645 0.1875646 0.1452278 0.1632822 0.1588981 0.1760350 0.1981146 0.1417971 0.1798261 0.1697529 0.1831433 0.1616905 0.1528671 0.1661427 0.1431191 0.1410914 0.1722185 0.1869076 0.0870515 0.1698608 0.1642743 0.1902383 0.1863680 0.0918694 
Notoryctidae_Notoryctes_typhlops             0.2353794 0.0000000 0.2811512 0.2679758 0.2653467 0.2877495 0.2679404 0.2381842 0.2870357 0.2688644 0.2577185 0.2450539 0.3050667 0.2517165 0.2534421 0.2615298 0.2711844 0.2911290 0.2494625 0.2578242 0.2621504 0.2672331 0.2595850 0.2604111 0.2754523 0.1482102 0.2467001 0.2564627 0.2118468 0.1688805 0.2896333 0.2634807 0.2841406 0.3232867 0.1530717 
Vombatidae_Lasiorhinus_latifrons             0.1686083 0.2811512 0.0000000 0.1133023 0.1120495 0.1571320 0.0931564 0.1584821 0.1984037 0.1065404 0.1849168 0.1808764 0.1033404 0.1347652 0.1808269 0.1578151 0.1675277 0.2264035 0.1473070 0.1695822 0.2013368 0.1975609 0.1827650 0.0903659 0.1010035 0.2139232 0.1541976 0.1757831 0.2920562 0.0908032 0.1024418 0.1601015 0.2008483 0.1058570 0.1108183 
Potoroidae_Bettongia_penicillata             0.1575224 0.2679758 0.1133023 0.0000000 0.0042721 0.1443449 0.0977731 0.0598424 0.2114401 0.1113231 0.2170196 0.1924681 0.1095475 0.1719198 0.2155140 0.2059396 0.2106856 0.2223115 0.0801353 0.1391042 0.1760004 0.2362620 0.2106543 0.0663300 0.0957106 0.1867917 0.0794759 0.1335490 0.2683598 0.0933675 0.1053504 0.2060173 0.2109039 0.1052387 0.1029503 
Potoroidae_Bettongia_lesueur                 0.1591219 0.2653467 0.1120495 0.0042721 0.0000000 0.1429647 0.0948536 0.0597826 0.2097689 0.1083607 0.2150041 0.1906797 0.1074284 0.1671767 0.2135235 0.2040512 0.2094140 0.2214953 0.0801376 0.1366944 0.1755519 0.2340459 0.2090994 0.0646565 0.0938189 0.1827518 0.0796411 0.1311432 0.2661404 0.0912383 0.1033531 0.2041206 0.2091314 0.1040228 0.1019505 
Dasyuridae_Dasyurus_maculatus                0.1851067 0.2877495 0.1571320 0.1443449 0.1429647 0.0000000 0.1455666 0.1912891 0.2342328 0.1634948 0.0861585 0.1160636 0.1607950 0.2155330 0.0850034 0.0870683 0.1200426 0.2546959 0.1995368 0.2085753 0.2124628 0.2245642 0.0793510 0.1305405 0.1337068 0.2245346 0.2014832 0.2095799 0.3213464 0.1332286 0.1583944 0.0885710 0.2309657 0.1596053 0.1095003 
Phalangeridae_Trichosurus_vulpecula          0.1707456 0.2679404 0.0931564 0.0977731 0.0948536 0.1455666 0.0000000 0.1234187 0.2110129 0.0452864 0.1893611 0.1766877 0.0474725 0.1413170 0.1862961 0.1749686 0.1848108 0.2270519 0.1168336 0.1390333 0.1996442 0.2265634 0.1871513 0.0739095 0.0866478 0.1879471 0.1142516 0.1428666 0.2730375 0.0962088 0.0432570 0.1870011 0.2085699 0.0456053 0.1007141 
Potoroidae_Aepyprymnus_rufescens             0.1340590 0.2381842 0.1584821 0.0598424 0.0597826 0.1912891 0.1234187 0.0000000 0.1448077 0.1327814 0.1371377 0.1198575 0.1464658 0.1035485 0.1344347 0.1268611 0.1288028 0.1636248 0.0315335 0.1003284 0.1375093 0.1608311 0.1282716 0.1048903 0.1364580 0.1733581 0.0303683 0.0873869 0.2556508 0.0979293 0.1400269 0.1298161 0.1459106 0.1417839 0.0865603 
Peramelidae_Perameles_nasuta                 0.1899738 0.2870357 0.1984037 0.2114401 0.2097689 0.2342328 0.2110129 0.1448077 0.0000000 0.2215042 0.1659631 0.1708394 0.2365719 0.1450887 0.1636629 0.1600603 0.1782884 0.0439618 0.1482176 0.1445885 0.1667046 0.1749674 0.1676226 0.1781228 0.2047082 0.2317933 0.1450827 0.1496072 0.2984472 0.1334983 0.2254497 0.1568963 0.0016924 0.2338941 0.0184475 
Phalangeridae_Strigocuscus_pelengensis       0.1639985 0.2688644 0.1065404 0.1113231 0.1083607 0.1634948 0.0452864 0.1327814 0.2215042 0.0000000 0.2005984 0.1786012 0.0325932 0.1534374 0.1970519 0.1799128 0.1813806 0.2425022 0.1267073 0.1545183 0.2082399 0.2297616 0.1941220 0.0985432 0.1024655 0.2129627 0.1273849 0.1498945 0.2660479 0.1091104 0.0153520 0.1905755 0.2269598 0.0201543 0.1139278 
Dasyuridae_Phascogale_tapoatafa              0.1673416 0.2577185 0.1849168 0.2170196 0.2150041 0.0861585 0.1893611 0.1371377 0.1659631 0.2005984 0.0000000 0.0563293 0.2107016 0.1357375 0.0048470 0.0354891 0.0448226 0.1842844 0.1390638 0.1531439 0.1673852 0.1591107 0.0158382 0.1789660 0.1932374 0.2045820 0.1377264 0.1597592 0.3042373 0.1323428 0.2054545 0.0385510 0.1647423 0.2130395 0.1047735 
Dasyuridae_Sminthopsis_macroura              0.1742645 0.2450539 0.1808764 0.1924681 0.1906797 0.1160636 0.1766877 0.1198575 0.1708394 0.1786012 0.0563293 0.0000000 0.1939180 0.1339769 0.0553344 0.0469228 0.0405371 0.1847968 0.1251083 0.1459580 0.1691123 0.1719405 0.0531466 0.1701453 0.1699560 0.2081997 0.1261356 0.1541851 0.2951739 0.1302431 0.1895258 0.0526194 0.1700957 0.1894678 0.1075204 
Phalangeridae_Phalanger_orientalis           0.1875646 0.3050667 0.1033404 0.1095475 0.1074284 0.1607950 0.0474725 0.1464658 0.2365719 0.0325932 0.2107016 0.1939180 0.0000000 0.1605779 0.2071272 0.1910161 0.1984218 0.2585627 0.1364336 0.1609887 0.2138166 0.2529407 0.2083494 0.0959909 0.1020810 0.2212668 0.1383735 0.1589286 0.2972457 0.1088088 0.0257154 0.1991391 0.2349174 0.0394585 0.1298724 
Acrobatidae_Acrobates_pygmaeus               0.1452278 0.2517165 0.1347652 0.1719198 0.1671767 0.2155330 0.1413170 0.1035485 0.1450887 0.1534374 0.1357375 0.1339769 0.1605779 0.0000000 0.1339340 0.1235177 0.1297309 0.1719910 0.0894260 0.1020375 0.1517022 0.1511545 0.1335326 0.1475727 0.1496620 0.1737676 0.0890726 0.1045210 0.2577794 0.0588953 0.1594215 0.1252597 0.1483499 0.1694196 0.1073438 
Dasyuridae_Phascogale_calura                 0.1632822 0.2534421 0.1808269 0.2155140 0.2135235 0.0850034 0.1862961 0.1344347 0.1636629 0.1970519 0.0048470 0.0553344 0.2071272 0.1339340 0.0000000 0.0340172 0.0433005 0.1820374 0.1363245 0.1502911 0.1696580 0.1584546 0.0145907 0.1762609 0.1916061 0.2008556 0.1350567 0.1572727 0.2993712 0.1292185 0.2023543 0.0383756 0.1619148 0.2101082 0.1045748 
Dasyuridae_Sarcophilus_harrisii              0.1588981 0.2615298 0.1578151 0.2059396 0.2040512 0.0870683 0.1749686 0.1268611 0.1600603 0.1799128 0.0354891 0.0469228 0.1910161 0.1235177 0.0340172 0.0000000 0.0277985 0.1803179 0.1281863 0.1521316 0.1721925 0.1441326 0.0324433 0.1707117 0.1760356 0.2109581 0.1300406 0.1524022 0.3012591 0.1291035 0.1867446 0.0120613 0.1582095 0.1917636 0.1047278 
Dasyuridae_Planigale_tenuirostris            0.1760350 0.2711844 0.1675277 0.2106856 0.2094140 0.1200426 0.1848108 0.1288028 0.1782884 0.1813806 0.0448226 0.0405371 0.1984218 0.1297309 0.0433005 0.0277985 0.0000000 0.1964543 0.1275611 0.1602991 0.1848773 0.1627236 0.0423921 0.1869837 0.1894101 0.2181858 0.1341564 0.1624949 0.3253052 0.1348588 0.1913117 0.0315261 0.1759656 0.1934662 0.1121532 
Peramelidae_Echymipera_kalubu                0.1981146 0.2911290 0.2264035 0.2223115 0.2214953 0.2546959 0.2270519 0.1636248 0.0439618 0.2425022 0.1842844 0.1847968 0.2585627 0.1719910 0.1820374 0.1803179 0.1964543 0.0000000 0.1680545 0.1669668 0.1728558 0.1901102 0.1856896 0.2103781 0.2305080 0.2473787 0.1634742 0.1689253 0.3177504 0.1412299 0.2495582 0.1822895 0.0427678 0.2655333 0.0145066 
Macropodidae_Dorcopsulus_vanheurni           0.1417971 0.2494625 0.1473070 0.0801353 0.0801376 0.1995368 0.1168336 0.0315335 0.1482176 0.1267073 0.1390638 0.1251083 0.1364336 0.0894260 0.1363245 0.1281863 0.1275611 0.1680545 0.0000000 0.0880451 0.1481526 0.1734892 0.1332142 0.1033127 0.1392693 0.1810362 0.0111254 0.0819645 0.2654392 0.0940919 0.1316077 0.1332720 0.1494952 0.1366164 0.1021830 
Pseudochiridae_Pseudochirulus_forbesi        0.1798261 0.2578242 0.1695822 0.1391042 0.1366944 0.2085753 0.1390333 0.1003284 0.1445885 0.1545183 0.1531439 0.1459580 0.1609887 0.1020375 0.1502911 0.1521316 0.1602991 0.1669668 0.0880451 0.0000000 0.1438349 0.1772692 0.1474973 0.1394666 0.1445530 0.1606551 0.0869214 0.0198487 0.2609700 0.0865032 0.1591510 0.1542084 0.1480219 0.1632137 0.1087512 
Didelphidae_Didelphis_virginiana             0.1697529 0.2621504 0.2013368 0.1760004 0.1755519 0.2124628 0.1996442 0.1375093 0.1667046 0.2082399 0.1673852 0.1691123 0.2138166 0.1517022 0.1696580 0.1721925 0.1848773 0.1728558 0.1481526 0.1438349 0.0000000 0.0882438 0.1676331 0.1679105 0.1720897 0.2225138 0.1409085 0.1481741 0.2952739 0.1190356 0.2081529 0.1700821 0.1677126 0.2203245 0.1194273 
Marmosidae_Monodelphis_domestica             0.1831433 0.2672331 0.1975609 0.2362620 0.2340459 0.2245642 0.2265634 0.1608311 0.1749674 0.2297616 0.1591107 0.1719405 0.2529407 0.1511545 0.1584546 0.1441326 0.1627236 0.1901102 0.1734892 0.1772692 0.0882438 0.0000000 0.1606358 0.1939468 0.1963886 0.2334700 0.1662543 0.1781120 0.3147144 0.1455004 0.2419475 0.1468604 0.1769385 0.2494743 0.1164016 
Dasyuridae_Antechinus_stuartii               0.1616905 0.2595850 0.1827650 0.2106543 0.2090994 0.0793510 0.1871513 0.1282716 0.1676226 0.1941220 0.0158382 0.0531466 0.2083494 0.1335326 0.0145907 0.0324433 0.0423921 0.1856896 0.1332142 0.1474973 0.1676331 0.1606358 0.0000000 0.1714567 0.1872444 0.1940010 0.1320890 0.1505903 0.2833919 0.1278695 0.2011734 0.0375098 0.1658014 0.2039939 0.1085487 
Hypsiprymnodontidae_Hypsiprymnodon_moschatus 0.1528671 0.2604111 0.0903659 0.0663300 0.0646565 0.1305405 0.0739095 0.1048903 0.1781228 0.0985432 0.1789660 0.1701453 0.0959909 0.1475727 0.1762609 0.1707117 0.1869837 0.2103781 0.1033127 0.1394666 0.1679105 0.1939468 0.1714567 0.0000000 0.0865068 0.1806069 0.0997795 0.1443480 0.2621000 0.0886343 0.0950658 0.1801348 0.1839098 0.0951928 0.0933895 
Microbiotheriidae_Dromiciops_gliroides       0.1661427 0.2754523 0.1010035 0.0957106 0.0938189 0.1337068 0.0866478 0.1364580 0.2047082 0.1024655 0.1932374 0.1699560 0.1020810 0.1496620 0.1916061 0.1760356 0.1894101 0.2305080 0.1392693 0.1445530 0.1720897 0.1963886 0.1872444 0.0865068 0.0000000 0.1877050 0.1360574 0.1419307 0.2932326 0.0912732 0.0997268 0.1883451 0.2051948 0.0953988 0.1129242 
Pseudochiridae_Petauroides_volans            0.1431191 0.1482102 0.2139232 0.1867917 0.1827518 0.2245346 0.1879471 0.1733581 0.2317933 0.2129627 0.2045820 0.2081997 0.2212668 0.1737676 0.2008556 0.2109581 0.2181858 0.2473787 0.1810362 0.1606551 0.2225138 0.2334700 0.1940010 0.1806069 0.1877050 0.0000000 0.1766556 0.1674565 0.1204932 0.1164998 0.2204933 0.2126112 0.2321935 0.2288334 0.1379788 
Macropodidae_Wallabia_bicolor                0.1410914 0.2467001 0.1541976 0.0794759 0.0796411 0.2014832 0.1142516 0.0303683 0.1450827 0.1273849 0.1377264 0.1261356 0.1383735 0.0890726 0.1350567 0.1300406 0.1341564 0.1634742 0.0111254 0.0869214 0.1409085 0.1662543 0.1320890 0.0997795 0.1360574 0.1766556 0.0000000 0.0805433 0.2601531 0.0914006 0.1333937 0.1361466 0.1477161 0.1388660 0.1006118 
Pseudochiridae_Pseudocheirus_occidentalis    0.1722185 0.2564627 0.1757831 0.1335490 0.1311432 0.2095799 0.1428666 0.0873869 0.1496072 0.1498945 0.1597592 0.1541851 0.1589286 0.1045210 0.1572727 0.1524022 0.1624949 0.1689253 0.0819645 0.0198487 0.1481741 0.1781120 0.1505903 0.1443480 0.1419307 0.1674565 0.0805433 0.0000000 0.2741700 0.0901404 0.1562922 0.1565692 0.1524562 0.1617192 0.1107665 
Tarsipedidae_Tarsipes_rostratus              0.1869076 0.2118468 0.2920562 0.2683598 0.2661404 0.3213464 0.2730375 0.2556508 0.2984472 0.2660479 0.3042373 0.2951739 0.2972457 0.2577794 0.2993712 0.3012591 0.3253052 0.3177504 0.2654392 0.2609700 0.2952739 0.3147144 0.2833919 0.2621000 0.2932326 0.1204932 0.2601531 0.2741700 0.0000000 0.1728489 0.2849605 0.3017217 0.2983739 0.3110226 0.1791072 
Acrobatidae_Distoechurus_pennatus            0.0870515 0.1688805 0.0908032 0.0933675 0.0912383 0.1332286 0.0962088 0.0979293 0.1334983 0.1091104 0.1323428 0.1302431 0.1088088 0.0588953 0.1292185 0.1291035 0.1348588 0.1412299 0.0940919 0.0865032 0.1190356 0.1455004 0.1278695 0.0886343 0.0912732 0.1164998 0.0914006 0.0901404 0.1728489 0.0000000 0.1056300 0.1276477 0.1333334 0.1073306 0.1128893 
Phalangeridae_Phalanger_carmelitae           0.1698608 0.2896333 0.1024418 0.1053504 0.1033531 0.1583944 0.0432570 0.1400269 0.2254497 0.0153520 0.2054545 0.1895258 0.0257154 0.1594215 0.2023543 0.1867446 0.1913117 0.2495582 0.1316077 0.1591510 0.2081529 0.2419475 0.2011734 0.0950658 0.0997268 0.2204933 0.1333937 0.1562922 0.2849605 0.1056300 0.0000000 0.1946424 0.2279552 0.0122529 0.1217477 
Dasyuridae_Dasyurus_geffroii                 0.1642743 0.2634807 0.1601015 0.2060173 0.2041206 0.0885710 0.1870011 0.1298161 0.1568963 0.1905755 0.0385510 0.0526194 0.1991391 0.1252597 0.0383756 0.0120613 0.0315261 0.1822895 0.1332720 0.1542084 0.1700821 0.1468604 0.0375098 0.1801348 0.1883451 0.2126112 0.1361466 0.1565692 0.3017217 0.1276477 0.1946424 0.0000000 0.1559452 0.2037939 0.1066399 
Peramelidae_Perameles_gunnii                 0.1902383 0.2841406 0.2008483 0.2109039 0.2091314 0.2309657 0.2085699 0.1459106 0.0016924 0.2269598 0.1647423 0.1700957 0.2349174 0.1483499 0.1619148 0.1582095 0.1759656 0.0427678 0.1494952 0.1480219 0.1677126 0.1769385 0.1658014 0.1839098 0.2051948 0.2321935 0.1477161 0.1524562 0.2983739 0.1333334 0.2279552 0.1559452 0.0000000 0.2343649 0.0176707 
Phalangeridae_Spilocuscus_maculatus          0.1863680 0.3232867 0.1058570 0.1052387 0.1040228 0.1596053 0.0456053 0.1417839 0.2338941 0.0201543 0.2130395 0.1894678 0.0394585 0.1694196 0.2101082 0.1917636 0.1934662 0.2655333 0.1366164 0.1632137 0.2203245 0.2494743 0.2039939 0.0951928 0.0953988 0.2288334 0.1388660 0.1617192 0.3110226 0.1073306 0.0122529 0.2037939 0.2343649 0.0000000 0.1220922 
Peramelidae_Peroryctes_raffrayana            0.0918694 0.1530717 0.1108183 0.1029503 0.1019505 0.1095003 0.1007141 0.0865603 0.0184475 0.1139278 0.1047735 0.1075204 0.1298724 0.1073438 0.1045748 0.1047278 0.1121532 0.0145066 0.1021830 0.1087512 0.1194273 0.1164016 0.1085487 0.0933895 0.1129242 0.1379788 0.1006118 0.1107665 0.1791072 0.1128893 0.1217477 0.1066399 0.0176707 0.1220922 0.0000000 
