37
Burramyidae_Burramys_parvus                  0.0000000 0.0823431 0.0541831 0.0563295 0.0560351 0.0803323 0.0421972 0.0468905 0.0567298 0.0821031 0.1302301 0.0462903 0.0785972 0.0830055 0.0465579 0.0414714 0.0792889 0.0792654 0.0753285 0.0806891 0.0540569 0.0599496 0.0937532 0.0877841 0.0782201 0.0566675 0.0569924 0.0505326 0.0526898 0.0562338 0.0780865 0.0487075 0.1302301 0.0474011 0.0877793 0.0801058 0.0830015 
Notoryctidae_Notoryctes_typhlops             0.0823431 0.0000000 0.0896675 0.0961422 0.0960590 0.1021337 0.0846697 0.0804126 0.0955409 0.1004961 0.1359886 0.0804752 0.1005944 0.1044228 0.0815722 0.0771255 0.0999960 0.1024649 0.0970808 0.1025410 0.0919325 0.0899434 0.1141197 0.1014898 0.0989847 0.0977332 0.0788204 0.0790271 0.0895922 0.0893930 0.1169228 0.0847307 0.1359886 0.0818123 0.1049184 0.1003048 0.1006868 
Vombatidae_Lasiorhinus_latifrons             0.0541831 0.0896675 0.0000000 0.0678541 0.0672940 0.0830172 0.0526506 0.0527966 0.0692483 0.0849410 0.1039360 0.0548280 0.0797434 0.0808178 0.0547353 0.0500359 0.0796922 0.0821565 0.0762250 0.0847714 0.0650693 0.0658680 0.1016898 0.0915610 0.0777151 0.0713362 0.0639947 0.0492330 0.0637245 0.0625662 0.0844917 0.0600174 0.1039360 0.0549702 0.0898456 0.0813117 0.0853472 
Potoroidae_Bettongia_penicillata             0.0563295 0.0961422 0.0678541 0.0000000 0.0023832 0.0952467 0.0576155 0.0610843 0.0150703 0.0904303 0.1406453 0.0606821 0.0928423 0.0958269 0.0605384 0.0511377 0.0928183 0.0947056 0.0881930 0.0919247 0.0246322 0.0686555 0.1063826 0.0959340 0.0912517 0.0382283 0.0697822 0.0552285 0.0251886 0.0649821 0.0949968 0.0603529 0.1406453 0.0604613 0.0953987 0.0961118 0.0913931 
Potoroidae_Bettongia_lesueur                 0.0560351 0.0960590 0.0672940 0.0023832 0.0000000 0.0949248 0.0575485 0.0612503 0.0152508 0.0895400 0.1406453 0.0608883 0.0929921 0.0959788 0.0607051 0.0510577 0.0929685 0.0948546 0.0883549 0.0915374 0.0254142 0.0683434 0.1062500 0.0965164 0.0909397 0.0386155 0.0697264 0.0551210 0.0259876 0.0642445 0.0936254 0.0605192 0.1406453 0.0610900 0.0944809 0.0957884 0.0904976 
Dasyuridae_Dasyurus_maculatus                0.0803323 0.1021337 0.0830172 0.0952467 0.0949248 0.0000000 0.0850528 0.0847338 0.0927414 0.0915354 0.0457735 0.0853070 0.0221849 0.0333634 0.0841746 0.0830078 0.0226475 0.0108187 0.0308567 0.0947787 0.0936681 0.0910323 0.1169901 0.1108022 0.0220943 0.0973479 0.0805919 0.0885705 0.0934202 0.0900991 0.1048929 0.0862797 0.0457735 0.0836308 0.0976456 0.0079841 0.0911022 
Phalangeridae_Trichosurus_vulpecula          0.0421972 0.0846697 0.0526506 0.0576155 0.0575485 0.0850528 0.0000000 0.0228752 0.0563813 0.0877069 0.1187893 0.0231041 0.0820768 0.0831970 0.0227082 0.0454025 0.0823507 0.0838453 0.0788650 0.0871867 0.0555910 0.0562012 0.0942390 0.0890302 0.0806901 0.0586592 0.0594837 0.0489098 0.0561424 0.0522805 0.0802768 0.0501946 0.1187893 0.0224824 0.0923723 0.0839980 0.0886962 
Phalangeridae_Spilocuscus_maculatus          0.0468905 0.0804126 0.0527966 0.0610843 0.0612503 0.0847338 0.0228752 0.0000000 0.0606372 0.0816376 0.1161499 0.0150300 0.0803580 0.0830855 0.0135767 0.0464550 0.0806149 0.0823993 0.0766929 0.0816461 0.0588854 0.0593097 0.0986204 0.0902487 0.0799409 0.0610275 0.0592564 0.0504275 0.0585325 0.0560793 0.0820616 0.0520187 0.1161499 0.0129880 0.0862840 0.0840352 0.0825571 
Potoroidae_Aepyprymnus_rufescens             0.0567298 0.0955409 0.0692483 0.0150703 0.0152508 0.0927414 0.0563813 0.0606372 0.0000000 0.0892930 0.1405344 0.0604348 0.0918659 0.0945637 0.0605538 0.0528798 0.0918400 0.0924233 0.0864133 0.0907664 0.0237459 0.0662818 0.1096596 0.0989627 0.0900140 0.0378877 0.0703442 0.0578525 0.0240933 0.0626642 0.0933281 0.0595319 0.1405344 0.0609378 0.0934505 0.0938732 0.0902472 
Peramelidae_Perameles_nasuta                 0.0821031 0.1004961 0.0849410 0.0904303 0.0895400 0.0915354 0.0877069 0.0816376 0.0892930 0.0000000 0.1079207 0.0827212 0.0903285 0.0922615 0.0817741 0.0866705 0.0907031 0.0900484 0.0876777 0.0149921 0.0851389 0.0898650 0.1206380 0.1069965 0.0875193 0.0950476 0.0838648 0.0921407 0.0871374 0.0867472 0.1031038 0.0829003 0.1079207 0.0827019 0.0204233 0.0900586 0.0005460 
Myrmecobiidae_Myrmecobius_fasciatus1         0.1302301 0.1359886 0.1039360 0.1406453 0.1406453 0.0457735 0.1187893 0.1161499 0.1405344 0.1079207 0.0000000 0.1281588 0.0291772 0.0402643 0.1175792 0.1197647 0.0255935 0.0405927 0.0340359 0.1066055 0.1337290 0.1244149 0.1385995 0.1148154 0.0284937 0.1366517 0.1112310 0.1236032 0.1281375 0.1238520 0.1118632 0.1303896 0.0000010 0.1210507 0.1165271 0.0415523 0.1063515 
Phalangeridae_Strigocuscus_pelengensis       0.0462903 0.0804752 0.0548280 0.0606821 0.0608883 0.0853070 0.0231041 0.0150300 0.0604348 0.0827212 0.1281588 0.0000000 0.0803788 0.0847644 0.0124714 0.0440808 0.0808881 0.0856055 0.0788670 0.0837745 0.0577968 0.0588069 0.0996018 0.0894787 0.0801622 0.0613236 0.0607653 0.0500591 0.0573227 0.0563422 0.0823035 0.0498268 0.1281588 0.0120811 0.0874178 0.0851031 0.0835798 
Dasyuridae_Phascogale_tapoatafa              0.0785972 0.1005944 0.0797434 0.0928423 0.0929921 0.0221849 0.0820768 0.0803580 0.0918659 0.0903285 0.0291772 0.0803788 0.0000000 0.0294779 0.0815739 0.0782721 0.0032982 0.0193979 0.0264938 0.0918636 0.0901627 0.0879033 0.1147899 0.1041716 0.0091750 0.0929594 0.0779725 0.0884571 0.0879246 0.0870870 0.1028470 0.0833737 0.0291772 0.0807851 0.0945787 0.0208254 0.0893869 
Dasyuridae_Sminthopsis_macroura              0.0830055 0.1044228 0.0808178 0.0958269 0.0959788 0.0333634 0.0831970 0.0830855 0.0945637 0.0922615 0.0402643 0.0847644 0.0294779 0.0000000 0.0828453 0.0840166 0.0293337 0.0341655 0.0199969 0.0923834 0.0912283 0.0932059 0.1152262 0.1091662 0.0294169 0.0968399 0.0832904 0.0864462 0.0901536 0.0933054 0.1067114 0.0864789 0.0402643 0.0825421 0.0958824 0.0327095 0.0909919 
Phalangeridae_Phalanger_orientalis           0.0465579 0.0815722 0.0547353 0.0605384 0.0607051 0.0841746 0.0227082 0.0135767 0.0605538 0.0817741 0.1175792 0.0124714 0.0815739 0.0828453 0.0000000 0.0442414 0.0818357 0.0835518 0.0773289 0.0819989 0.0577990 0.0598616 0.0966301 0.0887833 0.0793183 0.0618794 0.0600391 0.0483045 0.0574412 0.0572862 0.0826392 0.0514459 0.1175792 0.0049984 0.0864437 0.0839747 0.0826982 
Acrobatidae_Acrobates_pygmaeus               0.0414714 0.0771255 0.0500359 0.0511377 0.0510577 0.0830078 0.0454025 0.0464550 0.0528798 0.0866705 0.1197647 0.0440808 0.0782721 0.0840166 0.0442414 0.0000000 0.0785467 0.0833083 0.0721567 0.0868747 0.0538036 0.0497214 0.0958760 0.0866787 0.0800096 0.0567941 0.0564667 0.0410261 0.0535032 0.0487092 0.0775034 0.0300426 0.1197647 0.0464417 0.0887777 0.0831196 0.0875595 
Dasyuridae_Phascogale_calura                 0.0792889 0.0999960 0.0796922 0.0928183 0.0929685 0.0226475 0.0823507 0.0806149 0.0918400 0.0907031 0.0255935 0.0808881 0.0032982 0.0293337 0.0818357 0.0785467 0.0000000 0.0196504 0.0264782 0.0925061 0.0904175 0.0889428 0.1145292 0.1038646 0.0089920 0.0932045 0.0791574 0.0910149 0.0881739 0.0879123 0.1039734 0.0831367 0.0255935 0.0812970 0.0949658 0.0212826 0.0897599 
Dasyuridae_Sarcophilus_harrisii              0.0792654 0.1024649 0.0821565 0.0947056 0.0948546 0.0108187 0.0838453 0.0823993 0.0924233 0.0900484 0.0405927 0.0856055 0.0193979 0.0341655 0.0835518 0.0833083 0.0196504 0.0000000 0.0294494 0.0908035 0.0928666 0.0898927 0.1163437 0.1094807 0.0196054 0.0948600 0.0784147 0.0833723 0.0915668 0.0880029 0.1062670 0.0844797 0.0405927 0.0828121 0.0945680 0.0104523 0.0895869 
Dasyuridae_Planigale_tenuirostris            0.0753285 0.0970808 0.0762250 0.0881930 0.0883549 0.0308567 0.0788650 0.0766929 0.0864133 0.0876777 0.0340359 0.0788670 0.0264938 0.0199969 0.0773289 0.0721567 0.0264782 0.0294494 0.0000000 0.0892213 0.0864092 0.0843004 0.1101371 0.1013730 0.0270167 0.0910698 0.0751734 0.0764532 0.0845576 0.0847779 0.1007930 0.0797198 0.0340359 0.0764139 0.0934381 0.0306398 0.0873296 
Peramelidae_Echymipera_kalubu                0.0806891 0.1025410 0.0847714 0.0919247 0.0915374 0.0947787 0.0871867 0.0816461 0.0907664 0.0149921 0.1066055 0.0837745 0.0918636 0.0923834 0.0819989 0.0868747 0.0925061 0.0908035 0.0892213 0.0000000 0.0878708 0.0900481 0.1140917 0.1045372 0.0908687 0.0961036 0.0824388 0.0946370 0.0888259 0.0870873 0.1017189 0.0825469 0.1066055 0.0837199 0.0178502 0.0924671 0.0152075 
Macropodidae_Dorcopsulus_vanheurni           0.0540569 0.0919325 0.0650693 0.0246322 0.0254142 0.0936681 0.0555910 0.0588854 0.0237459 0.0851389 0.1337290 0.0577968 0.0901627 0.0912283 0.0577990 0.0538036 0.0904175 0.0928666 0.0864092 0.0878708 0.0000000 0.0656069 0.1103004 0.1008618 0.0893880 0.0346698 0.0684303 0.0564670 0.0083914 0.0624941 0.0889954 0.0575786 0.1337290 0.0579680 0.0899826 0.0931861 0.0860467 
Pseudochiridae_Pseudochirulus_forbesi        0.0599496 0.0899434 0.0658680 0.0686555 0.0683434 0.0910323 0.0562012 0.0593097 0.0662818 0.0898650 0.1244149 0.0588069 0.0879033 0.0932059 0.0598616 0.0497214 0.0889428 0.0898927 0.0843004 0.0900481 0.0656069 0.0000000 0.1058736 0.0960866 0.0886049 0.0699227 0.0694550 0.0325416 0.0650786 0.0202741 0.0791838 0.0593038 0.1244149 0.0607218 0.0947711 0.0895226 0.0908273 
Didelphidae_Didelphis_virginiana             0.0937532 0.1141197 0.1016898 0.1063826 0.1062500 0.1169901 0.0942390 0.0986204 0.1096596 0.1206380 0.1385995 0.0996018 0.1147899 0.1152262 0.0966301 0.0958760 0.1145292 0.1163437 0.1101371 0.1140917 0.1103004 0.1058736 0.0000000 0.0454307 0.1139510 0.1115347 0.0923458 0.1117624 0.1063569 0.1066563 0.1264593 0.0917862 0.1385995 0.0981584 0.1152848 0.1175869 0.1201988 
Marmosidae_Monodelphis_domestica             0.0877841 0.1014898 0.0915610 0.0959340 0.0965164 0.1108022 0.0890302 0.0902487 0.0989627 0.1069965 0.1148154 0.0894787 0.1041716 0.1091662 0.0887833 0.0866787 0.1038646 0.1094807 0.1013730 0.1045372 0.1008618 0.0960866 0.0454307 0.0000000 0.1052920 0.1041702 0.0849312 0.0916749 0.0965721 0.0957154 0.1113111 0.0852770 0.1148154 0.0890802 0.1074917 0.1098271 0.1071164 
Dasyuridae_Antechinus_stuartii               0.0782201 0.0989847 0.0777151 0.0912517 0.0909397 0.0220943 0.0806901 0.0799409 0.0900140 0.0875193 0.0284937 0.0801622 0.0091750 0.0294169 0.0793183 0.0800096 0.0089920 0.0196054 0.0270167 0.0908687 0.0893880 0.0886049 0.1139510 0.1052920 0.0000000 0.0922485 0.0803156 0.0850716 0.0879786 0.0879384 0.1046920 0.0820525 0.0284937 0.0791277 0.0942340 0.0213034 0.0867540 
Hypsiprymnodontidae_Hypsiprymnodon_moschatus 0.0566675 0.0977332 0.0713362 0.0382283 0.0386155 0.0973479 0.0586592 0.0610275 0.0378877 0.0950476 0.1366517 0.0613236 0.0929594 0.0968399 0.0618794 0.0567941 0.0932045 0.0948600 0.0910698 0.0961036 0.0346698 0.0699227 0.1115347 0.1041702 0.0922485 0.0000000 0.0734642 0.0657369 0.0354987 0.0679424 0.0955149 0.0623459 0.1366517 0.0624925 0.1005707 0.0971323 0.0960357 
Microbiotheriidae_Dromiciops_gliroides       0.0569924 0.0788204 0.0639947 0.0697822 0.0697264 0.0805919 0.0594837 0.0592564 0.0703442 0.0838648 0.1112310 0.0607653 0.0779725 0.0832904 0.0600391 0.0564667 0.0791574 0.0784147 0.0751734 0.0824388 0.0684303 0.0694550 0.0923458 0.0849312 0.0803156 0.0734642 0.0000000 0.0576410 0.0686687 0.0667319 0.0856299 0.0611317 0.1112310 0.0604950 0.0876388 0.0798850 0.0842480 
Pseudochiridae_Petauroides_volans            0.0505326 0.0790271 0.0492330 0.0552285 0.0551210 0.0885705 0.0489098 0.0504275 0.0578525 0.0921407 0.1236032 0.0500591 0.0884571 0.0864462 0.0483045 0.0410261 0.0910149 0.0833723 0.0764532 0.0946370 0.0564670 0.0325416 0.1117624 0.0916749 0.0850716 0.0657369 0.0576410 0.0000000 0.0582459 0.0286700 0.0708337 0.0483838 0.1236032 0.0487184 0.0911449 0.0846620 0.0917630 
Macropodidae_Wallabia_bicolor                0.0526898 0.0895922 0.0637245 0.0251886 0.0259876 0.0934202 0.0561424 0.0585325 0.0240933 0.0871374 0.1281375 0.0573227 0.0879246 0.0901536 0.0574412 0.0535032 0.0881739 0.0915668 0.0845576 0.0888259 0.0083914 0.0650786 0.1063569 0.0965721 0.0879786 0.0354987 0.0686687 0.0582459 0.0000000 0.0623848 0.0890875 0.0583540 0.1281375 0.0583022 0.0917480 0.0919065 0.0880883 
Pseudochiridae_Pseudocheirus_occidentalis    0.0562338 0.0893930 0.0625662 0.0649821 0.0642445 0.0900991 0.0522805 0.0560793 0.0626642 0.0867472 0.1238520 0.0563422 0.0870870 0.0933054 0.0572862 0.0487092 0.0879123 0.0880029 0.0847779 0.0870873 0.0624941 0.0202741 0.1066563 0.0957154 0.0879384 0.0679424 0.0667319 0.0286700 0.0623848 0.0000000 0.0776496 0.0567349 0.1238520 0.0577333 0.0902555 0.0885921 0.0876973 
Tarsipedidae_Tarsipes_rostratus              0.0780865 0.1169228 0.0844917 0.0949968 0.0936254 0.1048929 0.0802768 0.0820616 0.0933281 0.1031038 0.1118632 0.0823035 0.1028470 0.1067114 0.0826392 0.0775034 0.1039734 0.1062670 0.1007930 0.1017189 0.0889954 0.0791838 0.1264593 0.1113111 0.1046920 0.0955149 0.0856299 0.0708337 0.0890875 0.0776496 0.0000000 0.0824235 0.1118632 0.0836717 0.1075785 0.1051794 0.1029862 
Acrobatidae_Distoechurus_pennatus            0.0487075 0.0847307 0.0600174 0.0603529 0.0605192 0.0862797 0.0501946 0.0520187 0.0595319 0.0829003 0.1303896 0.0498268 0.0833737 0.0864789 0.0514459 0.0300426 0.0831367 0.0844797 0.0797198 0.0825469 0.0575786 0.0593038 0.0917862 0.0852770 0.0820525 0.0623459 0.0611317 0.0483838 0.0583540 0.0567349 0.0824235 0.0000000 0.1303896 0.0514217 0.0869857 0.0855670 0.0830796 
Myrmecobiidae_Myrmecobius_fasciatus2         0.1302301 0.1359886 0.1039360 0.1406453 0.1406453 0.0457735 0.1187893 0.1161499 0.1405344 0.1079207 0.0000010 0.1281588 0.0291772 0.0402643 0.1175792 0.1197647 0.0255935 0.0405927 0.0340359 0.1066055 0.1337290 0.1244149 0.1385995 0.1148154 0.0284937 0.1366517 0.1112310 0.1236032 0.1281375 0.1238520 0.1118632 0.1303896 0.0000000 0.1210507 0.1165271 0.0415523 0.1063515 
Phalangeridae_Phalanger_carmelitae           0.0474011 0.0818123 0.0549702 0.0604613 0.0610900 0.0836308 0.0224824 0.0129880 0.0609378 0.0827019 0.1210507 0.0120811 0.0807851 0.0825421 0.0049984 0.0464417 0.0812970 0.0828121 0.0764139 0.0837199 0.0579680 0.0607218 0.0981584 0.0890802 0.0791277 0.0624925 0.0604950 0.0487184 0.0583022 0.0577333 0.0836717 0.0514217 0.1210507 0.0000000 0.0873885 0.0834309 0.0836293 
Peramelidae_Peroryctes_raffrayana            0.0877793 0.1049184 0.0898456 0.0953987 0.0944809 0.0976456 0.0923723 0.0862840 0.0934505 0.0204233 0.1165271 0.0874178 0.0945787 0.0958824 0.0864437 0.0887777 0.0949658 0.0945680 0.0934381 0.0178502 0.0899826 0.0947711 0.1152848 0.1074917 0.0942340 0.1005707 0.0876388 0.0911449 0.0917480 0.0902555 0.1075785 0.0869857 0.1165271 0.0873885 0.0000000 0.0954233 0.0202494 
Dasyuridae_Dasyurus_geffroii                 0.0801058 0.1003048 0.0813117 0.0961118 0.0957884 0.0079841 0.0839980 0.0840352 0.0938732 0.0900586 0.0415523 0.0851031 0.0208254 0.0327095 0.0839747 0.0831196 0.0212826 0.0104523 0.0306398 0.0924671 0.0931861 0.0895226 0.1175869 0.1098271 0.0213034 0.0971323 0.0798850 0.0846620 0.0919065 0.0885921 0.1051794 0.0855670 0.0415523 0.0834309 0.0954233 0.0000000 0.0891154 
Peramelidae_Perameles_gunnii                 0.0830015 0.1006868 0.0853472 0.0913931 0.0904976 0.0911022 0.0886962 0.0825571 0.0902472 0.0005460 0.1063515 0.0835798 0.0893869 0.0909919 0.0826982 0.0875595 0.0897599 0.0895869 0.0873296 0.0152075 0.0860467 0.0908273 0.1201988 0.1071164 0.0867540 0.0960357 0.0842480 0.0917630 0.0880883 0.0876973 0.1029862 0.0830796 0.1063515 0.0836293 0.0202494 0.0891154 0.0000000 
