35
Burramyidae_Burramys_parvus                  0.0000000 0.0731635 0.0491236 0.0530150 0.0501581 0.0714707 0.0324748 0.0446923 0.0497282 0.1013189 0.0370200 0.0601192 0.0732581 0.0394796 0.0547917 0.0598756 0.0725613 0.0641747 0.0939680 0.0510028 0.0546190 0.0967412 0.0726009 0.0621789 0.0527976 0.0599044 0.0500536 0.0480266 0.0513457 0.0684510 0.0591777 0.0404450 0.0935974 0.0671077 0.1014001 
Notoryctidae_Notoryctes_typhlops             0.0731635 0.0000000 0.0777658 0.0845983 0.0831050 0.0888724 0.0651118 0.0768406 0.0834001 0.1181772 0.0697067 0.0724095 0.0873669 0.0752010 0.0827945 0.0742404 0.0884253 0.0828441 0.1111670 0.0844328 0.0802169 0.1135163 0.0921786 0.0818143 0.0826974 0.0779895 0.0827427 0.0795831 0.0803167 0.1012372 0.0913843 0.0753697 0.1082372 0.0811126 0.1165708 
Vombatidae_Lasiorhinus_latifrons             0.0491236 0.0777658 0.0000000 0.0607655 0.0588412 0.0699862 0.0481140 0.0583622 0.0593211 0.0970339 0.0495382 0.0617666 0.0733181 0.0522550 0.0653420 0.0620224 0.0710722 0.0666113 0.0892676 0.0590372 0.0588164 0.0968922 0.0760028 0.0634086 0.0619095 0.0672482 0.0575764 0.0565372 0.0594067 0.0762542 0.0698562 0.0524024 0.0903260 0.0667691 0.0971735 
Potoroidae_Bettongia_penicillata             0.0530150 0.0845983 0.0607655 0.0000000 0.0003013 0.0828201 0.0501066 0.0593941 0.0011235 0.1155817 0.0533552 0.0740448 0.0835250 0.0554256 0.0634675 0.0742581 0.0827278 0.0770098 0.1074723 0.0195381 0.0601497 0.1092802 0.0911187 0.0783989 0.0382976 0.0722132 0.0578957 0.0026830 0.0653675 0.0724433 0.0696758 0.0565613 0.1068541 0.0787371 0.1152222 
Potoroidae_Bettongia_lesueur                 0.0501581 0.0831050 0.0588412 0.0003013 0.0000000 0.0814027 0.0467467 0.0554224 0.0009799 0.1145568 0.0494630 0.0716313 0.0810220 0.0504951 0.0615037 0.0713312 0.0813659 0.0737944 0.1070385 0.0172450 0.0596578 0.1042136 0.0867107 0.0769537 0.0370725 0.0708635 0.0569323 0.0023764 0.0638899 0.0703898 0.0699316 0.0515947 0.1064167 0.0757621 0.1141963 
Dasyuridae_Dasyurus_maculatus                0.0714707 0.0888724 0.0699862 0.0828201 0.0814027 0.0000000 0.0685973 0.0722664 0.0777653 0.1101699 0.0655247 0.0014535 0.0191809 0.0712070 0.0841820 0.0014529 0.0005515 0.0202343 0.0995796 0.0753607 0.0789109 0.1078423 0.0911007 0.0017634 0.0788875 0.0778624 0.0757260 0.0756885 0.0781821 0.0939291 0.0885768 0.0703695 0.1009869 0.0004939 0.1098098 
Phalangeridae_Trichosurus_vulpecula          0.0324748 0.0651118 0.0481140 0.0501066 0.0467467 0.0685973 0.0000000 0.0238804 0.0491570 0.0911443 0.0026112 0.0631862 0.0699435 0.0025568 0.0475764 0.0636095 0.0690355 0.0634434 0.0887973 0.0495742 0.0497929 0.0889000 0.0688935 0.0644726 0.0508481 0.0552019 0.0444931 0.0455932 0.0464310 0.0637534 0.0549763 0.0027528 0.0880193 0.0676581 0.0913398 
Phalangeridae_Spilocuscus_maculatus          0.0446923 0.0768406 0.0583622 0.0593941 0.0554224 0.0722664 0.0238804 0.0000000 0.0583818 0.1061121 0.0014749 0.0670812 0.0740532 0.0015960 0.0602583 0.0663687 0.0733520 0.0685955 0.1041694 0.0583155 0.0580097 0.1024835 0.0798849 0.0681006 0.0612411 0.0635162 0.0524762 0.0553424 0.0577103 0.0744889 0.0689818 0.0017558 0.1013476 0.0722329 0.1057445 
Potoroidae_Aepyprymnus_rufescens             0.0497282 0.0834001 0.0593211 0.0011235 0.0009799 0.0777653 0.0491570 0.0583818 0.0000000 0.1149048 0.0522392 0.0691045 0.0807940 0.0530089 0.0644299 0.0693087 0.0777168 0.0752485 0.1080144 0.0185672 0.0572749 0.1056144 0.0872306 0.0734117 0.0419752 0.0700679 0.0564975 0.0149931 0.0619135 0.0719195 0.0702864 0.0551076 0.1067432 0.0741476 0.1145052 
Peramelidae_Perameles_nasuta                 0.1013189 0.1181772 0.0970339 0.1155817 0.1145568 0.1101699 0.0911443 0.1061121 0.1149048 0.0000000 0.0939878 0.1033421 0.1165488 0.1032160 0.1157344 0.1023463 0.1080253 0.1080378 0.0023537 0.1113629 0.1050972 0.1268786 0.1069622 0.1075440 0.1074644 0.1060380 0.1059973 0.1082138 0.1041332 0.1189029 0.1176626 0.1039557 0.0020880 0.1027716 0.0001204 
Phalangeridae_Strigocuscus_pelengensis       0.0370200 0.0697067 0.0495382 0.0533552 0.0494630 0.0655247 0.0026112 0.0014749 0.0522392 0.0939878 0.0000000 0.0608008 0.0682990 0.0007079 0.0537947 0.0606339 0.0666095 0.0642209 0.0924647 0.0508515 0.0475939 0.0958434 0.0719771 0.0637763 0.0537230 0.0579947 0.0435881 0.0492366 0.0485558 0.0605082 0.0627485 0.0008080 0.0920257 0.0638287 0.0940258 
Dasyuridae_Phascogale_tapoatafa              0.0601192 0.0724095 0.0617666 0.0740448 0.0716313 0.0014535 0.0631862 0.0670812 0.0691045 0.1033421 0.0608008 0.0000000 0.0027750 0.0634043 0.0705266 0.0001957 0.0016410 0.0023073 0.0932983 0.0682332 0.0713112 0.0987839 0.0827404 0.0008106 0.0702417 0.0696972 0.0699112 0.0663810 0.0736918 0.0864165 0.0787112 0.0635982 0.0962671 0.0014537 0.1040064 
Dasyuridae_Sminthopsis_macroura              0.0732581 0.0873669 0.0733181 0.0835250 0.0810220 0.0191809 0.0699435 0.0740532 0.0807940 0.1165488 0.0682990 0.0027750 0.0000000 0.0735069 0.0861424 0.0027724 0.0205377 0.0026215 0.1081243 0.0769820 0.0798534 0.1109372 0.0913595 0.0200322 0.0829276 0.0796170 0.0780699 0.0763205 0.0827450 0.0935235 0.0902894 0.0726692 0.1101135 0.0201539 0.1161928 
Phalangeridae_Phalanger_orientalis           0.0394796 0.0752010 0.0522550 0.0554256 0.0504951 0.0712070 0.0025568 0.0015960 0.0530089 0.1032160 0.0007079 0.0634043 0.0735069 0.0000000 0.0584006 0.0642434 0.0722916 0.0685829 0.1007946 0.0539037 0.0521104 0.0969338 0.0749770 0.0671018 0.0572086 0.0609800 0.0471630 0.0509015 0.0522012 0.0654006 0.0653956 0.0002466 0.0994394 0.0689751 0.1032978 
Acrobatidae_Acrobates_pygmaeus               0.0547917 0.0827945 0.0653420 0.0634675 0.0615037 0.0841820 0.0475764 0.0602583 0.0644299 0.1157344 0.0537947 0.0705266 0.0861424 0.0584006 0.0000000 0.0708382 0.0846512 0.0796954 0.1088890 0.0663553 0.0532239 0.1011115 0.0832985 0.0775953 0.0645518 0.0692585 0.0527618 0.0627934 0.0569588 0.0727115 0.0436254 0.0595472 0.1087734 0.0774330 0.1153102 
Dasyuridae_Phascogale_calura                 0.0598756 0.0742404 0.0620224 0.0742581 0.0713312 0.0014529 0.0636095 0.0663687 0.0693087 0.1023463 0.0606339 0.0001957 0.0027724 0.0642434 0.0708382 0.0000000 0.0016403 0.0023060 0.0934390 0.0674565 0.0710111 0.0987641 0.0831911 0.0008104 0.0705788 0.0699594 0.0696493 0.0656628 0.0734161 0.0855708 0.0784050 0.0648686 0.0953861 0.0014991 0.1025591 
Dasyuridae_Sarcophilus_harrisii              0.0725613 0.0884253 0.0710722 0.0827278 0.0813659 0.0005515 0.0690355 0.0733520 0.0777168 0.1080253 0.0666095 0.0016410 0.0205377 0.0722916 0.0846512 0.0016403 0.0000000 0.0195472 0.0968962 0.0763942 0.0785357 0.1061041 0.0905785 0.0019279 0.0798350 0.0774089 0.0768230 0.0766343 0.0777505 0.0939884 0.0875981 0.0714563 0.0982809 0.0006738 0.1076635 
Dasyuridae_Planigale_tenuirostris            0.0641747 0.0828441 0.0666113 0.0770098 0.0737944 0.0202343 0.0634434 0.0685955 0.0752485 0.1080378 0.0642209 0.0023073 0.0026215 0.0685829 0.0796954 0.0023060 0.0195472 0.0000000 0.0965902 0.0695280 0.0729424 0.1066838 0.0876820 0.0027124 0.0772292 0.0771195 0.0738376 0.0703594 0.0747108 0.0898712 0.0841322 0.0687623 0.1023969 0.0185209 0.1080238 
Peramelidae_Echymipera_kalubu                0.0939680 0.1111670 0.0892676 0.1074723 0.1070385 0.0995796 0.0887973 0.1041694 0.1080144 0.0023537 0.0924647 0.0932983 0.1081243 0.1007946 0.1088890 0.0934390 0.0968962 0.0965902 0.0000000 0.1060158 0.0999693 0.1229224 0.1044086 0.0997299 0.1077995 0.1016462 0.0996726 0.1022428 0.0967402 0.1181623 0.1149825 0.1015626 0.0012006 0.0934000 0.0023551 
Macropodidae_Dorcopsulus_vanheurni           0.0510028 0.0844328 0.0590372 0.0195381 0.0172450 0.0753607 0.0495742 0.0583155 0.0185672 0.1113629 0.0508515 0.0682332 0.0769820 0.0539037 0.0663553 0.0674565 0.0763942 0.0695280 0.1060158 0.0000000 0.0585961 0.1046285 0.0863891 0.0717765 0.0396708 0.0690876 0.0597100 0.0005575 0.0613328 0.0704422 0.0697192 0.0555087 0.1059452 0.0739078 0.1109998 
Pseudochiridae_Pseudochirulus_forbesi        0.0546190 0.0802169 0.0588164 0.0601497 0.0596578 0.0789109 0.0497929 0.0580097 0.0572749 0.1050972 0.0475939 0.0713112 0.0798534 0.0521104 0.0532239 0.0710111 0.0785357 0.0729424 0.0999693 0.0585961 0.0000000 0.1030386 0.0846154 0.0739271 0.0648701 0.0685071 0.0281226 0.0566571 0.0020913 0.0619935 0.0632221 0.0522488 0.0997747 0.0781444 0.1047291 
Didelphidae_Didelphis_virginiana             0.0967412 0.1135163 0.0968922 0.1092802 0.1042136 0.1078423 0.0889000 0.1024835 0.1056144 0.1268786 0.0958434 0.0987839 0.1109372 0.0969338 0.1011115 0.0987641 0.1061041 0.1066838 0.1229224 0.1046285 0.1030386 0.0000000 0.0332630 0.1027769 0.1053521 0.0978085 0.1040959 0.0988984 0.1042620 0.1110494 0.1152904 0.0970472 0.1221522 0.1031934 0.1270754 
Marmosidae_Monodelphis_domestica             0.0726009 0.0921786 0.0760028 0.0911187 0.0867107 0.0911007 0.0688935 0.0798849 0.0872306 0.1069622 0.0719771 0.0827404 0.0913595 0.0749770 0.0832985 0.0831911 0.0905785 0.0876820 0.1044086 0.0863891 0.0846154 0.0332630 0.0000000 0.0828937 0.0893948 0.0797231 0.0821503 0.0828279 0.0830933 0.0887726 0.0923005 0.0751290 0.1026946 0.0896544 0.1076454 
Dasyuridae_Antechinus_stuartii               0.0621789 0.0818143 0.0634086 0.0783989 0.0769537 0.0017634 0.0644726 0.0681006 0.0734117 0.1075440 0.0637763 0.0008106 0.0200322 0.0671018 0.0775953 0.0008104 0.0019279 0.0027124 0.0997299 0.0717765 0.0739271 0.1027769 0.0828937 0.0000000 0.0734886 0.0745920 0.0714884 0.0704402 0.0750639 0.0893848 0.0836225 0.0672746 0.1008534 0.0018211 0.1081593 
Hypsiprymnodontidae_Hypsiprymnodon_moschatus 0.0527976 0.0826974 0.0619095 0.0382976 0.0370725 0.0788875 0.0508481 0.0612411 0.0419752 0.1074644 0.0537230 0.0702417 0.0829276 0.0572086 0.0645518 0.0705788 0.0798350 0.0772292 0.1077995 0.0396708 0.0648701 0.1053521 0.0893948 0.0734886 0.0000000 0.0657587 0.0600936 0.0346454 0.0644696 0.0781657 0.0730926 0.0583358 0.1042215 0.0768364 0.1070990 
Microbiotheriidae_Dromiciops_gliroides       0.0599044 0.0779895 0.0672482 0.0722132 0.0708635 0.0778624 0.0552019 0.0635162 0.0700679 0.1060380 0.0579947 0.0696972 0.0796170 0.0609800 0.0692585 0.0699594 0.0774089 0.0771195 0.1016462 0.0690876 0.0685071 0.0978085 0.0797231 0.0745920 0.0657587 0.0000000 0.0664653 0.0684624 0.0705788 0.0836987 0.0795076 0.0622003 0.1000680 0.0732273 0.1067083 
Pseudochiridae_Petauroides_volans            0.0500536 0.0827427 0.0575764 0.0578957 0.0569323 0.0757260 0.0444931 0.0524762 0.0564975 0.1059973 0.0435881 0.0699112 0.0780699 0.0471630 0.0527618 0.0696493 0.0768230 0.0738376 0.0996726 0.0597100 0.0281226 0.1040959 0.0821503 0.0714884 0.0600936 0.0664653 0.0000000 0.0586855 0.0268749 0.0617981 0.0607691 0.0477605 0.0993823 0.0746096 0.1055710 
Macropodidae_Wallabia_bicolor                0.0480266 0.0795831 0.0565372 0.0026830 0.0023764 0.0756885 0.0455932 0.0553424 0.0149931 0.1082138 0.0492366 0.0663810 0.0763205 0.0509015 0.0627934 0.0656628 0.0766343 0.0703594 0.1022428 0.0005575 0.0566571 0.0988984 0.0828279 0.0704402 0.0346454 0.0684624 0.0586855 0.0000000 0.0602354 0.0672870 0.0671376 0.0524809 0.1041301 0.0741795 0.1082405 
Pseudochiridae_Pseudocheirus_occidentalis    0.0513457 0.0803167 0.0594067 0.0653675 0.0638899 0.0781821 0.0464310 0.0577103 0.0619135 0.1041332 0.0485558 0.0736918 0.0827450 0.0522012 0.0569588 0.0734161 0.0777505 0.0747108 0.0967402 0.0613328 0.0020913 0.1042620 0.0830933 0.0750639 0.0644696 0.0705788 0.0268749 0.0602354 0.0000000 0.0656790 0.0637337 0.0523473 0.0954711 0.0778546 0.1037639 
Tarsipedidae_Tarsipes_rostratus              0.0684510 0.1012372 0.0762542 0.0724433 0.0703898 0.0939291 0.0637534 0.0744889 0.0719195 0.1189029 0.0605082 0.0864165 0.0935235 0.0654006 0.0727115 0.0855708 0.0939884 0.0898712 0.1181623 0.0704422 0.0619935 0.1110494 0.0887726 0.0893848 0.0781657 0.0836987 0.0617981 0.0672870 0.0656790 0.0000000 0.0790696 0.0665634 0.1174583 0.0908829 0.1184784 
Acrobatidae_Distoechurus_pennatus            0.0591777 0.0913843 0.0698562 0.0696758 0.0699316 0.0885768 0.0549763 0.0689818 0.0702864 0.1176626 0.0627485 0.0787112 0.0902894 0.0653956 0.0436254 0.0784050 0.0875981 0.0841322 0.1149825 0.0697192 0.0632221 0.1152904 0.0923005 0.0836225 0.0730926 0.0795076 0.0607691 0.0671376 0.0637337 0.0790696 0.0000000 0.0660314 0.1137646 0.0807507 0.1173023 
Phalangeridae_Phalanger_carmelitae           0.0404450 0.0753697 0.0524024 0.0565613 0.0515947 0.0703695 0.0027528 0.0017558 0.0551076 0.1039557 0.0008080 0.0635982 0.0726692 0.0002466 0.0595472 0.0648686 0.0714563 0.0687623 0.1015626 0.0555087 0.0522488 0.0970472 0.0751290 0.0672746 0.0583358 0.0622003 0.0477605 0.0524809 0.0523473 0.0665634 0.0660314 0.0000000 0.0997562 0.0681213 0.1035323 
Peramelidae_Peroryctes_raffrayana            0.0935974 0.1082372 0.0903260 0.1068541 0.1064167 0.1009869 0.0880193 0.1013476 0.1067432 0.0020880 0.0920257 0.0962671 0.1101135 0.0994394 0.1087734 0.0953861 0.0982809 0.1023969 0.0012006 0.1059452 0.0997747 0.1221522 0.1026946 0.1008534 0.1042215 0.1000680 0.0993823 0.1041301 0.0954711 0.1174583 0.1137646 0.0997562 0.0000000 0.0952202 0.0019673 
Dasyuridae_Dasyurus_geffroii                 0.0671077 0.0811126 0.0667691 0.0787371 0.0757621 0.0004939 0.0676581 0.0722329 0.0741476 0.1027716 0.0638287 0.0014537 0.0201539 0.0689751 0.0774330 0.0014991 0.0006738 0.0185209 0.0934000 0.0739078 0.0781444 0.1031934 0.0896544 0.0018211 0.0768364 0.0732273 0.0746096 0.0741795 0.0778546 0.0908829 0.0807507 0.0681213 0.0952202 0.0000000 0.1029869 
Peramelidae_Perameles_gunnii                 0.1014001 0.1165708 0.0971735 0.1152222 0.1141963 0.1098098 0.0913398 0.1057445 0.1145052 0.0001204 0.0940258 0.1040064 0.1161928 0.1032978 0.1153102 0.1025591 0.1076635 0.1080238 0.0023551 0.1109998 0.1047291 0.1270754 0.1076454 0.1081593 0.1070990 0.1067083 0.1055710 0.1082405 0.1037639 0.1184784 0.1173023 0.1035323 0.0019673 0.1029869 0.0000000 
