35
Burramyidae_Burramys_parvus                  0.0000000 0.0863357 0.0619227 0.0580675 0.0591512 0.0924327 0.0532211 0.0557638 0.0602867 0.0997032 0.0538078 0.0901214 0.0934193 0.0546654 0.0557414 0.0914142 0.0948462 0.0799348 0.1028017 0.0607607 0.0645688 0.1092061 0.1086249 0.0917737 0.0646348 0.0863800 0.0581234 0.0633957 0.0593547 0.0724331 0.0549912 0.0530430 0.1010347 0.0921216 0.1028623 
Notoryctidae_Notoryctes_typhlops             0.0863357 0.0000000 0.0857624 0.0899533 0.0911249 0.0917245 0.0817959 0.0854951 0.0890236 0.0957362 0.0823414 0.0938913 0.0972915 0.0829572 0.0816163 0.0946313 0.0937736 0.0810436 0.0999281 0.0904237 0.0934067 0.1228967 0.1194397 0.0981117 0.0907372 0.0975226 0.0870432 0.0896959 0.0928854 0.1024910 0.0827616 0.0822827 0.0988275 0.0921767 0.0994515 
Vombatidae_Lasiorhinus_latifrons             0.0619227 0.0857624 0.0000000 0.0648894 0.0645751 0.0929736 0.0579252 0.0599881 0.0626879 0.0981535 0.0591581 0.0926238 0.0932115 0.0600574 0.0590302 0.0933604 0.0926957 0.0810681 0.1007277 0.0655455 0.0683677 0.1047714 0.1077747 0.0983970 0.0692817 0.0858327 0.0663903 0.0665253 0.0680118 0.0778330 0.0610492 0.0596769 0.0940282 0.0925689 0.0995049 
Potoroidae_Bettongia_penicillata             0.0580675 0.0899533 0.0648894 0.0000000 0.0043826 0.0944435 0.0581714 0.0597203 0.0162783 0.0980646 0.0587964 0.0959597 0.0972624 0.0603045 0.0566497 0.0965964 0.0955945 0.0854106 0.0998704 0.0226485 0.0646899 0.1126372 0.1151067 0.0999843 0.0411148 0.0901102 0.0596787 0.0240743 0.0594523 0.0767650 0.0569010 0.0585707 0.0951909 0.0932364 0.1006156 
Potoroidae_Bettongia_lesueur                 0.0591512 0.0911249 0.0645751 0.0043826 0.0000000 0.0931958 0.0584151 0.0596900 0.0155431 0.0986543 0.0596235 0.0950004 0.0956678 0.0605492 0.0566730 0.0956372 0.0949550 0.0842996 0.0995100 0.0223931 0.0647154 0.1139689 0.1163204 0.0992429 0.0400146 0.0894924 0.0603303 0.0238148 0.0603675 0.0748353 0.0580144 0.0585381 0.0947644 0.0919926 0.1009145 
Dasyuridae_Dasyurus_maculatus                0.0924327 0.0917245 0.0929736 0.0944435 0.0931958 0.0000000 0.0851511 0.0876401 0.0936804 0.1020148 0.0847481 0.0242887 0.0346935 0.0863693 0.0873633 0.0250820 0.0112085 0.0280230 0.1063882 0.0902976 0.0974411 0.1248129 0.1307700 0.0260040 0.0966153 0.1044324 0.0965524 0.0924765 0.0958732 0.1031403 0.0905546 0.0856028 0.1031545 0.0060331 0.1053648 
Phalangeridae_Trichosurus_vulpecula          0.0532211 0.0817959 0.0579252 0.0581714 0.0584151 0.0851511 0.0000000 0.0230980 0.0570545 0.0929300 0.0224022 0.0862989 0.0898669 0.0241011 0.0506664 0.0874961 0.0872688 0.0760844 0.0947350 0.0550821 0.0585966 0.1056050 0.1065108 0.0892145 0.0593018 0.0836144 0.0568134 0.0590664 0.0540428 0.0685186 0.0504852 0.0233286 0.0941188 0.0851669 0.0954541 
Phalangeridae_Spilocuscus_maculatus          0.0557638 0.0854951 0.0599881 0.0597203 0.0596900 0.0876401 0.0230980 0.0000000 0.0575118 0.0963270 0.0113833 0.0902614 0.0938453 0.0155627 0.0524570 0.0910714 0.0912544 0.0795639 0.0987811 0.0571676 0.0607082 0.1086055 0.1107621 0.0939702 0.0641674 0.0873545 0.0577850 0.0594611 0.0575796 0.0728548 0.0535266 0.0148193 0.0940185 0.0884987 0.0996720 
Potoroidae_Aepyprymnus_rufescens             0.0602867 0.0890236 0.0626879 0.0162783 0.0155431 0.0936804 0.0570545 0.0575118 0.0000000 0.0960697 0.0579014 0.0955328 0.0956324 0.0591218 0.0566618 0.0958422 0.0948303 0.0841378 0.0965818 0.0228891 0.0647423 0.1140230 0.1168325 0.0991045 0.0400608 0.0882380 0.0594439 0.0230798 0.0605238 0.0741455 0.0580584 0.0580142 0.0913387 0.0924774 0.0981230 
Peramelidae_Perameles_nasuta                 0.0997032 0.0957362 0.0981535 0.0980646 0.0986543 0.1020148 0.0929300 0.0963270 0.0960697 0.0000000 0.0934304 0.0999841 0.1051032 0.0953496 0.0933300 0.1011566 0.1041596 0.0872676 0.0168930 0.0956780 0.1050456 0.1307056 0.1247378 0.1071470 0.1011051 0.1098480 0.0982830 0.1000212 0.1021474 0.1107740 0.0930792 0.0932781 0.0161663 0.1032346 0.0024159 
Phalangeridae_Strigocuscus_pelengensis       0.0538078 0.0823414 0.0591581 0.0587964 0.0596235 0.0847481 0.0224022 0.0113833 0.0579014 0.0934304 0.0000000 0.0880485 0.0903859 0.0164479 0.0522638 0.0886652 0.0884354 0.0796405 0.0968118 0.0556497 0.0595350 0.1070613 0.1076224 0.0909866 0.0639560 0.0870100 0.0572661 0.0582338 0.0559475 0.0711630 0.0512000 0.0157217 0.0909759 0.0859969 0.0968705 
Dasyuridae_Phascogale_tapoatafa              0.0901214 0.0938913 0.0926238 0.0959597 0.0950004 0.0242887 0.0862989 0.0902614 0.0955328 0.0999841 0.0880485 0.0000000 0.0317096 0.0888037 0.0872964 0.0044706 0.0262366 0.0228908 0.1030271 0.0920593 0.0986442 0.1261518 0.1315553 0.0101114 0.0976132 0.1015504 0.0981027 0.0942903 0.0952387 0.1037867 0.0904953 0.0880185 0.1013581 0.0230310 0.1017746 
Dasyuridae_Sminthopsis_macroura              0.0934193 0.0972915 0.0932115 0.0972624 0.0956678 0.0346935 0.0898669 0.0938453 0.0956324 0.1051032 0.0903859 0.0317096 0.0000000 0.0947185 0.0887158 0.0345848 0.0350885 0.0210326 0.1075928 0.0943078 0.0998215 0.1320711 0.1325414 0.0347650 0.0967050 0.1089303 0.0972715 0.0950525 0.0972401 0.1034145 0.0935949 0.0927198 0.1062028 0.0344372 0.1073336 
Phalangeridae_Phalanger_orientalis           0.0546654 0.0829572 0.0600574 0.0603045 0.0605492 0.0863693 0.0241011 0.0155627 0.0591218 0.0953496 0.0164479 0.0888037 0.0947185 0.0000000 0.0543351 0.0894196 0.0894261 0.0807037 0.0981118 0.0599374 0.0593510 0.1049311 0.1092532 0.0904191 0.0639944 0.0864449 0.0585963 0.0609342 0.0567002 0.0709571 0.0527231 0.0071994 0.0952071 0.0867165 0.0993327 
Acrobatidae_Acrobates_pygmaeus               0.0557414 0.0816163 0.0590302 0.0566497 0.0566730 0.0873633 0.0506664 0.0524570 0.0566618 0.0933300 0.0522638 0.0872964 0.0887158 0.0543351 0.0000000 0.0879166 0.0894625 0.0782281 0.0975469 0.0555180 0.0509082 0.1056435 0.1088041 0.0906131 0.0591601 0.0823347 0.0468937 0.0586796 0.0498502 0.0634265 0.0325284 0.0518903 0.0933581 0.0857677 0.0948559 
Dasyuridae_Phascogale_calura                 0.0914142 0.0946313 0.0933604 0.0965964 0.0956372 0.0250820 0.0874961 0.0910714 0.0958422 0.1011566 0.0886652 0.0044706 0.0345848 0.0894196 0.0879166 0.0000000 0.0267825 0.0223715 0.1050151 0.0927113 0.0989290 0.1265580 0.1316096 0.0116588 0.0979431 0.1019970 0.0984300 0.0948533 0.0966369 0.1044184 0.0916985 0.0886321 0.1034451 0.0240454 0.1029017 
Dasyuridae_Sarcophilus_harrisii              0.0948462 0.0937736 0.0926957 0.0955945 0.0949550 0.0112085 0.0872688 0.0912544 0.0948303 0.1041596 0.0884354 0.0262366 0.0350885 0.0894261 0.0894625 0.0267825 0.0000000 0.0292878 0.1074460 0.0917328 0.0987523 0.1303389 0.1345534 0.0281046 0.0969101 0.1067781 0.0983980 0.0932725 0.0976790 0.1067388 0.0923293 0.0886503 0.1033265 0.0107326 0.1070490 
Dasyuridae_Planigale_tenuirostris            0.0799348 0.0810436 0.0810681 0.0854106 0.0842996 0.0280230 0.0760844 0.0795639 0.0841378 0.0872676 0.0796405 0.0228908 0.0210326 0.0807037 0.0782281 0.0223715 0.0292878 0.0000000 0.0889024 0.0835070 0.0889208 0.1188997 0.1190499 0.0226313 0.0834542 0.0920960 0.0863399 0.0856728 0.0862696 0.0924937 0.0787974 0.0820703 0.0872643 0.0273681 0.0905803 
Peramelidae_Echymipera_kalubu                0.1028017 0.0999281 0.1007277 0.0998704 0.0995100 0.1063882 0.0947350 0.0987811 0.0965818 0.0168930 0.0968118 0.1030271 0.1075928 0.0981118 0.0975469 0.1050151 0.1074460 0.0889024 0.0000000 0.0998403 0.1078246 0.1288553 0.1294616 0.1100459 0.1030560 0.1101168 0.0997018 0.1024531 0.1041904 0.1138534 0.0973537 0.0945998 0.0154857 0.1062648 0.0175823 
Macropodidae_Dorcopsulus_vanheurni           0.0607607 0.0904237 0.0655455 0.0226485 0.0223931 0.0902976 0.0550821 0.0571676 0.0228891 0.0956780 0.0556497 0.0920593 0.0943078 0.0599374 0.0555180 0.0927113 0.0917328 0.0835070 0.0998403 0.0000000 0.0643257 0.1126697 0.1161734 0.0963621 0.0416261 0.0870590 0.0589367 0.0146200 0.0594942 0.0733604 0.0555721 0.0579589 0.0939277 0.0884647 0.0983220 
Pseudochiridae_Pseudochirulus_forbesi        0.0645688 0.0934067 0.0683677 0.0646899 0.0647154 0.0974411 0.0585966 0.0607082 0.0647423 0.1050456 0.0595350 0.0986442 0.0998215 0.0593510 0.0509082 0.0989290 0.0987523 0.0889208 0.1078246 0.0643257 0.0000000 0.1144772 0.1206033 0.1005282 0.0675188 0.0932451 0.0370090 0.0654057 0.0234601 0.0602238 0.0514976 0.0579032 0.1015624 0.0970825 0.1080825 
Didelphidae_Didelphis_virginiana             0.1092061 0.1228967 0.1047714 0.1126372 0.1139689 0.1248129 0.1056050 0.1086055 0.1140230 0.1307056 0.1070613 0.1261518 0.1320711 0.1049311 0.1056435 0.1265580 0.1303389 0.1188997 0.1288553 0.1126697 0.1144772 0.0000000 0.0397109 0.1319727 0.1184529 0.1117141 0.1138761 0.1165950 0.1130814 0.1257949 0.1091221 0.1037948 0.1290606 0.1246117 0.1324160 
Marmosidae_Monodelphis_domestica             0.1086249 0.1194397 0.1077747 0.1151067 0.1163204 0.1307700 0.1065108 0.1107621 0.1168325 0.1247378 0.1076224 0.1315553 0.1325414 0.1092532 0.1088041 0.1316096 0.1345534 0.1190499 0.1294616 0.1161734 0.1206033 0.0397109 0.0000000 0.1375736 0.1179686 0.1168647 0.1149301 0.1203978 0.1184164 0.1308959 0.1107677 0.1076740 0.1255596 0.1308176 0.1308479 
Dasyuridae_Antechinus_stuartii               0.0917737 0.0981117 0.0983970 0.0999843 0.0992429 0.0260040 0.0892145 0.0939702 0.0991045 0.1071470 0.0909866 0.0101114 0.0347650 0.0904191 0.0906131 0.0116588 0.0281046 0.0226313 0.1100459 0.0963621 0.1005282 0.1319727 0.1375736 0.0000000 0.1024461 0.1084255 0.1011746 0.0979892 0.0993540 0.1094624 0.0952357 0.0906963 0.1084951 0.0243597 0.1084054 
Hypsiprymnodontidae_Hypsiprymnodon_moschatus 0.0646348 0.0907372 0.0692817 0.0411148 0.0400146 0.0966153 0.0593018 0.0641674 0.0400608 0.1011051 0.0639560 0.0976132 0.0967050 0.0639944 0.0591601 0.0979431 0.0969101 0.0834542 0.1030560 0.0416261 0.0675188 0.1184529 0.1179686 0.1024461 0.0000000 0.0928840 0.0652085 0.0440427 0.0627658 0.0780934 0.0597430 0.0619620 0.0993174 0.0954016 0.1032527 
Microbiotheriidae_Dromiciops_gliroides       0.0863800 0.0975226 0.0858327 0.0901102 0.0894924 0.1044324 0.0836144 0.0873545 0.0882380 0.1098480 0.0870100 0.1015504 0.1089303 0.0864449 0.0823347 0.1019970 0.1067781 0.0920960 0.1101168 0.0870590 0.0932451 0.1117141 0.1168647 0.1084255 0.0928840 0.0000000 0.0893708 0.0863377 0.0849005 0.0988171 0.0832445 0.0848578 0.1042882 0.1029128 0.1122888 
Pseudochiridae_Petauroides_volans            0.0581234 0.0870432 0.0663903 0.0596787 0.0603303 0.0965524 0.0568134 0.0577850 0.0594439 0.0982830 0.0572661 0.0981027 0.0972715 0.0585963 0.0468937 0.0984300 0.0983980 0.0863399 0.0997018 0.0589367 0.0370090 0.1138761 0.1149301 0.1011746 0.0652085 0.0893708 0.0000000 0.0619463 0.0326236 0.0585546 0.0481088 0.0571787 0.0957100 0.0968664 0.1002866 
Macropodidae_Wallabia_bicolor                0.0633957 0.0896959 0.0665253 0.0240743 0.0238148 0.0924765 0.0590664 0.0594611 0.0230798 0.1000212 0.0582338 0.0942903 0.0950525 0.0609342 0.0586796 0.0948533 0.0932725 0.0856728 0.1024531 0.0146200 0.0654057 0.1165950 0.1203978 0.0979892 0.0440427 0.0863377 0.0619463 0.0000000 0.0607480 0.0744253 0.0581593 0.0589364 0.0969563 0.0914464 0.1021602 
Pseudochiridae_Pseudocheirus_occidentalis    0.0593547 0.0928854 0.0680118 0.0594523 0.0603675 0.0958732 0.0540428 0.0575796 0.0605238 0.1021474 0.0559475 0.0952387 0.0972401 0.0567002 0.0498502 0.0966369 0.0976790 0.0862696 0.1041904 0.0594942 0.0234601 0.1130814 0.1184164 0.0993540 0.0627658 0.0849005 0.0326236 0.0607480 0.0000000 0.0585093 0.0499685 0.0550984 0.0989849 0.0952016 0.1033281 
Tarsipedidae_Tarsipes_rostratus              0.0724331 0.1024910 0.0778330 0.0767650 0.0748353 0.1031403 0.0685186 0.0728548 0.0741455 0.1107740 0.0711630 0.1037867 0.1034145 0.0709571 0.0634265 0.1044184 0.1067388 0.0924937 0.1138534 0.0733604 0.0602238 0.1257949 0.1308959 0.1094624 0.0780934 0.0988171 0.0585546 0.0744253 0.0585093 0.0000000 0.0644176 0.0693907 0.1079957 0.1026932 0.1134664 
Acrobatidae_Distoechurus_pennatus            0.0549912 0.0827616 0.0610492 0.0569010 0.0580144 0.0905546 0.0504852 0.0535266 0.0580584 0.0930792 0.0512000 0.0904953 0.0935949 0.0527231 0.0325284 0.0916985 0.0923293 0.0787974 0.0973537 0.0555721 0.0514976 0.1091221 0.1107677 0.0952357 0.0597430 0.0832445 0.0481088 0.0581593 0.0499685 0.0644176 0.0000000 0.0491803 0.0931331 0.0896515 0.0951418 
Phalangeridae_Phalanger_carmelitae           0.0530430 0.0822827 0.0596769 0.0585707 0.0585381 0.0856028 0.0233286 0.0148193 0.0580142 0.0932781 0.0157217 0.0880185 0.0927198 0.0071994 0.0518903 0.0886321 0.0886503 0.0820703 0.0945998 0.0579589 0.0579032 0.1037948 0.1076740 0.0906963 0.0619620 0.0848578 0.0571787 0.0589364 0.0550984 0.0693907 0.0491803 0.0000000 0.0928797 0.0859484 0.0970213 
Peramelidae_Peroryctes_raffrayana            0.1010347 0.0988275 0.0940282 0.0951909 0.0947644 0.1031545 0.0941188 0.0940185 0.0913387 0.0161663 0.0909759 0.1013581 0.1062028 0.0952071 0.0933581 0.1034451 0.1033265 0.0872643 0.0154857 0.0939277 0.1015624 0.1290606 0.1255596 0.1084951 0.0993174 0.1042882 0.0957100 0.0969563 0.0989849 0.1079957 0.0931331 0.0928797 0.0000000 0.1049543 0.0176046 
Dasyuridae_Dasyurus_geffroii                 0.0921216 0.0921767 0.0925689 0.0932364 0.0919926 0.0060331 0.0851669 0.0884987 0.0924774 0.1032346 0.0859969 0.0230310 0.0344372 0.0867165 0.0857677 0.0240454 0.0107326 0.0273681 0.1062648 0.0884647 0.0970825 0.1246117 0.1308176 0.0243597 0.0954016 0.1029128 0.0968664 0.0914464 0.0952016 0.1026932 0.0896515 0.0859484 0.1049543 0.0000000 0.1065379 
Peramelidae_Perameles_gunnii                 0.1028623 0.0994515 0.0995049 0.1006156 0.1009145 0.1053648 0.0954541 0.0996720 0.0981230 0.0024159 0.0968705 0.1017746 0.1073336 0.0993327 0.0948559 0.1029017 0.1070490 0.0905803 0.0175823 0.0983220 0.1080825 0.1324160 0.1308479 0.1084054 0.1032527 0.1122888 0.1002866 0.1021602 0.1033281 0.1134664 0.0951418 0.0970213 0.0176046 0.1065379 0.0000000 
