35
Burramyidae_Burramys_parvus                  0.0000000 0.1289907 0.0626240 0.0591216 0.0581521 0.1104977 0.0587462 0.0648830 0.0609576 0.1213553 0.0615600 0.1104314 0.1338007 0.0603769 0.0705753 0.1093708 0.1132197 0.1224297 0.1132007 0.0565332 0.0952520 0.1347338 0.1455559 0.1141438 0.0615292 0.0769931 0.0708039 0.0548137 0.0712472 0.1182373 0.0731261 0.0637723 0.1196524 0.1112238 0.1203604 
Notoryctidae_Notoryctes_typhlops             0.1289907 0.0000000 0.1709164 0.1680723 0.1591716 0.2015013 0.1672292 0.1719803 0.1776696 0.2346210 0.1703401 0.1973232 0.2160788 0.1660577 0.2002500 0.1911500 0.1990362 0.1564217 0.1883356 0.1583488 0.1737648 0.2458278 0.2273067 0.1972191 0.1763587 0.1858083 0.1636784 0.1535374 0.1738489 0.1968276 0.1731727 0.1684870 0.1930683 0.1991438 0.2339016 
Vombatidae_Lasiorhinus_latifrons             0.0626240 0.1709164 0.0000000 0.0760078 0.0758687 0.1252820 0.0755408 0.0770971 0.0817801 0.1936585 0.0764003 0.1241187 0.1398124 0.0767291 0.0787457 0.1316355 0.1213830 0.1062430 0.1527995 0.0734659 0.1037860 0.1492864 0.1555338 0.1262729 0.0664663 0.0942946 0.0770422 0.0692577 0.0829490 0.1247080 0.0838817 0.0794095 0.1529514 0.1221626 0.1730554 
Potoroidae_Bettongia_penicillata             0.0591216 0.1680723 0.0760078 0.0000000 0.0072259 0.1281739 0.0697162 0.0646491 0.0225673 0.2075628 0.0644709 0.1236973 0.1437798 0.0650094 0.0882183 0.1313427 0.1294598 0.1097873 0.1723126 0.0228471 0.0948657 0.1606072 0.1606187 0.1301499 0.0365330 0.0969240 0.0711438 0.0215252 0.0861183 0.1139577 0.0765318 0.0676104 0.1665810 0.1267065 0.1851555 
Potoroidae_Bettongia_lesueur                 0.0581521 0.1591716 0.0758687 0.0072259 0.0000000 0.1251643 0.0671333 0.0631617 0.0236813 0.2066296 0.0612607 0.1217420 0.1438165 0.0626003 0.0909393 0.1284788 0.1249335 0.1130892 0.1717788 0.0209521 0.0937940 0.1570252 0.1539163 0.1268679 0.0374202 0.1006865 0.0697727 0.0196425 0.0874613 0.1123856 0.0733531 0.0651400 0.1683132 0.1237191 0.1838532 
Dasyuridae_Dasyurus_maculatus                0.1104977 0.2015013 0.1252820 0.1281739 0.1251643 0.0000000 0.1237340 0.1158332 0.1462760 0.2526529 0.1167157 0.0246880 0.0479542 0.1180983 0.1380341 0.0291937 0.0078930 0.0355104 0.2034248 0.1213798 0.1500463 0.1911029 0.1772803 0.0283611 0.1300550 0.1508408 0.1216940 0.1203015 0.1314769 0.1677717 0.1376558 0.1185667 0.2003987 0.0073160 0.2300866 
Phalangeridae_Trichosurus_vulpecula          0.0587462 0.1672292 0.0755408 0.0697162 0.0671333 0.1237340 0.0000000 0.0191445 0.0835356 0.1950583 0.0196769 0.1229254 0.1464416 0.0219669 0.0855885 0.1289117 0.1227010 0.1112472 0.1634005 0.0653371 0.0883992 0.1549598 0.1400157 0.1241749 0.0718240 0.1050766 0.0624531 0.0608422 0.0796599 0.1129140 0.0731762 0.0226424 0.1617391 0.1215176 0.1743033 
Phalangeridae_Spilocuscus_maculatus          0.0648830 0.1719803 0.0770971 0.0646491 0.0631617 0.1158332 0.0191445 0.0000000 0.0834843 0.2073720 0.0075830 0.1164608 0.1445403 0.0081422 0.0895531 0.1238344 0.1163376 0.1042195 0.1726266 0.0599400 0.0917975 0.1575301 0.1420903 0.1197320 0.0711194 0.1009686 0.0612182 0.0594200 0.0804860 0.1129293 0.0719158 0.0087234 0.1706358 0.1144890 0.1858903 
Potoroidae_Aepyprymnus_rufescens             0.0609576 0.1776696 0.0817801 0.0225673 0.0236813 0.1462760 0.0835356 0.0834843 0.0000000 0.1938972 0.0812377 0.1384946 0.1599432 0.0825943 0.0796135 0.1449077 0.1435427 0.1102121 0.1537508 0.0328205 0.1129446 0.1860109 0.1759489 0.1425729 0.0402703 0.1107756 0.0857769 0.0322490 0.0963421 0.1256831 0.0876307 0.0853512 0.1501715 0.1429548 0.1746934 
Peramelidae_Perameles_nasuta                 0.1213553 0.2346210 0.1936585 0.2075628 0.2066296 0.2526529 0.1950583 0.2073720 0.1938972 0.0000000 0.2061362 0.2447004 0.2734758 0.2040907 0.2189235 0.2534567 0.2564383 0.1396831 0.0799160 0.2003944 0.2224708 0.2707980 0.2558842 0.2492721 0.1881231 0.1808756 0.1979747 0.1963839 0.2031619 0.2518840 0.2163190 0.2061290 0.0692104 0.2535895 0.0104912 
Phalangeridae_Strigocuscus_pelengensis       0.0615600 0.1703401 0.0764003 0.0644709 0.0612607 0.1167157 0.0196769 0.0075830 0.0812377 0.2061362 0.0000000 0.1173278 0.1455639 0.0085079 0.0914940 0.1218726 0.1172196 0.1054267 0.1690442 0.0582206 0.0916355 0.1634657 0.1425367 0.1192950 0.0719657 0.1027267 0.0623129 0.0572557 0.0831776 0.1142507 0.0721905 0.0088118 0.1678611 0.1160646 0.1846677 
Dasyuridae_Phascogale_tapoatafa              0.1104314 0.1973232 0.1241187 0.1236973 0.1217420 0.0246880 0.1229254 0.1164608 0.1384946 0.2447004 0.1173278 0.0000000 0.0417530 0.1184437 0.1383075 0.0081974 0.0208594 0.0307902 0.2060323 0.1199619 0.1526773 0.1858591 0.1734031 0.0149514 0.1299579 0.1403531 0.1207126 0.1189037 0.1342151 0.1589773 0.1342254 0.1199923 0.2006702 0.0198161 0.2215061 
Dasyuridae_Sminthopsis_macroura              0.1338007 0.2160788 0.1398124 0.1437798 0.1438165 0.0479542 0.1464416 0.1445403 0.1599432 0.2734758 0.1455639 0.0417530 0.0000000 0.1420781 0.1510568 0.0388136 0.0443210 0.0400330 0.2149959 0.1453457 0.1756751 0.2074808 0.2006042 0.0520053 0.1469087 0.1720073 0.1417806 0.1427466 0.1513999 0.1837973 0.1582158 0.1437615 0.2126714 0.0454495 0.2486712 
Phalangeridae_Phalanger_orientalis           0.0603769 0.1660577 0.0767291 0.0650094 0.0626003 0.1180983 0.0219669 0.0081422 0.0825943 0.2040907 0.0085079 0.1184437 0.1420781 0.0000000 0.0887259 0.1250445 0.1159104 0.1085154 0.1685150 0.0602017 0.0910884 0.1610987 0.1443896 0.1207926 0.0703575 0.0998917 0.0603589 0.0597526 0.0827652 0.1082426 0.0706304 0.0024098 0.1674657 0.1152631 0.1837454 
Acrobatidae_Acrobates_pygmaeus               0.0705753 0.2002500 0.0787457 0.0882183 0.0909393 0.1380341 0.0855885 0.0895531 0.0796135 0.2189235 0.0914940 0.1383075 0.1510568 0.0887259 0.0000000 0.1450712 0.1370422 0.1113720 0.1561833 0.0867645 0.0979627 0.1787879 0.1698947 0.1387300 0.0783221 0.1124364 0.0710517 0.0841158 0.0850229 0.1262384 0.0520629 0.0890011 0.1540576 0.1366498 0.1987840 
Dasyuridae_Phascogale_calura                 0.1093708 0.1911500 0.1316355 0.1313427 0.1284788 0.0291937 0.1289117 0.1238344 0.1449077 0.2534567 0.1218726 0.0081974 0.0388136 0.1250445 0.1450712 0.0000000 0.0254823 0.0312488 0.2036142 0.1266959 0.1520377 0.2004596 0.1818526 0.0188350 0.1339599 0.1476941 0.1285453 0.1251605 0.1346682 0.1713239 0.1413059 0.1265934 0.2038618 0.0236321 0.2261539 
Dasyuridae_Sarcophilus_harrisii              0.1132197 0.1990362 0.1213830 0.1294598 0.1249335 0.0078930 0.1227010 0.1163376 0.1435427 0.2564383 0.1172196 0.0208594 0.0443210 0.1159104 0.1370422 0.0254823 0.0000000 0.0339297 0.2062811 0.1226710 0.1484487 0.1902755 0.1760927 0.0255187 0.1277793 0.1414426 0.1200981 0.1201059 0.1304786 0.1645961 0.1374899 0.1163773 0.2040122 0.0058261 0.2338884 
Dasyuridae_Planigale_tenuirostris            0.1224297 0.1564217 0.1062430 0.1097873 0.1130892 0.0355104 0.1112472 0.1042195 0.1102121 0.1396831 0.1054267 0.0307902 0.0400330 0.1085154 0.1113720 0.0312488 0.0339297 0.0000000 0.1387375 0.1081683 0.1369187 0.1483063 0.1550792 0.0335962 0.1035506 0.1014255 0.1099751 0.1089663 0.1082897 0.1329154 0.1207776 0.1086853 0.1337540 0.0334379 0.1376904 
Peramelidae_Echymipera_kalubu                0.1132007 0.1883356 0.1527995 0.1723126 0.1717788 0.2034248 0.1634005 0.1726266 0.1537508 0.0799160 0.1690442 0.2060323 0.2149959 0.1685150 0.1561833 0.2036142 0.2062811 0.1387375 0.0000000 0.1642101 0.1739261 0.2154290 0.2144545 0.2051004 0.1554433 0.1788737 0.1634673 0.1585358 0.1596759 0.2156047 0.1740717 0.1704674 0.0111189 0.2054611 0.0673046 
Macropodidae_Dorcopsulus_vanheurni           0.0565332 0.1583488 0.0734659 0.0228471 0.0209521 0.1213798 0.0653371 0.0599400 0.0328205 0.2003944 0.0582206 0.1199619 0.1453457 0.0602017 0.0867645 0.1266959 0.1226710 0.1081683 0.1642101 0.0000000 0.0872469 0.1535802 0.1541613 0.1225661 0.0368552 0.1003684 0.0639020 0.0093216 0.0840321 0.1110669 0.0701239 0.0622680 0.1638006 0.1214585 0.1789246 
Pseudochiridae_Pseudochirulus_forbesi        0.0952520 0.1737648 0.1037860 0.0948657 0.0937940 0.1500463 0.0883992 0.0917975 0.1129446 0.2224708 0.0916355 0.1526773 0.1756751 0.0910884 0.0979627 0.1520377 0.1484487 0.1369187 0.1739261 0.0872469 0.0000000 0.1540441 0.1638137 0.1517008 0.0989338 0.1194157 0.0464904 0.0858108 0.0370805 0.1341442 0.0838619 0.0911206 0.1738845 0.1499703 0.2003524 
Didelphidae_Didelphis_virginiana             0.1347338 0.2458278 0.1492864 0.1606072 0.1570252 0.1911029 0.1549598 0.1575301 0.1860109 0.2707980 0.1634657 0.1858591 0.2074808 0.1610987 0.1787879 0.2004596 0.1902755 0.1483063 0.2154290 0.1535802 0.1540441 0.0000000 0.0496003 0.1881655 0.1592452 0.1626658 0.1359256 0.1499727 0.1688895 0.2128814 0.1621926 0.1607136 0.2087482 0.1909150 0.2460729 
Marmosidae_Monodelphis_domestica             0.1455559 0.2273067 0.1555338 0.1606187 0.1539163 0.1772803 0.1400157 0.1420903 0.1759489 0.2558842 0.1425367 0.1734031 0.2006042 0.1443896 0.1698947 0.1818526 0.1760927 0.1550792 0.2144545 0.1541613 0.1638137 0.0496003 0.0000000 0.1835566 0.1567701 0.1378622 0.1386754 0.1481501 0.1616557 0.1942788 0.1619682 0.1437091 0.2149225 0.1748319 0.2388408 
Dasyuridae_Antechinus_stuartii               0.1141438 0.1972191 0.1262729 0.1301499 0.1268679 0.0283611 0.1241749 0.1197320 0.1425729 0.2492721 0.1192950 0.0149514 0.0520053 0.1207926 0.1387300 0.0188350 0.0255187 0.0335962 0.2051004 0.1225661 0.1517008 0.1881655 0.1835566 0.0000000 0.1279950 0.1485362 0.1243496 0.1225438 0.1354118 0.1699714 0.1365256 0.1225309 0.2030188 0.0248326 0.2258992 
Hypsiprymnodontidae_Hypsiprymnodon_moschatus 0.0615292 0.1763587 0.0664663 0.0365330 0.0374202 0.1300550 0.0718240 0.0711194 0.0402703 0.1881231 0.0719657 0.1299579 0.1469087 0.0703575 0.0783221 0.1339599 0.1277793 0.1035506 0.1554433 0.0368552 0.0989338 0.1592452 0.1567701 0.1279950 0.0000000 0.0957010 0.0744900 0.0344401 0.0800329 0.1194983 0.0803654 0.0735781 0.1525921 0.1278050 0.1655968 
Microbiotheriidae_Dromiciops_gliroides       0.0769931 0.1858083 0.0942946 0.0969240 0.1006865 0.1508408 0.1050766 0.1009686 0.1107756 0.1808756 0.1027267 0.1403531 0.1720073 0.0998917 0.1124364 0.1476941 0.1414426 0.1014255 0.1788737 0.1003684 0.1194157 0.1626658 0.1378622 0.1485362 0.0957010 0.0000000 0.0967924 0.0973622 0.1057852 0.1628997 0.1080371 0.1017404 0.1709724 0.1437567 0.1855012 
Pseudochiridae_Petauroides_volans            0.0708039 0.1636784 0.0770422 0.0711438 0.0697727 0.1216940 0.0624531 0.0612182 0.0857769 0.1979747 0.0623129 0.1207126 0.1417806 0.0603589 0.0710517 0.1285453 0.1200981 0.1099751 0.1634673 0.0639020 0.0464904 0.1359256 0.1386754 0.1243496 0.0744900 0.0967924 0.0000000 0.0625974 0.0432365 0.0978187 0.0665850 0.0607337 0.1618915 0.1181477 0.1810605 
Macropodidae_Wallabia_bicolor                0.0548137 0.1535374 0.0692577 0.0215252 0.0196425 0.1203015 0.0608422 0.0594200 0.0322490 0.1963839 0.0572557 0.1189037 0.1427466 0.0597526 0.0841158 0.1251605 0.1201059 0.1089663 0.1585358 0.0093216 0.0858108 0.1499727 0.1481501 0.1225438 0.0344401 0.0973622 0.0625974 0.0000000 0.0819687 0.1072442 0.0669736 0.0623349 0.1597478 0.1189898 0.1764232 
Pseudochiridae_Pseudocheirus_occidentalis    0.0712472 0.1738489 0.0829490 0.0861183 0.0874613 0.1314769 0.0796599 0.0804860 0.0963421 0.2031619 0.0831776 0.1342151 0.1513999 0.0827652 0.0850229 0.1346682 0.1304786 0.1082897 0.1596759 0.0840321 0.0370805 0.1688895 0.1616557 0.1354118 0.0800329 0.1057852 0.0432365 0.0819687 0.0000000 0.1218223 0.0749100 0.0841233 0.1597922 0.1307484 0.1828839 
Tarsipedidae_Tarsipes_rostratus              0.1182373 0.1968276 0.1247080 0.1139577 0.1123856 0.1677717 0.1129140 0.1129293 0.1256831 0.2518840 0.1142507 0.1589773 0.1837973 0.1082426 0.1262384 0.1713239 0.1645961 0.1329154 0.2156047 0.1110669 0.1341442 0.2128814 0.1942788 0.1699714 0.1194983 0.1628997 0.0978187 0.1072442 0.1218223 0.0000000 0.1046446 0.1101297 0.2078834 0.1581711 0.2359375 
Acrobatidae_Distoechurus_pennatus            0.0731261 0.1731727 0.0838817 0.0765318 0.0733531 0.1376558 0.0731762 0.0719158 0.0876307 0.2163190 0.0721905 0.1342254 0.1582158 0.0706304 0.0520629 0.1413059 0.1374899 0.1207776 0.1740717 0.0701239 0.0838619 0.1621926 0.1619682 0.1365256 0.0803654 0.1080371 0.0665850 0.0669736 0.0749100 0.1046446 0.0000000 0.0719711 0.1747768 0.1353198 0.1963198 
Phalangeridae_Phalanger_carmelitae           0.0637723 0.1684870 0.0794095 0.0676104 0.0651400 0.1185667 0.0226424 0.0087234 0.0853512 0.2061290 0.0088118 0.1199923 0.1437615 0.0024098 0.0890011 0.1265934 0.1163773 0.1086853 0.1704674 0.0622680 0.0911206 0.1607136 0.1437091 0.1225309 0.0735781 0.1017404 0.0607337 0.0623349 0.0841233 0.1101297 0.0719711 0.0000000 0.1696431 0.1157305 0.1857777 
Peramelidae_Peroryctes_raffrayana            0.1196524 0.1930683 0.1529514 0.1665810 0.1683132 0.2003987 0.1617391 0.1706358 0.1501715 0.0692104 0.1678611 0.2006702 0.2126714 0.1674657 0.1540576 0.2038618 0.2040122 0.1337540 0.0111189 0.1638006 0.1738845 0.2087482 0.2149225 0.2030188 0.1525921 0.1709724 0.1618915 0.1597478 0.1597922 0.2078834 0.1747768 0.1696431 0.0000000 0.2031843 0.0548908 
Dasyuridae_Dasyurus_geffroii                 0.1112238 0.1991438 0.1221626 0.1267065 0.1237191 0.0073160 0.1215176 0.1144890 0.1429548 0.2535895 0.1160646 0.0198161 0.0454495 0.1152631 0.1366498 0.0236321 0.0058261 0.0334379 0.2054611 0.1214585 0.1499703 0.1909150 0.1748319 0.0248326 0.1278050 0.1437567 0.1181477 0.1189898 0.1307484 0.1581711 0.1353198 0.1157305 0.2031843 0.0000000 0.2288751 
Peramelidae_Perameles_gunnii                 0.1203604 0.2339016 0.1730554 0.1851555 0.1838532 0.2300866 0.1743033 0.1858903 0.1746934 0.0104912 0.1846677 0.2215061 0.2486712 0.1837454 0.1987840 0.2261539 0.2338884 0.1376904 0.0673046 0.1789246 0.2003524 0.2460729 0.2388408 0.2258992 0.1655968 0.1855012 0.1810605 0.1764232 0.1828839 0.2359375 0.1963198 0.1857777 0.0548908 0.2288751 0.0000000 
