37
Burramyidae_Burramys_parvus                  0.0000000 0.0730883 0.0295332 0.0522125 0.0539635 0.0951470 0.0365392 0.0360173 0.0577860 0.0923859 0.0359597 0.0941152 0.0972533 0.0369680 0.0485141 0.0800881 0.0917666 0.0875000 0.0873802 0.0519800 0.0568085 0.0853634 0.0724486 0.0872787 0.0533660 0.0601628 0.0492166 0.0494047 0.0539731 0.0650088 0.0523605 0.0377701 0.0901057 0.0764841 0.0921633 0.0898605 0.0898605 
Notoryctidae_Notoryctes_typhlops             0.0730883 0.0000000 0.0518908 0.0826825 0.0844385 0.1151126 0.0740470 0.0681433 0.0900514 0.1012900 0.0696497 0.1111701 0.1192017 0.0735426 0.0834663 0.0951689 0.1116902 0.1025568 0.0989784 0.0857599 0.0814392 0.1028174 0.0903857 0.0957839 0.0876255 0.0784321 0.0848803 0.0835283 0.0870133 0.1009099 0.0841671 0.0739591 0.1001390 0.0983386 0.0993319 0.1601875 0.1601875 
Vombatidae_Lasiorhinus_latifrons             0.0295332 0.0518908 0.0000000 0.0406836 0.0416245 0.0716814 0.0280705 0.0279068 0.0479913 0.0643068 0.0313465 0.0711520 0.0752568 0.0312619 0.0403602 0.0715149 0.0718036 0.0805037 0.0611039 0.0397085 0.0439771 0.0643257 0.0631194 0.0777458 0.0429962 0.0502301 0.0395661 0.0376027 0.0399818 0.0514908 0.0419031 0.0316871 0.0609413 0.0692910 0.0640160 9.0000000 9.0000000 
Potoroidae_Bettongia_penicillata             0.0522125 0.0826825 0.0406836 0.0000000 0.0035144 0.1080661 0.0486349 0.0503473 0.0145340 0.1063457 0.0506546 0.1041539 0.1094755 0.0526357 0.0583017 0.0886520 0.1053504 0.1028560 0.0985986 0.0219202 0.0642532 0.0998636 0.0799495 0.0981812 0.0434611 0.0689936 0.0627252 0.0221224 0.0611329 0.0732211 0.0622861 0.0536289 0.1023099 0.0876528 0.1067763 0.0878876 0.0878876 
Potoroidae_Bettongia_lesueur                 0.0539635 0.0844385 0.0416245 0.0035144 0.0000000 0.1111944 0.0498994 0.0516133 0.0159144 0.1061612 0.0517792 0.1070548 0.1102359 0.0531354 0.0603256 0.0912110 0.1082499 0.1060934 0.0995291 0.0239659 0.0654958 0.1003913 0.0803626 0.1008075 0.0450322 0.0696242 0.0635071 0.0242222 0.0624789 0.0753482 0.0647207 0.0548939 0.1024329 0.0901941 0.1063656 0.1073946 0.1073946 
Dasyuridae_Dasyurus_maculatus                0.0951470 0.1151126 0.0716814 0.1080661 0.1111944 0.0000000 0.0904887 0.0884911 0.1153478 0.1255895 0.0916590 0.0236110 0.0353709 0.0904643 0.0981969 0.0180154 0.0158884 0.0291326 0.1262900 0.1063209 0.1032777 0.1249101 0.1037055 0.0216113 0.1095389 0.0908605 0.1044510 0.1073190 0.1028104 0.1107634 0.1049613 0.0920428 0.1260528 0.0094099 0.1262710 0.0384737 0.0384737 
Phalangeridae_Trichosurus_vulpecula          0.0365392 0.0740470 0.0280705 0.0486349 0.0498994 0.0904887 0.0000000 0.0154050 0.0574845 0.0905246 0.0177334 0.0883189 0.0897647 0.0205057 0.0468823 0.0748022 0.0889689 0.0830932 0.0864390 0.0459043 0.0515691 0.0889548 0.0697669 0.0827529 0.0494459 0.0544083 0.0463029 0.0441477 0.0491825 0.0627799 0.0490209 0.0188580 0.0862669 0.0714530 0.0909058 0.0825304 0.0825304 
Phalangeridae_Spilocuscus_maculatus          0.0360173 0.0681433 0.0279068 0.0503473 0.0516133 0.0884911 0.0154050 0.0000000 0.0588142 0.0895971 0.0087408 0.0867274 0.0895097 0.0120513 0.0436569 0.0731510 0.0867514 0.0818247 0.0845324 0.0473548 0.0504689 0.0853504 0.0672854 0.0777995 0.0506437 0.0533267 0.0459582 0.0452958 0.0502996 0.0629725 0.0497462 0.0103662 0.0851064 0.0711323 0.0889697 0.0912239 0.0912239 
Potoroidae_Aepyprymnus_rufescens             0.0577860 0.0900514 0.0479913 0.0145340 0.0159144 0.1153478 0.0574845 0.0588142 0.0000000 0.1123590 0.0589691 0.1111366 0.1155889 0.0603821 0.0685226 0.0954689 0.1113960 0.1084337 0.1038010 0.0268928 0.0717695 0.1069675 0.0864159 0.1065487 0.0480055 0.0752119 0.0693220 0.0271642 0.0672931 0.0813078 0.0706776 0.0622355 0.1068008 0.0944071 0.1118890 0.1177973 0.1177973 
Peramelidae_Perameles_nasuta                 0.0923859 0.1012900 0.0643068 0.1063457 0.1061612 0.1255895 0.0905246 0.0895971 0.1123590 0.0000000 0.0913268 0.1272444 0.1321018 0.0940126 0.1012790 0.1097183 0.1274203 0.1229477 0.0203067 0.1046151 0.1047188 0.1259847 0.1049404 0.1166933 0.1091280 0.0977634 0.1029411 0.1037141 0.1039359 0.1178896 0.1056039 0.0940304 0.0236898 0.1074921 0.0032258 0.0685560 0.0685560 
Phalangeridae_Strigocuscus_pelengensis       0.0359597 0.0696497 0.0313465 0.0506546 0.0517792 0.0916590 0.0177334 0.0087408 0.0589691 0.0913268 0.0000000 0.0887957 0.0917462 0.0098183 0.0447758 0.0760880 0.0899371 0.0873073 0.0866410 0.0487937 0.0509721 0.0884967 0.0694568 0.0810184 0.0519766 0.0582576 0.0488329 0.0453502 0.0508314 0.0633303 0.0500974 0.0094912 0.0875152 0.0739209 0.0906690 0.0748867 0.0748867 
Dasyuridae_Phascogale_tapoatafa              0.0941152 0.1111701 0.0711520 0.1041539 0.1070548 0.0236110 0.0883189 0.0867274 0.1111366 0.1272444 0.0887957 0.0000000 0.0305823 0.0896969 0.0959407 0.0032757 0.0195025 0.0274407 0.1271539 0.1038967 0.1034256 0.1239107 0.1029496 0.0120134 0.1071417 0.0944688 0.1054724 0.1036293 0.1020266 0.1105394 0.1000091 0.0912557 0.1262111 0.0145911 0.1282494 0.0154509 0.0154509 
Dasyuridae_Sminthopsis_macroura              0.0972533 0.1192017 0.0752568 0.1094755 0.1102359 0.0353709 0.0897647 0.0895097 0.1155889 0.1321018 0.0917462 0.0305823 0.0000000 0.0917441 0.0999985 0.0239845 0.0287784 0.0245301 0.1337057 0.1097050 0.1061231 0.1287163 0.1055192 0.0289116 0.1098438 0.0978341 0.1068140 0.1094421 0.1073089 0.1122589 0.1082943 0.0935849 0.1316013 0.0209181 0.1331306 0.0626229 0.0626229 
Phalangeridae_Phalanger_orientalis           0.0369680 0.0735426 0.0312619 0.0526357 0.0531354 0.0904643 0.0205057 0.0120513 0.0603821 0.0940126 0.0098183 0.0896969 0.0917441 0.0000000 0.0477685 0.0754243 0.0884752 0.0866273 0.0883479 0.0516708 0.0539482 0.0877455 0.0703909 0.0817933 0.0532915 0.0581433 0.0505424 0.0482879 0.0530283 0.0629157 0.0520150 0.0073217 0.0889378 0.0714717 0.0943134 0.0927974 0.0927974 
Acrobatidae_Acrobates_pygmaeus               0.0485141 0.0834663 0.0403602 0.0583017 0.0603256 0.0981969 0.0468823 0.0436569 0.0685226 0.1012790 0.0447758 0.0959407 0.0999985 0.0477685 0.0000000 0.0799973 0.0980106 0.0949234 0.0984723 0.0624181 0.0594134 0.0983534 0.0802170 0.0899159 0.0642834 0.0720039 0.0522042 0.0614805 0.0545586 0.0685922 0.0327197 0.0465110 0.0987121 0.0803558 0.1008348 0.0612027 0.0612027 
Dasyuridae_Phascogale_calura                 0.0800881 0.0951689 0.0715149 0.0886520 0.0912110 0.0180154 0.0748022 0.0731510 0.0954689 0.1097183 0.0760880 0.0032757 0.0239845 0.0754243 0.0799973 0.0000000 0.0149955 0.0274859 0.1097548 0.0877400 0.0865629 0.1082675 0.1034759 0.0123890 0.0922751 0.0953400 0.0885565 0.0869037 0.0861937 0.0948244 0.0839609 0.0779433 0.1080532 0.0150033 0.1102995 9.0000000 9.0000000 
Dasyuridae_Sarcophilus_harrisii              0.0917666 0.1116902 0.0718036 0.1053504 0.1082499 0.0158884 0.0889689 0.0867514 0.1113960 0.1274203 0.0899371 0.0195025 0.0287784 0.0884752 0.0980106 0.0149955 0.0000000 0.0256982 0.1281719 0.1058362 0.1040318 0.1240046 0.1031031 0.0189612 0.1058796 0.0947184 0.1041164 0.1057926 0.1023430 0.1104609 0.1024588 0.0902431 0.1250340 0.0102732 0.1281506 0.0331702 0.0331702 
Dasyuridae_Planigale_tenuirostris            0.0875000 0.1025568 0.0805037 0.1028560 0.1060934 0.0291326 0.0830932 0.0818247 0.1084337 0.1229477 0.0873073 0.0274407 0.0245301 0.0866273 0.0949234 0.0274859 0.0256982 0.0000000 0.1201131 0.1004162 0.0968729 0.1110502 0.1175341 0.0303520 0.1017808 0.1004187 0.0964812 0.0988857 0.0981730 0.1064276 0.1005801 0.0851737 0.1198819 0.0268349 0.1241620 9.0000000 9.0000000 
Peramelidae_Echymipera_kalubu                0.0873802 0.0989784 0.0611039 0.0985986 0.0995291 0.1262900 0.0864390 0.0845324 0.1038010 0.0203067 0.0866410 0.1271539 0.1337057 0.0883479 0.0984723 0.1097548 0.1281719 0.1201131 0.0000000 0.0963436 0.0982431 0.1180373 0.1005236 0.1178484 0.1028878 0.0886478 0.0998180 0.0971549 0.0995142 0.1104413 0.0981883 0.0888577 0.0154741 0.1086089 0.0207073 0.0754847 0.0754847 
Macropodidae_Dorcopsulus_vanheurni           0.0519800 0.0857599 0.0397085 0.0219202 0.0239659 0.1063209 0.0459043 0.0473548 0.0268928 0.1046151 0.0487937 0.1038967 0.1097050 0.0516708 0.0624181 0.0877400 0.1058362 0.1004162 0.0963436 0.0000000 0.0635077 0.0985618 0.0800767 0.0966681 0.0415746 0.0679531 0.0622751 0.0069392 0.0607846 0.0723290 0.0638900 0.0510224 0.0986393 0.0863164 0.1042962 0.1044130 0.1044130 
Pseudochiridae_Pseudochirulus_forbesi        0.0568085 0.0814392 0.0439771 0.0642532 0.0654958 0.1032777 0.0515691 0.0504689 0.0717695 0.1047188 0.0509721 0.1034256 0.1061231 0.0539482 0.0594134 0.0865629 0.1040318 0.0968729 0.0982431 0.0635077 0.0000000 0.0977906 0.0809125 0.0930932 0.0661801 0.0701670 0.0373366 0.0633104 0.0235021 0.0667290 0.0638201 0.0541644 0.1005588 0.0849491 0.1032927 0.0825304 0.0825304 
Didelphidae_Didelphis_virginiana             0.0853634 0.1028174 0.0643257 0.0998636 0.1003913 0.1249101 0.0889548 0.0853504 0.1069675 0.1259847 0.0884967 0.1239107 0.1287163 0.0877455 0.0983534 0.1082675 0.1240046 0.1110502 0.1180373 0.0985618 0.0977906 0.0000000 0.0364014 0.1108870 0.1018864 0.0820724 0.0960333 0.0992410 0.0990463 0.1173296 0.1059072 0.0877926 0.1207893 0.1055763 0.1261195 0.0745768 0.0745768 
Marmosidae_Monodelphis_domestica             0.0724486 0.0903857 0.0631194 0.0799495 0.0803626 0.1037055 0.0697669 0.0672854 0.0864159 0.1049404 0.0694568 0.1029496 0.1055192 0.0703909 0.0802170 0.1034759 0.1031031 0.1175341 0.1005236 0.0800767 0.0809125 0.0364014 0.0000000 0.1099845 0.0818544 0.0848740 0.0805439 0.0782757 0.0830512 0.0978825 0.0818761 0.0708077 0.1020529 0.1015188 0.1049839 9.0000000 9.0000000 
Dasyuridae_Antechinus_stuartii               0.0872787 0.0957839 0.0777458 0.0981812 0.1008075 0.0216113 0.0827529 0.0777995 0.1065487 0.1166933 0.0810184 0.0120134 0.0289116 0.0817933 0.0899159 0.0123890 0.0189612 0.0303520 0.1178484 0.0966681 0.0930932 0.1108870 0.1099845 0.0000000 0.1005867 0.0947490 0.0952827 0.0958024 0.0938072 0.0999788 0.0961728 0.0844858 0.1160791 0.0192964 0.1172852 9.0000000 9.0000000 
Hypsiprymnodontidae_Hypsiprymnodon_moschatus 0.0533660 0.0876255 0.0429962 0.0434611 0.0450322 0.1095389 0.0494459 0.0506437 0.0480055 0.1091280 0.0519766 0.1071417 0.1098438 0.0532915 0.0642834 0.0922751 0.1058796 0.1017808 0.1028878 0.0415746 0.0661801 0.1018864 0.0818544 0.1005867 0.0000000 0.0730100 0.0651616 0.0403355 0.0628833 0.0755386 0.0661931 0.0543780 0.1067118 0.0889441 0.1087124 0.0814559 0.0814559 
Microbiotheriidae_Dromiciops_gliroides       0.0601628 0.0784321 0.0502301 0.0689936 0.0696242 0.0908605 0.0544083 0.0533267 0.0752119 0.0977634 0.0582576 0.0944688 0.0978341 0.0581433 0.0720039 0.0953400 0.0947184 0.1004187 0.0886478 0.0679531 0.0701670 0.0820724 0.0848740 0.0947490 0.0730100 0.0000000 0.0703938 0.0665900 0.0691113 0.0814162 0.0733263 0.0581777 0.0920487 0.0929595 0.0978033 9.0000000 9.0000000 
Pseudochiridae_Petauroides_volans            0.0492166 0.0848803 0.0395661 0.0627252 0.0635071 0.1044510 0.0463029 0.0459582 0.0693220 0.1029411 0.0488329 0.1054724 0.1068140 0.0505424 0.0522042 0.0885565 0.1041164 0.0964812 0.0998180 0.0622751 0.0373366 0.0960333 0.0805439 0.0952827 0.0651616 0.0703938 0.0000000 0.0610661 0.0346197 0.0649934 0.0594406 0.0498979 0.1002855 0.0855094 0.1028165 0.1301152 0.1301152 
Macropodidae_Wallabia_bicolor                0.0494047 0.0835283 0.0376027 0.0221224 0.0242222 0.1073190 0.0441477 0.0452958 0.0271642 0.1037141 0.0453502 0.1036293 0.1094421 0.0482879 0.0614805 0.0869037 0.1057926 0.0988857 0.0971549 0.0069392 0.0633104 0.0992410 0.0782757 0.0958024 0.0403355 0.0665900 0.0610661 0.0000000 0.0618816 0.0723719 0.0637475 0.0476133 0.0994972 0.0854905 0.1030806 0.1073946 0.1073946 
Pseudochiridae_Pseudocheirus_occidentalis    0.0539731 0.0870133 0.0399818 0.0611329 0.0624789 0.1028104 0.0491825 0.0502996 0.0672931 0.1039359 0.0508314 0.1020266 0.1073089 0.0530283 0.0545586 0.0861937 0.1023430 0.0981730 0.0995142 0.0607846 0.0235021 0.0990463 0.0830512 0.0938072 0.0628833 0.0691113 0.0346197 0.0618816 0.0000000 0.0668505 0.0612401 0.0531295 0.1016651 0.0840994 0.1028140 0.0927974 0.0927974 
Tarsipedidae_Tarsipes_rostratus              0.0650088 0.1009099 0.0514908 0.0732211 0.0753482 0.1107634 0.0627799 0.0629725 0.0813078 0.1178896 0.0633303 0.1105394 0.1122589 0.0629157 0.0685922 0.0948244 0.1104609 0.1064276 0.1104413 0.0723290 0.0667290 0.1173296 0.0978825 0.0999788 0.0755386 0.0814162 0.0649934 0.0723719 0.0668505 0.0000000 0.0745041 0.0646244 0.1141714 0.0910646 0.1174187 0.0695215 0.0695215 
Acrobatidae_Distoechurus_pennatus            0.0523605 0.0841671 0.0419031 0.0622861 0.0647207 0.1049613 0.0490209 0.0497462 0.0706776 0.1056039 0.0500974 0.1000091 0.1082943 0.0520150 0.0327197 0.0839609 0.1024588 0.1005801 0.0981883 0.0638900 0.0638201 0.1059072 0.0818761 0.0961728 0.0661931 0.0733263 0.0594406 0.0637475 0.0612401 0.0745041 0.0000000 0.0522460 0.0983814 0.0869436 0.1056377 0.1014861 0.1014861 
Phalangeridae_Phalanger_carmelitae           0.0377701 0.0739591 0.0316871 0.0536289 0.0548939 0.0920428 0.0188580 0.0103662 0.0622355 0.0940304 0.0094912 0.0912557 0.0935849 0.0073217 0.0465110 0.0779433 0.0902431 0.0851737 0.0888577 0.0510224 0.0541644 0.0877926 0.0708077 0.0844858 0.0543780 0.0581777 0.0498979 0.0476133 0.0531295 0.0646244 0.0522460 0.0000000 0.0884329 0.0748934 0.0943675 0.0742701 0.0742701 
Peramelidae_Peroryctes_raffrayana            0.0901057 0.1001390 0.0609413 0.1023099 0.1024329 0.1260528 0.0862669 0.0851064 0.1068008 0.0236898 0.0875152 0.1262111 0.1316013 0.0889378 0.0987121 0.1080532 0.1250340 0.1198819 0.0154741 0.0986393 0.1005588 0.1207893 0.1020529 0.1160791 0.1067118 0.0920487 0.1002855 0.0994972 0.1016651 0.1141714 0.0983814 0.0884329 0.0000000 0.1074607 0.0242377 0.0969045 0.0969045 
Dasyuridae_Dasyurus_geffroii                 0.0764841 0.0983386 0.0692910 0.0876528 0.0901941 0.0094099 0.0714530 0.0711323 0.0944071 0.1074921 0.0739209 0.0145911 0.0209181 0.0714717 0.0803558 0.0150033 0.0102732 0.0268349 0.1086089 0.0863164 0.0849491 0.1055763 0.1015188 0.0192964 0.0889441 0.0929595 0.0855094 0.0854905 0.0840994 0.0910646 0.0869436 0.0748934 0.1074607 0.0000000 0.1080733 9.0000000 9.0000000 
Peramelidae_Perameles_gunnii                 0.0921633 0.0993319 0.0640160 0.1067763 0.1063656 0.1262710 0.0909058 0.0889697 0.1118890 0.0032258 0.0906690 0.1282494 0.1331306 0.0943134 0.1008348 0.1102995 0.1281506 0.1241620 0.0207073 0.1042962 0.1032927 0.1261195 0.1049839 0.1172852 0.1087124 0.0978033 0.1028165 0.1030806 0.1028140 0.1174187 0.1056377 0.0943675 0.0242377 0.1080733 0.0000000 0.0837051 0.0837051 
Myrmecobiidae_Myrmecobius_fasciatus1         0.0898605 0.1601875 9.0000000 0.0878876 0.1073946 0.0384737 0.0825304 0.0912239 0.1177973 0.0685560 0.0748867 0.0154509 0.0626229 0.0927974 0.0612027 9.0000000 0.0331702 9.0000000 0.0754847 0.1044130 0.0825304 0.0745768 9.0000000 9.0000000 0.0814559 9.0000000 0.1301152 0.1073946 0.0927974 0.0695215 0.1014861 0.0742701 0.0969045 9.0000000 0.0837051 0.0000000 0.0000010 
Myrmecobiidae_Myrmecobius_fasciatus2         0.0898605 0.1601875 9.0000000 0.0878876 0.1073946 0.0384737 0.0825304 0.0912239 0.1177973 0.0685560 0.0748867 0.0154509 0.0626229 0.0927974 0.0612027 9.0000000 0.0331702 9.0000000 0.0754847 0.1044130 0.0825304 0.0745768 9.0000000 9.0000000 0.0814559 9.0000000 0.1301152 0.1073946 0.0927974 0.0695215 0.1014861 0.0742701 0.0969045 9.0000000 0.0837051 0.0000010 0.0000000 
