35
Burramyidae_Burramys_parvus                  0.0000000 0.0614304 0.0837399 0.0412589 0.0417154 0.0523247 0.0366815 0.0390232 0.0403011 0.0699937 0.0394838 0.0540471 0.0652083 0.0359551 0.0391819 0.0531537 0.0527675 0.0552203 0.0696061 0.0390208 0.0359626 0.0679570 0.0695622 0.0536168 0.0429870 0.0458855 0.0329242 0.0390624 0.0362836 0.0647954 0.0421644 0.0398149 0.0683570 0.0555219 0.0702647 
Notoryctidae_Notoryctes_typhlops             0.0614304 0.0000000 0.0981452 0.0576747 0.0591158 0.0624493 0.0549234 0.0579293 0.0570803 0.0730602 0.0593798 0.0607837 0.0691078 0.0554071 0.0522333 0.0607444 0.0607444 0.0618717 0.0745937 0.0566785 0.0530143 0.0763413 0.0791907 0.0602982 0.0582601 0.0568939 0.0531916 0.0571473 0.0527701 0.0904020 0.0566656 0.0583494 0.0722093 0.0635825 0.0733521 
Vombatidae_Lasiorhinus_latifrons             0.0837399 0.0981452 0.0000000 0.0800818 0.0814541 0.0891934 0.0777391 0.0802927 0.0797959 0.0986005 0.0511573 0.0924029 0.0927666 0.0767597 0.0793498 0.0918525 0.0896648 0.0935713 0.1030622 0.0798076 0.0747854 0.1004113 0.1047049 0.0886568 0.0843212 0.0830604 0.0731399 0.0797953 0.0775597 0.0985464 0.0812555 0.0822708 0.1000007 0.0940124 0.0990167 
Potoroidae_Bettongia_penicillata             0.0412589 0.0576747 0.0800818 0.0000000 0.0024924 0.0481822 0.0339182 0.0362280 0.0046346 0.0663594 0.0351202 0.0506523 0.0613154 0.0338911 0.0343483 0.0506483 0.0482081 0.0517774 0.0664106 0.0116160 0.0340099 0.0656376 0.0659045 0.0505399 0.0213556 0.0479798 0.0329680 0.0108856 0.0347161 0.0627042 0.0393211 0.0361849 0.0633624 0.0513258 0.0666150 
Potoroidae_Bettongia_lesueur                 0.0417154 0.0591158 0.0814541 0.0024924 0.0000000 0.0498899 0.0351455 0.0374633 0.0057189 0.0668024 0.0360427 0.0523736 0.0631135 0.0351543 0.0359752 0.0523412 0.0499168 0.0535805 0.0673795 0.0127386 0.0356376 0.0675325 0.0677362 0.0523125 0.0225206 0.0497913 0.0338025 0.0120058 0.0363800 0.0641253 0.0409832 0.0374186 0.0642903 0.0521972 0.0670599 
Dasyuridae_Dasyurus_maculatus                0.0523247 0.0624493 0.0891934 0.0481822 0.0498899 0.0000000 0.0450074 0.0486365 0.0484064 0.0653514 0.0496399 0.0111498 0.0271349 0.0463374 0.0436160 0.0104147 0.0035531 0.0177765 0.0640562 0.0474981 0.0452031 0.0590885 0.0624319 0.0109447 0.0511358 0.0458384 0.0424823 0.0476557 0.0448626 0.0754556 0.0486184 0.0494444 0.0641345 0.0068119 0.0651657 
Phalangeridae_Trichosurus_vulpecula          0.0366815 0.0549234 0.0777391 0.0339182 0.0351455 0.0450074 0.0000000 0.0130084 0.0345768 0.0624970 0.0141656 0.0483067 0.0561651 0.0126771 0.0338378 0.0478701 0.0450314 0.0474569 0.0657409 0.0331640 0.0315025 0.0636095 0.0632418 0.0473871 0.0395725 0.0424150 0.0320295 0.0321269 0.0345553 0.0624144 0.0351221 0.0152187 0.0631329 0.0485252 0.0627353 
Phalangeridae_Spilocuscus_maculatus          0.0390232 0.0579293 0.0802927 0.0362280 0.0374633 0.0486365 0.0130084 0.0000000 0.0376710 0.0667066 0.0125134 0.0515567 0.0590783 0.0097158 0.0361179 0.0511149 0.0486625 0.0504591 0.0699902 0.0358680 0.0346012 0.0657145 0.0653917 0.0502614 0.0427167 0.0457236 0.0347311 0.0360272 0.0373124 0.0672954 0.0373687 0.0122396 0.0674256 0.0522037 0.0669616 
Potoroidae_Aepyprymnus_rufescens             0.0403011 0.0570803 0.0797959 0.0046346 0.0057189 0.0484064 0.0345768 0.0376710 0.0000000 0.0647911 0.0359116 0.0509235 0.0615002 0.0350155 0.0338270 0.0508649 0.0484323 0.0520927 0.0648410 0.0112186 0.0335070 0.0641342 0.0652114 0.0508705 0.0209008 0.0483709 0.0324505 0.0097674 0.0341819 0.0625548 0.0391723 0.0372706 0.0618745 0.0515413 0.0650393 
Peramelidae_Perameles_nasuta                 0.0699937 0.0730602 0.0986005 0.0663594 0.0668024 0.0653514 0.0624970 0.0667066 0.0647911 0.0000000 0.0660341 0.0657810 0.0610230 0.0638751 0.0618875 0.0657385 0.0645181 0.0680685 0.0146096 0.0651178 0.0619564 0.0761924 0.0728125 0.0659855 0.0676023 0.0678026 0.0612979 0.0649901 0.0646988 0.0915567 0.0678868 0.0671291 0.0094840 0.0670576 0.0007131 
Phalangeridae_Strigocuscus_pelengensis       0.0394838 0.0593798 0.0511573 0.0351202 0.0360427 0.0496399 0.0141656 0.0125134 0.0359116 0.0660341 0.0000000 0.0532398 0.0610598 0.0105358 0.0345989 0.0518323 0.0496688 0.0498183 0.0681735 0.0364665 0.0330759 0.0680041 0.0688404 0.0519961 0.0431362 0.0463237 0.0344376 0.0353117 0.0363838 0.0668820 0.0385753 0.0125134 0.0653782 0.0533828 0.0660278 
Dasyuridae_Phascogale_tapoatafa              0.0540471 0.0607837 0.0924029 0.0506523 0.0523736 0.0111498 0.0483067 0.0515567 0.0509235 0.0657810 0.0532398 0.0000000 0.0271648 0.0480203 0.0473272 0.0014170 0.0089704 0.0185797 0.0653539 0.0500248 0.0476741 0.0617501 0.0663740 0.0068796 0.0520236 0.0475212 0.0449655 0.0496616 0.0478199 0.0787429 0.0511475 0.0519594 0.0644936 0.0130479 0.0660337 
Dasyuridae_Sminthopsis_macroura              0.0652083 0.0691078 0.0927666 0.0613154 0.0631135 0.0271349 0.0561651 0.0590783 0.0615002 0.0610230 0.0610598 0.0271648 0.0000000 0.0575702 0.0582203 0.0263791 0.0248438 0.0215229 0.0620457 0.0609893 0.0569073 0.0696838 0.0608436 0.0260027 0.0630438 0.0569705 0.0557922 0.0612753 0.0581429 0.0915183 0.0625539 0.0607570 0.0606939 0.0280258 0.0612546 
Phalangeridae_Phalanger_orientalis           0.0359551 0.0554071 0.0767597 0.0338911 0.0351543 0.0463374 0.0126771 0.0097158 0.0350155 0.0638751 0.0105358 0.0480203 0.0575702 0.0000000 0.0354767 0.0471757 0.0463621 0.0496649 0.0649578 0.0335661 0.0331286 0.0644596 0.0643000 0.0474055 0.0396242 0.0432148 0.0328587 0.0333193 0.0358088 0.0642201 0.0359791 0.0035653 0.0641260 0.0498822 0.0641193 
Acrobatidae_Acrobates_pygmaeus               0.0391819 0.0522333 0.0793498 0.0343483 0.0359752 0.0436160 0.0338378 0.0361179 0.0338270 0.0618875 0.0345989 0.0473272 0.0582203 0.0354767 0.0000000 0.0468650 0.0436393 0.0460711 0.0606418 0.0317331 0.0299899 0.0590827 0.0597235 0.0459529 0.0360232 0.0412726 0.0266100 0.0341586 0.0294329 0.0617143 0.0214503 0.0385300 0.0606600 0.0466965 0.0621242 
Dasyuridae_Phascogale_calura                 0.0531537 0.0607444 0.0918525 0.0506483 0.0523412 0.0104147 0.0478701 0.0511149 0.0508649 0.0657385 0.0518323 0.0014170 0.0263791 0.0471757 0.0468650 0.0000000 0.0082403 0.0173718 0.0653117 0.0495812 0.0472622 0.0612436 0.0659004 0.0061460 0.0519633 0.0466771 0.0453450 0.0501332 0.0473483 0.0782257 0.0519430 0.0511070 0.0644880 0.0122917 0.0659909 
Dasyuridae_Sarcophilus_harrisii              0.0527675 0.0607444 0.0896648 0.0482081 0.0499168 0.0035531 0.0450314 0.0486625 0.0484323 0.0645181 0.0496688 0.0089704 0.0248438 0.0463621 0.0436393 0.0082403 0.0000000 0.0158121 0.0640919 0.0475237 0.0456334 0.0591213 0.0624663 0.0094717 0.0511634 0.0454448 0.0429095 0.0476814 0.0457144 0.0754997 0.0486184 0.0494708 0.0632967 0.0053702 0.0643297 
Dasyuridae_Planigale_tenuirostris            0.0552203 0.0618717 0.0935713 0.0517774 0.0535805 0.0177765 0.0474569 0.0504591 0.0520927 0.0680685 0.0498183 0.0185797 0.0215229 0.0496649 0.0460711 0.0173718 0.0158121 0.0000000 0.0677047 0.0521566 0.0484722 0.0637712 0.0653749 0.0187416 0.0550054 0.0485509 0.0454916 0.0510259 0.0476260 0.0811885 0.0513303 0.0516952 0.0673656 0.0190201 0.0680215 
Peramelidae_Echymipera_kalubu                0.0696061 0.0745937 0.1030622 0.0664106 0.0673795 0.0640562 0.0657409 0.0699902 0.0648410 0.0146096 0.0681735 0.0653539 0.0620457 0.0649578 0.0606418 0.0653117 0.0640919 0.0677047 0.0000000 0.0652527 0.0615723 0.0790607 0.0705271 0.0650673 0.0676983 0.0654661 0.0596169 0.0645606 0.0647498 0.0951937 0.0670599 0.0691014 0.0121020 0.0666267 0.0146610 
Macropodidae_Dorcopsulus_vanheurni           0.0390208 0.0566785 0.0798076 0.0116160 0.0127386 0.0474981 0.0331640 0.0358680 0.0112186 0.0651178 0.0364665 0.0500248 0.0609893 0.0335661 0.0317331 0.0495812 0.0475237 0.0521566 0.0652527 0.0000000 0.0345555 0.0657663 0.0656228 0.0502675 0.0199051 0.0473543 0.0330949 0.0072277 0.0352385 0.0628907 0.0370394 0.0358253 0.0635826 0.0506693 0.0653685 
Pseudochiridae_Pseudochirulus_forbesi        0.0359626 0.0530143 0.0747854 0.0340099 0.0356376 0.0452031 0.0315025 0.0346012 0.0335070 0.0619564 0.0330759 0.0476741 0.0569073 0.0331286 0.0299899 0.0472622 0.0456334 0.0484722 0.0615723 0.0345555 0.0000000 0.0594674 0.0623984 0.0480153 0.0361021 0.0406872 0.0120173 0.0338181 0.0103376 0.0553756 0.0312717 0.0361723 0.0600251 0.0482972 0.0621937 
Didelphidae_Didelphis_virginiana             0.0679570 0.0763413 0.1004113 0.0656376 0.0675325 0.0590885 0.0636095 0.0657145 0.0641342 0.0761924 0.0680041 0.0617501 0.0696838 0.0644596 0.0590827 0.0612436 0.0591213 0.0637712 0.0790607 0.0657663 0.0594674 0.0000000 0.0306532 0.0610024 0.0670523 0.0582651 0.0583615 0.0660653 0.0611526 0.0874296 0.0616986 0.0670171 0.0753174 0.0627387 0.0759041 
Marmosidae_Monodelphis_domestica             0.0695622 0.0791907 0.1047049 0.0659045 0.0677362 0.0624319 0.0632418 0.0653917 0.0652114 0.0728125 0.0688404 0.0663740 0.0608436 0.0643000 0.0597235 0.0659004 0.0624663 0.0653749 0.0705271 0.0656228 0.0623984 0.0306532 0.0000000 0.0652300 0.0690588 0.0615996 0.0591649 0.0667650 0.0638070 0.0965693 0.0627990 0.0666720 0.0692822 0.0645226 0.0722061 
Dasyuridae_Antechinus_stuartii               0.0536168 0.0602982 0.0886568 0.0505399 0.0523125 0.0109447 0.0473871 0.0502614 0.0508705 0.0659855 0.0519961 0.0068796 0.0260027 0.0474055 0.0459529 0.0061460 0.0094717 0.0187416 0.0650673 0.0502675 0.0480153 0.0610024 0.0652300 0.0000000 0.0528283 0.0480555 0.0464817 0.0503266 0.0485666 0.0778481 0.0510934 0.0506689 0.0645685 0.0136033 0.0662429 
Hypsiprymnodontidae_Hypsiprymnodon_moschatus 0.0429870 0.0582601 0.0843212 0.0213556 0.0225206 0.0511358 0.0395725 0.0427167 0.0209008 0.0676023 0.0431362 0.0520236 0.0630438 0.0396242 0.0360232 0.0519633 0.0511634 0.0550054 0.0676983 0.0199051 0.0361021 0.0670523 0.0690588 0.0528283 0.0000000 0.0491225 0.0357964 0.0195582 0.0372658 0.0690468 0.0393296 0.0419058 0.0642011 0.0534185 0.0683471 
Microbiotheriidae_Dromiciops_gliroides       0.0458855 0.0568939 0.0830604 0.0479798 0.0497913 0.0458384 0.0424150 0.0457236 0.0483709 0.0678026 0.0463237 0.0475212 0.0569705 0.0432148 0.0412726 0.0466771 0.0454448 0.0485509 0.0654661 0.0473543 0.0406872 0.0582651 0.0615996 0.0480555 0.0491225 0.0000000 0.0400911 0.0486281 0.0403282 0.0757450 0.0446888 0.0477577 0.0662460 0.0497794 0.0677572 
Pseudochiridae_Petauroides_volans            0.0329242 0.0531916 0.0731399 0.0329680 0.0338025 0.0424823 0.0320295 0.0347311 0.0324505 0.0612979 0.0344376 0.0449655 0.0557922 0.0328587 0.0266100 0.0453450 0.0429095 0.0454916 0.0596169 0.0330949 0.0120173 0.0583615 0.0591649 0.0464817 0.0357964 0.0400911 0.0000000 0.0339463 0.0118622 0.0538808 0.0274515 0.0359122 0.0589952 0.0451692 0.0615333 
Macropodidae_Wallabia_bicolor                0.0390624 0.0571473 0.0797953 0.0108856 0.0120058 0.0476557 0.0321269 0.0360272 0.0097674 0.0649901 0.0353117 0.0496616 0.0612753 0.0333193 0.0341586 0.0501332 0.0476814 0.0510259 0.0645606 0.0072277 0.0338181 0.0660653 0.0667650 0.0503266 0.0195582 0.0486281 0.0339463 0.0000000 0.0341189 0.0627017 0.0387330 0.0355876 0.0627825 0.0508113 0.0652413 
Pseudochiridae_Pseudocheirus_occidentalis    0.0362836 0.0527701 0.0775597 0.0347161 0.0363800 0.0448626 0.0345553 0.0373124 0.0341819 0.0646988 0.0363838 0.0478199 0.0581429 0.0358088 0.0294329 0.0473483 0.0457144 0.0476260 0.0647498 0.0352385 0.0103376 0.0611526 0.0638070 0.0485666 0.0372658 0.0403282 0.0118622 0.0341189 0.0000000 0.0550699 0.0327591 0.0389241 0.0627125 0.0484029 0.0649526 
Tarsipedidae_Tarsipes_rostratus              0.0647954 0.0904020 0.0985464 0.0627042 0.0641253 0.0754556 0.0624144 0.0672954 0.0625548 0.0915567 0.0668820 0.0787429 0.0915183 0.0642201 0.0617143 0.0782257 0.0754997 0.0811885 0.0951937 0.0628907 0.0553756 0.0874296 0.0965693 0.0778481 0.0690468 0.0757450 0.0538808 0.0627017 0.0550699 0.0000000 0.0636657 0.0677324 0.0888826 0.0794168 0.0914914 
Acrobatidae_Distoechurus_pennatus            0.0421644 0.0566656 0.0812555 0.0393211 0.0409832 0.0486184 0.0351221 0.0373687 0.0391723 0.0678868 0.0385753 0.0511475 0.0625539 0.0359791 0.0214503 0.0519430 0.0486184 0.0513303 0.0670599 0.0370394 0.0312717 0.0616986 0.0627990 0.0510934 0.0393296 0.0446888 0.0274515 0.0387330 0.0327591 0.0636657 0.0000000 0.0390438 0.0657986 0.0517410 0.0680725 
Phalangeridae_Phalanger_carmelitae           0.0398149 0.0583494 0.0822708 0.0361849 0.0374186 0.0494444 0.0152187 0.0122396 0.0372706 0.0671291 0.0125134 0.0519594 0.0607570 0.0035653 0.0385300 0.0511070 0.0494708 0.0516952 0.0691014 0.0358253 0.0361723 0.0670171 0.0666720 0.0506689 0.0419058 0.0477577 0.0359122 0.0355876 0.0389241 0.0677324 0.0390438 0.0000000 0.0674137 0.0530223 0.0673859 
Peramelidae_Peroryctes_raffrayana            0.0683570 0.0722093 0.1000007 0.0633624 0.0642903 0.0641345 0.0631329 0.0674256 0.0618745 0.0094840 0.0653782 0.0644936 0.0606939 0.0641260 0.0606600 0.0644880 0.0632967 0.0673656 0.0121020 0.0635826 0.0600251 0.0753174 0.0692822 0.0645685 0.0642011 0.0662460 0.0589952 0.0627825 0.0627125 0.0888826 0.0657986 0.0674137 0.0000000 0.0648385 0.0095174 
Dasyuridae_Dasyurus_geffroii                 0.0555219 0.0635825 0.0940124 0.0513258 0.0521972 0.0068119 0.0485252 0.0522037 0.0515413 0.0670576 0.0533828 0.0130479 0.0280258 0.0498822 0.0466965 0.0122917 0.0053702 0.0190201 0.0666267 0.0506693 0.0482972 0.0627387 0.0645226 0.0136033 0.0534185 0.0497794 0.0451692 0.0508113 0.0484029 0.0794168 0.0517410 0.0530223 0.0648385 0.0000000 0.0668006 
Peramelidae_Perameles_gunnii                 0.0702647 0.0733521 0.0990167 0.0666150 0.0670599 0.0651657 0.0627353 0.0669616 0.0650393 0.0007131 0.0660278 0.0660337 0.0612546 0.0641193 0.0621242 0.0659909 0.0643297 0.0680215 0.0146610 0.0653685 0.0621937 0.0759041 0.0722061 0.0662429 0.0683471 0.0677572 0.0615333 0.0652413 0.0649526 0.0914914 0.0680725 0.0673859 0.0095174 0.0668006 0.0000000 
