37
Burramyidae_Burramys_parvus                  0.0000000 0.1144371 0.0918057 0.1043305 0.1062063 0.1246347 0.0833383 0.0750299 0.0811525 0.0793970 0.1371615 0.1350445 0.0935919 0.0944828 0.1345637 0.1290257 0.1626062 0.1237421 0.0748704 0.0845398 0.1818233 0.1511891 0.1746826 0.0774043 0.1154580 0.0817395 0.0722110 0.0875999 0.1088899 0.1031608 0.0916250 0.1286277 0.1240072 0.1753616 0.1717979 0.1717979 0.1925184 
Notoryctidae_Notoryctes_typhlops             0.1144371 0.0000000 0.1148810 0.1398313 0.1467875 0.1337636 0.1226141 0.1084996 0.1141317 0.1196453 0.1428476 0.1405659 0.1269272 0.1226313 0.1398223 0.1387144 0.1635233 0.1281532 0.1094131 0.1282412 0.1724892 0.1626787 0.1602834 0.1148200 0.1248694 0.1166934 0.1091214 0.1228239 0.1362268 0.1220826 0.1261151 0.1359788 0.1420593 0.1666045 0.1479153 0.1479153 0.1723265 
Vombatidae_Lasiorhinus_latifrons             0.0918057 0.1148810 0.0000000 0.1085266 0.1138347 0.1322349 0.1005145 0.0884162 0.0968484 0.0920090 0.1426458 0.1399455 0.0974744 0.0996471 0.1407694 0.1343862 0.1603964 0.1197039 0.0925565 0.1032266 0.1841345 0.1637686 0.1720302 0.0966693 0.1183435 0.0907546 0.0898771 0.0959319 0.1201367 0.1080033 0.1040865 0.1328402 0.1356149 0.2043973 0.2506176 0.2506176 0.2154816 
Potoroidae_Bettongia_penicillata             0.1043305 0.1398313 0.1085266 0.0000000 0.0071692 0.1456903 0.1053847 0.0942052 0.0341697 0.0985232 0.1603707 0.1547458 0.1126710 0.1147563 0.1546325 0.1510398 0.1500844 0.1547919 0.0496305 0.1137635 0.1964946 0.1747934 0.1500101 0.0676110 0.1365292 0.1037613 0.0456230 0.1077393 0.1274332 0.1199586 0.1113070 0.1476843 0.1639810 0.1981489 0.4163209 0.4163209 0.1990336 
Potoroidae_Bettongia_lesueur                 0.1062063 0.1467875 0.1138347 0.0071692 0.0000000 0.1536328 0.1086105 0.0965882 0.0326941 0.0995803 0.1651081 0.1623286 0.1157834 0.1125435 0.1614003 0.1583255 0.1477137 0.1614694 0.0506377 0.1198019 0.2072534 0.1807418 0.1478567 0.0709762 0.1330863 0.1082485 0.0472170 0.1133518 0.1305438 0.1285590 0.1154910 0.1551139 0.1707245 0.1842229 0.3970566 0.3970566 0.1848661 
Dasyuridae_Dasyurus_maculatus                0.1246347 0.1337636 0.1322349 0.1456903 0.1536328 0.0000000 0.1304491 0.1229993 0.1320978 0.1306546 0.0320711 0.0320975 0.1372759 0.1238347 0.0282775 0.0115168 0.0440131 0.1525202 0.1255104 0.1232628 0.1984200 0.1752274 0.0474297 0.1279913 0.1213684 0.1293952 0.1237672 0.1236784 0.1501170 0.1325606 0.1371392 0.0118250 0.1629752 0.2206780 0.0466560 0.0466560 0.2346691 
Phalangeridae_Trichosurus_vulpecula          0.0833383 0.1226141 0.1005145 0.1053847 0.1086105 0.1304491 0.0000000 0.0336998 0.0897335 0.0472693 0.1453269 0.1383115 0.0536245 0.0923100 0.1431930 0.1314821 0.1645646 0.1410630 0.0827342 0.0996499 0.1869843 0.1775397 0.1778893 0.0819506 0.1210740 0.0895908 0.0829941 0.0955632 0.1146464 0.1077829 0.0435596 0.1340524 0.1412869 0.2200001 0.1666082 0.1666082 0.2414395 
Phalangeridae_Spilocuscus_maculatus          0.0750299 0.1084996 0.0884162 0.0942052 0.0965882 0.1229993 0.0336998 0.0000000 0.0810117 0.0226476 0.1383911 0.1315816 0.0377274 0.0849931 0.1350873 0.1240556 0.1570240 0.1323986 0.0749723 0.0925768 0.1750411 0.1629700 0.1679031 0.0734793 0.1032768 0.0863599 0.0738921 0.0889507 0.1118114 0.0955245 0.0276725 0.1244244 0.1343733 0.2038986 0.1888320 0.1888320 0.2186185 
Potoroidae_Aepyprymnus_rufescens             0.0811525 0.1141317 0.0968484 0.0341697 0.0326941 0.1320978 0.0897335 0.0810117 0.0000000 0.0841004 0.1434100 0.1384600 0.0979724 0.0965119 0.1362066 0.1318605 0.1730536 0.1270049 0.0278881 0.0945402 0.1782567 0.1581574 0.1909436 0.0555062 0.1115333 0.1006809 0.0258734 0.0996950 0.1178153 0.1031768 0.0981578 0.1303578 0.1359110 0.1862699 0.1064685 0.1064685 0.1870233 
Phalangeridae_Strigocuscus_pelengensis       0.0793970 0.1196453 0.0920090 0.0985232 0.0995803 0.1306546 0.0472693 0.0226476 0.0841004 0.0000000 0.1483298 0.1389453 0.0437625 0.0950065 0.1425561 0.1324993 0.1613908 0.1415190 0.0795744 0.0955660 0.1835947 0.1705436 0.1813632 0.0846559 0.1127801 0.0946635 0.0779904 0.0975580 0.1161441 0.1017317 0.0383952 0.1326537 0.1389752 0.1888128 0.2288768 0.2288768 0.2032615 
Dasyuridae_Phascogale_tapoatafa              0.1371615 0.1428476 0.1426458 0.1603707 0.1651081 0.0320711 0.1453269 0.1383911 0.1434100 0.1483298 0.0000000 0.0444867 0.1532928 0.1320620 0.0169725 0.0334854 0.0621772 0.1604799 0.1411811 0.1426062 0.2065100 0.1916675 0.0405284 0.1396656 0.1334837 0.1467768 0.1382893 0.1406670 0.1541127 0.1462265 0.1541152 0.0369278 0.1684142 0.2163979 0.0346986 0.0346986 0.2280761 
Dasyuridae_Sminthopsis_macroura              0.1350445 0.1405659 0.1399455 0.1547458 0.1623286 0.0320975 0.1383115 0.1315816 0.1384600 0.1389453 0.0444867 0.0000000 0.1482570 0.1274403 0.0398685 0.0347892 0.0416427 0.1598520 0.1343011 0.1367238 0.2145430 0.1891301 0.0634451 0.1389151 0.1405268 0.1433714 0.1305053 0.1360540 0.1520513 0.1437328 0.1477834 0.0353690 0.1704350 0.2321683 0.0405441 0.0405441 0.2462105 
Phalangeridae_Phalanger_orientalis           0.0935919 0.1269272 0.0974744 0.1126710 0.1157834 0.1372759 0.0536245 0.0377274 0.0979724 0.0437625 0.1532928 0.1482570 0.0000000 0.1001760 0.1527034 0.1384811 0.1676433 0.1365247 0.0926619 0.1046553 0.1954023 0.1797567 0.1848155 0.0956478 0.1235454 0.0888943 0.0906147 0.0943622 0.1196500 0.1076967 0.0141314 0.1397748 0.1477416 0.2196011 0.2995275 0.2995275 0.2359638 
Acrobatidae_Acrobates_pygmaeus               0.0944828 0.1226313 0.0996471 0.1147563 0.1125435 0.1238347 0.0923100 0.0849931 0.0965119 0.0950065 0.1320620 0.1274403 0.1001760 0.0000000 0.1306336 0.1260865 0.1287050 0.1346071 0.0897395 0.0782712 0.1769111 0.1591872 0.1542048 0.0940886 0.1186547 0.0760805 0.0905101 0.0743887 0.0868028 0.0559589 0.0986284 0.1260260 0.1375966 0.1667187 0.1311467 0.1311467 0.1827816 
Dasyuridae_Phascogale_calura                 0.1345637 0.1398223 0.1407694 0.1546325 0.1614003 0.0282775 0.1431930 0.1350873 0.1362066 0.1425561 0.0169725 0.0398685 0.1527034 0.1306336 0.0000000 0.0304188 0.0563718 0.1602235 0.1357000 0.1397107 0.2042283 0.1873312 0.0459694 0.1403572 0.1290476 0.1440210 0.1319554 0.1381365 0.1530175 0.1477460 0.1521121 0.0324054 0.1683291 0.2280600 0.0289555 0.0289555 0.2422344 
Dasyuridae_Sarcophilus_harrisii              0.1290257 0.1387144 0.1343862 0.1510398 0.1583255 0.0115168 0.1314821 0.1240556 0.1318605 0.1324993 0.0334854 0.0347892 0.1384811 0.1260865 0.0304188 0.0000000 0.0452344 0.1552204 0.1262765 0.1264272 0.2002406 0.1787552 0.0508842 0.1296331 0.1215934 0.1342846 0.1235951 0.1271008 0.1509201 0.1387457 0.1387438 0.0105903 0.1673726 0.2225609 0.0346986 0.0346986 0.2347074 
Dasyuridae_Planigale_tenuirostris            0.1626062 0.1635233 0.1603964 0.1500844 0.1477137 0.0440131 0.1645646 0.1570240 0.1730536 0.1613908 0.0621772 0.0416427 0.1676433 0.1287050 0.0563718 0.0452344 0.0000000 0.2061155 0.1690059 0.1571435 0.2418855 0.2239539 0.0549793 0.1747478 0.1480035 0.1599609 0.1636904 0.1585719 0.1878921 0.1701595 0.1666264 0.0489538 0.2104637 0.1074601 9.0000000 9.0000000 0.1102312 
Peramelidae_Echymipera_kalubu                0.1237421 0.1281532 0.1197039 0.1547919 0.1614694 0.1525202 0.1410630 0.1323986 0.1270049 0.1415190 0.1604799 0.1598520 0.1365247 0.1346071 0.1602235 0.1552204 0.2061155 0.0000000 0.1226405 0.1429454 0.2038708 0.1851037 0.2261280 0.1311561 0.1310784 0.1332121 0.1211102 0.1392533 0.1531745 0.1421939 0.1474399 0.1516351 0.0338964 0.0776897 0.0991892 0.0991892 0.0689845 
Macropodidae_Dorcopsulus_vanheurni           0.0748704 0.1094131 0.0925565 0.0496305 0.0506377 0.1255104 0.0827342 0.0749723 0.0278881 0.0795744 0.1411811 0.1343011 0.0926619 0.0897395 0.1357000 0.1262765 0.1690059 0.1226405 0.0000000 0.0896326 0.1718098 0.1495852 0.1837065 0.0496134 0.1043164 0.0945798 0.0098050 0.0939432 0.1124598 0.1004051 0.0905714 0.1255218 0.1283148 0.1732939 0.0922387 0.0922387 0.1795092 
Pseudochiridae_Pseudochirulus_forbesi        0.0845398 0.1282412 0.1032266 0.1137635 0.1198019 0.1232628 0.0996499 0.0925768 0.0945402 0.0955660 0.1426062 0.1367238 0.1046553 0.0782712 0.1397107 0.1264272 0.1571435 0.1429454 0.0896326 0.0000000 0.1823416 0.1582253 0.1764385 0.1001638 0.1215874 0.0461929 0.0866294 0.0302932 0.0847916 0.0858955 0.1044431 0.1246699 0.1433470 0.2003305 0.1515331 0.1515331 0.2140383 
Didelphidae_Didelphis_virginiana             0.1818233 0.1724892 0.1841345 0.1964946 0.2072534 0.1984200 0.1869843 0.1750411 0.1782567 0.1835947 0.2065100 0.2145430 0.1954023 0.1769111 0.2042283 0.2002406 0.2418855 0.2038708 0.1718098 0.1823416 0.0000000 0.0731493 0.2436566 0.1732557 0.1657581 0.1849716 0.1710337 0.1831413 0.2001564 0.1839036 0.1933415 0.1962603 0.2186918 0.2535207 0.1427992 0.1427992 0.2547242 
Marmosidae_Monodelphis_domestica             0.1511891 0.1626787 0.1637686 0.1747934 0.1807418 0.1752274 0.1775397 0.1629700 0.1581574 0.1705436 0.1916675 0.1891301 0.1797567 0.1591872 0.1873312 0.1787552 0.2239539 0.1851037 0.1495852 0.1582253 0.0731493 0.0000000 0.2438189 0.1609682 0.1408473 0.1622788 0.1476390 0.1595083 0.1811354 0.1521293 0.1797623 0.1756790 0.2001001 0.2680515 0.1343812 0.1343812 0.2688513 
Dasyuridae_Antechinus_stuartii               0.1746826 0.1602834 0.1720302 0.1500101 0.1478567 0.0474297 0.1778893 0.1679031 0.1909436 0.1813632 0.0405284 0.0634451 0.1848155 0.1542048 0.0459694 0.0508842 0.0549793 0.2261280 0.1837065 0.1764385 0.2436566 0.2438189 0.0000000 0.1877577 0.1555385 0.1778800 0.1784876 0.1839711 0.2024516 0.2016943 0.1799611 0.0542625 0.2318647 0.1448459 9.0000000 9.0000000 0.1491643 
Hypsiprymnodontidae_Hypsiprymnodon_moschatus 0.0774043 0.1148200 0.0966693 0.0676110 0.0709762 0.1279913 0.0819506 0.0734793 0.0555062 0.0846559 0.1396656 0.1389151 0.0956478 0.0940886 0.1403572 0.1296331 0.1747478 0.1311561 0.0496134 0.1001638 0.1732557 0.1609682 0.1877577 0.0000000 0.1153741 0.0903160 0.0495868 0.0943942 0.1130159 0.1065927 0.0883006 0.1299552 0.1378392 0.1975895 0.0888691 0.0888691 0.2035202 
Microbiotheriidae_Dromiciops_gliroides       0.1154580 0.1248694 0.1183435 0.1365292 0.1330863 0.1213684 0.1210740 0.1032768 0.1115333 0.1127801 0.1334837 0.1405268 0.1235454 0.1186547 0.1290476 0.1215934 0.1480035 0.1310784 0.1043164 0.1215874 0.1657581 0.1408473 0.1555385 0.1153741 0.0000000 0.1227894 0.0998833 0.1184496 0.1421232 0.1255805 0.1229378 0.1199791 0.1466646 0.1752970 0.1247241 0.1247241 0.1721387 
Pseudochiridae_Petauroides_volans            0.0817395 0.1166934 0.0907546 0.1037613 0.1082485 0.1293952 0.0895908 0.0863599 0.1006809 0.0946635 0.1467768 0.1433714 0.0888943 0.0760805 0.1440210 0.1342846 0.1599609 0.1332121 0.0945798 0.0461929 0.1849716 0.1622788 0.1778800 0.0903160 0.1227894 0.0000000 0.0925038 0.0355326 0.0842317 0.0964876 0.0949435 0.1331831 0.1412141 0.2159481 0.2309104 0.2309104 0.2320579 
Macropodidae_Wallabia_bicolor                0.0722110 0.1091214 0.0898771 0.0456230 0.0472170 0.1237672 0.0829941 0.0738921 0.0258734 0.0779904 0.1382893 0.1305053 0.0906147 0.0905101 0.1319554 0.1235951 0.1636904 0.1211102 0.0098050 0.0866294 0.1710337 0.1476390 0.1784876 0.0495868 0.0998833 0.0925038 0.0000000 0.0903573 0.1114963 0.1005629 0.0894260 0.1214472 0.1266515 0.1775225 0.0984819 0.0984819 0.1841272 
Pseudochiridae_Pseudocheirus_occidentalis    0.0875999 0.1228239 0.0959319 0.1077393 0.1133518 0.1236784 0.0955632 0.0889507 0.0996950 0.0975580 0.1406670 0.1360540 0.0943622 0.0743887 0.1381365 0.1271008 0.1585719 0.1392533 0.0939432 0.0302932 0.1831413 0.1595083 0.1839711 0.0943942 0.1184496 0.0355326 0.0903573 0.0000000 0.0790854 0.0903919 0.1035544 0.1271240 0.1419993 0.2141493 0.1435801 0.1435801 0.2261121 
Tarsipedidae_Tarsipes_rostratus              0.1088899 0.1362268 0.1201367 0.1274332 0.1305438 0.1501170 0.1146464 0.1118114 0.1178153 0.1161441 0.1541127 0.1520513 0.1196500 0.0868028 0.1530175 0.1509201 0.1878921 0.1531745 0.1124598 0.0847916 0.2001564 0.1811354 0.2024516 0.1130159 0.1421232 0.0842317 0.1114963 0.0790854 0.0000000 0.1008670 0.1199556 0.1511945 0.1578772 0.2308020 0.1421207 0.1421207 0.2309645 
Acrobatidae_Distoechurus_pennatus            0.1031608 0.1220826 0.1080033 0.1199586 0.1285590 0.1325606 0.1077829 0.0955245 0.1031768 0.1017317 0.1462265 0.1437328 0.1076967 0.0559589 0.1477460 0.1387457 0.1701595 0.1421939 0.1004051 0.0858955 0.1839036 0.1521293 0.2016943 0.1065927 0.1255805 0.0964876 0.1005629 0.0903919 0.1008670 0.0000000 0.1070635 0.1376246 0.1475411 0.2047167 0.1115630 0.1115630 0.2254059 
Phalangeridae_Phalanger_carmelitae           0.0916250 0.1261151 0.1040865 0.1113070 0.1154910 0.1371392 0.0435596 0.0276725 0.0981578 0.0383952 0.1541152 0.1477834 0.0141314 0.0986284 0.1521121 0.1387438 0.1666264 0.1474399 0.0905714 0.1044431 0.1933415 0.1797623 0.1799611 0.0883006 0.1229378 0.0949435 0.0894260 0.1035544 0.1199556 0.1070635 0.0000000 0.1401239 0.1506201 0.2274300 0.3099981 0.3099981 0.2440129 
Dasyuridae_Dasyurus_geffroii                 0.1286277 0.1359788 0.1328402 0.1476843 0.1551139 0.0118250 0.1340524 0.1244244 0.1303578 0.1326537 0.0369278 0.0353690 0.1397748 0.1260260 0.0324054 0.0105903 0.0489538 0.1516351 0.1255218 0.1246699 0.1962603 0.1756790 0.0542625 0.1299552 0.1199791 0.1331831 0.1214472 0.1271240 0.1511945 0.1376246 0.1401239 0.0000000 0.1647637 0.2239218 0.0465129 0.0465129 0.2363954 
Peramelidae_Perameles_gunnii                 0.1240072 0.1420593 0.1356149 0.1639810 0.1707245 0.1629752 0.1412869 0.1343733 0.1359110 0.1389752 0.1684142 0.1704350 0.1477416 0.1375966 0.1683291 0.1673726 0.2104637 0.0338964 0.1283148 0.1433470 0.2186918 0.2001001 0.2318647 0.1378392 0.1466646 0.1412141 0.1266515 0.1419993 0.1578772 0.1475411 0.1506201 0.1647637 0.0000000 0.0030850 0.1051901 0.1051901 0.0483922 
Peramelidae_Perameles_nasuta                 0.1753616 0.1666045 0.2043973 0.1981489 0.1842229 0.2206780 0.2200001 0.2038986 0.1862699 0.1888128 0.2163979 0.2321683 0.2196011 0.1667187 0.2280600 0.2225609 0.1074601 0.0776897 0.1732939 0.2003305 0.2535207 0.2680515 0.1448459 0.1975895 0.1752970 0.2159481 0.1775225 0.2141493 0.2308020 0.2047167 0.2274300 0.2239218 0.0030850 0.0000000 0.1056054 0.1056054 0.0495787 
Myrmecobiidae_Myrmecobius_fasciatus1         0.1717979 0.1479153 0.2506176 0.4163209 0.3970566 0.0466560 0.1666082 0.1888320 0.1064685 0.2288768 0.0346986 0.0405441 0.2995275 0.1311467 0.0289555 0.0346986 9.0000000 0.0991892 0.0922387 0.1515331 0.1427992 0.1343812 9.0000000 0.0888691 0.1247241 0.2309104 0.0984819 0.1435801 0.1421207 0.1115630 0.3099981 0.0465129 0.1051901 0.1056054 0.0000000 0.0000010 0.0863771 
Myrmecobiidae_Myrmecobius_fasciatus2         0.1717979 0.1479153 0.2506176 0.4163209 0.3970566 0.0466560 0.1666082 0.1888320 0.1064685 0.2288768 0.0346986 0.0405441 0.2995275 0.1311467 0.0289555 0.0346986 9.0000000 0.0991892 0.0922387 0.1515331 0.1427992 0.1343812 9.0000000 0.0888691 0.1247241 0.2309104 0.0984819 0.1435801 0.1421207 0.1115630 0.3099981 0.0465129 0.1051901 0.1056054 0.0000010 0.0000000 0.0863771 
Peramelidae_Peroryctes_raffrayana            0.1925184 0.1723265 0.2154816 0.1990336 0.1848661 0.2346691 0.2414395 0.2186185 0.1870233 0.2032615 0.2280761 0.2462105 0.2359638 0.1827816 0.2422344 0.2347074 0.1102312 0.0689845 0.1795092 0.2140383 0.2547242 0.2688513 0.1491643 0.2035202 0.1721387 0.2320579 0.1841272 0.2261121 0.2309645 0.2254059 0.2440129 0.2363954 0.0483922 0.0495787 0.0863771 0.0863771 0.0000000 
