35
Burramyidae_Burramys_parvus                  0.0000000 0.0705885 0.0578004 0.0551541 0.0567872 0.0827981 0.0321529 0.0457582 0.0600183 0.0892543 0.0354414 0.0898415 0.1014616 0.0455296 0.0497839 0.0840117 0.0832083 0.0906493 0.0889173 0.0522253 0.0540850 0.1007260 0.0967048 0.0841436 0.0559573 0.0728752 0.0532201 0.0558128 0.0700368 0.1018901 0.0553896 0.0468566 0.1011326 0.0846194 0.0873205 
Notoryctidae_Notoryctes_typhlops             0.0705885 0.0000000 0.0741166 0.0753492 0.0759049 0.0913393 0.0495040 0.0700258 0.0789186 0.0967304 0.0512293 0.0975251 0.1069000 0.0703624 0.0694353 0.0927032 0.0913833 0.0986754 0.0940166 0.0706800 0.0699372 0.1061165 0.1022170 0.0927714 0.0777977 0.0763130 0.0705216 0.0764937 0.0943443 0.1268828 0.0743789 0.0707067 0.1017553 0.0934965 0.0938527 
Vombatidae_Lasiorhinus_latifrons             0.0578004 0.0741166 0.0000000 0.0607431 0.0609273 0.0805726 0.0414853 0.0558468 0.0634724 0.0835494 0.0465127 0.0876537 0.0991628 0.0579260 0.0595311 0.0822112 0.0809918 0.0909881 0.0825497 0.0552497 0.0614844 0.1022820 0.0975789 0.0838395 0.0610121 0.0722376 0.0618215 0.0628036 0.0773564 0.1116656 0.0579549 0.0575876 0.0983659 0.0837856 0.0823153 
Potoroidae_Bettongia_penicillata             0.0551541 0.0753492 0.0607431 0.0000000 0.0042231 0.0833492 0.0396403 0.0472997 0.0139036 0.0914241 0.0430359 0.0899932 0.0991204 0.0473766 0.0494627 0.0842265 0.0840940 0.0891059 0.0919962 0.0213261 0.0548018 0.1043685 0.0982476 0.0866062 0.0404914 0.0747254 0.0542759 0.0280059 0.0698368 0.1036752 0.0518483 0.0487375 0.1033824 0.0851746 0.0906812 
Potoroidae_Bettongia_lesueur                 0.0567872 0.0759049 0.0609273 0.0042231 0.0000000 0.0849380 0.0400608 0.0471737 0.0138934 0.0927707 0.0434614 0.0921064 0.1010848 0.0472511 0.0507654 0.0861870 0.0856825 0.0911208 0.0939955 0.0219857 0.0553452 0.1052173 0.0980057 0.0886014 0.0407308 0.0756638 0.0541487 0.0276054 0.0688797 0.1037431 0.0523997 0.0486085 0.1045673 0.0871237 0.0923145 
Dasyuridae_Dasyurus_maculatus                0.0827981 0.0913393 0.0805726 0.0833492 0.0849380 0.0000000 0.0461634 0.0838648 0.0874420 0.1025474 0.0527043 0.0218725 0.0454329 0.0837485 0.0855801 0.0193723 0.0044399 0.0344894 0.1018361 0.0790754 0.0843024 0.1181516 0.1131004 0.0210627 0.0828088 0.0960132 0.0849036 0.0883714 0.1124793 0.1465633 0.0873531 0.0834015 0.1152225 0.0050725 0.1005624 
Phalangeridae_Trichosurus_vulpecula          0.0321529 0.0495040 0.0414853 0.0396403 0.0400608 0.0461634 0.0000000 0.0169064 0.0435223 0.0543269 0.0199006 0.0499481 0.0661189 0.0138982 0.0304725 0.0475071 0.0444721 0.0579762 0.0555244 0.0365903 0.0373957 0.0727363 0.0674677 0.0477969 0.0354072 0.0483919 0.0369847 0.0423924 0.0595903 0.0908458 0.0332856 0.0134872 0.0646895 0.0470122 0.0551188 
Phalangeridae_Spilocuscus_maculatus          0.0457582 0.0700258 0.0558468 0.0472997 0.0471737 0.0838648 0.0169064 0.0000000 0.0498799 0.0882790 0.0095254 0.0879936 0.0960272 0.0117418 0.0432182 0.0832459 0.0835408 0.0885968 0.0886114 0.0432646 0.0515878 0.0987717 0.0984160 0.0819765 0.0509883 0.0681957 0.0499316 0.0485995 0.0661984 0.1009901 0.0517252 0.0098278 0.1008304 0.0863436 0.0876333 
Potoroidae_Aepyprymnus_rufescens             0.0600183 0.0789186 0.0634724 0.0139036 0.0138934 0.0874420 0.0435223 0.0498799 0.0000000 0.0972754 0.0469290 0.0942557 0.1045210 0.0499735 0.0506721 0.0884495 0.0889223 0.0944799 0.0967449 0.0235331 0.0577855 0.1088285 0.1030502 0.0907489 0.0426398 0.0774468 0.0579921 0.0313307 0.0747299 0.1080995 0.0541548 0.0513512 0.1049148 0.0896586 0.0954313 
Peramelidae_Perameles_nasuta                 0.0892543 0.0967304 0.0835494 0.0914241 0.0927707 0.1025474 0.0543269 0.0882790 0.0972754 0.0000000 0.0580704 0.1099157 0.1229678 0.0889391 0.0889167 0.1040162 0.1015128 0.1123652 0.0195127 0.0900089 0.0950972 0.1147901 0.1149402 0.1032934 0.0891880 0.0940177 0.0930756 0.0951376 0.1144577 0.1479735 0.0915971 0.0889427 0.0242570 0.1032774 0.0006522 
Phalangeridae_Strigocuscus_pelengensis       0.0354414 0.0512293 0.0465127 0.0430359 0.0434614 0.0527043 0.0199006 0.0095254 0.0469290 0.0580704 0.0000000 0.0555939 0.0738327 0.0074006 0.0332659 0.0523508 0.0509896 0.0638924 0.0591409 0.0416613 0.0424759 0.0796742 0.0745208 0.0534168 0.0387630 0.0550474 0.0390955 0.0448794 0.0642139 0.0939808 0.0404700 0.0069882 0.0657698 0.0535651 0.0596199 
Dasyuridae_Phascogale_tapoatafa              0.0898415 0.0975251 0.0876537 0.0899932 0.0921064 0.0218725 0.0499481 0.0879936 0.0942557 0.1099157 0.0555939 0.0000000 0.0523439 0.0871213 0.0913198 0.0034103 0.0211599 0.0371243 0.1096401 0.0850176 0.0886386 0.1227432 0.1184616 0.0089449 0.0894562 0.0985368 0.0907320 0.0948448 0.1272228 0.1635536 0.0906201 0.0871251 0.1255900 0.0232954 0.1074380 
Dasyuridae_Sminthopsis_macroura              0.1014616 0.1069000 0.0991628 0.0991204 0.1010848 0.0454329 0.0661189 0.0960272 0.1045210 0.1229678 0.0738327 0.0523439 0.0000000 0.0976149 0.1018910 0.0486197 0.0454191 0.0389892 0.1201367 0.0945119 0.1000677 0.1320776 0.1294971 0.0487691 0.0990746 0.1081114 0.1026356 0.0990519 0.1422622 0.1745074 0.1019809 0.0976186 0.1365495 0.0491297 0.1197782 
Phalangeridae_Phalanger_orientalis           0.0455296 0.0703624 0.0579260 0.0473766 0.0472511 0.0837485 0.0138982 0.0117418 0.0499735 0.0889391 0.0074006 0.0871213 0.0976149 0.0000000 0.0433643 0.0827805 0.0834263 0.0882790 0.0884738 0.0440536 0.0516107 0.1000622 0.1000530 0.0819490 0.0524258 0.0688699 0.0504275 0.0497323 0.0699906 0.1032119 0.0504431 0.0025086 0.1017297 0.0862137 0.0881941 
Acrobatidae_Acrobates_pygmaeus               0.0497839 0.0694353 0.0595311 0.0494627 0.0507654 0.0855801 0.0304725 0.0432182 0.0506721 0.0889167 0.0332659 0.0913198 0.1018910 0.0433643 0.0000000 0.0861032 0.0859607 0.0904990 0.0874769 0.0464755 0.0480795 0.1005099 0.0975001 0.0873624 0.0514185 0.0719784 0.0468117 0.0549839 0.0682575 0.0974026 0.0356170 0.0443693 0.0984094 0.0863221 0.0861819 
Dasyuridae_Phascogale_calura                 0.0840117 0.0927032 0.0822112 0.0842265 0.0861870 0.0193723 0.0475071 0.0832459 0.0884495 0.1040162 0.0523508 0.0034103 0.0486197 0.0827805 0.0861032 0.0000000 0.0187117 0.0366648 0.1032677 0.0803404 0.0848783 0.1186338 0.1139619 0.0080087 0.0842741 0.0936990 0.0861663 0.0886178 0.1142294 0.1477892 0.0867621 0.0827839 0.1171705 0.0206919 0.1023635 
Dasyuridae_Sarcophilus_harrisii              0.0832083 0.0913833 0.0809918 0.0840940 0.0856825 0.0044399 0.0444721 0.0835408 0.0889223 0.1015128 0.0509896 0.0211599 0.0454191 0.0834263 0.0859607 0.0187117 0.0000000 0.0344514 0.1001324 0.0798231 0.0846753 0.1173812 0.1123428 0.0203983 0.0838794 0.0952325 0.0852810 0.0887531 0.1143353 0.1485169 0.0877287 0.0830793 0.1135512 0.0063507 0.0995685 
Dasyuridae_Planigale_tenuirostris            0.0906493 0.0986754 0.0909881 0.0891059 0.0911208 0.0344894 0.0579762 0.0885968 0.0944799 0.1123652 0.0638924 0.0371243 0.0389892 0.0882790 0.0904990 0.0366648 0.0344514 0.0000000 0.1095371 0.0869302 0.0888338 0.1190083 0.1185048 0.0360248 0.0892871 0.0974047 0.0903737 0.0934049 0.1251919 0.1518871 0.0918882 0.0875657 0.1230602 0.0372344 0.1089470 
Peramelidae_Echymipera_kalubu                0.0889173 0.0940166 0.0825497 0.0919962 0.0939955 0.1018361 0.0555244 0.0886114 0.0967449 0.0195127 0.0591409 0.1096401 0.1201367 0.0884738 0.0874769 0.1032677 0.1001324 0.1095371 0.0000000 0.0875881 0.0943762 0.1122704 0.1142982 0.1024051 0.0884566 0.0934087 0.0924504 0.0963407 0.1172412 0.1481196 0.0907252 0.0884773 0.0230962 0.1025838 0.0194233 
Macropodidae_Dorcopsulus_vanheurni           0.0522253 0.0706800 0.0552497 0.0213261 0.0219857 0.0790754 0.0365903 0.0432646 0.0235331 0.0900089 0.0416613 0.0850176 0.0945119 0.0440536 0.0464755 0.0803404 0.0798231 0.0869302 0.0875881 0.0000000 0.0504048 0.1020742 0.0940407 0.0831229 0.0364408 0.0689490 0.0519752 0.0173704 0.0656939 0.0975245 0.0502721 0.0454247 0.1022600 0.0812734 0.0877481 
Pseudochiridae_Pseudochirulus_forbesi        0.0540850 0.0699372 0.0614844 0.0548018 0.0553452 0.0843024 0.0373957 0.0515878 0.0577855 0.0950972 0.0424759 0.0886386 0.1000677 0.0516107 0.0480795 0.0848783 0.0846753 0.0888338 0.0943762 0.0504048 0.0000000 0.1009665 0.0951124 0.0854393 0.0527918 0.0730092 0.0295844 0.0577478 0.0308391 0.0879028 0.0500812 0.0506041 0.1074723 0.0853814 0.0930557 
Didelphidae_Didelphis_virginiana             0.1007260 0.1061165 0.1022820 0.1043685 0.1052173 0.1181516 0.0727363 0.0987717 0.1088285 0.1147901 0.0796742 0.1227432 0.1320776 0.1000622 0.1005099 0.1186338 0.1173812 0.1190083 0.1122704 0.1020742 0.1009665 0.0000000 0.0398313 0.1203783 0.1029229 0.0993475 0.1034081 0.1085523 0.1336736 0.1704365 0.1009513 0.0997041 0.1258612 0.1192812 0.1126967 
Marmosidae_Monodelphis_domestica             0.0967048 0.1022170 0.0975789 0.0982476 0.0980057 0.1131004 0.0674677 0.0984160 0.1030502 0.1149402 0.0745208 0.1184616 0.1294971 0.1000530 0.0975001 0.1139619 0.1123428 0.1185048 0.1142982 0.0940407 0.0951124 0.0398313 0.0000000 0.1156660 0.0959190 0.0950875 0.0993275 0.1008174 0.1205492 0.1553503 0.0971259 0.0996985 0.1292072 0.1138475 0.1140204 
Dasyuridae_Antechinus_stuartii               0.0841436 0.0927714 0.0838395 0.0866062 0.0886014 0.0210627 0.0477969 0.0819765 0.0907489 0.1032934 0.0534168 0.0089449 0.0487691 0.0819490 0.0873624 0.0080087 0.0203983 0.0360248 0.1024051 0.0831229 0.0854393 0.1203783 0.1156660 0.0000000 0.0859630 0.0957539 0.0873928 0.0898968 0.1146579 0.1422883 0.0870531 0.0819524 0.1136195 0.0227126 0.1015446 
Hypsiprymnodontidae_Hypsiprymnodon_moschatus 0.0559573 0.0777977 0.0610121 0.0404914 0.0407308 0.0828088 0.0354072 0.0509883 0.0426398 0.0891880 0.0387630 0.0894562 0.0990746 0.0524258 0.0514185 0.0842741 0.0838794 0.0892871 0.0884566 0.0364408 0.0527918 0.1029229 0.0959190 0.0859630 0.0000000 0.0725716 0.0526616 0.0419950 0.0709468 0.1071278 0.0560138 0.0520844 0.1029508 0.0849511 0.0888789 
Microbiotheriidae_Dromiciops_gliroides       0.0728752 0.0763130 0.0722376 0.0747254 0.0756638 0.0960132 0.0483919 0.0681957 0.0774468 0.0940177 0.0550474 0.0985368 0.1081114 0.0688699 0.0719784 0.0936990 0.0952325 0.0974047 0.0934087 0.0689490 0.0730092 0.0993475 0.0950875 0.0957539 0.0725716 0.0000000 0.0704821 0.0753570 0.0918759 0.1247646 0.0739807 0.0685392 0.1055858 0.0978641 0.0920951 
Pseudochiridae_Petauroides_volans            0.0532201 0.0705216 0.0618215 0.0542759 0.0541487 0.0849036 0.0369847 0.0499316 0.0579921 0.0930756 0.0390955 0.0907320 0.1026356 0.0504275 0.0468117 0.0861663 0.0852810 0.0903737 0.0924504 0.0519752 0.0295844 0.1034081 0.0993275 0.0873928 0.0526616 0.0704821 0.0000000 0.0575613 0.0428587 0.0905752 0.0512595 0.0494123 0.1026475 0.0866998 0.0907879 
Macropodidae_Wallabia_bicolor                0.0558128 0.0764937 0.0628036 0.0280059 0.0276054 0.0883714 0.0423924 0.0485995 0.0313307 0.0951376 0.0448794 0.0948448 0.0990519 0.0497323 0.0549839 0.0886178 0.0887531 0.0934049 0.0963407 0.0173704 0.0577478 0.1085523 0.1008174 0.0898968 0.0419950 0.0753570 0.0575613 0.0000000 0.0753520 0.1083661 0.0594456 0.0507394 0.1102592 0.0901850 0.0939231 
Pseudochiridae_Pseudocheirus_occidentalis    0.0700368 0.0943443 0.0773564 0.0698368 0.0688797 0.1124793 0.0595903 0.0661984 0.0747299 0.1144577 0.0642139 0.1272228 0.1422622 0.0699906 0.0682575 0.1142294 0.1143353 0.1251919 0.1172412 0.0656939 0.0308391 0.1336736 0.1205492 0.1146579 0.0709468 0.0918759 0.0428587 0.0753520 0.0000000 0.0883649 0.0686143 0.0682806 0.1258119 0.1155621 0.1154590 
Tarsipedidae_Tarsipes_rostratus              0.1018901 0.1268828 0.1116656 0.1036752 0.1037431 0.1465633 0.0908458 0.1009901 0.1080995 0.1479735 0.0939808 0.1635536 0.1745074 0.1032119 0.0974026 0.1477892 0.1485169 0.1518871 0.1481196 0.0975245 0.0879028 0.1704365 0.1553503 0.1422883 0.1071278 0.1247646 0.0905752 0.1083661 0.0883649 0.0000000 0.0986361 0.1037781 0.1479380 0.1498014 0.1486039 
Acrobatidae_Distoechurus_pennatus            0.0553896 0.0743789 0.0579549 0.0518483 0.0523997 0.0873531 0.0332856 0.0517252 0.0541548 0.0915971 0.0404700 0.0906201 0.1019809 0.0504431 0.0356170 0.0867621 0.0877287 0.0918882 0.0907252 0.0502721 0.0500812 0.1009513 0.0971259 0.0870531 0.0560138 0.0739807 0.0512595 0.0594456 0.0686143 0.0986361 0.0000000 0.0507704 0.1060086 0.0884386 0.0900719 
Phalangeridae_Phalanger_carmelitae           0.0468566 0.0707067 0.0575876 0.0487375 0.0486085 0.0834015 0.0134872 0.0098278 0.0513512 0.0889427 0.0069882 0.0871251 0.0976186 0.0025086 0.0443693 0.0827839 0.0830793 0.0875657 0.0884773 0.0454247 0.0506041 0.0997041 0.0996985 0.0819524 0.0520844 0.0685392 0.0494123 0.0507394 0.0682806 0.1037781 0.0507704 0.0000000 0.1026171 0.0858659 0.0881976 
Peramelidae_Peroryctes_raffrayana            0.1011326 0.1017553 0.0983659 0.1033824 0.1045673 0.1152225 0.0646895 0.1008304 0.1049148 0.0242570 0.0657698 0.1255900 0.1365495 0.1017297 0.0984094 0.1171705 0.1135512 0.1230602 0.0230962 0.1022600 0.1074723 0.1258612 0.1292072 0.1136195 0.1029508 0.1055858 0.1026475 0.1102592 0.1258119 0.1479380 0.1060086 0.1026171 0.0000000 0.1157357 0.0242235 
Dasyuridae_Dasyurus_geffroii                 0.0846194 0.0934965 0.0837856 0.0851746 0.0871237 0.0050725 0.0470122 0.0863436 0.0896586 0.1032774 0.0535651 0.0232954 0.0491297 0.0862137 0.0863221 0.0206919 0.0063507 0.0372344 0.1025838 0.0812734 0.0853814 0.1192812 0.1138475 0.0227126 0.0849511 0.0978641 0.0866998 0.0901850 0.1155621 0.1498014 0.0884386 0.0858659 0.1157357 0.0000000 0.1012631 
Peramelidae_Perameles_gunnii                 0.0873205 0.0938527 0.0823153 0.0906812 0.0923145 0.1005624 0.0551188 0.0876333 0.0954313 0.0006522 0.0596199 0.1074380 0.1197782 0.0881941 0.0861819 0.1023635 0.0995685 0.1089470 0.0194233 0.0877481 0.0930557 0.1126967 0.1140204 0.1015446 0.0888789 0.0920951 0.0907879 0.0939231 0.1154590 0.1486039 0.0900719 0.0881976 0.0242235 0.1012631 0.0000000 
