35
Burramyidae_Burramys_parvus                  0.0000000 0.1104986 0.0822324 0.0931272 0.0931946 0.1112212 0.0651376 0.0726358 0.0955190 0.1072476 0.0668610 0.1136135 0.1187024 0.0707400 0.0912253 0.1142486 0.1128816 0.1102019 0.1200571 0.0781555 0.0962368 0.1286150 0.1371902 0.1173992 0.0905660 0.0954277 0.0975070 0.0821357 0.0849740 0.1253546 0.0884578 0.0723290 0.1269508 0.1076185 0.1133423 
Notoryctidae_Notoryctes_typhlops             0.1104986 0.0000000 0.1134575 0.1254455 0.1293155 0.1278907 0.1113004 0.1190167 0.1251240 0.1346858 0.1092115 0.1246381 0.1327644 0.1145666 0.1233856 0.1245440 0.1336985 0.1283809 0.1450529 0.1152667 0.1401385 0.1596562 0.1591530 0.1274936 0.1207330 0.1177329 0.1426285 0.1179025 0.1330322 0.1830473 0.1300651 0.1155460 0.1498976 0.1282258 0.1357853 
Vombatidae_Lasiorhinus_latifrons             0.0822324 0.1134575 0.0000000 0.0987098 0.1000742 0.1118336 0.0724362 0.0806848 0.0980244 0.1023310 0.0758500 0.1176743 0.1120012 0.0783420 0.0884201 0.1176547 0.1112893 0.1127881 0.1125183 0.0852053 0.1054751 0.1304786 0.1372436 0.1168679 0.0882236 0.0958457 0.1103356 0.0843317 0.0986387 0.1311768 0.0949222 0.0775968 0.1175325 0.1098797 0.1072523 
Potoroidae_Bettongia_penicillata             0.0931272 0.1254455 0.0987098 0.0000000 0.0084956 0.1267443 0.0891804 0.0973785 0.0299445 0.1204365 0.0914598 0.1329000 0.1325870 0.0983831 0.1111816 0.1328746 0.1280942 0.1279695 0.1320436 0.0353144 0.1179778 0.1481381 0.1633672 0.1324468 0.0678375 0.1147932 0.1227563 0.0365059 0.1078107 0.1501457 0.1119700 0.0975582 0.1453292 0.1240293 0.1262711 
Potoroidae_Bettongia_lesueur                 0.0931946 0.1293155 0.1000742 0.0084956 0.0000000 0.1282697 0.0879775 0.0975021 0.0309405 0.1235083 0.0902878 0.1358499 0.1341420 0.0985079 0.1113711 0.1357319 0.1296270 0.1286876 0.1358827 0.0353536 0.1169845 0.1520520 0.1641906 0.1339515 0.0679531 0.1149171 0.1217608 0.0355223 0.1080758 0.1476206 0.1134754 0.0976816 0.1489615 0.1255398 0.1292932 
Dasyuridae_Dasyurus_maculatus                0.1112212 0.1278907 0.1118336 0.1267443 0.1282697 0.0000000 0.1105483 0.1242802 0.1296226 0.1169829 0.1161695 0.0294766 0.0379225 0.1175808 0.1342301 0.0299700 0.0116577 0.0324791 0.1224984 0.1128953 0.1373484 0.1553096 0.1689592 0.0274055 0.1210749 0.1134089 0.1428794 0.1135763 0.1305587 0.1693290 0.1341296 0.1205555 0.1359602 0.0080209 0.1192627 
Phalangeridae_Trichosurus_vulpecula          0.0651376 0.1113004 0.0724362 0.0891804 0.0879775 0.1105483 0.0000000 0.0284148 0.0894512 0.0997436 0.0262038 0.1188612 0.1126331 0.0302649 0.0790080 0.1187625 0.1106532 0.1146786 0.1100862 0.0743258 0.0870259 0.1306929 0.1436454 0.1188372 0.0820130 0.0906847 0.0942333 0.0753016 0.0762174 0.1088943 0.0805056 0.0277767 0.1210131 0.1105229 0.1054558 
Phalangeridae_Spilocuscus_maculatus          0.0726358 0.1190167 0.0806848 0.0973785 0.0975021 0.1242802 0.0284148 0.0000000 0.0964551 0.1118465 0.0163752 0.1306829 0.1243009 0.0187376 0.0854283 0.1306582 0.1237488 0.1233705 0.1222307 0.0851462 0.0979714 0.1382661 0.1472637 0.1285159 0.0913138 0.0941013 0.1016218 0.0856124 0.0858737 0.1124456 0.0900886 0.0168281 0.1323296 0.1222660 0.1163681 
Potoroidae_Aepyprymnus_rufescens             0.0955190 0.1251240 0.0980244 0.0299445 0.0309405 0.1296226 0.0894512 0.0964551 0.0000000 0.1210560 0.0877168 0.1329812 0.1327731 0.0952388 0.1059283 0.1329556 0.1309921 0.1277075 0.1331659 0.0329459 0.1161595 0.1488888 0.1638927 0.1317516 0.0650174 0.1100901 0.1223171 0.0361997 0.1080206 0.1394884 0.1110289 0.0956961 0.1470680 0.1261832 0.1268176 
Peramelidae_Perameles_nasuta                 0.1072476 0.1346858 0.1023310 0.1204365 0.1235083 0.1169829 0.0997436 0.1118465 0.1210560 0.0000000 0.1033034 0.1239205 0.1178486 0.1083524 0.1161561 0.1231432 0.1231850 0.1162577 0.0199212 0.1102782 0.1298305 0.1496222 0.1532584 0.1207802 0.1127434 0.1110216 0.1375379 0.1130968 0.1206318 0.1549089 0.1195546 0.1087836 0.0192888 0.1189828 0.0019082 
Phalangeridae_Strigocuscus_pelengensis       0.0668610 0.1092115 0.0758500 0.0914598 0.0902878 0.1161695 0.0262038 0.0163752 0.0877168 0.1033034 0.0000000 0.1232599 0.1168770 0.0182264 0.0784523 0.1232375 0.1166818 0.1156627 0.1133211 0.0766571 0.0889890 0.1328468 0.1432341 0.1206780 0.0820677 0.0886107 0.0953153 0.0786861 0.0760885 0.1152420 0.0811662 0.0163024 0.1243293 0.1140219 0.1069916 
Dasyuridae_Phascogale_tapoatafa              0.1136135 0.1246381 0.1176743 0.1329000 0.1358499 0.0294766 0.1188612 0.1306829 0.1329812 0.1239205 0.1232599 0.0000000 0.0438419 0.1251002 0.1324647 0.0044183 0.0314112 0.0351654 0.1302478 0.1175350 0.1445207 0.1652837 0.1754842 0.0154788 0.1272094 0.1161260 0.1482446 0.1212949 0.1355093 0.1783932 0.1342729 0.1281329 0.1446344 0.0281075 0.1267750 
Dasyuridae_Sminthopsis_macroura              0.1187024 0.1327644 0.1120012 0.1325870 0.1341420 0.0379225 0.1126331 0.1243009 0.1327731 0.1178486 0.1168770 0.0438419 0.0000000 0.1177032 0.1341057 0.0443625 0.0408449 0.0308715 0.1241173 0.1191916 0.1364698 0.1590649 0.1701072 0.0418050 0.1251075 0.1176868 0.1425668 0.1212063 0.1294037 0.1732752 0.1393019 0.1207279 0.1370235 0.0374604 0.1208260 
Phalangeridae_Phalanger_orientalis           0.0707400 0.1145666 0.0783420 0.0983831 0.0985079 0.1175808 0.0302649 0.0187376 0.0952388 0.1083524 0.0182264 0.1251002 0.1177032 0.0000000 0.0889414 0.1250777 0.1181569 0.1193966 0.1195140 0.0843183 0.0951760 0.1365507 0.1479945 0.1230350 0.0883279 0.0935323 0.0981623 0.0847812 0.0833862 0.1157975 0.0910026 0.0080643 0.1295607 0.1156053 0.1124138 
Acrobatidae_Acrobates_pygmaeus               0.0912253 0.1233856 0.0884201 0.1111816 0.1113711 0.1342301 0.0790080 0.0854283 0.1059283 0.1161561 0.0784523 0.1324647 0.1341057 0.0889414 0.0000000 0.1323838 0.1334759 0.1338849 0.1252215 0.0946825 0.0938401 0.1450333 0.1555012 0.1358919 0.0994950 0.1075442 0.0952422 0.0973439 0.0852751 0.1180172 0.0471281 0.0859312 0.1371661 0.1292307 0.1192555 
Dasyuridae_Phascogale_calura                 0.1142486 0.1245440 0.1176547 0.1328746 0.1357319 0.0299700 0.1187625 0.1306582 0.1329556 0.1231432 0.1232375 0.0044183 0.0443625 0.1250777 0.1323838 0.0000000 0.0319081 0.0356819 0.1295361 0.1187873 0.1444903 0.1645187 0.1738881 0.0145438 0.1287273 0.1160305 0.1482127 0.1212739 0.1353985 0.1781627 0.1355818 0.1281093 0.1452987 0.0285996 0.1253829 
Dasyuridae_Sarcophilus_harrisii              0.1128816 0.1336985 0.1112893 0.1280942 0.1296270 0.0116577 0.1106532 0.1237488 0.1309921 0.1231850 0.1166818 0.0314112 0.0408449 0.1181569 0.1334759 0.0319081 0.0000000 0.0350936 0.1287486 0.1141930 0.1394370 0.1596684 0.1716801 0.0303343 0.1234918 0.1134487 0.1426867 0.1148832 0.1304616 0.1674989 0.1355206 0.1211329 0.1407711 0.0125883 0.1252813 
Dasyuridae_Planigale_tenuirostris            0.1102019 0.1283809 0.1127881 0.1279695 0.1286876 0.0324791 0.1146786 0.1233705 0.1277075 0.1162577 0.1156627 0.0351654 0.0308715 0.1193966 0.1338849 0.0356819 0.0350936 0.0000000 0.1229924 0.1151242 0.1341998 0.1631905 0.1632132 0.0363312 0.1264614 0.1125924 0.1425155 0.1155761 0.1237836 0.1697472 0.1339443 0.1220258 0.1343451 0.0314930 0.1188856 
Peramelidae_Echymipera_kalubu                0.1200571 0.1450529 0.1125183 0.1320436 0.1358827 0.1224984 0.1100862 0.1222307 0.1331659 0.0199212 0.1133211 0.1302478 0.1241173 0.1195140 0.1252215 0.1295361 0.1287486 0.1229924 0.0000000 0.1208825 0.1394755 0.1577759 0.1696550 0.1287258 0.1242354 0.1208874 0.1475618 0.1224308 0.1306481 0.1679925 0.1273893 0.1190437 0.0203683 0.1246225 0.0205619 
Macropodidae_Dorcopsulus_vanheurni           0.0781555 0.1152667 0.0852053 0.0353144 0.0353536 0.1128953 0.0743258 0.0851462 0.0329459 0.1102782 0.0766571 0.1175350 0.1191916 0.0843183 0.0946825 0.1187873 0.1141930 0.1151242 0.1208825 0.0000000 0.1040514 0.1362704 0.1473081 0.1173299 0.0478777 0.0951793 0.1084143 0.0136224 0.0946012 0.1228310 0.0943249 0.0835497 0.1305005 0.1096404 0.1162587 
Pseudochiridae_Pseudochirulus_forbesi        0.0962368 0.1401385 0.1054751 0.1179778 0.1169845 0.1373484 0.0870259 0.0979714 0.1161595 0.1298305 0.0889890 0.1445207 0.1364698 0.0951760 0.0938401 0.1444903 0.1394370 0.1341998 0.1394755 0.1040514 0.0000000 0.1530636 0.1637268 0.1434576 0.1028800 0.1161689 0.0670363 0.1058689 0.0234063 0.1148205 0.0945284 0.0956302 0.1448382 0.1351517 0.1339472 
Didelphidae_Didelphis_virginiana             0.1286150 0.1596562 0.1304786 0.1481381 0.1520520 0.1553096 0.1306929 0.1382661 0.1488888 0.1496222 0.1328468 0.1652837 0.1590649 0.1365507 0.1450333 0.1645187 0.1596684 0.1631905 0.1577759 0.1362704 0.1530636 0.0000000 0.0432222 0.1631758 0.1399724 0.1311451 0.1607322 0.1409961 0.1479627 0.1995510 0.1441800 0.1386652 0.1701837 0.1550678 0.1548328 
Marmosidae_Monodelphis_domestica             0.1371902 0.1591530 0.1372436 0.1633672 0.1641906 0.1689592 0.1436454 0.1472637 0.1638927 0.1532584 0.1432341 0.1754842 0.1701072 0.1479945 0.1555012 0.1738881 0.1716801 0.1632132 0.1696550 0.1473081 0.1637268 0.0432222 0.0000000 0.1727328 0.1495465 0.1394989 0.1670793 0.1481515 0.1544461 0.2147315 0.1533758 0.1492780 0.1822461 0.1649489 0.1615920 
Dasyuridae_Antechinus_stuartii               0.1173992 0.1274936 0.1168679 0.1324468 0.1339515 0.0274055 0.1188372 0.1285159 0.1317516 0.1207802 0.1206780 0.0154788 0.0418050 0.1230350 0.1358919 0.0145438 0.0303343 0.0363312 0.1287258 0.1173299 0.1434576 0.1631758 0.1727328 0.0000000 0.1275672 0.1160631 0.1456017 0.1194337 0.1335706 0.1752287 0.1308982 0.1262153 0.1459999 0.0259186 0.1231607 
Hypsiprymnodontidae_Hypsiprymnodon_moschatus 0.0905660 0.1207330 0.0882236 0.0678375 0.0679531 0.1210749 0.0820130 0.0913138 0.0650174 0.1127434 0.0820677 0.1272094 0.1251075 0.0883279 0.0994950 0.1287273 0.1234918 0.1264614 0.1242354 0.0478777 0.1028800 0.1399724 0.1495465 0.1275672 0.0000000 0.1018385 0.1135576 0.0529203 0.0962549 0.1279735 0.1001708 0.0886973 0.1374073 0.1208162 0.1181230 
Microbiotheriidae_Dromiciops_gliroides       0.0954277 0.1177329 0.0958457 0.1147932 0.1149171 0.1134089 0.0906847 0.0941013 0.1100901 0.1110216 0.0886107 0.1161260 0.1176868 0.0935323 0.1075442 0.1160305 0.1134487 0.1125924 0.1208874 0.0951793 0.1161689 0.1311451 0.1394989 0.1160631 0.1018385 0.0000000 0.1189088 0.0955449 0.1080542 0.1388908 0.1097214 0.0953324 0.1267135 0.1118986 0.1150068 
Pseudochiridae_Petauroides_volans            0.0975070 0.1426285 0.1103356 0.1227563 0.1217608 0.1428794 0.0942333 0.1016218 0.1223171 0.1375379 0.0953153 0.1482446 0.1425668 0.0981623 0.0952422 0.1482127 0.1426867 0.1425155 0.1475618 0.1084143 0.0670363 0.1607322 0.1670793 0.1456017 0.1135576 0.1189088 0.0000000 0.1077663 0.0527686 0.1036372 0.0950961 0.0987363 0.1514625 0.1385024 0.1414972 
Macropodidae_Wallabia_bicolor                0.0821357 0.1179025 0.0843317 0.0365059 0.0355223 0.1135763 0.0753016 0.0856124 0.0361997 0.1130968 0.0786861 0.1212949 0.1212063 0.0847812 0.0973439 0.1212739 0.1148832 0.1155761 0.1224308 0.0136224 0.1058689 0.1409961 0.1481515 0.1194337 0.0529203 0.0955449 0.1077663 0.0000000 0.0984757 0.1252301 0.0969426 0.0828127 0.1333890 0.1102982 0.1191143 
Pseudochiridae_Pseudocheirus_occidentalis    0.0849740 0.1330322 0.0986387 0.1078107 0.1080758 0.1305587 0.0762174 0.0858737 0.1080206 0.1206318 0.0760885 0.1355093 0.1294037 0.0833862 0.0852751 0.1353985 0.1304616 0.1237836 0.1306481 0.0946012 0.0234063 0.1479627 0.1544461 0.1335706 0.0962549 0.1080542 0.0527686 0.0984757 0.0000000 0.0915115 0.0862084 0.0838857 0.1301261 0.1273566 0.1208097 
Tarsipedidae_Tarsipes_rostratus              0.1253546 0.1830473 0.1311768 0.1501457 0.1476206 0.1693290 0.1088943 0.1124456 0.1394884 0.1549089 0.1152420 0.1783932 0.1732752 0.1157975 0.1180172 0.1781627 0.1674989 0.1697472 0.1679925 0.1228310 0.1148205 0.1995510 0.2147315 0.1752287 0.1279735 0.1388908 0.1036372 0.1252301 0.0915115 0.0000000 0.1138549 0.1139567 0.1702838 0.1644186 0.1589387 
Acrobatidae_Distoechurus_pennatus            0.0884578 0.1300651 0.0949222 0.1119700 0.1134754 0.1341296 0.0805056 0.0900886 0.1110289 0.1195546 0.0811662 0.1342729 0.1393019 0.0910026 0.0471281 0.1355818 0.1355206 0.1339443 0.1273893 0.0943249 0.0945284 0.1441800 0.1533758 0.1308982 0.1001708 0.1097214 0.0950961 0.0969426 0.0862084 0.1138549 0.0000000 0.0892168 0.1383998 0.1283107 0.1225342 
Phalangeridae_Phalanger_carmelitae           0.0723290 0.1155460 0.0775968 0.0975582 0.0976816 0.1205555 0.0277767 0.0168281 0.0956961 0.1087836 0.0163024 0.1281329 0.1207279 0.0080643 0.0859312 0.1281093 0.1211329 0.1220258 0.1190437 0.0835497 0.0956302 0.1386652 0.1492780 0.1262153 0.0886973 0.0953324 0.0987363 0.0828127 0.0838857 0.1139567 0.0892168 0.0000000 0.1291454 0.1185675 0.1128300 
Peramelidae_Peroryctes_raffrayana            0.1269508 0.1498976 0.1175325 0.1453292 0.1489615 0.1359602 0.1210131 0.1323296 0.1470680 0.0192888 0.1243293 0.1446344 0.1370235 0.1295607 0.1371661 0.1452987 0.1407711 0.1343451 0.0203683 0.1305005 0.1448382 0.1701837 0.1822461 0.1459999 0.1374073 0.1267135 0.1514625 0.1333890 0.1301261 0.1702838 0.1383998 0.1291454 0.0000000 0.1380690 0.0193836 
Dasyuridae_Dasyurus_geffroii                 0.1076185 0.1282258 0.1098797 0.1240293 0.1255398 0.0080209 0.1105229 0.1222660 0.1261832 0.1189828 0.1140219 0.0281075 0.0374604 0.1156053 0.1292307 0.0285996 0.0125883 0.0314930 0.1246225 0.1096404 0.1351517 0.1550678 0.1649489 0.0259186 0.1208162 0.1118986 0.1385024 0.1102982 0.1273566 0.1644186 0.1283107 0.1185675 0.1380690 0.0000000 0.1211593 
Peramelidae_Perameles_gunnii                 0.1133423 0.1357853 0.1072523 0.1262711 0.1292932 0.1192627 0.1054558 0.1163681 0.1268176 0.0019082 0.1069916 0.1267750 0.1208260 0.1124138 0.1192555 0.1253829 0.1252813 0.1188856 0.0205619 0.1162587 0.1339472 0.1548328 0.1615920 0.1231607 0.1181230 0.1150068 0.1414972 0.1191143 0.1208097 0.1589387 0.1225342 0.1128300 0.0193836 0.1211593 0.0000000 
