35
Burramyidae_Burramys_parvus                  0.0000000 0.0901468 0.0832499 0.0807877 0.0791553 0.0993142 0.0709601 0.0624352 0.0875657 0.1162853 0.0687916 0.0906434 0.1038920 0.0662254 0.0686764 0.0933699 0.0988295 0.0883210 0.1175304 0.0784011 0.0936568 0.1311124 0.1645306 0.0980153 0.0785260 0.0690331 0.0738094 0.0795514 0.0833272 0.1219181 0.0801742 0.0668425 0.1109841 0.0960121 0.1160311 
Notoryctidae_Notoryctes_typhlops             0.0901468 0.0000000 0.1095539 0.1270253 0.1241804 0.1179219 0.1139262 0.1011612 0.1283143 0.1365740 0.1029982 0.1149966 0.1193937 0.1023249 0.1087493 0.1163428 0.1181060 0.1138398 0.1359256 0.1186118 0.1306485 0.1599547 0.1895029 0.1149443 0.1172442 0.0887349 0.1170652 0.1198528 0.1216551 0.1702359 0.1201708 0.1045463 0.1324217 0.1165107 0.1371042 
Vombatidae_Lasiorhinus_latifrons             0.0832499 0.1095539 0.0000000 0.1008098 0.1000987 0.0994628 0.0924220 0.0886579 0.1031857 0.1265697 0.0914833 0.0972962 0.1096085 0.0908051 0.0807789 0.1020808 0.0986214 0.0971145 0.1246161 0.0960315 0.1135973 0.1340902 0.1654040 0.1006090 0.0975417 0.0756111 0.0973861 0.0964052 0.0992429 0.1404323 0.0925614 0.0937040 0.1195213 0.0967308 0.1262842 
Potoroidae_Bettongia_penicillata             0.0807877 0.1270253 0.1008098 0.0000000 0.0077855 0.1208899 0.0850232 0.0870651 0.0187722 0.1388440 0.0919137 0.1154163 0.1281039 0.0895006 0.0800923 0.1220109 0.1231325 0.1087301 0.1386972 0.0357319 0.1142200 0.1515757 0.1867311 0.1214175 0.0590708 0.0845322 0.0908633 0.0356226 0.0996204 0.1380743 0.0922569 0.0922724 0.1313326 0.1199521 0.1393576 
Potoroidae_Bettongia_lesueur                 0.0791553 0.1241804 0.1000987 0.0077855 0.0000000 0.1176950 0.0852138 0.0866076 0.0174979 0.1357472 0.0933037 0.1107987 0.1247715 0.0897371 0.0816616 0.1172923 0.1199108 0.1072094 0.1355984 0.0331334 0.1149181 0.1481351 0.1856067 0.1183278 0.0587868 0.0859548 0.0917262 0.0324250 0.1011243 0.1415916 0.0930968 0.0910990 0.1292594 0.1184873 0.1362616 
Dasyuridae_Dasyurus_maculatus                0.0993142 0.1179219 0.0994628 0.1208899 0.1176950 0.0000000 0.1087325 0.1070925 0.1229224 0.1291769 0.1051513 0.0267656 0.0441631 0.1091336 0.1075334 0.0285654 0.0145060 0.0378710 0.1295562 0.1167919 0.1286390 0.1420375 0.1774080 0.0321458 0.1157442 0.0825309 0.1175452 0.1163468 0.1221128 0.1583540 0.1157410 0.1105557 0.1236942 0.0057363 0.1288850 
Phalangeridae_Trichosurus_vulpecula          0.0709601 0.1139262 0.0924220 0.0850232 0.0852138 0.1087325 0.0000000 0.0358390 0.0936289 0.1262602 0.0397475 0.1063095 0.1199807 0.0347716 0.0725995 0.1088096 0.1103101 0.1028959 0.1312993 0.0882174 0.1065072 0.1394985 0.1675689 0.1076832 0.0902739 0.0915042 0.0876417 0.0873649 0.0933263 0.1261078 0.0851237 0.0371908 0.1235961 0.1029867 0.1259788 
Phalangeridae_Spilocuscus_maculatus          0.0624352 0.1011612 0.0886579 0.0870651 0.0866076 0.1070925 0.0358390 0.0000000 0.0892034 0.1230223 0.0165832 0.1016128 0.1142557 0.0090600 0.0678166 0.1038799 0.1075429 0.0975262 0.1285074 0.0858202 0.0959360 0.1376748 0.1631039 0.1059818 0.0856272 0.0886835 0.0762669 0.0877040 0.0860085 0.1221722 0.0816141 0.0101917 0.1261590 0.1023720 0.1227439 
Potoroidae_Aepyprymnus_rufescens             0.0875657 0.1283143 0.1031857 0.0187722 0.0174979 0.1229224 0.0936289 0.0892034 0.0000000 0.1417693 0.0989641 0.1108781 0.1229835 0.0937822 0.0839124 0.1174156 0.1225683 0.1075998 0.1415478 0.0408749 0.1186266 0.1540322 0.1886935 0.1176108 0.0620849 0.0918871 0.0944366 0.0400649 0.1024113 0.1438304 0.1028999 0.0965997 0.1326879 0.1196012 0.1422819 
Peramelidae_Perameles_nasuta                 0.1162853 0.1365740 0.1265697 0.1388440 0.1357472 0.1291769 0.1262602 0.1230223 0.1417693 0.0000000 0.1223946 0.1242612 0.1333779 0.1268332 0.1229828 0.1243647 0.1280528 0.1123484 0.0251753 0.1326445 0.1517550 0.1543384 0.1869571 0.1269691 0.1358045 0.1076686 0.1292265 0.1329783 0.1433358 0.1665643 0.1356591 0.1283226 0.0260338 0.1257757 0.0022075 
Phalangeridae_Strigocuscus_pelengensis       0.0687916 0.1029982 0.0914833 0.0919137 0.0933037 0.1051513 0.0397475 0.0165832 0.0989641 0.1223946 0.0000000 0.1032586 0.1150768 0.0171150 0.0736672 0.1055336 0.1070976 0.0991233 0.1260881 0.0914995 0.1011434 0.1390510 0.1687931 0.1124387 0.0862213 0.0906940 0.0814899 0.0895142 0.0903782 0.1298740 0.0866716 0.0177387 0.1254743 0.1069284 0.1228680 
Dasyuridae_Phascogale_tapoatafa              0.0906434 0.1149966 0.0972962 0.1154163 0.1107987 0.0267656 0.1063095 0.1016128 0.1108781 0.1242612 0.1032586 0.0000000 0.0373267 0.1044678 0.1009418 0.0060784 0.0304261 0.0317510 0.1218889 0.1103729 0.1293628 0.1401339 0.1724533 0.0174561 0.1098368 0.0803348 0.1125013 0.1093642 0.1197359 0.1561950 0.1133859 0.1058931 0.1166800 0.0254846 0.1239819 
Dasyuridae_Sminthopsis_macroura              0.1038920 0.1193937 0.1096085 0.1281039 0.1247715 0.0441631 0.1199807 0.1142557 0.1229835 0.1333779 0.1150768 0.0373267 0.0000000 0.1177833 0.1127535 0.0416023 0.0473806 0.0303917 0.1306214 0.1200375 0.1334498 0.1504509 0.1796322 0.0472088 0.1204643 0.0875799 0.1198876 0.1216799 0.1275855 0.1542753 0.1254720 0.1192575 0.1258540 0.0449258 0.1328455 
Phalangeridae_Phalanger_orientalis           0.0662254 0.1023249 0.0908051 0.0895006 0.0897371 0.1091336 0.0347716 0.0090600 0.0937822 0.1268332 0.0171150 0.1044678 0.1177833 0.0000000 0.0718754 0.1066995 0.1087374 0.1015219 0.1322968 0.0896713 0.0988363 0.1339462 0.1633864 0.1049096 0.0917351 0.0878166 0.0793071 0.0895367 0.0897102 0.1264664 0.0833989 0.0038843 0.1228363 0.1028557 0.1265475 
Acrobatidae_Acrobates_pygmaeus               0.0686764 0.1087493 0.0807789 0.0800923 0.0816616 0.1075334 0.0725995 0.0678166 0.0839124 0.1229828 0.0736672 0.1009418 0.1127535 0.0718754 0.0000000 0.1016260 0.1071366 0.0994092 0.1239552 0.0762729 0.0865154 0.1313622 0.1510070 0.1011228 0.0734422 0.0750793 0.0684019 0.0738795 0.0742170 0.1123462 0.0354191 0.0745675 0.1137484 0.0997787 0.1234765 
Dasyuridae_Phascogale_calura                 0.0933699 0.1163428 0.1020808 0.1220109 0.1172923 0.0285654 0.1088096 0.1038799 0.1174156 0.1243647 0.1055336 0.0060784 0.0416023 0.1066995 0.1016260 0.0000000 0.0322335 0.0338462 0.1232074 0.1153229 0.1292510 0.1399908 0.1720340 0.0192542 0.1148388 0.0802295 0.1138121 0.1142977 0.1223721 0.1588442 0.1140629 0.1081308 0.1180211 0.0285998 0.1240849 
Dasyuridae_Sarcophilus_harrisii              0.0988295 0.1181060 0.0986214 0.1231325 0.1199108 0.0145060 0.1103101 0.1075429 0.1225683 0.1280528 0.1070976 0.0304261 0.0473806 0.1087374 0.1071366 0.0322335 0.0000000 0.0393125 0.1276321 0.1170112 0.1264463 0.1468083 0.1816536 0.0353612 0.1168443 0.0841751 0.1145593 0.1152796 0.1199393 0.1607469 0.1163672 0.1109460 0.1217724 0.0133632 0.1277650 
Dasyuridae_Planigale_tenuirostris            0.0883210 0.1138398 0.0971145 0.1087301 0.1072094 0.0378710 0.1028959 0.0975262 0.1075998 0.1123484 0.0991233 0.0317510 0.0303917 0.1015219 0.0994092 0.0338462 0.0393125 0.0000000 0.1116414 0.0992320 0.1220217 0.1352516 0.1664864 0.0412016 0.1079404 0.0943132 0.1075170 0.1024973 0.1139519 0.1416269 0.1147561 0.1031004 0.1093016 0.0398337 0.1128595 
Peramelidae_Echymipera_kalubu                0.1175304 0.1359256 0.1246161 0.1386972 0.1355984 0.1295562 0.1312993 0.1285074 0.1415478 0.0251753 0.1260881 0.1218889 0.1306214 0.1322968 0.1239552 0.1232074 0.1276321 0.1116414 0.0000000 0.1332557 0.1517686 0.1532495 0.1849346 0.1239689 0.1335145 0.1024825 0.1301698 0.1326149 0.1435197 0.1649138 0.1357737 0.1337995 0.0229502 0.1251877 0.0251465 
Macropodidae_Dorcopsulus_vanheurni           0.0784011 0.1186118 0.0960315 0.0357319 0.0331334 0.1167919 0.0882174 0.0858202 0.0408749 0.1326445 0.0914995 0.1103729 0.1200375 0.0896713 0.0762729 0.1153229 0.1170112 0.0992320 0.1332557 0.0000000 0.1147280 0.1442816 0.1746084 0.1184968 0.0542083 0.0844549 0.0894537 0.0135912 0.1017454 0.1465088 0.0908660 0.0903163 0.1274351 0.1172665 0.1321859 
Pseudochiridae_Pseudochirulus_forbesi        0.0936568 0.1306485 0.1135973 0.1142200 0.1149181 0.1286390 0.1065072 0.0959360 0.1186266 0.1517550 0.1011434 0.1293628 0.1334498 0.0988363 0.0865154 0.1292510 0.1264463 0.1220217 0.1517686 0.1147280 0.0000000 0.1570637 0.1766611 0.1365691 0.1097366 0.1083889 0.0528784 0.1088585 0.0298605 0.1268653 0.0939316 0.1009660 0.1469080 0.1259036 0.1504718 
Didelphidae_Didelphis_virginiana             0.1311124 0.1599547 0.1340902 0.1515757 0.1481351 0.1420375 0.1394985 0.1376748 0.1540322 0.1543384 0.1390510 0.1401339 0.1504509 0.1339462 0.1313622 0.1399908 0.1468083 0.1352516 0.1532495 0.1442816 0.1570637 0.0000000 0.0626999 0.1393595 0.1407729 0.1189952 0.1466475 0.1461046 0.1495517 0.1693349 0.1504999 0.1366900 0.1593422 0.1395930 0.1523276 
Marmosidae_Monodelphis_domestica             0.1645306 0.1895029 0.1654040 0.1867311 0.1856067 0.1774080 0.1675689 0.1631039 0.1886935 0.1869571 0.1687931 0.1724533 0.1796322 0.1633864 0.1510070 0.1720340 0.1816536 0.1664864 0.1849346 0.1746084 0.1766611 0.0626999 0.0000000 0.1793926 0.1666033 0.1587874 0.1684550 0.1747258 0.1662714 0.1705447 0.1737629 0.1651707 0.1921114 0.1809043 0.1837590 
Dasyuridae_Antechinus_stuartii               0.0980153 0.1149443 0.1006090 0.1214175 0.1183278 0.0321458 0.1076832 0.1059818 0.1176108 0.1269691 0.1124387 0.0174561 0.0472088 0.1049096 0.1011228 0.0192542 0.0353612 0.0412016 0.1239689 0.1184968 0.1365691 0.1393595 0.1793926 0.0000000 0.1115485 0.0888463 0.1175320 0.1183295 0.1272038 0.1669591 0.1100933 0.1047582 0.1262403 0.0321643 0.1265750 
Hypsiprymnodontidae_Hypsiprymnodon_moschatus 0.0785260 0.1172442 0.0975417 0.0590708 0.0587868 0.1157442 0.0902739 0.0856272 0.0620849 0.1358045 0.0862213 0.1098368 0.1204643 0.0917351 0.0734422 0.1148388 0.1168443 0.1079404 0.1335145 0.0542083 0.1097366 0.1407729 0.1666033 0.1115485 0.0000000 0.0818898 0.0853961 0.0507695 0.0928116 0.1290326 0.0924861 0.0938348 0.1260860 0.1104358 0.1363224 
Microbiotheriidae_Dromiciops_gliroides       0.0690331 0.0887349 0.0756111 0.0845322 0.0859548 0.0825309 0.0915042 0.0886835 0.0918871 0.1076686 0.0906940 0.0803348 0.0875799 0.0878166 0.0750793 0.0802295 0.0841751 0.0943132 0.1024825 0.0844549 0.1083889 0.1189952 0.1587874 0.0888463 0.0818898 0.0000000 0.0839965 0.0831587 0.0952218 0.1347630 0.0769266 0.0904183 0.1053801 0.0850656 0.1076076 
Pseudochiridae_Petauroides_volans            0.0738094 0.1170652 0.0973861 0.0908633 0.0917262 0.1175452 0.0876417 0.0762669 0.0944366 0.1292265 0.0814899 0.1125013 0.1198876 0.0793071 0.0684019 0.1138121 0.1145593 0.1075170 0.1301698 0.0894537 0.0528784 0.1466475 0.1684550 0.1175320 0.0853961 0.0839965 0.0000000 0.0858052 0.0464440 0.1055181 0.0791910 0.0800198 0.1239835 0.1116538 0.1291141 
Macropodidae_Wallabia_bicolor                0.0795514 0.1198528 0.0964052 0.0356226 0.0324250 0.1163468 0.0873649 0.0877040 0.0400649 0.1329783 0.0895142 0.1093642 0.1216799 0.0895367 0.0738795 0.1142977 0.1152796 0.1024973 0.1326149 0.0135912 0.1088585 0.1461046 0.1747258 0.1183295 0.0507695 0.0831587 0.0858052 0.0000000 0.0965054 0.1434324 0.0897756 0.0901810 0.1270725 0.1153063 0.1334964 
Pseudochiridae_Pseudocheirus_occidentalis    0.0833272 0.1216551 0.0992429 0.0996204 0.1011243 0.1221128 0.0933263 0.0860085 0.1024113 0.1433358 0.0903782 0.1197359 0.1275855 0.0897102 0.0742170 0.1223721 0.1199393 0.1139519 0.1435197 0.1017454 0.0298605 0.1495517 0.1662714 0.1272038 0.0928116 0.0952218 0.0464440 0.0965054 0.0000000 0.1167977 0.0847429 0.0931906 0.1342999 0.1196904 0.1438029 
Tarsipedidae_Tarsipes_rostratus              0.1219181 0.1702359 0.1404323 0.1380743 0.1415916 0.1583540 0.1261078 0.1221722 0.1438304 0.1665643 0.1298740 0.1561950 0.1542753 0.1264664 0.1123462 0.1588442 0.1607469 0.1416269 0.1649138 0.1465088 0.1268653 0.1693349 0.1705447 0.1669591 0.1290326 0.1347630 0.1055181 0.1434324 0.1167977 0.0000000 0.1233849 0.1287811 0.1678689 0.1585657 0.1647464 
Acrobatidae_Distoechurus_pennatus            0.0801742 0.1201708 0.0925614 0.0922569 0.0930968 0.1157410 0.0851237 0.0816141 0.1028999 0.1356591 0.0866716 0.1133859 0.1254720 0.0833989 0.0354191 0.1140629 0.1163672 0.1147561 0.1357737 0.0908660 0.0939316 0.1504999 0.1737629 0.1100933 0.0924861 0.0769266 0.0791910 0.0897756 0.0847429 0.1233849 0.0000000 0.0826268 0.1280272 0.1101009 0.1361340 
Phalangeridae_Phalanger_carmelitae           0.0668425 0.1045463 0.0937040 0.0922724 0.0910990 0.1105557 0.0371908 0.0101917 0.0965997 0.1283226 0.0177387 0.1058931 0.1192575 0.0038843 0.0745675 0.1081308 0.1109460 0.1031004 0.1337995 0.0903163 0.1009660 0.1366900 0.1651707 0.1047582 0.0938348 0.0904183 0.0800198 0.0901810 0.0931906 0.1287811 0.0826268 0.0000000 0.1233845 0.1027084 0.1280330 
Peramelidae_Peroryctes_raffrayana            0.1109841 0.1324217 0.1195213 0.1313326 0.1292594 0.1236942 0.1235961 0.1261590 0.1326879 0.0260338 0.1254743 0.1166800 0.1258540 0.1228363 0.1137484 0.1180211 0.1217724 0.1093016 0.0229502 0.1274351 0.1469080 0.1593422 0.1921114 0.1262403 0.1260860 0.1053801 0.1239835 0.1270725 0.1342999 0.1678689 0.1280272 0.1233845 0.0000000 0.1227347 0.0266668 
Dasyuridae_Dasyurus_geffroii                 0.0960121 0.1165107 0.0967308 0.1199521 0.1184873 0.0057363 0.1029867 0.1023720 0.1196012 0.1257757 0.1069284 0.0254846 0.0449258 0.1028557 0.0997787 0.0285998 0.0133632 0.0398337 0.1251877 0.1172665 0.1259036 0.1395930 0.1809043 0.0321643 0.1104358 0.0850656 0.1116538 0.1153063 0.1196904 0.1585657 0.1101009 0.1027084 0.1227347 0.0000000 0.1254808 
Peramelidae_Perameles_gunnii                 0.1160311 0.1371042 0.1262842 0.1393576 0.1362616 0.1288850 0.1259788 0.1227439 0.1422819 0.0022075 0.1228680 0.1239819 0.1328455 0.1265475 0.1234765 0.1240849 0.1277650 0.1128595 0.0251465 0.1321859 0.1504718 0.1523276 0.1837590 0.1265750 0.1363224 0.1076076 0.1291141 0.1334964 0.1438029 0.1647464 0.1361340 0.1280330 0.0266668 0.1254808 0.0000000 
