35
Burramyidae_Burramys_parvus                  0.0000000 0.0718090 0.0556031 0.0613031 0.0657111 0.0363500 0.0429397 0.0560971 0.0929706 0.0510901 0.0857795 0.0788912 0.0413719 0.0640111 0.0858059 0.0832865 0.0786839 0.0996744 0.0646770 0.0788531 0.0926143 0.0878257 0.0837550 0.0574265 0.0618371 0.0705595 0.0612070 0.0632942 0.0765539 0.0621477 0.0418809 0.0904434 0.0842891 0.0959103 0.0685857 
Notoryctidae_Notoryctes_typhlops             0.0718090 0.0000000 0.0722045 0.0789517 0.0845176 0.0644767 0.0672592 0.0764559 0.0948652 0.0738683 0.0956190 0.0877002 0.0673899 0.0830171 0.0956470 0.0940114 0.0883354 0.0985157 0.0847802 0.0945244 0.1064785 0.1011820 0.0934289 0.0794798 0.0672981 0.0957147 0.0780519 0.0796930 0.0990795 0.0792815 0.0666365 0.0924910 0.0954225 0.0975856 0.0777643 
Vombatidae_Lasiorhinus_latifrons             0.0556031 0.0722045 0.0000000 0.0639310 0.0669977 0.0435561 0.0485339 0.0596643 0.0918405 0.0512401 0.0860975 0.0759223 0.0445470 0.0647694 0.0861234 0.0864862 0.0801018 0.0947519 0.0656014 0.0823376 0.0936473 0.0886176 0.0847106 0.0603192 0.0652961 0.0727905 0.0648697 0.0660920 0.0781139 0.0668260 0.0439103 0.0871302 0.0865560 0.0944814 0.0706526 
Potoroidae_Bettongia_penicillata             0.0613031 0.0789517 0.0639310 0.0000000 0.0055172 0.0478850 0.0540684 0.0096224 0.1022816 0.0571194 0.0947514 0.0870877 0.0522423 0.0673522 0.0949226 0.0926091 0.0872775 0.1099190 0.0236857 0.0851369 0.0984271 0.1000507 0.0930507 0.0375579 0.0757363 0.0785234 0.0221372 0.0596910 0.0846816 0.0706465 0.0526551 0.1030218 0.0940130 0.1070477 0.0795004 
Potoroidae_Bettongia_lesueur                 0.0657111 0.0845176 0.0669977 0.0055172 0.0000000 0.0508565 0.0582748 0.0132268 0.1046595 0.0603002 0.0981332 0.0891248 0.0551083 0.0724695 0.0983114 0.0959483 0.0895302 0.1129212 0.0275070 0.0878867 0.1002624 0.1031945 0.0964721 0.0399346 0.0803565 0.0831516 0.0265062 0.0632573 0.0901550 0.0750642 0.0568391 0.1055179 0.0947550 0.1094711 0.0821375 
Phalangeridae_Trichosurus_vulpecula          0.0363500 0.0644767 0.0435561 0.0478850 0.0508565 0.0000000 0.0164285 0.0442654 0.0850907 0.0203284 0.0740065 0.0654422 0.0148628 0.0529724 0.0740297 0.0730817 0.0643650 0.0904216 0.0520585 0.0709072 0.0828393 0.0773504 0.0707049 0.0469770 0.0552298 0.0599107 0.0506808 0.0539846 0.0632576 0.0522879 0.0153614 0.0827948 0.0731425 0.0872418 0.0603473 
Phalangeridae_Spilocuscus_maculatus          0.0429397 0.0672592 0.0485339 0.0540684 0.0582748 0.0164285 0.0000000 0.0497722 0.0912611 0.0141039 0.0779636 0.0692931 0.0091016 0.0586390 0.0773397 0.0770119 0.0714315 0.0952611 0.0590969 0.0748869 0.0870320 0.0824680 0.0761137 0.0515810 0.0623221 0.0663333 0.0558117 0.0613626 0.0723732 0.0565871 0.0095905 0.0890714 0.0783325 0.0936047 0.0621164 
Potoroidae_Aepyprymnus_rufescens             0.0560971 0.0764559 0.0596643 0.0096224 0.0132268 0.0442654 0.0497722 0.0000000 0.1014202 0.0551643 0.0907748 0.0845055 0.0485340 0.0667971 0.0909373 0.0899639 0.0830715 0.1075709 0.0230475 0.0836260 0.0937463 0.0948454 0.0904198 0.0345452 0.0717307 0.0771024 0.0209640 0.0576475 0.0825034 0.0663384 0.0489549 0.0992767 0.0913530 0.1061585 0.0759540 
Peramelidae_Perameles_nasuta                 0.0929706 0.0948652 0.0918405 0.1022816 0.1046595 0.0850907 0.0912611 0.1014202 0.0000000 0.0977862 0.1042608 0.0939444 0.0871793 0.1044374 0.1042899 0.1006131 0.1000250 0.0191793 0.1038183 0.1291494 0.1242765 0.1184242 0.0999893 0.0988742 0.0875848 0.1162302 0.1025276 0.1136059 0.1132586 0.0986560 0.0862365 0.0159470 0.0999305 0.0015019 0.0837128 
Phalangeridae_Strigocuscus_pelengensis       0.0510901 0.0738683 0.0512401 0.0571194 0.0603002 0.0203284 0.0141039 0.0551643 0.0977862 0.0000000 0.0842885 0.0771499 0.0119013 0.0631848 0.0843153 0.0832910 0.0794969 0.1014736 0.0634988 0.0789562 0.0946293 0.0898520 0.0794471 0.0570421 0.0658323 0.0726685 0.0600809 0.0655733 0.0779209 0.0625176 0.0124434 0.0955575 0.0847136 0.1001568 0.0658309 
Dasyuridae_Phascogale_tapoatafa              0.0857795 0.0956190 0.0860975 0.0947514 0.0981332 0.0740065 0.0779636 0.0907748 0.1042608 0.0842885 0.0000000 0.0226414 0.0745038 0.0939223 0.0039400 0.0203438 0.0254944 0.1090548 0.0983008 0.1116120 0.1124374 0.1008308 0.0121646 0.0931893 0.0803910 0.1030908 0.0949213 0.0927402 0.1098961 0.0870741 0.0748502 0.1016335 0.0214004 0.1066236 0.0176143 
Dasyuridae_Sminthopsis_macroura              0.0788912 0.0877002 0.0759223 0.0870877 0.0891248 0.0654422 0.0692931 0.0845055 0.0939444 0.0771499 0.0226414 0.0000000 0.0658527 0.0882052 0.0216016 0.0210976 0.0111119 0.0977328 0.0892806 0.1002674 0.1044427 0.0921895 0.0235384 0.0840910 0.0723870 0.0973884 0.0871636 0.0867552 0.0978750 0.0820326 0.0662264 0.0930942 0.0211300 0.0962309 0.0178827 
Phalangeridae_Phalanger_orientalis           0.0413719 0.0673899 0.0445470 0.0522423 0.0551083 0.0148628 0.0091016 0.0485340 0.0871793 0.0119013 0.0745038 0.0658527 0.0000000 0.0563814 0.0745272 0.0735410 0.0667131 0.0907076 0.0563141 0.0741842 0.0862921 0.0815801 0.0724683 0.0508496 0.0586630 0.0651765 0.0527025 0.0579535 0.0691941 0.0547733 0.0055314 0.0844023 0.0748573 0.0893553 0.0591005 
Acrobatidae_Acrobates_pygmaeus               0.0640111 0.0830171 0.0647694 0.0673522 0.0724695 0.0529724 0.0586390 0.0667971 0.1044374 0.0631848 0.0939223 0.0882052 0.0563814 0.0000000 0.0960723 0.0946225 0.0811923 0.1085522 0.0730484 0.0828270 0.1033074 0.1003360 0.0933789 0.0687990 0.0728912 0.0761490 0.0715051 0.0668901 0.0736893 0.0432528 0.0549253 0.0983203 0.0990092 0.1068428 0.0825922 
Dasyuridae_Phascogale_calura                 0.0858059 0.0956470 0.0861234 0.0949226 0.0983114 0.0740297 0.0773397 0.0909373 0.1042899 0.0843153 0.0039400 0.0216016 0.0745272 0.0960723 0.0000000 0.0203512 0.0243788 0.1071374 0.0972046 0.1116434 0.1126469 0.1001645 0.0111576 0.0932499 0.0800205 0.1024065 0.0950601 0.0942760 0.1105772 0.0884148 0.0748736 0.1009805 0.0214080 0.1066531 0.0170904 
Dasyuridae_Sarcophilus_harrisii              0.0832865 0.0940114 0.0864862 0.0926091 0.0959483 0.0730817 0.0770119 0.0899639 0.1006131 0.0832910 0.0203438 0.0210976 0.0735410 0.0946225 0.0203512 0.0000000 0.0226731 0.1075158 0.0975591 0.1105277 0.1063582 0.0947673 0.0185138 0.0922763 0.0792950 0.1033365 0.0941288 0.0937741 0.1071580 0.0859544 0.0738918 0.0986793 0.0069729 0.1029610 0.0028496 
Dasyuridae_Planigale_tenuirostris            0.0786839 0.0883354 0.0801018 0.0872775 0.0895302 0.0643650 0.0714315 0.0830715 0.1000250 0.0794969 0.0254944 0.0111119 0.0667131 0.0811923 0.0243788 0.0226731 0.0000000 0.1004567 0.0886425 0.1024257 0.1039962 0.0921390 0.0243975 0.0851728 0.0704233 0.0997696 0.0876385 0.0838826 0.1015478 0.0818818 0.0665880 0.0942207 0.0227114 0.1021870 0.0163057 
Peramelidae_Echymipera_kalubu                0.0996744 0.0985157 0.0947519 0.1099190 0.1129212 0.0904216 0.0952611 0.1075709 0.0191793 0.1014736 0.1090548 0.0977328 0.0907076 0.1085522 0.1071374 0.1075158 0.1004567 0.0000000 0.1115453 0.1362003 0.1277794 0.1212815 0.1049795 0.1058867 0.0931305 0.1196678 0.1102366 0.1214495 0.1177705 0.1045808 0.0897513 0.0115267 0.1061254 0.0186887 0.0911851 
Macropodidae_Dorcopsulus_vanheurni           0.0646770 0.0847802 0.0656014 0.0236857 0.0275070 0.0520585 0.0590969 0.0230475 0.1038183 0.0634988 0.0983008 0.0892806 0.0563141 0.0730484 0.0972046 0.0975591 0.0886425 0.1115453 0.0000000 0.0921135 0.1020757 0.1068578 0.0951516 0.0411616 0.0809906 0.0859399 0.0154886 0.0664117 0.0924626 0.0774944 0.0556576 0.1044220 0.0989867 0.1084590 0.0832852 
Pseudochiridae_Pseudochirulus_forbesi        0.0788531 0.0945244 0.0823376 0.0851369 0.0878867 0.0709072 0.0748869 0.0836260 0.1291494 0.0789562 0.1116120 0.1002674 0.0741842 0.0828270 0.1116434 0.1105277 0.1024257 0.1362003 0.0921135 0.0000000 0.1157428 0.1106383 0.1108164 0.0807380 0.0880048 0.0697929 0.0873305 0.0426283 0.0771352 0.0813523 0.0745490 0.1256953 0.1101533 0.1313463 0.0961559 
Didelphidae_Didelphis_virginiana             0.0926143 0.1064785 0.0936473 0.0984271 0.1002624 0.0828393 0.0870320 0.0937463 0.1242765 0.0946293 0.1124374 0.1044427 0.0862921 0.1033074 0.1126469 0.1063582 0.1039962 0.1277794 0.1020757 0.1157428 0.0000000 0.0424147 0.1112272 0.0982493 0.0945544 0.1147921 0.0994057 0.1064379 0.1234847 0.0992623 0.0896804 0.1150485 0.1077196 0.1266038 0.0887492 
Marmosidae_Monodelphis_domestica             0.0878257 0.1011820 0.0886176 0.1000507 0.1031945 0.0773504 0.0824680 0.0948454 0.1184242 0.0898520 0.1008308 0.0921895 0.0815801 0.1003360 0.1001645 0.0947673 0.0921390 0.1212815 0.1068578 0.1106383 0.0424147 0.0000000 0.0998612 0.0984938 0.0834246 0.1008391 0.1036946 0.0956558 0.1116806 0.0944258 0.0843685 0.1143533 0.0967131 0.1194423 0.0803816 
Dasyuridae_Antechinus_stuartii               0.0837550 0.0934289 0.0847106 0.0930507 0.0964721 0.0707049 0.0761137 0.0904198 0.0999893 0.0794471 0.0121646 0.0235384 0.0724683 0.0933789 0.0111576 0.0185138 0.0243975 0.1049795 0.0951516 0.1108164 0.1112272 0.0998612 0.0000000 0.0914679 0.0781013 0.1019473 0.0929048 0.0926142 0.1086892 0.0872804 0.0729638 0.0981945 0.0206453 0.1019704 0.0158231 
Hypsiprymnodontidae_Hypsiprymnodon_moschatus 0.0574265 0.0794798 0.0603192 0.0375579 0.0399346 0.0469770 0.0515810 0.0345452 0.0988742 0.0570421 0.0931893 0.0840910 0.0508496 0.0687990 0.0932499 0.0922763 0.0851728 0.1058867 0.0411616 0.0807380 0.0982493 0.0984938 0.0914679 0.0000000 0.0731072 0.0779942 0.0395730 0.0635539 0.0838645 0.0702141 0.0512676 0.0982522 0.0923506 0.1029566 0.0776489 
Microbiotheriidae_Dromiciops_gliroides       0.0618371 0.0672981 0.0652961 0.0757363 0.0803565 0.0552298 0.0623221 0.0717307 0.0875848 0.0658323 0.0803910 0.0723870 0.0586630 0.0728912 0.0800205 0.0792950 0.0704233 0.0931305 0.0809906 0.0880048 0.0945544 0.0834246 0.0781013 0.0731072 0.0000000 0.0833762 0.0777286 0.0752948 0.0869173 0.0723123 0.0587699 0.0858865 0.0807868 0.0902604 0.0656839 
Pseudochiridae_Petauroides_volans            0.0705595 0.0957147 0.0727905 0.0785234 0.0831516 0.0599107 0.0663333 0.0771024 0.1162302 0.0726685 0.1030908 0.0973884 0.0651765 0.0761490 0.1024065 0.1033365 0.0997696 0.1196678 0.0859399 0.0697929 0.1147921 0.1008391 0.1019473 0.0779942 0.0833762 0.0000000 0.0815861 0.0519924 0.0759766 0.0737085 0.0652896 0.1134619 0.1056988 0.1175367 0.0865568 
Macropodidae_Wallabia_bicolor                0.0612070 0.0780519 0.0648697 0.0221372 0.0265062 0.0506808 0.0558117 0.0209640 0.1025276 0.0600809 0.0949213 0.0871636 0.0527025 0.0715051 0.0950601 0.0941288 0.0876385 0.1102366 0.0154886 0.0873305 0.0994057 0.1036946 0.0929048 0.0395730 0.0777286 0.0815861 0.0000000 0.0647411 0.0897845 0.0722095 0.0532014 0.1025978 0.0955483 0.1069866 0.0799105 
Pseudochiridae_Pseudocheirus_occidentalis    0.0632942 0.0796930 0.0660920 0.0596910 0.0632573 0.0539846 0.0613626 0.0576475 0.1136059 0.0655733 0.0927402 0.0867552 0.0579535 0.0668901 0.0942760 0.0937741 0.0838826 0.1214495 0.0664117 0.0426283 0.1064379 0.0956558 0.0926142 0.0635539 0.0752948 0.0519924 0.0647411 0.0000000 0.0655085 0.0651383 0.0585950 0.1093924 0.0930926 0.1163051 0.0798742 
Tarsipedidae_Tarsipes_rostratus              0.0765539 0.0990795 0.0781139 0.0846816 0.0901550 0.0632576 0.0723732 0.0825034 0.1132586 0.0779209 0.1098961 0.0978750 0.0691941 0.0736893 0.1105772 0.1071580 0.1015478 0.1177705 0.0924626 0.0771352 0.1234847 0.1116806 0.1086892 0.0838645 0.0869173 0.0759766 0.0897845 0.0655085 0.0000000 0.0702500 0.0695718 0.1132866 0.1117999 0.1179356 0.0938759 
Acrobatidae_Distoechurus_pennatus            0.0621477 0.0792815 0.0668260 0.0706465 0.0750642 0.0522879 0.0565871 0.0663384 0.0986560 0.0625176 0.0870741 0.0820326 0.0547733 0.0432528 0.0884148 0.0859544 0.0818818 0.1045808 0.0774944 0.0813523 0.0992623 0.0944258 0.0872804 0.0702141 0.0723123 0.0737085 0.0722095 0.0651383 0.0702500 0.0000000 0.0551896 0.0956414 0.0901492 0.1009898 0.0755642 
Phalangeridae_Phalanger_carmelitae           0.0418809 0.0666365 0.0439103 0.0526551 0.0568391 0.0153614 0.0095905 0.0489549 0.0862365 0.0124434 0.0748502 0.0662264 0.0055314 0.0549253 0.0748736 0.0738918 0.0665880 0.0897513 0.0556576 0.0745490 0.0896804 0.0843685 0.0729638 0.0512676 0.0587699 0.0652896 0.0532014 0.0585950 0.0695718 0.0551896 0.0000000 0.0834786 0.0752040 0.0885461 0.0603240 
Peramelidae_Peroryctes_raffrayana            0.0904434 0.0924910 0.0871302 0.1030218 0.1055179 0.0827948 0.0890714 0.0992767 0.0159470 0.0955575 0.1016335 0.0930942 0.0844023 0.0983203 0.1009805 0.0986793 0.0942207 0.0115267 0.1044220 0.1256953 0.1150485 0.1143533 0.0981945 0.0982522 0.0858865 0.1134619 0.1025978 0.1093924 0.1132866 0.0956414 0.0834786 0.0000000 0.0959246 0.0154515 0.0826961 
Dasyuridae_Dasyurus_geffroii                 0.0842891 0.0954225 0.0865560 0.0940130 0.0947550 0.0731425 0.0783325 0.0913530 0.0999305 0.0847136 0.0214004 0.0211300 0.0748573 0.0990092 0.0214080 0.0069729 0.0227114 0.1061254 0.0989867 0.1101533 0.1077196 0.0967131 0.0206453 0.0923506 0.0807868 0.1056988 0.0955483 0.0930926 0.1117999 0.0901492 0.0752040 0.0959246 0.0000000 0.1022730 0.0023680 
Peramelidae_Perameles_gunnii                 0.0959103 0.0975856 0.0944814 0.1070477 0.1094711 0.0872418 0.0936047 0.1061585 0.0015019 0.1001568 0.1066236 0.0962309 0.0893553 0.1068428 0.1066531 0.1029610 0.1021870 0.0186887 0.1084590 0.1313463 0.1266038 0.1194423 0.1019704 0.1029566 0.0902604 0.1175367 0.1069866 0.1163051 0.1179356 0.1009898 0.0885461 0.0154515 0.1022730 0.0000000 0.0857908 
Dasyuridae_Dasyurus_maculatus                0.0685857 0.0777643 0.0706526 0.0795004 0.0821375 0.0603473 0.0621164 0.0759540 0.0837128 0.0658309 0.0176143 0.0178827 0.0591005 0.0825922 0.0170904 0.0028496 0.0163057 0.0911851 0.0832852 0.0961559 0.0887492 0.0803816 0.0158231 0.0776489 0.0656839 0.0865568 0.0799105 0.0798742 0.0938759 0.0755642 0.0603240 0.0826961 0.0023680 0.0857908 0.0000000 
