35
Burramyidae_Burramys_parvus                  0.0000000 0.0620325 0.0321029 0.0352010 0.0366891 0.0612198 0.0231843 0.0242920 0.0363672 0.0622803 0.0210049 0.0615436 0.0636523 0.0228529 0.0372930 0.0615732 0.0611034 0.0615187 0.0665445 0.0339501 0.0362278 0.0593853 0.0606532 0.0603615 0.0333225 0.0556985 0.0273089 0.0316023 0.0348310 0.0535411 0.0427488 0.0233564 0.0588188 0.0628201 0.0511365 
Notoryctidae_Notoryctes_typhlops             0.0620325 0.0000000 0.0703087 0.0810575 0.0849225 0.0962878 0.0582762 0.0697415 0.0819211 0.0934603 0.0536624 0.0967495 0.0933916 0.0594633 0.0774919 0.0967699 0.0973948 0.0945468 0.0960737 0.0730720 0.0828013 0.0944471 0.0920789 0.0943106 0.0746168 0.0865542 0.0696563 0.0718381 0.0785285 0.0996597 0.0829395 0.0571192 0.0934588 0.0923897 0.0719142 
Vombatidae_Lasiorhinus_latifrons             0.0321029 0.0703087 0.0000000 0.0446075 0.0467371 0.0651817 0.0293538 0.0339106 0.0463141 0.0719288 0.0253198 0.0679215 0.0672859 0.0304004 0.0428842 0.0689794 0.0678891 0.0668872 0.0760575 0.0401553 0.0470187 0.0649399 0.0690933 0.0678875 0.0391273 0.0558695 0.0379708 0.0390140 0.0434095 0.0617204 0.0460033 0.0298517 0.0650678 0.0710510 0.0596263 
Potoroidae_Bettongia_penicillata             0.0352010 0.0810575 0.0446075 0.0000000 0.0032148 0.0796681 0.0324412 0.0363518 0.0072961 0.0826999 0.0320747 0.0813666 0.0854176 0.0345109 0.0507272 0.0804016 0.0812112 0.0827000 0.0861176 0.0133100 0.0542088 0.0735749 0.0712574 0.0801637 0.0199028 0.0686970 0.0432637 0.0115626 0.0474093 0.0630138 0.0531362 0.0343076 0.0786110 0.0817864 0.0722296 
Potoroidae_Bettongia_lesueur                 0.0366891 0.0849225 0.0467371 0.0032148 0.0000000 0.0819714 0.0347821 0.0392477 0.0081206 0.0824648 0.0332578 0.0826924 0.0852111 0.0369540 0.0517091 0.0817207 0.0835432 0.0831572 0.0868925 0.0149712 0.0552302 0.0772623 0.0754728 0.0815294 0.0207888 0.0688588 0.0437690 0.0127124 0.0495988 0.0646589 0.0536850 0.0367290 0.0809056 0.0815498 0.0735619 
Dasyuridae_Dasyurus_maculatus                0.0612198 0.0962878 0.0651817 0.0796681 0.0819714 0.0000000 0.0541817 0.0619251 0.0793224 0.0817217 0.0526209 0.0104418 0.0188057 0.0556055 0.0773529 0.0104448 0.0033960 0.0139902 0.0899126 0.0743392 0.0779362 0.0829708 0.0862196 0.0105349 0.0719315 0.0771355 0.0712636 0.0731502 0.0793261 0.0918276 0.0813402 0.0541137 0.0019329 0.0807839 0.0700270 
Phalangeridae_Trichosurus_vulpecula          0.0231843 0.0582762 0.0293538 0.0324412 0.0347821 0.0541817 0.0000000 0.0092140 0.0342354 0.0626558 0.0086628 0.0552357 0.0625881 0.0092328 0.0375822 0.0542552 0.0550903 0.0586313 0.0651870 0.0306792 0.0343423 0.0600471 0.0579640 0.0550440 0.0340734 0.0498619 0.0267125 0.0281192 0.0349716 0.0478641 0.0382146 0.0087692 0.0528150 0.0621725 0.0448778 
Phalangeridae_Spilocuscus_maculatus          0.0242920 0.0697415 0.0339106 0.0363518 0.0392477 0.0619251 0.0092140 0.0000000 0.0386216 0.0658967 0.0056184 0.0646707 0.0686144 0.0062101 0.0413189 0.0637788 0.0632348 0.0645028 0.0719369 0.0334230 0.0424218 0.0633703 0.0632714 0.0630245 0.0341706 0.0538772 0.0319901 0.0314072 0.0405027 0.0529712 0.0429967 0.0062043 0.0593028 0.0650575 0.0534522 
Potoroidae_Aepyprymnus_rufescens             0.0363672 0.0819211 0.0463141 0.0072961 0.0081206 0.0793224 0.0342354 0.0386216 0.0000000 0.0848879 0.0334761 0.0805284 0.0847370 0.0367316 0.0508474 0.0795627 0.0797784 0.0807708 0.0862838 0.0147537 0.0561741 0.0748029 0.0765406 0.0786989 0.0213258 0.0701580 0.0442093 0.0134385 0.0500776 0.0638694 0.0525293 0.0365097 0.0777782 0.0839599 0.0725959 
Peramelidae_Perameles_nasuta                 0.0622803 0.0934603 0.0719288 0.0826999 0.0824648 0.0817217 0.0626558 0.0658967 0.0848879 0.0000000 0.0534316 0.0845060 0.0852755 0.0601737 0.0798824 0.0845473 0.0833631 0.0837068 0.0144109 0.0763568 0.0908479 0.0878466 0.0956065 0.0811907 0.0776858 0.0850317 0.0734138 0.0729409 0.0841050 0.1004001 0.0822095 0.0597179 0.0812026 0.0006935 0.0086752 
Phalangeridae_Strigocuscus_pelengensis       0.0210049 0.0536624 0.0253198 0.0320747 0.0332578 0.0526209 0.0086628 0.0056184 0.0334761 0.0534316 0.0000000 0.0531090 0.0572715 0.0058226 0.0341196 0.0521384 0.0539915 0.0537016 0.0579012 0.0302715 0.0302806 0.0556616 0.0552489 0.0526599 0.0326340 0.0453403 0.0247474 0.0279977 0.0303789 0.0448888 0.0351744 0.0056195 0.0507677 0.0529872 0.0358283 
Dasyuridae_Phascogale_tapoatafa              0.0615436 0.0967495 0.0679215 0.0813666 0.0826924 0.0104418 0.0552357 0.0646707 0.0805284 0.0845060 0.0531090 0.0000000 0.0186101 0.0555406 0.0785239 0.0021174 0.0102547 0.0147627 0.0932335 0.0762843 0.0785513 0.0870907 0.0897358 0.0055470 0.0725712 0.0813819 0.0682653 0.0731516 0.0789352 0.0939908 0.0830655 0.0540443 0.0092054 0.0835530 0.0785985 
Dasyuridae_Sminthopsis_macroura              0.0636523 0.0933916 0.0672859 0.0854176 0.0852111 0.0188057 0.0625881 0.0686144 0.0847370 0.0852755 0.0572715 0.0186101 0.0000000 0.0613243 0.0776869 0.0186163 0.0191256 0.0135529 0.0948688 0.0794423 0.0786759 0.0820608 0.0905242 0.0182556 0.0757787 0.0794191 0.0738859 0.0761278 0.0755267 0.0964234 0.0826561 0.0603916 0.0183796 0.0843129 0.0710064 
Phalangeridae_Phalanger_orientalis           0.0228529 0.0594633 0.0304004 0.0345109 0.0369540 0.0556055 0.0092328 0.0062101 0.0367316 0.0601737 0.0058226 0.0555406 0.0613243 0.0000000 0.0374438 0.0545533 0.0575746 0.0583519 0.0665731 0.0326101 0.0325378 0.0599277 0.0599278 0.0553478 0.0362542 0.0473467 0.0274923 0.0292759 0.0335357 0.0491658 0.0384931 0.0020958 0.0531569 0.0596986 0.0442130 
Acrobatidae_Acrobates_pygmaeus               0.0372930 0.0774919 0.0428842 0.0507272 0.0517091 0.0773529 0.0375822 0.0413189 0.0508474 0.0798824 0.0341196 0.0785239 0.0776869 0.0374438 0.0000000 0.0775527 0.0772241 0.0790255 0.0853837 0.0448111 0.0442434 0.0774285 0.0711805 0.0780845 0.0454234 0.0708319 0.0362310 0.0452361 0.0387780 0.0616388 0.0206460 0.0359989 0.0752087 0.0800448 0.0742313 
Dasyuridae_Phascogale_calura                 0.0615732 0.0967699 0.0689794 0.0804016 0.0817207 0.0104448 0.0542552 0.0637788 0.0795627 0.0845473 0.0521384 0.0021174 0.0186163 0.0545533 0.0775527 0.0000000 0.0102577 0.0145215 0.0932782 0.0753404 0.0775864 0.0865948 0.0881956 0.0055511 0.0714606 0.0812092 0.0673418 0.0722120 0.0779731 0.0942074 0.0810691 0.0530782 0.0092081 0.0835939 0.0771814 
Dasyuridae_Sarcophilus_harrisii              0.0611034 0.0973948 0.0678891 0.0812112 0.0835432 0.0033960 0.0550903 0.0632348 0.0797784 0.0833631 0.0539915 0.0102547 0.0191256 0.0575746 0.0772241 0.0102577 0.0000000 0.0152794 0.0932709 0.0762623 0.0810549 0.0870598 0.0898663 0.0112315 0.0742350 0.0786167 0.0722117 0.0741085 0.0819468 0.0936933 0.0812699 0.0560345 0.0034139 0.0824149 0.0734776 
Dasyuridae_Planigale_tenuirostris            0.0615187 0.0945468 0.0668872 0.0827000 0.0831572 0.0139902 0.0586313 0.0645028 0.0807708 0.0837068 0.0537016 0.0147627 0.0135529 0.0583519 0.0790255 0.0145215 0.0152794 0.0000000 0.0947701 0.0755661 0.0771038 0.0840114 0.0894435 0.0137573 0.0716724 0.0795220 0.0704580 0.0733693 0.0766554 0.0906322 0.0815633 0.0569935 0.0138202 0.0826074 0.0758899 
Peramelidae_Echymipera_kalubu                0.0665445 0.0960737 0.0760575 0.0861176 0.0868925 0.0899126 0.0651870 0.0719369 0.0862838 0.0144109 0.0579012 0.0932335 0.0948688 0.0665731 0.0853837 0.0932782 0.0932709 0.0947701 0.0000000 0.0811584 0.0930834 0.0947816 0.0964038 0.0910940 0.0842821 0.0903160 0.0766334 0.0777068 0.0862927 0.1011906 0.0873318 0.0666348 0.0905377 0.0137330 0.0089118 
Macropodidae_Dorcopsulus_vanheurni           0.0339501 0.0730720 0.0401553 0.0133100 0.0149712 0.0743392 0.0306792 0.0334230 0.0147537 0.0763568 0.0302715 0.0762843 0.0794423 0.0326101 0.0448111 0.0753404 0.0762623 0.0755661 0.0811584 0.0000000 0.0514881 0.0716427 0.0750738 0.0729352 0.0202554 0.0605445 0.0407481 0.0045475 0.0473409 0.0602747 0.0462731 0.0317531 0.0742497 0.0754681 0.0660003 
Pseudochiridae_Pseudochirulus_forbesi        0.0362278 0.0828013 0.0470187 0.0542088 0.0552302 0.0779362 0.0343423 0.0424218 0.0561741 0.0908479 0.0302806 0.0785513 0.0786759 0.0325378 0.0442434 0.0775864 0.0810549 0.0771038 0.0930834 0.0514881 0.0000000 0.0807240 0.0805245 0.0781270 0.0455934 0.0711357 0.0211281 0.0494099 0.0093346 0.0560177 0.0527267 0.0330959 0.0778759 0.0898907 0.0741889 
Didelphidae_Didelphis_virginiana             0.0593853 0.0944471 0.0649399 0.0735749 0.0772623 0.0829708 0.0600471 0.0633703 0.0748029 0.0878466 0.0556616 0.0870907 0.0820608 0.0599277 0.0774285 0.0865948 0.0870598 0.0840114 0.0947816 0.0716427 0.0807240 0.0000000 0.0226592 0.0837699 0.0697300 0.0765227 0.0695465 0.0705395 0.0744699 0.0918372 0.0827828 0.0572031 0.0809970 0.0868420 0.0707054 
Marmosidae_Monodelphis_domestica             0.0606532 0.0920789 0.0690933 0.0712574 0.0754728 0.0862196 0.0579640 0.0632714 0.0765406 0.0956065 0.0552489 0.0897358 0.0905242 0.0599278 0.0711805 0.0881956 0.0898663 0.0894435 0.0964038 0.0750738 0.0805245 0.0226592 0.0000000 0.0873186 0.0773029 0.0760220 0.0686227 0.0717824 0.0735627 0.0940249 0.0791387 0.0583148 0.0842359 0.0946343 0.0733014 
Dasyuridae_Antechinus_stuartii               0.0603615 0.0943106 0.0678875 0.0801637 0.0815294 0.0105349 0.0550440 0.0630245 0.0786989 0.0811907 0.0526599 0.0055470 0.0182556 0.0553478 0.0780845 0.0055511 0.0112315 0.0137573 0.0910940 0.0729352 0.0781270 0.0837699 0.0873186 0.0000000 0.0674808 0.0815964 0.0661402 0.0702823 0.0776830 0.0905707 0.0807405 0.0533559 0.0097229 0.0802072 0.0742813 
Hypsiprymnodontidae_Hypsiprymnodon_moschatus 0.0333225 0.0746168 0.0391273 0.0199028 0.0207888 0.0719315 0.0340734 0.0341706 0.0213258 0.0776858 0.0326340 0.0725712 0.0757787 0.0362542 0.0454234 0.0714606 0.0742350 0.0716724 0.0842821 0.0202554 0.0455934 0.0697300 0.0773029 0.0674808 0.0000000 0.0629072 0.0387940 0.0189362 0.0445563 0.0619023 0.0485868 0.0360348 0.0712609 0.0784080 0.0655709 
Microbiotheriidae_Dromiciops_gliroides       0.0556985 0.0865542 0.0558695 0.0686970 0.0688588 0.0771355 0.0498619 0.0538772 0.0701580 0.0850317 0.0453403 0.0813819 0.0794191 0.0473467 0.0708319 0.0812092 0.0786167 0.0795220 0.0903160 0.0605445 0.0711357 0.0765227 0.0760220 0.0815964 0.0629072 0.0000000 0.0569916 0.0581296 0.0632192 0.0801997 0.0715796 0.0473974 0.0764652 0.0840275 0.0672105 
Pseudochiridae_Petauroides_volans            0.0273089 0.0696563 0.0379708 0.0432637 0.0437690 0.0712636 0.0267125 0.0319901 0.0442093 0.0734138 0.0247474 0.0682653 0.0738859 0.0274923 0.0362310 0.0673418 0.0722117 0.0704580 0.0766334 0.0407481 0.0211281 0.0695465 0.0686227 0.0661402 0.0387940 0.0569916 0.0000000 0.0373925 0.0181478 0.0474577 0.0393871 0.0269717 0.0681539 0.0724828 0.0594570 
Macropodidae_Wallabia_bicolor                0.0316023 0.0718381 0.0390140 0.0115626 0.0127124 0.0731502 0.0281192 0.0314072 0.0134385 0.0729409 0.0279977 0.0731516 0.0761278 0.0292759 0.0452361 0.0722120 0.0741085 0.0733693 0.0777068 0.0045475 0.0494099 0.0705395 0.0717824 0.0702823 0.0189362 0.0581296 0.0373925 0.0000000 0.0437191 0.0590782 0.0439564 0.0287828 0.0721054 0.0720631 0.0637938 
Pseudochiridae_Pseudocheirus_occidentalis    0.0348310 0.0785285 0.0434095 0.0474093 0.0495988 0.0793261 0.0349716 0.0405027 0.0500776 0.0841050 0.0303789 0.0789352 0.0755267 0.0335357 0.0387780 0.0779731 0.0819468 0.0766554 0.0862927 0.0473409 0.0093346 0.0744699 0.0735627 0.0776830 0.0445563 0.0632192 0.0181478 0.0437191 0.0000000 0.0532428 0.0459975 0.0332998 0.0787665 0.0831748 0.0650089 
Tarsipedidae_Tarsipes_rostratus              0.0535411 0.0996597 0.0617204 0.0630138 0.0646589 0.0918276 0.0478641 0.0529712 0.0638694 0.1004001 0.0448888 0.0939908 0.0964234 0.0491658 0.0616388 0.0942074 0.0936933 0.0906322 0.1011906 0.0602747 0.0560177 0.0918372 0.0940249 0.0905707 0.0619023 0.0801997 0.0474577 0.0590782 0.0532428 0.0000000 0.0694447 0.0492606 0.0917692 0.0994083 0.0854596 
Acrobatidae_Distoechurus_pennatus            0.0427488 0.0829395 0.0460033 0.0531362 0.0536850 0.0813402 0.0382146 0.0429967 0.0525293 0.0822095 0.0351744 0.0830655 0.0826561 0.0384931 0.0206460 0.0810691 0.0812699 0.0815633 0.0873318 0.0462731 0.0527267 0.0827828 0.0791387 0.0807405 0.0485868 0.0715796 0.0393871 0.0439564 0.0459975 0.0694447 0.0000000 0.0378207 0.0791539 0.0823757 0.0760270 
Phalangeridae_Phalanger_carmelitae           0.0233564 0.0571192 0.0298517 0.0343076 0.0367290 0.0541137 0.0087692 0.0062043 0.0365097 0.0597179 0.0056195 0.0540443 0.0603916 0.0020958 0.0359989 0.0530782 0.0560345 0.0569935 0.0666348 0.0317531 0.0330959 0.0572031 0.0583148 0.0533559 0.0360348 0.0473974 0.0269717 0.0287828 0.0332998 0.0492606 0.0378207 0.0000000 0.0517173 0.0592480 0.0416903 
Dasyuridae_Dasyurus_geffroii                 0.0588188 0.0934588 0.0650678 0.0786110 0.0809056 0.0019329 0.0528150 0.0593028 0.0777782 0.0812026 0.0507677 0.0092054 0.0183796 0.0531569 0.0752087 0.0092081 0.0034139 0.0138202 0.0905377 0.0742497 0.0778759 0.0809970 0.0842359 0.0097229 0.0712609 0.0764652 0.0681539 0.0721054 0.0787665 0.0917692 0.0791539 0.0517173 0.0000000 0.0802649 0.0719285 
Peramelidae_Perameles_gunnii                 0.0628201 0.0923897 0.0710510 0.0817864 0.0815498 0.0807839 0.0621725 0.0650575 0.0839599 0.0006935 0.0529872 0.0835530 0.0843129 0.0596986 0.0800448 0.0835939 0.0824149 0.0826074 0.0137330 0.0754681 0.0898907 0.0868420 0.0946343 0.0802072 0.0784080 0.0840275 0.0724828 0.0720631 0.0831748 0.0994083 0.0823757 0.0592480 0.0802649 0.0000000 0.0078719 
Peramelidae_Peroryctes_raffrayana            0.0511365 0.0719142 0.0596263 0.0722296 0.0735619 0.0700270 0.0448778 0.0534522 0.0725959 0.0086752 0.0358283 0.0785985 0.0710064 0.0442130 0.0742313 0.0771814 0.0734776 0.0758899 0.0089118 0.0660003 0.0741889 0.0707054 0.0733014 0.0742813 0.0655709 0.0672105 0.0594570 0.0637938 0.0650089 0.0854596 0.0760270 0.0416903 0.0719285 0.0078719 0.0000000 
