35
Burramyidae_Burramys_parvus                  0.0000000 0.0624807 0.0525903 0.0500933 0.0558500 0.0607727 0.0392097 0.0503527 0.0543781 0.1061902 0.0445559 0.0617764 0.0641574 0.0396515 0.0435938 0.0621935 0.0617842 0.0609061 0.1024416 0.0463067 0.0478912 0.1052620 0.1090362 0.0626259 0.0542291 0.0548832 0.0437954 0.0472834 0.0468965 0.0570957 0.0494738 0.0395802 0.0896347 0.0611405 0.1067658 
Notoryctidae_Notoryctes_typhlops             0.0624807 0.0000000 0.0661684 0.0702034 0.0746516 0.0690243 0.0703500 0.0785904 0.0761501 0.1104598 0.0746640 0.0694190 0.0727319 0.0692454 0.0650956 0.0690409 0.0693492 0.0663705 0.1089747 0.0685977 0.0708374 0.1087027 0.1151968 0.0657369 0.0761095 0.0620242 0.0664280 0.0685617 0.0700854 0.0794611 0.0703613 0.0687132 0.0914997 0.0694222 0.1111708 
Vombatidae_Lasiorhinus_latifrons             0.0525903 0.0661684 0.0000000 0.0602262 0.0659311 0.0666385 0.0575365 0.0673682 0.0643889 0.1095476 0.0581794 0.0661738 0.0684551 0.0559475 0.0508488 0.0650329 0.0673122 0.0636338 0.1049066 0.0572316 0.0632178 0.1054225 0.1099976 0.0654474 0.0619124 0.0574507 0.0568029 0.0574857 0.0607020 0.0696776 0.0604017 0.0558713 0.0908199 0.0662568 0.1091802 
Potoroidae_Bettongia_penicillata             0.0500933 0.0702034 0.0602262 0.0000000 0.0037302 0.0715352 0.0576745 0.0678389 0.0127465 0.1137641 0.0587224 0.0726592 0.0725699 0.0534094 0.0500626 0.0726629 0.0726408 0.0689758 0.1094814 0.0165840 0.0597117 0.1022627 0.1062811 0.0715683 0.0388160 0.0637480 0.0580019 0.0166292 0.0589606 0.0691307 0.0575886 0.0541271 0.0968137 0.0719112 0.1142127 
Potoroidae_Bettongia_lesueur                 0.0558500 0.0746516 0.0659311 0.0037302 0.0000000 0.0769778 0.0627262 0.0725676 0.0149112 0.1176317 0.0632136 0.0777788 0.0790126 0.0585649 0.0554347 0.0781644 0.0780346 0.0746889 0.1141839 0.0217996 0.0651441 0.1078236 0.1127074 0.0755586 0.0409301 0.0669286 0.0632982 0.0212005 0.0642789 0.0734256 0.0627275 0.0592985 0.1016402 0.0773486 0.1180171 
Dasyuridae_Dasyurus_maculatus                0.0607727 0.0690243 0.0666385 0.0715352 0.0769778 0.0000000 0.0670192 0.0796420 0.0729752 0.1092482 0.0725392 0.0107385 0.0152025 0.0670314 0.0653024 0.0104010 0.0046660 0.0138837 0.1052255 0.0683199 0.0690997 0.1054573 0.1082063 0.0121128 0.0768434 0.0635349 0.0611741 0.0689300 0.0667574 0.0732742 0.0693965 0.0665381 0.0909608 0.0009956 0.1098031 
Phalangeridae_Trichosurus_vulpecula          0.0392097 0.0703500 0.0575365 0.0576745 0.0627262 0.0670192 0.0000000 0.0296790 0.0612990 0.1110971 0.0261923 0.0670817 0.0705171 0.0210277 0.0470926 0.0678680 0.0668863 0.0664825 0.1075409 0.0529880 0.0528185 0.1114328 0.1154153 0.0679561 0.0607330 0.0625950 0.0501123 0.0535743 0.0519554 0.0627029 0.0524426 0.0199445 0.0931619 0.0669950 0.1112084 
Phalangeridae_Spilocuscus_maculatus          0.0503527 0.0785904 0.0673682 0.0678389 0.0725676 0.0796420 0.0296790 0.0000000 0.0723391 0.1202505 0.0257929 0.0787741 0.0805199 0.0209738 0.0576977 0.0795808 0.0791047 0.0755485 0.1171080 0.0625676 0.0636303 0.1210797 0.1249982 0.0796839 0.0716563 0.0693025 0.0615101 0.0626832 0.0627820 0.0727706 0.0630487 0.0205979 0.1020748 0.0796130 0.1203344 
Potoroidae_Aepyprymnus_rufescens             0.0543781 0.0761501 0.0643889 0.0127465 0.0149112 0.0729752 0.0612990 0.0723391 0.0000000 0.1191674 0.0620234 0.0740547 0.0764631 0.0590790 0.0565635 0.0744634 0.0740651 0.0717994 0.1149571 0.0218988 0.0633796 0.1050869 0.1121013 0.0742016 0.0426067 0.0683148 0.0633300 0.0209565 0.0632899 0.0749103 0.0629421 0.0583033 0.1020013 0.0733460 0.1197191 
Peramelidae_Perameles_nasuta                 0.1061902 0.1104598 0.1095476 0.1137641 0.1176317 0.1092482 0.1110971 0.1202505 0.1191674 0.0000000 0.1154998 0.1095243 0.1107681 0.1074941 0.1096993 0.1082953 0.1094679 0.1066420 0.0215697 0.1098382 0.1160772 0.1457754 0.1531957 0.1090236 0.1145121 0.1055934 0.1075986 0.1103585 0.1164039 0.1242748 0.1124119 0.1080538 0.0432258 0.1088370 0.0020136 
Phalangeridae_Strigocuscus_pelengensis       0.0445559 0.0746640 0.0581794 0.0587224 0.0632136 0.0725392 0.0261923 0.0257929 0.0620234 0.1154998 0.0000000 0.0731523 0.0759891 0.0149729 0.0522062 0.0735895 0.0731330 0.0698998 0.1123674 0.0543956 0.0570582 0.1104518 0.1179048 0.0737111 0.0614198 0.0656457 0.0545318 0.0549751 0.0549988 0.0668478 0.0578417 0.0149656 0.0979822 0.0725125 0.1159787 
Dasyuridae_Phascogale_tapoatafa              0.0617764 0.0694190 0.0661738 0.0726592 0.0777788 0.0107385 0.0670817 0.0787741 0.0740547 0.1095243 0.0731523 0.0000000 0.0158976 0.0673009 0.0659298 0.0009957 0.0117535 0.0120744 0.1051937 0.0689183 0.0688519 0.1054196 0.1084268 0.0083905 0.0773643 0.0633175 0.0616380 0.0695342 0.0668609 0.0752838 0.0690371 0.0665628 0.0896608 0.0110751 0.1096199 
Dasyuridae_Sminthopsis_macroura              0.0641574 0.0727319 0.0684551 0.0725699 0.0790126 0.0152025 0.0705171 0.0805199 0.0764631 0.1107681 0.0759891 0.0158976 0.0000000 0.0697199 0.0698227 0.0152112 0.0165514 0.0102866 0.1051836 0.0705247 0.0731227 0.1033874 0.1064193 0.0166174 0.0784636 0.0672486 0.0635625 0.0703963 0.0704210 0.0785098 0.0698013 0.0700658 0.0916961 0.0151899 0.1104443 
Phalangeridae_Phalanger_orientalis           0.0396515 0.0692454 0.0559475 0.0534094 0.0585649 0.0670314 0.0210277 0.0209738 0.0590790 0.1074941 0.0149729 0.0673009 0.0697199 0.0000000 0.0452234 0.0680863 0.0676467 0.0648240 0.1044647 0.0492989 0.0521570 0.1100123 0.1140364 0.0678450 0.0555207 0.0603738 0.0506634 0.0493847 0.0494279 0.0598812 0.0525424 0.0040203 0.0896069 0.0670072 0.1076420 
Acrobatidae_Acrobates_pygmaeus               0.0435938 0.0650956 0.0508488 0.0500626 0.0554347 0.0653024 0.0470926 0.0576977 0.0565635 0.1096993 0.0522062 0.0659298 0.0698227 0.0452234 0.0000000 0.0667325 0.0663624 0.0654728 0.1073282 0.0491025 0.0489131 0.1055993 0.1089770 0.0664743 0.0582135 0.0575823 0.0458659 0.0497650 0.0478520 0.0576822 0.0313795 0.0444483 0.0915717 0.0656716 0.1105639 
Dasyuridae_Phascogale_calura                 0.0621935 0.0690409 0.0650329 0.0726629 0.0781644 0.0104010 0.0678680 0.0795808 0.0744634 0.1082953 0.0735895 0.0009957 0.0152112 0.0680863 0.0667325 0.0000000 0.0114156 0.0117246 0.1039759 0.0696796 0.0696197 0.1050266 0.1080679 0.0080533 0.0777493 0.0629828 0.0620364 0.0702985 0.0676528 0.0756626 0.0690435 0.0673253 0.0892106 0.0107375 0.1083973 
Dasyuridae_Sarcophilus_harrisii              0.0617842 0.0693492 0.0673122 0.0726408 0.0780346 0.0046660 0.0668863 0.0791047 0.0740651 0.1094679 0.0731330 0.0117535 0.0165514 0.0676467 0.0663624 0.0114156 0.0000000 0.0149477 0.1054496 0.0689595 0.0694974 0.1058511 0.1096796 0.0124489 0.0782252 0.0645282 0.0618586 0.0695426 0.0675355 0.0750998 0.0700322 0.0671807 0.0912072 0.0049998 0.1100210 
Dasyuridae_Planigale_tenuirostris            0.0609061 0.0663705 0.0636338 0.0689758 0.0746889 0.0138837 0.0664825 0.0755485 0.0717994 0.1066420 0.0698998 0.0120744 0.0102866 0.0648240 0.0654728 0.0117246 0.0149477 0.0000000 0.1029670 0.0661205 0.0668082 0.0991166 0.1047906 0.0135238 0.0761933 0.0622439 0.0588522 0.0670078 0.0622726 0.0754254 0.0656709 0.0651949 0.0883840 0.0138760 0.1067652 
Peramelidae_Echymipera_kalubu                0.1024416 0.1089747 0.1049066 0.1094814 0.1141839 0.1052255 0.1075409 0.1171080 0.1149571 0.0215697 0.1123674 0.1051937 0.1051836 0.1044647 0.1073282 0.1039759 0.1054496 0.1029670 0.0000000 0.1056345 0.1116345 0.1451556 0.1511893 0.1059529 0.1099175 0.1028986 0.1041732 0.1056726 0.1111667 0.1207484 0.1081053 0.1058084 0.0393842 0.1048184 0.0207167 
Macropodidae_Dorcopsulus_vanheurni           0.0463067 0.0685977 0.0572316 0.0165840 0.0217996 0.0683199 0.0529880 0.0625676 0.0218988 0.1098382 0.0543956 0.0689183 0.0705247 0.0492989 0.0491025 0.0696796 0.0689595 0.0661205 0.1056345 0.0000000 0.0559411 0.1041951 0.1095120 0.0686898 0.0365299 0.0589330 0.0536374 0.0077417 0.0551581 0.0675030 0.0577288 0.0496140 0.0940551 0.0686874 0.1102335 
Pseudochiridae_Pseudochirulus_forbesi        0.0478912 0.0708374 0.0632178 0.0597117 0.0651441 0.0690997 0.0528185 0.0636303 0.0633796 0.1160772 0.0570582 0.0688519 0.0731227 0.0521570 0.0489131 0.0696197 0.0694974 0.0668082 0.1116345 0.0559411 0.0000000 0.1103740 0.1182802 0.0697353 0.0653480 0.0637286 0.0315130 0.0565083 0.0146081 0.0620380 0.0536162 0.0517139 0.0942591 0.0690617 0.1168553 
Didelphidae_Didelphis_virginiana             0.1052620 0.1087027 0.1054225 0.1022627 0.1078236 0.1054573 0.1114328 0.1210797 0.1050869 0.1457754 0.1104518 0.1054196 0.1033874 0.1100123 0.1055993 0.1050266 0.1058511 0.0991166 0.1451556 0.1041951 0.1103740 0.0000000 0.0430572 0.1028493 0.1093274 0.0968621 0.1018869 0.1027904 0.1063738 0.1193399 0.1092361 0.1098077 0.1265755 0.1053969 0.1450233 
Marmosidae_Monodelphis_domestica             0.1090362 0.1151968 0.1099976 0.1062811 0.1127074 0.1082063 0.1154153 0.1249982 0.1121013 0.1531957 0.1179048 0.1084268 0.1064193 0.1140364 0.1089770 0.1080679 0.1096796 0.1047906 0.1511893 0.1095120 0.1182802 0.0430572 0.0000000 0.1080695 0.1161924 0.1005099 0.1074924 0.1083234 0.1116864 0.1211208 0.1198395 0.1129262 0.1355970 0.1081446 0.1520046 
Dasyuridae_Antechinus_stuartii               0.0626259 0.0657369 0.0654474 0.0715683 0.0755586 0.0121128 0.0679561 0.0796839 0.0742016 0.1090236 0.0737111 0.0083905 0.0166174 0.0678450 0.0664743 0.0080533 0.0124489 0.0135238 0.1059529 0.0686898 0.0697353 0.1028493 0.1080695 0.0000000 0.0759758 0.0633915 0.0617605 0.0693059 0.0666006 0.0742027 0.0691377 0.0681908 0.0919388 0.0124505 0.1086573 
Hypsiprymnodontidae_Hypsiprymnodon_moschatus 0.0542291 0.0761095 0.0619124 0.0388160 0.0409301 0.0768434 0.0607330 0.0716563 0.0426067 0.1145121 0.0614198 0.0773643 0.0784636 0.0555207 0.0582135 0.0777493 0.0782252 0.0761933 0.1099175 0.0365299 0.0653480 0.1093274 0.1161924 0.0759758 0.0000000 0.0677563 0.0624026 0.0362210 0.0643440 0.0734320 0.0651301 0.0562457 0.0994951 0.0772152 0.1149126 
Microbiotheriidae_Dromiciops_gliroides       0.0548832 0.0620242 0.0574507 0.0637480 0.0669286 0.0635349 0.0625950 0.0693025 0.0683148 0.1055934 0.0656457 0.0633175 0.0672486 0.0603738 0.0575823 0.0629828 0.0645282 0.0622439 0.1028986 0.0589330 0.0637286 0.0968621 0.1005099 0.0633915 0.0677563 0.0000000 0.0566547 0.0601134 0.0618745 0.0749637 0.0627747 0.0599446 0.0881654 0.0639060 0.1062428 
Pseudochiridae_Petauroides_volans            0.0437954 0.0664280 0.0568029 0.0580019 0.0632982 0.0611741 0.0501123 0.0615101 0.0633300 0.1075986 0.0545318 0.0616380 0.0635625 0.0506634 0.0458659 0.0620364 0.0618586 0.0588522 0.1041732 0.0536374 0.0315130 0.1018869 0.1074924 0.0617605 0.0624026 0.0566547 0.0000000 0.0553677 0.0316718 0.0576995 0.0512868 0.0498572 0.0900998 0.0614986 0.1086483 
Macropodidae_Wallabia_bicolor                0.0472834 0.0685617 0.0574857 0.0166292 0.0212005 0.0689300 0.0535743 0.0626832 0.0209565 0.1103585 0.0549751 0.0695342 0.0703963 0.0493847 0.0497650 0.0702985 0.0695426 0.0670078 0.1056726 0.0077417 0.0565083 0.1027904 0.1083234 0.0693059 0.0362210 0.0601134 0.0553677 0.0000000 0.0557097 0.0693006 0.0576370 0.0497394 0.0931470 0.0692989 0.1112496 
Pseudochiridae_Pseudocheirus_occidentalis    0.0468965 0.0700854 0.0607020 0.0589606 0.0642789 0.0667574 0.0519554 0.0627820 0.0632899 0.1164039 0.0549988 0.0668609 0.0704210 0.0494279 0.0478520 0.0676528 0.0675355 0.0622726 0.1111667 0.0551581 0.0146081 0.1063738 0.1116864 0.0666006 0.0643440 0.0618745 0.0316718 0.0557097 0.0000000 0.0585868 0.0527830 0.0501500 0.0939453 0.0667206 0.1172627 
Tarsipedidae_Tarsipes_rostratus              0.0570957 0.0794611 0.0696776 0.0691307 0.0734256 0.0732742 0.0627029 0.0727706 0.0749103 0.1242748 0.0668478 0.0752838 0.0785098 0.0598812 0.0576822 0.0756626 0.0750998 0.0754254 0.1207484 0.0675030 0.0620380 0.1193399 0.1211208 0.0742027 0.0734320 0.0749637 0.0576995 0.0693006 0.0585868 0.0000000 0.0635177 0.0593988 0.1070740 0.0724433 0.1243857 
Acrobatidae_Distoechurus_pennatus            0.0494738 0.0703613 0.0604017 0.0575886 0.0627275 0.0693965 0.0524426 0.0630487 0.0629421 0.1124119 0.0578417 0.0690371 0.0698013 0.0525424 0.0313795 0.0690435 0.0700322 0.0656709 0.1081053 0.0577288 0.0536162 0.1092361 0.1198395 0.0691377 0.0651301 0.0627747 0.0512868 0.0576370 0.0527830 0.0635177 0.0000000 0.0521402 0.0935631 0.0697637 0.1120215 
Phalangeridae_Phalanger_carmelitae           0.0395802 0.0687132 0.0558713 0.0541271 0.0592985 0.0665381 0.0199445 0.0205979 0.0583033 0.1080538 0.0149656 0.0665628 0.0700658 0.0040203 0.0444483 0.0673253 0.0671807 0.0651949 0.1058084 0.0496140 0.0517139 0.1098077 0.1129262 0.0681908 0.0562457 0.0599446 0.0498572 0.0497394 0.0501500 0.0593988 0.0521402 0.0000000 0.0890517 0.0665140 0.1081464 
Peramelidae_Peroryctes_raffrayana            0.0896347 0.0914997 0.0908199 0.0968137 0.1016402 0.0909608 0.0931619 0.1020748 0.1020013 0.0432258 0.0979822 0.0896608 0.0916961 0.0896069 0.0915717 0.0892106 0.0912072 0.0883840 0.0393842 0.0940551 0.0942591 0.1265755 0.1355970 0.0919388 0.0994951 0.0881654 0.0900998 0.0931470 0.0939453 0.1070740 0.0935631 0.0890517 0.0000000 0.0913435 0.0437432 
Dasyuridae_Dasyurus_geffroii                 0.0611405 0.0694222 0.0662568 0.0719112 0.0773486 0.0009956 0.0669950 0.0796130 0.0733460 0.1088370 0.0725125 0.0110751 0.0151899 0.0670072 0.0656716 0.0107375 0.0049998 0.0138760 0.1048184 0.0686874 0.0690617 0.1053969 0.1081446 0.0124505 0.0772152 0.0639060 0.0614986 0.0692989 0.0667206 0.0724433 0.0697637 0.0665140 0.0913435 0.0000000 0.1093937 
Peramelidae_Perameles_gunnii                 0.1067658 0.1111708 0.1091802 0.1142127 0.1180171 0.1098031 0.1112084 0.1203344 0.1197191 0.0020136 0.1159787 0.1096199 0.1104443 0.1076420 0.1105639 0.1083973 0.1100210 0.1067652 0.0207167 0.1102335 0.1168553 0.1450233 0.1520046 0.1086573 0.1149126 0.1062428 0.1086483 0.1112496 0.1172627 0.1243857 0.1120215 0.1081464 0.0437432 0.1093937 0.0000000 
