35
Burramyidae_Burramys_parvus                  0.0000000 0.0932209 0.0734817 0.0764219 0.0599854 0.0833080 0.0540868 0.0625200 0.0612263 0.1078443 0.0682915 0.0825862 0.0826893 0.0639652 0.0778067 0.0845500 0.0816013 0.0828687 0.1093849 0.0745704 0.0835727 0.1010796 0.0907325 0.0793081 0.0607622 0.0732724 0.0515024 0.0672530 0.0747787 0.0930024 0.0940680 0.0648820 0.1098030 0.0817181 0.1111737 
Notoryctidae_Notoryctes_typhlops             0.0932209 0.0000000 0.0748788 0.0903246 0.0807197 0.0758451 0.0676519 0.0764124 0.0818639 0.0986317 0.0831517 0.0733456 0.0740854 0.0792507 0.0934373 0.0759029 0.0721827 0.0773205 0.0962555 0.0885168 0.0910622 0.0922202 0.0900731 0.0763155 0.0823768 0.0761823 0.0760361 0.0838498 0.0839757 0.1050946 0.1029046 0.0796865 0.1081972 0.0748680 0.0986672 
Vombatidae_Lasiorhinus_latifrons             0.0734817 0.0748788 0.0000000 0.0695932 0.0612202 0.0688592 0.0563709 0.0625055 0.0648804 0.0862618 0.0676375 0.0691083 0.0665005 0.0629421 0.0737311 0.0695183 0.0644525 0.0689806 0.0898805 0.0680395 0.0742923 0.0850477 0.0844209 0.0731218 0.0640700 0.0691985 0.0599426 0.0696721 0.0649064 0.0844587 0.0802526 0.0613385 0.0965756 0.0688618 0.0916126 
Potoroidae_Bettongia_penicillata             0.0764219 0.0903246 0.0695932 0.0000000 0.0141144 0.0784050 0.0655665 0.0680630 0.0237498 0.0942987 0.0710826 0.0795757 0.0786787 0.0697889 0.0704451 0.0806821 0.0750352 0.0799946 0.0974309 0.0137231 0.0715694 0.0942449 0.0887009 0.0841804 0.0519577 0.0738504 0.0573540 0.0312226 0.0596138 0.0690482 0.0735174 0.0692791 0.0919217 0.0795499 0.1024193 
Potoroidae_Bettongia_lesueur                 0.0599854 0.0807197 0.0612202 0.0141144 0.0000000 0.0686878 0.0520522 0.0619699 0.0092794 0.0917481 0.0652768 0.0698553 0.0696381 0.0634641 0.0718278 0.0700154 0.0668604 0.0719891 0.0940620 0.0250832 0.0821555 0.0922045 0.0884717 0.0650812 0.0324576 0.0616431 0.0520866 0.0213465 0.0694804 0.0744777 0.0710188 0.0629751 0.0899122 0.0691274 0.0972124 
Dasyuridae_Dasyurus_maculatus                0.0833080 0.0758451 0.0688592 0.0784050 0.0686878 0.0000000 0.0643241 0.0713686 0.0752338 0.0882421 0.0761691 0.0126737 0.0147003 0.0720340 0.0866221 0.0138490 0.0075570 0.0169738 0.0916642 0.0782914 0.0869088 0.0794385 0.0775201 0.0231386 0.0741097 0.0722913 0.0691141 0.0811275 0.0761823 0.0945489 0.0950542 0.0719988 0.0947293 0.0044280 0.0941663 
Phalangeridae_Trichosurus_vulpecula          0.0540868 0.0676519 0.0563709 0.0655665 0.0520522 0.0643241 0.0000000 0.0292690 0.0527209 0.0899668 0.0361254 0.0639812 0.0627077 0.0297231 0.0721794 0.0659766 0.0618415 0.0624045 0.0885921 0.0638116 0.0710327 0.0846649 0.0840090 0.0683608 0.0516746 0.0636741 0.0485440 0.0568940 0.0663299 0.0832233 0.0793164 0.0298991 0.0925835 0.0645560 0.0939337 
Phalangeridae_Spilocuscus_maculatus          0.0625200 0.0764124 0.0625055 0.0680630 0.0619699 0.0713686 0.0292690 0.0000000 0.0644210 0.0958836 0.0175092 0.0707957 0.0691046 0.0114380 0.0713510 0.0742103 0.0685526 0.0702409 0.0965553 0.0673765 0.0726760 0.0930240 0.0922997 0.0762573 0.0631256 0.0754640 0.0579657 0.0676121 0.0629953 0.0867180 0.0819787 0.0113943 0.1004503 0.0710534 0.0995967 
Potoroidae_Aepyprymnus_rufescens             0.0612263 0.0818639 0.0648804 0.0237498 0.0092794 0.0752338 0.0527209 0.0644210 0.0000000 0.0970011 0.0697285 0.0754157 0.0755753 0.0660146 0.0716084 0.0773920 0.0719190 0.0761050 0.0989521 0.0332552 0.0784069 0.0934418 0.0859191 0.0720664 0.0363661 0.0610888 0.0492329 0.0215309 0.0672100 0.0820241 0.0840994 0.0651991 0.0954808 0.0752910 0.1035347 
Peramelidae_Perameles_nasuta                 0.1078443 0.0986317 0.0862618 0.0942987 0.0917481 0.0882421 0.0899668 0.0958836 0.0970011 0.0000000 0.1033148 0.0885934 0.0851016 0.0977900 0.1010504 0.0916802 0.0841847 0.0890944 0.0134075 0.0917052 0.0991132 0.1029493 0.1036899 0.0974373 0.0970890 0.0915075 0.0876867 0.1008561 0.0919360 0.1079369 0.1116103 0.0968491 0.0178264 0.0855190 0.0029105 
Phalangeridae_Strigocuscus_pelengensis       0.0682915 0.0831517 0.0676375 0.0710826 0.0652768 0.0761691 0.0361254 0.0175092 0.0697285 0.1033148 0.0000000 0.0749260 0.0736169 0.0171084 0.0765777 0.0780507 0.0749278 0.0732879 0.1045785 0.0689838 0.0753282 0.0941822 0.0941972 0.0825623 0.0663099 0.0788282 0.0618067 0.0734909 0.0671879 0.0854542 0.0853943 0.0170341 0.1075102 0.0768577 0.1067572 
Dasyuridae_Phascogale_tapoatafa              0.0825862 0.0733456 0.0691083 0.0795757 0.0698553 0.0126737 0.0639812 0.0707957 0.0754157 0.0885934 0.0749260 0.0000000 0.0141694 0.0712886 0.0870810 0.0019851 0.0119745 0.0164125 0.0901368 0.0812599 0.0885024 0.0784817 0.0773947 0.0163352 0.0734710 0.0708402 0.0696998 0.0821290 0.0783267 0.0949885 0.0951312 0.0712030 0.0939819 0.0124301 0.0933343 
Dasyuridae_Sminthopsis_macroura              0.0826893 0.0740854 0.0665005 0.0786787 0.0696381 0.0147003 0.0627077 0.0691046 0.0755753 0.0851016 0.0736169 0.0141694 0.0000000 0.0697001 0.0844090 0.0151347 0.0125379 0.0100379 0.0869032 0.0785726 0.0855444 0.0778408 0.0781495 0.0246973 0.0735214 0.0722968 0.0659726 0.0818362 0.0755480 0.0924771 0.0920978 0.0689579 0.0905566 0.0143860 0.0904528 
Phalangeridae_Phalanger_orientalis           0.0639652 0.0792507 0.0629421 0.0697889 0.0634641 0.0720340 0.0297231 0.0114380 0.0660146 0.0977900 0.0171084 0.0712886 0.0697001 0.0000000 0.0737359 0.0726478 0.0694800 0.0694904 0.0993456 0.0685368 0.0755587 0.0928474 0.0935963 0.0779496 0.0629047 0.0759860 0.0604577 0.0702972 0.0681782 0.0858388 0.0829394 0.0032587 0.1037507 0.0725960 0.1025455 
Acrobatidae_Acrobates_pygmaeus               0.0778067 0.0934373 0.0737311 0.0704451 0.0718278 0.0866221 0.0721794 0.0713510 0.0716084 0.1010504 0.0765777 0.0870810 0.0844090 0.0737359 0.0000000 0.0900271 0.0828466 0.0838367 0.1055181 0.0670028 0.0652181 0.0962072 0.0917159 0.0901698 0.0781071 0.0820608 0.0613924 0.0750995 0.0575870 0.0770104 0.0542891 0.0714357 0.1039287 0.0857983 0.1073330 
Dasyuridae_Phascogale_calura                 0.0845500 0.0759029 0.0695183 0.0806821 0.0700154 0.0138490 0.0659766 0.0742103 0.0773920 0.0916802 0.0780507 0.0019851 0.0151347 0.0726478 0.0900271 0.0000000 0.0130188 0.0168493 0.0943690 0.0829737 0.0923552 0.0831598 0.0806486 0.0178587 0.0751555 0.0740019 0.0726300 0.0834393 0.0808526 0.0981938 0.0956665 0.0722520 0.0963447 0.0139016 0.0973301 
Dasyuridae_Sarcophilus_harrisii              0.0816013 0.0721827 0.0644525 0.0750352 0.0668604 0.0075570 0.0618415 0.0685526 0.0719190 0.0841847 0.0749278 0.0119745 0.0125379 0.0694800 0.0828466 0.0130188 0.0000000 0.0160590 0.0873575 0.0757398 0.0846565 0.0765838 0.0775020 0.0214280 0.0718574 0.0697740 0.0666688 0.0777620 0.0747316 0.0930332 0.0920985 0.0693968 0.0917570 0.0071378 0.0897989 
Dasyuridae_Planigale_tenuirostris            0.0828687 0.0773205 0.0689806 0.0799946 0.0719891 0.0169738 0.0624045 0.0702409 0.0761050 0.0890944 0.0732879 0.0164125 0.0100379 0.0694904 0.0838367 0.0168493 0.0160590 0.0000000 0.0886545 0.0791436 0.0870156 0.0818238 0.0804184 0.0278053 0.0759760 0.0737486 0.0682665 0.0822918 0.0771190 0.0943355 0.0927864 0.0690642 0.0920418 0.0172784 0.0935541 
Peramelidae_Echymipera_kalubu                0.1093849 0.0962555 0.0898805 0.0974309 0.0940620 0.0916642 0.0885921 0.0965553 0.0989521 0.0134075 0.1045785 0.0901368 0.0869032 0.0993456 0.1055181 0.0943690 0.0873575 0.0886545 0.0000000 0.0927181 0.1044730 0.1010006 0.1044849 0.0990486 0.0980470 0.0922364 0.0919759 0.1017972 0.0964114 0.1103970 0.1113998 0.0984433 0.0176929 0.0891464 0.0162068 
Macropodidae_Dorcopsulus_vanheurni           0.0745704 0.0885168 0.0680395 0.0137231 0.0250832 0.0782914 0.0638116 0.0673765 0.0332552 0.0917052 0.0689838 0.0812599 0.0785726 0.0685368 0.0670028 0.0829737 0.0757398 0.0791436 0.0927181 0.0000000 0.0654934 0.0915895 0.0862224 0.0860734 0.0503178 0.0746063 0.0554057 0.0275815 0.0578418 0.0680770 0.0708352 0.0672959 0.0900831 0.0801367 0.0983947 
Pseudochiridae_Pseudochirulus_forbesi        0.0835727 0.0910622 0.0742923 0.0715694 0.0821555 0.0869088 0.0710327 0.0726760 0.0784069 0.0991132 0.0753282 0.0885024 0.0855444 0.0755587 0.0652181 0.0923552 0.0846565 0.0870156 0.1044730 0.0654934 0.0000000 0.1017983 0.0967094 0.0923865 0.0785276 0.0850185 0.0486112 0.0806891 0.0260320 0.0673911 0.0687250 0.0737565 0.0990581 0.0885795 0.1062212 
Didelphidae_Didelphis_virginiana             0.1010796 0.0922202 0.0850477 0.0942449 0.0922045 0.0794385 0.0846649 0.0930240 0.0934418 0.1029493 0.0941822 0.0784817 0.0778408 0.0928474 0.0962072 0.0831598 0.0765838 0.0818238 0.1010006 0.0915895 0.1017983 0.0000000 0.0295567 0.0850779 0.0943614 0.0861972 0.0893196 0.0967484 0.0962037 0.1034206 0.1052984 0.0913926 0.1069455 0.0788055 0.1062513 
Marmosidae_Monodelphis_domestica             0.0907325 0.0900731 0.0844209 0.0887009 0.0884717 0.0775201 0.0840090 0.0922997 0.0859191 0.1036899 0.0941972 0.0773947 0.0781495 0.0935963 0.0917159 0.0806486 0.0775020 0.0804184 0.1044849 0.0862224 0.0967094 0.0295567 0.0000000 0.0826944 0.0958029 0.0764797 0.0813985 0.0902214 0.0895053 0.1013025 0.1024390 0.0921682 0.1055630 0.0772801 0.1097396 
Dasyuridae_Antechinus_stuartii               0.0793081 0.0763155 0.0731218 0.0841804 0.0650812 0.0231386 0.0683608 0.0762573 0.0720664 0.0974373 0.0825623 0.0163352 0.0246973 0.0779496 0.0901698 0.0178587 0.0214280 0.0278053 0.0990486 0.0860734 0.0923865 0.0850779 0.0826944 0.0000000 0.0747722 0.0689428 0.0695156 0.0816403 0.0812871 0.0989619 0.1023141 0.0775530 0.1007917 0.0222349 0.1020049 
Hypsiprymnodontidae_Hypsiprymnodon_moschatus 0.0607622 0.0823768 0.0640700 0.0519577 0.0324576 0.0741097 0.0516746 0.0631256 0.0363661 0.0970890 0.0663099 0.0734710 0.0735214 0.0629047 0.0781071 0.0751555 0.0718574 0.0759760 0.0980470 0.0503178 0.0785276 0.0943614 0.0958029 0.0747722 0.0000000 0.0675698 0.0496217 0.0410287 0.0697659 0.0889565 0.0874469 0.0626696 0.0990405 0.0741916 0.1013665 
Microbiotheriidae_Dromiciops_gliroides       0.0732724 0.0761823 0.0691985 0.0738504 0.0616431 0.0722913 0.0636741 0.0754640 0.0610888 0.0915075 0.0788282 0.0708402 0.0722968 0.0759860 0.0820608 0.0740019 0.0697740 0.0737486 0.0922364 0.0746063 0.0850185 0.0861972 0.0764797 0.0689428 0.0675698 0.0000000 0.0633462 0.0649544 0.0732798 0.0890594 0.1019781 0.0737447 0.0936249 0.0702163 0.0952384 
Pseudochiridae_Petauroides_volans            0.0515024 0.0760361 0.0599426 0.0573540 0.0520866 0.0691141 0.0485440 0.0579657 0.0492329 0.0876867 0.0618067 0.0696998 0.0659726 0.0604577 0.0613924 0.0726300 0.0666688 0.0682665 0.0919759 0.0554057 0.0486112 0.0893196 0.0813985 0.0695156 0.0496217 0.0633462 0.0000000 0.0549143 0.0401166 0.0624183 0.0617294 0.0599652 0.0853185 0.0681605 0.0939696 
Macropodidae_Wallabia_bicolor                0.0672530 0.0838498 0.0696721 0.0312226 0.0213465 0.0811275 0.0568940 0.0676121 0.0215309 0.1008561 0.0734909 0.0821290 0.0818362 0.0702972 0.0750995 0.0834393 0.0777620 0.0822918 0.1017972 0.0275815 0.0806891 0.0967484 0.0902214 0.0816403 0.0410287 0.0649544 0.0549143 0.0000000 0.0712451 0.0896180 0.0901455 0.0696735 0.0993295 0.0812854 0.1061565 
Pseudochiridae_Pseudocheirus_occidentalis    0.0747787 0.0839757 0.0649064 0.0596138 0.0694804 0.0761823 0.0663299 0.0629953 0.0672100 0.0919360 0.0671879 0.0783267 0.0755480 0.0681782 0.0575870 0.0808526 0.0747316 0.0771190 0.0964114 0.0578418 0.0260320 0.0962037 0.0895053 0.0812871 0.0697659 0.0732798 0.0401166 0.0712451 0.0000000 0.0584542 0.0592970 0.0656141 0.0932383 0.0779916 0.1002787 
Tarsipedidae_Tarsipes_rostratus              0.0930024 0.1050946 0.0844587 0.0690482 0.0744777 0.0945489 0.0832233 0.0867180 0.0820241 0.1079369 0.0854542 0.0949885 0.0924771 0.0858388 0.0770104 0.0981938 0.0930332 0.0943355 0.1103970 0.0680770 0.0673911 0.1034206 0.1013025 0.0989619 0.0889565 0.0890594 0.0624183 0.0896180 0.0584542 0.0000000 0.0725027 0.0839677 0.1041713 0.0933889 0.1135851 
Acrobatidae_Distoechurus_pennatus            0.0940680 0.1029046 0.0802526 0.0735174 0.0710188 0.0950542 0.0793164 0.0819787 0.0840994 0.1116103 0.0853943 0.0951312 0.0920978 0.0829394 0.0542891 0.0956665 0.0920985 0.0927864 0.1113998 0.0708352 0.0687250 0.1052984 0.1024390 0.1023141 0.0874469 0.1019781 0.0617294 0.0901455 0.0592970 0.0725027 0.0000000 0.0810521 0.1158186 0.0939548 0.1158416 
Phalangeridae_Phalanger_carmelitae           0.0648820 0.0796865 0.0613385 0.0692791 0.0629751 0.0719988 0.0298991 0.0113943 0.0651991 0.0968491 0.0170341 0.0712030 0.0689579 0.0032587 0.0714357 0.0722520 0.0693968 0.0690642 0.0984433 0.0672959 0.0737565 0.0913926 0.0921682 0.0775530 0.0626696 0.0737447 0.0599652 0.0696735 0.0656141 0.0839677 0.0810521 0.0000000 0.1027635 0.0725083 0.1019494 
Peramelidae_Peroryctes_raffrayana            0.1098030 0.1081972 0.0965756 0.0919217 0.0899122 0.0947293 0.0925835 0.1004503 0.0954808 0.0178264 0.1075102 0.0939819 0.0905566 0.1037507 0.1039287 0.0963447 0.0917570 0.0920418 0.0176929 0.0900831 0.0990581 0.1069455 0.1055630 0.1007917 0.0990405 0.0936249 0.0853185 0.0993295 0.0932383 0.1041713 0.1158186 0.1027635 0.0000000 0.0916021 0.0214909 
Dasyuridae_Dasyurus_geffroii                 0.0817181 0.0748680 0.0688618 0.0795499 0.0691274 0.0044280 0.0645560 0.0710534 0.0752910 0.0855190 0.0768577 0.0124301 0.0143860 0.0725960 0.0857983 0.0139016 0.0071378 0.0172784 0.0891464 0.0801367 0.0885795 0.0788055 0.0772801 0.0222349 0.0741916 0.0702163 0.0681605 0.0812854 0.0779916 0.0933889 0.0939548 0.0725083 0.0916021 0.0000000 0.0915809 
Peramelidae_Perameles_gunnii                 0.1111737 0.0986672 0.0916126 0.1024193 0.0972124 0.0941663 0.0939337 0.0995967 0.1035347 0.0029105 0.1067572 0.0933343 0.0904528 0.1025455 0.1073330 0.0973301 0.0897989 0.0935541 0.0162068 0.0983947 0.1062212 0.1062513 0.1097396 0.1020049 0.1013665 0.0952384 0.0939696 0.1061565 0.1002787 0.1135851 0.1158416 0.1019494 0.0214909 0.0915809 0.0000000 
