35
Burramyidae_Burramys_parvus                  0.0000000 0.0962298 0.0630106 0.0778870 0.0803637 0.1194651 0.0642306 0.0686969 0.0809271 0.1005777 0.0653928 0.1159255 0.1268664 0.0738149 0.0816916 0.1168639 0.1190737 0.1177599 0.1073441 0.0922487 0.0714952 0.1125642 0.1154382 0.0718833 0.0893801 0.0824361 0.0901601 0.0689525 0.0971245 0.0785180 0.0757105 0.1009198 0.1144448 0.1001245 0.0939015 
Notoryctidae_Notoryctes_typhlops             0.0962298 0.0000000 0.0838440 0.1014421 0.1047659 0.1351971 0.0963013 0.1008953 0.1044509 0.1168738 0.0993770 0.1347512 0.1431372 0.1119966 0.1081195 0.1319993 0.1322280 0.1368996 0.1262637 0.1172426 0.1001609 0.1418576 0.1311336 0.0982066 0.0998200 0.1098570 0.1163522 0.0991896 0.1370923 0.1026974 0.1119186 0.1219529 0.1315242 0.1167470 0.1246177 
Vombatidae_Lasiorhinus_latifrons             0.0630106 0.0838440 0.0000000 0.0743033 0.0762903 0.1099911 0.0635149 0.0675915 0.0737944 0.0981794 0.0676992 0.1110786 0.1175637 0.0758545 0.0802866 0.1074852 0.1113004 0.1080974 0.1026852 0.0837857 0.0705387 0.1090096 0.1098637 0.0627873 0.0722938 0.0799613 0.0839915 0.0670614 0.0977070 0.0767077 0.0774974 0.0965678 0.1065316 0.0977287 0.0901628 
Potoroidae_Bettongia_penicillata             0.0778870 0.1014421 0.0743033 0.0000000 0.0061281 0.1236944 0.0729513 0.0782002 0.0130000 0.1169543 0.0746261 0.1248654 0.1337612 0.0872268 0.0953531 0.1216388 0.1245097 0.1270816 0.1252813 0.0392694 0.0830078 0.1324340 0.1249936 0.0557680 0.1074297 0.0936638 0.0363739 0.0785247 0.1091525 0.0823707 0.0884693 0.1205368 0.1192260 0.1164648 0.1189322 
Potoroidae_Bettongia_lesueur                 0.0803637 0.1047659 0.0762903 0.0061281 0.0000000 0.1282788 0.0726034 0.0807102 0.0159463 0.1201254 0.0783210 0.1297434 0.1383084 0.0890215 0.0949884 0.1264483 0.1293283 0.1312891 0.1276846 0.0419541 0.0830006 0.1337775 0.1298672 0.0579645 0.1062645 0.0937314 0.0390602 0.0785450 0.1094582 0.0824104 0.0910057 0.1229273 0.1237597 0.1196296 0.1182572 
Dasyuridae_Dasyurus_maculatus                0.1194651 0.1351971 0.1099911 0.1236944 0.1282788 0.0000000 0.1236902 0.1274272 0.1277060 0.1350728 0.1268671 0.0302882 0.0414601 0.1359362 0.1381441 0.0219897 0.0081086 0.0378476 0.1406638 0.1361271 0.1185480 0.1441786 0.0305492 0.1232986 0.1036190 0.1414524 0.1396909 0.1180500 0.1145331 0.1292693 0.1365742 0.1373123 0.0064819 0.1344093 0.1138376 
Phalangeridae_Trichosurus_vulpecula          0.0642306 0.0963013 0.0635149 0.0729513 0.0726034 0.1236902 0.0000000 0.0270276 0.0731991 0.1045792 0.0262505 0.1201584 0.1308629 0.0393726 0.0819450 0.1212170 0.1228582 0.1187779 0.1100041 0.0790780 0.0742501 0.1260439 0.1197233 0.0677643 0.0862362 0.0783924 0.0766589 0.0684923 0.1017680 0.0751352 0.0399461 0.1049100 0.1204531 0.1036875 0.0970569 
Phalangeridae_Spilocuscus_maculatus          0.0686969 0.1008953 0.0675915 0.0782002 0.0807102 0.1274272 0.0270276 0.0000000 0.0799051 0.1107172 0.0162113 0.1251173 0.1359024 0.0297144 0.0881879 0.1264573 0.1289197 0.1283870 0.1179557 0.0855945 0.0773027 0.1300601 0.1246898 0.0752300 0.0933455 0.0820275 0.0862842 0.0721706 0.1031462 0.0814914 0.0296603 0.1121036 0.1251039 0.1097987 0.1041665 
Potoroidae_Aepyprymnus_rufescens             0.0809271 0.1044509 0.0737944 0.0130000 0.0159463 0.1277060 0.0731991 0.0799051 0.0000000 0.1190217 0.0767908 0.1292002 0.1386650 0.0888384 0.0985880 0.1258650 0.1279307 0.1304980 0.1270676 0.0381248 0.0838979 0.1411228 0.1293197 0.0562368 0.1115990 0.0964940 0.0361449 0.0805125 0.1134824 0.0854337 0.0900876 0.1218255 0.1231698 0.1175418 0.1275564 
Peramelidae_Perameles_nasuta                 0.1005777 0.1168738 0.0981794 0.1169543 0.1201254 0.1350728 0.1045792 0.1107172 0.1190217 0.0000000 0.1095958 0.1300118 0.1455373 0.1175953 0.1214648 0.1325565 0.1346467 0.1373942 0.0242603 0.1284269 0.1057046 0.1401854 0.1303291 0.1129877 0.0983470 0.1248165 0.1299114 0.1074098 0.1269362 0.1129685 0.1175386 0.0199666 0.1308750 0.0012721 0.1146383 
Phalangeridae_Strigocuscus_pelengensis       0.0653928 0.0993770 0.0676992 0.0746261 0.0783210 0.1268671 0.0262505 0.0162113 0.0767908 0.1095958 0.0000000 0.1241009 0.1363496 0.0277349 0.0878435 0.1259490 0.1271591 0.1250299 0.1184388 0.0764545 0.0770675 0.1248413 0.1229127 0.0728457 0.0860605 0.0822604 0.0738281 0.0740335 0.1028842 0.0795561 0.0282990 0.1110314 0.1240321 0.1086479 0.1015587 
Dasyuridae_Phascogale_tapoatafa              0.1159255 0.1347512 0.1110786 0.1248654 0.1297434 0.0302882 0.1201584 0.1251173 0.1292002 0.1300118 0.1241009 0.0000000 0.0561655 0.1330408 0.1341376 0.0101878 0.0364027 0.0338979 0.1347884 0.1383195 0.1149479 0.1486611 0.0125116 0.1201441 0.0970801 0.1336478 0.1411948 0.1114202 0.1366424 0.1275687 0.1344513 0.1327601 0.0270684 0.1294956 0.1156952 
Dasyuridae_Sminthopsis_macroura              0.1268664 0.1431372 0.1175637 0.1337612 0.1383084 0.0414601 0.1308629 0.1359024 0.1386650 0.1455373 0.1363496 0.0561655 0.0000000 0.1454514 0.1454476 0.0428428 0.0398093 0.0472726 0.1544713 0.1497744 0.1314565 0.1451044 0.0560782 0.1289096 0.1076093 0.1506574 0.1488136 0.1280475 0.1330463 0.1369466 0.1464642 0.1483351 0.0374380 0.1449822 0.1190226 
Phalangeridae_Phalanger_orientalis           0.0738149 0.1119966 0.0758545 0.0872268 0.0890215 0.1359362 0.0393726 0.0297144 0.0888384 0.1175953 0.0277349 0.1330408 0.1454514 0.0000000 0.0968568 0.1362228 0.1344175 0.1353342 0.1283910 0.0990092 0.0844343 0.1381094 0.1334819 0.0846329 0.1021583 0.0950441 0.0981477 0.0789004 0.1159966 0.0876898 0.0090121 0.1195335 0.1332969 0.1172089 0.1242506 
Acrobatidae_Acrobates_pygmaeus               0.0816916 0.1081195 0.0802866 0.0953531 0.0949884 0.1381441 0.0819450 0.0881879 0.0985880 0.1214648 0.0878435 0.1341376 0.1454476 0.0968568 0.0000000 0.1366172 0.1378473 0.1409789 0.1216570 0.1095037 0.0788859 0.1442884 0.1332112 0.0877025 0.1078397 0.0910426 0.1064368 0.0718335 0.1038615 0.0429161 0.0979930 0.1158741 0.1348200 0.1206047 0.1236816 
Dasyuridae_Phascogale_calura                 0.1168639 0.1319993 0.1074852 0.1216388 0.1264483 0.0219897 0.1212170 0.1264573 0.1258650 0.1325565 0.1259490 0.0101878 0.0428428 0.1362228 0.1366172 0.0000000 0.0211713 0.0365755 0.1363966 0.1358016 0.1178759 0.1456272 0.0180055 0.1207704 0.0972618 0.1397085 0.1398116 0.1155178 0.1193745 0.1326224 0.1376720 0.1342905 0.0195927 0.1319542 0.1148452 
Dasyuridae_Sarcophilus_harrisii              0.1190737 0.1322280 0.1113004 0.1245097 0.1293283 0.0081086 0.1228582 0.1289197 0.1279307 0.1346467 0.1271591 0.0364027 0.0398093 0.1344175 0.1378473 0.0211713 0.0000000 0.0429290 0.1405753 0.1374036 0.1221993 0.1446793 0.0364191 0.1241752 0.1006472 0.1429912 0.1395467 0.1207819 0.1287566 0.1291156 0.1355040 0.1364429 0.0062073 0.1341178 0.1126543 
Dasyuridae_Planigale_tenuirostris            0.1177599 0.1368996 0.1080974 0.1270816 0.1312891 0.0378476 0.1187779 0.1283870 0.1304980 0.1373942 0.1250299 0.0338979 0.0472726 0.1353342 0.1409789 0.0365755 0.0429290 0.0000000 0.1435148 0.1400802 0.1173571 0.1507349 0.0349052 0.1195134 0.1037868 0.1315191 0.1419431 0.1119344 0.1319713 0.1301409 0.1368903 0.1399109 0.0350808 0.1367783 0.1217758 
Peramelidae_Echymipera_kalubu                0.1073441 0.1262637 0.1026852 0.1252813 0.1276846 0.1406638 0.1100041 0.1179557 0.1270676 0.0242603 0.1184388 0.1347884 0.1544713 0.1283910 0.1216570 0.1363966 0.1405753 0.1435148 0.0000000 0.1330764 0.1086231 0.1396628 0.1336482 0.1165034 0.0996770 0.1282309 0.1361572 0.1107251 0.1237078 0.1171368 0.1282119 0.0196421 0.1363617 0.0245165 0.1142874 
Macropodidae_Dorcopsulus_vanheurni           0.0922487 0.1172426 0.0837857 0.0392694 0.0419541 0.1361271 0.0790780 0.0855945 0.0381248 0.1284269 0.0764545 0.1383195 0.1497744 0.0990092 0.1095037 0.1358016 0.1374036 0.1400802 0.1330764 0.0000000 0.0944442 0.1600729 0.1367753 0.0638779 0.1298168 0.1018213 0.0120587 0.0882287 0.1344744 0.1007266 0.1014225 0.1290919 0.1323373 0.1279049 0.1474636 
Pseudochiridae_Pseudochirulus_forbesi        0.0714952 0.1001609 0.0705387 0.0830078 0.0830006 0.1185480 0.0742501 0.0773027 0.0838979 0.1057046 0.0770675 0.1149479 0.1314565 0.0844343 0.0788859 0.1178759 0.1221993 0.1173571 0.1086231 0.0944442 0.0000000 0.1228473 0.1155543 0.0760046 0.0914699 0.0533922 0.0931371 0.0232083 0.0793262 0.0710529 0.0839373 0.1040383 0.1143106 0.1052369 0.1023407 
Marmosidae_Monodelphis_domestica             0.1125642 0.1418576 0.1090096 0.1324340 0.1337775 0.1441786 0.1260439 0.1300601 0.1411228 0.1401854 0.1248413 0.1486611 0.1451044 0.1381094 0.1442884 0.1456272 0.1446793 0.1507349 0.1396628 0.1600729 0.1228473 0.0000000 0.1468543 0.1270176 0.1359394 0.1474278 0.1603736 0.1193508 0.1452058 0.1354269 0.1403153 0.1380384 0.1381693 0.1401343 0.0477213 
Dasyuridae_Antechinus_stuartii               0.1154382 0.1311336 0.1098637 0.1249936 0.1298672 0.0305492 0.1197233 0.1246898 0.1293197 0.1303291 0.1229127 0.0125116 0.0560782 0.1334819 0.1332112 0.0180055 0.0364191 0.0349052 0.1336482 0.1367753 0.1155543 0.1468543 0.0000000 0.1183318 0.0967106 0.1324700 0.1395877 0.1104063 0.1402828 0.1243116 0.1340687 0.1319066 0.0272943 0.1298675 0.1128924 
Hypsiprymnodontidae_Hypsiprymnodon_moschatus 0.0718833 0.0982066 0.0627873 0.0557680 0.0579645 0.1232986 0.0677643 0.0752300 0.0562368 0.1129877 0.0728457 0.1201441 0.1289096 0.0846329 0.0877025 0.1207704 0.1241752 0.1195134 0.1165034 0.0638779 0.0760046 0.1270176 0.1183318 0.0000000 0.0878410 0.0871993 0.0631580 0.0718263 0.0944800 0.0797124 0.0847162 0.1131564 0.1198630 0.1125107 0.1043447 
Microbiotheriidae_Dromiciops_gliroides       0.0893801 0.0998200 0.0722938 0.1074297 0.1062645 0.1036190 0.0862362 0.0933455 0.1115990 0.0983470 0.0860605 0.0970801 0.1076093 0.1021583 0.1078397 0.0972618 0.1006472 0.1037868 0.0996770 0.1298168 0.0914699 0.1359394 0.0967106 0.0878410 0.0000000 0.1182094 0.1248249 0.0877681 0.1134387 0.1035158 0.1042156 0.0937729 0.0990768 0.0985250 0.1080951 
Pseudochiridae_Petauroides_volans            0.0824361 0.1098570 0.0799613 0.0936638 0.0937314 0.1414524 0.0783924 0.0820275 0.0964940 0.1248165 0.0822604 0.1336478 0.1506574 0.0950441 0.0910426 0.1397085 0.1429912 0.1315191 0.1282309 0.1018213 0.0533922 0.1474278 0.1324700 0.0871993 0.1182094 0.0000000 0.1000274 0.0504757 0.1124602 0.0818682 0.0969092 0.1258704 0.1368943 0.1243021 0.1363350 
Macropodidae_Wallabia_bicolor                0.0901601 0.1163522 0.0839915 0.0363739 0.0390602 0.1396909 0.0766589 0.0862842 0.0361449 0.1299114 0.0738281 0.1411948 0.1488136 0.0981477 0.1064368 0.1398116 0.1395467 0.1419431 0.1361572 0.0120587 0.0931371 0.1603736 0.1395877 0.0631580 0.1248249 0.1000274 0.0000000 0.0878463 0.1358881 0.0965287 0.0994151 0.1305887 0.1349842 0.1293909 0.1493832 
Pseudochiridae_Pseudocheirus_occidentalis    0.0689525 0.0991896 0.0670614 0.0785247 0.0785450 0.1180500 0.0684923 0.0721706 0.0805125 0.1074098 0.0740335 0.1114202 0.1280475 0.0789004 0.0718335 0.1155178 0.1207819 0.1119344 0.1107251 0.0882287 0.0232083 0.1193508 0.1104063 0.0718263 0.0877681 0.0504757 0.0878463 0.0000000 0.0803062 0.0685447 0.0805960 0.1053001 0.1136789 0.1069397 0.0975623 
Tarsipedidae_Tarsipes_rostratus              0.0971245 0.1370923 0.0977070 0.1091525 0.1094582 0.1145331 0.1017680 0.1031462 0.1134824 0.1269362 0.1028842 0.1366424 0.1330463 0.1159966 0.1038615 0.1193745 0.1287566 0.1319713 0.1237078 0.1344744 0.0793262 0.1452058 0.1402828 0.0944800 0.1134387 0.1124602 0.1358881 0.0803062 0.0000000 0.1020319 0.1166102 0.1218744 0.1079937 0.1261651 0.1180993 
Acrobatidae_Distoechurus_pennatus            0.0785180 0.1026974 0.0767077 0.0823707 0.0824104 0.1292693 0.0751352 0.0814914 0.0854337 0.1129685 0.0795561 0.1275687 0.1369466 0.0876898 0.0429161 0.1326224 0.1291156 0.1301409 0.1171368 0.1007266 0.0710529 0.1354269 0.1243116 0.0797124 0.1035158 0.0818682 0.0965287 0.0685447 0.1020319 0.0000000 0.0876366 0.1136310 0.1257634 0.1128495 0.1171794 
Phalangeridae_Phalanger_carmelitae           0.0757105 0.1119186 0.0774974 0.0884693 0.0910057 0.1365742 0.0399461 0.0296603 0.0900876 0.1175386 0.0282990 0.1344513 0.1464642 0.0090121 0.0979930 0.1376720 0.1355040 0.1368903 0.1282119 0.1014225 0.0839373 0.1403153 0.1340687 0.0847162 0.1042156 0.0969092 0.0994151 0.0805960 0.1166102 0.0876366 0.0000000 0.1194758 0.1339339 0.1170456 0.1254813 
Peramelidae_Peroryctes_raffrayana            0.1009198 0.1219529 0.0965678 0.1205368 0.1229273 0.1373123 0.1049100 0.1121036 0.1218255 0.0199666 0.1110314 0.1327601 0.1483351 0.1195335 0.1158741 0.1342905 0.1364429 0.1399109 0.0196421 0.1290919 0.1040383 0.1380384 0.1319066 0.1131564 0.0937729 0.1258704 0.1305887 0.1053001 0.1218744 0.1136310 0.1194758 0.0000000 0.1338621 0.0202511 0.1137743 
Dasyuridae_Dasyurus_geffroii                 0.1144448 0.1315242 0.1065316 0.1192260 0.1237597 0.0064819 0.1204531 0.1251039 0.1231698 0.1308750 0.1240321 0.0270684 0.0374380 0.1332969 0.1348200 0.0195927 0.0062073 0.0350808 0.1363617 0.1323373 0.1143106 0.1381693 0.0272943 0.1198630 0.0990768 0.1368943 0.1349842 0.1136789 0.1079937 0.1257634 0.1339339 0.1338621 0.0000000 0.1302790 0.1112694 
Peramelidae_Perameles_gunnii                 0.1001245 0.1167470 0.0977287 0.1164648 0.1196296 0.1344093 0.1036875 0.1097987 0.1175418 0.0012721 0.1086479 0.1294956 0.1449822 0.1172089 0.1206047 0.1319542 0.1341178 0.1367783 0.0245165 0.1279049 0.1052369 0.1401343 0.1298675 0.1125107 0.0985250 0.1243021 0.1293909 0.1069397 0.1261651 0.1128495 0.1170456 0.0202511 0.1302790 0.0000000 0.1145904 
Didelphidae_Didelphis_virginiana             0.0939015 0.1246177 0.0901628 0.1189322 0.1182572 0.1138376 0.0970569 0.1041665 0.1275564 0.1146383 0.1015587 0.1156952 0.1190226 0.1242506 0.1236816 0.1148452 0.1126543 0.1217758 0.1142874 0.1474636 0.1023407 0.0477213 0.1128924 0.1043447 0.1080951 0.1363350 0.1493832 0.0975623 0.1180993 0.1171794 0.1254813 0.1137743 0.1112694 0.1145904 0.0000000 
