35
Burramyidae_Burramys_parvus                  0.0000000 0.0830003 0.0530582 0.0895930 0.0606303 0.0829334 0.0451404 0.0448201 0.0720075 0.0852969 0.0453480 0.0833214 0.0832028 0.0446610 0.0530847 0.0843921 0.0808135 0.0832229 0.0919056 0.0567626 0.0648655 0.1051389 0.1032643 0.0830728 0.0555664 0.0795594 0.0664011 0.0550940 0.0628176 0.0653758 0.0578375 0.0451143 0.0880934 0.0831453 0.0860701 
Notoryctidae_Notoryctes_typhlops             0.0830003 0.0000000 0.0727932 0.1256487 0.0930272 0.0810789 0.0745035 0.0759090 0.1057898 0.0946401 0.0766173 0.0844573 0.0823670 0.0761898 0.0810597 0.0853594 0.0815433 0.0824167 0.0993596 0.0839970 0.0934998 0.1249676 0.1160261 0.0818431 0.0825930 0.0855793 0.0963771 0.0818421 0.0902722 0.0945096 0.0862169 0.0760145 0.0950386 0.0810229 0.0956500 
Vombatidae_Lasiorhinus_latifrons             0.0530582 0.0727932 0.0000000 0.0909090 0.0629059 0.0727235 0.0473784 0.0475007 0.0713545 0.0772503 0.0476864 0.0730952 0.0730338 0.0498109 0.0566016 0.0755566 0.0734027 0.0714111 0.0827857 0.0579079 0.0635225 0.0986679 0.0928479 0.0714639 0.0551260 0.0709157 0.0671353 0.0554931 0.0642694 0.0667234 0.0627751 0.0478317 0.0797153 0.0725932 0.0781460 
Potoroidae_Bettongia_penicillata             0.0895930 0.1256487 0.0909090 0.0000000 0.0390590 0.1205717 0.0839275 0.0844350 0.0407889 0.1194758 0.0854725 0.1158318 0.1179988 0.0842652 0.0853539 0.1180684 0.1194465 0.1159093 0.1268510 0.0531635 0.0899363 0.1453719 0.1382432 0.1153558 0.0611782 0.1134462 0.0906024 0.0514685 0.0874592 0.0951888 0.0953428 0.0831081 0.1236779 0.1186824 0.1203011 
Potoroidae_Bettongia_lesueur                 0.0606303 0.0930272 0.0629059 0.0390590 0.0000000 0.0903296 0.0574566 0.0559551 0.0242587 0.0863227 0.0557433 0.0877723 0.0872173 0.0561743 0.0565469 0.0891137 0.0891932 0.0876292 0.0915331 0.0228733 0.0641152 0.1039326 0.0993658 0.0871037 0.0311829 0.0829587 0.0678498 0.0211429 0.0635786 0.0685345 0.0664092 0.0561863 0.0893251 0.0879946 0.0871606 
Dasyuridae_Dasyurus_maculatus                0.0829334 0.0810789 0.0727235 0.1205717 0.0903296 0.0000000 0.0804931 0.0808570 0.0973382 0.0912038 0.0804817 0.0170577 0.0209143 0.0817015 0.0785690 0.0181464 0.0067047 0.0172756 0.0935912 0.0839228 0.0923623 0.1204694 0.1133363 0.0164152 0.0827362 0.0808778 0.0921063 0.0808882 0.0872992 0.0926493 0.0896346 0.0810995 0.0918947 0.0025221 0.0920326 
Phalangeridae_Trichosurus_vulpecula          0.0451404 0.0745035 0.0473784 0.0839275 0.0574566 0.0804931 0.0000000 0.0138101 0.0671183 0.0806859 0.0172867 0.0769966 0.0760708 0.0157892 0.0527024 0.0783432 0.0801691 0.0756017 0.0881381 0.0514451 0.0628159 0.1016349 0.0938537 0.0745303 0.0516125 0.0687729 0.0606319 0.0486806 0.0600846 0.0596114 0.0558259 0.0150095 0.0836308 0.0807076 0.0825112 
Phalangeridae_Spilocuscus_maculatus          0.0448201 0.0759090 0.0475007 0.0844350 0.0559551 0.0808570 0.0138101 0.0000000 0.0662058 0.0787657 0.0090772 0.0800414 0.0793854 0.0073102 0.0510053 0.0808117 0.0804753 0.0769168 0.0841026 0.0501571 0.0612894 0.0976610 0.0903985 0.0783754 0.0511508 0.0739699 0.0601153 0.0477367 0.0572776 0.0560323 0.0547481 0.0069312 0.0808897 0.0810797 0.0806647 
Potoroidae_Aepyprymnus_rufescens             0.0720075 0.1057898 0.0713545 0.0407889 0.0242587 0.0973382 0.0671183 0.0662058 0.0000000 0.0979694 0.0661641 0.0939772 0.0937326 0.0658131 0.0671049 0.0959151 0.0969806 0.0940727 0.1043538 0.0339502 0.0740767 0.1217002 0.1204884 0.0940274 0.0409820 0.0938457 0.0723168 0.0324064 0.0710444 0.0785843 0.0754075 0.0661890 0.1023063 0.0966455 0.0988395 
Peramelidae_Perameles_nasuta                 0.0852969 0.0946401 0.0772503 0.1194758 0.0863227 0.0912038 0.0806859 0.0787657 0.0979694 0.0000000 0.0791935 0.0893069 0.0889273 0.0805679 0.0769246 0.0919568 0.0883480 0.0879418 0.0110849 0.0843566 0.0886548 0.1065415 0.1064735 0.0878534 0.0756003 0.0947783 0.0915466 0.0809255 0.0863470 0.0924066 0.0824999 0.0798590 0.0097877 0.0922376 0.0003168 
Phalangeridae_Strigocuscus_pelengensis       0.0453480 0.0766173 0.0476864 0.0854725 0.0557433 0.0804817 0.0172867 0.0090772 0.0661641 0.0791935 0.0000000 0.0801372 0.0785310 0.0114920 0.0525882 0.0814269 0.0800657 0.0752884 0.0858329 0.0478912 0.0625221 0.0962450 0.0897716 0.0766781 0.0519954 0.0702066 0.0607399 0.0461481 0.0579642 0.0580247 0.0566274 0.0097603 0.0816837 0.0815700 0.0810465 
Dasyuridae_Phascogale_tapoatafa              0.0833214 0.0844573 0.0730952 0.1158318 0.0877723 0.0170577 0.0769966 0.0800414 0.0939772 0.0893069 0.0801372 0.0000000 0.0195114 0.0804884 0.0806740 0.0028538 0.0166883 0.0183546 0.0921295 0.0826136 0.0883753 0.1187047 0.1136342 0.0076857 0.0798696 0.0808827 0.0923214 0.0793585 0.0879889 0.0908884 0.0902836 0.0798982 0.0918952 0.0166809 0.0896879 
Dasyuridae_Sminthopsis_macroura              0.0832028 0.0823670 0.0730338 0.1179988 0.0872173 0.0209143 0.0760708 0.0793854 0.0937326 0.0889273 0.0785310 0.0195114 0.0000000 0.0798400 0.0785763 0.0202773 0.0211969 0.0202449 0.0935494 0.0798024 0.0900833 0.1163989 0.1101146 0.0192201 0.0766364 0.0816323 0.0912984 0.0778668 0.0868545 0.0891843 0.0884857 0.0801120 0.0924241 0.0212094 0.0893235 
Phalangeridae_Phalanger_orientalis           0.0446610 0.0761898 0.0498109 0.0842652 0.0561743 0.0817015 0.0157892 0.0073102 0.0658131 0.0805679 0.0114920 0.0804884 0.0798400 0.0000000 0.0518899 0.0818615 0.0813695 0.0768412 0.0857292 0.0500707 0.0637330 0.1006580 0.0912817 0.0779805 0.0508037 0.0730424 0.0647210 0.0469407 0.0627984 0.0575720 0.0571089 0.0019038 0.0829614 0.0819153 0.0823381 
Acrobatidae_Acrobates_pygmaeus               0.0530847 0.0810597 0.0566016 0.0853539 0.0565469 0.0785690 0.0527024 0.0510053 0.0671049 0.0769246 0.0525882 0.0806740 0.0785763 0.0518899 0.0000000 0.0832261 0.0776612 0.0760782 0.0820376 0.0536053 0.0572272 0.1044970 0.1015610 0.0808274 0.0544246 0.0812742 0.0553579 0.0524103 0.0556682 0.0540166 0.0250698 0.0526560 0.0798126 0.0794627 0.0769317 
Dasyuridae_Phascogale_calura                 0.0843921 0.0853594 0.0755566 0.1180684 0.0891137 0.0181464 0.0783432 0.0808117 0.0959151 0.0919568 0.0814269 0.0028538 0.0202773 0.0818615 0.0832261 0.0000000 0.0177477 0.0198894 0.0948005 0.0838388 0.0909217 0.1203890 0.1151316 0.0080390 0.0815212 0.0824796 0.0941261 0.0810200 0.0905489 0.0922078 0.0920516 0.0812602 0.0945893 0.0170795 0.0923274 
Dasyuridae_Sarcophilus_harrisii              0.0808135 0.0815433 0.0734027 0.1194465 0.0891932 0.0067047 0.0801691 0.0804753 0.0969806 0.0883480 0.0800657 0.0166883 0.0211969 0.0813695 0.0776612 0.0177477 0.0000000 0.0175865 0.0912178 0.0834923 0.0916338 0.1173710 0.1118266 0.0160414 0.0802644 0.0814916 0.0927176 0.0801980 0.0868275 0.0912471 0.0891074 0.0807723 0.0895210 0.0063651 0.0887447 
Dasyuridae_Planigale_tenuirostris            0.0832229 0.0824167 0.0714111 0.1159093 0.0876292 0.0172756 0.0756017 0.0769168 0.0940727 0.0879418 0.0752884 0.0183546 0.0202449 0.0768412 0.0760782 0.0198894 0.0175865 0.0000000 0.0912898 0.0810936 0.0888045 0.1209136 0.1108862 0.0191205 0.0789845 0.0777392 0.0902882 0.0784709 0.0853726 0.0874733 0.0867267 0.0762607 0.0904830 0.0179457 0.0882307 
Peramelidae_Echymipera_kalubu                0.0919056 0.0993596 0.0827857 0.1268510 0.0915331 0.0935912 0.0881381 0.0841026 0.1043538 0.0110849 0.0858329 0.0921295 0.0935494 0.0857292 0.0820376 0.0948005 0.0912178 0.0912898 0.0000000 0.0873876 0.0928775 0.1095727 0.1111358 0.0906597 0.0787938 0.0954786 0.0964581 0.0856775 0.0910423 0.0957493 0.0895521 0.0850211 0.0104587 0.0941831 0.0110023 
Macropodidae_Dorcopsulus_vanheurni           0.0567626 0.0839970 0.0579079 0.0531635 0.0228733 0.0839228 0.0514451 0.0501571 0.0339502 0.0843566 0.0478912 0.0826136 0.0798024 0.0500707 0.0536053 0.0838388 0.0834923 0.0810936 0.0873876 0.0000000 0.0579025 0.1046699 0.0994309 0.0810312 0.0295457 0.0788956 0.0604489 0.0077534 0.0559165 0.0614138 0.0624248 0.0501193 0.0872112 0.0829013 0.0856495 
Pseudochiridae_Pseudochirulus_forbesi        0.0648655 0.0934998 0.0635225 0.0899363 0.0641152 0.0923623 0.0628159 0.0612894 0.0740767 0.0886548 0.0625221 0.0883753 0.0900833 0.0637330 0.0572272 0.0909217 0.0916338 0.0888045 0.0928775 0.0579025 0.0000000 0.1093555 0.1095180 0.0888667 0.0608448 0.0876287 0.0335051 0.0564929 0.0155626 0.0523697 0.0645069 0.0632768 0.0902945 0.0921854 0.0890260 
Didelphidae_Didelphis_virginiana             0.1051389 0.1249676 0.0986679 0.1453719 0.1039326 0.1204694 0.1016349 0.0976610 0.1217002 0.1065415 0.0962450 0.1187047 0.1163989 0.1006580 0.1044970 0.1203890 0.1173710 0.1209136 0.1095727 0.1046699 0.1093555 0.0000000 0.0499550 0.1181925 0.1026589 0.1070307 0.1132931 0.1017558 0.1046247 0.1116098 0.1050424 0.0981167 0.1102706 0.1205911 0.1064942 
Marmosidae_Monodelphis_domestica             0.1032643 0.1160261 0.0928479 0.1382432 0.0993658 0.1133363 0.0938537 0.0903985 0.1204884 0.1064735 0.0897716 0.1136342 0.1101146 0.0912817 0.1015610 0.1151316 0.1118266 0.1108862 0.1111358 0.0994309 0.1095180 0.0499550 0.0000000 0.1135321 0.0971292 0.0980731 0.1121707 0.0954356 0.1012581 0.1100405 0.1029392 0.0893994 0.1128482 0.1128120 0.1071289 
Dasyuridae_Antechinus_stuartii               0.0830728 0.0818431 0.0714639 0.1153558 0.0871037 0.0164152 0.0745303 0.0783754 0.0940274 0.0878534 0.0766781 0.0076857 0.0192201 0.0779805 0.0808274 0.0080390 0.0160414 0.0191205 0.0906597 0.0810312 0.0888667 0.1181925 0.1135321 0.0000000 0.0813025 0.0811448 0.0903797 0.0782199 0.0865253 0.0913876 0.0883054 0.0774093 0.0903009 0.0160342 0.0882329 
Hypsiprymnodontidae_Hypsiprymnodon_moschatus 0.0555664 0.0825930 0.0551260 0.0611782 0.0311829 0.0827362 0.0516125 0.0511508 0.0409820 0.0756003 0.0519954 0.0798696 0.0766364 0.0508037 0.0544246 0.0815212 0.0802644 0.0789845 0.0787938 0.0295457 0.0608448 0.1026589 0.0971292 0.0813025 0.0000000 0.0791990 0.0640519 0.0277851 0.0602557 0.0643082 0.0601934 0.0512349 0.0793926 0.0817261 0.0764587 
Microbiotheriidae_Dromiciops_gliroides       0.0795594 0.0855793 0.0709157 0.1134462 0.0829587 0.0808778 0.0687729 0.0739699 0.0938457 0.0947783 0.0702066 0.0808827 0.0816323 0.0730424 0.0812742 0.0824796 0.0814916 0.0777392 0.0954786 0.0788956 0.0876287 0.1070307 0.0980731 0.0811448 0.0791990 0.0000000 0.0866699 0.0780761 0.0849191 0.0892934 0.0845515 0.0728626 0.0972963 0.0806572 0.0950513 
Pseudochiridae_Petauroides_volans            0.0664011 0.0963771 0.0671353 0.0906024 0.0678498 0.0921063 0.0606319 0.0601153 0.0723168 0.0915466 0.0607399 0.0923214 0.0912984 0.0647210 0.0553579 0.0941261 0.0927176 0.0902882 0.0964581 0.0604489 0.0335051 0.1132931 0.1121707 0.0903797 0.0640519 0.0866699 0.0000000 0.0588992 0.0301863 0.0551689 0.0636996 0.0633796 0.0937736 0.0919265 0.0923994 
Macropodidae_Wallabia_bicolor                0.0550940 0.0818421 0.0554931 0.0514685 0.0211429 0.0808882 0.0486806 0.0477367 0.0324064 0.0809255 0.0461481 0.0793585 0.0778668 0.0469407 0.0524103 0.0810200 0.0801980 0.0784709 0.0856775 0.0077534 0.0564929 0.1017558 0.0954356 0.0782199 0.0277851 0.0780761 0.0588992 0.0000000 0.0542482 0.0597144 0.0607346 0.0470081 0.0838447 0.0798772 0.0821888 
Pseudochiridae_Pseudocheirus_occidentalis    0.0628176 0.0902722 0.0642694 0.0874592 0.0635786 0.0872992 0.0600846 0.0572776 0.0710444 0.0863470 0.0579642 0.0879889 0.0868545 0.0627984 0.0556682 0.0905489 0.0868275 0.0853726 0.0910423 0.0559165 0.0155626 0.1046247 0.1012581 0.0865253 0.0602557 0.0849191 0.0301863 0.0542482 0.0000000 0.0487759 0.0604524 0.0610876 0.0885930 0.0886723 0.0862225 
Tarsipedidae_Tarsipes_rostratus              0.0653758 0.0945096 0.0667234 0.0951888 0.0685345 0.0926493 0.0596114 0.0560323 0.0785843 0.0924066 0.0580247 0.0908884 0.0891843 0.0575720 0.0540166 0.0922078 0.0912471 0.0874733 0.0957493 0.0614138 0.0523697 0.1116098 0.1100405 0.0913876 0.0643082 0.0892934 0.0551689 0.0597144 0.0487759 0.0000000 0.0628702 0.0571622 0.0941456 0.0935833 0.0935904 
Acrobatidae_Distoechurus_pennatus            0.0578375 0.0862169 0.0627751 0.0953428 0.0664092 0.0896346 0.0558259 0.0547481 0.0754075 0.0824999 0.0566274 0.0902836 0.0884857 0.0571089 0.0250698 0.0920516 0.0891074 0.0867267 0.0895521 0.0624248 0.0645069 0.1050424 0.1029392 0.0883054 0.0601934 0.0845515 0.0636996 0.0607346 0.0604524 0.0628702 0.0000000 0.0566720 0.0845966 0.0905638 0.0833461 
Phalangeridae_Phalanger_carmelitae           0.0451143 0.0760145 0.0478317 0.0831081 0.0561863 0.0810995 0.0150095 0.0069312 0.0661890 0.0798590 0.0097603 0.0798982 0.0801120 0.0019038 0.0526560 0.0812602 0.0807723 0.0762607 0.0850211 0.0501193 0.0632768 0.0981167 0.0893994 0.0774093 0.0512349 0.0728626 0.0633796 0.0470081 0.0610876 0.0571622 0.0566720 0.0000000 0.0814322 0.0813132 0.0816161 
Peramelidae_Peroryctes_raffrayana            0.0880934 0.0950386 0.0797153 0.1236779 0.0893251 0.0918947 0.0836308 0.0808897 0.1023063 0.0097877 0.0816837 0.0918952 0.0924241 0.0829614 0.0798126 0.0945893 0.0895210 0.0904830 0.0104587 0.0872112 0.0902945 0.1102706 0.1128482 0.0903009 0.0793926 0.0972963 0.0937736 0.0838447 0.0885930 0.0941456 0.0845966 0.0814322 0.0000000 0.0929374 0.0101078 
Dasyuridae_Dasyurus_geffroii                 0.0831453 0.0810229 0.0725932 0.1186824 0.0879946 0.0025221 0.0807076 0.0810797 0.0966455 0.0922376 0.0815700 0.0166809 0.0212094 0.0819153 0.0794627 0.0170795 0.0063651 0.0179457 0.0941831 0.0829013 0.0921854 0.1205911 0.1128120 0.0160342 0.0817261 0.0806572 0.0919265 0.0798772 0.0886723 0.0935833 0.0905638 0.0813132 0.0929374 0.0000000 0.0926188 
Peramelidae_Perameles_gunnii                 0.0860701 0.0956500 0.0781460 0.1203011 0.0871606 0.0920326 0.0825112 0.0806647 0.0988395 0.0003168 0.0810465 0.0896879 0.0893235 0.0823381 0.0769317 0.0923274 0.0887447 0.0882307 0.0110023 0.0856495 0.0890260 0.1064942 0.1071289 0.0882329 0.0764587 0.0950513 0.0923994 0.0821888 0.0862225 0.0935904 0.0833461 0.0816161 0.0101078 0.0926188 0.0000000 
