35
Burramyidae_Burramys_parvus                  0.0000000 0.0608437 0.0424938 0.0365120 0.0387429 0.0501417 0.0271540 0.0340026 0.0385349 0.0571458 0.0295886 0.0465952 0.0492552 0.0301642 0.0396023 0.0472426 0.0506012 0.0591164 0.0373452 0.0431331 0.0535254 0.0480759 0.0523158 0.0295969 0.0524654 0.0407225 0.0359168 0.0461184 0.0539364 0.0410322 0.0282485 0.0595516 0.0506413 0.0557834 0.0472028 
Notoryctidae_Notoryctes_typhlops             0.0608437 0.0000000 0.0568795 0.0571365 0.0602458 0.0610633 0.0525797 0.0607696 0.0585385 0.0711949 0.0547506 0.0587859 0.0601558 0.0564974 0.0623697 0.0588017 0.0623170 0.0731646 0.0607052 0.0615443 0.0802233 0.0711194 0.0641884 0.0522291 0.0706475 0.0635776 0.0564418 0.0661793 0.0770240 0.0620515 0.0550584 0.0751684 0.0631151 0.0696636 0.0561169 
Vombatidae_Lasiorhinus_latifrons             0.0424938 0.0568795 0.0000000 0.0446509 0.0479111 0.0501975 0.0352781 0.0420448 0.0472140 0.0547459 0.0370801 0.0469299 0.0490682 0.0499736 0.0448031 0.0469048 0.0485173 0.0558297 0.0451323 0.0441898 0.0611482 0.0519847 0.0491602 0.0367302 0.0621113 0.0468432 0.0425291 0.0486530 0.0670461 0.0672067 0.0520232 0.0554303 0.0490605 0.0546249 0.0459672 
Potoroidae_Bettongia_penicillata             0.0365120 0.0571365 0.0446509 0.0000000 0.0050970 0.0603511 0.0385057 0.0425566 0.0107692 0.0664862 0.0365320 0.0563559 0.0568541 0.0532153 0.0423352 0.0563040 0.0596801 0.0661238 0.0192025 0.0491759 0.0699752 0.0614175 0.0604991 0.0261382 0.0701263 0.0490028 0.0186813 0.0469253 0.0699110 0.0743252 0.0564956 0.0661369 0.0597427 0.0663298 0.0515164 
Potoroidae_Bettongia_lesueur                 0.0387429 0.0602458 0.0479111 0.0050970 0.0000000 0.0637184 0.0414244 0.0464437 0.0134113 0.0675784 0.0404258 0.0603058 0.0591981 0.0562297 0.0457269 0.0597609 0.0630617 0.0678416 0.0216023 0.0535898 0.0727181 0.0654863 0.0638257 0.0283425 0.0737809 0.0510530 0.0210777 0.0494593 0.0731229 0.0777834 0.0594350 0.0672839 0.0636717 0.0674244 0.0555891 
Dasyuridae_Dasyurus_maculatus                0.0501417 0.0610633 0.0501975 0.0603511 0.0637184 0.0000000 0.0523497 0.0596746 0.0640432 0.0644662 0.0543065 0.0124506 0.0226298 0.0675120 0.0552241 0.0129518 0.0064226 0.0702761 0.0641946 0.0601240 0.0737971 0.0653943 0.0156736 0.0548375 0.0722313 0.0571645 0.0620106 0.0605439 0.0794383 0.0818216 0.0695918 0.0703046 0.0059151 0.0643078 0.0175822 
Phalangeridae_Trichosurus_vulpecula          0.0271540 0.0525797 0.0352781 0.0385057 0.0414244 0.0523497 0.0000000 0.0175842 0.0412296 0.0550241 0.0153383 0.0502100 0.0544630 0.0315243 0.0337510 0.0501673 0.0527979 0.0581817 0.0386819 0.0406362 0.0570639 0.0501898 0.0546615 0.0316725 0.0628180 0.0406378 0.0364527 0.0365176 0.0581804 0.0589107 0.0341050 0.0578458 0.0512700 0.0554353 0.0497342 
Phalangeridae_Spilocuscus_maculatus          0.0340026 0.0607696 0.0420448 0.0425566 0.0464437 0.0596746 0.0175842 0.0000000 0.0446672 0.0619521 0.0104099 0.0569781 0.0580357 0.0307334 0.0421165 0.0569300 0.0601114 0.0665178 0.0420731 0.0465243 0.0635114 0.0531856 0.0609932 0.0330087 0.0701629 0.0470241 0.0414687 0.0453747 0.0664333 0.0684065 0.0322389 0.0648416 0.0585917 0.0629077 0.0568167 
Potoroidae_Aepyprymnus_rufescens             0.0385349 0.0585385 0.0472140 0.0107692 0.0134113 0.0640432 0.0412296 0.0446672 0.0000000 0.0661260 0.0420054 0.0606402 0.0594961 0.0542865 0.0441389 0.0595454 0.0622613 0.0663307 0.0205038 0.0527892 0.0712047 0.0634155 0.0636032 0.0276905 0.0724595 0.0486250 0.0205022 0.0492119 0.0693199 0.0746034 0.0574684 0.0652818 0.0639964 0.0659630 0.0574012 
Peramelidae_Perameles_nasuta                 0.0571458 0.0711949 0.0547459 0.0664862 0.0675784 0.0644662 0.0550241 0.0619521 0.0661260 0.0000000 0.0553632 0.0631774 0.0677336 0.0675551 0.0557337 0.0631892 0.0666018 0.0197120 0.0691531 0.0674227 0.0838055 0.0677140 0.0668904 0.0607092 0.0772274 0.0639587 0.0674087 0.0611874 0.0832767 0.0889264 0.0702606 0.0166780 0.0643521 0.0019775 0.0592574 
Phalangeridae_Strigocuscus_pelengensis       0.0295886 0.0547506 0.0370801 0.0365320 0.0404258 0.0543065 0.0153383 0.0104099 0.0420054 0.0553632 0.0000000 0.0531785 0.0536721 0.0241111 0.0359970 0.0531313 0.0553502 0.0581471 0.0415073 0.0404313 0.0579035 0.0480272 0.0557158 0.0304187 0.0579336 0.0419976 0.0403154 0.0385322 0.0613378 0.0675163 0.0251803 0.0576333 0.0537399 0.0552789 0.0523203 
Dasyuridae_Phascogale_tapoatafa              0.0465952 0.0587859 0.0469299 0.0563559 0.0603058 0.0124506 0.0502100 0.0569781 0.0606402 0.0631774 0.0531785 0.0000000 0.0210601 0.0635132 0.0531251 0.0034448 0.0129360 0.0666894 0.0586161 0.0571141 0.0715344 0.0626151 0.0100382 0.0504156 0.0709945 0.0543672 0.0575128 0.0583526 0.0779701 0.0773061 0.0667786 0.0679333 0.0144449 0.0630228 0.0126527 
Dasyuridae_Sminthopsis_macroura              0.0492552 0.0601558 0.0490682 0.0568541 0.0591981 0.0226298 0.0544630 0.0580357 0.0594961 0.0677336 0.0536721 0.0210601 0.0000000 0.0662931 0.0544365 0.0205369 0.0210520 0.0697022 0.0623901 0.0582004 0.0714319 0.0592365 0.0218410 0.0509335 0.0715135 0.0553892 0.0601851 0.0589566 0.0813876 0.0836683 0.0683694 0.0725848 0.0236163 0.0687351 0.0157178 
Phalangeridae_Phalanger_orientalis           0.0301642 0.0564974 0.0499736 0.0532153 0.0562297 0.0675120 0.0315243 0.0307334 0.0542865 0.0675551 0.0241111 0.0635132 0.0662931 0.0000000 0.0356112 0.0628980 0.0679433 0.0694619 0.0528613 0.0509668 0.0756207 0.0648870 0.0665798 0.0440075 0.0776319 0.0512795 0.0510863 0.0388337 0.0662408 0.0752677 0.0049561 0.0723675 0.0664089 0.0673999 0.0634143 
Acrobatidae_Acrobates_pygmaeus               0.0396023 0.0623697 0.0448031 0.0423352 0.0457269 0.0552241 0.0337510 0.0421165 0.0441389 0.0557337 0.0359970 0.0531251 0.0544365 0.0356112 0.0000000 0.0524946 0.0557205 0.0584049 0.0455166 0.0363884 0.0602853 0.0565831 0.0552907 0.0369819 0.0585703 0.0365670 0.0420698 0.0353486 0.0497454 0.0260094 0.0362317 0.0595063 0.0564550 0.0543613 0.0489466 
Dasyuridae_Phascogale_calura                 0.0472426 0.0588017 0.0469048 0.0563040 0.0597609 0.0129518 0.0501673 0.0569300 0.0595454 0.0631892 0.0531313 0.0034448 0.0205369 0.0628980 0.0524946 0.0000000 0.0134327 0.0667024 0.0585850 0.0571252 0.0720754 0.0626085 0.0105447 0.0504046 0.0709918 0.0532663 0.0564200 0.0576871 0.0767535 0.0773214 0.0661584 0.0679463 0.0149421 0.0630346 0.0132574 
Dasyuridae_Sarcophilus_harrisii              0.0506012 0.0623170 0.0485173 0.0596801 0.0630617 0.0064226 0.0527979 0.0601114 0.0622613 0.0666018 0.0553502 0.0129360 0.0210520 0.0679433 0.0557205 0.0134327 0.0000000 0.0708479 0.0635374 0.0611673 0.0742352 0.0658352 0.0156401 0.0542044 0.0721339 0.0576101 0.0624454 0.0603608 0.0821712 0.0834871 0.0700194 0.0702946 0.0074038 0.0658570 0.0175409 
Peramelidae_Echymipera_kalubu                0.0591164 0.0731646 0.0558297 0.0661238 0.0678416 0.0702761 0.0581817 0.0665178 0.0663307 0.0197120 0.0581471 0.0666894 0.0697022 0.0694619 0.0584049 0.0667024 0.0708479 0.0000000 0.0699491 0.0704045 0.0826260 0.0730526 0.0696450 0.0618850 0.0787892 0.0693010 0.0676437 0.0638193 0.0898296 0.0903350 0.0722451 0.0202782 0.0690704 0.0196508 0.0652364 
Macropodidae_Dorcopsulus_vanheurni           0.0373452 0.0607052 0.0451323 0.0192025 0.0216023 0.0641946 0.0386819 0.0420731 0.0205038 0.0691531 0.0415073 0.0586161 0.0623901 0.0528613 0.0455166 0.0585850 0.0635374 0.0699491 0.0000000 0.0493783 0.0702899 0.0662485 0.0631661 0.0256896 0.0720094 0.0487632 0.0114268 0.0493557 0.0694373 0.0736318 0.0549245 0.0686973 0.0630577 0.0689812 0.0554660 
Pseudochiridae_Pseudochirulus_forbesi        0.0431331 0.0615443 0.0441898 0.0491759 0.0535898 0.0601240 0.0406362 0.0465243 0.0527892 0.0674227 0.0404313 0.0571141 0.0582004 0.0509668 0.0363884 0.0571252 0.0611673 0.0704045 0.0493783 0.0000000 0.0735912 0.0630480 0.0616483 0.0431196 0.0700599 0.0236142 0.0459845 0.0158286 0.0582421 0.0579504 0.0542689 0.0714328 0.0612195 0.0672977 0.0540723 
Didelphidae_Didelphis_virginiana             0.0535254 0.0802233 0.0611482 0.0699752 0.0727181 0.0737971 0.0570639 0.0635114 0.0712047 0.0838055 0.0579035 0.0715344 0.0714319 0.0756207 0.0602853 0.0720754 0.0742352 0.0826260 0.0702899 0.0735912 0.0000000 0.0329850 0.0706922 0.0624104 0.0784360 0.0741362 0.0701927 0.0664271 0.0911748 0.0923020 0.0765852 0.0856277 0.0742474 0.0835016 0.0643618 
Marmosidae_Monodelphis_domestica             0.0480759 0.0711194 0.0519847 0.0614175 0.0654863 0.0653943 0.0501898 0.0531856 0.0634155 0.0677140 0.0480272 0.0626151 0.0592365 0.0648870 0.0565831 0.0626085 0.0658352 0.0730526 0.0662485 0.0630480 0.0329850 0.0000000 0.0634790 0.0554192 0.0675662 0.0618211 0.0652238 0.0624689 0.0867744 0.0808958 0.0658473 0.0723233 0.0669390 0.0680439 0.0569827 
Dasyuridae_Antechinus_stuartii               0.0523158 0.0641884 0.0491602 0.0604991 0.0638257 0.0156736 0.0546615 0.0609932 0.0636032 0.0668904 0.0557158 0.0100382 0.0218410 0.0665798 0.0552907 0.0105447 0.0156401 0.0696450 0.0631661 0.0616483 0.0706922 0.0634790 0.0000000 0.0543450 0.0692476 0.0578287 0.0608795 0.0627791 0.0821163 0.0812238 0.0692880 0.0692694 0.0171819 0.0661885 0.0175291 
Hypsiprymnodontidae_Hypsiprymnodon_moschatus 0.0295969 0.0522291 0.0367302 0.0261382 0.0283425 0.0548375 0.0316725 0.0330087 0.0276905 0.0607092 0.0304187 0.0504156 0.0509335 0.0440075 0.0369819 0.0504046 0.0542044 0.0618850 0.0256896 0.0431196 0.0624104 0.0554192 0.0543450 0.0000000 0.0645314 0.0425990 0.0241212 0.0433582 0.0599380 0.0667216 0.0460754 0.0642805 0.0537200 0.0605605 0.0484139 
Microbiotheriidae_Dromiciops_gliroides       0.0524654 0.0706475 0.0621113 0.0701263 0.0737809 0.0722313 0.0628180 0.0701629 0.0724595 0.0772274 0.0579336 0.0709945 0.0715135 0.0776319 0.0585703 0.0709918 0.0721339 0.0787892 0.0720094 0.0700599 0.0784360 0.0675662 0.0692476 0.0645314 0.0000000 0.0719697 0.0714380 0.0668068 0.0822048 0.0973265 0.0797931 0.0819647 0.0726904 0.0771529 0.0641902 
Pseudochiridae_Petauroides_volans            0.0407225 0.0635776 0.0468432 0.0490028 0.0510530 0.0571645 0.0406378 0.0470241 0.0486250 0.0639587 0.0419976 0.0543672 0.0553892 0.0512795 0.0365670 0.0532663 0.0576101 0.0693010 0.0487632 0.0236142 0.0741362 0.0618211 0.0578287 0.0425990 0.0719697 0.0000000 0.0459093 0.0248822 0.0552618 0.0635116 0.0551052 0.0691361 0.0582158 0.0644586 0.0531039 
Macropodidae_Wallabia_bicolor                0.0359168 0.0564418 0.0425291 0.0186813 0.0210777 0.0620106 0.0364527 0.0414687 0.0205022 0.0674087 0.0403154 0.0575128 0.0601851 0.0510863 0.0420698 0.0564200 0.0624454 0.0676437 0.0114268 0.0459845 0.0701927 0.0652238 0.0608795 0.0241212 0.0714380 0.0459093 0.0000000 0.0452402 0.0669957 0.0695989 0.0542621 0.0671437 0.0608777 0.0672784 0.0567753 
Pseudochiridae_Pseudocheirus_occidentalis    0.0461184 0.0661793 0.0486530 0.0469253 0.0494593 0.0605439 0.0365176 0.0453747 0.0492119 0.0611874 0.0385322 0.0583526 0.0589566 0.0388337 0.0353486 0.0576871 0.0603608 0.0638193 0.0493557 0.0158286 0.0664271 0.0624689 0.0627791 0.0433582 0.0668068 0.0248822 0.0452402 0.0000000 0.0515969 0.0407296 0.0394554 0.0666772 0.0597716 0.0598131 0.0548343 
Tarsipedidae_Tarsipes_rostratus              0.0539364 0.0770240 0.0670461 0.0699110 0.0731229 0.0794383 0.0581804 0.0664333 0.0693199 0.0832767 0.0613378 0.0779701 0.0813876 0.0662408 0.0497454 0.0767535 0.0821712 0.0898296 0.0694373 0.0582421 0.0911748 0.0867744 0.0821163 0.0599380 0.0822048 0.0552618 0.0669957 0.0515969 0.0000000 0.0743030 0.0733751 0.0879224 0.0817026 0.0818449 0.0729763 
Acrobatidae_Distoechurus_pennatus            0.0410322 0.0620515 0.0672067 0.0743252 0.0777834 0.0818216 0.0589107 0.0684065 0.0746034 0.0889264 0.0675163 0.0773061 0.0836683 0.0752677 0.0260094 0.0773214 0.0834871 0.0903350 0.0736318 0.0579504 0.0923020 0.0808958 0.0812238 0.0667216 0.0973265 0.0635116 0.0695989 0.0407296 0.0743030 0.0000000 0.0797891 0.0894234 0.0841434 0.0880788 0.0858969 
Phalangeridae_Phalanger_carmelitae           0.0282485 0.0550584 0.0520232 0.0564956 0.0594350 0.0695918 0.0341050 0.0322389 0.0574684 0.0702606 0.0251803 0.0667786 0.0683694 0.0049561 0.0362317 0.0661584 0.0700194 0.0722451 0.0549245 0.0542689 0.0765852 0.0658473 0.0692880 0.0460754 0.0797931 0.0551052 0.0542621 0.0394554 0.0733751 0.0797891 0.0000000 0.0750933 0.0684886 0.0700987 0.0668080 
Peramelidae_Peroryctes_raffrayana            0.0595516 0.0751684 0.0554303 0.0661369 0.0672839 0.0703046 0.0578458 0.0648416 0.0652818 0.0166780 0.0576333 0.0679333 0.0725848 0.0723675 0.0595063 0.0679463 0.0702946 0.0202782 0.0686973 0.0714328 0.0856277 0.0723233 0.0692694 0.0642805 0.0819647 0.0691361 0.0671437 0.0666772 0.0879224 0.0894234 0.0750933 0.0000000 0.0685737 0.0166564 0.0657843 
Dasyuridae_Dasyurus_geffroii                 0.0506413 0.0631151 0.0490605 0.0597427 0.0636717 0.0059151 0.0512700 0.0585917 0.0639964 0.0643521 0.0537399 0.0144449 0.0236163 0.0664089 0.0564550 0.0149421 0.0074038 0.0690704 0.0630577 0.0612195 0.0742474 0.0669390 0.0171819 0.0537200 0.0726904 0.0582158 0.0608777 0.0597716 0.0817026 0.0841434 0.0684886 0.0685737 0.0000000 0.0641942 0.0187768 
Peramelidae_Perameles_gunnii                 0.0557834 0.0696636 0.0546249 0.0663298 0.0674244 0.0643078 0.0554353 0.0629077 0.0659630 0.0019775 0.0552789 0.0630228 0.0687351 0.0673999 0.0543613 0.0630346 0.0658570 0.0196508 0.0689812 0.0672977 0.0835016 0.0680439 0.0661885 0.0605605 0.0771529 0.0644586 0.0672784 0.0598131 0.0818449 0.0880788 0.0700987 0.0166564 0.0641942 0.0000000 0.0591541 
Dasyuridae_Planigale_tenuirostris            0.0472028 0.0561169 0.0459672 0.0515164 0.0555891 0.0175822 0.0497342 0.0568167 0.0574012 0.0592574 0.0523203 0.0126527 0.0157178 0.0634143 0.0489466 0.0132574 0.0175409 0.0652364 0.0554660 0.0540723 0.0643618 0.0569827 0.0175291 0.0484139 0.0641902 0.0531039 0.0567753 0.0548343 0.0729763 0.0858969 0.0668080 0.0657843 0.0187768 0.0591541 0.0000000 
