35
Burramyidae_Burramys_parvus                  0.0000000 0.0333382 0.0150120 0.0228091 0.0236656 0.0308008 0.0172764 0.0113542 0.0242393 0.0417394 0.0115990 0.0321716 0.0284593 0.0120324 0.0124998 0.0321595 0.0317962 0.0267114 0.0414208 0.0230285 0.0206265 0.0930733 0.0694472 0.0292747 0.0242269 0.0376006 0.0182760 0.0176629 0.0155195 0.0267149 0.0146321 0.0118301 0.0412627 0.0305117 0.0426571 
Notoryctidae_Notoryctes_typhlops             0.0333382 0.0000000 0.0324790 0.0629780 0.0633527 0.0575324 0.0468158 0.0329712 0.0653381 0.0503633 0.0366521 0.0587627 0.0533959 0.0342756 0.0345447 0.0561643 0.0563050 0.0517124 0.0538342 0.0626108 0.0617909 0.1045364 0.0838790 0.0536519 0.0668662 0.0580628 0.0512602 0.0496076 0.0407345 0.0701313 0.0429232 0.0332994 0.0520339 0.0562115 0.0514973 
Vombatidae_Lasiorhinus_latifrons             0.0150120 0.0324790 0.0000000 0.0243786 0.0253233 0.0312234 0.0168360 0.0151458 0.0272709 0.0422177 0.0164595 0.0348283 0.0306830 0.0148970 0.0142586 0.0330305 0.0339381 0.0292553 0.0431016 0.0260502 0.0241787 0.0824655 0.0757491 0.0306159 0.0297821 0.0338891 0.0220779 0.0204752 0.0189979 0.0311939 0.0175540 0.0142325 0.0453807 0.0317184 0.0431658 
Potoroidae_Bettongia_penicillata             0.0228091 0.0629780 0.0243786 0.0000000 0.0010248 0.0665160 0.0257682 0.0219615 0.0028027 0.0772775 0.0253275 0.0675019 0.0609346 0.0238046 0.0237004 0.0628309 0.0683568 0.0618043 0.0811433 0.0055596 0.0379048 0.1129347 0.0955333 0.0587828 0.0180551 0.0540787 0.0286389 0.0039251 0.0300756 0.0507583 0.0287815 0.0240646 0.0805757 0.0659785 0.0783602 
Potoroidae_Bettongia_lesueur                 0.0236656 0.0633527 0.0253233 0.0010248 0.0000000 0.0684858 0.0250814 0.0227742 0.0025736 0.0776953 0.0266558 0.0695954 0.0627518 0.0247118 0.0252602 0.0646910 0.0703710 0.0649457 0.0809789 0.0057785 0.0402860 0.1109909 0.0944721 0.0605301 0.0177518 0.0563036 0.0298104 0.0040861 0.0308043 0.0513934 0.0288499 0.0249830 0.0807980 0.0679367 0.0789923 
Dasyuridae_Dasyurus_maculatus                0.0308008 0.0575324 0.0312234 0.0665160 0.0684858 0.0000000 0.0385006 0.0323710 0.0697874 0.0660308 0.0331318 0.0044348 0.0055167 0.0318834 0.0308516 0.0040020 0.0014267 0.0051819 0.0662561 0.0598546 0.0497864 0.1041788 0.0881598 0.0035464 0.0598423 0.0572777 0.0476643 0.0491575 0.0384232 0.0639690 0.0350377 0.0322168 0.0724156 0.0006066 0.0679592 
Phalangeridae_Trichosurus_vulpecula          0.0172764 0.0468158 0.0168360 0.0257682 0.0250814 0.0385006 0.0000000 0.0054352 0.0239591 0.0578130 0.0056002 0.0443784 0.0325410 0.0055667 0.0136923 0.0429140 0.0394444 0.0328516 0.0564778 0.0251271 0.0246994 0.0924259 0.0979882 0.0394055 0.0293612 0.0451778 0.0172916 0.0202089 0.0179647 0.0207374 0.0224387 0.0054627 0.0627862 0.0392923 0.0583035 
Phalangeridae_Spilocuscus_maculatus          0.0113542 0.0329712 0.0151458 0.0219615 0.0227742 0.0323710 0.0054352 0.0000000 0.0230611 0.0403036 0.0020752 0.0352481 0.0299150 0.0018111 0.0131471 0.0325790 0.0314142 0.0290815 0.0389551 0.0222437 0.0209300 0.0932496 0.0696187 0.0303296 0.0260766 0.0321856 0.0169673 0.0171321 0.0156128 0.0235394 0.0162360 0.0017111 0.0404264 0.0320690 0.0406008 
Potoroidae_Aepyprymnus_rufescens             0.0242393 0.0653381 0.0272709 0.0028027 0.0025736 0.0697874 0.0239591 0.0230611 0.0000000 0.0816958 0.0246675 0.0728282 0.0627431 0.0234587 0.0242754 0.0677046 0.0708675 0.0653102 0.0846785 0.0060561 0.0415783 0.1159011 0.0998142 0.0659413 0.0177857 0.0594017 0.0316168 0.0047902 0.0320582 0.0499175 0.0303940 0.0237118 0.0833393 0.0677064 0.0827486 
Peramelidae_Perameles_nasuta                 0.0417394 0.0503633 0.0422177 0.0772775 0.0776953 0.0660308 0.0578130 0.0403036 0.0816958 0.0000000 0.0382896 0.0726943 0.0619607 0.0413226 0.0430918 0.0661318 0.0708720 0.0637072 0.0025740 0.0841701 0.0716596 0.1273143 0.1027931 0.0629306 0.0862745 0.0708451 0.0591888 0.0679189 0.0477010 0.0763540 0.0501673 0.0406652 0.0028047 0.0685550 0.0000010 
Phalangeridae_Strigocuscus_pelengensis       0.0115990 0.0366521 0.0164595 0.0253275 0.0266558 0.0331318 0.0056002 0.0020752 0.0246675 0.0382896 0.0000000 0.0376922 0.0309695 0.0017239 0.0140776 0.0337757 0.0325461 0.0300919 0.0364126 0.0254313 0.0217953 0.0957053 0.0778282 0.0325596 0.0269342 0.0361762 0.0185110 0.0194070 0.0156855 0.0231808 0.0144983 0.0016737 0.0399180 0.0327347 0.0384919 
Dasyuridae_Phascogale_tapoatafa              0.0321716 0.0587627 0.0348283 0.0675019 0.0695954 0.0044348 0.0443784 0.0352481 0.0728282 0.0726943 0.0376922 0.0000000 0.0061712 0.0361512 0.0336610 0.0013870 0.0047821 0.0061066 0.0713548 0.0647649 0.0527978 0.1103571 0.0916754 0.0021563 0.0688463 0.0647619 0.0514528 0.0537670 0.0417975 0.0716638 0.0375368 0.0351578 0.0769987 0.0041858 0.0746685 
Dasyuridae_Sminthopsis_macroura              0.0284593 0.0533959 0.0306830 0.0609346 0.0627518 0.0055167 0.0325410 0.0299150 0.0627431 0.0619607 0.0309695 0.0061712 0.0000000 0.0317341 0.0267826 0.0052279 0.0057995 0.0031744 0.0610445 0.0555631 0.0437467 0.1105706 0.0919344 0.0050255 0.0616261 0.0510722 0.0435003 0.0437432 0.0348973 0.0533476 0.0323460 0.0312793 0.0673446 0.0053362 0.0639212 
Phalangeridae_Phalanger_orientalis           0.0120324 0.0342756 0.0148970 0.0238046 0.0247118 0.0318834 0.0055667 0.0018111 0.0234587 0.0413226 0.0017239 0.0361512 0.0317341 0.0000000 0.0133038 0.0321294 0.0325218 0.0292803 0.0404652 0.0238867 0.0204470 0.0886034 0.0702293 0.0313921 0.0256047 0.0346724 0.0169074 0.0182080 0.0152894 0.0218917 0.0143280 0.0005664 0.0426053 0.0319738 0.0422150 
Acrobatidae_Acrobates_pygmaeus               0.0124998 0.0345447 0.0142586 0.0237004 0.0252602 0.0308516 0.0136923 0.0131471 0.0242754 0.0430918 0.0140776 0.0336610 0.0267826 0.0133038 0.0000000 0.0300628 0.0314729 0.0286057 0.0423375 0.0234025 0.0155764 0.0884369 0.0641058 0.0311341 0.0269506 0.0376266 0.0125698 0.0184477 0.0115054 0.0207183 0.0056294 0.0134903 0.0407252 0.0301688 0.0441723 
Dasyuridae_Phascogale_calura                 0.0321595 0.0561643 0.0330305 0.0628309 0.0646910 0.0040020 0.0429140 0.0325790 0.0677046 0.0661318 0.0337757 0.0013870 0.0052279 0.0321294 0.0300628 0.0000000 0.0042249 0.0050801 0.0647805 0.0609189 0.0493276 0.1043240 0.0884561 0.0018349 0.0663109 0.0595240 0.0478803 0.0493564 0.0391687 0.0666596 0.0344289 0.0320619 0.0718207 0.0037158 0.0680527 
Dasyuridae_Sarcophilus_harrisii              0.0317962 0.0563050 0.0339381 0.0683568 0.0703710 0.0014267 0.0394444 0.0314142 0.0708675 0.0708720 0.0325461 0.0047821 0.0057995 0.0325218 0.0314729 0.0042249 0.0000000 0.0059569 0.0711600 0.0617174 0.0514325 0.1059870 0.0885995 0.0037540 0.0608909 0.0598185 0.0479433 0.0508081 0.0377037 0.0674724 0.0352383 0.0320519 0.0757141 0.0013351 0.0728290 
Dasyuridae_Planigale_tenuirostris            0.0267114 0.0517124 0.0292553 0.0618043 0.0649457 0.0051819 0.0328516 0.0290815 0.0653102 0.0637072 0.0300919 0.0061066 0.0031744 0.0292803 0.0286057 0.0050801 0.0059569 0.0000000 0.0623819 0.0552492 0.0450800 0.1109497 0.0875064 0.0045607 0.0622738 0.0559999 0.0426669 0.0423277 0.0370602 0.0507982 0.0348177 0.0296426 0.0711677 0.0049119 0.0657731 
Peramelidae_Echymipera_kalubu                0.0414208 0.0538342 0.0431016 0.0811433 0.0809789 0.0662561 0.0564778 0.0389551 0.0846785 0.0025740 0.0364126 0.0713548 0.0610445 0.0404652 0.0423375 0.0647805 0.0711600 0.0623819 0.0000000 0.0833200 0.0674833 0.1261936 0.1053251 0.0615264 0.0875612 0.0724469 0.0600458 0.0706820 0.0481184 0.0815776 0.0497842 0.0398207 0.0026274 0.0670999 0.0025654 
Macropodidae_Dorcopsulus_vanheurni           0.0230285 0.0626108 0.0260502 0.0055596 0.0057785 0.0598546 0.0251271 0.0222437 0.0060561 0.0841701 0.0254313 0.0647649 0.0555631 0.0238867 0.0234025 0.0609189 0.0617174 0.0552492 0.0833200 0.0000000 0.0388755 0.1157701 0.0956882 0.0586199 0.0152426 0.0541086 0.0331127 0.0028291 0.0322715 0.0552556 0.0272990 0.0241501 0.0811150 0.0593087 0.0852148 
Pseudochiridae_Pseudochirulus_forbesi        0.0206265 0.0617909 0.0241787 0.0379048 0.0402860 0.0497864 0.0246994 0.0209300 0.0415783 0.0716596 0.0217953 0.0527978 0.0437467 0.0204470 0.0155764 0.0493276 0.0514325 0.0450800 0.0674833 0.0388755 0.0000000 0.1110018 0.0885884 0.0463947 0.0423661 0.0558863 0.0089050 0.0291255 0.0044821 0.0246324 0.0171516 0.0212193 0.0703482 0.0493003 0.0720045 
Didelphidae_Didelphis_virginiana             0.0930733 0.1045364 0.0824655 0.1129347 0.1109909 0.1041788 0.0924259 0.0932496 0.1159011 0.1273143 0.0957053 0.1103571 0.1105706 0.0886034 0.0884369 0.1043240 0.1059870 0.1109497 0.1261936 0.1157701 0.1110018 0.0000000 0.0109934 0.1036773 0.1236348 0.1104825 0.1046446 0.1071914 0.1011625 0.1103539 0.0862329 0.0884206 0.1279609 0.1058064 0.1281622 
Marmosidae_Monodelphis_domestica             0.0694472 0.0838790 0.0757491 0.0955333 0.0944721 0.0881598 0.0979882 0.0696187 0.0998142 0.1027931 0.0778282 0.0916754 0.0919344 0.0702293 0.0641058 0.0884561 0.0885995 0.0875064 0.1053251 0.0956882 0.0885884 0.0109934 0.0000000 0.0867237 0.1068450 0.0874832 0.0843544 0.0800304 0.0755990 0.0998553 0.0806404 0.0709938 0.1035845 0.0867466 0.1030426 
Dasyuridae_Antechinus_stuartii               0.0292747 0.0536519 0.0306159 0.0587828 0.0605301 0.0035464 0.0394055 0.0303296 0.0659413 0.0629306 0.0325596 0.0021563 0.0050255 0.0313921 0.0311341 0.0018349 0.0037540 0.0045607 0.0615264 0.0586199 0.0463947 0.1036773 0.0867237 0.0000000 0.0606814 0.0541334 0.0425585 0.0463721 0.0354470 0.0670212 0.0368636 0.0309506 0.0677800 0.0032793 0.0649007 
Hypsiprymnodontidae_Hypsiprymnodon_moschatus 0.0242269 0.0668662 0.0297821 0.0180551 0.0177518 0.0598423 0.0293612 0.0260766 0.0177857 0.0862745 0.0269342 0.0688463 0.0616261 0.0256047 0.0269506 0.0663109 0.0608909 0.0622738 0.0875612 0.0152426 0.0423661 0.1236348 0.1068450 0.0606814 0.0000000 0.0681859 0.0360212 0.0133946 0.0349394 0.0605163 0.0313164 0.0248992 0.0885894 0.0600655 0.0872772 
Microbiotheriidae_Dromiciops_gliroides       0.0376006 0.0580628 0.0338891 0.0540787 0.0563036 0.0572777 0.0451778 0.0321856 0.0594017 0.0708451 0.0361762 0.0647619 0.0510722 0.0346724 0.0376266 0.0595240 0.0598185 0.0559999 0.0724469 0.0541086 0.0558863 0.1104825 0.0874832 0.0541334 0.0681859 0.0000000 0.0480672 0.0413266 0.0420821 0.0642003 0.0388747 0.0355369 0.0716399 0.0545477 0.0721635 
Pseudochiridae_Petauroides_volans            0.0182760 0.0512602 0.0220779 0.0286389 0.0298104 0.0476643 0.0172916 0.0169673 0.0316168 0.0591888 0.0185110 0.0514528 0.0435003 0.0169074 0.0125698 0.0478803 0.0479433 0.0426669 0.0600458 0.0331127 0.0089050 0.1046446 0.0843544 0.0425585 0.0360212 0.0480672 0.0000000 0.0229875 0.0049425 0.0184013 0.0144190 0.0173564 0.0633098 0.0471866 0.0611675 
Macropodidae_Wallabia_bicolor                0.0176629 0.0496076 0.0204752 0.0039251 0.0040861 0.0491575 0.0202089 0.0171321 0.0047902 0.0679189 0.0194070 0.0537670 0.0437432 0.0182080 0.0184477 0.0493564 0.0508081 0.0423277 0.0706820 0.0028291 0.0291255 0.1071914 0.0800304 0.0463721 0.0133946 0.0413266 0.0229875 0.0000000 0.0236834 0.0367577 0.0209831 0.0184264 0.0679668 0.0485659 0.0688865 
Pseudochiridae_Pseudocheirus_occidentalis    0.0155195 0.0407345 0.0189979 0.0300756 0.0308043 0.0384232 0.0179647 0.0156128 0.0320582 0.0477010 0.0156855 0.0417975 0.0348973 0.0152894 0.0115054 0.0391687 0.0377037 0.0370602 0.0481184 0.0322715 0.0044821 0.1011625 0.0755990 0.0354470 0.0349394 0.0420821 0.0049425 0.0236834 0.0000000 0.0180029 0.0132167 0.0159824 0.0496062 0.0380730 0.0488744 
Tarsipedidae_Tarsipes_rostratus              0.0267149 0.0701313 0.0311939 0.0507583 0.0513934 0.0639690 0.0207374 0.0235394 0.0499175 0.0763540 0.0231808 0.0716638 0.0533476 0.0218917 0.0207183 0.0666596 0.0674724 0.0507982 0.0815776 0.0552556 0.0246324 0.1103539 0.0998553 0.0670212 0.0605163 0.0642003 0.0184013 0.0367577 0.0180029 0.0000000 0.0171492 0.0233253 0.0811399 0.0616975 0.0772941 
Acrobatidae_Distoechurus_pennatus            0.0146321 0.0429232 0.0175540 0.0287815 0.0288499 0.0350377 0.0224387 0.0162360 0.0303940 0.0501673 0.0144983 0.0375368 0.0323460 0.0143280 0.0056294 0.0344289 0.0352383 0.0348177 0.0497842 0.0272990 0.0171516 0.0862329 0.0806404 0.0368636 0.0313164 0.0388747 0.0144190 0.0209831 0.0132167 0.0171492 0.0000000 0.0152373 0.0513434 0.0356698 0.0515260 
Phalangeridae_Phalanger_carmelitae           0.0118301 0.0332994 0.0142325 0.0240646 0.0249830 0.0322168 0.0054627 0.0017111 0.0237118 0.0406652 0.0016737 0.0351578 0.0312793 0.0005664 0.0134903 0.0320619 0.0320519 0.0296426 0.0398207 0.0241501 0.0212193 0.0884206 0.0709938 0.0309506 0.0248992 0.0355369 0.0173564 0.0184264 0.0159824 0.0233253 0.0152373 0.0000000 0.0419199 0.0319111 0.0409702 
Peramelidae_Peroryctes_raffrayana            0.0412627 0.0520339 0.0453807 0.0805757 0.0807980 0.0724156 0.0627862 0.0404264 0.0833393 0.0028047 0.0399180 0.0769987 0.0673446 0.0426053 0.0407252 0.0718207 0.0757141 0.0711677 0.0026274 0.0811150 0.0703482 0.1279609 0.1035845 0.0677800 0.0885894 0.0716399 0.0633098 0.0679668 0.0496062 0.0811399 0.0513434 0.0419199 0.0000000 0.0718990 0.0028019 
Dasyuridae_Dasyurus_geffroii                 0.0305117 0.0562115 0.0317184 0.0659785 0.0679367 0.0006066 0.0392923 0.0320690 0.0677064 0.0685550 0.0327347 0.0041858 0.0053362 0.0319738 0.0301688 0.0037158 0.0013351 0.0049119 0.0670999 0.0593087 0.0493003 0.1058064 0.0867466 0.0032793 0.0600655 0.0545477 0.0471866 0.0485659 0.0380730 0.0616975 0.0356698 0.0319111 0.0718990 0.0000000 0.0703532 
Peramelidae_Perameles_gunnii                 0.0426571 0.0514973 0.0431658 0.0783602 0.0789923 0.0679592 0.0583035 0.0406008 0.0827486 0.0000010 0.0384919 0.0746685 0.0639212 0.0422150 0.0441723 0.0680527 0.0728290 0.0657731 0.0025654 0.0852148 0.0720045 0.1281622 0.1030426 0.0649007 0.0872772 0.0721635 0.0611675 0.0688865 0.0488744 0.0772941 0.0515260 0.0409702 0.0028019 0.0703532 0.0000000 
