35
Burramyidae_Burramys_parvus                  0.0000000 0.1374361 0.0781331 0.0919754 0.0919342 0.1224667 0.0888769 0.0856676 0.0902509 0.0712931 0.1181243 0.1393827 0.0872795 0.0835503 0.1175798 0.1311193 0.1484953 0.1556719 0.0976084 0.0949381 0.1421261 0.1347344 0.1192460 0.1073890 0.1287962 0.0751963 0.0932392 0.0813838 0.1287727 0.0898254 0.1677018 0.1313215 0.1758668 0.1280052 0.1798330 
Notoryctidae_Notoryctes_typhlops             0.1374361 0.0000000 0.1307588 0.1408253 0.1390925 0.1532744 0.1326829 0.1412813 0.1407661 0.1229427 0.1501523 0.1766347 0.1414989 0.1395046 0.1508093 0.1622074 0.1813442 0.1836254 0.1478265 0.1445646 0.1866680 0.1463670 0.1520794 0.1543739 0.1598136 0.1309600 0.1396916 0.1388960 0.1907262 0.1504731 0.1937888 0.1648479 0.1684159 0.1593617 0.1714693 
Vombatidae_Lasiorhinus_latifrons             0.0781331 0.1307588 0.0000000 0.0865736 0.0832931 0.1086859 0.0884925 0.0848933 0.0871670 0.0687843 0.1059261 0.1336947 0.0914364 0.0783543 0.1058800 0.1163434 0.1369716 0.1397413 0.0919433 0.0826891 0.1402959 0.1300799 0.1072723 0.1013980 0.1263207 0.0681826 0.0940930 0.0753877 0.1269350 0.0891050 0.1535667 0.1175710 0.1534233 0.1195139 0.1564422 
Potoroidae_Bettongia_penicillata             0.0919754 0.1408253 0.0865736 0.0000000 0.0094814 0.1279936 0.1065003 0.1010632 0.0172817 0.0825354 0.1257520 0.1463901 0.1025324 0.0977485 0.1252213 0.1368732 0.1519568 0.1553287 0.0421940 0.1032632 0.1447695 0.1327514 0.1271095 0.0578739 0.1379375 0.0871934 0.0332137 0.0933233 0.1342146 0.1041070 0.1677037 0.1365635 0.1757206 0.1343826 0.1813361 
Potoroidae_Bettongia_lesueur                 0.0919342 0.1390925 0.0832931 0.0094814 0.0000000 0.1271514 0.1031544 0.0993928 0.0231896 0.0813375 0.1229731 0.1450276 0.1038441 0.0944519 0.1234338 0.1355777 0.1502284 0.1526276 0.0405282 0.1002631 0.1458393 0.1350042 0.1254778 0.0587933 0.1384325 0.0825370 0.0360226 0.0916653 0.1338847 0.1047641 0.1678792 0.1347122 0.1718313 0.1335396 0.1772095 
Dasyuridae_Dasyurus_maculatus                0.1224667 0.1532744 0.1086859 0.1279936 0.1271514 0.0000000 0.1280574 0.1242158 0.1267521 0.1123046 0.0258837 0.0592214 0.1300351 0.1194755 0.0266826 0.0169738 0.0656366 0.1524246 0.1336766 0.1325860 0.1489974 0.1444083 0.0255907 0.1457648 0.1443466 0.1157262 0.1264191 0.1200282 0.1492490 0.1349726 0.1609129 0.0120283 0.1715534 0.1684846 0.1721727 
Phalangeridae_Trichosurus_vulpecula          0.0888769 0.1326829 0.0884925 0.1065003 0.1031544 0.1280574 0.0000000 0.0482216 0.1076505 0.0598811 0.1225806 0.1445907 0.0799509 0.0883062 0.1231108 0.1359301 0.1494157 0.1609513 0.1159165 0.1080354 0.1513722 0.1526441 0.1241675 0.1226731 0.1379370 0.0884910 0.1087638 0.0952521 0.1334441 0.0537487 0.1709592 0.1359007 0.1751383 0.1262573 0.1762467 
Phalangeridae_Spilocuscus_maculatus          0.0856676 0.1412813 0.0848933 0.1010632 0.0993928 0.1242158 0.0482216 0.0000000 0.1013443 0.0415744 0.1187850 0.1477452 0.0597476 0.0920271 0.1186816 0.1355821 0.1523027 0.1595476 0.1122699 0.1011904 0.1588938 0.1549921 0.1194366 0.1146061 0.1444527 0.0801698 0.1072903 0.0882542 0.1444672 0.0621704 0.1665578 0.1350170 0.1854902 0.1484620 0.1883891 
Potoroidae_Aepyprymnus_rufescens             0.0902509 0.1407661 0.0871670 0.0172817 0.0231896 0.1267521 0.1076505 0.1013443 0.0000000 0.0833910 0.1247929 0.1475791 0.1018375 0.0968631 0.1242613 0.1360347 0.1492789 0.1515071 0.0424198 0.1031205 0.1469735 0.1368536 0.1258922 0.0596338 0.1366439 0.0826995 0.0345988 0.0904691 0.1294130 0.1017642 0.1656215 0.1352671 0.1749379 0.1375717 0.1789117 
Phalangeridae_Strigocuscus_pelengensis       0.0712931 0.1229427 0.0687843 0.0825354 0.0813375 0.1123046 0.0598811 0.0415744 0.0833910 0.0000000 0.1040434 0.1357294 0.0493027 0.0794655 0.1044388 0.1228029 0.1387467 0.1520474 0.0922005 0.0793463 0.1407553 0.1249136 0.1054588 0.0997852 0.1296049 0.0693194 0.0914924 0.0749565 0.1276066 0.0480824 0.1586047 0.1221143 0.1663587 0.1290060 0.1676703 
Dasyuridae_Phascogale_tapoatafa              0.1181243 0.1501523 0.1059261 0.1257520 0.1229731 0.0258837 0.1225806 0.1187850 0.1247929 0.1040434 0.0000000 0.0587112 0.1250011 0.1159026 0.0034044 0.0330067 0.0618362 0.1487848 0.1304375 0.1306966 0.1560684 0.1404573 0.0089932 0.1401996 0.1449062 0.1103317 0.1255598 0.1171962 0.1582757 0.1287020 0.1585807 0.0323121 0.1701327 0.1689350 0.1723022 
Dasyuridae_Sminthopsis_macroura              0.1393827 0.1766347 0.1336947 0.1463901 0.1450276 0.0592214 0.1445907 0.1477452 0.1475791 0.1357294 0.0587112 0.0000000 0.1551570 0.1404459 0.0584789 0.0649183 0.0555564 0.1552830 0.1494060 0.1546890 0.1683967 0.1697853 0.0597871 0.1660659 0.1610765 0.1386849 0.1411769 0.1375626 0.1562791 0.1579087 0.1619122 0.0610782 0.1654179 0.1758436 0.1675836 
Phalangeridae_Phalanger_orientalis           0.0872795 0.1414989 0.0914364 0.1025324 0.1038441 0.1300351 0.0799509 0.0597476 0.1018375 0.0493027 0.1250011 0.1551570 0.0000000 0.0980371 0.1244657 0.1429728 0.1604173 0.1672858 0.1127682 0.1091323 0.1574268 0.1208500 0.1249172 0.1108826 0.1424454 0.0856475 0.1075411 0.0925373 0.1483543 0.0549147 0.1722339 0.1419567 0.1537345 0.1203194 0.1564765 
Acrobatidae_Acrobates_pygmaeus               0.0835503 0.1395046 0.0783543 0.0977485 0.0944519 0.1194755 0.0883062 0.0920271 0.0968631 0.0794655 0.1159026 0.1404459 0.0980371 0.0000000 0.1148773 0.1263405 0.1443136 0.1467966 0.1018667 0.0904571 0.1459657 0.1368011 0.1178660 0.1094311 0.1199163 0.0706200 0.0997391 0.0759238 0.1156300 0.1010223 0.1557280 0.1272462 0.1669480 0.0665724 0.1700932 
Dasyuridae_Phascogale_calura                 0.1175798 0.1508093 0.1058800 0.1252213 0.1234338 0.0266826 0.1231108 0.1186816 0.1242613 0.1044388 0.0034044 0.0584789 0.1244657 0.1148773 0.0000000 0.0330602 0.0620110 0.1499576 0.1299108 0.1281567 0.1545874 0.1375231 0.0097178 0.1396915 0.1443894 0.1078285 0.1250246 0.1146873 0.1575680 0.1277179 0.1598588 0.0331571 0.1724332 0.1691497 0.1746203 
Dasyuridae_Sarcophilus_harrisii              0.1311193 0.1622074 0.1163434 0.1368732 0.1355777 0.0169738 0.1359301 0.1355821 0.1360347 0.1228029 0.0330067 0.0649183 0.1429728 0.1263405 0.0330602 0.0000000 0.0691196 0.1588011 0.1400166 0.1436969 0.1636819 0.1550234 0.0327074 0.1547884 0.1554693 0.1247916 0.1322404 0.1288715 0.1539480 0.1461455 0.1677505 0.0213504 0.1780308 0.1756307 0.1786774 
Dasyuridae_Planigale_tenuirostris            0.1484953 0.1813442 0.1369716 0.1519568 0.1502284 0.0656366 0.1494157 0.1523027 0.1492789 0.1387467 0.0618362 0.0555564 0.1604173 0.1443136 0.0620110 0.0691196 0.0000000 0.1632560 0.1527364 0.1616428 0.1700069 0.1634665 0.0632933 0.1672554 0.1580338 0.1393623 0.1433032 0.1439696 0.1608253 0.1618621 0.1754857 0.0699825 0.1741690 0.1759154 0.1767125 
Peramelidae_Echymipera_kalubu                0.1556719 0.1836254 0.1397413 0.1553287 0.1526276 0.1524246 0.1609513 0.1595476 0.1515071 0.1520474 0.1487848 0.1552830 0.1672858 0.1467966 0.1499576 0.1588011 0.1632560 0.0000000 0.1610497 0.1639048 0.1689768 0.1646378 0.1508131 0.1794533 0.1721297 0.1447838 0.1537588 0.1484251 0.1657736 0.1675870 0.0239009 0.1558284 0.0246145 0.1867417 0.0265437 
Macropodidae_Dorcopsulus_vanheurni           0.0976084 0.1478265 0.0919433 0.0421940 0.0405282 0.1336766 0.1159165 0.1122699 0.0424198 0.0922005 0.1304375 0.1494060 0.1127682 0.1018667 0.1299108 0.1400166 0.1527364 0.1610497 0.0000000 0.1068262 0.1549211 0.1572000 0.1342663 0.0662562 0.1477698 0.0910087 0.0229086 0.0978476 0.1268606 0.1120655 0.1734821 0.1406643 0.1908070 0.1469184 0.1937164 
Pseudochiridae_Pseudochirulus_forbesi        0.0949381 0.1445646 0.0826891 0.1032632 0.1002631 0.1325860 0.1080354 0.1011904 0.1031205 0.0793463 0.1306966 0.1546890 0.1091323 0.0904571 0.1281567 0.1436969 0.1616428 0.1639048 0.1068262 0.0000000 0.1539021 0.1466473 0.1285154 0.1171003 0.1412978 0.0540698 0.1083370 0.0401670 0.1331062 0.1073603 0.1719963 0.1442925 0.1870745 0.1324179 0.1908911 
Didelphidae_Didelphis_virginiana             0.1421261 0.1866680 0.1402959 0.1447695 0.1458393 0.1489974 0.1513722 0.1588938 0.1469735 0.1407553 0.1560684 0.1683967 0.1574268 0.1459657 0.1545874 0.1636819 0.1700069 0.1689768 0.1549211 0.1539021 0.0000000 0.0724104 0.1579492 0.1613451 0.1635774 0.1424976 0.1427157 0.1437768 0.1724829 0.1632888 0.1813628 0.1588998 0.1696888 0.1766247 0.1708115 
Marmosidae_Monodelphis_domestica             0.1347344 0.1463670 0.1300799 0.1327514 0.1350042 0.1444083 0.1526441 0.1549921 0.1368536 0.1249136 0.1404573 0.1697853 0.1208500 0.1368011 0.1375231 0.1550234 0.1634665 0.1646378 0.1572000 0.1466473 0.0724104 0.0000000 0.1423855 0.1435311 0.1464019 0.1306881 0.1440271 0.1364868 0.1852152 0.1497451 0.1807595 0.1548032 0.1753411 0.1810811 0.1795862 
Dasyuridae_Antechinus_stuartii               0.1192460 0.1520794 0.1072723 0.1271095 0.1254778 0.0255907 0.1241675 0.1194366 0.1258922 0.1054588 0.0089932 0.0597871 0.1249172 0.1178660 0.0097178 0.0327074 0.0632933 0.1508131 0.1342663 0.1285154 0.1579492 0.1423855 0.0000000 0.1417393 0.1462478 0.1109667 0.1279930 0.1168802 0.1606385 0.1289159 0.1605903 0.0331703 0.1726244 0.1716434 0.1754055 
Hypsiprymnodontidae_Hypsiprymnodon_moschatus 0.1073890 0.1543739 0.1013980 0.0578739 0.0587933 0.1457648 0.1226731 0.1146061 0.0596338 0.0997852 0.1401996 0.1660659 0.1108826 0.1094311 0.1396915 0.1547884 0.1672554 0.1794533 0.0662562 0.1171003 0.1613451 0.1435311 0.1417393 0.0000000 0.1507245 0.0950960 0.0612900 0.1057049 0.1429548 0.1166269 0.1893298 0.1535728 0.1824718 0.1413969 0.1841605 
Microbiotheriidae_Dromiciops_gliroides       0.1287962 0.1598136 0.1263207 0.1379375 0.1384325 0.1443466 0.1379370 0.1444527 0.1366439 0.1296049 0.1449062 0.1610765 0.1424454 0.1199163 0.1443894 0.1554693 0.1580338 0.1721297 0.1477698 0.1412978 0.1635774 0.1464019 0.1462478 0.1507245 0.0000000 0.1260028 0.1419463 0.1292503 0.1665643 0.1476598 0.1792727 0.1562725 0.1689095 0.1450142 0.1721914 
Pseudochiridae_Petauroides_volans            0.0751963 0.1309600 0.0681826 0.0871934 0.0825370 0.1157262 0.0884910 0.0801698 0.0826995 0.0693194 0.1103317 0.1386849 0.0856475 0.0706200 0.1078285 0.1247916 0.1393623 0.1447838 0.0910087 0.0540698 0.1424976 0.1306881 0.1109667 0.0950960 0.1260028 0.0000000 0.0906842 0.0391163 0.1144795 0.0842327 0.1588108 0.1272098 0.1598039 0.1113955 0.1646708 
Macropodidae_Wallabia_bicolor                0.0932392 0.1396916 0.0940930 0.0332137 0.0360226 0.1264191 0.1087638 0.1072903 0.0345988 0.0914924 0.1255598 0.1411769 0.1075411 0.0997391 0.1250246 0.1322404 0.1433032 0.1537588 0.0229086 0.1083370 0.1427157 0.1440271 0.1279930 0.0612900 0.1419463 0.0906842 0.0000000 0.0975534 0.1183650 0.1046365 0.1602043 0.1325383 0.1719124 0.1307270 0.1749626 
Pseudochiridae_Pseudocheirus_occidentalis    0.0813838 0.1388960 0.0753877 0.0933233 0.0916653 0.1200282 0.0952521 0.0882542 0.0904691 0.0749565 0.1171962 0.1375626 0.0925373 0.0759238 0.1146873 0.1288715 0.1439696 0.1484251 0.0978476 0.0401670 0.1437768 0.1364868 0.1168802 0.1057049 0.1292503 0.0391163 0.0975534 0.0000000 0.1179130 0.0901517 0.1552321 0.1311161 0.1689637 0.1057308 0.1734486 
Tarsipedidae_Tarsipes_rostratus              0.1287727 0.1907262 0.1269350 0.1342146 0.1338847 0.1492490 0.1334441 0.1444672 0.1294130 0.1276066 0.1582757 0.1562791 0.1483543 0.1156300 0.1575680 0.1539480 0.1608253 0.1657736 0.1268606 0.1331062 0.1724829 0.1852152 0.1606385 0.1429548 0.1665643 0.1144795 0.1183650 0.1179130 0.0000000 0.1511617 0.1707883 0.1547566 0.1691480 0.1478842 0.1676095 
Phalangeridae_Phalanger_carmelitae           0.0898254 0.1504731 0.0891050 0.1041070 0.1047641 0.1349726 0.0537487 0.0621704 0.1017642 0.0480824 0.1287020 0.1579087 0.0549147 0.1010223 0.1277179 0.1461455 0.1618621 0.1675870 0.1120655 0.1073603 0.1632888 0.1497451 0.1289159 0.1166269 0.1476598 0.0842327 0.1046365 0.0901517 0.1511617 0.0000000 0.1741289 0.1440695 0.1517253 0.1158443 0.1544529 
Peramelidae_Peroryctes_raffrayana            0.1677018 0.1937888 0.1535667 0.1677037 0.1678792 0.1609129 0.1709592 0.1665578 0.1656215 0.1586047 0.1585807 0.1619122 0.1722339 0.1557280 0.1598588 0.1677505 0.1754857 0.0239009 0.1734821 0.1719963 0.1813628 0.1807595 0.1605903 0.1893298 0.1792727 0.1588108 0.1602043 0.1552321 0.1707883 0.1741289 0.0000000 0.1643515 0.0320081 0.1890483 0.0347233 
Dasyuridae_Dasyurus_geffroii                 0.1313215 0.1648479 0.1175710 0.1365635 0.1347122 0.0120283 0.1359007 0.1350170 0.1352671 0.1221143 0.0323121 0.0610782 0.1419567 0.1272462 0.0331571 0.0213504 0.0699825 0.1558284 0.1406643 0.1442925 0.1588998 0.1548032 0.0331703 0.1535728 0.1562725 0.1272098 0.1325383 0.1311161 0.1547566 0.1440695 0.1643515 0.0000000 0.1753913 0.1740639 0.1775984 
Peramelidae_Perameles_nasuta                 0.1758668 0.1684159 0.1534233 0.1757206 0.1718313 0.1715534 0.1751383 0.1854902 0.1749379 0.1663587 0.1701327 0.1654179 0.1537345 0.1669480 0.1724332 0.1780308 0.1741690 0.0246145 0.1908070 0.1870745 0.1696888 0.1753411 0.1726244 0.1824718 0.1689095 0.1598039 0.1719124 0.1689637 0.1691480 0.1517253 0.0320081 0.1753913 0.0000000 0.1924068 0.0035677 
Acrobatidae_Distoechurus_pennatus            0.1280052 0.1593617 0.1195139 0.1343826 0.1335396 0.1684846 0.1262573 0.1484620 0.1375717 0.1290060 0.1689350 0.1758436 0.1203194 0.0665724 0.1691497 0.1756307 0.1759154 0.1867417 0.1469184 0.1324179 0.1766247 0.1810811 0.1716434 0.1413969 0.1450142 0.1113955 0.1307270 0.1057308 0.1478842 0.1158443 0.1890483 0.1740639 0.1924068 0.0000000 0.1957193 
Peramelidae_Perameles_gunnii                 0.1798330 0.1714693 0.1564422 0.1813361 0.1772095 0.1721727 0.1762467 0.1883891 0.1789117 0.1676703 0.1723022 0.1675836 0.1564765 0.1700932 0.1746203 0.1786774 0.1767125 0.0265437 0.1937164 0.1908911 0.1708115 0.1795862 0.1754055 0.1841605 0.1721914 0.1646708 0.1749626 0.1734486 0.1676095 0.1544529 0.0347233 0.1775984 0.0035677 0.1957193 0.0000000 
