35
Burramyidae_Burramys_parvus                  0.0000000 0.0267411 0.0193988 0.0204945 0.0196419 0.0258334 0.0140733 0.0179698 0.0194795 0.0340002 0.0155822 0.0224231 0.0263445 0.0164713 0.0209559 0.0223770 0.0262798 0.0236440 0.0320343 0.0200026 0.0208560 0.0335663 0.0259281 0.0230313 0.0204875 0.0222470 0.0196320 0.0189626 0.0198841 0.0247999 0.0222553 0.0166446 0.0318879 0.0244466 0.0340401 
Notoryctidae_Notoryctes_typhlops             0.0267411 0.0000000 0.0278886 0.0302790 0.0298431 0.0314535 0.0243856 0.0279446 0.0299398 0.0394375 0.0258275 0.0264978 0.0310070 0.0275607 0.0296136 0.0270494 0.0314338 0.0296426 0.0375560 0.0304123 0.0288106 0.0391892 0.0322744 0.0293586 0.0298011 0.0280475 0.0296961 0.0288250 0.0288550 0.0346942 0.0322132 0.0274427 0.0365938 0.0290575 0.0389625 
Vombatidae_Lasiorhinus_latifrons             0.0193988 0.0278886 0.0000000 0.0229334 0.0223805 0.0255413 0.0190634 0.0222158 0.0224908 0.0326993 0.0195788 0.0230538 0.0264900 0.0204877 0.0241445 0.0231451 0.0259847 0.0245663 0.0305935 0.0226092 0.0222185 0.0338227 0.0270511 0.0235442 0.0233701 0.0245741 0.0220117 0.0217025 0.0224525 0.0271203 0.0255135 0.0203696 0.0308898 0.0244748 0.0327437 
Potoroidae_Bettongia_penicillata             0.0204945 0.0302790 0.0229334 0.0000000 0.0015169 0.0294318 0.0194168 0.0225424 0.0048600 0.0382944 0.0206990 0.0267403 0.0295905 0.0214272 0.0235829 0.0268247 0.0292686 0.0276588 0.0361206 0.0099483 0.0224255 0.0374285 0.0314140 0.0280538 0.0158251 0.0261237 0.0221332 0.0085900 0.0240052 0.0258255 0.0252099 0.0216146 0.0358774 0.0280509 0.0381963 
Potoroidae_Bettongia_lesueur                 0.0196419 0.0298431 0.0223805 0.0015169 0.0000000 0.0290150 0.0184218 0.0213751 0.0043464 0.0380313 0.0195334 0.0260261 0.0288674 0.0199764 0.0230194 0.0259550 0.0288565 0.0267261 0.0360254 0.0094172 0.0223098 0.0359618 0.0301694 0.0276229 0.0154378 0.0257150 0.0218605 0.0080672 0.0235816 0.0252437 0.0252745 0.0201595 0.0357813 0.0271715 0.0379329 
Dasyuridae_Dasyurus_maculatus                0.0258334 0.0314535 0.0255413 0.0294318 0.0290150 0.0000000 0.0250373 0.0262340 0.0279115 0.0366927 0.0241929 0.0059630 0.0097900 0.0259764 0.0295640 0.0059480 0.0026607 0.0100815 0.0337039 0.0274189 0.0280652 0.0370940 0.0315765 0.0067765 0.0283461 0.0276975 0.0272095 0.0272908 0.0278728 0.0322476 0.0309702 0.0255624 0.0340947 0.0024310 0.0365930 
Phalangeridae_Trichosurus_vulpecula          0.0140733 0.0243856 0.0190634 0.0194168 0.0184218 0.0250373 0.0000000 0.0113392 0.0191407 0.0310343 0.0086302 0.0234773 0.0253947 0.0085579 0.0188192 0.0236162 0.0250326 0.0234939 0.0305169 0.0193940 0.0191834 0.0314006 0.0249482 0.0237549 0.0197096 0.0209378 0.0179493 0.0180547 0.0182145 0.0233799 0.0207358 0.0088408 0.0302138 0.0247148 0.0310846 
Phalangeridae_Spilocuscus_maculatus          0.0179698 0.0279446 0.0222158 0.0225424 0.0213751 0.0262340 0.0113392 0.0000000 0.0222629 0.0354315 0.0059833 0.0246421 0.0267420 0.0063385 0.0226756 0.0244408 0.0266804 0.0251512 0.0350701 0.0223472 0.0219916 0.0353870 0.0282374 0.0249612 0.0231399 0.0234751 0.0204516 0.0213148 0.0219288 0.0266059 0.0252386 0.0067483 0.0341343 0.0260799 0.0353300 
Potoroidae_Aepyprymnus_rufescens             0.0194795 0.0299398 0.0224908 0.0048600 0.0043464 0.0279115 0.0191407 0.0222629 0.0000000 0.0381271 0.0203894 0.0252427 0.0288169 0.0207161 0.0239117 0.0253176 0.0277504 0.0271349 0.0362717 0.0096879 0.0215484 0.0362509 0.0303169 0.0265310 0.0169695 0.0255343 0.0216996 0.0090090 0.0229672 0.0256695 0.0253927 0.0211885 0.0358809 0.0266776 0.0380139 
Peramelidae_Perameles_nasuta                 0.0340002 0.0394375 0.0326993 0.0382944 0.0380313 0.0366927 0.0310343 0.0354315 0.0381271 0.0000000 0.0319407 0.0346916 0.0385417 0.0346305 0.0380509 0.0344332 0.0361591 0.0360508 0.0080298 0.0373148 0.0348784 0.0418264 0.0354263 0.0359557 0.0359375 0.0352905 0.0353036 0.0361481 0.0346686 0.0387469 0.0384480 0.0346956 0.0075333 0.0344238 0.0006297 
Phalangeridae_Strigocuscus_pelengensis       0.0155822 0.0258275 0.0195788 0.0206990 0.0195334 0.0241929 0.0086302 0.0059833 0.0203894 0.0319407 0.0000000 0.0227566 0.0249989 0.0033398 0.0207010 0.0227077 0.0246357 0.0238468 0.0316152 0.0200652 0.0188256 0.0332735 0.0258532 0.0236464 0.0208487 0.0217960 0.0177248 0.0194408 0.0191504 0.0225410 0.0233802 0.0037388 0.0314462 0.0235824 0.0319654 
Dasyuridae_Phascogale_tapoatafa              0.0224231 0.0264978 0.0230538 0.0267403 0.0260261 0.0059630 0.0234773 0.0246421 0.0252427 0.0346916 0.0227566 0.0000000 0.0087912 0.0236301 0.0255696 0.0010185 0.0064914 0.0080774 0.0318974 0.0252292 0.0257268 0.0344210 0.0291251 0.0037687 0.0256629 0.0252687 0.0254408 0.0244707 0.0264523 0.0300272 0.0279759 0.0235297 0.0327214 0.0059640 0.0348918 
Dasyuridae_Sminthopsis_macroura              0.0263445 0.0310070 0.0264900 0.0295905 0.0288674 0.0097900 0.0253947 0.0267420 0.0288169 0.0385417 0.0249989 0.0087912 0.0000000 0.0266355 0.0300788 0.0087688 0.0101919 0.0085649 0.0362038 0.0279093 0.0282754 0.0379767 0.0316011 0.0100402 0.0294813 0.0282208 0.0278579 0.0274758 0.0291708 0.0321407 0.0313584 0.0262200 0.0367598 0.0100320 0.0384437 
Phalangeridae_Phalanger_orientalis           0.0164713 0.0275607 0.0204877 0.0214272 0.0199764 0.0259764 0.0085579 0.0063385 0.0207161 0.0346305 0.0033398 0.0236301 0.0266355 0.0000000 0.0221905 0.0238871 0.0264205 0.0252321 0.0341117 0.0211121 0.0202931 0.0337587 0.0268509 0.0247378 0.0220182 0.0227698 0.0189402 0.0200576 0.0203588 0.0240524 0.0242651 0.0012645 0.0336468 0.0252030 0.0346710 
Acrobatidae_Acrobates_pygmaeus               0.0209559 0.0296136 0.0241445 0.0235829 0.0230194 0.0295640 0.0188192 0.0226756 0.0239117 0.0380509 0.0207010 0.0255696 0.0300788 0.0221905 0.0000000 0.0256688 0.0298529 0.0281845 0.0362212 0.0246542 0.0204879 0.0350855 0.0291696 0.0276445 0.0240394 0.0250653 0.0204624 0.0234184 0.0215967 0.0259688 0.0176115 0.0223718 0.0361141 0.0274963 0.0379343 
Dasyuridae_Phascogale_calura                 0.0223770 0.0270494 0.0231451 0.0268247 0.0259550 0.0059480 0.0236162 0.0244408 0.0253176 0.0344332 0.0227077 0.0010185 0.0087688 0.0238871 0.0256688 0.0000000 0.0064751 0.0080594 0.0319660 0.0250062 0.0256566 0.0344817 0.0292740 0.0037606 0.0257639 0.0253743 0.0253818 0.0242702 0.0263907 0.0297959 0.0279098 0.0239275 0.0324917 0.0060919 0.0344895 
Dasyuridae_Sarcophilus_harrisii              0.0262798 0.0314338 0.0259847 0.0292686 0.0288565 0.0026607 0.0250326 0.0266804 0.0277504 0.0361591 0.0246357 0.0064914 0.0101919 0.0264205 0.0298529 0.0064751 0.0000000 0.0099371 0.0330225 0.0275735 0.0277625 0.0367128 0.0315465 0.0071755 0.0284965 0.0276782 0.0276592 0.0274414 0.0275652 0.0323860 0.0305041 0.0260063 0.0334068 0.0032068 0.0360590 
Dasyuridae_Planigale_tenuirostris            0.0236440 0.0296426 0.0245663 0.0276588 0.0267261 0.0100815 0.0234939 0.0251512 0.0271349 0.0360508 0.0238468 0.0080774 0.0085649 0.0252321 0.0281845 0.0080594 0.0099371 0.0000000 0.0328497 0.0256641 0.0262605 0.0366008 0.0304480 0.0087189 0.0278361 0.0274393 0.0266482 0.0257299 0.0267969 0.0311373 0.0295748 0.0251203 0.0345177 0.0096311 0.0360626 
Peramelidae_Echymipera_kalubu                0.0320343 0.0375560 0.0305935 0.0361206 0.0360254 0.0337039 0.0305169 0.0350701 0.0362717 0.0080298 0.0316152 0.0318974 0.0362038 0.0341117 0.0362212 0.0319660 0.0330225 0.0328497 0.0000000 0.0359803 0.0335708 0.0409309 0.0349041 0.0337897 0.0362331 0.0341189 0.0336478 0.0346356 0.0327067 0.0386304 0.0379258 0.0341676 0.0051480 0.0317864 0.0080412 
Macropodidae_Dorcopsulus_vanheurni           0.0200026 0.0304123 0.0226092 0.0099483 0.0094172 0.0274189 0.0193940 0.0223472 0.0096879 0.0373148 0.0200652 0.0252292 0.0279093 0.0211121 0.0246542 0.0250062 0.0275735 0.0256641 0.0359803 0.0000000 0.0221139 0.0363147 0.0302829 0.0262833 0.0163465 0.0253731 0.0227922 0.0026853 0.0229543 0.0253659 0.0253819 0.0214494 0.0358997 0.0268128 0.0372154 
Pseudochiridae_Pseudochirulus_forbesi        0.0208560 0.0288106 0.0222185 0.0224255 0.0223098 0.0280652 0.0191834 0.0219916 0.0215484 0.0348784 0.0188256 0.0257268 0.0282754 0.0202931 0.0204879 0.0256566 0.0277625 0.0262605 0.0335708 0.0221139 0.0000000 0.0354589 0.0293929 0.0265348 0.0239098 0.0248496 0.0127440 0.0213779 0.0075232 0.0228108 0.0231603 0.0201818 0.0334632 0.0276306 0.0347771 
Didelphidae_Didelphis_virginiana             0.0335663 0.0391892 0.0338227 0.0374285 0.0359618 0.0370940 0.0314006 0.0353870 0.0362509 0.0418264 0.0332735 0.0344210 0.0379767 0.0337587 0.0350855 0.0344817 0.0367128 0.0366008 0.0409309 0.0363147 0.0354589 0.0000000 0.0144223 0.0356430 0.0364238 0.0339185 0.0358193 0.0344036 0.0359339 0.0373701 0.0390646 0.0336376 0.0405270 0.0356174 0.0418778 
Marmosidae_Monodelphis_domestica             0.0259281 0.0322744 0.0270511 0.0314140 0.0301694 0.0315765 0.0249482 0.0282374 0.0303169 0.0354263 0.0258532 0.0291251 0.0316011 0.0268509 0.0291696 0.0292740 0.0315465 0.0304480 0.0349041 0.0302829 0.0293929 0.0144223 0.0000000 0.0291238 0.0310495 0.0279284 0.0287910 0.0289938 0.0290062 0.0304128 0.0316792 0.0267502 0.0342679 0.0310764 0.0356303 
Dasyuridae_Antechinus_stuartii               0.0230313 0.0293586 0.0235442 0.0280538 0.0276229 0.0067765 0.0237549 0.0249612 0.0265310 0.0359557 0.0236464 0.0037687 0.0100402 0.0247378 0.0276445 0.0037606 0.0071755 0.0087189 0.0337897 0.0262833 0.0265348 0.0356430 0.0291238 0.0000000 0.0266563 0.0267123 0.0258548 0.0257109 0.0269520 0.0308668 0.0294316 0.0246277 0.0341296 0.0069716 0.0361425 
Hypsiprymnodontidae_Hypsiprymnodon_moschatus 0.0204875 0.0298011 0.0233701 0.0158251 0.0154378 0.0283461 0.0197096 0.0231399 0.0169695 0.0359375 0.0208487 0.0256629 0.0294813 0.0220182 0.0240394 0.0257639 0.0284965 0.0278361 0.0362331 0.0163465 0.0239098 0.0364238 0.0310495 0.0266563 0.0000000 0.0242993 0.0228709 0.0146408 0.0238461 0.0275035 0.0262953 0.0222121 0.0351667 0.0275709 0.0358373 
Microbiotheriidae_Dromiciops_gliroides       0.0222470 0.0280475 0.0245741 0.0261237 0.0257150 0.0276975 0.0209378 0.0234751 0.0255343 0.0352905 0.0217960 0.0252687 0.0282208 0.0227698 0.0250653 0.0253743 0.0276782 0.0274393 0.0341189 0.0253731 0.0248496 0.0339185 0.0279284 0.0267123 0.0242993 0.0000000 0.0243587 0.0250296 0.0255002 0.0290004 0.0279820 0.0229726 0.0336074 0.0262355 0.0354918 
Pseudochiridae_Petauroides_volans            0.0196320 0.0296961 0.0220117 0.0221332 0.0218605 0.0272095 0.0179493 0.0204516 0.0216996 0.0353036 0.0177248 0.0254408 0.0278579 0.0189402 0.0204624 0.0253818 0.0276592 0.0266482 0.0336478 0.0227922 0.0127440 0.0358193 0.0287910 0.0258548 0.0228709 0.0243587 0.0000000 0.0223598 0.0123616 0.0229149 0.0228491 0.0189676 0.0335076 0.0267401 0.0351856 
Macropodidae_Wallabia_bicolor                0.0189626 0.0288250 0.0217025 0.0085900 0.0080672 0.0272908 0.0180547 0.0213148 0.0090090 0.0361481 0.0194408 0.0244707 0.0274758 0.0200576 0.0234184 0.0242702 0.0274414 0.0257299 0.0346356 0.0026853 0.0213779 0.0344036 0.0289938 0.0257109 0.0146408 0.0250296 0.0223598 0.0000000 0.0224865 0.0242740 0.0244589 0.0203888 0.0351569 0.0266794 0.0361739 
Pseudochiridae_Pseudocheirus_occidentalis    0.0198841 0.0288550 0.0224525 0.0240052 0.0235816 0.0278728 0.0182145 0.0219288 0.0229672 0.0346686 0.0191504 0.0264523 0.0291708 0.0203588 0.0215967 0.0263907 0.0275652 0.0267969 0.0327067 0.0229543 0.0075232 0.0359339 0.0290062 0.0269520 0.0238461 0.0255002 0.0123616 0.0224865 0.0000000 0.0239359 0.0233755 0.0202508 0.0322609 0.0275882 0.0345667 
Tarsipedidae_Tarsipes_rostratus              0.0247999 0.0346942 0.0271203 0.0258255 0.0252437 0.0322476 0.0233799 0.0266059 0.0256695 0.0387469 0.0225410 0.0300272 0.0321407 0.0240524 0.0259688 0.0297959 0.0323860 0.0311373 0.0386304 0.0253659 0.0228108 0.0373701 0.0304128 0.0308668 0.0275035 0.0290004 0.0229149 0.0242740 0.0239359 0.0000000 0.0277584 0.0242390 0.0383652 0.0311833 0.0386306 
Acrobatidae_Distoechurus_pennatus            0.0222553 0.0322132 0.0255135 0.0252099 0.0252745 0.0309702 0.0207358 0.0252386 0.0253927 0.0384480 0.0233802 0.0279759 0.0313584 0.0242651 0.0176115 0.0279098 0.0305041 0.0295748 0.0379258 0.0253819 0.0231603 0.0390646 0.0316792 0.0294316 0.0262953 0.0279820 0.0228491 0.0244589 0.0233755 0.0277584 0.0000000 0.0242970 0.0374880 0.0285039 0.0383502 
Phalangeridae_Phalanger_carmelitae           0.0166446 0.0274427 0.0203696 0.0216146 0.0201595 0.0255624 0.0088408 0.0067483 0.0211885 0.0346956 0.0037388 0.0235297 0.0262200 0.0012645 0.0223718 0.0239275 0.0260063 0.0251203 0.0341676 0.0214494 0.0201818 0.0336376 0.0267502 0.0246277 0.0222121 0.0229726 0.0189676 0.0203888 0.0202508 0.0242390 0.0242970 0.0000000 0.0335595 0.0247856 0.0345777 
Peramelidae_Peroryctes_raffrayana            0.0318879 0.0365938 0.0308898 0.0358774 0.0357813 0.0340947 0.0302138 0.0341343 0.0358809 0.0075333 0.0314462 0.0327214 0.0367598 0.0336468 0.0361141 0.0324917 0.0334068 0.0345177 0.0051480 0.0358997 0.0334632 0.0405270 0.0342679 0.0341296 0.0351667 0.0336074 0.0335076 0.0351569 0.0322609 0.0383652 0.0374880 0.0335595 0.0000000 0.0323099 0.0072734 
Dasyuridae_Dasyurus_geffroii                 0.0244466 0.0290575 0.0244748 0.0280509 0.0271715 0.0024310 0.0247148 0.0260799 0.0266776 0.0344238 0.0235824 0.0059640 0.0100320 0.0252030 0.0274963 0.0060919 0.0032068 0.0096311 0.0317864 0.0268128 0.0276306 0.0356174 0.0310764 0.0069716 0.0275709 0.0262355 0.0267401 0.0266794 0.0275882 0.0311833 0.0285039 0.0247856 0.0323099 0.0000000 0.0344803 
Peramelidae_Perameles_gunnii                 0.0340401 0.0389625 0.0327437 0.0381963 0.0379329 0.0365930 0.0310846 0.0353300 0.0380139 0.0006297 0.0319654 0.0348918 0.0384437 0.0346710 0.0379343 0.0344895 0.0360590 0.0360626 0.0080412 0.0372154 0.0347771 0.0418778 0.0356303 0.0361425 0.0358373 0.0354918 0.0351856 0.0361739 0.0345667 0.0386306 0.0383502 0.0345777 0.0072734 0.0344803 0.0000000 
