35
Burramyidae_Burramys_parvus                  0.0000000 0.0491515 0.0373291 0.0353530 0.0358812 0.0508608 0.0327090 0.0329051 0.0353386 0.0512335 0.0309970 0.0512486 0.0483610 0.0337768 0.0396085 0.0517567 0.0474743 0.0497624 0.0489595 0.0318482 0.0496255 0.0544875 0.0569952 0.0495665 0.0373783 0.0450772 0.0429924 0.0321454 0.0476134 0.0426341 0.0336713 0.0333746 0.0503540 0.0505931 0.0513754 
Notoryctidae_Notoryctes_typhlops             0.0491515 0.0000000 0.0451725 0.0481570 0.0473395 0.0576587 0.0494317 0.0518850 0.0494414 0.0569363 0.0479181 0.0571028 0.0528078 0.0517191 0.0552483 0.0581822 0.0545053 0.0530072 0.0558981 0.0467932 0.0624583 0.0563397 0.0584248 0.0555325 0.0496354 0.0520945 0.0557658 0.0457333 0.0580379 0.0540537 0.0459167 0.0510332 0.0549146 0.0568417 0.0572301 
Vombatidae_Lasiorhinus_latifrons             0.0373291 0.0451725 0.0000000 0.0342316 0.0350115 0.0477133 0.0352223 0.0364613 0.0354643 0.0489402 0.0346151 0.0474738 0.0491284 0.0357707 0.0411744 0.0487988 0.0444477 0.0475610 0.0466430 0.0339768 0.0470483 0.0522541 0.0538669 0.0460253 0.0377408 0.0414848 0.0425948 0.0330365 0.0453132 0.0428777 0.0368468 0.0353741 0.0481847 0.0474316 0.0487137 
Potoroidae_Bettongia_penicillata             0.0353530 0.0481570 0.0342316 0.0000000 0.0026682 0.0500205 0.0335934 0.0353332 0.0094758 0.0523994 0.0354321 0.0531247 0.0468074 0.0349145 0.0382396 0.0544776 0.0477940 0.0498218 0.0499597 0.0120479 0.0472057 0.0540442 0.0556686 0.0508899 0.0220643 0.0446721 0.0419533 0.0113762 0.0435816 0.0396250 0.0340291 0.0342537 0.0511851 0.0497143 0.0521973 
Potoroidae_Bettongia_lesueur                 0.0358812 0.0473395 0.0350115 0.0026682 0.0000000 0.0508313 0.0348865 0.0363755 0.0099342 0.0523589 0.0357277 0.0533930 0.0471956 0.0364739 0.0390405 0.0547469 0.0485982 0.0503884 0.0496519 0.0127511 0.0485661 0.0549088 0.0559507 0.0511792 0.0227999 0.0441331 0.0440635 0.0120741 0.0449247 0.0409669 0.0348096 0.0352901 0.0508635 0.0510694 0.0524326 
Dasyuridae_Dasyurus_maculatus                0.0508608 0.0576587 0.0477133 0.0500205 0.0508313 0.0000000 0.0504258 0.0508848 0.0513327 0.0602194 0.0503088 0.0149252 0.0142322 0.0493824 0.0582929 0.0160960 0.0062824 0.0167421 0.0575821 0.0498822 0.0668412 0.0623739 0.0631215 0.0140526 0.0516385 0.0551610 0.0582853 0.0496888 0.0625486 0.0596855 0.0527482 0.0505442 0.0571316 0.0062900 0.0598224 
Phalangeridae_Trichosurus_vulpecula          0.0327090 0.0494317 0.0352223 0.0335934 0.0348865 0.0504258 0.0000000 0.0135143 0.0346152 0.0524722 0.0161552 0.0527302 0.0501692 0.0147528 0.0389133 0.0532577 0.0473649 0.0505185 0.0508579 0.0336336 0.0474542 0.0533473 0.0578909 0.0513998 0.0374131 0.0426714 0.0408683 0.0319070 0.0449066 0.0416369 0.0337017 0.0137640 0.0518523 0.0498640 0.0522256 
Phalangeridae_Spilocuscus_maculatus          0.0329051 0.0518850 0.0364613 0.0353332 0.0363755 0.0508848 0.0135143 0.0000000 0.0358319 0.0554465 0.0067611 0.0518267 0.0488646 0.0065348 0.0402032 0.0523315 0.0467389 0.0507007 0.0532597 0.0348638 0.0494843 0.0548001 0.0598417 0.0510524 0.0368430 0.0444277 0.0418155 0.0331214 0.0466802 0.0423781 0.0341672 0.0056010 0.0543331 0.0497948 0.0551850 
Potoroidae_Aepyprymnus_rufescens             0.0353386 0.0494414 0.0354643 0.0094758 0.0099342 0.0513327 0.0346152 0.0358319 0.0000000 0.0545635 0.0345820 0.0530277 0.0450407 0.0354287 0.0403191 0.0543563 0.0493681 0.0517771 0.0515857 0.0118078 0.0506377 0.0543042 0.0570551 0.0502902 0.0213224 0.0440626 0.0440267 0.0111328 0.0464995 0.0422477 0.0347696 0.0357875 0.0534042 0.0518849 0.0540773 
Peramelidae_Perameles_nasuta                 0.0512335 0.0569363 0.0489402 0.0523994 0.0523589 0.0602194 0.0524722 0.0554465 0.0545635 0.0000000 0.0533412 0.0627038 0.0592335 0.0556314 0.0597392 0.0620718 0.0565134 0.0571263 0.0128238 0.0510057 0.0699109 0.0646746 0.0651566 0.0609916 0.0531869 0.0572456 0.0621602 0.0505072 0.0656736 0.0591295 0.0542560 0.0548153 0.0130246 0.0597806 0.0002221 
Phalangeridae_Strigocuscus_pelengensis       0.0309970 0.0479181 0.0346151 0.0354321 0.0357277 0.0503088 0.0161552 0.0067611 0.0345820 0.0533412 0.0000000 0.0510270 0.0446646 0.0070273 0.0379059 0.0513295 0.0459863 0.0508737 0.0517094 0.0337928 0.0503280 0.0525072 0.0579545 0.0507423 0.0362482 0.0446388 0.0416797 0.0327048 0.0462479 0.0402563 0.0341209 0.0059981 0.0524451 0.0496831 0.0531245 
Dasyuridae_Phascogale_tapoatafa              0.0512486 0.0571028 0.0474738 0.0531247 0.0533930 0.0149252 0.0527302 0.0518267 0.0530277 0.0627038 0.0510270 0.0000000 0.0163238 0.0516994 0.0581420 0.0051443 0.0127929 0.0182617 0.0590329 0.0517652 0.0665986 0.0649924 0.0674770 0.0088840 0.0541428 0.0566280 0.0605910 0.0507927 0.0625951 0.0592258 0.0522328 0.0522902 0.0599417 0.0137428 0.0621713 
Dasyuridae_Sminthopsis_macroura              0.0483610 0.0528078 0.0491284 0.0468074 0.0471956 0.0142322 0.0501692 0.0488646 0.0450407 0.0592335 0.0446646 0.0163238 0.0000000 0.0474060 0.0576964 0.0156134 0.0131763 0.0155881 0.0573553 0.0456358 0.0702282 0.0653542 0.0672960 0.0153947 0.0487279 0.0577083 0.0596983 0.0454079 0.0671707 0.0572592 0.0490325 0.0491742 0.0567479 0.0142100 0.0584398 
Phalangeridae_Phalanger_orientalis           0.0337768 0.0517191 0.0357707 0.0349145 0.0364739 0.0493824 0.0147528 0.0065348 0.0354287 0.0556314 0.0070273 0.0516994 0.0474060 0.0000000 0.0408585 0.0522264 0.0460768 0.0504759 0.0531384 0.0344452 0.0493498 0.0549370 0.0594711 0.0502427 0.0364276 0.0447747 0.0416483 0.0327128 0.0459941 0.0421966 0.0345021 0.0033495 0.0530366 0.0485676 0.0550900 
Acrobatidae_Acrobates_pygmaeus               0.0396085 0.0552483 0.0411744 0.0382396 0.0390405 0.0582929 0.0389133 0.0402032 0.0403191 0.0597392 0.0379059 0.0581420 0.0576964 0.0408585 0.0000000 0.0592250 0.0540057 0.0575975 0.0580276 0.0377950 0.0484504 0.0626562 0.0644554 0.0564399 0.0432034 0.0522403 0.0431662 0.0370620 0.0443787 0.0423497 0.0209044 0.0404137 0.0574152 0.0566048 0.0592184 
Dasyuridae_Phascogale_calura                 0.0517567 0.0581822 0.0487988 0.0544776 0.0547469 0.0160960 0.0532577 0.0523315 0.0543563 0.0620718 0.0513295 0.0051443 0.0156134 0.0522264 0.0592250 0.0000000 0.0137199 0.0192917 0.0584400 0.0537300 0.0680131 0.0649305 0.0674154 0.0102731 0.0554978 0.0571666 0.0614133 0.0527337 0.0640116 0.0603398 0.0546930 0.0528158 0.0581594 0.0146784 0.0615431 
Dasyuridae_Sarcophilus_harrisii              0.0474743 0.0545053 0.0444477 0.0477940 0.0485982 0.0062824 0.0473649 0.0467389 0.0493681 0.0565134 0.0459863 0.0127929 0.0131763 0.0460768 0.0540057 0.0137199 0.0000000 0.0160087 0.0546551 0.0481926 0.0633047 0.0590875 0.0612383 0.0119307 0.0502144 0.0525935 0.0562490 0.0471494 0.0595928 0.0557076 0.0491240 0.0466782 0.0533845 0.0051445 0.0560148 
Dasyuridae_Planigale_tenuirostris            0.0497624 0.0530072 0.0475610 0.0498218 0.0503884 0.0167421 0.0505185 0.0507007 0.0517771 0.0571263 0.0508737 0.0182617 0.0155881 0.0504759 0.0575975 0.0192917 0.0160087 0.0000000 0.0564988 0.0493043 0.0656787 0.0624384 0.0625754 0.0198844 0.0511677 0.0547982 0.0589692 0.0484876 0.0610621 0.0589901 0.0511602 0.0508671 0.0541020 0.0165176 0.0567185 
Peramelidae_Echymipera_kalubu                0.0489595 0.0558981 0.0466430 0.0499597 0.0496519 0.0575821 0.0508579 0.0532597 0.0515857 0.0128238 0.0517094 0.0590329 0.0573553 0.0531384 0.0580276 0.0584400 0.0546551 0.0564988 0.0000000 0.0489390 0.0688996 0.0607548 0.0611341 0.0573163 0.0514914 0.0547959 0.0592454 0.0478869 0.0629431 0.0564283 0.0515644 0.0526200 0.0067458 0.0578260 0.0130200 
Macropodidae_Dorcopsulus_vanheurni           0.0318482 0.0467932 0.0339768 0.0120479 0.0127511 0.0498822 0.0336336 0.0348638 0.0118078 0.0510057 0.0337928 0.0517652 0.0456358 0.0344452 0.0377950 0.0537300 0.0481926 0.0493043 0.0489390 0.0000000 0.0475127 0.0533237 0.0555083 0.0492306 0.0201587 0.0438636 0.0404289 0.0060694 0.0425632 0.0393803 0.0325442 0.0348073 0.0500829 0.0506869 0.0504962 
Pseudochiridae_Pseudochirulus_forbesi        0.0496255 0.0624583 0.0470483 0.0472057 0.0485661 0.0668412 0.0474542 0.0494843 0.0506377 0.0699109 0.0503280 0.0665986 0.0702282 0.0493498 0.0484504 0.0680131 0.0633047 0.0656787 0.0688996 0.0475127 0.0000000 0.0708441 0.0722524 0.0648903 0.0513442 0.0605107 0.0258737 0.0465267 0.0136094 0.0458209 0.0418511 0.0488620 0.0685157 0.0659572 0.0696313 
Didelphidae_Didelphis_virginiana             0.0544875 0.0563397 0.0522541 0.0540442 0.0549088 0.0623739 0.0533473 0.0548001 0.0543042 0.0646746 0.0525072 0.0649924 0.0653542 0.0549370 0.0626562 0.0649305 0.0590875 0.0624384 0.0607548 0.0533237 0.0708441 0.0000000 0.0225616 0.0638487 0.0558121 0.0558625 0.0624922 0.0527766 0.0683778 0.0639557 0.0570533 0.0544474 0.0618365 0.0626945 0.0641277 
Marmosidae_Monodelphis_domestica             0.0569952 0.0584248 0.0538669 0.0556686 0.0559507 0.0631215 0.0578909 0.0598417 0.0570551 0.0651566 0.0579545 0.0674770 0.0672960 0.0594711 0.0644554 0.0674154 0.0612383 0.0625754 0.0611341 0.0555083 0.0722524 0.0225616 0.0000000 0.0651638 0.0586416 0.0597627 0.0647785 0.0544096 0.0688284 0.0619780 0.0584827 0.0583425 0.0625139 0.0639965 0.0646056 
Dasyuridae_Antechinus_stuartii               0.0495665 0.0555325 0.0460253 0.0508899 0.0511792 0.0140526 0.0513998 0.0510524 0.0502902 0.0609916 0.0507423 0.0088840 0.0153947 0.0502427 0.0564399 0.0102731 0.0119307 0.0198844 0.0573163 0.0492306 0.0648903 0.0638487 0.0651638 0.0000000 0.0513482 0.0542821 0.0580174 0.0488016 0.0599777 0.0583687 0.0510821 0.0513910 0.0575300 0.0138217 0.0604154 
Hypsiprymnodontidae_Hypsiprymnodon_moschatus 0.0373783 0.0496354 0.0377408 0.0220643 0.0227999 0.0516385 0.0374131 0.0368430 0.0213224 0.0531869 0.0362482 0.0541428 0.0487279 0.0364276 0.0432034 0.0554978 0.0502144 0.0511677 0.0514914 0.0201587 0.0513442 0.0558121 0.0586416 0.0513482 0.0000000 0.0475022 0.0434481 0.0192409 0.0456353 0.0406033 0.0362611 0.0367833 0.0522780 0.0526991 0.0529837 
Microbiotheriidae_Dromiciops_gliroides       0.0450772 0.0520945 0.0414848 0.0446721 0.0441331 0.0551610 0.0426714 0.0444277 0.0440626 0.0572456 0.0446388 0.0566280 0.0577083 0.0447747 0.0522403 0.0571666 0.0525935 0.0547982 0.0547959 0.0438636 0.0605107 0.0558625 0.0597627 0.0542821 0.0475022 0.0000000 0.0534409 0.0435513 0.0549078 0.0503286 0.0449512 0.0444090 0.0547288 0.0551914 0.0569517 
Pseudochiridae_Petauroides_volans            0.0429924 0.0557658 0.0425948 0.0419533 0.0440635 0.0582853 0.0408683 0.0418155 0.0440267 0.0621602 0.0416797 0.0605910 0.0596983 0.0416483 0.0431662 0.0614133 0.0562490 0.0589692 0.0592454 0.0404289 0.0258737 0.0624922 0.0647785 0.0580174 0.0434481 0.0534409 0.0000000 0.0402049 0.0241964 0.0396880 0.0377694 0.0422713 0.0593646 0.0568429 0.0616305 
Macropodidae_Wallabia_bicolor                0.0321454 0.0457333 0.0330365 0.0113762 0.0120741 0.0496888 0.0319070 0.0331214 0.0111328 0.0505072 0.0327048 0.0507927 0.0454079 0.0327128 0.0370620 0.0527337 0.0471494 0.0484876 0.0478869 0.0060694 0.0465267 0.0527766 0.0544096 0.0488016 0.0192409 0.0435513 0.0402049 0.0000000 0.0415221 0.0378518 0.0315845 0.0330803 0.0501015 0.0485677 0.0500201 
Pseudochiridae_Pseudocheirus_occidentalis    0.0476134 0.0580379 0.0453132 0.0435816 0.0449247 0.0625486 0.0449066 0.0466802 0.0464995 0.0656736 0.0462479 0.0625951 0.0671707 0.0459941 0.0443787 0.0640116 0.0595928 0.0610621 0.0629431 0.0425632 0.0136094 0.0683778 0.0688284 0.0599777 0.0456353 0.0549078 0.0241964 0.0415221 0.0000000 0.0426572 0.0384857 0.0460593 0.0625236 0.0616407 0.0657027 
Tarsipedidae_Tarsipes_rostratus              0.0426341 0.0540537 0.0428777 0.0396250 0.0409669 0.0596855 0.0416369 0.0423781 0.0422477 0.0591295 0.0402563 0.0592258 0.0572592 0.0421966 0.0423497 0.0603398 0.0557076 0.0589901 0.0564283 0.0393803 0.0458209 0.0639557 0.0619780 0.0583687 0.0406033 0.0503286 0.0396880 0.0378518 0.0426572 0.0000000 0.0365101 0.0404448 0.0573044 0.0600771 0.0587792 
Acrobatidae_Distoechurus_pennatus            0.0336713 0.0459167 0.0368468 0.0340291 0.0348096 0.0527482 0.0337017 0.0341672 0.0347696 0.0542560 0.0341209 0.0522328 0.0490325 0.0345021 0.0209044 0.0546930 0.0491240 0.0511602 0.0515644 0.0325442 0.0418511 0.0570533 0.0584827 0.0510821 0.0362611 0.0449512 0.0377694 0.0315845 0.0384857 0.0365101 0.0000000 0.0341105 0.0508270 0.0513376 0.0537692 
Phalangeridae_Phalanger_carmelitae           0.0333746 0.0510332 0.0353741 0.0342537 0.0352901 0.0505442 0.0137640 0.0056010 0.0357875 0.0548153 0.0059981 0.0522902 0.0491742 0.0033495 0.0404137 0.0528158 0.0466782 0.0508671 0.0526200 0.0348073 0.0488620 0.0544474 0.0583425 0.0513910 0.0367833 0.0444090 0.0422713 0.0330803 0.0460593 0.0404448 0.0341105 0.0000000 0.0525440 0.0497102 0.0545573 
Peramelidae_Peroryctes_raffrayana            0.0503540 0.0549146 0.0481847 0.0511851 0.0508635 0.0571316 0.0518523 0.0543331 0.0534042 0.0130246 0.0524451 0.0599417 0.0567479 0.0530366 0.0574152 0.0581594 0.0533845 0.0541020 0.0067458 0.0500829 0.0685157 0.0618365 0.0625139 0.0575300 0.0522780 0.0547288 0.0593646 0.0501015 0.0625236 0.0573044 0.0508270 0.0525440 0.0000000 0.0567018 0.0130226 
Dasyuridae_Dasyurus_geffroii                 0.0505931 0.0568417 0.0474316 0.0497143 0.0510694 0.0062900 0.0498640 0.0497948 0.0518849 0.0597806 0.0496831 0.0137428 0.0142100 0.0485676 0.0566048 0.0146784 0.0051445 0.0165176 0.0578260 0.0506869 0.0659572 0.0626945 0.0639965 0.0138217 0.0526991 0.0551914 0.0568429 0.0485677 0.0616407 0.0600771 0.0513376 0.0497102 0.0567018 0.0000000 0.0592639 
Peramelidae_Perameles_gunnii                 0.0513754 0.0572301 0.0487137 0.0521973 0.0524326 0.0598224 0.0522256 0.0551850 0.0540773 0.0002221 0.0531245 0.0621713 0.0584398 0.0550900 0.0592184 0.0615431 0.0560148 0.0567185 0.0130200 0.0504962 0.0696313 0.0641277 0.0646056 0.0604154 0.0529837 0.0569517 0.0616305 0.0500201 0.0657027 0.0587792 0.0537692 0.0545573 0.0130226 0.0592639 0.0000000 
