35
Burramyidae_Burramys_parvus                  0.0000000 0.0821584 0.0516825 0.0525818 0.0540748 0.0754833 0.0544188 0.0382390 0.0555195 0.0737317 0.0447782 0.0782518 0.0449550 0.0427429 0.0779731 0.0803869 0.0767253 0.0771370 0.0528539 0.0602283 0.0936618 0.0742988 0.0779712 0.0517598 0.0658121 0.0508800 0.0535499 0.0517822 0.0680430 0.0487531 0.0448301 0.0743467 0.0787404 0.0748848 0.0759683 
Notoryctidae_Notoryctes_typhlops             0.0821584 0.0000000 0.0757594 0.0805637 0.0821419 0.0883563 0.0913928 0.0574316 0.0832302 0.0902443 0.0769697 0.0936307 0.0751581 0.0732993 0.0943477 0.0923944 0.0882768 0.0910934 0.0797697 0.0863438 0.1062639 0.0867612 0.0904127 0.0785723 0.0870397 0.0816249 0.0793630 0.0806959 0.0962998 0.0809627 0.0759280 0.0915852 0.0903137 0.0905480 0.0977789 
Vombatidae_Lasiorhinus_latifrons             0.0516825 0.0757594 0.0000000 0.0565157 0.0579769 0.0705045 0.0561674 0.0326903 0.0579926 0.0733576 0.0490783 0.0715480 0.0504868 0.0460820 0.0726507 0.0720092 0.0683940 0.0779444 0.0544773 0.0578838 0.0881091 0.0694475 0.0725700 0.0529320 0.0607294 0.0537489 0.0546567 0.0516535 0.0726298 0.0490855 0.0493716 0.0755533 0.0693635 0.0748250 0.0727470 
Potoroidae_Bettongia_penicillata             0.0525818 0.0805637 0.0565157 0.0000000 0.0021885 0.0787333 0.0605913 0.0308028 0.0092683 0.0787828 0.0510811 0.0800230 0.0486961 0.0508142 0.0797493 0.0801178 0.0794540 0.0799789 0.0205257 0.0633124 0.1020083 0.0774240 0.0793420 0.0342040 0.0693032 0.0585381 0.0210440 0.0536752 0.0730086 0.0585510 0.0484889 0.0815486 0.0814941 0.0801508 0.0830716 
Potoroidae_Bettongia_lesueur                 0.0540748 0.0821419 0.0579769 0.0021885 0.0000000 0.0797466 0.0620407 0.0320939 0.0101521 0.0803515 0.0525842 0.0810654 0.0501255 0.0522824 0.0807941 0.0811616 0.0805951 0.0815045 0.0214369 0.0643174 0.1030616 0.0780269 0.0804461 0.0351490 0.0707870 0.0595170 0.0219588 0.0542059 0.0740856 0.0600284 0.0499121 0.0830786 0.0825078 0.0817285 0.0837639 
Dasyuridae_Dasyurus_maculatus                0.0754833 0.0883563 0.0705045 0.0787333 0.0797466 0.0000000 0.0817702 0.0507620 0.0817893 0.0849817 0.0726037 0.0271301 0.0710052 0.0672594 0.0253272 0.0097852 0.0235590 0.0855054 0.0759515 0.0805813 0.1032887 0.0815878 0.0252974 0.0762876 0.0729905 0.0729530 0.0767889 0.0697319 0.0899766 0.0716043 0.0692917 0.0866485 0.0084822 0.0868505 0.0308034 
Phalangeridae_Trichosurus_vulpecula          0.0544188 0.0913928 0.0561674 0.0605913 0.0620407 0.0817702 0.0000000 0.0145573 0.0630568 0.0849679 0.0330515 0.0820696 0.0316155 0.0532866 0.0818007 0.0851889 0.0831084 0.0845315 0.0607824 0.0666897 0.0983191 0.0765302 0.0816453 0.0591676 0.0717017 0.0614018 0.0615142 0.0593815 0.0763561 0.0591332 0.0310273 0.0826578 0.0825282 0.0862255 0.0884245 
Phalangeridae_Spilocuscus_maculatus          0.0382390 0.0574316 0.0326903 0.0308028 0.0320939 0.0507620 0.0145573 0.0000000 0.0320799 0.0601570 0.0109983 0.0541153 0.0082312 0.0272488 0.0542756 0.0529490 0.0480910 0.0609778 0.0307688 0.0386447 0.0580905 0.0490535 0.0522178 0.0351832 0.0457566 0.0337405 0.0322229 0.0269645 0.0495514 0.0388713 0.0069499 0.0612531 0.0528993 0.0625435 0.0426751 
Potoroidae_Aepyprymnus_rufescens             0.0555195 0.0832302 0.0579926 0.0092683 0.0101521 0.0817893 0.0630568 0.0320799 0.0000000 0.0798963 0.0535870 0.0830582 0.0501802 0.0513506 0.0827916 0.0821862 0.0834548 0.0805907 0.0228148 0.0662559 0.1036138 0.0785544 0.0830815 0.0356295 0.0724314 0.0605341 0.0233412 0.0573329 0.0752029 0.0591495 0.0509009 0.0821792 0.0845515 0.0812459 0.0875180 
Peramelidae_Perameles_nasuta                 0.0737317 0.0902443 0.0733576 0.0787828 0.0803515 0.0849817 0.0849679 0.0601570 0.0798963 0.0000000 0.0769432 0.0877947 0.0753916 0.0736751 0.0868796 0.0874628 0.0870261 0.0190817 0.0800035 0.0854991 0.1073471 0.0897958 0.0868020 0.0752288 0.0810811 0.0790796 0.0793932 0.0778180 0.0962924 0.0762963 0.0757157 0.0142092 0.0863258 0.0013457 0.0889056 
Phalangeridae_Strigocuscus_pelengensis       0.0447782 0.0769697 0.0490783 0.0510811 0.0525842 0.0726037 0.0330515 0.0109983 0.0535870 0.0769432 0.0000000 0.0754301 0.0100750 0.0428845 0.0765821 0.0772352 0.0709051 0.0768762 0.0504385 0.0579332 0.0832613 0.0637812 0.0744014 0.0502648 0.0610008 0.0528882 0.0514320 0.0502470 0.0635881 0.0511183 0.0100552 0.0745439 0.0749649 0.0785680 0.0783031 
Dasyuridae_Phascogale_tapoatafa              0.0782518 0.0936307 0.0715480 0.0800230 0.0810654 0.0271301 0.0820696 0.0541153 0.0830582 0.0877947 0.0754301 0.0000000 0.0757268 0.0701131 0.0039578 0.0279058 0.0286749 0.0887579 0.0766071 0.0826399 0.1069763 0.0866912 0.0106396 0.0765315 0.0780570 0.0741776 0.0759949 0.0704399 0.0929665 0.0728487 0.0740059 0.0880137 0.0265804 0.0901084 0.0345601 
Phalangeridae_Phalanger_orientalis           0.0449550 0.0751581 0.0504868 0.0486961 0.0501255 0.0710052 0.0316155 0.0082312 0.0501802 0.0753916 0.0100750 0.0757268 0.0000000 0.0419119 0.0753979 0.0754292 0.0714987 0.0761985 0.0475873 0.0553288 0.0847441 0.0679225 0.0753767 0.0483486 0.0597695 0.0504871 0.0477443 0.0487518 0.0617060 0.0492338 0.0044023 0.0731058 0.0732421 0.0768911 0.0772901 
Acrobatidae_Acrobates_pygmaeus               0.0427429 0.0732993 0.0460820 0.0508142 0.0522824 0.0672594 0.0532866 0.0272488 0.0513506 0.0736751 0.0428845 0.0701131 0.0419119 0.0000000 0.0707493 0.0697707 0.0664692 0.0747465 0.0459274 0.0504682 0.0924693 0.0718740 0.0698655 0.0486312 0.0591253 0.0444994 0.0451843 0.0412790 0.0623559 0.0235105 0.0422617 0.0743425 0.0675831 0.0753603 0.0695858 
Dasyuridae_Phascogale_calura                 0.0779731 0.0943477 0.0726507 0.0797493 0.0807941 0.0253272 0.0818007 0.0542756 0.0827916 0.0868796 0.0765821 0.0039578 0.0753979 0.0707493 0.0000000 0.0265710 0.0276433 0.0873580 0.0767734 0.0833042 0.1065832 0.0864114 0.0101706 0.0762175 0.0771125 0.0752784 0.0766429 0.0706369 0.0925560 0.0724526 0.0737183 0.0870028 0.0261558 0.0892109 0.0323254 
Dasyuridae_Sarcophilus_harrisii              0.0803869 0.0923944 0.0720092 0.0801178 0.0811616 0.0097852 0.0851889 0.0529490 0.0821862 0.0874628 0.0772352 0.0279058 0.0754292 0.0697707 0.0265710 0.0000000 0.0276517 0.0898275 0.0773125 0.0849688 0.1070797 0.0849386 0.0263019 0.0766841 0.0765819 0.0783901 0.0781505 0.0740209 0.0941620 0.0754900 0.0737054 0.0896287 0.0102254 0.0892377 0.0322549 
Dasyuridae_Planigale_tenuirostris            0.0767253 0.0882768 0.0683940 0.0794540 0.0805951 0.0235590 0.0831084 0.0480910 0.0834548 0.0870261 0.0709051 0.0286749 0.0714987 0.0664692 0.0276433 0.0276517 0.0000000 0.0883521 0.0761834 0.0815735 0.1053963 0.0800149 0.0267329 0.0778388 0.0754980 0.0751859 0.0762051 0.0670134 0.0857337 0.0706852 0.0702431 0.0908562 0.0257363 0.0891815 0.0181005 
Peramelidae_Echymipera_kalubu                0.0771370 0.0910934 0.0779444 0.0799789 0.0815045 0.0855054 0.0845315 0.0609778 0.0805907 0.0190817 0.0768762 0.0887579 0.0761985 0.0747465 0.0873580 0.0898275 0.0883521 0.0000000 0.0791826 0.0883801 0.1111594 0.0902764 0.0879199 0.0774296 0.0811455 0.0788230 0.0795201 0.0799519 0.0964193 0.0795939 0.0764467 0.0159368 0.0868018 0.0187034 0.0931676 
Macropodidae_Dorcopsulus_vanheurni           0.0528539 0.0797697 0.0544773 0.0205257 0.0214369 0.0759515 0.0607824 0.0307688 0.0228148 0.0800035 0.0504385 0.0766071 0.0475873 0.0459274 0.0767734 0.0773125 0.0761834 0.0791826 0.0000000 0.0615349 0.0993881 0.0765464 0.0767850 0.0309031 0.0679701 0.0548221 0.0088408 0.0503867 0.0691536 0.0540619 0.0469217 0.0806596 0.0791505 0.0813449 0.0796354 
Pseudochiridae_Pseudochirulus_forbesi        0.0602283 0.0863438 0.0578838 0.0633124 0.0643174 0.0805813 0.0666897 0.0386447 0.0662559 0.0854991 0.0579332 0.0826399 0.0553288 0.0504682 0.0833042 0.0849688 0.0815735 0.0883801 0.0615349 0.0000000 0.1030895 0.0824647 0.0837828 0.0628294 0.0693181 0.0302772 0.0589143 0.0161517 0.0677493 0.0534653 0.0564993 0.0867041 0.0802823 0.0862048 0.0819632 
Didelphidae_Didelphis_virginiana             0.0936618 0.1062639 0.0881091 0.1020083 0.1030616 0.1032887 0.0983191 0.0580905 0.1036138 0.1073471 0.0832613 0.1069763 0.0847441 0.0924693 0.1065832 0.1070797 0.1053963 0.1111594 0.0993881 0.1030895 0.0000000 0.0268350 0.1077680 0.0947823 0.0994264 0.0948179 0.0977325 0.0952560 0.1165186 0.0966551 0.0854122 0.1099356 0.1046074 0.1086567 0.1114657 
Marmosidae_Monodelphis_domestica             0.0742988 0.0867612 0.0694475 0.0774240 0.0780269 0.0815878 0.0765302 0.0490535 0.0785544 0.0897958 0.0637812 0.0866912 0.0679225 0.0718740 0.0864114 0.0849386 0.0800149 0.0902764 0.0765464 0.0824647 0.0268350 0.0000000 0.0867349 0.0771273 0.0788495 0.0737021 0.0772876 0.0721343 0.0964982 0.0789146 0.0687551 0.0919384 0.0825849 0.0904987 0.0842259 
Dasyuridae_Antechinus_stuartii               0.0779712 0.0904127 0.0725700 0.0793420 0.0804461 0.0252974 0.0816453 0.0522178 0.0830815 0.0868020 0.0744014 0.0106396 0.0753767 0.0698655 0.0101706 0.0263019 0.0267329 0.0879199 0.0767850 0.0837828 0.1077680 0.0867349 0.0000000 0.0794265 0.0794775 0.0775403 0.0766129 0.0704436 0.0960371 0.0737209 0.0741920 0.0885105 0.0259109 0.0903209 0.0328902 
Hypsiprymnodontidae_Hypsiprymnodon_moschatus 0.0517598 0.0785723 0.0529320 0.0342040 0.0351490 0.0762876 0.0591676 0.0351832 0.0356295 0.0752288 0.0502648 0.0765315 0.0483486 0.0486312 0.0762175 0.0766841 0.0778388 0.0774296 0.0309031 0.0628294 0.0947823 0.0771273 0.0794265 0.0000000 0.0663246 0.0553007 0.0323693 0.0533974 0.0699713 0.0549021 0.0472194 0.0769257 0.0784657 0.0771744 0.0831503 
Microbiotheriidae_Dromiciops_gliroides       0.0658121 0.0870397 0.0607294 0.0693032 0.0707870 0.0729905 0.0717017 0.0457566 0.0724314 0.0810811 0.0610008 0.0780570 0.0597695 0.0591253 0.0771125 0.0765819 0.0754980 0.0811455 0.0679701 0.0693181 0.0994264 0.0788495 0.0794775 0.0663246 0.0000000 0.0647111 0.0679882 0.0615845 0.0818795 0.0602092 0.0591300 0.0815861 0.0748478 0.0819280 0.0843528 
Pseudochiridae_Petauroides_volans            0.0508800 0.0816249 0.0537489 0.0585381 0.0595170 0.0729530 0.0614018 0.0337405 0.0605341 0.0790796 0.0528882 0.0741776 0.0504871 0.0444994 0.0752784 0.0783901 0.0751859 0.0788230 0.0548221 0.0302772 0.0948179 0.0737021 0.0775403 0.0553007 0.0647111 0.0000000 0.0531688 0.0221255 0.0625893 0.0466323 0.0507850 0.0774696 0.0727298 0.0800346 0.0760196 
Macropodidae_Wallabia_bicolor                0.0535499 0.0793630 0.0546567 0.0210440 0.0219588 0.0767889 0.0615142 0.0322229 0.0233412 0.0793932 0.0514320 0.0759949 0.0477443 0.0451843 0.0766429 0.0781505 0.0762051 0.0795201 0.0088408 0.0589143 0.0977325 0.0772876 0.0766129 0.0323693 0.0679882 0.0531688 0.0000000 0.0486117 0.0694006 0.0538359 0.0480067 0.0811236 0.0795156 0.0812369 0.0801512 
Pseudochiridae_Pseudocheirus_occidentalis    0.0517822 0.0806959 0.0516535 0.0536752 0.0542059 0.0697319 0.0593815 0.0269645 0.0573329 0.0778180 0.0502470 0.0704399 0.0487518 0.0412790 0.0706369 0.0740209 0.0670134 0.0799519 0.0503867 0.0161517 0.0952560 0.0721343 0.0704436 0.0533974 0.0615845 0.0221255 0.0486117 0.0000000 0.0570664 0.0457412 0.0495751 0.0793873 0.0700567 0.0780492 0.0771753 
Tarsipedidae_Tarsipes_rostratus              0.0680430 0.0962998 0.0726298 0.0730086 0.0740856 0.0899766 0.0763561 0.0495514 0.0752029 0.0962924 0.0635881 0.0929665 0.0617060 0.0623559 0.0925560 0.0941620 0.0857337 0.0964193 0.0691536 0.0677493 0.1165186 0.0964982 0.0960371 0.0699713 0.0818795 0.0625893 0.0694006 0.0570664 0.0000000 0.0680043 0.0620259 0.0948809 0.0913198 0.0971309 0.0933664 
Acrobatidae_Distoechurus_pennatus            0.0487531 0.0809627 0.0490855 0.0585510 0.0600284 0.0716043 0.0591332 0.0388713 0.0591495 0.0762963 0.0511183 0.0728487 0.0492338 0.0235105 0.0724526 0.0754900 0.0706852 0.0795939 0.0540619 0.0534653 0.0966551 0.0789146 0.0737209 0.0549021 0.0602092 0.0466323 0.0538359 0.0457412 0.0680043 0.0000000 0.0500170 0.0764460 0.0723969 0.0782429 0.0737311 
Phalangeridae_Phalanger_carmelitae           0.0448301 0.0759280 0.0493716 0.0484889 0.0499121 0.0692917 0.0310273 0.0069499 0.0509009 0.0757157 0.0100552 0.0740059 0.0044023 0.0422617 0.0737183 0.0737054 0.0702431 0.0764467 0.0469217 0.0564993 0.0854122 0.0687551 0.0741920 0.0472194 0.0591300 0.0507850 0.0480067 0.0495751 0.0620259 0.0500170 0.0000000 0.0744649 0.0720513 0.0771380 0.0752301 
Peramelidae_Peroryctes_raffrayana            0.0743467 0.0915852 0.0755533 0.0815486 0.0830786 0.0866485 0.0826578 0.0612531 0.0821792 0.0142092 0.0745439 0.0880137 0.0731058 0.0743425 0.0870028 0.0896287 0.0908562 0.0159368 0.0806596 0.0867041 0.1099356 0.0919384 0.0885105 0.0769257 0.0815861 0.0774696 0.0811236 0.0793873 0.0948809 0.0764460 0.0744649 0.0000000 0.0879930 0.0136630 0.0904304 
Dasyuridae_Dasyurus_geffroii                 0.0787404 0.0903137 0.0693635 0.0814941 0.0825078 0.0084822 0.0825282 0.0528993 0.0845515 0.0863258 0.0749649 0.0265804 0.0732421 0.0675831 0.0261558 0.0102254 0.0257363 0.0868018 0.0791505 0.0802823 0.1046074 0.0825849 0.0259109 0.0784657 0.0748478 0.0727298 0.0795156 0.0700567 0.0913198 0.0723969 0.0720513 0.0879930 0.0000000 0.0881672 0.0318641 
Peramelidae_Perameles_gunnii                 0.0748848 0.0905480 0.0748250 0.0801508 0.0817285 0.0868505 0.0862255 0.0625435 0.0812459 0.0013457 0.0785680 0.0901084 0.0768911 0.0753603 0.0892109 0.0892377 0.0891815 0.0187034 0.0813449 0.0862048 0.1086567 0.0904987 0.0903209 0.0771744 0.0819280 0.0800346 0.0812369 0.0780492 0.0971309 0.0782429 0.0771380 0.0136630 0.0881672 0.0000000 0.0889212 
Dasyuridae_Sminthopsis_macroura              0.0759683 0.0977789 0.0727470 0.0830716 0.0837639 0.0308034 0.0884245 0.0426751 0.0875180 0.0889056 0.0783031 0.0345601 0.0772901 0.0695858 0.0323254 0.0322549 0.0181005 0.0931676 0.0796354 0.0819632 0.1114657 0.0842259 0.0328902 0.0831503 0.0843528 0.0760196 0.0801512 0.0771753 0.0933664 0.0737311 0.0752301 0.0904304 0.0318641 0.0889212 0.0000000 
