35
Burramyidae_Burramys_parvus                  0.0000000 0.0787933 0.0634230 0.0619372 0.0638312 0.0949528 0.0470610 0.0490116 0.0679845 0.1007350 0.0518414 0.1014325 0.1196162 0.0487323 0.0537561 0.0971825 0.0954570 0.1061194 0.1021502 0.0593213 0.0586903 0.1195839 0.1129572 0.0969071 0.0611277 0.0823268 0.0578967 0.0616830 0.0596331 0.0891388 0.0603922 0.0502381 0.1071967 0.0972236 0.0998285 
Notoryctidae_Notoryctes_typhlops             0.0787933 0.0000000 0.0840886 0.0871293 0.0877898 0.1058607 0.0748093 0.0776610 0.0920074 0.1104013 0.0776626 0.1114226 0.1270288 0.0781034 0.0772577 0.1086447 0.1058496 0.1171902 0.1089165 0.0824983 0.0781572 0.1271934 0.1203143 0.1080648 0.0881796 0.0867964 0.0786207 0.0872239 0.0828220 0.1145552 0.0836495 0.0785528 0.1078626 0.1088434 0.1084202 
Vombatidae_Lasiorhinus_latifrons             0.0634230 0.0840886 0.0000000 0.0689619 0.0691937 0.0923815 0.0616375 0.0609214 0.0723461 0.0937521 0.0690964 0.0989504 0.1166354 0.0633080 0.0654564 0.0950921 0.0928969 0.1067229 0.0941095 0.0631055 0.0679695 0.1222308 0.1147908 0.0966862 0.0678543 0.0821654 0.0684211 0.0705309 0.0671382 0.0998088 0.0639390 0.0629404 0.1041667 0.0965387 0.0936743 
Potoroidae_Bettongia_penicillata             0.0619372 0.0871293 0.0689619 0.0000000 0.0043759 0.0984393 0.0583120 0.0520110 0.0145859 0.1058475 0.0632761 0.1047234 0.1201545 0.0521513 0.0548365 0.1004043 0.0993485 0.1076512 0.1084456 0.0229177 0.0612357 0.1284646 0.1189965 0.1030305 0.0445816 0.0874502 0.0605502 0.0301580 0.0612216 0.0937511 0.0580081 0.0536999 0.1126589 0.1009493 0.1065009 
Potoroidae_Bettongia_lesueur                 0.0638312 0.0877898 0.0691937 0.0043759 0.0000000 0.1005619 0.0591373 0.0518416 0.0145758 0.1074916 0.0641276 0.1075178 0.1227661 0.0519823 0.0563079 0.1030391 0.1014730 0.1103951 0.1110402 0.0236809 0.0618624 0.1295752 0.1186310 0.1056791 0.0448304 0.0885373 0.0603586 0.0296919 0.0602623 0.0937011 0.0586408 0.0535257 0.1140035 0.1035569 0.1086054 
Dasyuridae_Dasyurus_maculatus                0.0949528 0.1058607 0.0923815 0.0984393 0.1005619 0.0000000 0.0689170 0.0957700 0.1037203 0.1183648 0.0791844 0.0222379 0.0492220 0.0955105 0.0980619 0.0202495 0.0044995 0.0371193 0.1196372 0.0941715 0.0967265 0.1444805 0.1359941 0.0219261 0.0953529 0.1130325 0.0975470 0.1033633 0.1023253 0.1378877 0.1008532 0.0951108 0.1251562 0.0051511 0.1176393 
Phalangeridae_Trichosurus_vulpecula          0.0470610 0.0748093 0.0616375 0.0583120 0.0591373 0.0689170 0.0000000 0.0237943 0.0646707 0.0817639 0.0281060 0.0738872 0.1035623 0.0194346 0.0441623 0.0711835 0.0661629 0.0893317 0.0843309 0.0536706 0.0547377 0.1170005 0.1066039 0.0713702 0.0520927 0.0732928 0.0540933 0.0631474 0.0752343 0.1196854 0.0484985 0.0188426 0.0962617 0.0702922 0.0837516 
Phalangeridae_Spilocuscus_maculatus          0.0490116 0.0776610 0.0609214 0.0520110 0.0518416 0.0957700 0.0237943 0.0000000 0.0550890 0.0983154 0.0130831 0.0982807 0.1117084 0.0119043 0.0459874 0.0954509 0.0953019 0.1028758 0.1006667 0.0480516 0.0555465 0.1163050 0.1146124 0.0930882 0.0551718 0.0762315 0.0536320 0.0526695 0.0561417 0.0883124 0.0557670 0.0099393 0.1055851 0.0989472 0.0991889 
Potoroidae_Aepyprymnus_rufescens             0.0679845 0.0920074 0.0723461 0.0145859 0.0145758 0.1037203 0.0646707 0.0550890 0.0000000 0.1134723 0.0697223 0.1102560 0.1276418 0.0552750 0.0562482 0.1060125 0.1056073 0.1150177 0.1148308 0.0253258 0.0648286 0.1349111 0.1256537 0.1085915 0.0470796 0.0912648 0.0650097 0.0338425 0.0655794 0.0980460 0.0608138 0.0568538 0.1145456 0.1067753 0.1128225 
Peramelidae_Perameles_nasuta                 0.1007350 0.1104013 0.0937521 0.1058475 0.1074916 0.1183648 0.0817639 0.0983154 0.1134723 0.0000000 0.0874354 0.1250031 0.1462979 0.0992898 0.0995522 0.1214629 0.1169953 0.1328330 0.0197163 0.1054260 0.1073952 0.1361386 0.1348753 0.1198847 0.1004702 0.1074643 0.1048772 0.1089048 0.1016880 0.1357843 0.1034493 0.0992635 0.0228688 0.1194587 0.0006419 
Phalangeridae_Strigocuscus_pelengensis       0.0518414 0.0776626 0.0690964 0.0632761 0.0641276 0.0791844 0.0281060 0.0130831 0.0697223 0.0874354 0.0000000 0.0827480 0.1169858 0.0101105 0.0481450 0.0787142 0.0763418 0.0988289 0.0899137 0.0612666 0.0622221 0.1292469 0.1188775 0.0800150 0.0569262 0.0835549 0.0570255 0.0664838 0.0806931 0.1231141 0.0592442 0.0095384 0.0971011 0.0806002 0.0908026 
Dasyuridae_Phascogale_tapoatafa              0.1014325 0.1114226 0.0989504 0.1047234 0.1075178 0.0222379 0.0738872 0.0982807 0.1102560 0.1250031 0.0827480 0.0000000 0.0557676 0.0972200 0.1030769 0.0033592 0.0215010 0.0390373 0.1267988 0.0996011 0.1000009 0.1469948 0.1398046 0.0088873 0.1014300 0.1132807 0.1025133 0.1092174 0.1094892 0.1451510 0.1023356 0.0972599 0.1333306 0.0237411 0.1237744 
Dasyuridae_Sminthopsis_macroura              0.1196162 0.1270288 0.1166354 0.1201545 0.1227661 0.0492220 0.1035623 0.1117084 0.1276418 0.1462979 0.1169858 0.0557676 0.0000000 0.1138176 0.1194669 0.0532233 0.0491915 0.0420831 0.1455417 0.1157168 0.1176223 0.1654707 0.1595871 0.0530474 0.1168743 0.1300339 0.1210463 0.1186471 0.1331741 0.1687502 0.1200203 0.1138559 0.1527009 0.0535677 0.1442575 
Phalangeridae_Phalanger_orientalis           0.0487323 0.0781034 0.0633080 0.0521513 0.0519823 0.0955105 0.0194346 0.0119043 0.0552750 0.0992898 0.0101105 0.0972200 0.1138176 0.0000000 0.0461637 0.0948748 0.0950455 0.1023224 0.1005306 0.0490238 0.0555063 0.1179114 0.1167689 0.0931565 0.0568141 0.0770151 0.0541767 0.0540018 0.0594248 0.0905393 0.0542863 0.0025113 0.1068857 0.0986679 0.0999301 
Acrobatidae_Acrobates_pygmaeus               0.0537561 0.0772577 0.0654564 0.0548365 0.0563079 0.0980619 0.0441623 0.0459874 0.0562482 0.0995522 0.0481450 0.1030769 0.1194669 0.0461637 0.0000000 0.0993769 0.0984822 0.1055461 0.0994337 0.0520480 0.0513088 0.1184461 0.1130296 0.1004235 0.0556666 0.0812345 0.0499671 0.0603871 0.0575100 0.0837809 0.0374638 0.0473256 0.1033428 0.0989868 0.0974907 
Dasyuridae_Phascogale_calura                 0.0971825 0.1086447 0.0950921 0.1004043 0.1030391 0.0202495 0.0711835 0.0954509 0.1060125 0.1214629 0.0787142 0.0033592 0.0532233 0.0948748 0.0993769 0.0000000 0.0195480 0.0397573 0.1225492 0.0965820 0.0983696 0.1464633 0.1385148 0.0081900 0.0980591 0.1106622 0.1000461 0.1045902 0.1049082 0.1401179 0.1007090 0.0949126 0.1287699 0.0216787 0.1211486 
Dasyuridae_Sarcophilus_harrisii              0.0954570 0.1058496 0.0928969 0.0993485 0.1014730 0.0044995 0.0661629 0.0953019 0.1056073 0.1169953 0.0763418 0.0215010 0.0491915 0.0950455 0.0984822 0.0195480 0.0000000 0.0370452 0.1173628 0.0950915 0.0971395 0.1433068 0.1348721 0.0212225 0.0966558 0.1118106 0.0979649 0.1037934 0.1041409 0.1399155 0.1012708 0.0946461 0.1230647 0.0064585 0.1163082 
Dasyuridae_Planigale_tenuirostris            0.1061194 0.1171902 0.1067229 0.1076512 0.1103951 0.0371193 0.0893317 0.1028758 0.1150177 0.1328330 0.0988289 0.0390373 0.0420831 0.1023224 0.1055461 0.0397573 0.0370452 0.0000000 0.1312786 0.1061519 0.1035518 0.1463592 0.1445842 0.0388416 0.1047859 0.1159878 0.1060578 0.1113702 0.1158411 0.1441603 0.1077794 0.1014391 0.1362790 0.0402864 0.1300859 
Peramelidae_Echymipera_kalubu                0.1021502 0.1089165 0.0941095 0.1084456 0.1110402 0.1196372 0.0843309 0.1006667 0.1148308 0.0197163 0.0899137 0.1267988 0.1455417 0.1005306 0.0994337 0.1225492 0.1173628 0.1312786 0.0000000 0.1041057 0.1085091 0.1354881 0.1366616 0.1207611 0.1013785 0.1087409 0.1060276 0.1125510 0.1051759 0.1372533 0.1043839 0.1005044 0.0217763 0.1206863 0.0199075 
Macropodidae_Dorcopsulus_vanheurni           0.0593213 0.0824983 0.0631055 0.0229177 0.0236809 0.0941715 0.0536706 0.0480516 0.0253258 0.1054260 0.0612666 0.0996011 0.1157168 0.0490238 0.0520480 0.0965820 0.0950915 0.1061519 0.1041057 0.0000000 0.0567786 0.1273988 0.1149174 0.0998137 0.0404471 0.0814194 0.0585926 0.0186689 0.0581370 0.0891366 0.0568641 0.0505974 0.1129603 0.0971830 0.1040533 
Pseudochiridae_Pseudochirulus_forbesi        0.0586903 0.0781572 0.0679695 0.0612357 0.0618624 0.0967265 0.0547377 0.0555465 0.0648286 0.1073952 0.0622221 0.1000009 0.1176223 0.0555063 0.0513088 0.0983696 0.0971395 0.1035518 0.1085091 0.0567786 0.0000000 0.1196477 0.1107093 0.0984600 0.0572684 0.0825455 0.0309775 0.0636229 0.0252286 0.0755840 0.0539312 0.0543862 0.1141857 0.0981404 0.1065072 
Didelphidae_Didelphis_virginiana             0.1195839 0.1271934 0.1222308 0.1284646 0.1295752 0.1444805 0.1170005 0.1163050 0.1349111 0.1361386 0.1292469 0.1469948 0.1654707 0.1179114 0.1184461 0.1464633 0.1433068 0.1463592 0.1354881 0.1273988 0.1196477 0.0000000 0.0425453 0.1480591 0.1231768 0.1186376 0.1228884 0.1316717 0.1239717 0.1654139 0.1198074 0.1174771 0.1398861 0.1461465 0.1355270 
Marmosidae_Monodelphis_domestica             0.1129572 0.1203143 0.1147908 0.1189965 0.1186310 0.1359941 0.1066039 0.1146124 0.1256537 0.1348753 0.1188775 0.1398046 0.1595871 0.1167689 0.1130296 0.1385148 0.1348721 0.1445842 0.1366616 0.1149174 0.1107093 0.0425453 0.0000000 0.1398986 0.1123885 0.1120115 0.1161428 0.1202060 0.1091878 0.1467451 0.1136053 0.1163438 0.1421175 0.1371893 0.1358663 
Dasyuridae_Antechinus_stuartii               0.0969071 0.1080648 0.0966862 0.1030305 0.1056791 0.0219261 0.0713702 0.0930882 0.1085915 0.1198847 0.0800150 0.0088873 0.0530474 0.0931565 0.1004235 0.0081900 0.0212225 0.0388416 0.1207611 0.0998137 0.0984600 0.1480591 0.1398986 0.0000000 0.0996116 0.1127708 0.1009336 0.1056721 0.1046855 0.1333710 0.1005841 0.0931941 0.1235669 0.0237324 0.1194938 
Hypsiprymnodontidae_Hypsiprymnodon_moschatus 0.0611277 0.0881796 0.0678543 0.0445816 0.0448304 0.0953529 0.0520927 0.0551718 0.0470796 0.1004702 0.0569262 0.1014300 0.1168743 0.0568141 0.0556666 0.0980591 0.0966558 0.1047859 0.1013785 0.0404471 0.0572684 0.1231768 0.1123885 0.0996116 0.0000000 0.0825900 0.0571590 0.0455845 0.0605662 0.0945734 0.0613309 0.0563745 0.1091618 0.0983003 0.1016849 
Microbiotheriidae_Dromiciops_gliroides       0.0823268 0.0867964 0.0821654 0.0874502 0.0885373 0.1130325 0.0732928 0.0762315 0.0912648 0.1074643 0.0835549 0.1132807 0.1300339 0.0770151 0.0812345 0.1106622 0.1118106 0.1159878 0.1087409 0.0814194 0.0825455 0.1186376 0.1120115 0.1127708 0.0825900 0.0000000 0.0793535 0.0867288 0.0810313 0.1138393 0.0840423 0.0765745 0.1130426 0.1153533 0.1067012 
Pseudochiridae_Petauroides_volans            0.0578967 0.0786207 0.0684211 0.0605502 0.0603586 0.0975470 0.0540933 0.0536320 0.0650097 0.1048772 0.0570255 0.1025133 0.1210463 0.0541767 0.0499671 0.1000461 0.0979649 0.1060578 0.1060276 0.0585926 0.0309775 0.1228884 0.1161428 0.1009336 0.0571590 0.0793535 0.0000000 0.0633906 0.0356153 0.0782621 0.0553709 0.0530499 0.1084843 0.0998754 0.1036489 
Macropodidae_Wallabia_bicolor                0.0616830 0.0872239 0.0705309 0.0301580 0.0296919 0.1033633 0.0631474 0.0526695 0.0338425 0.1089048 0.0664838 0.1092174 0.1186471 0.0540018 0.0603871 0.1045902 0.1037934 0.1113702 0.1125510 0.0186689 0.0636229 0.1316717 0.1202060 0.1056721 0.0455845 0.0867288 0.0633906 0.0000000 0.0652227 0.0970841 0.0661225 0.0551188 0.1191814 0.1057740 0.1090977 
Pseudochiridae_Pseudocheirus_occidentalis    0.0596331 0.0828220 0.0671382 0.0612216 0.0602623 0.1023253 0.0752343 0.0561417 0.0655794 0.1016880 0.0806931 0.1094892 0.1331741 0.0594248 0.0575100 0.1049082 0.1041409 0.1158411 0.1051759 0.0581370 0.0252286 0.1239717 0.1091878 0.1046855 0.0605662 0.0810313 0.0356153 0.0652227 0.0000000 0.0758723 0.0583341 0.0579255 0.1064362 0.1054915 0.1031269 
Tarsipedidae_Tarsipes_rostratus              0.0891388 0.1145552 0.0998088 0.0937511 0.0937011 0.1378877 0.1196854 0.0883124 0.0980460 0.1357843 0.1231141 0.1451510 0.1687502 0.0905393 0.0837809 0.1401179 0.1399155 0.1441603 0.1372533 0.0891366 0.0755840 0.1654139 0.1467451 0.1333710 0.0945734 0.1138393 0.0782621 0.0970841 0.0758723 0.0000000 0.0857953 0.0909995 0.1281924 0.1412209 0.1371499 
Acrobatidae_Distoechurus_pennatus            0.0603922 0.0836495 0.0639390 0.0580081 0.0586408 0.1008532 0.0484985 0.0557670 0.0608138 0.1034493 0.0592442 0.1023356 0.1200203 0.0542863 0.0374638 0.1007090 0.1012708 0.1077794 0.1043839 0.0568641 0.0539312 0.1198074 0.1136053 0.1005841 0.0613309 0.0840423 0.0553709 0.0661225 0.0583341 0.0857953 0.0000000 0.0546985 0.1128181 0.1022899 0.1032240 
Phalangeridae_Phalanger_carmelitae           0.0502381 0.0785528 0.0629404 0.0536999 0.0535257 0.0951108 0.0188426 0.0099393 0.0568538 0.0992635 0.0095384 0.0972599 0.1138559 0.0025113 0.0473256 0.0949126 0.0946461 0.1014391 0.1005044 0.0505974 0.0543862 0.1174771 0.1163438 0.0931941 0.0563745 0.0765745 0.0530499 0.0551188 0.0579255 0.0909995 0.0546985 0.0000000 0.1078900 0.0982651 0.0999042 
Peramelidae_Peroryctes_raffrayana            0.1071967 0.1078626 0.1041667 0.1126589 0.1140035 0.1251562 0.0962617 0.1055851 0.1145456 0.0228688 0.0971011 0.1333306 0.1527009 0.1068857 0.1033428 0.1287699 0.1230647 0.1362790 0.0217763 0.1129603 0.1141857 0.1398861 0.1421175 0.1235669 0.1091618 0.1130426 0.1084843 0.1191814 0.1064362 0.1281924 0.1128181 0.1078900 0.0000000 0.1258775 0.0228551 
Dasyuridae_Dasyurus_geffroii                 0.0972236 0.1088434 0.0965387 0.1009493 0.1035569 0.0051511 0.0702922 0.0989472 0.1067753 0.1194587 0.0806002 0.0237411 0.0535677 0.0986679 0.0989868 0.0216787 0.0064585 0.0402864 0.1206863 0.0971830 0.0981404 0.1461465 0.1371893 0.0237324 0.0983003 0.1153533 0.0998754 0.1057740 0.1054915 0.1412209 0.1022899 0.0982651 0.1258775 0.0000000 0.1187022 
Peramelidae_Perameles_gunnii                 0.0998285 0.1084202 0.0936743 0.1065009 0.1086054 0.1176393 0.0837516 0.0991889 0.1128225 0.0006419 0.0908026 0.1237744 0.1442575 0.0999301 0.0974907 0.1211486 0.1163082 0.1300859 0.0199075 0.1040533 0.1065072 0.1355270 0.1358663 0.1194938 0.1016849 0.1067012 0.1036489 0.1090977 0.1031269 0.1371499 0.1032240 0.0999042 0.0228551 0.1187022 0.0000000 
