37
Burramyidae_Burramys_parvus                  0.0000000 0.0792945 0.0535119 0.0647705 0.0620527 0.0909244 0.0392259 0.0497273 0.0613879 0.0832448 0.0530786 0.0684325 0.0726650 0.0488052 0.0486925 0.0847181 0.0924419 0.0674912 0.0801177 0.0700392 0.0747237 0.0857859 0.0863136 0.0667738 0.0485693 0.0730500 0.0609888 0.0590658 0.0648429 0.0687285 0.0419496 0.0488517 0.0914299 0.0936735 0.0812937 0.4569391 0.4569391 
Notoryctidae_Notoryctes_typhlops             0.0792945 0.0000000 0.0848170 0.1088803 0.1052424 0.1128980 0.0738537 0.0820821 0.1042423 0.1110237 0.0837971 0.0903221 0.0918269 0.0811252 0.0852864 0.1071898 0.1151042 0.0912401 0.1061167 0.1063819 0.1020850 0.0997214 0.0957195 0.0976797 0.0860569 0.0888895 0.0998206 0.0956282 0.0993208 0.1001889 0.0815609 0.0812788 0.1124112 0.1151161 0.1073668 0.3035510 0.3035510 
Vombatidae_Lasiorhinus_latifrons             0.0535119 0.0848170 0.0000000 0.0756277 0.0748603 0.0999554 0.0525367 0.0631930 0.0744771 0.0986087 0.0627467 0.0795166 0.0821166 0.0637568 0.0618718 0.0975603 0.1018359 0.0755349 0.0931054 0.0784684 0.0797672 0.0978725 0.0969936 0.0777725 0.0593307 0.0781725 0.0701299 0.0674480 0.0728093 0.0759279 0.0547792 0.0628571 0.1046676 0.1020140 0.0939685 0.3115521 0.3115521 
Potoroidae_Bettongia_penicillata             0.0647705 0.1088803 0.0756277 0.0000000 0.0074732 0.1166295 0.0651280 0.0804105 0.0181173 0.1075253 0.0776344 0.0949606 0.0988125 0.0753819 0.0711345 0.1119241 0.1210236 0.0884938 0.1008622 0.0498952 0.0966293 0.1103468 0.1127719 0.0942790 0.0410650 0.0990245 0.0848443 0.0355913 0.0913157 0.0912989 0.0668172 0.0733914 0.1139876 0.1193871 0.1003864 0.3838182 0.3838182 
Potoroidae_Bettongia_lesueur                 0.0620527 0.1052424 0.0748603 0.0074732 0.0000000 0.1122609 0.0634449 0.0766183 0.0151087 0.1085677 0.0748536 0.0903535 0.0957722 0.0721081 0.0690401 0.1069982 0.1164397 0.0864226 0.1007164 0.0487901 0.0948067 0.1087239 0.1111611 0.0903299 0.0396086 0.0953862 0.0840478 0.0349867 0.0899954 0.0894364 0.0641537 0.0711326 0.1132181 0.1149665 0.1013118 0.3838182 0.3838182 
Dasyuridae_Dasyurus_maculatus                0.0909244 0.1128980 0.0999554 0.1166295 0.1122609 0.0000000 0.0859543 0.0971907 0.1109658 0.1141167 0.0995307 0.0333561 0.0416138 0.1007291 0.0924690 0.0286720 0.0108277 0.0391566 0.1167997 0.1205604 0.1234046 0.1143288 0.1153265 0.0372393 0.0999682 0.1040298 0.1120320 0.1089765 0.1197975 0.1176824 0.0922926 0.0997550 0.1167140 0.0043603 0.1177508 0.1265143 0.1265143 
Phalangeridae_Trichosurus_vulpecula          0.0392259 0.0738537 0.0525367 0.0651280 0.0634449 0.0859543 0.0000000 0.0253913 0.0613688 0.0886291 0.0262493 0.0672000 0.0677729 0.0237896 0.0477816 0.0839933 0.0895097 0.0612486 0.0820993 0.0691249 0.0758107 0.0844794 0.0852518 0.0650580 0.0508605 0.0729898 0.0632487 0.0598864 0.0682498 0.0688768 0.0419184 0.0233935 0.0951363 0.0884471 0.0842909 0.3501076 0.3501076 
Phalangeridae_Spilocuscus_maculatus          0.0497273 0.0820821 0.0631930 0.0804105 0.0766183 0.0971907 0.0253913 0.0000000 0.0745651 0.1035341 0.0145208 0.0779445 0.0784953 0.0123348 0.0571975 0.0940145 0.1005990 0.0718171 0.1021674 0.0798964 0.0855366 0.0972438 0.0989576 0.0739945 0.0636945 0.0860316 0.0703327 0.0673301 0.0761399 0.0816243 0.0538344 0.0118747 0.1060349 0.1012666 0.1035045 0.4485694 0.4485694 
Potoroidae_Aepyprymnus_rufescens             0.0613879 0.1042423 0.0744771 0.0181173 0.0151087 0.1109658 0.0613688 0.0745651 0.0000000 0.1046505 0.0728155 0.0880979 0.0914285 0.0702204 0.0665915 0.1069283 0.1145387 0.0850763 0.1006695 0.0473885 0.0904131 0.1065168 0.1081182 0.0886539 0.0397644 0.0912984 0.0784249 0.0337758 0.0832826 0.0905543 0.0630954 0.0692238 0.1061317 0.1131554 0.1002451 0.3878349 0.3878349 
Peramelidae_Perameles_nasuta                 0.0832448 0.1110237 0.0986087 0.1075253 0.1085677 0.1141167 0.0886291 0.1035341 0.1046505 0.0000000 0.1030672 0.1024461 0.1039470 0.0997704 0.0950859 0.1150822 0.1202513 0.0906466 0.0130670 0.1166925 0.1143029 0.1187014 0.1228010 0.1052786 0.0950729 0.1025646 0.1012798 0.1019037 0.1121033 0.1127263 0.0926552 0.1012067 0.0177831 0.1207358 0.0013201 0.2986096 0.2986096 
Phalangeridae_Strigocuscus_pelengensis       0.0530786 0.0837971 0.0627467 0.0776344 0.0748536 0.0995307 0.0262493 0.0145208 0.0728155 0.1030672 0.0000000 0.0782812 0.0788738 0.0144303 0.0551189 0.0975117 0.1036111 0.0724224 0.0953775 0.0736534 0.0821734 0.0954143 0.0957409 0.0753570 0.0594649 0.0827320 0.0703876 0.0639161 0.0751396 0.0761393 0.0522143 0.0140143 0.1072796 0.1022832 0.0971708 0.4586506 0.4586506 
Dasyuridae_Phascogale_tapoatafa              0.0684325 0.0903221 0.0795166 0.0949606 0.0903535 0.0333561 0.0672000 0.0779445 0.0880979 0.1024461 0.0782812 0.0000000 0.0219439 0.0789909 0.0706588 0.0256910 0.0347899 0.0201745 0.0994027 0.0981058 0.1014345 0.0927396 0.0912278 0.0046145 0.0799050 0.0831268 0.0892486 0.0877733 0.0981626 0.0953575 0.0687256 0.0780442 0.1046953 0.0352793 0.0996629 0.1254043 0.1254043 
Dasyuridae_Sminthopsis_macroura              0.0726650 0.0918269 0.0821166 0.0988125 0.0957722 0.0416138 0.0677729 0.0784953 0.0914285 0.1039470 0.0788738 0.0219439 0.0000000 0.0784747 0.0753203 0.0377194 0.0431916 0.0182083 0.0987546 0.1003568 0.1048838 0.0909957 0.0879328 0.0231566 0.0839958 0.0875197 0.0922665 0.0910607 0.1000631 0.0981137 0.0736317 0.0785624 0.1075517 0.0440565 0.1001952 0.1281031 0.1281031 
Phalangeridae_Phalanger_orientalis           0.0488052 0.0811252 0.0637568 0.0753819 0.0721081 0.1007291 0.0237896 0.0123348 0.0702204 0.0997704 0.0144303 0.0789909 0.0784747 0.0000000 0.0541443 0.0982321 0.1050234 0.0730892 0.0934334 0.0748471 0.0827456 0.0944084 0.0941030 0.0745822 0.0576965 0.0815009 0.0697857 0.0630286 0.0738268 0.0788047 0.0493988 0.0035564 0.1046812 0.1034151 0.0946030 0.4298990 0.4298990 
Acrobatidae_Acrobates_pygmaeus               0.0486925 0.0852864 0.0618718 0.0711345 0.0690401 0.0924690 0.0477816 0.0571975 0.0665915 0.0950859 0.0551189 0.0706588 0.0753203 0.0541443 0.0000000 0.0894742 0.0956939 0.0699123 0.0883686 0.0762645 0.0707672 0.0918377 0.0919701 0.0736475 0.0525131 0.0760255 0.0654283 0.0661530 0.0679190 0.0654707 0.0282465 0.0542003 0.0976341 0.0940107 0.0907300 0.3056652 0.3056652 
Dasyuridae_Phascogale_calura                 0.0847181 0.1071898 0.0975603 0.1119241 0.1069982 0.0286720 0.0839933 0.0940145 0.1069283 0.1150822 0.0975117 0.0256910 0.0377194 0.0982321 0.0894742 0.0000000 0.0310209 0.0349121 0.1155516 0.1169477 0.1168555 0.1137690 0.1124704 0.0310936 0.0970964 0.0986964 0.1064585 0.1042371 0.1158972 0.1125473 0.0872787 0.0972502 0.1159663 0.0296232 0.1169595 0.1254043 0.1254043 
Dasyuridae_Sarcophilus_harrisii              0.0924419 0.1151042 0.1018359 0.1210236 0.1164397 0.0108277 0.0895097 0.1005990 0.1145387 0.1202513 0.1036111 0.0347899 0.0431916 0.1050234 0.0956939 0.0310209 0.0000000 0.0393215 0.1231187 0.1257510 0.1253008 0.1189850 0.1168932 0.0404183 0.1051240 0.1072502 0.1132787 0.1153010 0.1213829 0.1198047 0.0956927 0.1040088 0.1238913 0.0116784 0.1235977 0.1269191 0.1269191 
Dasyuridae_Planigale_tenuirostris            0.0674912 0.0912401 0.0755349 0.0884938 0.0864226 0.0391566 0.0612486 0.0718171 0.0850763 0.0906466 0.0724224 0.0201745 0.0182083 0.0730892 0.0699123 0.0349121 0.0393215 0.0000000 0.0857446 0.0898578 0.0991020 0.0896228 0.0881083 0.0213755 0.0758938 0.0815150 0.0877009 0.0816262 0.0965982 0.0907040 0.0676979 0.0720583 0.0949354 0.0407622 0.0886631 0.1238288 0.1238288 
Peramelidae_Echymipera_kalubu                0.0801177 0.1061167 0.0931054 0.1008622 0.1007164 0.1167997 0.0820993 0.1021674 0.1006695 0.0130670 0.0953775 0.0994027 0.0987546 0.0934334 0.0883686 0.1155516 0.1231187 0.0857446 0.0000000 0.1059337 0.1145690 0.1117095 0.1166249 0.1010292 0.0854510 0.0967634 0.0978937 0.0941296 0.1096462 0.1049959 0.0875368 0.0941075 0.0161254 0.1220268 0.0135718 0.3596536 0.3596536 
Macropodidae_Dorcopsulus_vanheurni           0.0700392 0.1063819 0.0784684 0.0498952 0.0487901 0.1205604 0.0691249 0.0798964 0.0473885 0.1166925 0.0736534 0.0981058 0.1003568 0.0748471 0.0762645 0.1169477 0.1257510 0.0898578 0.1059337 0.0000000 0.0986467 0.1188978 0.1216444 0.1013136 0.0491256 0.1005941 0.0883874 0.0271580 0.0943272 0.0968214 0.0705833 0.0738617 0.1219165 0.1233698 0.1076985 0.3344907 0.3344907 
Pseudochiridae_Pseudochirulus_forbesi        0.0747237 0.1020850 0.0797672 0.0966293 0.0948067 0.1234046 0.0758107 0.0855366 0.0904131 0.1143029 0.0821734 0.1014345 0.1048838 0.0827456 0.0707672 0.1168555 0.1253008 0.0991020 0.1145690 0.0986467 0.0000000 0.1152758 0.1152452 0.1062834 0.0803645 0.0960543 0.0521767 0.0883887 0.0179883 0.0846749 0.0647322 0.0828372 0.1178654 0.1246115 0.1136536 0.3200519 0.3200519 
Didelphidae_Didelphis_virginiana             0.0857859 0.0997214 0.0978725 0.1103468 0.1087239 0.1143288 0.0844794 0.0972438 0.1065168 0.1187014 0.0954143 0.0927396 0.0909957 0.0944084 0.0918377 0.1137690 0.1189850 0.0896228 0.1117095 0.1188978 0.1152758 0.0000000 0.0280980 0.0951727 0.0914748 0.0987313 0.1027150 0.1018805 0.1098013 0.1063299 0.0863790 0.0934305 0.1221357 0.1182824 0.1114172 0.5041380 0.5041380 
Marmosidae_Monodelphis_domestica             0.0863136 0.0957195 0.0969936 0.1127719 0.1111611 0.1153265 0.0852518 0.0989576 0.1081182 0.1228010 0.0957409 0.0912278 0.0879328 0.0941030 0.0919701 0.1124704 0.1168932 0.0881083 0.1166249 0.1216444 0.1152452 0.0280980 0.0000000 0.0963553 0.0928129 0.0979187 0.1073425 0.1055548 0.1128980 0.1115927 0.0886257 0.0941988 0.1281591 0.1181684 0.1146573 0.3663166 0.3663166 
Dasyuridae_Antechinus_stuartii               0.0667738 0.0976797 0.0777725 0.0942790 0.0903299 0.0372393 0.0650580 0.0739945 0.0886539 0.1052786 0.0753570 0.0046145 0.0231566 0.0745822 0.0736475 0.0310936 0.0404183 0.0213755 0.1010292 0.1013136 0.1062834 0.0951727 0.0963553 0.0000000 0.0816748 0.0844598 0.0939415 0.0901154 0.0990537 0.0957427 0.0687752 0.0740947 0.1120435 0.0399269 0.1015210 9.0000000 9.0000000 
Hypsiprymnodontidae_Hypsiprymnodon_moschatus 0.0485693 0.0860569 0.0593307 0.0410650 0.0396086 0.0999682 0.0508605 0.0636945 0.0397644 0.0950729 0.0594649 0.0799050 0.0839958 0.0576965 0.0525131 0.0970964 0.1051240 0.0758938 0.0854510 0.0491256 0.0803645 0.0914748 0.0928129 0.0816748 0.0000000 0.0792172 0.0677191 0.0394336 0.0741456 0.0742735 0.0492800 0.0563206 0.0948627 0.1026336 0.0884270 0.3413251 0.3413251 
Microbiotheriidae_Dromiciops_gliroides       0.0730500 0.0888895 0.0781725 0.0990245 0.0953862 0.1040298 0.0729898 0.0860316 0.0912984 0.1025646 0.0827320 0.0831268 0.0875197 0.0815009 0.0760255 0.0986964 0.1072502 0.0815150 0.0967634 0.1005941 0.0960543 0.0987313 0.0979187 0.0844598 0.0792172 0.0000000 0.0876721 0.0913190 0.0879792 0.0874177 0.0713882 0.0805348 0.1042568 0.1062561 0.0996761 0.3857680 0.3857680 
Pseudochiridae_Petauroides_volans            0.0609888 0.0998206 0.0701299 0.0848443 0.0840478 0.1120320 0.0632487 0.0703327 0.0784249 0.1012798 0.0703876 0.0892486 0.0922665 0.0697857 0.0654283 0.1064585 0.1132787 0.0877009 0.0978937 0.0883874 0.0521767 0.1027150 0.1073425 0.0939415 0.0677191 0.0876721 0.0000000 0.0778598 0.0467913 0.0743725 0.0573218 0.0708553 0.1012663 0.1137863 0.1010776 0.4011976 0.4011976 
Macropodidae_Wallabia_bicolor                0.0590658 0.0956282 0.0674480 0.0355913 0.0349867 0.1089765 0.0598864 0.0673301 0.0337758 0.1019037 0.0639161 0.0877733 0.0910607 0.0630286 0.0661530 0.1042371 0.1153010 0.0816262 0.0941296 0.0271580 0.0883887 0.1018805 0.1055548 0.0901154 0.0394336 0.0913190 0.0778598 0.0000000 0.0829220 0.0833009 0.0611975 0.0620712 0.1046923 0.1116620 0.0954133 0.3221732 0.3221732 
Pseudochiridae_Pseudocheirus_occidentalis    0.0648429 0.0993208 0.0728093 0.0913157 0.0899954 0.1197975 0.0682498 0.0761399 0.0832826 0.1121033 0.0751396 0.0981626 0.1000631 0.0738268 0.0679190 0.1158972 0.1213829 0.0965982 0.1096462 0.0943272 0.0179883 0.1098013 0.1128980 0.0990537 0.0741456 0.0879792 0.0467913 0.0829220 0.0000000 0.0839996 0.0601442 0.0733236 0.1131624 0.1226153 0.1087221 0.3698972 0.3698972 
Tarsipedidae_Tarsipes_rostratus              0.0687285 0.1001889 0.0759279 0.0912989 0.0894364 0.1176824 0.0688768 0.0816243 0.0905543 0.1127263 0.0761393 0.0953575 0.0981137 0.0788047 0.0654707 0.1125473 0.1198047 0.0907040 0.1049959 0.0968214 0.0846749 0.1063299 0.1115927 0.0957427 0.0742735 0.0874177 0.0743725 0.0833009 0.0839996 0.0000000 0.0593668 0.0778354 0.1185500 0.1195523 0.1081842 0.4222378 0.4222378 
Acrobatidae_Distoechurus_pennatus            0.0419496 0.0815609 0.0547792 0.0668172 0.0641537 0.0922926 0.0419184 0.0538344 0.0630954 0.0926552 0.0522143 0.0687256 0.0736317 0.0493988 0.0282465 0.0872787 0.0956927 0.0676979 0.0875368 0.0705833 0.0647322 0.0863790 0.0886257 0.0687752 0.0492800 0.0713882 0.0573218 0.0611975 0.0601442 0.0593668 0.0000000 0.0498731 0.1001188 0.0932873 0.0882785 0.3674324 0.3674324 
Phalangeridae_Phalanger_carmelitae           0.0488517 0.0812788 0.0628571 0.0733914 0.0711326 0.0997550 0.0233935 0.0118747 0.0692238 0.1012067 0.0140143 0.0780442 0.0785624 0.0035564 0.0542003 0.0972502 0.1040088 0.0720583 0.0941075 0.0738617 0.0828372 0.0934305 0.0941988 0.0740947 0.0563206 0.0805348 0.0708553 0.0620712 0.0733236 0.0778354 0.0498731 0.0000000 0.1055071 0.1024338 0.0958520 0.4523137 0.4523137 
Peramelidae_Peroryctes_raffrayana            0.0914299 0.1124112 0.1046676 0.1139876 0.1132181 0.1167140 0.0951363 0.1060349 0.1061317 0.0177831 0.1072796 0.1046953 0.1075517 0.1046812 0.0976341 0.1159663 0.1238913 0.0949354 0.0161254 0.1219165 0.1178654 0.1221357 0.1281591 0.1120435 0.0948627 0.1042568 0.1012663 0.1046923 0.1131624 0.1185500 0.1001188 0.1055071 0.0000000 0.1213938 0.0181482 0.3411155 0.3411155 
Dasyuridae_Dasyurus_geffroii                 0.0936735 0.1151161 0.1020140 0.1193871 0.1149665 0.0043603 0.0884471 0.1012666 0.1131554 0.1207358 0.1022832 0.0352793 0.0440565 0.1034151 0.0940107 0.0296232 0.0116784 0.0407622 0.1220268 0.1233698 0.1246115 0.1182824 0.1181684 0.0399269 0.1026336 0.1062561 0.1137863 0.1116620 0.1226153 0.1195523 0.0932873 0.1024338 0.1213938 0.0000000 0.1234792 0.1268655 0.1268655 
Peramelidae_Perameles_gunnii                 0.0812937 0.1073668 0.0939685 0.1003864 0.1013118 0.1177508 0.0842909 0.1035045 0.1002451 0.0013201 0.0971708 0.0996629 0.1001952 0.0946030 0.0907300 0.1169595 0.1235977 0.0886631 0.0135718 0.1076985 0.1136536 0.1114172 0.1146573 0.1015210 0.0884270 0.0996761 0.1010776 0.0954133 0.1087221 0.1081842 0.0882785 0.0958520 0.0181482 0.1234792 0.0000000 0.3401561 0.3401561 
Myrmecobiidae_Myrmecobius_fasciatus1         0.4569391 0.3035510 0.3115521 0.3838182 0.3838182 0.1265143 0.3501076 0.4485694 0.3878349 0.2986096 0.4586506 0.1254043 0.1281031 0.4298990 0.3056652 0.1254043 0.1269191 0.1238288 0.3596536 0.3344907 0.3200519 0.5041380 0.3663166 9.0000000 0.3413251 0.3857680 0.4011976 0.3221732 0.3698972 0.4222378 0.3674324 0.4523137 0.3411155 0.1268655 0.3401561 0.0000000 0.0000010 
Myrmecobiidae_Myrmecobius_fasciatus2         0.4569391 0.3035510 0.3115521 0.3838182 0.3838182 0.1265143 0.3501076 0.4485694 0.3878349 0.2986096 0.4586506 0.1254043 0.1281031 0.4298990 0.3056652 0.1254043 0.1269191 0.1238288 0.3596536 0.3344907 0.3200519 0.5041380 0.3663166 9.0000000 0.3413251 0.3857680 0.4011976 0.3221732 0.3698972 0.4222378 0.3674324 0.4523137 0.3411155 0.1268655 0.3401561 0.0000010 0.0000000 
