35
Burramyidae_Burramys_parvus                  0.0000000 0.0728834 0.0518748 0.0552258 0.0527404 0.0707466 0.0377707 0.0481299 0.0522741 0.0950423 0.0412907 0.0615215 0.0720981 0.0439261 0.0559990 0.0612457 0.0717878 0.0646816 0.0890021 0.0537005 0.0558682 0.0939490 0.0716837 0.0631326 0.0551193 0.0605280 0.0523365 0.0511156 0.0531036 0.0680211 0.0596062 0.0443814 0.0887229 0.0677337 0.0952183 
Notoryctidae_Notoryctes_typhlops             0.0728834 0.0000000 0.0749299 0.0823454 0.0809897 0.0858839 0.0661696 0.0754551 0.0813675 0.1101423 0.0691940 0.0724465 0.0846244 0.0742042 0.0796493 0.0739625 0.0857369 0.0814901 0.1044252 0.0823276 0.0778717 0.1088031 0.0889557 0.0806891 0.0809806 0.0761134 0.0799891 0.0779742 0.0781302 0.0963493 0.0876167 0.0739977 0.1018243 0.0797969 0.1088681 
Vombatidae_Lasiorhinus_latifrons             0.0518748 0.0749299 0.0000000 0.0614258 0.0597559 0.0693094 0.0513487 0.0590808 0.0600999 0.0908571 0.0515882 0.0631426 0.0721724 0.0543484 0.0646186 0.0633325 0.0703396 0.0665990 0.0847075 0.0600153 0.0591906 0.0935958 0.0742665 0.0642819 0.0625476 0.0664856 0.0584370 0.0579128 0.0597635 0.0742989 0.0685255 0.0541585 0.0854392 0.0672571 0.0910335 
Potoroidae_Bettongia_penicillata             0.0552258 0.0823454 0.0614258 0.0000000 0.0037657 0.0798372 0.0523911 0.0600523 0.0121649 0.1070326 0.0546884 0.0733016 0.0805186 0.0569559 0.0632070 0.0734645 0.0790175 0.0753758 0.1004332 0.0252068 0.0593138 0.1044722 0.0872021 0.0768023 0.0409605 0.0705653 0.0584997 0.0218529 0.0636376 0.0699926 0.0675933 0.0575802 0.0999013 0.0772791 0.1068155 
Potoroidae_Bettongia_lesueur                 0.0527404 0.0809897 0.0597559 0.0037657 0.0000000 0.0785693 0.0494930 0.0566759 0.0108462 0.1060008 0.0513868 0.0712464 0.0782837 0.0527767 0.0615165 0.0709665 0.0778565 0.0725157 0.0999321 0.0237684 0.0588072 0.0999785 0.0833062 0.0755207 0.0399360 0.0694430 0.0576468 0.0204620 0.0623623 0.0681605 0.0678319 0.0533794 0.0993975 0.0747392 0.1057819 
Dasyuridae_Dasyurus_maculatus                0.0707466 0.0858839 0.0693094 0.0798372 0.0785693 0.0000000 0.0686501 0.0712755 0.0757619 0.1029545 0.0651787 0.0153761 0.0251749 0.0703587 0.0804871 0.0153169 0.0066321 0.0259938 0.0940453 0.0735557 0.0758785 0.1038099 0.0873537 0.0174078 0.0770049 0.0751827 0.0738042 0.0738861 0.0755232 0.0898230 0.0845203 0.0693182 0.0951970 0.0061760 0.1027283 
Phalangeridae_Trichosurus_vulpecula          0.0377707 0.0661696 0.0513487 0.0523911 0.0494930 0.0686501 0.0000000 0.0297736 0.0515591 0.0870442 0.0224135 0.0641148 0.0696618 0.0222693 0.0504014 0.0644470 0.0683892 0.0644948 0.0850634 0.0521206 0.0514094 0.0869869 0.0683601 0.0654727 0.0532206 0.0568257 0.0479219 0.0485901 0.0488062 0.0645819 0.0562394 0.0230188 0.0843035 0.0677955 0.0872697 
Phalangeridae_Spilocuscus_maculatus          0.0481299 0.0754551 0.0590808 0.0600523 0.0566759 0.0712755 0.0297736 0.0000000 0.0591928 0.0994729 0.0150914 0.0675424 0.0726283 0.0160299 0.0604679 0.0669734 0.0723094 0.0681417 0.0978034 0.0593849 0.0582017 0.0988795 0.0779731 0.0683201 0.0619218 0.0632763 0.0540732 0.0567294 0.0581310 0.0727726 0.0675333 0.0171055 0.0954268 0.0718225 0.0992385 
Potoroidae_Aepyprymnus_rufescens             0.0522741 0.0813675 0.0600999 0.0121649 0.0108462 0.0757619 0.0515591 0.0591928 0.0000000 0.1066640 0.0537665 0.0691724 0.0782733 0.0549555 0.0638399 0.0692715 0.0751246 0.0741010 0.1011282 0.0245579 0.0572401 0.1010496 0.0836946 0.0726106 0.0439964 0.0687183 0.0574879 0.0229118 0.0611127 0.0695515 0.0682450 0.0563990 0.0998819 0.0736176 0.1064394 
Peramelidae_Perameles_nasuta                 0.0950423 0.1101423 0.0908571 0.1070326 0.1060008 0.1029545 0.0870442 0.0994729 0.1066640 0.0000000 0.0885217 0.0977472 0.1079710 0.0966325 0.1058464 0.0970223 0.1013453 0.1012671 0.0203941 0.1036754 0.0976634 0.1195636 0.1002307 0.1015832 0.1004435 0.0980720 0.0983980 0.1008197 0.0968771 0.1099049 0.1086810 0.0968579 0.0191774 0.0972085 0.0015585 
Phalangeridae_Strigocuscus_pelengensis       0.0412907 0.0691940 0.0515882 0.0546884 0.0513868 0.0651787 0.0224135 0.0150914 0.0537665 0.0885217 0.0000000 0.0617941 0.0673458 0.0083299 0.0547756 0.0616878 0.0662089 0.0640086 0.0873532 0.0528001 0.0492528 0.0917550 0.0706339 0.0642414 0.0553929 0.0583073 0.0463192 0.0512424 0.0502412 0.0607815 0.0621148 0.0093527 0.0869815 0.0643407 0.0886773 
Dasyuridae_Phascogale_tapoatafa              0.0615215 0.0724465 0.0631426 0.0733016 0.0712464 0.0153761 0.0641148 0.0675424 0.0691724 0.0977472 0.0617941 0.0000000 0.0228807 0.0645317 0.0696727 0.0025758 0.0167251 0.0211376 0.0894315 0.0683734 0.0705374 0.0964606 0.0800855 0.0096960 0.0703716 0.0690363 0.0696498 0.0667753 0.0727534 0.0844314 0.0771820 0.0643781 0.0916991 0.0153607 0.0984303 
Dasyuridae_Sminthopsis_macroura              0.0720981 0.0846244 0.0721724 0.0805186 0.0782837 0.0251749 0.0696618 0.0726283 0.0782733 0.1079710 0.0673458 0.0228807 0.0000000 0.0721350 0.0821378 0.0227926 0.0261507 0.0220032 0.1009703 0.0748827 0.0768066 0.1064514 0.0876086 0.0261125 0.0803642 0.0768259 0.0757151 0.0742258 0.0794265 0.0895762 0.0861891 0.0710916 0.1025741 0.0261791 0.1077557 
Phalangeridae_Phalanger_orientalis           0.0439261 0.0742042 0.0543484 0.0569559 0.0527767 0.0703587 0.0222693 0.0160299 0.0549555 0.0966325 0.0083299 0.0645317 0.0721350 0.0000000 0.0589554 0.0651989 0.0713851 0.0681040 0.0946130 0.0559009 0.0535462 0.0939652 0.0737862 0.0674336 0.0586452 0.0613098 0.0497814 0.0532411 0.0537502 0.0652914 0.0646772 0.0031500 0.0936119 0.0690966 0.0968113 
Acrobatidae_Acrobates_pygmaeus               0.0559990 0.0796493 0.0646186 0.0632070 0.0615165 0.0804871 0.0504014 0.0604679 0.0638399 0.1058464 0.0547756 0.0696727 0.0821378 0.0589554 0.0000000 0.0699395 0.0809106 0.0768868 0.1004248 0.0654267 0.0538726 0.0959620 0.0796417 0.0755278 0.0643760 0.0680563 0.0540835 0.0624332 0.0572713 0.0708226 0.0464388 0.0595660 0.1003972 0.0753964 0.1055775 
Dasyuridae_Phascogale_calura                 0.0612457 0.0739625 0.0633325 0.0734645 0.0709665 0.0153169 0.0644470 0.0669734 0.0692715 0.0970223 0.0616878 0.0025758 0.0227926 0.0651989 0.0699395 0.0000000 0.0166609 0.0210695 0.0895640 0.0677490 0.0702595 0.0962267 0.0805219 0.0096617 0.0707292 0.0691832 0.0694046 0.0662109 0.0724970 0.0837582 0.0768725 0.0652890 0.0909489 0.0157051 0.0972801 
Dasyuridae_Sarcophilus_harrisii              0.0717878 0.0857369 0.0703396 0.0790175 0.0778565 0.0066321 0.0683892 0.0723094 0.0751246 0.1013453 0.0662089 0.0167251 0.0261507 0.0713851 0.0809106 0.0166609 0.0000000 0.0256152 0.0918955 0.0738998 0.0752190 0.1023511 0.0870499 0.0184207 0.0770694 0.0749707 0.0748375 0.0739774 0.0747622 0.0900324 0.0832142 0.0703466 0.0930253 0.0081458 0.1011163 
Dasyuridae_Planigale_tenuirostris            0.0646816 0.0814901 0.0665990 0.0753758 0.0725157 0.0259938 0.0644948 0.0681417 0.0741010 0.1012671 0.0640086 0.0211376 0.0220032 0.0681040 0.0768868 0.0210695 0.0256152 0.0000000 0.0917022 0.0689818 0.0713629 0.1022614 0.0847587 0.0226858 0.0758711 0.0750762 0.0723615 0.0695095 0.0730345 0.0867143 0.0814629 0.0679277 0.0967305 0.0253379 0.1014085 
Peramelidae_Echymipera_kalubu                0.0890021 0.1044252 0.0847075 0.1004332 0.0999321 0.0940453 0.0850634 0.0978034 0.1011282 0.0203941 0.0873532 0.0894315 0.1009703 0.0946130 0.1004248 0.0895640 0.0918955 0.0917022 0.0000000 0.0990713 0.0936091 0.1161830 0.0980316 0.0951031 0.1006488 0.0946429 0.0934371 0.0956869 0.0909917 0.1097542 0.1064008 0.0949255 0.0129961 0.0893393 0.0204288 
Macropodidae_Dorcopsulus_vanheurni           0.0537005 0.0823276 0.0600153 0.0252068 0.0237684 0.0735557 0.0521206 0.0593849 0.0245579 0.1036754 0.0528001 0.0683734 0.0748827 0.0559009 0.0654267 0.0677490 0.0738998 0.0689818 0.0990713 0.0000000 0.0580323 0.1007485 0.0834538 0.0712004 0.0422485 0.0680863 0.0600751 0.0066933 0.0604535 0.0684648 0.0678350 0.0568714 0.0989837 0.0732180 0.1034517 
Pseudochiridae_Pseudochirulus_forbesi        0.0558682 0.0778717 0.0591906 0.0593138 0.0588072 0.0758785 0.0514094 0.0582017 0.0572401 0.0976634 0.0492528 0.0705374 0.0768066 0.0535462 0.0538726 0.0702595 0.0752190 0.0713629 0.0936091 0.0580323 0.0000000 0.0978487 0.0807500 0.0725141 0.0633790 0.0667648 0.0327323 0.0563677 0.0191214 0.0616634 0.0616198 0.0533481 0.0932412 0.0761113 0.0974274 
Didelphidae_Didelphis_virginiana             0.0939490 0.1088031 0.0935958 0.1044722 0.0999785 0.1038099 0.0869869 0.0988795 0.1010496 0.1195636 0.0917550 0.0964606 0.1064514 0.0939652 0.0959620 0.0962267 0.1023511 0.1022614 0.1161830 0.1007485 0.0978487 0.0000000 0.0385972 0.0999798 0.1013748 0.0930962 0.0991107 0.0957186 0.0995435 0.1059081 0.1088270 0.0935692 0.1158453 0.0999822 0.1198475 
Marmosidae_Monodelphis_domestica             0.0716837 0.0889557 0.0742665 0.0872021 0.0833062 0.0873537 0.0683601 0.0779731 0.0836946 0.1002307 0.0706339 0.0800855 0.0876086 0.0737862 0.0796417 0.0805219 0.0870499 0.0847587 0.0980316 0.0834538 0.0807500 0.0385972 0.0000000 0.0806724 0.0858825 0.0764785 0.0791147 0.0803652 0.0802058 0.0854156 0.0877033 0.0734750 0.0968361 0.0860837 0.1009314 
Dasyuridae_Antechinus_stuartii               0.0631326 0.0806891 0.0642819 0.0768023 0.0755207 0.0174078 0.0654727 0.0683201 0.0726106 0.1015832 0.0642414 0.0096960 0.0261125 0.0674336 0.0755278 0.0096617 0.0184207 0.0226858 0.0951031 0.0712004 0.0725141 0.0999798 0.0806724 0.0000000 0.0729033 0.0731373 0.0710183 0.0700374 0.0738796 0.0868417 0.0812500 0.0672578 0.0959647 0.0181604 0.1022362 
Hypsiprymnodontidae_Hypsiprymnodon_moschatus 0.0551193 0.0809806 0.0625476 0.0409605 0.0399360 0.0770049 0.0532206 0.0619218 0.0439964 0.1004435 0.0553929 0.0703716 0.0803642 0.0586452 0.0643760 0.0707292 0.0770694 0.0758711 0.1006488 0.0422485 0.0633790 0.1013748 0.0858825 0.0729033 0.0000000 0.0656583 0.0605042 0.0379398 0.0632736 0.0750352 0.0707109 0.0592235 0.0975672 0.0760344 0.1002136 
Microbiotheriidae_Dromiciops_gliroides       0.0605280 0.0761134 0.0664856 0.0705653 0.0694430 0.0751827 0.0568257 0.0632763 0.0687183 0.0980720 0.0583073 0.0690363 0.0768259 0.0613098 0.0680563 0.0691832 0.0749707 0.0750762 0.0946429 0.0680863 0.0667648 0.0930962 0.0764785 0.0731373 0.0656583 0.0000000 0.0654996 0.0673030 0.0689021 0.0795739 0.0765141 0.0619936 0.0930238 0.0716427 0.0987478 
Pseudochiridae_Petauroides_volans            0.0523365 0.0799891 0.0584370 0.0584997 0.0576468 0.0738042 0.0479219 0.0540732 0.0574879 0.0983980 0.0463192 0.0696498 0.0757151 0.0497814 0.0540835 0.0694046 0.0748375 0.0723615 0.0934371 0.0600751 0.0327323 0.0991107 0.0791147 0.0710183 0.0605042 0.0654996 0.0000000 0.0590455 0.0317548 0.0618446 0.0605714 0.0500039 0.0930294 0.0735233 0.0981176 
Macropodidae_Wallabia_bicolor                0.0511156 0.0779742 0.0579128 0.0218529 0.0204620 0.0738861 0.0485901 0.0567294 0.0229118 0.1008197 0.0512424 0.0667753 0.0742258 0.0532411 0.0624332 0.0662109 0.0739774 0.0695095 0.0956869 0.0066933 0.0563677 0.0957186 0.0803652 0.0700374 0.0379398 0.0673030 0.0590455 0.0000000 0.0593075 0.0655845 0.0655807 0.0542013 0.0972840 0.0734539 0.1009618 
Pseudochiridae_Pseudocheirus_occidentalis    0.0531036 0.0781302 0.0597635 0.0636376 0.0623623 0.0755232 0.0488062 0.0581310 0.0611127 0.0968771 0.0502412 0.0727534 0.0794265 0.0537502 0.0572713 0.0724970 0.0747622 0.0730345 0.0909917 0.0604535 0.0191214 0.0995435 0.0802058 0.0738796 0.0632736 0.0689021 0.0317548 0.0593075 0.0000000 0.0649752 0.0621328 0.0535279 0.0897440 0.0760113 0.0966393 
Tarsipedidae_Tarsipes_rostratus              0.0680211 0.0963493 0.0742989 0.0699926 0.0681605 0.0898230 0.0645819 0.0727726 0.0695515 0.1099049 0.0607815 0.0844314 0.0895762 0.0652914 0.0708226 0.0837582 0.0900324 0.0867143 0.1097542 0.0684648 0.0616634 0.1059081 0.0854156 0.0868417 0.0750352 0.0795739 0.0618446 0.0655845 0.0649752 0.0000000 0.0765193 0.0658502 0.1090319 0.0879730 0.1096374 
Acrobatidae_Distoechurus_pennatus            0.0596062 0.0876167 0.0685255 0.0675933 0.0678319 0.0845203 0.0562394 0.0675333 0.0682450 0.1086810 0.0621148 0.0771820 0.0861891 0.0646772 0.0464388 0.0768725 0.0832142 0.0814629 0.1064008 0.0678350 0.0616198 0.1088270 0.0877033 0.0812500 0.0707109 0.0765141 0.0605714 0.0655807 0.0621328 0.0765193 0.0000000 0.0647728 0.1052897 0.0788598 0.1084654 
Phalangeridae_Phalanger_carmelitae           0.0443814 0.0739977 0.0541585 0.0575802 0.0533794 0.0693182 0.0230188 0.0171055 0.0563990 0.0968579 0.0093527 0.0643781 0.0710916 0.0031500 0.0595660 0.0652890 0.0703466 0.0679277 0.0949255 0.0568714 0.0533481 0.0935692 0.0734750 0.0672578 0.0592235 0.0619936 0.0500039 0.0542013 0.0535279 0.0658502 0.0647728 0.0000000 0.0935079 0.0680387 0.0965758 
Peramelidae_Peroryctes_raffrayana            0.0887229 0.1018243 0.0854392 0.0999013 0.0993975 0.0951970 0.0843035 0.0954268 0.0998819 0.0191774 0.0869815 0.0916991 0.1025741 0.0936119 0.1003972 0.0909489 0.0930253 0.0967305 0.0129961 0.0989837 0.0932412 0.1158453 0.0968361 0.0959647 0.0975672 0.0930238 0.0930294 0.0972840 0.0897440 0.1090319 0.1052897 0.0935079 0.0000000 0.0907305 0.0185085 
Dasyuridae_Dasyurus_geffroii                 0.0677337 0.0797969 0.0672571 0.0772791 0.0747392 0.0061760 0.0677955 0.0718225 0.0736176 0.0972085 0.0643407 0.0153607 0.0261791 0.0690966 0.0753964 0.0157051 0.0081458 0.0253379 0.0893393 0.0732180 0.0761113 0.0999822 0.0860837 0.0181604 0.0760344 0.0716427 0.0735233 0.0734539 0.0760113 0.0879730 0.0788598 0.0680387 0.0907305 0.0000000 0.0974683 
Peramelidae_Perameles_gunnii                 0.0952183 0.1088681 0.0910335 0.1068155 0.1057819 0.1027283 0.0872697 0.0992385 0.1064394 0.0015585 0.0886773 0.0984303 0.1077557 0.0968113 0.1055775 0.0972801 0.1011163 0.1014085 0.0204288 0.1034517 0.0974274 0.1198475 0.1009314 0.1022362 0.1002136 0.0987478 0.0981176 0.1009618 0.0966393 0.1096374 0.1084654 0.0965758 0.0185085 0.0974683 0.0000000 
