37
Burramyidae_Burramys_parvus                  0.0000000 0.0787058 0.0760963 0.0682188 0.0654486 0.1016802 0.0583217 0.0471091 0.0622008 0.0858378 0.0536853 0.0995458 0.1007598 0.0475576 0.0786993 0.0994948 0.1041225 0.0953379 0.1007123 0.0684398 0.0662318 0.1092551 0.0968163 0.1009278 0.0767555 0.0687994 0.0667326 0.0699856 0.0891613 0.0664346 0.0474094 0.0893633 0.1018930 0.0758620 0.0736839 0.1166113 0.1166113 
Notoryctidae_Notoryctes_typhlops             0.0787058 0.0000000 0.0893646 0.0880571 0.0858826 0.1084987 0.0799742 0.0698869 0.0839833 0.0866184 0.0742301 0.1043285 0.1119006 0.0703536 0.0992693 0.1042761 0.1082763 0.0951642 0.1000190 0.0869708 0.0865137 0.1196242 0.1058130 0.1108068 0.0927586 0.0718347 0.0909346 0.0864855 0.1106663 0.0880382 0.0701328 0.0916737 0.1094936 0.0811991 0.0890502 0.1780693 0.1780693 
Vombatidae_Lasiorhinus_latifrons             0.0760963 0.0893646 0.0000000 0.0806607 0.0754886 0.1071992 0.0707191 0.0625668 0.0736039 0.0971982 0.0625881 0.1010132 0.1029281 0.0616988 0.0919453 0.0983694 0.1074662 0.1014987 0.1084415 0.0763319 0.0758929 0.1113365 0.1054975 0.1016307 0.0823509 0.0743577 0.0802087 0.0772304 0.0974830 0.0748660 0.0615482 0.1000458 0.1088211 0.0877306 0.0803406 0.1860743 0.1860743 
Potoroidae_Bettongia_penicillata             0.0682188 0.0880571 0.0806607 0.0000000 0.0063593 0.1092655 0.0665221 0.0597900 0.0150493 0.0973790 0.0629472 0.1043151 0.1092095 0.0600521 0.0842741 0.1055479 0.1130832 0.1025974 0.1099487 0.0274108 0.0711478 0.1136501 0.1057351 0.1050390 0.0509177 0.0750109 0.0706756 0.0300653 0.0947378 0.0692191 0.0598901 0.0968558 0.1095032 0.0953195 0.0821654 0.2044894 0.2044894 
Potoroidae_Bettongia_lesueur                 0.0654486 0.0858826 0.0754886 0.0063593 0.0000000 0.1056638 0.0626654 0.0571757 0.0133827 0.0958110 0.0589912 0.1001719 0.1082644 0.0569022 0.0809078 0.1013977 0.1086839 0.1002003 0.1061663 0.0251386 0.0672652 0.1114175 0.1034769 0.1015466 0.0496732 0.0734848 0.0685859 0.0277661 0.0907516 0.0658801 0.0567498 0.0930122 0.1052187 0.0917638 0.0781317 0.2097238 0.2097238 
Dasyuridae_Dasyurus_maculatus                0.1016802 0.1084987 0.1071992 0.1092655 0.1056638 0.0000000 0.1072377 0.0950709 0.1031006 0.0999106 0.0989196 0.0371343 0.0467644 0.0947605 0.1030872 0.0347756 0.0116100 0.0384059 0.1170353 0.1062417 0.1019565 0.1318223 0.1159069 0.0351632 0.1120626 0.0889473 0.1045809 0.1084296 0.1191054 0.1020470 0.0951725 0.1054424 0.0098087 0.0953026 0.1114650 0.1114808 0.1114808 
Phalangeridae_Trichosurus_vulpecula          0.0583217 0.0799742 0.0707191 0.0665221 0.0626654 0.1072377 0.0000000 0.0257723 0.0602191 0.0910453 0.0283191 0.1051318 0.1079843 0.0257388 0.0779643 0.1030311 0.1055249 0.0990612 0.1026114 0.0667275 0.0675703 0.1048685 0.0934122 0.1082197 0.0735176 0.0706624 0.0644341 0.0668977 0.0900992 0.0641353 0.0256745 0.0927426 0.1082032 0.0823059 0.0745269 0.1830154 0.1830154 
Phalangeridae_Spilocuscus_maculatus          0.0471091 0.0698869 0.0625668 0.0597900 0.0571757 0.0950709 0.0257723 0.0000000 0.0559852 0.0770631 0.0142275 0.0932476 0.0939748 0.0107833 0.0700612 0.0924998 0.0957475 0.0884885 0.0899314 0.0587860 0.0589674 0.0985019 0.0886426 0.0954473 0.0648330 0.0593501 0.0608374 0.0596316 0.0797089 0.0544620 0.0107572 0.0819935 0.0972881 0.0678966 0.0683828 0.1431315 0.1431315 
Potoroidae_Aepyprymnus_rufescens             0.0622008 0.0839833 0.0736039 0.0150493 0.0133827 0.1031006 0.0602191 0.0559852 0.0000000 0.0934115 0.0558664 0.0988614 0.1049338 0.0538816 0.0802755 0.0987781 0.1060063 0.0958577 0.1046901 0.0240103 0.0635442 0.1100745 0.1014940 0.0995534 0.0490375 0.0696704 0.0667523 0.0260868 0.0848232 0.0646922 0.0537382 0.0891827 0.1026040 0.0874508 0.0742095 0.1936952 0.1936952 
Peramelidae_Perameles_nasuta                 0.0858378 0.0866184 0.0971982 0.0973790 0.0958110 0.0999106 0.0910453 0.0770631 0.0934115 0.0000000 0.0825978 0.1035506 0.1095584 0.0774098 0.1000144 0.1036017 0.1038714 0.1045171 0.0400571 0.0986412 0.0970739 0.1201969 0.1034314 0.1044796 0.0991109 0.0751876 0.0996862 0.0957129 0.1147842 0.0936341 0.0764285 0.0333387 0.1006305 0.0127265 0.1073704 0.1549691 0.1549691 
Phalangeridae_Strigocuscus_pelengensis       0.0536853 0.0742301 0.0625881 0.0629472 0.0589912 0.0989196 0.0283191 0.0142275 0.0558664 0.0825978 0.0000000 0.0977367 0.0998521 0.0142010 0.0664391 0.0955822 0.0990713 0.0923375 0.0916311 0.0585798 0.0606739 0.1000511 0.0884450 0.0972378 0.0666526 0.0618493 0.0606691 0.0595949 0.0817814 0.0587853 0.0135893 0.0827994 0.1019857 0.0698764 0.0651039 0.1776574 0.1776574 
Dasyuridae_Phascogale_tapoatafa              0.0995458 0.1043285 0.1010132 0.1043151 0.1001719 0.0371343 0.1051318 0.0932476 0.0988614 0.1035506 0.0977367 0.0000000 0.0455597 0.0903100 0.1016175 0.0090189 0.0370222 0.0384240 0.1158591 0.1024477 0.0964605 0.1334841 0.1193908 0.0153885 0.1057797 0.0881191 0.0997300 0.1046208 0.1190177 0.0995353 0.0894383 0.1035417 0.0381629 0.0984296 0.1022974 0.1214386 0.1214386 
Dasyuridae_Sminthopsis_macroura              0.1007598 0.1119006 0.1029281 0.1092095 0.1082644 0.0467644 0.1079843 0.0939748 0.1049338 0.1095584 0.0998521 0.0455597 0.0000000 0.0929243 0.1089613 0.0455058 0.0448162 0.0321183 0.1242412 0.1085424 0.0984375 0.1427833 0.1229279 0.0449094 0.1150561 0.0925279 0.1050273 0.1093538 0.1185100 0.1021107 0.0933682 0.1107501 0.0471609 0.1115135 0.1038538 0.1118094 0.1118094 
Phalangeridae_Phalanger_orientalis           0.0475576 0.0703536 0.0616988 0.0600521 0.0569022 0.0947605 0.0257388 0.0107833 0.0538816 0.0774098 0.0142010 0.0903100 0.0929243 0.0000000 0.0673662 0.0908685 0.0948531 0.0865711 0.0895939 0.0583896 0.0539596 0.0972819 0.0870627 0.0939643 0.0650874 0.0609929 0.0588726 0.0598754 0.0766066 0.0548834 0.0021121 0.0815998 0.0956213 0.0651720 0.0664550 0.1428742 0.1428742 
Acrobatidae_Acrobates_pygmaeus               0.0786993 0.0992693 0.0919453 0.0842741 0.0809078 0.1030872 0.0779643 0.0700612 0.0802755 0.1000144 0.0664391 0.1016175 0.1089613 0.0673662 0.0000000 0.1009788 0.1073847 0.1031738 0.1105095 0.0806636 0.0769201 0.1161350 0.1143915 0.1056908 0.0880841 0.0882114 0.0831674 0.0832597 0.1021683 0.0516695 0.0671557 0.1009162 0.1003313 0.0942441 0.0820232 0.2128636 0.2128636 
Dasyuridae_Phascogale_calura                 0.0994948 0.1042761 0.0983694 0.1055479 0.1013977 0.0347756 0.1030311 0.0924998 0.0987781 0.1036017 0.0955822 0.0090189 0.0455058 0.0908685 0.1009788 0.0000000 0.0352324 0.0377392 0.1152003 0.1010814 0.0950773 0.1341014 0.1165618 0.0148095 0.1029330 0.0841033 0.0983354 0.1019013 0.1176669 0.0966765 0.0900273 0.1028440 0.0357958 0.0993814 0.1021169 0.1246417 0.1246417 
Dasyuridae_Sarcophilus_harrisii              0.1041225 0.1082763 0.1074662 0.1130832 0.1086839 0.0116100 0.1055249 0.0957475 0.1060063 0.1038714 0.0990713 0.0370222 0.0448162 0.0948531 0.1073847 0.0352324 0.0000000 0.0390089 0.1214114 0.1106330 0.1027078 0.1340626 0.1199969 0.0368036 0.1160592 0.0918062 0.1069080 0.1114369 0.1195558 0.1057522 0.0953065 0.1102424 0.0138587 0.0980257 0.1132824 0.1191076 0.1191076 
Dasyuridae_Planigale_tenuirostris            0.0953379 0.0951642 0.1014987 0.1025974 0.1002003 0.0384059 0.0990612 0.0884885 0.0958577 0.1045171 0.0923375 0.0384240 0.0321183 0.0865711 0.1031738 0.0377392 0.0390089 0.0000000 0.1155452 0.1001566 0.0909331 0.1303531 0.1176325 0.0381289 0.1062228 0.0814590 0.0968944 0.0978933 0.1089960 0.0931774 0.0864132 0.1093363 0.0396168 0.1008170 0.0970677 0.1184481 0.1184481 
Peramelidae_Echymipera_kalubu                0.1007123 0.1000190 0.1084415 0.1099487 0.1061663 0.1170353 0.1026114 0.0899314 0.1046901 0.0400571 0.0916311 0.1158591 0.1242412 0.0895939 0.1105095 0.1152003 0.1214114 0.1155452 0.0000000 0.1073642 0.1053009 0.1307003 0.1198958 0.1172912 0.1117199 0.0863662 0.1075248 0.1097921 0.1186627 0.1035062 0.0886458 0.0377171 0.1192735 0.0280338 0.1099711 0.1594584 0.1594584 
Macropodidae_Dorcopsulus_vanheurni           0.0684398 0.0869708 0.0763319 0.0274108 0.0251386 0.1062417 0.0667275 0.0587860 0.0240103 0.0986412 0.0585798 0.1024477 0.1085424 0.0583896 0.0806636 0.1010814 0.1106330 0.1001566 0.1073642 0.0000000 0.0688827 0.1072996 0.1008578 0.1023778 0.0517488 0.0718381 0.0690822 0.0156396 0.0915964 0.0655379 0.0588563 0.0949137 0.1071054 0.0916261 0.0810576 0.1955005 0.1955005 
Pseudochiridae_Pseudochirulus_forbesi        0.0662318 0.0865137 0.0758929 0.0711478 0.0672652 0.1019565 0.0675703 0.0589674 0.0635442 0.0970739 0.0606739 0.0964605 0.0984375 0.0539596 0.0769201 0.0950773 0.1027078 0.0909331 0.1053009 0.0688827 0.0000000 0.1199475 0.1035605 0.0957450 0.0744770 0.0721406 0.0430226 0.0703539 0.0753970 0.0650346 0.0549977 0.0970235 0.1028441 0.0864368 0.0397303 0.1808061 0.1808061 
Didelphidae_Didelphis_virginiana             0.1092551 0.1196242 0.1113365 0.1136501 0.1114175 0.1318223 0.1048685 0.0985019 0.1100745 0.1201969 0.1000511 0.1334841 0.1427833 0.0972819 0.1161350 0.1341014 0.1340626 0.1303531 0.1307003 0.1072996 0.1199475 0.0000000 0.0511467 0.1318642 0.1227001 0.1042005 0.1196934 0.1106698 0.1349606 0.1109131 0.0976764 0.1187986 0.1333396 0.1140133 0.1191574 0.2476681 0.2476681 
Marmosidae_Monodelphis_domestica             0.0968163 0.1058130 0.1054975 0.1057351 0.1034769 0.1159069 0.0934122 0.0886426 0.1014940 0.1034314 0.0884450 0.1193908 0.1229279 0.0870627 0.1143915 0.1165618 0.1199969 0.1176325 0.1198958 0.1008578 0.1035605 0.0511467 0.0000000 0.1178680 0.1125476 0.0895602 0.1013375 0.1042370 0.1187972 0.1004529 0.0862183 0.1072921 0.1205335 0.1029397 0.1080492 0.2279752 0.2279752 
Dasyuridae_Antechinus_stuartii               0.1009278 0.1108068 0.1016307 0.1050390 0.1015466 0.0351632 0.1082197 0.0954473 0.0995534 0.1044796 0.0972378 0.0153885 0.0449094 0.0939643 0.1056908 0.0148095 0.0368036 0.0381289 0.1172912 0.1023778 0.0957450 0.1318642 0.1178680 0.0000000 0.1073352 0.0893485 0.1004187 0.1027841 0.1193695 0.1016329 0.0930909 0.1042854 0.0369347 0.1042275 0.1041625 0.1228271 0.1228271 
Hypsiprymnodontidae_Hypsiprymnodon_moschatus 0.0767555 0.0927586 0.0823509 0.0509177 0.0496732 0.1120626 0.0735176 0.0648330 0.0490375 0.0991109 0.0666526 0.1057797 0.1150561 0.0650874 0.0880841 0.1029330 0.1160592 0.1062228 0.1117199 0.0517488 0.0744770 0.1227001 0.1125476 0.1073352 0.0000000 0.0804904 0.0701073 0.0532635 0.0951988 0.0707789 0.0642820 0.1005157 0.1105606 0.0903412 0.0812243 0.1907737 0.1907737 
Microbiotheriidae_Dromiciops_gliroides       0.0687994 0.0718347 0.0743577 0.0750109 0.0734848 0.0889473 0.0706624 0.0593501 0.0696704 0.0751876 0.0618493 0.0881191 0.0925279 0.0609929 0.0882114 0.0841033 0.0918062 0.0814590 0.0863662 0.0718381 0.0721406 0.1042005 0.0895602 0.0893485 0.0804904 0.0000000 0.0769376 0.0745621 0.0924307 0.0761048 0.0609177 0.0803987 0.0893428 0.0656335 0.0792402 0.1503704 0.1503704 
Pseudochiridae_Petauroides_volans            0.0667326 0.0909346 0.0802087 0.0706756 0.0685859 0.1045809 0.0644341 0.0608374 0.0667523 0.0996862 0.0606691 0.0997300 0.1050273 0.0588726 0.0831674 0.0983354 0.1069080 0.0968944 0.1075248 0.0690822 0.0430226 0.1196934 0.1013375 0.1004187 0.0701073 0.0769376 0.0000000 0.0709685 0.0813067 0.0639648 0.0593124 0.1008032 0.1055981 0.0933995 0.0528856 0.2084781 0.2084781 
Macropodidae_Wallabia_bicolor                0.0699856 0.0864855 0.0772304 0.0300653 0.0277661 0.1084296 0.0668977 0.0596316 0.0260868 0.0957129 0.0595949 0.1046208 0.1093538 0.0598754 0.0832597 0.1019013 0.1114369 0.0978933 0.1097921 0.0156396 0.0703539 0.1106698 0.1042370 0.1027841 0.0532635 0.0745621 0.0709685 0.0000000 0.0944971 0.0671646 0.0597143 0.0940825 0.1079046 0.0933137 0.0758213 0.2006792 0.2006792 
Tarsipedidae_Tarsipes_rostratus              0.0891613 0.1106663 0.0974830 0.0947378 0.0907516 0.1191054 0.0900992 0.0797089 0.0848232 0.1147842 0.0817814 0.1190177 0.1185100 0.0766066 0.1021683 0.1176669 0.1195558 0.1089960 0.1186627 0.0915964 0.0753970 0.1349606 0.1187972 0.1193695 0.0951988 0.0924307 0.0813067 0.0944971 0.0000000 0.0878124 0.0770931 0.1123194 0.1220495 0.0999797 0.0866392 0.1731617 0.1731617 
Acrobatidae_Distoechurus_pennatus            0.0664346 0.0880382 0.0748660 0.0692191 0.0658801 0.1020470 0.0641353 0.0544620 0.0646922 0.0936341 0.0587853 0.0995353 0.1021107 0.0548834 0.0516695 0.0966765 0.1057522 0.0931774 0.1035062 0.0655379 0.0650346 0.1109131 0.1004529 0.1016329 0.0707789 0.0761048 0.0639648 0.0671646 0.0878124 0.0000000 0.0548157 0.0892421 0.1029796 0.0878313 0.0659235 0.2072290 0.2072290 
Phalangeridae_Phalanger_carmelitae           0.0474094 0.0701328 0.0615482 0.0598901 0.0567498 0.0951725 0.0256745 0.0107572 0.0537382 0.0764285 0.0135893 0.0894383 0.0933682 0.0021121 0.0671557 0.0900273 0.0953065 0.0864132 0.0886458 0.0588563 0.0549977 0.0976764 0.0862183 0.0930909 0.0642820 0.0609177 0.0593124 0.0597143 0.0770931 0.0548157 0.0000000 0.0806199 0.0960650 0.0658303 0.0655050 0.1464869 0.1464869 
Peramelidae_Peroryctes_raffrayana            0.0893633 0.0916737 0.1000458 0.0968558 0.0930122 0.1054424 0.0927426 0.0819935 0.0891827 0.0333387 0.0827994 0.1035417 0.1107501 0.0815998 0.1009162 0.1028440 0.1102424 0.1093363 0.0377171 0.0949137 0.0970235 0.1187986 0.1072921 0.1042854 0.1005157 0.0803987 0.1008032 0.0940825 0.1123194 0.0892421 0.0806199 0.0000000 0.1064116 0.0223599 0.1113961 0.1659693 0.1659693 
Dasyuridae_Dasyurus_geffroii                 0.1018930 0.1094936 0.1088211 0.1095032 0.1052187 0.0098087 0.1082032 0.0972881 0.1026040 0.1006305 0.1019857 0.0381629 0.0471609 0.0956213 0.1003313 0.0357958 0.0138587 0.0396168 0.1192735 0.1071054 0.1028441 0.1333396 0.1205335 0.0369347 0.1105606 0.0893428 0.1055981 0.1079046 0.1220495 0.1029796 0.0960650 0.1064116 0.0000000 0.0952131 0.1125733 0.1151204 0.1151204 
Peramelidae_Perameles_gunnii                 0.0758620 0.0811991 0.0877306 0.0953195 0.0917638 0.0953026 0.0823059 0.0678966 0.0874508 0.0127265 0.0698764 0.0984296 0.1115135 0.0651720 0.0942441 0.0993814 0.0980257 0.1008170 0.0280338 0.0916261 0.0864368 0.1140133 0.1029397 0.1042275 0.0903412 0.0656335 0.0933995 0.0933137 0.0999797 0.0878313 0.0658303 0.0223599 0.0952131 0.0000000 0.0966732 0.1599872 0.1599872 
Pseudochiridae_Pseudocheirus_occidentalis    0.0736839 0.0890502 0.0803406 0.0821654 0.0781317 0.1114650 0.0745269 0.0683828 0.0742095 0.1073704 0.0651039 0.1022974 0.1038538 0.0664550 0.0820232 0.1021169 0.1132824 0.0970677 0.1099711 0.0810576 0.0397303 0.1191574 0.1080492 0.1041625 0.0812243 0.0792402 0.0528856 0.0758213 0.0866392 0.0659235 0.0655050 0.1113961 0.1125733 0.0966732 0.0000000 0.1809222 0.1809222 
Myrmecobiidae_Myrmecobius_fasciatus1         0.1166113 0.1780693 0.1860743 0.2044894 0.2097238 0.1114808 0.1830154 0.1431315 0.1936952 0.1549691 0.1776574 0.1214386 0.1118094 0.1428742 0.2128636 0.1246417 0.1191076 0.1184481 0.1594584 0.1955005 0.1808061 0.2476681 0.2279752 0.1228271 0.1907737 0.1503704 0.2084781 0.2006792 0.1731617 0.2072290 0.1464869 0.1659693 0.1151204 0.1599872 0.1809222 0.0000000 0.0000010 
Myrmecobiidae_Myrmecobius_fasciatus2         0.1166113 0.1780693 0.1860743 0.2044894 0.2097238 0.1114808 0.1830154 0.1431315 0.1936952 0.1549691 0.1776574 0.1214386 0.1118094 0.1428742 0.2128636 0.1246417 0.1191076 0.1184481 0.1594584 0.1955005 0.1808061 0.2476681 0.2279752 0.1228271 0.1907737 0.1503704 0.2084781 0.2006792 0.1731617 0.2072290 0.1464869 0.1659693 0.1151204 0.1599872 0.1809222 0.0000010 0.0000000 
