37
Burramyidae_Burramys_parvus                  0.0000000 0.0497488 0.0448730 0.0626606 0.0615949 0.0695987 0.0428681 0.0436444 0.0659485 0.0719816 0.0844425 0.0403361 0.0650708 0.0701558 0.0467446 0.0451057 0.0534593 0.0717642 0.0699683 0.0678459 0.0463602 0.0728921 0.0935075 0.0557193 0.0544817 0.0711365 0.0405741 0.0594270 0.0809779 0.0474081 0.0844425 0.0419062 0.0720879 0.0714962 0.0724071 0.0681358 0.0624542 
Notoryctidae_Notoryctes_typhlops             0.0497488 0.0000000 0.0439956 0.0671678 0.0631510 0.0556526 0.0512226 0.0529971 0.0679973 0.0602682 0.0765141 0.0510056 0.0559303 0.0599752 0.0606946 0.0502843 0.0496569 0.0560451 0.0577965 0.0682022 0.0446399 0.0657880 0.0785349 0.0462973 0.0524473 0.0586429 0.0473809 0.0616119 0.0734979 0.0484427 0.0765141 0.0556807 0.0598594 0.0575337 0.0615839 0.0516715 0.0537462 
Vombatidae_Lasiorhinus_latifrons             0.0448730 0.0439956 0.0000000 0.0603235 0.0582903 0.0607654 0.0428015 0.0460107 0.0641214 0.0662763 0.1067469 0.0427406 0.0584998 0.0612597 0.0516474 0.0380470 0.0584677 0.0630973 0.0626092 0.0658646 0.0401625 0.0693025 0.0866292 0.0573829 0.0483369 0.0635923 0.0446841 0.0575731 0.0759208 0.0392465 0.1067469 0.0485384 0.0666831 0.0626119 0.0647734 0.0489914 0.0530815 
Potoroidae_Bettongia_penicillata             0.0626606 0.0671678 0.0603235 0.0000000 0.0017554 0.0824427 0.0599000 0.0658346 0.0101994 0.0863553 0.1141695 0.0621107 0.0790404 0.0857394 0.0701211 0.0603771 0.0869331 0.0849837 0.0798064 0.0183219 0.0590196 0.0947702 0.1018049 0.0844693 0.0287102 0.0848460 0.0629195 0.0126241 0.0969452 0.0597346 0.1141695 0.0666963 0.0834898 0.0843894 0.0848494 0.0770226 0.0799792 
Potoroidae_Bettongia_lesueur                 0.0615949 0.0631510 0.0582903 0.0017554 0.0000000 0.0794615 0.0579446 0.0647050 0.0086631 0.0861159 0.1135554 0.0600208 0.0780035 0.0838285 0.0689649 0.0584101 0.0855760 0.0820333 0.0795391 0.0164015 0.0588170 0.0925484 0.1014570 0.0798304 0.0268103 0.0856746 0.0609002 0.0109019 0.0928192 0.0576779 0.1135554 0.0655650 0.0820796 0.0813983 0.0845640 0.0783877 0.0783646 
Dasyuridae_Dasyurus_maculatus                0.0695987 0.0556526 0.0607654 0.0824427 0.0794615 0.0000000 0.0670669 0.0669407 0.0886175 0.0735905 0.0267265 0.0630745 0.0089235 0.0191650 0.0701753 0.0690675 0.0045737 0.0024678 0.0702923 0.0798558 0.0602957 0.0741739 0.0932319 0.0017392 0.0705843 0.0705979 0.0614046 0.0770245 0.1011320 0.0681453 0.0267265 0.0686239 0.0785042 0.0024579 0.0724941 0.0212290 0.0751277 
Phalangeridae_Trichosurus_vulpecula          0.0428681 0.0512226 0.0428015 0.0599000 0.0579446 0.0670669 0.0000000 0.0235809 0.0664985 0.0648747 0.1234684 0.0252197 0.0658490 0.0703705 0.0246220 0.0495220 0.0642338 0.0694881 0.0663109 0.0654372 0.0442645 0.0874582 0.0945216 0.0663415 0.0560207 0.0639453 0.0415914 0.0599911 0.0822684 0.0462488 0.1234684 0.0244034 0.0641962 0.0689475 0.0681495 0.0628212 0.0551435 
Phalangeridae_Spilocuscus_maculatus          0.0436444 0.0529971 0.0460107 0.0658346 0.0647050 0.0669407 0.0235809 0.0000000 0.0713069 0.0686506 0.1162473 0.0098187 0.0680695 0.0714417 0.0095901 0.0457457 0.0650184 0.0680537 0.0687838 0.0739284 0.0504291 0.0848596 0.0941477 0.0682985 0.0603822 0.0715896 0.0440990 0.0672734 0.0820852 0.0479348 0.1162473 0.0103062 0.0659856 0.0678087 0.0701904 0.0584764 0.0629873 
Potoroidae_Aepyprymnus_rufescens             0.0659485 0.0679973 0.0641214 0.0101994 0.0086631 0.0886175 0.0664985 0.0713069 0.0000000 0.0899971 0.1135554 0.0660269 0.0831290 0.0857620 0.0757008 0.0623192 0.0935727 0.0913014 0.0831539 0.0201699 0.0644680 0.0907179 0.0999765 0.0877449 0.0313163 0.0918212 0.0647502 0.0152636 0.0979570 0.0623955 0.1135554 0.0721716 0.0853375 0.0905961 0.0882605 0.0819193 0.0846062 
Peramelidae_Perameles_nasuta                 0.0719816 0.0602682 0.0662763 0.0863553 0.0861159 0.0735905 0.0648747 0.0686506 0.0899971 0.0000000 0.0690691 0.0684361 0.0729067 0.0711457 0.0743848 0.0738988 0.0602591 0.0754463 0.0047011 0.0894778 0.0675061 0.0743775 0.0965821 0.0584978 0.0781974 0.0740114 0.0703170 0.0850841 0.0942470 0.0718191 0.0690691 0.0717755 0.0051317 0.0746720 0.0002754 0.0748539 0.0887272 
Myrmecobiidae_Myrmecobius_fasciatus1         0.0844425 0.0765141 0.1067469 0.1141695 0.1135554 0.0267265 0.1234684 0.1162473 0.1135554 0.0690691 0.0000000 0.0980209 0.0209955 0.0423968 0.1130768 0.0799180 0.0279302 0.0437417 0.0582747 0.1108240 0.0653128 0.0787595 0.0975544 0.0273275 0.0905808 0.0715898 0.0853450 0.0925014 0.1004933 0.0926191 0.0000010 0.1038599 0.0829109 0.0268479 0.0582747 9.0000000 9.0000000 
Phalangeridae_Strigocuscus_pelengensis       0.0403361 0.0510056 0.0427406 0.0621107 0.0600208 0.0630745 0.0252197 0.0098187 0.0660269 0.0684361 0.0980209 0.0000000 0.0631602 0.0677246 0.0090440 0.0483005 0.0591971 0.0635376 0.0690565 0.0685010 0.0465702 0.0837638 0.0896054 0.0603566 0.0561228 0.0695164 0.0425824 0.0615989 0.0827956 0.0496777 0.0980209 0.0082337 0.0689559 0.0641092 0.0684661 0.0567188 0.0559219 
Dasyuridae_Phascogale_tapoatafa              0.0650708 0.0559303 0.0584998 0.0790404 0.0780035 0.0089235 0.0658490 0.0680695 0.0831290 0.0729067 0.0209955 0.0631602 0.0000000 0.0243127 0.0709670 0.0676867 0.0006213 0.0122785 0.0730865 0.0764269 0.0606497 0.0694631 0.0910732 0.0026147 0.0686641 0.0719432 0.0590175 0.0744648 0.0996693 0.0678217 0.0209955 0.0674383 0.0783549 0.0104990 0.0714134 0.0226892 0.0726573 
Dasyuridae_Sminthopsis_macroura              0.0701558 0.0599752 0.0612597 0.0857394 0.0838285 0.0191650 0.0703705 0.0714417 0.0857620 0.0711457 0.0423968 0.0677246 0.0243127 0.0000000 0.0737055 0.0654527 0.0123238 0.0230288 0.0717747 0.0863146 0.0635478 0.0774268 0.0997786 0.0054565 0.0710587 0.0771637 0.0608813 0.0823440 0.0988002 0.0647528 0.0423968 0.0721202 0.0768138 0.0228152 0.0701767 0.0174928 0.0810473 
Phalangeridae_Phalanger_orientalis           0.0467446 0.0606946 0.0516474 0.0701211 0.0689649 0.0701753 0.0246220 0.0095901 0.0757008 0.0743848 0.1130768 0.0090440 0.0709670 0.0737055 0.0000000 0.0487516 0.0652886 0.0726472 0.0728338 0.0781222 0.0506713 0.0876655 0.0985091 0.0641955 0.0637885 0.0712970 0.0469984 0.0715868 0.0861739 0.0545565 0.1130768 0.0028281 0.0728694 0.0720799 0.0741091 0.0650401 0.0669744 
Acrobatidae_Acrobates_pygmaeus               0.0451057 0.0502843 0.0380470 0.0603771 0.0584101 0.0690675 0.0495220 0.0457457 0.0623192 0.0738988 0.0799180 0.0483005 0.0676867 0.0654527 0.0487516 0.0000000 0.0645801 0.0713832 0.0696034 0.0655307 0.0438742 0.0875863 0.0984246 0.0654889 0.0523884 0.0723142 0.0457244 0.0570063 0.0779171 0.0283202 0.0799180 0.0465328 0.0740191 0.0689609 0.0734857 0.0637188 0.0692938 
Dasyuridae_Phascogale_calura                 0.0534593 0.0496569 0.0584677 0.0869331 0.0855760 0.0045737 0.0642338 0.0650184 0.0935727 0.0602591 0.0279302 0.0591971 0.0006213 0.0123238 0.0652886 0.0645801 0.0000000 0.0086303 0.0660113 0.0838144 0.0590738 0.0702394 0.0821944 0.0026114 0.0773072 0.0662894 0.0557738 0.0763320 0.0973298 0.0609178 0.0279302 0.0664467 0.0746991 0.0067175 0.0601569 0.0126830 0.0595017 
Dasyuridae_Sarcophilus_harrisii              0.0717642 0.0560451 0.0630973 0.0849837 0.0820333 0.0024678 0.0694881 0.0680537 0.0913014 0.0754463 0.0437417 0.0635376 0.0122785 0.0230288 0.0726472 0.0713832 0.0086303 0.0000000 0.0727499 0.0804065 0.0607598 0.0783687 0.0960103 0.0041680 0.0730909 0.0750053 0.0615876 0.0795728 0.0975516 0.0705806 0.0437417 0.0710581 0.0795934 0.0041025 0.0749169 0.0235184 0.0749897 
Peramelidae_Echymipera_kalubu                0.0699683 0.0577965 0.0626092 0.0798064 0.0795391 0.0702923 0.0663109 0.0687838 0.0831539 0.0047011 0.0582747 0.0690565 0.0730865 0.0717747 0.0728338 0.0696034 0.0660113 0.0727499 0.0000000 0.0843542 0.0622539 0.0690852 0.0905765 0.0622634 0.0726153 0.0729402 0.0700815 0.0804010 0.0893519 0.0666831 0.0582747 0.0714337 0.0031143 0.0713514 0.0056774 0.0742377 0.0835574 
Macropodidae_Dorcopsulus_vanheurni           0.0678459 0.0682022 0.0658646 0.0183219 0.0164015 0.0798558 0.0654372 0.0739284 0.0201699 0.0894778 0.1108240 0.0685010 0.0764269 0.0863146 0.0781222 0.0655307 0.0838144 0.0804065 0.0843542 0.0000000 0.0614647 0.0896742 0.1005854 0.0779657 0.0339156 0.0909419 0.0617846 0.0050120 0.0986148 0.0636332 0.1108240 0.0747941 0.0849335 0.0798384 0.0874647 0.0822289 0.0800589 
Pseudochiridae_Pseudochirulus_forbesi        0.0463602 0.0446399 0.0401625 0.0590196 0.0588170 0.0602957 0.0442645 0.0504291 0.0644680 0.0675061 0.0653128 0.0465702 0.0606497 0.0635478 0.0506713 0.0438742 0.0590738 0.0607598 0.0622539 0.0614647 0.0000000 0.0869597 0.0858534 0.0567898 0.0502734 0.0673190 0.0200579 0.0551159 0.0616881 0.0405600 0.0653128 0.0476031 0.0683277 0.0621459 0.0669162 0.0595488 0.0171753 
Didelphidae_Didelphis_virginiana             0.0728921 0.0657880 0.0693025 0.0947702 0.0925484 0.0741739 0.0874582 0.0848596 0.0907179 0.0743775 0.0787595 0.0837638 0.0694631 0.0774268 0.0876655 0.0875863 0.0702394 0.0783687 0.0690852 0.0896742 0.0869597 0.0000000 0.0309210 0.0696575 0.0925744 0.0807952 0.0828826 0.0836531 0.1002890 0.0832600 0.0787595 0.0873969 0.0802231 0.0790235 0.0739211 0.0794373 0.0892849 
Marmosidae_Monodelphis_domestica             0.0935075 0.0785349 0.0866292 0.1018049 0.1014570 0.0932319 0.0945216 0.0941477 0.0999765 0.0965821 0.0975544 0.0896054 0.0910732 0.0997786 0.0985091 0.0984246 0.0821944 0.0960103 0.0905765 0.1005854 0.0858534 0.0309210 0.0000000 0.0821740 0.0980884 0.0924921 0.0928354 0.0962612 0.1115552 0.1010484 0.0975544 0.0947992 0.1045446 0.0952591 0.0958601 0.0896270 0.1069165 
Dasyuridae_Antechinus_stuartii               0.0557193 0.0462973 0.0573829 0.0844693 0.0798304 0.0017392 0.0663415 0.0682985 0.0877449 0.0584978 0.0273275 0.0603566 0.0026147 0.0054565 0.0641955 0.0654889 0.0026114 0.0041680 0.0622634 0.0779657 0.0567898 0.0696575 0.0821740 0.0000000 0.0745270 0.0708284 0.0547918 0.0705920 0.0948714 0.0630953 0.0273275 0.0669311 0.0685002 0.0030753 0.0590771 0.0067401 0.0537666 
Hypsiprymnodontidae_Hypsiprymnodon_moschatus 0.0544817 0.0524473 0.0483369 0.0287102 0.0268103 0.0705843 0.0560207 0.0603822 0.0313163 0.0781974 0.0905808 0.0561228 0.0686641 0.0710587 0.0637885 0.0523884 0.0773072 0.0730909 0.0726153 0.0339156 0.0502734 0.0925744 0.0980884 0.0745270 0.0000000 0.0787437 0.0505396 0.0263416 0.0842132 0.0504657 0.0905808 0.0604399 0.0706928 0.0725135 0.0769998 0.0737783 0.0730140 
Microbiotheriidae_Dromiciops_gliroides       0.0711365 0.0586429 0.0635923 0.0848460 0.0856746 0.0705979 0.0639453 0.0715896 0.0918212 0.0740114 0.0715898 0.0695164 0.0719432 0.0771637 0.0712970 0.0723142 0.0662894 0.0750053 0.0729402 0.0909419 0.0673190 0.0807952 0.0924921 0.0708284 0.0787437 0.0000000 0.0730178 0.0829415 0.1060736 0.0716125 0.0715898 0.0679905 0.0815505 0.0767287 0.0763344 0.0743231 0.0830304 
Pseudochiridae_Petauroides_volans            0.0405741 0.0473809 0.0446841 0.0629195 0.0609002 0.0614046 0.0415914 0.0440990 0.0647502 0.0703170 0.0853450 0.0425824 0.0590175 0.0608813 0.0469984 0.0457244 0.0557738 0.0615876 0.0700815 0.0617846 0.0200579 0.0828826 0.0928354 0.0547918 0.0505396 0.0730178 0.0000000 0.0553900 0.0661278 0.0442136 0.0853450 0.0422540 0.0717757 0.0613577 0.0699737 0.0593248 0.0342445 
Macropodidae_Wallabia_bicolor                0.0594270 0.0616119 0.0575731 0.0126241 0.0109019 0.0770245 0.0599911 0.0672734 0.0152636 0.0850841 0.0925014 0.0615989 0.0744648 0.0823440 0.0715868 0.0570063 0.0763320 0.0795728 0.0804010 0.0050120 0.0551159 0.0836531 0.0962612 0.0705920 0.0263416 0.0829415 0.0553900 0.0000000 0.0938531 0.0563128 0.0925014 0.0681354 0.0810779 0.0789548 0.0835756 0.0812738 0.0772380 
Tarsipedidae_Tarsipes_rostratus              0.0809779 0.0734979 0.0759208 0.0969452 0.0928192 0.1011320 0.0822684 0.0820852 0.0979570 0.0942470 0.1004933 0.0827956 0.0996693 0.0988002 0.0861739 0.0779171 0.0973298 0.0975516 0.0893519 0.0986148 0.0616881 0.1002890 0.1115552 0.0948714 0.0842132 0.1060736 0.0661278 0.0938531 0.0000000 0.0722218 0.1004933 0.0856817 0.0965926 0.1011083 0.0931474 0.0994084 0.0844792 
Acrobatidae_Distoechurus_pennatus            0.0474081 0.0484427 0.0392465 0.0597346 0.0576779 0.0681453 0.0462488 0.0479348 0.0623955 0.0718191 0.0926191 0.0496777 0.0678217 0.0647528 0.0545565 0.0283202 0.0609178 0.0705806 0.0666831 0.0636332 0.0405600 0.0832600 0.1010484 0.0630953 0.0504657 0.0716125 0.0442136 0.0563128 0.0722218 0.0000000 0.0926191 0.0531974 0.0663718 0.0700315 0.0709491 0.0667029 0.0645472 
Myrmecobiidae_Myrmecobius_fasciatus2         0.0844425 0.0765141 0.1067469 0.1141695 0.1135554 0.0267265 0.1234684 0.1162473 0.1135554 0.0690691 0.0000010 0.0980209 0.0209955 0.0423968 0.1130768 0.0799180 0.0279302 0.0437417 0.0582747 0.1108240 0.0653128 0.0787595 0.0975544 0.0273275 0.0905808 0.0715898 0.0853450 0.0925014 0.1004933 0.0926191 0.0000000 0.1038599 0.0829109 0.0268479 0.0582747 9.0000000 9.0000000 
Phalangeridae_Phalanger_carmelitae           0.0419062 0.0556807 0.0485384 0.0666963 0.0655650 0.0686239 0.0244034 0.0103062 0.0721716 0.0717755 0.1038599 0.0082337 0.0674383 0.0721202 0.0028281 0.0465328 0.0664467 0.0710581 0.0714337 0.0747941 0.0476031 0.0873969 0.0947992 0.0669311 0.0604399 0.0679905 0.0422540 0.0681354 0.0856817 0.0531974 0.1038599 0.0000000 0.0700089 0.0705069 0.0728134 0.0646252 0.0610239 
Peramelidae_Peroryctes_raffrayana            0.0720879 0.0598594 0.0666831 0.0834898 0.0820796 0.0785042 0.0641962 0.0659856 0.0853375 0.0051317 0.0829109 0.0689559 0.0783549 0.0768138 0.0728694 0.0740191 0.0746991 0.0795934 0.0031143 0.0849335 0.0683277 0.0802231 0.1045446 0.0685002 0.0706928 0.0815505 0.0717757 0.0810779 0.0965926 0.0663718 0.0829109 0.0700089 0.0000000 0.0785872 0.0052732 0.0821147 0.0866122 
Dasyuridae_Dasyurus_geffroii                 0.0714962 0.0575337 0.0626119 0.0843894 0.0813983 0.0024579 0.0689475 0.0678087 0.0905961 0.0746720 0.0268479 0.0641092 0.0104990 0.0228152 0.0720799 0.0689609 0.0067175 0.0041025 0.0713514 0.0798384 0.0621459 0.0790235 0.0952591 0.0030753 0.0725135 0.0767287 0.0613577 0.0789548 0.1011083 0.0700315 0.0268479 0.0705069 0.0785872 0.0000000 0.0735636 0.0211907 0.0737003 
Peramelidae_Perameles_gunnii                 0.0724071 0.0615839 0.0647734 0.0848494 0.0845640 0.0724941 0.0681495 0.0701904 0.0882605 0.0002754 0.0582747 0.0684661 0.0714134 0.0701767 0.0741091 0.0734857 0.0601569 0.0749169 0.0056774 0.0874647 0.0669162 0.0739211 0.0958601 0.0590771 0.0769998 0.0763344 0.0699737 0.0835756 0.0931474 0.0709491 0.0582747 0.0728134 0.0052732 0.0735636 0.0000000 0.0747293 0.0884161 
Dasyuridae_Planigale_tenuirostris            0.0681358 0.0516715 0.0489914 0.0770226 0.0783877 0.0212290 0.0628212 0.0584764 0.0819193 0.0748539 9.0000000 0.0567188 0.0226892 0.0174928 0.0650401 0.0637188 0.0126830 0.0235184 0.0742377 0.0822289 0.0595488 0.0794373 0.0896270 0.0067401 0.0737783 0.0743231 0.0593248 0.0812738 0.0994084 0.0667029 9.0000000 0.0646252 0.0821147 0.0211907 0.0747293 0.0000000 0.0775382 
Pseudochiridae_Pseudocheirus_occidentalis    0.0624542 0.0537462 0.0530815 0.0799792 0.0783646 0.0751277 0.0551435 0.0629873 0.0846062 0.0887272 9.0000000 0.0559219 0.0726573 0.0810473 0.0669744 0.0692938 0.0595017 0.0749897 0.0835574 0.0800589 0.0171753 0.0892849 0.1069165 0.0537666 0.0730140 0.0830304 0.0342445 0.0772380 0.0844792 0.0645472 9.0000000 0.0610239 0.0866122 0.0737003 0.0884161 0.0775382 0.0000000 
