35
Burramyidae_Burramys_parvus                  0.0000000 0.0461056 0.0377977 0.0389586 0.0473253 0.0466908 0.0335300 0.0341113 0.0504466 0.0706968 0.0244145 0.0666997 0.0379519 0.0339961 0.0495987 0.0541744 0.0641852 0.0506703 0.0449261 0.0442792 0.1291135 0.0912776 0.0719175 0.0464402 0.0415169 0.0456868 0.0436368 0.0437435 0.0561481 0.0465790 0.0346869 0.0567800 0.0580786 0.0704613 0.0597057 
Notoryctidae_Notoryctes_typhlops             0.0461056 0.0000000 0.0447167 0.0532468 0.0519794 0.0521901 0.0454874 0.0439889 0.0559011 0.0616250 0.0356625 0.0541649 0.0431356 0.0445173 0.0544396 0.0461619 0.0532568 0.0457360 0.0539112 0.0524081 0.1041776 0.0848279 0.0536143 0.0564184 0.0385171 0.0473714 0.0537442 0.0467919 0.0591719 0.0550629 0.0455616 0.0629892 0.0519521 0.0609930 0.0530782 
Vombatidae_Lasiorhinus_latifrons             0.0377977 0.0447167 0.0000000 0.0458573 0.0499550 0.0447015 0.0397253 0.0412512 0.0427461 0.0584522 0.0251277 0.0616983 0.0315375 0.0388014 0.0407884 0.0461001 0.0590835 0.0409021 0.0381606 0.0376472 0.1132051 0.0686811 0.0643540 0.0396614 0.0374616 0.0356793 0.0376098 0.0337198 0.0454919 0.0415338 0.0397281 0.0455995 0.0562552 0.0588386 0.0482208 
Potoroidae_Bettongia_penicillata             0.0389586 0.0532468 0.0458573 0.0000000 0.0028915 0.0566006 0.0379598 0.0370999 0.0130072 0.0734454 0.0304079 0.0585746 0.0420620 0.0417001 0.0530127 0.0446715 0.0561445 0.0425265 0.0169367 0.0442571 0.1021354 0.0722929 0.0603994 0.0304984 0.0398513 0.0394178 0.0157404 0.0406754 0.0585291 0.0442660 0.0414211 0.0687729 0.0561375 0.0730089 0.0598816 
Potoroidae_Bettongia_lesueur                 0.0473253 0.0519794 0.0499550 0.0028915 0.0000000 0.0551882 0.0438665 0.0432302 0.0151631 0.0863828 0.0353850 0.0749510 0.0403956 0.0478592 0.0620447 0.0596492 0.0748753 0.0545709 0.0184067 0.0500234 0.1434415 0.0831455 0.0796455 0.0327700 0.0507281 0.0471291 0.0176428 0.0467144 0.0693362 0.0516333 0.0483841 0.0689004 0.0706547 0.0859500 0.0725450 
Dasyuridae_Dasyurus_maculatus                0.0466908 0.0521901 0.0447015 0.0566006 0.0551882 0.0000000 0.0487569 0.0480066 0.0594211 0.0680996 0.0377774 0.0146093 0.0125073 0.0487913 0.0543040 0.0107371 0.0089320 0.0140656 0.0586940 0.0568104 0.0912406 0.0806259 0.0131240 0.0589357 0.0431882 0.0537503 0.0568801 0.0552173 0.0626673 0.0613432 0.0482598 0.0644423 0.0028851 0.0680672 0.0637301 
Phalangeridae_Trichosurus_vulpecula          0.0335300 0.0454874 0.0397253 0.0379598 0.0438665 0.0487569 0.0000000 0.0111305 0.0455386 0.0735500 0.0099592 0.0645747 0.0373144 0.0143810 0.0508131 0.0543593 0.0667092 0.0468401 0.0425474 0.0432850 0.1244885 0.0862616 0.0684121 0.0431276 0.0430831 0.0419374 0.0422500 0.0387128 0.0568854 0.0447966 0.0155430 0.0606661 0.0628044 0.0738640 0.0660127 
Phalangeridae_Spilocuscus_maculatus          0.0341113 0.0439889 0.0412512 0.0370999 0.0432302 0.0480066 0.0111305 0.0000000 0.0466619 0.0751541 0.0048706 0.0634053 0.0376596 0.0075792 0.0511371 0.0538445 0.0669908 0.0455162 0.0436688 0.0443490 0.1293722 0.0857676 0.0672187 0.0452071 0.0413182 0.0420203 0.0430917 0.0402455 0.0584721 0.0448126 0.0084889 0.0622096 0.0622184 0.0754249 0.0663692 
Potoroidae_Aepyprymnus_rufescens             0.0504466 0.0559011 0.0427461 0.0130072 0.0151631 0.0594211 0.0455386 0.0466619 0.0000000 0.0736707 0.0323864 0.0776360 0.0373265 0.0503772 0.0520733 0.0562929 0.0753183 0.0510508 0.0117601 0.0428975 0.1372307 0.0774663 0.0819964 0.0243270 0.0485591 0.0408765 0.0115977 0.0397565 0.0606329 0.0436201 0.0513704 0.0590997 0.0735691 0.0740502 0.0639590 
Peramelidae_Perameles_nasuta                 0.0706968 0.0616250 0.0584522 0.0734454 0.0863828 0.0680996 0.0735500 0.0751541 0.0736707 0.0000000 0.0443957 0.0838410 0.0421734 0.0759218 0.0557128 0.0632560 0.0859005 0.0589054 0.0710974 0.0695815 0.1519465 0.1077496 0.0867343 0.0685486 0.0550641 0.0677566 0.0684006 0.0674700 0.0748451 0.0705744 0.0772585 0.0149151 0.0850208 0.0013885 0.0082422 
Phalangeridae_Strigocuscus_pelengensis       0.0244145 0.0356625 0.0251277 0.0304079 0.0353850 0.0377774 0.0099592 0.0048706 0.0323864 0.0443957 0.0000000 0.0492616 0.0358819 0.0040983 0.0303733 0.0500490 0.0528328 0.0438939 0.0306202 0.0313004 0.0779022 0.0599899 0.0485537 0.0296560 0.0384426 0.0298498 0.0300591 0.0283327 0.0397704 0.0328249 0.0054388 0.0361490 0.0493095 0.0453289 0.0350611 
Dasyuridae_Phascogale_tapoatafa              0.0666997 0.0541649 0.0616983 0.0585746 0.0749510 0.0146093 0.0645747 0.0634053 0.0776360 0.0838410 0.0492616 0.0000000 0.0131174 0.0645409 0.0644875 0.0028493 0.0261093 0.0214019 0.0741654 0.0727310 0.1476697 0.1051441 0.0127586 0.0759109 0.0515222 0.0710473 0.0725007 0.0711555 0.0812110 0.0757877 0.0642884 0.0656927 0.0162218 0.0864866 0.0791894 
Dasyuridae_Sminthopsis_macroura              0.0379519 0.0431356 0.0315375 0.0420620 0.0403956 0.0125073 0.0373144 0.0376596 0.0373265 0.0421734 0.0358819 0.0131174 0.0000000 0.0389974 0.0391271 0.0128946 0.0116508 0.0128715 0.0371385 0.0395721 0.0483232 0.0503919 0.0134622 0.0378217 0.0375992 0.0390100 0.0378126 0.0382591 0.0437870 0.0429742 0.0395449 0.0435584 0.0129275 0.0428145 0.0347317 
Phalangeridae_Phalanger_orientalis           0.0339961 0.0445173 0.0388014 0.0417001 0.0478592 0.0487913 0.0143810 0.0075792 0.0503772 0.0759218 0.0040983 0.0645409 0.0389974 0.0000000 0.0518773 0.0554900 0.0672110 0.0477424 0.0478104 0.0486384 0.1344513 0.0912638 0.0678269 0.0495549 0.0421170 0.0458042 0.0469685 0.0449147 0.0598267 0.0500396 0.0027588 0.0591441 0.0627677 0.0759700 0.0664895 
Acrobatidae_Acrobates_pygmaeus               0.0495987 0.0544396 0.0407884 0.0530127 0.0620447 0.0543040 0.0508131 0.0511371 0.0520733 0.0557128 0.0303733 0.0644875 0.0391271 0.0518773 0.0000000 0.0519027 0.0715647 0.0511527 0.0482713 0.0434599 0.1329840 0.0946366 0.0697030 0.0507291 0.0422694 0.0443936 0.0480717 0.0411563 0.0522372 0.0322961 0.0534650 0.0504791 0.0673574 0.0576255 0.0488407 
Dasyuridae_Phascogale_calura                 0.0541744 0.0461619 0.0461001 0.0446715 0.0596492 0.0107371 0.0543593 0.0538445 0.0562929 0.0632560 0.0500490 0.0028493 0.0128946 0.0554900 0.0519027 0.0000000 0.0178586 0.0205052 0.0554038 0.0545377 0.1079300 0.0768248 0.0121607 0.0535319 0.0509344 0.0548241 0.0542002 0.0535855 0.0674365 0.0546137 0.0558042 0.0460320 0.0132567 0.0661474 0.0576823 
Dasyuridae_Sarcophilus_harrisii              0.0641852 0.0532568 0.0590835 0.0561445 0.0748753 0.0089320 0.0667092 0.0669908 0.0753183 0.0859005 0.0528328 0.0261093 0.0116508 0.0672110 0.0715647 0.0178586 0.0000000 0.0192371 0.0743273 0.0705508 0.1512190 0.1057248 0.0290986 0.0722644 0.0554176 0.0695022 0.0700257 0.0692973 0.0872910 0.0772147 0.0669269 0.0604029 0.0126075 0.0882296 0.0829490 
Dasyuridae_Planigale_tenuirostris            0.0506703 0.0457360 0.0409021 0.0425265 0.0545709 0.0140656 0.0468401 0.0455162 0.0510508 0.0589054 0.0438939 0.0214019 0.0128715 0.0477424 0.0511527 0.0205052 0.0192371 0.0000000 0.0523656 0.0501864 0.0869389 0.0701168 0.0203632 0.0480290 0.0491332 0.0476011 0.0487990 0.0483710 0.0603722 0.0510330 0.0471322 0.0441321 0.0196421 0.0616431 0.0528547 
Macropodidae_Dorcopsulus_vanheurni           0.0449261 0.0539112 0.0381606 0.0169367 0.0184067 0.0586940 0.0425474 0.0436688 0.0117601 0.0710974 0.0306202 0.0741654 0.0371385 0.0478104 0.0482713 0.0554038 0.0743273 0.0523656 0.0000000 0.0390766 0.1384275 0.0764000 0.0806452 0.0230793 0.0459809 0.0385294 0.0056666 0.0366824 0.0571288 0.0407144 0.0487869 0.0583567 0.0719080 0.0721587 0.0627875 
Pseudochiridae_Pseudochirulus_forbesi        0.0442792 0.0524081 0.0376472 0.0442571 0.0500234 0.0568104 0.0432850 0.0443490 0.0428975 0.0695815 0.0313004 0.0727310 0.0395721 0.0486384 0.0434599 0.0545377 0.0705508 0.0501864 0.0390766 0.0000000 0.1338347 0.0812969 0.0771597 0.0426739 0.0444052 0.0184268 0.0396819 0.0094618 0.0426711 0.0403580 0.0498547 0.0551670 0.0693860 0.0706705 0.0594451 
Didelphidae_Didelphis_virginiana             0.1291135 0.1041776 0.1132051 0.1021354 0.1434415 0.0912406 0.1244885 0.1293722 0.1372307 0.1519465 0.0779022 0.1476697 0.0483232 0.1344513 0.1329840 0.1079300 0.1512190 0.0869389 0.1384275 0.1338347 0.0000000 0.0715694 0.1380708 0.1286141 0.0852129 0.1280159 0.1341904 0.1321502 0.1305083 0.1403590 0.1352330 0.0997154 0.1442550 0.1608774 0.1386664 
Marmosidae_Monodelphis_domestica             0.0912776 0.0848279 0.0686811 0.0722929 0.0831455 0.0806259 0.0862616 0.0857676 0.0774663 0.1077496 0.0599899 0.1051441 0.0503919 0.0912638 0.0946366 0.0768248 0.1057248 0.0701168 0.0764000 0.0812969 0.0715694 0.0000000 0.1026275 0.0773795 0.0614618 0.0778875 0.0740882 0.0785461 0.0941271 0.0858526 0.0932640 0.0835804 0.1011760 0.1071771 0.0925506 
Dasyuridae_Antechinus_stuartii               0.0719175 0.0536143 0.0643540 0.0603994 0.0796455 0.0131240 0.0684121 0.0672187 0.0819964 0.0867343 0.0485537 0.0127586 0.0134622 0.0678269 0.0697030 0.0121607 0.0290986 0.0203632 0.0806452 0.0771597 0.1380708 0.1026275 0.0000000 0.0806650 0.0484160 0.0735477 0.0778344 0.0739807 0.0828518 0.0808981 0.0678440 0.0644564 0.0188577 0.0890334 0.0831288 
Hypsiprymnodontidae_Hypsiprymnodon_moschatus 0.0464402 0.0564184 0.0396614 0.0304984 0.0327700 0.0589357 0.0431276 0.0452071 0.0243270 0.0685486 0.0296560 0.0759109 0.0378217 0.0495549 0.0507291 0.0535319 0.0722644 0.0480290 0.0230793 0.0426739 0.1286141 0.0773795 0.0806650 0.0000000 0.0467507 0.0419241 0.0216927 0.0410234 0.0612988 0.0441146 0.0500546 0.0586194 0.0718979 0.0695622 0.0587841 
Microbiotheriidae_Dromiciops_gliroides       0.0415169 0.0385171 0.0374616 0.0398513 0.0507281 0.0431882 0.0430831 0.0413182 0.0485591 0.0550641 0.0384426 0.0515222 0.0375992 0.0421170 0.0422694 0.0509344 0.0554176 0.0491332 0.0459809 0.0444052 0.0852129 0.0614618 0.0484160 0.0467507 0.0000000 0.0406712 0.0459886 0.0403201 0.0549483 0.0443119 0.0423821 0.0423562 0.0513851 0.0558343 0.0437762 
Pseudochiridae_Petauroides_volans            0.0456868 0.0473714 0.0356793 0.0394178 0.0471291 0.0537503 0.0419374 0.0420203 0.0408765 0.0677566 0.0298498 0.0710473 0.0390100 0.0458042 0.0443936 0.0548241 0.0695022 0.0476011 0.0385294 0.0184268 0.1280159 0.0778875 0.0735477 0.0419241 0.0406712 0.0000000 0.0392600 0.0149582 0.0430879 0.0402479 0.0475161 0.0522313 0.0670671 0.0687813 0.0581591 
Macropodidae_Wallabia_bicolor                0.0436368 0.0537442 0.0376098 0.0157404 0.0176428 0.0568801 0.0422500 0.0430917 0.0115977 0.0684006 0.0300591 0.0725007 0.0378126 0.0469685 0.0480717 0.0542002 0.0700257 0.0487990 0.0056666 0.0396819 0.1341904 0.0740882 0.0778344 0.0216927 0.0459886 0.0392600 0.0000000 0.0370667 0.0559002 0.0398455 0.0479427 0.0582484 0.0689157 0.0697239 0.0606725 
Pseudochiridae_Pseudocheirus_occidentalis    0.0437435 0.0467919 0.0337198 0.0406754 0.0467144 0.0552173 0.0387128 0.0402455 0.0397565 0.0674700 0.0283327 0.0711555 0.0382591 0.0449147 0.0411563 0.0535855 0.0692973 0.0483710 0.0366824 0.0094618 0.1321502 0.0785461 0.0739807 0.0410234 0.0403201 0.0149582 0.0370667 0.0000000 0.0401880 0.0363688 0.0466095 0.0530690 0.0678088 0.0685687 0.0575489 
Tarsipedidae_Tarsipes_rostratus              0.0561481 0.0591719 0.0454919 0.0585291 0.0693362 0.0626673 0.0568854 0.0584721 0.0606329 0.0748451 0.0397704 0.0812110 0.0437870 0.0598267 0.0522372 0.0674365 0.0872910 0.0603722 0.0571288 0.0426711 0.1305083 0.0941271 0.0828518 0.0612988 0.0549483 0.0430879 0.0559002 0.0401880 0.0000000 0.0519130 0.0609458 0.0642668 0.0820059 0.0759851 0.0622790 
Acrobatidae_Distoechurus_pennatus            0.0465790 0.0550629 0.0415338 0.0442660 0.0516333 0.0613432 0.0447966 0.0448126 0.0436201 0.0705744 0.0328249 0.0757877 0.0429742 0.0500396 0.0322961 0.0546137 0.0772147 0.0510330 0.0407144 0.0403580 0.1403590 0.0858526 0.0808981 0.0441146 0.0443119 0.0402479 0.0398455 0.0363688 0.0519130 0.0000000 0.0508249 0.0612607 0.0733355 0.0704524 0.0622763 
Phalangeridae_Phalanger_carmelitae           0.0346869 0.0455616 0.0397281 0.0414211 0.0483841 0.0482598 0.0155430 0.0084889 0.0513704 0.0772585 0.0054388 0.0642884 0.0395449 0.0027588 0.0534650 0.0558042 0.0669269 0.0471322 0.0487869 0.0498547 0.1352330 0.0932640 0.0678440 0.0500546 0.0423821 0.0475161 0.0479427 0.0466095 0.0609458 0.0508249 0.0000000 0.0600039 0.0622021 0.0775098 0.0673958 
Peramelidae_Peroryctes_raffrayana            0.0567800 0.0629892 0.0455995 0.0687729 0.0689004 0.0644423 0.0606661 0.0622096 0.0590997 0.0149151 0.0361490 0.0656927 0.0435584 0.0591441 0.0504791 0.0460320 0.0604029 0.0441321 0.0583567 0.0551670 0.0997154 0.0835804 0.0644564 0.0586194 0.0423562 0.0522313 0.0582484 0.0530690 0.0642668 0.0612607 0.0600039 0.0000000 0.0636850 0.0150631 0.0138571 
Dasyuridae_Dasyurus_geffroii                 0.0580786 0.0519521 0.0562552 0.0561375 0.0706547 0.0028851 0.0628044 0.0622184 0.0735691 0.0850208 0.0493095 0.0162218 0.0129275 0.0627677 0.0673574 0.0132567 0.0126075 0.0196421 0.0719080 0.0693860 0.1442550 0.1011760 0.0188577 0.0718979 0.0513851 0.0670671 0.0689157 0.0678088 0.0820059 0.0733355 0.0622021 0.0636850 0.0000000 0.0866819 0.0821012 
Peramelidae_Perameles_gunnii                 0.0704613 0.0609930 0.0588386 0.0730089 0.0859500 0.0680672 0.0738640 0.0754249 0.0740502 0.0013885 0.0453289 0.0864866 0.0428145 0.0759700 0.0576255 0.0661474 0.0882296 0.0616431 0.0721587 0.0706705 0.1608774 0.1071771 0.0890334 0.0695622 0.0558343 0.0687813 0.0697239 0.0685687 0.0759851 0.0704524 0.0775098 0.0150631 0.0866819 0.0000000 0.0075938 
Peramelidae_Echymipera_kalubu                0.0597057 0.0530782 0.0482208 0.0598816 0.0725450 0.0637301 0.0660127 0.0663692 0.0639590 0.0082422 0.0350611 0.0791894 0.0347317 0.0664895 0.0488407 0.0576823 0.0829490 0.0528547 0.0627875 0.0594451 0.1386664 0.0925506 0.0831288 0.0587841 0.0437762 0.0581591 0.0606725 0.0575489 0.0622790 0.0622763 0.0673958 0.0138571 0.0821012 0.0075938 0.0000000 
