35
Burramyidae_Burramys_parvus                  0.0000000 0.0648270 0.0425577 0.0384752 0.0299602 0.0572607 0.0354896 0.0338422 0.0355801 0.0579881 0.0458703 0.0596205 0.0648159 0.0400225 0.0371875 0.0599403 0.0533957 0.0531259 0.0609208 0.0361567 0.0597210 0.0805507 0.0966766 0.0546550 0.0421004 0.0483839 0.0349544 0.0337347 0.0371271 0.0489226 0.0438646 0.0422230 0.0614269 0.0538576 0.0588988 
Notoryctidae_Notoryctes_typhlops             0.0648270 0.0000000 0.0674125 0.0689073 0.0597606 0.0742894 0.0698563 0.0653230 0.0686848 0.0724026 0.0888076 0.0735885 0.0818729 0.0795921 0.0682428 0.0781677 0.0732005 0.0808739 0.0732358 0.0665265 0.0907654 0.1285830 0.1169562 0.0745239 0.0740627 0.0716070 0.0685853 0.0620821 0.0728258 0.0841766 0.0668768 0.0804550 0.0737504 0.0722299 0.0722377 
Vombatidae_Lasiorhinus_latifrons             0.0425577 0.0674125 0.0000000 0.0431424 0.0362758 0.0593832 0.0447865 0.0409182 0.0418019 0.0606227 0.0511110 0.0595187 0.0725690 0.0493609 0.0489307 0.0615934 0.0584428 0.0605537 0.0612493 0.0432387 0.0645880 0.1106573 0.1051617 0.0566421 0.0497373 0.0536917 0.0436376 0.0403830 0.0480084 0.0566047 0.0521657 0.0516673 0.0623472 0.0588079 0.0614558 
Potoroidae_Bettongia_penicillata             0.0384752 0.0689073 0.0431424 0.0000000 0.0033483 0.0592496 0.0401330 0.0385676 0.0069546 0.0608564 0.0506598 0.0605381 0.0696462 0.0478802 0.0495391 0.0613921 0.0566633 0.0528725 0.0626733 0.0170687 0.0645412 0.0810353 0.1034451 0.0574421 0.0317165 0.0536181 0.0416242 0.0150576 0.0472219 0.0563326 0.0491088 0.0494217 0.0647525 0.0583442 0.0613259 
Potoroidae_Bettongia_lesueur                 0.0299602 0.0597606 0.0362758 0.0033483 0.0000000 0.0529177 0.0355868 0.0333536 0.0056808 0.0463581 0.0410362 0.0536908 0.0499646 0.0423585 0.0443940 0.0548092 0.0506344 0.0450920 0.0472534 0.0126014 0.0619083 0.0809866 0.0886617 0.0503988 0.0240629 0.0439363 0.0364148 0.0105094 0.0433946 0.0483254 0.0406145 0.0439655 0.0493202 0.0510833 0.0466598 
Dasyuridae_Dasyurus_maculatus                0.0572607 0.0742894 0.0593832 0.0592496 0.0529177 0.0000000 0.0613335 0.0563014 0.0595476 0.0725271 0.0633064 0.0109342 0.0281501 0.0657276 0.0651143 0.0125393 0.0050411 0.0202350 0.0762622 0.0583102 0.0857974 0.0862836 0.1069880 0.0106194 0.0675061 0.0630342 0.0590690 0.0566992 0.0639224 0.0717604 0.0651069 0.0678483 0.0745198 0.0045251 0.0758901 
Phalangeridae_Trichosurus_vulpecula          0.0354896 0.0698563 0.0447865 0.0401330 0.0355868 0.0613335 0.0000000 0.0108178 0.0388432 0.0617410 0.0213438 0.0661596 0.0741281 0.0218452 0.0441122 0.0656269 0.0584242 0.0582895 0.0598899 0.0399700 0.0584811 0.1052182 0.1043907 0.0609457 0.0444632 0.0491332 0.0401067 0.0386903 0.0457444 0.0549122 0.0464928 0.0212477 0.0641953 0.0598216 0.0614975 
Phalangeridae_Spilocuscus_maculatus          0.0338422 0.0653230 0.0409182 0.0385676 0.0333536 0.0563014 0.0108178 0.0000000 0.0376098 0.0576574 0.0143160 0.0598813 0.0671471 0.0138621 0.0426033 0.0609521 0.0535737 0.0531118 0.0575139 0.0372524 0.0521356 0.0837797 0.0942906 0.0571747 0.0417276 0.0455829 0.0354925 0.0365682 0.0408575 0.0512767 0.0453317 0.0135540 0.0603385 0.0545140 0.0576515 
Potoroidae_Aepyprymnus_rufescens             0.0355801 0.0686848 0.0418019 0.0069546 0.0056808 0.0595476 0.0388432 0.0376098 0.0000000 0.0603378 0.0476325 0.0608397 0.0703005 0.0468089 0.0481722 0.0611100 0.0569683 0.0526730 0.0628254 0.0170264 0.0639357 0.0838309 0.1038064 0.0577833 0.0310885 0.0527282 0.0411887 0.0143638 0.0455542 0.0549307 0.0483482 0.0480206 0.0638641 0.0586442 0.0608354 
Peramelidae_Perameles_nasuta                 0.0579881 0.0724026 0.0606227 0.0608564 0.0463581 0.0725271 0.0617410 0.0576574 0.0603378 0.0000000 0.0707101 0.0759402 0.0756102 0.0654034 0.0685379 0.0769668 0.0715151 0.0754992 0.0092302 0.0604139 0.0869970 0.0702236 0.1008310 0.0708040 0.0643951 0.0611665 0.0605156 0.0582901 0.0659048 0.0751180 0.0637870 0.0677012 0.0092622 0.0695943 0.0007831 
Phalangeridae_Strigocuscus_pelengensis       0.0458703 0.0888076 0.0511110 0.0506598 0.0410362 0.0633064 0.0213438 0.0143160 0.0476325 0.0707101 0.0000000 0.0709082 0.0801346 0.0148310 0.0528159 0.0740494 0.0623385 0.0630582 0.0681942 0.0468707 0.0742918 0.1079862 0.1150994 0.0677846 0.0541875 0.0543574 0.0471368 0.0459083 0.0514237 0.0639840 0.0542833 0.0138985 0.0699689 0.0636125 0.0698622 
Dasyuridae_Phascogale_tapoatafa              0.0596205 0.0735885 0.0595187 0.0605381 0.0536908 0.0109342 0.0661596 0.0598813 0.0608397 0.0759402 0.0709082 0.0000000 0.0282817 0.0695820 0.0663600 0.0045865 0.0105027 0.0209756 0.0795336 0.0597774 0.0829418 0.0956944 0.1088608 0.0058548 0.0686854 0.0643790 0.0597298 0.0585115 0.0653206 0.0750919 0.0658651 0.0729027 0.0778767 0.0108991 0.0785033 
Dasyuridae_Sminthopsis_macroura              0.0648159 0.0818729 0.0725690 0.0696462 0.0499646 0.0281501 0.0741281 0.0671471 0.0703005 0.0756102 0.0801346 0.0282817 0.0000000 0.0770327 0.0801661 0.0304918 0.0260361 0.0280868 0.0782933 0.0661381 0.0976935 0.0888397 0.1143371 0.0262507 0.0761759 0.0739845 0.0688503 0.0659282 0.0768217 0.0791131 0.0714744 0.0782938 0.0770217 0.0263258 0.0779437 
Phalangeridae_Phalanger_orientalis           0.0400225 0.0795921 0.0493609 0.0478802 0.0423585 0.0657276 0.0218452 0.0138621 0.0468089 0.0654034 0.0148310 0.0695820 0.0770327 0.0000000 0.0513174 0.0714872 0.0624448 0.0639132 0.0651400 0.0459128 0.0665573 0.1082660 0.1061217 0.0653638 0.0484780 0.0558902 0.0467474 0.0438705 0.0491255 0.0618829 0.0547889 0.0039880 0.0679530 0.0625374 0.0650948 
Acrobatidae_Acrobates_pygmaeus               0.0371875 0.0682428 0.0489307 0.0495391 0.0443940 0.0651143 0.0441122 0.0426033 0.0481722 0.0685379 0.0528159 0.0663600 0.0801661 0.0513174 0.0000000 0.0693962 0.0651452 0.0667421 0.0698374 0.0445686 0.0619162 0.1063166 0.1074571 0.0655935 0.0498748 0.0574109 0.0403517 0.0417622 0.0414483 0.0515720 0.0313031 0.0515477 0.0701124 0.0648281 0.0696924 
Dasyuridae_Phascogale_calura                 0.0599403 0.0781677 0.0615934 0.0613921 0.0548092 0.0125393 0.0656269 0.0609521 0.0611100 0.0769668 0.0740494 0.0045865 0.0304918 0.0714872 0.0693962 0.0000000 0.0116968 0.0248237 0.0801814 0.0604321 0.0904175 0.1011313 0.1117301 0.0071970 0.0688635 0.0651730 0.0636817 0.0588757 0.0695541 0.0769803 0.0670682 0.0743756 0.0790616 0.0125017 0.0794644 
Dasyuridae_Sarcophilus_harrisii              0.0533957 0.0732005 0.0584428 0.0566633 0.0506344 0.0050411 0.0584242 0.0535737 0.0569683 0.0715151 0.0623385 0.0105027 0.0260361 0.0624448 0.0651452 0.0116968 0.0000000 0.0199280 0.0741376 0.0551109 0.0827595 0.0851505 0.1050349 0.0094290 0.0651728 0.0613483 0.0565888 0.0547385 0.0633807 0.0686702 0.0637480 0.0648701 0.0728401 0.0040061 0.0743942 
Dasyuridae_Planigale_tenuirostris            0.0531259 0.0808739 0.0605537 0.0528725 0.0450920 0.0202350 0.0582895 0.0531118 0.0526730 0.0754992 0.0630582 0.0209756 0.0280868 0.0639132 0.0667421 0.0248237 0.0199280 0.0000000 0.0754879 0.0515733 0.0821640 0.0837295 0.1086444 0.0211835 0.0609638 0.0579711 0.0545272 0.0492603 0.0588568 0.0671537 0.0648970 0.0641453 0.0737017 0.0220238 0.0764342 
Peramelidae_Echymipera_kalubu                0.0609208 0.0732358 0.0612493 0.0626733 0.0472534 0.0762622 0.0598899 0.0575139 0.0628254 0.0092302 0.0681942 0.0795336 0.0782933 0.0651400 0.0698374 0.0801814 0.0741376 0.0754879 0.0000000 0.0617518 0.0856182 0.0740912 0.1038500 0.0743089 0.0664040 0.0616337 0.0601367 0.0586947 0.0656148 0.0788719 0.0623524 0.0661493 0.0085105 0.0745655 0.0087081 
Macropodidae_Dorcopsulus_vanheurni           0.0361567 0.0665265 0.0432387 0.0170687 0.0126014 0.0583102 0.0399700 0.0372524 0.0170264 0.0604139 0.0468707 0.0597774 0.0661381 0.0459128 0.0445686 0.0604321 0.0551109 0.0515733 0.0617518 0.0000000 0.0623596 0.0913260 0.1024895 0.0576746 0.0286028 0.0499386 0.0397698 0.0055874 0.0466815 0.0525373 0.0463237 0.0487707 0.0628987 0.0567570 0.0604922 
Pseudochiridae_Pseudochirulus_forbesi        0.0597210 0.0907654 0.0645880 0.0645412 0.0619083 0.0857974 0.0584811 0.0521356 0.0639357 0.0869970 0.0742918 0.0829418 0.0976935 0.0665573 0.0619162 0.0904175 0.0827595 0.0821640 0.0856182 0.0623596 0.0000000 0.1688332 0.1327469 0.0843708 0.0714034 0.0766874 0.0345965 0.0585567 0.0251564 0.0594675 0.0709498 0.0682114 0.0856906 0.0833474 0.0866413 
Didelphidae_Didelphis_virginiana             0.0805507 0.1285830 0.1106573 0.0810353 0.0809866 0.0862836 0.1052182 0.0837797 0.0838309 0.0702236 0.1079862 0.0956944 0.0888397 0.1082660 0.1063166 0.1011313 0.0851505 0.0837295 0.0740912 0.0913260 0.1688332 0.0000000 0.0840617 0.0876304 0.0866072 0.0873064 0.0861591 0.0881739 0.1019125 0.1070509 0.0921616 0.1196611 0.0731341 0.0858630 0.0740623 
Marmosidae_Monodelphis_domestica             0.0966766 0.1169562 0.1051617 0.1034451 0.0886617 0.1069880 0.1043907 0.0942906 0.1038064 0.1008310 0.1150994 0.1088608 0.1143371 0.1061217 0.1074571 0.1117301 0.1050349 0.1086444 0.1038500 0.1024895 0.1327469 0.0840617 0.0000000 0.1085440 0.1074435 0.1021965 0.0953337 0.1007564 0.1071449 0.1148688 0.1013990 0.1123679 0.1054568 0.1046202 0.1007566 
Dasyuridae_Antechinus_stuartii               0.0546550 0.0745239 0.0566421 0.0574421 0.0503988 0.0106194 0.0609457 0.0571747 0.0577833 0.0708040 0.0677846 0.0058548 0.0262507 0.0653638 0.0655935 0.0071970 0.0094290 0.0211835 0.0743089 0.0576746 0.0843708 0.0876304 0.1085440 0.0000000 0.0648893 0.0615263 0.0593642 0.0563644 0.0643780 0.0714664 0.0636210 0.0685406 0.0735112 0.0094362 0.0731844 
Hypsiprymnodontidae_Hypsiprymnodon_moschatus 0.0421004 0.0740627 0.0497373 0.0317165 0.0240629 0.0675061 0.0444632 0.0417276 0.0310885 0.0643951 0.0541875 0.0686854 0.0761759 0.0484780 0.0498748 0.0688635 0.0651728 0.0609638 0.0664040 0.0286028 0.0714034 0.0866072 0.1074435 0.0648893 0.0000000 0.0557903 0.0463088 0.0263269 0.0521936 0.0602898 0.0520855 0.0523537 0.0669202 0.0665445 0.0647854 
Microbiotheriidae_Dromiciops_gliroides       0.0483839 0.0716070 0.0536917 0.0536181 0.0439363 0.0630342 0.0491332 0.0455829 0.0527282 0.0611665 0.0543574 0.0643790 0.0739845 0.0558902 0.0574109 0.0651730 0.0613483 0.0579711 0.0616337 0.0499386 0.0766874 0.0873064 0.1021965 0.0615263 0.0557903 0.0000000 0.0500641 0.0481473 0.0576444 0.0681515 0.0582154 0.0581255 0.0636642 0.0608715 0.0613634 
Pseudochiridae_Petauroides_volans            0.0349544 0.0685853 0.0436376 0.0416242 0.0364148 0.0590690 0.0401067 0.0354925 0.0411887 0.0605156 0.0471368 0.0597298 0.0688503 0.0467474 0.0403517 0.0636817 0.0565888 0.0545272 0.0601367 0.0397698 0.0345965 0.0861591 0.0953337 0.0593642 0.0463088 0.0500641 0.0000000 0.0370276 0.0211835 0.0399888 0.0454958 0.0469487 0.0609854 0.0581739 0.0608144 
Macropodidae_Wallabia_bicolor                0.0337347 0.0620821 0.0403830 0.0150576 0.0105094 0.0566992 0.0386903 0.0365682 0.0143638 0.0582901 0.0459083 0.0585115 0.0659282 0.0438705 0.0417622 0.0588757 0.0547385 0.0492603 0.0586947 0.0055874 0.0585567 0.0881739 0.1007564 0.0563644 0.0263269 0.0481473 0.0370276 0.0000000 0.0420172 0.0516964 0.0450632 0.0463321 0.0612032 0.0560695 0.0584728 
Pseudochiridae_Pseudocheirus_occidentalis    0.0371271 0.0728258 0.0480084 0.0472219 0.0433946 0.0639224 0.0457444 0.0408575 0.0455542 0.0659048 0.0514237 0.0653206 0.0768217 0.0491255 0.0414483 0.0695541 0.0633807 0.0588568 0.0656148 0.0466815 0.0251564 0.1019125 0.1071449 0.0643780 0.0521936 0.0576444 0.0211835 0.0420172 0.0000000 0.0425535 0.0514361 0.0523933 0.0656908 0.0628743 0.0667733 
Tarsipedidae_Tarsipes_rostratus              0.0489226 0.0841766 0.0566047 0.0563326 0.0483254 0.0717604 0.0549122 0.0512767 0.0549307 0.0751180 0.0639840 0.0750919 0.0791131 0.0618829 0.0515720 0.0769803 0.0686702 0.0671537 0.0788719 0.0525373 0.0594675 0.1070509 0.1148688 0.0714664 0.0602898 0.0681515 0.0399888 0.0516964 0.0425535 0.0000000 0.0585801 0.0627277 0.0765235 0.0693919 0.0761638 
Acrobatidae_Distoechurus_pennatus            0.0438646 0.0668768 0.0521657 0.0491088 0.0406145 0.0651069 0.0464928 0.0453317 0.0483482 0.0637870 0.0542833 0.0658651 0.0714744 0.0547889 0.0313031 0.0670682 0.0637480 0.0648970 0.0623524 0.0463237 0.0709498 0.0921616 0.1013990 0.0636210 0.0520855 0.0582154 0.0454958 0.0450632 0.0514361 0.0585801 0.0000000 0.0557675 0.0635073 0.0638908 0.0638514 
Phalangeridae_Phalanger_carmelitae           0.0422230 0.0804550 0.0516673 0.0494217 0.0439655 0.0678483 0.0212477 0.0135540 0.0480206 0.0677012 0.0138985 0.0729027 0.0782938 0.0039880 0.0515477 0.0743756 0.0648701 0.0641453 0.0661493 0.0487707 0.0682114 0.1196611 0.1123679 0.0685406 0.0523537 0.0581255 0.0469487 0.0463321 0.0523933 0.0627277 0.0557675 0.0000000 0.0697716 0.0649673 0.0668791 
Peramelidae_Peroryctes_raffrayana            0.0614269 0.0737504 0.0623472 0.0647525 0.0493202 0.0745198 0.0641953 0.0603385 0.0638641 0.0092622 0.0699689 0.0778767 0.0770217 0.0679530 0.0701124 0.0790616 0.0728401 0.0737017 0.0085105 0.0628987 0.0856906 0.0731341 0.1054568 0.0735112 0.0669202 0.0636642 0.0609854 0.0612032 0.0656908 0.0765235 0.0635073 0.0697716 0.0000000 0.0719027 0.0091642 
Dasyuridae_Dasyurus_geffroii                 0.0538576 0.0722299 0.0588079 0.0583442 0.0510833 0.0045251 0.0598216 0.0545140 0.0586442 0.0695943 0.0636125 0.0108991 0.0263258 0.0625374 0.0648281 0.0125017 0.0040061 0.0220238 0.0745655 0.0567570 0.0833474 0.0858630 0.1046202 0.0094362 0.0665445 0.0608715 0.0581739 0.0560695 0.0628743 0.0693919 0.0638908 0.0649673 0.0719027 0.0000000 0.0724961 
Peramelidae_Perameles_gunnii                 0.0588988 0.0722377 0.0614558 0.0613259 0.0466598 0.0758901 0.0614975 0.0576515 0.0608354 0.0007831 0.0698622 0.0785033 0.0779437 0.0650948 0.0696924 0.0794644 0.0743942 0.0764342 0.0087081 0.0604922 0.0866413 0.0740623 0.1007566 0.0731844 0.0647854 0.0613634 0.0608144 0.0584728 0.0667733 0.0761638 0.0638514 0.0668791 0.0091642 0.0724961 0.0000000 
