37
Burramyidae_Burramys_parvus                  0.0000000 0.1550914 0.0844384 0.1203784 0.0878670 0.1262298 0.0749913 0.0699008 0.0922557 0.1178707 0.0710719 0.1149923 0.1290485 0.0841988 0.1064835 0.1142245 0.1244541 0.1075487 0.1139705 0.1131883 0.0796014 0.1612324 0.1642847 0.1146643 0.1340576 0.1111421 0.0612524 0.1171240 0.0707459 0.1051768 0.0832406 0.0721325 0.1154904 0.1288987 0.1184815 0.1510280 0.1510280 
Notoryctidae_Notoryctes_typhlops             0.1550914 0.0000000 0.1023814 0.1717676 0.1165855 0.1147463 0.1182950 0.1044022 0.1259806 0.1202660 0.1206641 0.1197445 0.1218128 0.1136046 0.1540339 0.1063594 0.1195623 0.1081419 0.1355753 0.1554431 0.0960515 0.1254245 0.1346077 0.1193235 0.1888072 0.1187119 0.0720378 0.1579207 0.0793558 0.1232656 0.1232340 0.1056370 0.1229033 0.1196907 0.1275915 0.0930274 0.0930274 
Vombatidae_Lasiorhinus_latifrons             0.0844384 0.1023814 0.0000000 0.0914256 0.0566997 0.0840371 0.0608736 0.0513462 0.0650339 0.0818322 0.0566851 0.0805466 0.0909960 0.0646706 0.0760063 0.0809728 0.0795386 0.0765394 0.0792477 0.0759612 0.0606202 0.1126291 0.1198754 0.0752289 0.1002488 0.0734208 0.0447252 0.0841843 0.0608519 0.0773585 0.0554854 0.0562223 0.0844291 0.0854626 0.0820917 0.0767738 0.0767738 
Potoroidae_Bettongia_penicillata             0.1203784 0.1717676 0.0914256 0.0000000 0.0100276 0.1401695 0.0922168 0.0840572 0.0313500 0.1207254 0.0873907 0.1368000 0.1449862 0.0966506 0.1035686 0.1356143 0.1362085 0.1322544 0.1265139 0.0199278 0.0888615 0.1763138 0.1751524 0.1281961 0.0628163 0.1353580 0.0692891 0.0236762 0.0765229 0.1326064 0.0968628 0.0819650 0.1187472 0.1420408 0.1216499 0.0590997 0.0590997 
Potoroidae_Bettongia_lesueur                 0.0878670 0.1165855 0.0566997 0.0100276 0.0000000 0.1040236 0.0582295 0.0562042 0.0068140 0.0851540 0.0606221 0.1034192 0.1065739 0.0673531 0.0728438 0.0968765 0.0899524 0.0981501 0.0883532 0.0184110 0.0707963 0.1368854 0.1369868 0.0947119 0.0393175 0.0971372 0.0526017 0.0203083 0.0567962 0.0924158 0.0675315 0.0545082 0.0891070 0.1031157 0.0877566 0.0621286 0.0621286 
Dasyuridae_Dasyurus_maculatus                0.1262298 0.1147463 0.0840371 0.1401695 0.1040236 0.0000000 0.1025132 0.0900654 0.1080476 0.0881149 0.0936130 0.0116912 0.0209190 0.1066192 0.1244187 0.0141641 0.0044486 0.0146347 0.0885599 0.1209089 0.1129760 0.1250168 0.1290185 0.0102636 0.1603388 0.0932201 0.0886592 0.1258051 0.0921378 0.1074151 0.0925360 0.0927613 0.0904159 0.0024326 0.0901795 0.0284583 0.0284583 
Phalangeridae_Trichosurus_vulpecula          0.0749913 0.1182950 0.0608736 0.0922168 0.0582295 0.1025132 0.0000000 0.0145876 0.0675260 0.1029809 0.0169101 0.0927003 0.1087110 0.0222438 0.0740808 0.0931879 0.0984563 0.0839627 0.0990270 0.0885677 0.0629508 0.1308428 0.1320130 0.0906275 0.1074855 0.0894563 0.0494865 0.0879613 0.0594429 0.0725207 0.0629332 0.0161237 0.1025517 0.1027523 0.1046392 0.0937289 0.0937289 
Phalangeridae_Spilocuscus_maculatus          0.0699008 0.1044022 0.0513462 0.0840572 0.0562042 0.0900654 0.0145876 0.0000000 0.0658470 0.0895110 0.0054202 0.0849989 0.1001149 0.0087160 0.0706121 0.0854553 0.0884119 0.0825001 0.0852777 0.0783005 0.0542135 0.1176595 0.1192161 0.0828084 0.1033139 0.0840960 0.0378490 0.0799830 0.0515985 0.0662659 0.0561005 0.0044765 0.0858662 0.0939006 0.0916239 0.0628919 0.0628919 
Potoroidae_Aepyprymnus_rufescens             0.0922557 0.1259806 0.0650339 0.0313500 0.0068140 0.1080476 0.0675260 0.0658470 0.0000000 0.0974641 0.0680054 0.1063004 0.1133299 0.0754368 0.0929918 0.1030276 0.1016344 0.0962157 0.1013445 0.0292318 0.0810976 0.1417596 0.1477642 0.0992382 0.0670224 0.1034024 0.0585392 0.0299210 0.0650683 0.0946992 0.0744538 0.0651331 0.0983812 0.1072252 0.0994595 0.0687071 0.0687071 
Peramelidae_Perameles_nasuta                 0.1178707 0.1202660 0.0818322 0.1207254 0.0851540 0.0881149 0.1029809 0.0895110 0.0974641 0.0000000 0.0903591 0.0840436 0.0983906 0.1071420 0.1246489 0.0818835 0.0888779 0.0791648 0.0078788 0.1011442 0.0880615 0.1278257 0.1221938 0.0866827 0.1376311 0.0892971 0.0754621 0.1046410 0.0827709 0.1233640 0.0905297 0.0900092 0.0104946 0.0878815 0.0000010 0.0565107 0.0565107 
Phalangeridae_Strigocuscus_pelengensis       0.0710719 0.1206641 0.0566851 0.0873907 0.0606221 0.0936130 0.0169101 0.0054202 0.0680054 0.0903591 0.0000000 0.0859405 0.1017843 0.0113125 0.0688629 0.0863988 0.0918908 0.0799149 0.0929191 0.0771521 0.0579495 0.1302114 0.1265766 0.0862797 0.1053371 0.0869948 0.0430731 0.0792759 0.0544534 0.0719937 0.0566372 0.0077373 0.0924952 0.0950120 0.0921409 0.0706197 0.0706197 
Dasyuridae_Phascogale_tapoatafa              0.1149923 0.1197445 0.0805466 0.1368000 0.1034192 0.0116912 0.0927003 0.0849989 0.1063004 0.0840436 0.0859405 0.0000000 0.0197388 0.1014508 0.1226791 0.0024393 0.0103903 0.0129452 0.0846650 0.1222190 0.1000249 0.1225524 0.1177092 0.0035074 0.1576087 0.0923855 0.0795425 0.1302592 0.0874210 0.1037495 0.0911925 0.0875051 0.0925314 0.0117251 0.0876526 0.0328488 0.0328488 
Dasyuridae_Sminthopsis_macroura              0.1290485 0.1218128 0.0909960 0.1449862 0.1065739 0.0209190 0.1087110 0.1001149 0.1133299 0.0983906 0.1017843 0.0197388 0.0000000 0.1199453 0.1306184 0.0174271 0.0163007 0.0103528 0.1004261 0.1343558 0.1012351 0.1391291 0.1420767 0.0156502 0.1682634 0.0988451 0.0862685 0.1394802 0.0888992 0.1140424 0.1086526 0.1080959 0.1038055 0.0203096 0.1000653 0.0262934 0.0262934 
Phalangeridae_Phalanger_orientalis           0.0841988 0.1136046 0.0646706 0.0966506 0.0673531 0.1066192 0.0222438 0.0087160 0.0754368 0.1071420 0.0113125 0.1014508 0.1199453 0.0000000 0.0810758 0.1019906 0.1025734 0.0961462 0.1089592 0.0859271 0.0642746 0.1360902 0.1335254 0.0992705 0.1086757 0.0995595 0.0457535 0.0875779 0.0641755 0.0707401 0.0641786 0.0059088 0.1040784 0.1081165 0.1073701 0.0916613 0.0916613 
Acrobatidae_Acrobates_pygmaeus               0.1064835 0.1540339 0.0760063 0.1035686 0.0728438 0.1244187 0.0740808 0.0706121 0.0929918 0.1246489 0.0688629 0.1226791 0.1306184 0.0810758 0.0000000 0.1159620 0.1170739 0.1230764 0.1130711 0.0895369 0.0765851 0.1567503 0.1607755 0.1165160 0.1196141 0.1127112 0.0603506 0.0956288 0.0669353 0.1010808 0.0335130 0.0694820 0.1201747 0.1273845 0.1237113 0.0678378 0.0678378 
Dasyuridae_Phascogale_calura                 0.1142245 0.1063594 0.0809728 0.1356143 0.0968765 0.0141641 0.0931879 0.0854553 0.1030276 0.0818835 0.0863988 0.0024393 0.0174271 0.1019906 0.1159620 0.0000000 0.0117671 0.0152717 0.0834877 0.1225358 0.0947785 0.1214695 0.1183435 0.0046057 0.1515967 0.0925826 0.0755405 0.1275694 0.0823096 0.1012235 0.0939466 0.0903561 0.0888046 0.0137010 0.0842825 0.0329108 0.0329108 
Dasyuridae_Sarcophilus_harrisii              0.1244541 0.1195623 0.0795386 0.1362085 0.0899524 0.0044486 0.0984563 0.0884119 0.1016344 0.0888779 0.0918908 0.0103903 0.0163007 0.1025734 0.1170739 0.0117671 0.0000000 0.0129483 0.0881442 0.1186761 0.1025918 0.1247922 0.1290030 0.0086511 0.1524307 0.0852066 0.0780392 0.1266963 0.0820886 0.1048783 0.0900299 0.0909912 0.0924122 0.0039121 0.0922149 0.0284018 0.0284018 
Dasyuridae_Planigale_tenuirostris            0.1075487 0.1081419 0.0765394 0.1322544 0.0981501 0.0146347 0.0839627 0.0825001 0.0962157 0.0791648 0.0799149 0.0129452 0.0103528 0.0961462 0.1230764 0.0152717 0.0129483 0.0000000 0.0805585 0.1094771 0.0866396 0.1321408 0.1288047 0.0104470 0.1532889 0.0848846 0.0704237 0.1204185 0.0780598 0.0984047 0.0849384 0.0844863 0.0790300 0.0129123 0.0773505 0.0277893 0.0277893 
Peramelidae_Echymipera_kalubu                0.1139705 0.1355753 0.0792477 0.1265139 0.0883532 0.0885599 0.0990270 0.0852777 0.1013445 0.0078788 0.0929191 0.0846650 0.1004261 0.1089592 0.1130711 0.0834877 0.0881442 0.0805585 0.0000000 0.1054194 0.1006425 0.1242801 0.1255677 0.0836997 0.1434923 0.0883124 0.0750077 0.1117200 0.0895483 0.1161924 0.0930760 0.0915264 0.0060732 0.0847697 0.0085213 0.0460982 0.0460982 
Macropodidae_Dorcopsulus_vanheurni           0.1131883 0.1554431 0.0759612 0.0199278 0.0184110 0.1209089 0.0885677 0.0783005 0.0292318 0.1011442 0.0771521 0.1222190 0.1343558 0.0859271 0.0895369 0.1225358 0.1186761 0.1094771 0.1054194 0.0000000 0.0851111 0.1615005 0.1584789 0.1138743 0.0735306 0.1194989 0.0675442 0.0080664 0.0777212 0.1083280 0.0800878 0.0741497 0.0962238 0.1225789 0.1007716 0.0622041 0.0622041 
Pseudochiridae_Pseudochirulus_forbesi        0.0796014 0.0960515 0.0606202 0.0888615 0.0707963 0.1129760 0.0629508 0.0542135 0.0810976 0.0880615 0.0579495 0.1000249 0.1012351 0.0642746 0.0765851 0.0947785 0.1025918 0.0866396 0.1006425 0.0851111 0.0000000 0.1500686 0.1347939 0.0976781 0.0857696 0.0848210 0.0216432 0.0873813 0.0179208 0.0658826 0.0673481 0.0563980 0.0988587 0.1131118 0.0970496 0.0517541 0.0517541 
Didelphidae_Didelphis_virginiana             0.1612324 0.1254245 0.1126291 0.1763138 0.1368854 0.1250168 0.1308428 0.1176595 0.1417596 0.1278257 0.1302114 0.1225524 0.1391291 0.1360902 0.1567503 0.1214695 0.1247922 0.1321408 0.1242801 0.1615005 0.1500686 0.0000000 0.0276088 0.1277611 0.1770150 0.1215103 0.1205322 0.1665736 0.1212036 0.1418311 0.1420652 0.1214853 0.1228643 0.1316974 0.1303723 0.0789507 0.0789507 
Marmosidae_Monodelphis_domestica             0.1642847 0.1346077 0.1198754 0.1751524 0.1369868 0.1290185 0.1320130 0.1192161 0.1477642 0.1221938 0.1265766 0.1177092 0.1420767 0.1335254 0.1607755 0.1183435 0.1290030 0.1288047 0.1255677 0.1584789 0.1347939 0.0276088 0.0000000 0.1201959 0.1867398 0.1239584 0.1117680 0.1598785 0.1193301 0.1352244 0.1382964 0.1205652 0.1224699 0.1326745 0.1267602 0.0822994 0.0822994 
Dasyuridae_Antechinus_stuartii               0.1146643 0.1193235 0.0752289 0.1281961 0.0947119 0.0102636 0.0906275 0.0828084 0.0992382 0.0866827 0.0862797 0.0035074 0.0156502 0.0992705 0.1165160 0.0046057 0.0086511 0.0104470 0.0836997 0.1138743 0.0976781 0.1277611 0.1201959 0.0000000 0.1548988 0.0874583 0.0787623 0.1216300 0.0861923 0.0962197 0.0890370 0.0877505 0.0887684 0.0098712 0.0876969 0.0308997 0.0308997 
Hypsiprymnodontidae_Hypsiprymnodon_moschatus 0.1340576 0.1888072 0.1002488 0.0628163 0.0393175 0.1603388 0.1074855 0.1033139 0.0670224 0.1376311 0.1053371 0.1576087 0.1682634 0.1086757 0.1196141 0.1515967 0.1524307 0.1532889 0.1434923 0.0735306 0.0857696 0.1770150 0.1867398 0.1548988 0.0000000 0.1506619 0.0686638 0.0773855 0.0827905 0.1296228 0.1084624 0.0972740 0.1457642 0.1542810 0.1432010 0.0637625 0.0637625 
Microbiotheriidae_Dromiciops_gliroides       0.1111421 0.1187119 0.0734208 0.1353580 0.0971372 0.0932201 0.0894563 0.0840960 0.1034024 0.0892971 0.0869948 0.0923855 0.0988451 0.0995595 0.1127112 0.0925826 0.0852066 0.0848846 0.0883124 0.1194989 0.0848210 0.1215103 0.1239584 0.0874583 0.1506619 0.0000000 0.0703965 0.1185649 0.0770996 0.0938340 0.0905458 0.0865944 0.0928871 0.0919066 0.0956135 0.0602683 0.0602683 
Pseudochiridae_Petauroides_volans            0.0612524 0.0720378 0.0447252 0.0692891 0.0526017 0.0886592 0.0494865 0.0378490 0.0585392 0.0754621 0.0430731 0.0795425 0.0862685 0.0457535 0.0603506 0.0755405 0.0780392 0.0704237 0.0750077 0.0675442 0.0216432 0.1205322 0.1117680 0.0787623 0.0686638 0.0703965 0.0000000 0.0715438 0.0186529 0.0458566 0.0448852 0.0393930 0.0765104 0.0886581 0.0783856 0.0571204 0.0571204 
Macropodidae_Wallabia_bicolor                0.1171240 0.1579207 0.0841843 0.0236762 0.0203083 0.1258051 0.0879613 0.0799830 0.0299210 0.1046410 0.0792759 0.1302592 0.1394802 0.0875779 0.0956288 0.1275694 0.1266963 0.1204185 0.1117200 0.0080664 0.0873813 0.1665736 0.1598785 0.1216300 0.0773855 0.1185649 0.0715438 0.0000000 0.0763231 0.1127603 0.0870304 0.0758244 0.1001082 0.1298356 0.1072237 0.0649070 0.0649070 
Pseudochiridae_Pseudocheirus_occidentalis    0.0707459 0.0793558 0.0608519 0.0765229 0.0567962 0.0921378 0.0594429 0.0515985 0.0650683 0.0827709 0.0544534 0.0874210 0.0888992 0.0641755 0.0669353 0.0823096 0.0820886 0.0780598 0.0895483 0.0777212 0.0179208 0.1212036 0.1193301 0.0861923 0.0827905 0.0770996 0.0186529 0.0763231 0.0000000 0.0650342 0.0657447 0.0554524 0.0904079 0.0922562 0.0860151 0.0565667 0.0565667 
Tarsipedidae_Tarsipes_rostratus              0.1051768 0.1232656 0.0773585 0.1326064 0.0924158 0.1074151 0.0725207 0.0662659 0.0946992 0.1233640 0.0719937 0.1037495 0.1140424 0.0707401 0.1010808 0.1012235 0.1048783 0.0984047 0.1161924 0.1083280 0.0658826 0.1418311 0.1352244 0.0962197 0.1296228 0.0938340 0.0458566 0.1127603 0.0650342 0.0000000 0.0732476 0.0634287 0.1203451 0.1064978 0.1247872 0.0538609 0.0538609 
Acrobatidae_Distoechurus_pennatus            0.0832406 0.1232340 0.0554854 0.0968628 0.0675315 0.0925360 0.0629332 0.0561005 0.0744538 0.0905297 0.0566372 0.0911925 0.1086526 0.0641786 0.0335130 0.0939466 0.0900299 0.0849384 0.0930760 0.0800878 0.0673481 0.1420652 0.1382964 0.0890370 0.1084624 0.0905458 0.0448852 0.0870304 0.0657447 0.0732476 0.0000000 0.0532060 0.0937587 0.0938181 0.0914612 0.0585169 0.0585169 
Phalangeridae_Phalanger_carmelitae           0.0721325 0.1056370 0.0562223 0.0819650 0.0545082 0.0927613 0.0161237 0.0044765 0.0651331 0.0900092 0.0077373 0.0875051 0.1080959 0.0059088 0.0694820 0.0903561 0.0909912 0.0844863 0.0915264 0.0741497 0.0563980 0.1214853 0.1205652 0.0877505 0.0972740 0.0865944 0.0393930 0.0758244 0.0554524 0.0634287 0.0532060 0.0000000 0.0875598 0.0918448 0.0933029 0.0603948 0.0603948 
Peramelidae_Peroryctes_raffrayana            0.1154904 0.1229033 0.0844291 0.1187472 0.0891070 0.0904159 0.1025517 0.0858662 0.0983812 0.0104946 0.0924952 0.0925314 0.1038055 0.1040784 0.1201747 0.0888046 0.0924122 0.0790300 0.0060732 0.0962238 0.0988587 0.1228643 0.1224699 0.0887684 0.1457642 0.0928871 0.0765104 0.1001082 0.0904079 0.1203451 0.0937587 0.0875598 0.0000000 0.0913861 0.0107759 0.0546353 0.0546353 
Dasyuridae_Dasyurus_geffroii                 0.1288987 0.1196907 0.0854626 0.1420408 0.1031157 0.0024326 0.1027523 0.0939006 0.1072252 0.0878815 0.0950120 0.0117251 0.0203096 0.1081165 0.1273845 0.0137010 0.0039121 0.0129123 0.0847697 0.1225789 0.1131118 0.1316974 0.1326745 0.0098712 0.1542810 0.0919066 0.0886581 0.1298356 0.0922562 0.1064978 0.0938181 0.0918448 0.0913861 0.0000000 0.0888322 0.0305875 0.0305875 
Peramelidae_Perameles_gunnii                 0.1184815 0.1275915 0.0820917 0.1216499 0.0877566 0.0901795 0.1046392 0.0916239 0.0994595 0.0000010 0.0921409 0.0876526 0.1000653 0.1073701 0.1237113 0.0842825 0.0922149 0.0773505 0.0085213 0.1007716 0.0970496 0.1303723 0.1267602 0.0876969 0.1432010 0.0956135 0.0783856 0.1072237 0.0860151 0.1247872 0.0914612 0.0933029 0.0107759 0.0888322 0.0000000 0.0565107 0.0565107 
Myrmecobiidae_Myrmecobius_fasciatus1         0.1510280 0.0930274 0.0767738 0.0590997 0.0621286 0.0284583 0.0937289 0.0628919 0.0687071 0.0565107 0.0706197 0.0328488 0.0262934 0.0916613 0.0678378 0.0329108 0.0284018 0.0277893 0.0460982 0.0622041 0.0517541 0.0789507 0.0822994 0.0308997 0.0637625 0.0602683 0.0571204 0.0649070 0.0565667 0.0538609 0.0585169 0.0603948 0.0546353 0.0305875 0.0565107 0.0000000 0.0000010 
Myrmecobiidae_Myrmecobius_fasciatus2         0.1510280 0.0930274 0.0767738 0.0590997 0.0621286 0.0284583 0.0937289 0.0628919 0.0687071 0.0565107 0.0706197 0.0328488 0.0262934 0.0916613 0.0678378 0.0329108 0.0284018 0.0277893 0.0460982 0.0622041 0.0517541 0.0789507 0.0822994 0.0308997 0.0637625 0.0602683 0.0571204 0.0649070 0.0565667 0.0538609 0.0585169 0.0603948 0.0546353 0.0305875 0.0565107 0.0000010 0.0000000 
