192
I0185_86_Accipitridae_Buteo_jamaicensis                   0.0000000 0.0326658 0.0356472 0.0340450 0.0409870 0.0351302 0.0476945 0.0271490 0.0313351 0.0534438 0.0488839 0.0250185 0.0441956 0.0360760 0.0378872 0.0431838 0.0279585 0.0137978 0.0387608 0.0187207 0.0406261 0.0241738 0.0438521 0.0208056 0.0214748 0.0182003 0.0326838 0.0226471 0.0500697 0.0487393 0.0505668 0.0232126 0.0386699 0.0399517 0.0411537 0.0409240 0.0316389 0.0490161 0.0431453 0.0476503 0.0402503 0.0541827 0.0419054 0.0380456 0.0477807 0.0504873 0.0343582 0.0368864 0.0281807 0.0435361 0.0396035 0.0220594 0.0322438 0.0374738 0.0441664 0.0320748 0.0266520 0.0221969 0.0394524 0.0390837 0.0251104 0.0227350 0.0563902 0.0385983 0.0396780 0.0353190 0.0200681 0.0262765 0.0407328 0.0279581 0.0520968 0.0482606 0.0440609 0.0395489 0.0267724 0.0248924 0.0380961 0.0451512 0.0263472 0.0056365 0.0238265 0.0314816 0.0345614 0.0404427 0.0453453 0.0190997 0.0162064 0.0438364 0.0548457 0.0365228 0.0310254 0.0274512 0.0197285 0.0300906 0.0417058 0.0464902 0.0188277 0.0430082 0.0226240 0.0175584 0.0199899 0.0292725 0.0342857 0.0419735 0.0304393 0.0257135 0.0215010 0.0283185 0.0329365 0.0522172 0.0249805 0.0516464 0.0246652 0.0171561 0.0456024 0.0393147 0.0222762 0.0432453 0.0502631 0.0483820 0.0316694 0.0191311 0.0141799 0.0195098 0.0428378 0.0325397 0.0299125 0.0481970 0.0202121 0.0523057 0.0251054 0.0292381 0.0174338 0.0345950 0.0603569 0.0433899 0.0265060 0.0441490 0.0250548 0.0346998 0.0275861 0.0172523 0.0216043 0.0177260 0.0323124 0.0233391 0.0521264 0.0418743 0.0272016 0.0192785 0.0412693 0.0518327 0.0369311 0.0384186 0.0167085 0.0219195 0.0229594 0.0232021 0.0225247 0.0250419 0.0341828 0.0336248 0.0320571 0.0459905 0.0269963 0.0339636 0.0463701 0.0415251 0.0250538 0.0221376 0.0303903 0.0225508 0.0448141 0.0413268 0.0484231 0.0199425 0.0130823 0.0175183 0.0225607 0.0505259 0.0222235 0.0500366 0.0463668 0.0429624 0.0415332 0.1039992 0.0409379 0.0491724 0.0504244 0.0324769 0.0297892 0.0420493 
I0186_111_Momotidae_Momotus_lessonii                      0.0326658 0.0000000 0.0420448 0.0457041 0.0501522 0.0421690 0.0540280 0.0385696 0.0416349 0.0487500 0.0550429 0.0371164 0.0529503 0.0443621 0.0401680 0.0517306 0.0390190 0.0262193 0.0483149 0.0322074 0.0495106 0.0356913 0.0520075 0.0330400 0.0339332 0.0310125 0.0431359 0.0355871 0.0570653 0.0579263 0.0592483 0.0355619 0.0483146 0.0502538 0.0514721 0.0515143 0.0418350 0.0580949 0.0507178 0.0578540 0.0504577 0.0642456 0.0513064 0.0482814 0.0567221 0.0579308 0.0338511 0.0472940 0.0402106 0.0515347 0.0495472 0.0337715 0.0441369 0.0475972 0.0519437 0.0415213 0.0383610 0.0349635 0.0494800 0.0501632 0.0372548 0.0342032 0.0657956 0.0477010 0.0501372 0.0468754 0.0327221 0.0383896 0.0519601 0.0391784 0.0579662 0.0607506 0.0516770 0.0498589 0.0384292 0.0374113 0.0477419 0.0517866 0.0347000 0.0327297 0.0358816 0.0435570 0.0333973 0.0481137 0.0533727 0.0316305 0.0292488 0.0543694 0.0641109 0.0464160 0.0423409 0.0381755 0.0319396 0.0341014 0.0525402 0.0537972 0.0314766 0.0541643 0.0347304 0.0337317 0.0333536 0.0413060 0.0375352 0.0523370 0.0425721 0.0364064 0.0335033 0.0405229 0.0446886 0.0622683 0.0369070 0.0613065 0.0373511 0.0304236 0.0543740 0.0495301 0.0341223 0.0527271 0.0586767 0.0607158 0.0431557 0.0324668 0.0356359 0.0326070 0.0507725 0.0436138 0.0410354 0.0606153 0.0329606 0.0587269 0.0368140 0.0405013 0.0305930 0.0456278 0.0655875 0.0544153 0.0382762 0.0515986 0.0369576 0.0437983 0.0395219 0.0309791 0.0341433 0.0306737 0.0433561 0.0349958 0.0614317 0.0521431 0.0386382 0.0324160 0.0516005 0.0635592 0.0466174 0.0481659 0.0296359 0.0347631 0.0342450 0.0350150 0.0350789 0.0363020 0.0459019 0.0460196 0.0437000 0.0560689 0.0376651 0.0455330 0.0540721 0.0500326 0.0366531 0.0341683 0.0406842 0.0332630 0.0512783 0.0502057 0.0587537 0.0323877 0.0339837 0.0309066 0.0334993 0.0620659 0.0351952 0.0586115 0.0547752 0.0530641 0.0506666 0.1101512 0.0499046 0.0583631 0.0592461 0.0426921 0.0384254 0.0514973 
I0187_115_Trogonidae_Trogon_elegans                       0.0356472 0.0420448 0.0000000 0.0462669 0.0516031 0.0148222 0.0577980 0.0403942 0.0427819 0.0609514 0.0583543 0.0407181 0.0546622 0.0488625 0.0469776 0.0531387 0.0422184 0.0291905 0.0494934 0.0345705 0.0516452 0.0380361 0.0535247 0.0361447 0.0373519 0.0348579 0.0440378 0.0376455 0.0602657 0.0588905 0.0610654 0.0388311 0.0502822 0.0511799 0.0512003 0.0516026 0.0431015 0.0589607 0.0526552 0.0614613 0.0516138 0.0684029 0.0529834 0.0498137 0.0577078 0.0608893 0.0453925 0.0492888 0.0422897 0.0534120 0.0517334 0.0356651 0.0458802 0.0486661 0.0535362 0.0436028 0.0412606 0.0368570 0.0507879 0.0507791 0.0393306 0.0373611 0.0691242 0.0501089 0.0535661 0.0498274 0.0355669 0.0408801 0.0549277 0.0412039 0.0614451 0.0631592 0.0532721 0.0510085 0.0415497 0.0394371 0.0496771 0.0552525 0.0373284 0.0345818 0.0381440 0.0451744 0.0469574 0.0521054 0.0575908 0.0340622 0.0323992 0.0544248 0.0687759 0.0496778 0.0444201 0.0413023 0.0351141 0.0424093 0.0568013 0.0572980 0.0339617 0.0576719 0.0376712 0.0368461 0.0367129 0.0425832 0.0450871 0.0530399 0.0432436 0.0391181 0.0362882 0.0429706 0.0472147 0.0658393 0.0398634 0.0656774 0.0388932 0.0340981 0.0544112 0.0511716 0.0378009 0.0532401 0.0583808 0.0631176 0.0455043 0.0354017 0.0386594 0.0352483 0.0523641 0.0455347 0.0430278 0.0631520 0.0353011 0.0622070 0.0395750 0.0414311 0.0332587 0.0477930 0.0681944 0.0539595 0.0407575 0.0538456 0.0394676 0.0471781 0.0422924 0.0342135 0.0368771 0.0332775 0.0462475 0.0376564 0.0627236 0.0540352 0.0411314 0.0354312 0.0546865 0.0663187 0.0479836 0.0496531 0.0325073 0.0373956 0.0384623 0.0365419 0.0387594 0.0396512 0.0477693 0.0482073 0.0463535 0.0605593 0.0402804 0.0473651 0.0554567 0.0521182 0.0389440 0.0376975 0.0426871 0.0352790 0.0539511 0.0519001 0.0628680 0.0356944 0.0371458 0.0343100 0.0377749 0.0643709 0.0385892 0.0590927 0.0569411 0.0543793 0.0518142 0.1128967 0.0514690 0.0584962 0.0603606 0.0453987 0.0422187 0.0516731 
I0188_135_Apodidae_Streptoprocne_zonaris                  0.0340450 0.0457041 0.0462669 0.0000000 0.0488078 0.0459821 0.0571208 0.0384676 0.0426709 0.0607156 0.0573043 0.0375652 0.0527515 0.0472678 0.0484043 0.0516420 0.0405819 0.0280978 0.0481793 0.0320811 0.0490820 0.0371012 0.0529291 0.0342350 0.0348927 0.0318940 0.0441597 0.0350755 0.0595658 0.0574055 0.0582792 0.0373455 0.0474446 0.0487613 0.0430251 0.0432970 0.0425932 0.0569593 0.0520776 0.0578500 0.0483064 0.0652940 0.0507098 0.0471917 0.0562923 0.0585409 0.0443309 0.0452845 0.0418726 0.0521854 0.0476957 0.0336048 0.0441590 0.0459639 0.0521836 0.0433463 0.0373059 0.0349565 0.0489591 0.0201432 0.0389756 0.0336112 0.0671459 0.0469938 0.0503386 0.0474390 0.0328729 0.0371833 0.0518398 0.0371190 0.0614300 0.0611832 0.0525839 0.0490551 0.0389205 0.0389151 0.0466588 0.0526588 0.0374738 0.0335401 0.0368166 0.0434881 0.0463608 0.0505003 0.0558355 0.0330037 0.0310866 0.0466018 0.0666204 0.0481038 0.0429746 0.0389258 0.0330477 0.0420371 0.0532998 0.0548064 0.0321751 0.0555054 0.0350648 0.0353942 0.0336956 0.0406175 0.0453502 0.0512039 0.0419115 0.0389116 0.0342954 0.0406099 0.0452215 0.0640758 0.0378147 0.0635422 0.0359904 0.0316449 0.0539465 0.0498303 0.0353810 0.0514478 0.0581911 0.0613764 0.0432650 0.0331655 0.0372653 0.0334108 0.0506402 0.0189838 0.0412582 0.0611929 0.0336928 0.0626513 0.0377160 0.0353985 0.0312832 0.0455979 0.0685937 0.0528972 0.0370702 0.0527451 0.0380324 0.0460594 0.0392513 0.0316112 0.0348400 0.0318139 0.0438314 0.0359494 0.0607216 0.0537036 0.0385223 0.0331329 0.0537373 0.0654110 0.0452800 0.0475258 0.0311228 0.0352521 0.0358761 0.0350632 0.0372140 0.0382216 0.0443624 0.0458390 0.0436958 0.0559389 0.0388632 0.0458457 0.0541288 0.0500065 0.0374334 0.0347918 0.0425151 0.0321334 0.0526453 0.0506526 0.0597755 0.0333695 0.0357356 0.0315804 0.0347853 0.0633861 0.0372080 0.0578260 0.0542369 0.0526411 0.0499112 0.1125970 0.0502652 0.0577860 0.0587646 0.0440720 0.0423889 0.0496240 
I0189_225_Eurylaimidae_Smithornis_rufolateralis           0.0409870 0.0501522 0.0516031 0.0488078 0.0000000 0.0506967 0.0629470 0.0458182 0.0487618 0.0645289 0.0649755 0.0453714 0.0376285 0.0535756 0.0519901 0.0328425 0.0487812 0.0339441 0.0293689 0.0400777 0.0292645 0.0435735 0.0345174 0.0409133 0.0429698 0.0394896 0.0499032 0.0436331 0.0647245 0.0420527 0.0429108 0.0440610 0.0290274 0.0311100 0.0571241 0.0562163 0.0487118 0.0415338 0.0318816 0.0649012 0.0307436 0.0707029 0.0329361 0.0285653 0.0403033 0.0624756 0.0505450 0.0535716 0.0483583 0.0336540 0.0299106 0.0399804 0.0502549 0.0280317 0.0324615 0.0501786 0.0453564 0.0423805 0.0302668 0.0535926 0.0453589 0.0427300 0.0726848 0.0286598 0.0570588 0.0541706 0.0408225 0.0457843 0.0591560 0.0448158 0.0672462 0.0672767 0.0335345 0.0303319 0.0462332 0.0452675 0.0288888 0.0602870 0.0415599 0.0403641 0.0436837 0.0497544 0.0518686 0.0562196 0.0608497 0.0404589 0.0373474 0.0588555 0.0717397 0.0547579 0.0493244 0.0457766 0.0406323 0.0474602 0.0613401 0.0618617 0.0404723 0.0619118 0.0432896 0.0425273 0.0413080 0.0493235 0.0494247 0.0570974 0.0497453 0.0454049 0.0422439 0.0484245 0.0509063 0.0693269 0.0456312 0.0686860 0.0421960 0.0384891 0.0339454 0.0564384 0.0430712 0.0380497 0.0417415 0.0671635 0.0491862 0.0404581 0.0447625 0.0404127 0.0226422 0.0474578 0.0476298 0.0663612 0.0409008 0.0657227 0.0447206 0.0452946 0.0387476 0.0534950 0.0757005 0.0604653 0.0455904 0.0242245 0.0452397 0.0524546 0.0467913 0.0392267 0.0425169 0.0392359 0.0512885 0.0431493 0.0660066 0.0602348 0.0455558 0.0403859 0.0601949 0.0705131 0.0309644 0.0295659 0.0381143 0.0430037 0.0429244 0.0429099 0.0433487 0.0452072 0.0524115 0.0532796 0.0516876 0.0639188 0.0468754 0.0532494 0.0348168 0.0303718 0.0459203 0.0426639 0.0483369 0.0399438 0.0247545 0.0360055 0.0659699 0.0414593 0.0428671 0.0393970 0.0412739 0.0682530 0.0438540 0.0428209 0.0390299 0.0368766 0.0174465 0.1146908 0.0355567 0.0429109 0.0418834 0.0521113 0.0466423 0.0401945 
I0190_295_Trogonidae_Apaloderma_aequatoriale              0.0351302 0.0421690 0.0148222 0.0459821 0.0506967 0.0000000 0.0576124 0.0392831 0.0429470 0.0609685 0.0583785 0.0396957 0.0539471 0.0477044 0.0458239 0.0527170 0.0421350 0.0289417 0.0480640 0.0340665 0.0505618 0.0379374 0.0522242 0.0357092 0.0369919 0.0344514 0.0440873 0.0372004 0.0598923 0.0576599 0.0593854 0.0380330 0.0489989 0.0501431 0.0508984 0.0512736 0.0430799 0.0582949 0.0519869 0.0610369 0.0506475 0.0680125 0.0519056 0.0488149 0.0561581 0.0594239 0.0450256 0.0484346 0.0417896 0.0523002 0.0504616 0.0349916 0.0451351 0.0480952 0.0524760 0.0436344 0.0402900 0.0362482 0.0497682 0.0503677 0.0384469 0.0368276 0.0682882 0.0491456 0.0530377 0.0494380 0.0348654 0.0409697 0.0546201 0.0406682 0.0616566 0.0626479 0.0522162 0.0503073 0.0405786 0.0387896 0.0485453 0.0544632 0.0370282 0.0341188 0.0380726 0.0448425 0.0462594 0.0512786 0.0563939 0.0335827 0.0319262 0.0538145 0.0677194 0.0491643 0.0442884 0.0401355 0.0342674 0.0424326 0.0561184 0.0570561 0.0339511 0.0572742 0.0373229 0.0359876 0.0359393 0.0421384 0.0442185 0.0526717 0.0425790 0.0383296 0.0364757 0.0416838 0.0468828 0.0660441 0.0391402 0.0651858 0.0384637 0.0337229 0.0535641 0.0510295 0.0376157 0.0521678 0.0579295 0.0624562 0.0447067 0.0351007 0.0378416 0.0344505 0.0515203 0.0446485 0.0424260 0.0628926 0.0348630 0.0614089 0.0398269 0.0411584 0.0326894 0.0471916 0.0686418 0.0532383 0.0398220 0.0522456 0.0399633 0.0472199 0.0406212 0.0335177 0.0364824 0.0328521 0.0457082 0.0370459 0.0616125 0.0533088 0.0399040 0.0352771 0.0540848 0.0662384 0.0474400 0.0493351 0.0323304 0.0366221 0.0376726 0.0363150 0.0377149 0.0388205 0.0467479 0.0477838 0.0463889 0.0591821 0.0400687 0.0466790 0.0541014 0.0511306 0.0392974 0.0374177 0.0425283 0.0351807 0.0525130 0.0511454 0.0623376 0.0346044 0.0364323 0.0338220 0.0371847 0.0640109 0.0377443 0.0586875 0.0561053 0.0534410 0.0509019 0.1126353 0.0508851 0.0575570 0.0594151 0.0452584 0.0412787 0.0512557 
I0191_344_Indicatoridae_Indicator_exilis                  0.0476945 0.0540280 0.0577980 0.0571208 0.0629470 0.0576124 0.0000000 0.0531123 0.0559629 0.0664223 0.0336206 0.0521653 0.0637011 0.0590504 0.0573230 0.0632270 0.0542065 0.0418036 0.0619894 0.0470170 0.0626488 0.0512815 0.0645246 0.0488939 0.0492523 0.0464060 0.0575105 0.0502138 0.0226150 0.0680939 0.0689094 0.0504039 0.0615067 0.0628485 0.0632818 0.0626096 0.0564504 0.0686410 0.0624869 0.0695726 0.0626448 0.0785182 0.0644498 0.0612062 0.0661809 0.0668633 0.0552077 0.0604098 0.0542585 0.0630429 0.0625920 0.0484263 0.0569870 0.0604443 0.0636706 0.0559195 0.0524031 0.0495564 0.0623789 0.0602295 0.0513546 0.0489173 0.0786345 0.0607460 0.0629902 0.0600904 0.0479411 0.0519228 0.0655343 0.0527313 0.0229248 0.0732927 0.0634724 0.0623195 0.0525416 0.0514637 0.0602535 0.0316612 0.0448739 0.0473963 0.0506131 0.0566047 0.0565928 0.0582309 0.0615063 0.0462937 0.0446720 0.0652182 0.0776242 0.0596640 0.0560677 0.0523757 0.0470513 0.0525092 0.0663814 0.0325205 0.0462173 0.0670802 0.0495125 0.0490468 0.0489551 0.0546683 0.0543428 0.0648001 0.0561140 0.0526790 0.0490883 0.0551754 0.0583459 0.0744958 0.0523059 0.0744191 0.0500709 0.0455939 0.0662476 0.0622959 0.0499524 0.0643479 0.0669440 0.0723555 0.0560103 0.0470035 0.0511305 0.0478560 0.0644925 0.0555793 0.0551198 0.0722847 0.0478297 0.0724580 0.0512169 0.0546455 0.0452205 0.0584637 0.0406354 0.0662795 0.0525298 0.0659410 0.0514214 0.0578380 0.0526794 0.0456892 0.0497980 0.0462732 0.0552161 0.0503391 0.0730123 0.0641223 0.0525121 0.0478528 0.0649465 0.0774785 0.0586107 0.0618959 0.0452191 0.0489671 0.0509339 0.0503436 0.0512902 0.0512628 0.0595554 0.0606579 0.0557160 0.0681656 0.0527449 0.0572727 0.0652682 0.0625093 0.0521528 0.0498593 0.0546047 0.0478828 0.0642491 0.0625161 0.0731380 0.0475882 0.0488461 0.0460309 0.0487904 0.0757824 0.0517106 0.0671783 0.0650635 0.0638355 0.0615357 0.1221918 0.0621365 0.0673843 0.0697209 0.0566308 0.0532165 0.0618757 
I0192_375_Musophagidae_Tauraco_macrorhynchus              0.0271490 0.0385696 0.0403942 0.0384676 0.0458182 0.0392831 0.0531123 0.0000000 0.0367797 0.0573524 0.0535694 0.0167729 0.0495204 0.0414615 0.0426642 0.0485313 0.0336683 0.0213060 0.0438127 0.0260575 0.0449623 0.0294365 0.0486135 0.0274642 0.0275487 0.0255300 0.0379980 0.0283537 0.0561039 0.0536229 0.0554846 0.0300811 0.0440184 0.0451662 0.0449943 0.0448031 0.0370449 0.0535285 0.0479322 0.0516618 0.0454532 0.0582843 0.0466050 0.0434738 0.0519006 0.0549892 0.0389583 0.0403040 0.0340723 0.0481863 0.0445827 0.0272890 0.0390958 0.0425161 0.0484232 0.0374228 0.0316699 0.0278988 0.0448986 0.0435431 0.0306468 0.0280674 0.0603425 0.0433256 0.0440446 0.0401794 0.0265009 0.0324800 0.0447305 0.0334796 0.0570848 0.0538563 0.0483003 0.0450576 0.0312620 0.0309120 0.0433078 0.0495631 0.0317276 0.0267937 0.0290457 0.0381803 0.0405807 0.0453759 0.0516956 0.0260523 0.0239991 0.0482612 0.0593521 0.0419493 0.0368283 0.0320088 0.0261828 0.0358505 0.0462847 0.0514502 0.0246318 0.0481990 0.0280156 0.0282809 0.0264157 0.0349138 0.0398069 0.0447457 0.0358545 0.0325578 0.0269649 0.0331306 0.0398538 0.0571086 0.0312383 0.0561009 0.0306984 0.0241759 0.0497991 0.0428832 0.0287961 0.0484840 0.0544417 0.0539451 0.0383243 0.0260813 0.0309281 0.0265927 0.0468738 0.0364880 0.0354596 0.0541421 0.0271282 0.0567348 0.0301421 0.0336342 0.0243837 0.0385737 0.0649434 0.0467749 0.0316502 0.0486024 0.0307614 0.0394828 0.0320432 0.0247372 0.0270393 0.0248537 0.0363809 0.0289718 0.0542758 0.0468895 0.0311135 0.0256141 0.0465484 0.0575809 0.0419442 0.0436053 0.0236106 0.0283938 0.0275549 0.0285618 0.0298673 0.0303485 0.0386896 0.0383572 0.0369810 0.0499937 0.0321845 0.0387840 0.0506884 0.0458610 0.0301426 0.0271496 0.0365475 0.0267087 0.0492902 0.0473753 0.0526841 0.0260688 0.0285023 0.0244989 0.0287234 0.0554546 0.0297385 0.0551810 0.0507214 0.0489328 0.0466065 0.1060917 0.0469874 0.0539365 0.0548493 0.0377071 0.0359075 0.0467052 
I0193_447_Columbidae_Treron_calvus                        0.0313351 0.0416349 0.0427819 0.0426709 0.0487618 0.0429470 0.0559629 0.0367797 0.0000000 0.0602807 0.0567726 0.0362089 0.0523697 0.0456199 0.0464297 0.0515335 0.0368105 0.0210482 0.0472084 0.0304879 0.0490757 0.0336982 0.0510706 0.0332047 0.0322328 0.0306560 0.0142250 0.0328809 0.0590838 0.0566306 0.0583354 0.0351312 0.0476051 0.0480341 0.0481738 0.0480727 0.0133236 0.0566753 0.0510654 0.0574618 0.0481142 0.0640552 0.0500051 0.0470792 0.0559924 0.0588999 0.0439772 0.0454663 0.0392776 0.0505547 0.0482897 0.0318045 0.0428427 0.0461001 0.0517973 0.0140268 0.0371316 0.0329446 0.0481781 0.0476976 0.0367875 0.0339050 0.0657997 0.0468527 0.0495174 0.0457539 0.0318496 0.0373454 0.0507538 0.0382644 0.0607129 0.0586731 0.0512926 0.0477623 0.0366042 0.0366192 0.0466340 0.0541561 0.0279222 0.0315444 0.0330849 0.0424768 0.0447177 0.0494079 0.0551363 0.0305610 0.0295457 0.0511149 0.0651624 0.0460022 0.0415135 0.0364950 0.0307195 0.0403072 0.0520856 0.0554198 0.0300649 0.0538159 0.0329308 0.0338047 0.0315721 0.0395487 0.0437230 0.0498529 0.0400958 0.0373564 0.0315425 0.0383733 0.0439637 0.0623123 0.0366021 0.0624315 0.0353259 0.0297620 0.0523437 0.0468602 0.0340727 0.0523274 0.0561785 0.0585625 0.0417869 0.0310902 0.0357595 0.0306841 0.0511091 0.0408790 0.0405739 0.0598065 0.0317580 0.0601055 0.0349121 0.0373138 0.0288864 0.0436033 0.0684380 0.0535497 0.0366666 0.0510656 0.0349485 0.0435567 0.0361108 0.0287796 0.0323497 0.0289896 0.0419182 0.0326078 0.0577935 0.0506872 0.0352987 0.0306483 0.0513576 0.0629363 0.0463034 0.0472518 0.0284800 0.0332107 0.0330097 0.0333831 0.0348959 0.0357002 0.0444289 0.0446084 0.0420961 0.0556764 0.0363554 0.0432689 0.0527199 0.0498190 0.0349921 0.0325651 0.0116776 0.0317059 0.0527091 0.0499447 0.0581634 0.0321423 0.0333457 0.0298112 0.0335710 0.0606495 0.0345975 0.0573802 0.0541476 0.0527387 0.0489467 0.1098694 0.0491587 0.0565179 0.0582572 0.0417848 0.0391096 0.0501215 
I0194_495_Alcedinidae_Alcedo_quadribrachys                0.0534438 0.0487500 0.0609514 0.0607156 0.0645289 0.0609685 0.0664223 0.0573524 0.0602807 0.0000000 0.0689623 0.0582060 0.0662836 0.0632874 0.0538984 0.0648577 0.0593261 0.0469465 0.0629676 0.0522937 0.0631458 0.0551699 0.0654392 0.0535370 0.0539569 0.0526274 0.0617494 0.0552791 0.0689240 0.0695853 0.0712874 0.0563113 0.0622366 0.0629655 0.0675184 0.0676628 0.0608494 0.0707427 0.0633103 0.0749165 0.0636120 0.0821045 0.0647904 0.0619790 0.0686601 0.0715391 0.0535625 0.0651571 0.0606634 0.0643465 0.0622955 0.0526948 0.0631606 0.0605832 0.0645044 0.0615262 0.0597926 0.0543762 0.0635736 0.0636769 0.0577306 0.0554321 0.0835339 0.0617659 0.0687447 0.0664310 0.0531340 0.0574464 0.0717758 0.0588319 0.0698327 0.0801065 0.0632233 0.0627361 0.0587613 0.0580193 0.0613060 0.0662647 0.0522024 0.0522208 0.0551559 0.0623926 0.0443826 0.0643565 0.0693151 0.0519705 0.0504922 0.0698939 0.0821094 0.0644348 0.0620919 0.0579402 0.0530177 0.0540014 0.0720249 0.0681875 0.0520127 0.0732097 0.0542205 0.0534122 0.0547221 0.0609614 0.0530141 0.0690010 0.0616091 0.0582556 0.0538014 0.0597937 0.0650820 0.0800940 0.0567025 0.0799462 0.0542206 0.0516473 0.0661367 0.0672384 0.0557991 0.0654682 0.0687174 0.0794188 0.0623559 0.0529554 0.0570359 0.0534726 0.0652914 0.0604492 0.0618689 0.0800249 0.0531392 0.0747346 0.0564514 0.0578570 0.0515656 0.0627313 0.0758681 0.0726929 0.0585199 0.0660831 0.0570942 0.0623393 0.0589147 0.0521430 0.0551184 0.0520409 0.0616757 0.0547517 0.0768785 0.0715560 0.0589271 0.0532706 0.0712966 0.0837317 0.0607497 0.0627857 0.0513099 0.0547930 0.0559917 0.0549823 0.0570992 0.0571323 0.0661039 0.0665329 0.0631219 0.0729082 0.0575479 0.0636268 0.0645691 0.0639802 0.0572219 0.0547683 0.0592698 0.0532483 0.0649393 0.0632972 0.0771991 0.0535455 0.0544809 0.0520962 0.0535928 0.0819102 0.0571318 0.0683113 0.0671721 0.0669494 0.0642969 0.1323781 0.0632657 0.0698244 0.0708636 0.0612268 0.0576060 0.0638061 
I0195_522_Ramphastidae_Buccanodon_duchaillui              0.0488839 0.0550429 0.0583543 0.0573043 0.0649755 0.0583785 0.0336206 0.0535694 0.0567726 0.0689623 0.0000000 0.0526906 0.0657831 0.0597640 0.0589832 0.0656071 0.0557050 0.0435166 0.0630985 0.0483770 0.0637067 0.0516393 0.0659865 0.0493381 0.0507353 0.0478833 0.0587804 0.0506530 0.0369710 0.0702422 0.0716870 0.0516341 0.0626540 0.0637118 0.0638629 0.0645996 0.0570593 0.0713049 0.0659939 0.0698018 0.0631670 0.0781642 0.0656124 0.0621438 0.0688754 0.0669167 0.0557895 0.0613572 0.0548241 0.0663121 0.0630381 0.0497654 0.0576659 0.0614935 0.0656297 0.0570584 0.0526891 0.0503370 0.0632021 0.0622349 0.0525337 0.0504886 0.0778395 0.0621072 0.0624218 0.0608094 0.0494935 0.0528851 0.0665704 0.0537052 0.0366670 0.0738860 0.0656876 0.0637736 0.0532997 0.0526116 0.0618164 0.0199314 0.0453826 0.0479599 0.0513485 0.0564672 0.0572323 0.0591535 0.0629307 0.0479831 0.0467530 0.0665867 0.0768828 0.0613008 0.0564228 0.0533479 0.0483718 0.0541127 0.0665652 0.0202114 0.0474939 0.0667789 0.0505358 0.0498015 0.0496384 0.0563915 0.0559502 0.0633393 0.0572477 0.0527527 0.0501621 0.0548641 0.0584879 0.0755431 0.0536765 0.0742607 0.0516365 0.0468391 0.0691410 0.0621580 0.0516032 0.0666290 0.0696780 0.0736930 0.0565049 0.0485373 0.0520304 0.0488843 0.0665214 0.0561063 0.0557324 0.0716379 0.0495046 0.0733747 0.0524906 0.0559540 0.0463598 0.0597328 0.0313162 0.0658819 0.0536830 0.0684314 0.0520087 0.0608867 0.0544105 0.0462576 0.0499128 0.0469824 0.0567397 0.0513080 0.0727771 0.0656983 0.0541195 0.0484453 0.0659886 0.0777635 0.0615081 0.0629300 0.0465841 0.0502357 0.0509131 0.0511592 0.0518006 0.0519848 0.0604622 0.0609866 0.0573388 0.0684491 0.0537042 0.0587276 0.0680296 0.0636385 0.0533728 0.0502636 0.0557308 0.0491592 0.0668388 0.0657520 0.0724817 0.0483140 0.0499540 0.0473982 0.0496881 0.0753860 0.0525501 0.0700960 0.0675469 0.0663449 0.0644448 0.1221100 0.0648669 0.0712312 0.0710464 0.0590661 0.0549462 0.0637733 
I0196_523_Musophagidae_Corythaeola_cristata               0.0250185 0.0371164 0.0407181 0.0375652 0.0453714 0.0396957 0.0521653 0.0167729 0.0362089 0.0582060 0.0526906 0.0000000 0.0483829 0.0402789 0.0417881 0.0480283 0.0319194 0.0192723 0.0431309 0.0240925 0.0445771 0.0277146 0.0484793 0.0257338 0.0253085 0.0229058 0.0370368 0.0262233 0.0547925 0.0534553 0.0544846 0.0274807 0.0434062 0.0441967 0.0433124 0.0432881 0.0358896 0.0530256 0.0479479 0.0506903 0.0441876 0.0565728 0.0462121 0.0433078 0.0520277 0.0544047 0.0386280 0.0385959 0.0325690 0.0479906 0.0438300 0.0260159 0.0375368 0.0422862 0.0481254 0.0366378 0.0292157 0.0261410 0.0436156 0.0429484 0.0296825 0.0261557 0.0582269 0.0426180 0.0421977 0.0380493 0.0245353 0.0301968 0.0431071 0.0305904 0.0559134 0.0523377 0.0480672 0.0443866 0.0288701 0.0296171 0.0427118 0.0484167 0.0306456 0.0247130 0.0270445 0.0367680 0.0399115 0.0453406 0.0501322 0.0235518 0.0220488 0.0467542 0.0576619 0.0398365 0.0352589 0.0303036 0.0235462 0.0354893 0.0446434 0.0503769 0.0223019 0.0461859 0.0256907 0.0262833 0.0247838 0.0323297 0.0396084 0.0436674 0.0336571 0.0302872 0.0251041 0.0320172 0.0377918 0.0551683 0.0291505 0.0542570 0.0288587 0.0219466 0.0500299 0.0407398 0.0268012 0.0479566 0.0538538 0.0524312 0.0358713 0.0239558 0.0289938 0.0244424 0.0467992 0.0358859 0.0337189 0.0520186 0.0248196 0.0563082 0.0282267 0.0325391 0.0222364 0.0374528 0.0631873 0.0457396 0.0291167 0.0482928 0.0289820 0.0381463 0.0308299 0.0227216 0.0244373 0.0223934 0.0340400 0.0272292 0.0539558 0.0452203 0.0300254 0.0237095 0.0453288 0.0552861 0.0413488 0.0433135 0.0213567 0.0262126 0.0254815 0.0266537 0.0277160 0.0283103 0.0362695 0.0367242 0.0343484 0.0493262 0.0308816 0.0364919 0.0510870 0.0458042 0.0285011 0.0249637 0.0354615 0.0250559 0.0486691 0.0465896 0.0507773 0.0238687 0.0265240 0.0225651 0.0260871 0.0534768 0.0275878 0.0543116 0.0498052 0.0478855 0.0456023 0.1053432 0.0462117 0.0535322 0.0548681 0.0360915 0.0342843 0.0454889 
I0197_832_Corvidae_Corvus_albus                           0.0441956 0.0529503 0.0546622 0.0527515 0.0376285 0.0539471 0.0637011 0.0495204 0.0523697 0.0662836 0.0657831 0.0483829 0.0000000 0.0573193 0.0549060 0.0378300 0.0509747 0.0377630 0.0356635 0.0434938 0.0362764 0.0464079 0.0390478 0.0447599 0.0454956 0.0432089 0.0536270 0.0466798 0.0649695 0.0248892 0.0245196 0.0467351 0.0359556 0.0367308 0.0603722 0.0602856 0.0519183 0.0242430 0.0372352 0.0681296 0.0370785 0.0748720 0.0384402 0.0347887 0.0217075 0.0661400 0.0544771 0.0582812 0.0516647 0.0386207 0.0358727 0.0434516 0.0532939 0.0345819 0.0381119 0.0535540 0.0502550 0.0459622 0.0358945 0.0573430 0.0491872 0.0462902 0.0766932 0.0358861 0.0608111 0.0579825 0.0444896 0.0488043 0.0634787 0.0492315 0.0675455 0.0714586 0.0388839 0.0360625 0.0500185 0.0490570 0.0353424 0.0621888 0.0442573 0.0433681 0.0465705 0.0531223 0.0557183 0.0583029 0.0623869 0.0432594 0.0409711 0.0629287 0.0761543 0.0572581 0.0521605 0.0498818 0.0439472 0.0514122 0.0647244 0.0646442 0.0431480 0.0659564 0.0464470 0.0451452 0.0446979 0.0523116 0.0517805 0.0617987 0.0528182 0.0488313 0.0462874 0.0522711 0.0543076 0.0723248 0.0483033 0.0725219 0.0451786 0.0420684 0.0406951 0.0598766 0.0473722 0.0285939 0.0281613 0.0706747 0.0528225 0.0438582 0.0475580 0.0440168 0.0390950 0.0520726 0.0513902 0.0714850 0.0452911 0.0683538 0.0479280 0.0499106 0.0418782 0.0569929 0.0782727 0.0656514 0.0498149 0.0397227 0.0483729 0.0544181 0.0509371 0.0421190 0.0462428 0.0419024 0.0541828 0.0457990 0.0707612 0.0623374 0.0495744 0.0441274 0.0618084 0.0739637 0.0245695 0.0360565 0.0411891 0.0469716 0.0467039 0.0462201 0.0458711 0.0487581 0.0568929 0.0568628 0.0551704 0.0669235 0.0496767 0.0560213 0.0387367 0.0367677 0.0479145 0.0461508 0.0521074 0.0438724 0.0388641 0.0252201 0.0696761 0.0449360 0.0458272 0.0424545 0.0450264 0.0725879 0.0463466 0.0240780 0.0209675 0.0111029 0.0367636 0.1205035 0.0247408 0.0240214 0.0244343 0.0546813 0.0499342 0.0431120 
I0198_937_Bucerotidae_Tockus_camurus                      0.0360760 0.0443621 0.0488625 0.0472678 0.0535756 0.0477044 0.0590504 0.0414615 0.0456199 0.0632874 0.0597640 0.0402789 0.0573193 0.0000000 0.0500755 0.0557348 0.0428057 0.0288295 0.0520446 0.0343590 0.0533595 0.0390066 0.0556928 0.0360655 0.0362768 0.0340120 0.0466672 0.0380845 0.0615949 0.0612428 0.0632991 0.0382305 0.0517770 0.0534973 0.0539873 0.0535434 0.0464339 0.0612013 0.0557970 0.0615314 0.0535753 0.0676114 0.0545632 0.0521384 0.0601644 0.0567707 0.0464591 0.0501612 0.0427208 0.0554394 0.0531353 0.0372124 0.0456541 0.0507289 0.0562025 0.0466720 0.0416601 0.0375636 0.0529043 0.0535020 0.0400187 0.0380059 0.0693135 0.0516620 0.0533239 0.0499549 0.0357981 0.0413405 0.0541800 0.0421822 0.0635042 0.0625162 0.0555200 0.0524369 0.0418852 0.0402274 0.0516790 0.0559786 0.0382388 0.0353605 0.0392828 0.0448646 0.0475777 0.0532383 0.0584298 0.0354260 0.0320240 0.0565734 0.0676248 0.0492779 0.0437991 0.0425601 0.0350892 0.0428264 0.0561108 0.0581812 0.0348154 0.0580128 0.0373217 0.0364823 0.0361115 0.0442194 0.0472017 0.0544222 0.0444176 0.0407125 0.0362931 0.0436367 0.0472128 0.0650289 0.0399312 0.0652056 0.0396538 0.0337496 0.0584983 0.0520374 0.0374822 0.0567164 0.0628026 0.0625512 0.0440571 0.0343027 0.0388889 0.0352217 0.0548122 0.0452448 0.0426964 0.0618367 0.0359353 0.0603878 0.0403338 0.0436233 0.0338059 0.0475006 0.0707636 0.0585642 0.0411019 0.0560707 0.0396583 0.0482082 0.0419164 0.0338653 0.0374841 0.0341584 0.0452746 0.0385680 0.0637552 0.0555535 0.0421125 0.0351151 0.0546088 0.0663902 0.0501061 0.0523012 0.0326206 0.0380952 0.0378221 0.0379698 0.0386791 0.0398585 0.0480338 0.0488863 0.0459339 0.0599293 0.0413759 0.0478163 0.0586508 0.0541488 0.0400292 0.0374041 0.0450902 0.0351041 0.0567242 0.0546785 0.0618832 0.0351030 0.0376727 0.0342010 0.0358130 0.0637737 0.0389447 0.0626140 0.0588141 0.0568973 0.0532439 0.1140246 0.0540939 0.0629500 0.0630634 0.0460205 0.0191029 0.0535031 
I0199_955_Meropidae_Merops_muelleri                       0.0378872 0.0401680 0.0469776 0.0484043 0.0519901 0.0458239 0.0573230 0.0426642 0.0464297 0.0538984 0.0589832 0.0417881 0.0549060 0.0500755 0.0000000 0.0537117 0.0443993 0.0327119 0.0513006 0.0378100 0.0515903 0.0412111 0.0549498 0.0384489 0.0397220 0.0377274 0.0483601 0.0406915 0.0601943 0.0605412 0.0597746 0.0410257 0.0506259 0.0513285 0.0553741 0.0564071 0.0470451 0.0598405 0.0514580 0.0641321 0.0517095 0.0696558 0.0531408 0.0500395 0.0575400 0.0604778 0.0426776 0.0514967 0.0462356 0.0535188 0.0510593 0.0377936 0.0491519 0.0493813 0.0528424 0.0475122 0.0437013 0.0399913 0.0510329 0.0520703 0.0426490 0.0402521 0.0717102 0.0498730 0.0555995 0.0530757 0.0381836 0.0432041 0.0580204 0.0442890 0.0620645 0.0659062 0.0540577 0.0510189 0.0432922 0.0430507 0.0491891 0.0557157 0.0381042 0.0373878 0.0413682 0.0484831 0.0439353 0.0526140 0.0559595 0.0373224 0.0355642 0.0581216 0.0709551 0.0507201 0.0478995 0.0433488 0.0375231 0.0393647 0.0591160 0.0577357 0.0368739 0.0600668 0.0397925 0.0395128 0.0392549 0.0472147 0.0402031 0.0559506 0.0472802 0.0425983 0.0388028 0.0455938 0.0506262 0.0683007 0.0416978 0.0679266 0.0414968 0.0370032 0.0543814 0.0542045 0.0404496 0.0547417 0.0598574 0.0658897 0.0485080 0.0381785 0.0415588 0.0382960 0.0524929 0.0470623 0.0462426 0.0663879 0.0381185 0.0626314 0.0425587 0.0441946 0.0362826 0.0487619 0.0693134 0.0573967 0.0427430 0.0547545 0.0428610 0.0488939 0.0442506 0.0365261 0.0399688 0.0359610 0.0479656 0.0408569 0.0657443 0.0570080 0.0432453 0.0382817 0.0561933 0.0695170 0.0487442 0.0511749 0.0357748 0.0398599 0.0404332 0.0397781 0.0413709 0.0428964 0.0503419 0.0504146 0.0478767 0.0620791 0.0424501 0.0494655 0.0545714 0.0516334 0.0413845 0.0399177 0.0456912 0.0383492 0.0532009 0.0528911 0.0647147 0.0380068 0.0395007 0.0367103 0.0402668 0.0667515 0.0414850 0.0601886 0.0569279 0.0553856 0.0506639 0.1189485 0.0524682 0.0596004 0.0600616 0.0479639 0.0435054 0.0515637 
I0200_988_Furnariidae_Furnarius_rufus                     0.0431838 0.0517306 0.0531387 0.0516420 0.0328425 0.0527170 0.0632270 0.0485313 0.0515335 0.0648577 0.0656071 0.0480283 0.0378300 0.0557348 0.0537117 0.0000000 0.0496137 0.0369483 0.0280737 0.0424914 0.0288487 0.0454629 0.0267523 0.0438340 0.0447366 0.0425054 0.0524310 0.0449644 0.0649807 0.0410909 0.0424847 0.0464451 0.0275422 0.0292012 0.0582229 0.0587705 0.0510903 0.0406469 0.0137387 0.0678915 0.0286902 0.0739798 0.0300650 0.0264663 0.0397546 0.0655344 0.0528714 0.0555234 0.0512892 0.0252760 0.0279921 0.0421960 0.0530488 0.0259830 0.0133436 0.0520889 0.0481027 0.0453086 0.0285501 0.0546220 0.0478444 0.0450232 0.0746284 0.0273812 0.0600543 0.0565752 0.0430320 0.0479286 0.0621588 0.0474862 0.0676119 0.0703204 0.0258889 0.0274573 0.0489304 0.0475690 0.0274268 0.0615806 0.0430702 0.0427279 0.0461136 0.0524044 0.0547097 0.0585176 0.0624729 0.0423675 0.0398260 0.0606989 0.0734280 0.0566747 0.0517384 0.0483345 0.0425461 0.0497658 0.0636245 0.0643728 0.0423747 0.0645078 0.0446160 0.0447015 0.0433701 0.0506430 0.0503928 0.0596846 0.0519813 0.0482002 0.0441156 0.0505895 0.0539744 0.0713301 0.0474542 0.0706948 0.0439394 0.0408238 0.0265150 0.0584503 0.0456308 0.0378100 0.0409586 0.0702506 0.0520510 0.0428771 0.0466123 0.0428270 0.0340668 0.0503851 0.0497721 0.0708606 0.0430503 0.0674063 0.0469295 0.0473269 0.0408858 0.0555011 0.0773781 0.0622821 0.0480580 0.0354056 0.0465538 0.0537210 0.0484226 0.0415051 0.0444202 0.0412499 0.0523631 0.0454518 0.0676191 0.0610645 0.0479574 0.0428599 0.0621636 0.0737547 0.0319246 0.0273821 0.0395904 0.0451812 0.0450381 0.0458753 0.0460263 0.0483399 0.0545321 0.0554030 0.0529956 0.0662719 0.0483925 0.0540438 0.0251382 0.0288695 0.0474677 0.0445848 0.0498942 0.0431053 0.0354627 0.0338369 0.0682862 0.0431621 0.0443473 0.0416676 0.0436699 0.0716344 0.0465866 0.0415701 0.0389108 0.0364790 0.0318053 0.1214616 0.0342516 0.0426089 0.0414786 0.0532042 0.0488816 0.0413821 
I0201_999_Scolopacidae_Tringa_solitaria                   0.0279585 0.0390190 0.0422184 0.0405819 0.0487812 0.0421350 0.0542065 0.0336683 0.0368105 0.0593261 0.0557050 0.0319194 0.0509747 0.0428057 0.0443993 0.0496137 0.0000000 0.0221530 0.0458328 0.0258968 0.0465660 0.0237275 0.0505610 0.0281954 0.0248443 0.0260846 0.0389218 0.0252280 0.0575138 0.0551883 0.0573297 0.0301179 0.0459472 0.0465398 0.0459138 0.0463055 0.0380140 0.0551043 0.0496973 0.0547623 0.0470180 0.0615074 0.0490104 0.0452928 0.0540786 0.0571769 0.0407985 0.0423675 0.0343163 0.0504767 0.0465260 0.0279631 0.0385751 0.0447991 0.0501714 0.0382774 0.0332329 0.0286765 0.0463028 0.0463413 0.0317016 0.0289373 0.0628458 0.0462501 0.0449573 0.0427534 0.0273182 0.0333622 0.0468053 0.0344733 0.0588749 0.0557345 0.0510190 0.0459913 0.0327538 0.0316864 0.0442150 0.0521853 0.0333800 0.0273852 0.0230715 0.0381246 0.0418283 0.0475877 0.0529511 0.0265809 0.0256632 0.0492888 0.0611579 0.0270028 0.0369882 0.0335595 0.0269045 0.0372656 0.0483188 0.0539464 0.0257149 0.0496238 0.0248906 0.0289601 0.0270959 0.0357353 0.0401378 0.0454755 0.0361761 0.0338594 0.0234786 0.0343593 0.0394584 0.0587505 0.0318286 0.0580141 0.0317673 0.0251197 0.0523291 0.0437585 0.0297246 0.0504475 0.0565813 0.0559181 0.0374423 0.0264671 0.0315406 0.0269332 0.0501329 0.0388864 0.0356172 0.0561085 0.0286896 0.0563303 0.0243216 0.0358534 0.0247925 0.0395202 0.0668496 0.0492836 0.0330935 0.0514358 0.0248086 0.0249165 0.0337261 0.0249016 0.0273477 0.0247441 0.0370087 0.0226416 0.0510823 0.0472119 0.0330691 0.0259751 0.0473224 0.0585912 0.0439709 0.0455040 0.0243685 0.0289942 0.0281598 0.0292099 0.0304692 0.0312040 0.0398574 0.0405362 0.0376783 0.0528327 0.0109000 0.0396690 0.0533096 0.0480543 0.0113423 0.0280845 0.0370846 0.0277917 0.0511676 0.0478567 0.0557281 0.0273568 0.0291782 0.0253764 0.0303193 0.0571699 0.0305275 0.0564828 0.0530107 0.0507309 0.0483411 0.1067183 0.0473253 0.0557079 0.0567491 0.0230555 0.0364371 0.0474523 
I0202_1066_Cathartidae_Cathartes_burrovianus              0.0137978 0.0262193 0.0291905 0.0280978 0.0339441 0.0289417 0.0418036 0.0213060 0.0210482 0.0469465 0.0435166 0.0192723 0.0377630 0.0288295 0.0327119 0.0369483 0.0221530 0.0000000 0.0320877 0.0136061 0.0336465 0.0177480 0.0365559 0.0147824 0.0160750 0.0135267 0.0237235 0.0170710 0.0450299 0.0423535 0.0442416 0.0172563 0.0323929 0.0336074 0.0342963 0.0344789 0.0228511 0.0432979 0.0368825 0.0404840 0.0335225 0.0465807 0.0348580 0.0318648 0.0419748 0.0431572 0.0280342 0.0308815 0.0220274 0.0371212 0.0329585 0.0161713 0.0266514 0.0312400 0.0379452 0.0231394 0.0207875 0.0162282 0.0328392 0.0334990 0.0193639 0.0170886 0.0479977 0.0324286 0.0327302 0.0289556 0.0150715 0.0210160 0.0345369 0.0221892 0.0470814 0.0399568 0.0371874 0.0329543 0.0205279 0.0191396 0.0317964 0.0402903 0.0207001 0.0140007 0.0178289 0.0255378 0.0289849 0.0340219 0.0390308 0.0134395 0.0032583 0.0371633 0.0472650 0.0306907 0.0244443 0.0217260 0.0139733 0.0243010 0.0348836 0.0415698 0.0136503 0.0363036 0.0163419 0.0150560 0.0142147 0.0233708 0.0289523 0.0337184 0.0243283 0.0195284 0.0146764 0.0225644 0.0276564 0.0438448 0.0197247 0.0443500 0.0186775 0.0126948 0.0384614 0.0321729 0.0163568 0.0365668 0.0443010 0.0396856 0.0255224 0.0139818 0.0174196 0.0144386 0.0351149 0.0260395 0.0235316 0.0392857 0.0154465 0.0468026 0.0189785 0.0225976 0.0122242 0.0278253 0.0545885 0.0387855 0.0206492 0.0375830 0.0192996 0.0287432 0.0219278 0.0125568 0.0161024 0.0125141 0.0253895 0.0175482 0.0439611 0.0347051 0.0212573 0.0133677 0.0343026 0.0434544 0.0305771 0.0318884 0.0110976 0.0167180 0.0168907 0.0170619 0.0174063 0.0195482 0.0284144 0.0284487 0.0253011 0.0389285 0.0211857 0.0265855 0.0402986 0.0347754 0.0196296 0.0165645 0.0218838 0.0173161 0.0371946 0.0357753 0.0409610 0.0146494 0.0153932 0.0120400 0.0165827 0.0416503 0.0168044 0.0431632 0.0396005 0.0375037 0.0340441 0.0938430 0.0355793 0.0427409 0.0441401 0.0263003 0.0232888 0.0350302 
I0203_1087_Tyrannidae_Hymenops_perspicillatus             0.0387608 0.0483149 0.0494934 0.0481793 0.0293689 0.0480640 0.0619894 0.0438127 0.0472084 0.0629676 0.0630985 0.0431309 0.0356635 0.0520446 0.0513006 0.0280737 0.0458328 0.0320877 0.0000000 0.0377941 0.0085887 0.0415140 0.0297083 0.0399789 0.0408303 0.0373693 0.0483862 0.0417231 0.0637599 0.0391914 0.0411301 0.0418990 0.0147984 0.0163408 0.0542628 0.0548831 0.0470396 0.0394413 0.0272876 0.0640501 0.0143684 0.0706236 0.0147482 0.0145244 0.0376528 0.0612493 0.0492110 0.0525949 0.0464475 0.0285235 0.0152159 0.0390461 0.0483077 0.0137820 0.0273382 0.0490696 0.0442882 0.0408665 0.0062016 0.0526839 0.0435694 0.0405210 0.0714943 0.0140987 0.0548849 0.0524712 0.0391388 0.0444985 0.0586522 0.0447890 0.0661827 0.0659013 0.0290163 0.0145544 0.0443472 0.0430874 0.0133342 0.0584527 0.0400995 0.0388248 0.0413797 0.0477572 0.0506412 0.0537734 0.0595164 0.0377607 0.0357357 0.0567979 0.0709881 0.0535881 0.0470765 0.0445242 0.0380845 0.0460103 0.0598285 0.0613947 0.0384666 0.0606246 0.0412677 0.0408726 0.0389666 0.0460865 0.0481371 0.0557169 0.0476122 0.0436387 0.0402431 0.0464373 0.0491803 0.0688972 0.0434820 0.0669655 0.0415641 0.0366913 0.0296215 0.0551822 0.0417858 0.0356347 0.0400342 0.0658135 0.0474890 0.0384888 0.0421335 0.0386875 0.0314195 0.0460790 0.0448782 0.0658091 0.0387272 0.0628300 0.0427809 0.0448527 0.0366387 0.0507167 0.0742456 0.0583310 0.0431451 0.0326416 0.0428972 0.0507224 0.0448886 0.0368128 0.0407427 0.0366734 0.0492112 0.0403323 0.0655162 0.0578133 0.0435936 0.0378119 0.0578009 0.0688861 0.0301197 0.0147523 0.0354665 0.0410019 0.0409226 0.0414326 0.0409111 0.0434819 0.0512102 0.0520019 0.0492460 0.0622775 0.0439822 0.0512239 0.0304132 0.0086275 0.0430139 0.0404249 0.0468991 0.0386184 0.0316276 0.0331092 0.0654953 0.0386284 0.0404307 0.0375090 0.0406378 0.0671592 0.0412151 0.0415250 0.0359626 0.0349148 0.0289083 0.1165461 0.0325292 0.0404475 0.0398574 0.0493582 0.0452799 0.0376267 
I0204_1174_Threskiornithidae_Harpiprion_caerulescens      0.0187207 0.0322074 0.0345705 0.0320811 0.0400777 0.0340665 0.0470170 0.0260575 0.0304879 0.0522937 0.0483770 0.0240925 0.0434938 0.0343590 0.0378100 0.0424914 0.0258968 0.0136061 0.0377941 0.0000000 0.0389789 0.0218289 0.0426700 0.0206222 0.0204532 0.0167827 0.0322536 0.0213244 0.0501043 0.0480499 0.0492378 0.0219446 0.0377421 0.0387297 0.0391581 0.0394748 0.0310724 0.0488461 0.0427762 0.0460410 0.0393678 0.0532908 0.0407530 0.0369045 0.0469650 0.0491876 0.0336033 0.0355650 0.0267133 0.0426614 0.0390814 0.0191673 0.0310019 0.0365490 0.0429393 0.0313168 0.0245559 0.0194485 0.0387955 0.0372947 0.0242594 0.0209113 0.0550306 0.0381557 0.0386415 0.0345029 0.0179480 0.0249932 0.0401078 0.0259367 0.0513469 0.0472988 0.0434023 0.0386271 0.0247233 0.0241842 0.0375181 0.0449140 0.0262282 0.0190411 0.0213789 0.0304823 0.0346280 0.0400678 0.0453509 0.0165150 0.0161238 0.0419629 0.0532148 0.0342996 0.0292794 0.0260124 0.0174933 0.0293970 0.0411714 0.0464478 0.0176691 0.0425616 0.0209786 0.0200973 0.0182280 0.0282534 0.0339426 0.0388067 0.0286992 0.0246887 0.0197133 0.0268831 0.0320031 0.0506513 0.0225262 0.0502573 0.0227764 0.0157493 0.0446366 0.0368680 0.0200452 0.0427535 0.0496043 0.0472887 0.0302562 0.0166403 0.0221738 0.0176858 0.0418093 0.0306918 0.0286954 0.0463317 0.0185585 0.0494253 0.0228397 0.0278102 0.0158000 0.0325936 0.0591771 0.0426896 0.0239155 0.0437663 0.0231498 0.0320254 0.0261639 0.0160612 0.0198602 0.0160040 0.0292233 0.0212275 0.0486448 0.0397980 0.0259132 0.0173858 0.0396140 0.0508840 0.0360897 0.0371699 0.0147604 0.0197981 0.0207930 0.0201822 0.0217278 0.0228700 0.0326780 0.0320121 0.0295716 0.0443270 0.0248863 0.0319586 0.0464989 0.0405131 0.0232926 0.0200334 0.0303542 0.0208766 0.0443180 0.0415190 0.0468025 0.0186670 0.0206862 0.0162220 0.0213590 0.0490530 0.0217832 0.0496165 0.0456402 0.0429895 0.0403288 0.1007679 0.0406556 0.0483948 0.0499807 0.0301561 0.0274386 0.0402554 
