35
Burramyidae_Burramys_parvus                  0.0000000 0.1021680 0.0592271 0.0701371 0.0689120 0.1018312 0.0516184 0.0524464 0.0690035 0.1020197 0.0488818 0.1018760 0.1038371 0.0517269 0.0727850 0.1014260 0.1009219 0.0994695 0.1009578 0.0637743 0.0684467 0.0859758 0.1137721 0.1022800 0.0610499 0.0835616 0.0569928 0.0651831 0.0724473 0.0955074 0.0704934 0.0517957 0.0943028 0.0986628 0.0955289 
Notoryctidae_Notoryctes_typhlops             0.1021680 0.0000000 0.0977430 0.1099703 0.1099415 0.1277159 0.1023762 0.1023899 0.1063036 0.1185438 0.1009632 0.1258295 0.1282544 0.1009124 0.1194282 0.1244901 0.1251697 0.1219949 0.1229782 0.1042268 0.1095817 0.1182155 0.1409454 0.1253726 0.1038669 0.1035122 0.1012428 0.1101673 0.1153293 0.1421996 0.1180842 0.1024637 0.1210452 0.1242279 0.1172897 
Vombatidae_Lasiorhinus_latifrons             0.0592271 0.0977430 0.0000000 0.0799042 0.0786912 0.1045799 0.0590045 0.0586682 0.0762678 0.0962496 0.0539425 0.1047289 0.1059808 0.0567730 0.0736661 0.1025537 0.1036667 0.0993860 0.0896627 0.0694630 0.0678977 0.0913661 0.1195785 0.1049627 0.0676577 0.0753413 0.0579037 0.0721606 0.0720781 0.1017796 0.0702685 0.0559819 0.0883711 0.1013953 0.0927951 
Potoroidae_Bettongia_penicillata             0.0701371 0.1099703 0.0799042 0.0000000 0.0039838 0.1171551 0.0712972 0.0707196 0.0167824 0.1152492 0.0677241 0.1171134 0.1142397 0.0687567 0.0848760 0.1157070 0.1148809 0.1131719 0.1136588 0.0254002 0.0874168 0.1042017 0.1307295 0.1194634 0.0496885 0.0999539 0.0720844 0.0285584 0.0918961 0.1136374 0.0851439 0.0680398 0.1024363 0.1138294 0.1077405 
Potoroidae_Bettongia_lesueur                 0.0689120 0.1099415 0.0786912 0.0039838 0.0000000 0.1180251 0.0701025 0.0703624 0.0158084 0.1131792 0.0673535 0.1179794 0.1146579 0.0684001 0.0840262 0.1166149 0.1157469 0.1126207 0.1102482 0.0240498 0.0861795 0.1036036 0.1301810 0.1193275 0.0474627 0.0976865 0.0717217 0.0271870 0.0906756 0.1128282 0.0843020 0.0676832 0.1020195 0.1146922 0.1073637 
Dasyuridae_Dasyurus_maculatus                0.1018312 0.1277159 0.1045799 0.1171551 0.1180251 0.0000000 0.1025476 0.1048191 0.1163208 0.1312959 0.0983342 0.0211258 0.0280250 0.0984927 0.1184373 0.0195151 0.0095783 0.0291142 0.1284578 0.1098100 0.1128933 0.1191314 0.1453933 0.0210838 0.1093044 0.1078519 0.1036294 0.1101766 0.1176498 0.1496351 0.1171554 0.1017659 0.1194114 0.0061388 0.1245158 
Phalangeridae_Trichosurus_vulpecula          0.0516184 0.1023762 0.0590045 0.0712972 0.0701025 0.1025476 0.0000000 0.0214605 0.0682583 0.0988436 0.0198965 0.1011696 0.1031142 0.0211103 0.0666812 0.0995627 0.1007000 0.1005290 0.0962935 0.0613688 0.0659145 0.0930515 0.1229666 0.1013556 0.0626519 0.0854919 0.0573035 0.0627282 0.0712802 0.0957886 0.0640848 0.0214793 0.0931792 0.0998048 0.0982319 
Phalangeridae_Spilocuscus_maculatus          0.0524464 0.1023899 0.0586682 0.0707196 0.0703624 0.1048191 0.0214605 0.0000000 0.0698086 0.1013239 0.0100244 0.1043432 0.1062622 0.0122349 0.0672312 0.1027333 0.1029663 0.1020663 0.0988077 0.0621450 0.0664208 0.0934382 0.1242131 0.1045982 0.0622115 0.0851319 0.0557921 0.0643297 0.0697083 0.0937308 0.0634308 0.0115985 0.0907767 0.1020683 0.0969998 
Potoroidae_Aepyprymnus_rufescens             0.0690035 0.1063036 0.0762678 0.0167824 0.0158084 0.1163208 0.0682583 0.0698086 0.0000000 0.1086600 0.0662744 0.1171985 0.1138233 0.0674385 0.0822213 0.1158320 0.1141023 0.1114960 0.1059669 0.0211323 0.0846774 0.1002958 0.1336363 0.1175346 0.0445679 0.0969179 0.0699694 0.0235638 0.0883945 0.1105737 0.0836999 0.0671256 0.0979440 0.1129927 0.1045539 
Peramelidae_Perameles_nasuta                 0.1020197 0.1185438 0.0962496 0.1152492 0.1131792 0.1312959 0.0988436 0.1013239 0.1086600 0.0000000 0.0985231 0.1275477 0.1361536 0.0995236 0.1330235 0.1268862 0.1335501 0.1311292 0.0183960 0.1071366 0.1188987 0.0921855 0.1377392 0.1284167 0.1075698 0.1067077 0.1044603 0.1085051 0.1252314 0.1608262 0.1295347 0.1029304 0.0163961 0.1290329 0.0014398 
Phalangeridae_Strigocuscus_pelengensis       0.0488818 0.1009632 0.0539425 0.0677241 0.0673535 0.0983342 0.0198965 0.0100244 0.0662744 0.0985231 0.0000000 0.0970617 0.0989229 0.0103759 0.0648927 0.0954396 0.0965176 0.0954268 0.0966962 0.0579903 0.0622817 0.0875365 0.1189786 0.0964524 0.0596916 0.0818513 0.0526133 0.0592485 0.0669994 0.0922249 0.0625400 0.0097358 0.0876505 0.0960549 0.0940540 
Dasyuridae_Phascogale_tapoatafa              0.1018760 0.1258295 0.1047289 0.1171134 0.1179794 0.0211258 0.1011696 0.1043432 0.1171985 0.1275477 0.0970617 0.0000000 0.0259505 0.0995456 0.1184805 0.0052024 0.0204797 0.0272964 0.1247564 0.1098008 0.1159251 0.1205148 0.1423882 0.0144391 0.1100923 0.1082502 0.1063627 0.1101657 0.1194942 0.1466543 0.1146357 0.1035711 0.1207721 0.0191573 0.1248860 
Dasyuridae_Sminthopsis_macroura              0.1038371 0.1282544 0.1059808 0.1142397 0.1146579 0.0280250 0.1031142 0.1062622 0.1138233 0.1361536 0.0989229 0.0259505 0.0000000 0.1005215 0.1194381 0.0262940 0.0279856 0.0207597 0.1347810 0.1084494 0.1152692 0.1199255 0.1480297 0.0292515 0.1112087 0.1095823 0.1074301 0.1088090 0.1204909 0.1432003 0.1159925 0.1041520 0.1226329 0.0259883 0.1267576 
Phalangeridae_Phalanger_orientalis           0.0517269 0.1009124 0.0567730 0.0687567 0.0684001 0.0984927 0.0211103 0.0122349 0.0674385 0.0995236 0.0103759 0.0995456 0.1005215 0.0000000 0.0657037 0.0987399 0.0971264 0.0994135 0.0970211 0.0605839 0.0633116 0.0909263 0.1213708 0.1004424 0.0602279 0.0835666 0.0543182 0.0627525 0.0684698 0.0923640 0.0635359 0.0055628 0.0886713 0.0962453 0.0957196 
Acrobatidae_Acrobates_pygmaeus               0.0727850 0.1194282 0.0736661 0.0848760 0.0840262 0.1184373 0.0666812 0.0672312 0.0822213 0.1330235 0.0648927 0.1184805 0.1194381 0.0657037 0.0000000 0.1158174 0.1179668 0.1157060 0.1314989 0.0752372 0.0756560 0.1079846 0.1412545 0.1195992 0.0746155 0.0945036 0.0670595 0.0775552 0.0810546 0.1005771 0.0438618 0.0660998 0.1111184 0.1155886 0.1144825 
Dasyuridae_Phascogale_calura                 0.1014260 0.1244901 0.1025537 0.1157070 0.1166149 0.0195151 0.0995627 0.1027333 0.1158320 0.1268862 0.0954396 0.0052024 0.0262940 0.0987399 0.1158174 0.0000000 0.0188711 0.0249186 0.1241007 0.1084697 0.1136994 0.1216998 0.1435831 0.0128619 0.1094913 0.1068216 0.1041750 0.1088301 0.1177407 0.1462250 0.1123768 0.1010488 0.1208273 0.0175562 0.1249440 
Dasyuridae_Sarcophilus_harrisii              0.1009219 0.1251697 0.1036667 0.1148809 0.1157469 0.0095783 0.1007000 0.1029663 0.1141023 0.1335501 0.0965176 0.0204797 0.0279856 0.0971264 0.1179668 0.0188711 0.0000000 0.0280442 0.1297552 0.1088825 0.1134388 0.1189993 0.1447077 0.0187552 0.1096506 0.1055642 0.1035827 0.1092458 0.1179659 0.1477405 0.1162007 0.1003840 0.1189197 0.0073870 0.1235410 
Dasyuridae_Planigale_tenuirostris            0.0994695 0.1219949 0.0993860 0.1131719 0.1126207 0.0291142 0.1005290 0.1020663 0.1114960 0.1311292 0.0954268 0.0272964 0.0207597 0.0994135 0.1157060 0.0249186 0.0280442 0.0000000 0.1281891 0.1042672 0.1107353 0.1138322 0.1435411 0.0274854 0.1060446 0.1075126 0.1019671 0.1055359 0.1154301 0.1435311 0.1145637 0.1007718 0.1172605 0.0266397 0.1207547 
Peramelidae_Echymipera_kalubu                0.1009578 0.1229782 0.0896627 0.1136588 0.1102482 0.1284578 0.0962935 0.0988077 0.1059669 0.0183960 0.0966962 0.1247564 0.1347810 0.0970211 0.1314989 0.1241007 0.1297552 0.1281891 0.0000000 0.1052050 0.1147832 0.0881656 0.1412164 0.1248878 0.1042188 0.1075964 0.1010142 0.1065605 0.1231952 0.1651350 0.1272698 0.1003895 0.0137962 0.1262225 0.0183906 
Macropodidae_Dorcopsulus_vanheurni           0.0637743 0.1042268 0.0694630 0.0254002 0.0240498 0.1098100 0.0613688 0.0621450 0.0211323 0.1071366 0.0579903 0.1098008 0.1084494 0.0605839 0.0752372 0.1084697 0.1088825 0.1042672 0.1052050 0.0000000 0.0782587 0.0976515 0.1260474 0.1113834 0.0375058 0.0885558 0.0654384 0.0093541 0.0834829 0.1043216 0.0758602 0.0598814 0.0971723 0.1065701 0.1017919 
Pseudochiridae_Pseudochirulus_forbesi        0.0684467 0.1095817 0.0678977 0.0874168 0.0861795 0.1128933 0.0659145 0.0664208 0.0846774 0.1188987 0.0622817 0.1159251 0.1152692 0.0633116 0.0756560 0.1136994 0.1134388 0.1107353 0.1147832 0.0782587 0.0000000 0.1040799 0.1366471 0.1128173 0.0761036 0.0931222 0.0349974 0.0780907 0.0348766 0.0921399 0.0749671 0.0637540 0.1047050 0.1111017 0.1098359 
Didelphidae_Didelphis_virginiana             0.0859758 0.1182155 0.0913661 0.1042017 0.1036036 0.1191314 0.0930515 0.0934382 0.1002958 0.0921855 0.0875365 0.1205148 0.1199255 0.0909263 0.1079846 0.1216998 0.1189993 0.1138322 0.0881656 0.0976515 0.1040799 0.0000000 0.0330039 0.1206893 0.0975085 0.0956433 0.0957690 0.0985911 0.1135742 0.1410575 0.0990235 0.0897331 0.1025349 0.1155676 0.1099273 
Marmosidae_Monodelphis_domestica             0.1137721 0.1409454 0.1195785 0.1307295 0.1301810 0.1453933 0.1229666 0.1242131 0.1336363 0.1377392 0.1189786 0.1423882 0.1480297 0.1213708 0.1412545 0.1435831 0.1447077 0.1435411 0.1412164 0.1260474 0.1366471 0.0330039 0.0000000 0.1406015 0.1233812 0.1144463 0.1273209 0.1284780 0.1464024 0.1726533 0.1364565 0.1206824 0.1307889 0.1408418 0.1346327 
Dasyuridae_Antechinus_stuartii               0.1022800 0.1253726 0.1049627 0.1194634 0.1193275 0.0210838 0.1013556 0.1045982 0.1175346 0.1284167 0.0964524 0.0144391 0.0292515 0.1004424 0.1195992 0.0128619 0.0187552 0.0274854 0.1248878 0.1113834 0.1128173 0.1206893 0.1406015 0.0000000 0.1097557 0.1088387 0.1049433 0.1107738 0.1184384 0.1477866 0.1159313 0.1038142 0.1198551 0.0184268 0.1253035 
Hypsiprymnodontidae_Hypsiprymnodon_moschatus 0.0610499 0.1038669 0.0676577 0.0496885 0.0474627 0.1093044 0.0626519 0.0622115 0.0445679 0.1075698 0.0596916 0.1100923 0.1112087 0.0602279 0.0746155 0.1094913 0.1096506 0.1060446 0.1042188 0.0375058 0.0761036 0.0975085 0.1233812 0.1097557 0.0000000 0.0881081 0.0667465 0.0394233 0.0806285 0.1011434 0.0763075 0.0591523 0.0969995 0.1068876 0.1020859 
Microbiotheriidae_Dromiciops_gliroides       0.0835616 0.1035122 0.0753413 0.0999539 0.0976865 0.1078519 0.0854919 0.0851319 0.0969179 0.1067077 0.0818513 0.1082502 0.1095823 0.0835666 0.0945036 0.1068216 0.1055642 0.1075126 0.1075964 0.0885558 0.0931222 0.0956433 0.1144463 0.1088387 0.0881081 0.0000000 0.0800421 0.0912670 0.0963077 0.1264648 0.0956805 0.0813091 0.1041520 0.1069232 0.1042489 
Pseudochiridae_Petauroides_volans            0.0569928 0.1012428 0.0579037 0.0720844 0.0717217 0.1036294 0.0573035 0.0557921 0.0699694 0.1044603 0.0526133 0.1063627 0.1074301 0.0543182 0.0670595 0.1041750 0.1035827 0.1019671 0.1010142 0.0654384 0.0349974 0.0957690 0.1273209 0.1049433 0.0667465 0.0800421 0.0000000 0.0668064 0.0393642 0.0848275 0.0636654 0.0547764 0.0921731 0.1013067 0.0982392 
Macropodidae_Wallabia_bicolor                0.0651831 0.1101673 0.0721606 0.0285584 0.0271870 0.1101766 0.0627282 0.0643297 0.0235638 0.1085051 0.0592485 0.1101657 0.1088090 0.0627525 0.0775552 0.1088301 0.1092458 0.1055359 0.1065605 0.0093541 0.0780907 0.0985911 0.1284780 0.1107738 0.0394233 0.0912670 0.0668064 0.0000000 0.0837111 0.1060454 0.0765153 0.0620449 0.0982459 0.1069252 0.1029153 
Pseudochiridae_Pseudocheirus_occidentalis    0.0724473 0.1153293 0.0720781 0.0918961 0.0906756 0.1176498 0.0712802 0.0697083 0.0883945 0.1252314 0.0669994 0.1194942 0.1204909 0.0684698 0.0810546 0.1177407 0.1179659 0.1154301 0.1231952 0.0834829 0.0348766 0.1135742 0.1464024 0.1184384 0.0806285 0.0963077 0.0393642 0.0837111 0.0000000 0.0994382 0.0806786 0.0693710 0.1098778 0.1155925 0.1137393 
Tarsipedidae_Tarsipes_rostratus              0.0955074 0.1421996 0.1017796 0.1136374 0.1128282 0.1496351 0.0957886 0.0937308 0.1105737 0.1608262 0.0922249 0.1466543 0.1432003 0.0923640 0.1005771 0.1462250 0.1477405 0.1435311 0.1651350 0.1043216 0.0921399 0.1410575 0.1726533 0.1477866 0.1011434 0.1264648 0.0848275 0.1060454 0.0994382 0.0000000 0.0934265 0.0962967 0.1358882 0.1455990 0.1376393 
Acrobatidae_Distoechurus_pennatus            0.0704934 0.1180842 0.0702685 0.0851439 0.0843020 0.1171554 0.0640848 0.0634308 0.0836999 0.1295347 0.0625400 0.1146357 0.1159925 0.0635359 0.0438618 0.1123768 0.1162007 0.1145637 0.1272698 0.0758602 0.0749671 0.0990235 0.1364565 0.1159313 0.0763075 0.0956805 0.0636654 0.0765153 0.0806786 0.0934265 0.0000000 0.0634971 0.1086605 0.1138122 0.1124945 
Phalangeridae_Phalanger_carmelitae           0.0517957 0.1024637 0.0559819 0.0680398 0.0676832 0.1017659 0.0214793 0.0115985 0.0671256 0.1029304 0.0097358 0.1035711 0.1041520 0.0055628 0.0660998 0.1010488 0.1003840 0.1007718 0.1003895 0.0598814 0.0637540 0.0897331 0.1206824 0.1038142 0.0591523 0.0813091 0.0547764 0.0620449 0.0693710 0.0962967 0.0634971 0.0000000 0.0904627 0.0994924 0.0975944 
Peramelidae_Peroryctes_raffrayana            0.0943028 0.1210452 0.0883711 0.1024363 0.1020195 0.1194114 0.0931792 0.0907767 0.0979440 0.0163961 0.0876505 0.1207721 0.1226329 0.0886713 0.1111184 0.1208273 0.1189197 0.1172605 0.0137962 0.0971723 0.1047050 0.1025349 0.1307889 0.1198551 0.0969995 0.1041520 0.0921731 0.0982459 0.1098778 0.1358882 0.1086605 0.0904627 0.0000000 0.1169989 0.0168819 
Dasyuridae_Dasyurus_geffroii                 0.0986628 0.1242279 0.1013953 0.1138294 0.1146922 0.0061388 0.0998048 0.1020683 0.1129927 0.1290329 0.0960549 0.0191573 0.0259883 0.0962453 0.1155886 0.0175562 0.0073870 0.0266397 0.1262225 0.1065701 0.1111017 0.1155676 0.1408418 0.0184268 0.1068876 0.1069232 0.1013067 0.1069252 0.1155925 0.1455990 0.1138122 0.0994924 0.1169989 0.0000000 0.1210927 
Peramelidae_Perameles_gunnii                 0.0955289 0.1172897 0.0927951 0.1077405 0.1073637 0.1245158 0.0982319 0.0969998 0.1045539 0.0014398 0.0940540 0.1248860 0.1267576 0.0957196 0.1144825 0.1249440 0.1235410 0.1207547 0.0183906 0.1017919 0.1098359 0.1099273 0.1346327 0.1253035 0.1020859 0.1042489 0.0982392 0.1029153 0.1137393 0.1376393 0.1124945 0.0975944 0.0168819 0.1210927 0.0000000 
