35
Burramyidae_Burramys_parvus                  0.0000000 0.1111728 0.0599937 0.0561551 0.0520616 0.0725889 0.0334421 0.0530576 0.0366294 0.0752425 0.0750280 0.0352879 0.0543511 0.0767144 0.0744869 0.0715574 0.0906604 0.0474154 0.0472854 0.1003302 0.1262386 0.0721521 0.0487272 0.0582782 0.0412910 0.0464295 0.1221595 0.0551031 0.0356430 0.0927580 0.0728899 0.0874148 0.0524865 0.1466429 0.0650996 
Notoryctidae_Notoryctes_typhlops             0.1111728 0.0000000 0.1312425 0.1348678 0.1325477 0.1420081 0.1166464 0.1343758 0.1162557 0.1417945 0.1473374 0.1181711 0.1359816 0.1467922 0.1421170 0.1374648 0.1532284 0.1257654 0.1307822 0.1505130 0.1912370 0.1458292 0.1302029 0.1308122 0.1254955 0.1244180 0.1944545 0.1373056 0.1155035 0.1646856 0.1417872 0.1431910 0.1998121 0.2643037 0.2173615 
Vombatidae_Lasiorhinus_latifrons             0.0599937 0.1312425 0.0000000 0.0847453 0.0839811 0.1045872 0.0671735 0.0841824 0.0721427 0.1039214 0.1053217 0.0704912 0.0879077 0.1057678 0.1076669 0.1017693 0.1147841 0.0760954 0.0808196 0.1205097 0.1442957 0.1024539 0.0746097 0.0856816 0.0745206 0.0747840 0.1521851 0.0913443 0.0693453 0.1205089 0.1039807 0.1116875 0.1088351 0.1907487 0.1226331 
Potoroidae_Bettongia_penicillata             0.0561551 0.1348678 0.0847453 0.0000000 0.0053761 0.1021648 0.0616839 0.0154835 0.0648922 0.1047216 0.1036646 0.0618210 0.0737709 0.1062203 0.1063063 0.1001984 0.1081598 0.0283527 0.0707256 0.1135908 0.1377167 0.1028618 0.0462595 0.0799248 0.0660458 0.0257471 0.1630591 0.0776610 0.0625904 0.1071744 0.1031815 0.1085430 0.0893658 0.1658991 0.0990141 
Potoroidae_Bettongia_lesueur                 0.0520616 0.1325477 0.0839811 0.0053761 0.0000000 0.0941860 0.0577250 0.0159416 0.0604656 0.0959501 0.0951827 0.0562837 0.0677853 0.0979580 0.0984928 0.0940671 0.0965669 0.0299250 0.0675548 0.1157859 0.1419363 0.0950311 0.0447335 0.0760070 0.0617315 0.0277475 0.1544669 0.0701396 0.0566354 0.0897148 0.0951394 0.0963859 0.0726016 0.1294187 0.0806402 
Dasyuridae_Dasyurus_maculatus                0.0725889 0.1420081 0.1045872 0.1021648 0.0941860 0.0000000 0.0769854 0.0978104 0.0805915 0.0176408 0.0226155 0.0793173 0.0959872 0.0195729 0.0099297 0.0214349 0.1118225 0.0930039 0.0936278 0.1155618 0.1507215 0.0201336 0.0931503 0.0853719 0.0865655 0.0942239 0.2250313 0.1016681 0.0786018 0.1086964 0.0031235 0.1065529 0.1188986 0.1695742 0.1311182 
Phalangeridae_Trichosurus_vulpecula          0.0334421 0.1166464 0.0671735 0.0616839 0.0577250 0.0769854 0.0000000 0.0579796 0.0186807 0.0806784 0.0793338 0.0184082 0.0619071 0.0826120 0.0794702 0.0763620 0.0900848 0.0504526 0.0512772 0.1038556 0.1342214 0.0777816 0.0512819 0.0637320 0.0413844 0.0490730 0.1305947 0.0612518 0.0187689 0.0926209 0.0767055 0.0880032 0.0254483 0.1407263 0.0661629 
Potoroidae_Aepyprymnus_rufescens             0.0530576 0.1343758 0.0841824 0.0154835 0.0159416 0.0978104 0.0579796 0.0000000 0.0615420 0.0972125 0.0987428 0.0590358 0.0709746 0.1000983 0.1012939 0.0952356 0.1092284 0.0286923 0.0693986 0.1139379 0.1392193 0.0984506 0.0442222 0.0812770 0.0618975 0.0260721 0.1571659 0.0752976 0.0593362 0.1069863 0.0998739 0.1083953 0.0833582 0.1667372 0.0907597 
Phalangeridae_Strigocuscus_pelengensis       0.0366294 0.1162557 0.0721427 0.0648922 0.0604656 0.0805915 0.0186807 0.0615420 0.0000000 0.0826104 0.0810144 0.0140987 0.0658373 0.0860909 0.0833791 0.0771471 0.0959108 0.0552264 0.0531793 0.1015427 0.1309630 0.0814452 0.0583141 0.0681181 0.0447494 0.0546853 0.1473304 0.0647930 0.0148886 0.0999810 0.0802072 0.0927647 0.0266364 0.1525010 0.0770796 
Dasyuridae_Phascogale_tapoatafa              0.0752425 0.1417945 0.1039214 0.1047216 0.0959501 0.0176408 0.0806784 0.0972125 0.0826104 0.0000000 0.0253362 0.0820612 0.1005640 0.0039621 0.0199160 0.0216082 0.1105138 0.0955438 0.0924249 0.1146270 0.1535843 0.0111403 0.0927742 0.0888150 0.0847379 0.0942085 0.2310200 0.1032557 0.0818267 0.1085843 0.0181044 0.1078119 0.1228274 0.1684394 0.1257854 
Dasyuridae_Sminthopsis_macroura              0.0750280 0.1473374 0.1053217 0.1036646 0.0951827 0.0226155 0.0793338 0.0987428 0.0810144 0.0253362 0.0000000 0.0821926 0.1012365 0.0261468 0.0258700 0.0228712 0.1120831 0.0929307 0.0939075 0.1206941 0.1542044 0.0249324 0.0937015 0.0875551 0.0885024 0.0943168 0.2269071 0.1055630 0.0814630 0.1128574 0.0235668 0.1093744 0.1214219 0.1736687 0.1318435 
Phalangeridae_Phalanger_orientalis           0.0352879 0.1181711 0.0704912 0.0618210 0.0562837 0.0793173 0.0184082 0.0590358 0.0140987 0.0820612 0.0821926 0.0000000 0.0644535 0.0834679 0.0812992 0.0754132 0.0958849 0.0533126 0.0542525 0.1015472 0.1338735 0.0801465 0.0551353 0.0668836 0.0428418 0.0523384 0.1446428 0.0637916 0.0034975 0.0979352 0.0795419 0.0922815 0.0239025 0.1507970 0.0679742 
Acrobatidae_Acrobates_pygmaeus               0.0543511 0.1359816 0.0879077 0.0737709 0.0677853 0.0959872 0.0619071 0.0709746 0.0658373 0.1005640 0.1012365 0.0644535 0.0000000 0.1028952 0.0988498 0.0991814 0.1152450 0.0619983 0.0657158 0.1166968 0.1508070 0.0957430 0.0682987 0.0790836 0.0575403 0.0658627 0.1480542 0.0383212 0.0638026 0.1168434 0.0968950 0.1106477 0.0973594 0.1798394 0.0898289 
Dasyuridae_Phascogale_calura                 0.0767144 0.1467922 0.1057678 0.1062203 0.0979580 0.0195729 0.0826120 0.1000983 0.0860909 0.0039621 0.0261468 0.0834679 0.1028952 0.0000000 0.0201030 0.0221007 0.1113338 0.0955751 0.0940560 0.1181846 0.1558793 0.0117117 0.0916675 0.0885644 0.0867937 0.0948336 0.2379823 0.1056589 0.0832252 0.1098060 0.0188124 0.1080483 0.1237113 0.1705307 0.1266695 
Dasyuridae_Sarcophilus_harrisii              0.0744869 0.1421170 0.1076669 0.1063063 0.0984928 0.0099297 0.0794702 0.1012939 0.0833791 0.0199160 0.0258700 0.0812992 0.0988498 0.0201030 0.0000000 0.0247002 0.1159681 0.0959088 0.0927771 0.1140869 0.1530548 0.0199457 0.0927892 0.0854212 0.0850249 0.0950747 0.2225857 0.1025492 0.0805678 0.1128435 0.0075508 0.1100509 0.1277439 0.1784488 0.1299353 
Dasyuridae_Planigale_tenuirostris            0.0715574 0.1374648 0.1017693 0.1001984 0.0940671 0.0214349 0.0763620 0.0952356 0.0771471 0.0216082 0.0228712 0.0754132 0.0991814 0.0221007 0.0247002 0.0000000 0.1121320 0.0887826 0.0918791 0.1177565 0.1501778 0.0242695 0.0931186 0.0829215 0.0868618 0.0886061 0.2354165 0.1041510 0.0759066 0.1104556 0.0215453 0.1092971 0.1201801 0.1773102 0.1278817 
Peramelidae_Echymipera_kalubu                0.0906604 0.1532284 0.1147841 0.1081598 0.0965669 0.1118225 0.0900848 0.1092284 0.0959108 0.1105138 0.1120831 0.0958849 0.1152450 0.1113338 0.1159681 0.1121320 0.0000000 0.0974051 0.1015113 0.1273188 0.1635841 0.1143884 0.1081030 0.0996270 0.0957007 0.1003208 0.2540041 0.1160999 0.0951028 0.0191170 0.1110958 0.0225684 0.1583279 0.0378471 0.1629437 
Macropodidae_Dorcopsulus_vanheurni           0.0474154 0.1257654 0.0760954 0.0283527 0.0299250 0.0930039 0.0504526 0.0286923 0.0552264 0.0955438 0.0929307 0.0533126 0.0619983 0.0955751 0.0959088 0.0887826 0.0974051 0.0000000 0.0640980 0.1079707 0.1310460 0.0935190 0.0391013 0.0694898 0.0561409 0.0126430 0.1450612 0.0683359 0.0542429 0.0942956 0.0934405 0.0943658 0.0741198 0.1457844 0.0803066 
Pseudochiridae_Pseudochirulus_forbesi        0.0472854 0.1307822 0.0808196 0.0707256 0.0675548 0.0936278 0.0512772 0.0693986 0.0531793 0.0924249 0.0939075 0.0542525 0.0657158 0.0940560 0.0927771 0.0918791 0.1015113 0.0640980 0.0000000 0.1171575 0.1447558 0.0904662 0.0664023 0.0757577 0.0320770 0.0626578 0.1174277 0.0640387 0.0545610 0.1048979 0.0915006 0.0955303 0.0802369 0.1585970 0.0363038 
Didelphidae_Didelphis_virginiana             0.1003302 0.1505130 0.1205097 0.1135908 0.1157859 0.1155618 0.1038556 0.1139379 0.1015427 0.1146270 0.1206941 0.1015472 0.1166968 0.1181846 0.1140869 0.1177565 0.1273188 0.1079707 0.1171575 0.0000000 0.0644873 0.1197184 0.1141600 0.0987371 0.1051401 0.1075566 0.2431727 0.1201121 0.1000268 0.1258882 0.1164655 0.1253468 0.1546705 0.1945954 0.1651287 
Marmosidae_Monodelphis_domestica             0.1262386 0.1912370 0.1442957 0.1377167 0.1419363 0.1507215 0.1342214 0.1392193 0.1309630 0.1535843 0.1542044 0.1338735 0.1508070 0.1558793 0.1530548 0.1501778 0.1635841 0.1310460 0.1447558 0.0644873 0.0000000 0.1568242 0.1374025 0.1295204 0.1338506 0.1327579 0.2632542 0.1531736 0.1323194 0.1716471 0.1526317 0.1571032 0.2195690 0.2670965 0.2310935 
Dasyuridae_Antechinus_stuartii               0.0721521 0.1458292 0.1024539 0.1028618 0.0950311 0.0201336 0.0777816 0.0984506 0.0814452 0.0111403 0.0249324 0.0801465 0.0957430 0.0117117 0.0199457 0.0242695 0.1143884 0.0935190 0.0904662 0.1197184 0.1568242 0.0000000 0.0902269 0.0868555 0.0823349 0.0916189 0.2210326 0.1004381 0.0799172 0.1080278 0.0193845 0.1100796 0.1160653 0.1690456 0.1212106 
Hypsiprymnodontidae_Hypsiprymnodon_moschatus 0.0487272 0.1302029 0.0746097 0.0462595 0.0447335 0.0931503 0.0512819 0.0442222 0.0583141 0.0927742 0.0937015 0.0551353 0.0682987 0.0916675 0.0927892 0.0931186 0.1081030 0.0391013 0.0664023 0.1141600 0.1374025 0.0902269 0.0000000 0.0750308 0.0557632 0.0370124 0.1441696 0.0735396 0.0545233 0.1049713 0.0910725 0.1034889 0.0701676 0.1611912 0.0879482 
Microbiotheriidae_Dromiciops_gliroides       0.0582782 0.1308122 0.0856816 0.0799248 0.0760070 0.0853719 0.0637320 0.0812770 0.0681181 0.0888150 0.0875551 0.0668836 0.0790836 0.0885644 0.0854212 0.0829215 0.0996270 0.0694898 0.0757577 0.0987371 0.1295204 0.0868555 0.0750308 0.0000000 0.0694695 0.0682988 0.1600284 0.0840904 0.0663174 0.1062260 0.0840879 0.0946852 0.1064511 0.1604998 0.1147208 
Pseudochiridae_Petauroides_volans            0.0412910 0.1254955 0.0745206 0.0660458 0.0617315 0.0865655 0.0413844 0.0618975 0.0447494 0.0847379 0.0885024 0.0428418 0.0575403 0.0867937 0.0850249 0.0868618 0.0957007 0.0561409 0.0320770 0.1051401 0.1338506 0.0823349 0.0557632 0.0694695 0.0000000 0.0560552 0.1201052 0.0559429 0.0427272 0.0981388 0.0834126 0.0918086 0.0575964 0.1473121 0.0372038 
Macropodidae_Wallabia_bicolor                0.0464295 0.1244180 0.0747840 0.0257471 0.0277475 0.0942239 0.0490730 0.0260721 0.0546853 0.0942085 0.0943168 0.0523384 0.0658627 0.0948336 0.0950747 0.0886061 0.1003208 0.0126430 0.0626578 0.1075566 0.1327579 0.0916189 0.0370124 0.0682988 0.0560552 0.0000000 0.1441049 0.0699835 0.0531783 0.1002191 0.0936354 0.0985154 0.0735159 0.1539555 0.0820096 
Tarsipedidae_Tarsipes_rostratus              0.1221595 0.1944545 0.1521851 0.1630591 0.1544669 0.2250313 0.1305947 0.1571659 0.1473304 0.2310200 0.2269071 0.1446428 0.1480542 0.2379823 0.2225857 0.2354165 0.2540041 0.1450612 0.1174277 0.2431727 0.2632542 0.2210326 0.1441696 0.1600284 0.1201052 0.1441049 0.0000000 0.1533216 0.1451247 0.3148945 0.2209956 0.2451380 0.1726446 0.3932550 0.1566848 
Acrobatidae_Distoechurus_pennatus            0.0551031 0.1373056 0.0913443 0.0776610 0.0701396 0.1016681 0.0612518 0.0752976 0.0647930 0.1032557 0.1055630 0.0637916 0.0383212 0.1056589 0.1025492 0.1041510 0.1160999 0.0683359 0.0640387 0.1201121 0.1531736 0.1004381 0.0735396 0.0840904 0.0559429 0.0699835 0.1533216 0.0000000 0.0631403 0.1121823 0.1005132 0.1088173 0.0861745 0.1718541 0.0810960 
Phalangeridae_Phalanger_carmelitae           0.0356430 0.1155035 0.0693453 0.0625904 0.0566354 0.0786018 0.0187689 0.0593362 0.0148886 0.0818267 0.0814630 0.0034975 0.0638026 0.0832252 0.0805678 0.0759066 0.0951028 0.0542429 0.0545610 0.1000268 0.1323194 0.0799172 0.0545233 0.0663174 0.0427272 0.0531783 0.1451247 0.0631403 0.0000000 0.0962646 0.0788240 0.0915134 0.0222409 0.1481212 0.0659683 
Peramelidae_Peroryctes_raffrayana            0.0927580 0.1646856 0.1205089 0.1071744 0.0897148 0.1086964 0.0926209 0.1069863 0.0999810 0.1085843 0.1128574 0.0979352 0.1168434 0.1098060 0.1128435 0.1104556 0.0191170 0.0942956 0.1048979 0.1258882 0.1716471 0.1080278 0.1049713 0.1062260 0.0981388 0.1002191 0.3148945 0.1121823 0.0962646 0.0000000 0.1103266 0.0246660 0.1542605 0.0393307 0.1586655 
Dasyuridae_Dasyurus_geffroii                 0.0728899 0.1417872 0.1039807 0.1031815 0.0951394 0.0031235 0.0767055 0.0998739 0.0802072 0.0181044 0.0235668 0.0795419 0.0968950 0.0188124 0.0075508 0.0215453 0.1110958 0.0934405 0.0915006 0.1164655 0.1526317 0.0193845 0.0910725 0.0840879 0.0834126 0.0936354 0.2209956 0.1005132 0.0788240 0.1103266 0.0000000 0.1059536 0.1174136 0.1693511 0.1278592 
Peramelidae_Perameles_gunnii                 0.0874148 0.1431910 0.1116875 0.1085430 0.0963859 0.1065529 0.0880032 0.1083953 0.0927647 0.1078119 0.1093744 0.0922815 0.1106477 0.1080483 0.1100509 0.1092971 0.0225684 0.0943658 0.0955303 0.1253468 0.1571032 0.1100796 0.1034889 0.0946852 0.0918086 0.0985154 0.2451380 0.1088173 0.0915134 0.0246660 0.1059536 0.0000000 0.1477161 0.0037579 0.1621411 
Phalangeridae_Spilocuscus_maculatus          0.0524865 0.1998121 0.1088351 0.0893658 0.0726016 0.1188986 0.0254483 0.0833582 0.0266364 0.1228274 0.1214219 0.0239025 0.0973594 0.1237113 0.1277439 0.1201801 0.1583279 0.0741198 0.0802369 0.1546705 0.2195690 0.1160653 0.0701676 0.1064511 0.0575964 0.0735159 0.1726446 0.0861745 0.0222409 0.1542605 0.1174136 0.1477161 0.0000000 0.1427426 0.0698434 
Peramelidae_Perameles_nasuta                 0.1466429 0.2643037 0.1907487 0.1658991 0.1294187 0.1695742 0.1407263 0.1667372 0.1525010 0.1684394 0.1736687 0.1507970 0.1798394 0.1705307 0.1784488 0.1773102 0.0378471 0.1457844 0.1585970 0.1945954 0.2670965 0.1690456 0.1611912 0.1604998 0.1473121 0.1539555 0.3932550 0.1718541 0.1481212 0.0393307 0.1693511 0.0037579 0.1427426 0.0000000 0.1580205 
Pseudochiridae_Pseudocheirus_occidentalis    0.0650996 0.2173615 0.1226331 0.0990141 0.0806402 0.1311182 0.0661629 0.0907597 0.0770796 0.1257854 0.1318435 0.0679742 0.0898289 0.1266695 0.1299353 0.1278817 0.1629437 0.0803066 0.0363038 0.1651287 0.2310935 0.1212106 0.0879482 0.1147208 0.0372038 0.0820096 0.1566848 0.0810960 0.0659683 0.1586655 0.1278592 0.1621411 0.0698434 0.1580205 0.0000000 
