35
Burramyidae_Burramys_parvus                  0.0000000 0.0948986 0.0867539 0.0839819 0.0821567 0.1038591 0.0739245 0.0649896 0.0914076 0.1237618 0.0722957 0.0936551 0.1078193 0.0687099 0.0714002 0.0967047 0.1034548 0.0930861 0.1252206 0.0811829 0.0989013 0.1469441 0.1888984 0.1027685 0.0813773 0.0762196 0.0771958 0.0820904 0.0875494 0.1348079 0.0831070 0.0691105 0.1177572 0.1021727 0.1238069 
Notoryctidae_Notoryctes_typhlops             0.0948986 0.0000000 0.1160505 0.1359532 0.1330420 0.1263961 0.1228853 0.1085438 0.1373095 0.1477940 0.1110711 0.1218754 0.1265229 0.1095241 0.1157270 0.1237489 0.1266586 0.1226013 0.1469856 0.1263970 0.1413560 0.1845651 0.2222982 0.1231175 0.1249392 0.0984832 0.1260472 0.1272613 0.1307062 0.1949642 0.1280418 0.1115406 0.1431158 0.1275355 0.1486428 
Vombatidae_Lasiorhinus_latifrons             0.0867539 0.1160505 0.0000000 0.1064367 0.1056865 0.1043452 0.0977995 0.0937330 0.1088244 0.1353662 0.0974506 0.1013053 0.1143882 0.0954912 0.0849275 0.1067102 0.1034559 0.1028358 0.1329592 0.1012410 0.1216856 0.1505232 0.1902315 0.1057932 0.1027139 0.0834599 0.1035606 0.1011879 0.1055906 0.1581815 0.0970606 0.0983419 0.1278830 0.1036313 0.1354134 
Potoroidae_Bettongia_penicillata             0.0839819 0.1359532 0.1064367 0.0000000 0.0078042 0.1277599 0.0890406 0.0915629 0.0189153 0.1497191 0.0976629 0.1205087 0.1347167 0.0937900 0.0833510 0.1280038 0.1305481 0.1158312 0.1499896 0.0364511 0.1213582 0.1716400 0.2154437 0.1288909 0.0607157 0.0943757 0.0956921 0.0362069 0.1049227 0.1542104 0.0958714 0.0963970 0.1415277 0.1297362 0.1507594 
Potoroidae_Bettongia_lesueur                 0.0821567 0.1330420 0.1056865 0.0078042 0.0000000 0.1243445 0.0893400 0.0911614 0.0176243 0.1462075 0.0992303 0.1155671 0.1311806 0.0941583 0.0852594 0.1229211 0.1270875 0.1143013 0.1464745 0.0337596 0.1224969 0.1674624 0.2140592 0.1255195 0.0605003 0.0962733 0.0969270 0.0329096 0.1068661 0.1590348 0.0969536 0.0952316 0.1391596 0.1280485 0.1472340 
Dasyuridae_Dasyurus_maculatus                0.1038591 0.1263961 0.1043452 0.1277599 0.1243445 0.0000000 0.1150944 0.1136453 0.1298682 0.1371863 0.1127566 0.0267160 0.0443844 0.1152846 0.1144375 0.0285760 0.0144854 0.0389727 0.1379302 0.1233690 0.1387740 0.1578048 0.2024196 0.0326455 0.1229041 0.0911369 0.1257925 0.1224819 0.1310925 0.1789567 0.1223176 0.1163404 0.1317865 0.0058026 0.1372332 
Phalangeridae_Trichosurus_vulpecula          0.0739245 0.1228853 0.0977995 0.0890406 0.0893400 0.1150944 0.0000000 0.0367608 0.0985774 0.1356540 0.0411112 0.1115893 0.1267313 0.0355306 0.0763058 0.1145185 0.1170742 0.1101999 0.1417071 0.0924529 0.1143993 0.1593757 0.1952670 0.1141163 0.0949599 0.1025352 0.0932153 0.0910901 0.0995591 0.1403930 0.0892924 0.0379061 0.1330277 0.1107220 0.1357008 
Phalangeridae_Spilocuscus_maculatus          0.0649896 0.1085438 0.0937330 0.0915629 0.0911614 0.1136453 0.0367608 0.0000000 0.0939361 0.1329916 0.0169784 0.1065933 0.1203852 0.0091597 0.0712885 0.1093134 0.1143301 0.1046717 0.1395244 0.0900438 0.1025412 0.1576267 0.1894037 0.1124706 0.0900979 0.0991206 0.0807008 0.0916281 0.0915158 0.1363943 0.0858197 0.0102893 0.1363112 0.1101476 0.1330394 
Potoroidae_Aepyprymnus_rufescens             0.0914076 0.1373095 0.1088244 0.0189153 0.0176243 0.1298682 0.0985774 0.0939361 0.0000000 0.1531792 0.1054918 0.1153838 0.1288155 0.0985078 0.0876009 0.1227653 0.1296901 0.1143733 0.1533431 0.0417629 0.1266384 0.1748403 0.2179754 0.1245253 0.0638494 0.1030633 0.0998206 0.0407446 0.1082201 0.1612874 0.1077820 0.1011506 0.1434786 0.1290459 0.1542333 
Peramelidae_Perameles_nasuta                 0.1237618 0.1477940 0.1353662 0.1497191 0.1462075 0.1371863 0.1356540 0.1329916 0.1531792 0.0000000 0.1331129 0.1310237 0.1408708 0.1363913 0.1320692 0.1312633 0.1364556 0.1199400 0.0253701 0.1426575 0.1661065 0.1740691 0.2167243 0.1361239 0.1460880 0.1213708 0.1393286 0.1422372 0.1562559 0.1912360 0.1455530 0.1374455 0.0260684 0.1360937 0.0022001 
Phalangeridae_Strigocuscus_pelengensis       0.0722957 0.1110711 0.0974506 0.0976629 0.0992303 0.1127566 0.0411112 0.0169784 0.1054918 0.1331129 0.0000000 0.1094853 0.1224334 0.0174743 0.0781909 0.1121857 0.1150311 0.1076978 0.1377398 0.0974365 0.1092389 0.1605595 0.1977917 0.1196169 0.0914489 0.1005689 0.0869445 0.0947824 0.0969923 0.1451836 0.0918585 0.0181058 0.1359912 0.1150860 0.1338348 
Dasyuridae_Phascogale_tapoatafa              0.0936551 0.1218754 0.1013053 0.1205087 0.1155671 0.0267160 0.1115893 0.1065933 0.1153838 0.1310237 0.1094853 0.0000000 0.0373132 0.1091497 0.1061757 0.0060289 0.0304660 0.0324346 0.1285840 0.1149826 0.1382738 0.1543347 0.1950458 0.0176015 0.1152441 0.0883444 0.1191953 0.1134795 0.1271885 0.1751152 0.1188572 0.1102152 0.1233125 0.0259809 0.1310700 
Dasyuridae_Sminthopsis_macroura              0.1078193 0.1265229 0.1143882 0.1347167 0.1311806 0.0443844 0.1267313 0.1203852 0.1288155 0.1408708 0.1224334 0.0373132 0.0000000 0.1236190 0.1188879 0.0417348 0.0477608 0.0310316 0.1375017 0.1255666 0.1424592 0.1666683 0.2028462 0.0480409 0.1271667 0.0965587 0.1269951 0.1270803 0.1354521 0.1720970 0.1318779 0.1246770 0.1332109 0.0460530 0.1406441 
Phalangeridae_Phalanger_orientalis           0.0687099 0.1095241 0.0954912 0.0937900 0.0941583 0.1152846 0.0355306 0.0091597 0.0985078 0.1363913 0.0174743 0.1091497 0.1236190 0.0000000 0.0753317 0.1118057 0.1149962 0.1086169 0.1428667 0.0938040 0.1052831 0.1516175 0.1882457 0.1110582 0.0962924 0.0978949 0.0835537 0.0932224 0.0951893 0.1411598 0.0873847 0.0038938 0.1320161 0.1104590 0.1364387 
Acrobatidae_Acrobates_pygmaeus               0.0714002 0.1157270 0.0849275 0.0833510 0.0852594 0.1144375 0.0763058 0.0712885 0.0876009 0.1320692 0.0781909 0.1061757 0.1188879 0.0753317 0.0000000 0.1070887 0.1141855 0.1061675 0.1332230 0.0792833 0.0913667 0.1474033 0.1733375 0.1074670 0.0763810 0.0828742 0.0717458 0.0764349 0.0779444 0.1247286 0.0362814 0.0779123 0.1216513 0.1076984 0.1330020 
Dasyuridae_Phascogale_calura                 0.0967047 0.1237489 0.1067102 0.1280038 0.1229211 0.0285760 0.1145185 0.1093134 0.1227653 0.1312633 0.1121857 0.0060289 0.0417348 0.1118057 0.1070887 0.0000000 0.0323450 0.0346359 0.1302503 0.1207000 0.1382881 0.1546424 0.1952403 0.0194548 0.1210606 0.0883349 0.1207351 0.1191452 0.1303405 0.1787749 0.1197631 0.1128703 0.1250044 0.0292342 0.1313096 
Dasyuridae_Sarcophilus_harrisii              0.1034548 0.1266586 0.1034559 0.1305481 0.1270875 0.0144854 0.1170742 0.1143301 0.1296901 0.1364556 0.1150311 0.0304660 0.0477608 0.1149962 0.1141855 0.0323450 0.0000000 0.0405823 0.1363624 0.1237746 0.1364710 0.1641463 0.2087945 0.0360076 0.1242535 0.0931577 0.1225511 0.1214665 0.1287764 0.1826944 0.1232427 0.1169320 0.1301952 0.0135799 0.1365025 
Dasyuridae_Planigale_tenuirostris            0.0930861 0.1226013 0.1028358 0.1158312 0.1143013 0.0389727 0.1101999 0.1046717 0.1143733 0.1199400 0.1076978 0.0324346 0.0310316 0.1086169 0.1061675 0.0346359 0.0405823 0.0000000 0.1188365 0.1051362 0.1331381 0.1534522 0.1924240 0.0427560 0.1152786 0.1049034 0.1156915 0.1083041 0.1230819 0.1614466 0.1225547 0.1098198 0.1166011 0.0419341 0.1206791 
Peramelidae_Echymipera_kalubu                0.1252206 0.1469856 0.1329592 0.1499896 0.1464745 0.1379302 0.1417071 0.1395244 0.1533431 0.0253701 0.1377398 0.1285840 0.1375017 0.1428667 0.1332230 0.1302503 0.1363624 0.1188365 0.0000000 0.1437806 0.1665062 0.1742567 0.2154253 0.1330786 0.1437889 0.1155534 0.1408748 0.1421597 0.1565478 0.1885504 0.1461987 0.1439114 0.0229576 0.1359775 0.0253886 
Macropodidae_Dorcopsulus_vanheurni           0.0811829 0.1263970 0.1012410 0.0364511 0.0337596 0.1233690 0.0924529 0.0900438 0.0417629 0.1426575 0.0974365 0.1149826 0.1255666 0.0938040 0.0792833 0.1207000 0.1237746 0.1051362 0.1437806 0.0000000 0.1216110 0.1621807 0.1999213 0.1258752 0.0556000 0.0946651 0.0937777 0.0136539 0.1073430 0.1637728 0.0944642 0.0941365 0.1369553 0.1264640 0.1420157 
Pseudochiridae_Pseudochirulus_forbesi        0.0989013 0.1413560 0.1216856 0.1213582 0.1224969 0.1387740 0.1143993 0.1025412 0.1266384 0.1661065 0.1092389 0.1382738 0.1424592 0.1052831 0.0913667 0.1382881 0.1364710 0.1331381 0.1665062 0.1216110 0.0000000 0.1801664 0.2059927 0.1479623 0.1166542 0.1234519 0.0547885 0.1147534 0.0303725 0.1418593 0.0986699 0.1071926 0.1610668 0.1383597 0.1644288 
Didelphidae_Didelphis_virginiana             0.1469441 0.1845651 0.1505232 0.1716400 0.1674624 0.1578048 0.1593757 0.1576267 0.1748403 0.1740691 0.1605595 0.1543347 0.1666683 0.1516175 0.1474033 0.1546424 0.1641463 0.1534522 0.1742567 0.1621807 0.1801664 0.0000000 0.0674578 0.1554959 0.1582322 0.1410600 0.1669490 0.1638161 0.1715363 0.2018212 0.1698099 0.1544441 0.1820043 0.1589845 0.1712725 
Marmosidae_Monodelphis_domestica             0.1888984 0.2222982 0.1902315 0.2154437 0.2140592 0.2024196 0.1952670 0.1894037 0.2179754 0.2167243 0.1977917 0.1950458 0.2028462 0.1882457 0.1733375 0.1952403 0.2087945 0.1924240 0.2154253 0.1999213 0.2059927 0.0674578 0.0000000 0.2056072 0.1902410 0.1933115 0.1961194 0.1994318 0.1940576 0.2033966 0.2002220 0.1898687 0.2242779 0.2111026 0.2126791 
Dasyuridae_Antechinus_stuartii               0.1027685 0.1231175 0.1057932 0.1288909 0.1255195 0.0326455 0.1141163 0.1124706 0.1245253 0.1361239 0.1196169 0.0176015 0.0480409 0.1110582 0.1074670 0.0194548 0.0360076 0.0427560 0.1330786 0.1258752 0.1479623 0.1554959 0.2056072 0.0000000 0.1186375 0.0979851 0.1265838 0.1248836 0.1370868 0.1877119 0.1165493 0.1106618 0.1350570 0.0329141 0.1358488 
Hypsiprymnodontidae_Hypsiprymnodon_moschatus 0.0813773 0.1249392 0.1027139 0.0607157 0.0605003 0.1229041 0.0949599 0.0900979 0.0638494 0.1460880 0.0914489 0.1152441 0.1271667 0.0962924 0.0763810 0.1210606 0.1242535 0.1152786 0.1437889 0.0556000 0.1166542 0.1582322 0.1902410 0.1186375 0.0000000 0.0908485 0.0897343 0.0518094 0.0977608 0.1441381 0.0967269 0.0981915 0.1352694 0.1194013 0.1471181 
Microbiotheriidae_Dromiciops_gliroides       0.0762196 0.0984832 0.0834599 0.0943757 0.0962733 0.0911369 0.1025352 0.0991206 0.1030633 0.1213708 0.1005689 0.0883444 0.0965587 0.0978949 0.0828742 0.0883349 0.0931577 0.1049034 0.1155534 0.0946651 0.1234519 0.1410600 0.1933115 0.0979851 0.0908485 0.0000000 0.0941499 0.0925213 0.1072933 0.1578398 0.0852105 0.1007693 0.1182138 0.0941364 0.1215688 
Pseudochiridae_Petauroides_volans            0.0771958 0.1260472 0.1035606 0.0956921 0.0969270 0.1257925 0.0932153 0.0807008 0.0998206 0.1393286 0.0869445 0.1191953 0.1269951 0.0835537 0.0717458 0.1207351 0.1225511 0.1156915 0.1408748 0.0937777 0.0547885 0.1669490 0.1961194 0.1265838 0.0897343 0.0941499 0.0000000 0.0896984 0.0480962 0.1164303 0.0827653 0.0841313 0.1336542 0.1219679 0.1392442 
Macropodidae_Wallabia_bicolor                0.0820904 0.1272613 0.1011879 0.0362069 0.0329096 0.1224819 0.0910901 0.0916281 0.0407446 0.1422372 0.0947824 0.1134795 0.1270803 0.0932224 0.0764349 0.1191452 0.1214665 0.1083041 0.1421597 0.0136539 0.1147534 0.1638161 0.1994318 0.1248836 0.0518094 0.0925213 0.0896984 0.0000000 0.1009431 0.1599611 0.0930445 0.0935548 0.1357826 0.1238159 0.1432497 
Pseudochiridae_Pseudocheirus_occidentalis    0.0875494 0.1307062 0.1055906 0.1049227 0.1068661 0.1310925 0.0995591 0.0915158 0.1082201 0.1562559 0.0969923 0.1271885 0.1354521 0.0951893 0.0779444 0.1303405 0.1287764 0.1230819 0.1565478 0.1073430 0.0303725 0.1715363 0.1940576 0.1370868 0.0977608 0.1072933 0.0480962 0.1009431 0.0000000 0.1301199 0.0886046 0.0986221 0.1459068 0.1311620 0.1572470 
Tarsipedidae_Tarsipes_rostratus              0.1348079 0.1949642 0.1581815 0.1542104 0.1590348 0.1789567 0.1403930 0.1363943 0.1612874 0.1912360 0.1451836 0.1751152 0.1720970 0.1411598 0.1247286 0.1787749 0.1826944 0.1614466 0.1885504 0.1637728 0.1418593 0.2018212 0.2033966 0.1877119 0.1441381 0.1578398 0.1164303 0.1599611 0.1301199 0.0000000 0.1360163 0.1435875 0.1917073 0.1794391 0.1892243 
Acrobatidae_Distoechurus_pennatus            0.0831070 0.1280418 0.0970606 0.0958714 0.0969536 0.1223176 0.0892924 0.0858197 0.1077820 0.1455530 0.0918585 0.1188572 0.1318779 0.0873847 0.0362814 0.1197631 0.1232427 0.1225547 0.1461987 0.0944642 0.0986699 0.1698099 0.2002220 0.1165493 0.0967269 0.0852105 0.0827653 0.0930445 0.0886046 0.1360163 0.0000000 0.0862899 0.1368533 0.1183213 0.1465054 
Phalangeridae_Phalanger_carmelitae           0.0691105 0.1115406 0.0983419 0.0963970 0.0952316 0.1163404 0.0379061 0.0102893 0.1011506 0.1374455 0.0181058 0.1102152 0.1246770 0.0038938 0.0779123 0.1128703 0.1169320 0.1098198 0.1439114 0.0941365 0.1071926 0.1544441 0.1898687 0.1106618 0.0981915 0.1007693 0.0841313 0.0935548 0.0986221 0.1435875 0.0862899 0.0000000 0.1320028 0.1100617 0.1374927 
Peramelidae_Peroryctes_raffrayana            0.1177572 0.1431158 0.1278830 0.1415277 0.1391596 0.1317865 0.1330277 0.1363112 0.1434786 0.0260684 0.1359912 0.1233125 0.1332109 0.1320161 0.1216513 0.1250044 0.1301952 0.1166011 0.0229576 0.1369553 0.1610668 0.1820043 0.2242779 0.1350570 0.1352694 0.1182138 0.1336542 0.1357826 0.1459068 0.1917073 0.1368533 0.1320028 0.0000000 0.1325637 0.0267841 
Dasyuridae_Dasyurus_geffroii                 0.1021727 0.1275355 0.1036313 0.1297362 0.1280485 0.0058026 0.1107220 0.1101476 0.1290459 0.1360937 0.1150860 0.0259809 0.0460530 0.1104590 0.1076984 0.0292342 0.0135799 0.0419341 0.1359775 0.1264640 0.1383597 0.1589845 0.2111026 0.0329141 0.1194013 0.0941364 0.1219679 0.1238159 0.1311620 0.1794391 0.1183213 0.1100617 0.1325637 0.0000000 0.1361432 
Peramelidae_Perameles_gunnii                 0.1238069 0.1486428 0.1354134 0.1507594 0.1472340 0.1372332 0.1357008 0.1330394 0.1542333 0.0022001 0.1338348 0.1310700 0.1406441 0.1364387 0.1330020 0.1313096 0.1365025 0.1206791 0.0253886 0.1420157 0.1644288 0.1712725 0.2126791 0.1358488 0.1471181 0.1215688 0.1392442 0.1432497 0.1572470 0.1892243 0.1465054 0.1374927 0.0267841 0.1361432 0.0000000 
