35
Burramyidae_Burramys_parvus                  0.0000000 0.0680886 0.0861101 0.0723760 0.0710996 0.1017982 0.0406588 0.0664413 0.0506673 0.0653355 0.0994704 0.0992268 0.0701889 0.0732408 0.0999569 0.1016853 0.0973140 0.0776165 0.0838246 0.0902325 0.1049775 0.1081103 0.0967240 0.0780923 0.0945644 0.0839253 0.0874333 0.0551285 0.0743458 0.0794993 0.0750039 0.1018581 0.0727443 0.0688377 0.0714773 
Notoryctidae_Notoryctes_typhlops             0.0680886 0.0000000 0.1004806 0.0855119 0.0854940 0.1066242 0.0611163 0.0841640 0.0623089 0.0827641 0.1009755 0.1071480 0.0867772 0.0884354 0.1012527 0.1062550 0.1020973 0.0797439 0.0947788 0.0975434 0.1130781 0.1042647 0.0988404 0.0955375 0.0949752 0.0879949 0.0972159 0.0646891 0.0988721 0.0976178 0.0907010 0.1058306 0.0706540 0.0785775 0.0695128 
Vombatidae_Lasiorhinus_latifrons             0.0861101 0.1004806 0.0000000 0.0473213 0.0472418 0.0726316 0.0748638 0.0434078 0.0748356 0.0477926 0.0659594 0.0663079 0.0472878 0.0530147 0.0664407 0.0725608 0.0666477 0.1108427 0.0579128 0.0674019 0.0762388 0.0692708 0.0622395 0.0466096 0.0539848 0.0511172 0.0607674 0.0809413 0.1060242 0.0612376 0.0516766 0.0695237 0.1071212 0.1063525 0.1058248 
Potoroidae_Bettongia_penicillata             0.0723760 0.0855119 0.0473213 0.0000000 0.0043457 0.0704033 0.0580297 0.0302095 0.0260206 0.0354547 0.0626097 0.0652408 0.0353000 0.0404142 0.0630733 0.0720859 0.0580516 0.0970480 0.0198963 0.0552026 0.0714133 0.0668703 0.0621639 0.0170470 0.0550435 0.0433382 0.0217629 0.0650755 0.0896191 0.0483608 0.0388034 0.0686255 0.0952777 0.0937646 0.0939097 
Potoroidae_Bettongia_lesueur                 0.0710996 0.0854940 0.0472418 0.0043457 0.0000000 0.0697540 0.0596980 0.0316672 0.0270042 0.0365387 0.0624977 0.0645059 0.0362976 0.0429293 0.0629607 0.0720244 0.0573544 0.0999033 0.0189285 0.0540467 0.0706893 0.0667825 0.0614724 0.0148151 0.0538181 0.0422451 0.0198403 0.0638881 0.0875816 0.0509157 0.0403243 0.0679819 0.0960427 0.0939433 0.0940876 
Dasyuridae_Dasyurus_maculatus                0.1017982 0.1066242 0.0726316 0.0704033 0.0697540 0.0000000 0.0946246 0.0644352 0.0941316 0.0678861 0.0204259 0.0273301 0.0696524 0.0746178 0.0180906 0.0074971 0.0298949 0.1133084 0.0815159 0.0891714 0.0846127 0.0801264 0.0183781 0.0758808 0.0696549 0.0723929 0.0833087 0.0993083 0.1146112 0.0723420 0.0725832 0.0061559 0.1133177 0.1170730 0.1111756 
Phalangeridae_Trichosurus_vulpecula          0.0406588 0.0611163 0.0748638 0.0580297 0.0596980 0.0946246 0.0000000 0.0351732 0.0407553 0.0349109 0.0903640 0.0936237 0.0373498 0.0612391 0.0908430 0.0950115 0.0911572 0.0674976 0.0669037 0.0737115 0.0937622 0.0874235 0.0890751 0.0683701 0.0830975 0.0638013 0.0715455 0.0440649 0.0667334 0.0706210 0.0409568 0.0946843 0.0694759 0.0650469 0.0675931 
Phalangeridae_Spilocuscus_maculatus          0.0664413 0.0841640 0.0434078 0.0302095 0.0316672 0.0644352 0.0351732 0.0000000 0.0542464 0.0087862 0.0580077 0.0622908 0.0079313 0.0343466 0.0584691 0.0654998 0.0582712 0.0949796 0.0399041 0.0492464 0.0636563 0.0604385 0.0573711 0.0321585 0.0487773 0.0335961 0.0440396 0.0599894 0.0858785 0.0410433 0.0115254 0.0627035 0.0969300 0.0922243 0.0941007 
Potoroidae_Aepyprymnus_rufescens             0.0506673 0.0623089 0.0748356 0.0260206 0.0270042 0.0941316 0.0407553 0.0542464 0.0000000 0.0557049 0.0872191 0.0916354 0.0588540 0.0651422 0.0876980 0.0940349 0.0813378 0.0742651 0.0420465 0.0780193 0.0936898 0.0917190 0.0865520 0.0419245 0.0809390 0.0668365 0.0441061 0.0446529 0.0728859 0.0747025 0.0628520 0.0921475 0.0691382 0.0688837 0.0679172 
Phalangeridae_Strigocuscus_pelengensis       0.0653355 0.0827641 0.0477926 0.0354547 0.0365387 0.0678861 0.0349109 0.0087862 0.0557049 0.0000000 0.0611011 0.0644779 0.0092830 0.0372486 0.0617086 0.0678781 0.0614254 0.0937963 0.0458565 0.0537916 0.0663476 0.0626274 0.0609434 0.0386466 0.0550517 0.0392428 0.0502077 0.0616177 0.0843328 0.0427723 0.0116633 0.0654420 0.0922432 0.0919017 0.0908367 
Dasyuridae_Phascogale_tapoatafa              0.0994704 0.1009755 0.0659594 0.0626097 0.0624977 0.0204259 0.0903640 0.0580077 0.0872191 0.0611011 0.0000000 0.0219285 0.0648865 0.0679702 0.0034797 0.0194467 0.0211115 0.1089409 0.0709561 0.0851597 0.0754867 0.0726537 0.0085169 0.0699018 0.0645890 0.0667276 0.0739335 0.0956137 0.1145022 0.0680293 0.0687939 0.0199501 0.1084456 0.1113724 0.1055013 
Dasyuridae_Sminthopsis_macroura              0.0992268 0.1071480 0.0663079 0.0652408 0.0645059 0.0273301 0.0936237 0.0622908 0.0916354 0.0644779 0.0219285 0.0000000 0.0663184 0.0687520 0.0219233 0.0282710 0.0181029 0.1192186 0.0755036 0.0854653 0.0771870 0.0723966 0.0228263 0.0652626 0.0666740 0.0670635 0.0779857 0.0961443 0.1079154 0.0675494 0.0702624 0.0263543 0.1177064 0.1206663 0.1156437 
Phalangeridae_Phalanger_orientalis           0.0701889 0.0867772 0.0472878 0.0353000 0.0362976 0.0696524 0.0373498 0.0079313 0.0588540 0.0092830 0.0648865 0.0663184 0.0000000 0.0364648 0.0654763 0.0709077 0.0641150 0.0995875 0.0446370 0.0516200 0.0683387 0.0646615 0.0626712 0.0369711 0.0532586 0.0373454 0.0489257 0.0629881 0.0866601 0.0447513 0.0048246 0.0678860 0.1006086 0.0989945 0.0993591 
Acrobatidae_Acrobates_pygmaeus               0.0732408 0.0884354 0.0530147 0.0404142 0.0429293 0.0746178 0.0612391 0.0343466 0.0651422 0.0372486 0.0679702 0.0687520 0.0364648 0.0000000 0.0683080 0.0762333 0.0636041 0.0975797 0.0491394 0.0509772 0.0712343 0.0681488 0.0662234 0.0387540 0.0636067 0.0369214 0.0528561 0.0600779 0.0858286 0.0297410 0.0400335 0.0733351 0.0941824 0.0959829 0.0930182 
Dasyuridae_Phascogale_calura                 0.0999569 0.1012527 0.0664407 0.0630733 0.0629607 0.0180906 0.0908430 0.0584691 0.0876980 0.0617086 0.0034797 0.0219233 0.0654763 0.0683080 0.0000000 0.0166234 0.0211253 0.1086262 0.0720892 0.0849414 0.0740747 0.0730540 0.0071405 0.0699607 0.0640558 0.0667281 0.0756158 0.0947623 0.1165064 0.0684956 0.0693259 0.0171307 0.1080914 0.1110029 0.1051584 
Dasyuridae_Sarcophilus_harrisii              0.1016853 0.1062550 0.0725608 0.0720859 0.0720244 0.0074971 0.0950115 0.0654998 0.0940349 0.0678781 0.0194467 0.0282710 0.0709077 0.0762333 0.0166234 0.0000000 0.0293755 0.1123988 0.0840140 0.0915610 0.0843071 0.0799624 0.0169082 0.0781378 0.0715396 0.0730503 0.0858224 0.0983799 0.1153104 0.0746378 0.0748316 0.0065944 0.1104370 0.1116463 0.1074706 
Dasyuridae_Planigale_tenuirostris            0.0973140 0.1020973 0.0666477 0.0580516 0.0573544 0.0298949 0.0911572 0.0582712 0.0813378 0.0614254 0.0211115 0.0181029 0.0641150 0.0636041 0.0211253 0.0293755 0.0000000 0.1180458 0.0691322 0.0850197 0.0753013 0.0681607 0.0235351 0.0638308 0.0603481 0.0645116 0.0704213 0.0939806 0.1123856 0.0662069 0.0665227 0.0283140 0.1169471 0.1201686 0.1143184 
Peramelidae_Echymipera_kalubu                0.0776165 0.0797439 0.1108427 0.0970480 0.0999033 0.1133084 0.0674976 0.0949796 0.0742651 0.0937963 0.1089409 0.1192186 0.0995875 0.0975797 0.1086262 0.1123988 0.1180458 0.0000000 0.1138108 0.1157310 0.1137980 0.1053508 0.1104557 0.1133908 0.1019294 0.0997197 0.1185870 0.0766304 0.1007916 0.0994218 0.1052753 0.1140338 0.0195573 0.0169173 0.0179387 
Macropodidae_Dorcopsulus_vanheurni           0.0838246 0.0947788 0.0579128 0.0198963 0.0189285 0.0815159 0.0669037 0.0399041 0.0420465 0.0458565 0.0709561 0.0755036 0.0446370 0.0491394 0.0720892 0.0840140 0.0691322 0.1138108 0.0000000 0.0650270 0.0786832 0.0732617 0.0711830 0.0284559 0.0656922 0.0513517 0.0075042 0.0756875 0.0958037 0.0584175 0.0482749 0.0790664 0.1118580 0.1111016 0.1097331 
Pseudochiridae_Pseudochirulus_forbesi        0.0902325 0.0975434 0.0674019 0.0552026 0.0540467 0.0891714 0.0737115 0.0492464 0.0780193 0.0537916 0.0851597 0.0854653 0.0516200 0.0509772 0.0849414 0.0915610 0.0850197 0.1157310 0.0650270 0.0000000 0.0887496 0.0845633 0.0830663 0.0579420 0.0723484 0.0364940 0.0684062 0.0498180 0.0893812 0.0593756 0.0558711 0.0885689 0.1181154 0.1112948 0.1160586 
Didelphidae_Didelphis_virginiana             0.1049775 0.1130781 0.0762388 0.0714133 0.0706893 0.0846127 0.0937622 0.0636563 0.0936898 0.0663476 0.0754867 0.0771870 0.0683387 0.0712343 0.0740747 0.0843071 0.0753013 0.1137980 0.0786832 0.0887496 0.0000000 0.0296273 0.0773998 0.0745549 0.0699100 0.0734483 0.0823619 0.0980464 0.1156848 0.0738262 0.0743565 0.0825583 0.1127663 0.1128190 0.1130246 
Marmosidae_Monodelphis_domestica             0.1081103 0.1042647 0.0692708 0.0668703 0.0667825 0.0801264 0.0874235 0.0604385 0.0917190 0.0626274 0.0726537 0.0723966 0.0646615 0.0681488 0.0730540 0.0799624 0.0681607 0.1053508 0.0732617 0.0845633 0.0296273 0.0000000 0.0734727 0.0691068 0.0669652 0.0680943 0.0767408 0.0949889 0.1151115 0.0746368 0.0686142 0.0781424 0.1056055 0.1062093 0.1052070 
Dasyuridae_Antechinus_stuartii               0.0967240 0.0988404 0.0622395 0.0621639 0.0614724 0.0183781 0.0890751 0.0573711 0.0865520 0.0609434 0.0085169 0.0228263 0.0626712 0.0662234 0.0071405 0.0169082 0.0235351 0.1104557 0.0711830 0.0830663 0.0773998 0.0734727 0.0000000 0.0694371 0.0621627 0.0655860 0.0752934 0.0915151 0.1138145 0.0676350 0.0660638 0.0164504 0.1059415 0.1111487 0.1038315 
Hypsiprymnodontidae_Hypsiprymnodon_moschatus 0.0780923 0.0955375 0.0466096 0.0170470 0.0148151 0.0758808 0.0683701 0.0321585 0.0419245 0.0386466 0.0699018 0.0652626 0.0369711 0.0387540 0.0699607 0.0781378 0.0638308 0.1133908 0.0284559 0.0579420 0.0745549 0.0691068 0.0694371 0.0000000 0.0521407 0.0459788 0.0301846 0.0715690 0.0980306 0.0494593 0.0406019 0.0729767 0.1106652 0.1074648 0.1080303 
Microbiotheriidae_Dromiciops_gliroides       0.0945644 0.0949752 0.0539848 0.0550435 0.0538181 0.0696549 0.0830975 0.0487773 0.0809390 0.0550517 0.0645890 0.0666740 0.0532586 0.0636067 0.0640558 0.0715396 0.0603481 0.1019294 0.0656922 0.0723484 0.0699100 0.0669652 0.0621627 0.0521407 0.0000000 0.0552290 0.0675519 0.0860623 0.1097787 0.0666101 0.0573710 0.0690713 0.0987044 0.0994506 0.0963068 
Pseudochiridae_Petauroides_volans            0.0839253 0.0879949 0.0511172 0.0433382 0.0422451 0.0723929 0.0638013 0.0335961 0.0668365 0.0392428 0.0667276 0.0670635 0.0373454 0.0369214 0.0667281 0.0730503 0.0645116 0.0997197 0.0513517 0.0364940 0.0734483 0.0680943 0.0655860 0.0459788 0.0552290 0.0000000 0.0542358 0.0490808 0.0799203 0.0440832 0.0405558 0.0692466 0.0972356 0.0924521 0.0965134 
Macropodidae_Wallabia_bicolor                0.0874333 0.0972159 0.0607674 0.0217629 0.0198403 0.0833087 0.0715455 0.0440396 0.0441061 0.0502077 0.0739335 0.0779857 0.0489257 0.0528561 0.0756158 0.0858224 0.0704213 0.1185870 0.0075042 0.0684062 0.0823619 0.0767408 0.0752934 0.0301846 0.0675519 0.0542358 0.0000000 0.0792525 0.0981587 0.0605524 0.0514003 0.0808450 0.1163255 0.1173537 0.1141889 
Pseudochiridae_Pseudocheirus_occidentalis    0.0551285 0.0646891 0.0809413 0.0650755 0.0638881 0.0993083 0.0440649 0.0599894 0.0446529 0.0616177 0.0956137 0.0961443 0.0629881 0.0600779 0.0947623 0.0983799 0.0939806 0.0766304 0.0756875 0.0498180 0.0980464 0.0949889 0.0915151 0.0715690 0.0860623 0.0490808 0.0792525 0.0000000 0.0559692 0.0700997 0.0670347 0.0972793 0.0724712 0.0670129 0.0711512 
Tarsipedidae_Tarsipes_rostratus              0.0743458 0.0988721 0.1060242 0.0896191 0.0875816 0.1146112 0.0667334 0.0858785 0.0728859 0.0843328 0.1145022 0.1079154 0.0866601 0.0858286 0.1165064 0.1153104 0.1123856 0.1007916 0.0958037 0.0893812 0.1156848 0.1151115 0.1138145 0.0980306 0.1097787 0.0799203 0.0981587 0.0559692 0.0000000 0.0871877 0.0932954 0.1140344 0.0956394 0.0952232 0.0959775 
Acrobatidae_Distoechurus_pennatus            0.0794993 0.0976178 0.0612376 0.0483608 0.0509157 0.0723420 0.0706210 0.0410433 0.0747025 0.0427723 0.0680293 0.0675494 0.0447513 0.0297410 0.0684956 0.0746378 0.0662069 0.0994218 0.0584175 0.0593756 0.0738262 0.0746368 0.0676350 0.0494593 0.0666101 0.0440832 0.0605524 0.0700997 0.0871877 0.0000000 0.0484031 0.0723815 0.0937910 0.0964128 0.0918436 
Phalangeridae_Phalanger_carmelitae           0.0750039 0.0907010 0.0516766 0.0388034 0.0403243 0.0725832 0.0409568 0.0115254 0.0628520 0.0116633 0.0687939 0.0702624 0.0048246 0.0400335 0.0693259 0.0748316 0.0665227 0.1052753 0.0482749 0.0558711 0.0743565 0.0686142 0.0660638 0.0406019 0.0573710 0.0405558 0.0514003 0.0670347 0.0932954 0.0484031 0.0000000 0.0713529 0.1079258 0.1047242 0.1049329 
Dasyuridae_Dasyurus_geffroii                 0.1018581 0.1058306 0.0695237 0.0686255 0.0679819 0.0061559 0.0946843 0.0627035 0.0921475 0.0654420 0.0199501 0.0263543 0.0678860 0.0733351 0.0171307 0.0065944 0.0283140 0.1140338 0.0790664 0.0885689 0.0825583 0.0781424 0.0164504 0.0729767 0.0690713 0.0692466 0.0808450 0.0972793 0.1140344 0.0723815 0.0713529 0.0000000 0.1105954 0.1142886 0.1084692 
Peramelidae_Perameles_nasuta                 0.0727443 0.0706540 0.1071212 0.0952777 0.0960427 0.1133177 0.0694759 0.0969300 0.0691382 0.0922432 0.1084456 0.1177064 0.1006086 0.0941824 0.1080914 0.1104370 0.1169471 0.0195573 0.1118580 0.1181154 0.1127663 0.1056055 0.1059415 0.1106652 0.0987044 0.0972356 0.1163255 0.0724712 0.0956394 0.0937910 0.1079258 0.1105954 0.0000000 0.0243735 0.0010447 
Peramelidae_Peroryctes_raffrayana            0.0688377 0.0785775 0.1063525 0.0937646 0.0939433 0.1170730 0.0650469 0.0922243 0.0688837 0.0919017 0.1113724 0.1206663 0.0989945 0.0959829 0.1110029 0.1116463 0.1201686 0.0169173 0.1111016 0.1112948 0.1128190 0.1062093 0.1111487 0.1074648 0.0994506 0.0924521 0.1173537 0.0670129 0.0952232 0.0964128 0.1047242 0.1142886 0.0243735 0.0000000 0.0232039 
Peramelidae_Perameles_gunnii                 0.0714773 0.0695128 0.1058248 0.0939097 0.0940876 0.1111756 0.0675931 0.0941007 0.0679172 0.0908367 0.1055013 0.1156437 0.0993591 0.0930182 0.1051584 0.1074706 0.1143184 0.0179387 0.1097331 0.1160586 0.1130246 0.1052070 0.1038315 0.1080303 0.0963068 0.0965134 0.1141889 0.0711512 0.0959775 0.0918436 0.1049329 0.1084692 0.0010447 0.0232039 0.0000000 
