35
Burramyidae_Burramys_parvus                  0.0000000 0.1761396 0.0931804 0.1462261 0.1300806 0.1408549 0.0662138 0.0705917 0.1521868 0.1632792 0.1545995 0.1398272 0.0743136 0.1090834 0.1515206 0.1371497 0.1188580 0.1860952 0.1437305 0.1017519 0.1744080 0.1468410 0.1650245 0.1470213 0.0904583 0.1570728 0.0999310 0.1512236 0.0984492 0.0792805 0.1549254 0.1344174 0.1712453 0.0204790 0.0526519 
Notoryctidae_Notoryctes_typhlops             0.1761396 0.0000000 0.1676376 0.2520094 0.2425497 0.1790413 0.1599770 0.1762117 0.2461477 0.1974622 0.2038533 0.1904497 0.1694755 0.1589419 0.1986462 0.1859036 0.1890912 0.2179981 0.2231284 0.1906712 0.1959732 0.2008678 0.2547284 0.1898714 0.1811644 0.2446291 0.1619939 0.1924291 0.1708764 0.1765507 0.2054300 0.1818490 0.2078939 0.1213909 0.1476648 
Vombatidae_Lasiorhinus_latifrons             0.0931804 0.1676376 0.0000000 0.1604161 0.1363328 0.1289330 0.0676431 0.0825362 0.1541707 0.1547584 0.1390551 0.1218480 0.0823622 0.1070792 0.1374283 0.1319825 0.1092473 0.1706202 0.1284207 0.1038066 0.1557732 0.1316119 0.1463802 0.1291797 0.0901523 0.1484118 0.0977095 0.1408735 0.0976855 0.0871435 0.1481258 0.1271469 0.1660109 0.0337637 0.0677285 
Potoroidae_Bettongia_penicillata             0.1462261 0.2520094 0.1604161 0.0000000 0.0123831 0.2212637 0.1283192 0.1434807 0.0366124 0.2327941 0.2294079 0.2148606 0.1485171 0.1164088 0.2270705 0.2235827 0.2132011 0.2410390 0.0386370 0.1480235 0.2180304 0.2252633 0.1319842 0.2237470 0.1479471 0.0610279 0.1572835 0.2087213 0.1531417 0.1534512 0.2275883 0.2104356 0.2321736 0.0524087 0.0815596 
Potoroidae_Bettongia_lesueur                 0.1300806 0.2425497 0.1363328 0.0123831 0.0000000 0.1997307 0.1091162 0.1242862 0.0395703 0.2109825 0.2111163 0.1962426 0.1291870 0.1077724 0.2063778 0.2040131 0.1917812 0.2201318 0.0366022 0.1318035 0.2013212 0.2050146 0.1107734 0.2072475 0.1251851 0.0619295 0.1401178 0.1787058 0.1281820 0.1355905 0.2125205 0.1916090 0.2109661 0.0401712 0.0674638 
Dasyuridae_Dasyurus_maculatus                0.1408549 0.1790413 0.1289330 0.2212637 0.1997307 0.0000000 0.1362719 0.1346856 0.2272575 0.1746426 0.0319650 0.0434421 0.1428518 0.1679535 0.0294056 0.0109524 0.0311645 0.2000285 0.2049774 0.1526411 0.1811384 0.0239607 0.2367168 0.1591698 0.1431171 0.2320909 0.1289255 0.1886965 0.1528794 0.1494098 0.1800330 0.0081772 0.1745537 0.0711532 0.0551345 
Phalangeridae_Trichosurus_vulpecula          0.0662138 0.1599770 0.0676431 0.1283192 0.1091162 0.1362719 0.0000000 0.0236265 0.1284944 0.1451626 0.1508973 0.1335118 0.0257692 0.0878911 0.1458992 0.1354676 0.1084105 0.1604000 0.1236125 0.0850475 0.1670964 0.1370536 0.1376023 0.1406412 0.0807812 0.1365578 0.0816832 0.1277562 0.0828623 0.0271453 0.1419528 0.1277868 0.1464026 0.0130833 0.0678646 
Phalangeridae_Spilocuscus_maculatus          0.0705917 0.1762117 0.0825362 0.1434807 0.1242862 0.1346856 0.0236265 0.0000000 0.1494695 0.1602744 0.1555920 0.1434180 0.0138386 0.1031723 0.1514924 0.1384919 0.1250082 0.1769897 0.1417097 0.0895543 0.1777501 0.1410097 0.1503795 0.1572161 0.0867179 0.1561918 0.0871687 0.1338594 0.0908095 0.0179297 0.1600648 0.1281602 0.1638576 0.0039134 0.0558050 
Potoroidae_Aepyprymnus_rufescens             0.1521868 0.2461477 0.1541707 0.0366124 0.0395703 0.2272575 0.1284944 0.1494695 0.0000000 0.2280374 0.2378944 0.2150429 0.1511601 0.1155012 0.2350527 0.2324972 0.2172228 0.2433536 0.0423753 0.1548979 0.2157634 0.2327430 0.1220171 0.2340691 0.1411431 0.0439192 0.1582612 0.2129229 0.1431478 0.1552511 0.2328856 0.2238184 0.2245556 0.0563684 0.0890683 
Peramelidae_Perameles_nasuta                 0.1632792 0.1974622 0.1547584 0.2327941 0.2109825 0.1746426 0.1451626 0.1602744 0.2280374 0.0000000 0.1955681 0.1782908 0.1623296 0.1807706 0.1915315 0.1806214 0.1681085 0.0219230 0.2124234 0.1880982 0.2099558 0.1899678 0.2434560 0.1914769 0.1709244 0.2359310 0.1771141 0.2350116 0.1644160 0.1666434 0.0140447 0.1733188 0.0000010 0.0370166 0.0488697 
Dasyuridae_Phascogale_tapoatafa              0.1545995 0.2038533 0.1390551 0.2294079 0.2111163 0.0319650 0.1508973 0.1555920 0.2378944 0.1955681 0.0000000 0.0515210 0.1620165 0.1911939 0.0062143 0.0286357 0.0448543 0.2182134 0.2172049 0.1779175 0.2039574 0.0144853 0.2475777 0.1766060 0.1703647 0.2398086 0.1548253 0.2050167 0.1719078 0.1696383 0.1955416 0.0273535 0.1926088 0.0926932 0.0636292 
Dasyuridae_Sminthopsis_macroura              0.1398272 0.1904497 0.1218480 0.2148606 0.1962426 0.0434421 0.1335118 0.1434180 0.2150429 0.1782908 0.0515210 0.0000000 0.1447014 0.1747415 0.0491034 0.0463677 0.0261389 0.2019535 0.1972517 0.1501307 0.1697422 0.0427735 0.2228099 0.1658554 0.1474384 0.2166589 0.1268775 0.1958041 0.1470170 0.1521335 0.1852966 0.0406470 0.1789155 0.0673028 0.0465414 
Phalangeridae_Phalanger_orientalis           0.0743136 0.1694755 0.0823622 0.1485171 0.1291870 0.1428518 0.0257692 0.0138386 0.1511601 0.1623296 0.1620165 0.1447014 0.0000000 0.1030238 0.1556685 0.1455617 0.1108884 0.1791064 0.1394197 0.0947867 0.1831335 0.1460991 0.1518795 0.1511842 0.0845953 0.1543893 0.0890537 0.1240728 0.0905713 0.0077390 0.1588589 0.1373469 0.1684178 0.0042783 0.0589035 
Acrobatidae_Acrobates_pygmaeus               0.1090834 0.1589419 0.1070792 0.1164088 0.1077724 0.1679535 0.0878911 0.1031723 0.1155012 0.1807706 0.1911939 0.1747415 0.1030238 0.0000000 0.1824675 0.1730976 0.1695374 0.1905647 0.1090660 0.1000617 0.1708503 0.1786182 0.1650753 0.1674392 0.0861907 0.1277938 0.1046366 0.1366606 0.0400379 0.1040709 0.1777899 0.1627330 0.1865157 0.0273762 0.0543888 
Dasyuridae_Phascogale_calura                 0.1515206 0.1986462 0.1374283 0.2270705 0.2063778 0.0294056 0.1458992 0.1514924 0.2350527 0.1915315 0.0062143 0.0491034 0.1556685 0.1824675 0.0000000 0.0258761 0.0449448 0.2132826 0.2124666 0.1717637 0.2007093 0.0116889 0.2434323 0.1707122 0.1623826 0.2385107 0.1512798 0.2029138 0.1656970 0.1623082 0.1924781 0.0239091 0.1919031 0.0883152 0.0614330 
Dasyuridae_Sarcophilus_harrisii              0.1371497 0.1859036 0.1319825 0.2235827 0.2040131 0.0109524 0.1354676 0.1384919 0.2324972 0.1806214 0.0286357 0.0463677 0.1455617 0.1730976 0.0258761 0.0000000 0.0390027 0.2035058 0.2139253 0.1593672 0.1881832 0.0208236 0.2434452 0.1508662 0.1548098 0.2340672 0.1429229 0.1995580 0.1640697 0.1519768 0.1826815 0.0055017 0.1837109 0.0748887 0.0526079 
Dasyuridae_Planigale_tenuirostris            0.1188580 0.1890912 0.1092473 0.2132011 0.1917812 0.0311645 0.1084105 0.1250082 0.2172228 0.1681085 0.0448543 0.0261389 0.1108884 0.1695374 0.0449448 0.0390027 0.0000000 0.1926346 0.1984620 0.1509391 0.1724373 0.0398477 0.2122948 0.1425487 0.1410554 0.2086050 0.1447087 0.1593576 0.1474176 0.1324244 0.1814152 0.0319920 0.1646298 0.0202729 0.0201025 
Peramelidae_Echymipera_kalubu                0.1860952 0.2179981 0.1706202 0.2410390 0.2201318 0.2000285 0.1604000 0.1769897 0.2433536 0.0219230 0.2182134 0.2019535 0.1791064 0.1905647 0.2132826 0.2035058 0.1926346 0.0000000 0.2224816 0.1933629 0.2065244 0.2154041 0.2408879 0.1961831 0.1859909 0.2514139 0.1843579 0.2336167 0.1790387 0.1807902 0.0224697 0.1965356 0.0182264 0.0658870 0.0697500 
Macropodidae_Dorcopsulus_vanheurni           0.1437305 0.2231284 0.1284207 0.0386370 0.0366022 0.2049774 0.1236125 0.1417097 0.0423753 0.2124234 0.2172049 0.1972517 0.1394197 0.1090660 0.2124666 0.2139253 0.1984620 0.2224816 0.0000000 0.1506048 0.1876624 0.2098123 0.1213375 0.2133367 0.1297336 0.0268077 0.1435046 0.1895147 0.1311981 0.1456663 0.2110707 0.2037981 0.2059009 0.0357895 0.0581716 
Pseudochiridae_Pseudochirulus_forbesi        0.1017519 0.1906712 0.1038066 0.1480235 0.1318035 0.1526411 0.0850475 0.0895543 0.1548979 0.1880982 0.1779175 0.1501307 0.0947867 0.1000617 0.1717637 0.1593672 0.1509391 0.1933629 0.1506048 0.0000000 0.1739470 0.1653097 0.1611684 0.1666700 0.0364194 0.1631172 0.0156619 0.1014208 0.0952564 0.0976084 0.1833481 0.1462585 0.1892659 0.0404965 0.0751779 
Marmosidae_Monodelphis_domestica             0.1744080 0.1959732 0.1557732 0.2180304 0.2013212 0.1811384 0.1670964 0.1777501 0.2157634 0.2099558 0.2039574 0.1697422 0.1831335 0.1708503 0.2007093 0.1881832 0.1724373 0.2065244 0.1876624 0.1739470 0.0000000 0.1991253 0.2389540 0.1869146 0.1553954 0.2130361 0.1618314 0.2007493 0.1712729 0.1780450 0.2022535 0.1800208 0.2064460 0.0728010 0.0181444 
Dasyuridae_Antechinus_stuartii               0.1468410 0.2008678 0.1316119 0.2252633 0.2050146 0.0239607 0.1370536 0.1410097 0.2327430 0.1899678 0.0144853 0.0427735 0.1460991 0.1786182 0.0116889 0.0208236 0.0398477 0.2154041 0.2098123 0.1653097 0.1991253 0.0000000 0.2384447 0.1702955 0.1604664 0.2325744 0.1472039 0.1987326 0.1610333 0.1539912 0.1911832 0.0189145 0.1928086 0.0829369 0.0632821 
Hypsiprymnodontidae_Hypsiprymnodon_moschatus 0.1650245 0.2547284 0.1463802 0.1319842 0.1107734 0.2367168 0.1376023 0.1503795 0.1220171 0.2434560 0.2475777 0.2228099 0.1518795 0.1650753 0.2434323 0.2434452 0.2122948 0.2408879 0.1213375 0.1611684 0.2389540 0.2384447 0.0000000 0.2355575 0.1459263 0.1401349 0.1606916 0.2105415 0.1553204 0.1571987 0.2559454 0.2314749 0.2287362 0.0796084 0.1461188 
Microbiotheriidae_Dromiciops_gliroides       0.1470213 0.1898714 0.1291797 0.2237470 0.2072475 0.1591698 0.1406412 0.1572161 0.2340691 0.1914769 0.1766060 0.1658554 0.1511842 0.1674392 0.1707122 0.1508662 0.1425487 0.1961831 0.2133367 0.1666700 0.1869146 0.1702955 0.2355575 0.0000000 0.1515739 0.2258111 0.1556799 0.2024463 0.1591480 0.1549429 0.1886123 0.1485086 0.1920788 0.0888205 0.0693064 
Pseudochiridae_Petauroides_volans            0.0904583 0.1811644 0.0901523 0.1479471 0.1251851 0.1431171 0.0807812 0.0867179 0.1411431 0.1709244 0.1703647 0.1474384 0.0845953 0.0861907 0.1623826 0.1548098 0.1410554 0.1859909 0.1297336 0.0364194 0.1553954 0.1604664 0.1459263 0.1515739 0.0000000 0.1460224 0.0289274 0.0897495 0.0669285 0.0920456 0.1656579 0.1430708 0.1702675 0.0281545 0.0619352 
Macropodidae_Wallabia_bicolor                0.1570728 0.2446291 0.1484118 0.0610279 0.0619295 0.2320909 0.1365578 0.1561918 0.0439192 0.2359310 0.2398086 0.2166589 0.1543893 0.1277938 0.2385107 0.2340672 0.2086050 0.2514139 0.0268077 0.1631172 0.2130361 0.2325744 0.1401349 0.2258111 0.1460224 0.0000000 0.1558658 0.2064120 0.1549444 0.1597013 0.2342962 0.2282651 0.2333397 0.0657434 0.1030049 
Pseudochiridae_Pseudocheirus_occidentalis    0.0999310 0.1619939 0.0977095 0.1572835 0.1401178 0.1289255 0.0816832 0.0871687 0.1582612 0.1771141 0.1548253 0.1268775 0.0890537 0.1046366 0.1512798 0.1429229 0.1447087 0.1843579 0.1435046 0.0156619 0.1618314 0.1472039 0.1606916 0.1556799 0.0289274 0.1558658 0.0000000 0.0944151 0.0862328 0.0965039 0.1750842 0.1297413 0.1653703 0.0222322 0.0359317 
Tarsipedidae_Tarsipes_rostratus              0.1512236 0.1924291 0.1408735 0.2087213 0.1787058 0.1886965 0.1277562 0.1338594 0.2129229 0.2350116 0.2050167 0.1958041 0.1240728 0.1366606 0.2029138 0.1995580 0.1593576 0.2336167 0.1895147 0.1014208 0.2007493 0.1987326 0.2105415 0.2024463 0.0897495 0.2064120 0.0944151 0.0000000 0.1207736 0.1394628 0.2318185 0.1915790 0.2235066 0.0426639 0.0844634 
Acrobatidae_Distoechurus_pennatus            0.0984492 0.1708764 0.0976855 0.1531417 0.1281820 0.1528794 0.0828623 0.0908095 0.1431478 0.1644160 0.1719078 0.1470170 0.0905713 0.0400379 0.1656970 0.1640697 0.1474176 0.1790387 0.1311981 0.0952564 0.1712729 0.1610333 0.1553204 0.1591480 0.0669285 0.1549444 0.0862328 0.1207736 0.0000000 0.0959769 0.1591884 0.1538848 0.1675371 0.0300089 0.0614785 
Phalangeridae_Phalanger_carmelitae           0.0792805 0.1765507 0.0871435 0.1534512 0.1355905 0.1494098 0.0271453 0.0179297 0.1552511 0.1666434 0.1696383 0.1521335 0.0077390 0.1040709 0.1623082 0.1519768 0.1324244 0.1807902 0.1456663 0.0976084 0.1780450 0.1539912 0.1571987 0.1549429 0.0920456 0.1597013 0.0965039 0.1394628 0.0959769 0.0000000 0.1606420 0.1429021 0.1735430 0.0089340 0.0718918 
Peramelidae_Peroryctes_raffrayana            0.1549254 0.2054300 0.1481258 0.2275883 0.2125205 0.1800330 0.1419528 0.1600648 0.2328856 0.0140447 0.1955416 0.1852966 0.1588589 0.1777899 0.1924781 0.1826815 0.1814152 0.0224697 0.2110707 0.1833481 0.2022535 0.1911832 0.2559454 0.1886123 0.1656579 0.2342962 0.1750842 0.2318185 0.1591884 0.1606420 0.0000000 0.1773509 0.0132315 0.0194534 0.0258530 
Dasyuridae_Dasyurus_geffroii                 0.1344174 0.1818490 0.1271469 0.2104356 0.1916090 0.0081772 0.1277868 0.1281602 0.2238184 0.1733188 0.0273535 0.0406470 0.1373469 0.1627330 0.0239091 0.0055017 0.0319920 0.1965356 0.2037981 0.1462585 0.1800208 0.0189145 0.2314749 0.1485086 0.1430708 0.2282651 0.1297413 0.1915790 0.1538848 0.1429021 0.1773509 0.0000000 0.1783458 0.0758981 0.0518121 
Peramelidae_Perameles_gunnii                 0.1712453 0.2078939 0.1660109 0.2321736 0.2109661 0.1745537 0.1464026 0.1638576 0.2245556 0.0000010 0.1926088 0.1789155 0.1684178 0.1865157 0.1919031 0.1837109 0.1646298 0.0182264 0.2059009 0.1892659 0.2064460 0.1928086 0.2287362 0.1920788 0.1702675 0.2333397 0.1653703 0.2235066 0.1675371 0.1735430 0.0132315 0.1783458 0.0000000 0.0625689 0.0673418 
Phalangeridae_Strigocuscus_pelengensis       0.0204790 0.1213909 0.0337637 0.0524087 0.0401712 0.0711532 0.0130833 0.0039134 0.0563684 0.0370166 0.0926932 0.0673028 0.0042783 0.0273762 0.0883152 0.0748887 0.0202729 0.0658870 0.0357895 0.0404965 0.0728010 0.0829369 0.0796084 0.0888205 0.0281545 0.0657434 0.0222322 0.0426639 0.0300089 0.0089340 0.0194534 0.0758981 0.0625689 0.0000000 0.0515291 
Didelphidae_Didelphis_virginiana             0.0526519 0.1476648 0.0677285 0.0815596 0.0674638 0.0551345 0.0678646 0.0558050 0.0890683 0.0488697 0.0636292 0.0465414 0.0589035 0.0543888 0.0614330 0.0526079 0.0201025 0.0697500 0.0581716 0.0751779 0.0181444 0.0632821 0.1461188 0.0693064 0.0619352 0.1030049 0.0359317 0.0844634 0.0614785 0.0718918 0.0258530 0.0518121 0.0673418 0.0515291 0.0000000 
