35
Burramyidae_Burramys_parvus                  0.0000000 0.0988021 0.0661746 0.0767673 0.0786084 0.1072762 0.0577936 0.0642311 0.0769629 0.1308174 0.0662517 0.0996378 0.1064422 0.0716475 0.0629036 0.1027571 0.1078593 0.1003988 0.1191032 0.0730104 0.0946909 0.1295593 0.1249224 0.1020612 0.0938553 0.1128493 0.0854173 0.0800293 0.0811609 0.1059114 0.0667603 0.0700525 0.1224495 0.1049530 0.1156448 
Notoryctidae_Notoryctes_typhlops             0.0988021 0.0000000 0.1020311 0.1196407 0.1182683 0.1152042 0.0969421 0.1044121 0.1249354 0.1518723 0.1072140 0.1117471 0.1167380 0.1152089 0.1050856 0.1162980 0.1152345 0.1080856 0.1343347 0.1199867 0.1299973 0.1404500 0.1407716 0.1103764 0.1313074 0.1336740 0.1199675 0.1224941 0.1227828 0.1485473 0.1056128 0.1122168 0.1470755 0.1134778 0.1351570 
Vombatidae_Lasiorhinus_latifrons             0.0661746 0.1020311 0.0000000 0.0826196 0.0851417 0.1139714 0.0679070 0.0699998 0.0830118 0.1353489 0.0733583 0.1057819 0.1077514 0.0783575 0.0726392 0.1094378 0.1127134 0.1033609 0.1277289 0.0783573 0.0966565 0.1317015 0.1232538 0.1062187 0.0997407 0.1121266 0.0874854 0.0855792 0.0876456 0.1176936 0.0741601 0.0767214 0.1311636 0.1098074 0.1243814 
Potoroidae_Bettongia_penicillata             0.0767673 0.1196407 0.0826196 0.0000000 0.0066173 0.1220442 0.0790498 0.0859495 0.0170999 0.1496399 0.0892156 0.1163759 0.1184904 0.0887111 0.0764830 0.1180789 0.1215116 0.1103955 0.1358760 0.0311226 0.1014072 0.1419573 0.1402515 0.1153730 0.0667880 0.1308506 0.0946580 0.0325365 0.0874358 0.1173130 0.0787358 0.0882928 0.1401273 0.1186814 0.1362295 
Potoroidae_Bettongia_lesueur                 0.0786084 0.1182683 0.0851417 0.0066173 0.0000000 0.1238225 0.0809140 0.0874411 0.0152430 0.1523655 0.0906790 0.1189319 0.1180589 0.0912031 0.0777493 0.1212130 0.1247806 0.1116638 0.1374288 0.0287618 0.1023620 0.1426226 0.1409435 0.1183462 0.0645318 0.1294778 0.0961373 0.0342774 0.0877540 0.1173729 0.0794075 0.0897475 0.1415051 0.1217591 0.1387361 
Dasyuridae_Dasyurus_maculatus                0.1072762 0.1152042 0.1139714 0.1220442 0.1238225 0.0000000 0.1073104 0.1115220 0.1236778 0.1577546 0.1146922 0.0219168 0.0320875 0.1201066 0.1178110 0.0253055 0.0098656 0.0225526 0.1433906 0.1219673 0.1357441 0.1496763 0.1522772 0.0191991 0.1397861 0.1452978 0.1282893 0.1233629 0.1249077 0.1613599 0.1157096 0.1165145 0.1579384 0.0039827 0.1401939 
Phalangeridae_Trichosurus_vulpecula          0.0577936 0.0969421 0.0679070 0.0790498 0.0809140 0.1073104 0.0000000 0.0277103 0.0828687 0.1358862 0.0297115 0.1007966 0.1054173 0.0331029 0.0704604 0.1050941 0.1060137 0.0974139 0.1219267 0.0801906 0.0889696 0.1311758 0.1249129 0.1015310 0.0968664 0.1144103 0.0803841 0.0850600 0.0766064 0.1016768 0.0723441 0.0326209 0.1235716 0.1049857 0.1181335 
Phalangeridae_Spilocuscus_maculatus          0.0642311 0.1044121 0.0699998 0.0859495 0.0874411 0.1115220 0.0277103 0.0000000 0.0886685 0.1410703 0.0183108 0.1093511 0.1123015 0.0221986 0.0760100 0.1132251 0.1103659 0.1032813 0.1272545 0.0859930 0.0920473 0.1366881 0.1353302 0.1083529 0.1059458 0.1215803 0.0824545 0.0929609 0.0824550 0.1151383 0.0778683 0.0207380 0.1302226 0.1092869 0.1205682 
Potoroidae_Aepyprymnus_rufescens             0.0769629 0.1249354 0.0830118 0.0170999 0.0152430 0.1236778 0.0828687 0.0886685 0.0000000 0.1566914 0.0904490 0.1208998 0.1151406 0.0916090 0.0784085 0.1200943 0.1244441 0.1104720 0.1437067 0.0307793 0.1047937 0.1470576 0.1447795 0.1172060 0.0642324 0.1304094 0.0958837 0.0369446 0.0922649 0.1209529 0.0785268 0.0922991 0.1470276 0.1201620 0.1438109 
Peramelidae_Perameles_nasuta                 0.1308174 0.1518723 0.1353489 0.1496399 0.1523655 0.1577546 0.1358862 0.1410703 0.1566914 0.0000000 0.1421495 0.1553916 0.1583672 0.1547270 0.1324267 0.1531177 0.1573812 0.1556936 0.0267773 0.1433883 0.1713546 0.1693983 0.1591195 0.1545789 0.1613755 0.1542124 0.1612978 0.1547233 0.1453163 0.1692251 0.1401789 0.1520864 0.0294799 0.1526672 0.0011303 
Phalangeridae_Strigocuscus_pelengensis       0.0662517 0.1072140 0.0733583 0.0892156 0.0906790 0.1146922 0.0297115 0.0183108 0.0904490 0.1421495 0.0000000 0.1100737 0.1132861 0.0224871 0.0776295 0.1145497 0.1135901 0.1056160 0.1297458 0.0904470 0.0967409 0.1406254 0.1325526 0.1106923 0.1094958 0.1250310 0.0837895 0.0971970 0.0850962 0.1153109 0.0801243 0.0211333 0.1280882 0.1125487 0.1265695 
Dasyuridae_Phascogale_tapoatafa              0.0996378 0.1117471 0.1057819 0.1163759 0.1189319 0.0219168 0.1007966 0.1093511 0.1208998 0.1553916 0.1100737 0.0000000 0.0244945 0.1145425 0.1117398 0.0032481 0.0210046 0.0195690 0.1386035 0.1163858 0.1339552 0.1418459 0.1444079 0.0096988 0.1359550 0.1411951 0.1211272 0.1200903 0.1243610 0.1549781 0.1093651 0.1109139 0.1525023 0.0185844 0.1354672 
Dasyuridae_Sminthopsis_macroura              0.1064422 0.1167380 0.1077514 0.1184904 0.1180589 0.0320875 0.1054173 0.1123015 0.1151406 0.1583672 0.1132861 0.0244945 0.0000000 0.1194728 0.1155733 0.0304424 0.0306637 0.0171489 0.1419793 0.1162029 0.1403759 0.1482199 0.1482866 0.0250712 0.1365493 0.1408592 0.1239071 0.1243706 0.1301624 0.1624145 0.1130708 0.1158706 0.1554134 0.0287272 0.1405103 
Phalangeridae_Phalanger_orientalis           0.0716475 0.1152089 0.0783575 0.0887111 0.0912031 0.1201066 0.0331029 0.0221986 0.0916090 0.1547270 0.0224871 0.1145425 0.1194728 0.0000000 0.0842877 0.1190148 0.1189942 0.1101921 0.1400253 0.0898715 0.1003156 0.1466691 0.1395963 0.1156532 0.1096160 0.1303160 0.0902391 0.0966254 0.0881523 0.1222071 0.0856040 0.0079434 0.1439138 0.1179446 0.1347960 
Acrobatidae_Acrobates_pygmaeus               0.0629036 0.1050856 0.0726392 0.0764830 0.0777493 0.1178110 0.0704604 0.0760100 0.0784085 0.1324267 0.0776295 0.1117398 0.1155733 0.0842877 0.0000000 0.1143093 0.1148009 0.1098304 0.1280372 0.0742217 0.0932227 0.1310937 0.1308830 0.1114361 0.0943457 0.1196600 0.0777644 0.0801357 0.0780544 0.1050327 0.0384386 0.0826437 0.1328175 0.1147860 0.1242239 
Dasyuridae_Phascogale_calura                 0.1027571 0.1162980 0.1094378 0.1180789 0.1212130 0.0253055 0.1050941 0.1132251 0.1200943 0.1531177 0.1145497 0.0032481 0.0304424 0.1190148 0.1143093 0.0000000 0.0239202 0.0241135 0.1389466 0.1157214 0.1377767 0.1431784 0.1458956 0.0125065 0.1371688 0.1391781 0.1244249 0.1196308 0.1252439 0.1552098 0.1106034 0.1159272 0.1525484 0.0219445 0.1362366 
Dasyuridae_Sarcophilus_harrisii              0.1078593 0.1152345 0.1127134 0.1215116 0.1247806 0.0098656 0.1060137 0.1103659 0.1244441 0.1573812 0.1135901 0.0210046 0.0306637 0.1189942 0.1148009 0.0239202 0.0000000 0.0221147 0.1438532 0.1223545 0.1394481 0.1499890 0.1525629 0.0183021 0.1414614 0.1447428 0.1274312 0.1245768 0.1289546 0.1602940 0.1158311 0.1154081 0.1563986 0.0076031 0.1388459 
Dasyuridae_Planigale_tenuirostris            0.1003988 0.1080856 0.1033609 0.1103955 0.1116638 0.0225526 0.0974139 0.1032813 0.1104720 0.1556936 0.1056160 0.0195690 0.0171489 0.1101921 0.1098304 0.0241135 0.0221147 0.0000000 0.1398725 0.1082736 0.1360579 0.1433060 0.1458238 0.0181939 0.1276393 0.1350359 0.1194499 0.1140780 0.1269043 0.1508793 0.1113444 0.1065365 0.1462377 0.0196154 0.1344492 
Peramelidae_Echymipera_kalubu                0.1191032 0.1343347 0.1277289 0.1358760 0.1374288 0.1433906 0.1219267 0.1272545 0.1437067 0.0267773 0.1297458 0.1386035 0.1419793 0.1400253 0.1280372 0.1389466 0.1438532 0.1398725 0.0000000 0.1345668 0.1562788 0.1501252 0.1473783 0.1374639 0.1444401 0.1567314 0.1448160 0.1425413 0.1355625 0.1702426 0.1306657 0.1381362 0.0242805 0.1384866 0.0256940 
Macropodidae_Dorcopsulus_vanheurni           0.0730104 0.1199867 0.0783573 0.0311226 0.0287618 0.1219673 0.0801906 0.0859930 0.0307793 0.1433883 0.0904470 0.1163858 0.1162029 0.0898715 0.0742217 0.1157214 0.1223545 0.1082736 0.1345668 0.0000000 0.1048000 0.1381886 0.1383699 0.1144361 0.0577860 0.1221899 0.0931598 0.0167905 0.0883073 0.1175154 0.0747860 0.0884121 0.1345501 0.1185615 0.1319526 
Pseudochiridae_Pseudochirulus_forbesi        0.0946909 0.1299973 0.0966565 0.1014072 0.1023620 0.1357441 0.0889696 0.0920473 0.1047937 0.1713546 0.0967409 0.1339552 0.1403759 0.1003156 0.0932227 0.1377767 0.1394481 0.1360579 0.1562788 0.1048000 0.0000000 0.1603487 0.1521551 0.1333736 0.1190927 0.1434870 0.0612723 0.1085713 0.0298114 0.1190748 0.0886653 0.1003097 0.1742766 0.1342201 0.1600518 
Didelphidae_Didelphis_virginiana             0.1295593 0.1404500 0.1317015 0.1419573 0.1426226 0.1496763 0.1311758 0.1366881 0.1470576 0.1693983 0.1406254 0.1418459 0.1482199 0.1466691 0.1310937 0.1431784 0.1499890 0.1433060 0.1501252 0.1381886 0.1603487 0.0000000 0.0534691 0.1388104 0.1511088 0.1497855 0.1506488 0.1441241 0.1459260 0.1688668 0.1267320 0.1443064 0.1602524 0.1479855 0.1607314 
Marmosidae_Monodelphis_domestica             0.1249224 0.1407716 0.1232538 0.1402515 0.1409435 0.1522772 0.1249129 0.1353302 0.1447795 0.1591195 0.1325526 0.1444079 0.1482866 0.1395963 0.1308830 0.1458956 0.1525629 0.1458238 0.1473783 0.1383699 0.1521551 0.0534691 0.0000000 0.1443994 0.1568304 0.1441860 0.1455341 0.1424820 0.1383073 0.1729774 0.1265543 0.1372732 0.1535926 0.1505652 0.1521959 
Dasyuridae_Antechinus_stuartii               0.1020612 0.1103764 0.1062187 0.1153730 0.1183462 0.0191991 0.1015310 0.1083529 0.1172060 0.1545789 0.1106923 0.0096988 0.0250712 0.1156532 0.1114361 0.0125065 0.0183021 0.0181939 0.1374639 0.1144361 0.1333736 0.1388104 0.1443994 0.0000000 0.1315679 0.1376739 0.1221752 0.1189065 0.1251594 0.1543229 0.1079205 0.1126353 0.1491036 0.0159415 0.1334737 
Hypsiprymnodontidae_Hypsiprymnodon_moschatus 0.0938553 0.1313074 0.0997407 0.0667880 0.0645318 0.1397861 0.0968664 0.1059458 0.0642324 0.1613755 0.1094958 0.1359550 0.1365493 0.1096160 0.0943457 0.1371688 0.1414614 0.1276393 0.1444401 0.0577860 0.1190927 0.1511088 0.1568304 0.1315679 0.0000000 0.1404517 0.1106570 0.0707013 0.1078492 0.1330554 0.0942744 0.1065692 0.1610542 0.1387252 0.1452103 
Microbiotheriidae_Dromiciops_gliroides       0.1128493 0.1336740 0.1121266 0.1308506 0.1294778 0.1452978 0.1144103 0.1215803 0.1304094 0.1542124 0.1250310 0.1411951 0.1408592 0.1303160 0.1196600 0.1391781 0.1447428 0.1350359 0.1567314 0.1221899 0.1434870 0.1497855 0.1441860 0.1376739 0.1404517 0.0000000 0.1420046 0.1280445 0.1335397 0.1654725 0.1224575 0.1277733 0.1652966 0.1434969 0.1462651 
Pseudochiridae_Petauroides_volans            0.0854173 0.1199675 0.0874854 0.0946580 0.0961373 0.1282893 0.0803841 0.0824545 0.0958837 0.1612978 0.0837895 0.1211272 0.1239071 0.0902391 0.0777644 0.1244249 0.1274312 0.1194499 0.1448160 0.0931598 0.0612723 0.1506488 0.1455341 0.1221752 0.1106570 0.1420046 0.0000000 0.0996066 0.0453920 0.1048053 0.0798354 0.0885106 0.1641575 0.1247287 0.1431841 
Macropodidae_Wallabia_bicolor                0.0800293 0.1224941 0.0855792 0.0325365 0.0342774 0.1233629 0.0850600 0.0929609 0.0369446 0.1547233 0.0971970 0.1200903 0.1243706 0.0966254 0.0801357 0.1196308 0.1245768 0.1140780 0.1425413 0.0167905 0.1085713 0.1441241 0.1424820 0.1189065 0.0707013 0.1280445 0.0996066 0.0000000 0.0927420 0.1226138 0.0829876 0.0951248 0.1420908 0.1199589 0.1420583 
Pseudochiridae_Pseudocheirus_occidentalis    0.0811609 0.1227828 0.0876456 0.0874358 0.0877540 0.1249077 0.0766064 0.0824550 0.0922649 0.1453163 0.0850962 0.1243610 0.1301624 0.0881523 0.0780544 0.1252439 0.1289546 0.1269043 0.1355625 0.0883073 0.0298114 0.1459260 0.1383073 0.1251594 0.1078492 0.1335397 0.0453920 0.0927420 0.0000000 0.1024494 0.0754746 0.0888086 0.1620104 0.1226562 0.1395419 
Tarsipedidae_Tarsipes_rostratus              0.1059114 0.1485473 0.1176936 0.1173130 0.1173729 0.1613599 0.1016768 0.1151383 0.1209529 0.1692251 0.1153109 0.1549781 0.1624145 0.1222071 0.1050327 0.1552098 0.1602940 0.1508793 0.1702426 0.1175154 0.1190748 0.1688668 0.1729774 0.1543229 0.1330554 0.1654725 0.1048053 0.1226138 0.1024494 0.0000000 0.1034001 0.1184865 0.1853804 0.1577785 0.1630029 
Acrobatidae_Distoechurus_pennatus            0.0667603 0.1056128 0.0741601 0.0787358 0.0794075 0.1157096 0.0723441 0.0778683 0.0785268 0.1401789 0.0801243 0.1093651 0.1130708 0.0856040 0.0384386 0.1106034 0.1158311 0.1113444 0.1306657 0.0747860 0.0886653 0.1267320 0.1265543 0.1079205 0.0942744 0.1224575 0.0798354 0.0829876 0.0754746 0.1034001 0.0000000 0.0834772 0.1424901 0.1134464 0.1280730 
Phalangeridae_Phalanger_carmelitae           0.0700525 0.1122168 0.0767214 0.0882928 0.0897475 0.1165145 0.0326209 0.0207380 0.0922991 0.1520864 0.0211333 0.1109139 0.1158706 0.0079434 0.0826437 0.1159272 0.1154081 0.1065365 0.1381362 0.0884121 0.1003097 0.1443064 0.1372732 0.1126353 0.1065692 0.1277733 0.0885106 0.0951248 0.0888086 0.1184865 0.0834772 0.0000000 0.1411573 0.1143632 0.1317522 
Peramelidae_Peroryctes_raffrayana            0.1224495 0.1470755 0.1311636 0.1401273 0.1415051 0.1579384 0.1235716 0.1302226 0.1470276 0.0294799 0.1280882 0.1525023 0.1554134 0.1439138 0.1328175 0.1525484 0.1563986 0.1462377 0.0242805 0.1345501 0.1742766 0.1602524 0.1535926 0.1491036 0.1610542 0.1652966 0.1641575 0.1420908 0.1620104 0.1853804 0.1424901 0.1411573 0.0000000 0.1512052 0.0276842 
Dasyuridae_Dasyurus_geffroii                 0.1049530 0.1134778 0.1098074 0.1186814 0.1217591 0.0039827 0.1049857 0.1092869 0.1201620 0.1526672 0.1125487 0.0185844 0.0287272 0.1179446 0.1147860 0.0219445 0.0076031 0.0196154 0.1384866 0.1185615 0.1342201 0.1479855 0.1505652 0.0159415 0.1387252 0.1434969 0.1247287 0.1199589 0.1226562 0.1577785 0.1134464 0.1143632 0.1512052 0.0000000 0.1363738 
Peramelidae_Perameles_gunnii                 0.1156448 0.1351570 0.1243814 0.1362295 0.1387361 0.1401939 0.1181335 0.1205682 0.1438109 0.0011303 0.1265695 0.1354672 0.1405103 0.1347960 0.1242239 0.1362366 0.1388459 0.1344492 0.0256940 0.1319526 0.1600518 0.1607314 0.1521959 0.1334737 0.1452103 0.1462651 0.1431841 0.1420583 0.1395419 0.1630029 0.1280730 0.1317522 0.0276842 0.1363738 0.0000000 
