35
Burramyidae_Burramys_parvus                  0.0000000 0.0744806 0.0524550 0.0531615 0.0523021 0.0939823 0.0456480 0.0553151 0.0879991 0.0462212 0.0920251 0.0933908 0.0468054 0.0590825 0.0913595 0.0916736 0.0891721 0.0889328 0.0502530 0.0598926 0.1014259 0.0938442 0.0878812 0.0518891 0.0680164 0.0558325 0.0504422 0.0803733 0.0586321 0.0490223 0.0937694 0.0873733 0.0472002 0.0609348 0.0877407 
Notoryctidae_Notoryctes_typhlops             0.0744806 0.0000000 0.0776299 0.0778570 0.0776700 0.1079890 0.0758765 0.0804346 0.1052011 0.0720544 0.1053293 0.1118114 0.0734161 0.0853076 0.1055593 0.1055571 0.1056242 0.1028835 0.0752985 0.0883280 0.1152994 0.1051296 0.1012007 0.0797229 0.0820281 0.0858389 0.0752392 0.1107981 0.0854935 0.0748075 0.1094535 0.1052203 0.0735256 0.0890588 0.1021034 
Vombatidae_Lasiorhinus_latifrons             0.0524550 0.0776299 0.0000000 0.0612522 0.0603881 0.0914533 0.0546818 0.0632781 0.0907859 0.0554763 0.0876675 0.0915842 0.0574705 0.0662760 0.0877374 0.0886877 0.0867682 0.0902657 0.0567422 0.0676544 0.0961122 0.0944866 0.0854493 0.0571437 0.0688411 0.0637748 0.0576064 0.0883736 0.0667920 0.0583349 0.0910848 0.0901738 0.0567322 0.0671542 0.0871275 
Potoroidae_Bettongia_penicillata             0.0531615 0.0778570 0.0612522 0.0000000 0.0042389 0.0989745 0.0542063 0.0125609 0.0903717 0.0531644 0.0922809 0.1018308 0.0552528 0.0599275 0.0938615 0.0953412 0.0932584 0.0905376 0.0215276 0.0645366 0.1060009 0.0972180 0.0915272 0.0357194 0.0747423 0.0620885 0.0218744 0.0889454 0.0626615 0.0566442 0.0977347 0.0906323 0.0544200 0.0659699 0.0897510 
Potoroidae_Bettongia_lesueur                 0.0523021 0.0776700 0.0603881 0.0042389 0.0000000 0.0990882 0.0534867 0.0124487 0.0898785 0.0524382 0.0923752 0.1016745 0.0545353 0.0597106 0.0936942 0.0954436 0.0927103 0.0896827 0.0209676 0.0637977 0.1049307 0.0966600 0.0917225 0.0354776 0.0738728 0.0627690 0.0214668 0.0885877 0.0619391 0.0559270 0.0981719 0.0901419 0.0533142 0.0659679 0.0896279 
Dasyuridae_Dasyurus_maculatus                0.0939823 0.1079890 0.0914533 0.0989745 0.0990882 0.0000000 0.0953377 0.1017270 0.1168945 0.0936135 0.0236410 0.0434783 0.0947902 0.1023705 0.0231855 0.0113055 0.0343607 0.1154708 0.0945675 0.1018456 0.1184831 0.1146756 0.0226037 0.0998031 0.0969595 0.0999017 0.0969604 0.1247795 0.1008616 0.0959836 0.0110160 0.1166655 0.0987859 0.1043824 0.1182502 
Phalangeridae_Trichosurus_vulpecula          0.0456480 0.0758765 0.0546818 0.0542063 0.0534867 0.0953377 0.0000000 0.0565947 0.0846702 0.0224448 0.0898895 0.0953625 0.0232436 0.0578670 0.0904861 0.0918935 0.0908387 0.0860360 0.0517039 0.0595149 0.1030659 0.0937258 0.0883041 0.0513785 0.0688749 0.0541024 0.0506934 0.0818129 0.0561949 0.0246480 0.0947367 0.0847814 0.0207425 0.0590871 0.0815538 
Potoroidae_Aepyprymnus_rufescens             0.0553151 0.0804346 0.0632781 0.0125609 0.0124487 0.1017270 0.0565947 0.0000000 0.0911565 0.0543208 0.0952468 0.1041372 0.0573420 0.0611030 0.0965129 0.0978932 0.0950881 0.0899307 0.0224091 0.0665866 0.1084736 0.0985423 0.0943890 0.0388085 0.0773001 0.0653116 0.0230886 0.0877860 0.0635012 0.0584414 0.1007229 0.0910234 0.0560386 0.0671382 0.0909809 
Peramelidae_Perameles_nasuta                 0.0879991 0.1052011 0.0907859 0.0903717 0.0898785 0.1168945 0.0846702 0.0911565 0.0000000 0.0837822 0.1122053 0.1194740 0.0867905 0.0951839 0.1120389 0.1130219 0.1132072 0.0272908 0.0867629 0.0974014 0.1207585 0.1197733 0.1103050 0.0859500 0.0906486 0.0971690 0.0871423 0.1187541 0.0965917 0.0869963 0.1177055 0.0018460 0.0869978 0.1014242 0.0256522 
Phalangeridae_Strigocuscus_pelengensis       0.0462212 0.0720544 0.0554763 0.0531644 0.0524382 0.0936135 0.0224448 0.0543208 0.0837822 0.0000000 0.0905508 0.0970075 0.0121124 0.0567569 0.0902130 0.0908190 0.0901201 0.0845446 0.0498301 0.0573445 0.1003659 0.0922000 0.0887292 0.0515120 0.0674019 0.0553242 0.0491123 0.0817033 0.0555701 0.0132983 0.0938605 0.0844562 0.0116172 0.0590298 0.0838134 
Dasyuridae_Phascogale_tapoatafa              0.0920251 0.1053293 0.0876675 0.0922809 0.0923752 0.0236410 0.0898895 0.0952468 0.1122053 0.0905508 0.0000000 0.0394600 0.0917992 0.0994002 0.0037148 0.0205760 0.0300636 0.1124376 0.0886112 0.0971265 0.1150942 0.1067730 0.0099320 0.0925247 0.0920400 0.0951629 0.0906141 0.1200869 0.0973914 0.0926187 0.0245795 0.1121680 0.0956132 0.1000632 0.1176700 
Dasyuridae_Sminthopsis_macroura              0.0933908 0.1118114 0.0915842 0.1018308 0.1016745 0.0434783 0.0953625 0.1041372 0.1194740 0.0970075 0.0394600 0.0000000 0.0988436 0.1028060 0.0377777 0.0395983 0.0325301 0.1187861 0.0979960 0.1016048 0.1172029 0.1111425 0.0363134 0.0981856 0.0935243 0.0991592 0.0996408 0.1220438 0.0981207 0.1005467 0.0438198 0.1188069 0.1028833 0.1064505 0.1177768 
Phalangeridae_Phalanger_orientalis           0.0468054 0.0734161 0.0574705 0.0552528 0.0545353 0.0947902 0.0232436 0.0573420 0.0867905 0.0121124 0.0917992 0.0988436 0.0000000 0.0577447 0.0916023 0.0919424 0.0915834 0.0830610 0.0524488 0.0558457 0.1019417 0.0903486 0.0881447 0.0537061 0.0690561 0.0538616 0.0511616 0.0791515 0.0572478 0.0048202 0.0949546 0.0874663 0.0118282 0.0575820 0.0853786 
Acrobatidae_Acrobates_pygmaeus               0.0590825 0.0853076 0.0662760 0.0599275 0.0597106 0.1023705 0.0578670 0.0611030 0.0951839 0.0567569 0.0994002 0.1028060 0.0577447 0.0000000 0.0997594 0.1004579 0.0983569 0.0959547 0.0583830 0.0537192 0.1133774 0.1025629 0.0965425 0.0591279 0.0756632 0.0552320 0.0575015 0.0789391 0.0345352 0.0593001 0.1022272 0.0947095 0.0586307 0.0590243 0.0956221 
Dasyuridae_Phascogale_calura                 0.0913595 0.1055593 0.0877374 0.0938615 0.0936942 0.0231855 0.0904861 0.0965129 0.1120389 0.0902130 0.0037148 0.0377777 0.0916023 0.0997594 0.0000000 0.0203134 0.0299103 0.1117156 0.0896647 0.0981776 0.1150226 0.1069480 0.0095099 0.0950659 0.0918322 0.0963015 0.0917353 0.1203569 0.0972650 0.0928108 0.0244103 0.1120681 0.0953386 0.1005915 0.1175849 
Dasyuridae_Sarcophilus_harrisii              0.0916736 0.1055571 0.0886877 0.0953412 0.0954436 0.0113055 0.0918935 0.0978932 0.1130219 0.0908190 0.0205760 0.0395983 0.0919424 0.1004579 0.0203134 0.0000000 0.0311223 0.1131695 0.0913553 0.0991843 0.1181907 0.1115691 0.0205040 0.0961795 0.0945102 0.0968023 0.0935789 0.1229970 0.0976535 0.0931175 0.0118937 0.1126241 0.0955685 0.1023159 0.1168523 
Dasyuridae_Planigale_tenuirostris            0.0891721 0.1056242 0.0867682 0.0932584 0.0927103 0.0343607 0.0908387 0.0950881 0.1132072 0.0901201 0.0300636 0.0325301 0.0915834 0.0983569 0.0299103 0.0311223 0.0000000 0.1138389 0.0891785 0.0973001 0.1194638 0.1103532 0.0291710 0.0922128 0.0904517 0.0963359 0.0904677 0.1175702 0.0941471 0.0933541 0.0343628 0.1133704 0.0931548 0.0995201 0.1149976 
Peramelidae_Echymipera_kalubu                0.0889328 0.1028835 0.0902657 0.0905376 0.0896827 0.1154708 0.0860360 0.0899307 0.0272908 0.0845446 0.1124376 0.1187861 0.0830610 0.0959547 0.1117156 0.1131695 0.1138389 0.0000000 0.0851891 0.0931366 0.1171842 0.1137234 0.1093372 0.0869105 0.0921588 0.0922130 0.0855925 0.1173534 0.0971039 0.0836451 0.1169957 0.0276218 0.0883599 0.0971372 0.0258814 
Macropodidae_Dorcopsulus_vanheurni           0.0502530 0.0752985 0.0567422 0.0215276 0.0209676 0.0945675 0.0517039 0.0224091 0.0867629 0.0498301 0.0886112 0.0979960 0.0524488 0.0583830 0.0896647 0.0913553 0.0891785 0.0851891 0.0000000 0.0594952 0.1012702 0.0920452 0.0879321 0.0334588 0.0722719 0.0582490 0.0091914 0.0841585 0.0592944 0.0531534 0.0940511 0.0863032 0.0503988 0.0619253 0.0848100 
Pseudochiridae_Pseudochirulus_forbesi        0.0598926 0.0883280 0.0676544 0.0645366 0.0637977 0.1018456 0.0595149 0.0665866 0.0974014 0.0573445 0.0971265 0.1016048 0.0558457 0.0537192 0.0981776 0.0991843 0.0973001 0.0931366 0.0594952 0.0000000 0.1095324 0.0931776 0.0965363 0.0614252 0.0808188 0.0290681 0.0609592 0.0635536 0.0550634 0.0570678 0.1035601 0.0976819 0.0576148 0.0141237 0.0947996 
Didelphidae_Didelphis_virginiana             0.1014259 0.1152994 0.0961122 0.1060009 0.1049307 0.1184831 0.1030659 0.1084736 0.1207585 0.1003659 0.1150942 0.1172029 0.1019417 0.1133774 0.1150226 0.1181907 0.1194638 0.1171842 0.1012702 0.1095324 0.0000000 0.0477456 0.1134245 0.1053968 0.1023293 0.1047734 0.1033203 0.1281743 0.1136876 0.1016711 0.1201706 0.1195915 0.1031678 0.1089195 0.1183839 
Marmosidae_Monodelphis_domestica             0.0938442 0.1051296 0.0944866 0.0972180 0.0966600 0.1146756 0.0937258 0.0985423 0.1197733 0.0922000 0.1067730 0.1111425 0.0903486 0.1025629 0.1069480 0.1115691 0.1103532 0.1137234 0.0920452 0.0931776 0.0477456 0.0000000 0.1064158 0.0957502 0.0964474 0.0919384 0.0943879 0.1139070 0.0989267 0.0916157 0.1136537 0.1191015 0.0921753 0.0944689 0.1175344 
Dasyuridae_Antechinus_stuartii               0.0878812 0.1012007 0.0854493 0.0915272 0.0917225 0.0226037 0.0883041 0.0943890 0.1103050 0.0887292 0.0099320 0.0363134 0.0881447 0.0965425 0.0095099 0.0205040 0.0291710 0.1093372 0.0879321 0.0965363 0.1134245 0.1064158 0.0000000 0.0920463 0.0891861 0.0935469 0.0896288 0.1178682 0.0954501 0.0899335 0.0236909 0.1101543 0.0933431 0.0997522 0.1134937 
Hypsiprymnodontidae_Hypsiprymnodon_moschatus 0.0518891 0.0797229 0.0571437 0.0357194 0.0354776 0.0998031 0.0513785 0.0388085 0.0859500 0.0515120 0.0925247 0.0981856 0.0537061 0.0591279 0.0950659 0.0961795 0.0922128 0.0869105 0.0334588 0.0614252 0.1053968 0.0957502 0.0920463 0.0000000 0.0724484 0.0627856 0.0336352 0.0843133 0.0570619 0.0545480 0.0998394 0.0863366 0.0547115 0.0655072 0.0847035 
Microbiotheriidae_Dromiciops_gliroides       0.0680164 0.0820281 0.0688411 0.0747423 0.0738728 0.0969595 0.0688749 0.0773001 0.0906486 0.0674019 0.0920400 0.0935243 0.0690561 0.0756632 0.0918322 0.0945102 0.0904517 0.0921588 0.0722719 0.0808188 0.1023293 0.0964474 0.0891861 0.0724484 0.0000000 0.0788113 0.0717271 0.1022167 0.0777317 0.0700339 0.0965486 0.0911021 0.0707762 0.0819373 0.0912786 
Pseudochiridae_Petauroides_volans            0.0558325 0.0858389 0.0637748 0.0620885 0.0627690 0.0999017 0.0541024 0.0653116 0.0971690 0.0553242 0.0951629 0.0991592 0.0538616 0.0552320 0.0963015 0.0968023 0.0963359 0.0922130 0.0582490 0.0290681 0.1047734 0.0919384 0.0935469 0.0627856 0.0788113 0.0000000 0.0594339 0.0652158 0.0535333 0.0546484 0.1003432 0.0966647 0.0553370 0.0274048 0.0939835 
Macropodidae_Wallabia_bicolor                0.0504422 0.0752392 0.0576064 0.0218744 0.0214668 0.0969604 0.0506934 0.0230886 0.0871423 0.0491123 0.0906141 0.0996408 0.0511616 0.0575015 0.0917353 0.0935789 0.0904677 0.0855925 0.0091914 0.0609592 0.1033203 0.0943879 0.0896288 0.0336352 0.0717271 0.0594339 0.0000000 0.0847551 0.0600366 0.0522078 0.0958524 0.0867137 0.0504441 0.0637890 0.0868597 
Tarsipedidae_Tarsipes_rostratus              0.0803733 0.1107981 0.0883736 0.0889454 0.0885877 0.1247795 0.0818129 0.0877860 0.1187541 0.0817033 0.1200869 0.1220438 0.0791515 0.0789391 0.1203569 0.1229970 0.1175702 0.1173534 0.0841585 0.0635536 0.1281743 0.1139070 0.1178682 0.0843133 0.1022167 0.0652158 0.0847551 0.0000000 0.0761564 0.0805865 0.1247190 0.1176880 0.0845881 0.0681777 0.1180055 
Acrobatidae_Distoechurus_pennatus            0.0586321 0.0854935 0.0667920 0.0626615 0.0619391 0.1008616 0.0561949 0.0635012 0.0965917 0.0555701 0.0973914 0.0981207 0.0572478 0.0345352 0.0972650 0.0976535 0.0941471 0.0971039 0.0592944 0.0550634 0.1136876 0.0989267 0.0954501 0.0570619 0.0777317 0.0535333 0.0600366 0.0761564 0.0000000 0.0591424 0.1016992 0.0964578 0.0559841 0.0573867 0.0948667 
Phalangeridae_Phalanger_carmelitae           0.0490223 0.0748075 0.0583349 0.0566442 0.0559270 0.0959836 0.0246480 0.0584414 0.0869963 0.0132983 0.0926187 0.1005467 0.0048202 0.0593001 0.0928108 0.0931175 0.0933541 0.0836451 0.0531534 0.0570678 0.1016711 0.0916157 0.0899335 0.0545480 0.0700339 0.0546484 0.0522078 0.0805865 0.0591424 0.0000000 0.0961483 0.0876717 0.0138372 0.0583478 0.0861830 
Dasyuridae_Dasyurus_geffroii                 0.0937694 0.1094535 0.0910848 0.0977347 0.0981719 0.0110160 0.0947367 0.1007229 0.1177055 0.0938605 0.0245795 0.0438198 0.0949546 0.1022272 0.0244103 0.0118937 0.0343628 0.1169957 0.0940511 0.1035601 0.1201706 0.1136537 0.0236909 0.0998394 0.0965486 0.1003432 0.0958524 0.1247190 0.1016992 0.0961483 0.0000000 0.1174722 0.0983526 0.1043548 0.1195015 
Peramelidae_Perameles_gunnii                 0.0873733 0.1052203 0.0901738 0.0906323 0.0901419 0.1166655 0.0847814 0.0910234 0.0018460 0.0844562 0.1121680 0.1188069 0.0874663 0.0947095 0.1120681 0.1126241 0.1133704 0.0276218 0.0863032 0.0976819 0.1195915 0.1191015 0.1101543 0.0863366 0.0911021 0.0966647 0.0867137 0.1176880 0.0964578 0.0876717 0.1174722 0.0000000 0.0868314 0.1007535 0.0259558 
Phalangeridae_Spilocuscus_maculatus          0.0472002 0.0735256 0.0567322 0.0544200 0.0533142 0.0987859 0.0207425 0.0560386 0.0869978 0.0116172 0.0956132 0.1028833 0.0118282 0.0586307 0.0953386 0.0955685 0.0931548 0.0883599 0.0503988 0.0576148 0.1031678 0.0921753 0.0933431 0.0547115 0.0707762 0.0553370 0.0504441 0.0845881 0.0559841 0.0138372 0.0983526 0.0868314 0.0000000 0.0581647 0.0854406 
Pseudochiridae_Pseudocheirus_occidentalis    0.0609348 0.0890588 0.0671542 0.0659699 0.0659679 0.1043824 0.0590871 0.0671382 0.1014242 0.0590298 0.1000632 0.1064505 0.0575820 0.0590243 0.1005915 0.1023159 0.0995201 0.0971372 0.0619253 0.0141237 0.1089195 0.0944689 0.0997522 0.0655072 0.0819373 0.0274048 0.0637890 0.0681777 0.0573867 0.0583478 0.1043548 0.1007535 0.0581647 0.0000000 0.0973085 
Peramelidae_Peroryctes_raffrayana            0.0877407 0.1021034 0.0871275 0.0897510 0.0896279 0.1182502 0.0815538 0.0909809 0.0256522 0.0838134 0.1176700 0.1177768 0.0853786 0.0956221 0.1175849 0.1168523 0.1149976 0.0258814 0.0848100 0.0947996 0.1183839 0.1175344 0.1134937 0.0847035 0.0912786 0.0939835 0.0868597 0.1180055 0.0948667 0.0861830 0.1195015 0.0259558 0.0854406 0.0973085 0.0000000 
