35
Burramyidae_Burramys_parvus                  0.0000000 0.0679790 0.0980359 0.0727156 0.0718781 0.1383022 0.0397331 0.0331792 0.0678444 0.1136122 0.0401859 0.1351510 0.1443944 0.0369169 0.0803202 0.1359069 0.1414318 0.0954943 0.1430881 0.0779866 0.0832649 0.1480505 0.1840410 0.1360502 0.0746233 0.1068685 0.0792475 0.0724243 0.0789099 0.1244283 0.0789623 0.0570283 0.1415667 0.1394148 0.1245464 
Notoryctidae_Notoryctes_typhlops             0.0679790 0.0000000 0.1171146 0.0944955 0.0892914 0.1398724 0.0876872 0.0715228 0.0905370 0.1267614 0.0862779 0.1309523 0.1437660 0.0722039 0.1206244 0.1337819 0.1449361 0.1128450 0.1509394 0.0956825 0.1064532 0.1855090 0.1695987 0.1302268 0.0903136 0.1129225 0.1050626 0.0912354 0.0995605 0.1596940 0.1160822 0.0850642 0.1419084 0.1406540 0.1286853 
Vombatidae_Lasiorhinus_latifrons             0.0980359 0.1171146 0.0000000 0.0716436 0.0681820 0.1299313 0.1104840 0.0802142 0.0726841 0.1700635 0.0526734 0.1294471 0.1249072 0.0874839 0.0704157 0.1294116 0.1397115 0.0979155 0.1305891 0.0667010 0.0781581 0.2335794 0.1660252 0.1328002 0.0620739 0.0833427 0.0719924 0.0648936 0.0718084 0.1254076 0.0683336 0.0497643 0.1243788 0.1357399 0.1700076 
Potoroidae_Bettongia_penicillata             0.0727156 0.0944955 0.0716436 0.0000000 0.0017536 0.1330517 0.0905260 0.0585347 0.0046629 0.1597833 0.0459429 0.1307244 0.1326202 0.0613564 0.0586138 0.1306056 0.1422924 0.0865794 0.1149618 0.0119956 0.0596505 0.2069456 0.1545580 0.1341464 0.0212195 0.0961324 0.0599449 0.0120345 0.0561836 0.1064027 0.0600114 0.0458242 0.1218026 0.1401384 0.1588758 
Potoroidae_Bettongia_lesueur                 0.0718781 0.0892914 0.0681820 0.0017536 0.0000000 0.1337176 0.0885092 0.0565056 0.0043051 0.1577767 0.0445566 0.1313973 0.1315775 0.0592345 0.0561243 0.1312757 0.1418336 0.0862678 0.1144030 0.0118593 0.0585573 0.2054860 0.1521552 0.1347553 0.0204423 0.0935484 0.0570047 0.0113834 0.0547416 0.1058602 0.0581257 0.0434554 0.1212439 0.1407369 0.1569171 
Dasyuridae_Dasyurus_maculatus                0.1383022 0.1398724 0.1299313 0.1330517 0.1337176 0.0000000 0.1527705 0.1226866 0.1379856 0.1976584 0.1001017 0.0096058 0.0161757 0.1305767 0.1210574 0.0096772 0.0033460 0.0144238 0.1572157 0.1323825 0.1225107 0.2492527 0.1911493 0.0098241 0.1309886 0.1124312 0.1206345 0.1319145 0.1189469 0.1705172 0.1284362 0.1029554 0.1532357 0.0023428 0.1963667 
Phalangeridae_Trichosurus_vulpecula          0.0397331 0.0876872 0.1104840 0.0905260 0.0885092 0.1527705 0.0000000 0.0207772 0.0858223 0.1274339 0.0278830 0.1462432 0.1526164 0.0274886 0.0966855 0.1448925 0.1592745 0.1009718 0.1509667 0.0941805 0.0984891 0.1656207 0.2099223 0.1477837 0.0849745 0.1199292 0.0887534 0.0882109 0.0936136 0.1435313 0.0923091 0.0469234 0.1525579 0.1553974 0.1357708 
Phalangeridae_Spilocuscus_maculatus          0.0331792 0.0715228 0.0802142 0.0585347 0.0565056 0.1226866 0.0207772 0.0000000 0.0565313 0.1256616 0.0095824 0.1171179 0.1206799 0.0085731 0.0617988 0.1176862 0.1287362 0.0837743 0.1278620 0.0631993 0.0704394 0.1658610 0.1638917 0.1180603 0.0595412 0.0960110 0.0659630 0.0594073 0.0672777 0.1170618 0.0634517 0.0152345 0.1269768 0.1233307 0.1265708 
Potoroidae_Aepyprymnus_rufescens             0.0678444 0.0905370 0.0726841 0.0046629 0.0043051 0.1379856 0.0858223 0.0565313 0.0000000 0.1494623 0.0448988 0.1340478 0.1337660 0.0592274 0.0625533 0.1345199 0.1430301 0.0871683 0.1101829 0.0120059 0.0620105 0.2052186 0.1573568 0.1353135 0.0217864 0.0931458 0.0602809 0.0119059 0.0585236 0.1025831 0.0585290 0.0452139 0.1193622 0.1436368 0.1520760 
Peramelidae_Perameles_nasuta                 0.1136122 0.1267614 0.1700635 0.1597833 0.1577767 0.1976584 0.1274339 0.1256616 0.1494623 0.0000000 0.1287174 0.1850582 0.1937489 0.1385132 0.1800034 0.1889796 0.1986097 0.1380273 0.0168792 0.1528253 0.1732791 0.2072221 0.2347444 0.1879556 0.1599209 0.1751841 0.1658674 0.1527325 0.1702219 0.2104118 0.1769629 0.1543737 0.0154597 0.1968905 0.0017601 
Phalangeridae_Strigocuscus_pelengensis       0.0401859 0.0862779 0.0526734 0.0459429 0.0445566 0.1001017 0.0278830 0.0095824 0.0448988 0.1287174 0.0000000 0.0919062 0.0919246 0.0136091 0.0389419 0.0903768 0.1036492 0.0855088 0.1163899 0.0463626 0.0485446 0.1771893 0.1450888 0.0909532 0.0449493 0.0688522 0.0443401 0.0441539 0.0481348 0.0925688 0.0426450 0.0097438 0.1164242 0.1023197 0.1278527 
Dasyuridae_Phascogale_tapoatafa              0.1351510 0.1309523 0.1294471 0.1307244 0.1313973 0.0096058 0.1462432 0.1171179 0.1340478 0.1850582 0.0919062 0.0000000 0.0152119 0.1247864 0.1181910 0.0016729 0.0115830 0.0143962 0.1457306 0.1264661 0.1200946 0.2490063 0.1897026 0.0049139 0.1238662 0.1094089 0.1161680 0.1247315 0.1200876 0.1722459 0.1273543 0.0983673 0.1462087 0.0112207 0.1843995 
Dasyuridae_Sminthopsis_macroura              0.1443944 0.1437660 0.1249072 0.1326202 0.1315775 0.0161757 0.1526164 0.1206799 0.1337660 0.1937489 0.0919246 0.0152119 0.0000000 0.1279091 0.1185381 0.0155656 0.0173594 0.0086520 0.1577353 0.1274811 0.1180992 0.2475674 0.2002030 0.0148461 0.1243868 0.1127213 0.1162155 0.1257822 0.1125197 0.1696335 0.1264655 0.0989713 0.1484151 0.0182603 0.1924458 
Phalangeridae_Phalanger_orientalis           0.0369169 0.0722039 0.0874839 0.0613564 0.0592345 0.1305767 0.0274886 0.0085731 0.0592274 0.1385132 0.0136091 0.1247864 0.1279091 0.0000000 0.0694864 0.1253204 0.1366682 0.0947677 0.1349400 0.0666040 0.0800488 0.1759021 0.1800838 0.1250241 0.0617085 0.1046383 0.0730121 0.0622761 0.0772441 0.1299816 0.0715574 0.0126830 0.1340659 0.1354464 0.1384517 
Acrobatidae_Acrobates_pygmaeus               0.0803202 0.1206244 0.0704157 0.0586138 0.0561243 0.1210574 0.0966855 0.0617988 0.0625533 0.1800034 0.0389419 0.1181910 0.1185381 0.0694864 0.0000000 0.1171416 0.1291334 0.0955339 0.1354676 0.0570661 0.0353706 0.2239201 0.1553715 0.1155404 0.0498998 0.0760823 0.0327080 0.0521250 0.0331935 0.0779846 0.0144865 0.0338526 0.1284392 0.1249104 0.1799558 
Dasyuridae_Phascogale_calura                 0.1359069 0.1337819 0.1294116 0.1306056 0.1312757 0.0096772 0.1448925 0.1176862 0.1345199 0.1889796 0.0903768 0.0016729 0.0155656 0.1253204 0.1171416 0.0000000 0.0116461 0.0143094 0.1478733 0.1276341 0.1197405 0.2500756 0.1886141 0.0049856 0.1249993 0.1088211 0.1180066 0.1270227 0.1196264 0.1708340 0.1279244 0.0990258 0.1478270 0.0116962 0.1883316 
Dasyuridae_Sarcophilus_harrisii              0.1414318 0.1449361 0.1397115 0.1422924 0.1418336 0.0033460 0.1592745 0.1287362 0.1430301 0.1986097 0.1036492 0.0115830 0.0173594 0.1366682 0.1291334 0.0116461 0.0000000 0.0152701 0.1601811 0.1378735 0.1315345 0.2492419 0.1934384 0.0110666 0.1378504 0.1179275 0.1268287 0.1385339 0.1252040 0.1724144 0.1327811 0.1083702 0.1589256 0.0039324 0.1980723 
Dasyuridae_Planigale_tenuirostris            0.0954943 0.1128450 0.0979155 0.0865794 0.0862678 0.0144238 0.1009718 0.0837743 0.0871683 0.1380273 0.0855088 0.0143962 0.0086520 0.0947677 0.0955339 0.0143094 0.0152701 0.0000000 0.1258321 0.0887264 0.0958766 0.1910847 0.1522683 0.0126342 0.0923411 0.0895871 0.0945389 0.0873267 0.0948805 0.1314488 0.1060841 0.0764932 0.1224984 0.0154488 0.1387744 
Peramelidae_Echymipera_kalubu                0.1430881 0.1509394 0.1305891 0.1149618 0.1144030 0.1572157 0.1509667 0.1278620 0.1101829 0.0168792 0.1163899 0.1457306 0.1577353 0.1349400 0.1354676 0.1478733 0.1601811 0.1258321 0.0000000 0.1111671 0.1291992 0.2448955 0.1923244 0.1529752 0.1173647 0.1313136 0.1199024 0.1096383 0.1274503 0.1725637 0.1329011 0.1026316 0.0082846 0.1573445 0.0162379 
Macropodidae_Dorcopsulus_vanheurni           0.0779866 0.0956825 0.0667010 0.0119956 0.0118593 0.1323825 0.0941805 0.0631993 0.0120059 0.1528253 0.0463626 0.1264661 0.1274811 0.0666040 0.0570661 0.1276341 0.1378735 0.0887264 0.1111671 0.0000000 0.0606657 0.2087370 0.1489163 0.1283911 0.0183853 0.0856894 0.0577045 0.0045831 0.0543337 0.1180100 0.0557228 0.0409813 0.1122374 0.1370490 0.1519366 
Pseudochiridae_Pseudochirulus_forbesi        0.0832649 0.1064532 0.0781581 0.0596505 0.0585573 0.1225107 0.0984891 0.0704394 0.0620105 0.1732791 0.0485446 0.1200946 0.1180992 0.0800488 0.0353706 0.1197405 0.1315345 0.0958766 0.1291992 0.0606657 0.0000000 0.2108892 0.1483776 0.1183586 0.0611520 0.0724616 0.0158444 0.0553620 0.0077844 0.0722905 0.0355115 0.0416243 0.1215577 0.1287558 0.1738008 
Didelphidae_Didelphis_virginiana             0.1480505 0.1855090 0.2335794 0.2069456 0.2054860 0.2492527 0.1656207 0.1658610 0.2052186 0.2072221 0.1771893 0.2490063 0.2475674 0.1759021 0.2239201 0.2500756 0.2492419 0.1910847 0.2448955 0.2087370 0.2108892 0.0000000 0.0757518 0.2512920 0.2049304 0.2028422 0.2151979 0.2043968 0.2017040 0.2538077 0.2106530 0.1963214 0.2455835 0.2446648 0.2241944 
Marmosidae_Monodelphis_domestica             0.1840410 0.1695987 0.1660252 0.1545580 0.1521552 0.1911493 0.2099223 0.1638917 0.1573568 0.2347444 0.1450888 0.1897026 0.2002030 0.1800838 0.1553715 0.1886141 0.1934384 0.1522683 0.1923244 0.1489163 0.1483776 0.0757518 0.0000000 0.1943168 0.1433077 0.1385744 0.1565931 0.1421271 0.1462311 0.2063203 0.1444889 0.1349113 0.1901588 0.1982809 0.2340241 
Dasyuridae_Antechinus_stuartii               0.1360502 0.1302268 0.1328002 0.1341464 0.1347553 0.0098241 0.1477837 0.1180603 0.1353135 0.1879556 0.0909532 0.0049139 0.0148461 0.1250241 0.1155404 0.0049856 0.0110666 0.0126342 0.1529752 0.1283911 0.1183586 0.2512920 0.1943168 0.0000000 0.1247331 0.1115924 0.1117462 0.1272234 0.1163664 0.1639829 0.1258738 0.0991852 0.1503605 0.0112034 0.1867869 
Hypsiprymnodontidae_Hypsiprymnodon_moschatus 0.0746233 0.0903136 0.0620739 0.0212195 0.0204423 0.1309886 0.0849745 0.0595412 0.0217864 0.1599209 0.0449493 0.1238662 0.1243868 0.0617085 0.0498998 0.1249993 0.1378504 0.0923411 0.1173647 0.0183853 0.0611520 0.2049304 0.1433077 0.1247331 0.0000000 0.0804827 0.0556780 0.0175950 0.0576373 0.1175092 0.0539476 0.0366332 0.1167705 0.1361415 0.1598309 
Microbiotheriidae_Dromiciops_gliroides       0.1068685 0.1129225 0.0833427 0.0961324 0.0935484 0.1124312 0.1199292 0.0960110 0.0931458 0.1751841 0.0688522 0.1094089 0.1127213 0.1046383 0.0760823 0.1088211 0.1179275 0.0895871 0.1313136 0.0856894 0.0724616 0.2028422 0.1385744 0.1115924 0.0804827 0.0000000 0.0793567 0.0835340 0.0758619 0.1251044 0.0726093 0.0608663 0.1304189 0.1215788 0.1748192 
Pseudochiridae_Petauroides_volans            0.0792475 0.1050626 0.0719924 0.0599449 0.0570047 0.1206345 0.0887534 0.0659630 0.0602809 0.1658674 0.0443401 0.1161680 0.1162155 0.0730121 0.0327080 0.1180066 0.1268287 0.0945389 0.1199024 0.0577045 0.0158444 0.2151979 0.1565931 0.1117462 0.0556780 0.0793567 0.0000000 0.0533395 0.0142505 0.0698523 0.0360292 0.0380839 0.1209244 0.1253527 0.1671031 
Macropodidae_Wallabia_bicolor                0.0724243 0.0912354 0.0648936 0.0120345 0.0113834 0.1319145 0.0882109 0.0594073 0.0119059 0.1527325 0.0441539 0.1247315 0.1257822 0.0622761 0.0521250 0.1270227 0.1385339 0.0873267 0.1096383 0.0045831 0.0553620 0.2043968 0.1421271 0.1272234 0.0175950 0.0835340 0.0533395 0.0000000 0.0497378 0.1139045 0.0526938 0.0395858 0.1122316 0.1371783 0.1522519 
Pseudochiridae_Pseudocheirus_occidentalis    0.0789099 0.0995605 0.0718084 0.0561836 0.0547416 0.1189469 0.0936136 0.0672777 0.0585236 0.1702219 0.0481348 0.1200876 0.1125197 0.0772441 0.0331935 0.1196264 0.1252040 0.0948805 0.1274503 0.0543337 0.0077844 0.2017040 0.1462311 0.1163664 0.0576373 0.0758619 0.0142505 0.0497378 0.0000000 0.0676459 0.0327094 0.0397757 0.1248107 0.1226717 0.1696378 
Tarsipedidae_Tarsipes_rostratus              0.1244283 0.1596940 0.1254076 0.1064027 0.1058602 0.1705172 0.1435313 0.1170618 0.1025831 0.2104118 0.0925688 0.1722459 0.1696335 0.1299816 0.0779846 0.1708340 0.1724144 0.1314488 0.1725637 0.1180100 0.0722905 0.2538077 0.2063203 0.1639829 0.1175092 0.1251044 0.0698523 0.1139045 0.0676459 0.0000000 0.0828037 0.0958061 0.1670461 0.1726750 0.2092310 
Acrobatidae_Distoechurus_pennatus            0.0789623 0.1160822 0.0683336 0.0600114 0.0581257 0.1284362 0.0923091 0.0634517 0.0585290 0.1769629 0.0426450 0.1273543 0.1264655 0.0715574 0.0144865 0.1279244 0.1327811 0.1060841 0.1329011 0.0557228 0.0355115 0.2106530 0.1444889 0.1258738 0.0539476 0.0726093 0.0360292 0.0526938 0.0327094 0.0828037 0.0000000 0.0357632 0.1286034 0.1319231 0.1751247 
Phalangeridae_Phalanger_carmelitae           0.0570283 0.0850642 0.0497643 0.0458242 0.0434554 0.1029554 0.0469234 0.0152345 0.0452139 0.1543737 0.0097438 0.0983673 0.0989713 0.0126830 0.0338526 0.0990258 0.1083702 0.0764932 0.1026316 0.0409813 0.0416243 0.1963214 0.1349113 0.0991852 0.0366332 0.0608663 0.0380839 0.0395858 0.0397757 0.0958061 0.0357632 0.0000000 0.1041050 0.1062694 0.1545957 
Peramelidae_Peroryctes_raffrayana            0.1415667 0.1419084 0.1243788 0.1218026 0.1212439 0.1532357 0.1525579 0.1269768 0.1193622 0.0154597 0.1164242 0.1462087 0.1484151 0.1340659 0.1284392 0.1478270 0.1589256 0.1224984 0.0082846 0.1122374 0.1215577 0.2455835 0.1901588 0.1503605 0.1167705 0.1304189 0.1209244 0.1122316 0.1248107 0.1670461 0.1286034 0.1041050 0.0000000 0.1580666 0.0145655 
Dasyuridae_Dasyurus_geffroii                 0.1394148 0.1406540 0.1357399 0.1401384 0.1407369 0.0023428 0.1553974 0.1233307 0.1436368 0.1968905 0.1023197 0.0112207 0.0182603 0.1354464 0.1249104 0.0116962 0.0039324 0.0154488 0.1573445 0.1370490 0.1287558 0.2446648 0.1982809 0.0112034 0.1361415 0.1215788 0.1253527 0.1371783 0.1226717 0.1726750 0.1319231 0.1062694 0.1580666 0.0000000 0.1984718 
Peramelidae_Perameles_gunnii                 0.1245464 0.1286853 0.1700076 0.1588758 0.1569171 0.1963667 0.1357708 0.1265708 0.1520760 0.0017601 0.1278527 0.1843995 0.1924458 0.1384517 0.1799558 0.1883316 0.1980723 0.1387744 0.0162379 0.1519366 0.1738008 0.2241944 0.2340241 0.1867869 0.1598309 0.1748192 0.1671031 0.1522519 0.1696378 0.2092310 0.1751247 0.1545957 0.0145655 0.1984718 0.0000000 
