35
Burramyidae_Burramys_parvus                  0.0000000 0.0655748 0.0520439 0.0542459 0.0427549 0.0590549 0.0377216 0.0441834 0.0431565 0.0771017 0.0482202 0.0584514 0.0584243 0.0447897 0.0546926 0.0591701 0.0577765 0.0584544 0.0776659 0.0526612 0.0591122 0.0715854 0.0640730 0.0562285 0.0428488 0.0513014 0.0364611 0.0471003 0.0529219 0.0662145 0.0669313 0.0454326 0.0798042 0.0578575 0.0787957 
Notoryctidae_Notoryctes_typhlops             0.0655748 0.0000000 0.0525557 0.0644961 0.0576739 0.0532596 0.0472491 0.0537089 0.0580385 0.0699156 0.0586490 0.0512850 0.0518753 0.0553505 0.0660004 0.0524756 0.0505388 0.0540716 0.0680098 0.0630323 0.0644443 0.0650417 0.0634300 0.0536653 0.0581036 0.0536623 0.0541902 0.0592380 0.0592553 0.0746083 0.0728701 0.0556713 0.0781196 0.0525865 0.0696120 
Vombatidae_Lasiorhinus_latifrons             0.0520439 0.0525557 0.0000000 0.0498730 0.0437804 0.0489923 0.0398826 0.0447565 0.0462435 0.0621547 0.0485821 0.0490993 0.0470974 0.0446716 0.0524759 0.0488280 0.0457360 0.0488567 0.0643136 0.0487674 0.0531111 0.0608242 0.0604790 0.0520722 0.0455820 0.0490350 0.0427262 0.0494556 0.0463917 0.0607446 0.0572053 0.0435450 0.0709411 0.0490120 0.0655482 
Potoroidae_Bettongia_penicillata             0.0542459 0.0644961 0.0498730 0.0000000 0.0099246 0.0564847 0.0467498 0.0489930 0.0166652 0.0680420 0.0509648 0.0572758 0.0565645 0.0497681 0.0501764 0.0573846 0.0539019 0.0572421 0.0698644 0.0096358 0.0508757 0.0679961 0.0637518 0.0606480 0.0368983 0.0525542 0.0408805 0.0219479 0.0423502 0.0491403 0.0525171 0.0494262 0.0669950 0.0573099 0.0735064 
Potoroidae_Bettongia_lesueur                 0.0427549 0.0576739 0.0437804 0.0099246 0.0000000 0.0493073 0.0370218 0.0447122 0.0065294 0.0663970 0.0470042 0.0500663 0.0498466 0.0453810 0.0515071 0.0494363 0.0478514 0.0513233 0.0676152 0.0177132 0.0586276 0.0666151 0.0638850 0.0466350 0.0229438 0.0439821 0.0372336 0.0149751 0.0494365 0.0535310 0.0507852 0.0450172 0.0659653 0.0495358 0.0698025 
Dasyuridae_Dasyurus_maculatus                0.0590549 0.0532596 0.0489923 0.0564847 0.0493073 0.0000000 0.0455554 0.0511899 0.0537210 0.0633680 0.0546704 0.0089361 0.0103536 0.0512541 0.0622174 0.0096334 0.0053323 0.0118834 0.0655368 0.0560948 0.0622962 0.0566389 0.0553149 0.0162991 0.0527361 0.0512281 0.0492076 0.0575637 0.0545978 0.0679524 0.0682444 0.0511526 0.0689637 0.0031201 0.0672817 
Phalangeridae_Trichosurus_vulpecula          0.0377216 0.0472491 0.0398826 0.0467498 0.0370218 0.0455554 0.0000000 0.0207740 0.0372650 0.0642894 0.0256127 0.0452650 0.0442821 0.0208434 0.0511663 0.0461966 0.0437581 0.0439701 0.0629668 0.0454938 0.0505248 0.0602998 0.0597838 0.0486913 0.0366578 0.0447335 0.0342660 0.0400221 0.0472172 0.0595474 0.0565128 0.0209929 0.0672084 0.0457658 0.0667023 
Phalangeridae_Spilocuscus_maculatus          0.0441834 0.0537089 0.0447565 0.0489930 0.0447122 0.0511899 0.0207740 0.0000000 0.0462102 0.0688209 0.0125218 0.0506566 0.0493423 0.0081080 0.0509935 0.0523285 0.0489748 0.0499620 0.0696655 0.0484546 0.0520500 0.0669197 0.0663616 0.0548446 0.0452770 0.0537045 0.0415825 0.0481872 0.0451339 0.0625952 0.0590444 0.0080876 0.0732753 0.0509510 0.0716376 
Potoroidae_Aepyprymnus_rufescens             0.0431565 0.0580385 0.0462435 0.0166652 0.0065294 0.0537210 0.0372650 0.0462102 0.0000000 0.0698202 0.0498978 0.0537854 0.0538314 0.0469260 0.0510046 0.0545897 0.0512214 0.0541091 0.0708303 0.0234476 0.0559812 0.0669756 0.0612952 0.0514284 0.0256318 0.0429434 0.0350387 0.0149942 0.0479683 0.0589093 0.0602561 0.0463422 0.0693890 0.0537371 0.0740599 
Peramelidae_Perameles_nasuta                 0.0771017 0.0699156 0.0621547 0.0680420 0.0663970 0.0633680 0.0642894 0.0688209 0.0698202 0.0000000 0.0752795 0.0635565 0.0608082 0.0702213 0.0724874 0.0646874 0.0601223 0.0633596 0.0095047 0.0658990 0.0714972 0.0737907 0.0745956 0.0703010 0.0697920 0.0655300 0.0629510 0.0721496 0.0662744 0.0780486 0.0805393 0.0697114 0.0127871 0.0613316 0.0020644 
Phalangeridae_Strigocuscus_pelengensis       0.0482202 0.0586490 0.0485821 0.0509648 0.0470042 0.0546704 0.0256127 0.0125218 0.0498978 0.0752795 0.0000000 0.0536384 0.0525757 0.0120820 0.0546430 0.0552440 0.0537534 0.0521707 0.0757672 0.0495255 0.0538568 0.0677234 0.0677161 0.0594468 0.0475871 0.0561104 0.0442377 0.0524814 0.0481136 0.0614596 0.0614549 0.0120469 0.0794767 0.0552062 0.0771570 
Dasyuridae_Phascogale_tapoatafa              0.0584514 0.0512850 0.0490993 0.0572758 0.0500663 0.0089361 0.0452650 0.0506566 0.0537854 0.0635565 0.0536384 0.0000000 0.0099535 0.0506238 0.0623683 0.0013746 0.0084415 0.0114855 0.0643475 0.0583995 0.0633096 0.0557005 0.0549190 0.0114673 0.0522311 0.0499509 0.0497554 0.0582988 0.0560015 0.0681973 0.0682707 0.0504773 0.0684740 0.0087593 0.0665970 
Dasyuridae_Sminthopsis_macroura              0.0584243 0.0518753 0.0470974 0.0565645 0.0498466 0.0103536 0.0442821 0.0493423 0.0538314 0.0608082 0.0525757 0.0099535 0.0000000 0.0493740 0.0602063 0.0104989 0.0088328 0.0070143 0.0617835 0.0563777 0.0610571 0.0550900 0.0553408 0.0173824 0.0522196 0.0509922 0.0469333 0.0581140 0.0537803 0.0662595 0.0658459 0.0487248 0.0657646 0.0101386 0.0642484 
Phalangeridae_Phalanger_orientalis           0.0447897 0.0553505 0.0446716 0.0497681 0.0453810 0.0512541 0.0208434 0.0081080 0.0469260 0.0702213 0.0120820 0.0506238 0.0493740 0.0000000 0.0521918 0.0509817 0.0493660 0.0491278 0.0709676 0.0487291 0.0535862 0.0660780 0.0667114 0.0556105 0.0446303 0.0536218 0.0429090 0.0496152 0.0483976 0.0613061 0.0592081 0.0022855 0.0757694 0.0516764 0.0731260 
Acrobatidae_Acrobates_pygmaeus               0.0546926 0.0660004 0.0524759 0.0501764 0.0515071 0.0622174 0.0511663 0.0509935 0.0510046 0.0724874 0.0546430 0.0623683 0.0602063 0.0521918 0.0000000 0.0637285 0.0592185 0.0595739 0.0752209 0.0475901 0.0459389 0.0684867 0.0650037 0.0645786 0.0556462 0.0579861 0.0434428 0.0532397 0.0406003 0.0547207 0.0386420 0.0505261 0.0754331 0.0615408 0.0764159 
Dasyuridae_Phascogale_calura                 0.0591701 0.0524756 0.0488280 0.0573846 0.0494363 0.0096334 0.0461966 0.0523285 0.0545897 0.0646874 0.0552440 0.0013746 0.0104989 0.0509817 0.0637285 0.0000000 0.0090496 0.0116558 0.0664500 0.0588374 0.0652954 0.0582769 0.0565383 0.0123735 0.0527673 0.0515368 0.0510868 0.0585491 0.0575796 0.0696757 0.0675973 0.0505911 0.0688565 0.0096716 0.0684803 
Dasyuridae_Sarcophilus_harrisii              0.0577765 0.0505388 0.0457360 0.0539019 0.0478514 0.0053323 0.0437581 0.0489748 0.0512214 0.0601223 0.0537534 0.0084415 0.0088328 0.0493660 0.0592185 0.0090496 0.0000000 0.0112592 0.0621600 0.0541882 0.0605532 0.0544236 0.0552039 0.0150920 0.0510251 0.0492499 0.0475025 0.0550490 0.0533151 0.0668743 0.0659486 0.0492225 0.0666412 0.0050405 0.0638364 
Dasyuridae_Planigale_tenuirostris            0.0584544 0.0540716 0.0488567 0.0572421 0.0513233 0.0118834 0.0439701 0.0499620 0.0541091 0.0633596 0.0521707 0.0114855 0.0070143 0.0491278 0.0595739 0.0116558 0.0112592 0.0000000 0.0628406 0.0564396 0.0619089 0.0578913 0.0570792 0.0194559 0.0538735 0.0518808 0.0483303 0.0582346 0.0549228 0.0673943 0.0661583 0.0487450 0.0664639 0.0121349 0.0663100 
Peramelidae_Echymipera_kalubu                0.0776659 0.0680098 0.0643136 0.0698644 0.0676152 0.0655368 0.0629668 0.0696655 0.0708303 0.0095047 0.0757672 0.0643475 0.0617835 0.0709676 0.0752209 0.0664500 0.0621600 0.0628406 0.0000000 0.0662658 0.0746782 0.0720674 0.0748795 0.0711090 0.0699580 0.0659619 0.0656374 0.0724880 0.0689580 0.0794299 0.0798576 0.0703998 0.0127325 0.0636526 0.0113879 
Macropodidae_Dorcopsulus_vanheurni           0.0526612 0.0630323 0.0487674 0.0096358 0.0177132 0.0560948 0.0454938 0.0484546 0.0234476 0.0658990 0.0495255 0.0583995 0.0563777 0.0487291 0.0475901 0.0588374 0.0541882 0.0564396 0.0662658 0.0000000 0.0464248 0.0659813 0.0617373 0.0618634 0.0356279 0.0530387 0.0393346 0.0194036 0.0410469 0.0484246 0.0504484 0.0479209 0.0653992 0.0575770 0.0703317 
Pseudochiridae_Pseudochirulus_forbesi        0.0591122 0.0644443 0.0531111 0.0508757 0.0586276 0.0622962 0.0505248 0.0520500 0.0559812 0.0714972 0.0538568 0.0633096 0.0610571 0.0535862 0.0459389 0.0652954 0.0605532 0.0619089 0.0746782 0.0464248 0.0000000 0.0728296 0.0689135 0.0661614 0.0558469 0.0606760 0.0341735 0.0572929 0.0182979 0.0476977 0.0486865 0.0523447 0.0723566 0.0635498 0.0760108 
Didelphidae_Didelphis_virginiana             0.0715854 0.0650417 0.0608242 0.0679961 0.0666151 0.0566389 0.0602998 0.0669197 0.0669756 0.0737907 0.0677234 0.0557005 0.0550900 0.0660780 0.0684867 0.0582769 0.0544236 0.0578913 0.0720674 0.0659813 0.0728296 0.0000000 0.0208959 0.0605895 0.0676130 0.0611550 0.0641259 0.0692300 0.0688570 0.0743978 0.0756601 0.0650234 0.0780383 0.0561456 0.0756728 
Marmosidae_Monodelphis_domestica             0.0640730 0.0634300 0.0604790 0.0637518 0.0638850 0.0553149 0.0597838 0.0663616 0.0612952 0.0745956 0.0677161 0.0549190 0.0553408 0.0667114 0.0650037 0.0565383 0.0552039 0.0570792 0.0748795 0.0617373 0.0689135 0.0208959 0.0000000 0.0589289 0.0687335 0.0537688 0.0582635 0.0640532 0.0638368 0.0727742 0.0734979 0.0656288 0.0770003 0.0550399 0.0784966 
Dasyuridae_Antechinus_stuartii               0.0562285 0.0536653 0.0520722 0.0606480 0.0466350 0.0162991 0.0486913 0.0548446 0.0514284 0.0703010 0.0594468 0.0114673 0.0173824 0.0556105 0.0645786 0.0123735 0.0150920 0.0194559 0.0711090 0.0618634 0.0661614 0.0605895 0.0589289 0.0000000 0.0533328 0.0486308 0.0496673 0.0580778 0.0579881 0.0712910 0.0734101 0.0552478 0.0737773 0.0156770 0.0731191 
Hypsiprymnodontidae_Hypsiprymnodon_moschatus 0.0428488 0.0581036 0.0455820 0.0368983 0.0229438 0.0527361 0.0366578 0.0452770 0.0256318 0.0697920 0.0475871 0.0522311 0.0522196 0.0446303 0.0556462 0.0527673 0.0510251 0.0538735 0.0699580 0.0356279 0.0558469 0.0676130 0.0687335 0.0533328 0.0000000 0.0478400 0.0352090 0.0287921 0.0495481 0.0640700 0.0625040 0.0444903 0.0722220 0.0527372 0.0724228 
Microbiotheriidae_Dromiciops_gliroides       0.0513014 0.0536623 0.0490350 0.0525542 0.0439821 0.0512281 0.0447335 0.0537045 0.0429434 0.0655300 0.0561104 0.0499509 0.0509922 0.0536218 0.0579861 0.0515368 0.0492499 0.0518808 0.0659619 0.0530387 0.0606760 0.0611550 0.0537688 0.0486308 0.0478400 0.0000000 0.0451005 0.0455850 0.0521877 0.0633563 0.0728961 0.0521262 0.0676485 0.0496129 0.0678722 
Pseudochiridae_Petauroides_volans            0.0364611 0.0541902 0.0427262 0.0408805 0.0372336 0.0492076 0.0342660 0.0415825 0.0350387 0.0629510 0.0442377 0.0497554 0.0469333 0.0429090 0.0434428 0.0510868 0.0475025 0.0483303 0.0656374 0.0393346 0.0341735 0.0641259 0.0582635 0.0496673 0.0352090 0.0451005 0.0000000 0.0388645 0.0282031 0.0442580 0.0436413 0.0425699 0.0618332 0.0486099 0.0671222 
Macropodidae_Wallabia_bicolor                0.0471003 0.0592380 0.0494556 0.0219479 0.0149751 0.0575637 0.0400221 0.0481872 0.0149942 0.0721496 0.0524814 0.0582988 0.0581140 0.0496152 0.0532397 0.0585491 0.0550490 0.0582346 0.0724880 0.0194036 0.0572929 0.0692300 0.0640532 0.0580778 0.0287921 0.0455850 0.0388645 0.0000000 0.0506290 0.0640952 0.0643946 0.0492947 0.0718278 0.0577200 0.0755002 
Pseudochiridae_Pseudocheirus_occidentalis    0.0529219 0.0592553 0.0463917 0.0423502 0.0494365 0.0545978 0.0472172 0.0451339 0.0479683 0.0662744 0.0481136 0.0560015 0.0537803 0.0483976 0.0406003 0.0575796 0.0533151 0.0549228 0.0689580 0.0410469 0.0182979 0.0688570 0.0638368 0.0579881 0.0495481 0.0521877 0.0282031 0.0506290 0.0000000 0.0413942 0.0417948 0.0466299 0.0679987 0.0557748 0.0717705 
Tarsipedidae_Tarsipes_rostratus              0.0662145 0.0746083 0.0607446 0.0491403 0.0535310 0.0679524 0.0595474 0.0625952 0.0589093 0.0780486 0.0614596 0.0681973 0.0662595 0.0613061 0.0547207 0.0696757 0.0668743 0.0673943 0.0794299 0.0484246 0.0476977 0.0743978 0.0727742 0.0712910 0.0640700 0.0633563 0.0442580 0.0640952 0.0413942 0.0000000 0.0514426 0.0600814 0.0761656 0.0670749 0.0816930 
Acrobatidae_Distoechurus_pennatus            0.0669313 0.0728701 0.0572053 0.0525171 0.0507852 0.0682444 0.0565128 0.0590444 0.0602561 0.0805393 0.0614549 0.0682707 0.0658459 0.0592081 0.0386420 0.0675973 0.0659486 0.0661583 0.0798576 0.0504484 0.0486865 0.0756601 0.0734979 0.0734101 0.0625040 0.0728961 0.0436413 0.0643946 0.0417948 0.0514426 0.0000000 0.0577774 0.0851563 0.0674079 0.0830393 
Phalangeridae_Phalanger_carmelitae           0.0454326 0.0556713 0.0435450 0.0494262 0.0450172 0.0511526 0.0209929 0.0080876 0.0463422 0.0697114 0.0120469 0.0504773 0.0487248 0.0022855 0.0505261 0.0505911 0.0492225 0.0487450 0.0703998 0.0479209 0.0523447 0.0650234 0.0656288 0.0552478 0.0444903 0.0521262 0.0425699 0.0492947 0.0466299 0.0600814 0.0577774 0.0000000 0.0751851 0.0515264 0.0728687 
Peramelidae_Peroryctes_raffrayana            0.0798042 0.0781196 0.0709411 0.0669950 0.0659653 0.0689637 0.0672084 0.0732753 0.0693890 0.0127871 0.0794767 0.0684740 0.0657646 0.0757694 0.0754331 0.0688565 0.0666412 0.0664639 0.0127325 0.0653992 0.0723566 0.0780383 0.0770003 0.0737773 0.0722220 0.0676485 0.0618332 0.0718278 0.0679987 0.0761656 0.0851563 0.0751851 0.0000000 0.0667488 0.0154392 
Dasyuridae_Dasyurus_geffroii                 0.0578575 0.0525865 0.0490120 0.0573099 0.0495358 0.0031201 0.0457658 0.0509510 0.0537371 0.0613316 0.0552062 0.0087593 0.0101386 0.0516764 0.0615408 0.0096716 0.0050405 0.0121349 0.0636526 0.0575770 0.0635498 0.0561456 0.0550399 0.0156770 0.0527372 0.0496129 0.0486099 0.0577200 0.0557748 0.0670749 0.0674079 0.0515264 0.0667488 0.0000000 0.0653433 
Peramelidae_Perameles_gunnii                 0.0787957 0.0696120 0.0655482 0.0735064 0.0698025 0.0672817 0.0667023 0.0716376 0.0740599 0.0020644 0.0771570 0.0665970 0.0642484 0.0731260 0.0764159 0.0684803 0.0638364 0.0663100 0.0113879 0.0703317 0.0760108 0.0756728 0.0784966 0.0731191 0.0724228 0.0678722 0.0671222 0.0755002 0.0717705 0.0816930 0.0830393 0.0728687 0.0154392 0.0653433 0.0000000 
