35
Burramyidae_Burramys_parvus                  0.0000000 0.0371841 0.0260489 0.0287546 0.0290721 0.0407635 0.0233277 0.0268155 0.0283785 0.0400103 0.0278449 0.0381053 0.0408361 0.0272137 0.0230532 0.0380423 0.0406212 0.0451733 0.0380451 0.0336181 0.0287819 0.0552847 0.0419137 0.0388342 0.0239688 0.0325048 0.0274888 0.0322992 0.0279873 0.0425884 0.0250135 0.0261205 0.0463035 0.0386299 0.0400511 
Notoryctidae_Notoryctes_typhlops             0.0371841 0.0000000 0.0303294 0.0349463 0.0355269 0.0406380 0.0316782 0.0345785 0.0346193 0.0407985 0.0368744 0.0388628 0.0403458 0.0363030 0.0299247 0.0392506 0.0414299 0.0369374 0.0403390 0.0398808 0.0369500 0.0558402 0.0420863 0.0397077 0.0295907 0.0317590 0.0354990 0.0375771 0.0329485 0.0494611 0.0335258 0.0329799 0.0426182 0.0391518 0.0436261 
Vombatidae_Lasiorhinus_latifrons             0.0260489 0.0303294 0.0000000 0.0249226 0.0254228 0.0375194 0.0198438 0.0217938 0.0248876 0.0348643 0.0237494 0.0352092 0.0378831 0.0236248 0.0199942 0.0358575 0.0377086 0.0344469 0.0344153 0.0285032 0.0273334 0.0501945 0.0374898 0.0362946 0.0234769 0.0255937 0.0248820 0.0280067 0.0214956 0.0406838 0.0218741 0.0212548 0.0405038 0.0357300 0.0376556 
Potoroidae_Bettongia_penicillata             0.0287546 0.0349463 0.0249226 0.0000000 0.0026387 0.0413299 0.0245689 0.0287178 0.0052723 0.0376332 0.0295242 0.0394320 0.0403599 0.0293308 0.0228179 0.0397142 0.0408663 0.0371345 0.0378888 0.0142573 0.0292991 0.0531438 0.0403133 0.0391769 0.0150032 0.0297085 0.0279243 0.0133685 0.0267953 0.0401503 0.0242825 0.0286230 0.0463757 0.0392318 0.0395400 
Potoroidae_Bettongia_lesueur                 0.0290721 0.0355269 0.0254228 0.0026387 0.0000000 0.0423061 0.0253708 0.0295425 0.0061980 0.0386853 0.0308970 0.0403942 0.0413285 0.0301819 0.0235338 0.0406776 0.0418432 0.0389489 0.0388164 0.0160000 0.0301492 0.0543112 0.0409703 0.0401468 0.0163395 0.0302331 0.0288306 0.0150617 0.0271730 0.0419584 0.0250830 0.0294662 0.0474540 0.0401875 0.0408679 
Dasyuridae_Dasyurus_maculatus                0.0407635 0.0406380 0.0375194 0.0413299 0.0423061 0.0000000 0.0384642 0.0385199 0.0402332 0.0477849 0.0414117 0.0071340 0.0134981 0.0426803 0.0350756 0.0080272 0.0044439 0.0102543 0.0454628 0.0464710 0.0396584 0.0576882 0.0460783 0.0084344 0.0367256 0.0355364 0.0408688 0.0448542 0.0376713 0.0421303 0.0353914 0.0407906 0.0526145 0.0029359 0.0487865 
Phalangeridae_Trichosurus_vulpecula          0.0233277 0.0316782 0.0198438 0.0245689 0.0253708 0.0384642 0.0000000 0.0074956 0.0245357 0.0328005 0.0093947 0.0351912 0.0388747 0.0086275 0.0195098 0.0348133 0.0386389 0.0363810 0.0327367 0.0275529 0.0233204 0.0495491 0.0384843 0.0355657 0.0206479 0.0261794 0.0246079 0.0263819 0.0225903 0.0346644 0.0210075 0.0070987 0.0389298 0.0357121 0.0348212 
Phalangeridae_Spilocuscus_maculatus          0.0268155 0.0345785 0.0217938 0.0287178 0.0295425 0.0385199 0.0074956 0.0000000 0.0283464 0.0365693 0.0088388 0.0358027 0.0403443 0.0072159 0.0224629 0.0361500 0.0393020 0.0372222 0.0350787 0.0310096 0.0280561 0.0514351 0.0399306 0.0368811 0.0230155 0.0288216 0.0283237 0.0304372 0.0264364 0.0390767 0.0233905 0.0069009 0.0409613 0.0360632 0.0372949 
Potoroidae_Aepyprymnus_rufescens             0.0283785 0.0346193 0.0248876 0.0052723 0.0061980 0.0402332 0.0245357 0.0283464 0.0000000 0.0379573 0.0295484 0.0379952 0.0406497 0.0289624 0.0231121 0.0393126 0.0404607 0.0357858 0.0381741 0.0135859 0.0289311 0.0526339 0.0399571 0.0391212 0.0149833 0.0296881 0.0282750 0.0130321 0.0267533 0.0401503 0.0248919 0.0282570 0.0455341 0.0388328 0.0398033 
Peramelidae_Perameles_nasuta                 0.0400103 0.0407985 0.0348643 0.0376332 0.0386853 0.0477849 0.0328005 0.0365693 0.0379573 0.0000000 0.0392348 0.0453497 0.0494569 0.0369522 0.0341609 0.0461494 0.0482431 0.0494706 0.0117538 0.0403214 0.0400435 0.0614964 0.0468055 0.0448292 0.0370054 0.0387747 0.0377878 0.0407613 0.0369062 0.0473862 0.0325726 0.0357235 0.0197062 0.0465092 0.0003349 
Phalangeridae_Strigocuscus_pelengensis       0.0278449 0.0368744 0.0237494 0.0295242 0.0308970 0.0414117 0.0093947 0.0088388 0.0295484 0.0392348 0.0000000 0.0396265 0.0450998 0.0108131 0.0234136 0.0399465 0.0416165 0.0438375 0.0394547 0.0332575 0.0299687 0.0537772 0.0417385 0.0405098 0.0246552 0.0306184 0.0295547 0.0327367 0.0283850 0.0437947 0.0250791 0.0087373 0.0444678 0.0394466 0.0415226 
Dasyuridae_Phascogale_tapoatafa              0.0381053 0.0388628 0.0352092 0.0394320 0.0403942 0.0071340 0.0351912 0.0358027 0.0379952 0.0453497 0.0396265 0.0000000 0.0104839 0.0397168 0.0320216 0.0014692 0.0077631 0.0067949 0.0432083 0.0440635 0.0370714 0.0567908 0.0434564 0.0029829 0.0331470 0.0342209 0.0377926 0.0421277 0.0345077 0.0394474 0.0324955 0.0378472 0.0519019 0.0071305 0.0460874 
Dasyuridae_Sminthopsis_macroura              0.0408361 0.0403458 0.0378831 0.0403599 0.0413285 0.0134981 0.0388747 0.0403443 0.0406497 0.0494569 0.0450998 0.0104839 0.0000000 0.0434606 0.0347905 0.0092448 0.0132690 0.0073690 0.0473102 0.0465590 0.0397274 0.0585971 0.0465157 0.0106012 0.0347461 0.0381662 0.0402377 0.0442011 0.0365297 0.0428767 0.0347721 0.0415602 0.0551025 0.0128773 0.0503486 
Phalangeridae_Phalanger_orientalis           0.0272137 0.0363030 0.0236248 0.0293308 0.0301819 0.0426803 0.0086275 0.0072159 0.0289624 0.0369522 0.0108131 0.0397168 0.0434606 0.0000000 0.0229762 0.0389551 0.0432784 0.0409429 0.0367434 0.0323419 0.0267326 0.0519669 0.0423194 0.0398157 0.0240389 0.0310096 0.0267818 0.0317514 0.0245778 0.0381500 0.0244133 0.0044197 0.0427689 0.0405578 0.0392800 
Acrobatidae_Acrobates_pygmaeus               0.0230532 0.0299247 0.0199942 0.0228179 0.0235338 0.0350756 0.0195098 0.0224629 0.0231121 0.0341609 0.0234136 0.0320216 0.0347905 0.0229762 0.0000000 0.0323820 0.0354409 0.0293571 0.0328875 0.0271686 0.0218737 0.0507682 0.0369552 0.0327789 0.0188383 0.0245825 0.0206018 0.0263184 0.0204708 0.0303608 0.0112782 0.0222487 0.0426820 0.0329904 0.0346512 
Dasyuridae_Phascogale_calura                 0.0380423 0.0392506 0.0358575 0.0397142 0.0406776 0.0080272 0.0348133 0.0361500 0.0393126 0.0461494 0.0399465 0.0014692 0.0092448 0.0389551 0.0323820 0.0000000 0.0080662 0.0068144 0.0434879 0.0443611 0.0363244 0.0570841 0.0444434 0.0029814 0.0334318 0.0345253 0.0370965 0.0424213 0.0341174 0.0381139 0.0334567 0.0370955 0.0519333 0.0074206 0.0463738 
Dasyuridae_Sarcophilus_harrisii              0.0406212 0.0414299 0.0377086 0.0408663 0.0418432 0.0044439 0.0386389 0.0393020 0.0404607 0.0482431 0.0416165 0.0077631 0.0132690 0.0432784 0.0354409 0.0080662 0.0000000 0.0114476 0.0457223 0.0467158 0.0405178 0.0572070 0.0463431 0.0084502 0.0369315 0.0360871 0.0405398 0.0443471 0.0372536 0.0430568 0.0358773 0.0413729 0.0518705 0.0038452 0.0490753 
Dasyuridae_Planigale_tenuirostris            0.0451733 0.0369374 0.0344469 0.0371345 0.0389489 0.0102543 0.0363810 0.0372222 0.0357858 0.0494706 0.0438375 0.0067949 0.0073690 0.0409429 0.0293571 0.0068144 0.0114476 0.0000000 0.0430449 0.0440111 0.0373945 0.0520145 0.0435523 0.0074398 0.0281291 0.0350296 0.0418429 0.0400604 0.0341363 0.0416636 0.0305922 0.0394802 0.0555599 0.0108391 0.0481278 
Peramelidae_Echymipera_kalubu                0.0380451 0.0403390 0.0344153 0.0378888 0.0388164 0.0454628 0.0327367 0.0350787 0.0381741 0.0117538 0.0394547 0.0432083 0.0473102 0.0367434 0.0328875 0.0434879 0.0457223 0.0430449 0.0000000 0.0407090 0.0366499 0.0601267 0.0461625 0.0418653 0.0350853 0.0357885 0.0364552 0.0403777 0.0355856 0.0482787 0.0334964 0.0349430 0.0183754 0.0454380 0.0128475 
Macropodidae_Dorcopsulus_vanheurni           0.0336181 0.0398808 0.0285032 0.0142573 0.0160000 0.0464710 0.0275529 0.0310096 0.0135859 0.0403214 0.0332575 0.0440635 0.0465590 0.0323419 0.0271686 0.0443611 0.0467158 0.0440111 0.0407090 0.0000000 0.0333396 0.0579226 0.0466959 0.0449519 0.0175837 0.0341723 0.0341493 0.0037243 0.0337419 0.0426292 0.0282492 0.0315763 0.0479172 0.0441240 0.0420234 
Pseudochiridae_Pseudochirulus_forbesi        0.0287819 0.0369500 0.0273334 0.0292991 0.0301492 0.0396584 0.0233204 0.0280561 0.0289311 0.0400435 0.0299687 0.0370714 0.0397274 0.0267326 0.0218737 0.0363244 0.0405178 0.0373945 0.0366499 0.0333396 0.0000000 0.0545342 0.0431875 0.0374321 0.0249079 0.0308630 0.0130736 0.0320621 0.0089036 0.0311350 0.0223933 0.0260162 0.0445396 0.0386015 0.0414260 
Didelphidae_Didelphis_virginiana             0.0552847 0.0558402 0.0501945 0.0531438 0.0543112 0.0576882 0.0495491 0.0514351 0.0526339 0.0614964 0.0537772 0.0567908 0.0585971 0.0519669 0.0507682 0.0570841 0.0572070 0.0520145 0.0601267 0.0579226 0.0545342 0.0000000 0.0239775 0.0574340 0.0510319 0.0506340 0.0525819 0.0573881 0.0527679 0.0543394 0.0484099 0.0506203 0.0628909 0.0560759 0.0624250 
Marmosidae_Monodelphis_domestica             0.0419137 0.0420863 0.0374898 0.0403133 0.0409703 0.0460783 0.0384843 0.0399306 0.0399571 0.0468055 0.0417385 0.0434564 0.0465157 0.0423194 0.0369552 0.0444434 0.0463431 0.0435523 0.0461625 0.0466959 0.0431875 0.0239775 0.0000000 0.0446679 0.0377758 0.0366671 0.0434410 0.0451882 0.0393734 0.0466632 0.0358255 0.0393853 0.0551378 0.0446398 0.0486854 
Dasyuridae_Antechinus_stuartii               0.0388342 0.0397077 0.0362946 0.0391769 0.0401468 0.0084344 0.0355657 0.0368811 0.0391212 0.0448292 0.0405098 0.0029829 0.0106012 0.0398157 0.0327789 0.0029814 0.0084502 0.0074398 0.0418653 0.0449519 0.0374321 0.0574340 0.0446679 0.0000000 0.0338225 0.0342308 0.0379420 0.0429994 0.0345631 0.0394474 0.0324987 0.0382754 0.0501521 0.0078192 0.0451191 
Hypsiprymnodontidae_Hypsiprymnodon_moschatus 0.0239688 0.0295907 0.0234769 0.0150032 0.0163395 0.0367256 0.0206479 0.0230155 0.0149833 0.0370054 0.0246552 0.0331470 0.0347461 0.0240389 0.0188383 0.0334318 0.0369315 0.0281291 0.0350853 0.0175837 0.0249079 0.0510319 0.0377758 0.0338225 0.0000000 0.0257728 0.0239181 0.0169633 0.0247650 0.0317055 0.0206479 0.0226823 0.0404994 0.0346684 0.0372610 
Microbiotheriidae_Dromiciops_gliroides       0.0325048 0.0317590 0.0255937 0.0297085 0.0302331 0.0355364 0.0261794 0.0288216 0.0296881 0.0387747 0.0306184 0.0342209 0.0381662 0.0310096 0.0245825 0.0345253 0.0360871 0.0350296 0.0357885 0.0341723 0.0308630 0.0506340 0.0366671 0.0342308 0.0257728 0.0000000 0.0297669 0.0334044 0.0261242 0.0434090 0.0275632 0.0291646 0.0401783 0.0340643 0.0388896 
Pseudochiridae_Petauroides_volans            0.0274888 0.0354990 0.0248820 0.0279243 0.0288306 0.0408688 0.0246079 0.0283237 0.0282750 0.0377878 0.0295547 0.0377926 0.0402377 0.0267818 0.0206018 0.0370965 0.0405398 0.0418429 0.0364552 0.0341493 0.0130736 0.0525819 0.0434410 0.0379420 0.0239181 0.0297669 0.0000000 0.0327881 0.0113971 0.0348080 0.0226840 0.0263934 0.0439050 0.0387464 0.0401122 
Macropodidae_Wallabia_bicolor                0.0322992 0.0375771 0.0280067 0.0133685 0.0150617 0.0448542 0.0263819 0.0304372 0.0130321 0.0407613 0.0327367 0.0421277 0.0442011 0.0317514 0.0263184 0.0424213 0.0443471 0.0400604 0.0403777 0.0037243 0.0320621 0.0573881 0.0451882 0.0429994 0.0169633 0.0334044 0.0327881 0.0000000 0.0314130 0.0411023 0.0288189 0.0310015 0.0472970 0.0425634 0.0428744 
Pseudochiridae_Pseudocheirus_occidentalis    0.0279873 0.0329485 0.0214956 0.0267953 0.0271730 0.0376713 0.0225903 0.0264364 0.0267533 0.0369062 0.0283850 0.0345077 0.0365297 0.0245778 0.0204708 0.0341174 0.0372536 0.0341363 0.0355856 0.0337419 0.0089036 0.0527679 0.0393734 0.0345631 0.0247650 0.0261242 0.0113971 0.0314130 0.0000000 0.0304249 0.0207695 0.0252877 0.0441317 0.0352592 0.0380742 
Tarsipedidae_Tarsipes_rostratus              0.0425884 0.0494611 0.0406838 0.0401503 0.0419584 0.0421303 0.0346644 0.0390767 0.0401503 0.0473862 0.0437947 0.0394474 0.0428767 0.0381500 0.0303608 0.0381139 0.0430568 0.0416636 0.0482787 0.0426292 0.0311350 0.0543394 0.0466632 0.0394474 0.0317055 0.0434090 0.0348080 0.0411023 0.0304249 0.0000000 0.0327574 0.0362105 0.0587755 0.0414225 0.0498894 
Acrobatidae_Distoechurus_pennatus            0.0250135 0.0335258 0.0218741 0.0242825 0.0250830 0.0353914 0.0210075 0.0233905 0.0248919 0.0325726 0.0250791 0.0324955 0.0347721 0.0244133 0.0112782 0.0334567 0.0358773 0.0305922 0.0334964 0.0282492 0.0223933 0.0484099 0.0358255 0.0324987 0.0206479 0.0275632 0.0226840 0.0288189 0.0207695 0.0327574 0.0000000 0.0236926 0.0431846 0.0333427 0.0335024 
Phalangeridae_Phalanger_carmelitae           0.0261205 0.0329799 0.0212548 0.0286230 0.0294662 0.0407906 0.0070987 0.0069009 0.0282570 0.0357235 0.0087373 0.0378472 0.0415602 0.0044197 0.0222487 0.0370955 0.0413729 0.0394802 0.0349430 0.0315763 0.0260162 0.0506203 0.0393853 0.0382754 0.0226823 0.0291646 0.0263934 0.0310015 0.0252877 0.0362105 0.0236926 0.0000000 0.0414853 0.0383440 0.0370965 
Peramelidae_Peroryctes_raffrayana            0.0463035 0.0426182 0.0405038 0.0463757 0.0474540 0.0526145 0.0389298 0.0409613 0.0455341 0.0197062 0.0444678 0.0519019 0.0551025 0.0427689 0.0426820 0.0519333 0.0518705 0.0555599 0.0183754 0.0479172 0.0445396 0.0628909 0.0551378 0.0501521 0.0404994 0.0401783 0.0439050 0.0472970 0.0441317 0.0587755 0.0431846 0.0414853 0.0000000 0.0514012 0.0202200 
Dasyuridae_Dasyurus_geffroii                 0.0386299 0.0391518 0.0357300 0.0392318 0.0401875 0.0029359 0.0357121 0.0360632 0.0388328 0.0465092 0.0394466 0.0071305 0.0128773 0.0405578 0.0329904 0.0074206 0.0038452 0.0108391 0.0454380 0.0441240 0.0386015 0.0560759 0.0446398 0.0078192 0.0346684 0.0340643 0.0387464 0.0425634 0.0352592 0.0414225 0.0333427 0.0383440 0.0514012 0.0000000 0.0480275 
Peramelidae_Perameles_gunnii                 0.0400511 0.0436261 0.0376556 0.0395400 0.0408679 0.0487865 0.0348212 0.0372949 0.0398033 0.0003349 0.0415226 0.0460874 0.0503486 0.0392800 0.0346512 0.0463738 0.0490753 0.0481278 0.0128475 0.0420234 0.0414260 0.0624250 0.0486854 0.0451191 0.0372610 0.0388896 0.0401122 0.0428744 0.0380742 0.0498894 0.0335024 0.0370965 0.0202200 0.0480275 0.0000000 
