39
Cheilosia_longula          0.0000000 0.3564932 0.8868852 0.8457530 1.3855291 2.0293704 1.5459618 1.6619931 1.7841805 1.7678653 1.4822259 1.7715347 1.7801632 0.5842482 1.7132766 1.7132766 1.7229903 1.6823702 1.6544980 1.6645266 1.5154944 1.5154944 1.8612149 1.8088553 1.6995126 1.6777744 1.6960035 1.6597446 1.7907605 1.8070050 1.5750666 1.5589180 1.7344034 1.7344034 1.2879177 1.9181810 1.9181602 1.7394767 1.7330356 
Cheilosia_naruska          0.3564932 0.0000000 0.9724401 1.0020363 1.4519856 1.8637622 1.5229503 1.7585534 1.7847285 1.7685080 1.6290806 1.7566013 1.7654612 0.6668450 1.8103034 1.8103034 1.7969218 1.7664417 1.7392737 1.7491093 1.8091724 1.8091724 1.8300311 1.7771733 1.8219696 1.7990473 1.7480156 1.7233748 1.8439408 1.8604612 1.7788231 1.7782983 1.6826815 1.6826815 1.3378854 1.9467160 1.9467213 1.7127899 1.7062734 
Dolichopus_excisus         0.8868852 0.9724401 0.0000000 0.0997817 0.9901277 0.8743057 0.8682831 1.0762470 1.0340138 0.9823201 1.1001116 1.0575627 1.0812245 1.1286923 1.0172412 1.0172412 0.9998128 1.0302780 1.0113332 1.0205100 0.9741281 1.0156053 1.0495864 1.0129926 1.0586499 1.0780771 1.1712136 1.1227806 1.0533155 1.0278285 1.0663436 1.0757102 1.0587912 1.0742637 0.9575142 1.0701309 1.0540522 1.1772176 1.0843341 
Dolichopus_nubilus         0.8457530 1.0020363 0.0997817 0.0000000 0.9496822 0.8525859 0.8198286 1.0760163 1.0097291 0.9594022 1.0346352 0.9802774 1.0074757 1.0027580 1.0116598 1.0116598 0.9459801 0.9811896 0.9628067 0.9718018 0.9589400 1.0153043 0.9687653 0.9412823 0.9985308 1.0177447 1.1140746 1.0807497 0.9744243 0.9371222 1.0419151 1.0511768 1.0739437 1.0894566 0.9314077 1.0270261 1.0095252 1.1220113 1.0336681 
Drosophila_melanogaster    1.3855291 1.4519856 0.9901277 0.9496822 0.0000000 0.6637528 0.1941252 0.6673697 0.6830812 0.6807537 0.6035419 0.8343339 0.8481702 1.1329360 0.7347500 0.7347500 0.7169433 0.7113582 0.7133368 0.7090263 0.7673965 0.8043865 0.7283771 0.6985717 0.7131314 0.7191865 0.7667193 0.7420633 0.7585892 0.7570425 0.7536360 0.7605501 0.6954899 0.7032560 0.7555033 0.7049364 0.7020200 0.8214729 0.7898819 
Drosophila_virilis         2.0293704 1.8637622 0.8743057 0.8525859 0.6637528 0.0000000 0.5961967 0.7271255 0.8104203 0.7490751 0.7316744 0.7558641 0.7649547 1.1665917 0.8045539 0.8045539 0.7217115 0.7396627 0.7319761 0.7275530 0.8643260 0.8979972 0.7442627 0.7084402 0.7389426 0.7339496 0.8880026 0.8637572 0.7482866 0.7378506 0.8061099 0.8166362 0.7763677 0.7851272 0.6553276 0.7355293 0.7485244 0.7909005 0.7660978 
Drosophila_yakuba          1.5459618 1.5229503 0.8682831 0.8198286 0.1941252 0.5961967 0.0000000 0.6230708 0.6813106 0.6580312 0.6066515 0.7517271 0.7583257 1.1016837 0.7304577 0.7304577 0.6244362 0.6391662 0.6526223 0.6525488 0.7377399 0.7557360 0.7161753 0.6857202 0.6639022 0.6697933 0.7416164 0.7186089 0.6867886 0.6829880 0.6901588 0.6932924 0.7233651 0.7311709 0.7115394 0.7321877 0.7509332 0.7752724 0.7451096 
Haematobia_irritans        1.6619931 1.7585534 1.0762470 1.0760163 0.6673697 0.7271255 0.6230708 0.0000000 0.2543130 0.2415772 0.3024650 0.3767045 0.3853350 1.1622546 0.3468439 0.3468439 0.3709332 0.3834271 0.3193965 0.3232633 0.3777791 0.4023583 0.3833140 0.3569074 0.3437451 0.3454168 0.4166182 0.4090571 0.3523693 0.3531320 0.3831452 0.3831493 0.3642347 0.3684534 0.4360183 0.3626994 0.3783247 0.3749380 0.3392635 
Haematobosca_croceicomis_1 1.7841805 1.7847285 1.0340138 1.0097291 0.6830812 0.8104203 0.6813106 0.2543130 0.0000000 0.0221157 0.3153793 0.3809724 0.3849838 1.1135085 0.3438690 0.3438690 0.3553118 0.3684297 0.3152242 0.3192096 0.3236487 0.3340199 0.3518816 0.3378737 0.3471488 0.3418387 0.3801657 0.3695729 0.3678158 0.3711490 0.3858833 0.3936422 0.3535792 0.3578919 0.4162205 0.4115310 0.4187205 0.3337900 0.3297138 
Heamatobosca_croceicomis_2 1.7678653 1.7685080 0.9823201 0.9594022 0.6807537 0.7490751 0.6580312 0.2415772 0.0221157 0.0000000 0.2969895 0.3315428 0.3352582 1.0831000 0.3216356 0.3216356 0.3327442 0.3478396 0.2962097 0.3000949 0.3044046 0.3211435 0.3369051 0.3226290 0.3225311 0.3243105 0.3611916 0.3510370 0.3364606 0.3396733 0.3864162 0.3941378 0.3212248 0.3252717 0.3593760 0.4019304 0.4089889 0.2995928 0.2978986 
Musca_domestica            1.4822259 1.6290806 1.1001116 1.0346352 0.6035419 0.7316744 0.6066515 0.3024650 0.3153793 0.2969895 0.0000000 0.3534417 0.3675711 1.1669289 0.3863568 0.3863568 0.3856364 0.3869293 0.3489800 0.3529010 0.3638237 0.3845810 0.4001564 0.3732848 0.4113217 0.4127973 0.4327389 0.4168763 0.4143355 0.4126979 0.3795322 0.3759876 0.3801030 0.3843485 0.4153101 0.4248121 0.4490942 0.4249688 0.4020911 
Prostomoxys_saegerae_1     1.7715347 1.7566013 1.0575627 0.9802774 0.8343339 0.7558641 0.7517271 0.3767045 0.3809724 0.3315428 0.3534417 0.0000000 0.0061901 1.2011948 0.2446197 0.2446197 0.2466329 0.2576703 0.2311049 0.2345648 0.3734674 0.3946818 0.2777975 0.2543814 0.2705022 0.2722968 0.2821076 0.2699224 0.2827333 0.2786496 0.3035218 0.3005503 0.2268151 0.2300288 0.2133707 0.3198379 0.3319021 0.2267217 0.2067441 
Prostomoxyssaegerae_2      1.7801632 1.7654612 1.0812245 1.0074757 0.8481702 0.7649547 0.7583257 0.3853350 0.3849838 0.3352582 0.3675711 0.0061901 0.0000000 1.2341306 0.2601131 0.2601131 0.2532460 0.2707414 0.2435689 0.2470902 0.3819824 0.4035018 0.2943070 0.2702503 0.2866676 0.2884411 0.2895031 0.2770951 0.2955995 0.2913954 0.3125236 0.3175374 0.2417511 0.2450743 0.2207510 0.3373295 0.3496767 0.2257474 0.2128805 
Simosyrphus_grandicornis   0.5842482 0.6668450 1.1286923 1.0027580 1.1329360 1.1665917 1.1016837 1.1622546 1.1135085 1.0831000 1.1669289 1.2011948 1.2341306 0.0000000 1.1814273 1.1814273 1.0765817 1.0558199 1.0625853 1.0725944 1.1173219 1.1773077 1.1395585 1.1112188 1.1078781 1.1291178 1.2433126 1.2106370 1.1979627 1.1783451 1.2202905 1.2098584 1.2089850 1.2275053 1.1709481 1.2291317 1.2299572 1.3003640 1.1614191 
S_bengalensis_1            1.7132766 1.8103034 1.0172412 1.0116598 0.7347500 0.8045539 0.7304577 0.3468439 0.3438690 0.3216356 0.3863568 0.2446197 0.2601131 1.1814273 0.0000000 0.0000010 0.2022944 0.1989673 0.1645176 0.1626029 0.3130330 0.3324031 0.2590825 0.2417799 0.1996293 0.2015080 0.2257540 0.2092616 0.2936756 0.2873404 0.2966262 0.2943131 0.1516489 0.1543469 0.1755419 0.2891243 0.2862950 0.2364525 0.2119330 
S_bengalensis_2            1.7132766 1.8103034 1.0172412 1.0116598 0.7347500 0.8045539 0.7304577 0.3468439 0.3438690 0.3216356 0.3863568 0.2446197 0.2601131 1.1814273 0.0000010 0.0000000 0.2022944 0.1989673 0.1645176 0.1626029 0.3130330 0.3324031 0.2590825 0.2417799 0.1996293 0.2015080 0.2257540 0.2092616 0.2936756 0.2873404 0.2966262 0.2943131 0.1516489 0.1543469 0.1755419 0.2891243 0.2862950 0.2364525 0.2119330 
S_calcitrans_Africa        1.7229903 1.7969218 0.9998128 0.9459801 0.7169433 0.7217115 0.6244362 0.3709332 0.3553118 0.3327442 0.3856364 0.2466329 0.2532460 1.0765817 0.2022944 0.2022944 0.0000000 0.0218064 0.0609904 0.0598399 0.3493267 0.3735453 0.2698097 0.2522840 0.1909649 0.1895572 0.2165485 0.2056951 0.2930315 0.2887593 0.3020147 0.3029482 0.2257913 0.2290627 0.2066081 0.3245967 0.3402875 0.1862988 0.1825989 
S_calcitrans_India         1.6823702 1.7664417 1.0302780 0.9811896 0.7113582 0.7396627 0.6391662 0.3834271 0.3684297 0.3478396 0.3869293 0.2576703 0.2707414 1.0558199 0.1989673 0.1989673 0.0218064 0.0000000 0.0303135 0.0295901 0.3484704 0.3720322 0.2757581 0.2584849 0.1899484 0.1885846 0.2206369 0.2099609 0.2857044 0.2816068 0.3009116 0.2986026 0.2213060 0.2244790 0.1988589 0.3239181 0.3360434 0.2287655 0.2045264 
S_calcitrans_Thailand_1    1.6544980 1.7392737 1.0113332 0.9628067 0.7133368 0.7319761 0.6526223 0.3193965 0.3152242 0.2962097 0.3489800 0.2311049 0.2435689 1.0625853 0.1645176 0.1645176 0.0609904 0.0303135 0.0000000 0.0014531 0.3040703 0.3260072 0.2420628 0.2310627 0.1657077 0.1675963 0.2055913 0.1952638 0.2677463 0.2610393 0.2808730 0.2785831 0.1720077 0.1748439 0.1894288 0.2848526 0.2906495 0.1904177 0.1670530 
S_calcitrans_Thailand_2    1.6645266 1.7491093 1.0205100 0.9718018 0.7090263 0.7275530 0.6525488 0.3232633 0.3192096 0.3000949 0.3529010 0.2345648 0.2470902 1.0725944 0.1626029 0.1626029 0.0598399 0.0295901 0.0014531 0.0000000 0.3078540 0.3299002 0.2456336 0.2345709 0.1688898 0.1707743 0.2089844 0.1985963 0.2713563 0.2646141 0.2816798 0.2793914 0.1752234 0.1780753 0.1951960 0.2823402 0.2881086 0.1937280 0.1703225 
S_indicus_1                1.5154944 1.8091724 0.9741281 0.9589400 0.7673965 0.8643260 0.7377399 0.3777791 0.3236487 0.3044046 0.3638237 0.3734674 0.3819824 1.1173219 0.3130330 0.3130330 0.3493267 0.3484704 0.3040703 0.3078540 0.0000000 0.0064139 0.3377306 0.3286923 0.3348284 0.3365344 0.3252766 0.3227064 0.3403235 0.3397415 0.3526765 0.3532885 0.3114566 0.3152928 0.3405838 0.3882409 0.3985262 0.3465295 0.3188178 
S_indicus_2                1.5154944 1.8091724 1.0156053 1.0153043 0.8043865 0.8979972 0.7557360 0.4023583 0.3340199 0.3211435 0.3845810 0.3946818 0.4035018 1.1773077 0.3324031 0.3324031 0.3735453 0.3720322 0.3260072 0.3299002 0.0064139 0.0000000 0.3461716 0.3448053 0.3580356 0.3527488 0.3482651 0.3454864 0.3537611 0.3531106 0.3766781 0.3773595 0.3336231 0.3376426 0.3593260 0.3929874 0.4033266 0.3640358 0.3358126 
S_inornatus_1              1.8612149 1.8300311 1.0495864 0.9687653 0.7283771 0.7442627 0.7161753 0.3833140 0.3518816 0.3369051 0.4001564 0.2777975 0.2943070 1.1395585 0.2590825 0.2590825 0.2698097 0.2757581 0.2420628 0.2456336 0.3377306 0.3461716 0.0000000 0.0077933 0.2128606 0.2119931 0.2485016 0.2502192 0.2242974 0.2235692 0.2779590 0.2783760 0.2353312 0.2386493 0.1688244 0.2552302 0.2574275 0.2696273 0.2483139 
S_inornatus_2              1.8088553 1.7771733 1.0129926 0.9412823 0.6985717 0.7084402 0.6857202 0.3569074 0.3378737 0.3226290 0.3732848 0.2543814 0.2702503 1.1112188 0.2417799 0.2417799 0.2522840 0.2584849 0.2310627 0.2345709 0.3286923 0.3448053 0.0077933 0.0000000 0.2026027 0.2017919 0.2413239 0.2363062 0.2147198 0.2140311 0.2607318 0.2611070 0.2195322 0.2227199 0.1627376 0.2407298 0.2541235 0.2533570 0.2323512 
S_niger_bilineatus_1       1.6995126 1.8219696 1.0586499 0.9985308 0.7131314 0.7389426 0.6639022 0.3437451 0.3471488 0.3225311 0.4113217 0.2705022 0.2866676 1.1078781 0.1996293 0.1996293 0.1909649 0.1899484 0.1657077 0.1688898 0.3348284 0.3580356 0.2128606 0.2026027 0.0000000 0.0054877 0.1747527 0.1652544 0.2229553 0.2201160 0.2409973 0.2387520 0.2059220 0.2089658 0.2245799 0.2830181 0.2887574 0.1950104 0.1746644 
S_niger_bilineatus_2       1.6777744 1.7990473 1.0780771 1.0177447 0.7191865 0.7339496 0.6697933 0.3454168 0.3418387 0.3243105 0.4127973 0.2722968 0.2884411 1.1291178 0.2015080 0.2015080 0.1895572 0.1885846 0.1675963 0.1707743 0.3365344 0.3527488 0.2119931 0.2017919 0.0054877 0.0000000 0.1798455 0.1702332 0.2164617 0.2136914 0.2399973 0.2377612 0.2077820 0.2108269 0.2282286 0.2890909 0.2948834 0.1936169 0.1734365 
S_niger_niger_1            1.6960035 1.7480156 1.1712136 1.1140746 0.7667193 0.8880026 0.7416164 0.4166182 0.3801657 0.3611916 0.4327389 0.2821076 0.2895031 1.2433126 0.2257540 0.2257540 0.2165485 0.2206369 0.2055913 0.2089844 0.3252766 0.3482651 0.2485016 0.2413239 0.1747527 0.1798455 0.0000000 0.0086756 0.2384628 0.2354369 0.2472168 0.2475626 0.2357808 0.2390873 0.2328131 0.3011072 0.3130308 0.2144573 0.1904521 
S_niger_niger_2            1.6597446 1.7233748 1.1227806 1.0807497 0.7420633 0.8637572 0.7186089 0.4090571 0.3695729 0.3510370 0.4168763 0.2699224 0.2770951 1.2106370 0.2092616 0.2092616 0.2056951 0.2099609 0.1952638 0.1985963 0.3227064 0.3454864 0.2502192 0.2363062 0.1652544 0.1702332 0.0086756 0.0000000 0.2335474 0.2305795 0.2415336 0.2418640 0.2247807 0.2279880 0.2258248 0.2952896 0.3070500 0.2039586 0.1803705 
S_omega_1                  1.7907605 1.8439408 1.0533155 0.9744243 0.7585892 0.7482866 0.6867886 0.3523693 0.3678158 0.3364606 0.4143355 0.2827333 0.2955995 1.1979627 0.2936756 0.2936756 0.2930315 0.2857044 0.2677463 0.2713563 0.3403235 0.3537611 0.2242974 0.2147198 0.2229553 0.2164617 0.2384628 0.2335474 0.0000000 0.0049533 0.1761214 0.1739109 0.2662593 0.2697516 0.2531980 0.2766021 0.2850138 0.2905855 0.2680119 
S_omega_2                  1.8070050 1.8604612 1.0278285 0.9371222 0.7570425 0.7378506 0.6829880 0.3531320 0.3711490 0.3396733 0.4126979 0.2786496 0.2913954 1.1783451 0.2873404 0.2873404 0.2887593 0.2816068 0.2610393 0.2646141 0.3397415 0.3531106 0.2235692 0.2140311 0.2201160 0.2136914 0.2354369 0.2305795 0.0049533 0.0000000 0.1697626 0.1675583 0.2602510 0.2636894 0.2470235 0.2763231 0.2846978 0.2808237 0.2584528 
S_pallidus_1               1.5750666 1.7788231 1.0663436 1.0419151 0.7536360 0.8061099 0.6901588 0.3831452 0.3858833 0.3864162 0.3795322 0.3035218 0.3125236 1.2202905 0.2966262 0.2966262 0.3020147 0.3009116 0.2808730 0.2816798 0.3526765 0.3766781 0.2779590 0.2607318 0.2409973 0.2399973 0.2472168 0.2415336 0.1761214 0.1697626 0.0000000 0.0043752 0.2881765 0.2918391 0.2821714 0.3104318 0.3223005 0.3001891 0.2821062 
S_pallidus_2               1.5589180 1.7782983 1.0757102 1.0511768 0.7605501 0.8166362 0.6932924 0.3831493 0.3936422 0.3941378 0.3759876 0.3005503 0.3175374 1.2098584 0.2943131 0.2943131 0.3029482 0.2986026 0.2785831 0.2793914 0.3532885 0.3773595 0.2783760 0.2611070 0.2387520 0.2377612 0.2475626 0.2418640 0.1739109 0.1675583 0.0043752 0.0000000 0.2913614 0.2950515 0.2930711 0.3109259 0.3228240 0.3057035 0.2829576 
S_sitiens_1                1.7344034 1.6826815 1.0587912 1.0739437 0.6954899 0.7763677 0.7233651 0.3642347 0.3535792 0.3212248 0.3801030 0.2268151 0.2417511 1.2089850 0.1516489 0.1516489 0.2257913 0.2213060 0.1720077 0.1752234 0.3114566 0.3336231 0.2353312 0.2195322 0.2059220 0.2077820 0.2357808 0.2247807 0.2662593 0.2602510 0.2881765 0.2913614 0.0000000 0.0007151 0.0902114 0.2935892 0.2965210 0.2338177 0.2109535 
S_sitiens_2                1.7344034 1.6826815 1.0742637 1.0894566 0.7032560 0.7851272 0.7311709 0.3684534 0.3578919 0.3252717 0.3843485 0.2300288 0.2450743 1.2275053 0.1543469 0.1543469 0.2290627 0.2244790 0.1748439 0.1780753 0.3152928 0.3376426 0.2386493 0.2227199 0.2089658 0.2108269 0.2390873 0.2279880 0.2697516 0.2636894 0.2918391 0.2950515 0.0007151 0.0000000 0.0942631 0.2973071 0.3002680 0.2370914 0.2141248 
S_sitiens_Burkina_Faso     1.2879177 1.3378854 0.9575142 0.9314077 0.7555033 0.6553276 0.7115394 0.4360183 0.4162205 0.3593760 0.4153101 0.2133707 0.2207510 1.1709481 0.1755419 0.1755419 0.2066081 0.1988589 0.1894288 0.1951960 0.3405838 0.3593260 0.1688244 0.1627376 0.2245799 0.2282286 0.2328131 0.2258248 0.2531980 0.2470235 0.2821714 0.2930711 0.0902114 0.0942631 0.0000000 0.2335737 0.2416154 0.1828511 0.1816514 
S_transvittatus_1          1.9181810 1.9467160 1.0701309 1.0270261 0.7049364 0.7355293 0.7321877 0.3626994 0.4115310 0.4019304 0.4248121 0.3198379 0.3373295 1.2291317 0.2891243 0.2891243 0.3245967 0.3239181 0.2848526 0.2823402 0.3882409 0.3929874 0.2552302 0.2407298 0.2830181 0.2890909 0.3011072 0.2952896 0.2766021 0.2763231 0.3104318 0.3109259 0.2935892 0.2973071 0.2335737 0.0000000 0.0135290 0.3061042 0.2817002 
S_transvittatus_2          1.9181602 1.9467213 1.0540522 1.0095252 0.7020200 0.7485244 0.7509332 0.3783247 0.4187205 0.4089889 0.4490942 0.3319021 0.3496767 1.2299572 0.2862950 0.2862950 0.3402875 0.3360434 0.2906495 0.2881086 0.3985262 0.4033266 0.2574275 0.2541235 0.2887574 0.2948834 0.3130308 0.3070500 0.2850138 0.2846978 0.3223005 0.3228240 0.2965210 0.3002680 0.2416154 0.0135290 0.0000000 0.3173205 0.2927463 
S_varipes_1                1.7394767 1.7127899 1.1772176 1.1220113 0.8214729 0.7909005 0.7752724 0.3749380 0.3337900 0.2995928 0.4249688 0.2267217 0.2257474 1.3003640 0.2364525 0.2364525 0.1862988 0.2287655 0.1904177 0.1937280 0.3465295 0.3640358 0.2696273 0.2533570 0.1950104 0.1936169 0.2144573 0.2039586 0.2905855 0.2808237 0.3001891 0.3057035 0.2338177 0.2370914 0.1828511 0.3061042 0.3173205 0.0000000 0.0011673 
S_varipes_2                1.7330356 1.7062734 1.0843341 1.0336681 0.7898819 0.7660978 0.7451096 0.3392635 0.3297138 0.2978986 0.4020911 0.2067441 0.2128805 1.1614191 0.2119330 0.2119330 0.1825989 0.2045264 0.1670530 0.1703225 0.3188178 0.3358126 0.2483139 0.2323512 0.1746644 0.1734365 0.1904521 0.1803705 0.2680119 0.2584528 0.2821062 0.2829576 0.2109535 0.2141248 0.1816514 0.2817002 0.2927463 0.0011673 0.0000000 
