35
Burramyidae_Burramys_parvus                  0.0000000 0.1102604 0.0670694 0.0824989 0.0840137 0.1186278 0.0568216 0.0668137 0.0821305 0.1235769 0.0624966 0.1195451 0.1194361 0.0634774 0.0743379 0.1174943 0.1344666 0.1278619 0.0723326 0.0798286 0.1006660 0.1245081 0.1145825 0.0762843 0.0874338 0.0706582 0.0741291 0.0778030 0.0896370 0.0702934 0.0691574 0.1261884 0.1229350 0.1254351 0.1222453 
Notoryctidae_Notoryctes_typhlops             0.1102604 0.0000000 0.1138151 0.1241601 0.1267564 0.1446478 0.1053676 0.1150166 0.1226943 0.1376278 0.1145122 0.1447350 0.1357369 0.1139575 0.1165986 0.1425984 0.1589449 0.1540875 0.1175397 0.1294321 0.1235087 0.1140107 0.1426569 0.1202386 0.1152727 0.1227741 0.1235629 0.1319480 0.1430318 0.1153423 0.1169105 0.1372248 0.1428932 0.1524703 0.1488565 
Vombatidae_Lasiorhinus_latifrons             0.0670694 0.1138151 0.0000000 0.0823066 0.0853523 0.1201802 0.0663781 0.0730445 0.0846530 0.1190274 0.0711537 0.1221613 0.1244498 0.0716507 0.0817067 0.1201153 0.1374411 0.1272997 0.0747513 0.0842553 0.1053804 0.1241273 0.1168928 0.0806662 0.0877917 0.0769523 0.0778497 0.0861445 0.0992591 0.0763413 0.0756043 0.1199676 0.1206667 0.1240847 0.1222288 
Potoroidae_Bettongia_penicillata             0.0824989 0.1241601 0.0823066 0.0000000 0.0052020 0.1304019 0.0742989 0.0850477 0.0170557 0.1284432 0.0813489 0.1313792 0.1408267 0.0808710 0.0928394 0.1289771 0.1479814 0.1371888 0.0247427 0.0957439 0.1234326 0.1451137 0.1283945 0.0495483 0.1038875 0.0867519 0.0242845 0.0943924 0.1103642 0.0841106 0.0837899 0.1285667 0.1305784 0.1333205 0.1312972 
Potoroidae_Bettongia_lesueur                 0.0840137 0.1267564 0.0853523 0.0052020 0.0000000 0.1325620 0.0768710 0.0874330 0.0181652 0.1300054 0.0840380 0.1341872 0.1426469 0.0835468 0.0953173 0.1317667 0.1493169 0.1404183 0.0272291 0.0986626 0.1234599 0.1488429 0.1305910 0.0510276 0.1060412 0.0902861 0.0269401 0.0965736 0.1121358 0.0873041 0.0865057 0.1318771 0.1332503 0.1362326 0.1341399 
Dasyuridae_Dasyurus_maculatus                0.1186278 0.1446478 0.1201802 0.1304019 0.1325620 0.0000000 0.1177988 0.1271019 0.1320775 0.1530000 0.1239503 0.0271251 0.0542991 0.1233135 0.1205771 0.0249966 0.0467668 0.1561991 0.1206930 0.1365181 0.1205036 0.1514458 0.0249378 0.1301255 0.1186232 0.1285179 0.1244860 0.1372209 0.1462907 0.1169133 0.1260851 0.1510374 0.1509909 0.0069643 0.0045566 
Phalangeridae_Trichosurus_vulpecula          0.0568216 0.1053676 0.0663781 0.0742989 0.0768710 0.1177988 0.0000000 0.0326459 0.0707569 0.1218425 0.0298144 0.1165505 0.1171296 0.0283338 0.0719139 0.1153484 0.1322284 0.1262393 0.0661596 0.0742930 0.0962322 0.1207611 0.1139897 0.0696358 0.0879279 0.0685594 0.0686853 0.0738125 0.0873628 0.0698574 0.0345266 0.1223702 0.1212303 0.1217875 0.1191052 
Phalangeridae_Spilocuscus_maculatus          0.0668137 0.1150166 0.0730445 0.0850477 0.0874330 0.1271019 0.0326459 0.0000000 0.0805940 0.1348618 0.0241108 0.1292352 0.1293510 0.0214292 0.0832704 0.1268641 0.1447898 0.1373646 0.0758162 0.0863635 0.0982295 0.1258897 0.1269783 0.0805591 0.0954976 0.0814101 0.0774219 0.0887464 0.0981730 0.0779344 0.0282437 0.1385309 0.1315429 0.1318172 0.1300535 
Potoroidae_Aepyprymnus_rufescens             0.0821305 0.1226943 0.0846530 0.0170557 0.0181652 0.1320775 0.0707569 0.0805940 0.0000000 0.1305117 0.0794653 0.1310271 0.1430579 0.0772885 0.0945355 0.1290451 0.1488242 0.1409883 0.0286775 0.0917369 0.1206303 0.1449027 0.1289320 0.0530646 0.1028176 0.0857614 0.0281045 0.0913562 0.1066411 0.0845529 0.0809246 0.1308313 0.1337188 0.1378651 0.1344583 
Peramelidae_Perameles_nasuta                 0.1235769 0.1376278 0.1190274 0.1284432 0.1300054 0.1530000 0.1218425 0.1348618 0.1305117 0.0000000 0.1293180 0.1557776 0.1524954 0.1283696 0.1283167 0.1527274 0.1732260 0.0244177 0.1253316 0.1369382 0.1287539 0.1690936 0.1486608 0.1282887 0.1265653 0.1284915 0.1318099 0.1318431 0.1391158 0.1277058 0.1350496 0.0230483 0.0024671 0.1583434 0.1596110 
Phalangeridae_Strigocuscus_pelengensis       0.0624966 0.1145122 0.0711537 0.0813489 0.0840380 0.1239503 0.0298144 0.0241108 0.0794653 0.1293180 0.0000000 0.1246165 0.1293172 0.0153965 0.0768968 0.1224505 0.1390985 0.1356899 0.0725585 0.0838257 0.1052957 0.1315042 0.1209203 0.0760390 0.0920816 0.0785628 0.0753810 0.0833554 0.0923724 0.0729543 0.0215009 0.1306844 0.1278336 0.1284096 0.1266042 
Dasyuridae_Phascogale_tapoatafa              0.1195451 0.1447350 0.1221613 0.1313792 0.1341872 0.0271251 0.1165505 0.1292352 0.1310271 0.1557776 0.1246165 0.0000000 0.0465102 0.1258098 0.1224025 0.0036763 0.0452319 0.1553399 0.1238518 0.1346681 0.1188642 0.1468093 0.0117816 0.1318609 0.1212708 0.1304910 0.1296601 0.1375985 0.1472667 0.1182697 0.1285940 0.1538180 0.1530134 0.0263107 0.0273443 
Dasyuridae_Sminthopsis_macroura              0.1194361 0.1357369 0.1244498 0.1408267 0.1426469 0.0542991 0.1171296 0.1293510 0.1430579 0.1524954 0.1293172 0.0465102 0.0000000 0.1286592 0.1254703 0.0456549 0.0525244 0.1396603 0.1293704 0.1374024 0.1414520 0.1723211 0.0440194 0.1404892 0.1131069 0.1237373 0.1324052 0.1433982 0.1409600 0.1182550 0.1294982 0.1452775 0.1437055 0.0601910 0.0573811 
Phalangeridae_Phalanger_orientalis           0.0634774 0.1139575 0.0716507 0.0808710 0.0835468 0.1233135 0.0283338 0.0214292 0.0772885 0.1283696 0.0153965 0.1258098 0.1286592 0.0000000 0.0760815 0.1238108 0.1414985 0.1334464 0.0725254 0.0830507 0.1022289 0.1282769 0.1224136 0.0764516 0.0920997 0.0765475 0.0754810 0.0820745 0.0956249 0.0726205 0.0128652 0.1319111 0.1268847 0.1274474 0.1255326 
Acrobatidae_Acrobates_pygmaeus               0.0743379 0.1165986 0.0817067 0.0928394 0.0953173 0.1205771 0.0719139 0.0832704 0.0945355 0.1283167 0.0768968 0.1224025 0.1254703 0.0760815 0.0000000 0.1199792 0.1368578 0.1355315 0.0853895 0.0820231 0.1178122 0.1363911 0.1181356 0.0897473 0.0979393 0.0784602 0.0877194 0.0841311 0.0972450 0.0451588 0.0812054 0.1281969 0.1300276 0.1257968 0.1230250 
Dasyuridae_Phascogale_calura                 0.1174943 0.1425984 0.1201153 0.1289771 0.1317667 0.0249966 0.1153484 0.1268641 0.1290451 0.1527274 0.1224505 0.0036763 0.0456549 0.1238108 0.1199792 0.0000000 0.0431239 0.1523186 0.1213909 0.1326765 0.1153315 0.1439545 0.0099482 0.1303064 0.1191441 0.1285421 0.1270059 0.1357412 0.1447936 0.1160660 0.1266050 0.1512639 0.1505932 0.0245796 0.0250663 
Dasyuridae_Planigale_tenuirostris            0.1344666 0.1589449 0.1374411 0.1479814 0.1493169 0.0467668 0.1322284 0.1447898 0.1488242 0.1732260 0.1390985 0.0452319 0.0525244 0.1414985 0.1368578 0.0431239 0.0000000 0.1773731 0.1372893 0.1574299 0.1539550 0.1834331 0.0430913 0.1461997 0.1349331 0.1428005 0.1425826 0.1551986 0.1570678 0.1348886 0.1440337 0.1697081 0.1662812 0.0468206 0.0473277 
Peramelidae_Echymipera_kalubu                0.1278619 0.1540875 0.1272997 0.1371888 0.1404183 0.1561991 0.1262393 0.1373646 0.1409883 0.0244177 0.1356899 0.1553399 0.1396603 0.1334464 0.1355315 0.1523186 0.1773731 0.0000000 0.1299272 0.1483041 0.1334986 0.1622723 0.1498957 0.1339989 0.1291694 0.1392568 0.1389765 0.1502171 0.1491582 0.1315673 0.1398370 0.0203079 0.0243840 0.1634024 0.1620615 
Macropodidae_Dorcopsulus_vanheurni           0.0723326 0.1175397 0.0747513 0.0247427 0.0272291 0.1206930 0.0661596 0.0758162 0.0286775 0.1253316 0.0725585 0.1238518 0.1293704 0.0725254 0.0853895 0.1213909 0.1372893 0.1299272 0.0000000 0.0903296 0.1134754 0.1346145 0.1198581 0.0435765 0.0953347 0.0801792 0.0100921 0.0883278 0.1007398 0.0776885 0.0769183 0.1257096 0.1231575 0.1259522 0.1231629 
Pseudochiridae_Pseudochirulus_forbesi        0.0798286 0.1294321 0.0842553 0.0957439 0.0986626 0.1365181 0.0742930 0.0863635 0.0917369 0.1369382 0.0838257 0.1346681 0.1374024 0.0830507 0.0820231 0.1326765 0.1574299 0.1483041 0.0903296 0.0000000 0.1051262 0.1315364 0.1333691 0.0889041 0.1071291 0.0494830 0.0941864 0.0297480 0.0870887 0.0755170 0.0859721 0.1375755 0.1409211 0.1450921 0.1400980 
Didelphidae_Didelphis_virginiana             0.1006660 0.1235087 0.1053804 0.1234326 0.1234599 0.1205036 0.0962322 0.0982295 0.1206303 0.1287539 0.1052957 0.1188642 0.1414520 0.1022289 0.1178122 0.1153315 0.1539550 0.1334986 0.1134754 0.1051262 0.0000000 0.0363849 0.1212305 0.1132075 0.0890936 0.1015258 0.1170091 0.1076907 0.1180858 0.1030529 0.1031713 0.1321454 0.1379678 0.1298091 0.1291409 
Marmosidae_Monodelphis_domestica             0.1245081 0.1140107 0.1241273 0.1451137 0.1488429 0.1514458 0.1207611 0.1258897 0.1449027 0.1690936 0.1315042 0.1468093 0.1723211 0.1282769 0.1363911 0.1439545 0.1834331 0.1622723 0.1346145 0.1315364 0.0363849 0.0000000 0.1493617 0.1427750 0.1137002 0.1230449 0.1378608 0.1420997 0.1428395 0.1305363 0.1299956 0.1848710 0.1661927 0.1680961 0.1662664 
Dasyuridae_Antechinus_stuartii               0.1145825 0.1426569 0.1168928 0.1283945 0.1305910 0.0249378 0.1139897 0.1269783 0.1289320 0.1486608 0.1209203 0.0117816 0.0440194 0.1224136 0.1181356 0.0099482 0.0430913 0.1498957 0.1198581 0.1333691 0.1212305 0.1493617 0.0000000 0.1283116 0.1155284 0.1278188 0.1256472 0.1336950 0.1445292 0.1137685 0.1268695 0.1474256 0.1470392 0.0239243 0.0246553 
Hypsiprymnodontidae_Hypsiprymnodon_moschatus 0.0762843 0.1202386 0.0806662 0.0495483 0.0510276 0.1301255 0.0696358 0.0805591 0.0530646 0.1282887 0.0760390 0.1318609 0.1404892 0.0764516 0.0897473 0.1303064 0.1461997 0.1339989 0.0435765 0.0889041 0.1132075 0.1427750 0.1283116 0.0000000 0.1011787 0.0841495 0.0461260 0.0905576 0.0998674 0.0809999 0.0811900 0.1301234 0.1283057 0.1371468 0.1332567 
Microbiotheriidae_Dromiciops_gliroides       0.0874338 0.1152727 0.0877917 0.1038875 0.1060412 0.1186232 0.0879279 0.0954976 0.1028176 0.1265653 0.0920816 0.1212708 0.1131069 0.0920997 0.0979393 0.1191441 0.1349331 0.1291694 0.0953347 0.1071291 0.0890936 0.1137002 0.1155284 0.1011787 0.0000000 0.1014513 0.1017357 0.1056087 0.1138873 0.0988958 0.0971218 0.1283046 0.1258748 0.1253334 0.1242478 
Pseudochiridae_Petauroides_volans            0.0706582 0.1227741 0.0769523 0.0867519 0.0902861 0.1285179 0.0685594 0.0814101 0.0857614 0.1284915 0.0785628 0.1304910 0.1237373 0.0765475 0.0784602 0.1285421 0.1428005 0.1392568 0.0801792 0.0494830 0.1015258 0.1230449 0.1278188 0.0841495 0.1014513 0.0000000 0.0831997 0.0474414 0.0767386 0.0721566 0.0801895 0.1299421 0.1309028 0.1351454 0.1299703 
Macropodidae_Wallabia_bicolor                0.0741291 0.1235629 0.0778497 0.0242845 0.0269401 0.1244860 0.0686853 0.0774219 0.0281045 0.1318099 0.0753810 0.1296601 0.1324052 0.0754810 0.0877194 0.1270059 0.1425826 0.1389765 0.0100921 0.0941864 0.1170091 0.1378608 0.1256472 0.0461260 0.1017357 0.0831997 0.0000000 0.0925553 0.1041243 0.0802027 0.0793625 0.1323360 0.1305424 0.1304500 0.1269072 
Pseudochiridae_Pseudocheirus_occidentalis    0.0778030 0.1319480 0.0861445 0.0943924 0.0965736 0.1372209 0.0738125 0.0887464 0.0913562 0.1318431 0.0833554 0.1375985 0.1433982 0.0820745 0.0841311 0.1357412 0.1551986 0.1502171 0.0883278 0.0297480 0.1076907 0.1420997 0.1336950 0.0905576 0.1056087 0.0474414 0.0925553 0.0000000 0.0870360 0.0759472 0.0854713 0.1330575 0.1419918 0.1440272 0.1423129 
Tarsipedidae_Tarsipes_rostratus              0.0896370 0.1430318 0.0992591 0.1103642 0.1121358 0.1462907 0.0873628 0.0981730 0.1066411 0.1391158 0.0923724 0.1472667 0.1409600 0.0956249 0.0972450 0.1447936 0.1570678 0.1491582 0.1007398 0.0870887 0.1180858 0.1428395 0.1445292 0.0998674 0.1138873 0.0767386 0.1041243 0.0870360 0.0000000 0.0907419 0.0963178 0.1387079 0.1419652 0.1522488 0.1489426 
Acrobatidae_Distoechurus_pennatus            0.0702934 0.1153423 0.0763413 0.0841106 0.0873041 0.1169133 0.0698574 0.0779344 0.0845529 0.1277058 0.0729543 0.1182697 0.1182550 0.0726205 0.0451588 0.1160660 0.1348886 0.1315673 0.0776885 0.0755170 0.1030529 0.1305363 0.1137685 0.0809999 0.0988958 0.0721566 0.0802027 0.0759472 0.0907419 0.0000000 0.0778246 0.1282314 0.1257731 0.1176325 0.1167431 
Phalangeridae_Phalanger_carmelitae           0.0691574 0.1169105 0.0756043 0.0837899 0.0865057 0.1260851 0.0345266 0.0282437 0.0809246 0.1350496 0.0215009 0.1285940 0.1294982 0.0128652 0.0812054 0.1266050 0.1440337 0.1398370 0.0769183 0.0859721 0.1031713 0.1299956 0.1268695 0.0811900 0.0971218 0.0801895 0.0793625 0.0854713 0.0963178 0.0778246 0.0000000 0.1375694 0.1314098 0.1286780 0.1271850 
Peramelidae_Peroryctes_raffrayana            0.1261884 0.1372248 0.1199676 0.1285667 0.1318771 0.1510374 0.1223702 0.1385309 0.1308313 0.0230483 0.1306844 0.1538180 0.1452775 0.1319111 0.1281969 0.1512639 0.1697081 0.0203079 0.1257096 0.1375755 0.1321454 0.1848710 0.1474256 0.1301234 0.1283046 0.1299421 0.1323360 0.1330575 0.1387079 0.1282314 0.1375694 0.0000000 0.0246677 0.1584646 0.1586012 
Peramelidae_Perameles_gunnii                 0.1229350 0.1428932 0.1206667 0.1305784 0.1332503 0.1509909 0.1212303 0.1315429 0.1337188 0.0024671 0.1278336 0.1530134 0.1437055 0.1268847 0.1300276 0.1505932 0.1662812 0.0243840 0.1231575 0.1409211 0.1379678 0.1661927 0.1470392 0.1283057 0.1258748 0.1309028 0.1305424 0.1419918 0.1419652 0.1257731 0.1314098 0.0246677 0.0000000 0.1551007 0.1549521 
Dasyuridae_Sarcophilus_harrisii              0.1254351 0.1524703 0.1240847 0.1333205 0.1362326 0.0069643 0.1217875 0.1318172 0.1378651 0.1583434 0.1284096 0.0263107 0.0601910 0.1274474 0.1257968 0.0245796 0.0468206 0.1634024 0.1259522 0.1450921 0.1298091 0.1680961 0.0239243 0.1371468 0.1253334 0.1351454 0.1304500 0.1440272 0.1522488 0.1176325 0.1286780 0.1584646 0.1551007 0.0000000 0.0062877 
Dasyuridae_Dasyurus_geffroii                 0.1222453 0.1488565 0.1222288 0.1312972 0.1341399 0.0045566 0.1191052 0.1300535 0.1344583 0.1596110 0.1266042 0.0273443 0.0573811 0.1255326 0.1230250 0.0250663 0.0473277 0.1620615 0.1231629 0.1400980 0.1291409 0.1662664 0.0246553 0.1332567 0.1242478 0.1299703 0.1269072 0.1423129 0.1489426 0.1167431 0.1271850 0.1586012 0.1549521 0.0062877 0.0000000 
