37
Notoryctidae_Notoryctes_typhlops             0.0000000 0.1139905 0.1302515 0.1305179 0.1495288 0.0940208 0.0994018 0.1268412 0.1425652 0.0902604 0.1589159 0.1560082 0.0940845 0.0940863 0.1614981 0.1492125 0.1616715 0.1405811 0.1235430 0.1161189 0.1880321 0.1956534 0.1579104 0.1155601 0.1144162 0.1060855 0.1217056 0.1164608 0.1377684 0.0997772 0.1043413 0.1410117 0.1593311 0.2237090 0.1097864 0.2237090 0.1313409 
Vombatidae_Lasiorhinus_latifrons             0.1139905 0.0000000 0.1136099 0.1146553 0.1392838 0.0756594 0.0791451 0.1136950 0.1440018 0.0695451 0.1578511 0.1586122 0.0702012 0.0788259 0.1580918 0.1394858 0.1510175 0.1409199 0.1082909 0.0971525 0.1787655 0.1839946 0.1536889 0.0933901 0.0975168 0.0873439 0.1018824 0.0935847 0.1288161 0.0833989 0.0822786 0.1424662 0.1486239 0.2238648 0.1079411 0.2238648 0.1491604 
Potoroidae_Bettongia_penicillata             0.1302515 0.1136099 0.0000000 0.0038267 0.1626316 0.0816719 0.0878795 0.0131150 0.1668442 0.0777794 0.1708254 0.1621440 0.0826443 0.0883393 0.1752080 0.1629419 0.1724365 0.1578356 0.0354749 0.1031687 0.2118594 0.2105548 0.1743061 0.0746505 0.1032147 0.0871154 0.0346588 0.0959609 0.1279908 0.0965521 0.0924635 0.1584353 0.1717406 0.2428687 0.0912693 0.2428687 0.1534910 
Potoroidae_Bettongia_lesueur                 0.1305179 0.1146553 0.0038267 0.0000000 0.1570953 0.0824379 0.0860430 0.0161753 0.1664488 0.0790452 0.1673592 0.1594461 0.0834308 0.0881977 0.1712325 0.1588166 0.1701170 0.1575299 0.0363098 0.1038165 0.2156278 0.2128180 0.1698254 0.0760130 0.1065284 0.0893408 0.0354780 0.0991816 0.1291199 0.0950726 0.0940901 0.1598128 0.1691232 0.2456370 0.0957021 0.2456370 0.1530857 
Dasyuridae_Dasyurus_maculatus                0.1495288 0.1392838 0.1626316 0.1570953 0.0000000 0.1219438 0.1241424 0.1722402 0.1716121 0.1183655 0.0403369 0.0596268 0.1183580 0.1260588 0.0348231 0.0156928 0.0405755 0.1583691 0.1663606 0.1477947 0.1941859 0.1961027 0.0292294 0.1396893 0.1332580 0.1329197 0.1594899 0.1464963 0.1727042 0.1275627 0.1326225 0.1678085 0.0110082 0.2219394 0.1365986 0.2219394 0.1595556 
Phalangeridae_Trichosurus_vulpecula          0.0940208 0.0756594 0.0816719 0.0824379 0.1219438 0.0000000 0.0229692 0.0799710 0.1252300 0.0205808 0.1394733 0.1368478 0.0189461 0.0563926 0.1425276 0.1227105 0.1353465 0.1222495 0.0778893 0.0717709 0.1659891 0.1733922 0.1349674 0.0706560 0.0824235 0.0577641 0.0769258 0.0677332 0.1018227 0.0596843 0.0259247 0.1288056 0.1299550 0.1937148 0.0639668 0.1937148 0.1218150 
Phalangeridae_Spilocuscus_maculatus          0.0994018 0.0791451 0.0878795 0.0860430 0.1241424 0.0229692 0.0000000 0.0893724 0.1260574 0.0197431 0.1429058 0.1393492 0.0152704 0.0587586 0.1355037 0.1268690 0.1324633 0.1232482 0.0848858 0.0765382 0.1654724 0.1716713 0.1309805 0.0727225 0.0897694 0.0606786 0.0818658 0.0739687 0.1039804 0.0612636 0.0198567 0.1278136 0.1346170 0.2069064 0.0748795 0.2069064 0.1278330 
Potoroidae_Aepyprymnus_rufescens             0.1268412 0.1136950 0.0131150 0.0161753 0.1722402 0.0799710 0.0893724 0.0000000 0.1651953 0.0774045 0.1820896 0.1722037 0.0848258 0.0906900 0.1865160 0.1727362 0.1735861 0.1591826 0.0349485 0.1027900 0.2119360 0.2162106 0.1817255 0.0715130 0.1118016 0.0864249 0.0327956 0.0959179 0.1278163 0.0958305 0.0936340 0.1577997 0.1825535 0.2373203 0.0904147 0.2373203 0.1612190 
Peramelidae_Perameles_nasuta                 0.1425652 0.1440018 0.1668442 0.1664488 0.1716121 0.1252300 0.1260574 0.1651953 0.0000000 0.1191910 0.1848577 0.1884434 0.1179804 0.1274833 0.1733605 0.1780009 0.1650802 0.0218606 0.1575137 0.1446124 0.2301934 0.2320523 0.1693344 0.1507332 0.1376129 0.1295185 0.1524749 0.1401732 0.1720348 0.1287726 0.1319480 0.0234126 0.1809320 0.2370852 0.1347513 0.2370852 0.0019696 
Phalangeridae_Strigocuscus_pelengensis       0.0902604 0.0695451 0.0777794 0.0790452 0.1183655 0.0205808 0.0197431 0.0774045 0.1191910 0.0000000 0.1326731 0.1311692 0.0146953 0.0484684 0.1376669 0.1206175 0.1277997 0.1156990 0.0781091 0.0691941 0.1547249 0.1620214 0.1286542 0.0584370 0.0760062 0.0568966 0.0764508 0.0710924 0.0983839 0.0546466 0.0222920 0.1195312 0.1275533 0.1829699 0.0634974 0.1829699 0.1211746 
Dasyuridae_Phascogale_tapoatafa              0.1589159 0.1578511 0.1708254 0.1673592 0.0403369 0.1394733 0.1429058 0.1820896 0.1848577 0.1326731 0.0000000 0.0436030 0.1384152 0.1385673 0.0058483 0.0436341 0.0492088 0.1752507 0.1772484 0.1667653 0.2026387 0.2057941 0.0266575 0.1568987 0.1368998 0.1468710 0.1710508 0.1597358 0.1746056 0.1463776 0.1474505 0.1806711 0.0470513 0.2312752 0.1464656 0.2312752 0.1631671 
Dasyuridae_Sminthopsis_macroura              0.1560082 0.1586122 0.1621440 0.1594461 0.0596268 0.1368478 0.1393492 0.1722037 0.1884434 0.1311692 0.0436030 0.0000000 0.1318088 0.1371378 0.0361298 0.0604189 0.0419255 0.1818600 0.1708211 0.1653946 0.1900648 0.1967430 0.0520224 0.1589896 0.1313552 0.1434659 0.1649297 0.1566465 0.1681336 0.1445054 0.1442382 0.1886853 0.0648166 0.1941642 0.1424083 0.1941642 0.1629310 
Phalangeridae_Phalanger_orientalis           0.0940845 0.0702012 0.0826443 0.0834308 0.1183580 0.0189461 0.0152704 0.0848258 0.1179804 0.0146953 0.1384152 0.1318088 0.0000000 0.0545813 0.1373208 0.1210160 0.1312067 0.1147987 0.0807061 0.0680779 0.1604696 0.1693869 0.1322111 0.0701650 0.0827237 0.0564196 0.0762781 0.0670030 0.0954474 0.0575605 0.0103905 0.1189747 0.1295124 0.2185604 0.0709787 0.2185604 0.1184986 
Acrobatidae_Acrobates_pygmaeus               0.0940863 0.0788259 0.0883393 0.0881977 0.1260588 0.0563926 0.0587586 0.0906900 0.1274833 0.0484684 0.1385673 0.1371378 0.0545813 0.0000000 0.1363468 0.1294009 0.1289430 0.1261916 0.0845527 0.0716803 0.1684181 0.1762354 0.1280393 0.0745303 0.0837525 0.0561987 0.0832646 0.0694166 0.0997753 0.0381360 0.0642363 0.1317388 0.1352895 0.1732694 0.0786005 0.1732694 0.1278404 
Dasyuridae_Phascogale_calura                 0.1614981 0.1580918 0.1752080 0.1712325 0.0348231 0.1425276 0.1355037 0.1865160 0.1733605 0.1376669 0.0058483 0.0361298 0.1373208 0.1363468 0.0000000 0.0377073 0.0484974 0.1719172 0.1798273 0.1609375 0.2038499 0.2066678 0.0275357 0.1552110 0.1287034 0.1485475 0.1749956 0.1574957 0.1719701 0.1459334 0.1366629 0.1721032 0.0405478 0.2217997 0.1361288 0.2217997 0.1444354 
Dasyuridae_Sarcophilus_harrisii              0.1492125 0.1394858 0.1629419 0.1588166 0.0156928 0.1227105 0.1268690 0.1727362 0.1780009 0.1206175 0.0436341 0.0604189 0.1210160 0.1294009 0.0377073 0.0000000 0.0393743 0.1648961 0.1669595 0.1523858 0.1992627 0.2006991 0.0293821 0.1449621 0.1320618 0.1355726 0.1619138 0.1479590 0.1753488 0.1335547 0.1344479 0.1744248 0.0205515 0.2141569 0.1431472 0.2141569 0.1659585 
Dasyuridae_Planigale_tenuirostris            0.1616715 0.1510175 0.1724365 0.1701170 0.0405755 0.1353465 0.1324633 0.1735861 0.1650802 0.1277997 0.0492088 0.0419255 0.1312067 0.1289430 0.0484974 0.0393743 0.0000000 0.1677636 0.1776430 0.1637864 0.2090475 0.2081617 0.0308284 0.1335914 0.1234777 0.1373711 0.1741231 0.1512798 0.1636876 0.1354851 0.1320803 0.1716928 0.0481717 0.2372098 0.1276591 0.2372098 0.1491134 
Peramelidae_Echymipera_kalubu                0.1405811 0.1409199 0.1578356 0.1575299 0.1583691 0.1222495 0.1232482 0.1591826 0.0218606 0.1156990 0.1752507 0.1818600 0.1147987 0.1261916 0.1719172 0.1648961 0.1677636 0.0000000 0.1466166 0.1376918 0.2393565 0.2278479 0.1641055 0.1458413 0.1277061 0.1261979 0.1424999 0.1352940 0.1687677 0.1242895 0.1287551 0.0223626 0.1697888 0.2215686 0.1310373 0.2215686 0.0186714 
Macropodidae_Dorcopsulus_vanheurni           0.1235430 0.1082909 0.0354749 0.0363098 0.1663606 0.0778893 0.0848858 0.0349485 0.1575137 0.0781091 0.1772484 0.1708211 0.0807061 0.0845527 0.1798273 0.1669595 0.1776430 0.1466166 0.0000000 0.0961827 0.2046675 0.2063868 0.1731587 0.0699855 0.1069763 0.0856115 0.0103689 0.0909202 0.1250337 0.0873124 0.0917708 0.1522557 0.1730164 0.2311960 0.0886766 0.2311960 0.1457091 
Pseudochiridae_Pseudochirulus_forbesi        0.1161189 0.0971525 0.1031687 0.1038165 0.1477947 0.0717709 0.0765382 0.1027900 0.1446124 0.0691941 0.1667653 0.1653946 0.0680779 0.0716803 0.1609375 0.1523858 0.1637864 0.1376918 0.0961827 0.0000000 0.2088491 0.1964387 0.1554282 0.0902982 0.1052260 0.0353356 0.0981075 0.0292065 0.0974267 0.0744570 0.0785396 0.1467640 0.1609094 0.2776025 0.0853733 0.2776025 0.1380120 
Didelphidae_Didelphis_virginiana             0.1880321 0.1787655 0.2118594 0.2156278 0.1941859 0.1659891 0.1654724 0.2119360 0.2301934 0.1547249 0.2026387 0.1900648 0.1604696 0.1684181 0.2038499 0.1992627 0.2090475 0.2393565 0.2046675 0.2088491 0.0000000 0.0850760 0.2025886 0.1973834 0.1589222 0.1874777 0.1977433 0.2001661 0.2079689 0.1804426 0.1722893 0.2380440 0.2081280 0.2989352 0.1819230 0.2989352 0.2187439 
Marmosidae_Monodelphis_domestica             0.1956534 0.1839946 0.2105548 0.2128180 0.1961027 0.1733922 0.1716713 0.2162106 0.2320523 0.1620214 0.2057941 0.1967430 0.1693869 0.1762354 0.2066678 0.2006991 0.2081617 0.2278479 0.2063868 0.1964387 0.0850760 0.0000000 0.2094187 0.1932295 0.1699344 0.1802493 0.1995129 0.1964971 0.2016311 0.1811601 0.1763081 0.2288751 0.2078167 0.1951324 0.1907134 0.1951324 0.2274324 
Dasyuridae_Antechinus_stuartii               0.1579104 0.1536889 0.1743061 0.1698254 0.0292294 0.1349674 0.1309805 0.1817255 0.1693344 0.1286542 0.0266575 0.0520224 0.1322111 0.1280393 0.0275357 0.0293821 0.0308284 0.1641055 0.1731587 0.1554282 0.2025886 0.2094187 0.0000000 0.1429665 0.1211271 0.1407558 0.1688352 0.1524152 0.1631287 0.1425318 0.1317903 0.1690994 0.0365866 0.2247400 0.1372257 0.2247400 0.1390891 
Hypsiprymnodontidae_Hypsiprymnodon_moschatus 0.1155601 0.0933901 0.0746505 0.0760130 0.1396893 0.0706560 0.0727225 0.0715130 0.1507332 0.0584370 0.1568987 0.1589896 0.0701650 0.0745303 0.1552110 0.1449621 0.1335914 0.1458413 0.0699855 0.0902982 0.1973834 0.1932295 0.1429665 0.0000000 0.1054015 0.0818025 0.0689852 0.0850675 0.1148000 0.0756558 0.0790446 0.1511465 0.1530577 0.2322253 0.0829540 0.2322253 0.1517869 
Microbiotheriidae_Dromiciops_gliroides       0.1144162 0.0975168 0.1032147 0.1065284 0.1332580 0.0824235 0.0897694 0.1118016 0.1376129 0.0760062 0.1368998 0.1313552 0.0827237 0.0837525 0.1287034 0.1320618 0.1234777 0.1277061 0.1069763 0.1052260 0.1589222 0.1699344 0.1211271 0.1054015 0.0000000 0.0939156 0.1049274 0.1023786 0.1221473 0.0974819 0.0944679 0.1321058 0.1389745 0.1750406 0.0936716 0.1750406 0.1228769 
Pseudochiridae_Petauroides_volans            0.1060855 0.0873439 0.0871154 0.0893408 0.1329197 0.0577641 0.0606786 0.0864249 0.1295185 0.0568966 0.1468710 0.1434659 0.0564196 0.0561987 0.1485475 0.1355726 0.1373711 0.1261979 0.0856115 0.0353356 0.1874777 0.1802493 0.1407558 0.0818025 0.0939156 0.0000000 0.0843529 0.0322170 0.0860470 0.0631154 0.0667812 0.1343924 0.1454778 0.2277133 0.0756506 0.2277133 0.1282383 
Macropodidae_Wallabia_bicolor                0.1217056 0.1018824 0.0346588 0.0354780 0.1594899 0.0769258 0.0818658 0.0327956 0.1524749 0.0764508 0.1710508 0.1649297 0.0762781 0.0832646 0.1749956 0.1619138 0.1741231 0.1424999 0.0103689 0.0981075 0.1977433 0.1995129 0.1688352 0.0689852 0.1049274 0.0843529 0.0000000 0.0915969 0.1202948 0.0840517 0.0884326 0.1473725 0.1677277 0.2293313 0.0925538 0.2293313 0.1441768 
Pseudochiridae_Pseudocheirus_occidentalis    0.1164608 0.0935847 0.0959609 0.0991816 0.1464963 0.0677332 0.0739687 0.0959179 0.1401732 0.0710924 0.1597358 0.1566465 0.0670030 0.0694166 0.1574957 0.1479590 0.1512798 0.1352940 0.0909202 0.0292065 0.2001661 0.1964971 0.1524152 0.0850675 0.1023786 0.0322170 0.0915969 0.0000000 0.0969871 0.0718339 0.0773023 0.1402481 0.1562290 0.2934331 0.0833292 0.2934331 0.1447968 
Tarsipedidae_Tarsipes_rostratus              0.1377684 0.1288161 0.1279908 0.1291199 0.1727042 0.1018227 0.1039804 0.1278163 0.1720348 0.0983839 0.1746056 0.1681336 0.0954474 0.0997753 0.1719701 0.1753488 0.1636876 0.1687677 0.1250337 0.0974267 0.2079689 0.2016311 0.1631287 0.1148000 0.1221473 0.0860470 0.1202948 0.0969871 0.0000000 0.1006703 0.1101656 0.1714903 0.1808662 0.2396151 0.1051843 0.2396151 0.1637603 
Acrobatidae_Distoechurus_pennatus            0.0997772 0.0833989 0.0965521 0.0950726 0.1275627 0.0596843 0.0612636 0.0958305 0.1287726 0.0546466 0.1463776 0.1445054 0.0575605 0.0381360 0.1459334 0.1335547 0.1354851 0.1242895 0.0873124 0.0744570 0.1804426 0.1811601 0.1425318 0.0756558 0.0974819 0.0631154 0.0840517 0.0718339 0.1006703 0.0000000 0.0690298 0.1303783 0.1375213 0.2230109 0.0791459 0.2230109 0.1250810 
Phalangeridae_Phalanger_carmelitae           0.1043413 0.0822786 0.0924635 0.0940901 0.1326225 0.0259247 0.0198567 0.0936340 0.1319480 0.0222920 0.1474505 0.1442382 0.0103905 0.0642363 0.1366629 0.1344479 0.1320803 0.1287551 0.0917708 0.0785396 0.1722893 0.1763081 0.1317903 0.0790446 0.0944679 0.0667812 0.0884326 0.0773023 0.1101656 0.0690298 0.0000000 0.1337585 0.1413690 0.2188752 0.0871031 0.2188752 0.1384564 
Peramelidae_Peroryctes_raffrayana            0.1410117 0.1424662 0.1584353 0.1598128 0.1678085 0.1288056 0.1278136 0.1577997 0.0234126 0.1195312 0.1806711 0.1886853 0.1189747 0.1317388 0.1721032 0.1744248 0.1716928 0.0223626 0.1522557 0.1467640 0.2380440 0.2288751 0.1690994 0.1511465 0.1321058 0.1343924 0.1473725 0.1402481 0.1714903 0.1303783 0.1337585 0.0000000 0.1806026 0.1898751 0.1336535 0.1898751 0.0196622 
Dasyuridae_Dasyurus_geffroii                 0.1593311 0.1486239 0.1717406 0.1691232 0.0110082 0.1299550 0.1346170 0.1825535 0.1809320 0.1275533 0.0470513 0.0648166 0.1295124 0.1352895 0.0405478 0.0205515 0.0481717 0.1697888 0.1730164 0.1609094 0.2081280 0.2078167 0.0365866 0.1530577 0.1389745 0.1454778 0.1677277 0.1562290 0.1808662 0.1375213 0.1413690 0.1806026 0.0000000 0.2081008 0.1449456 0.2081008 0.1618947 
Peramelidae_Isoodon_obesulus1                0.2237090 0.2238648 0.2428687 0.2456370 0.2219394 0.1937148 0.2069064 0.2373203 0.2370852 0.1829699 0.2312752 0.1941642 0.2185604 0.1732694 0.2217997 0.2141569 0.2372098 0.2215686 0.2311960 0.2776025 0.2989352 0.1951324 0.2247400 0.2322253 0.1750406 0.2277133 0.2293313 0.2934331 0.2396151 0.2230109 0.2188752 0.1898751 0.2081008 0.0000000 0.2187887 0.0000010 0.2364939 
Burramyidae_Burramys_parvus                  0.1097864 0.1079411 0.0912693 0.0957021 0.1365986 0.0639668 0.0748795 0.0904147 0.1347513 0.0634974 0.1464656 0.1424083 0.0709787 0.0786005 0.1361288 0.1431472 0.1276591 0.1310373 0.0886766 0.0853733 0.1819230 0.1907134 0.1372257 0.0829540 0.0936716 0.0756506 0.0925538 0.0833292 0.1051843 0.0791459 0.0871031 0.1336535 0.1449456 0.2187887 0.0000000 0.2187887 0.1306578 
Peramelidae_Isoodon_obesulus2                0.2237090 0.2238648 0.2428687 0.2456370 0.2219394 0.1937148 0.2069064 0.2373203 0.2370852 0.1829699 0.2312752 0.1941642 0.2185604 0.1732694 0.2217997 0.2141569 0.2372098 0.2215686 0.2311960 0.2776025 0.2989352 0.1951324 0.2247400 0.2322253 0.1750406 0.2277133 0.2293313 0.2934331 0.2396151 0.2230109 0.2188752 0.1898751 0.2081008 0.0000010 0.2187887 0.0000000 0.2364939 
Peramelidae_Perameles_gunnii                 0.1313409 0.1491604 0.1534910 0.1530857 0.1595556 0.1218150 0.1278330 0.1612190 0.0019696 0.1211746 0.1631671 0.1629310 0.1184986 0.1278404 0.1444354 0.1659585 0.1491134 0.0186714 0.1457091 0.1380120 0.2187439 0.2274324 0.1390891 0.1517869 0.1228769 0.1282383 0.1441768 0.1447968 0.1637603 0.1250810 0.1384564 0.0196622 0.1618947 0.2364939 0.1306578 0.2364939 0.0000000 
