35
Burramyidae_Burramys_parvus                  0.0000000 0.0907987 0.0665562 0.0698798 0.0748003 0.0887525 0.0828697 0.0670783 0.0658755 0.0865541 0.0872668 0.0894547 0.0775187 0.0905552 0.0535364 0.0813758 0.0828930 0.0867492 0.0758951 0.0664452 0.0672786 0.0869036 0.0861526 0.0784637 0.0579832 0.0814801 0.0571490 0.0630849 0.0753696 0.0896706 0.0522844 0.0873656 0.0952465 0.0850589 0.0865837 
Notoryctidae_Notoryctes_typhlops             0.0907987 0.0000000 0.0981079 0.1063157 0.1096814 0.1211218 0.1232354 0.1128011 0.1064781 0.1093189 0.1366460 0.1122530 0.1073736 0.1431919 0.0973216 0.1080746 0.1170036 0.1136898 0.1216494 0.1027077 0.1192279 0.1293022 0.1296839 0.1095087 0.0871476 0.0998616 0.1073435 0.1047004 0.1035880 0.1458857 0.0974694 0.1385304 0.1229530 0.1184071 0.1315266 
Vombatidae_Lasiorhinus_latifrons             0.0665562 0.0981079 0.0000000 0.0705612 0.0755588 0.0983605 0.0843677 0.0679801 0.0658616 0.0869197 0.1003153 0.0769962 0.0866200 0.1017804 0.0671878 0.0885881 0.0932155 0.0959787 0.0977537 0.0638973 0.0881362 0.1022117 0.0995020 0.0856679 0.0699617 0.0875564 0.0696628 0.0692660 0.1031457 0.1078444 0.0664546 0.0977368 0.0874595 0.0951713 0.1090991 
Potoroidae_Bettongia_penicillata             0.0698798 0.1063157 0.0705612 0.0000000 0.0092342 0.1122526 0.0863985 0.0762936 0.0192251 0.1056613 0.1031587 0.0950572 0.1009479 0.1045011 0.0691955 0.1028353 0.1091434 0.1075427 0.1044287 0.0280350 0.0941650 0.1102240 0.1105072 0.1021920 0.0476551 0.1013461 0.0736783 0.0294031 0.1033445 0.1145104 0.0704282 0.0996833 0.1012439 0.1097740 0.1143873 
Potoroidae_Bettongia_lesueur                 0.0748003 0.1096814 0.0755588 0.0092342 0.0000000 0.1153273 0.0849505 0.0853684 0.0231770 0.1107469 0.1097107 0.0937040 0.1022353 0.1121831 0.0729298 0.1079281 0.1127998 0.1105566 0.1051387 0.0315884 0.0981374 0.1157093 0.1164239 0.1039435 0.0518177 0.1004600 0.0801667 0.0343173 0.1053089 0.1225386 0.0762880 0.1078744 0.1039894 0.1133896 0.1160777 
Dasyuridae_Dasyurus_maculatus                0.0887525 0.1211218 0.0983605 0.1122526 0.1153273 0.0000000 0.1209652 0.1222628 0.1090647 0.1217560 0.1300949 0.0288047 0.0279009 0.1328740 0.0953860 0.0327010 0.0064401 0.0291726 0.1071923 0.1093155 0.1137710 0.1171914 0.1170475 0.0225831 0.0938256 0.1042561 0.1027200 0.1110640 0.1372199 0.1356041 0.0996805 0.1287834 0.1091326 0.0048694 0.1155171 
Phalangeridae_Trichosurus_vulpecula          0.0828697 0.1232354 0.0843677 0.0863985 0.0849505 0.1209652 0.0000000 0.0483946 0.0853706 0.0995335 0.0489881 0.0804439 0.1068352 0.0472003 0.0769478 0.1151144 0.1162309 0.1109670 0.1144655 0.0856429 0.1063503 0.1210464 0.1199574 0.1093827 0.0822380 0.0993389 0.0850184 0.0874683 0.1264026 0.1263013 0.0856695 0.0435205 0.0966653 0.1190108 0.1250412 
Phalangeridae_Spilocuscus_maculatus          0.0670783 0.1128011 0.0679801 0.0762936 0.0853684 0.1222628 0.0483946 0.0000000 0.0753506 0.1096457 0.0157099 0.1134997 0.1113041 0.0125600 0.0790853 0.1166122 0.1175109 0.1108362 0.1067347 0.0749303 0.0972156 0.1040226 0.1163136 0.1090555 0.0806372 0.1091791 0.0765441 0.0735285 0.1878577 0.0940304 0.0758164 0.0119232 0.1077039 0.1173346 0.1177688 
Potoroidae_Aepyprymnus_rufescens             0.0658755 0.1064781 0.0658616 0.0192251 0.0231770 0.1090647 0.0853706 0.0753506 0.0000000 0.1114933 0.1010932 0.0911163 0.0949424 0.1027930 0.0684133 0.0961598 0.1046045 0.1035257 0.1025752 0.0269786 0.0903137 0.1139366 0.1137566 0.0976675 0.0510792 0.1014033 0.0725759 0.0284676 0.1040052 0.1122986 0.0719185 0.0976390 0.0975914 0.1044555 0.1109264 
Peramelidae_Perameles_nasuta                 0.0865541 0.1093189 0.0869197 0.1056613 0.1107469 0.1217560 0.0995335 0.1096457 0.1114933 0.0000000 0.1043722 0.1180963 0.1142399 0.1107556 0.0848764 0.1109310 0.1195739 0.1212146 0.0246148 0.1043658 0.1162755 0.1184811 0.1158645 0.1071614 0.1018622 0.0925034 0.1008660 0.1008900 0.2295736 0.1393524 0.0965480 0.1061527 0.0431667 0.1203254 0.0273700 
Phalangeridae_Strigocuscus_pelengensis       0.0872668 0.1366460 0.1003153 0.1031587 0.1097107 0.1300949 0.0489881 0.0157099 0.1010932 0.1043722 0.0000000 0.1050244 0.1219230 0.0168408 0.0931330 0.1223348 0.1219998 0.1179470 0.1171792 0.1025640 0.1212381 0.1225032 0.1313113 0.1204842 0.0985489 0.1232195 0.0984688 0.1052531 0.1571246 0.1312996 0.1022050 0.0151895 0.0985496 0.1260978 0.1269257 
Dasyuridae_Phascogale_tapoatafa              0.0894547 0.1122530 0.0769962 0.0950572 0.0937040 0.0288047 0.0804439 0.1134997 0.0911163 0.1180963 0.1050244 0.0000000 0.0255176 0.1047145 0.0933712 0.0218390 0.0256511 0.0361138 0.1063283 0.0961438 0.1108937 0.1226296 0.1268207 0.0165627 0.0878737 0.1095132 0.1022374 0.0944638 0.2377530 0.1261450 0.0934719 0.1023408 0.1061589 0.0261664 0.1155029 
Dasyuridae_Sminthopsis_macroura              0.0775187 0.1073736 0.0866200 0.1009479 0.1022353 0.0279009 0.1068352 0.1113041 0.0949424 0.1142399 0.1219230 0.0255176 0.0000000 0.1270293 0.0838681 0.0342947 0.0260510 0.0262349 0.0990241 0.0955343 0.1015432 0.1104078 0.1119344 0.0241208 0.0819149 0.0924390 0.0858290 0.0982631 0.1206530 0.1208884 0.0832730 0.1230486 0.1059609 0.0256517 0.1107738 
Phalangeridae_Phalanger_orientalis           0.0905552 0.1431919 0.1017804 0.1045011 0.1121831 0.1328740 0.0472003 0.0125600 0.1027930 0.1107556 0.0168408 0.1047145 0.1270293 0.0000000 0.0942688 0.1282316 0.1248925 0.1243930 0.1251206 0.1021176 0.1217562 0.1244398 0.1312765 0.1235231 0.1018651 0.1266876 0.1031326 0.1047748 0.1591072 0.1322903 0.1045872 0.0034202 0.1041822 0.1288443 0.1347113 
Acrobatidae_Acrobates_pygmaeus               0.0535364 0.0973216 0.0671878 0.0691955 0.0729298 0.0953860 0.0769478 0.0790853 0.0684133 0.0848764 0.0931330 0.0933712 0.0838681 0.0942688 0.0000000 0.0867184 0.0921849 0.0969741 0.0798418 0.0657422 0.0622240 0.0921358 0.0985316 0.0819906 0.0548006 0.0754164 0.0475878 0.0690355 0.0557172 0.0775217 0.0306470 0.0894549 0.0890473 0.0937250 0.0933343 
Dasyuridae_Phascogale_calura                 0.0813758 0.1080746 0.0885881 0.1028353 0.1079281 0.0327010 0.1151144 0.1166122 0.0961598 0.1109310 0.1223348 0.0218390 0.0342947 0.1282316 0.0867184 0.0000000 0.0296179 0.0424080 0.1064444 0.0950113 0.1043294 0.1172529 0.1231709 0.0194176 0.0835950 0.0966051 0.0912715 0.0975064 0.1251892 0.1275532 0.0877861 0.1242622 0.1122650 0.0303334 0.1153229 
Dasyuridae_Sarcophilus_harrisii              0.0828930 0.1170036 0.0932155 0.1091434 0.1127998 0.0064401 0.1162309 0.1175109 0.1046045 0.1195739 0.1219998 0.0256511 0.0260510 0.1248925 0.0921849 0.0296179 0.0000000 0.0293080 0.1064717 0.1048380 0.1107658 0.1133875 0.1169057 0.0206100 0.0903628 0.1019131 0.0976156 0.1053542 0.1338808 0.1281266 0.0945880 0.1208609 0.1066251 0.0049256 0.1121286 
Dasyuridae_Planigale_tenuirostris            0.0867492 0.1136898 0.0959787 0.1075427 0.1105566 0.0291726 0.1109670 0.1108362 0.1035257 0.1212146 0.1179470 0.0361138 0.0262349 0.1243930 0.0969741 0.0424080 0.0293080 0.0000000 0.1006659 0.1064827 0.1155836 0.1082240 0.1158720 0.0325623 0.0910538 0.1103775 0.0975916 0.1074012 0.1444540 0.1218381 0.0931853 0.1201423 0.1092150 0.0265915 0.1137078 
Peramelidae_Echymipera_kalubu                0.0758951 0.1216494 0.0977537 0.1044287 0.1051387 0.1071923 0.1144655 0.1067347 0.1025752 0.0246148 0.1171792 0.1063283 0.0990241 0.1251206 0.0798418 0.1064444 0.1064717 0.1006659 0.0000000 0.0975690 0.1040022 0.1055475 0.1047587 0.0995559 0.0857542 0.0814618 0.0954816 0.1012799 0.0936434 0.1271448 0.0898331 0.1246246 0.0375613 0.1063361 0.0349411 
Macropodidae_Dorcopsulus_vanheurni           0.0664452 0.1027077 0.0638973 0.0280350 0.0315884 0.1093155 0.0856429 0.0749303 0.0269786 0.1043658 0.1025640 0.0961438 0.0955343 0.1021176 0.0657422 0.0950113 0.1048380 0.1064827 0.0975690 0.0000000 0.0925254 0.1059134 0.1046532 0.0991443 0.0487525 0.0973769 0.0734411 0.0176181 0.0884187 0.1153848 0.0685763 0.0978103 0.0923641 0.1046845 0.1076225 
Pseudochiridae_Pseudochirulus_forbesi        0.0672786 0.1192279 0.0881362 0.0941650 0.0981374 0.1137710 0.1063503 0.0972156 0.0903137 0.1162755 0.1212381 0.1108937 0.1015432 0.1217562 0.0622240 0.1043294 0.1107658 0.1155836 0.1040022 0.0925254 0.0000000 0.1123291 0.1161169 0.1035255 0.0753955 0.1053492 0.0393543 0.0882568 0.0156423 0.0867692 0.0584750 0.1173896 0.1021789 0.1119089 0.1170506 
Didelphidae_Didelphis_virginiana             0.0869036 0.1293022 0.1022117 0.1102240 0.1157093 0.1171914 0.1210464 0.1040226 0.1139366 0.1184811 0.1225032 0.1226296 0.1104078 0.1244398 0.0921358 0.1172529 0.1133875 0.1082240 0.1055475 0.1059134 0.1123291 0.0000000 0.0446664 0.1047154 0.0942218 0.1098569 0.0991221 0.1047916 0.1286479 0.1141407 0.0974107 0.1216040 0.1180413 0.1138348 0.1163879 
Marmosidae_Monodelphis_domestica             0.0861526 0.1296839 0.0995020 0.1105072 0.1164239 0.1170475 0.1199574 0.1163136 0.1137566 0.1158645 0.1313113 0.1268207 0.1119344 0.1312765 0.0985316 0.1231709 0.1169057 0.1158720 0.1047587 0.1046532 0.1161169 0.0446664 0.0000000 0.1165948 0.0975397 0.1098104 0.1019067 0.1043667 0.1383012 0.1177130 0.1028357 0.1290522 0.1197774 0.1185082 0.1151254 
Dasyuridae_Antechinus_stuartii               0.0784637 0.1095087 0.0856679 0.1021920 0.1039435 0.0225831 0.1093827 0.1090555 0.0976675 0.1071614 0.1204842 0.0165627 0.0241208 0.1235231 0.0819906 0.0194176 0.0206100 0.0325623 0.0995559 0.0991443 0.1035255 0.1047154 0.1165948 0.0000000 0.0828885 0.0921165 0.0888848 0.0998894 0.1262080 0.1187218 0.0835438 0.1196736 0.1027619 0.0219555 0.1074310 
Hypsiprymnodontidae_Hypsiprymnodon_moschatus 0.0579832 0.0871476 0.0699617 0.0476551 0.0518177 0.0938256 0.0822380 0.0806372 0.0510792 0.1018622 0.0985489 0.0878737 0.0819149 0.1018651 0.0548006 0.0835950 0.0903628 0.0910538 0.0857542 0.0487525 0.0753955 0.0942218 0.0975397 0.0828885 0.0000000 0.0829831 0.0587257 0.0493696 0.0851440 0.0922123 0.0537978 0.0981378 0.0998989 0.0896463 0.0960225 
Microbiotheriidae_Dromiciops_gliroides       0.0814801 0.0998616 0.0875564 0.1013461 0.1004600 0.1042561 0.0993389 0.1091791 0.1014033 0.0925034 0.1232195 0.1095132 0.0924390 0.1266876 0.0754164 0.0966051 0.1019131 0.1103775 0.0814618 0.0973769 0.1053492 0.1098569 0.1098104 0.0921165 0.0829831 0.0000000 0.0862092 0.0987162 0.1167549 0.1276200 0.0828041 0.1230712 0.0938587 0.1041818 0.0934287 
Pseudochiridae_Petauroides_volans            0.0571490 0.1073435 0.0696628 0.0736783 0.0801667 0.1027200 0.0850184 0.0765441 0.0725759 0.1008660 0.0984688 0.1022374 0.0858290 0.1031326 0.0475878 0.0912715 0.0976156 0.0975916 0.0954816 0.0734411 0.0393543 0.0991221 0.1019067 0.0888848 0.0587257 0.0862092 0.0000000 0.0709443 0.0333054 0.0773128 0.0487193 0.1002165 0.0926458 0.0995149 0.1050732 
Macropodidae_Wallabia_bicolor                0.0630849 0.1047004 0.0692660 0.0294031 0.0343173 0.1110640 0.0874683 0.0735285 0.0284676 0.1008900 0.1052531 0.0944638 0.0982631 0.1047748 0.0690355 0.0975064 0.1053542 0.1074012 0.1012799 0.0176181 0.0882568 0.1047916 0.1043667 0.0998894 0.0493696 0.0987162 0.0709443 0.0000000 0.0878221 0.1092157 0.0696087 0.0999044 0.0919293 0.1065959 0.1127921 
Pseudochiridae_Pseudocheirus_occidentalis    0.0753696 0.1035880 0.1031457 0.1033445 0.1053089 0.1372199 0.1264026 0.1878577 0.1040052 0.2295736 0.1571246 0.2377530 0.1206530 0.1591072 0.0557172 0.1251892 0.1338808 0.1444540 0.0936434 0.0884187 0.0156423 0.1286479 0.1383012 0.1262080 0.0851440 0.1167549 0.0333054 0.0878221 0.0000000 0.1001826 0.0542692 0.1538239 0.1784843 0.1371477 0.1202854 
Tarsipedidae_Tarsipes_rostratus              0.0896706 0.1458857 0.1078444 0.1145104 0.1225386 0.1356041 0.1263013 0.0940304 0.1122986 0.1393524 0.1312996 0.1261450 0.1208884 0.1322903 0.0775217 0.1275532 0.1281266 0.1218381 0.1271448 0.1153848 0.0867692 0.1141407 0.1177130 0.1187218 0.0922123 0.1276200 0.0773128 0.1092157 0.1001826 0.0000000 0.0805284 0.1284278 0.1283256 0.1315821 0.1415457 
Acrobatidae_Distoechurus_pennatus            0.0522844 0.0974694 0.0664546 0.0704282 0.0762880 0.0996805 0.0856695 0.0758164 0.0719185 0.0965480 0.1022050 0.0934719 0.0832730 0.1045872 0.0306470 0.0877861 0.0945880 0.0931853 0.0898331 0.0685763 0.0584750 0.0974107 0.1028357 0.0835438 0.0537978 0.0828041 0.0487193 0.0696087 0.0542692 0.0805284 0.0000000 0.0991263 0.0917645 0.0959341 0.1002318 
Phalangeridae_Phalanger_carmelitae           0.0873656 0.1385304 0.0977368 0.0996833 0.1078744 0.1287834 0.0435205 0.0119232 0.0976390 0.1061527 0.0151895 0.1023408 0.1230486 0.0034202 0.0894549 0.1242622 0.1208609 0.1201423 0.1246246 0.0978103 0.1173896 0.1216040 0.1290522 0.1196736 0.0981378 0.1230712 0.1002165 0.0999044 0.1538239 0.1284278 0.0991263 0.0000000 0.1023448 0.1248079 0.1330330 
Peramelidae_Peroryctes_raffrayana            0.0952465 0.1229530 0.0874595 0.1012439 0.1039894 0.1091326 0.0966653 0.1077039 0.0975914 0.0431667 0.0985496 0.1061589 0.1059609 0.1041822 0.0890473 0.1122650 0.1066251 0.1092150 0.0375613 0.0923641 0.1021789 0.1180413 0.1197774 0.1027619 0.0998989 0.0938587 0.0926458 0.0919293 0.1784843 0.1283256 0.0917645 0.1023448 0.0000000 0.1063827 0.0599262 
Dasyuridae_Dasyurus_geffroii                 0.0850589 0.1184071 0.0951713 0.1097740 0.1133896 0.0048694 0.1190108 0.1173346 0.1044555 0.1203254 0.1260978 0.0261664 0.0256517 0.1288443 0.0937250 0.0303334 0.0049256 0.0265915 0.1063361 0.1046845 0.1119089 0.1138348 0.1185082 0.0219555 0.0896463 0.1041818 0.0995149 0.1065959 0.1371477 0.1315821 0.0959341 0.1248079 0.1063827 0.0000000 0.1146573 
Peramelidae_Perameles_gunnii                 0.0865837 0.1315266 0.1090991 0.1143873 0.1160777 0.1155171 0.1250412 0.1177688 0.1109264 0.0273700 0.1269257 0.1155029 0.1107738 0.1347113 0.0933343 0.1153229 0.1121286 0.1137078 0.0349411 0.1076225 0.1170506 0.1163879 0.1151254 0.1074310 0.0960225 0.0934287 0.1050732 0.1127921 0.1202854 0.1415457 0.1002318 0.1330330 0.0599262 0.1146573 0.0000000 
