35
Burramyidae_Burramys_parvus                  0.0000000 0.0552458 0.0631965 0.0428115 0.0483290 0.0748260 0.0316803 0.0371601 0.0749722 0.0603969 0.0530185 0.0691965 0.0647917 0.0300351 0.0333089 0.1054562 0.0625320 0.0660282 0.0745174 0.0411638 0.0472794 0.1695736 0.0745535 0.0778153 0.0451160 0.0571996 0.0381251 0.0407629 0.0409214 0.0635425 0.0469335 0.0341653 0.0693015 0.0736133 0.0630843 
Notoryctidae_Notoryctes_typhlops             0.0552458 0.0000000 0.0951849 0.0711933 0.0763606 0.0938350 0.0617320 0.0615391 0.1171825 0.0612919 0.0920842 0.0826407 0.0815763 0.0553885 0.0593699 0.1164193 0.0756365 0.0761753 0.0821464 0.0752587 0.0676011 0.1692391 0.0680739 0.0925046 0.0712460 0.0673371 0.0573805 0.0658782 0.0585849 0.0859939 0.0668787 0.0585511 0.0724362 0.0915488 0.0694977 
Vombatidae_Lasiorhinus_latifrons             0.0631965 0.0951849 0.0000000 0.0796157 0.0785531 0.0826733 0.0549850 0.0766735 0.0653445 0.0957311 0.0458836 0.0882959 0.0792320 0.0642398 0.0692877 0.0965389 0.1017995 0.1128247 0.0910270 0.0486180 0.0704315 0.1084733 0.1378518 0.1088218 0.0766763 0.0842490 0.0660776 0.0748388 0.0774400 0.0980503 0.0729276 0.0636654 0.1039362 0.0814699 0.0892703 
Potoroidae_Bettongia_penicillata             0.0428115 0.0711933 0.0796157 0.0000000 0.0050899 0.1015853 0.0439082 0.0432343 0.0292232 0.0738313 0.0660490 0.0930071 0.0863684 0.0388834 0.0415830 0.1283093 0.0748535 0.0756149 0.0864575 0.0140012 0.0511808 0.1830665 0.0646050 0.0910609 0.0354646 0.0618868 0.0419160 0.0111468 0.0431330 0.0680056 0.0534050 0.0432290 0.0839908 0.1003739 0.0743708 
Potoroidae_Bettongia_lesueur                 0.0483290 0.0763606 0.0785531 0.0050899 0.0000000 0.1019608 0.0482749 0.0498187 0.0329254 0.0766503 0.0709665 0.0943798 0.0876960 0.0436761 0.0463910 0.1356899 0.0824176 0.0835993 0.0919223 0.0143712 0.0601314 0.2021514 0.0784852 0.0998060 0.0409769 0.0688047 0.0466753 0.0154631 0.0509228 0.0748735 0.0593257 0.0464058 0.0903414 0.1007507 0.0774389 
Dasyuridae_Dasyurus_maculatus                0.0748260 0.0938350 0.0826733 0.1015853 0.1019608 0.0000000 0.0791968 0.0910523 0.1054046 0.0894096 0.0846037 0.0115136 0.0138611 0.0882966 0.0868532 0.0114731 0.0058866 0.0163781 0.0871839 0.0924664 0.0920046 0.0957356 0.1124708 0.0128231 0.0939178 0.0798940 0.0825624 0.0939668 0.0917054 0.1148192 0.0966783 0.0855783 0.1007968 0.0026835 0.0839672 
Phalangeridae_Trichosurus_vulpecula          0.0316803 0.0617320 0.0549850 0.0439082 0.0482749 0.0791968 0.0000000 0.0223049 0.0708206 0.0655324 0.0347626 0.0738802 0.0704246 0.0188303 0.0377249 0.1067881 0.0685604 0.0733026 0.0746646 0.0365988 0.0441778 0.1829436 0.0799155 0.0832344 0.0411828 0.0521857 0.0345971 0.0412886 0.0420211 0.0581445 0.0445722 0.0202767 0.0756617 0.0780065 0.0651806 
Phalangeridae_Spilocuscus_maculatus          0.0371601 0.0615391 0.0766735 0.0432343 0.0498187 0.0910523 0.0223049 0.0000000 0.0881631 0.0695445 0.0372500 0.0811185 0.0773498 0.0127778 0.0374353 0.1267112 0.0724513 0.0737721 0.0745318 0.0416782 0.0464106 0.1931952 0.0679454 0.0902310 0.0436758 0.0523108 0.0409214 0.0413014 0.0481304 0.0662416 0.0472829 0.0164491 0.0801906 0.0907655 0.0638278 
Potoroidae_Aepyprymnus_rufescens             0.0749722 0.1171825 0.0653445 0.0292232 0.0329254 0.1054046 0.0708206 0.0881631 0.0000000 0.1158407 0.0410573 0.0940408 0.0890389 0.0763489 0.0747217 0.1012158 0.1151322 0.1181854 0.1216876 0.0165588 0.0905872 0.0996984 0.1418711 0.1349877 0.0641990 0.1039571 0.0781637 0.0389569 0.0860366 0.1058483 0.0891169 0.0743358 0.1156741 0.1041929 0.1115880 
Peramelidae_Perameles_nasuta                 0.0603969 0.0612919 0.0957311 0.0738313 0.0766503 0.0894096 0.0655324 0.0695445 0.1158407 0.0000000 0.0930260 0.0747648 0.0762200 0.0589589 0.0592096 0.1090201 0.0746206 0.0738583 0.0102838 0.0771288 0.0665420 0.1759025 0.0723706 0.0900128 0.0781053 0.0672682 0.0661373 0.0704714 0.0640103 0.0879322 0.0714684 0.0634863 0.0106465 0.0875594 0.0000010 
Phalangeridae_Strigocuscus_pelengensis       0.0530185 0.0920842 0.0458836 0.0660490 0.0709665 0.0846037 0.0347626 0.0372500 0.0410573 0.0930260 0.0000000 0.0758286 0.0714325 0.0296196 0.0646013 0.0855549 0.0975212 0.1060898 0.0946636 0.0354295 0.0704273 0.0790653 0.1150314 0.1163148 0.0627617 0.0819513 0.0650051 0.0639102 0.0762632 0.0945538 0.0720090 0.0301108 0.0938122 0.0851784 0.0837893 
Dasyuridae_Phascogale_tapoatafa              0.0691965 0.0826407 0.0882959 0.0930071 0.0943798 0.0115136 0.0738802 0.0811185 0.0940408 0.0747648 0.0758286 0.0000000 0.0133861 0.0807409 0.0711045 0.0024721 0.0104100 0.0120721 0.0934368 0.0830963 0.0865448 0.0912822 0.0807828 0.0079947 0.0876251 0.0768224 0.0791370 0.0815150 0.0785319 0.0971970 0.0827656 0.0780114 0.0816238 0.0110807 0.0771999 
Dasyuridae_Sminthopsis_macroura              0.0647917 0.0815763 0.0792320 0.0863684 0.0876960 0.0138611 0.0704246 0.0773498 0.0890389 0.0762200 0.0714325 0.0133861 0.0000000 0.0727605 0.0759183 0.0129554 0.0112802 0.0123611 0.0877413 0.0778493 0.0792540 0.1172479 0.0900510 0.0173825 0.0841940 0.0697670 0.0703377 0.0794040 0.0763750 0.0999685 0.0820361 0.0708285 0.0830277 0.0129838 0.0755030 
Phalangeridae_Phalanger_orientalis           0.0300351 0.0553885 0.0642398 0.0388834 0.0436761 0.0882966 0.0188303 0.0127778 0.0763489 0.0589589 0.0296196 0.0807409 0.0727605 0.0000000 0.0343508 0.1162220 0.0641805 0.0659941 0.0659630 0.0407304 0.0403500 0.1724915 0.0557663 0.0779248 0.0421736 0.0491369 0.0354716 0.0363591 0.0400721 0.0593728 0.0429071 0.0065137 0.0698849 0.0870668 0.0567767 
Acrobatidae_Acrobates_pygmaeus               0.0333089 0.0593699 0.0692877 0.0415830 0.0463910 0.0868532 0.0377249 0.0374353 0.0747217 0.0592096 0.0646013 0.0711045 0.0759183 0.0343508 0.0000000 0.1065990 0.0666174 0.0687117 0.0722101 0.0452155 0.0395580 0.1703508 0.0576836 0.0784404 0.0443631 0.0564032 0.0302341 0.0410799 0.0305560 0.0544562 0.0257485 0.0382442 0.0695804 0.0854701 0.0612963 
Dasyuridae_Phascogale_calura                 0.1054562 0.1164193 0.0965389 0.1283093 0.1356899 0.0114731 0.1067881 0.1267112 0.1012158 0.1090201 0.0855549 0.0024721 0.0129554 0.1162220 0.1065990 0.0000000 0.0311268 0.0373844 0.1268256 0.0819801 0.1214062 0.0946643 0.1528576 0.0317710 0.1208485 0.1252422 0.1184940 0.1160183 0.1193129 0.1306640 0.1172812 0.1161011 0.1157149 0.0110229 0.1088992 
Dasyuridae_Sarcophilus_harrisii              0.0625320 0.0756365 0.1017995 0.0748535 0.0824176 0.0058866 0.0685604 0.0724513 0.1151322 0.0746206 0.0975212 0.0104100 0.0112802 0.0641805 0.0666174 0.0311268 0.0000000 0.0166228 0.0874934 0.0781875 0.0730097 0.1670004 0.0766917 0.0135567 0.0770555 0.0726676 0.0671743 0.0707787 0.0734103 0.0983706 0.0792774 0.0683421 0.0879983 0.0054979 0.0736264 
Dasyuridae_Planigale_tenuirostris            0.0660282 0.0761753 0.1128247 0.0756149 0.0835993 0.0163781 0.0733026 0.0737721 0.1181854 0.0738583 0.1060898 0.0120721 0.0123611 0.0659941 0.0687117 0.0373844 0.0166228 0.0000000 0.0857244 0.0784652 0.0720851 0.1782615 0.0706752 0.0204682 0.0716418 0.0706678 0.0652078 0.0708345 0.0683051 0.0888132 0.0830234 0.0747590 0.0848811 0.0159428 0.0720563 
Peramelidae_Echymipera_kalubu                0.0745174 0.0821464 0.0910270 0.0864575 0.0919223 0.0871839 0.0746646 0.0745318 0.1216876 0.0102838 0.0946636 0.0934368 0.0877413 0.0659630 0.0722101 0.1268256 0.0874934 0.0857244 0.0000000 0.0900878 0.0811161 0.1771722 0.0982360 0.0884422 0.0889127 0.0767037 0.0776469 0.0859782 0.0795504 0.1045864 0.0819557 0.0705023 0.0131843 0.0878209 0.0098459 
Macropodidae_Dorcopsulus_vanheurni           0.0411638 0.0752587 0.0486180 0.0140012 0.0143712 0.0924664 0.0365988 0.0416782 0.0165588 0.0771288 0.0354295 0.0830963 0.0778493 0.0407304 0.0452155 0.0819801 0.0781875 0.0784652 0.0900878 0.0000000 0.0510750 0.1233966 0.0769978 0.0977943 0.0371678 0.0565753 0.0401994 0.0063488 0.0413492 0.0638274 0.0514644 0.0410179 0.0823777 0.0912517 0.0779471 
Pseudochiridae_Pseudochirulus_forbesi        0.0472794 0.0676011 0.0704315 0.0511808 0.0601314 0.0920046 0.0441778 0.0464106 0.0905872 0.0665420 0.0704273 0.0865448 0.0792540 0.0403500 0.0395580 0.1214062 0.0730097 0.0720851 0.0811161 0.0510750 0.0000000 0.1994248 0.0876171 0.0851515 0.0536059 0.0626010 0.0311804 0.0508173 0.0226600 0.0576299 0.0503895 0.0482225 0.0770938 0.0890076 0.0689565 
Didelphidae_Didelphis_virginiana             0.1695736 0.1692391 0.1084733 0.1830665 0.2021514 0.0957356 0.1829436 0.1931952 0.0996984 0.1759025 0.0790653 0.0912822 0.1172479 0.1724915 0.1703508 0.0946643 0.1670004 0.1782615 0.1771722 0.1233966 0.1994248 0.0000000 0.1153297 0.1616971 0.1938191 0.1949272 0.1869199 0.1812233 0.1953283 0.1991823 0.1939191 0.1812100 0.1803526 0.0981582 0.1738976 
Marmosidae_Monodelphis_domestica             0.0745535 0.0680739 0.1378518 0.0646050 0.0784852 0.1124708 0.0799155 0.0679454 0.1418711 0.0723706 0.1150314 0.0807828 0.0900510 0.0557663 0.0576836 0.1528576 0.0766917 0.0706752 0.0982360 0.0769978 0.0876171 0.1153297 0.0000000 0.0967078 0.0814896 0.0736726 0.0702554 0.0659875 0.0630127 0.0905669 0.0795586 0.0678293 0.0853351 0.1116653 0.0788903 
Dasyuridae_Antechinus_stuartii               0.0778153 0.0925046 0.1088218 0.0910609 0.0998060 0.0128231 0.0832344 0.0902310 0.1349877 0.0900128 0.1163148 0.0079947 0.0173825 0.0779248 0.0784404 0.0317710 0.0135567 0.0204682 0.0884422 0.0977943 0.0851515 0.1616971 0.0967078 0.0000000 0.0895514 0.0839965 0.0810557 0.0862571 0.0930717 0.1134373 0.0933244 0.0840675 0.1017141 0.0119372 0.0858366 
Hypsiprymnodontidae_Hypsiprymnodon_moschatus 0.0451160 0.0712460 0.0766763 0.0354646 0.0409769 0.0939178 0.0411828 0.0436758 0.0641990 0.0781053 0.0627617 0.0876251 0.0841940 0.0421736 0.0443631 0.1208485 0.0770555 0.0716418 0.0889127 0.0371678 0.0536059 0.1938191 0.0814896 0.0895514 0.0000000 0.0629764 0.0420320 0.0345553 0.0465504 0.0632329 0.0554238 0.0455087 0.0894629 0.0936311 0.0764637 
Microbiotheriidae_Dromiciops_gliroides       0.0571996 0.0673371 0.0842490 0.0618868 0.0688047 0.0798940 0.0521857 0.0523108 0.1039571 0.0672682 0.0819513 0.0768224 0.0697670 0.0491369 0.0564032 0.1252422 0.0726676 0.0706678 0.0767037 0.0565753 0.0626010 0.1949272 0.0736726 0.0839965 0.0629764 0.0000000 0.0509863 0.0576181 0.0621072 0.0830388 0.0661944 0.0530840 0.0770756 0.0786823 0.0654918 
Pseudochiridae_Petauroides_volans            0.0381251 0.0573805 0.0660776 0.0419160 0.0466753 0.0825624 0.0345971 0.0409214 0.0781637 0.0661373 0.0650051 0.0791370 0.0703377 0.0354716 0.0302341 0.1184940 0.0671743 0.0652078 0.0776469 0.0401994 0.0311804 0.1869199 0.0702554 0.0810557 0.0420320 0.0509863 0.0000000 0.0397678 0.0261062 0.0483610 0.0365942 0.0381204 0.0766652 0.0813699 0.0648060 
Macropodidae_Wallabia_bicolor                0.0407629 0.0658782 0.0748388 0.0111468 0.0154631 0.0939668 0.0412886 0.0413014 0.0389569 0.0704714 0.0639102 0.0815150 0.0794040 0.0363591 0.0410799 0.1160183 0.0707787 0.0708345 0.0859782 0.0063488 0.0508173 0.1812233 0.0659875 0.0862571 0.0345553 0.0576181 0.0397678 0.0000000 0.0404988 0.0627201 0.0512611 0.0428833 0.0803785 0.0927561 0.0738990 
Pseudochiridae_Pseudocheirus_occidentalis    0.0409214 0.0585849 0.0774400 0.0431330 0.0509228 0.0917054 0.0420211 0.0481304 0.0860366 0.0640103 0.0762632 0.0785319 0.0763750 0.0400721 0.0305560 0.1193129 0.0734103 0.0683051 0.0795504 0.0413492 0.0226600 0.1953283 0.0630127 0.0930717 0.0465504 0.0621072 0.0261062 0.0404988 0.0000000 0.0474593 0.0417745 0.0458011 0.0731285 0.0914153 0.0631765 
Tarsipedidae_Tarsipes_rostratus              0.0635425 0.0859939 0.0980503 0.0680056 0.0748735 0.1148192 0.0581445 0.0662416 0.1058483 0.0879322 0.0945538 0.0971970 0.0999685 0.0593728 0.0544562 0.1306640 0.0983706 0.0888132 0.1045864 0.0638274 0.0576299 0.1991823 0.0905669 0.1134373 0.0632329 0.0830388 0.0483610 0.0627201 0.0474593 0.0000000 0.0621746 0.0650433 0.0982702 0.1147244 0.0917801 
Acrobatidae_Distoechurus_pennatus            0.0469335 0.0668787 0.0729276 0.0534050 0.0593257 0.0966783 0.0445722 0.0472829 0.0891169 0.0714684 0.0720090 0.0827656 0.0820361 0.0429071 0.0257485 0.1172812 0.0792774 0.0830234 0.0819557 0.0514644 0.0503895 0.1939191 0.0795586 0.0933244 0.0554238 0.0661944 0.0365942 0.0512611 0.0417745 0.0621746 0.0000000 0.0450553 0.0798148 0.0954686 0.0724884 
Phalangeridae_Phalanger_carmelitae           0.0341653 0.0585511 0.0636654 0.0432290 0.0464058 0.0855783 0.0202767 0.0164491 0.0743358 0.0634863 0.0301108 0.0780114 0.0708285 0.0065137 0.0382442 0.1161011 0.0683421 0.0747590 0.0705023 0.0410179 0.0482225 0.1812100 0.0678293 0.0840675 0.0455087 0.0530840 0.0381204 0.0428833 0.0458011 0.0650433 0.0450553 0.0000000 0.0705864 0.0843788 0.0610231 
Peramelidae_Peroryctes_raffrayana            0.0693015 0.0724362 0.1039362 0.0839908 0.0903414 0.1007968 0.0756617 0.0801906 0.1156741 0.0106465 0.0938122 0.0816238 0.0830277 0.0698849 0.0695804 0.1157149 0.0879983 0.0848811 0.0131843 0.0823777 0.0770938 0.1803526 0.0853351 0.1017141 0.0894629 0.0770756 0.0766652 0.0803785 0.0731285 0.0982702 0.0798148 0.0705864 0.0000000 0.0988699 0.0106193 
Dasyuridae_Dasyurus_geffroii                 0.0736133 0.0915488 0.0814699 0.1003739 0.1007507 0.0026835 0.0780065 0.0907655 0.1041929 0.0875594 0.0851784 0.0110807 0.0129838 0.0870668 0.0854701 0.0110229 0.0054979 0.0159428 0.0878209 0.0912517 0.0890076 0.0981582 0.1116653 0.0119372 0.0936311 0.0786823 0.0813699 0.0927561 0.0914153 0.1147244 0.0954686 0.0843788 0.0988699 0.0000000 0.0845012 
Peramelidae_Perameles_gunnii                 0.0630843 0.0694977 0.0892703 0.0743708 0.0774389 0.0839672 0.0651806 0.0638278 0.1115880 0.0000010 0.0837893 0.0771999 0.0755030 0.0567767 0.0612963 0.1088992 0.0736264 0.0720563 0.0098459 0.0779471 0.0689565 0.1738976 0.0788903 0.0858366 0.0764637 0.0654918 0.0648060 0.0738990 0.0631765 0.0917801 0.0724884 0.0610231 0.0106193 0.0845012 0.0000000 
