35
Burramyidae_Burramys_parvus                  0.0000000 0.0669419 0.0517575 0.0549140 0.0564607 0.0773199 0.0663099 0.0632452 0.0554559 0.0998544 0.0505605 0.0760698 0.0717111 0.0592597 0.0591463 0.0755542 0.0764154 0.0752922 0.0947602 0.0558365 0.0588335 0.0971343 0.0931037 0.0796087 0.0531682 0.0733064 0.0600724 0.0704975 0.0627125 0.0733447 0.0729562 0.0598776 0.0858439 0.0784422 0.0946658 
Notoryctidae_Notoryctes_typhlops             0.0669419 0.0000000 0.0684045 0.0724249 0.0718097 0.0663482 0.0829238 0.0809889 0.0742317 0.0930361 0.0761248 0.0675208 0.0679599 0.0772360 0.0748453 0.0678989 0.0667366 0.0717132 0.0853823 0.0775589 0.0818470 0.0868918 0.0846058 0.0689598 0.0696133 0.0786585 0.0762225 0.0763747 0.0814911 0.0922550 0.0864556 0.0706932 0.0909009 0.0659892 0.0863907 
Vombatidae_Lasiorhinus_latifrons             0.0517575 0.0684045 0.0000000 0.0544107 0.0568431 0.0611352 0.0523191 0.0504432 0.0566846 0.0903189 0.0474594 0.0592138 0.0612749 0.0602191 0.0489904 0.0587338 0.0618324 0.0623059 0.0886610 0.0575137 0.0536600 0.0831385 0.0873126 0.0606060 0.0481429 0.0736438 0.0538567 0.0662250 0.0531962 0.0704993 0.0650790 0.0569991 0.0814830 0.0611522 0.0864261 
Potoroidae_Bettongia_penicillata             0.0549140 0.0724249 0.0544107 0.0000000 0.0073988 0.0775033 0.0625807 0.0616174 0.0160064 0.1000366 0.0534590 0.0751900 0.0772057 0.0660490 0.0625401 0.0746799 0.0782088 0.0767278 0.0963998 0.0324836 0.0658025 0.0904370 0.0886654 0.0767045 0.0332070 0.0826791 0.0611878 0.0390334 0.0665530 0.0772100 0.0747259 0.0622141 0.0872070 0.0779459 0.0952319 
Potoroidae_Bettongia_lesueur                 0.0564607 0.0718097 0.0568431 0.0073988 0.0000000 0.0803514 0.0691261 0.0651520 0.0126524 0.1009624 0.0542413 0.0774684 0.0783203 0.0674560 0.0583384 0.0769560 0.0786227 0.0786558 0.0947958 0.0329342 0.0673161 0.0914662 0.0925072 0.0793863 0.0354743 0.0866836 0.0620564 0.0358110 0.0680640 0.0777101 0.0759783 0.0643399 0.0878121 0.0807971 0.0961496 
Dasyuridae_Dasyurus_maculatus                0.0773199 0.0663482 0.0611352 0.0775033 0.0803514 0.0000000 0.0755807 0.0741872 0.0790426 0.0895733 0.0671905 0.0198608 0.0282468 0.0787694 0.0758564 0.0198396 0.0059219 0.0310604 0.0848128 0.0727664 0.0813432 0.0797033 0.0839264 0.0205995 0.0724615 0.0856749 0.0756955 0.0799635 0.0809736 0.0950721 0.0889540 0.0715381 0.0812511 0.0028048 0.0852030 
Phalangeridae_Trichosurus_vulpecula          0.0663099 0.0829238 0.0523191 0.0625807 0.0691261 0.0755807 0.0000000 0.0341387 0.0687793 0.1048188 0.0253753 0.0760717 0.0763008 0.0420106 0.0663162 0.0757759 0.0777750 0.0768922 0.1017227 0.0690803 0.0702661 0.0879967 0.0925513 0.0749140 0.0593320 0.0929244 0.0608782 0.0800742 0.0659367 0.0888559 0.0792153 0.0368763 0.0960215 0.0774731 0.0994020 
Phalangeridae_Spilocuscus_maculatus          0.0632452 0.0809889 0.0504432 0.0616174 0.0651520 0.0741872 0.0341387 0.0000000 0.0643724 0.1010392 0.0124729 0.0722917 0.0733439 0.0270187 0.0633816 0.0722093 0.0751657 0.0728607 0.0982767 0.0632829 0.0688268 0.0927114 0.0967723 0.0721522 0.0571453 0.0930652 0.0567988 0.0725011 0.0646283 0.0833283 0.0747054 0.0258373 0.0933345 0.0756841 0.0962504 
Potoroidae_Aepyprymnus_rufescens             0.0554559 0.0742317 0.0566846 0.0160064 0.0126524 0.0790426 0.0687793 0.0643724 0.0000000 0.1002090 0.0544220 0.0751108 0.0750327 0.0665335 0.0562029 0.0746025 0.0769418 0.0757297 0.0944498 0.0324698 0.0660586 0.0894441 0.0917847 0.0770000 0.0344828 0.0834392 0.0622691 0.0343890 0.0675904 0.0797447 0.0756937 0.0649381 0.0871297 0.0802093 0.0955847 
Peramelidae_Perameles_nasuta                 0.0998544 0.0930361 0.0903189 0.1000366 0.1009624 0.0895733 0.1048188 0.1010392 0.1002090 0.0000000 0.0969578 0.0899907 0.0910438 0.1052835 0.0871660 0.0889060 0.0900598 0.0900857 0.0200225 0.0890125 0.1023689 0.1066150 0.1079575 0.0851992 0.0950735 0.1057705 0.0938416 0.1010952 0.1035264 0.1150674 0.1044429 0.0994425 0.0194040 0.0887345 0.0017874 
Phalangeridae_Strigocuscus_pelengensis       0.0505605 0.0761248 0.0474594 0.0534590 0.0542413 0.0671905 0.0253753 0.0124729 0.0544220 0.0969578 0.0000000 0.0636849 0.0655505 0.0086563 0.0577252 0.0637198 0.0686546 0.0683499 0.0923165 0.0675564 0.0650454 0.0780095 0.0776275 0.0658877 0.0479949 0.0788285 0.0566263 0.0666532 0.0642551 0.0786522 0.0739167 0.0090125 0.0964879 0.0685964 0.0935039 
Dasyuridae_Phascogale_tapoatafa              0.0760698 0.0675208 0.0592138 0.0751900 0.0774684 0.0198608 0.0760717 0.0722917 0.0751108 0.0899907 0.0636849 0.0000000 0.0222523 0.0766653 0.0741308 0.0022282 0.0188420 0.0289804 0.0855544 0.0716232 0.0813873 0.0788393 0.0865957 0.0132676 0.0720207 0.0806462 0.0755322 0.0795527 0.0807063 0.0994406 0.0872619 0.0699865 0.0806764 0.0204925 0.0855481 
Dasyuridae_Sminthopsis_macroura              0.0717111 0.0679599 0.0612749 0.0772057 0.0783203 0.0282468 0.0763008 0.0733439 0.0750327 0.0910438 0.0655505 0.0222523 0.0000000 0.0747303 0.0727647 0.0222286 0.0252690 0.0258265 0.0849531 0.0724490 0.0798733 0.0786020 0.0827675 0.0275778 0.0722271 0.0832729 0.0715605 0.0809101 0.0788934 0.0945480 0.0872342 0.0707100 0.0821600 0.0282858 0.0860630 
Phalangeridae_Phalanger_orientalis           0.0592597 0.0772360 0.0602191 0.0660490 0.0674560 0.0787694 0.0420106 0.0270187 0.0665335 0.1052835 0.0086563 0.0766653 0.0747303 0.0000000 0.0671222 0.0762537 0.0810316 0.0796459 0.1013753 0.0629161 0.0733991 0.0966843 0.0959715 0.0783887 0.0606375 0.0900193 0.0695072 0.0772756 0.0745927 0.0928320 0.0836794 0.0145988 0.0883661 0.0799049 0.1008545 
Acrobatidae_Acrobates_pygmaeus               0.0591463 0.0748453 0.0489904 0.0625401 0.0583384 0.0758564 0.0663162 0.0633816 0.0562029 0.0871660 0.0577252 0.0741308 0.0727647 0.0671222 0.0000000 0.0732348 0.0761916 0.0739720 0.0839933 0.0549172 0.0505908 0.0852931 0.0921476 0.0729017 0.0533887 0.0867257 0.0505166 0.0606665 0.0503537 0.0737343 0.0389765 0.0651497 0.0790440 0.0758792 0.0835408 
Dasyuridae_Phascogale_calura                 0.0755542 0.0678989 0.0587338 0.0746799 0.0769560 0.0198396 0.0757759 0.0722093 0.0746025 0.0889060 0.0637198 0.0022282 0.0222286 0.0762537 0.0732348 0.0000000 0.0188220 0.0282728 0.0846176 0.0720226 0.0804339 0.0781113 0.0852783 0.0126568 0.0720013 0.0813998 0.0741971 0.0786643 0.0797587 0.0980151 0.0851071 0.0696932 0.0789077 0.0204707 0.0841526 
Dasyuridae_Sarcophilus_harrisii              0.0764154 0.0667366 0.0618324 0.0782088 0.0786227 0.0059219 0.0777750 0.0751657 0.0769418 0.0900598 0.0686546 0.0188420 0.0252690 0.0810316 0.0761916 0.0188220 0.0000000 0.0291481 0.0837208 0.0730539 0.0808472 0.0817091 0.0873721 0.0198694 0.0716945 0.0860438 0.0748664 0.0793292 0.0804823 0.0928818 0.0892395 0.0734874 0.0805715 0.0059295 0.0855691 
Dasyuridae_Planigale_tenuirostris            0.0752922 0.0717132 0.0623059 0.0767278 0.0786558 0.0310604 0.0768922 0.0728607 0.0757297 0.0900857 0.0683499 0.0289804 0.0258265 0.0796459 0.0739720 0.0282728 0.0291481 0.0000000 0.0884253 0.0735859 0.0782850 0.0753995 0.0800138 0.0317176 0.0719929 0.0853557 0.0753433 0.0806937 0.0785227 0.0950452 0.0880655 0.0725774 0.0803268 0.0314359 0.0844883 
Peramelidae_Echymipera_kalubu                0.0947602 0.0853823 0.0886610 0.0963998 0.0947958 0.0848128 0.1017227 0.0982767 0.0944498 0.0200225 0.0923165 0.0855544 0.0849531 0.1013753 0.0839933 0.0846176 0.0837208 0.0884253 0.0000000 0.0833154 0.0996535 0.1023182 0.1008307 0.0813952 0.0922785 0.1005461 0.0893897 0.0957306 0.1005096 0.1107928 0.0993125 0.0938727 0.0089767 0.0837401 0.0175700 
Macropodidae_Dorcopsulus_vanheurni           0.0558365 0.0775589 0.0575137 0.0324836 0.0329342 0.0727664 0.0690803 0.0632829 0.0324698 0.0890125 0.0675564 0.0716232 0.0724490 0.0629161 0.0549172 0.0720226 0.0730539 0.0735859 0.0833154 0.0000000 0.0704199 0.0823215 0.0772967 0.0666284 0.0394390 0.0735822 0.0593510 0.0119779 0.0700921 0.0740729 0.0681977 0.0591103 0.0858137 0.0739762 0.0837059 
Pseudochiridae_Pseudochirulus_forbesi        0.0588335 0.0818470 0.0536600 0.0658025 0.0673161 0.0813432 0.0702661 0.0688268 0.0660586 0.1023689 0.0650454 0.0813873 0.0798733 0.0733991 0.0505908 0.0804339 0.0808472 0.0782850 0.0996535 0.0704199 0.0000000 0.0971171 0.0998474 0.0839091 0.0572059 0.0931832 0.0352538 0.0766488 0.0172951 0.0703646 0.0629740 0.0722923 0.0923245 0.0825506 0.0978857 
Didelphidae_Didelphis_virginiana             0.0971343 0.0868918 0.0831385 0.0904370 0.0914662 0.0797033 0.0879967 0.0927114 0.0894441 0.1066150 0.0780095 0.0788393 0.0786020 0.0966843 0.0852931 0.0781113 0.0817091 0.0753995 0.1023182 0.0823215 0.0971171 0.0000000 0.0394442 0.0797360 0.0895623 0.0852817 0.0882048 0.0883447 0.0946124 0.1139955 0.1033005 0.0897345 0.0987961 0.0801578 0.0996392 
Marmosidae_Monodelphis_domestica             0.0931037 0.0846058 0.0873126 0.0886654 0.0925072 0.0839264 0.0925513 0.0967723 0.0917847 0.1079575 0.0776275 0.0865957 0.0827675 0.0959715 0.0921476 0.0852783 0.0873721 0.0800138 0.1008307 0.0772967 0.0998474 0.0394442 0.0000000 0.0819894 0.0892171 0.0868800 0.0923998 0.0915126 0.1021646 0.1097942 0.1085010 0.0931323 0.0910724 0.0838933 0.1022876 
Dasyuridae_Antechinus_stuartii               0.0796087 0.0689598 0.0606060 0.0767045 0.0793863 0.0205995 0.0749140 0.0721522 0.0770000 0.0851992 0.0658877 0.0132676 0.0275778 0.0783887 0.0729017 0.0126568 0.0198694 0.0317176 0.0813952 0.0666284 0.0839091 0.0797360 0.0819894 0.0000000 0.0728742 0.0826242 0.0702777 0.0752256 0.0818791 0.0934830 0.0854730 0.0710443 0.0774325 0.0206029 0.0810854 
Hypsiprymnodontidae_Hypsiprymnodon_moschatus 0.0531682 0.0696133 0.0481429 0.0332070 0.0354743 0.0724615 0.0593320 0.0571453 0.0344828 0.0950735 0.0479949 0.0720207 0.0722271 0.0606375 0.0533887 0.0720013 0.0716945 0.0719929 0.0922785 0.0394390 0.0572059 0.0895623 0.0892171 0.0728742 0.0000000 0.0811150 0.0559176 0.0436690 0.0602024 0.0749531 0.0705694 0.0585195 0.0829536 0.0728869 0.0898574 
Microbiotheriidae_Dromiciops_gliroides       0.0733064 0.0786585 0.0736438 0.0826791 0.0866836 0.0856749 0.0929244 0.0930652 0.0834392 0.1057705 0.0788285 0.0806462 0.0832729 0.0900193 0.0867257 0.0813998 0.0860438 0.0853557 0.1005461 0.0735822 0.0931832 0.0852817 0.0868800 0.0826242 0.0811150 0.0000000 0.0900584 0.0864550 0.0975816 0.1036275 0.0969791 0.0883824 0.0874288 0.0861006 0.0995394 
Pseudochiridae_Petauroides_volans            0.0600724 0.0762225 0.0538567 0.0611878 0.0620564 0.0756955 0.0608782 0.0567988 0.0622691 0.0938416 0.0566263 0.0755322 0.0715605 0.0695072 0.0505166 0.0741971 0.0748664 0.0753433 0.0893897 0.0593510 0.0352538 0.0882048 0.0923998 0.0702777 0.0559176 0.0900584 0.0000000 0.0694868 0.0300463 0.0588071 0.0528445 0.0645600 0.0840486 0.0760922 0.0895158 
Macropodidae_Wallabia_bicolor                0.0704975 0.0763747 0.0662250 0.0390334 0.0358110 0.0799635 0.0800742 0.0725011 0.0343890 0.1010952 0.0666532 0.0795527 0.0809101 0.0772756 0.0606665 0.0786643 0.0793292 0.0806937 0.0957306 0.0119779 0.0766488 0.0883447 0.0915126 0.0752256 0.0436690 0.0864550 0.0694868 0.0000000 0.0771249 0.0815558 0.0808685 0.0737047 0.0882452 0.0811322 0.0954286 
Pseudochiridae_Pseudocheirus_occidentalis    0.0627125 0.0814911 0.0531962 0.0665530 0.0680640 0.0809736 0.0659367 0.0646283 0.0675904 0.1035264 0.0642551 0.0807063 0.0788934 0.0745927 0.0503537 0.0797587 0.0804823 0.0785227 0.1005096 0.0700921 0.0172951 0.0946124 0.1021646 0.0818791 0.0602024 0.0975816 0.0300463 0.0771249 0.0000000 0.0641955 0.0600698 0.0692659 0.0944567 0.0821321 0.0987547 
Tarsipedidae_Tarsipes_rostratus              0.0733447 0.0922550 0.0704993 0.0772100 0.0777101 0.0950721 0.0888559 0.0833283 0.0797447 0.1150674 0.0786522 0.0994406 0.0945480 0.0928320 0.0737343 0.0980151 0.0928818 0.0950452 0.1107928 0.0740729 0.0703646 0.1139955 0.1097942 0.0934830 0.0749531 0.1036275 0.0588071 0.0815558 0.0641955 0.0000000 0.0729794 0.0886056 0.1067580 0.0959478 0.1111643 
Acrobatidae_Distoechurus_pennatus            0.0729562 0.0864556 0.0650790 0.0747259 0.0759783 0.0889540 0.0792153 0.0747054 0.0756937 0.1044429 0.0739167 0.0872619 0.0872342 0.0836794 0.0389765 0.0851071 0.0892395 0.0880655 0.0993125 0.0681977 0.0629740 0.1033005 0.1085010 0.0854730 0.0705694 0.0969791 0.0528445 0.0808685 0.0600698 0.0729794 0.0000000 0.0796330 0.0918770 0.0890300 0.0980814 
Phalangeridae_Phalanger_carmelitae           0.0598776 0.0706932 0.0569991 0.0622141 0.0643399 0.0715381 0.0368763 0.0258373 0.0649381 0.0994425 0.0090125 0.0699865 0.0707100 0.0145988 0.0651497 0.0696932 0.0734874 0.0725774 0.0938727 0.0591103 0.0722923 0.0897345 0.0931323 0.0710443 0.0585195 0.0883824 0.0645600 0.0737047 0.0692659 0.0886056 0.0796330 0.0000000 0.0844496 0.0727000 0.0947452 
Peramelidae_Peroryctes_raffrayana            0.0858439 0.0909009 0.0814830 0.0872070 0.0878121 0.0812511 0.0960215 0.0933345 0.0871297 0.0194040 0.0964879 0.0806764 0.0821600 0.0883661 0.0790440 0.0789077 0.0805715 0.0803268 0.0089767 0.0858137 0.0923245 0.0987961 0.0910724 0.0774325 0.0829536 0.0874288 0.0840486 0.0882452 0.0944567 0.1067580 0.0918770 0.0844496 0.0000000 0.0808093 0.0173471 
Dasyuridae_Dasyurus_geffroii                 0.0784422 0.0659892 0.0611522 0.0779459 0.0807971 0.0028048 0.0774731 0.0756841 0.0802093 0.0887345 0.0685964 0.0204925 0.0282858 0.0799049 0.0758792 0.0204707 0.0059295 0.0314359 0.0837401 0.0739762 0.0825506 0.0801578 0.0838933 0.0206029 0.0728869 0.0861006 0.0760922 0.0811322 0.0821321 0.0959478 0.0890300 0.0727000 0.0808093 0.0000000 0.0847993 
Peramelidae_Perameles_gunnii                 0.0946658 0.0863907 0.0864261 0.0952319 0.0961496 0.0852030 0.0994020 0.0962504 0.0955847 0.0017874 0.0935039 0.0855481 0.0860630 0.1008545 0.0835408 0.0841526 0.0855691 0.0844883 0.0175700 0.0837059 0.0978857 0.0996392 0.1022876 0.0810854 0.0898574 0.0995394 0.0895158 0.0954286 0.0987547 0.1111643 0.0980814 0.0947452 0.0173471 0.0847993 0.0000000 
