37
Burramyidae_Burramys_parvus                  0.0000000 0.1064617 0.0994133 0.1064617 0.0639330 0.0711587 0.0705308 0.0922216 0.0570270 0.0543360 0.0743674 0.1088890 0.0578194 0.0938685 0.0901867 0.0562688 0.0733360 0.0939749 0.0911830 0.1165838 0.0726289 0.0799850 0.1183753 0.1072723 0.0669779 0.0885818 0.0671185 0.0692459 0.0790060 0.0810912 0.0674852 0.0540610 0.1117713 0.0917090 0.1072429 0.1825569 0.1851501 
Thylacomyidae_Macrotis_lagotis1              0.1064617 0.0000000 0.1258251 0.0000010 0.1027856 0.1300253 0.1293607 0.1376382 0.1238332 0.1323827 0.1328692 0.0367909 0.1387960 0.1473675 0.1378818 0.1276484 0.1123571 0.1460010 0.1362718 0.0341485 0.1345660 0.1084057 0.1516572 0.1428609 0.1358402 0.1469949 0.1078611 0.1435334 0.1085134 0.1126765 0.1187733 0.1247950 0.0418362 0.1369378 0.0375300 9.0000000 9.0000000 
Notoryctidae_Notoryctes_typhlops             0.0994133 0.1258251 0.0000000 0.1258251 0.0940881 0.1052681 0.1031482 0.1114500 0.0983286 0.0942031 0.1080466 0.1269218 0.0989145 0.1124809 0.1126531 0.0966513 0.1080404 0.1159624 0.1088672 0.1304135 0.1077593 0.1104688 0.1419579 0.1275443 0.1001710 0.1082361 0.0989799 0.1039550 0.1119396 0.1189989 0.1060386 0.0932440 0.1265681 0.1109470 0.1244886 0.2373743 0.2460979 
Thylacomyidae_Macrotis_lagotis2              0.1064617 0.0000010 0.1258251 0.0000000 0.1027856 0.1300253 0.1293607 0.1376382 0.1238332 0.1323827 0.1328692 0.0367909 0.1387960 0.1473675 0.1378818 0.1276484 0.1123571 0.1460010 0.1362718 0.0341485 0.1345660 0.1084057 0.1516572 0.1428609 0.1358402 0.1469949 0.1078611 0.1435334 0.1085134 0.1126765 0.1187733 0.1247950 0.0418362 0.1369378 0.0375300 9.0000000 9.0000000 
Vombatidae_Lasiorhinus_latifrons             0.0639330 0.1027856 0.0940881 0.1027856 0.0000000 0.0703350 0.0716752 0.0864599 0.0598103 0.0594285 0.0755465 0.1045307 0.0653238 0.0867147 0.0883103 0.0611551 0.0751360 0.0891027 0.0856749 0.1092593 0.0740449 0.0856898 0.1154876 0.1024201 0.0690958 0.0869380 0.0705877 0.0699187 0.0863392 0.0931961 0.0721106 0.0589256 0.1055552 0.0863056 0.1029390 0.1623881 0.1649782 
Potoroidae_Bettongia_penicillata             0.0711587 0.1300253 0.1052681 0.1300253 0.0703350 0.0000000 0.0060750 0.0932932 0.0675232 0.0664898 0.0199316 0.1183418 0.0725513 0.0937432 0.0974948 0.0677111 0.0783149 0.0945438 0.0934178 0.1217765 0.0342071 0.0816967 0.1245230 0.1108416 0.0467199 0.0945928 0.0715045 0.0312196 0.0836613 0.0913262 0.0760052 0.0662423 0.1180687 0.0942413 0.1167355 0.1906006 0.1883062 
Potoroidae_Bettongia_lesueur                 0.0705308 0.1293607 0.1031482 0.1293607 0.0716752 0.0060750 0.0000000 0.0922865 0.0678128 0.0658889 0.0196736 0.1175038 0.0719785 0.0930493 0.0967668 0.0665446 0.0773789 0.0937780 0.0924134 0.1206579 0.0344529 0.0816434 0.1244432 0.1122886 0.0469460 0.0950076 0.0711906 0.0309372 0.0841836 0.0899706 0.0747408 0.0656158 0.1162582 0.0932383 0.1159003 0.1892171 0.1882393 
Dasyuridae_Dasyurus_maculatus                0.0922216 0.1376382 0.1114500 0.1376382 0.0864599 0.0932932 0.0922865 0.0000000 0.0902908 0.0873117 0.0973033 0.1130924 0.0937507 0.0208707 0.0317995 0.0892092 0.1024284 0.0216108 0.0075413 0.1205441 0.0999501 0.1059597 0.1287503 0.1181981 0.0904144 0.0975084 0.0931514 0.0982947 0.1065308 0.1124222 0.0973581 0.0869104 0.1152963 0.0056286 0.1120867 0.0351701 0.0239293 
Phalangeridae_Trichosurus_vulpecula          0.0570270 0.1238332 0.0983286 0.1238332 0.0598103 0.0675232 0.0678128 0.0902908 0.0000000 0.0208820 0.0751728 0.1094986 0.0260694 0.0917628 0.0920268 0.0228687 0.0705659 0.0921151 0.0901506 0.1174272 0.0757703 0.0761381 0.1147895 0.1051176 0.0640551 0.0896051 0.0631485 0.0718409 0.0785314 0.0846151 0.0680451 0.0205469 0.1108321 0.0900978 0.1078738 0.1677709 0.1750556 
Phalangeridae_Spilocuscus_maculatus          0.0543360 0.1323827 0.0942031 0.1323827 0.0594285 0.0664898 0.0658889 0.0873117 0.0208820 0.0000000 0.0718836 0.1073679 0.0142008 0.0903196 0.0900649 0.0101297 0.0691156 0.0895135 0.0883742 0.1158679 0.0732000 0.0741038 0.1111290 0.1023483 0.0620996 0.0858280 0.0635123 0.0701850 0.0772741 0.0849409 0.0669801 0.0074778 0.1099679 0.0879971 0.1060025 0.1647458 0.1721538 
Potoroidae_Aepyprymnus_rufescens             0.0743674 0.1328692 0.1080466 0.1328692 0.0755465 0.0199316 0.0196736 0.0973033 0.0751728 0.0718836 0.0000000 0.1196837 0.0755523 0.0984988 0.1022682 0.0723621 0.0820832 0.0971746 0.0977497 0.1236504 0.0361978 0.0862192 0.1286376 0.1180088 0.0509714 0.0988401 0.0744413 0.0324161 0.0880838 0.0950099 0.0802428 0.0708334 0.1206620 0.0982903 0.1183022 0.2057491 0.2074671 
Peramelidae_Perameles_nasuta                 0.1088890 0.0367909 0.1269218 0.0367909 0.1045307 0.1183418 0.1175038 0.1130924 0.1094986 0.1073679 0.1196837 0.0000000 0.1115562 0.1166373 0.1208270 0.1109647 0.1183356 0.1195568 0.1134805 0.0269592 0.1191541 0.1312009 0.1497726 0.1343801 0.1139424 0.1163767 0.1125484 0.1200051 0.1337787 0.1307628 0.1148252 0.1071369 0.0211654 0.1132179 0.0004658 0.2315071 0.2346994 
Phalangeridae_Strigocuscus_pelengensis       0.0578194 0.1387960 0.0989145 0.1387960 0.0653238 0.0725513 0.0719785 0.0937507 0.0260694 0.0142008 0.0755523 0.1115562 0.0000000 0.0946910 0.0939826 0.0147090 0.0746019 0.0935334 0.0932870 0.1182680 0.0764734 0.0783913 0.1181048 0.1066826 0.0657326 0.0925476 0.0679878 0.0739934 0.0802589 0.0885189 0.0701371 0.0126818 0.1138626 0.0941571 0.1099218 0.1811782 0.1849744 
Dasyuridae_Phascogale_tapoatafa              0.0938685 0.1473675 0.1124809 0.1473675 0.0867147 0.0937432 0.0930493 0.0208707 0.0917628 0.0903196 0.0984988 0.1166373 0.0946910 0.0000000 0.0319246 0.0926094 0.1033246 0.0038586 0.0204656 0.1218726 0.1004807 0.1062769 0.1314122 0.1190477 0.0906557 0.1001395 0.0927819 0.0981636 0.1074567 0.1125298 0.0983805 0.0899289 0.1186162 0.0206718 0.1156177 0.0389252 0.0108698 
Dasyuridae_Sminthopsis_macroura              0.0901867 0.1378818 0.1126531 0.1378818 0.0883103 0.0974948 0.0967668 0.0317995 0.0920268 0.0900649 0.1022682 0.1208270 0.0939826 0.0319246 0.0000000 0.0920238 0.1023785 0.0345238 0.0306524 0.1261367 0.1022570 0.1093924 0.1334009 0.1228299 0.0929008 0.1004577 0.0975779 0.1012354 0.1083642 0.1138767 0.0965290 0.0893348 0.1204439 0.0323858 0.1191788 0.0345506 0.0438983 
Phalangeridae_Phalanger_orientalis           0.0562688 0.1276484 0.0966513 0.1276484 0.0611551 0.0677111 0.0665446 0.0892092 0.0228687 0.0101297 0.0723621 0.1109647 0.0147090 0.0926094 0.0920238 0.0000000 0.0709263 0.0907575 0.0891112 0.1178886 0.0753093 0.0753845 0.1153685 0.1052400 0.0618784 0.0886716 0.0651856 0.0716574 0.0779898 0.0878535 0.0682258 0.0039465 0.1120362 0.0892994 0.1093399 0.1751644 0.1812933 
Acrobatidae_Acrobates_pygmaeus               0.0733360 0.1123571 0.1080404 0.1123571 0.0751360 0.0783149 0.0773789 0.1024284 0.0705659 0.0691156 0.0820832 0.1183356 0.0746019 0.1033246 0.1023785 0.0709263 0.0000000 0.1029984 0.1019688 0.1257491 0.0815252 0.0817032 0.1287470 0.1183351 0.0759041 0.0993150 0.0721977 0.0805324 0.0817483 0.0892715 0.0436715 0.0676869 0.1202863 0.1038188 0.1176407 0.2008752 0.2161486 
Dasyuridae_Phascogale_calura                 0.0939749 0.1460010 0.1159624 0.1460010 0.0891027 0.0945438 0.0937780 0.0216108 0.0921151 0.0895135 0.0971746 0.1195568 0.0935334 0.0038586 0.0345238 0.0907575 0.1029984 0.0000000 0.0199412 0.1258703 0.1048923 0.1078284 0.1329930 0.1214248 0.0930307 0.1059824 0.0932446 0.1018273 0.1101258 0.1074166 0.0991056 0.0888418 0.1221280 0.0213736 0.1183699 0.0386430 0.0149459 
Dasyuridae_Sarcophilus_harrisii              0.0911830 0.1362718 0.1088672 0.1362718 0.0856749 0.0934178 0.0924134 0.0075413 0.0901506 0.0883742 0.0977497 0.1134805 0.0932870 0.0204656 0.0306524 0.0891112 0.1019688 0.0199412 0.0000000 0.1200733 0.1004097 0.1042404 0.1290925 0.1180949 0.0890898 0.0951669 0.0939841 0.0990429 0.1060904 0.1100255 0.0966306 0.0871088 0.1155283 0.0080399 0.1121769 0.0395009 0.0267299 
Peramelidae_Echymipera_kalubu                0.1165838 0.0341485 0.1304135 0.0341485 0.1092593 0.1217765 0.1206579 0.1205441 0.1174272 0.1158679 0.1236504 0.0269592 0.1182680 0.1218726 0.1261367 0.1178886 0.1257491 0.1258703 0.1200733 0.0000000 0.1241641 0.1396043 0.1533130 0.1393431 0.1191071 0.1213243 0.1227327 0.1235764 0.1431608 0.1434870 0.1200772 0.1143934 0.0255480 0.1207041 0.0270260 0.2620553 0.2542025 
Macropodidae_Dorcopsulus_vanheurni           0.0726289 0.1345660 0.1077593 0.1345660 0.0740449 0.0342071 0.0344529 0.0999501 0.0757703 0.0732000 0.0361978 0.1191541 0.0764734 0.1004807 0.1022570 0.0753093 0.0815252 0.1048923 0.1004097 0.1241641 0.0000000 0.0892027 0.1272098 0.1184911 0.0513802 0.0968881 0.0777530 0.0137236 0.0868837 0.0953689 0.0782566 0.0725915 0.1203125 0.1005737 0.1178624 0.2053777 0.2127111 
Pseudochiridae_Pseudochirulus_forbesi        0.0799850 0.1084057 0.1104688 0.1084057 0.0856898 0.0816967 0.0816434 0.1059597 0.0761381 0.0741038 0.0862192 0.1312009 0.0783913 0.1062769 0.1093924 0.0753845 0.0817032 0.1078284 0.1042404 0.1396043 0.0892027 0.0000000 0.1431161 0.1304200 0.0838027 0.1116134 0.0436823 0.0861935 0.0370346 0.0854892 0.0770480 0.0726859 0.1316295 0.1063917 0.1293864 0.2348967 0.2311528 
Didelphidae_Didelphis_virginiana             0.1183753 0.1516572 0.1419579 0.1516572 0.1154876 0.1245230 0.1244432 0.1287503 0.1147895 0.1111290 0.1286376 0.1497726 0.1181048 0.1314122 0.1334009 0.1153685 0.1287470 0.1329930 0.1290925 0.1533130 0.1272098 0.1431161 0.0000000 0.0379217 0.1222807 0.1285024 0.1295327 0.1253595 0.1407366 0.1406627 0.1254370 0.1118720 0.1508262 0.1282907 0.1484865 0.3435703 0.3209529 
Marmosidae_Monodelphis_domestica             0.1072723 0.1428609 0.1275443 0.1428609 0.1024201 0.1108416 0.1122886 0.1181981 0.1051176 0.1023483 0.1180088 0.1343801 0.1066826 0.1190477 0.1228299 0.1052400 0.1183351 0.1214248 0.1180949 0.1393431 0.1184911 0.1304200 0.0379217 0.0000000 0.1084088 0.1182071 0.1162020 0.1159962 0.1252373 0.1301507 0.1140746 0.1021134 0.1342068 0.1166779 0.1336836 0.2859795 0.2604354 
Hypsiprymnodontidae_Hypsiprymnodon_moschatus 0.0669779 0.1358402 0.1001710 0.1358402 0.0690958 0.0467199 0.0469460 0.0904144 0.0640551 0.0620996 0.0509714 0.1139424 0.0657326 0.0906557 0.0929008 0.0618784 0.0759041 0.0930307 0.0890898 0.1191071 0.0513802 0.0838027 0.1222807 0.1084088 0.0000000 0.0919842 0.0701871 0.0483368 0.0851451 0.0941047 0.0739720 0.0610123 0.1137908 0.0893382 0.1123178 0.1724684 0.1701027 
Microbiotheriidae_Dromiciops_gliroides       0.0885818 0.1469949 0.1082361 0.1469949 0.0869380 0.0945928 0.0950076 0.0975084 0.0896051 0.0858280 0.0988401 0.1163767 0.0925476 0.1001395 0.1004577 0.0886716 0.0993150 0.1059824 0.0951669 0.1213243 0.0968881 0.1116134 0.1285024 0.1182071 0.0919842 0.0000000 0.0987259 0.0954396 0.1111783 0.1111011 0.1017771 0.0856775 0.1160399 0.0975563 0.1155239 0.1996908 0.1987000 
Pseudochiridae_Petauroides_volans            0.0671185 0.1078611 0.0989799 0.1078611 0.0705877 0.0715045 0.0711906 0.0931514 0.0631485 0.0635123 0.0744413 0.1125484 0.0679878 0.0927819 0.0975779 0.0651856 0.0721977 0.0932446 0.0939841 0.1227327 0.0777530 0.0436823 0.1295327 0.1162020 0.0701871 0.0987259 0.0000000 0.0735906 0.0435014 0.0745865 0.0683978 0.0635648 0.1185249 0.0929045 0.1112393 0.1974304 0.1966945 
Macropodidae_Wallabia_bicolor                0.0692459 0.1435334 0.1039550 0.1435334 0.0699187 0.0312196 0.0309372 0.0982947 0.0718409 0.0701850 0.0324161 0.1200051 0.0739934 0.0981636 0.1012354 0.0716574 0.0805324 0.1018273 0.0990429 0.1235764 0.0137236 0.0861935 0.1253595 0.1159962 0.0483368 0.0954396 0.0735906 0.0000000 0.0841402 0.0937559 0.0780766 0.0698468 0.1201594 0.0995538 0.1190377 0.2001004 0.2007552 
Pseudochiridae_Pseudocheirus_occidentalis    0.0790060 0.1085134 0.1119396 0.1085134 0.0863392 0.0836613 0.0841836 0.1065308 0.0785314 0.0772741 0.0880838 0.1337787 0.0802589 0.1074567 0.1083642 0.0779898 0.0817483 0.1101258 0.1060904 0.1431608 0.0868837 0.0370346 0.1407366 0.1252373 0.0851451 0.1111783 0.0435014 0.0841402 0.0000000 0.0853752 0.0786937 0.0754547 0.1384004 0.1073265 0.1320733 0.2346053 0.2384525 
Tarsipedidae_Tarsipes_rostratus              0.0810912 0.1126765 0.1189989 0.1126765 0.0931961 0.0913262 0.0899706 0.1124222 0.0846151 0.0849409 0.0950099 0.1307628 0.0885189 0.1125298 0.1138767 0.0878535 0.0892715 0.1074166 0.1100255 0.1434870 0.0953689 0.0854892 0.1406627 0.1301507 0.0941047 0.1111011 0.0745865 0.0937559 0.0853752 0.0000000 0.0842558 0.0854710 0.1357899 0.1114703 0.1297305 0.2367089 0.2416850 
Acrobatidae_Distoechurus_pennatus            0.0674852 0.1187733 0.1060386 0.1187733 0.0721106 0.0760052 0.0747408 0.0973581 0.0680451 0.0669801 0.0802428 0.1148252 0.0701371 0.0983805 0.0965290 0.0682258 0.0436715 0.0991056 0.0966306 0.1200772 0.0782566 0.0770480 0.1254370 0.1140746 0.0739720 0.1017771 0.0683978 0.0780766 0.0786937 0.0842558 0.0000000 0.0655929 0.1186143 0.0976914 0.1138145 0.1922809 0.1988012 
Phalangeridae_Phalanger_carmelitae           0.0540610 0.1247950 0.0932440 0.1247950 0.0589256 0.0662423 0.0656158 0.0869104 0.0205469 0.0074778 0.0708334 0.1071369 0.0126818 0.0899289 0.0893348 0.0039465 0.0676869 0.0888418 0.0871088 0.1143934 0.0725915 0.0726859 0.1118720 0.1021134 0.0610123 0.0856775 0.0635648 0.0698468 0.0754547 0.0854710 0.0655929 0.0000000 0.1088171 0.0873032 0.1055232 0.1639206 0.1711982 
Peramelidae_Peroryctes_raffrayana            0.1117713 0.0418362 0.1265681 0.0418362 0.1055552 0.1180687 0.1162582 0.1152963 0.1108321 0.1099679 0.1206620 0.0211654 0.1138626 0.1186162 0.1204439 0.1120362 0.1202863 0.1221280 0.1155283 0.0255480 0.1203125 0.1316295 0.1508262 0.1342068 0.1137908 0.1160399 0.1185249 0.1201594 0.1384004 0.1357899 0.1186143 0.1088171 0.0000000 0.1154590 0.0209569 0.2351755 0.2363427 
Dasyuridae_Dasyurus_geffroii                 0.0917090 0.1369378 0.1109470 0.1369378 0.0863056 0.0942413 0.0932383 0.0056286 0.0900978 0.0879971 0.0982903 0.1132179 0.0941571 0.0206718 0.0323858 0.0892994 0.1038188 0.0213736 0.0080399 0.1207041 0.1005737 0.1063917 0.1282907 0.1166779 0.0893382 0.0975563 0.0929045 0.0995538 0.1073265 0.1114703 0.0976914 0.0873032 0.1154590 0.0000000 0.1122366 0.0384152 0.0248561 
Peramelidae_Perameles_gunnii                 0.1072429 0.0375300 0.1244886 0.0375300 0.1029390 0.1167355 0.1159003 0.1120867 0.1078738 0.1060025 0.1183022 0.0004658 0.1099218 0.1156177 0.1191788 0.1093399 0.1176407 0.1183699 0.1121769 0.0270260 0.1178624 0.1293864 0.1484865 0.1336836 0.1123178 0.1155239 0.1112393 0.1190377 0.1320733 0.1297305 0.1138145 0.1055232 0.0209569 0.1122366 0.0000000 0.2279279 0.2309832 
Dasyuridae_Planigale_tenuirostris            0.1825569 9.0000000 0.2373743 9.0000000 0.1623881 0.1906006 0.1892171 0.0351701 0.1677709 0.1647458 0.2057491 0.2315071 0.1811782 0.0389252 0.0345506 0.1751644 0.2008752 0.0386430 0.0395009 0.2620553 0.2053777 0.2348967 0.3435703 0.2859795 0.1724684 0.1996908 0.1974304 0.2001004 0.2346053 0.2367089 0.1922809 0.1639206 0.2351755 0.0384152 0.2279279 0.0000000 0.0382061 
Dasyuridae_Antechinus_stuartii               0.1851501 9.0000000 0.2460979 9.0000000 0.1649782 0.1883062 0.1882393 0.0239293 0.1750556 0.1721538 0.2074671 0.2346994 0.1849744 0.0108698 0.0438983 0.1812933 0.2161486 0.0149459 0.0267299 0.2542025 0.2127111 0.2311528 0.3209529 0.2604354 0.1701027 0.1987000 0.1966945 0.2007552 0.2384525 0.2416850 0.1988012 0.1711982 0.2363427 0.0248561 0.2309832 0.0382061 0.0000000 
