35
Burramyidae_Burramys_parvus                  0.0000000 0.1284209 0.0696401 0.0851723 0.0851693 0.1161175 0.0799346 0.0769662 0.0826802 0.0617490 0.1116636 0.1348733 0.0771865 0.0748303 0.1108624 0.1263883 0.1462005 0.1561753 0.0910747 0.0878382 0.1329590 0.1241259 0.1125930 0.0999412 0.1213844 0.0665459 0.0864612 0.0735119 0.1187949 0.0802283 0.1679508 0.1260894 0.1757622 0.1207501 0.1800553 
Notoryctidae_Notoryctes_typhlops             0.1284209 0.0000000 0.1217848 0.1338736 0.1319578 0.1461592 0.1248680 0.1330521 0.1324261 0.1130018 0.1440091 0.1733211 0.1310950 0.1319715 0.1444947 0.1573091 0.1796491 0.1842677 0.1412894 0.1383431 0.1797801 0.1371875 0.1454705 0.1455185 0.1525067 0.1241410 0.1326162 0.1334064 0.1805222 0.1405740 0.1936807 0.1587456 0.1687251 0.1524623 0.1720628 
Vombatidae_Lasiorhinus_latifrons             0.0696401 0.1217848 0.0000000 0.0787672 0.0752874 0.1013415 0.0797008 0.0765722 0.0788895 0.0595944 0.0979004 0.1280805 0.0819583 0.0696260 0.0975835 0.1102763 0.1326026 0.1371523 0.0844946 0.0747730 0.1314800 0.1191790 0.0996272 0.0931836 0.1185332 0.0590344 0.0867797 0.0672430 0.1179467 0.0796821 0.1516921 0.1109625 0.1505145 0.1118740 0.1536962 
Potoroidae_Bettongia_penicillata             0.0851723 0.1338736 0.0787672 0.0000000 0.0062367 0.1228052 0.1003527 0.0945769 0.0118646 0.0742179 0.1209954 0.1439836 0.0942492 0.0914281 0.1201931 0.1334455 0.1514901 0.1567462 0.0333990 0.0975965 0.1373240 0.1241685 0.1221789 0.0480260 0.1326314 0.0799783 0.0250315 0.0872958 0.1271910 0.0962214 0.1698457 0.1321956 0.1776364 0.1299539 0.1840085 
Potoroidae_Bettongia_lesueur                 0.0851693 0.1319578 0.0752874 0.0062367 0.0000000 0.1217054 0.0967853 0.0927947 0.0164812 0.0729938 0.1177647 0.1422683 0.0956386 0.0878723 0.1180015 0.1317572 0.1493749 0.1536247 0.0318653 0.0944312 0.1384947 0.1265080 0.1202331 0.0489813 0.1330363 0.0749379 0.0275720 0.0856105 0.1269110 0.0969681 0.1698778 0.1300214 0.1732977 0.1289459 0.1795047 
Dasyuridae_Dasyurus_maculatus                0.1161175 0.1461592 0.1013415 0.1228052 0.1217054 0.0000000 0.1211703 0.1171635 0.1209495 0.1036955 0.0187102 0.0506004 0.1205847 0.1125848 0.0193500 0.0117921 0.0576026 0.1508174 0.1282872 0.1275148 0.1386978 0.1349141 0.0185321 0.1395926 0.1373979 0.1089549 0.1206091 0.1137697 0.1404035 0.1262667 0.1590198 0.0081240 0.1681601 0.1607845 0.1685043 
Phalangeridae_Trichosurus_vulpecula          0.0799346 0.1248680 0.0797008 0.1003527 0.0967853 0.1211703 0.0000000 0.0381660 0.1012589 0.0497587 0.1162040 0.1412100 0.0701410 0.0797010 0.1164750 0.1305175 0.1473096 0.1629508 0.1107633 0.1017185 0.1420206 0.1425653 0.1174489 0.1159418 0.1321464 0.0803291 0.1028412 0.0880767 0.1233354 0.0434701 0.1733061 0.1300033 0.1794692 0.1206710 0.1806831 
Phalangeridae_Spilocuscus_maculatus          0.0769662 0.1330521 0.0765722 0.0945769 0.0927947 0.1171635 0.0381660 0.0000000 0.0944143 0.0326981 0.1116342 0.1439713 0.0495861 0.0841607 0.1113535 0.1304225 0.1501802 0.1604661 0.1067942 0.0943591 0.1514072 0.1469955 0.1119342 0.1074298 0.1383185 0.0717991 0.1013463 0.0807476 0.1367871 0.0520647 0.1671056 0.1287917 0.1872828 0.1433497 0.1905252 
Potoroidae_Aepyprymnus_rufescens             0.0826802 0.1324261 0.0788895 0.0118646 0.0164812 0.1209495 0.1012589 0.0944143 0.0000000 0.0747388 0.1192517 0.1445473 0.0930392 0.0903606 0.1184532 0.1320149 0.1473705 0.1513257 0.0334815 0.0968776 0.1387650 0.1273750 0.1201417 0.0496603 0.1302245 0.0746210 0.0262070 0.0836996 0.1207439 0.0934805 0.1662819 0.1302319 0.1754029 0.1332026 0.1797283 
Phalangeridae_Strigocuscus_pelengensis       0.0617490 0.1130018 0.0595944 0.0742179 0.0729938 0.1036955 0.0497587 0.0326981 0.0747388 0.0000000 0.0952836 0.1301946 0.0393966 0.0705134 0.0954690 0.1157071 0.1343292 0.1516264 0.0846593 0.0708407 0.1310494 0.1128137 0.0964137 0.0910907 0.1217207 0.0603120 0.0838716 0.0665879 0.1178269 0.0381993 0.1577685 0.1141799 0.1640880 0.1201590 0.1653636 
Dasyuridae_Phascogale_tapoatafa              0.1116636 0.1440091 0.0979004 0.1209954 0.1177647 0.0187102 0.1162040 0.1116342 0.1192517 0.0952836 0.0000000 0.0502197 0.1158955 0.1095360 0.0021816 0.0249058 0.0539379 0.1474812 0.1253319 0.1254830 0.1480815 0.1316584 0.0059267 0.1342373 0.1389967 0.1036411 0.1203861 0.1113609 0.1512148 0.1200972 0.1571329 0.0241695 0.1695623 0.1625203 0.1718336 
Dasyuridae_Sminthopsis_macroura              0.1348733 0.1733211 0.1280805 0.1439836 0.1422683 0.0506004 0.1412100 0.1439713 0.1445473 0.1301946 0.0502197 0.0000000 0.1483783 0.1365734 0.0498776 0.0569195 0.0473239 0.1541556 0.1467005 0.1521626 0.1617011 0.1649104 0.0512500 0.1626870 0.1573201 0.1351503 0.1380435 0.1343269 0.1477426 0.1525529 0.1603201 0.0524921 0.1626528 0.1683591 0.1648918 
Phalangeridae_Phalanger_orientalis           0.0771865 0.1310950 0.0819583 0.0942492 0.0956386 0.1205847 0.0701410 0.0495861 0.0930392 0.0393966 0.1158955 0.1483783 0.0000000 0.0890285 0.1151109 0.1353149 0.1551462 0.1653484 0.1050237 0.1007107 0.1450970 0.1089333 0.1153195 0.1024315 0.1327734 0.0762640 0.0994006 0.0835327 0.1368028 0.0442023 0.1690919 0.1331682 0.1526249 0.1126593 0.1556931 
Acrobatidae_Acrobates_pygmaeus               0.0748303 0.1319715 0.0696260 0.0914281 0.0878723 0.1125848 0.0797010 0.0841607 0.0903606 0.0705134 0.1095360 0.1365734 0.0890285 0.0000000 0.1080799 0.1207071 0.1422309 0.1458659 0.0954049 0.0831922 0.1379663 0.1276612 0.1113995 0.1024349 0.1121569 0.0618922 0.0933367 0.0678583 0.1039513 0.0922205 0.1545968 0.1209388 0.1658302 0.0548310 0.1691448 
Dasyuridae_Phascogale_calura                 0.1108624 0.1444947 0.0975835 0.1201931 0.1180015 0.0193500 0.1164750 0.1113535 0.1184532 0.0954690 0.0021816 0.0498776 0.1151109 0.1080799 0.0000000 0.0249284 0.0540411 0.1484741 0.1245296 0.1224013 0.1461572 0.1278597 0.0064214 0.1334486 0.1381846 0.1006502 0.1195796 0.1083366 0.1501119 0.1187833 0.1582083 0.0248654 0.1717043 0.1623991 0.1739871 
Dasyuridae_Sarcophilus_harrisii              0.1263883 0.1573091 0.1102763 0.1334455 0.1317572 0.0117921 0.1305175 0.1304225 0.1320149 0.1157071 0.0249058 0.0569195 0.1353149 0.1207071 0.0249284 0.0000000 0.0615893 0.1583744 0.1364012 0.1398001 0.1566038 0.1482020 0.0247399 0.1504732 0.1504005 0.1196274 0.1280667 0.1243902 0.1458186 0.1389871 0.1670151 0.0151655 0.1763152 0.1691451 0.1766808 
Dasyuridae_Planigale_tenuirostris            0.1462005 0.1796491 0.1326026 0.1514901 0.1493749 0.0576026 0.1473096 0.1501802 0.1473705 0.1343292 0.0539379 0.0473239 0.1551462 0.1422309 0.0540411 0.0615893 0.0000000 0.1644162 0.1507369 0.1613629 0.1640364 0.1587236 0.0553163 0.1653846 0.1548378 0.1372158 0.1405096 0.1423827 0.1529728 0.1576031 0.1769098 0.0621488 0.1719476 0.1688467 0.1744768 
Peramelidae_Echymipera_kalubu                0.1561753 0.1842677 0.1371523 0.1567462 0.1536247 0.1508174 0.1629508 0.1604661 0.1513257 0.1516264 0.1474812 0.1541556 0.1653484 0.1458659 0.1484741 0.1583744 0.1644162 0.0000000 0.1626141 0.1657233 0.1650710 0.1617521 0.1492215 0.1806346 0.1713651 0.1445555 0.1545254 0.1491430 0.1617252 0.1664877 0.0169763 0.1546166 0.0151804 0.1861039 0.0166189 
Macropodidae_Dorcopsulus_vanheurni           0.0910747 0.1412894 0.0844946 0.0333990 0.0318653 0.1282872 0.1107633 0.1067942 0.0334815 0.0846593 0.1253319 0.1467005 0.1050237 0.0954049 0.1245296 0.1364012 0.1507369 0.1626141 0.0000000 0.1016148 0.1482022 0.1520179 0.1295154 0.0566052 0.1424105 0.0841119 0.0163334 0.0922101 0.1184547 0.1049228 0.1759830 0.1359216 0.1936069 0.1433675 0.1968744 
Pseudochiridae_Pseudochirulus_forbesi        0.0878382 0.1383431 0.0747730 0.0975965 0.0944312 0.1275148 0.1017185 0.0943591 0.0968776 0.0708407 0.1254830 0.1521626 0.1007107 0.0831922 0.1224013 0.1398001 0.1613629 0.1657233 0.1016148 0.0000000 0.1488054 0.1400794 0.1225590 0.1105925 0.1356699 0.0449522 0.1032594 0.0313739 0.1253390 0.0994186 0.1738200 0.1406007 0.1877370 0.1264833 0.1919703 
Didelphidae_Didelphis_virginiana             0.1329590 0.1797801 0.1314800 0.1373240 0.1384947 0.1386978 0.1420206 0.1514072 0.1387650 0.1310494 0.1480815 0.1617011 0.1450970 0.1379663 0.1461572 0.1566038 0.1640364 0.1650710 0.1482022 0.1488054 0.0000000 0.0607612 0.1496041 0.1526656 0.1558917 0.1364288 0.1345775 0.1384891 0.1655411 0.1524699 0.1771689 0.1493877 0.1663885 0.1678078 0.1679060 
Marmosidae_Monodelphis_domestica             0.1241259 0.1371875 0.1191790 0.1241685 0.1265080 0.1349141 0.1425653 0.1469955 0.1273750 0.1128137 0.1316584 0.1649104 0.1089333 0.1276612 0.1278597 0.1482020 0.1587236 0.1617521 0.1520179 0.1400794 0.0607612 0.0000000 0.1330130 0.1350237 0.1388175 0.1225440 0.1376368 0.1301420 0.1832114 0.1367752 0.1781297 0.1463921 0.1708245 0.1718902 0.1757256 
Dasyuridae_Antechinus_stuartii               0.1125930 0.1454705 0.0996272 0.1221789 0.1202331 0.0185321 0.1174489 0.1119342 0.1201417 0.0964137 0.0059267 0.0512500 0.1153195 0.1113995 0.0064214 0.0247399 0.0553163 0.1492215 0.1295154 0.1225590 0.1496041 0.1330130 0.0000000 0.1354735 0.1401611 0.1039788 0.1229117 0.1106535 0.1530380 0.1198373 0.1588832 0.0249913 0.1706926 0.1656556 0.1738182 
Hypsiprymnodontidae_Hypsiprymnodon_moschatus 0.0999412 0.1455185 0.0931836 0.0480260 0.0489813 0.1395926 0.1159418 0.1074298 0.0496603 0.0910907 0.1342373 0.1626870 0.1024315 0.1024349 0.1334486 0.1504732 0.1653846 0.1806346 0.0566052 0.1105925 0.1526656 0.1350237 0.1354735 0.0000000 0.1441272 0.0871007 0.0515795 0.0990996 0.1341123 0.1078089 0.1906129 0.1483985 0.1833697 0.1354295 0.1852973 
Microbiotheriidae_Dromiciops_gliroides       0.1213844 0.1525067 0.1185332 0.1326314 0.1330363 0.1373979 0.1321464 0.1383185 0.1302245 0.1217207 0.1389967 0.1573201 0.1327734 0.1121569 0.1381846 0.1504005 0.1548378 0.1713651 0.1424105 0.1356699 0.1558917 0.1388175 0.1401611 0.1441272 0.0000000 0.1196545 0.1364743 0.1236655 0.1573061 0.1390422 0.1781538 0.1503561 0.1696475 0.1383587 0.1731561 
Pseudochiridae_Petauroides_volans            0.0665459 0.1241410 0.0590344 0.0799783 0.0749379 0.1089549 0.0803291 0.0717991 0.0746210 0.0603120 0.1036411 0.1351503 0.0762640 0.0618922 0.1006502 0.1196274 0.1372158 0.1445555 0.0841119 0.0449522 0.1364288 0.1225440 0.1039788 0.0871007 0.1196545 0.0000000 0.0837180 0.0304135 0.1043061 0.0748807 0.1594817 0.1214637 0.1599623 0.1039612 0.1652896 
Macropodidae_Wallabia_bicolor                0.0864612 0.1326162 0.0867797 0.0250315 0.0275720 0.1206091 0.1028412 0.1013463 0.0262070 0.0838716 0.1203861 0.1380435 0.0994006 0.0933367 0.1195796 0.1280667 0.1405096 0.1545254 0.0163334 0.1032594 0.1345775 0.1376368 0.1229117 0.0515795 0.1364743 0.0837180 0.0000000 0.0920196 0.1094172 0.0969406 0.1613200 0.1271477 0.1738841 0.1259779 0.1772213 
Pseudochiridae_Pseudocheirus_occidentalis    0.0735119 0.1334064 0.0672430 0.0872958 0.0856105 0.1137697 0.0880767 0.0807476 0.0836996 0.0665879 0.1113609 0.1343269 0.0835327 0.0678583 0.1083366 0.1243902 0.1423827 0.1491430 0.0922101 0.0313739 0.1384891 0.1301420 0.1106535 0.0990996 0.1236655 0.0304135 0.0920196 0.0000000 0.1085245 0.0815675 0.1561043 0.1258311 0.1700450 0.0979459 0.1751505 
Tarsipedidae_Tarsipes_rostratus              0.1187949 0.1805222 0.1179467 0.1271910 0.1269110 0.1404035 0.1233354 0.1367871 0.1207439 0.1178269 0.1512148 0.1477426 0.1368028 0.1039513 0.1501119 0.1458186 0.1529728 0.1617252 0.1184547 0.1253390 0.1655411 0.1832114 0.1530380 0.1341123 0.1573061 0.1043061 0.1094172 0.1085245 0.0000000 0.1407842 0.1670933 0.1458080 0.1660919 0.1349099 0.1642574 
Phalangeridae_Phalanger_carmelitae           0.0802283 0.1405740 0.0796821 0.0962214 0.0969681 0.1262667 0.0434701 0.0520647 0.0934805 0.0381993 0.1200972 0.1525529 0.0442023 0.0922205 0.1187833 0.1389871 0.1576031 0.1664877 0.1049228 0.0994186 0.1524699 0.1367752 0.1198373 0.1078089 0.1390422 0.0748807 0.0969406 0.0815675 0.1407842 0.0000000 0.1724852 0.1359109 0.1508450 0.1081358 0.1539081 
Peramelidae_Peroryctes_raffrayana            0.1679508 0.1936807 0.1516921 0.1698457 0.1698778 0.1590198 0.1733061 0.1671056 0.1662819 0.1577685 0.1571329 0.1603201 0.1690919 0.1545968 0.1582083 0.1670151 0.1769098 0.0169763 0.1759830 0.1738200 0.1771689 0.1781297 0.1588832 0.1906129 0.1781538 0.1594817 0.1613200 0.1561043 0.1670933 0.1724852 0.0000000 0.1624699 0.0203481 0.1871031 0.0225947 
Dasyuridae_Dasyurus_geffroii                 0.1260894 0.1587456 0.1109625 0.1321956 0.1300214 0.0081240 0.1300033 0.1287917 0.1302319 0.1141799 0.0241695 0.0524921 0.1331682 0.1209388 0.0248654 0.0151655 0.0621488 0.1546166 0.1359216 0.1406007 0.1493877 0.1463921 0.0249913 0.1483985 0.1503561 0.1214637 0.1271477 0.1258311 0.1458080 0.1359109 0.1624699 0.0000000 0.1724907 0.1670118 0.1747662 
Peramelidae_Perameles_nasuta                 0.1757622 0.1687251 0.1505145 0.1776364 0.1732977 0.1681601 0.1794692 0.1872828 0.1754029 0.1640880 0.1695623 0.1626528 0.1526249 0.1658302 0.1717043 0.1763152 0.1719476 0.0151804 0.1936069 0.1877370 0.1663885 0.1708245 0.1706926 0.1833697 0.1696475 0.1599623 0.1738841 0.1700450 0.1660919 0.1508450 0.0203481 0.1724907 0.0000000 0.1912053 0.0018993 
Acrobatidae_Distoechurus_pennatus            0.1207501 0.1524623 0.1118740 0.1299539 0.1289459 0.1607845 0.1206710 0.1433497 0.1332026 0.1201590 0.1625203 0.1683591 0.1126593 0.0548310 0.1623991 0.1691451 0.1688467 0.1861039 0.1433675 0.1264833 0.1678078 0.1718902 0.1656556 0.1354295 0.1383587 0.1039612 0.1259779 0.0979459 0.1349099 0.1081358 0.1871031 0.1670118 0.1912053 0.0000000 0.1946596 
Peramelidae_Perameles_gunnii                 0.1800553 0.1720628 0.1536962 0.1840085 0.1795047 0.1685043 0.1806831 0.1905252 0.1797283 0.1653636 0.1718336 0.1648918 0.1556931 0.1691448 0.1739871 0.1766808 0.1744768 0.0166189 0.1968744 0.1919703 0.1679060 0.1757256 0.1738182 0.1852973 0.1731561 0.1652896 0.1772213 0.1751505 0.1642574 0.1539081 0.0225947 0.1747662 0.0018993 0.1946596 0.0000000 
