35
Burramyidae_Burramys_parvus                  0.0000000 0.0697407 0.0707209 0.1044096 0.0645796 0.1020098 0.0584052 0.0555591 0.0750484 0.0930889 0.0549515 0.1030090 0.1148916 0.0598393 0.0757178 0.1034792 0.1025570 0.1041842 0.0900550 0.0439034 0.0691708 0.0930553 0.1013484 0.0964916 0.0715044 0.0521929 0.0716296 0.0469064 0.0605893 0.0830499 0.0754135 0.0579048 0.0906584 0.0999643 0.0873396 
Notoryctidae_Notoryctes_typhlops             0.0697407 0.0000000 0.0758830 0.0865120 0.0728558 0.0929503 0.0697837 0.0682049 0.0726741 0.0757662 0.0692995 0.0926176 0.1020250 0.0708666 0.0860952 0.0933301 0.0929749 0.0960489 0.0824353 0.0736906 0.0820700 0.0901064 0.0964715 0.0887090 0.0832139 0.0673590 0.0846537 0.0749127 0.0674929 0.0952249 0.0799865 0.0692214 0.0835594 0.0907956 0.0814764 
Vombatidae_Lasiorhinus_latifrons             0.0707209 0.0758830 0.0000000 0.1051907 0.0636031 0.0812301 0.0583325 0.0546906 0.0599414 0.0842428 0.0554063 0.0828185 0.0892852 0.0606598 0.0774687 0.0834905 0.0807164 0.0859940 0.0801630 0.0515397 0.0719763 0.0899395 0.0919693 0.0777468 0.0684548 0.0570009 0.0681068 0.0617951 0.0563251 0.0922480 0.0740716 0.0596796 0.0839280 0.0797911 0.0817315 
Potoroidae_Bettongia_penicillata             0.1044096 0.0865120 0.1051907 0.0000000 0.0512847 0.1249814 0.0990937 0.0941449 0.0580438 0.1249389 0.0926214 0.1344831 0.1435660 0.0973574 0.1235326 0.1335005 0.1262256 0.1388926 0.1278506 0.0385647 0.1156227 0.1349048 0.1469250 0.1295862 0.0864436 0.0726570 0.1128887 0.0606988 0.1169829 0.1298922 0.1174638 0.0950627 0.1377068 0.1257151 0.1239506 
Potoroidae_Bettongia_lesueur                 0.0645796 0.0728558 0.0636031 0.0512847 0.0000000 0.0907313 0.0593445 0.0537405 0.0229755 0.0848130 0.0530974 0.0950413 0.1040638 0.0570349 0.0785169 0.0946325 0.0907054 0.0943505 0.0882614 0.0185031 0.0691760 0.1042970 0.1126931 0.0906280 0.0382751 0.0602644 0.0692629 0.0192052 0.0587138 0.0900514 0.0724110 0.0550867 0.0906387 0.0891933 0.0856113 
Dasyuridae_Dasyurus_maculatus                0.1020098 0.0929503 0.0812301 0.1249814 0.0907313 0.0000000 0.0891291 0.0858529 0.0923420 0.0972127 0.0851731 0.0214759 0.0328282 0.0876332 0.1108336 0.0219319 0.0077241 0.0325054 0.0945349 0.0757434 0.0988714 0.1152394 0.1240922 0.0198888 0.0976567 0.0733687 0.1005805 0.0886896 0.0920215 0.1199928 0.0984205 0.0855332 0.0998616 0.0069605 0.0930076 
Phalangeridae_Trichosurus_vulpecula          0.0584052 0.0697837 0.0583325 0.0990937 0.0593445 0.0891291 0.0000000 0.0168288 0.0671988 0.0851006 0.0154329 0.0899826 0.1006688 0.0198209 0.0665898 0.0897559 0.0891044 0.0899562 0.0834692 0.0494498 0.0636623 0.0954583 0.1013840 0.0859014 0.0663932 0.0530829 0.0665681 0.0560942 0.0528055 0.0819282 0.0622179 0.0181772 0.0842180 0.0861135 0.0808632 
Phalangeridae_Spilocuscus_maculatus          0.0555591 0.0682049 0.0546906 0.0941449 0.0537405 0.0858529 0.0168288 0.0000000 0.0621353 0.0795410 0.0069253 0.0904278 0.0992638 0.0122577 0.0651247 0.0901929 0.0868790 0.0899142 0.0791594 0.0418258 0.0616261 0.0909610 0.0998603 0.0841049 0.0585034 0.0497490 0.0616743 0.0497376 0.0482390 0.0821207 0.0611210 0.0105884 0.0781284 0.0848286 0.0769965 
Potoroidae_Aepyprymnus_rufescens             0.0750484 0.0726741 0.0599414 0.0580438 0.0229755 0.0923420 0.0671988 0.0621353 0.0000000 0.0820629 0.0614081 0.0979649 0.1051322 0.0663307 0.0819804 0.0975533 0.0928390 0.0973572 0.0895832 0.0212309 0.0738960 0.1032495 0.1130524 0.0941922 0.0521720 0.0629193 0.0739579 0.0328381 0.0629030 0.0957663 0.0796235 0.0643217 0.0941468 0.0911966 0.0836676 
Peramelidae_Perameles_nasuta                 0.0930889 0.0757662 0.0842428 0.1249389 0.0848130 0.0972127 0.0851006 0.0795410 0.0820629 0.0000000 0.0770366 0.1013752 0.1123099 0.0818682 0.1017590 0.1030087 0.0977648 0.0968100 0.0151099 0.0671310 0.0962729 0.1096294 0.1157960 0.0964153 0.0962410 0.0674695 0.0973109 0.0781169 0.0876334 0.1087388 0.0925950 0.0800946 0.0170136 0.0955011 0.0017310 
Phalangeridae_Strigocuscus_pelengensis       0.0549515 0.0692995 0.0554063 0.0926214 0.0530974 0.0851731 0.0154329 0.0069253 0.0614081 0.0770366 0.0000000 0.0885691 0.0987277 0.0090299 0.0632175 0.0888436 0.0861636 0.0898400 0.0760305 0.0426345 0.0598513 0.0919629 0.0989297 0.0829730 0.0602537 0.0489134 0.0628075 0.0493546 0.0481492 0.0798414 0.0603235 0.0074359 0.0761759 0.0831743 0.0744016 
Dasyuridae_Phascogale_tapoatafa              0.1030090 0.0926176 0.0828185 0.1344831 0.0950413 0.0214759 0.0899826 0.0904278 0.0979649 0.1013752 0.0885691 0.0000000 0.0366053 0.0920487 0.1143840 0.0026849 0.0222879 0.0337836 0.0949823 0.0787883 0.1009376 0.1162832 0.1219557 0.0117386 0.1051000 0.0731175 0.1020809 0.0908874 0.0930780 0.1204246 0.1038958 0.0899257 0.1003547 0.0194315 0.0972346 
Dasyuridae_Sminthopsis_macroura              0.1148916 0.1020250 0.0892852 0.1435660 0.1040638 0.0328282 0.1006688 0.0992638 0.1051322 0.1123099 0.0987277 0.0366053 0.0000000 0.0997694 0.1216106 0.0371240 0.0340976 0.0293183 0.1084108 0.0884868 0.1137632 0.1251859 0.1295992 0.0327387 0.1150535 0.0839367 0.1169666 0.1035472 0.1023688 0.1327337 0.1082981 0.0988077 0.1155145 0.0332587 0.1078988 
Phalangeridae_Phalanger_orientalis           0.0598393 0.0708666 0.0606598 0.0973574 0.0570349 0.0876332 0.0198209 0.0122577 0.0663307 0.0818682 0.0090299 0.0920487 0.0997694 0.0000000 0.0685659 0.0918265 0.0886251 0.0924904 0.0810918 0.0465777 0.0604014 0.0921907 0.1025416 0.0864353 0.0626808 0.0525990 0.0647649 0.0528044 0.0488663 0.0823760 0.0618006 0.0030699 0.0800348 0.0866466 0.0794932 
Acrobatidae_Acrobates_pygmaeus               0.0757178 0.0860952 0.0774687 0.1235326 0.0785169 0.1108336 0.0665898 0.0651247 0.0819804 0.1017590 0.0632175 0.1143840 0.1216106 0.0685659 0.0000000 0.1146321 0.1118972 0.1152584 0.1016463 0.0644710 0.0609853 0.1133361 0.1170576 0.1070514 0.0830323 0.0663225 0.0638673 0.0740001 0.0602518 0.0793607 0.0405901 0.0665741 0.1015661 0.1080239 0.1001396 
Dasyuridae_Phascogale_calura                 0.1034792 0.0933301 0.0834905 0.1335005 0.0946325 0.0219319 0.0897559 0.0901929 0.0975533 0.1030087 0.0888436 0.0026849 0.0371240 0.0918265 0.1146321 0.0000000 0.0227463 0.0342576 0.0972631 0.0784405 0.1010796 0.1171075 0.1227078 0.0113581 0.1053218 0.0743554 0.1022988 0.0909106 0.0929382 0.1206022 0.1041153 0.0896990 0.1002904 0.0198808 0.0995350 
Dasyuridae_Sarcophilus_harrisii              0.1025570 0.0929749 0.0807164 0.1262256 0.0907054 0.0077241 0.0891044 0.0868790 0.0928390 0.0977648 0.0861636 0.0222879 0.0340976 0.0886251 0.1118972 0.0227463 0.0000000 0.0311131 0.0939858 0.0768167 0.0999052 0.1152923 0.1247289 0.0198794 0.0996957 0.0723261 0.1037652 0.0887109 0.0913916 0.1188502 0.0994399 0.0865195 0.1004610 0.0085214 0.0929679 
Dasyuridae_Planigale_tenuirostris            0.1041842 0.0960489 0.0859940 0.1388926 0.0943505 0.0325054 0.0899562 0.0899142 0.0973572 0.0968100 0.0898400 0.0337836 0.0293183 0.0924904 0.1152584 0.0342576 0.0311131 0.0000000 0.0945087 0.0814131 0.1003170 0.1235836 0.1336212 0.0304661 0.1071299 0.0748495 0.1077341 0.0929308 0.0913956 0.1221781 0.1018551 0.0901842 0.0964540 0.0306701 0.0956628 
Peramelidae_Echymipera_kalubu                0.0900550 0.0824353 0.0801630 0.1278506 0.0882614 0.0945349 0.0834692 0.0791594 0.0895832 0.0151099 0.0760305 0.0949823 0.1084108 0.0810918 0.1016463 0.0972631 0.0939858 0.0945087 0.0000000 0.0692158 0.0935727 0.1085102 0.1149181 0.0917339 0.0963728 0.0744664 0.0941393 0.0786416 0.0829247 0.1073491 0.0907565 0.0790289 0.0113525 0.0919942 0.0150127 
Macropodidae_Dorcopsulus_vanheurni           0.0439034 0.0736906 0.0515397 0.0385647 0.0185031 0.0757434 0.0494498 0.0418258 0.0212309 0.0671310 0.0426345 0.0787883 0.0884868 0.0465777 0.0644710 0.0784405 0.0768167 0.0814131 0.0692158 0.0000000 0.0541334 0.0805573 0.0818148 0.0739316 0.0324269 0.0607728 0.0553913 0.0088284 0.0422435 0.0697948 0.0606207 0.0446277 0.0712227 0.0758101 0.0680735 
Pseudochiridae_Pseudochirulus_forbesi        0.0691708 0.0820700 0.0719763 0.1156227 0.0691760 0.0988714 0.0636623 0.0616261 0.0738960 0.0962729 0.0598513 0.1009376 0.1137632 0.0604014 0.0609853 0.1010796 0.0999052 0.1003170 0.0935727 0.0541334 0.0000000 0.1027171 0.1134288 0.0934356 0.0721372 0.0640785 0.0420476 0.0625877 0.0213007 0.0622395 0.0576700 0.0594116 0.0883401 0.0971504 0.0936654 
Didelphidae_Didelphis_virginiana             0.0930553 0.0901064 0.0899395 0.1349048 0.1042970 0.1152394 0.0954583 0.0909610 0.1032495 0.1096294 0.0919629 0.1162832 0.1251859 0.0921907 0.1133361 0.1171075 0.1152923 0.1235836 0.1085102 0.0805573 0.1027171 0.0000000 0.0451572 0.1129947 0.1113004 0.0708870 0.0968224 0.0953428 0.0948884 0.1178112 0.1087367 0.0889642 0.1098942 0.1136504 0.1086472 
Marmosidae_Monodelphis_domestica             0.1013484 0.0964715 0.0919693 0.1469250 0.1126931 0.1240922 0.1013840 0.0998603 0.1130524 0.1157960 0.0989297 0.1219557 0.1295992 0.1025416 0.1170576 0.1227078 0.1247289 0.1336212 0.1149181 0.0818148 0.1134288 0.0451572 0.0000000 0.1188198 0.1186077 0.0794899 0.1103104 0.0942340 0.0965655 0.1257069 0.1133124 0.1002977 0.1136189 0.1219012 0.1190779 
Dasyuridae_Antechinus_stuartii               0.0964916 0.0887090 0.0777468 0.1295862 0.0906280 0.0198888 0.0859014 0.0841049 0.0941922 0.0964153 0.0829730 0.0117386 0.0327387 0.0864353 0.1070514 0.0113581 0.0198794 0.0304661 0.0917339 0.0739316 0.0934356 0.1129947 0.1188198 0.0000000 0.1003338 0.0699523 0.0982526 0.0848338 0.0868186 0.1152088 0.0984760 0.0843475 0.0962849 0.0186643 0.0939757 
Hypsiprymnodontidae_Hypsiprymnodon_moschatus 0.0715044 0.0832139 0.0684548 0.0864436 0.0382751 0.0976567 0.0663932 0.0585034 0.0521720 0.0962410 0.0602537 0.1051000 0.1150535 0.0626808 0.0830323 0.1053218 0.0996957 0.1071299 0.0963728 0.0324269 0.0721372 0.1113004 0.1186077 0.1003338 0.0000000 0.0663196 0.0748155 0.0363184 0.0631639 0.0957194 0.0798886 0.0616923 0.0942614 0.0992375 0.0932938 
Microbiotheriidae_Dromiciops_gliroides       0.0521929 0.0673590 0.0570009 0.0726570 0.0602644 0.0733687 0.0530829 0.0497490 0.0629193 0.0674695 0.0489134 0.0731175 0.0839367 0.0525990 0.0663225 0.0743554 0.0723261 0.0748495 0.0744664 0.0607728 0.0640785 0.0708870 0.0794899 0.0699523 0.0663196 0.0000000 0.0634310 0.0603961 0.0491227 0.0721747 0.0671713 0.0515593 0.0706493 0.0692034 0.0706676 
Pseudochiridae_Petauroides_volans            0.0716296 0.0846537 0.0681068 0.1128887 0.0692629 0.1005805 0.0665681 0.0616743 0.0739579 0.0973109 0.0628075 0.1020809 0.1169666 0.0647649 0.0638673 0.1022988 0.1037652 0.1077341 0.0941393 0.0553913 0.0420476 0.0968224 0.1103104 0.0982526 0.0748155 0.0634310 0.0000000 0.0663664 0.0343916 0.0678160 0.0601393 0.0627968 0.0870852 0.1022574 0.0942261 
Macropodidae_Wallabia_bicolor                0.0469064 0.0749127 0.0617951 0.0606988 0.0192052 0.0886896 0.0560942 0.0497376 0.0328381 0.0781169 0.0493546 0.0908874 0.1035472 0.0528044 0.0740001 0.0909106 0.0887109 0.0929308 0.0786416 0.0088284 0.0625877 0.0953428 0.0942340 0.0848338 0.0363184 0.0603961 0.0663664 0.0000000 0.0536879 0.0806447 0.0684592 0.0518112 0.0793093 0.0861539 0.0781182 
Pseudochiridae_Pseudocheirus_occidentalis    0.0605893 0.0674929 0.0563251 0.1169829 0.0587138 0.0920215 0.0528055 0.0482390 0.0629030 0.0876334 0.0481492 0.0930780 0.1023688 0.0488663 0.0602518 0.0929382 0.0913916 0.0913956 0.0829247 0.0422435 0.0213007 0.0948884 0.0965655 0.0868186 0.0631639 0.0491227 0.0343916 0.0536879 0.0000000 0.0667154 0.0529464 0.0476959 0.0839523 0.0912117 0.0857613 
Tarsipedidae_Tarsipes_rostratus              0.0830499 0.0952249 0.0922480 0.1298922 0.0900514 0.1199928 0.0819282 0.0821207 0.0957663 0.1087388 0.0798414 0.1204246 0.1327337 0.0823760 0.0793607 0.1206022 0.1188502 0.1221781 0.1073491 0.0697948 0.0622395 0.1178112 0.1257069 0.1152088 0.0957194 0.0721747 0.0678160 0.0806447 0.0667154 0.0000000 0.0770572 0.0802532 0.1016005 0.1164938 0.1052038 
Acrobatidae_Distoechurus_pennatus            0.0754135 0.0799865 0.0740716 0.1174638 0.0724110 0.0984205 0.0622179 0.0611210 0.0796235 0.0925950 0.0603235 0.1038958 0.1082981 0.0618006 0.0405901 0.1041153 0.0994399 0.1018551 0.0907565 0.0606207 0.0576700 0.1087367 0.1133124 0.0984760 0.0798886 0.0671713 0.0601393 0.0684592 0.0529464 0.0770572 0.0000000 0.0608123 0.0906322 0.0969212 0.0898354 
Phalangeridae_Phalanger_carmelitae           0.0579048 0.0692214 0.0596796 0.0950627 0.0550867 0.0855332 0.0181772 0.0105884 0.0643217 0.0800946 0.0074359 0.0899257 0.0988077 0.0030699 0.0665741 0.0896990 0.0865195 0.0901842 0.0790289 0.0446277 0.0594116 0.0889642 0.1002977 0.0843475 0.0616923 0.0515593 0.0627968 0.0518112 0.0476959 0.0802532 0.0608123 0.0000000 0.0781450 0.0845518 0.0774430 
Peramelidae_Peroryctes_raffrayana            0.0906584 0.0835594 0.0839280 0.1377068 0.0906387 0.0998616 0.0842180 0.0781284 0.0941468 0.0170136 0.0761759 0.1003547 0.1155145 0.0800348 0.1015661 0.1002904 0.1004610 0.0964540 0.0113525 0.0712227 0.0883401 0.1098942 0.1136189 0.0962849 0.0942614 0.0706493 0.0870852 0.0793093 0.0839523 0.1016005 0.0906322 0.0781450 0.0000000 0.0980126 0.0172467 
Dasyuridae_Dasyurus_geffroii                 0.0999643 0.0907956 0.0797911 0.1257151 0.0891933 0.0069605 0.0861135 0.0848286 0.0911966 0.0955011 0.0831743 0.0194315 0.0332587 0.0866466 0.1080239 0.0198808 0.0085214 0.0306701 0.0919942 0.0758101 0.0971504 0.1136504 0.1219012 0.0186643 0.0992375 0.0692034 0.1022574 0.0861539 0.0912117 0.1164938 0.0969212 0.0845518 0.0980126 0.0000000 0.0909807 
Peramelidae_Perameles_gunnii                 0.0873396 0.0814764 0.0817315 0.1239506 0.0856113 0.0930076 0.0808632 0.0769965 0.0836676 0.0017310 0.0744016 0.0972346 0.1078988 0.0794932 0.1001396 0.0995350 0.0929679 0.0956628 0.0150127 0.0680735 0.0936654 0.1086472 0.1190779 0.0939757 0.0932938 0.0706676 0.0942261 0.0781182 0.0857613 0.1052038 0.0898354 0.0774430 0.0172467 0.0909807 0.0000000 
