35
Burramyidae_Burramys_parvus                  0.0000000 0.0968049 0.0754275 0.0691737 0.0832688 0.0787565 0.0512799 0.0588581 0.0726141 0.1118920 0.0639878 0.0815905 0.0955527 0.0584076 0.0547927 0.0805471 0.0828559 0.1135201 0.0640215 0.0633576 0.1256950 0.1187023 0.0770286 0.0684013 0.1003958 0.0784974 0.0668386 0.0850179 0.0742571 0.0612482 0.0522232 0.1137512 0.0790632 0.1116378 0.0851670 
Notoryctidae_Notoryctes_typhlops             0.0968049 0.0000000 0.1108191 0.1081990 0.1268982 0.1016102 0.0899815 0.0922032 0.1161285 0.1153731 0.0991746 0.1051403 0.1092900 0.0890837 0.0994794 0.1051037 0.1036250 0.1134664 0.1081946 0.1006439 0.1537686 0.1402966 0.0957746 0.1149847 0.1225828 0.1108488 0.1120314 0.1280349 0.1158871 0.0992530 0.0875308 0.1131184 0.1044099 0.1128313 0.0952462 
Vombatidae_Lasiorhinus_latifrons             0.0754275 0.1108191 0.0000000 0.0909150 0.0976945 0.0952613 0.0716139 0.0805102 0.0955883 0.1223470 0.0867076 0.0960852 0.1123566 0.0797053 0.0777929 0.0955629 0.0979312 0.1233406 0.0858956 0.0877089 0.1415742 0.1372297 0.0909228 0.0883583 0.1108296 0.0906086 0.0856418 0.0989410 0.0986580 0.0834013 0.0735610 0.1212193 0.0960448 0.1201375 0.1103211 
Potoroidae_Bettongia_penicillata             0.0691737 0.1081990 0.0909150 0.0000000 0.0199493 0.0881190 0.0641242 0.0699025 0.0141009 0.1139236 0.0757081 0.0907389 0.1054128 0.0712169 0.0657706 0.0896557 0.0899576 0.1146597 0.0235204 0.0753918 0.1362150 0.1264358 0.0870119 0.0486669 0.1097027 0.0877822 0.0247521 0.0927963 0.0875626 0.0718294 0.0642266 0.1135356 0.0872458 0.1129906 0.0859913 
Potoroidae_Bettongia_lesueur                 0.0832688 0.1268982 0.0976945 0.0199493 0.0000000 0.0996502 0.0793709 0.0873266 0.0321004 0.1298186 0.0935514 0.1029045 0.1194972 0.0869178 0.0810246 0.1017615 0.1025867 0.1308578 0.0391902 0.0883107 0.1513198 0.1380746 0.0979273 0.0641421 0.1269151 0.0972785 0.0395988 0.1004691 0.1020468 0.0875922 0.0794734 0.1310283 0.0986908 0.1285958 0.1150595 
Dasyuridae_Dasyurus_maculatus                0.0787565 0.1016102 0.0952613 0.0881190 0.0996502 0.0000000 0.0743059 0.0813038 0.0907935 0.1090960 0.0862217 0.0186893 0.0374015 0.0828628 0.0792122 0.0170156 0.0108018 0.1064709 0.0843421 0.0865714 0.1299193 0.1199202 0.0153480 0.0880191 0.0947382 0.0931610 0.0871093 0.1015799 0.0952959 0.0871418 0.0756584 0.1037978 0.0075763 0.1065235 0.0253748 
Phalangeridae_Trichosurus_vulpecula          0.0512799 0.0899815 0.0716139 0.0641242 0.0793709 0.0743059 0.0000000 0.0294296 0.0685455 0.1123947 0.0325788 0.0737023 0.0872207 0.0289690 0.0558760 0.0726821 0.0744773 0.1136952 0.0612988 0.0605745 0.1242139 0.1164158 0.0711548 0.0628551 0.0960127 0.0752500 0.0626147 0.0801475 0.0695057 0.0604711 0.0203831 0.1104335 0.0741187 0.1110621 0.0813975 
Phalangeridae_Spilocuscus_maculatus          0.0588581 0.0922032 0.0805102 0.0699025 0.0873266 0.0813038 0.0294296 0.0000000 0.0764282 0.1135356 0.0186081 0.0811744 0.0931622 0.0127345 0.0612893 0.0801133 0.0829550 0.1159604 0.0664700 0.0636953 0.1240745 0.1232372 0.0770218 0.0715859 0.1007913 0.0712149 0.0680130 0.0807417 0.0774652 0.0631013 0.0185957 0.1126505 0.0810941 0.1121585 0.0769312 
Potoroidae_Aepyprymnus_rufescens             0.0726141 0.1161285 0.0955883 0.0141009 0.0321004 0.0907935 0.0685455 0.0764282 0.0000000 0.1211970 0.0817083 0.0938928 0.1082056 0.0766891 0.0692009 0.0928528 0.0921215 0.1218330 0.0256632 0.0769908 0.1420293 0.1303620 0.0901830 0.0519493 0.1161243 0.0933812 0.0261320 0.0981146 0.0926594 0.0768523 0.0695836 0.1207665 0.0909114 0.1201649 0.0909854 
Peramelidae_Perameles_nasuta                 0.1118920 0.1153731 0.1223470 0.1139236 0.1298186 0.1090960 0.1123947 0.1135356 0.1211970 0.0000000 0.1227438 0.1095303 0.1216510 0.1154069 0.1129344 0.1087056 0.1113220 0.0227196 0.1134304 0.1211783 0.1645265 0.1546931 0.1027118 0.1200001 0.1335276 0.1229958 0.1175270 0.1346050 0.1281495 0.1168294 0.1082535 0.0189918 0.1103997 0.0019999 0.0915923 
Phalangeridae_Strigocuscus_pelengensis       0.0639878 0.0991746 0.0867076 0.0757081 0.0935514 0.0862217 0.0325788 0.0186081 0.0817083 0.1227438 0.0000000 0.0866574 0.0964408 0.0195467 0.0672686 0.0855217 0.0886952 0.1252667 0.0705587 0.0620057 0.1303887 0.1322303 0.0824166 0.0773985 0.1060357 0.0772102 0.0730270 0.0852781 0.0866822 0.0710710 0.0196062 0.1218110 0.0861235 0.1220817 0.0744757 
Dasyuridae_Phascogale_tapoatafa              0.0815905 0.1051403 0.0960852 0.0907389 0.1029045 0.0186893 0.0737023 0.0811744 0.0938928 0.1095303 0.0866574 0.0000000 0.0364644 0.0803099 0.0841908 0.0039581 0.0190369 0.1063661 0.0888437 0.0879708 0.1340042 0.1252062 0.0112338 0.0936017 0.0966351 0.0952486 0.0902589 0.1024719 0.0968936 0.0895184 0.0736474 0.1059935 0.0194823 0.1069524 0.0253617 
Dasyuridae_Sminthopsis_macroura              0.0955527 0.1092900 0.1123566 0.1054128 0.1194972 0.0374015 0.0872207 0.0931622 0.1082056 0.1216510 0.0964408 0.0364644 0.0000000 0.0931723 0.0962306 0.0346977 0.0368175 0.1181291 0.1030297 0.1032972 0.1438664 0.1352628 0.0329210 0.1087755 0.1059899 0.1077885 0.1038886 0.1210072 0.1122123 0.1037010 0.0862325 0.1192216 0.0381939 0.1187327 0.0260802 
Phalangeridae_Phalanger_orientalis           0.0584076 0.0890837 0.0797053 0.0712169 0.0869178 0.0828628 0.0289690 0.0127345 0.0766891 0.1154069 0.0195467 0.0803099 0.0931723 0.0000000 0.0612705 0.0802586 0.0845547 0.1176731 0.0663737 0.0655134 0.1271246 0.1220912 0.0782118 0.0704128 0.1006236 0.0708507 0.0688917 0.0829785 0.0792439 0.0645173 0.0116999 0.1145444 0.0827608 0.1139182 0.0751710 
Acrobatidae_Acrobates_pygmaeus               0.0547927 0.0994794 0.0777929 0.0657706 0.0810246 0.0792122 0.0558760 0.0612893 0.0692009 0.1129344 0.0672686 0.0841908 0.0962306 0.0612705 0.0000000 0.0841368 0.0823201 0.1164907 0.0576939 0.0633736 0.1336331 0.1205711 0.0800454 0.0636291 0.0996600 0.0732667 0.0583929 0.0825647 0.0699626 0.0350050 0.0550292 0.1119833 0.0799995 0.1121837 0.0854367 
Dasyuridae_Phascogale_calura                 0.0805471 0.1051037 0.0955629 0.0896557 0.1017615 0.0170156 0.0726821 0.0801133 0.0928528 0.1087056 0.0855217 0.0039581 0.0346977 0.0802586 0.0841368 0.0000000 0.0173674 0.1055643 0.0878149 0.0869042 0.1322098 0.1235180 0.0104136 0.0925075 0.0965707 0.0946677 0.0891373 0.1024042 0.0962996 0.0895112 0.0736007 0.1057788 0.0178079 0.1061482 0.0231177 
Dasyuridae_Sarcophilus_harrisii              0.0828559 0.1036250 0.0979312 0.0899576 0.1025867 0.0108018 0.0744773 0.0829550 0.0921215 0.1113220 0.0886952 0.0190369 0.0368175 0.0845547 0.0823201 0.0173674 0.0000000 0.1097976 0.0876247 0.0887237 0.1342960 0.1232740 0.0157038 0.0907814 0.0960095 0.0961405 0.0894658 0.1053900 0.0966300 0.0898169 0.0773404 0.1089314 0.0103835 0.1092551 0.0267686 
Peramelidae_Echymipera_kalubu                0.1135201 0.1134664 0.1233406 0.1146597 0.1308578 0.1064709 0.1136952 0.1159604 0.1218330 0.0227196 0.1252667 0.1063661 0.1181291 0.1176731 0.1164907 0.1055643 0.1097976 0.0000000 0.1130387 0.1263350 0.1643983 0.1502142 0.1003250 0.1209945 0.1359926 0.1240166 0.1202925 0.1356722 0.1317008 0.1232148 0.1105543 0.0223614 0.1093631 0.0220235 0.0878450 
Macropodidae_Dorcopsulus_vanheurni           0.0640215 0.1081946 0.0858956 0.0235204 0.0391902 0.0843421 0.0612988 0.0664700 0.0256632 0.1134304 0.0705587 0.0888437 0.1030297 0.0663737 0.0576939 0.0878149 0.0876247 0.1130387 0.0000000 0.0710213 0.1345988 0.1215227 0.0856711 0.0416573 0.1056343 0.0815421 0.0095944 0.0883234 0.0823465 0.0668015 0.0604366 0.1124255 0.0845545 0.1128273 0.0906703 
Pseudochiridae_Pseudochirulus_forbesi        0.0633576 0.1006439 0.0877089 0.0753918 0.0883107 0.0865714 0.0605745 0.0636953 0.0769908 0.1211783 0.0620057 0.0879708 0.1032972 0.0655134 0.0633736 0.0869042 0.0887237 0.1263350 0.0710213 0.0000000 0.1376393 0.1340129 0.0817885 0.0746414 0.1080187 0.0579935 0.0722095 0.0540110 0.0705214 0.0696592 0.0606060 0.1195736 0.0883279 0.1202667 0.0847591 
Didelphidae_Didelphis_virginiana             0.1256950 0.1537686 0.1415742 0.1362150 0.1513198 0.1299193 0.1242139 0.1240745 0.1420293 0.1645265 0.1303887 0.1340042 0.1438664 0.1271246 0.1336331 0.1322098 0.1342960 0.1643983 0.1345988 0.1376393 0.0000000 0.0600543 0.1287798 0.1399023 0.1432514 0.1538916 0.1378538 0.1502636 0.1515003 0.1373302 0.1233992 0.1668884 0.1332252 0.1637407 0.1285491 
Marmosidae_Monodelphis_domestica             0.1187023 0.1402966 0.1372297 0.1264358 0.1380746 0.1199202 0.1164158 0.1232372 0.1303620 0.1546931 0.1322303 0.1252062 0.1352628 0.1220912 0.1205711 0.1235180 0.1232740 0.1502142 0.1215227 0.1340129 0.0600543 0.0000000 0.1189932 0.1326413 0.1328089 0.1464170 0.1233313 0.1520064 0.1413529 0.1278557 0.1171856 0.1522822 0.1208206 0.1524012 0.1214420 
Dasyuridae_Antechinus_stuartii               0.0770286 0.0957746 0.0909228 0.0870119 0.0979273 0.0153480 0.0711548 0.0770218 0.0901830 0.1027118 0.0824166 0.0112338 0.0329210 0.0782118 0.0800454 0.0104136 0.0157038 0.1003250 0.0856711 0.0817885 0.1287798 0.1189932 0.0000000 0.0888304 0.0934666 0.0888913 0.0869105 0.0975872 0.0928561 0.0853050 0.0720703 0.1009861 0.0161396 0.1011959 0.0171339 
Hypsiprymnodontidae_Hypsiprymnodon_moschatus 0.0684013 0.1149847 0.0883583 0.0486669 0.0641421 0.0880191 0.0628551 0.0715859 0.0519493 0.1200001 0.0773985 0.0936017 0.1087755 0.0704128 0.0636291 0.0925075 0.0907814 0.1209945 0.0416573 0.0746414 0.1399023 0.1326413 0.0888304 0.0000000 0.1111386 0.0851110 0.0450933 0.0964407 0.0837956 0.0720560 0.0634119 0.1207948 0.0898214 0.1185433 0.0995788 
Microbiotheriidae_Dromiciops_gliroides       0.1003958 0.1225828 0.1108296 0.1097027 0.1269151 0.0947382 0.0960127 0.1007913 0.1161243 0.1335276 0.1060357 0.0966351 0.1059899 0.1006236 0.0996600 0.0965707 0.0960095 0.1359926 0.1056343 0.1080187 0.1432514 0.1328089 0.0934666 0.1111386 0.0000000 0.1183581 0.1058109 0.1243511 0.1229404 0.1050597 0.0933671 0.1335787 0.0954587 0.1298568 0.1105007 
Pseudochiridae_Petauroides_volans            0.0784974 0.1108488 0.0906086 0.0877822 0.0972785 0.0931610 0.0752500 0.0712149 0.0933812 0.1229958 0.0772102 0.0952486 0.1077885 0.0708507 0.0732667 0.0946677 0.0961405 0.1240166 0.0815421 0.0579935 0.1538916 0.1464170 0.0888913 0.0851110 0.1183581 0.0000000 0.0809089 0.0572966 0.0878876 0.0777130 0.0698173 0.1174884 0.0934161 0.1222096 0.0916903 
Macropodidae_Wallabia_bicolor                0.0668386 0.1120314 0.0856418 0.0247521 0.0395988 0.0871093 0.0626147 0.0680130 0.0261320 0.1175270 0.0730270 0.0902589 0.1038886 0.0688917 0.0583929 0.0891373 0.0894658 0.1202925 0.0095944 0.0722095 0.1378538 0.1233313 0.0869105 0.0450933 0.1058109 0.0809089 0.0000000 0.0874405 0.0848988 0.0684728 0.0612312 0.1169420 0.0873216 0.1167431 0.0935286 
Pseudochiridae_Pseudocheirus_occidentalis    0.0850179 0.1280349 0.0989410 0.0927963 0.1004691 0.1015799 0.0801475 0.0807417 0.0981146 0.1346050 0.0852781 0.1024719 0.1210072 0.0829785 0.0825647 0.1024042 0.1053900 0.1356722 0.0883234 0.0540110 0.1502636 0.1520064 0.0975872 0.0964407 0.1243511 0.0572966 0.0874405 0.0000000 0.0944812 0.0846761 0.0752732 0.1306860 0.1017773 0.1339885 0.1004503 
Tarsipedidae_Tarsipes_rostratus              0.0742571 0.1158871 0.0986580 0.0875626 0.1020468 0.0952959 0.0695057 0.0774652 0.0926594 0.1281495 0.0866822 0.0968936 0.1122123 0.0792439 0.0699626 0.0962996 0.0966300 0.1317008 0.0823465 0.0705214 0.1515003 0.1413529 0.0928561 0.0837956 0.1229404 0.0878876 0.0848988 0.0944812 0.0000000 0.0747929 0.0719432 0.1284618 0.0971954 0.1269185 0.1033876 
Acrobatidae_Distoechurus_pennatus            0.0612482 0.0992530 0.0834013 0.0718294 0.0875922 0.0871418 0.0604711 0.0631013 0.0768523 0.1168294 0.0710710 0.0895184 0.1037010 0.0645173 0.0350050 0.0895112 0.0898169 0.1232148 0.0668015 0.0696592 0.1373302 0.1278557 0.0853050 0.0720560 0.1050597 0.0777130 0.0684728 0.0846761 0.0747929 0.0000000 0.0576642 0.1168525 0.0874269 0.1160368 0.0962023 
Phalangeridae_Phalanger_carmelitae           0.0522232 0.0875308 0.0735610 0.0642266 0.0794734 0.0756584 0.0203831 0.0185957 0.0695836 0.1082535 0.0196062 0.0736474 0.0862325 0.0116999 0.0550292 0.0736007 0.0773404 0.1105543 0.0604366 0.0606060 0.1233992 0.1171856 0.0720703 0.0634119 0.0933671 0.0698173 0.0612312 0.0752732 0.0719432 0.0576642 0.0000000 0.1073620 0.0755822 0.1068739 0.0752222 
Peramelidae_Peroryctes_raffrayana            0.1137512 0.1131184 0.1212193 0.1135356 0.1310283 0.1037978 0.1104335 0.1126505 0.1207665 0.0189918 0.1218110 0.1059935 0.1192216 0.1145444 0.1119833 0.1057788 0.1089314 0.0223614 0.1124255 0.1195736 0.1668884 0.1522822 0.1009861 0.1207948 0.1335787 0.1174884 0.1169420 0.1306860 0.1284618 0.1168525 0.1073620 0.0000000 0.1063823 0.0185210 0.0847829 
Dasyuridae_Dasyurus_geffroii                 0.0790632 0.1044099 0.0960448 0.0872458 0.0986908 0.0075763 0.0741187 0.0810941 0.0909114 0.1103997 0.0861235 0.0194823 0.0381939 0.0827608 0.0799995 0.0178079 0.0103835 0.1093631 0.0845545 0.0883279 0.1332252 0.1208206 0.0161396 0.0898214 0.0954587 0.0934161 0.0873216 0.1017773 0.0971954 0.0874269 0.0755822 0.1063823 0.0000000 0.1078106 0.0252874 
Peramelidae_Perameles_gunnii                 0.1116378 0.1128313 0.1201375 0.1129906 0.1285958 0.1065235 0.1110621 0.1121585 0.1201649 0.0019999 0.1220817 0.1069524 0.1187327 0.1139182 0.1121837 0.1061482 0.1092551 0.0220235 0.1128273 0.1202667 0.1637407 0.1524012 0.1011959 0.1185433 0.1298568 0.1222096 0.1167431 0.1339885 0.1269185 0.1160368 0.1068739 0.0185210 0.1078106 0.0000000 0.0876894 
Dasyuridae_Planigale_tenuirostris            0.0851670 0.0952462 0.1103211 0.0859913 0.1150595 0.0253748 0.0813975 0.0769312 0.0909854 0.0915923 0.0744757 0.0253617 0.0260802 0.0751710 0.0854367 0.0231177 0.0267686 0.0878450 0.0906703 0.0847591 0.1285491 0.1214420 0.0171339 0.0995788 0.1105007 0.0916903 0.0935286 0.1004503 0.1033876 0.0962023 0.0752222 0.0847829 0.0252874 0.0876894 0.0000000 
