35
Burramyidae_Burramys_parvus                  0.0000000 0.1030713 0.0904347 0.0940653 0.0898876 0.1296292 0.0561013 0.0820617 0.0825912 0.1287824 0.0715585 0.1303713 0.1424895 0.0788381 0.0726074 0.1291480 0.1392176 0.1051469 0.1285761 0.0803073 0.0748643 0.1430578 0.1383091 0.1308302 0.0875625 0.1002723 0.0763428 0.0746153 0.0779955 0.0879998 0.0719572 0.0880784 0.1238061 0.1269265 0.1273426 
Notoryctidae_Notoryctes_typhlops             0.1030713 0.0000000 0.1028430 0.1228918 0.1163837 0.1211321 0.0884381 0.1046784 0.1170302 0.1313349 0.0998903 0.1184632 0.1441346 0.1088366 0.1019766 0.1179278 0.1459384 0.0961561 0.1301693 0.1206690 0.1074852 0.1746939 0.1374486 0.1147602 0.1165525 0.0938192 0.1191872 0.1146404 0.1080152 0.1292746 0.0995589 0.1336487 0.1306368 0.1148592 0.1289934 
Vombatidae_Lasiorhinus_latifrons             0.0904347 0.1028430 0.0000000 0.1071652 0.1130136 0.1132465 0.0849184 0.1067175 0.1106466 0.1292797 0.1019415 0.1049903 0.1210916 0.1104125 0.0965368 0.1044091 0.1369372 0.1105935 0.1271645 0.1164421 0.0971804 0.1853044 0.1437618 0.1062345 0.1064804 0.1093522 0.0905977 0.1096832 0.0956140 0.1194118 0.0939796 0.1301506 0.1222391 0.1044969 0.1264111 
Potoroidae_Bettongia_penicillata             0.0940653 0.1228918 0.1071652 0.0000000 0.0024596 0.1559637 0.0912660 0.1139178 0.0133036 0.1685626 0.1135188 0.1543530 0.1724753 0.1214002 0.1036717 0.1485035 0.1852877 0.1311293 0.1638117 0.0342986 0.0922612 0.1946571 0.1586098 0.1555159 0.0835546 0.1351824 0.1050385 0.0342469 0.0961186 0.1377991 0.1048118 0.1397407 0.1620833 0.1482575 0.1653359 
Potoroidae_Bettongia_lesueur                 0.0898876 0.1163837 0.1130136 0.0024596 0.0000000 0.1612730 0.0838108 0.1066687 0.0167847 0.1589593 0.1060117 0.1618354 0.1759446 0.1140601 0.0992575 0.1558973 0.1935438 0.1267304 0.1551672 0.0308111 0.0909988 0.1842889 0.1549233 0.1627761 0.0914920 0.1209277 0.0959226 0.0307109 0.0929165 0.1273547 0.0992197 0.1322004 0.1534348 0.1550052 0.1558126 
Dasyuridae_Dasyurus_maculatus                0.1296292 0.1211321 0.1132465 0.1559637 0.1612730 0.0000000 0.1245263 0.1447060 0.1515647 0.1616868 0.1352418 0.0191050 0.0343001 0.1396657 0.1311585 0.0155429 0.0009056 0.0283020 0.1446648 0.1545387 0.1376241 0.2007930 0.1752159 0.0164086 0.1408499 0.1326902 0.1378836 0.1454699 0.1444786 0.1607201 0.1348926 0.1654510 0.1510123 0.0013926 0.1582496 
Phalangeridae_Trichosurus_vulpecula          0.0561013 0.0884381 0.0849184 0.0912660 0.0838108 0.1245263 0.0000000 0.0302291 0.0808556 0.1203046 0.0280456 0.1202019 0.1331174 0.0327803 0.0674974 0.1175678 0.1484825 0.1013137 0.1184862 0.0767252 0.0673049 0.1603444 0.1292510 0.1188732 0.0858021 0.0985643 0.0741554 0.0764432 0.0657238 0.0852038 0.0655282 0.0514907 0.1157934 0.1199883 0.1188745 
Phalangeridae_Spilocuscus_maculatus          0.0820617 0.1046784 0.1067175 0.1139178 0.1066687 0.1447060 0.0302291 0.0000000 0.1018391 0.1485357 0.0120324 0.1426356 0.1567638 0.0203781 0.0877119 0.1391367 0.1624727 0.1149498 0.1435879 0.0961021 0.0865393 0.1774235 0.1519869 0.1393510 0.1053750 0.1271324 0.0976406 0.0958204 0.0912984 0.1081213 0.0899764 0.0379889 0.1393303 0.1390446 0.1470001 
Potoroidae_Aepyprymnus_rufescens             0.0825912 0.1170302 0.1106466 0.0133036 0.0167847 0.1515647 0.0808556 0.1018391 0.0000000 0.1542672 0.1008825 0.1517143 0.1712639 0.1070914 0.0892181 0.1467378 0.1810335 0.1295195 0.1493161 0.0251588 0.0861186 0.1861905 0.1548497 0.1561149 0.0787006 0.1294552 0.0957065 0.0250581 0.0879808 0.1228760 0.0894877 0.1244289 0.1461661 0.1456466 0.1511368 
Peramelidae_Perameles_nasuta                 0.1287824 0.1313349 0.1292797 0.1685626 0.1589593 0.1616868 0.1203046 0.1485357 0.1542672 0.0000000 0.1497123 0.1504269 0.1675379 0.1572398 0.1508586 0.1491999 0.1767016 0.1339204 0.0220418 0.1536423 0.1376505 0.2151392 0.1906314 0.1511023 0.1469194 0.1285630 0.1395463 0.1468885 0.1338623 0.1685134 0.1402385 0.1816033 0.0173451 0.1543070 0.0003896 
Phalangeridae_Strigocuscus_pelengensis       0.0715585 0.0998903 0.1019415 0.1135188 0.1060117 0.1352418 0.0280456 0.0120324 0.1008825 0.1497123 0.0000000 0.1340724 0.1476926 0.0085228 0.0767891 0.1304709 0.1607263 0.1074636 0.1439816 0.0914569 0.0839354 0.1783976 0.1432345 0.1326584 0.0992829 0.1183522 0.0927242 0.0945278 0.0880477 0.1065486 0.0830581 0.0336618 0.1341383 0.1294628 0.1463922 
Dasyuridae_Phascogale_tapoatafa              0.1303713 0.1184632 0.1049903 0.1543530 0.1618354 0.0191050 0.1202019 0.1426356 0.1517143 0.1504269 0.1340724 0.0000000 0.0250864 0.1459961 0.1279446 0.0006762 0.0217634 0.0307670 0.1384127 0.1559222 0.1322108 0.2074626 0.1655798 0.0020864 0.1373716 0.1264663 0.1254875 0.1489435 0.1328885 0.1602542 0.1281213 0.1706110 0.1393169 0.0186207 0.1458590 
Dasyuridae_Sminthopsis_macroura              0.1424895 0.1441346 0.1210916 0.1724753 0.1759446 0.0343001 0.1331174 0.1567638 0.1712639 0.1675379 0.1476926 0.0250864 0.0000000 0.1541302 0.1436015 0.0231431 0.0364648 0.0398341 0.1580409 0.1678160 0.1489074 0.2233557 0.1906611 0.0228714 0.1586223 0.1424987 0.1427230 0.1622849 0.1513384 0.1760650 0.1445593 0.1789862 0.1576996 0.0342095 0.1641091 
Phalangeridae_Phalanger_orientalis           0.0788381 0.1088366 0.1104125 0.1214002 0.1140601 0.1396657 0.0327803 0.0203781 0.1070914 0.1572398 0.0085228 0.1459961 0.1541302 0.0000000 0.0916843 0.1424373 0.1630790 0.1176967 0.1527232 0.0993611 0.0934017 0.1774308 0.1526344 0.1434212 0.1033290 0.1275944 0.0974909 0.0993913 0.0991162 0.1067932 0.0901224 0.0316763 0.1468733 0.1400407 0.1540522 
Acrobatidae_Acrobates_pygmaeus               0.0726074 0.1019766 0.0965368 0.1036717 0.0992575 0.1311585 0.0674974 0.0877119 0.0892181 0.1508586 0.0767891 0.1279446 0.1436015 0.0916843 0.0000000 0.1259134 0.1593352 0.0994749 0.1408080 0.0915270 0.0723390 0.1713009 0.1380361 0.1268531 0.0900638 0.1168529 0.0789468 0.0871606 0.0716747 0.1044990 0.0425646 0.1086886 0.1360149 0.1229835 0.1484795 
Dasyuridae_Phascogale_calura                 0.1291480 0.1179278 0.1044091 0.1485035 0.1558973 0.0155429 0.1175678 0.1391367 0.1467378 0.1491999 0.1304709 0.0006762 0.0231431 0.1424373 0.1259134 0.0000000 0.0167761 0.0280583 0.1372149 0.1523005 0.1295443 0.2022559 0.1626908 0.0016420 0.1346735 0.1229799 0.1233274 0.1446642 0.1293829 0.1545292 0.1240530 0.1667136 0.1381144 0.0155245 0.1446402 
Dasyuridae_Sarcophilus_harrisii              0.1392176 0.1459384 0.1369372 0.1852877 0.1935438 0.0009056 0.1484825 0.1624727 0.1810335 0.1767016 0.1607263 0.0217634 0.0364648 0.1630790 0.1593352 0.0167761 0.0000000 0.0360089 0.1536045 0.1849145 0.1603086 0.2031409 0.2050864 0.0179076 0.1721256 0.1510465 0.1556797 0.1755864 0.1644544 0.1598879 0.1587583 0.1553947 0.1594840 0.0013790 0.1705602 
Dasyuridae_Planigale_tenuirostris            0.1051469 0.0961561 0.1105935 0.1311293 0.1267304 0.0283020 0.1013137 0.1149498 0.1295195 0.1339204 0.1074636 0.0307670 0.0398341 0.1176967 0.0994749 0.0280583 0.0360089 0.0000000 0.1264587 0.1259225 0.1106986 0.1844485 0.1462140 0.0291868 0.1252219 0.1021607 0.1210321 0.1182474 0.1173983 0.1451266 0.1031207 0.1439495 0.1241031 0.0271158 0.1292187 
Peramelidae_Echymipera_kalubu                0.1285761 0.1301693 0.1271645 0.1638117 0.1551672 0.1446648 0.1184862 0.1435879 0.1493161 0.0220418 0.1439816 0.1384127 0.1580409 0.1527232 0.1408080 0.1372149 0.1536045 0.1264587 0.0000000 0.1508650 0.1360924 0.1987974 0.1810429 0.1375291 0.1385467 0.1276247 0.1417636 0.1455958 0.1316697 0.1623883 0.1335493 0.1763348 0.0131711 0.1400785 0.0202039 
Macropodidae_Dorcopsulus_vanheurni           0.0803073 0.1206690 0.1164421 0.0342986 0.0308111 0.1545387 0.0767252 0.0961021 0.0251588 0.1536423 0.0914569 0.1559222 0.1678160 0.0993611 0.0915270 0.1523005 0.1849145 0.1259225 0.1508650 0.0000000 0.0823368 0.1762696 0.1443540 0.1554112 0.0844216 0.1297609 0.0888459 0.0019679 0.0802673 0.1163384 0.0895145 0.1144691 0.1458370 0.1491870 0.1505328 
Pseudochiridae_Pseudochirulus_forbesi        0.0748643 0.1074852 0.0971804 0.0922612 0.0909988 0.1376241 0.0673049 0.0865393 0.0861186 0.1376505 0.0839354 0.1322108 0.1489074 0.0934017 0.0723390 0.1295443 0.1603086 0.1106986 0.1360924 0.0823368 0.0000000 0.1885651 0.1421975 0.1312284 0.0980681 0.1171069 0.0443035 0.0753553 0.0150924 0.0876790 0.0719832 0.1101615 0.1318873 0.1276862 0.1361652 
Didelphidae_Didelphis_virginiana             0.1430578 0.1746939 0.1853044 0.1946571 0.1842889 0.2007930 0.1603444 0.1774235 0.1861905 0.2151392 0.1783976 0.2074626 0.2233557 0.1774308 0.1713009 0.2022559 0.2031409 0.1844485 0.1987974 0.1762696 0.1885651 0.0000000 0.0593736 0.2139619 0.2066627 0.1742490 0.1824078 0.1709449 0.1934447 0.1787206 0.1748993 0.1780815 0.1958814 0.2022741 0.2127878 
Marmosidae_Monodelphis_domestica             0.1383091 0.1374486 0.1437618 0.1586098 0.1549233 0.1752159 0.1292510 0.1519869 0.1548497 0.1906314 0.1432345 0.1655798 0.1906611 0.1526344 0.1380361 0.1626908 0.2050864 0.1462140 0.1810429 0.1443540 0.1421975 0.0593736 0.0000000 0.1670991 0.1696059 0.1610293 0.1530286 0.1404244 0.1464086 0.1774245 0.1431273 0.1766219 0.1770805 0.1646446 0.1889053 
Dasyuridae_Antechinus_stuartii               0.1308302 0.1147602 0.1062345 0.1555159 0.1627761 0.0164086 0.1188732 0.1393510 0.1561149 0.1511023 0.1326584 0.0020864 0.0228714 0.1434212 0.1268531 0.0016420 0.0179076 0.0291868 0.1375291 0.1554112 0.1312284 0.2139619 0.1670991 0.0000000 0.1414542 0.1240675 0.1275520 0.1486631 0.1325685 0.1612896 0.1284703 0.1688329 0.1436263 0.0157508 0.1464774 
Hypsiprymnodontidae_Hypsiprymnodon_moschatus 0.0875625 0.1165525 0.1064804 0.0835546 0.0914920 0.1408499 0.0858021 0.1053750 0.0787006 0.1469194 0.0992829 0.1373716 0.1586223 0.1033290 0.0900638 0.1346735 0.1721256 0.1252219 0.1385467 0.0844216 0.0980681 0.2066627 0.1696059 0.1414542 0.0000000 0.1320802 0.1119811 0.0810713 0.1021787 0.1392774 0.0926535 0.1240413 0.1393368 0.1382795 0.1438923 
Microbiotheriidae_Dromiciops_gliroides       0.1002723 0.0938192 0.1093522 0.1351824 0.1209277 0.1326902 0.0985643 0.1271324 0.1294552 0.1285630 0.1183522 0.1264663 0.1424987 0.1275944 0.1168529 0.1229799 0.1510465 0.1021607 0.1276247 0.1297609 0.1171069 0.1742490 0.1610293 0.1240675 0.1320802 0.0000000 0.1204358 0.1214482 0.1187117 0.1387283 0.1132601 0.1542537 0.1259108 0.1257859 0.1255131 
Pseudochiridae_Petauroides_volans            0.0763428 0.1191872 0.0905977 0.1050385 0.0959226 0.1378836 0.0741554 0.0976406 0.0957065 0.1395463 0.0927242 0.1254875 0.1427230 0.0974909 0.0789468 0.1233274 0.1556797 0.1210321 0.1417636 0.0888459 0.0443035 0.1824078 0.1530286 0.1275520 0.1119811 0.1204358 0.0000000 0.0841250 0.0440771 0.0960488 0.0750938 0.1166741 0.1351760 0.1333363 0.1378718 
Macropodidae_Wallabia_bicolor                0.0746153 0.1146404 0.1096832 0.0342469 0.0307109 0.1454699 0.0764432 0.0958204 0.0250581 0.1468885 0.0945278 0.1489435 0.1622849 0.0993913 0.0871606 0.1446642 0.1755864 0.1182474 0.1455958 0.0019679 0.0753553 0.1709449 0.1404244 0.1486631 0.0810713 0.1214482 0.0841250 0.0000000 0.0745626 0.1160568 0.0842095 0.1167077 0.1384416 0.1393738 0.1437587 
Pseudochiridae_Pseudocheirus_occidentalis    0.0779955 0.1080152 0.0956140 0.0961186 0.0929165 0.1444786 0.0657238 0.0912984 0.0879808 0.1338623 0.0880477 0.1328885 0.1513384 0.0991162 0.0716747 0.1293829 0.1644544 0.1173983 0.1316697 0.0802673 0.0150924 0.1934447 0.1464086 0.1325685 0.1021787 0.1187117 0.0440771 0.0745626 0.0000000 0.0860125 0.0703376 0.1171844 0.1283597 0.1320916 0.1323948 
Tarsipedidae_Tarsipes_rostratus              0.0879998 0.1292746 0.1194118 0.1377991 0.1273547 0.1607201 0.0852038 0.1081213 0.1228760 0.1685134 0.1065486 0.1602542 0.1760650 0.1067932 0.1044990 0.1545292 0.1598879 0.1451266 0.1623883 0.1163384 0.0876790 0.1787206 0.1774245 0.1612896 0.1392774 0.1387283 0.0960488 0.1160568 0.0860125 0.0000000 0.1067205 0.1050578 0.1598302 0.1646602 0.1664127 
Acrobatidae_Distoechurus_pennatus            0.0719572 0.0995589 0.0939796 0.1048118 0.0992197 0.1348926 0.0655282 0.0899764 0.0894877 0.1402385 0.0830581 0.1281213 0.1445593 0.0901224 0.0425646 0.1240530 0.1587583 0.1031207 0.1335493 0.0895145 0.0719832 0.1748993 0.1431273 0.1284703 0.0926535 0.1132601 0.0750938 0.0842095 0.0703376 0.1067205 0.0000000 0.1061218 0.1315079 0.1244094 0.1386615 
Phalangeridae_Phalanger_carmelitae           0.0880784 0.1336487 0.1301506 0.1397407 0.1322004 0.1654510 0.0514907 0.0379889 0.1244289 0.1816033 0.0336618 0.1706110 0.1789862 0.0316763 0.1086886 0.1667136 0.1553947 0.1439495 0.1763348 0.1144691 0.1101615 0.1780815 0.1766219 0.1688329 0.1240413 0.1542537 0.1166741 0.1167077 0.1171844 0.1050578 0.1061218 0.0000000 0.1691661 0.1650821 0.1780924 
Peramelidae_Peroryctes_raffrayana            0.1238061 0.1306368 0.1222391 0.1620833 0.1534348 0.1510123 0.1157934 0.1393303 0.1461661 0.0173451 0.1341383 0.1393169 0.1576996 0.1468733 0.1360149 0.1381144 0.1594840 0.1241031 0.0131711 0.1458370 0.1318873 0.1958814 0.1770805 0.1436263 0.1393368 0.1259108 0.1351760 0.1384416 0.1283597 0.1598302 0.1315079 0.1691661 0.0000000 0.1389296 0.0139674 
Dasyuridae_Dasyurus_geffroii                 0.1269265 0.1148592 0.1044969 0.1482575 0.1550052 0.0013926 0.1199883 0.1390446 0.1456466 0.1543070 0.1294628 0.0186207 0.0342095 0.1400407 0.1229835 0.0155245 0.0013790 0.0271158 0.1400785 0.1491870 0.1276862 0.2022741 0.1646446 0.0157508 0.1382795 0.1257859 0.1333363 0.1393738 0.1320916 0.1646602 0.1244094 0.1650821 0.1389296 0.0000000 0.1496993 
Peramelidae_Perameles_gunnii                 0.1273426 0.1289934 0.1264111 0.1653359 0.1558126 0.1582496 0.1188745 0.1470001 0.1511368 0.0003896 0.1463922 0.1458590 0.1641091 0.1540522 0.1484795 0.1446402 0.1705602 0.1292187 0.0202039 0.1505328 0.1361652 0.2127878 0.1889053 0.1464774 0.1438923 0.1255131 0.1378718 0.1437587 0.1323948 0.1664127 0.1386615 0.1780924 0.0139674 0.1496993 0.0000000 
