35
Burramyidae_Burramys_parvus                  0.0000000 0.0985466 0.0708861 0.0858157 0.0825115 0.0858889 0.0680690 0.0579725 0.0773082 0.0644171 0.0660040 0.0896883 0.1062875 0.0662600 0.0680268 0.0893454 0.0766366 0.0995944 0.0899467 0.0773227 0.0772998 0.1314024 0.1201949 0.0849086 0.0651322 0.1044803 0.0672265 0.0818023 0.0974966 0.0762483 0.0612735 0.0834443 0.0883984 0.0809082 0.0656390 
Notoryctidae_Notoryctes_typhlops             0.0985466 0.0000000 0.1076152 0.1057139 0.1054909 0.1115067 0.1091367 0.0875344 0.0997065 0.1103735 0.1011119 0.1107861 0.1300556 0.1019508 0.1067063 0.1111627 0.1040162 0.1118508 0.1334741 0.0984114 0.1134677 0.1622146 0.1620925 0.1065520 0.1060819 0.1333753 0.1031470 0.1000549 0.1250271 0.1191489 0.1030226 0.1192452 0.1133932 0.1202749 0.0948657 
Vombatidae_Lasiorhinus_latifrons             0.0708861 0.1076152 0.0000000 0.1012420 0.0993441 0.1100424 0.0912565 0.0765364 0.0941087 0.0975478 0.0906980 0.0996973 0.1186136 0.0832271 0.0779275 0.1026275 0.0921908 0.1058712 0.1153310 0.0896260 0.0982521 0.1422017 0.1448418 0.0994689 0.0857219 0.1309991 0.0833977 0.0936267 0.1093925 0.0922922 0.0798693 0.1042457 0.1053208 0.1039391 0.0831614 
Potoroidae_Bettongia_penicillata             0.0858157 0.1057139 0.1012420 0.0000000 0.0099370 0.1212762 0.0939664 0.0766531 0.0211497 0.1023257 0.0952681 0.1160786 0.1353984 0.0856987 0.0809115 0.1170076 0.1040693 0.1175914 0.1229385 0.0354163 0.0968696 0.1562810 0.1575451 0.1131529 0.0549050 0.1303950 0.0887490 0.0345281 0.1100762 0.0957638 0.0905765 0.1142108 0.1164345 0.1125338 0.0624470 
Potoroidae_Bettongia_lesueur                 0.0825115 0.1054909 0.0993441 0.0099370 0.0000000 0.1213499 0.0951471 0.0754792 0.0210585 0.0991903 0.0967605 0.1140141 0.1344014 0.0853113 0.0812804 0.1156161 0.1020354 0.1180953 0.1214474 0.0366474 0.0925853 0.1554029 0.1597034 0.1117807 0.0540542 0.1298990 0.0843745 0.0350057 0.1073220 0.0948016 0.0900322 0.1126942 0.1157168 0.1104499 0.0633168 
Dasyuridae_Dasyurus_maculatus                0.0858889 0.1115067 0.1100424 0.1212762 0.1213499 0.0000000 0.1148074 0.0866230 0.1128794 0.1102881 0.1140553 0.0260020 0.0491434 0.1001133 0.0840889 0.0248026 0.0130608 0.0272317 0.1290411 0.1028328 0.1160393 0.1527084 0.1524755 0.0238771 0.1070219 0.1361574 0.1025026 0.1138781 0.1267621 0.1047710 0.0993652 0.1201121 0.0127281 0.1171975 0.0923011 
Phalangeridae_Trichosurus_vulpecula          0.0680690 0.1091367 0.0912565 0.0939664 0.0951471 0.1148074 0.0000000 0.0337496 0.0879208 0.0981881 0.0430002 0.1147846 0.1251471 0.0345682 0.0740866 0.1151336 0.1075201 0.1067716 0.1180600 0.0832334 0.0851473 0.1547172 0.1440708 0.1108333 0.0802038 0.1193850 0.0793786 0.0884681 0.1073954 0.0888326 0.0476635 0.1134930 0.1181106 0.1068672 0.0776441 
Phalangeridae_Spilocuscus_maculatus          0.0579725 0.0875344 0.0765364 0.0766531 0.0754792 0.0866230 0.0337496 0.0000000 0.0725168 0.0860543 0.0288130 0.0901000 0.1014815 0.0204225 0.0599767 0.0901819 0.0856741 0.0866712 0.1007059 0.0738586 0.0680893 0.1269411 0.1154236 0.0872343 0.0706095 0.1055998 0.0611794 0.0753823 0.0910527 0.0726861 0.0327579 0.1007465 0.0900532 0.0895709 0.0690805 
Potoroidae_Aepyprymnus_rufescens             0.0773082 0.0997065 0.0941087 0.0211497 0.0210585 0.1128794 0.0879208 0.0725168 0.0000000 0.0937116 0.0898681 0.1068106 0.1237492 0.0800915 0.0718373 0.1078975 0.0983488 0.1072462 0.1113894 0.0335114 0.0869623 0.1469592 0.1470057 0.1025633 0.0496455 0.1231805 0.0770328 0.0304628 0.1025330 0.0854693 0.0835230 0.1053087 0.1064642 0.1018907 0.0689055 
Peramelidae_Perameles_nasuta                 0.0644171 0.1103735 0.0975478 0.1023257 0.0991903 0.1102881 0.0981881 0.0860543 0.0937116 0.0000000 0.1018727 0.1074413 0.1200390 0.0854645 0.0785525 0.1043091 0.1016879 0.0966407 0.0315492 0.0915963 0.0924261 0.1326049 0.1291762 0.1041157 0.0878307 0.1322807 0.0879438 0.0990774 0.1162182 0.0938005 0.0878220 0.0332900 0.1044451 0.0110052 0.0978230 
Phalangeridae_Strigocuscus_pelengensis       0.0660040 0.1011119 0.0906980 0.0952681 0.0967605 0.1140553 0.0430002 0.0288130 0.0898681 0.1018727 0.0000000 0.1133094 0.1189911 0.0278914 0.0696793 0.1121573 0.1042988 0.0943381 0.1177417 0.0736983 0.0882367 0.1606493 0.1487085 0.1078221 0.0819062 0.1156933 0.0768482 0.0913963 0.1010087 0.0865816 0.0288605 0.1105110 0.1151747 0.1055662 0.0802103 
Dasyuridae_Phascogale_tapoatafa              0.0896883 0.1107861 0.0996973 0.1160786 0.1140141 0.0260020 0.1147846 0.0901000 0.1068106 0.1074413 0.1133094 0.0000000 0.0422782 0.0994298 0.0849321 0.0036491 0.0192011 0.0322225 0.1284220 0.1067148 0.1053563 0.1465794 0.1535065 0.0105857 0.1024687 0.1319671 0.0948967 0.1080143 0.1163728 0.1039882 0.0984031 0.1170348 0.0225150 0.1160236 0.0821388 
Dasyuridae_Sminthopsis_macroura              0.1062875 0.1300556 0.1186136 0.1353984 0.1344014 0.0491434 0.1251471 0.1014815 0.1237492 0.1200390 0.1189911 0.0422782 0.0000000 0.1117717 0.1010134 0.0403921 0.0441961 0.0310353 0.1431154 0.1221331 0.1209589 0.1662084 0.1707205 0.0389728 0.1209082 0.1461542 0.1126129 0.1240462 0.1320084 0.1202810 0.1043251 0.1290400 0.0440873 0.1308401 0.1025127 
Phalangeridae_Phalanger_orientalis           0.0662600 0.1019508 0.0832271 0.0856987 0.0853113 0.1001133 0.0345682 0.0204225 0.0800915 0.0854645 0.0278914 0.0994298 0.1117717 0.0000000 0.0657545 0.0998051 0.0925181 0.1009185 0.1075822 0.0792894 0.0747605 0.1417243 0.1359842 0.0975763 0.0705362 0.1171013 0.0676222 0.0785120 0.0997844 0.0796483 0.0252773 0.1000074 0.1026902 0.0942389 0.0666774 
Acrobatidae_Acrobates_pygmaeus               0.0680268 0.1067063 0.0779275 0.0809115 0.0812804 0.0840889 0.0740866 0.0599767 0.0718373 0.0785525 0.0696793 0.0849321 0.1010134 0.0657545 0.0000000 0.0860221 0.0793271 0.0948067 0.0965898 0.0755176 0.0643029 0.1299835 0.1265004 0.0855336 0.0725646 0.1039474 0.0561442 0.0766644 0.0845560 0.0430184 0.0641588 0.0858412 0.0872025 0.0856321 0.0604355 
Dasyuridae_Phascogale_calura                 0.0893454 0.1111627 0.1026275 0.1170076 0.1156161 0.0248026 0.1151336 0.0901819 0.1078975 0.1043091 0.1121573 0.0036491 0.0403921 0.0998051 0.0860221 0.0000000 0.0174300 0.0337475 0.1258527 0.1062884 0.1049843 0.1413961 0.1505699 0.0089519 0.1027683 0.1315940 0.0952109 0.1089664 0.1154367 0.1049750 0.0974001 0.1138127 0.0207989 0.1135603 0.0801148 
Dasyuridae_Sarcophilus_harrisii              0.0766366 0.1040162 0.0921908 0.1040693 0.1020354 0.0130608 0.1075201 0.0856741 0.0983488 0.1016879 0.1042988 0.0192011 0.0441961 0.0925181 0.0793271 0.0174300 0.0000000 0.0320786 0.1157493 0.0946485 0.0993083 0.1337307 0.1375880 0.0176001 0.0907376 0.1233178 0.0894493 0.0973253 0.1088700 0.0969296 0.0884879 0.1110663 0.0102440 0.1054903 0.0796937 
Dasyuridae_Planigale_tenuirostris            0.0995944 0.1118508 0.1058712 0.1175914 0.1180953 0.0272317 0.1067716 0.0866712 0.1072462 0.0966407 0.0943381 0.0322225 0.0310353 0.1009185 0.0948067 0.0337475 0.0320786 0.0000000 0.1296615 0.1105703 0.1109926 0.1617556 0.1550909 0.0315326 0.1088949 0.1370204 0.0971376 0.1125240 0.1159421 0.1006142 0.0953492 0.1069901 0.0323345 0.1150001 0.0717178 
Peramelidae_Echymipera_kalubu                0.0899467 0.1334741 0.1153310 0.1229385 0.1214474 0.1290411 0.1180600 0.1007059 0.1113894 0.0315492 0.1177417 0.1284220 0.1431154 0.1075822 0.0965898 0.1258527 0.1157493 0.1296615 0.0000000 0.1109973 0.1145905 0.1558155 0.1547267 0.1234166 0.1070394 0.1482225 0.1054168 0.1163479 0.1361448 0.1153926 0.1065066 0.0398081 0.1245496 0.0262174 0.0990422 
Macropodidae_Dorcopsulus_vanheurni           0.0773227 0.0984114 0.0896260 0.0354163 0.0366474 0.1028328 0.0832334 0.0738586 0.0335114 0.0915963 0.0736983 0.1067148 0.1221331 0.0792894 0.0755176 0.1062884 0.0946485 0.1105703 0.1109973 0.0000000 0.0900029 0.1493587 0.1497930 0.1026280 0.0446090 0.1180573 0.0799064 0.0185944 0.1033510 0.0892175 0.0790183 0.1033932 0.1061368 0.1014376 0.0617657 
Pseudochiridae_Pseudochirulus_forbesi        0.0772998 0.1134677 0.0982521 0.0968696 0.0925853 0.1160393 0.0851473 0.0680893 0.0869623 0.0924261 0.0882367 0.1053563 0.1209589 0.0747605 0.0643029 0.1049843 0.0993083 0.1109926 0.1145905 0.0900029 0.0000000 0.1417607 0.1433094 0.1022740 0.0846683 0.1255926 0.0403208 0.0919089 0.0774652 0.0798027 0.0770703 0.1054817 0.1097672 0.1067626 0.0349965 
Didelphidae_Didelphis_virginiana             0.1314024 0.1622146 0.1422017 0.1562810 0.1554029 0.1527084 0.1547172 0.1269411 0.1469592 0.1326049 0.1606493 0.1465794 0.1662084 0.1417243 0.1299835 0.1413961 0.1337307 0.1617556 0.1558155 0.1493587 0.1417607 0.0000000 0.0713057 0.1463881 0.1484876 0.1810770 0.1337564 0.1536534 0.1646296 0.1558120 0.1445268 0.1473565 0.1437494 0.1448357 0.1134030 
Marmosidae_Monodelphis_domestica             0.1201949 0.1620925 0.1448418 0.1575451 0.1597034 0.1524755 0.1440708 0.1154236 0.1470057 0.1291762 0.1487085 0.1535065 0.1707205 0.1359842 0.1265004 0.1505699 0.1375880 0.1550909 0.1547267 0.1497930 0.1433094 0.0713057 0.0000000 0.1472665 0.1452194 0.1688705 0.1356673 0.1549751 0.1663500 0.1472796 0.1334809 0.1407484 0.1477038 0.1434609 0.1108121 
Dasyuridae_Antechinus_stuartii               0.0849086 0.1065520 0.0994689 0.1131529 0.1117807 0.0238771 0.1108333 0.0872343 0.1025633 0.1041157 0.1078221 0.0105857 0.0389728 0.0975763 0.0855336 0.0089519 0.0176001 0.0315326 0.1234166 0.1026280 0.1022740 0.1463881 0.1472665 0.0000000 0.0996018 0.1287636 0.0930187 0.1062714 0.1126872 0.1010237 0.0942132 0.1148487 0.0198580 0.1104061 0.0795708 
Hypsiprymnodontidae_Hypsiprymnodon_moschatus 0.0651322 0.1060819 0.0857219 0.0549050 0.0540542 0.1070219 0.0802038 0.0706095 0.0496455 0.0878307 0.0819062 0.1024687 0.1209082 0.0705362 0.0725646 0.1027683 0.0907376 0.1088949 0.1070394 0.0446090 0.0846683 0.1484876 0.1452194 0.0996018 0.0000000 0.1230581 0.0776513 0.0515797 0.1014716 0.0830897 0.0699118 0.1031386 0.0997010 0.0964746 0.0664569 
Microbiotheriidae_Dromiciops_gliroides       0.1044803 0.1333753 0.1309991 0.1303950 0.1298990 0.1361574 0.1193850 0.1055998 0.1231805 0.1322807 0.1156933 0.1319671 0.1461542 0.1171013 0.1039474 0.1315940 0.1233178 0.1370204 0.1482225 0.1180573 0.1255926 0.1810770 0.1688705 0.1287636 0.1230581 0.0000000 0.1187631 0.1249199 0.1436740 0.1220120 0.1087431 0.1459116 0.1340188 0.1339816 0.1195918 
Pseudochiridae_Petauroides_volans            0.0672265 0.1031470 0.0833977 0.0887490 0.0843745 0.1025026 0.0793786 0.0611794 0.0770328 0.0879438 0.0768482 0.0948967 0.1126129 0.0676222 0.0561442 0.0952109 0.0894493 0.0971376 0.1054168 0.0799064 0.0403208 0.1337564 0.1356673 0.0930187 0.0776513 0.1187631 0.0000000 0.0842081 0.0676031 0.0744324 0.0698502 0.0984496 0.0956800 0.0969898 0.0367561 
Macropodidae_Wallabia_bicolor                0.0818023 0.1000549 0.0936267 0.0345281 0.0350057 0.1138781 0.0884681 0.0753823 0.0304628 0.0990774 0.0913963 0.1080143 0.1240462 0.0785120 0.0766644 0.1089664 0.0973253 0.1125240 0.1163479 0.0185944 0.0919089 0.1536534 0.1549751 0.1062714 0.0515797 0.1249199 0.0842081 0.0000000 0.1050374 0.0869757 0.0824035 0.1099409 0.1076729 0.1060928 0.0616122 
Tarsipedidae_Tarsipes_rostratus              0.0974966 0.1250271 0.1093925 0.1100762 0.1073220 0.1267621 0.1073954 0.0910527 0.1025330 0.1162182 0.1010087 0.1163728 0.1320084 0.0997844 0.0845560 0.1154367 0.1088700 0.1159421 0.1361448 0.1033510 0.0774652 0.1646296 0.1663500 0.1126872 0.1014716 0.1436740 0.0676031 0.1050374 0.0000000 0.1000806 0.0971223 0.1263219 0.1207700 0.1242535 0.0738757 
Acrobatidae_Distoechurus_pennatus            0.0762483 0.1191489 0.0922922 0.0957638 0.0948016 0.1047710 0.0888326 0.0726861 0.0854693 0.0938005 0.0865816 0.1039882 0.1202810 0.0796483 0.0430184 0.1049750 0.0969296 0.1006142 0.1153926 0.0892175 0.0798027 0.1558120 0.1472796 0.1010237 0.0830897 0.1220120 0.0744324 0.0869757 0.1000806 0.0000000 0.0760063 0.1037279 0.1067897 0.1067383 0.0665275 
Phalangeridae_Phalanger_carmelitae           0.0612735 0.1030226 0.0798693 0.0905765 0.0900322 0.0993652 0.0476635 0.0327579 0.0835230 0.0878220 0.0288605 0.0984031 0.1043251 0.0252773 0.0641588 0.0974001 0.0884879 0.0953492 0.1065066 0.0790183 0.0770703 0.1445268 0.1334809 0.0942132 0.0699118 0.1087431 0.0698502 0.0824035 0.0971223 0.0760063 0.0000000 0.0975806 0.0987309 0.0945668 0.0686216 
Peramelidae_Peroryctes_raffrayana            0.0834443 0.1192452 0.1042457 0.1142108 0.1126942 0.1201121 0.1134930 0.1007465 0.1053087 0.0332900 0.1105110 0.1170348 0.1290400 0.1000074 0.0858412 0.1138127 0.1110663 0.1069901 0.0398081 0.1033932 0.1054817 0.1473565 0.1407484 0.1148487 0.1031386 0.1459116 0.0984496 0.1099409 0.1263219 0.1037279 0.0975806 0.0000000 0.1148386 0.0241837 0.1120915 
Dasyuridae_Dasyurus_geffroii                 0.0883984 0.1133932 0.1053208 0.1164345 0.1157168 0.0127281 0.1181106 0.0900532 0.1064642 0.1044451 0.1151747 0.0225150 0.0440873 0.1026902 0.0872025 0.0207989 0.0102440 0.0323345 0.1245496 0.1061368 0.1097672 0.1437494 0.1477038 0.0198580 0.0997010 0.1340188 0.0956800 0.1076729 0.1207700 0.1067897 0.0987309 0.1148386 0.0000000 0.1122173 0.0842111 
Peramelidae_Perameles_gunnii                 0.0809082 0.1202749 0.1039391 0.1125338 0.1104499 0.1171975 0.1068672 0.0895709 0.1018907 0.0110052 0.1055662 0.1160236 0.1308401 0.0942389 0.0856321 0.1135603 0.1054903 0.1150001 0.0262174 0.1014376 0.1067626 0.1448357 0.1434609 0.1104061 0.0964746 0.1339816 0.0969898 0.1060928 0.1242535 0.1067383 0.0945668 0.0241837 0.1122173 0.0000000 0.0858079 
Pseudochiridae_Pseudocheirus_occidentalis    0.0656390 0.0948657 0.0831614 0.0624470 0.0633168 0.0923011 0.0776441 0.0690805 0.0689055 0.0978230 0.0802103 0.0821388 0.1025127 0.0666774 0.0604355 0.0801148 0.0796937 0.0717178 0.0990422 0.0617657 0.0349965 0.1134030 0.1108121 0.0795708 0.0664569 0.1195918 0.0367561 0.0616122 0.0738757 0.0665275 0.0686216 0.1120915 0.0842111 0.0858079 0.0000000 
