37
Burramyidae_Burramys_parvus                  0.0000000 0.0585122 0.0287523 0.0412057 0.0416064 0.0448676 0.0192926 0.0212187 0.0295494 0.0790501 0.0193824 0.0469474 0.0485781 0.0212308 0.0521282 0.0455500 0.0485202 0.0797818 0.0383999 0.0416444 0.1003322 0.0555133 0.0466263 0.0346008 0.0453787 0.0354962 0.0372429 0.0242423 0.0567896 0.0313468 0.0211739 0.0733490 0.0449663 0.0803889 0.0250310 0.0063228 0.0063228 
Notoryctidae_Notoryctes_typhlops             0.0585122 0.0000000 0.0603207 0.0769583 0.0794244 0.0737410 0.0560654 0.0582433 0.0600450 0.1178052 0.0524284 0.0758324 0.0821902 0.0582614 0.0824845 0.0737878 0.0838785 0.1141354 0.0733974 0.0792709 0.1263159 0.0835290 0.0755654 0.0739322 0.0698701 0.0857175 0.0797305 0.0644780 0.1127536 0.0760408 0.0570040 0.1079945 0.0731266 0.1184021 0.0683273 9.0000000 9.0000000 
Vombatidae_Lasiorhinus_latifrons             0.0287523 0.0603207 0.0000000 0.0401092 0.0400920 0.0433628 0.0238802 0.0281505 0.0320196 0.0806657 0.0234011 0.0450809 0.0446121 0.0274019 0.0500517 0.0446762 0.0470099 0.0803295 0.0397624 0.0464298 0.0930033 0.0545977 0.0434578 0.0375759 0.0415978 0.0391500 0.0417473 0.0283168 0.0575694 0.0354679 0.0266434 0.0743823 0.0434222 0.0823825 0.0270776 0.0127453 0.0127453 
Potoroidae_Bettongia_penicillata             0.0412057 0.0769583 0.0401092 0.0000000 0.0017857 0.0610028 0.0321980 0.0354816 0.0023490 0.0931396 0.0301671 0.0650074 0.0634846 0.0347501 0.0710356 0.0604163 0.0642947 0.0932008 0.0158604 0.0582756 0.1149136 0.0694216 0.0627510 0.0227609 0.0567914 0.0483645 0.0178400 0.0401734 0.0692008 0.0452555 0.0334473 0.0898570 0.0611659 0.0954756 0.0299048 0.0094187 0.0094187 
Potoroidae_Bettongia_lesueur                 0.0416064 0.0794244 0.0400920 0.0017857 0.0000000 0.0626407 0.0337947 0.0362700 0.0028357 0.0948306 0.0315877 0.0666534 0.0639807 0.0351315 0.0727449 0.0620278 0.0645381 0.0956007 0.0161394 0.0593488 0.1146648 0.0698736 0.0643784 0.0237534 0.0579468 0.0488357 0.0175207 0.0404806 0.0697562 0.0462073 0.0338101 0.0908754 0.0627776 0.0972536 0.0304997 0.0081908 0.0081908 
Dasyuridae_Dasyurus_maculatus                0.0448676 0.0737410 0.0433628 0.0610028 0.0626407 0.0000000 0.0370321 0.0400173 0.0382303 0.0887983 0.0353381 0.0052308 0.0071636 0.0406109 0.0062598 0.0013947 0.0069896 0.0862588 0.0635543 0.0630231 0.1141820 0.0702346 0.0046001 0.0560799 0.0533612 0.0611933 0.0657018 0.0529485 0.0871374 0.0510813 0.0396297 0.0783762 0.0007448 0.0898400 0.0491963 0.0127445 0.0127445 
Phalangeridae_Trichosurus_vulpecula          0.0192926 0.0560654 0.0238802 0.0321980 0.0337947 0.0370321 0.0000000 0.0073007 0.0259201 0.0758231 0.0054306 0.0367620 0.0399197 0.0071653 0.0412483 0.0365159 0.0421615 0.0715236 0.0319184 0.0395577 0.0949676 0.0521240 0.0383314 0.0282423 0.0443347 0.0294948 0.0328957 0.0200568 0.0498280 0.0260337 0.0062523 0.0682168 0.0371270 0.0770421 0.0207772 0.0048922 0.0048922 
Phalangeridae_Spilocuscus_maculatus          0.0212187 0.0582433 0.0281505 0.0354816 0.0362700 0.0400173 0.0073007 0.0000000 0.0291481 0.0751009 0.0031570 0.0419760 0.0424487 0.0044106 0.0467287 0.0390422 0.0440988 0.0734922 0.0332659 0.0433182 0.0932252 0.0556943 0.0405593 0.0287849 0.0452162 0.0342468 0.0343419 0.0268776 0.0526526 0.0305678 0.0036330 0.0687014 0.0401031 0.0765668 0.0271963 0.0071190 0.0071190 
Potoroidae_Aepyprymnus_rufescens             0.0295494 0.0600450 0.0320196 0.0023490 0.0028357 0.0382303 0.0259201 0.0291481 0.0000000 0.0717653 0.0242196 0.0396481 0.0423313 0.0270388 0.0443028 0.0379096 0.0401519 0.0724180 0.0143263 0.0374027 0.1045272 0.0423691 0.0387830 0.0172195 0.0405639 0.0382561 0.0162463 0.0257806 0.0562117 0.0360740 0.0260255 0.0631040 0.0395247 0.0763987 0.0145950 0.0082438 0.0082438 
Peramelidae_Perameles_nasuta                 0.0790501 0.1178052 0.0806657 0.0931396 0.0948306 0.0887983 0.0758231 0.0751009 0.0717653 0.0000000 0.0710682 0.0928157 0.0911269 0.0773962 0.0978457 0.0890072 0.0902985 0.0079413 0.0910943 0.0980308 0.1638965 0.1113376 0.0887034 0.0907398 0.0919022 0.0964068 0.0960803 0.0898365 0.1140087 0.0970880 0.0760325 0.0079876 0.0883453 0.0008884 0.1010539 0.0014442 0.0014442 
Phalangeridae_Strigocuscus_pelengensis       0.0193824 0.0524284 0.0234011 0.0301671 0.0315877 0.0353381 0.0054306 0.0031570 0.0242196 0.0710682 0.0000000 0.0372295 0.0381631 0.0028730 0.0418226 0.0358467 0.0389532 0.0690612 0.0314357 0.0394531 0.0908487 0.0528393 0.0361679 0.0261031 0.0415186 0.0320460 0.0308142 0.0220641 0.0484954 0.0270466 0.0021393 0.0648655 0.0354144 0.0719775 0.0240608 0.0059191 0.0059191 
Dasyuridae_Phascogale_tapoatafa              0.0469474 0.0758324 0.0450809 0.0650074 0.0666534 0.0052308 0.0367620 0.0419760 0.0396481 0.0928157 0.0372295 0.0000000 0.0088733 0.0426249 0.0013937 0.0050762 0.0087718 0.0904623 0.0675891 0.0637932 0.1155955 0.0721088 0.0029210 0.0589854 0.0569549 0.0653926 0.0679431 0.0538789 0.0937537 0.0527804 0.0416051 0.0821277 0.0045854 0.0941562 0.0507414 0.0106537 0.0106537 
Dasyuridae_Sminthopsis_macroura              0.0485781 0.0821902 0.0446121 0.0634846 0.0639807 0.0071636 0.0399197 0.0424487 0.0423313 0.0911269 0.0381631 0.0088733 0.0000000 0.0431687 0.0099162 0.0077457 0.0059037 0.0912224 0.0661870 0.0664471 0.1187491 0.0750895 0.0075462 0.0602031 0.0554694 0.0662199 0.0678393 0.0555457 0.0894784 0.0537688 0.0430603 0.0839484 0.0071742 0.0922004 0.0502621 0.0485962 0.0485962 
Phalangeridae_Phalanger_orientalis           0.0212308 0.0582614 0.0274019 0.0347501 0.0351315 0.0406109 0.0071653 0.0044106 0.0270388 0.0773962 0.0028730 0.0426249 0.0431687 0.0000000 0.0474817 0.0405415 0.0438250 0.0761166 0.0346364 0.0432855 0.0949740 0.0553494 0.0402284 0.0289782 0.0447923 0.0353222 0.0347942 0.0244387 0.0525877 0.0294409 0.0008702 0.0703422 0.0406654 0.0785950 0.0281379 0.0063775 0.0063775 
Dasyuridae_Phascogale_calura                 0.0521282 0.0824845 0.0500517 0.0710356 0.0727449 0.0062598 0.0412483 0.0467287 0.0443028 0.0978457 0.0418226 0.0013937 0.0099162 0.0474817 0.0000000 0.0060975 0.0103002 0.0947038 0.0727369 0.0695133 0.1202127 0.0784142 0.0042859 0.0636152 0.0618431 0.0715852 0.0712710 0.0595010 0.0999617 0.0582714 0.0463970 0.0870392 0.0055770 0.0998394 0.0575066 0.0106537 0.0106537 
Dasyuridae_Sarcophilus_harrisii              0.0455500 0.0737878 0.0446762 0.0604163 0.0620278 0.0013947 0.0365159 0.0390422 0.0379096 0.0890072 0.0358467 0.0050762 0.0077457 0.0405415 0.0060975 0.0000000 0.0071889 0.0871426 0.0618779 0.0614814 0.1150652 0.0721047 0.0044476 0.0554562 0.0531867 0.0617542 0.0646246 0.0526517 0.0879789 0.0509902 0.0391012 0.0785041 0.0008741 0.0908132 0.0486314 0.0127445 0.0127445 
Dasyuridae_Planigale_tenuirostris            0.0485202 0.0838785 0.0470099 0.0642947 0.0645381 0.0069896 0.0421615 0.0440988 0.0401519 0.0902985 0.0389532 0.0087718 0.0059037 0.0438250 0.0103002 0.0071889 0.0000000 0.0914609 0.0659131 0.0702924 0.1236357 0.0799269 0.0072123 0.0617956 0.0590261 0.0680084 0.0666308 0.0549810 0.0895627 0.0563703 0.0437300 0.0807346 0.0066208 0.0911207 0.0546146 0.0106195 0.0106195 
Peramelidae_Echymipera_kalubu                0.0797818 0.1141354 0.0803295 0.0932008 0.0956007 0.0862588 0.0715236 0.0734922 0.0724180 0.0079413 0.0690612 0.0904623 0.0912224 0.0761166 0.0947038 0.0871426 0.0914609 0.0000000 0.0941470 0.1019076 0.1609209 0.1079727 0.0878415 0.0928903 0.0867184 0.0987251 0.0985777 0.0875049 0.1175876 0.0948108 0.0734842 0.0059099 0.0858813 0.0081665 0.1001819 0.0022937 0.0022937 
Macropodidae_Dorcopsulus_vanheurni           0.0383999 0.0733974 0.0397624 0.0158604 0.0161394 0.0635543 0.0319184 0.0332659 0.0143263 0.0910943 0.0314357 0.0675891 0.0661870 0.0346364 0.0727369 0.0618779 0.0659131 0.0941470 0.0000000 0.0584759 0.1181264 0.0723854 0.0639627 0.0226345 0.0632329 0.0508639 0.0076964 0.0425690 0.0707511 0.0490222 0.0328349 0.0928030 0.0636990 0.0943779 0.0378444 0.0538778 0.0538778 
Pseudochiridae_Pseudochirulus_forbesi        0.0416444 0.0792709 0.0464298 0.0582756 0.0593488 0.0630231 0.0395577 0.0433182 0.0374027 0.0980308 0.0394531 0.0637932 0.0664471 0.0432855 0.0695133 0.0614814 0.0702924 0.1019076 0.0584759 0.0000000 0.1312914 0.0801802 0.0584250 0.0520531 0.0616345 0.0388716 0.0609595 0.0188904 0.0772708 0.0471966 0.0422987 0.0962738 0.0618847 0.1030241 0.0470121 9.0000000 9.0000000 
Didelphidae_Didelphis_virginiana             0.1003322 0.1263159 0.0930033 0.1149136 0.1146648 0.1141820 0.0949676 0.0932252 0.1045272 0.1638965 0.0908487 0.1155955 0.1187491 0.0949740 0.1202127 0.1150652 0.1236357 0.1609209 0.1181264 0.1312914 0.0000000 0.0353827 0.1156836 0.1152944 0.1201405 0.1214281 0.1257558 0.0928768 0.1353169 0.1148908 0.0940821 0.1527996 0.1128236 0.1648631 0.1253088 0.0603750 0.0603750 
Marmosidae_Monodelphis_domestica             0.0555133 0.0835290 0.0545977 0.0694216 0.0698736 0.0702346 0.0521240 0.0556943 0.0423691 0.1113376 0.0528393 0.0721088 0.0750895 0.0553494 0.0784142 0.0721047 0.0799269 0.1079727 0.0723854 0.0801802 0.0353827 0.0000000 0.0720297 0.0694532 0.0691055 0.0752049 0.0756206 0.0642777 0.0918773 0.0712055 0.0546760 0.1037262 0.0703865 0.1114256 0.0711790 0.0602970 0.0602970 
Dasyuridae_Antechinus_stuartii               0.0466263 0.0755654 0.0434578 0.0627510 0.0643784 0.0046001 0.0383314 0.0405593 0.0387830 0.0887034 0.0361679 0.0029210 0.0075462 0.0402284 0.0042859 0.0044476 0.0072123 0.0878415 0.0639627 0.0584250 0.1156836 0.0720297 0.0000000 0.0565913 0.0549493 0.0594301 0.0648809 0.0511914 0.0873570 0.0525798 0.0401755 0.0794702 0.0039706 0.0901818 0.0488503 0.0109227 0.0109227 
Hypsiprymnodontidae_Hypsiprymnodon_moschatus 0.0346008 0.0739322 0.0375759 0.0227609 0.0237534 0.0560799 0.0282423 0.0287849 0.0172195 0.0907398 0.0261031 0.0589854 0.0602031 0.0289782 0.0636152 0.0554562 0.0617956 0.0928903 0.0226345 0.0520531 0.1152944 0.0694532 0.0565913 0.0000000 0.0523717 0.0495767 0.0225018 0.0386335 0.0724474 0.0424197 0.0277918 0.0892591 0.0562030 0.0938616 0.0376027 0.0151260 0.0151260 
Microbiotheriidae_Dromiciops_gliroides       0.0453787 0.0698701 0.0415978 0.0567914 0.0579468 0.0533612 0.0443347 0.0452162 0.0405639 0.0919022 0.0415186 0.0569549 0.0554694 0.0447923 0.0618431 0.0531867 0.0590261 0.0867184 0.0632329 0.0616345 0.1201405 0.0691055 0.0549493 0.0523717 0.0000000 0.0601821 0.0629935 0.0518190 0.0894752 0.0547587 0.0432730 0.0831128 0.0522741 0.0923205 0.0472579 9.0000000 9.0000000 
Pseudochiridae_Petauroides_volans            0.0354962 0.0857175 0.0391500 0.0483645 0.0488357 0.0611933 0.0294948 0.0342468 0.0382561 0.0964068 0.0320460 0.0653926 0.0662199 0.0353222 0.0715852 0.0617542 0.0680084 0.0987251 0.0508639 0.0388716 0.1214281 0.0752049 0.0594301 0.0495767 0.0601821 0.0000000 0.0509351 0.0189064 0.0549424 0.0443213 0.0339527 0.0922026 0.0607810 0.0996354 0.0253228 0.0082008 0.0082008 
Macropodidae_Wallabia_bicolor                0.0372429 0.0797305 0.0417473 0.0178400 0.0175207 0.0657018 0.0328957 0.0343419 0.0162463 0.0960803 0.0308142 0.0679431 0.0678393 0.0347942 0.0712710 0.0646246 0.0666308 0.0985777 0.0076964 0.0609595 0.1257558 0.0756206 0.0648809 0.0225018 0.0629935 0.0509351 0.0000000 0.0445057 0.0741066 0.0493362 0.0329539 0.0948647 0.0657865 0.0996449 0.0363154 0.0548348 0.0548348 
Pseudochiridae_Pseudocheirus_occidentalis    0.0242423 0.0644780 0.0283168 0.0401734 0.0404806 0.0529485 0.0200568 0.0268776 0.0257806 0.0898365 0.0220641 0.0538789 0.0555457 0.0244387 0.0595010 0.0526517 0.0549810 0.0875049 0.0425690 0.0188904 0.0928768 0.0642777 0.0511914 0.0386335 0.0518190 0.0189064 0.0445057 0.0000000 0.0542848 0.0298935 0.0239594 0.0807705 0.0519052 0.0904765 0.0250426 0.0093068 0.0093068 
Tarsipedidae_Tarsipes_rostratus              0.0567896 0.1127536 0.0575694 0.0692008 0.0697562 0.0871374 0.0498280 0.0526526 0.0562117 0.1140087 0.0484954 0.0937537 0.0894784 0.0525877 0.0999617 0.0879789 0.0895627 0.1175876 0.0707511 0.0772708 0.1353169 0.0918773 0.0873570 0.0724474 0.0894752 0.0549424 0.0741066 0.0542848 0.0000000 0.0639560 0.0509025 0.1098306 0.0873764 0.1165462 0.0429411 0.0091739 0.0091739 
Acrobatidae_Distoechurus_pennatus            0.0313468 0.0760408 0.0354679 0.0452555 0.0462073 0.0510813 0.0260337 0.0305678 0.0360740 0.0970880 0.0270466 0.0527804 0.0537688 0.0294409 0.0582714 0.0509902 0.0563703 0.0948108 0.0490222 0.0471966 0.1148908 0.0712055 0.0525798 0.0424197 0.0547587 0.0443213 0.0493362 0.0298935 0.0639560 0.0000000 0.0285922 0.0897658 0.0501722 0.0973327 0.0133666 0.0718596 0.0718596 
Phalangeridae_Phalanger_carmelitae           0.0211739 0.0570040 0.0266434 0.0334473 0.0338101 0.0396297 0.0062523 0.0036330 0.0260255 0.0760325 0.0021393 0.0416051 0.0430603 0.0008702 0.0463970 0.0391012 0.0437300 0.0734842 0.0328349 0.0422987 0.0940821 0.0546760 0.0401755 0.0277918 0.0432730 0.0339527 0.0329539 0.0239594 0.0509025 0.0285922 0.0000000 0.0677183 0.0397157 0.0772098 0.0264687 0.0063229 0.0063229 
Peramelidae_Peroryctes_raffrayana            0.0733490 0.1079945 0.0743823 0.0898570 0.0908754 0.0783762 0.0682168 0.0687014 0.0631040 0.0079876 0.0648655 0.0821277 0.0839484 0.0703422 0.0870392 0.0785041 0.0807346 0.0059099 0.0928030 0.0962738 0.1527996 0.1037262 0.0794702 0.0892591 0.0831128 0.0922026 0.0948647 0.0807705 0.1098306 0.0897658 0.0677183 0.0000000 0.0779815 0.0082259 0.0916069 0.0022778 0.0022778 
Dasyuridae_Dasyurus_geffroii                 0.0449663 0.0731266 0.0434222 0.0611659 0.0627776 0.0007448 0.0371270 0.0401031 0.0395247 0.0883453 0.0354144 0.0045854 0.0071742 0.0406654 0.0055770 0.0008741 0.0066208 0.0858813 0.0636990 0.0618847 0.1128236 0.0703865 0.0039706 0.0562030 0.0522741 0.0607810 0.0657865 0.0519052 0.0873764 0.0501722 0.0397157 0.0779815 0.0000000 0.0895135 0.0472445 0.0129246 0.0129246 
Peramelidae_Perameles_gunnii                 0.0803889 0.1184021 0.0823825 0.0954756 0.0972536 0.0898400 0.0770421 0.0765668 0.0763987 0.0008884 0.0719775 0.0941562 0.0922004 0.0785950 0.0998394 0.0908132 0.0911207 0.0081665 0.0943779 0.1030241 0.1648631 0.1114256 0.0901818 0.0938616 0.0923205 0.0996354 0.0996449 0.0904765 0.1165462 0.0973327 0.0772098 0.0082259 0.0895135 0.0000000 0.1025243 0.0014494 0.0014494 
Acrobatidae_Acrobates_pygmaeus               0.0250310 0.0683273 0.0270776 0.0299048 0.0304997 0.0491963 0.0207772 0.0271963 0.0145950 0.1010539 0.0240608 0.0507414 0.0502621 0.0281379 0.0575066 0.0486314 0.0546146 0.1001819 0.0378444 0.0470121 0.1253088 0.0711790 0.0488503 0.0376027 0.0472579 0.0253228 0.0363154 0.0250426 0.0429411 0.0133666 0.0264687 0.0916069 0.0472445 0.1025243 0.0000000 0.0638368 0.0638368 
Thylacomyidae_Macrotis_lagotis1              0.0063228 9.0000000 0.0127453 0.0094187 0.0081908 0.0127445 0.0048922 0.0071190 0.0082438 0.0014442 0.0059191 0.0106537 0.0485962 0.0063775 0.0106537 0.0127445 0.0106195 0.0022937 0.0538778 9.0000000 0.0603750 0.0602970 0.0109227 0.0151260 9.0000000 0.0082008 0.0548348 0.0093068 0.0091739 0.0718596 0.0063229 0.0022778 0.0129246 0.0014494 0.0638368 0.0000000 0.0000010 
Thylacomyidae_Macrotis_lagotis2              0.0063228 9.0000000 0.0127453 0.0094187 0.0081908 0.0127445 0.0048922 0.0071190 0.0082438 0.0014442 0.0059191 0.0106537 0.0485962 0.0063775 0.0106537 0.0127445 0.0106195 0.0022937 0.0538778 9.0000000 0.0603750 0.0602970 0.0109227 0.0151260 9.0000000 0.0082008 0.0548348 0.0093068 0.0091739 0.0718596 0.0063229 0.0022778 0.0129246 0.0014494 0.0638368 0.0000010 0.0000000 
