35
Burramyidae_Burramys_parvus                  0.0000000 0.1008997 0.0511624 0.0618520 0.0647537 0.0986807 0.0554335 0.0571051 0.0624900 0.0917833 0.0594230 0.1011144 0.0998855 0.0543526 0.0492117 0.1018414 0.0989641 0.0991405 0.0998719 0.0630365 0.0733013 0.1243847 0.1178737 0.0958893 0.0584158 0.0835633 0.0540842 0.0607774 0.0699342 0.0939816 0.0543292 0.0553461 0.0893966 0.1001869 0.0967207 
Notoryctidae_Notoryctes_typhlops             0.1008997 0.0000000 0.0900480 0.1079596 0.1102694 0.1284583 0.1128301 0.1139655 0.1077678 0.1175076 0.1161084 0.1271427 0.1285337 0.1121662 0.0958531 0.1295108 0.1320995 0.1224699 0.1214286 0.1090429 0.1212810 0.1538567 0.1493773 0.1207698 0.1066704 0.1130740 0.1032566 0.1098845 0.1141005 0.1510028 0.1026522 0.1137637 0.1224555 0.1291175 0.1182664 
Vombatidae_Lasiorhinus_latifrons             0.0511624 0.0900480 0.0000000 0.0621704 0.0653366 0.0859585 0.0571220 0.0600852 0.0620437 0.0834156 0.0602230 0.0861223 0.0893784 0.0577040 0.0447345 0.0848864 0.0874818 0.0862709 0.0895623 0.0632055 0.0665989 0.1046632 0.1047080 0.0810034 0.0569099 0.0732486 0.0509529 0.0609951 0.0624738 0.0843708 0.0516370 0.0576978 0.0789356 0.0873025 0.0878887 
Potoroidae_Bettongia_penicillata             0.0618520 0.1079596 0.0621704 0.0000000 0.0028999 0.1098154 0.0652871 0.0667931 0.0076034 0.0961872 0.0661473 0.1097371 0.1109375 0.0634695 0.0603985 0.1102546 0.1116402 0.1072270 0.1024304 0.0206210 0.0787255 0.1350328 0.1285815 0.1041061 0.0433545 0.0915919 0.0636510 0.0194047 0.0756487 0.1070012 0.0714240 0.0654012 0.0920718 0.1103768 0.0996953 
Potoroidae_Bettongia_lesueur                 0.0647537 0.1102694 0.0653366 0.0028999 0.0000000 0.1113023 0.0652794 0.0675726 0.0095716 0.0955012 0.0660681 0.1117624 0.1134766 0.0633995 0.0624189 0.1122847 0.1131399 0.1089807 0.1018677 0.0239130 0.0791729 0.1351191 0.1275358 0.1055436 0.0460569 0.0929546 0.0661239 0.0227010 0.0756336 0.1091648 0.0735269 0.0664664 0.0946167 0.1118735 0.0995825 
Dasyuridae_Dasyurus_maculatus                0.0986807 0.1284583 0.0859585 0.1098154 0.1113023 0.0000000 0.1033230 0.1061559 0.1103786 0.1163763 0.1056885 0.0172664 0.0301427 0.1028608 0.0904946 0.0183424 0.0047003 0.0258944 0.1244268 0.1053065 0.1106617 0.1361379 0.1287069 0.0145981 0.1022306 0.1022514 0.1002148 0.0982154 0.1054746 0.1305600 0.1040812 0.1030870 0.1080092 0.0037439 0.1220009 
Phalangeridae_Trichosurus_vulpecula          0.0554335 0.1128301 0.0571220 0.0652871 0.0652794 0.1033230 0.0000000 0.0112913 0.0652897 0.1014825 0.0131507 0.1030664 0.1073187 0.0112281 0.0542321 0.1036052 0.1061377 0.1002072 0.1080788 0.0657800 0.0725368 0.1313445 0.1268379 0.0974820 0.0667512 0.0924149 0.0568578 0.0647638 0.0710319 0.0990428 0.0577859 0.0117345 0.1114994 0.1048239 0.1060545 
Phalangeridae_Spilocuscus_maculatus          0.0571051 0.1139655 0.0600852 0.0667931 0.0675726 0.1061559 0.0112913 0.0000000 0.0674788 0.1051524 0.0078961 0.1065789 0.1090990 0.0058708 0.0560907 0.1064510 0.1087563 0.1064771 0.1089349 0.0691805 0.0746212 0.1341329 0.1289530 0.1004426 0.0665178 0.0920171 0.0601656 0.0671296 0.0745263 0.1020435 0.0612829 0.0067105 0.1049972 0.1086780 0.1074491 
Potoroidae_Aepyprymnus_rufescens             0.0624900 0.1077678 0.0620437 0.0076034 0.0095716 0.1103786 0.0652897 0.0674788 0.0000000 0.0987783 0.0669728 0.1117931 0.1115061 0.0642908 0.0602773 0.1106633 0.1111089 0.1079267 0.1056185 0.0246166 0.0795762 0.1366898 0.1295144 0.1040659 0.0455444 0.0908194 0.0655908 0.0219235 0.0758394 0.1060419 0.0701256 0.0656750 0.0964591 0.1109448 0.1031779 
Peramelidae_Perameles_nasuta                 0.0917833 0.1175076 0.0834156 0.0961872 0.0955012 0.1163763 0.1014825 0.1051524 0.0987783 0.0000000 0.1008583 0.1177916 0.1214972 0.0991561 0.0914300 0.1170957 0.1201695 0.1151664 0.0101438 0.0967517 0.1121775 0.1358627 0.1304296 0.1119189 0.0896412 0.0951763 0.0943297 0.0952137 0.1058698 0.1402186 0.0985327 0.0997540 0.0084252 0.1187434 0.0005478 
Phalangeridae_Strigocuscus_pelengensis       0.0594230 0.1161084 0.0602230 0.0661473 0.0660681 0.1056885 0.0131507 0.0078961 0.0669728 0.1008583 0.0000000 0.1050871 0.1091574 0.0062790 0.0551261 0.1055900 0.1084471 0.1039106 0.1081743 0.0672597 0.0716921 0.1342230 0.1297582 0.0989418 0.0668927 0.0925535 0.0592176 0.0651705 0.0722643 0.1012694 0.0623061 0.0076225 0.1056897 0.1082655 0.1036320 
Dasyuridae_Phascogale_tapoatafa              0.1011144 0.1271427 0.0861223 0.1097371 0.1117624 0.0172664 0.1030664 0.1065789 0.1117931 0.1177916 0.1050871 0.0000000 0.0287183 0.1032189 0.0912211 0.0027647 0.0153198 0.0237420 0.1263051 0.1053286 0.1143104 0.1380687 0.1320291 0.0046192 0.1011402 0.1038662 0.1030552 0.1001281 0.1078139 0.1352434 0.1021746 0.1029946 0.1147977 0.0167829 0.1233805 
Dasyuridae_Sminthopsis_macroura              0.0998855 0.1285337 0.0893784 0.1109375 0.1134766 0.0301427 0.1073187 0.1090990 0.1115061 0.1214972 0.1091574 0.0287183 0.0000000 0.1067315 0.0919842 0.0298933 0.0303118 0.0215313 0.1274952 0.1097482 0.1185483 0.1483337 0.1407732 0.0259574 0.1062263 0.1118522 0.1019719 0.1035693 0.1116092 0.1295880 0.1030855 0.1074446 0.1180065 0.0303253 0.1273052 
Phalangeridae_Phalanger_orientalis           0.0543526 0.1121662 0.0577040 0.0634695 0.0633995 0.1028608 0.0112281 0.0058708 0.0642908 0.0991561 0.0062790 0.1032189 0.1067315 0.0000000 0.0541473 0.1036816 0.1055519 0.1017792 0.1062251 0.0666573 0.0719759 0.1327164 0.1275871 0.0976091 0.0675042 0.0888517 0.0578056 0.0629585 0.0722952 0.0970506 0.0601124 0.0028965 0.1022004 0.1053206 0.1033000 
Acrobatidae_Acrobates_pygmaeus               0.0492117 0.0958531 0.0447345 0.0603985 0.0624189 0.0904946 0.0542321 0.0560907 0.0602773 0.0914300 0.0551261 0.0912211 0.0919842 0.0541473 0.0000000 0.0905399 0.0945811 0.0898980 0.0980279 0.0642494 0.0562123 0.1141995 0.1060261 0.0848864 0.0580691 0.0730545 0.0394770 0.0614212 0.0522911 0.0794017 0.0180277 0.0555221 0.0816926 0.0919325 0.0978427 
Dasyuridae_Phascogale_calura                 0.1018414 0.1295108 0.0848864 0.1102546 0.1122847 0.0183424 0.1036052 0.1064510 0.1106633 0.1170957 0.1055900 0.0027647 0.0298933 0.1036816 0.0905399 0.0000000 0.0163281 0.0245764 0.1263435 0.1058649 0.1145754 0.1390757 0.1328236 0.0052146 0.1021371 0.1036578 0.1017225 0.0996487 0.1074550 0.1350544 0.1004648 0.1034564 0.1163088 0.0178366 0.1234160 
Dasyuridae_Sarcophilus_harrisii              0.0989641 0.1320995 0.0874818 0.1116402 0.1131399 0.0047003 0.1061377 0.1087563 0.1111089 0.1201695 0.1084471 0.0153198 0.0303118 0.1055519 0.0945811 0.0163281 0.0000000 0.0251632 0.1290852 0.1056633 0.1134734 0.1383636 0.1302671 0.0130724 0.1033011 0.1044358 0.1053136 0.0985595 0.1079341 0.1332317 0.1072999 0.1058372 0.1193842 0.0041208 0.1259892 
Dasyuridae_Planigale_tenuirostris            0.0991405 0.1224699 0.0862709 0.1072270 0.1089807 0.0258944 0.1002072 0.1064771 0.1079267 0.1151664 0.1039106 0.0237420 0.0215313 0.1017792 0.0898980 0.0245764 0.0251632 0.0000000 0.1238171 0.1022844 0.1195960 0.1466942 0.1393654 0.0200719 0.0969526 0.1031840 0.1009685 0.0977184 0.1114313 0.1355186 0.0985733 0.1005040 0.1230015 0.0248702 0.1217034 
Peramelidae_Echymipera_kalubu                0.0998719 0.1214286 0.0895623 0.1024304 0.1018677 0.1244268 0.1080788 0.1089349 0.1056185 0.0101438 0.1081743 0.1263051 0.1274952 0.1062251 0.0980279 0.1263435 0.1290852 0.1238171 0.0000000 0.1058254 0.1186395 0.1406844 0.1365102 0.1195844 0.1004545 0.1096361 0.1006302 0.1026138 0.1099704 0.1437040 0.1029355 0.1077055 0.0069615 0.1272220 0.0107024 
Macropodidae_Dorcopsulus_vanheurni           0.0630365 0.1090429 0.0632055 0.0206210 0.0239130 0.1053065 0.0657800 0.0691805 0.0246166 0.0967517 0.0672597 0.1053286 0.1097482 0.0666573 0.0642494 0.1058649 0.1056633 0.1022844 0.1058254 0.0000000 0.0801783 0.1313796 0.1300809 0.0990872 0.0426180 0.0918193 0.0668911 0.0063141 0.0747339 0.1057306 0.0741056 0.0680595 0.0998338 0.1078378 0.1035448 
Pseudochiridae_Pseudochirulus_forbesi        0.0733013 0.1212810 0.0665989 0.0787255 0.0791729 0.1106617 0.0725368 0.0746212 0.0795762 0.1121775 0.0716921 0.1143104 0.1185483 0.0719759 0.0562123 0.1145754 0.1134734 0.1195960 0.1186395 0.0801783 0.0000000 0.1373781 0.1252869 0.1111917 0.0737674 0.0938422 0.0312849 0.0777226 0.0107347 0.0884523 0.0633706 0.0710762 0.1020158 0.1147621 0.1192359 
Didelphidae_Didelphis_virginiana             0.1243847 0.1538567 0.1046632 0.1350328 0.1351191 0.1361379 0.1313445 0.1341329 0.1366898 0.1358627 0.1342230 0.1380687 0.1483337 0.1327164 0.1141995 0.1390757 0.1383636 0.1466942 0.1406844 0.1313796 0.1373781 0.0000000 0.0372045 0.1298729 0.1269078 0.1300602 0.1228706 0.1291958 0.1319901 0.1754056 0.1265315 0.1322817 0.1300014 0.1398034 0.1410922 
Marmosidae_Monodelphis_domestica             0.1178737 0.1493773 0.1047080 0.1285815 0.1275358 0.1287069 0.1268379 0.1289530 0.1295144 0.1304296 0.1297582 0.1320291 0.1407732 0.1275871 0.1060261 0.1328236 0.1302671 0.1393654 0.1365102 0.1300809 0.1252869 0.0372045 0.0000000 0.1229697 0.1187955 0.1235274 0.1154387 0.1265740 0.1179488 0.1633421 0.1183376 0.1271710 0.1257134 0.1310518 0.1370666 
Dasyuridae_Antechinus_stuartii               0.0958893 0.1207698 0.0810034 0.1041061 0.1055436 0.0145981 0.0974820 0.1004426 0.1040659 0.1119189 0.0989418 0.0046192 0.0259574 0.0976091 0.0848864 0.0052146 0.0130724 0.0200719 0.1195844 0.0990872 0.1111917 0.1298729 0.1229697 0.0000000 0.0950277 0.0975114 0.0961180 0.0922393 0.1039892 0.1289237 0.0992053 0.0974345 0.1096399 0.0141576 0.1171824 
Hypsiprymnodontidae_Hypsiprymnodon_moschatus 0.0584158 0.1066704 0.0569099 0.0433545 0.0460569 0.1022306 0.0667512 0.0665178 0.0455444 0.0896412 0.0668927 0.1011402 0.1062263 0.0675042 0.0580691 0.1021371 0.1033011 0.0969526 0.1004545 0.0426180 0.0737674 0.1269078 0.1187955 0.0950277 0.0000000 0.0881312 0.0592125 0.0427559 0.0689689 0.1019893 0.0641257 0.0666433 0.0861707 0.1042425 0.0975935 
Microbiotheriidae_Dromiciops_gliroides       0.0835633 0.1130740 0.0732486 0.0915919 0.0929546 0.1022514 0.0924149 0.0920171 0.0908194 0.0951763 0.0925535 0.1038662 0.1118522 0.0888517 0.0730545 0.1036578 0.1044358 0.1031840 0.1096361 0.0918193 0.0938422 0.1300602 0.1235274 0.0975114 0.0881312 0.0000000 0.0799953 0.0871133 0.0864284 0.1224015 0.0825310 0.0904228 0.0964841 0.1059029 0.1053704 
Pseudochiridae_Petauroides_volans            0.0540842 0.1032566 0.0509529 0.0636510 0.0661239 0.1002148 0.0568578 0.0601656 0.0655908 0.0943297 0.0592176 0.1030552 0.1019719 0.0578056 0.0394770 0.1017225 0.1053136 0.1009685 0.1006302 0.0668911 0.0312849 0.1228706 0.1154387 0.0961180 0.0592125 0.0799953 0.0000000 0.0651168 0.0309650 0.0793868 0.0506547 0.0578180 0.0900804 0.1036223 0.1011060 
Macropodidae_Wallabia_bicolor                0.0607774 0.1098845 0.0609951 0.0194047 0.0227010 0.0982154 0.0647638 0.0671296 0.0219235 0.0952137 0.0651705 0.1001281 0.1035693 0.0629585 0.0614212 0.0996487 0.0985595 0.0977184 0.1026138 0.0063141 0.0777226 0.1291958 0.1265740 0.0922393 0.0427559 0.0871133 0.0651168 0.0000000 0.0757365 0.0999060 0.0699833 0.0643679 0.1002673 0.0997445 0.1008597 
Pseudochiridae_Pseudocheirus_occidentalis    0.0699342 0.1141005 0.0624738 0.0756487 0.0756336 0.1054746 0.0710319 0.0745263 0.0758394 0.1058698 0.0722643 0.1078139 0.1116092 0.0722952 0.0522911 0.1074550 0.1079341 0.1114313 0.1099704 0.0747339 0.0107347 0.1319901 0.1179488 0.1039892 0.0689689 0.0864284 0.0309650 0.0757365 0.0000000 0.0871709 0.0622704 0.0718154 0.1011574 0.1083007 0.1094722 
Tarsipedidae_Tarsipes_rostratus              0.0939816 0.1510028 0.0843708 0.1070012 0.1091648 0.1305600 0.0990428 0.1020435 0.1060419 0.1402186 0.1012694 0.1352434 0.1295880 0.0970506 0.0794017 0.1350544 0.1332317 0.1355186 0.1437040 0.1057306 0.0884523 0.1754056 0.1633421 0.1289237 0.1019893 0.1224015 0.0793868 0.0999060 0.0871709 0.0000000 0.0915091 0.0987506 0.1269694 0.1284270 0.1473036 
Acrobatidae_Distoechurus_pennatus            0.0543292 0.1026522 0.0516370 0.0714240 0.0735269 0.1040812 0.0577859 0.0612829 0.0701256 0.0985327 0.0623061 0.1021746 0.1030855 0.0601124 0.0180277 0.1004648 0.1072999 0.0985733 0.1029355 0.0741056 0.0633706 0.1265315 0.1183376 0.0992053 0.0641257 0.0825310 0.0506547 0.0699833 0.0622704 0.0915091 0.0000000 0.0614953 0.0882239 0.1070610 0.1049173 
Phalangeridae_Phalanger_carmelitae           0.0553461 0.1137637 0.0576978 0.0654012 0.0664664 0.1030870 0.0117345 0.0067105 0.0656750 0.0997540 0.0076225 0.1029946 0.1074446 0.0028965 0.0555221 0.1034564 0.1058372 0.1005040 0.1077055 0.0680595 0.0710762 0.1322817 0.1271710 0.0974345 0.0666433 0.0904228 0.0578180 0.0643679 0.0718154 0.0987506 0.0614953 0.0000000 0.1029486 0.1045320 0.1038303 
Peramelidae_Peroryctes_raffrayana            0.0893966 0.1224555 0.0789356 0.0920718 0.0946167 0.1080092 0.1114994 0.1049972 0.0964591 0.0084252 0.1056897 0.1147977 0.1180065 0.1022004 0.0816926 0.1163088 0.1193842 0.1230015 0.0069615 0.0998338 0.1020158 0.1300014 0.1257134 0.1096399 0.0861707 0.0964841 0.0900804 0.1002673 0.1011574 0.1269694 0.0882239 0.1029486 0.0000000 0.1133856 0.0087351 
Dasyuridae_Dasyurus_geffroii                 0.1001869 0.1291175 0.0873025 0.1103768 0.1118735 0.0037439 0.1048239 0.1086780 0.1109448 0.1187434 0.1082655 0.0167829 0.0303253 0.1053206 0.0919325 0.0178366 0.0041208 0.0248702 0.1272220 0.1078378 0.1147621 0.1398034 0.1310518 0.0141576 0.1042425 0.1059029 0.1036223 0.0997445 0.1083007 0.1284270 0.1070610 0.1045320 0.1133856 0.0000000 0.1236574 
Peramelidae_Perameles_gunnii                 0.0967207 0.1182664 0.0878887 0.0996953 0.0995825 0.1220009 0.1060545 0.1074491 0.1031779 0.0005478 0.1036320 0.1233805 0.1273052 0.1033000 0.0978427 0.1234160 0.1259892 0.1217034 0.0107024 0.1035448 0.1192359 0.1410922 0.1370666 0.1171824 0.0975935 0.1053704 0.1011060 0.1008597 0.1094722 0.1473036 0.1049173 0.1038303 0.0087351 0.1236574 0.0000000 
