35
Burramyidae_Burramys_parvus                  0.0000000 0.0494804 0.0275160 0.0321399 0.0333547 0.0365895 0.0168877 0.0195119 0.0306122 0.0445106 0.0188619 0.0378920 0.0432787 0.0169244 0.0260357 0.0385519 0.0374136 0.0363127 0.0467184 0.0306362 0.0358216 0.0476698 0.0556290 0.0376237 0.0297755 0.0301977 0.0241861 0.0330625 0.0291305 0.0374052 0.0286418 0.0204280 0.0425942 0.0361581 0.0464023 
Notoryctidae_Notoryctes_typhlops             0.0494804 0.0000000 0.0700029 0.0765865 0.0786307 0.0864770 0.0719535 0.0752332 0.0802915 0.1322835 0.0846137 0.0843649 0.1075494 0.0724206 0.1131747 0.0874939 0.0896643 0.0947479 0.1172109 0.0760917 0.1045624 0.0889366 0.0930889 0.0879782 0.0803554 0.0829523 0.0940774 0.0790679 0.0708711 0.1118668 0.1161662 0.0773373 0.0740749 0.0898167 0.0852394 
Vombatidae_Lasiorhinus_latifrons             0.0275160 0.0700029 0.0000000 0.0555251 0.0574280 0.0631851 0.0324288 0.0400092 0.0582209 0.0957256 0.0432364 0.0580024 0.0796329 0.0366181 0.0673190 0.0599305 0.0659575 0.0741048 0.0937585 0.0574493 0.0659231 0.0726936 0.0830622 0.0606229 0.0535401 0.0603345 0.0574005 0.0620016 0.0375732 0.0724579 0.0736320 0.0410637 0.0660707 0.0662852 0.0667869 
Potoroidae_Bettongia_penicillata             0.0321399 0.0765865 0.0555251 0.0000000 0.0016263 0.0739576 0.0487621 0.0533868 0.0109185 0.1006906 0.0538415 0.0772400 0.0865699 0.0478998 0.0713013 0.0779360 0.0760747 0.0843587 0.0978571 0.0216419 0.0734827 0.0583734 0.0622630 0.0771990 0.0309422 0.0685088 0.0617958 0.0242098 0.0379014 0.0789382 0.0740646 0.0525706 0.0512205 0.0785498 0.0579059 
Potoroidae_Bettongia_lesueur                 0.0333547 0.0786307 0.0574280 0.0016263 0.0000000 0.0762190 0.0501094 0.0547615 0.0114843 0.1026760 0.0552506 0.0795301 0.0889185 0.0492403 0.0720798 0.0802290 0.0783638 0.0870690 0.1006562 0.0222654 0.0749946 0.0597873 0.0637382 0.0789741 0.0316009 0.0700373 0.0632460 0.0248841 0.0391691 0.0805362 0.0756239 0.0539278 0.0526679 0.0808597 0.0593217 
Dasyuridae_Dasyurus_maculatus                0.0365895 0.0864770 0.0631851 0.0739576 0.0762190 0.0000000 0.0587551 0.0597947 0.0752936 0.0970910 0.0607136 0.0149956 0.0302364 0.0563636 0.0715456 0.0149824 0.0065028 0.0214003 0.0933108 0.0701208 0.0793623 0.0583024 0.0670562 0.0168796 0.0739675 0.0671132 0.0696162 0.0747304 0.0508977 0.0862433 0.0760084 0.0613437 0.0547335 0.0071052 0.0605736 
Phalangeridae_Trichosurus_vulpecula          0.0168877 0.0719535 0.0324288 0.0487621 0.0501094 0.0587551 0.0000000 0.0132383 0.0486431 0.0881358 0.0130587 0.0596648 0.0729998 0.0091263 0.0499105 0.0603411 0.0606394 0.0648824 0.0798597 0.0483483 0.0576853 0.0420490 0.0479613 0.0590464 0.0483468 0.0503788 0.0459740 0.0495436 0.0272062 0.0615360 0.0530152 0.0131978 0.0435193 0.0600939 0.0473906 
Phalangeridae_Spilocuscus_maculatus          0.0195119 0.0752332 0.0400092 0.0533868 0.0547615 0.0597947 0.0132383 0.0000000 0.0526152 0.0882502 0.0098123 0.0607062 0.0725251 0.0055587 0.0542220 0.0613808 0.0602201 0.0625064 0.0811369 0.0523108 0.0626615 0.0440824 0.0498288 0.0615566 0.0523214 0.0532087 0.0512714 0.0555528 0.0303418 0.0621547 0.0602797 0.0100943 0.0422101 0.0611418 0.0458700 
Potoroidae_Aepyprymnus_rufescens             0.0306122 0.0802915 0.0582209 0.0109185 0.0114843 0.0752936 0.0486431 0.0526152 0.0000000 0.0996176 0.0530283 0.0785639 0.0901559 0.0472020 0.0736906 0.0792556 0.0774083 0.0856115 0.0967020 0.0214085 0.0750061 0.0595399 0.0642563 0.0787602 0.0293838 0.0691678 0.0617507 0.0239813 0.0375458 0.0792832 0.0754438 0.0518023 0.0508113 0.0798738 0.0569195 
Peramelidae_Perameles_nasuta                 0.0445106 0.1322835 0.0957256 0.1006906 0.1026760 0.0970910 0.0881358 0.0882502 0.0996176 0.0000000 0.0885229 0.0967039 0.1018853 0.0869522 0.0926779 0.0992178 0.0985415 0.0998215 0.0199862 0.1016147 0.0948407 0.0630501 0.0740399 0.0951801 0.0997384 0.0931201 0.0836124 0.1057284 0.0476163 0.0928299 0.0967242 0.0927515 0.0091483 0.0966391 0.0008035 
Phalangeridae_Strigocuscus_pelengensis       0.0188619 0.0846137 0.0432364 0.0538415 0.0552506 0.0607136 0.0130587 0.0098123 0.0530283 0.0885229 0.0000000 0.0613423 0.0732826 0.0063233 0.0516418 0.0620689 0.0626798 0.0647016 0.0824146 0.0534329 0.0599227 0.0446106 0.0508512 0.0602998 0.0513105 0.0542758 0.0485356 0.0559642 0.0298105 0.0633710 0.0596141 0.0110233 0.0444124 0.0628823 0.0483385 
Dasyuridae_Phascogale_tapoatafa              0.0378920 0.0843649 0.0580024 0.0772400 0.0795301 0.0149956 0.0596648 0.0607062 0.0785639 0.0967039 0.0613423 0.0000000 0.0288163 0.0586998 0.0734092 0.0028828 0.0157118 0.0221747 0.0929125 0.0733506 0.0820783 0.0599395 0.0673534 0.0084903 0.0765045 0.0688754 0.0731722 0.0765236 0.0506400 0.0838692 0.0802365 0.0622648 0.0556442 0.0150998 0.0602459 
Dasyuridae_Sminthopsis_macroura              0.0432787 0.1075494 0.0796329 0.0865699 0.0889185 0.0302364 0.0729998 0.0725251 0.0901559 0.1018853 0.0732826 0.0288163 0.0000000 0.0719621 0.0852994 0.0287909 0.0309023 0.0226850 0.1011266 0.0856481 0.0883749 0.0652012 0.0736142 0.0285799 0.0839741 0.0802340 0.0778537 0.0914622 0.0530481 0.0901762 0.0850546 0.0756708 0.0625631 0.0304000 0.0652556 
Phalangeridae_Phalanger_orientalis           0.0169244 0.0724206 0.0366181 0.0478998 0.0492403 0.0563636 0.0091263 0.0055587 0.0472020 0.0869522 0.0063233 0.0586998 0.0719621 0.0000000 0.0491677 0.0593733 0.0582170 0.0627123 0.0782798 0.0474841 0.0596309 0.0430395 0.0475130 0.0595884 0.0461240 0.0508806 0.0464804 0.0493627 0.0289695 0.0605020 0.0568212 0.0038676 0.0417395 0.0591200 0.0464204 
Acrobatidae_Acrobates_pygmaeus               0.0260357 0.1131747 0.0673190 0.0713013 0.0720798 0.0715456 0.0499105 0.0542220 0.0736906 0.0926779 0.0516418 0.0734092 0.0852994 0.0491677 0.0000000 0.0741522 0.0745173 0.0756091 0.0879190 0.0723749 0.0658608 0.0516950 0.0584156 0.0674539 0.0683043 0.0717244 0.0554514 0.0728982 0.0296052 0.0672656 0.0341569 0.0528101 0.0487637 0.0710625 0.0525720 
Dasyuridae_Phascogale_calura                 0.0385519 0.0874939 0.0599305 0.0779360 0.0802290 0.0149824 0.0603411 0.0613808 0.0792556 0.0992178 0.0620689 0.0028828 0.0287909 0.0593733 0.0741522 0.0000000 0.0169455 0.0214027 0.0946506 0.0740407 0.0830108 0.0586090 0.0660548 0.0078841 0.0756770 0.0672798 0.0738854 0.0772255 0.0519768 0.0846254 0.0809736 0.0629420 0.0578670 0.0150864 0.0617513 
Dasyuridae_Sarcophilus_harrisii              0.0374136 0.0896643 0.0659575 0.0760747 0.0783638 0.0065028 0.0606394 0.0602201 0.0774083 0.0985415 0.0626798 0.0157118 0.0309023 0.0582170 0.0745173 0.0169455 0.0000000 0.0221382 0.0959066 0.0729650 0.0816604 0.0575080 0.0662863 0.0189468 0.0784001 0.0700273 0.0717702 0.0776745 0.0512441 0.0869020 0.0765809 0.0632502 0.0560648 0.0089706 0.0619347 
Dasyuridae_Planigale_tenuirostris            0.0363127 0.0947479 0.0741048 0.0843587 0.0870690 0.0214003 0.0648824 0.0625064 0.0856115 0.0998215 0.0647016 0.0221747 0.0226850 0.0627123 0.0756091 0.0214027 0.0221382 0.0000000 0.0919476 0.0806280 0.0830423 0.0565665 0.0652823 0.0234776 0.0785250 0.0683023 0.0728997 0.0863012 0.0498001 0.0880032 0.0751297 0.0661860 0.0553693 0.0230500 0.0582467 
Peramelidae_Echymipera_kalubu                0.0467184 0.1172109 0.0937585 0.0978571 0.1006562 0.0933108 0.0798597 0.0811369 0.0967020 0.0199862 0.0824146 0.0929125 0.1011266 0.0782798 0.0879190 0.0946506 0.0959066 0.0919476 0.0000000 0.0997228 0.0895463 0.0649563 0.0737722 0.0933557 0.0991192 0.0878627 0.0820763 0.1005723 0.0485802 0.0961644 0.0926772 0.0844394 0.0087360 0.0945180 0.0114003 
Macropodidae_Dorcopsulus_vanheurni           0.0306362 0.0760917 0.0574493 0.0216419 0.0222654 0.0701208 0.0483483 0.0523108 0.0214085 0.1016147 0.0534329 0.0733506 0.0856481 0.0474841 0.0723749 0.0740407 0.0729650 0.0806280 0.0997228 0.0000000 0.0749032 0.0587398 0.0627787 0.0717302 0.0284197 0.0715698 0.0606337 0.0099577 0.0399848 0.0795407 0.0740217 0.0521713 0.0528536 0.0721889 0.0588663 
Pseudochiridae_Pseudochirulus_forbesi        0.0358216 0.1045624 0.0659231 0.0734827 0.0749946 0.0793623 0.0576853 0.0626615 0.0750061 0.0948407 0.0599227 0.0820783 0.0883749 0.0596309 0.0658608 0.0830108 0.0816604 0.0830423 0.0895463 0.0749032 0.0000000 0.0622651 0.0663549 0.0785903 0.0753325 0.0792351 0.0380017 0.0772961 0.0158348 0.0682520 0.0751002 0.0632189 0.0543554 0.0773084 0.0564062 
Didelphidae_Didelphis_virginiana             0.0476698 0.0889366 0.0726936 0.0583734 0.0597873 0.0583024 0.0420490 0.0440824 0.0595399 0.0630501 0.0446106 0.0599395 0.0652012 0.0430395 0.0516950 0.0586090 0.0575080 0.0565665 0.0649563 0.0587398 0.0622651 0.0000000 0.0194997 0.0577040 0.0580332 0.0507934 0.0480106 0.0636475 0.0571289 0.0596446 0.0574498 0.0481846 0.0583367 0.0592902 0.0652294 
Marmosidae_Monodelphis_domestica             0.0556290 0.0930889 0.0830622 0.0622630 0.0637382 0.0670562 0.0479613 0.0498288 0.0642563 0.0740399 0.0508512 0.0673534 0.0736142 0.0475130 0.0584156 0.0660548 0.0662863 0.0652823 0.0737722 0.0627787 0.0663549 0.0194997 0.0000000 0.0663564 0.0638316 0.0551457 0.0536107 0.0683853 0.0636970 0.0637290 0.0620548 0.0529302 0.0664606 0.0681479 0.0762132 
Dasyuridae_Antechinus_stuartii               0.0376237 0.0879782 0.0606229 0.0771990 0.0789741 0.0168796 0.0590464 0.0615566 0.0787602 0.0951801 0.0602998 0.0084903 0.0285799 0.0595884 0.0674539 0.0078841 0.0189468 0.0234776 0.0933557 0.0717302 0.0785903 0.0577040 0.0663564 0.0000000 0.0732126 0.0657793 0.0720285 0.0750877 0.0479075 0.0778502 0.0754512 0.0632911 0.0570047 0.0156747 0.0592036 
Hypsiprymnodontidae_Hypsiprymnodon_moschatus 0.0297755 0.0803554 0.0535401 0.0309422 0.0316009 0.0739675 0.0483468 0.0523214 0.0293838 0.0997384 0.0513105 0.0765045 0.0839741 0.0461240 0.0683043 0.0756770 0.0784001 0.0785250 0.0991192 0.0284197 0.0753325 0.0580332 0.0638316 0.0732126 0.0000000 0.0683393 0.0599799 0.0324761 0.0371587 0.0772366 0.0692473 0.0507978 0.0542327 0.0770294 0.0577802 
Microbiotheriidae_Dromiciops_gliroides       0.0301977 0.0829523 0.0603345 0.0685088 0.0700373 0.0671132 0.0503788 0.0532087 0.0691678 0.0931201 0.0542758 0.0688754 0.0802340 0.0508806 0.0717244 0.0672798 0.0700273 0.0683023 0.0878627 0.0715698 0.0792351 0.0507934 0.0551457 0.0657793 0.0683393 0.0000000 0.0647753 0.0730057 0.0409639 0.0800153 0.0822944 0.0529765 0.0490567 0.0686200 0.0542480 
Pseudochiridae_Petauroides_volans            0.0241861 0.0940774 0.0574005 0.0617958 0.0632460 0.0696162 0.0459740 0.0512714 0.0617507 0.0836124 0.0485356 0.0731722 0.0778537 0.0464804 0.0554514 0.0738854 0.0717702 0.0728997 0.0820763 0.0606337 0.0380017 0.0480106 0.0536107 0.0720285 0.0599799 0.0647753 0.0000000 0.0633614 0.0169761 0.0559747 0.0606153 0.0499267 0.0433684 0.0708211 0.0447573 
Macropodidae_Wallabia_bicolor                0.0330625 0.0790679 0.0620016 0.0242098 0.0248841 0.0747304 0.0495436 0.0555528 0.0239813 0.1057284 0.0559642 0.0765236 0.0914622 0.0493627 0.0728982 0.0772255 0.0776745 0.0863012 0.1005723 0.0099577 0.0772961 0.0636475 0.0683853 0.0750877 0.0324761 0.0730057 0.0633614 0.0000000 0.0406815 0.0797085 0.0788365 0.0541233 0.0560513 0.0753489 0.0617323 
Pseudochiridae_Pseudocheirus_occidentalis    0.0291305 0.0708711 0.0375732 0.0379014 0.0391691 0.0508977 0.0272062 0.0303418 0.0375458 0.0476163 0.0298105 0.0506400 0.0530481 0.0289695 0.0296052 0.0519768 0.0512441 0.0498001 0.0485802 0.0399848 0.0158348 0.0571289 0.0636970 0.0479075 0.0371587 0.0409639 0.0169761 0.0406815 0.0000000 0.0360037 0.0337235 0.0318720 0.0480236 0.0490860 0.0503735 
Tarsipedidae_Tarsipes_rostratus              0.0374052 0.1118668 0.0724579 0.0789382 0.0805362 0.0862433 0.0615360 0.0621547 0.0792832 0.0928299 0.0633710 0.0838692 0.0901762 0.0605020 0.0672656 0.0846254 0.0869020 0.0880032 0.0961644 0.0795407 0.0682520 0.0596446 0.0637290 0.0778502 0.0772366 0.0800153 0.0559747 0.0797085 0.0360037 0.0000000 0.0698390 0.0634883 0.0526255 0.0830683 0.0580235 
Acrobatidae_Distoechurus_pennatus            0.0286418 0.1161662 0.0736320 0.0740646 0.0756239 0.0760084 0.0530152 0.0602797 0.0754438 0.0967242 0.0596141 0.0802365 0.0850546 0.0568212 0.0341569 0.0809736 0.0765809 0.0751297 0.0926772 0.0740217 0.0751002 0.0574498 0.0620548 0.0754512 0.0692473 0.0822944 0.0606153 0.0788365 0.0337235 0.0698390 0.0000000 0.0619957 0.0497596 0.0766153 0.0540595 
Phalangeridae_Phalanger_carmelitae           0.0204280 0.0773373 0.0410637 0.0525706 0.0539278 0.0613437 0.0131978 0.0100943 0.0518023 0.0927515 0.0110233 0.0622648 0.0756708 0.0038676 0.0528101 0.0629420 0.0632502 0.0661860 0.0844394 0.0521713 0.0632189 0.0481846 0.0529302 0.0632911 0.0507978 0.0529765 0.0499267 0.0541233 0.0318720 0.0634883 0.0619957 0.0000000 0.0444329 0.0627134 0.0509922 
Peramelidae_Peroryctes_raffrayana            0.0425942 0.0740749 0.0660707 0.0512205 0.0526679 0.0547335 0.0435193 0.0422101 0.0508113 0.0091483 0.0444124 0.0556442 0.0625631 0.0417395 0.0487637 0.0578670 0.0560648 0.0553693 0.0087360 0.0528536 0.0543554 0.0583367 0.0664606 0.0570047 0.0542327 0.0490567 0.0433684 0.0560513 0.0480236 0.0526255 0.0497596 0.0444329 0.0000000 0.0557340 0.0109300 
Dasyuridae_Dasyurus_geffroii                 0.0361581 0.0898167 0.0662852 0.0785498 0.0808597 0.0071052 0.0600939 0.0611418 0.0798738 0.0966391 0.0628823 0.0150998 0.0304000 0.0591200 0.0710625 0.0150864 0.0089706 0.0230500 0.0945180 0.0721889 0.0773084 0.0592902 0.0681479 0.0156747 0.0770294 0.0686200 0.0708211 0.0753489 0.0490860 0.0830683 0.0766153 0.0627134 0.0557340 0.0000000 0.0615775 
Peramelidae_Perameles_gunnii                 0.0464023 0.0852394 0.0667869 0.0579059 0.0593217 0.0605736 0.0473906 0.0458700 0.0569195 0.0008035 0.0483385 0.0602459 0.0652556 0.0464204 0.0525720 0.0617513 0.0619347 0.0582467 0.0114003 0.0588663 0.0564062 0.0652294 0.0762132 0.0592036 0.0577802 0.0542480 0.0447573 0.0617323 0.0503735 0.0580235 0.0540595 0.0509922 0.0109300 0.0615775 0.0000000 
