192
I0185_86_Accipitridae_Buteo_jamaicensis                   0.0000000 0.0441563 0.0506315 0.0418094 0.0529264 0.0473813 0.0669084 0.0398704 0.0395349 0.0622613 0.0689539 0.0362432 0.0531539 0.0472582 0.0554314 0.0355334 0.0194907 0.0570510 0.0265806 0.0556251 0.0299569 0.0574210 0.0281955 0.0292851 0.0262041 0.0418581 0.0296908 0.0743427 0.0606779 0.0645413 0.0284167 0.0527760 0.0567276 0.0472099 0.0491801 0.0411703 0.0642614 0.0538825 0.0649963 0.0543706 0.0725666 0.0569917 0.0538557 0.0925803 0.0830520 0.0886761 0.0602709 0.0421173 0.0514761 0.0334387 0.0560164 0.0507500 0.0297387 0.0478180 0.0529452 0.0559024 0.0428499 0.0385975 0.0300167 0.0557303 0.0449948 0.0300710 0.0327988 0.0722868 0.0528518 0.0592014 0.0471382 0.0289863 0.0382414 0.0653708 0.0570611 0.0423366 0.0702126 0.0602509 0.0563530 0.0529973 0.0353294 0.0300569 0.0540597 0.0694242 0.0283053 0.0080255 0.0294087 0.0463728 0.0449435 0.0452067 0.0465706 0.0265096 0.0221656 0.0503315 0.0747303 0.0460519 0.0457270 0.0395040 0.0256282 0.0552400 0.0369606 0.0574484 0.0708362 0.0263613 0.0602510 0.0296054 0.0223136 0.0270047 0.0416294 0.0421372 0.0516935 0.0416663 0.0339324 0.0297101 0.0390526 0.0482596 0.0721520 0.0331338 0.0493371 0.0697961 0.0308047 0.0251191 0.0563400 0.0491562 0.0310684 0.0566058 0.0622718 0.0590214 0.0469835 0.0266709 0.0188415 0.0266102 0.0527456 0.0411430 0.0423818 0.0562729 0.0299539 0.0314658 0.0432638 0.0255262 0.0412559 0.0709825 0.0582166 0.0378864 0.0589424 0.0322863 0.0461324 0.0366070 0.0249708 0.0302505 0.0249233 0.0432177 0.0298829 0.0568344 0.0344158 0.0265486 0.0646288 0.0505310 0.0531842 0.0223678 0.0292545 0.0313745 0.0324330 0.0326859 0.0327888 0.0478173 0.0512237 0.0446019 0.0641781 0.0354665 0.0450116 0.0565159 0.0578234 0.0335550 0.0935278 0.0311131 0.0412055 0.0344701 0.0555130 0.0530836 0.0658801 0.0277320 0.0186601 0.0257066 0.0332222 0.0628158 0.0318610 0.0604557 0.0589340 0.0499161 0.0504625 0.1398752 0.0537122 0.0607364 0.0440448 0.0410813 
I0186_111_Momotidae_Momotus_lessonii                      0.0441563 0.0000000 0.0613700 0.0562474 0.0650336 0.0575955 0.0769139 0.0527238 0.0536280 0.0613648 0.0785471 0.0508450 0.0668179 0.0574969 0.0685466 0.0517724 0.0370415 0.0681112 0.0441189 0.0683181 0.0478152 0.0695258 0.0453875 0.0466220 0.0438227 0.0552671 0.0465259 0.0827698 0.0736365 0.0769768 0.0460726 0.0652338 0.0685940 0.0617512 0.0645022 0.0543816 0.0778043 0.0659353 0.0789926 0.0669183 0.0900896 0.0691994 0.0651336 0.1050566 0.0978514 0.1032530 0.0733632 0.0449078 0.0666345 0.0516478 0.0685342 0.0632583 0.0464638 0.0633121 0.0657492 0.0684190 0.0560759 0.0532594 0.0463008 0.0677824 0.0605042 0.0477069 0.0480840 0.0884069 0.0654233 0.0722931 0.0623966 0.0455994 0.0538224 0.0786697 0.0710691 0.0553760 0.0789938 0.0783921 0.0682927 0.0652846 0.0506001 0.0473364 0.0659621 0.0800554 0.0409627 0.0447481 0.0471809 0.0621495 0.0463057 0.0579824 0.0590282 0.0427693 0.0397893 0.0646570 0.0910333 0.0593235 0.0610971 0.0543161 0.0425450 0.0694347 0.0482203 0.0709362 0.0811909 0.0430992 0.0731262 0.0462674 0.0435918 0.0443284 0.0553768 0.0507441 0.0656584 0.0555185 0.0480005 0.0466012 0.0545922 0.0639864 0.0894296 0.0500853 0.0653967 0.0867982 0.0479462 0.0418417 0.0681370 0.0638721 0.0476685 0.0688561 0.0766116 0.0774408 0.0624930 0.0438297 0.0479969 0.0431611 0.0648108 0.0554735 0.0577960 0.0747673 0.0467718 0.0495590 0.0555379 0.0426870 0.0575286 0.0793348 0.0708269 0.0516343 0.0707409 0.0496171 0.0590089 0.0529755 0.0430409 0.0467130 0.0415822 0.0586904 0.0473443 0.0677587 0.0505178 0.0440386 0.0831884 0.0644679 0.0661509 0.0401068 0.0456339 0.0483584 0.0486399 0.0491132 0.0490687 0.0619612 0.0645378 0.0601978 0.0783564 0.0505754 0.0608862 0.0692215 0.0691685 0.0487373 0.1088247 0.0468912 0.0532756 0.0507820 0.0666003 0.0673693 0.0838629 0.0458442 0.0440932 0.0422337 0.0497467 0.0810028 0.0483258 0.0727496 0.0721398 0.0635499 0.0629082 0.1538721 0.0677329 0.0739042 0.0584248 0.0527561 
I0187_115_Trogonidae_Trogon_elegans                       0.0506315 0.0613700 0.0000000 0.0627464 0.0731296 0.0197112 0.0775554 0.0569569 0.0590940 0.0773589 0.0820094 0.0567830 0.0723590 0.0658180 0.0752427 0.0567900 0.0434051 0.0763875 0.0514507 0.0757719 0.0540966 0.0750142 0.0515328 0.0538984 0.0512866 0.0624675 0.0536530 0.0837688 0.0803716 0.0838590 0.0524740 0.0734706 0.0767920 0.0679575 0.0710607 0.0614511 0.0832459 0.0723296 0.0864555 0.0745283 0.0973324 0.0767265 0.0733835 0.1039161 0.0968711 0.1019224 0.0784754 0.0614050 0.0719523 0.0570934 0.0745537 0.0707632 0.0523311 0.0724972 0.0735305 0.0747047 0.0628724 0.0583803 0.0531339 0.0752079 0.0658480 0.0541178 0.0543381 0.0956787 0.0728893 0.0783009 0.0693123 0.0535796 0.0615204 0.0834746 0.0784655 0.0579869 0.0800318 0.0840451 0.0742647 0.0728315 0.0579102 0.0543154 0.0734012 0.0807509 0.0501633 0.0515146 0.0535954 0.0699384 0.0653394 0.0686338 0.0690883 0.0495357 0.0465130 0.0701155 0.0949068 0.0620586 0.0699448 0.0608073 0.0495903 0.0765855 0.0611690 0.0781731 0.0823969 0.0500297 0.0797171 0.0538151 0.0503478 0.0521125 0.0613550 0.0632872 0.0711488 0.0623068 0.0530443 0.0540887 0.0600519 0.0725740 0.0939254 0.0574978 0.0728758 0.0925201 0.0556011 0.0498181 0.0747839 0.0688092 0.0551366 0.0748316 0.0806931 0.0832594 0.0702549 0.0514100 0.0535955 0.0501029 0.0717885 0.0628794 0.0664383 0.0806297 0.0537979 0.0563034 0.0598347 0.0498041 0.0628343 0.0818459 0.0769530 0.0564754 0.0766306 0.0560455 0.0623000 0.0578196 0.0495389 0.0535838 0.0483473 0.0634087 0.0540556 0.0674634 0.0549098 0.0519498 0.0883457 0.0713528 0.0742631 0.0474192 0.0537175 0.0555099 0.0544543 0.0564417 0.0553261 0.0674675 0.0708533 0.0647242 0.0852615 0.0554771 0.0662758 0.0746832 0.0762736 0.0539573 0.1069695 0.0539050 0.0605277 0.0566662 0.0751555 0.0743858 0.0893963 0.0525684 0.0517967 0.0491841 0.0549944 0.0862970 0.0548748 0.0789015 0.0778953 0.0704003 0.0678157 0.1612302 0.0746753 0.0803251 0.0619103 0.0604965 
I0188_135_Apodidae_Streptoprocne_zonaris                  0.0418094 0.0562474 0.0627464 0.0000000 0.0646147 0.0603112 0.0790800 0.0523328 0.0503413 0.0746930 0.0809657 0.0490846 0.0654087 0.0598605 0.0678180 0.0470629 0.0348617 0.0688942 0.0399387 0.0675947 0.0439948 0.0684250 0.0434345 0.0427704 0.0399383 0.0526880 0.0430808 0.0857132 0.0721307 0.0757337 0.0441643 0.0638167 0.0681381 0.0462294 0.0485914 0.0521157 0.0757415 0.0656008 0.0758130 0.0655682 0.0846637 0.0682253 0.0648258 0.1030906 0.0945748 0.0996848 0.0719770 0.0553273 0.0610571 0.0497352 0.0677518 0.0624259 0.0425806 0.0606067 0.0646773 0.0674921 0.0530372 0.0482858 0.0429454 0.0679140 0.0216073 0.0460981 0.0434256 0.0847687 0.0637991 0.0701730 0.0584643 0.0426744 0.0483831 0.0764890 0.0688801 0.0506626 0.0823206 0.0738154 0.0672429 0.0636491 0.0472369 0.0454606 0.0649141 0.0815257 0.0393314 0.0421359 0.0428528 0.0592459 0.0573457 0.0565298 0.0590943 0.0400326 0.0386096 0.0492600 0.0877165 0.0573073 0.0578973 0.0521285 0.0397215 0.0669746 0.0512545 0.0687774 0.0830288 0.0389952 0.0715189 0.0428549 0.0417291 0.0416464 0.0516169 0.0524418 0.0609430 0.0525706 0.0475965 0.0439519 0.0521452 0.0619657 0.0836249 0.0474820 0.0596035 0.0826819 0.0439691 0.0383801 0.0678752 0.0600473 0.0434627 0.0686986 0.0727860 0.0731404 0.0600740 0.0407242 0.0454531 0.0419978 0.0637455 0.0221982 0.0557015 0.0687736 0.0432033 0.0453755 0.0461714 0.0400676 0.0542544 0.0815172 0.0678914 0.0484991 0.0703727 0.0466426 0.0564948 0.0491602 0.0391787 0.0422437 0.0392378 0.0544323 0.0429753 0.0688707 0.0471477 0.0415916 0.0768860 0.0625922 0.0650799 0.0365653 0.0428752 0.0433675 0.0439981 0.0478548 0.0452293 0.0583997 0.0618194 0.0550480 0.0754212 0.0473777 0.0565390 0.0682694 0.0701701 0.0450777 0.1055102 0.0432653 0.0515844 0.0458914 0.0660190 0.0661869 0.0799750 0.0425893 0.0418265 0.0390736 0.0475631 0.0746896 0.0466599 0.0711852 0.0701953 0.0622238 0.0620281 0.1508284 0.0660287 0.0723110 0.0545871 0.0533056 
I0189_225_Eurylaimidae_Smithornis_rufolateralis           0.0529264 0.0650336 0.0731296 0.0646147 0.0000000 0.0692365 0.0874793 0.0639692 0.0614774 0.0843190 0.0903144 0.0607870 0.0465027 0.0676556 0.0432425 0.0596605 0.0458534 0.0448518 0.0520065 0.0428082 0.0549105 0.0435044 0.0544015 0.0553228 0.0536889 0.0637592 0.0550277 0.0953789 0.0529040 0.0571273 0.0542766 0.0393068 0.0436084 0.0688382 0.0709675 0.0629886 0.0568747 0.0418034 0.0883595 0.0410377 0.0977018 0.0432610 0.0401970 0.1126110 0.1051902 0.1090645 0.0535754 0.0641425 0.0737663 0.0596808 0.0429706 0.0374669 0.0554776 0.0693666 0.0398340 0.0431774 0.0651225 0.0627105 0.0548641 0.0440902 0.0678117 0.0561489 0.0581376 0.0966982 0.0392686 0.0782455 0.0698886 0.0538230 0.0615496 0.0883407 0.0778755 0.0651686 0.0917201 0.0844292 0.0422984 0.0397324 0.0602564 0.0561092 0.0400464 0.0891377 0.0492528 0.0540614 0.0546241 0.0672028 0.0675839 0.0685423 0.0676170 0.0516576 0.0500895 0.0713759 0.0985579 0.0683510 0.0680580 0.0630393 0.0515512 0.0762450 0.0616529 0.0778538 0.0917572 0.0520038 0.0801024 0.0536363 0.0529389 0.0537361 0.0638770 0.0629878 0.0723611 0.0641879 0.0585777 0.0541019 0.0642841 0.0698104 0.0959594 0.0593774 0.0716885 0.0934148 0.0573240 0.0521264 0.0423386 0.0719714 0.0557314 0.0489882 0.0532834 0.0834714 0.0683623 0.0528762 0.0564901 0.0529000 0.0300941 0.0646469 0.0638121 0.0802001 0.0550328 0.0560981 0.0653378 0.0519792 0.0668749 0.0905307 0.0789453 0.0620873 0.0333242 0.0576543 0.0682200 0.0611967 0.0516984 0.0545751 0.0510643 0.0664175 0.0549044 0.0766156 0.0597257 0.0527869 0.0875043 0.0438358 0.0406021 0.0486181 0.0553493 0.0562333 0.0563052 0.0590060 0.0576999 0.0705971 0.0732477 0.0668418 0.0866889 0.0593114 0.0672902 0.0437772 0.0448801 0.0572309 0.1166921 0.0555545 0.0630718 0.0601340 0.0318463 0.0470524 0.0914966 0.0553891 0.0523756 0.0518040 0.0579253 0.0872921 0.0581271 0.0518479 0.0514611 0.0446375 0.0234508 0.1593012 0.0471664 0.0525205 0.0654855 0.0622790 
I0190_295_Trogonidae_Apaloderma_aequatoriale              0.0473813 0.0575955 0.0197112 0.0603112 0.0692365 0.0000000 0.0750630 0.0541247 0.0566155 0.0747829 0.0791368 0.0534827 0.0685453 0.0628567 0.0712685 0.0540111 0.0404912 0.0715969 0.0486463 0.0719459 0.0511984 0.0720048 0.0492222 0.0509149 0.0478474 0.0586104 0.0512896 0.0799985 0.0762033 0.0810014 0.0492106 0.0690336 0.0718471 0.0648380 0.0672652 0.0584567 0.0796892 0.0690694 0.0829119 0.0705511 0.0925146 0.0716599 0.0690504 0.1011874 0.0948353 0.1003393 0.0753605 0.0589957 0.0690528 0.0540159 0.0709689 0.0668214 0.0489708 0.0683456 0.0685321 0.0711063 0.0601067 0.0548936 0.0499902 0.0707052 0.0630632 0.0504606 0.0513884 0.0915830 0.0688694 0.0762300 0.0671111 0.0504486 0.0577698 0.0802854 0.0758679 0.0548741 0.0760261 0.0797540 0.0703342 0.0681408 0.0544981 0.0505742 0.0697656 0.0795875 0.0457307 0.0481978 0.0509378 0.0664252 0.0618778 0.0648918 0.0651141 0.0471386 0.0441331 0.0672133 0.0908610 0.0588589 0.0661119 0.0581081 0.0464115 0.0740400 0.0579318 0.0754233 0.0800080 0.0473817 0.0775300 0.0504976 0.0474531 0.0490360 0.0580241 0.0603904 0.0688858 0.0582849 0.0499784 0.0508257 0.0580089 0.0688244 0.0901398 0.0547083 0.0693229 0.0891763 0.0521072 0.0469407 0.0711787 0.0657143 0.0521511 0.0712976 0.0774426 0.0793031 0.0670375 0.0490608 0.0501093 0.0474471 0.0683546 0.0594165 0.0628290 0.0770118 0.0507399 0.0531281 0.0575551 0.0468958 0.0591698 0.0795319 0.0730176 0.0529661 0.0733752 0.0535226 0.0594127 0.0544991 0.0468130 0.0509766 0.0457760 0.0615155 0.0513250 0.0643587 0.0517163 0.0493000 0.0848213 0.0681525 0.0698865 0.0444619 0.0507153 0.0522268 0.0506844 0.0532289 0.0519685 0.0654446 0.0683531 0.0631952 0.0820437 0.0531941 0.0628804 0.0712151 0.0720116 0.0508830 0.1037541 0.0513994 0.0577196 0.0539921 0.0718509 0.0706403 0.0859957 0.0492143 0.0489914 0.0465611 0.0519978 0.0824375 0.0513540 0.0752579 0.0745219 0.0664929 0.0647484 0.1565495 0.0709191 0.0757999 0.0599660 0.0575005 
I0191_344_Indicatoridae_Indicator_exilis                  0.0669084 0.0769139 0.0775554 0.0790800 0.0874793 0.0750630 0.0000000 0.0735490 0.0762348 0.0879649 0.0490705 0.0719008 0.0882809 0.0811137 0.0903923 0.0732043 0.0612916 0.0946652 0.0673528 0.0930458 0.0693160 0.0922709 0.0691640 0.0702485 0.0673441 0.0800438 0.0693302 0.0345595 0.0956865 0.0996625 0.0684108 0.0899340 0.0936710 0.0825176 0.0867645 0.0795097 0.0992597 0.0890985 0.1050410 0.0903622 0.1132249 0.0923310 0.0895409 0.1219957 0.1124986 0.1185144 0.0943455 0.0781590 0.0891897 0.0732632 0.0917023 0.0877391 0.0687126 0.0875365 0.0891693 0.0895824 0.0814110 0.0742670 0.0687145 0.0925990 0.0826109 0.0699060 0.0730349 0.1128813 0.0874063 0.0985737 0.0877655 0.0698955 0.0776958 0.1008485 0.0971364 0.0718539 0.0300193 0.1003211 0.0909376 0.0883724 0.0736512 0.0698731 0.0887844 0.0491002 0.0576364 0.0675802 0.0692221 0.0847724 0.0790492 0.0760249 0.0744694 0.0668661 0.0638577 0.0851981 0.1115347 0.0783151 0.0844866 0.0792947 0.0667265 0.0952506 0.0720773 0.0984021 0.0495380 0.0664262 0.0999938 0.0699854 0.0675304 0.0680418 0.0772167 0.0767216 0.0832555 0.0771739 0.0690259 0.0700444 0.0783678 0.0875300 0.1113212 0.0725175 0.0891895 0.1093843 0.0711037 0.0661414 0.0919891 0.0822332 0.0723877 0.0900066 0.0959741 0.0989172 0.0859392 0.0691253 0.0692697 0.0674962 0.0884543 0.0772256 0.0813524 0.0965979 0.0706460 0.0718413 0.0754803 0.0669777 0.0787298 0.0488903 0.0913670 0.0720908 0.0927255 0.0716362 0.0778260 0.0730998 0.0663371 0.0691972 0.0656155 0.0778122 0.0704502 0.0822742 0.0729587 0.0682015 0.1047162 0.0862101 0.0899199 0.0638571 0.0712352 0.0698649 0.0706366 0.0720069 0.0723662 0.0839003 0.0873186 0.0792218 0.1048161 0.0713034 0.0810572 0.0916729 0.0947118 0.0692775 0.1223162 0.0698143 0.0800071 0.0724709 0.0911256 0.0898102 0.1070587 0.0688348 0.0689849 0.0669188 0.0707544 0.1038760 0.0714652 0.0947165 0.0926218 0.0863555 0.0831569 0.1754213 0.0900306 0.0952610 0.0776336 0.0757625 
I0192_375_Musophagidae_Tauraco_macrorhynchus              0.0398704 0.0527238 0.0569569 0.0523328 0.0639692 0.0541247 0.0735490 0.0000000 0.0486818 0.0700487 0.0769559 0.0255827 0.0644013 0.0587095 0.0665625 0.0469109 0.0330090 0.0685455 0.0393883 0.0666869 0.0424252 0.0669151 0.0433395 0.0425709 0.0385207 0.0516104 0.0421728 0.0800421 0.0720372 0.0752520 0.0437874 0.0634035 0.0657443 0.0583288 0.0605014 0.0514802 0.0747511 0.0649502 0.0772168 0.0653625 0.0856894 0.0673875 0.0643316 0.0967373 0.0906469 0.0962510 0.0711709 0.0529205 0.0613327 0.0490623 0.0656674 0.0614644 0.0408908 0.0602176 0.0640233 0.0672123 0.0530815 0.0475772 0.0413310 0.0664831 0.0565377 0.0457975 0.0435610 0.0848368 0.0633332 0.0694769 0.0596955 0.0411320 0.0499397 0.0750267 0.0673537 0.0487763 0.0758711 0.0747532 0.0656703 0.0635501 0.0471435 0.0456930 0.0640886 0.0776929 0.0394328 0.0411671 0.0420047 0.0583138 0.0558778 0.0589213 0.0602421 0.0376585 0.0366496 0.0611531 0.0847466 0.0546204 0.0571721 0.0500562 0.0369745 0.0660292 0.0504990 0.0672064 0.0790038 0.0378021 0.0695400 0.0414757 0.0408399 0.0381130 0.0509618 0.0526431 0.0618920 0.0511217 0.0454717 0.0421683 0.0506251 0.0609181 0.0832922 0.0453217 0.0613201 0.0824078 0.0431124 0.0371783 0.0664821 0.0599014 0.0426255 0.0661498 0.0728415 0.0732374 0.0589343 0.0391090 0.0439138 0.0382719 0.0629519 0.0518077 0.0544796 0.0703662 0.0420444 0.0435930 0.0510148 0.0377053 0.0521975 0.0778715 0.0656309 0.0462001 0.0695444 0.0442475 0.0540488 0.0477692 0.0373789 0.0423801 0.0362035 0.0536054 0.0420554 0.0631321 0.0450084 0.0384195 0.0784897 0.0621462 0.0645651 0.0344429 0.0418729 0.0434204 0.0425743 0.0461436 0.0435057 0.0575636 0.0609445 0.0549547 0.0765447 0.0458896 0.0562977 0.0666128 0.0684798 0.0437060 0.1005030 0.0434456 0.0503104 0.0459482 0.0662607 0.0636993 0.0791885 0.0413906 0.0413266 0.0378549 0.0465619 0.0784428 0.0451738 0.0707698 0.0701532 0.0617070 0.0620900 0.1501969 0.0643224 0.0719919 0.0539433 0.0528143 
I0193_447_Columbidae_Treron_calvus                        0.0395349 0.0536280 0.0590940 0.0503413 0.0614774 0.0566155 0.0762348 0.0486818 0.0000000 0.0733476 0.0797030 0.0459553 0.0623328 0.0573694 0.0645471 0.0454299 0.0279793 0.0654221 0.0365739 0.0644892 0.0399089 0.0643805 0.0407017 0.0402001 0.0377500 0.0182530 0.0403814 0.0820490 0.0685505 0.0729691 0.0419456 0.0604204 0.0649801 0.0559248 0.0566139 0.0174100 0.0724664 0.0625380 0.0737659 0.0629597 0.0833084 0.0651864 0.0617711 0.0988936 0.0893663 0.0948264 0.0686635 0.0522003 0.0591285 0.0467521 0.0638955 0.0592226 0.0390581 0.0585188 0.0614196 0.0641444 0.0194042 0.0475020 0.0396223 0.0643867 0.0532837 0.0437686 0.0427867 0.0829167 0.0614364 0.0664382 0.0566442 0.0401008 0.0474244 0.0739896 0.0657677 0.0501994 0.0793496 0.0716847 0.0633808 0.0605525 0.0459065 0.0435988 0.0620371 0.0785538 0.0288769 0.0401373 0.0395296 0.0567960 0.0561476 0.0556988 0.0560517 0.0364204 0.0355911 0.0585504 0.0836454 0.0545301 0.0549508 0.0487639 0.0366603 0.0640267 0.0483138 0.0650013 0.0809815 0.0374173 0.0670817 0.0400307 0.0392780 0.0388648 0.0498819 0.0514847 0.0593938 0.0505443 0.0450874 0.0405565 0.0491215 0.0584431 0.0809932 0.0443615 0.0577730 0.0793621 0.0418467 0.0365923 0.0641235 0.0581295 0.0411574 0.0652382 0.0706274 0.0709703 0.0568335 0.0372848 0.0431416 0.0374556 0.0618668 0.0492560 0.0531154 0.0670705 0.0402118 0.0417807 0.0508065 0.0363263 0.0525071 0.0788921 0.0645857 0.0477381 0.0671499 0.0424236 0.0548654 0.0471817 0.0359012 0.0404360 0.0352552 0.0519838 0.0405678 0.0646051 0.0447286 0.0380406 0.0751815 0.0586098 0.0616657 0.0336894 0.0400721 0.0419599 0.0406930 0.0455143 0.0434787 0.0559605 0.0581685 0.0531988 0.0729956 0.0442005 0.0529280 0.0637850 0.0667013 0.0424979 0.1011000 0.0419348 0.0159540 0.0448350 0.0647534 0.0621290 0.0770217 0.0395577 0.0389058 0.0360513 0.0455249 0.0735018 0.0444924 0.0685410 0.0678962 0.0589538 0.0599554 0.1476066 0.0623408 0.0679583 0.0522874 0.0509121 
I0194_495_Alcedinidae_Alcedo_quadribrachys                0.0622613 0.0613648 0.0773589 0.0746930 0.0843190 0.0747829 0.0879649 0.0700487 0.0733476 0.0000000 0.0925007 0.0698649 0.0846055 0.0763811 0.0874564 0.0704162 0.0554041 0.0817591 0.0630977 0.0841239 0.0637848 0.0874145 0.0642115 0.0643235 0.0631097 0.0753223 0.0645585 0.0951981 0.0907861 0.0952453 0.0636573 0.0837874 0.0827848 0.0785596 0.0821559 0.0747876 0.0946028 0.0865104 0.0995105 0.0839694 0.1067370 0.0848136 0.0817645 0.1192240 0.1131510 0.1168932 0.0909859 0.0649649 0.0846955 0.0686738 0.0880024 0.0810691 0.0642758 0.0834634 0.0820467 0.0879645 0.0764098 0.0710015 0.0648988 0.0819751 0.0769878 0.0656953 0.0674860 0.1066645 0.0829741 0.0921575 0.0794003 0.0644987 0.0722469 0.0955821 0.0911579 0.0688242 0.0921862 0.0961918 0.0876464 0.0828757 0.0685644 0.0652052 0.0844844 0.0928410 0.0573481 0.0627763 0.0637917 0.0823674 0.0500503 0.0762681 0.0761648 0.0625635 0.0590848 0.0823308 0.1067459 0.0754480 0.0807888 0.0753389 0.0618060 0.0888520 0.0658797 0.0918743 0.0930341 0.0620906 0.0932052 0.0638244 0.0620681 0.0625965 0.0732289 0.0689572 0.0806755 0.0732792 0.0660048 0.0646892 0.0736461 0.0826836 0.1047926 0.0680224 0.0818591 0.1045323 0.0663853 0.0614676 0.0881293 0.0788888 0.0681300 0.0874536 0.0925066 0.0948665 0.0827824 0.0624562 0.0644839 0.0618626 0.0846600 0.0734283 0.0770868 0.0913774 0.0667278 0.0659372 0.0723842 0.0612173 0.0740761 0.0914001 0.0897854 0.0685626 0.0904550 0.0664356 0.0758277 0.0689612 0.0611947 0.0642165 0.0606952 0.0753819 0.0643644 0.0849229 0.0678550 0.0616242 0.0983276 0.0834789 0.0829924 0.0581150 0.0667272 0.0651489 0.0667710 0.0679948 0.0656033 0.0803230 0.0848797 0.0766700 0.0989112 0.0685458 0.0780944 0.0886184 0.0829263 0.0669554 0.1250886 0.0645147 0.0750711 0.0683609 0.0862354 0.0856382 0.1001072 0.0633309 0.0628679 0.0622367 0.0660363 0.0973507 0.0673088 0.0888426 0.0898859 0.0820811 0.0811039 0.1706612 0.0857284 0.0916681 0.0758010 0.0711534 
I0195_522_Ramphastidae_Buccanodon_duchaillui              0.0689539 0.0785471 0.0820094 0.0809657 0.0903144 0.0791368 0.0490705 0.0769559 0.0797030 0.0925007 0.0000000 0.0761993 0.0904567 0.0837064 0.0951406 0.0755235 0.0637279 0.0977191 0.0699334 0.0958883 0.0713656 0.0950370 0.0713163 0.0717085 0.0694431 0.0827104 0.0715006 0.0530946 0.0974006 0.1015796 0.0707889 0.0932327 0.0969538 0.0850123 0.0885805 0.0820845 0.1017739 0.0927902 0.1082520 0.0932701 0.1150441 0.0957890 0.0925333 0.1272152 0.1184063 0.1226694 0.0966643 0.0813832 0.0906378 0.0751119 0.0957005 0.0901790 0.0716439 0.0899668 0.0919302 0.0936102 0.0835139 0.0752145 0.0705453 0.0960188 0.0857628 0.0715396 0.0755737 0.1144210 0.0916072 0.1015564 0.0895591 0.0718145 0.0794541 0.1048201 0.1011073 0.0743347 0.0502400 0.1027736 0.0943577 0.0922373 0.0748539 0.0717092 0.0920107 0.0341589 0.0608971 0.0697647 0.0705383 0.0886595 0.0815586 0.0789293 0.0782845 0.0689310 0.0663583 0.0877237 0.1136244 0.0811117 0.0877860 0.0814954 0.0695437 0.0975850 0.0753549 0.1006975 0.0331623 0.0689618 0.1034385 0.0714804 0.0691564 0.0706639 0.0798403 0.0791117 0.0866231 0.0797651 0.0725235 0.0715202 0.0805647 0.0907099 0.1128130 0.0756079 0.0906500 0.1110253 0.0734327 0.0679285 0.0943063 0.0838910 0.0743449 0.0935281 0.0986214 0.1008598 0.0894573 0.0707999 0.0709813 0.0698052 0.0908805 0.0797665 0.0827072 0.0985048 0.0727741 0.0730378 0.0783179 0.0694967 0.0806422 0.0376053 0.0939622 0.0739416 0.0964097 0.0742272 0.0816244 0.0770407 0.0683881 0.0719448 0.0680030 0.0809367 0.0716125 0.0864646 0.0766241 0.0691304 0.1056904 0.0896159 0.0929475 0.0661295 0.0728710 0.0728630 0.0717858 0.0732410 0.0733102 0.0870877 0.0904585 0.0812346 0.1070735 0.0751743 0.0831604 0.0945460 0.0978201 0.0722877 0.1275917 0.0719646 0.0834097 0.0755838 0.0938443 0.0921606 0.1080342 0.0707992 0.0693244 0.0694738 0.0739527 0.1047113 0.0731475 0.0960841 0.0957133 0.0878603 0.0874656 0.1785314 0.0926729 0.0981697 0.0799349 0.0778770 
I0196_523_Musophagidae_Corythaeola_cristata               0.0362432 0.0508450 0.0567830 0.0490846 0.0607870 0.0534827 0.0719008 0.0255827 0.0459553 0.0698649 0.0761993 0.0000000 0.0623765 0.0549241 0.0647285 0.0436280 0.0296002 0.0657009 0.0354672 0.0643729 0.0384860 0.0651757 0.0380137 0.0385612 0.0342487 0.0488840 0.0386147 0.0780946 0.0691450 0.0717811 0.0401387 0.0608707 0.0642992 0.0547258 0.0573511 0.0481315 0.0717580 0.0624485 0.0736740 0.0631412 0.0814667 0.0654604 0.0622699 0.0970415 0.0895316 0.0946144 0.0683042 0.0507995 0.0593761 0.0448377 0.0642537 0.0599258 0.0380385 0.0561343 0.0609703 0.0654523 0.0496576 0.0453075 0.0381403 0.0643834 0.0529844 0.0413981 0.0408881 0.0804609 0.0609390 0.0669904 0.0551522 0.0372164 0.0447471 0.0732091 0.0651351 0.0475671 0.0759575 0.0697547 0.0641992 0.0610538 0.0432539 0.0417817 0.0617011 0.0766426 0.0364911 0.0372790 0.0381665 0.0545902 0.0539813 0.0540978 0.0562161 0.0342622 0.0331186 0.0573955 0.0807030 0.0521992 0.0534176 0.0471642 0.0336220 0.0632213 0.0467291 0.0655009 0.0778157 0.0338256 0.0681092 0.0376079 0.0361482 0.0344963 0.0470448 0.0492036 0.0576290 0.0474589 0.0417209 0.0382773 0.0477416 0.0568020 0.0796646 0.0409459 0.0575064 0.0781574 0.0386835 0.0334775 0.0640543 0.0563275 0.0384983 0.0640835 0.0697113 0.0681160 0.0550628 0.0352272 0.0405618 0.0350892 0.0599030 0.0487880 0.0507662 0.0653121 0.0385987 0.0400244 0.0477862 0.0341053 0.0499088 0.0767332 0.0640569 0.0439385 0.0670316 0.0402738 0.0513906 0.0433975 0.0338439 0.0383399 0.0330116 0.0503429 0.0385140 0.0615819 0.0421279 0.0350930 0.0736911 0.0593684 0.0620298 0.0308328 0.0375866 0.0404602 0.0397032 0.0427050 0.0403742 0.0542443 0.0584674 0.0514229 0.0725890 0.0423973 0.0527420 0.0647469 0.0661253 0.0407671 0.0997294 0.0392667 0.0475866 0.0411435 0.0637012 0.0626692 0.0753072 0.0370463 0.0371917 0.0339824 0.0418960 0.0726025 0.0417268 0.0672855 0.0673327 0.0586726 0.0582547 0.1468422 0.0631758 0.0693861 0.0505494 0.0489767 
I0197_832_Corvidae_Corvus_albus                           0.0531539 0.0668179 0.0723590 0.0654087 0.0465027 0.0685453 0.0882809 0.0644013 0.0623328 0.0846055 0.0904567 0.0623765 0.0000000 0.0707144 0.0496716 0.0600613 0.0462740 0.0487859 0.0524505 0.0478832 0.0563311 0.0499056 0.0555810 0.0569212 0.0542392 0.0639987 0.0550770 0.0948259 0.0300205 0.0343152 0.0541846 0.0454130 0.0490445 0.0697035 0.0714892 0.0640923 0.0326483 0.0478361 0.0881658 0.0464049 0.0971464 0.0487640 0.0446453 0.1150864 0.1053207 0.1110065 0.0296060 0.0664340 0.0747112 0.0597061 0.0493767 0.0434009 0.0556794 0.0690279 0.0448590 0.0487078 0.0650346 0.0628551 0.0550530 0.0477164 0.0685775 0.0572146 0.0590264 0.0966145 0.0456164 0.0816035 0.0716727 0.0557751 0.0626507 0.0878939 0.0799638 0.0648472 0.0917155 0.0859694 0.0485337 0.0453062 0.0606742 0.0567661 0.0455342 0.0911513 0.0493310 0.0542153 0.0558875 0.0666228 0.0681208 0.0677205 0.0682539 0.0522248 0.0505958 0.0722429 0.1001486 0.0702469 0.0677750 0.0642833 0.0523513 0.0791243 0.0624655 0.0810980 0.0927991 0.0535281 0.0830932 0.0550006 0.0537443 0.0549907 0.0648770 0.0642122 0.0723357 0.0648533 0.0600070 0.0567612 0.0648445 0.0689693 0.0970611 0.0600604 0.0740090 0.0955398 0.0568287 0.0526234 0.0483348 0.0718979 0.0571609 0.0353571 0.0325540 0.0846679 0.0685312 0.0530451 0.0570576 0.0547709 0.0468903 0.0652878 0.0648724 0.0813165 0.0547718 0.0584119 0.0666459 0.0529499 0.0672732 0.0927409 0.0805085 0.0626464 0.0513515 0.0598831 0.0702908 0.0610157 0.0522557 0.0555913 0.0515455 0.0667301 0.0561927 0.0762774 0.0598712 0.0543358 0.0899806 0.0303947 0.0453649 0.0494505 0.0553942 0.0570251 0.0568684 0.0597040 0.0592946 0.0722486 0.0742269 0.0682125 0.0871764 0.0605505 0.0689032 0.0489710 0.0495486 0.0583378 0.1173824 0.0572673 0.0637863 0.0608427 0.0478276 0.0319701 0.0917140 0.0562543 0.0534516 0.0525638 0.0597380 0.0886880 0.0581802 0.0296499 0.0285776 0.0142149 0.0440549 0.1623804 0.0322932 0.0292124 0.0680821 0.0641901 
I0198_937_Bucerotidae_Tockus_camurus                      0.0472582 0.0574969 0.0658180 0.0598605 0.0676556 0.0628567 0.0811137 0.0587095 0.0573694 0.0763811 0.0837064 0.0549241 0.0707144 0.0000000 0.0736759 0.0555914 0.0404684 0.0719512 0.0479623 0.0716673 0.0507252 0.0732485 0.0499533 0.0506472 0.0478931 0.0597965 0.0504863 0.0880307 0.0764909 0.0811257 0.0491490 0.0694635 0.0720726 0.0656859 0.0677164 0.0587265 0.0812388 0.0709283 0.0835967 0.0697202 0.0935190 0.0726371 0.0696248 0.1064586 0.0984095 0.1035105 0.0773468 0.0585074 0.0704619 0.0543667 0.0720608 0.0671434 0.0491826 0.0664278 0.0695099 0.0729993 0.0597427 0.0565621 0.0492182 0.0719950 0.0637779 0.0507388 0.0514918 0.0919507 0.0693207 0.0778739 0.0668621 0.0497731 0.0562731 0.0824503 0.0759286 0.0567670 0.0838395 0.0816781 0.0719803 0.0688398 0.0539022 0.0505866 0.0694040 0.0841927 0.0450350 0.0474730 0.0497721 0.0649473 0.0615862 0.0619077 0.0625079 0.0470352 0.0438069 0.0681845 0.0944848 0.0611310 0.0641680 0.0573936 0.0457782 0.0747077 0.0557302 0.0767578 0.0846971 0.0477082 0.0788879 0.0491960 0.0462512 0.0473255 0.0594531 0.0583487 0.0690003 0.0592900 0.0531871 0.0495399 0.0591093 0.0670225 0.0921394 0.0539499 0.0697260 0.0902957 0.0522431 0.0464182 0.0711352 0.0650611 0.0517820 0.0737991 0.0784871 0.0806844 0.0654884 0.0474533 0.0502462 0.0471752 0.0684509 0.0592283 0.0606612 0.0768665 0.0499451 0.0520618 0.0597104 0.0465790 0.0603893 0.0837765 0.0743089 0.0558012 0.0743592 0.0532473 0.0610282 0.0557181 0.0461120 0.0495759 0.0455799 0.0614988 0.0505727 0.0705633 0.0542230 0.0478213 0.0838209 0.0683722 0.0697195 0.0441543 0.0505656 0.0510237 0.0518070 0.0517441 0.0527863 0.0668008 0.0677366 0.0630618 0.0828888 0.0541476 0.0644092 0.0727323 0.0745632 0.0516685 0.1089870 0.0504939 0.0581632 0.0545562 0.0710339 0.0717020 0.0868616 0.0499319 0.0472419 0.0468547 0.0536010 0.0823199 0.0519634 0.0757987 0.0754526 0.0674555 0.0661397 0.1575598 0.0718482 0.0776212 0.0613427 0.0254396 
I0200_988_Furnariidae_Furnarius_rufus                     0.0554314 0.0685466 0.0752427 0.0678180 0.0432425 0.0712685 0.0903923 0.0665625 0.0645471 0.0874564 0.0951406 0.0647285 0.0496716 0.0736759 0.0000000 0.0633121 0.0492640 0.0412540 0.0557837 0.0396131 0.0596457 0.0335132 0.0581257 0.0583063 0.0568162 0.0654522 0.0585745 0.0995633 0.0547285 0.0599191 0.0569387 0.0379587 0.0412925 0.0718687 0.0731662 0.0651997 0.0586677 0.0185298 0.0888083 0.0388969 0.0983223 0.0411599 0.0372841 0.1119596 0.1062734 0.1089149 0.0550437 0.0667198 0.0767563 0.0632082 0.0332741 0.0359323 0.0586319 0.0735123 0.0380215 0.0182499 0.0670501 0.0665981 0.0582709 0.0409558 0.0704461 0.0598136 0.0621817 0.0970157 0.0380010 0.0811204 0.0734347 0.0573099 0.0652878 0.0884494 0.0809694 0.0680439 0.0944015 0.0857941 0.0331669 0.0376721 0.0640452 0.0593745 0.0383325 0.0948523 0.0520199 0.0568252 0.0587334 0.0716726 0.0712049 0.0719631 0.0707755 0.0551126 0.0540269 0.0744394 0.0994782 0.0704102 0.0716335 0.0669960 0.0553100 0.0783993 0.0662968 0.0808655 0.0966387 0.0557926 0.0825626 0.0573885 0.0572444 0.0575751 0.0680939 0.0662327 0.0762954 0.0674908 0.0620401 0.0588575 0.0670744 0.0736298 0.0977052 0.0614183 0.0742687 0.0948386 0.0606367 0.0556367 0.0317274 0.0754753 0.0588721 0.0516378 0.0572742 0.0853554 0.0725750 0.0556919 0.0597218 0.0569777 0.0423249 0.0678208 0.0682257 0.0807294 0.0570978 0.0611611 0.0671371 0.0552014 0.0703359 0.0956658 0.0817682 0.0667845 0.0479876 0.0612824 0.0725707 0.0647668 0.0543503 0.0584996 0.0545712 0.0697527 0.0587738 0.0784901 0.0619514 0.0573721 0.0908241 0.0463909 0.0378632 0.0521381 0.0575928 0.0605439 0.0596694 0.0627887 0.0616520 0.0733644 0.0761088 0.0705171 0.0875896 0.0631448 0.0717459 0.0321281 0.0420930 0.0612519 0.1150788 0.0590100 0.0650020 0.0628556 0.0438720 0.0487257 0.0928372 0.0577887 0.0559429 0.0551181 0.0608226 0.0890467 0.0620241 0.0551059 0.0539413 0.0473095 0.0417408 0.1584761 0.0487649 0.0552674 0.0698474 0.0676995 
I0201_999_Scolopacidae_Tringa_solitaria                   0.0355334 0.0517724 0.0567900 0.0470629 0.0596605 0.0540111 0.0732043 0.0469109 0.0454299 0.0704162 0.0755235 0.0436280 0.0600613 0.0555914 0.0633121 0.0000000 0.0286980 0.0642236 0.0349506 0.0636049 0.0299020 0.0636994 0.0380677 0.0327978 0.0349550 0.0473347 0.0322941 0.0791376 0.0675772 0.0715708 0.0386473 0.0604358 0.0636768 0.0546776 0.0556267 0.0468408 0.0709807 0.0613027 0.0705774 0.0617048 0.0792305 0.0640910 0.0610871 0.0957184 0.0866580 0.0922833 0.0668826 0.0499922 0.0579437 0.0439819 0.0627479 0.0578547 0.0365452 0.0568381 0.0606658 0.0633840 0.0490095 0.0454288 0.0373758 0.0630062 0.0516675 0.0407271 0.0405504 0.0787903 0.0605275 0.0655246 0.0547157 0.0372824 0.0455235 0.0711277 0.0651591 0.0488250 0.0759711 0.0660611 0.0632512 0.0598936 0.0411487 0.0406841 0.0615179 0.0764108 0.0354934 0.0362243 0.0284866 0.0554498 0.0531203 0.0531012 0.0545582 0.0346008 0.0325718 0.0573807 0.0797323 0.0348407 0.0536263 0.0456933 0.0339366 0.0619357 0.0464168 0.0641068 0.0777866 0.0329110 0.0666289 0.0321636 0.0349676 0.0360710 0.0469338 0.0500485 0.0574202 0.0478324 0.0423912 0.0325297 0.0460466 0.0565452 0.0782771 0.0412049 0.0558169 0.0763801 0.0386735 0.0339718 0.0628696 0.0546886 0.0380175 0.0641139 0.0685457 0.0649775 0.0553257 0.0344386 0.0398588 0.0352198 0.0594335 0.0470962 0.0504870 0.0629559 0.0377333 0.0317977 0.0486604 0.0341399 0.0471871 0.0772353 0.0630295 0.0447948 0.0651184 0.0329564 0.0360648 0.0435318 0.0334215 0.0364174 0.0331481 0.0493759 0.0295418 0.0629086 0.0422315 0.0356745 0.0705947 0.0584430 0.0613224 0.0310186 0.0374902 0.0385911 0.0389482 0.0415269 0.0400038 0.0542318 0.0570685 0.0508979 0.0695499 0.0143588 0.0513897 0.0629013 0.0651822 0.0152021 0.0971187 0.0380637 0.0470069 0.0419060 0.0622402 0.0611757 0.0734098 0.0367539 0.0366676 0.0338333 0.0412438 0.0687019 0.0406273 0.0679102 0.0669360 0.0575280 0.0575745 0.1441562 0.0614376 0.0680170 0.0328444 0.0491045 
I0202_1066_Cathartidae_Cathartes_burrovianus              0.0194907 0.0370415 0.0434051 0.0348617 0.0458534 0.0404912 0.0612916 0.0330090 0.0279793 0.0554041 0.0637279 0.0296002 0.0462740 0.0404684 0.0492640 0.0286980 0.0000000 0.0499661 0.0188770 0.0484249 0.0229840 0.0499758 0.0224084 0.0222443 0.0190369 0.0322664 0.0226768 0.0673333 0.0538843 0.0578585 0.0231203 0.0456574 0.0486414 0.0400825 0.0411017 0.0316863 0.0565627 0.0467571 0.0580051 0.0466938 0.0679096 0.0492856 0.0463119 0.0850320 0.0764390 0.0812134 0.0536847 0.0358232 0.0455250 0.0285695 0.0485261 0.0435886 0.0220827 0.0416899 0.0460277 0.0495302 0.0324012 0.0304223 0.0221231 0.0487261 0.0383296 0.0247455 0.0254099 0.0674649 0.0459220 0.0525802 0.0402177 0.0216303 0.0310425 0.0582439 0.0509592 0.0342073 0.0642069 0.0537707 0.0490335 0.0450882 0.0278374 0.0248982 0.0462404 0.0641230 0.0220476 0.0194597 0.0218035 0.0397887 0.0379753 0.0388226 0.0402597 0.0183996 0.0044941 0.0432380 0.0686279 0.0390605 0.0389673 0.0313142 0.0181871 0.0489791 0.0309505 0.0507379 0.0655087 0.0184106 0.0534333 0.0220148 0.0192153 0.0201348 0.0338424 0.0349558 0.0449989 0.0345772 0.0272992 0.0225506 0.0318292 0.0418594 0.0659762 0.0262663 0.0417425 0.0640852 0.0234543 0.0175993 0.0483765 0.0427311 0.0238281 0.0497236 0.0553446 0.0524418 0.0399801 0.0187390 0.0235291 0.0196382 0.0449223 0.0338586 0.0359209 0.0497673 0.0228052 0.0245562 0.0361545 0.0186078 0.0337772 0.0648558 0.0511453 0.0300552 0.0515884 0.0251722 0.0390906 0.0294014 0.0176203 0.0225218 0.0171100 0.0366646 0.0227878 0.0502123 0.0278242 0.0197011 0.0582133 0.0428921 0.0464708 0.0152284 0.0217179 0.0241976 0.0239739 0.0253811 0.0253151 0.0409006 0.0440401 0.0380839 0.0569025 0.0283266 0.0379198 0.0491180 0.0500101 0.0256623 0.0862750 0.0236576 0.0305045 0.0270354 0.0486005 0.0459000 0.0610186 0.0211373 0.0196975 0.0181271 0.0273475 0.0564477 0.0243650 0.0534715 0.0517814 0.0433969 0.0442300 0.1339736 0.0464587 0.0544998 0.0365982 0.0339306 
I0203_1087_Tyrannidae_Hymenops_perspicillatus             0.0570510 0.0681112 0.0763875 0.0688942 0.0448518 0.0715969 0.0946652 0.0685455 0.0654221 0.0817591 0.0977191 0.0657009 0.0487859 0.0719512 0.0412540 0.0642236 0.0499661 0.0000000 0.0573700 0.0157617 0.0612022 0.0425371 0.0596623 0.0601963 0.0579924 0.0669765 0.0606509 0.1016749 0.0536610 0.0583209 0.0579747 0.0246193 0.0232934 0.0730744 0.0753270 0.0669587 0.0576109 0.0392246 0.0918339 0.0229504 0.1020304 0.0228264 0.0232987 0.1154735 0.1081221 0.1120888 0.0536089 0.0677839 0.0779225 0.0636349 0.0407683 0.0224473 0.0592610 0.0736483 0.0239447 0.0411264 0.0685429 0.0683173 0.0590338 0.0108411 0.0727958 0.0610091 0.0617664 0.1013704 0.0224020 0.0834477 0.0760004 0.0597727 0.0678797 0.0922781 0.0838532 0.0704874 0.0972707 0.0896219 0.0420064 0.0231624 0.0637573 0.0605996 0.0240282 0.0958190 0.0538781 0.0586689 0.0605959 0.0715024 0.0697731 0.0743923 0.0733766 0.0563541 0.0543700 0.0758123 0.1036710 0.0736341 0.0722880 0.0680241 0.0563744 0.0821995 0.0666927 0.0831164 0.0989977 0.0569713 0.0852932 0.0592581 0.0573154 0.0582438 0.0679893 0.0673625 0.0782152 0.0678105 0.0625058 0.0608457 0.0679520 0.0736086 0.0997330 0.0638895 0.0767638 0.0993042 0.0611294 0.0565145 0.0402949 0.0768835 0.0602023 0.0498525 0.0555096 0.0881850 0.0723618 0.0570081 0.0611683 0.0582878 0.0428103 0.0698352 0.0682081 0.0848166 0.0591000 0.0627510 0.0690344 0.0566909 0.0716078 0.0984609 0.0834616 0.0678368 0.0488150 0.0631506 0.0726971 0.0648601 0.0564882 0.0598316 0.0559219 0.0713145 0.0607858 0.0793176 0.0630440 0.0581059 0.0944060 0.0464306 0.0241130 0.0530749 0.0597264 0.0615289 0.0601977 0.0645046 0.0623798 0.0746293 0.0780206 0.0723980 0.0913033 0.0641663 0.0745020 0.0416404 0.0140288 0.0620884 0.1185795 0.0604706 0.0665191 0.0650698 0.0442180 0.0473683 0.0970154 0.0600343 0.0569024 0.0556011 0.0614917 0.0913387 0.0634291 0.0517263 0.0531010 0.0468074 0.0429547 0.1643274 0.0473207 0.0527039 0.0711813 0.0669799 
I0204_1174_Threskiornithidae_Harpiprion_caerulescens      0.0265806 0.0441189 0.0514507 0.0399387 0.0520065 0.0486463 0.0673528 0.0393883 0.0365739 0.0630977 0.0699334 0.0354672 0.0524505 0.0479623 0.0557837 0.0349506 0.0188770 0.0573700 0.0000000 0.0557626 0.0285685 0.0569630 0.0272847 0.0268039 0.0229263 0.0381996 0.0274366 0.0733927 0.0602202 0.0637129 0.0281622 0.0524093 0.0555689 0.0470010 0.0478017 0.0381024 0.0642745 0.0540263 0.0650598 0.0540071 0.0724420 0.0566353 0.0529179 0.0925343 0.0799324 0.0885164 0.0604981 0.0431472 0.0503047 0.0348337 0.0556595 0.0505902 0.0250967 0.0483369 0.0525608 0.0560731 0.0393372 0.0360894 0.0253181 0.0558317 0.0445387 0.0313113 0.0314341 0.0728484 0.0527065 0.0585025 0.0461850 0.0254013 0.0363730 0.0653285 0.0577808 0.0401117 0.0703209 0.0598075 0.0558337 0.0523250 0.0335195 0.0313667 0.0537554 0.0699178 0.0272591 0.0270194 0.0277753 0.0460702 0.0459724 0.0455639 0.0463777 0.0223150 0.0222725 0.0501718 0.0744290 0.0448036 0.0452071 0.0373162 0.0220819 0.0544422 0.0383672 0.0570140 0.0717850 0.0247834 0.0597278 0.0273690 0.0265300 0.0243710 0.0389680 0.0417491 0.0491734 0.0396804 0.0335558 0.0278471 0.0387249 0.0485798 0.0717214 0.0298370 0.0469528 0.0698623 0.0287695 0.0217873 0.0558480 0.0472402 0.0282298 0.0565767 0.0613159 0.0591107 0.0473072 0.0226816 0.0306316 0.0237209 0.0523612 0.0394809 0.0425985 0.0549825 0.0253236 0.0301766 0.0428023 0.0223032 0.0402931 0.0713951 0.0566411 0.0361577 0.0575912 0.0315671 0.0451952 0.0349307 0.0208545 0.0283680 0.0207264 0.0420245 0.0283351 0.0569225 0.0337218 0.0237843 0.0638696 0.0499220 0.0533104 0.0201170 0.0250288 0.0302042 0.0271678 0.0330548 0.0315788 0.0466797 0.0499227 0.0432125 0.0643311 0.0344927 0.0423023 0.0563322 0.0578772 0.0324420 0.0939328 0.0294996 0.0375210 0.0320880 0.0556312 0.0539480 0.0669966 0.0266800 0.0272716 0.0226774 0.0334590 0.0621293 0.0319935 0.0592975 0.0588803 0.0495941 0.0504374 0.1396975 0.0543672 0.0608413 0.0423219 0.0416931 
I0205_1183_Tyrannidae_Hirundinea_ferruginea               0.0556251 0.0683181 0.0757719 0.0675947 0.0428082 0.0719459 0.0930458 0.0666869 0.0644892 0.0841239 0.0958883 0.0643729 0.0478832 0.0716673 0.0396131 0.0636049 0.0484249 0.0157617 0.0557626 0.0000000 0.0599494 0.0411937 0.0583550 0.0588451 0.0560287 0.0660874 0.0586589 0.1007166 0.0517244 0.0572516 0.0573360 0.0220156 0.0222977 0.0715933 0.0738451 0.0659533 0.0564325 0.0378795 0.0913976 0.0208430 0.1022397 0.0210487 0.0209046 0.1130823 0.1069035 0.1109302 0.0526228 0.0671559 0.0774034 0.0625650 0.0399319 0.0200931 0.0586408 0.0722434 0.0218707 0.0399428 0.0677347 0.0677779 0.0585600 0.0161113 0.0715611 0.0600813 0.0607464 0.1013563 0.0208467 0.0821611 0.0754120 0.0581388 0.0667055 0.0903541 0.0818013 0.0695294 0.0967607 0.0885971 0.0404834 0.0210537 0.0640995 0.0597991 0.0214399 0.0955873 0.0537380 0.0569855 0.0591006 0.0705394 0.0702610 0.0729041 0.0727332 0.0552969 0.0527070 0.0754232 0.1029593 0.0722268 0.0705349 0.0659929 0.0548427 0.0809255 0.0654773 0.0814932 0.0969082 0.0556584 0.0839852 0.0580355 0.0558727 0.0567711 0.0673092 0.0667523 0.0779707 0.0671579 0.0613227 0.0592881 0.0665835 0.0733582 0.0999663 0.0620067 0.0760660 0.0987082 0.0599924 0.0547958 0.0392963 0.0770504 0.0582817 0.0493535 0.0549833 0.0871494 0.0712671 0.0554576 0.0603264 0.0569021 0.0414113 0.0675227 0.0667788 0.0841908 0.0576694 0.0610911 0.0683966 0.0550367 0.0706890 0.0977616 0.0818985 0.0661029 0.0479916 0.0620581 0.0726802 0.0640190 0.0549368 0.0582101 0.0545762 0.0711372 0.0592461 0.0788216 0.0622223 0.0559718 0.0932646 0.0452698 0.0219640 0.0517871 0.0575593 0.0595248 0.0594559 0.0628371 0.0617728 0.0735966 0.0767360 0.0718373 0.0901879 0.0631594 0.0727712 0.0397608 0.0157049 0.0613288 0.1173655 0.0595350 0.0656778 0.0630462 0.0437668 0.0464102 0.0959495 0.0583817 0.0561570 0.0546565 0.0610798 0.0899007 0.0621423 0.0503161 0.0517158 0.0453583 0.0409028 0.1659690 0.0466093 0.0519793 0.0705186 0.0662536 
