37
Burramyidae_Burramys_parvus                  0.0000000 0.1021174 0.0900740 0.0910795 0.1118116 0.0752820 0.0710065 0.0867657 0.1098268 0.0746680 0.1154092 0.1127437 0.0770721 0.0898114 0.1128206 0.1114338 0.1098956 0.1084984 0.0915624 0.0830937 0.1424049 0.1498849 0.1110789 0.1004586 0.0926952 0.0998882 0.0897137 0.0793431 0.1085379 0.0802640 0.0775711 0.1134510 0.1107881 0.1100118 0.1420383 9.0000000 9.0000000 
Vombatidae_Lasiorhinus_latifrons             0.1021174 0.0000000 0.1323778 0.1296393 0.1427382 0.1066117 0.1009592 0.1329987 0.1273403 0.1167000 0.1503991 0.1433257 0.1067332 0.1192235 0.1449509 0.1400483 0.1377161 0.1241063 0.1263640 0.1200444 0.1695943 0.1803414 0.1480253 0.1335339 0.1061610 0.1366230 0.1207104 0.1414773 0.1296574 0.1205973 0.1218491 0.1256859 0.1440714 0.1275143 0.1503063 1.6810661 1.6810661 
Potoroidae_Bettongia_penicillata             0.0900740 0.1323778 0.0000000 0.0072201 0.1315315 0.1066687 0.1038206 0.0249614 0.1387186 0.1178487 0.1396422 0.1301008 0.1092559 0.1189885 0.1356741 0.1295143 0.1264212 0.1360333 0.0435038 0.1158769 0.1727232 0.1769047 0.1431038 0.0618332 0.1189585 0.1250021 0.0411477 0.1268037 0.1406278 0.1135916 0.1200693 0.1456139 0.1298877 0.1391610 0.1646705 1.3540039 1.3540039 
Potoroidae_Bettongia_lesueur                 0.0910795 0.1296393 0.0072201 0.0000000 0.1250045 0.1072746 0.1059948 0.0213909 0.1311942 0.1090393 0.1336586 0.1278027 0.1102037 0.1233305 0.1318467 0.1228522 0.1219114 0.1305223 0.0436102 0.1111974 0.1698875 0.1725642 0.1366897 0.0619351 0.1216578 0.1193200 0.0410054 0.1143324 0.1426220 0.1126708 0.1088066 0.1343439 0.1251760 0.1314233 0.1841375 9.0000000 9.0000000 
Dasyuridae_Dasyurus_maculatus                0.1118116 0.1427382 0.1315315 0.1250045 0.0000000 0.1307622 0.1197412 0.1339659 0.1284004 0.1335590 0.0299288 0.0407770 0.1200763 0.1441889 0.0296560 0.0086371 0.0378888 0.1348781 0.1366152 0.1386304 0.1607920 0.1779985 0.0300623 0.1429340 0.1154475 0.1464534 0.1304998 0.1454628 0.1586599 0.1323008 0.1355457 0.1408041 0.0086243 0.1288483 0.1531539 1.8353439 1.8353439 
Phalangeridae_Trichosurus_vulpecula          0.0752820 0.1066117 0.1066687 0.1072746 0.1307622 0.0000000 0.0289110 0.1073019 0.1234245 0.0468165 0.1341184 0.1307565 0.0322955 0.0991457 0.1307445 0.1297790 0.1255000 0.1175753 0.1026657 0.0913745 0.1551536 0.1546577 0.1347948 0.1104377 0.0974919 0.1034019 0.0989571 0.1120930 0.1156519 0.0936919 0.0472877 0.1267202 0.1281134 0.1238686 0.1489698 1.5727585 1.5727585 
Phalangeridae_Spilocuscus_maculatus          0.0710065 0.1009592 0.1038206 0.1059948 0.1197412 0.0289110 0.0000000 0.1014496 0.1108366 0.0148482 0.1274641 0.1231123 0.0192231 0.1028932 0.1249277 0.1179708 0.1160735 0.1052913 0.1068205 0.0898297 0.1485645 0.1429596 0.1258842 0.1091945 0.0926997 0.1048988 0.1002181 0.0953827 0.1133087 0.0871366 0.0187523 0.1083638 0.1173128 0.1103694 0.1627185 9.0000000 9.0000000 
Potoroidae_Aepyprymnus_rufescens             0.0867657 0.1329987 0.0249614 0.0213909 0.1339659 0.1073019 0.1014496 0.0000000 0.1348956 0.1109691 0.1411088 0.1321270 0.1085937 0.1154786 0.1376356 0.1307824 0.1286356 0.1354337 0.0466285 0.1118119 0.1665399 0.1711214 0.1427003 0.0672197 0.1206480 0.1193463 0.0464003 0.1156051 0.1366876 0.1134733 0.1147065 0.1379691 0.1318947 0.1344185 0.1764960 1.1192965 1.1192965 
Peramelidae_Perameles_nasuta                 0.1098268 0.1273403 0.1387186 0.1311942 0.1284004 0.1234245 0.1108366 0.1348956 0.0000000 0.1026118 0.1385095 0.1273705 0.1132312 0.1356091 0.1338342 0.1252740 0.1223214 0.0285834 0.1402943 0.1409282 0.1800444 0.1775824 0.1336843 0.1467287 0.1060425 0.1456232 0.1301160 0.1246574 0.1563977 0.1257890 0.1009233 0.0365247 0.1269526 0.0003852 0.1641523 0.7140033 0.7140033 
Phalangeridae_Strigocuscus_pelengensis       0.0746680 0.1167000 0.1178487 0.1090393 0.1335590 0.0468165 0.0148482 0.1109691 0.1026118 0.0000000 0.1427648 0.1352955 0.0189825 0.1191346 0.1386029 0.1336711 0.1267022 0.1018043 0.1188380 0.1070609 0.1653921 0.1615074 0.1401021 0.1235054 0.1028432 0.1083821 0.1097507 0.0907582 0.1301783 0.1045258 0.0165818 0.1010188 0.1325672 0.1054974 0.1616903 0.7857728 0.7857728 
Dasyuridae_Phascogale_tapoatafa              0.1154092 0.1503991 0.1396422 0.1336586 0.0299288 0.1341184 0.1274641 0.1411088 0.1385095 0.1427648 0.0000000 0.0471048 0.1277953 0.1476449 0.0050343 0.0268206 0.0439213 0.1444681 0.1460222 0.1472729 0.1700578 0.1889603 0.0255324 0.1512413 0.1247464 0.1538085 0.1393757 0.1549812 0.1702735 0.1407641 0.1415361 0.1528812 0.0291338 0.1396436 0.1504608 1.8552220 1.8552220 
Dasyuridae_Sminthopsis_macroura              0.1127437 0.1433257 0.1301008 0.1278027 0.0407770 0.1307565 0.1231123 0.1321270 0.1273705 0.1352955 0.0471048 0.0000000 0.1273604 0.1426503 0.0450733 0.0397869 0.0295929 0.1326729 0.1339774 0.1405940 0.1587647 0.1772392 0.0445883 0.1422722 0.1166564 0.1467178 0.1304694 0.1480783 0.1601603 0.1343636 0.1359772 0.1395996 0.0386875 0.1278127 0.1486623 1.5286840 1.5286840 
Phalangeridae_Phalanger_orientalis           0.0770721 0.1067332 0.1092559 0.1102037 0.1200763 0.0322955 0.0192231 0.1085937 0.1132312 0.0189825 0.1277953 0.1273604 0.0000000 0.1068935 0.1238780 0.1177054 0.1178250 0.1085227 0.1137885 0.0941805 0.1512881 0.1449517 0.1263414 0.1161894 0.0943739 0.1078748 0.1069540 0.0991720 0.1182947 0.0895027 0.0059424 0.1108769 0.1189702 0.1134250 0.1593152 9.0000000 9.0000000 
Acrobatidae_Acrobates_pygmaeus               0.0898114 0.1192235 0.1189885 0.1233305 0.1441889 0.0991457 0.1028932 0.1154786 0.1356091 0.1191346 0.1476449 0.1426503 0.1068935 0.0000000 0.1460576 0.1462862 0.1409669 0.1383560 0.1169289 0.1081674 0.1643302 0.1723517 0.1459260 0.1215187 0.1147486 0.1228722 0.1067429 0.1215609 0.1133852 0.0657211 0.1175989 0.1394192 0.1429369 0.1353897 0.1641758 1.4340357 1.4340357 
Dasyuridae_Phascogale_calura                 0.1128206 0.1449509 0.1356741 0.1318467 0.0296560 0.1307445 0.1249277 0.1376356 0.1338342 0.1386029 0.0050343 0.0450733 0.1238780 0.1460576 0.0000000 0.0286631 0.0414924 0.1397546 0.1411394 0.1445173 0.1646954 0.1846326 0.0256635 0.1475535 0.1220186 0.1537296 0.1360644 0.1507289 0.1651802 0.1374341 0.1367709 0.1480870 0.0288630 0.1349662 0.1499409 1.7677126 1.7677126 
Dasyuridae_Sarcophilus_harrisii              0.1114338 0.1400483 0.1295143 0.1228522 0.0086371 0.1297790 0.1179708 0.1307824 0.1252740 0.1336711 0.0268206 0.0397869 0.1177054 0.1462862 0.0286631 0.0000000 0.0340583 0.1308283 0.1356207 0.1385387 0.1587841 0.1744144 0.0290791 0.1409318 0.1139753 0.1465974 0.1287076 0.1434693 0.1588827 0.1344494 0.1332593 0.1393581 0.0094552 0.1257193 0.1488488 1.7983367 1.7983367 
Dasyuridae_Planigale_tenuirostris            0.1098956 0.1377161 0.1264212 0.1219114 0.0378888 0.1255000 0.1160735 0.1286356 0.1223214 0.1267022 0.0439213 0.0295929 0.1178250 0.1409669 0.0414924 0.0340583 0.0000000 0.1247071 0.1243904 0.1359274 0.1567430 0.1664343 0.0437915 0.1333563 0.1061148 0.1470733 0.1181174 0.1406496 0.1504006 0.1298983 0.1256387 0.1276295 0.0370644 0.1229385 0.1567341 1.5710070 1.5710070 
Peramelidae_Echymipera_kalubu                0.1084984 0.1241063 0.1360333 0.1305223 0.1348781 0.1175753 0.1052913 0.1354337 0.0285834 0.1018043 0.1444681 0.1326729 0.1085227 0.1383560 0.1397546 0.1308283 0.1247071 0.0000000 0.1367707 0.1401794 0.1796861 0.1710072 0.1426842 0.1431476 0.1024080 0.1438382 0.1310600 0.1300472 0.1578425 0.1267001 0.1030324 0.0290856 0.1323109 0.0298504 0.1557087 0.8775487 0.8775487 
Macropodidae_Dorcopsulus_vanheurni           0.0915624 0.1263640 0.0435038 0.0436102 0.1366152 0.1026657 0.1068205 0.0466285 0.1402943 0.1188380 0.1460222 0.1339774 0.1137885 0.1169289 0.1411394 0.1356207 0.1243904 0.1367707 0.0000000 0.1084896 0.1800208 0.1837482 0.1436551 0.0611184 0.1188353 0.1293033 0.0215148 0.1261155 0.1348886 0.1078835 0.1204147 0.1408786 0.1341475 0.1405207 0.1637853 1.4344761 1.4344761 
Pseudochiridae_Pseudochirulus_forbesi        0.0830937 0.1200444 0.1158769 0.1111974 0.1386304 0.0913745 0.0898297 0.1118119 0.1409282 0.1070609 0.1472729 0.1405940 0.0941805 0.1081674 0.1445173 0.1385387 0.1359274 0.1401794 0.1084896 0.0000000 0.1663951 0.1717933 0.1416882 0.1163587 0.1131454 0.0507376 0.0982480 0.0472868 0.1053234 0.0949014 0.1087192 0.1430478 0.1370726 0.1419935 0.1420399 1.4630602 1.4630602 
Didelphidae_Didelphis_virginiana             0.1424049 0.1695943 0.1727232 0.1698875 0.1607920 0.1551536 0.1485645 0.1665399 0.1800444 0.1653921 0.1700578 0.1587647 0.1512881 0.1643302 0.1646954 0.1587841 0.1567430 0.1796861 0.1800208 0.1663951 0.0000000 0.0800459 0.1777116 0.1888341 0.1426606 0.1739875 0.1700067 0.1713904 0.1691145 0.1650261 0.1657586 0.1837871 0.1613490 0.1815843 0.1984952 1.6051814 1.6051814 
Marmosidae_Monodelphis_domestica             0.1498849 0.1803414 0.1769047 0.1725642 0.1779985 0.1546577 0.1429596 0.1711214 0.1775824 0.1615074 0.1889603 0.1772392 0.1449517 0.1723517 0.1846326 0.1744144 0.1664343 0.1710072 0.1837482 0.1717933 0.0800459 0.0000000 0.1934588 0.1901156 0.1438593 0.1976192 0.1750859 0.1802789 0.1853276 0.1697220 0.1618628 0.1811222 0.1770652 0.1775260 0.2005920 1.6404251 1.6404251 
Dasyuridae_Antechinus_stuartii               0.1110789 0.1480253 0.1431038 0.1366897 0.0300623 0.1347948 0.1258842 0.1427003 0.1336843 0.1401021 0.0255324 0.0445883 0.1263414 0.1459260 0.0256635 0.0290791 0.0437915 0.1426842 0.1436551 0.1416882 0.1777116 0.1934588 0.0000000 0.1534620 0.1236448 0.1558788 0.1398040 0.1530994 0.1662769 0.1338935 0.1390709 0.1513875 0.0288235 0.1348163 0.1538431 1.8671504 1.8671504 
Hypsiprymnodontidae_Hypsiprymnodon_moschatus 0.1004586 0.1335339 0.0618332 0.0619351 0.1429340 0.1104377 0.1091945 0.0672197 0.1467287 0.1235054 0.1512413 0.1422722 0.1161894 0.1215187 0.1475535 0.1409318 0.1333563 0.1431476 0.0611184 0.1163587 0.1888341 0.1901156 0.1534620 0.0000000 0.1280422 0.1406902 0.0586356 0.1346016 0.1429747 0.1174424 0.1291263 0.1493510 0.1413406 0.1472181 0.1668743 1.4032042 1.4032042 
Microbiotheriidae_Dromiciops_gliroides       0.0926952 0.1061610 0.1189585 0.1216578 0.1154475 0.0974919 0.0926997 0.1206480 0.1060425 0.1028432 0.1247464 0.1166564 0.0943739 0.1147486 0.1220186 0.1139753 0.1061148 0.1024080 0.1188353 0.1131454 0.1426606 0.1438593 0.1236448 0.1280422 0.0000000 0.1320607 0.1091360 0.1315361 0.1311746 0.1067267 0.1067011 0.1066060 0.1169817 0.1068739 0.1293959 1.4978494 1.4978494 
Pseudochiridae_Petauroides_volans            0.0998882 0.1366230 0.1250021 0.1193200 0.1464534 0.1034019 0.1048988 0.1193463 0.1456232 0.1083821 0.1538085 0.1467178 0.1078748 0.1228722 0.1537296 0.1465974 0.1470733 0.1438382 0.1293033 0.0507376 0.1739875 0.1976192 0.1558788 0.1406902 0.1320607 0.0000000 0.1163899 0.0498933 0.1004449 0.1099108 0.1085029 0.1398203 0.1460540 0.1459764 0.1583061 9.0000000 9.0000000 
Macropodidae_Wallabia_bicolor                0.0897137 0.1207104 0.0411477 0.0410054 0.1304998 0.0989571 0.1002181 0.0464003 0.1301160 0.1097507 0.1393757 0.1304694 0.1069540 0.1067429 0.1360644 0.1287076 0.1181174 0.1310600 0.0215148 0.0982480 0.1700067 0.1750859 0.1398040 0.0586356 0.1091360 0.1163899 0.0000000 0.1157028 0.1296323 0.1034249 0.1154157 0.1346905 0.1289368 0.1305581 0.1539444 1.4045413 1.4045413 
Pseudochiridae_Pseudocheirus_occidentalis    0.0793431 0.1414773 0.1268037 0.1143324 0.1454628 0.1120930 0.0953827 0.1156051 0.1246574 0.0907582 0.1549812 0.1480783 0.0991720 0.1215609 0.1507289 0.1434693 0.1406496 0.1300472 0.1261155 0.0472868 0.1713904 0.1802789 0.1530994 0.1346016 0.1315361 0.0498933 0.1157028 0.0000000 0.1249324 0.1116663 0.0906252 0.1260018 0.1449027 0.1276920 0.1729184 0.7676455 0.7676455 
Tarsipedidae_Tarsipes_rostratus              0.1085379 0.1296574 0.1406278 0.1426220 0.1586599 0.1156519 0.1133087 0.1366876 0.1563977 0.1301783 0.1702735 0.1601603 0.1182947 0.1133852 0.1651802 0.1588827 0.1504006 0.1578425 0.1348886 0.1053234 0.1691145 0.1853276 0.1662769 0.1429747 0.1311746 0.1004449 0.1296323 0.1249324 0.0000000 0.1079545 0.1356101 0.1582179 0.1582491 0.1561519 0.1730030 1.5640419 1.5640419 
Acrobatidae_Distoechurus_pennatus            0.0802640 0.1205973 0.1135916 0.1126708 0.1323008 0.0936919 0.0871366 0.1134733 0.1257890 0.1045258 0.1407641 0.1343636 0.0895027 0.0657211 0.1374341 0.1344494 0.1298983 0.1267001 0.1078835 0.0949014 0.1650261 0.1697220 0.1338935 0.1174424 0.1067267 0.1099108 0.1034249 0.1116663 0.1079545 0.0000000 0.1057177 0.1357583 0.1329055 0.1267516 0.1574237 1.4651006 1.4651006 
Phalangeridae_Phalanger_carmelitae           0.0775711 0.1218491 0.1200693 0.1088066 0.1355457 0.0472877 0.0187523 0.1147065 0.1009233 0.0165818 0.1415361 0.1359772 0.0059424 0.1175989 0.1367709 0.1332593 0.1256387 0.1030324 0.1204147 0.1087192 0.1657586 0.1618628 0.1390709 0.1291263 0.1067011 0.1085029 0.1154157 0.0906252 0.1356101 0.1057177 0.0000000 0.1004992 0.1346166 0.1043333 0.1587422 0.7690104 0.7690104 
Peramelidae_Peroryctes_raffrayana            0.1134510 0.1256859 0.1456139 0.1343439 0.1408041 0.1267202 0.1083638 0.1379691 0.0365247 0.1010188 0.1528812 0.1395996 0.1108769 0.1394192 0.1480870 0.1393581 0.1276295 0.0290856 0.1408786 0.1430478 0.1837871 0.1811222 0.1513875 0.1493510 0.1066060 0.1398203 0.1346905 0.1260018 0.1582179 0.1357583 0.1004992 0.0000000 0.1415250 0.0392285 0.1629045 0.6505859 0.6505859 
Dasyuridae_Dasyurus_geffroii                 0.1107881 0.1440714 0.1298877 0.1251760 0.0086243 0.1281134 0.1173128 0.1318947 0.1269526 0.1325672 0.0291338 0.0386875 0.1189702 0.1429369 0.0288630 0.0094552 0.0370644 0.1323109 0.1341475 0.1370726 0.1613490 0.1770652 0.0288235 0.1413406 0.1169817 0.1460540 0.1289368 0.1449027 0.1582491 0.1329055 0.1346166 0.1415250 0.0000000 0.1274012 0.1506149 1.8688641 1.8688641 
Peramelidae_Perameles_gunnii                 0.1100118 0.1275143 0.1391610 0.1314233 0.1288483 0.1238686 0.1103694 0.1344185 0.0003852 0.1054974 0.1396436 0.1278127 0.1134250 0.1353897 0.1349662 0.1257193 0.1229385 0.0298504 0.1405207 0.1419935 0.1815843 0.1775260 0.1348163 0.1472181 0.1068739 0.1459764 0.1305581 0.1276920 0.1561519 0.1267516 0.1043333 0.0392285 0.1274012 0.0000000 0.1651437 0.7794398 0.7794398 
Notoryctidae_Notoryctes_typhlops             0.1420383 0.1503063 0.1646705 0.1841375 0.1531539 0.1489698 0.1627185 0.1764960 0.1641523 0.1616903 0.1504608 0.1486623 0.1593152 0.1641758 0.1499409 0.1488488 0.1567341 0.1557087 0.1637853 0.1420399 0.1984952 0.2005920 0.1538431 0.1668743 0.1293959 0.1583061 0.1539444 0.1729184 0.1730030 0.1574237 0.1587422 0.1629045 0.1506149 0.1651437 0.0000000 1.2397591 1.2397591 
Peramelidae_Isoodon_obesulus1                9.0000000 1.6810661 1.3540039 9.0000000 1.8353439 1.5727585 9.0000000 1.1192965 0.7140033 0.7857728 1.8552220 1.5286840 9.0000000 1.4340357 1.7677126 1.7983367 1.5710070 0.8775487 1.4344761 1.4630602 1.6051814 1.6404251 1.8671504 1.4032042 1.4978494 9.0000000 1.4045413 0.7676455 1.5640419 1.4651006 0.7690104 0.6505859 1.8688641 0.7794398 1.2397591 0.0000000 0.0000010 
Peramelidae_Isoodon_obesulus2                9.0000000 1.6810661 1.3540039 9.0000000 1.8353439 1.5727585 9.0000000 1.1192965 0.7140033 0.7857728 1.8552220 1.5286840 9.0000000 1.4340357 1.7677126 1.7983367 1.5710070 0.8775487 1.4344761 1.4630602 1.6051814 1.6404251 1.8671504 1.4032042 1.4978494 9.0000000 1.4045413 0.7676455 1.5640419 1.4651006 0.7690104 0.6505859 1.8688641 0.7794398 1.2397591 0.0000010 0.0000000 
