35
Burramyidae_Burramys_parvus                  0.0000000 0.0751777 0.0334289 0.0352503 0.0405471 0.0983231 0.0290456 0.0332204 0.0308162 0.0851817 0.0333271 0.0920181 0.0911876 0.0371528 0.0561610 0.0945516 0.0910586 0.0874945 0.0887570 0.0268208 0.0527858 0.1032483 0.0899689 0.0931824 0.0353387 0.0656034 0.0395703 0.0303982 0.0341602 0.0747976 0.0560101 0.0390486 0.0856006 0.0988682 0.0846685 
Notoryctidae_Notoryctes_typhlops             0.0751777 0.0000000 0.0651424 0.0626476 0.0688688 0.1210720 0.0672270 0.0691749 0.0599740 0.0780569 0.0701281 0.1181580 0.1181686 0.0763959 0.0853605 0.1187758 0.1163259 0.1185947 0.0778943 0.0584455 0.0909217 0.1147818 0.1070720 0.1193252 0.0749865 0.0655205 0.0780072 0.0582556 0.0694258 0.1118768 0.1018528 0.0792247 0.0778566 0.1203433 0.0786896 
Vombatidae_Lasiorhinus_latifrons             0.0334289 0.0651424 0.0000000 0.0349078 0.0381319 0.0954631 0.0275686 0.0356905 0.0295907 0.0802904 0.0280325 0.0888070 0.0874702 0.0380273 0.0541996 0.0939806 0.0902052 0.0856671 0.0825169 0.0279962 0.0513418 0.0852042 0.0804575 0.0932331 0.0401836 0.0645975 0.0378882 0.0284306 0.0337998 0.0652231 0.0595587 0.0398671 0.0787613 0.0947152 0.0810918 
Potoroidae_Bettongia_penicillata             0.0352503 0.0626476 0.0349078 0.0000000 0.0014523 0.0912115 0.0334817 0.0318801 0.0017332 0.0827109 0.0296463 0.0863525 0.0871180 0.0376251 0.0557160 0.0900697 0.0880392 0.0867465 0.0868536 0.0042649 0.0504846 0.0970331 0.0891020 0.0900418 0.0102433 0.0636709 0.0382443 0.0042410 0.0356477 0.0676786 0.0550313 0.0381018 0.0805656 0.0912154 0.0839855 
Potoroidae_Bettongia_lesueur                 0.0405471 0.0688688 0.0381319 0.0014523 0.0000000 0.0950904 0.0381674 0.0338052 0.0021749 0.0863478 0.0293425 0.0901667 0.0922317 0.0433570 0.0542058 0.0939252 0.0906219 0.0889473 0.0905466 0.0047792 0.0532137 0.0984682 0.0898674 0.0939862 0.0128238 0.0654191 0.0382688 0.0047510 0.0401817 0.0691834 0.0557359 0.0437800 0.0843249 0.0951006 0.0871089 
Dasyuridae_Dasyurus_maculatus                0.0983231 0.1210720 0.0954631 0.0912115 0.0950904 0.0000000 0.0940223 0.0931643 0.0894228 0.1252073 0.0921941 0.0041300 0.0070911 0.0919053 0.1198824 0.0045285 0.0021019 0.0059751 0.1316035 0.0893676 0.1087288 0.1647516 0.1636620 0.0044404 0.0955490 0.1004217 0.1045223 0.0912752 0.1013297 0.1451396 0.1255601 0.0935101 0.1293537 0.0014509 0.1276220 
Phalangeridae_Trichosurus_vulpecula          0.0290456 0.0672270 0.0275686 0.0334817 0.0381674 0.0940223 0.0000000 0.0056610 0.0265668 0.0816086 0.0061674 0.0865242 0.0898514 0.0066719 0.0602558 0.0889959 0.0907984 0.0795240 0.0867086 0.0314253 0.0500392 0.1002132 0.0839255 0.0908224 0.0322453 0.0694823 0.0290820 0.0317276 0.0348828 0.0702414 0.0638321 0.0070843 0.0823681 0.0952543 0.0823668 
Phalangeridae_Spilocuscus_maculatus          0.0332204 0.0691749 0.0356905 0.0318801 0.0338052 0.0931643 0.0056610 0.0000000 0.0300653 0.0850137 0.0024456 0.0900144 0.0876130 0.0033072 0.0568922 0.0924477 0.0884523 0.0815306 0.0908031 0.0317538 0.0476148 0.1108485 0.0979295 0.0918038 0.0333070 0.0641886 0.0320918 0.0297264 0.0344196 0.0757277 0.0610970 0.0034836 0.0858143 0.0943935 0.0857843 
Potoroidae_Aepyprymnus_rufescens             0.0308162 0.0599740 0.0295907 0.0017332 0.0021749 0.0894228 0.0265668 0.0300653 0.0000000 0.0799757 0.0239825 0.0858600 0.0879215 0.0349103 0.0485340 0.0883342 0.0875406 0.0864432 0.0860559 0.0035967 0.0473154 0.0909354 0.0844621 0.0896153 0.0092179 0.0597497 0.0275565 0.0037622 0.0293897 0.0658735 0.0488858 0.0353959 0.0803809 0.0907714 0.0803136 
Peramelidae_Perameles_nasuta                 0.0851817 0.0780569 0.0802904 0.0827109 0.0863478 0.1252073 0.0816086 0.0850137 0.0799757 0.0000000 0.0822481 0.1213156 0.1244590 0.0879396 0.1045519 0.1240605 0.1204028 0.1136396 0.0032308 0.0796918 0.1114565 0.1199183 0.1152046 0.1242106 0.0861025 0.0800248 0.0874012 0.0810952 0.0977331 0.1255273 0.1143537 0.0893616 0.0029000 0.1250591 0.0000578 
Phalangeridae_Strigocuscus_pelengensis       0.0333271 0.0701281 0.0280325 0.0296463 0.0293425 0.0921941 0.0061674 0.0024456 0.0239825 0.0822481 0.0000000 0.0870666 0.0861709 0.0030141 0.0560053 0.0922153 0.0847543 0.0787455 0.0836914 0.0247020 0.0486971 0.1087883 0.0968605 0.0913788 0.0266235 0.0634191 0.0388405 0.0228490 0.0362043 0.0746317 0.0596285 0.0029293 0.0784655 0.0927397 0.0833590 
Dasyuridae_Phascogale_tapoatafa              0.0920181 0.1181580 0.0888070 0.0863525 0.0901667 0.0041300 0.0865242 0.0900144 0.0858600 0.1213156 0.0870666 0.0000000 0.0063570 0.0882471 0.1209204 0.0005996 0.0035679 0.0053196 0.1306668 0.0843585 0.1027016 0.1635242 0.1595247 0.0018829 0.0872948 0.0886195 0.1048648 0.0855917 0.0968554 0.1394509 0.1243657 0.0891675 0.1284703 0.0043214 0.1237461 
Dasyuridae_Sminthopsis_macroura              0.0911876 0.1181686 0.0874702 0.0871180 0.0922317 0.0070911 0.0898514 0.0876130 0.0879215 0.1244590 0.0861709 0.0063570 0.0000000 0.0873833 0.1157931 0.0071853 0.0068062 0.0039587 0.1275152 0.0878183 0.1042806 0.1612420 0.1651861 0.0070682 0.0879739 0.0963243 0.1046072 0.0890482 0.0937045 0.1425342 0.1231624 0.0887958 0.1276179 0.0069404 0.1261224 
Phalangeridae_Phalanger_orientalis           0.0371528 0.0763959 0.0380273 0.0376251 0.0433570 0.0919053 0.0066719 0.0033072 0.0349103 0.0879396 0.0030141 0.0882471 0.0873833 0.0000000 0.0625741 0.0920014 0.0872747 0.0790691 0.0925478 0.0349906 0.0498058 0.1126695 0.0944552 0.0913528 0.0357665 0.0695037 0.0357749 0.0345426 0.0346776 0.0822382 0.0638163 0.0008524 0.0881453 0.0944431 0.0874380 
Acrobatidae_Acrobates_pygmaeus               0.0561610 0.0853605 0.0541996 0.0557160 0.0542058 0.1198824 0.0602558 0.0568922 0.0485340 0.1045519 0.0560053 0.1209204 0.1157931 0.0625741 0.0000000 0.1207742 0.1209902 0.1080314 0.1081356 0.0460548 0.0574745 0.1189010 0.1104066 0.1229777 0.0505461 0.0774931 0.0400980 0.0469056 0.0425608 0.0705392 0.0153002 0.0647305 0.1032775 0.1242719 0.1059601 
Dasyuridae_Phascogale_calura                 0.0945516 0.1187758 0.0939806 0.0900697 0.0939252 0.0045285 0.0889959 0.0924477 0.0883342 0.1240605 0.0922153 0.0005996 0.0071853 0.0920014 0.1207742 0.0000000 0.0043267 0.0058074 0.1321911 0.0880887 0.1057119 0.1625114 0.1601502 0.0023353 0.0897763 0.0912134 0.1040890 0.0893180 0.0977466 0.1418426 0.1264788 0.0942316 0.1312980 0.0050534 0.1265166 
Dasyuridae_Sarcophilus_harrisii              0.0910586 0.1163259 0.0902052 0.0880392 0.0906219 0.0021019 0.0907984 0.0884523 0.0875406 0.1204028 0.0847543 0.0035679 0.0068062 0.0872747 0.1209902 0.0043267 0.0000000 0.0054723 0.1241994 0.0861689 0.1037644 0.1620366 0.1628719 0.0042410 0.0917106 0.0954421 0.0968319 0.0874363 0.0958780 0.1400490 0.1221443 0.0875793 0.1220267 0.0022517 0.1228414 
Dasyuridae_Planigale_tenuirostris            0.0874945 0.1185947 0.0856671 0.0867465 0.0889473 0.0059751 0.0795240 0.0815306 0.0864432 0.1136396 0.0787455 0.0053196 0.0039587 0.0790691 0.1080314 0.0058074 0.0054723 0.0000000 0.1177262 0.0838465 0.1002205 0.1534303 0.1567799 0.0059388 0.0829416 0.0936323 0.0965922 0.0832263 0.0908944 0.1268519 0.1125961 0.0808066 0.1175306 0.0063644 0.1151440 
Peramelidae_Echymipera_kalubu                0.0887570 0.0778943 0.0825169 0.0868536 0.0905466 0.1316035 0.0867086 0.0908031 0.0860559 0.0032308 0.0836914 0.1306668 0.1275152 0.0925478 0.1081356 0.1321911 0.1241994 0.1177262 0.0000000 0.0844536 0.1103558 0.1325626 0.1246966 0.1313658 0.0902237 0.0846179 0.0881463 0.0851935 0.0962032 0.1252586 0.1197546 0.0940057 0.0028182 0.1314550 0.0033230 
Macropodidae_Dorcopsulus_vanheurni           0.0268208 0.0584455 0.0279962 0.0042649 0.0047792 0.0893676 0.0314253 0.0317538 0.0035967 0.0796918 0.0247020 0.0843585 0.0878183 0.0349906 0.0460548 0.0880887 0.0861689 0.0838465 0.0844536 0.0000000 0.0447690 0.0916800 0.0822521 0.0880575 0.0090721 0.0590188 0.0224558 0.0010504 0.0311300 0.0638309 0.0477613 0.0354980 0.0770013 0.0907293 0.0804863 
Pseudochiridae_Pseudochirulus_forbesi        0.0527858 0.0909217 0.0513418 0.0504846 0.0532137 0.1087288 0.0500392 0.0476148 0.0473154 0.1114565 0.0486971 0.1027016 0.1042806 0.0498058 0.0574745 0.1057119 0.1037644 0.1002205 0.1103558 0.0447690 0.0000000 0.1260473 0.1149073 0.1073179 0.0507122 0.0688129 0.0094981 0.0467809 0.0039091 0.0708594 0.0615850 0.0501914 0.1048469 0.1108044 0.1123346 
Didelphidae_Didelphis_virginiana             0.1032483 0.1147818 0.0852042 0.0970331 0.0984682 0.1647516 0.1002132 0.1108485 0.0909354 0.1199183 0.1087883 0.1635242 0.1612420 0.1126695 0.1189010 0.1625114 0.1620366 0.1534303 0.1325626 0.0916800 0.1260473 0.0000000 0.0219290 0.1590820 0.1062854 0.1042948 0.1092224 0.0901984 0.1078321 0.1357384 0.1236515 0.1146588 0.1260212 0.1635535 0.1217192 
Marmosidae_Monodelphis_domestica             0.0899689 0.1070720 0.0804575 0.0891020 0.0898674 0.1636620 0.0839255 0.0979295 0.0844621 0.1152046 0.0968605 0.1595247 0.1651861 0.0944552 0.1104066 0.1601502 0.1628719 0.1567799 0.1246966 0.0822521 0.1149073 0.0219290 0.0000000 0.1534567 0.0958223 0.0893663 0.1031883 0.0814938 0.0978400 0.1399639 0.1123630 0.0968057 0.1208947 0.1620902 0.1162328 
Dasyuridae_Antechinus_stuartii               0.0931824 0.1193252 0.0932331 0.0900418 0.0939862 0.0044404 0.0908224 0.0918038 0.0896153 0.1242106 0.0913788 0.0018829 0.0070682 0.0913528 0.1229777 0.0023353 0.0042410 0.0059388 0.1313658 0.0880575 0.1073179 0.1590820 0.1534567 0.0000000 0.0923410 0.0949281 0.1072637 0.0894668 0.0986583 0.1410185 0.1249524 0.0935877 0.1289921 0.0047456 0.1266400 
Hypsiprymnodontidae_Hypsiprymnodon_moschatus 0.0353387 0.0749865 0.0401836 0.0102433 0.0128238 0.0955490 0.0322453 0.0333070 0.0092179 0.0861025 0.0266235 0.0872948 0.0879739 0.0357665 0.0505461 0.0897763 0.0917106 0.0829416 0.0902237 0.0090721 0.0507122 0.1062854 0.0958223 0.0923410 0.0000000 0.0625233 0.0447871 0.0086559 0.0380175 0.0742780 0.0515439 0.0362521 0.0859676 0.0968167 0.0850187 
Microbiotheriidae_Dromiciops_gliroides       0.0656034 0.0655205 0.0645975 0.0636709 0.0654191 0.1004217 0.0694823 0.0641886 0.0597497 0.0800248 0.0634191 0.0886195 0.0963243 0.0695037 0.0774931 0.0912134 0.0954421 0.0936323 0.0846179 0.0590188 0.0688129 0.1042948 0.0893663 0.0949281 0.0625233 0.0000000 0.0661274 0.0562979 0.0630352 0.1055954 0.0861871 0.0696869 0.0816544 0.1015502 0.0809782 
Pseudochiridae_Petauroides_volans            0.0395703 0.0780072 0.0378882 0.0382443 0.0382688 0.1045223 0.0290820 0.0320918 0.0275565 0.0874012 0.0388405 0.1048648 0.1046072 0.0357749 0.0400980 0.1040890 0.0968319 0.0965922 0.0881463 0.0224558 0.0094981 0.1092224 0.1031883 0.1072637 0.0447871 0.0661274 0.0000000 0.0244239 0.0063483 0.0601153 0.0534476 0.0401534 0.0830950 0.1075323 0.0873336 
Macropodidae_Wallabia_bicolor                0.0303982 0.0582556 0.0284306 0.0042410 0.0047510 0.0912752 0.0317276 0.0297264 0.0037622 0.0810952 0.0228490 0.0855917 0.0890482 0.0345426 0.0469056 0.0893180 0.0874363 0.0832263 0.0851935 0.0010504 0.0467809 0.0901984 0.0814938 0.0894668 0.0086559 0.0562979 0.0244239 0.0000000 0.0322155 0.0632753 0.0510739 0.0350527 0.0790169 0.0912792 0.0818418 
Pseudochiridae_Pseudocheirus_occidentalis    0.0341602 0.0694258 0.0337998 0.0356477 0.0401817 0.1013297 0.0348828 0.0344196 0.0293897 0.0977331 0.0362043 0.0968554 0.0937045 0.0346776 0.0425608 0.0977466 0.0958780 0.0908944 0.0962032 0.0311300 0.0039091 0.1078321 0.0978400 0.0986583 0.0380175 0.0630352 0.0063483 0.0322155 0.0000000 0.0539786 0.0475521 0.0366811 0.0931773 0.1033027 0.0973821 
Tarsipedidae_Tarsipes_rostratus              0.0747976 0.1118768 0.0652231 0.0676786 0.0691834 0.1451396 0.0702414 0.0757277 0.0658735 0.1255273 0.0746317 0.1394509 0.1425342 0.0822382 0.0705392 0.1418426 0.1400490 0.1268519 0.1252586 0.0638309 0.0708594 0.1357384 0.1399639 0.1410185 0.0742780 0.1055954 0.0601153 0.0632753 0.0539786 0.0000000 0.0807251 0.0847873 0.1251056 0.1412613 0.1255933 
Acrobatidae_Distoechurus_pennatus            0.0560101 0.1018528 0.0595587 0.0550313 0.0557359 0.1255601 0.0638321 0.0610970 0.0488858 0.1143537 0.0596285 0.1243657 0.1231624 0.0638163 0.0153002 0.1264788 0.1221443 0.1125961 0.1197546 0.0477613 0.0615850 0.1236515 0.1123630 0.1249524 0.0515439 0.0861871 0.0534476 0.0510739 0.0475521 0.0807251 0.0000000 0.0665702 0.1149501 0.1252083 0.1130592 
Phalangeridae_Phalanger_carmelitae           0.0390486 0.0792247 0.0398671 0.0381018 0.0437800 0.0935101 0.0070843 0.0034836 0.0353959 0.0893616 0.0029293 0.0891675 0.0887958 0.0008524 0.0647305 0.0942316 0.0875793 0.0808066 0.0940057 0.0354980 0.0501914 0.1146588 0.0968057 0.0935877 0.0362521 0.0696869 0.0401534 0.0350527 0.0366811 0.0847873 0.0665702 0.0000000 0.0895986 0.0954011 0.0889071 
Peramelidae_Peroryctes_raffrayana            0.0856006 0.0778566 0.0787613 0.0805656 0.0843249 0.1293537 0.0823681 0.0858143 0.0803809 0.0029000 0.0784655 0.1284703 0.1276179 0.0881453 0.1032775 0.1312980 0.1220267 0.1175306 0.0028182 0.0770013 0.1048469 0.1260212 0.1208947 0.1289921 0.0859676 0.0816544 0.0830950 0.0790169 0.0931773 0.1251056 0.1149501 0.0895986 0.0000000 0.1292047 0.0029029 
Dasyuridae_Dasyurus_geffroii                 0.0988682 0.1203433 0.0947152 0.0912154 0.0951006 0.0014509 0.0952543 0.0943935 0.0907714 0.1250591 0.0927397 0.0043214 0.0069404 0.0944431 0.1242719 0.0050534 0.0022517 0.0063644 0.1314550 0.0907293 0.1108044 0.1635535 0.1620902 0.0047456 0.0968167 0.1015502 0.1075323 0.0912792 0.1033027 0.1412613 0.1252083 0.0954011 0.1292047 0.0000000 0.1274736 
Peramelidae_Perameles_gunnii                 0.0846685 0.0786896 0.0810918 0.0839855 0.0871089 0.1276220 0.0823668 0.0857843 0.0803136 0.0000578 0.0833590 0.1237461 0.1261224 0.0874380 0.1059601 0.1265166 0.1228414 0.1151440 0.0033230 0.0804863 0.1123346 0.1217192 0.1162328 0.1266400 0.0850187 0.0809782 0.0873336 0.0818418 0.0973821 0.1255933 0.1130592 0.0889071 0.0029029 0.1274736 0.0000000 
