35
Burramyidae_Burramys_parvus                  0.0000000 0.0564626 0.0407489 0.0424663 0.0414743 0.0731904 0.0344562 0.0384398 0.0398533 0.0690023 0.0406115 0.0677901 0.0688912 0.0390452 0.0437648 0.0730384 0.0740196 0.0642376 0.0661512 0.0386846 0.0500407 0.0675814 0.0749389 0.0659721 0.0393560 0.0456221 0.0452106 0.0372161 0.0436838 0.0691456 0.0391401 0.0376952 0.0658190 0.0848106 0.0692581 
Notoryctidae_Notoryctes_typhlops             0.0564626 0.0000000 0.0585183 0.0623567 0.0631518 0.0782581 0.0603973 0.0628980 0.0604024 0.0698199 0.0606372 0.0804007 0.0772740 0.0625911 0.0659565 0.0813578 0.0791356 0.0751509 0.0700582 0.0568966 0.0683486 0.0777499 0.0777841 0.0755009 0.0646726 0.0508013 0.0620524 0.0548363 0.0585254 0.0987754 0.0611472 0.0615543 0.0719228 0.0921086 0.0696831 
Vombatidae_Lasiorhinus_latifrons             0.0407489 0.0585183 0.0000000 0.0423753 0.0441762 0.0680697 0.0443994 0.0432395 0.0396644 0.0635469 0.0465062 0.0714436 0.0664511 0.0467079 0.0433741 0.0738907 0.0692502 0.0648661 0.0612749 0.0389797 0.0436511 0.0727318 0.0749005 0.0636724 0.0433519 0.0449048 0.0364025 0.0347842 0.0397144 0.0716012 0.0462877 0.0466484 0.0636632 0.0800214 0.0682286 
Potoroidae_Bettongia_penicillata             0.0424663 0.0623567 0.0423753 0.0000000 0.0052969 0.0740386 0.0391899 0.0422977 0.0107843 0.0627105 0.0416955 0.0766636 0.0745102 0.0390029 0.0406858 0.0782625 0.0740864 0.0681266 0.0647354 0.0186902 0.0432568 0.0732040 0.0776101 0.0703697 0.0302379 0.0471118 0.0407062 0.0165428 0.0420902 0.0694104 0.0376838 0.0384447 0.0649631 0.0856597 0.0644290 
Potoroidae_Bettongia_lesueur                 0.0414743 0.0631518 0.0441762 0.0052969 0.0000000 0.0743758 0.0381900 0.0431334 0.0119442 0.0637291 0.0421440 0.0770177 0.0759288 0.0393302 0.0409645 0.0785961 0.0755792 0.0684571 0.0651758 0.0198833 0.0455270 0.0748935 0.0818766 0.0721784 0.0310981 0.0484886 0.0419959 0.0185585 0.0433841 0.0702855 0.0371603 0.0387721 0.0642109 0.0865588 0.0648709 
Dasyuridae_Dasyurus_maculatus                0.0731904 0.0782581 0.0680697 0.0740386 0.0743758 0.0000000 0.0818063 0.0725116 0.0730170 0.0876221 0.0753449 0.0136673 0.0197823 0.0774074 0.0703757 0.0148349 0.0058735 0.0206083 0.0839262 0.0674707 0.0675798 0.0979304 0.0945993 0.0119485 0.0740018 0.0662141 0.0660017 0.0665606 0.0687165 0.0969387 0.0727197 0.0773701 0.0841969 0.0159735 0.0897886 
Phalangeridae_Trichosurus_vulpecula          0.0344562 0.0603973 0.0443994 0.0391899 0.0381900 0.0818063 0.0000000 0.0208812 0.0393606 0.0711234 0.0206275 0.0801180 0.0774306 0.0182967 0.0469733 0.0828208 0.0833043 0.0728906 0.0708514 0.0381213 0.0499226 0.0771080 0.0799525 0.0788571 0.0450892 0.0510786 0.0454320 0.0363247 0.0419298 0.0739083 0.0423965 0.0200312 0.0731319 0.0945489 0.0725755 
Phalangeridae_Spilocuscus_maculatus          0.0384398 0.0628980 0.0432395 0.0422977 0.0431334 0.0725116 0.0208812 0.0000000 0.0409328 0.0660706 0.0119969 0.0727663 0.0695542 0.0096909 0.0433039 0.0762963 0.0733140 0.0659863 0.0655353 0.0403016 0.0449196 0.0738014 0.0792710 0.0688048 0.0460367 0.0483904 0.0429190 0.0375446 0.0387013 0.0740475 0.0442685 0.0112963 0.0689757 0.0845177 0.0730551 
Potoroidae_Aepyprymnus_rufescens             0.0398533 0.0604024 0.0396644 0.0107843 0.0119442 0.0730170 0.0393606 0.0409328 0.0000000 0.0634596 0.0398531 0.0750294 0.0721840 0.0392403 0.0400245 0.0766480 0.0725090 0.0665406 0.0659127 0.0185271 0.0423495 0.0757402 0.0806877 0.0693632 0.0304568 0.0463678 0.0389919 0.0180541 0.0399503 0.0689259 0.0347339 0.0378409 0.0656258 0.0856964 0.0664828 
Peramelidae_Perameles_nasuta                 0.0690023 0.0698199 0.0635469 0.0627105 0.0637291 0.0876221 0.0711234 0.0660706 0.0634596 0.0000000 0.0670151 0.0862398 0.0841821 0.0683838 0.0680050 0.0909852 0.0870701 0.0807876 0.0109126 0.0624424 0.0682431 0.0932037 0.0962886 0.0832477 0.0698157 0.0613274 0.0661737 0.0587820 0.0588197 0.0977011 0.0674870 0.0677724 0.0107569 0.0936649 0.0055414 
Phalangeridae_Strigocuscus_pelengensis       0.0406115 0.0606372 0.0465062 0.0416955 0.0421440 0.0753449 0.0206275 0.0119969 0.0398531 0.0670151 0.0000000 0.0778238 0.0745416 0.0083062 0.0468329 0.0803805 0.0773046 0.0691291 0.0655984 0.0411122 0.0489146 0.0750930 0.0788177 0.0737896 0.0455373 0.0476212 0.0467760 0.0382176 0.0429155 0.0734251 0.0431707 0.0087079 0.0682535 0.0885401 0.0701472 
Dasyuridae_Phascogale_tapoatafa              0.0677901 0.0804007 0.0714436 0.0766636 0.0770177 0.0136673 0.0801180 0.0727663 0.0750294 0.0862398 0.0778238 0.0000000 0.0204196 0.0779576 0.0743855 0.0064504 0.0128291 0.0215640 0.0819459 0.0703098 0.0706497 0.0974962 0.0959665 0.0110649 0.0755402 0.0703988 0.0679068 0.0675890 0.0697577 0.0965400 0.0741492 0.0779189 0.0828622 0.0237855 0.0890833 
Dasyuridae_Sminthopsis_macroura              0.0688912 0.0772740 0.0664511 0.0745102 0.0759288 0.0197823 0.0774306 0.0695542 0.0721840 0.0841821 0.0745416 0.0204196 0.0000000 0.0726924 0.0723640 0.0217709 0.0176437 0.0130190 0.0812215 0.0673238 0.0648939 0.0935003 0.0926413 0.0181024 0.0710292 0.0654202 0.0629791 0.0642292 0.0621905 0.0931206 0.0718844 0.0730545 0.0833390 0.0295536 0.0839773 
Phalangeridae_Phalanger_orientalis           0.0390452 0.0625911 0.0467079 0.0390029 0.0393302 0.0774074 0.0182967 0.0096909 0.0392403 0.0683838 0.0083062 0.0779576 0.0726924 0.0000000 0.0454718 0.0803431 0.0788125 0.0681669 0.0675585 0.0381208 0.0480400 0.0762125 0.0801182 0.0742625 0.0433449 0.0490224 0.0446409 0.0353744 0.0407768 0.0736104 0.0424885 0.0014979 0.0710053 0.0886940 0.0719262 
Acrobatidae_Acrobates_pygmaeus               0.0437648 0.0659565 0.0433741 0.0406858 0.0409645 0.0703757 0.0469733 0.0433039 0.0400245 0.0680050 0.0468329 0.0743855 0.0723640 0.0454718 0.0000000 0.0784225 0.0740151 0.0650716 0.0656606 0.0369625 0.0474650 0.0787846 0.0835307 0.0686987 0.0461707 0.0493403 0.0426056 0.0371069 0.0431706 0.0662310 0.0283845 0.0455451 0.0685175 0.0764274 0.0732802 
Dasyuridae_Phascogale_calura                 0.0730384 0.0813578 0.0738907 0.0782625 0.0785961 0.0148349 0.0828208 0.0762963 0.0766480 0.0909852 0.0803805 0.0064504 0.0217709 0.0803431 0.0784225 0.0000000 0.0128041 0.0218812 0.0865754 0.0709667 0.0733022 0.0976453 0.0989780 0.0087543 0.0787096 0.0700445 0.0691303 0.0698761 0.0736087 0.0974359 0.0775504 0.0803031 0.0870600 0.0251478 0.0927396 
Dasyuridae_Sarcophilus_harrisii              0.0740196 0.0791356 0.0692502 0.0740864 0.0755792 0.0058735 0.0833043 0.0733140 0.0725090 0.0870701 0.0773046 0.0128291 0.0176437 0.0788125 0.0740151 0.0128041 0.0000000 0.0179688 0.0852007 0.0691794 0.0687360 0.0995219 0.0957871 0.0101406 0.0740829 0.0690945 0.0671584 0.0660593 0.0699040 0.0977835 0.0750993 0.0787737 0.0861927 0.0164210 0.0882993 
Dasyuridae_Planigale_tenuirostris            0.0642376 0.0751509 0.0648661 0.0681266 0.0684571 0.0206083 0.0728906 0.0659863 0.0665406 0.0807876 0.0691291 0.0215640 0.0130190 0.0681669 0.0650716 0.0218812 0.0179688 0.0000000 0.0800751 0.0641298 0.0656042 0.0851376 0.0882394 0.0187594 0.0698486 0.0619526 0.0633100 0.0611117 0.0595245 0.0857779 0.0654530 0.0670012 0.0787066 0.0314746 0.0766771 
Peramelidae_Echymipera_kalubu                0.0661512 0.0700582 0.0612749 0.0647354 0.0651758 0.0839262 0.0708514 0.0655353 0.0659127 0.0109126 0.0655984 0.0819459 0.0812215 0.0675585 0.0656606 0.0865754 0.0852007 0.0800751 0.0000000 0.0639744 0.0695711 0.0892685 0.0924512 0.0794648 0.0696632 0.0602825 0.0649788 0.0603906 0.0590966 0.0961886 0.0698437 0.0669727 0.0097008 0.0926064 0.0164285 
Macropodidae_Dorcopsulus_vanheurni           0.0386846 0.0568966 0.0389797 0.0186902 0.0198833 0.0674707 0.0381213 0.0403016 0.0185271 0.0624424 0.0411122 0.0703098 0.0673238 0.0381208 0.0369625 0.0709667 0.0691794 0.0641298 0.0639744 0.0000000 0.0414650 0.0715360 0.0746292 0.0641212 0.0287264 0.0440052 0.0366899 0.0068576 0.0388789 0.0651245 0.0340115 0.0390165 0.0658474 0.0786622 0.0638926 
Pseudochiridae_Pseudochirulus_forbesi        0.0500407 0.0683486 0.0436511 0.0432568 0.0455270 0.0675798 0.0499226 0.0449196 0.0423495 0.0682431 0.0489146 0.0706497 0.0648939 0.0480400 0.0474650 0.0733022 0.0687360 0.0656042 0.0695711 0.0414650 0.0000000 0.0735579 0.0770929 0.0670862 0.0501091 0.0521556 0.0313361 0.0399765 0.0184458 0.0645918 0.0471248 0.0484674 0.0721373 0.0815472 0.0745424 
Didelphidae_Didelphis_virginiana             0.0675814 0.0777499 0.0727318 0.0732040 0.0748935 0.0979304 0.0771080 0.0738014 0.0757402 0.0932037 0.0750930 0.0974962 0.0935003 0.0762125 0.0787846 0.0976453 0.0995219 0.0851376 0.0892685 0.0715360 0.0735579 0.0000000 0.0320091 0.0960590 0.0753385 0.0692674 0.0682034 0.0681142 0.0716729 0.1052516 0.0734641 0.0750921 0.0925073 0.1111424 0.0891837 
Marmosidae_Monodelphis_domestica             0.0749389 0.0777841 0.0749005 0.0776101 0.0818766 0.0945993 0.0799525 0.0792710 0.0806877 0.0962886 0.0788177 0.0959665 0.0926413 0.0801182 0.0835307 0.0989780 0.0957871 0.0882394 0.0924512 0.0746292 0.0770929 0.0320091 0.0000000 0.0958565 0.0812989 0.0695919 0.0739018 0.0718587 0.0770981 0.1106228 0.0773854 0.0789661 0.0960287 0.1091473 0.0940747 
Dasyuridae_Antechinus_stuartii               0.0659721 0.0755009 0.0636724 0.0703697 0.0721784 0.0119485 0.0788571 0.0688048 0.0693632 0.0832477 0.0737896 0.0110649 0.0181024 0.0742625 0.0686987 0.0087543 0.0101406 0.0187594 0.0794648 0.0641212 0.0670862 0.0960590 0.0958565 0.0000000 0.0716409 0.0654239 0.0635508 0.0611913 0.0654883 0.0933639 0.0705393 0.0742253 0.0800846 0.0231836 0.0863014 
Hypsiprymnodontidae_Hypsiprymnodon_moschatus 0.0393560 0.0646726 0.0433519 0.0302379 0.0310981 0.0740018 0.0450892 0.0460367 0.0304568 0.0698157 0.0455373 0.0755402 0.0710292 0.0433449 0.0461707 0.0787096 0.0740829 0.0698486 0.0696632 0.0287264 0.0501091 0.0753385 0.0812989 0.0716409 0.0000000 0.0493137 0.0430792 0.0269126 0.0462508 0.0745816 0.0392397 0.0438877 0.0742156 0.0868989 0.0715091 
Microbiotheriidae_Dromiciops_gliroides       0.0456221 0.0508013 0.0449048 0.0471118 0.0484886 0.0662141 0.0510786 0.0483904 0.0463678 0.0613274 0.0476212 0.0703988 0.0654202 0.0490224 0.0493403 0.0700445 0.0690945 0.0619526 0.0602825 0.0440052 0.0521556 0.0692674 0.0695919 0.0654239 0.0493137 0.0000000 0.0430649 0.0419226 0.0465728 0.0830637 0.0501364 0.0474667 0.0606368 0.0814220 0.0645231 
Pseudochiridae_Petauroides_volans            0.0452106 0.0620524 0.0364025 0.0407062 0.0419959 0.0660017 0.0454320 0.0429190 0.0389919 0.0661737 0.0467760 0.0679068 0.0629791 0.0446409 0.0426056 0.0691303 0.0671584 0.0633100 0.0649788 0.0366899 0.0313361 0.0682034 0.0739018 0.0635508 0.0430792 0.0430649 0.0000000 0.0337866 0.0274800 0.0638671 0.0426997 0.0455709 0.0675286 0.0768840 0.0724427 
Macropodidae_Wallabia_bicolor                0.0372161 0.0548363 0.0347842 0.0165428 0.0185585 0.0665606 0.0363247 0.0375446 0.0180541 0.0587820 0.0382176 0.0675890 0.0642292 0.0353744 0.0371069 0.0698761 0.0660593 0.0611117 0.0603906 0.0068576 0.0399765 0.0681142 0.0718587 0.0611913 0.0269126 0.0419226 0.0337866 0.0000000 0.0355449 0.0606946 0.0334730 0.0362625 0.0633573 0.0762210 0.0601877 
Pseudochiridae_Pseudocheirus_occidentalis    0.0436838 0.0585254 0.0397144 0.0420902 0.0433841 0.0687165 0.0419298 0.0387013 0.0399503 0.0588197 0.0429155 0.0697577 0.0621905 0.0407768 0.0431706 0.0736087 0.0699040 0.0595245 0.0590966 0.0388789 0.0184458 0.0716729 0.0770981 0.0654883 0.0462508 0.0465728 0.0274800 0.0355449 0.0000000 0.0627429 0.0442708 0.0408392 0.0616606 0.0778134 0.0654799 
Tarsipedidae_Tarsipes_rostratus              0.0691456 0.0987754 0.0716012 0.0694104 0.0702855 0.0969387 0.0739083 0.0740475 0.0689259 0.0977011 0.0734251 0.0965400 0.0931206 0.0736104 0.0662310 0.0974359 0.0977835 0.0857779 0.0961886 0.0651245 0.0645918 0.1052516 0.1106228 0.0933639 0.0745816 0.0830637 0.0638671 0.0606946 0.0627429 0.0000000 0.0708747 0.0712284 0.0931021 0.1059233 0.1004338 
Acrobatidae_Distoechurus_pennatus            0.0391401 0.0611472 0.0462877 0.0376838 0.0371603 0.0727197 0.0423965 0.0442685 0.0347339 0.0674870 0.0431707 0.0741492 0.0718844 0.0424885 0.0283845 0.0775504 0.0750993 0.0654530 0.0698437 0.0340115 0.0471248 0.0734641 0.0773854 0.0705393 0.0392397 0.0501364 0.0426997 0.0334730 0.0442708 0.0708747 0.0000000 0.0415942 0.0700317 0.0825139 0.0687015 
Phalangeridae_Phalanger_carmelitae           0.0376952 0.0615543 0.0466484 0.0384447 0.0387721 0.0773701 0.0200312 0.0112963 0.0378409 0.0677724 0.0087079 0.0779189 0.0730545 0.0014979 0.0455451 0.0803031 0.0787737 0.0670012 0.0669727 0.0390165 0.0484674 0.0750921 0.0789661 0.0742253 0.0438877 0.0474667 0.0455709 0.0362625 0.0408392 0.0712284 0.0415942 0.0000000 0.0692376 0.0886439 0.0713187 
Peramelidae_Peroryctes_raffrayana            0.0658190 0.0719228 0.0636632 0.0649631 0.0642109 0.0841969 0.0731319 0.0689757 0.0656258 0.0107569 0.0682535 0.0828622 0.0833390 0.0710053 0.0685175 0.0870600 0.0861927 0.0787066 0.0097008 0.0658474 0.0721373 0.0925073 0.0960287 0.0800846 0.0742156 0.0606368 0.0675286 0.0633573 0.0616606 0.0931021 0.0700317 0.0692376 0.0000000 0.0919280 0.0166508 
Dasyuridae_Dasyurus_geffroii                 0.0848106 0.0921086 0.0800214 0.0856597 0.0865588 0.0159735 0.0945489 0.0845177 0.0856964 0.0936649 0.0885401 0.0237855 0.0295536 0.0886940 0.0764274 0.0251478 0.0164210 0.0314746 0.0926064 0.0786622 0.0815472 0.1111424 0.1091473 0.0231836 0.0868989 0.0814220 0.0768840 0.0762210 0.0778134 0.1059233 0.0825139 0.0886439 0.0919280 0.0000000 0.0988710 
Peramelidae_Perameles_gunnii                 0.0692581 0.0696831 0.0682286 0.0644290 0.0648709 0.0897886 0.0725755 0.0730551 0.0664828 0.0055414 0.0701472 0.0890833 0.0839773 0.0719262 0.0732802 0.0927396 0.0882993 0.0766771 0.0164285 0.0638926 0.0745424 0.0891837 0.0940747 0.0863014 0.0715091 0.0645231 0.0724427 0.0601877 0.0654799 0.1004338 0.0687015 0.0713187 0.0166508 0.0988710 0.0000000 
