35
Burramyidae_Burramys_parvus                  0.0000000 0.0401240 0.0437129 0.0448879 0.0496762 0.0462459 0.0367641 0.0492860 0.0618269 0.0473973 0.0494502 0.0573283 0.0416445 0.0423896 0.0480263 0.0498493 0.0489781 0.0649718 0.0430468 0.0460345 0.0454614 0.0455373 0.0469178 0.0485527 0.0518903 0.0428214 0.0456184 0.0573426 0.0490954 0.0494737 0.0483663 0.0664159 0.0491651 0.0625184 0.0897426 
Vombatidae_Lasiorhinus_latifrons             0.0401240 0.0000000 0.0362944 0.0368924 0.0368521 0.0411300 0.0324562 0.0457617 0.0495046 0.0432517 0.0352045 0.0444066 0.0352100 0.0378817 0.0343595 0.0373362 0.0396627 0.0511785 0.0359232 0.0388587 0.0381628 0.0360288 0.0336269 0.0421650 0.0361014 0.0354715 0.0408200 0.0533937 0.0428407 0.0423741 0.0418981 0.0529884 0.0364920 0.0495083 0.0660366 
Potoroidae_Bettongia_penicillata             0.0437129 0.0362944 0.0000000 0.0028176 0.0452455 0.0444963 0.0342716 0.0136750 0.0606509 0.0439150 0.0455944 0.0489719 0.0376855 0.0387644 0.0446906 0.0467840 0.0443620 0.0618793 0.0163255 0.0398611 0.0427949 0.0419218 0.0438897 0.0297670 0.0469026 0.0390840 0.0191057 0.0553167 0.0465039 0.0414491 0.0431616 0.0612099 0.0458044 0.0601946 0.0927383 
Potoroidae_Bettongia_lesueur                 0.0448879 0.0368924 0.0028176 0.0000000 0.0456076 0.0441887 0.0340394 0.0152887 0.0620099 0.0437061 0.0449378 0.0481975 0.0377164 0.0392519 0.0440709 0.0465952 0.0455722 0.0625896 0.0170559 0.0407075 0.0450409 0.0438421 0.0436060 0.0303635 0.0483767 0.0390683 0.0199176 0.0558082 0.0471858 0.0413585 0.0430035 0.0624708 0.0456494 0.0613668 0.0908636 
Dasyuridae_Dasyurus_maculatus                0.0496762 0.0368521 0.0452455 0.0456076 0.0000000 0.0506638 0.0419761 0.0554642 0.0555936 0.0492614 0.0099795 0.0169751 0.0425314 0.0456502 0.0099166 0.0055006 0.0127407 0.0549265 0.0460958 0.0476366 0.0443749 0.0397089 0.0067101 0.0525494 0.0409910 0.0435615 0.0485944 0.0618538 0.0521249 0.0488877 0.0489853 0.0542711 0.0034883 0.0548448 0.0712551 
Phalangeridae_Trichosurus_vulpecula          0.0462459 0.0411300 0.0444963 0.0441887 0.0506638 0.0000000 0.0253606 0.0511815 0.0644668 0.0201062 0.0494371 0.0578680 0.0213590 0.0428987 0.0494106 0.0502427 0.0500114 0.0659514 0.0437568 0.0458684 0.0451848 0.0480755 0.0475857 0.0508295 0.0487406 0.0448452 0.0463969 0.0532841 0.0529661 0.0442558 0.0200881 0.0659665 0.0501946 0.0661692 0.1014701 
Phalangeridae_Spilocuscus_maculatus          0.0367641 0.0324562 0.0342716 0.0340394 0.0419761 0.0253606 0.0000000 0.0411636 0.0536512 0.0249048 0.0400925 0.0489082 0.0159611 0.0323763 0.0398267 0.0413238 0.0437736 0.0555168 0.0350664 0.0390302 0.0397287 0.0392137 0.0374983 0.0399503 0.0387142 0.0348719 0.0365929 0.0511753 0.0414099 0.0373974 0.0234267 0.0542085 0.0405293 0.0532822 0.0796102 
Potoroidae_Aepyprymnus_rufescens             0.0492860 0.0457617 0.0136750 0.0152887 0.0554642 0.0511815 0.0411636 0.0000000 0.0709390 0.0504916 0.0543916 0.0577470 0.0452885 0.0480746 0.0524085 0.0560626 0.0500119 0.0724651 0.0234495 0.0515777 0.0518350 0.0515888 0.0525673 0.0311480 0.0557031 0.0487164 0.0167590 0.0683227 0.0531994 0.0521161 0.0498186 0.0724056 0.0549940 0.0705365 0.1019796 
Peramelidae_Perameles_nasuta                 0.0618269 0.0495046 0.0606509 0.0620099 0.0555936 0.0644668 0.0536512 0.0709390 0.0000000 0.0639900 0.0556976 0.0644799 0.0603153 0.0570161 0.0559199 0.0548004 0.0603292 0.0064987 0.0632061 0.0581651 0.0568821 0.0568577 0.0538561 0.0716024 0.0606827 0.0573131 0.0687289 0.0725214 0.0608062 0.0598691 0.0666675 0.0062743 0.0545490 0.0000010 0.0882409 
Phalangeridae_Strigocuscus_pelengensis       0.0473973 0.0432517 0.0439150 0.0437061 0.0492614 0.0201062 0.0249048 0.0504916 0.0639900 0.0000000 0.0457792 0.0561153 0.0151538 0.0419353 0.0468667 0.0465413 0.0483097 0.0687463 0.0438076 0.0451480 0.0425209 0.0471821 0.0449786 0.0508303 0.0479442 0.0429440 0.0459737 0.0534486 0.0512511 0.0447574 0.0099632 0.0651575 0.0476994 0.0666455 0.0986792 
Dasyuridae_Phascogale_tapoatafa              0.0494502 0.0352045 0.0455944 0.0449378 0.0099795 0.0494371 0.0400925 0.0543916 0.0556976 0.0457792 0.0000000 0.0167622 0.0417123 0.0434033 0.0015716 0.0100273 0.0112343 0.0572853 0.0454329 0.0463929 0.0428199 0.0389063 0.0047715 0.0512459 0.0412274 0.0422915 0.0478807 0.0606661 0.0471474 0.0454179 0.0477054 0.0565985 0.0087520 0.0561137 0.0768756 
Dasyuridae_Sminthopsis_macroura              0.0573283 0.0444066 0.0489719 0.0481975 0.0169751 0.0578680 0.0489082 0.0577470 0.0644799 0.0561153 0.0167622 0.0000000 0.0494376 0.0490476 0.0166540 0.0158094 0.0149621 0.0647869 0.0506639 0.0551714 0.0502273 0.0434251 0.0146221 0.0579862 0.0478143 0.0498746 0.0528319 0.0648965 0.0572572 0.0544285 0.0550325 0.0644129 0.0152705 0.0646708 0.0850143 
Phalangeridae_Phalanger_orientalis           0.0416445 0.0352100 0.0376855 0.0377164 0.0425314 0.0213590 0.0159611 0.0452885 0.0603153 0.0151538 0.0417123 0.0494376 0.0000000 0.0369419 0.0413694 0.0419816 0.0452494 0.0626392 0.0381799 0.0403571 0.0372724 0.0406590 0.0391078 0.0417729 0.0410191 0.0385296 0.0399074 0.0553340 0.0445788 0.0420252 0.0107361 0.0620432 0.0410914 0.0599431 0.0886671 
Acrobatidae_Acrobates_pygmaeus               0.0423896 0.0378817 0.0387644 0.0392519 0.0456502 0.0428987 0.0323763 0.0480746 0.0570161 0.0419353 0.0434033 0.0490476 0.0369419 0.0000000 0.0435522 0.0451245 0.0451663 0.0606014 0.0405700 0.0370941 0.0503175 0.0431976 0.0417714 0.0453474 0.0479512 0.0336933 0.0428609 0.0465678 0.0403794 0.0296723 0.0435497 0.0616568 0.0441761 0.0583751 0.0822653 
Dasyuridae_Phascogale_calura                 0.0480263 0.0343595 0.0446906 0.0440709 0.0099166 0.0494106 0.0398267 0.0524085 0.0559199 0.0468667 0.0015716 0.0166540 0.0413694 0.0435522 0.0000000 0.0099975 0.0112590 0.0563622 0.0440907 0.0465257 0.0423801 0.0390853 0.0047469 0.0503728 0.0413792 0.0419538 0.0470151 0.0624254 0.0474015 0.0462169 0.0478347 0.0568261 0.0086970 0.0552292 0.0735921 
Dasyuridae_Sarcophilus_harrisii              0.0498493 0.0373362 0.0467840 0.0465952 0.0055006 0.0502427 0.0413238 0.0560626 0.0548004 0.0465413 0.0100273 0.0158094 0.0419816 0.0451245 0.0099975 0.0000000 0.0117669 0.0569872 0.0470891 0.0466773 0.0431881 0.0373114 0.0067698 0.0527867 0.0388602 0.0425829 0.0486004 0.0607200 0.0516183 0.0493598 0.0480144 0.0551286 0.0043074 0.0558856 0.0725792 
Dasyuridae_Planigale_tenuirostris            0.0489781 0.0396627 0.0443620 0.0455722 0.0127407 0.0500114 0.0437736 0.0500119 0.0603292 0.0483097 0.0112343 0.0149621 0.0452494 0.0451663 0.0112590 0.0117669 0.0000000 0.0626349 0.0427568 0.0501052 0.0436836 0.0412128 0.0107821 0.0515031 0.0434945 0.0473004 0.0480424 0.0652532 0.0553720 0.0481375 0.0502826 0.0634078 0.0117077 0.0599850 0.0892242 
Peramelidae_Echymipera_kalubu                0.0649718 0.0511785 0.0618793 0.0625896 0.0549265 0.0659514 0.0555168 0.0724651 0.0064987 0.0687463 0.0572853 0.0647869 0.0626392 0.0606014 0.0563622 0.0569872 0.0626349 0.0000000 0.0627831 0.0590105 0.0604096 0.0592167 0.0543034 0.0695841 0.0601063 0.0592709 0.0674079 0.0765499 0.0648986 0.0669106 0.0698158 0.0065301 0.0549387 0.0066026 0.0862143 
Macropodidae_Dorcopsulus_vanheurni           0.0430468 0.0359232 0.0163255 0.0170559 0.0460958 0.0437568 0.0350664 0.0234495 0.0632061 0.0438076 0.0454329 0.0506639 0.0381799 0.0405700 0.0440907 0.0470891 0.0427568 0.0627831 0.0000000 0.0452831 0.0400647 0.0418684 0.0437235 0.0309535 0.0463706 0.0396411 0.0163059 0.0589848 0.0483354 0.0418497 0.0444108 0.0647954 0.0461380 0.0631696 0.0809663 
Pseudochiridae_Pseudochirulus_forbesi        0.0460345 0.0388587 0.0398611 0.0407075 0.0476366 0.0458684 0.0390302 0.0515777 0.0581651 0.0451480 0.0463929 0.0551714 0.0403571 0.0370941 0.0465257 0.0466773 0.0501052 0.0590105 0.0452831 0.0000000 0.0489535 0.0440130 0.0445809 0.0492099 0.0494850 0.0223841 0.0464279 0.0172654 0.0381490 0.0424166 0.0468398 0.0601175 0.0466642 0.0571397 0.0992268 
Didelphidae_Didelphis_virginiana             0.0454614 0.0381628 0.0427949 0.0450409 0.0443749 0.0451848 0.0397287 0.0518350 0.0568821 0.0425209 0.0428199 0.0502273 0.0372724 0.0503175 0.0423801 0.0431881 0.0436836 0.0604096 0.0400647 0.0489535 0.0000000 0.0141217 0.0414778 0.0485041 0.0420089 0.0450564 0.0427937 0.0608999 0.0526830 0.0568012 0.0435405 0.0625040 0.0419528 0.0575479 0.0735571 
Marmosidae_Monodelphis_domestica             0.0455373 0.0360288 0.0419218 0.0438421 0.0397089 0.0480755 0.0392137 0.0515888 0.0568577 0.0471821 0.0389063 0.0434251 0.0406590 0.0431976 0.0390853 0.0373114 0.0412128 0.0592167 0.0418684 0.0440130 0.0141217 0.0000000 0.0363319 0.0502276 0.0397002 0.0394372 0.0431278 0.0579230 0.0484437 0.0488283 0.0452245 0.0587735 0.0392606 0.0560097 0.0734148 
Dasyuridae_Antechinus_stuartii               0.0469178 0.0336269 0.0438897 0.0436060 0.0067101 0.0475857 0.0374983 0.0525673 0.0538561 0.0449786 0.0047715 0.0146221 0.0391078 0.0417714 0.0047469 0.0067698 0.0107821 0.0543034 0.0437235 0.0445809 0.0414778 0.0363319 0.0000000 0.0495443 0.0385650 0.0401562 0.0462985 0.0591234 0.0474778 0.0454599 0.0455124 0.0545306 0.0055041 0.0535730 0.0670942 
Hypsiprymnodontidae_Hypsiprymnodon_moschatus 0.0485527 0.0421650 0.0297670 0.0303635 0.0525494 0.0508295 0.0399503 0.0311480 0.0716024 0.0508303 0.0512459 0.0579862 0.0417729 0.0453474 0.0503728 0.0527867 0.0515031 0.0695841 0.0309535 0.0492099 0.0485041 0.0502276 0.0495443 0.0000000 0.0564637 0.0488719 0.0274219 0.0701387 0.0529335 0.0476940 0.0495806 0.0720505 0.0520642 0.0707335 0.1041922 
Microbiotheriidae_Dromiciops_gliroides       0.0518903 0.0361014 0.0469026 0.0483767 0.0409910 0.0487406 0.0387142 0.0557031 0.0606827 0.0479442 0.0412274 0.0478143 0.0410191 0.0479512 0.0413792 0.0388602 0.0434945 0.0601063 0.0463706 0.0494850 0.0420089 0.0397002 0.0385650 0.0564637 0.0000000 0.0465483 0.0514177 0.0680442 0.0572094 0.0563662 0.0486973 0.0610948 0.0404445 0.0597713 0.0835969 
Pseudochiridae_Petauroides_volans            0.0428214 0.0354715 0.0390840 0.0390683 0.0435615 0.0448452 0.0348719 0.0487164 0.0573131 0.0429440 0.0422915 0.0498746 0.0385296 0.0336933 0.0419538 0.0425829 0.0473004 0.0592709 0.0396411 0.0223841 0.0450564 0.0394372 0.0401562 0.0488719 0.0465483 0.0000000 0.0424688 0.0323141 0.0354664 0.0379097 0.0449580 0.0593150 0.0426093 0.0565738 0.0913505 
Macropodidae_Wallabia_bicolor                0.0456184 0.0408200 0.0191057 0.0199176 0.0485944 0.0463969 0.0365929 0.0167590 0.0687289 0.0459737 0.0478807 0.0528319 0.0399074 0.0428609 0.0470151 0.0486004 0.0480424 0.0674079 0.0163059 0.0464279 0.0427937 0.0431278 0.0462985 0.0274219 0.0514177 0.0424688 0.0000000 0.0630893 0.0520058 0.0457511 0.0454587 0.0696122 0.0480819 0.0677019 0.0948542 
Pseudochiridae_Pseudocheirus_occidentalis    0.0573426 0.0533937 0.0553167 0.0558082 0.0618538 0.0532841 0.0511753 0.0683227 0.0725214 0.0534486 0.0606661 0.0648965 0.0553340 0.0465678 0.0624254 0.0607200 0.0652532 0.0765499 0.0589848 0.0172654 0.0608999 0.0579230 0.0591234 0.0701387 0.0680442 0.0323141 0.0630893 0.0000000 0.0444102 0.0412574 0.0538651 0.0773784 0.0599592 0.0731363 0.1533067 
Tarsipedidae_Tarsipes_rostratus              0.0490954 0.0428407 0.0465039 0.0471858 0.0521249 0.0529661 0.0414099 0.0531994 0.0608062 0.0512511 0.0471474 0.0572572 0.0445788 0.0403794 0.0474015 0.0516183 0.0553720 0.0648986 0.0483354 0.0381490 0.0526830 0.0484437 0.0474778 0.0529335 0.0572094 0.0354664 0.0520058 0.0444102 0.0000000 0.0451945 0.0500069 0.0616768 0.0500528 0.0617697 0.0983859 
Acrobatidae_Distoechurus_pennatus            0.0494737 0.0423741 0.0414491 0.0413585 0.0488877 0.0442558 0.0373974 0.0521161 0.0598691 0.0447574 0.0454179 0.0544285 0.0420252 0.0296723 0.0462169 0.0493598 0.0481375 0.0669106 0.0418497 0.0424166 0.0568012 0.0488283 0.0454599 0.0476940 0.0563662 0.0379097 0.0457511 0.0412574 0.0451945 0.0000000 0.0426568 0.0632163 0.0479136 0.0641737 0.0971140 
Phalangeridae_Phalanger_carmelitae           0.0483663 0.0418981 0.0431616 0.0430035 0.0489853 0.0200881 0.0234267 0.0498186 0.0666675 0.0099632 0.0477054 0.0550325 0.0107361 0.0435497 0.0478347 0.0480144 0.0502826 0.0698158 0.0444108 0.0468398 0.0435405 0.0452245 0.0455124 0.0495806 0.0486973 0.0449580 0.0454587 0.0538651 0.0500069 0.0426568 0.0000000 0.0677800 0.0475021 0.0680933 0.0962444 
Peramelidae_Peroryctes_raffrayana            0.0664159 0.0529884 0.0612099 0.0624708 0.0542711 0.0659665 0.0542085 0.0724056 0.0062743 0.0651575 0.0565985 0.0644129 0.0620432 0.0616568 0.0568261 0.0551286 0.0634078 0.0065301 0.0647954 0.0601175 0.0625040 0.0587735 0.0545306 0.0720505 0.0610948 0.0593150 0.0696122 0.0773784 0.0616768 0.0632163 0.0677800 0.0000000 0.0542530 0.0065821 0.0941181 
Dasyuridae_Dasyurus_geffroii                 0.0491651 0.0364920 0.0458044 0.0456494 0.0034883 0.0501946 0.0405293 0.0549940 0.0545490 0.0476994 0.0087520 0.0152705 0.0410914 0.0441761 0.0086970 0.0043074 0.0117077 0.0549387 0.0461380 0.0466642 0.0419528 0.0392606 0.0055041 0.0520642 0.0404445 0.0426093 0.0480819 0.0599592 0.0500528 0.0479136 0.0475021 0.0542530 0.0000000 0.0538483 0.0711403 
Peramelidae_Perameles_gunnii                 0.0625184 0.0495083 0.0601946 0.0613668 0.0548448 0.0661692 0.0532822 0.0705365 0.0000010 0.0666455 0.0561137 0.0646708 0.0599431 0.0583751 0.0552292 0.0558856 0.0599850 0.0066026 0.0631696 0.0571397 0.0575479 0.0560097 0.0535730 0.0707335 0.0597713 0.0565738 0.0677019 0.0731363 0.0617697 0.0641737 0.0680933 0.0065821 0.0538483 0.0000000 0.0872468 
Notoryctidae_Notoryctes_typhlops             0.0897426 0.0660366 0.0927383 0.0908636 0.0712551 0.1014701 0.0796102 0.1019796 0.0882409 0.0986792 0.0768756 0.0850143 0.0886671 0.0822653 0.0735921 0.0725792 0.0892242 0.0862143 0.0809663 0.0992268 0.0735571 0.0734148 0.0670942 0.1041922 0.0835969 0.0913505 0.0948542 0.1533067 0.0983859 0.0971140 0.0962444 0.0941181 0.0711403 0.0872468 0.0000000 
