35
Burramyidae_Burramys_parvus                  0.0000000 0.0733585 0.0575368 0.0542695 0.0513441 0.0873214 0.0604266 0.0510358 0.0532928 0.0853094 0.0497596 0.0761256 0.0714114 0.0483452 0.0653832 0.0769027 0.0918038 0.0670751 0.0844203 0.0548125 0.0499980 0.0978710 0.0860669 0.0728084 0.0610712 0.0632432 0.0478996 0.0566339 0.0517420 0.0768005 0.0558940 0.0503921 0.0792711 0.0888979 0.0825734 
Notoryctidae_Notoryctes_typhlops             0.0733585 0.0000000 0.0757879 0.0736743 0.0700268 0.0951443 0.0741037 0.0670684 0.0689817 0.0781138 0.0681677 0.0772755 0.0712808 0.0679123 0.0790139 0.0772252 0.0994872 0.0725294 0.0748594 0.0713603 0.0661503 0.0978476 0.0843460 0.0743196 0.0709525 0.0637435 0.0643658 0.0671130 0.0662271 0.0909477 0.0695223 0.0698617 0.0706601 0.0970148 0.0755369 
Vombatidae_Lasiorhinus_latifrons             0.0575368 0.0757879 0.0000000 0.0577142 0.0552225 0.0900698 0.0655648 0.0538359 0.0563264 0.0851634 0.0522811 0.0805557 0.0747422 0.0528655 0.0676849 0.0819230 0.0955142 0.0756465 0.0845370 0.0531897 0.0509984 0.0955432 0.0824977 0.0784636 0.0604631 0.0654665 0.0527132 0.0545737 0.0547716 0.0774775 0.0618420 0.0535746 0.0786257 0.0920490 0.0806145 
Potoroidae_Bettongia_penicillata             0.0542695 0.0736743 0.0577142 0.0000000 0.0057180 0.0904090 0.0644843 0.0583630 0.0137750 0.0794666 0.0531868 0.0818278 0.0747044 0.0541982 0.0627802 0.0826910 0.0952352 0.0743792 0.0817091 0.0206825 0.0532939 0.0921822 0.0856823 0.0786178 0.0365367 0.0645182 0.0524945 0.0234255 0.0521273 0.0704014 0.0553223 0.0566620 0.0731267 0.0936600 0.0774525 
Potoroidae_Bettongia_lesueur                 0.0513441 0.0700268 0.0552225 0.0057180 0.0000000 0.0895151 0.0615030 0.0553434 0.0119358 0.0782166 0.0495500 0.0790145 0.0725372 0.0513027 0.0623818 0.0799251 0.0933819 0.0709427 0.0791370 0.0187933 0.0512894 0.0919335 0.0843216 0.0754609 0.0325792 0.0613451 0.0496128 0.0207525 0.0502217 0.0694679 0.0536603 0.0537543 0.0732809 0.0912769 0.0752508 
Dasyuridae_Dasyurus_maculatus                0.0873214 0.0951443 0.0900698 0.0904090 0.0895151 0.0000000 0.0979709 0.0856006 0.0877091 0.0936490 0.0889775 0.0374229 0.0416287 0.0864473 0.0995387 0.0379969 0.0172858 0.0425385 0.0933426 0.0891043 0.0869908 0.1047586 0.0994465 0.0352412 0.0981584 0.0877765 0.0834361 0.0863242 0.0879940 0.1028546 0.0928902 0.0885840 0.0885128 0.0129001 0.0913270 
Phalangeridae_Trichosurus_vulpecula          0.0604266 0.0741037 0.0655648 0.0644843 0.0615030 0.0979709 0.0000000 0.0397354 0.0632154 0.0809790 0.0398588 0.0853052 0.0808933 0.0359228 0.0628355 0.0878732 0.1028385 0.0792944 0.0966188 0.0605189 0.0578682 0.0860110 0.0838402 0.0813822 0.0662857 0.0645997 0.0623533 0.0641184 0.0571895 0.0828457 0.0617519 0.0357726 0.0724147 0.1010771 0.0824517 
Phalangeridae_Spilocuscus_maculatus          0.0510358 0.0670684 0.0538359 0.0583630 0.0553434 0.0856006 0.0397354 0.0000000 0.0534099 0.0822925 0.0141961 0.0738085 0.0657215 0.0154533 0.0716689 0.0741384 0.0920236 0.0649165 0.0830208 0.0541728 0.0489637 0.0901941 0.0805314 0.0699685 0.0587322 0.0603717 0.0486368 0.0575712 0.0508642 0.0756112 0.0574258 0.0123517 0.0729658 0.0878071 0.0795721 
Potoroidae_Aepyprymnus_rufescens             0.0532928 0.0689817 0.0563264 0.0137750 0.0119358 0.0877091 0.0632154 0.0534099 0.0000000 0.0775437 0.0485979 0.0761280 0.0731834 0.0506146 0.0644917 0.0759693 0.0926771 0.0717437 0.0769944 0.0194968 0.0507189 0.0862162 0.0795767 0.0725880 0.0356785 0.0613545 0.0495314 0.0203025 0.0482308 0.0689444 0.0526775 0.0531613 0.0714300 0.0911358 0.0731698 
Peramelidae_Perameles_nasuta                 0.0853094 0.0781138 0.0851634 0.0794666 0.0782166 0.0936490 0.0809790 0.0822925 0.0775437 0.0000000 0.0837387 0.0848356 0.0824570 0.0821234 0.0805998 0.0856740 0.0993062 0.0819241 0.0161332 0.0803645 0.0807464 0.0980342 0.0873682 0.0816401 0.0872316 0.0739562 0.0787620 0.0799460 0.0771967 0.0992253 0.0838342 0.0827375 0.0200995 0.0982317 0.0037620 
Phalangeridae_Strigocuscus_pelengensis       0.0497596 0.0681677 0.0522811 0.0531868 0.0495500 0.0889775 0.0398588 0.0141961 0.0485979 0.0837387 0.0000000 0.0752728 0.0681534 0.0125091 0.0666439 0.0749135 0.0947421 0.0662900 0.0826216 0.0490159 0.0414990 0.0944362 0.0841799 0.0706933 0.0530939 0.0582534 0.0468078 0.0503199 0.0443238 0.0723416 0.0534943 0.0097237 0.0749160 0.0913951 0.0803266 
Dasyuridae_Phascogale_tapoatafa              0.0761256 0.0772755 0.0805557 0.0818278 0.0790145 0.0374229 0.0853052 0.0738085 0.0761280 0.0848356 0.0752728 0.0000000 0.0272379 0.0731254 0.0895604 0.0040154 0.0411350 0.0285230 0.0855702 0.0765475 0.0772914 0.0940924 0.0925670 0.0111551 0.0888955 0.0770954 0.0743914 0.0746974 0.0756900 0.0981910 0.0832953 0.0747794 0.0732960 0.0408891 0.0833083 
Dasyuridae_Sminthopsis_macroura              0.0714114 0.0712808 0.0747422 0.0747044 0.0725372 0.0416287 0.0808933 0.0657215 0.0731834 0.0824570 0.0681534 0.0272379 0.0000000 0.0685179 0.0857653 0.0284303 0.0469402 0.0178129 0.0870403 0.0722350 0.0698545 0.0945328 0.0868067 0.0226456 0.0805647 0.0707582 0.0687350 0.0704169 0.0692660 0.0948854 0.0796535 0.0697093 0.0749722 0.0436075 0.0813677 
Phalangeridae_Phalanger_orientalis           0.0483452 0.0679123 0.0528655 0.0541982 0.0513027 0.0864473 0.0359228 0.0154533 0.0506146 0.0821234 0.0125091 0.0731254 0.0685179 0.0000000 0.0647323 0.0729756 0.0913663 0.0664975 0.0828943 0.0497795 0.0472538 0.0888351 0.0811711 0.0686686 0.0528234 0.0603650 0.0485382 0.0524183 0.0476461 0.0721125 0.0531387 0.0097046 0.0727121 0.0870360 0.0786009 
Acrobatidae_Acrobates_pygmaeus               0.0653832 0.0790139 0.0676849 0.0627802 0.0623818 0.0995387 0.0628355 0.0716689 0.0644917 0.0805998 0.0666439 0.0895604 0.0857653 0.0647323 0.0000000 0.0891665 0.1034527 0.0826110 0.0897986 0.0611733 0.0567765 0.0928177 0.0922265 0.0819954 0.0689906 0.0708335 0.0559147 0.0621532 0.0525437 0.0757460 0.0506332 0.0667968 0.0772027 0.1014570 0.0801982 
Dasyuridae_Phascogale_calura                 0.0769027 0.0772252 0.0819230 0.0826910 0.0799251 0.0379969 0.0878732 0.0741384 0.0759693 0.0856740 0.0749135 0.0040154 0.0284303 0.0729756 0.0891665 0.0000000 0.0417363 0.0285096 0.0865550 0.0768600 0.0762324 0.0951574 0.0952746 0.0112359 0.0889195 0.0764721 0.0737894 0.0749817 0.0739998 0.0979234 0.0847507 0.0755759 0.0737750 0.0416694 0.0840205 
Dasyuridae_Sarcophilus_harrisii              0.0918038 0.0994872 0.0955142 0.0952352 0.0933819 0.0172858 0.1028385 0.0920236 0.0926771 0.0993062 0.0947421 0.0411350 0.0469402 0.0913663 0.1034527 0.0417363 0.0000000 0.0470132 0.0987657 0.0935049 0.0941790 0.1053490 0.1048263 0.0385812 0.1030332 0.0917189 0.0891738 0.0901991 0.0963485 0.1114071 0.0979370 0.0925541 0.0940037 0.0183260 0.0968517 
Dasyuridae_Planigale_tenuirostris            0.0670751 0.0725294 0.0756465 0.0743792 0.0709427 0.0425385 0.0792944 0.0649165 0.0717437 0.0819241 0.0662900 0.0285230 0.0178129 0.0664975 0.0826110 0.0285096 0.0470132 0.0000000 0.0860536 0.0717913 0.0655641 0.0980982 0.0894500 0.0238789 0.0774593 0.0719294 0.0628647 0.0688026 0.0619539 0.0904640 0.0783964 0.0662746 0.0762570 0.0441311 0.0815419 
Peramelidae_Echymipera_kalubu                0.0844203 0.0748594 0.0845370 0.0817091 0.0791370 0.0933426 0.0966188 0.0830208 0.0769944 0.0161332 0.0826216 0.0855702 0.0870403 0.0828943 0.0897986 0.0865550 0.0987657 0.0860536 0.0000000 0.0805085 0.0821698 0.0955798 0.0943320 0.0837947 0.0871402 0.0736136 0.0778946 0.0801592 0.0786216 0.0978833 0.0813829 0.0855082 0.0168435 0.0952751 0.0153623 
Macropodidae_Dorcopsulus_vanheurni           0.0548125 0.0713603 0.0531897 0.0206825 0.0187933 0.0891043 0.0605189 0.0541728 0.0194968 0.0803645 0.0490159 0.0765475 0.0722350 0.0497795 0.0611733 0.0768600 0.0935049 0.0717913 0.0805085 0.0000000 0.0514073 0.0907831 0.0819328 0.0724419 0.0346622 0.0609266 0.0522174 0.0116402 0.0479758 0.0715685 0.0538226 0.0526807 0.0734558 0.0900565 0.0771820 
Pseudochiridae_Pseudochirulus_forbesi        0.0499980 0.0661503 0.0509984 0.0532939 0.0512894 0.0869908 0.0578682 0.0489637 0.0507189 0.0807464 0.0414990 0.0772914 0.0698545 0.0472538 0.0567765 0.0762324 0.0941790 0.0655641 0.0821698 0.0514073 0.0000000 0.0886548 0.0786225 0.0719307 0.0518909 0.0562527 0.0218275 0.0519461 0.0134234 0.0527878 0.0471940 0.0475895 0.0740088 0.0894390 0.0758332 
Didelphidae_Didelphis_virginiana             0.0978710 0.0978476 0.0955432 0.0921822 0.0919335 0.1047586 0.0860110 0.0901941 0.0862162 0.0980342 0.0944362 0.0940924 0.0945328 0.0888351 0.0928177 0.0951574 0.1053490 0.0980982 0.0955798 0.0907831 0.0886548 0.0000000 0.0378795 0.0940229 0.0927866 0.0856295 0.0885808 0.0893083 0.0912679 0.1093698 0.0892091 0.0865049 0.0997795 0.1067563 0.0937165 
Marmosidae_Monodelphis_domestica             0.0860669 0.0843460 0.0824977 0.0856823 0.0843216 0.0994465 0.0838402 0.0805314 0.0795767 0.0873682 0.0841799 0.0925670 0.0868067 0.0811711 0.0922265 0.0952746 0.1048263 0.0894500 0.0943320 0.0819328 0.0786225 0.0378795 0.0000000 0.0873586 0.0904418 0.0757680 0.0819864 0.0812362 0.0811121 0.1009872 0.0878797 0.0803720 0.0814321 0.0993580 0.0867432 
Dasyuridae_Antechinus_stuartii               0.0728084 0.0743196 0.0784636 0.0786178 0.0754609 0.0352412 0.0813822 0.0699685 0.0725880 0.0816401 0.0706933 0.0111551 0.0226456 0.0686686 0.0819954 0.0112359 0.0385812 0.0238789 0.0837947 0.0724419 0.0719307 0.0940229 0.0873586 0.0000000 0.0843673 0.0723775 0.0706306 0.0704370 0.0694058 0.0928716 0.0801146 0.0698850 0.0743627 0.0358974 0.0814415 
Hypsiprymnodontidae_Hypsiprymnodon_moschatus 0.0610712 0.0709525 0.0604631 0.0365367 0.0325792 0.0981584 0.0662857 0.0587322 0.0356785 0.0872316 0.0530939 0.0888955 0.0805647 0.0528234 0.0689906 0.0889195 0.1030332 0.0774593 0.0871402 0.0346622 0.0518909 0.0927866 0.0904418 0.0843673 0.0000000 0.0668241 0.0540712 0.0388508 0.0565813 0.0748155 0.0580707 0.0569531 0.0789369 0.0994952 0.0811187 
Microbiotheriidae_Dromiciops_gliroides       0.0632432 0.0637435 0.0654665 0.0645182 0.0613451 0.0877765 0.0645997 0.0603717 0.0613545 0.0739562 0.0582534 0.0770954 0.0707582 0.0603650 0.0708335 0.0764721 0.0917189 0.0719294 0.0736136 0.0609266 0.0562527 0.0856295 0.0757680 0.0723775 0.0668241 0.0000000 0.0578381 0.0641369 0.0569606 0.0842251 0.0656478 0.0602811 0.0679946 0.0901842 0.0711731 
Pseudochiridae_Petauroides_volans            0.0478996 0.0643658 0.0527132 0.0524945 0.0496128 0.0834361 0.0623533 0.0486368 0.0495314 0.0787620 0.0468078 0.0743914 0.0687350 0.0485382 0.0559147 0.0737894 0.0891738 0.0628647 0.0778946 0.0522174 0.0218275 0.0885808 0.0819864 0.0706306 0.0540712 0.0578381 0.0000000 0.0523105 0.0247067 0.0554368 0.0459641 0.0497085 0.0743233 0.0856986 0.0752772 
Macropodidae_Wallabia_bicolor                0.0566339 0.0671130 0.0545737 0.0234255 0.0207525 0.0863242 0.0641184 0.0575712 0.0203025 0.0799460 0.0503199 0.0746974 0.0704169 0.0524183 0.0621532 0.0749817 0.0901991 0.0688026 0.0801592 0.0116402 0.0519461 0.0893083 0.0812362 0.0704370 0.0388508 0.0641369 0.0523105 0.0000000 0.0507318 0.0713989 0.0521049 0.0544880 0.0734692 0.0872331 0.0772571 
Pseudochiridae_Pseudocheirus_occidentalis    0.0517420 0.0662271 0.0547716 0.0521273 0.0502217 0.0879940 0.0571895 0.0508642 0.0482308 0.0771967 0.0443238 0.0756900 0.0692660 0.0476461 0.0525437 0.0739998 0.0963485 0.0619539 0.0786216 0.0479758 0.0134234 0.0912679 0.0811121 0.0694058 0.0565813 0.0569606 0.0247067 0.0507318 0.0000000 0.0532954 0.0442068 0.0475293 0.0694184 0.0926886 0.0750280 
Tarsipedidae_Tarsipes_rostratus              0.0768005 0.0909477 0.0774775 0.0704014 0.0694679 0.1028546 0.0828457 0.0756112 0.0689444 0.0992253 0.0723416 0.0981910 0.0948854 0.0721125 0.0757460 0.0979234 0.1114071 0.0904640 0.0978833 0.0715685 0.0527878 0.1093698 0.1009872 0.0928716 0.0748155 0.0842251 0.0554368 0.0713989 0.0532954 0.0000000 0.0708848 0.0747000 0.0918491 0.1070548 0.0953585 
Acrobatidae_Distoechurus_pennatus            0.0558940 0.0695223 0.0618420 0.0553223 0.0536603 0.0928902 0.0617519 0.0574258 0.0526775 0.0838342 0.0534943 0.0832953 0.0796535 0.0531387 0.0506332 0.0847507 0.0979370 0.0783964 0.0813829 0.0538226 0.0471940 0.0892091 0.0878797 0.0801146 0.0580707 0.0656478 0.0459641 0.0521049 0.0442068 0.0708848 0.0000000 0.0553314 0.0732632 0.0938874 0.0822545 
Phalangeridae_Phalanger_carmelitae           0.0503921 0.0698617 0.0535746 0.0566620 0.0537543 0.0885840 0.0357726 0.0123517 0.0531613 0.0827375 0.0097237 0.0747794 0.0697093 0.0097046 0.0667968 0.0755759 0.0925541 0.0662746 0.0855082 0.0526807 0.0475895 0.0865049 0.0803720 0.0698850 0.0569531 0.0602811 0.0497085 0.0544880 0.0475293 0.0747000 0.0553314 0.0000000 0.0731600 0.0892526 0.0796302 
Peramelidae_Peroryctes_raffrayana            0.0792711 0.0706601 0.0786257 0.0731267 0.0732809 0.0885128 0.0724147 0.0729658 0.0714300 0.0200995 0.0749160 0.0732960 0.0749722 0.0727121 0.0772027 0.0737750 0.0940037 0.0762570 0.0168435 0.0734558 0.0740088 0.0997795 0.0814321 0.0743627 0.0789369 0.0679946 0.0743233 0.0734692 0.0694184 0.0918491 0.0732632 0.0731600 0.0000000 0.0941818 0.0173908 
Dasyuridae_Dasyurus_geffroii                 0.0888979 0.0970148 0.0920490 0.0936600 0.0912769 0.0129001 0.1010771 0.0878071 0.0911358 0.0982317 0.0913951 0.0408891 0.0436075 0.0870360 0.1014570 0.0416694 0.0183260 0.0441311 0.0952751 0.0900565 0.0894390 0.1067563 0.0993580 0.0358974 0.0994952 0.0901842 0.0856986 0.0872331 0.0926886 0.1070548 0.0938874 0.0892526 0.0941818 0.0000000 0.0951826 
Peramelidae_Perameles_gunnii                 0.0825734 0.0755369 0.0806145 0.0774525 0.0752508 0.0913270 0.0824517 0.0795721 0.0731698 0.0037620 0.0803266 0.0833083 0.0813677 0.0786009 0.0801982 0.0840205 0.0968517 0.0815419 0.0153623 0.0771820 0.0758332 0.0937165 0.0867432 0.0814415 0.0811187 0.0711731 0.0752772 0.0772571 0.0750280 0.0953585 0.0822545 0.0796302 0.0173908 0.0951826 0.0000000 
