35
Burramyidae_Burramys_parvus                  0.0000000 0.0780868 0.0408951 0.0393809 0.0392173 0.0568263 0.0342277 0.0320822 0.0423702 0.0462145 0.0327584 0.0609811 0.0597244 0.0322422 0.0478049 0.0631747 0.0590735 0.0543209 0.0558563 0.0381816 0.0416161 0.0688022 0.0680087 0.0616388 0.0389817 0.0553326 0.0364024 0.0384311 0.0376837 0.0675073 0.0392865 0.0326455 0.0482948 0.0579455 0.0556172 
Notoryctidae_Notoryctes_typhlops             0.0780868 0.0000000 0.0667704 0.0659584 0.0650297 0.0708834 0.0663430 0.0558489 0.0672167 0.0576910 0.0559684 0.0690838 0.0720797 0.0568336 0.0796925 0.0743191 0.0727659 0.0640110 0.0695816 0.0618888 0.0769838 0.0833564 0.0862054 0.0701884 0.0659328 0.0652093 0.0660429 0.0628541 0.0704984 0.1035795 0.0676797 0.0570838 0.0636241 0.0715074 0.0712928 
Vombatidae_Lasiorhinus_latifrons             0.0408951 0.0667704 0.0000000 0.0378674 0.0360484 0.0533107 0.0368733 0.0346304 0.0391576 0.0463366 0.0338164 0.0557362 0.0571989 0.0332281 0.0469279 0.0578512 0.0551966 0.0519890 0.0530366 0.0357504 0.0469745 0.0606925 0.0663558 0.0566555 0.0383550 0.0498042 0.0397348 0.0360363 0.0433603 0.0654861 0.0361273 0.0327271 0.0476947 0.0537232 0.0560495 
Potoroidae_Bettongia_penicillata             0.0393809 0.0659584 0.0378674 0.0000000 0.0012866 0.0522424 0.0341847 0.0285822 0.0058937 0.0424889 0.0281713 0.0531596 0.0545118 0.0272346 0.0409204 0.0552486 0.0536812 0.0463917 0.0497372 0.0122184 0.0369860 0.0592132 0.0590573 0.0544359 0.0187704 0.0498653 0.0341876 0.0113330 0.0357925 0.0585662 0.0323872 0.0280117 0.0447730 0.0529668 0.0480216 
Potoroidae_Bettongia_lesueur                 0.0392173 0.0650297 0.0360484 0.0012866 0.0000000 0.0516777 0.0333489 0.0276506 0.0051494 0.0411435 0.0275429 0.0525727 0.0539210 0.0259265 0.0400353 0.0546518 0.0530999 0.0449791 0.0480503 0.0113353 0.0364229 0.0579602 0.0565102 0.0538947 0.0178762 0.0488835 0.0331113 0.0104828 0.0349164 0.0579487 0.0313806 0.0266821 0.0429003 0.0523945 0.0469651 
Dasyuridae_Dasyurus_maculatus                0.0568263 0.0708834 0.0533107 0.0522424 0.0516777 0.0000000 0.0502983 0.0461844 0.0528791 0.0411790 0.0455023 0.0073195 0.0096735 0.0449321 0.0590189 0.0075026 0.0036249 0.0088925 0.0533365 0.0490471 0.0556152 0.0746921 0.0775646 0.0081892 0.0484684 0.0562008 0.0506745 0.0490661 0.0526614 0.0830707 0.0543745 0.0460155 0.0445702 0.0020513 0.0505575 
Phalangeridae_Trichosurus_vulpecula          0.0342277 0.0663430 0.0368733 0.0341847 0.0333489 0.0502983 0.0000000 0.0117256 0.0352791 0.0399949 0.0118182 0.0525566 0.0536346 0.0121735 0.0398078 0.0530340 0.0510214 0.0481388 0.0482545 0.0316321 0.0355300 0.0613092 0.0638130 0.0525823 0.0319836 0.0466289 0.0329601 0.0321475 0.0337587 0.0574308 0.0308205 0.0121613 0.0435681 0.0497475 0.0488962 
Phalangeridae_Spilocuscus_maculatus          0.0320822 0.0558489 0.0346304 0.0285822 0.0276506 0.0461844 0.0117256 0.0000000 0.0286086 0.0359304 0.0045113 0.0481843 0.0475750 0.0050314 0.0362329 0.0482268 0.0460449 0.0421885 0.0425609 0.0278717 0.0294882 0.0542313 0.0572800 0.0479249 0.0288121 0.0426287 0.0281220 0.0285823 0.0267932 0.0584350 0.0296793 0.0050273 0.0393079 0.0456615 0.0439594 
Potoroidae_Aepyprymnus_rufescens             0.0423702 0.0672167 0.0391576 0.0058937 0.0051494 0.0528791 0.0352791 0.0286086 0.0000000 0.0454579 0.0283651 0.0534838 0.0549080 0.0276558 0.0429730 0.0542454 0.0549712 0.0462596 0.0510761 0.0128257 0.0354090 0.0601716 0.0619294 0.0547963 0.0190437 0.0512369 0.0342875 0.0123568 0.0374562 0.0613434 0.0330171 0.0288437 0.0465529 0.0542528 0.0509142 
Peramelidae_Perameles_nasuta                 0.0462145 0.0576910 0.0463366 0.0424889 0.0411435 0.0411790 0.0399949 0.0359304 0.0454579 0.0000000 0.0346440 0.0442365 0.0453842 0.0350817 0.0482137 0.0444452 0.0438070 0.0421134 0.0065654 0.0367376 0.0377788 0.0494379 0.0540328 0.0441926 0.0408616 0.0443097 0.0332480 0.0381792 0.0376520 0.0785943 0.0420790 0.0350355 0.0058390 0.0424520 0.0002198 
Phalangeridae_Strigocuscus_pelengensis       0.0327584 0.0559684 0.0338164 0.0281713 0.0275429 0.0455023 0.0118182 0.0045113 0.0283651 0.0346440 0.0000000 0.0475245 0.0467674 0.0045197 0.0349077 0.0478972 0.0459599 0.0421259 0.0402099 0.0265112 0.0283238 0.0505398 0.0537787 0.0459389 0.0268615 0.0421911 0.0284765 0.0278911 0.0270931 0.0529245 0.0280374 0.0041575 0.0363607 0.0446831 0.0413102 
Dasyuridae_Phascogale_tapoatafa              0.0609811 0.0690838 0.0557362 0.0531596 0.0525727 0.0073195 0.0525566 0.0481843 0.0534838 0.0442365 0.0475245 0.0000000 0.0099049 0.0472167 0.0614896 0.0014007 0.0075642 0.0092200 0.0565625 0.0496137 0.0553444 0.0717506 0.0777159 0.0042685 0.0471455 0.0565142 0.0496804 0.0509159 0.0531445 0.0893288 0.0569804 0.0496196 0.0508486 0.0069417 0.0536557 
Dasyuridae_Sminthopsis_macroura              0.0597244 0.0720797 0.0571989 0.0545118 0.0539210 0.0096735 0.0536346 0.0475750 0.0549080 0.0453842 0.0467674 0.0099049 0.0000000 0.0475918 0.0596979 0.0104927 0.0099024 0.0078359 0.0569521 0.0503612 0.0591467 0.0713237 0.0743264 0.0106822 0.0509553 0.0555499 0.0536347 0.0529529 0.0547290 0.0898751 0.0581865 0.0487234 0.0503855 0.0090087 0.0550750 
Phalangeridae_Phalanger_orientalis           0.0322422 0.0568336 0.0332281 0.0272346 0.0259265 0.0449321 0.0121735 0.0050314 0.0276558 0.0350817 0.0045197 0.0472167 0.0475918 0.0000000 0.0357535 0.0469719 0.0459689 0.0407072 0.0416542 0.0267910 0.0291671 0.0545864 0.0546101 0.0469254 0.0262910 0.0416870 0.0286590 0.0277020 0.0275463 0.0559614 0.0267235 0.0017171 0.0376160 0.0449991 0.0419313 
Acrobatidae_Acrobates_pygmaeus               0.0478049 0.0796925 0.0469279 0.0409204 0.0400353 0.0590189 0.0398078 0.0362329 0.0429730 0.0482137 0.0349077 0.0614896 0.0596979 0.0357535 0.0000000 0.0629067 0.0599971 0.0550172 0.0567204 0.0402643 0.0373269 0.0702454 0.0727494 0.0593825 0.0427091 0.0502911 0.0367000 0.0395310 0.0384163 0.0607762 0.0229780 0.0356963 0.0493715 0.0594821 0.0550106 
Dasyuridae_Phascogale_calura                 0.0631747 0.0743191 0.0578512 0.0552486 0.0546518 0.0075026 0.0530340 0.0482268 0.0542454 0.0444452 0.0478972 0.0014007 0.0104927 0.0469719 0.0629067 0.0000000 0.0078754 0.0091783 0.0580481 0.0527102 0.0565076 0.0762904 0.0817007 0.0043516 0.0501591 0.0563848 0.0521472 0.0533658 0.0524298 0.0895434 0.0591283 0.0493235 0.0510866 0.0068727 0.0565259 
Dasyuridae_Sarcophilus_harrisii              0.0590735 0.0727659 0.0551966 0.0536812 0.0530999 0.0036249 0.0510214 0.0460449 0.0549712 0.0438070 0.0459599 0.0075642 0.0099024 0.0459689 0.0599971 0.0078754 0.0000000 0.0090201 0.0565201 0.0510860 0.0582584 0.0744182 0.0774103 0.0085668 0.0496088 0.0579888 0.0525022 0.0527023 0.0550280 0.0877909 0.0552234 0.0470728 0.0472728 0.0032827 0.0536510 
Dasyuridae_Planigale_tenuirostris            0.0543209 0.0640110 0.0519890 0.0463917 0.0449791 0.0088925 0.0481388 0.0421885 0.0462596 0.0421134 0.0421259 0.0092200 0.0078359 0.0407072 0.0550172 0.0091783 0.0090201 0.0000000 0.0476324 0.0419281 0.0484438 0.0671648 0.0668609 0.0096151 0.0427223 0.0509918 0.0432815 0.0426403 0.0465866 0.0815410 0.0501524 0.0420753 0.0440926 0.0084891 0.0468234 
Peramelidae_Echymipera_kalubu                0.0558563 0.0695816 0.0530366 0.0497372 0.0480503 0.0533365 0.0482545 0.0425609 0.0510761 0.0065654 0.0402099 0.0565625 0.0569521 0.0416542 0.0567204 0.0580481 0.0565201 0.0476324 0.0000000 0.0442103 0.0500624 0.0657717 0.0662301 0.0547982 0.0448467 0.0515920 0.0479543 0.0454048 0.0468638 0.0819525 0.0497838 0.0413238 0.0076390 0.0540932 0.0084464 
Macropodidae_Dorcopsulus_vanheurni           0.0381816 0.0618888 0.0357504 0.0122184 0.0113353 0.0490471 0.0316321 0.0278717 0.0128257 0.0367376 0.0265112 0.0496137 0.0503612 0.0267910 0.0402643 0.0527102 0.0510860 0.0419281 0.0442103 0.0000000 0.0350584 0.0572884 0.0560298 0.0501243 0.0168294 0.0471077 0.0318168 0.0060332 0.0325680 0.0593719 0.0314046 0.0271592 0.0387790 0.0497528 0.0443055 
Pseudochiridae_Pseudochirulus_forbesi        0.0416161 0.0769838 0.0469745 0.0369860 0.0364229 0.0556152 0.0355300 0.0294882 0.0354090 0.0377788 0.0283238 0.0553444 0.0591467 0.0291671 0.0373269 0.0565076 0.0582584 0.0484438 0.0500624 0.0350584 0.0000000 0.0595364 0.0640690 0.0556415 0.0363062 0.0559794 0.0167574 0.0350614 0.0093159 0.0544437 0.0288074 0.0297789 0.0449477 0.0574560 0.0485599 
Didelphidae_Didelphis_virginiana             0.0688022 0.0833564 0.0606925 0.0592132 0.0579602 0.0746921 0.0613092 0.0542313 0.0601716 0.0494379 0.0505398 0.0717506 0.0713237 0.0545864 0.0702454 0.0762904 0.0744182 0.0671648 0.0657717 0.0572884 0.0595364 0.0000000 0.0168781 0.0746065 0.0599775 0.0592302 0.0561506 0.0584026 0.0529537 0.0902775 0.0584526 0.0544639 0.0561942 0.0748691 0.0656713 
Marmosidae_Monodelphis_domestica             0.0680087 0.0862054 0.0663558 0.0590573 0.0565102 0.0775646 0.0638130 0.0572800 0.0619294 0.0540328 0.0537787 0.0777159 0.0743264 0.0546101 0.0727494 0.0817007 0.0774103 0.0668609 0.0662301 0.0560298 0.0640690 0.0168781 0.0000000 0.0793224 0.0597303 0.0578059 0.0577882 0.0567546 0.0576574 0.0906645 0.0594297 0.0551528 0.0569237 0.0777495 0.0664410 
Dasyuridae_Antechinus_stuartii               0.0616388 0.0701884 0.0566555 0.0544359 0.0538947 0.0081892 0.0525823 0.0479249 0.0547963 0.0441926 0.0459389 0.0042685 0.0106822 0.0469254 0.0593825 0.0043516 0.0085668 0.0096151 0.0547982 0.0501243 0.0556415 0.0746065 0.0793224 0.0000000 0.0484710 0.0546012 0.0500337 0.0528719 0.0515907 0.0891185 0.0579493 0.0480512 0.0491475 0.0076762 0.0536017 
Hypsiprymnodontidae_Hypsiprymnodon_moschatus 0.0389817 0.0659328 0.0383550 0.0187704 0.0178762 0.0484684 0.0319836 0.0288121 0.0190437 0.0408616 0.0268615 0.0471455 0.0509553 0.0262910 0.0427091 0.0501591 0.0496088 0.0427223 0.0448467 0.0168294 0.0363062 0.0599775 0.0597303 0.0484710 0.0000000 0.0494598 0.0316220 0.0167677 0.0344070 0.0573492 0.0328559 0.0278851 0.0406474 0.0485442 0.0464285 
Microbiotheriidae_Dromiciops_gliroides       0.0553326 0.0652093 0.0498042 0.0498653 0.0488835 0.0562008 0.0466289 0.0426287 0.0512369 0.0443097 0.0421911 0.0565142 0.0555499 0.0416870 0.0502911 0.0563848 0.0579888 0.0509918 0.0515920 0.0471077 0.0559794 0.0592302 0.0578059 0.0546012 0.0494598 0.0000000 0.0478797 0.0499064 0.0504338 0.0805604 0.0446227 0.0416120 0.0453913 0.0566519 0.0539381 
Pseudochiridae_Petauroides_volans            0.0364024 0.0660429 0.0397348 0.0341876 0.0331113 0.0506745 0.0329601 0.0281220 0.0342875 0.0332480 0.0284765 0.0496804 0.0536347 0.0286590 0.0367000 0.0521472 0.0525022 0.0432815 0.0479543 0.0318168 0.0167574 0.0561506 0.0577882 0.0500337 0.0316220 0.0478797 0.0000000 0.0322888 0.0164009 0.0523968 0.0297223 0.0288274 0.0390302 0.0520676 0.0452468 
Macropodidae_Wallabia_bicolor                0.0384311 0.0628541 0.0360363 0.0113330 0.0104828 0.0490661 0.0321475 0.0285823 0.0123568 0.0381792 0.0278911 0.0509159 0.0529529 0.0277020 0.0395310 0.0533658 0.0527023 0.0426403 0.0454048 0.0060332 0.0350614 0.0584026 0.0567546 0.0528719 0.0167677 0.0499064 0.0322888 0.0000000 0.0322900 0.0598228 0.0324220 0.0282826 0.0413576 0.0510300 0.0451925 
Pseudochiridae_Pseudocheirus_occidentalis    0.0376837 0.0704984 0.0433603 0.0357925 0.0349164 0.0526614 0.0337587 0.0267932 0.0374562 0.0376520 0.0270931 0.0531445 0.0547290 0.0275463 0.0384163 0.0524298 0.0550280 0.0465866 0.0468638 0.0325680 0.0093159 0.0529537 0.0576574 0.0515907 0.0344070 0.0504338 0.0164009 0.0322900 0.0000000 0.0535337 0.0296469 0.0277284 0.0420159 0.0541490 0.0462937 
Tarsipedidae_Tarsipes_rostratus              0.0675073 0.1035795 0.0654861 0.0585662 0.0579487 0.0830707 0.0574308 0.0584350 0.0613434 0.0785943 0.0529245 0.0893288 0.0898751 0.0559614 0.0607762 0.0895434 0.0877909 0.0815410 0.0819525 0.0593719 0.0544437 0.0902775 0.0906645 0.0891185 0.0573492 0.0805604 0.0523968 0.0598228 0.0535337 0.0000000 0.0556705 0.0557821 0.0775734 0.0874754 0.0846744 
Acrobatidae_Distoechurus_pennatus            0.0392865 0.0676797 0.0361273 0.0323872 0.0313806 0.0543745 0.0308205 0.0296793 0.0330171 0.0420790 0.0280374 0.0569804 0.0581865 0.0267235 0.0229780 0.0591283 0.0552234 0.0501524 0.0497838 0.0314046 0.0288074 0.0584526 0.0594297 0.0579493 0.0328559 0.0446227 0.0297223 0.0324220 0.0296469 0.0556705 0.0000000 0.0273040 0.0449843 0.0565181 0.0498460 
Phalangeridae_Phalanger_carmelitae           0.0326455 0.0570838 0.0327271 0.0280117 0.0266821 0.0460155 0.0121613 0.0050273 0.0288437 0.0350355 0.0041575 0.0496196 0.0487234 0.0017171 0.0356963 0.0493235 0.0470728 0.0420753 0.0413238 0.0271592 0.0297789 0.0544639 0.0551528 0.0480512 0.0278851 0.0416120 0.0288274 0.0282826 0.0277284 0.0557821 0.0273040 0.0000000 0.0378362 0.0460852 0.0421530 
Peramelidae_Peroryctes_raffrayana            0.0482948 0.0636241 0.0476947 0.0447730 0.0429003 0.0445702 0.0435681 0.0393079 0.0465529 0.0058390 0.0363607 0.0508486 0.0503855 0.0376160 0.0493715 0.0510866 0.0472728 0.0440926 0.0076390 0.0387790 0.0449477 0.0561942 0.0569237 0.0491475 0.0406474 0.0453913 0.0390302 0.0413576 0.0420159 0.0775734 0.0449843 0.0378362 0.0000000 0.0468593 0.0068834 
Dasyuridae_Dasyurus_geffroii                 0.0579455 0.0715074 0.0537232 0.0529668 0.0523945 0.0020513 0.0497475 0.0456615 0.0542528 0.0424520 0.0446831 0.0069417 0.0090087 0.0449991 0.0594821 0.0068727 0.0032827 0.0084891 0.0540932 0.0497528 0.0574560 0.0748691 0.0777495 0.0076762 0.0485442 0.0566519 0.0520676 0.0510300 0.0541490 0.0874754 0.0565181 0.0460852 0.0468593 0.0000000 0.0519448 
Peramelidae_Perameles_gunnii                 0.0556172 0.0712928 0.0560495 0.0480216 0.0469651 0.0505575 0.0488962 0.0439594 0.0509142 0.0002198 0.0413102 0.0536557 0.0550750 0.0419313 0.0550106 0.0565259 0.0536510 0.0468234 0.0084464 0.0443055 0.0485599 0.0656713 0.0664410 0.0536017 0.0464285 0.0539381 0.0452468 0.0451925 0.0462937 0.0846744 0.0498460 0.0421530 0.0068834 0.0519448 0.0000000 
