35
Burramyidae_Burramys_parvus                  0.0000000 0.0666313 0.0481238 0.0510351 0.0510713 0.0842259 0.0462505 0.0436141 0.0501739 0.1048324 0.0389721 0.0784238 0.0792649 0.0455940 0.0709935 0.0775548 0.0828112 0.0772561 0.1068055 0.0539301 0.0646384 0.0845483 0.1090781 0.0797660 0.0599607 0.0609209 0.0628966 0.0475222 0.0666570 0.0808764 0.0610228 0.0458051 0.0934435 0.0872808 0.1025809 
Notoryctidae_Notoryctes_typhlops             0.0666313 0.0000000 0.0738629 0.0789029 0.0766375 0.0887378 0.0777760 0.0761245 0.0758148 0.0847015 0.0681797 0.0823467 0.0836722 0.0762810 0.0818101 0.0834186 0.0859428 0.0836203 0.0858132 0.0813159 0.0915750 0.0934053 0.1088334 0.0856357 0.0838949 0.0738263 0.0900411 0.0739231 0.0871613 0.1083888 0.0874964 0.0765513 0.0818742 0.0892923 0.0836742 
Vombatidae_Lasiorhinus_latifrons             0.0481238 0.0738629 0.0000000 0.0480121 0.0473341 0.0823273 0.0509383 0.0472001 0.0470887 0.1031580 0.0438694 0.0797918 0.0768752 0.0491266 0.0721334 0.0793817 0.0809432 0.0774781 0.1017145 0.0492906 0.0667666 0.0933744 0.1124125 0.0786423 0.0574042 0.0605771 0.0631550 0.0451352 0.0680399 0.0764663 0.0602430 0.0501837 0.0955190 0.0841513 0.1001373 
Potoroidae_Bettongia_penicillata             0.0510351 0.0789029 0.0480121 0.0000000 0.0043187 0.0910699 0.0502710 0.0499758 0.0111953 0.1079247 0.0441715 0.0840276 0.0862201 0.0537276 0.0758285 0.0856205 0.0888608 0.0859304 0.1086465 0.0269868 0.0658884 0.0938423 0.1167356 0.0842811 0.0484907 0.0719464 0.0625771 0.0227408 0.0659161 0.0771021 0.0626615 0.0541048 0.1012168 0.0907249 0.1069987 
Potoroidae_Bettongia_lesueur                 0.0510713 0.0766375 0.0473341 0.0043187 0.0000000 0.0903118 0.0491875 0.0481148 0.0111884 0.1060182 0.0422632 0.0832758 0.0837687 0.0519028 0.0750286 0.0840511 0.0872798 0.0841237 0.1067111 0.0260221 0.0654916 0.0927239 0.1167410 0.0839143 0.0486343 0.0723822 0.0613983 0.0217925 0.0666613 0.0754938 0.0626766 0.0522337 0.1001086 0.0899668 0.1050336 
Dasyuridae_Dasyurus_maculatus                0.0842259 0.0887378 0.0823273 0.0910699 0.0903118 0.0000000 0.0912495 0.0898474 0.0910139 0.1245786 0.0812396 0.0225191 0.0284633 0.0896129 0.1108657 0.0218777 0.0090356 0.0289976 0.1273727 0.0918557 0.1055309 0.1072427 0.1202811 0.0241426 0.1014212 0.0781465 0.1034419 0.0854379 0.1044961 0.1180599 0.1000535 0.0926290 0.1147750 0.0063596 0.1231287 
Phalangeridae_Trichosurus_vulpecula          0.0462505 0.0777760 0.0509383 0.0502710 0.0491875 0.0912495 0.0000000 0.0240430 0.0486469 0.1103697 0.0223558 0.0871011 0.0884164 0.0279053 0.0725228 0.0870460 0.0893414 0.0856594 0.1171266 0.0529848 0.0673573 0.0847610 0.1216201 0.0876397 0.0598513 0.0731698 0.0634750 0.0462346 0.0674810 0.0774769 0.0631272 0.0297518 0.1038540 0.0905822 0.1096942 
Phalangeridae_Spilocuscus_maculatus          0.0436141 0.0761245 0.0472001 0.0499758 0.0481148 0.0898474 0.0240430 0.0000000 0.0479036 0.1024796 0.0123872 0.0841457 0.0836100 0.0134680 0.0714420 0.0841344 0.0883432 0.0821174 0.1076863 0.0526959 0.0623451 0.0917033 0.1165121 0.0842542 0.0539171 0.0701380 0.0568908 0.0457519 0.0618244 0.0764171 0.0612089 0.0150094 0.0950321 0.0899538 0.1025427 
Potoroidae_Aepyprymnus_rufescens             0.0501739 0.0758148 0.0470887 0.0111953 0.0111884 0.0910139 0.0486469 0.0479036 0.0000000 0.1046059 0.0412933 0.0841020 0.0847062 0.0502321 0.0746495 0.0857897 0.0911426 0.0849560 0.1033652 0.0253160 0.0650147 0.0908678 0.1104963 0.0852450 0.0476779 0.0730393 0.0629371 0.0207935 0.0654576 0.0778635 0.0621080 0.0512387 0.0987367 0.0906690 0.1037284 
Peramelidae_Perameles_nasuta                 0.1048324 0.0847015 0.1031580 0.1079247 0.1060182 0.1245786 0.1103697 0.1024796 0.1046059 0.0000000 0.0895396 0.1227624 0.1218693 0.1037308 0.1229830 0.1223446 0.1193994 0.1275056 0.0367600 0.1129827 0.1151463 0.1837901 0.1384108 0.1201123 0.1229780 0.0977730 0.1075918 0.1041995 0.1197138 0.1243345 0.1123118 0.1051367 0.0278125 0.1265235 0.0021420 
Phalangeridae_Strigocuscus_pelengensis       0.0389721 0.0681797 0.0438694 0.0441715 0.0422632 0.0812396 0.0223558 0.0123872 0.0412933 0.0895396 0.0000000 0.0760884 0.0761902 0.0153634 0.0505169 0.0765104 0.0785370 0.0724490 0.0901502 0.0473770 0.0591378 0.0775638 0.1001459 0.0770082 0.0486918 0.0665502 0.0566359 0.0415871 0.0539335 0.0701831 0.0553957 0.0172615 0.0888012 0.0817793 0.0885825 
Dasyuridae_Phascogale_tapoatafa              0.0784238 0.0823467 0.0797918 0.0840276 0.0832758 0.0225191 0.0871011 0.0841457 0.0841020 0.1227624 0.0760884 0.0000000 0.0265190 0.0859302 0.1096313 0.0043152 0.0206893 0.0263064 0.1208140 0.0872261 0.1004057 0.0986952 0.1176133 0.0108449 0.1002966 0.0774014 0.1000961 0.0808434 0.1002839 0.1155538 0.0973624 0.0870800 0.1097807 0.0244573 0.1202619 
Dasyuridae_Sminthopsis_macroura              0.0792649 0.0836722 0.0768752 0.0862201 0.0837687 0.0284633 0.0884164 0.0836100 0.0847062 0.1218693 0.0761902 0.0265190 0.0000000 0.0855962 0.1044751 0.0262447 0.0256234 0.0236428 0.1223699 0.0872107 0.1019286 0.1021751 0.1205640 0.0288984 0.0991980 0.0745826 0.1001976 0.0817292 0.1005754 0.1155166 0.0949197 0.0863216 0.1082034 0.0291128 0.1193830 
Phalangeridae_Phalanger_orientalis           0.0455940 0.0762810 0.0491266 0.0537276 0.0519028 0.0896129 0.0279053 0.0134680 0.0502321 0.1037308 0.0153634 0.0859302 0.0855962 0.0000000 0.0704944 0.0859190 0.0889996 0.0849591 0.1127843 0.0552213 0.0653629 0.0942096 0.1177013 0.0864322 0.0586557 0.0750428 0.0616615 0.0484115 0.0641893 0.0748438 0.0624214 0.0078216 0.0987379 0.0915102 0.1049570 
Acrobatidae_Acrobates_pygmaeus               0.0709935 0.0818101 0.0721334 0.0758285 0.0750286 0.1108657 0.0725228 0.0714420 0.0746495 0.1229830 0.0505169 0.1096313 0.1044751 0.0704944 0.0000000 0.1112647 0.1104169 0.1048666 0.1312759 0.0768703 0.0635810 0.1159688 0.1451774 0.1085690 0.0767459 0.0885090 0.0591813 0.0708215 0.0589559 0.0760888 0.0402082 0.0750477 0.1137815 0.1119012 0.1218839 
Dasyuridae_Phascogale_calura                 0.0775548 0.0834186 0.0793817 0.0856205 0.0840511 0.0218777 0.0870460 0.0841344 0.0857897 0.1223446 0.0765104 0.0043152 0.0262447 0.0859190 0.1112647 0.0000000 0.0200644 0.0259676 0.1204008 0.0880627 0.1029427 0.0996957 0.1180489 0.0105356 0.0998553 0.0778075 0.1008708 0.0816590 0.1023862 0.1149740 0.0988470 0.0870683 0.1100503 0.0238087 0.1198447 
Dasyuridae_Sarcophilus_harrisii              0.0828112 0.0859428 0.0809432 0.0888608 0.0872798 0.0090356 0.0893414 0.0883432 0.0911426 0.1193994 0.0785370 0.0206893 0.0256234 0.0889996 0.1104169 0.0200644 0.0000000 0.0259868 0.1239962 0.0908161 0.1035360 0.1015307 0.1184179 0.0232546 0.0998305 0.0765984 0.1036420 0.0848577 0.1034175 0.1184335 0.0999437 0.0920215 0.1123466 0.0108319 0.1179902 
Dasyuridae_Planigale_tenuirostris            0.0772561 0.0836203 0.0774781 0.0859304 0.0841237 0.0289976 0.0856594 0.0821174 0.0849560 0.1275056 0.0724490 0.0263064 0.0236428 0.0849591 0.1048666 0.0259676 0.0259868 0.0000000 0.1241519 0.0872202 0.1016846 0.0993541 0.1204629 0.0266553 0.0984821 0.0793779 0.1007433 0.0799080 0.0991263 0.1149524 0.0954384 0.0867172 0.1118582 0.0294227 0.1235175 
Peramelidae_Echymipera_kalubu                0.1068055 0.0858132 0.1017145 0.1086465 0.1067111 0.1273727 0.1171266 0.1076863 0.1033652 0.0367600 0.0901502 0.1208140 0.1223699 0.1127843 0.1312759 0.1204008 0.1239962 0.1241519 0.0000000 0.1134953 0.1140789 0.1982021 0.1357862 0.1210693 0.1218834 0.0917987 0.1084026 0.1053931 0.1188589 0.1266708 0.1157946 0.1121512 0.0299239 0.1286172 0.0350262 
Macropodidae_Dorcopsulus_vanheurni           0.0539301 0.0813159 0.0492906 0.0269868 0.0260221 0.0918557 0.0529848 0.0526959 0.0253160 0.1129827 0.0473770 0.0872261 0.0872107 0.0552213 0.0768703 0.0880627 0.0908161 0.0872202 0.1134953 0.0000000 0.0649432 0.0994035 0.1188205 0.0883616 0.0441837 0.0761416 0.0637838 0.0081862 0.0637430 0.0778415 0.0671623 0.0549648 0.1037938 0.0915089 0.1098806 
Pseudochiridae_Pseudochirulus_forbesi        0.0646384 0.0915750 0.0667666 0.0658884 0.0654916 0.1055309 0.0673573 0.0623451 0.0650147 0.1151463 0.0591378 0.1004057 0.1019286 0.0653629 0.0635810 0.1029427 0.1035360 0.1016846 0.1140789 0.0649432 0.0000000 0.1184537 0.1363967 0.0986935 0.0733817 0.0848609 0.0341363 0.0590387 0.0210169 0.0620002 0.0557664 0.0664640 0.1053343 0.1066633 0.1137692 
Didelphidae_Didelphis_virginiana             0.0845483 0.0934053 0.0933744 0.0938423 0.0927239 0.1072427 0.0847610 0.0917033 0.0908678 0.1837901 0.0775638 0.0986952 0.1021751 0.0942096 0.1159688 0.0996957 0.1015307 0.0993541 0.1982021 0.0994035 0.1184537 0.0000000 0.0487188 0.0985090 0.1138008 0.0818898 0.1133459 0.0929600 0.1147076 0.1232233 0.1078396 0.0949662 0.1671267 0.1073300 0.1780778 
Marmosidae_Monodelphis_domestica             0.1090781 0.1088334 0.1124125 0.1167356 0.1167410 0.1202811 0.1216201 0.1165121 0.1104963 0.1384108 0.1001459 0.1176133 0.1205640 0.1177013 0.1451774 0.1180489 0.1184179 0.1204629 0.1357862 0.1188205 0.1363967 0.0487188 0.0000000 0.1158435 0.1299896 0.0934938 0.1419396 0.1150461 0.1400292 0.1529475 0.1360926 0.1193093 0.1296799 0.1227255 0.1368287 
Dasyuridae_Antechinus_stuartii               0.0797660 0.0856357 0.0786423 0.0842811 0.0839143 0.0241426 0.0876397 0.0842542 0.0852450 0.1201123 0.0770082 0.0108449 0.0288984 0.0864322 0.1085690 0.0105356 0.0232546 0.0266553 0.1210693 0.0883616 0.0986935 0.0985090 0.1158435 0.0000000 0.1010778 0.0774168 0.0999516 0.0811234 0.0989978 0.1129507 0.0954681 0.0876335 0.1083764 0.0251515 0.1183959 
Hypsiprymnodontidae_Hypsiprymnodon_moschatus 0.0599607 0.0838949 0.0574042 0.0484907 0.0486343 0.1014212 0.0598513 0.0539171 0.0476779 0.1229780 0.0486918 0.1002966 0.0991980 0.0586557 0.0767459 0.0998553 0.0998305 0.0984821 0.1218834 0.0441837 0.0733817 0.1138008 0.1299896 0.1010778 0.0000000 0.0852793 0.0700392 0.0425851 0.0739604 0.0908990 0.0724755 0.0592439 0.1082310 0.0990402 0.1234354 
Microbiotheriidae_Dromiciops_gliroides       0.0609209 0.0738263 0.0605771 0.0719464 0.0723822 0.0781465 0.0731698 0.0701380 0.0730393 0.0977730 0.0665502 0.0774014 0.0745826 0.0750428 0.0885090 0.0778075 0.0765984 0.0793779 0.0917987 0.0761416 0.0848609 0.0818898 0.0934938 0.0774168 0.0852793 0.0000000 0.0865659 0.0709669 0.0829504 0.1016631 0.0777711 0.0762585 0.0868284 0.0793619 0.0957306 
Pseudochiridae_Petauroides_volans            0.0628966 0.0900411 0.0631550 0.0625771 0.0613983 0.1034419 0.0634750 0.0568908 0.0629371 0.1075918 0.0566359 0.1000961 0.1001976 0.0616615 0.0591813 0.1008708 0.1036420 0.1007433 0.1084026 0.0637838 0.0341363 0.1133459 0.1419396 0.0999516 0.0700392 0.0865659 0.0000000 0.0558827 0.0347234 0.0621544 0.0522002 0.0625914 0.0958084 0.1053200 0.1057317 
Macropodidae_Wallabia_bicolor                0.0475222 0.0739231 0.0451352 0.0227408 0.0217925 0.0854379 0.0462346 0.0457519 0.0207935 0.1041995 0.0415871 0.0808434 0.0817292 0.0484115 0.0708215 0.0816590 0.0848577 0.0799080 0.1053931 0.0081862 0.0590387 0.0929600 0.1150461 0.0811234 0.0425851 0.0709669 0.0558827 0.0000000 0.0601095 0.0717425 0.0599160 0.0479509 0.0968611 0.0859510 0.1018622 
Pseudochiridae_Pseudocheirus_occidentalis    0.0666570 0.0871613 0.0680399 0.0659161 0.0666613 0.1044961 0.0674810 0.0618244 0.0654576 0.1197138 0.0539335 0.1002839 0.1005754 0.0641893 0.0589559 0.1023862 0.1034175 0.0991263 0.1188589 0.0637430 0.0210169 0.1147076 0.1400292 0.0989978 0.0739604 0.0829504 0.0347234 0.0601095 0.0000000 0.0655135 0.0559904 0.0652225 0.1097434 0.1060488 0.1184572 
Tarsipedidae_Tarsipes_rostratus              0.0808764 0.1083888 0.0764663 0.0771021 0.0754938 0.1180599 0.0774769 0.0764171 0.0778635 0.1243345 0.0701831 0.1155538 0.1155166 0.0748438 0.0760888 0.1149740 0.1184335 0.1149524 0.1266708 0.0778415 0.0620002 0.1232233 0.1529475 0.1129507 0.0908990 0.1016631 0.0621544 0.0717425 0.0655135 0.0000000 0.0675750 0.0779728 0.1152928 0.1183647 0.1228076 
Acrobatidae_Distoechurus_pennatus            0.0610228 0.0874964 0.0602430 0.0626615 0.0626766 0.1000535 0.0631272 0.0612089 0.0621080 0.1123118 0.0553957 0.0973624 0.0949197 0.0624214 0.0402082 0.0988470 0.0999437 0.0954384 0.1157946 0.0671623 0.0557664 0.1078396 0.1360926 0.0954681 0.0724755 0.0777711 0.0522002 0.0599160 0.0559904 0.0675750 0.0000000 0.0670461 0.1046330 0.0987321 0.1106960 
Phalangeridae_Phalanger_carmelitae           0.0458051 0.0765513 0.0501837 0.0541048 0.0522337 0.0926290 0.0297518 0.0150094 0.0512387 0.1051367 0.0172615 0.0870800 0.0863216 0.0078216 0.0750477 0.0870683 0.0920215 0.0867172 0.1121512 0.0549648 0.0664640 0.0949662 0.1193093 0.0876335 0.0592439 0.0762585 0.0625914 0.0479509 0.0652225 0.0779728 0.0670461 0.0000000 0.0988119 0.0941702 0.1064122 
Peramelidae_Peroryctes_raffrayana            0.0934435 0.0818742 0.0955190 0.1012168 0.1001086 0.1147750 0.1038540 0.0950321 0.0987367 0.0278125 0.0888012 0.1097807 0.1082034 0.0987379 0.1137815 0.1100503 0.1123466 0.1118582 0.0299239 0.1037938 0.1053343 0.1671267 0.1296799 0.1083764 0.1082310 0.0868284 0.0958084 0.0968611 0.1097434 0.1152928 0.1046330 0.0988119 0.0000000 0.1196112 0.0267786 
Dasyuridae_Dasyurus_geffroii                 0.0872808 0.0892923 0.0841513 0.0907249 0.0899668 0.0063596 0.0905822 0.0899538 0.0906690 0.1265235 0.0817793 0.0244573 0.0291128 0.0915102 0.1119012 0.0238087 0.0108319 0.0294227 0.1286172 0.0915089 0.1066633 0.1073300 0.1227255 0.0251515 0.0990402 0.0793619 0.1053200 0.0859510 0.1060488 0.1183647 0.0987321 0.0941702 0.1196112 0.0000000 0.1250592 
Peramelidae_Perameles_gunnii                 0.1025809 0.0836742 0.1001373 0.1069987 0.1050336 0.1231287 0.1096942 0.1025427 0.1037284 0.0021420 0.0885825 0.1202619 0.1193830 0.1049570 0.1218839 0.1198447 0.1179902 0.1235175 0.0350262 0.1098806 0.1137692 0.1780778 0.1368287 0.1183959 0.1234354 0.0957306 0.1057317 0.1018622 0.1184572 0.1228076 0.1106960 0.1064122 0.0267786 0.1250592 0.0000000 
