39
Burramyidae_Burramys_parvus                  0.0000000 0.0790141 0.0339034 0.0790141 0.0248368 0.0266368 0.0265960 0.0310796 0.0166492 0.0166568 0.0276139 0.0460541 0.0173741 0.0305849 0.0401534 0.0301214 0.0401534 0.0170288 0.0222255 0.0300907 0.0308381 0.0282021 0.0454052 0.0291993 0.0242104 0.0224193 0.0430982 0.0308438 0.0339061 0.0252282 0.0280064 0.0253714 0.0247904 0.0365953 0.0228779 0.0177001 0.0432143 0.0305725 0.0464432 
Thylacomyidae_Macrotis_lagotis1              0.0790141 0.0000000 0.0784637 0.0000010 0.0921878 0.0941237 0.0930482 0.0929651 0.0816000 0.0836691 0.0907367 0.0362955 0.0804850 0.0922759 0.0919382 0.0943589 0.0919382 0.0819920 0.0872573 0.0922759 0.0931615 0.0946340 0.0326485 0.0916090 0.0981111 9.0000000 0.1398844 0.0904545 0.0943067 0.0942956 0.1071021 0.0933933 0.0956419 0.1090668 0.0845191 0.0834129 0.0332608 0.0921001 0.0358249 
Notoryctidae_Notoryctes_typhlops             0.0339034 0.0784637 0.0000000 0.0784637 0.0356530 0.0396286 0.0408553 0.0381464 0.0313109 0.0330610 0.0396939 0.0452391 0.0325081 0.0377961 0.0619069 0.0387101 0.0619069 0.0319463 0.0369807 0.0371809 0.0377912 0.0366819 0.0429686 0.0458945 0.0379044 0.0294573 0.0505453 0.0366973 0.0448182 0.0309731 0.0401202 0.0388871 0.0381104 0.0459980 0.0353031 0.0322419 0.0445858 0.0381188 0.0452224 
Thylacomyidae_Macrotis_lagotis2              0.0790141 0.0000010 0.0784637 0.0000000 0.0921878 0.0941237 0.0930482 0.0929651 0.0816000 0.0836691 0.0907367 0.0362955 0.0804850 0.0922759 0.0919382 0.0943589 0.0919382 0.0819920 0.0872573 0.0922759 0.0931615 0.0946340 0.0326485 0.0916090 0.0981111 9.0000000 0.1398844 0.0904545 0.0943067 0.0942956 0.1071021 0.0933933 0.0956419 0.1090668 0.0845191 0.0834129 0.0332608 0.0921001 0.0358249 
Vombatidae_Lasiorhinus_latifrons             0.0248368 0.0921878 0.0356530 0.0921878 0.0000000 0.0348473 0.0358016 0.0356097 0.0244785 0.0236075 0.0361097 0.0501446 0.0245181 0.0353805 0.0096975 0.0353744 0.0096975 0.0242483 0.0292781 0.0348690 0.0353601 0.0329389 0.0488210 0.0396174 0.0302522 0.0226540 0.0449961 0.0367105 0.0414897 0.0271927 0.0351997 0.0352687 0.0306789 0.0412805 0.0298975 0.0247075 0.0481009 0.0353356 0.0505822 
Potoroidae_Bettongia_penicillata             0.0266368 0.0941237 0.0396286 0.0941237 0.0348473 0.0000000 0.0021344 0.0414352 0.0288599 0.0293636 0.0073609 0.0527081 0.0293086 0.0406488 0.0597775 0.0413653 0.0597775 0.0299497 0.0324640 0.0401343 0.0406785 0.0396172 0.0516610 0.0175027 0.0339375 0.0276513 0.0510860 0.0412438 0.0266616 0.0320907 0.0375703 0.0131971 0.0343315 0.0451609 0.0326642 0.0303934 0.0502427 0.0406504 0.0531293 
Potoroidae_Bettongia_lesueur                 0.0265960 0.0930482 0.0408553 0.0930482 0.0358016 0.0021344 0.0000000 0.0421338 0.0288110 0.0293137 0.0080080 0.0531506 0.0297546 0.0413463 0.0602104 0.0415568 0.0602104 0.0298990 0.0319505 0.0408313 0.0413766 0.0400827 0.0521019 0.0167825 0.0343799 0.0284731 0.0510831 0.0419473 0.0263760 0.0317904 0.0369304 0.0129240 0.0342777 0.0454197 0.0328580 0.0303420 0.0510005 0.0413480 0.0535729 
Dasyuridae_Dasyurus_maculatus                0.0310796 0.0929651 0.0381464 0.0929651 0.0356097 0.0414352 0.0421338 0.0000000 0.0339147 0.0311136 0.0419595 0.0497902 0.0323950 0.0062628 0.0618712 0.0095791 0.0618712 0.0327040 0.0361269 0.0058253 0.0025674 0.0072741 0.0498801 0.0453910 0.0401503 0.0279721 0.0508602 0.0076546 0.0466825 0.0309057 0.0431042 0.0416904 0.0385744 0.0486689 0.0349716 0.0331491 0.0480889 0.0014930 0.0504708 
Phalangeridae_Trichosurus_vulpecula          0.0166492 0.0816000 0.0313109 0.0816000 0.0244785 0.0288599 0.0288110 0.0339147 0.0000000 0.0092773 0.0298470 0.0472342 0.0091887 0.0334370 0.0416562 0.0334356 0.0416562 0.0078899 0.0230038 0.0334342 0.0334233 0.0307148 0.0464856 0.0311813 0.0254641 0.0225971 0.0434646 0.0347138 0.0345926 0.0245801 0.0271613 0.0266926 0.0246462 0.0373754 0.0234357 0.0081043 0.0446637 0.0331527 0.0473488 
Phalangeridae_Spilocuscus_maculatus          0.0166568 0.0836691 0.0330610 0.0836691 0.0236075 0.0293636 0.0293137 0.0311136 0.0092773 0.0000000 0.0300883 0.0461453 0.0073531 0.0313738 0.0396424 0.0318665 0.0396424 0.0065436 0.0239913 0.0308772 0.0308720 0.0283309 0.0459301 0.0325174 0.0276168 0.0217918 0.0431208 0.0324330 0.0356135 0.0247090 0.0304340 0.0296789 0.0263497 0.0387033 0.0251307 0.0069763 0.0445846 0.0306061 0.0462800 
Potoroidae_Aepyprymnus_rufescens             0.0276139 0.0907367 0.0396939 0.0907367 0.0361097 0.0073609 0.0080080 0.0419595 0.0298470 0.0300883 0.0000000 0.0543927 0.0308242 0.0406656 0.0626785 0.0413756 0.0626785 0.0311811 0.0307409 0.0401509 0.0412013 0.0398520 0.0530641 0.0191581 0.0360196 0.0268199 0.0502189 0.0412610 0.0264302 0.0324264 0.0376866 0.0147868 0.0354182 0.0472417 0.0324250 0.0316252 0.0519833 0.0411728 0.0548213 
Peramelidae_Perameles_nasuta                 0.0460541 0.0362955 0.0452391 0.0362955 0.0501446 0.0527081 0.0531506 0.0497902 0.0472342 0.0461453 0.0543927 0.0000000 0.0444862 0.0495599 0.0934894 0.0508901 0.0934894 0.0447713 0.0518857 0.0490216 0.0495299 0.0475789 0.0051870 0.0576416 0.0513737 0.0350094 0.0664087 0.0511366 0.0589858 0.0425376 0.0552346 0.0537603 0.0510614 0.0607396 0.0508146 0.0452230 0.0053206 0.0494945 0.0002141 
Phalangeridae_Strigocuscus_pelengensis       0.0173741 0.0804850 0.0325081 0.0804850 0.0245181 0.0293086 0.0297546 0.0323950 0.0091887 0.0073531 0.0308242 0.0444862 0.0000000 0.0329161 0.0423978 0.0334194 0.0423978 0.0050727 0.0250788 0.0324086 0.0318993 0.0301427 0.0443209 0.0327232 0.0268306 0.0205646 0.0435647 0.0339838 0.0350642 0.0256056 0.0291409 0.0285601 0.0257820 0.0384708 0.0252699 0.0055133 0.0434766 0.0316275 0.0445540 
Dasyuridae_Phascogale_tapoatafa              0.0305849 0.0922759 0.0377961 0.0922759 0.0353805 0.0406488 0.0413463 0.0062628 0.0334370 0.0313738 0.0406656 0.0495599 0.0329161 0.0000000 0.0633436 0.0089120 0.0633436 0.0327201 0.0351424 0.0008518 0.0053911 0.0061206 0.0491265 0.0443173 0.0406336 0.0242720 0.0498968 0.0056603 0.0450327 0.0287963 0.0418625 0.0407666 0.0390586 0.0483525 0.0344863 0.0331654 0.0473434 0.0056054 0.0494081 
Vombatidae_Vombatus_ursinus1                 0.0401534 0.0919382 0.0619069 0.0919382 0.0096975 0.0597775 0.0602104 0.0618712 0.0416562 0.0396424 0.0626785 0.0934894 0.0423978 0.0633436 0.0000000 0.0642015 0.0000010 0.0409957 0.0508146 0.0626537 0.0633567 0.0617183 0.0923289 0.0619971 0.0569924 9.0000000 0.0972818 0.0619920 0.0633732 0.0556824 0.0699156 0.0620292 0.0561897 0.0820270 0.0479666 0.0428742 0.0889934 0.0625586 0.0938403 
Dasyuridae_Sminthopsis_macroura              0.0301214 0.0943589 0.0387101 0.0943589 0.0353744 0.0413653 0.0415568 0.0095791 0.0334356 0.0318665 0.0413756 0.0508901 0.0334194 0.0089120 0.0642015 0.0000000 0.0642015 0.0334598 0.0348624 0.0093531 0.0082444 0.0070376 0.0501812 0.0437607 0.0393556 0.0271145 0.0502831 0.0110275 0.0463502 0.0291080 0.0421827 0.0398302 0.0374751 0.0471833 0.0350273 0.0339052 0.0489711 0.0089108 0.0513045 
Vombatidae_Vombatus_ursinus2                 0.0401534 0.0919382 0.0619069 0.0919382 0.0096975 0.0597775 0.0602104 0.0618712 0.0416562 0.0396424 0.0626785 0.0934894 0.0423978 0.0633436 0.0000010 0.0642015 0.0000000 0.0409957 0.0508146 0.0626537 0.0633567 0.0617183 0.0923289 0.0619971 0.0569924 9.0000000 0.0972818 0.0619920 0.0633732 0.0556824 0.0699156 0.0620292 0.0561897 0.0820270 0.0479666 0.0428742 0.0889934 0.0625586 0.0938403 
Phalangeridae_Phalanger_orientalis           0.0170288 0.0819920 0.0319463 0.0819920 0.0242483 0.0299497 0.0298990 0.0327040 0.0078899 0.0065436 0.0311811 0.0447713 0.0050727 0.0327201 0.0409957 0.0334598 0.0409957 0.0000000 0.0245822 0.0322230 0.0322175 0.0297492 0.0450841 0.0328538 0.0267596 0.0218223 0.0444114 0.0335249 0.0348448 0.0245997 0.0279538 0.0281217 0.0252454 0.0387853 0.0254615 0.0006397 0.0434879 0.0319505 0.0449008 
Acrobatidae_Acrobates_pygmaeus               0.0222255 0.0872573 0.0369807 0.0872573 0.0292781 0.0324640 0.0319505 0.0361269 0.0230038 0.0239913 0.0307409 0.0518857 0.0250788 0.0351424 0.0508146 0.0348624 0.0508146 0.0245822 0.0000000 0.0353894 0.0356506 0.0329528 0.0509937 0.0371276 0.0284905 0.0268648 0.0478793 0.0361551 0.0383183 0.0263212 0.0298705 0.0325095 0.0267748 0.0367203 0.0176768 0.0250278 0.0503202 0.0353759 0.0524048 
Dasyuridae_Phascogale_calura                 0.0300907 0.0922759 0.0371809 0.0922759 0.0348690 0.0401343 0.0408313 0.0058253 0.0334342 0.0308772 0.0401509 0.0490216 0.0324086 0.0008518 0.0626537 0.0093531 0.0626537 0.0322230 0.0353894 0.0000000 0.0049550 0.0058910 0.0485908 0.0440534 0.0401194 0.0246712 0.0501971 0.0052198 0.0445041 0.0284919 0.0412733 0.0404746 0.0387968 0.0480599 0.0344835 0.0326681 0.0467966 0.0051692 0.0488690 
Dasyuridae_Sarcophilus_harrisii              0.0308381 0.0931615 0.0377912 0.0931615 0.0353601 0.0406785 0.0413766 0.0025674 0.0334233 0.0308720 0.0412013 0.0495299 0.0318993 0.0053911 0.0633567 0.0082444 0.0633567 0.0322175 0.0356506 0.0049550 0.0000000 0.0068145 0.0490969 0.0446154 0.0396484 0.0279474 0.0511723 0.0074386 0.0459040 0.0300089 0.0428183 0.0405168 0.0375232 0.0486715 0.0342283 0.0326626 0.0475881 0.0019215 0.0502093 
Dasyuridae_Planigale_tenuirostris            0.0282021 0.0946340 0.0366819 0.0946340 0.0329389 0.0396172 0.0400827 0.0072741 0.0307148 0.0283309 0.0398520 0.0475789 0.0301427 0.0061206 0.0617183 0.0070376 0.0617183 0.0297492 0.0329528 0.0058910 0.0068145 0.0000000 0.0470388 0.0419746 0.0366352 0.0244541 0.0505282 0.0068587 0.0411830 0.0278722 0.0387104 0.0396658 0.0355504 0.0438389 0.0332611 0.0302298 0.0453109 0.0070398 0.0479062 
Peramelidae_Echymipera_kalubu                0.0454052 0.0326485 0.0429686 0.0326485 0.0488210 0.0516610 0.0521019 0.0498801 0.0464856 0.0459301 0.0530641 0.0051870 0.0443209 0.0491265 0.0923289 0.0501812 0.0923289 0.0450841 0.0509937 0.0485908 0.0490969 0.0470388 0.0000000 0.0568085 0.0509340 0.0339881 0.0637459 0.0499132 0.0576102 0.0417703 0.0547131 0.0523384 0.0509000 0.0609426 0.0503796 0.0455338 0.0041919 0.0490620 0.0047629 
Macropodidae_Dorcopsulus_vanheurni           0.0291993 0.0916090 0.0458945 0.0916090 0.0396174 0.0175027 0.0167825 0.0453910 0.0311813 0.0325174 0.0191581 0.0576416 0.0327232 0.0443173 0.0619971 0.0437607 0.0619971 0.0328538 0.0371276 0.0440534 0.0446154 0.0419746 0.0568085 0.0000000 0.0384987 0.0330380 0.0543704 0.0452198 0.0282466 0.0363012 0.0403549 0.0037355 0.0368776 0.0498759 0.0364794 0.0335714 0.0560903 0.0445838 0.0584020 
Pseudochiridae_Pseudochirulus_forbesi        0.0242104 0.0981111 0.0379044 0.0981111 0.0302522 0.0339375 0.0343799 0.0401503 0.0254641 0.0276168 0.0360196 0.0513737 0.0268306 0.0406336 0.0569924 0.0393556 0.0569924 0.0267596 0.0284905 0.0401194 0.0396484 0.0366352 0.0509340 0.0384987 0.0000000 0.0242721 0.0472346 0.0410259 0.0393512 0.0305070 0.0234890 0.0347269 0.0089948 0.0393229 0.0288561 0.0269596 0.0500444 0.0396211 0.0517896 
Didelphidae_Didelphis_virginiana             0.0224193 9.0000000 0.0294573 9.0000000 0.0226540 0.0276513 0.0284731 0.0279721 0.0225971 0.0217918 0.0268199 0.0350094 0.0205646 0.0242720 9.0000000 0.0271145 9.0000000 0.0218223 0.0268648 0.0246712 0.0279474 0.0244541 0.0339881 0.0330380 0.0242721 0.0000000 0.0096726 0.0236200 0.0341151 0.0255853 0.0238461 0.0225805 0.0250021 0.0294354 0.0281298 0.0218223 0.0339304 0.0279433 0.0345170 
Marmosidae_Monodelphis_domestica             0.0430982 0.1398844 0.0505453 0.1398844 0.0449961 0.0510860 0.0510831 0.0508602 0.0434646 0.0431208 0.0502189 0.0664087 0.0435647 0.0498968 0.0972818 0.0502831 0.0972818 0.0444114 0.0478793 0.0501971 0.0511723 0.0505282 0.0637459 0.0543704 0.0472346 0.0096726 0.0000000 0.0489276 0.0550368 0.0442638 0.0539979 0.0512342 0.0482771 0.0533758 0.0485214 0.0443271 0.0640372 0.0508209 0.0667513 
Dasyuridae_Antechinus_stuartii               0.0308438 0.0904545 0.0366973 0.0904545 0.0367105 0.0412438 0.0419473 0.0076546 0.0347138 0.0324330 0.0412610 0.0511366 0.0339838 0.0056603 0.0619920 0.0110275 0.0619920 0.0335249 0.0361551 0.0052198 0.0074386 0.0068587 0.0499132 0.0452198 0.0410259 0.0236200 0.0489276 0.0000000 0.0439153 0.0295923 0.0402454 0.0419479 0.0396343 0.0485492 0.0341841 0.0342426 0.0488497 0.0072116 0.0500790 
Hypsiprymnodontidae_Hypsiprymnodon_moschatus 0.0339061 0.0943067 0.0448182 0.0943067 0.0414897 0.0266616 0.0263760 0.0466825 0.0345926 0.0356135 0.0264302 0.0589858 0.0350642 0.0450327 0.0633732 0.0463502 0.0633732 0.0348448 0.0383183 0.0445041 0.0459040 0.0411830 0.0576102 0.0282466 0.0393512 0.0341151 0.0550368 0.0439153 0.0000000 0.0376895 0.0388886 0.0237183 0.0382911 0.0505278 0.0397291 0.0353114 0.0562762 0.0458714 0.0598338 
Microbiotheriidae_Dromiciops_gliroides       0.0252282 0.0942956 0.0309731 0.0942956 0.0271927 0.0320907 0.0317904 0.0309057 0.0245801 0.0247090 0.0324264 0.0425376 0.0256056 0.0287963 0.0556824 0.0291080 0.0556824 0.0245997 0.0263212 0.0284919 0.0300089 0.0278722 0.0417703 0.0363012 0.0305070 0.0255853 0.0442638 0.0295923 0.0376895 0.0000000 0.0311203 0.0295649 0.0292083 0.0378515 0.0273802 0.0251843 0.0424888 0.0302863 0.0431064 
Pseudochiridae_Petauroides_volans            0.0280064 0.1071021 0.0401202 0.1071021 0.0351997 0.0375703 0.0369304 0.0431042 0.0271613 0.0304340 0.0376866 0.0552346 0.0291409 0.0418625 0.0699156 0.0421827 0.0699156 0.0279538 0.0298705 0.0412733 0.0428183 0.0387104 0.0547131 0.0403549 0.0234890 0.0238461 0.0539979 0.0402454 0.0388886 0.0311203 0.0000000 0.0361690 0.0244499 0.0402650 0.0304092 0.0276795 0.0534059 0.0424940 0.0548936 
Macropodidae_Wallabia_bicolor                0.0253714 0.0933933 0.0388871 0.0933933 0.0352687 0.0131971 0.0129240 0.0416904 0.0266926 0.0296789 0.0147868 0.0537603 0.0285601 0.0407666 0.0620292 0.0398302 0.0620292 0.0281217 0.0325095 0.0404746 0.0405168 0.0396658 0.0523384 0.0037355 0.0347269 0.0225805 0.0512342 0.0419479 0.0237183 0.0295649 0.0361690 0.0000000 0.0319983 0.0446535 0.0306510 0.0289309 0.0516351 0.0404871 0.0545665 
Pseudochiridae_Pseudocheirus_occidentalis    0.0247904 0.0956419 0.0381104 0.0956419 0.0306789 0.0343315 0.0342777 0.0385744 0.0246462 0.0263497 0.0354182 0.0510614 0.0257820 0.0390586 0.0561897 0.0374751 0.0561897 0.0252454 0.0267748 0.0387968 0.0375232 0.0355504 0.0509000 0.0368776 0.0089948 0.0250021 0.0482771 0.0396343 0.0382911 0.0292083 0.0244499 0.0319983 0.0000000 0.0389565 0.0270863 0.0257020 0.0495257 0.0380464 0.0512868 
Tarsipedidae_Tarsipes_rostratus              0.0365953 0.1090668 0.0459980 0.1090668 0.0412805 0.0451609 0.0454197 0.0486689 0.0373754 0.0387033 0.0472417 0.0607396 0.0384708 0.0483525 0.0820270 0.0471833 0.0820270 0.0387853 0.0367203 0.0480599 0.0486715 0.0438389 0.0609426 0.0498759 0.0393229 0.0294354 0.0533758 0.0485492 0.0505278 0.0378515 0.0402650 0.0446535 0.0389565 0.0000000 0.0380544 0.0395793 0.0612964 0.0486345 0.0615327 
Acrobatidae_Distoechurus_pennatus            0.0228779 0.0845191 0.0353031 0.0845191 0.0298975 0.0326642 0.0328580 0.0349716 0.0234357 0.0251307 0.0324250 0.0508146 0.0252699 0.0344863 0.0479666 0.0350273 0.0479666 0.0254615 0.0176768 0.0344835 0.0342283 0.0332611 0.0503796 0.0364794 0.0288561 0.0281298 0.0485214 0.0341841 0.0397291 0.0273802 0.0304092 0.0306510 0.0270863 0.0380544 0.0000000 0.0259058 0.0488672 0.0344530 0.0513625 
Phalangeridae_Phalanger_carmelitae           0.0177001 0.0834129 0.0322419 0.0834129 0.0247075 0.0303934 0.0303420 0.0331491 0.0081043 0.0069763 0.0316252 0.0452230 0.0055133 0.0331654 0.0428742 0.0339052 0.0428742 0.0006397 0.0250278 0.0326681 0.0326626 0.0302298 0.0455338 0.0335714 0.0269596 0.0218223 0.0443271 0.0342426 0.0353114 0.0251843 0.0276795 0.0289309 0.0257020 0.0395793 0.0259058 0.0000000 0.0439940 0.0323953 0.0453537 
Peramelidae_Peroryctes_raffrayana            0.0432143 0.0332608 0.0445858 0.0332608 0.0481009 0.0502427 0.0510005 0.0480889 0.0446637 0.0445846 0.0519833 0.0053206 0.0434766 0.0473434 0.0889934 0.0489711 0.0889934 0.0434879 0.0503202 0.0467966 0.0475881 0.0453109 0.0041919 0.0560903 0.0500444 0.0339304 0.0640372 0.0488497 0.0562762 0.0424888 0.0534059 0.0516351 0.0495257 0.0612964 0.0488672 0.0439940 0.0000000 0.0475535 0.0048912 
Dasyuridae_Dasyurus_geffroii                 0.0305725 0.0921001 0.0381188 0.0921001 0.0353356 0.0406504 0.0413480 0.0014930 0.0331527 0.0306061 0.0411728 0.0494945 0.0316275 0.0056054 0.0625586 0.0089108 0.0625586 0.0319505 0.0353759 0.0051692 0.0019215 0.0070398 0.0490620 0.0445838 0.0396211 0.0279433 0.0508209 0.0072116 0.0458714 0.0302863 0.0424940 0.0404871 0.0380464 0.0486345 0.0344530 0.0323953 0.0475535 0.0000000 0.0501733 
Peramelidae_Perameles_gunnii                 0.0464432 0.0358249 0.0452224 0.0358249 0.0505822 0.0531293 0.0535729 0.0504708 0.0473488 0.0462800 0.0548213 0.0002141 0.0445540 0.0494081 0.0938403 0.0513045 0.0938403 0.0449008 0.0524048 0.0488690 0.0502093 0.0479062 0.0047629 0.0584020 0.0517896 0.0345170 0.0667513 0.0500790 0.0598338 0.0431064 0.0548936 0.0545665 0.0512868 0.0615327 0.0513625 0.0453537 0.0048912 0.0501733 0.0000000 
