35
Burramyidae_Burramys_parvus                  0.0000000 0.0806141 0.0559085 0.0518273 0.0417519 0.0718196 0.0481947 0.0449651 0.0484994 0.0726104 0.0582733 0.0751840 0.0799888 0.0528347 0.0500558 0.0747002 0.0678375 0.0666009 0.0757969 0.0492386 0.0743504 0.0944078 0.1123563 0.0692205 0.0556033 0.0622780 0.0468685 0.0463895 0.0500064 0.0628518 0.0574805 0.0557174 0.0764714 0.0683105 0.0734812 
Notoryctidae_Notoryctes_typhlops             0.0806141 0.0000000 0.0832249 0.0843478 0.0734414 0.0905927 0.0857460 0.0829104 0.0842822 0.0885585 0.1038109 0.0905460 0.0985588 0.0964723 0.0843561 0.0946178 0.0895250 0.0978411 0.0896743 0.0819745 0.1084688 0.1507208 0.1352484 0.0908918 0.0901172 0.0874415 0.0844981 0.0772376 0.0892664 0.1014151 0.0826681 0.0972507 0.0902171 0.0886181 0.0883795 
Vombatidae_Lasiorhinus_latifrons             0.0559085 0.0832249 0.0000000 0.0567865 0.0485589 0.0734286 0.0578659 0.0530550 0.0552234 0.0750026 0.0633694 0.0742387 0.0874694 0.0627895 0.0624674 0.0757522 0.0724559 0.0742184 0.0758782 0.0566708 0.0795333 0.1249851 0.1204884 0.0704598 0.0633335 0.0675474 0.0564259 0.0537414 0.0615948 0.0709459 0.0659126 0.0653071 0.0770554 0.0728070 0.0759009 
Potoroidae_Bettongia_penicillata             0.0518273 0.0843478 0.0567865 0.0000000 0.0054711 0.0737495 0.0533482 0.0503194 0.0110278 0.0759047 0.0628557 0.0758727 0.0850224 0.0613113 0.0637723 0.0761171 0.0710933 0.0653579 0.0780329 0.0252827 0.0800690 0.0961856 0.1198316 0.0717721 0.0431521 0.0680371 0.0542102 0.0228223 0.0611320 0.0707422 0.0631736 0.0636618 0.0803368 0.0727783 0.0763892 
Potoroidae_Bettongia_lesueur                 0.0417519 0.0734414 0.0485589 0.0054711 0.0000000 0.0664028 0.0478012 0.0433287 0.0091025 0.0594248 0.0517303 0.0679528 0.0631838 0.0544053 0.0575640 0.0684807 0.0640629 0.0556078 0.0604560 0.0192057 0.0763059 0.0958810 0.1033772 0.0636590 0.0338429 0.0567269 0.0477045 0.0164703 0.0562889 0.0611233 0.0531755 0.0569937 0.0628404 0.0644180 0.0596744 
Dasyuridae_Dasyurus_maculatus                0.0718196 0.0905927 0.0734286 0.0737495 0.0664028 0.0000000 0.0749782 0.0713508 0.0740358 0.0879241 0.0761201 0.0169761 0.0388789 0.0805908 0.0800579 0.0189992 0.0080984 0.0261120 0.0918529 0.0730847 0.1012716 0.1013359 0.1237204 0.0162747 0.0822898 0.0776181 0.0734541 0.0716593 0.0784078 0.0871572 0.0796468 0.0823503 0.0902339 0.0073007 0.0913334 
Phalangeridae_Trichosurus_vulpecula          0.0481947 0.0857460 0.0578659 0.0533482 0.0478012 0.0749782 0.0000000 0.0145784 0.0518921 0.0763640 0.0300299 0.0808651 0.0883479 0.0306252 0.0574224 0.0795783 0.0720833 0.0717646 0.0745508 0.0530825 0.0730072 0.1201780 0.1203971 0.0746207 0.0579210 0.0627721 0.0525076 0.0519553 0.0590732 0.0693969 0.0601032 0.0306783 0.0792114 0.0733481 0.0761420 
Phalangeridae_Spilocuscus_maculatus          0.0449651 0.0829104 0.0530550 0.0503194 0.0433287 0.0713508 0.0145784 0.0000000 0.0492030 0.0733328 0.0188285 0.0762823 0.0840570 0.0186297 0.0554302 0.0768448 0.0682203 0.0670079 0.0733488 0.0486896 0.0670540 0.1013734 0.1148282 0.0723006 0.0541292 0.0585967 0.0463354 0.0481641 0.0530869 0.0660528 0.0588724 0.0182229 0.0766999 0.0692354 0.0732839 
Potoroidae_Aepyprymnus_rufescens             0.0484994 0.0842822 0.0552234 0.0110278 0.0091025 0.0740358 0.0518921 0.0492030 0.0000000 0.0752336 0.0596266 0.0761602 0.0856095 0.0600275 0.0622711 0.0757462 0.0713880 0.0652139 0.0780611 0.0251640 0.0793378 0.0989848 0.1201015 0.0721584 0.0424166 0.0670368 0.0536640 0.0218200 0.0592654 0.0692055 0.0623403 0.0620382 0.0792717 0.0730670 0.0757716 
Peramelidae_Perameles_nasuta                 0.0726104 0.0885585 0.0750026 0.0759047 0.0594248 0.0879241 0.0763640 0.0733328 0.0752336 0.0000000 0.0839970 0.0922391 0.0909652 0.0804873 0.0839375 0.0924555 0.0868831 0.0914223 0.0143705 0.0754270 0.1029622 0.0836331 0.1164076 0.0860577 0.0793072 0.0759188 0.0751579 0.0733704 0.0808970 0.0910384 0.0786718 0.0826799 0.0144206 0.0849407 0.0012939 
Phalangeridae_Strigocuscus_pelengensis       0.0582733 0.1038109 0.0633694 0.0628557 0.0517303 0.0761201 0.0300299 0.0188285 0.0596266 0.0839970 0.0000000 0.0848085 0.0935966 0.0213346 0.0654522 0.0872480 0.0752603 0.0772045 0.0815849 0.0588010 0.0877131 0.1246827 0.1290780 0.0807989 0.0665426 0.0667494 0.0591726 0.0579384 0.0638166 0.0772259 0.0669711 0.0203996 0.0835092 0.0763646 0.0832316 
Dasyuridae_Phascogale_tapoatafa              0.0751840 0.0905460 0.0742387 0.0758727 0.0679528 0.0169761 0.0808651 0.0762823 0.0761602 0.0922391 0.0848085 0.0000000 0.0395548 0.0855117 0.0820520 0.0075024 0.0163711 0.0273601 0.0959782 0.0755119 0.0992003 0.1095573 0.1262253 0.0094582 0.0843399 0.0798725 0.0749581 0.0742952 0.0806413 0.0914379 0.0812243 0.0884747 0.0944646 0.0169367 0.0948483 
Dasyuridae_Sminthopsis_macroura              0.0799888 0.0985588 0.0874694 0.0850224 0.0631838 0.0388789 0.0883479 0.0840570 0.0856095 0.0909652 0.0935966 0.0395548 0.0000000 0.0927913 0.0958570 0.0417010 0.0363973 0.0360592 0.0937152 0.0814865 0.1134164 0.1031146 0.1308028 0.0366241 0.0912431 0.0892656 0.0841368 0.0815260 0.0919432 0.0949659 0.0859677 0.0933109 0.0926190 0.0367407 0.0932472 
Phalangeridae_Phalanger_orientalis           0.0528347 0.0964723 0.0627895 0.0613113 0.0544053 0.0805908 0.0306252 0.0186297 0.0600275 0.0804873 0.0213346 0.0855117 0.0927913 0.0000000 0.0652734 0.0868670 0.0772728 0.0783691 0.0803479 0.0589626 0.0819602 0.1259177 0.1233769 0.0803013 0.0619606 0.0696541 0.0599799 0.0568972 0.0626667 0.0769635 0.0691524 0.0061354 0.0835173 0.0772307 0.0802370 
Acrobatidae_Acrobates_pygmaeus               0.0500558 0.0843561 0.0624674 0.0637723 0.0575640 0.0800579 0.0574224 0.0554302 0.0622711 0.0839375 0.0654522 0.0820520 0.0958570 0.0652734 0.0000000 0.0845054 0.0801433 0.0819485 0.0853912 0.0583379 0.0766962 0.1232623 0.1239547 0.0805138 0.0638138 0.0716203 0.0527296 0.0553870 0.0545520 0.0657807 0.0429037 0.0655377 0.0857912 0.0797999 0.0850739 
Dasyuridae_Phascogale_calura                 0.0747002 0.0946178 0.0757522 0.0761171 0.0684807 0.0189992 0.0795783 0.0768448 0.0757462 0.0924555 0.0872480 0.0075024 0.0417010 0.0868670 0.0845054 0.0000000 0.0178394 0.0319096 0.0958456 0.0754996 0.1059687 0.1173031 0.1282112 0.0113506 0.0838307 0.0800418 0.0785725 0.0739401 0.0843638 0.0926242 0.0817714 0.0892667 0.0948974 0.0189577 0.0949850 
Dasyuridae_Sarcophilus_harrisii              0.0678375 0.0895250 0.0724559 0.0710933 0.0640629 0.0080984 0.0720833 0.0682203 0.0713880 0.0868831 0.0752603 0.0163711 0.0363973 0.0772728 0.0801433 0.0178394 0.0000000 0.0257565 0.0897849 0.0697902 0.0982879 0.1002731 0.1217372 0.0145803 0.0799394 0.0758351 0.0708949 0.0696436 0.0778431 0.0840433 0.0782458 0.0794498 0.0885899 0.0064974 0.0897543 
Dasyuridae_Planigale_tenuirostris            0.0666009 0.0978411 0.0742184 0.0653579 0.0556078 0.0261120 0.0717646 0.0670079 0.0652139 0.0914223 0.0772045 0.0273601 0.0360592 0.0783691 0.0819485 0.0319096 0.0257565 0.0000000 0.0916132 0.0641677 0.0988236 0.1016365 0.1265913 0.0273117 0.0744987 0.0713854 0.0675924 0.0617068 0.0728046 0.0821729 0.0793955 0.0785050 0.0897518 0.0283866 0.0923746 
Peramelidae_Echymipera_kalubu                0.0757969 0.0896743 0.0758782 0.0780329 0.0604560 0.0918529 0.0745508 0.0733488 0.0780611 0.0143705 0.0815849 0.0959782 0.0937152 0.0803479 0.0853912 0.0958456 0.0897849 0.0916132 0.0000000 0.0770397 0.1019032 0.0874790 0.1196816 0.0897194 0.0815493 0.0766321 0.0750889 0.0739636 0.0807790 0.0951361 0.0772869 0.0811031 0.0133888 0.0900733 0.0135215 
Macropodidae_Dorcopsulus_vanheurni           0.0492386 0.0819745 0.0566708 0.0252827 0.0192057 0.0730847 0.0530825 0.0486896 0.0251640 0.0754270 0.0588010 0.0755119 0.0814865 0.0589626 0.0583379 0.0754996 0.0697902 0.0641677 0.0770397 0.0000000 0.0777962 0.1067653 0.1189337 0.0723781 0.0395445 0.0639618 0.0520863 0.0090942 0.0606395 0.0666770 0.0601212 0.0627867 0.0783422 0.0714542 0.0755563 
Pseudochiridae_Pseudochirulus_forbesi        0.0743504 0.1084688 0.0795333 0.0800690 0.0763059 0.1012716 0.0730072 0.0670540 0.0793378 0.1029622 0.0877131 0.0992003 0.1134164 0.0819602 0.0766962 0.1059687 0.0982879 0.0988236 0.1019032 0.0777962 0.0000000 0.1933819 0.1484441 0.0998499 0.0868681 0.0917816 0.0461018 0.0739574 0.0355111 0.0742212 0.0860135 0.0831799 0.1021217 0.0987613 0.1026953 
Didelphidae_Didelphis_virginiana             0.0944078 0.1507208 0.1249851 0.0961856 0.0958810 0.1013359 0.1201780 0.1013734 0.0989848 0.0836331 0.1246827 0.1095573 0.1031146 0.1259177 0.1232623 0.1173031 0.1002731 0.1016365 0.0874790 0.1067653 0.1933819 0.0000000 0.0979316 0.1019535 0.1015962 0.1021113 0.1016609 0.1042261 0.1171067 0.1229390 0.1053897 0.1362804 0.0862527 0.1007737 0.0873339 
Marmosidae_Monodelphis_domestica             0.1123563 0.1352484 0.1204884 0.1198316 0.1033772 0.1237204 0.1203971 0.1148282 0.1201015 0.1164076 0.1290780 0.1262253 0.1308028 0.1233769 0.1239547 0.1282112 0.1217372 0.1265913 0.1196816 0.1189337 0.1484441 0.0979316 0.0000000 0.1248120 0.1234132 0.1182500 0.1121181 0.1172585 0.1230637 0.1315474 0.1176068 0.1284822 0.1209662 0.1211286 0.1162160 
Dasyuridae_Antechinus_stuartii               0.0692205 0.0908918 0.0704598 0.0717721 0.0636590 0.0162747 0.0746207 0.0723006 0.0721584 0.0860577 0.0807989 0.0094582 0.0366241 0.0803013 0.0805138 0.0113506 0.0145803 0.0273117 0.0897194 0.0723781 0.0998499 0.1019535 0.1248120 0.0000000 0.0796738 0.0759783 0.0737500 0.0712006 0.0788850 0.0868687 0.0781058 0.0831776 0.0891070 0.0146124 0.0884200 
Hypsiprymnodontidae_Hypsiprymnodon_moschatus 0.0556033 0.0901172 0.0633335 0.0431521 0.0338429 0.0822898 0.0579210 0.0541292 0.0424166 0.0793072 0.0665426 0.0843399 0.0912431 0.0619606 0.0638138 0.0838307 0.0799394 0.0744987 0.0815493 0.0395445 0.0868681 0.1015962 0.1234132 0.0796738 0.0000000 0.0701009 0.0592801 0.0370911 0.0662691 0.0749350 0.0661490 0.0664548 0.0822092 0.0813631 0.0797827 
Microbiotheriidae_Dromiciops_gliroides       0.0622780 0.0874415 0.0675474 0.0680371 0.0567269 0.0776181 0.0627721 0.0585967 0.0670368 0.0759188 0.0667494 0.0798725 0.0892656 0.0696541 0.0716203 0.0800418 0.0758351 0.0713854 0.0766321 0.0639618 0.0917816 0.1021113 0.1182500 0.0759783 0.0701009 0.0000000 0.0633561 0.0622599 0.0716365 0.0833613 0.0723459 0.0721734 0.0789142 0.0752800 0.0760598 
Pseudochiridae_Petauroides_volans            0.0468685 0.0844981 0.0564259 0.0542102 0.0477045 0.0734541 0.0525076 0.0463354 0.0536640 0.0751579 0.0591726 0.0749581 0.0841368 0.0599799 0.0527296 0.0785725 0.0708949 0.0675924 0.0750889 0.0520863 0.0461018 0.1016609 0.1121181 0.0737500 0.0592801 0.0633561 0.0000000 0.0490756 0.0297091 0.0523542 0.0585162 0.0602177 0.0760407 0.0724711 0.0754801 
Macropodidae_Wallabia_bicolor                0.0463895 0.0772376 0.0537414 0.0228223 0.0164703 0.0716593 0.0519553 0.0481641 0.0218200 0.0733704 0.0579384 0.0742952 0.0815260 0.0568972 0.0553870 0.0739401 0.0696436 0.0617068 0.0739636 0.0090942 0.0739574 0.1042261 0.1172585 0.0712006 0.0370911 0.0622599 0.0490756 0.0000000 0.0557736 0.0659063 0.0590288 0.0603787 0.0767051 0.0709317 0.0735668 
Pseudochiridae_Pseudocheirus_occidentalis    0.0500064 0.0892664 0.0615948 0.0611320 0.0562889 0.0784078 0.0590732 0.0530869 0.0592654 0.0808970 0.0638166 0.0806413 0.0919432 0.0626667 0.0545520 0.0843638 0.0778431 0.0728046 0.0807790 0.0606395 0.0355111 0.1171067 0.1230637 0.0788850 0.0662691 0.0716365 0.0297091 0.0557736 0.0000000 0.0553397 0.0652488 0.0662318 0.0810140 0.0773075 0.0817082 
Tarsipedidae_Tarsipes_rostratus              0.0628518 0.1014151 0.0709459 0.0707422 0.0611233 0.0871572 0.0693969 0.0660528 0.0692055 0.0910384 0.0772259 0.0914379 0.0949659 0.0769635 0.0657807 0.0926242 0.0840433 0.0821729 0.0951361 0.0666770 0.0742212 0.1229390 0.1315474 0.0868687 0.0749350 0.0833613 0.0523542 0.0659063 0.0553397 0.0000000 0.0733889 0.0777858 0.0928367 0.0847429 0.0921458 
Acrobatidae_Distoechurus_pennatus            0.0574805 0.0826681 0.0659126 0.0631736 0.0531755 0.0796468 0.0601032 0.0588724 0.0623403 0.0786718 0.0669711 0.0812243 0.0859677 0.0691524 0.0429037 0.0817714 0.0782458 0.0793955 0.0772869 0.0601212 0.0860135 0.1053897 0.1176068 0.0781058 0.0661490 0.0723459 0.0585162 0.0590288 0.0652488 0.0733889 0.0000000 0.0700688 0.0785956 0.0784651 0.0787424 
Phalangeridae_Phalanger_carmelitae           0.0557174 0.0972507 0.0653071 0.0636618 0.0569937 0.0823503 0.0306783 0.0182229 0.0620382 0.0826799 0.0203996 0.0884747 0.0933109 0.0061354 0.0655377 0.0892667 0.0794498 0.0785050 0.0811031 0.0627867 0.0831799 0.1362804 0.1284822 0.0831776 0.0664548 0.0721734 0.0602177 0.0603787 0.0662318 0.0777858 0.0700688 0.0000000 0.0850897 0.0794078 0.0818070 
Peramelidae_Peroryctes_raffrayana            0.0764714 0.0902171 0.0770554 0.0803368 0.0628404 0.0902339 0.0792114 0.0766999 0.0792717 0.0144206 0.0835092 0.0944646 0.0926190 0.0835173 0.0857912 0.0948974 0.0885899 0.0897518 0.0133888 0.0783422 0.1021217 0.0862527 0.1209662 0.0891070 0.0822092 0.0789142 0.0760407 0.0767051 0.0810140 0.0928367 0.0785956 0.0850897 0.0000000 0.0875748 0.0141866 
Dasyuridae_Dasyurus_geffroii                 0.0683105 0.0886181 0.0728070 0.0727783 0.0644180 0.0073007 0.0733481 0.0692354 0.0730670 0.0849407 0.0763646 0.0169367 0.0367407 0.0772307 0.0797999 0.0189577 0.0064974 0.0283866 0.0900733 0.0714542 0.0987613 0.1007737 0.1211286 0.0146124 0.0813631 0.0752800 0.0724711 0.0709317 0.0773075 0.0847429 0.0784651 0.0794078 0.0875748 0.0000000 0.0878816 
Peramelidae_Perameles_gunnii                 0.0734812 0.0883795 0.0759009 0.0763892 0.0596744 0.0913334 0.0761420 0.0732839 0.0757716 0.0012939 0.0832316 0.0948483 0.0932472 0.0802370 0.0850739 0.0949850 0.0897543 0.0923746 0.0135215 0.0755563 0.1026953 0.0873339 0.1162160 0.0884200 0.0797827 0.0760598 0.0754801 0.0735668 0.0817082 0.0921458 0.0787424 0.0818070 0.0141866 0.0878816 0.0000000 
