35
Burramyidae_Burramys_parvus                  0.0000000 0.1192670 0.0693676 0.0731018 0.0752932 0.1069506 0.0551579 0.0611938 0.0747332 0.1242730 0.0620066 0.1079221 0.1054627 0.0673000 0.0764455 0.1081251 0.1131665 0.1035564 0.1187818 0.0662244 0.0952792 0.1420325 0.1211098 0.0957706 0.0735727 0.0947477 0.0799518 0.0661336 0.0910180 0.0595512 0.0706276 0.1204588 0.1085736 0.1238792 0.0891944 
Notoryctidae_Notoryctes_typhlops             0.1192670 0.0000000 0.0921152 0.1043940 0.1062910 0.1191453 0.0862917 0.0895196 0.1060691 0.1433212 0.0874692 0.1276180 0.1181449 0.0906964 0.1011279 0.1278073 0.1257570 0.1092614 0.1264552 0.0943485 0.1127133 0.1530857 0.1416867 0.1038655 0.1005569 0.1206055 0.1081922 0.0932818 0.1253202 0.0983724 0.0903577 0.1387985 0.1204296 0.1454783 0.1188009 
Vombatidae_Lasiorhinus_latifrons             0.0693676 0.0921152 0.0000000 0.0540255 0.0545892 0.0768330 0.0482272 0.0478128 0.0555961 0.0952826 0.0461660 0.0771069 0.0759692 0.0503800 0.0570314 0.0753708 0.0829721 0.0655167 0.0862782 0.0479854 0.0717620 0.1142619 0.0971736 0.0576407 0.0581589 0.0749346 0.0608421 0.0486593 0.0772303 0.0516328 0.0560622 0.0842076 0.0777669 0.0941665 0.0648090 
Potoroidae_Bettongia_penicillata             0.0731018 0.1043940 0.0540255 0.0000000 0.0030681 0.0870194 0.0510247 0.0491271 0.0152948 0.1141795 0.0468000 0.0923673 0.0895881 0.0537421 0.0617718 0.0912591 0.0952587 0.0796867 0.1064775 0.0185947 0.0794278 0.1143581 0.1034021 0.0773348 0.0428134 0.0859779 0.0674044 0.0207427 0.0810118 0.0574428 0.0589907 0.1024873 0.0900286 0.1090089 0.0699575 
Potoroidae_Bettongia_lesueur                 0.0752932 0.1062910 0.0545892 0.0030681 0.0000000 0.0881568 0.0529204 0.0506101 0.0184531 0.1154145 0.0488596 0.0933731 0.0912418 0.0557505 0.0643226 0.0922649 0.0952448 0.0796377 0.1079371 0.0208808 0.0804467 0.1148747 0.1043273 0.0773658 0.0452240 0.0871163 0.0701090 0.0231052 0.0839356 0.0594987 0.0614853 0.1037445 0.0910278 0.1099356 0.0714746 
Dasyuridae_Dasyurus_maculatus                0.1069506 0.1191453 0.0768330 0.0870194 0.0881568 0.0000000 0.0845036 0.0835521 0.0879567 0.1154847 0.0818343 0.0267638 0.0341788 0.0886140 0.0972673 0.0267881 0.0141397 0.0236347 0.1124827 0.0840510 0.1143884 0.1322975 0.1168307 0.0234348 0.0878163 0.1041318 0.0996500 0.0846542 0.1099601 0.0896594 0.0914730 0.1030716 0.0085998 0.1120285 0.1165426 
Phalangeridae_Trichosurus_vulpecula          0.0551579 0.0862917 0.0482272 0.0510247 0.0529204 0.0845036 0.0000000 0.0217623 0.0510130 0.1017150 0.0192243 0.0853854 0.0830011 0.0243518 0.0531514 0.0842820 0.0885290 0.0781525 0.0915355 0.0413716 0.0723496 0.1127508 0.0980525 0.0676499 0.0466464 0.0790967 0.0582090 0.0419870 0.0759308 0.0445386 0.0267225 0.0937518 0.0849762 0.0991684 0.0654234 
Phalangeridae_Spilocuscus_maculatus          0.0611938 0.0895196 0.0478128 0.0491271 0.0506101 0.0835521 0.0217623 0.0000000 0.0503446 0.1031648 0.0109378 0.0839712 0.0829136 0.0173502 0.0544815 0.0839499 0.0887384 0.0775590 0.0925626 0.0413695 0.0696294 0.1136557 0.0949702 0.0679425 0.0456053 0.0790510 0.0563369 0.0409136 0.0757675 0.0461823 0.0187097 0.0949720 0.0850120 0.0995558 0.0636837 
Potoroidae_Aepyprymnus_rufescens             0.0747332 0.1060691 0.0555961 0.0152948 0.0184531 0.0879567 0.0510130 0.0503446 0.0000000 0.1146285 0.0478910 0.0931914 0.0885729 0.0547822 0.0634248 0.0920789 0.0960889 0.0798393 0.1087466 0.0181013 0.0789684 0.1173564 0.1068993 0.0796292 0.0412969 0.0877718 0.0664992 0.0202771 0.0794907 0.0573375 0.0600421 0.1039962 0.0908384 0.1093709 0.0707228 
Peramelidae_Perameles_nasuta                 0.1242730 0.1433212 0.0952826 0.1141795 0.1154145 0.1154847 0.1017150 0.1031648 0.1146285 0.0000000 0.1018180 0.1129014 0.1109980 0.1035029 0.1073945 0.1162842 0.1175709 0.0958278 0.0265325 0.1000542 0.1253783 0.1588273 0.1390589 0.0930915 0.1045671 0.1184487 0.1189968 0.1032489 0.1286063 0.1045867 0.1094265 0.0248857 0.1158502 0.0047746 0.1307913 
Phalangeridae_Strigocuscus_pelengensis       0.0620066 0.0874692 0.0461660 0.0468000 0.0488596 0.0818343 0.0192243 0.0109378 0.0478910 0.1018180 0.0000000 0.0829470 0.0815834 0.0152421 0.0521080 0.0828576 0.0866378 0.0755832 0.0933034 0.0378617 0.0706829 0.1132540 0.0945083 0.0670175 0.0420629 0.0779354 0.0576073 0.0383484 0.0742262 0.0453540 0.0171147 0.0938956 0.0834184 0.1000177 0.0610959 
Dasyuridae_Phascogale_tapoatafa              0.1079221 0.1276180 0.0771069 0.0923673 0.0933731 0.0267638 0.0853854 0.0839712 0.0931914 0.1129014 0.0829470 0.0000000 0.0332094 0.0884323 0.0945994 0.0049496 0.0306027 0.0216696 0.1063746 0.0855424 0.1126174 0.1350417 0.1188465 0.0117624 0.0874807 0.1044330 0.0975626 0.0875793 0.1040658 0.0886720 0.0924669 0.1010333 0.0272626 0.1096372 0.1112641 
Dasyuridae_Sminthopsis_macroura              0.1054627 0.1181449 0.0759692 0.0895881 0.0912418 0.0341788 0.0830011 0.0829136 0.0885729 0.1109980 0.0815834 0.0332094 0.0000000 0.0864377 0.0930433 0.0332639 0.0401476 0.0234544 0.1052103 0.0817197 0.1110988 0.1310636 0.1125016 0.0305958 0.0860226 0.1020215 0.0965028 0.0829794 0.1029345 0.0885620 0.0891636 0.1001008 0.0341775 0.1087574 0.1095231 
Phalangeridae_Phalanger_orientalis           0.0673000 0.0906964 0.0503800 0.0537421 0.0557505 0.0886140 0.0243518 0.0173502 0.0547822 0.1035029 0.0152421 0.0884323 0.0864377 0.0000000 0.0569782 0.0884073 0.0945236 0.0839216 0.0977983 0.0446072 0.0715515 0.1191145 0.1022819 0.0734839 0.0510192 0.0853968 0.0608537 0.0447104 0.0810638 0.0497126 0.0062024 0.0979696 0.0908700 0.1032390 0.0669780 
Acrobatidae_Acrobates_pygmaeus               0.0764455 0.1011279 0.0570314 0.0617718 0.0643226 0.0972673 0.0531514 0.0544815 0.0634248 0.1073945 0.0521080 0.0945994 0.0930433 0.0569782 0.0000000 0.0934742 0.0997293 0.0814780 0.1067780 0.0533958 0.0800707 0.1216227 0.0997149 0.0768460 0.0599653 0.0900024 0.0612157 0.0546267 0.0828010 0.0345226 0.0600778 0.1009487 0.0969686 0.1072769 0.0740603 
Dasyuridae_Phascogale_calura                 0.1081251 0.1278073 0.0753708 0.0912591 0.0922649 0.0267881 0.0842820 0.0839499 0.0920789 0.1162842 0.0828576 0.0049496 0.0332639 0.0884073 0.0934742 0.0000000 0.0306678 0.0204246 0.1092714 0.0844510 0.1121931 0.1336825 0.1157858 0.0112038 0.0863840 0.1031045 0.0976218 0.0864669 0.1055705 0.0874653 0.0924385 0.1027530 0.0267912 0.1133711 0.1115584 
Dasyuridae_Sarcophilus_harrisii              0.1131665 0.1257570 0.0829721 0.0952587 0.0952448 0.0141397 0.0885290 0.0887384 0.0960889 0.1175709 0.0866378 0.0306027 0.0401476 0.0945236 0.0997293 0.0306678 0.0000000 0.0262370 0.1150124 0.0900888 0.1189759 0.1365021 0.1203614 0.0246423 0.0948121 0.1086825 0.1054252 0.0908791 0.1154682 0.0949786 0.0974143 0.1052379 0.0132104 0.1147082 0.1215873 
Dasyuridae_Planigale_tenuirostris            0.1035564 0.1092614 0.0655167 0.0796867 0.0796377 0.0236347 0.0781525 0.0775590 0.0798393 0.0958278 0.0755832 0.0216696 0.0234544 0.0839216 0.0814780 0.0204246 0.0262370 0.0000000 0.0832447 0.0748129 0.1068392 0.1096611 0.1020550 0.0242348 0.0794322 0.0884976 0.0909205 0.0770432 0.0914361 0.0808415 0.0893627 0.0802559 0.0222863 0.0944296 0.0961412 
Peramelidae_Echymipera_kalubu                0.1187818 0.1264552 0.0862782 0.1064775 0.1079371 0.1124827 0.0915355 0.0925626 0.1087466 0.0265325 0.0933034 0.1063746 0.1052103 0.0977983 0.1067780 0.1092714 0.1150124 0.0832447 0.0000000 0.0944947 0.1300675 0.1442045 0.1306233 0.0821246 0.1043352 0.1109667 0.1178791 0.0943237 0.1227523 0.1055624 0.1038185 0.0169507 0.1106968 0.0268508 0.1257630 
Macropodidae_Dorcopsulus_vanheurni           0.0662244 0.0943485 0.0479854 0.0185947 0.0208808 0.0840510 0.0413716 0.0413695 0.0181013 0.1000542 0.0378617 0.0855424 0.0817197 0.0446072 0.0533958 0.0844510 0.0900888 0.0748129 0.0944947 0.0000000 0.0704444 0.1076229 0.0943359 0.0716587 0.0326772 0.0786320 0.0588795 0.0058176 0.0726768 0.0482750 0.0497094 0.0931795 0.0856541 0.0960908 0.0621605 
Pseudochiridae_Pseudochirulus_forbesi        0.0952792 0.1127133 0.0717620 0.0794278 0.0804467 0.1143884 0.0723496 0.0696294 0.0789684 0.1253783 0.0706829 0.1126174 0.1110988 0.0715515 0.0800707 0.1121931 0.1189759 0.1068392 0.1300675 0.0704444 0.0000000 0.1474663 0.1268458 0.1005743 0.0769021 0.1054080 0.0646435 0.0715694 0.1005108 0.0676361 0.0765184 0.1257542 0.1177172 0.1302094 0.0577131 
Didelphidae_Didelphis_virginiana             0.1420325 0.1530857 0.1142619 0.1143581 0.1148747 0.1322975 0.1127508 0.1136557 0.1173564 0.1588273 0.1132540 0.1350417 0.1310636 0.1191145 0.1216227 0.1336825 0.1365021 0.1096611 0.1442045 0.1076229 0.1474663 0.0000000 0.0502395 0.1070150 0.1150674 0.1354305 0.1365876 0.1094864 0.1423893 0.1202910 0.1203491 0.1306316 0.1306455 0.1522701 0.1412852 
Marmosidae_Monodelphis_domestica             0.1211098 0.1416867 0.0971736 0.1034021 0.1043273 0.1168307 0.0980525 0.0949702 0.1068993 0.1390589 0.0945083 0.1188465 0.1125016 0.1022819 0.0997149 0.1157858 0.1203614 0.1020550 0.1306233 0.0943359 0.1268458 0.0502395 0.0000000 0.0892635 0.1031016 0.1126717 0.1101114 0.0965661 0.1239447 0.0995039 0.1046223 0.1183082 0.1166016 0.1338927 0.1273781 
Dasyuridae_Antechinus_stuartii               0.0957706 0.1038655 0.0576407 0.0773348 0.0773658 0.0234348 0.0676499 0.0679425 0.0796292 0.0930915 0.0670175 0.0117624 0.0305958 0.0734839 0.0768460 0.0112038 0.0246423 0.0242348 0.0821246 0.0716587 0.1005743 0.1070150 0.0892635 0.0000000 0.0693745 0.0883325 0.0809085 0.0735293 0.0890995 0.0732280 0.0788750 0.0761100 0.0252338 0.0915695 0.0950745 
Hypsiprymnodontidae_Hypsiprymnodon_moschatus 0.0735727 0.1005569 0.0581589 0.0428134 0.0452240 0.0878163 0.0466464 0.0456053 0.0412969 0.1045671 0.0420629 0.0874807 0.0860226 0.0510192 0.0599653 0.0863840 0.0948121 0.0794322 0.1043352 0.0326772 0.0769021 0.1150674 0.1031016 0.0693745 0.0000000 0.0895619 0.0596494 0.0346386 0.0796783 0.0527009 0.0540619 0.0996578 0.0888040 0.1014814 0.0736016 
Microbiotheriidae_Dromiciops_gliroides       0.0947477 0.1206055 0.0749346 0.0859779 0.0871163 0.1041318 0.0790967 0.0790510 0.0877718 0.1184487 0.0779354 0.1044330 0.1020215 0.0853968 0.0900024 0.1031045 0.1086825 0.0884976 0.1109667 0.0786320 0.1054080 0.1354305 0.1126717 0.0883325 0.0895619 0.0000000 0.0931249 0.0797993 0.1063371 0.0840508 0.0899624 0.1053104 0.1034169 0.1158348 0.0839353 
Pseudochiridae_Petauroides_volans            0.0799518 0.1081922 0.0608421 0.0674044 0.0701090 0.0996500 0.0582090 0.0563369 0.0664992 0.1189968 0.0576073 0.0975626 0.0965028 0.0608537 0.0612157 0.0976218 0.1054252 0.0909205 0.1178791 0.0588795 0.0646435 0.1365876 0.1101114 0.0809085 0.0596494 0.0931249 0.0000000 0.0570364 0.0789237 0.0586513 0.0652002 0.1100931 0.1016812 0.1190795 0.0602240 
Macropodidae_Wallabia_bicolor                0.0661336 0.0932818 0.0486593 0.0207427 0.0231052 0.0846542 0.0419870 0.0409136 0.0202771 0.1032489 0.0383484 0.0875793 0.0829794 0.0447104 0.0546267 0.0864669 0.0908791 0.0770432 0.0943237 0.0058176 0.0715694 0.1094864 0.0965661 0.0735293 0.0346386 0.0797993 0.0570364 0.0000000 0.0736023 0.0496069 0.0499066 0.0950130 0.0864188 0.1007449 0.0607978 
Tarsipedidae_Tarsipes_rostratus              0.0910180 0.1253202 0.0772303 0.0810118 0.0839356 0.1099601 0.0759308 0.0757675 0.0794907 0.1286063 0.0742262 0.1040658 0.1029345 0.0810638 0.0828010 0.1055705 0.1154682 0.0914361 0.1227523 0.0726768 0.1005108 0.1423893 0.1239447 0.0890995 0.0796783 0.1063371 0.0789237 0.0736023 0.0000000 0.0796217 0.0844015 0.1190714 0.1130694 0.1241741 0.0888121 
Acrobatidae_Distoechurus_pennatus            0.0595512 0.0983724 0.0516328 0.0574428 0.0594987 0.0896594 0.0445386 0.0461823 0.0573375 0.1045867 0.0453540 0.0886720 0.0885620 0.0497126 0.0345226 0.0874653 0.0949786 0.0808415 0.1055624 0.0482750 0.0676361 0.1202910 0.0995039 0.0732280 0.0527009 0.0840508 0.0586513 0.0496069 0.0796217 0.0000000 0.0512047 0.0977924 0.0906444 0.1068104 0.0614334 
Phalangeridae_Phalanger_carmelitae           0.0706276 0.0903577 0.0560622 0.0589907 0.0614853 0.0914730 0.0267225 0.0187097 0.0600421 0.1094265 0.0171147 0.0924669 0.0891636 0.0062024 0.0600778 0.0924385 0.0974143 0.0893627 0.1038185 0.0497094 0.0765184 0.1203491 0.1046223 0.0788750 0.0540619 0.0899624 0.0652002 0.0499066 0.0844015 0.0512047 0.0000000 0.1030389 0.0937387 0.1092594 0.0724554 
Peramelidae_Peroryctes_raffrayana            0.1204588 0.1387985 0.0842076 0.1024873 0.1037445 0.1030716 0.0937518 0.0949720 0.1039962 0.0248857 0.0938956 0.1010333 0.1001008 0.0979696 0.1009487 0.1027530 0.1052379 0.0802559 0.0169507 0.0931795 0.1257542 0.1306316 0.1183082 0.0761100 0.0996578 0.1053104 0.1100931 0.0950130 0.1190714 0.0977924 0.1030389 0.0000000 0.1034534 0.0272044 0.1195329 
Dasyuridae_Dasyurus_geffroii                 0.1085736 0.1204296 0.0777669 0.0900286 0.0910278 0.0085998 0.0849762 0.0850120 0.0908384 0.1158502 0.0834184 0.0272626 0.0341775 0.0908700 0.0969686 0.0267912 0.0132104 0.0222863 0.1106968 0.0856541 0.1177172 0.1306455 0.1166016 0.0252338 0.0888040 0.1034169 0.1016812 0.0864188 0.1130694 0.0906444 0.0937387 0.1034534 0.0000000 0.1124244 0.1202116 
Peramelidae_Perameles_gunnii                 0.1238792 0.1454783 0.0941665 0.1090089 0.1099356 0.1120285 0.0991684 0.0995558 0.1093709 0.0047746 0.1000177 0.1096372 0.1087574 0.1032390 0.1072769 0.1133711 0.1147082 0.0944296 0.0268508 0.0960908 0.1302094 0.1522701 0.1338927 0.0915695 0.1014814 0.1158348 0.1190795 0.1007449 0.1241741 0.1068104 0.1092594 0.0272044 0.1124244 0.0000000 0.1308660 
Pseudochiridae_Pseudocheirus_occidentalis    0.0891944 0.1188009 0.0648090 0.0699575 0.0714746 0.1165426 0.0654234 0.0636837 0.0707228 0.1307913 0.0610959 0.1112641 0.1095231 0.0669780 0.0740603 0.1115584 0.1215873 0.0961412 0.1257630 0.0621605 0.0577131 0.1412852 0.1273781 0.0950745 0.0736016 0.0839353 0.0602240 0.0607978 0.0888121 0.0614334 0.0724554 0.1195329 0.1202116 0.1308660 0.0000000 
