169
I0185_86_Accipitridae_Buteo_jamaicensis                0.0000000 0.0371444 0.0382465 0.0383650 0.0436277 0.0373064 0.0310781 0.0347006 0.0477452 0.0499255 0.0293389 0.0443405 0.0418364 0.0423590 0.0420404 0.0343649 0.0189110 0.0398028 0.0239461 0.0400264 0.0292002 0.0451059 0.0253026 0.0254157 0.0248621 0.0375461 0.0272562 0.0513433 0.0528720 0.0265286 0.0415520 0.0408401 0.0436715 0.0436157 0.0345744 0.0500605 0.0427703 0.0417174 0.0435130 0.0391610 0.0747426 0.0794025 0.0479055 0.0575431 0.0362708 0.0412303 0.0329705 0.0442964 0.0409919 0.0264780 0.0374790 0.0385765 0.0420221 0.0358907 0.0338805 0.0287246 0.0408645 0.0432710 0.0293976 0.0272818 0.0398732 0.0277868 0.0313852 0.0337647 0.0637828 0.0445979 0.0411800 0.0301098 0.0291210 0.0399787 0.0292086 0.0072091 0.0279772 0.0360915 0.0372558 0.0418127 0.0262910 0.0210671 0.0452132 0.0386898 0.0346001 0.0312622 0.0240150 0.0337557 0.0497989 0.0230062 0.0272420 0.0214325 0.0245856 0.0369685 0.0371224 0.0285721 0.0255965 0.0353338 0.0380496 0.0312939 0.0277826 0.0237583 0.0470312 0.0284989 0.0452540 0.0519459 0.0617448 0.0358593 0.0241746 0.0171897 0.0242072 0.0460367 0.0366972 0.0339383 0.0611974 0.0261851 0.0573347 0.0307468 0.0331086 0.0225551 0.0367862 0.0498018 0.0312271 0.0485579 0.0317309 0.0395494 0.0346175 0.0233976 0.0265896 0.0226855 0.0389134 0.0283411 0.0457464 0.0357461 0.0249305 0.0475010 0.0695286 0.0371981 0.0399152 0.0223880 0.0285618 0.0283856 0.0281959 0.0262430 0.0275640 0.0400726 0.0429395 0.0412251 0.0332582 0.0450721 0.0410138 0.0312266 0.0846010 0.0273235 0.0349819 0.0456271 0.0273088 0.0183768 0.0239387 0.0291307 0.0672705 0.0249557 0.0482086 0.0472610 0.0438317 0.0439798 0.1334453 0.0419169 0.0505542 0.0488664 0.0410391 0.0332142 0.0416677 
I0186_111_Momotidae_Momotus_lessonii                   0.0371444 0.0000000 0.0510675 0.0486729 0.0548740 0.0495352 0.0436116 0.0476406 0.0482670 0.0582569 0.0420395 0.0554920 0.0535770 0.0486806 0.0543888 0.0479806 0.0328017 0.0517857 0.0377835 0.0516834 0.0422539 0.0571746 0.0378856 0.0395584 0.0389898 0.0506314 0.0407348 0.0605759 0.0624342 0.0404379 0.0524179 0.0521504 0.0544624 0.0538543 0.0480682 0.0606988 0.0545578 0.0527765 0.0541185 0.0500997 0.0849111 0.0900325 0.0574225 0.0688630 0.0386462 0.0531643 0.0456634 0.0550759 0.0516301 0.0392983 0.0506584 0.0499367 0.0533673 0.0496264 0.0459951 0.0423705 0.0524540 0.0533492 0.0424312 0.0409499 0.0505935 0.0413673 0.0442943 0.0451346 0.0760884 0.0557589 0.0526923 0.0432738 0.0422421 0.0510659 0.0408517 0.0376999 0.0408180 0.0489609 0.0385447 0.0512397 0.0405567 0.0345926 0.0555578 0.0496391 0.0469648 0.0449501 0.0377903 0.0397891 0.0596268 0.0372495 0.0414121 0.0395765 0.0389111 0.0509035 0.0505607 0.0418818 0.0402147 0.0483375 0.0511437 0.0450054 0.0423615 0.0379896 0.0578715 0.0418953 0.0569712 0.0614628 0.0746060 0.0485804 0.0374915 0.0414866 0.0377835 0.0585728 0.0483640 0.0472186 0.0737851 0.0399119 0.0659187 0.0436441 0.0455251 0.0377110 0.0492476 0.0605761 0.0431435 0.0604354 0.0444777 0.0499878 0.0479765 0.0384419 0.0399217 0.0376413 0.0504663 0.0414365 0.0582670 0.0498117 0.0389203 0.0593196 0.0810069 0.0486704 0.0509477 0.0368588 0.0427047 0.0416636 0.0416780 0.0405168 0.0415502 0.0526334 0.0550748 0.0527557 0.0464387 0.0566999 0.0522518 0.0436634 0.0958482 0.0396998 0.0483194 0.0571201 0.0410788 0.0397888 0.0390512 0.0425801 0.0793256 0.0395621 0.0578493 0.0575388 0.0546722 0.0556436 0.1425154 0.0536171 0.0613336 0.0575279 0.0530373 0.0454379 0.0533060 
I0187_115_Trogonidae_Trogon_elegans                    0.0382465 0.0510675 0.0000000 0.0512700 0.0592223 0.0175026 0.0454878 0.0489300 0.0599322 0.0635629 0.0449843 0.0595699 0.0568993 0.0555034 0.0569443 0.0486847 0.0346033 0.0551082 0.0396556 0.0554589 0.0444189 0.0600556 0.0400942 0.0410425 0.0409123 0.0507883 0.0427273 0.0646031 0.0655941 0.0420829 0.0566565 0.0553865 0.0576001 0.0574801 0.0485323 0.0650003 0.0569859 0.0562806 0.0581688 0.0545610 0.0887879 0.0942378 0.0615681 0.0716896 0.0503162 0.0552092 0.0475196 0.0585978 0.0554644 0.0412859 0.0521756 0.0539939 0.0563536 0.0506429 0.0494853 0.0448277 0.0559950 0.0560074 0.0441191 0.0434308 0.0536977 0.0429941 0.0461700 0.0479252 0.0791149 0.0595316 0.0558795 0.0453624 0.0438659 0.0545583 0.0429789 0.0394240 0.0426806 0.0514534 0.0510121 0.0564044 0.0428742 0.0363927 0.0589473 0.0520458 0.0499325 0.0461100 0.0391316 0.0487623 0.0628409 0.0389350 0.0424450 0.0410415 0.0404212 0.0517123 0.0515325 0.0434743 0.0410919 0.0496267 0.0534233 0.0459664 0.0447337 0.0396522 0.0609100 0.0439231 0.0596032 0.0655487 0.0775657 0.0505899 0.0403015 0.0436341 0.0395359 0.0613505 0.0515969 0.0500369 0.0774414 0.0415304 0.0690189 0.0457405 0.0477975 0.0385959 0.0513552 0.0621474 0.0456231 0.0628661 0.0463939 0.0531392 0.0504778 0.0387923 0.0412983 0.0385536 0.0533979 0.0437992 0.0606456 0.0522867 0.0406253 0.0621667 0.0844413 0.0526283 0.0550314 0.0387513 0.0444173 0.0430431 0.0433061 0.0407625 0.0428665 0.0545813 0.0569905 0.0553752 0.0483755 0.0583745 0.0555956 0.0461606 0.0988466 0.0422153 0.0493597 0.0608096 0.0425016 0.0422964 0.0402123 0.0447375 0.0838410 0.0401430 0.0618213 0.0610420 0.0583002 0.0583006 0.1431596 0.0562963 0.0649437 0.0624795 0.0552909 0.0481198 0.0556399 
I0188_135_Apodidae_Streptoprocne_zonaris               0.0383650 0.0486729 0.0512700 0.0000000 0.0550224 0.0496668 0.0433710 0.0448432 0.0581531 0.0598825 0.0424735 0.0563778 0.0539813 0.0537159 0.0524443 0.0461033 0.0326810 0.0519126 0.0357765 0.0521830 0.0408489 0.0567058 0.0371445 0.0368593 0.0368187 0.0475750 0.0395428 0.0603973 0.0632563 0.0398383 0.0515687 0.0516873 0.0434102 0.0436176 0.0445509 0.0616884 0.0532276 0.0519871 0.0540532 0.0507679 0.0838188 0.0892885 0.0585084 0.0696257 0.0492822 0.0504083 0.0456338 0.0552749 0.0513115 0.0378333 0.0489296 0.0494024 0.0518704 0.0462319 0.0431330 0.0404050 0.0518489 0.0227689 0.0421684 0.0376751 0.0504600 0.0392267 0.0401807 0.0423141 0.0752754 0.0560622 0.0527473 0.0419597 0.0420469 0.0509090 0.0398234 0.0383942 0.0398537 0.0475989 0.0491268 0.0524852 0.0381085 0.0355808 0.0450001 0.0482662 0.0460370 0.0416853 0.0362712 0.0464322 0.0604560 0.0351606 0.0394114 0.0397868 0.0357512 0.0480018 0.0477566 0.0411100 0.0386129 0.0469588 0.0495669 0.0412532 0.0412978 0.0363993 0.0585362 0.0393267 0.0565990 0.0635299 0.0738468 0.0484016 0.0363017 0.0418542 0.0361990 0.0574143 0.0205206 0.0459584 0.0721493 0.0379902 0.0655063 0.0419904 0.0385626 0.0356731 0.0477944 0.0573983 0.0403007 0.0582623 0.0420553 0.0485166 0.0454596 0.0359842 0.0377048 0.0359141 0.0492145 0.0398466 0.0582293 0.0461667 0.0365145 0.0587214 0.0794395 0.0487562 0.0505137 0.0342304 0.0392868 0.0396116 0.0404281 0.0397044 0.0404867 0.0494905 0.0509590 0.0505168 0.0442202 0.0546285 0.0520626 0.0421176 0.0947182 0.0382705 0.0455226 0.0577167 0.0383977 0.0404847 0.0372941 0.0419127 0.0781534 0.0388271 0.0586082 0.0575770 0.0553714 0.0538907 0.1401851 0.0545621 0.0614230 0.0573710 0.0507626 0.0458997 0.0511749 
I0189_225_Eurylaimidae_Smithornis_rufolateralis        0.0436277 0.0548740 0.0592223 0.0550224 0.0000000 0.0575543 0.0512572 0.0544143 0.0643088 0.0672982 0.0488472 0.0426710 0.0607542 0.0615680 0.0358602 0.0573216 0.0398995 0.0345530 0.0456219 0.0345760 0.0493091 0.0383778 0.0447219 0.0458149 0.0461625 0.0568772 0.0480131 0.0484842 0.0518935 0.0472249 0.0344129 0.0342267 0.0616480 0.0606045 0.0547688 0.0485139 0.0361635 0.0356086 0.0363626 0.0336915 0.0920564 0.0983494 0.0462192 0.0746518 0.0543716 0.0586085 0.0523544 0.0375534 0.0344467 0.0477938 0.0534368 0.0329113 0.0359985 0.0554012 0.0538361 0.0497143 0.0349696 0.0604892 0.0484235 0.0479518 0.0342057 0.0479744 0.0501435 0.0523470 0.0824881 0.0378577 0.0348988 0.0504824 0.0482975 0.0339607 0.0463322 0.0446633 0.0486076 0.0536050 0.0534608 0.0581795 0.0455927 0.0424207 0.0621368 0.0567139 0.0519419 0.0516171 0.0463282 0.0515348 0.0669894 0.0445618 0.0489266 0.0463351 0.0454728 0.0551071 0.0563791 0.0488260 0.0468641 0.0550627 0.0552418 0.0509150 0.0488897 0.0455808 0.0411159 0.0494276 0.0446059 0.0510849 0.0814429 0.0523408 0.0454804 0.0481371 0.0456938 0.0296694 0.0546213 0.0530890 0.0798502 0.0463988 0.0735406 0.0499074 0.0518506 0.0453470 0.0561751 0.0646485 0.0511837 0.0327363 0.0530686 0.0580961 0.0540464 0.0457397 0.0486457 0.0455692 0.0569621 0.0494783 0.0646505 0.0540468 0.0467549 0.0655749 0.0864584 0.0371252 0.0338961 0.0446980 0.0483775 0.0495858 0.0494138 0.0461582 0.0491481 0.0582261 0.0596992 0.0599363 0.0556220 0.0383854 0.0349785 0.0524182 0.1042379 0.0485135 0.0554013 0.0299086 0.0476442 0.0462648 0.0456246 0.0500978 0.0864579 0.0457465 0.0465536 0.0459849 0.0419671 0.0225750 0.1455449 0.0427553 0.0484946 0.0464205 0.0607465 0.0530430 0.0410791 
I0190_295_Trogonidae_Apaloderma_aequatoriale           0.0373064 0.0495352 0.0175026 0.0496668 0.0575543 0.0000000 0.0430074 0.0469853 0.0585560 0.0624915 0.0422152 0.0575276 0.0548868 0.0540320 0.0551135 0.0471586 0.0327453 0.0529012 0.0377845 0.0532004 0.0432310 0.0582823 0.0393086 0.0397703 0.0394039 0.0496624 0.0410771 0.0628530 0.0643355 0.0405299 0.0545012 0.0530039 0.0553300 0.0552140 0.0469965 0.0632671 0.0560496 0.0538615 0.0561950 0.0526236 0.0873928 0.0927852 0.0597597 0.0695256 0.0486889 0.0537803 0.0459532 0.0568278 0.0536915 0.0401535 0.0506138 0.0525970 0.0545994 0.0491432 0.0478037 0.0433466 0.0540229 0.0549005 0.0425292 0.0417243 0.0521060 0.0418511 0.0450563 0.0467535 0.0773067 0.0576412 0.0545801 0.0436651 0.0424681 0.0529852 0.0414519 0.0383503 0.0422711 0.0501946 0.0499461 0.0544183 0.0398863 0.0347966 0.0570070 0.0515225 0.0484033 0.0450479 0.0372025 0.0475670 0.0624801 0.0368364 0.0411583 0.0396955 0.0387961 0.0501143 0.0499893 0.0420490 0.0396865 0.0488890 0.0515641 0.0450493 0.0431786 0.0384896 0.0592893 0.0427582 0.0581958 0.0636440 0.0762640 0.0496030 0.0385179 0.0421095 0.0375764 0.0601607 0.0498365 0.0484212 0.0755964 0.0400203 0.0672473 0.0444191 0.0461179 0.0366854 0.0495698 0.0607709 0.0445671 0.0614558 0.0453390 0.0516717 0.0491746 0.0373860 0.0398049 0.0370120 0.0522622 0.0427686 0.0604570 0.0507427 0.0388043 0.0606176 0.0821992 0.0507086 0.0535559 0.0365436 0.0420566 0.0410732 0.0417956 0.0395459 0.0409887 0.0536586 0.0554536 0.0544992 0.0463544 0.0566247 0.0537243 0.0445815 0.0969688 0.0404809 0.0479307 0.0596904 0.0406900 0.0409499 0.0388845 0.0429944 0.0816672 0.0388841 0.0604481 0.0599228 0.0568191 0.0567985 0.1421155 0.0548885 0.0634128 0.0612169 0.0538137 0.0467228 0.0545299 
I0192_375_Musophagidae_Tauraco_macrorhynchus           0.0310781 0.0436116 0.0454878 0.0433710 0.0512572 0.0430074 0.0000000 0.0390189 0.0546470 0.0575848 0.0194426 0.0522507 0.0494237 0.0493084 0.0490567 0.0393573 0.0263490 0.0478971 0.0299777 0.0483748 0.0340756 0.0536832 0.0322244 0.0306063 0.0296632 0.0416757 0.0323646 0.0579046 0.0595507 0.0338570 0.0491740 0.0487181 0.0496354 0.0493324 0.0392947 0.0581280 0.0491230 0.0494017 0.0513373 0.0469653 0.0789879 0.0845645 0.0544187 0.0665788 0.0420157 0.0477326 0.0398903 0.0520243 0.0481833 0.0312640 0.0440733 0.0458222 0.0476902 0.0402064 0.0402401 0.0340958 0.0485492 0.0488110 0.0358507 0.0325169 0.0469675 0.0340768 0.0370835 0.0396695 0.0683459 0.0523985 0.0488013 0.0361723 0.0362155 0.0472528 0.0353115 0.0312931 0.0326483 0.0430765 0.0444057 0.0495007 0.0315387 0.0290449 0.0512996 0.0433434 0.0414618 0.0363184 0.0298784 0.0410673 0.0567577 0.0288282 0.0326096 0.0324543 0.0302799 0.0433971 0.0433206 0.0359993 0.0316106 0.0393260 0.0451189 0.0368765 0.0337023 0.0289501 0.0540379 0.0333634 0.0526056 0.0599598 0.0670904 0.0425181 0.0301677 0.0351352 0.0292386 0.0537714 0.0426841 0.0414222 0.0665477 0.0316203 0.0628166 0.0355595 0.0377613 0.0283398 0.0413887 0.0545061 0.0368372 0.0554746 0.0355248 0.0441055 0.0402907 0.0287412 0.0324249 0.0281088 0.0446046 0.0332179 0.0521757 0.0410755 0.0302029 0.0530137 0.0738441 0.0458411 0.0474521 0.0280637 0.0337034 0.0336498 0.0338560 0.0334412 0.0332806 0.0456739 0.0478742 0.0468570 0.0385207 0.0515156 0.0488622 0.0371032 0.0888271 0.0331852 0.0390444 0.0531216 0.0324965 0.0339857 0.0301444 0.0358121 0.0724363 0.0324546 0.0557193 0.0551755 0.0510980 0.0514151 0.1370030 0.0499494 0.0577193 0.0551420 0.0465307 0.0410847 0.0483768 
I0193_447_Columbidae_Treron_calvus                     0.0347006 0.0476406 0.0489300 0.0448432 0.0544143 0.0469853 0.0390189 0.0000000 0.0561044 0.0601253 0.0386799 0.0538805 0.0511110 0.0510690 0.0520871 0.0432279 0.0251115 0.0501162 0.0333092 0.0509370 0.0385978 0.0556280 0.0359075 0.0341618 0.0343596 0.0163652 0.0360909 0.0594649 0.0607627 0.0382251 0.0510687 0.0512659 0.0515091 0.0516017 0.0145071 0.0600925 0.0519981 0.0517591 0.0540166 0.0497413 0.0821440 0.0871872 0.0567947 0.0672696 0.0454854 0.0505111 0.0437004 0.0546621 0.0508456 0.0352901 0.0485292 0.0488408 0.0517710 0.0159719 0.0419591 0.0376382 0.0511968 0.0499113 0.0410058 0.0358380 0.0496820 0.0369555 0.0401521 0.0418303 0.0725743 0.0541488 0.0521343 0.0400036 0.0405965 0.0503257 0.0261457 0.0350871 0.0370930 0.0478504 0.0474031 0.0525727 0.0352583 0.0323371 0.0516657 0.0466421 0.0461029 0.0398182 0.0338524 0.0433104 0.0589780 0.0319400 0.0358879 0.0368934 0.0337182 0.0448559 0.0444662 0.0389513 0.0345899 0.0433639 0.0484746 0.0400009 0.0379444 0.0335217 0.0569904 0.0365887 0.0546568 0.0608794 0.0705679 0.0469150 0.0338389 0.0398605 0.0337506 0.0577497 0.0438667 0.0457801 0.0695702 0.0348272 0.0651344 0.0395465 0.0406260 0.0317659 0.0444170 0.0569251 0.0396426 0.0584027 0.0400522 0.0462208 0.0439749 0.0324483 0.0365319 0.0322550 0.0471807 0.0374819 0.0569062 0.0446886 0.0342347 0.0572634 0.0770880 0.0475811 0.0495172 0.0319199 0.0372481 0.0372550 0.0367669 0.0374249 0.0363985 0.0503019 0.0512794 0.0494182 0.0420285 0.0537005 0.0514640 0.0398973 0.0908455 0.0365744 0.0133963 0.0561442 0.0350026 0.0376049 0.0331762 0.0396625 0.0756270 0.0364770 0.0573502 0.0567132 0.0528158 0.0544241 0.1385468 0.0512024 0.0590413 0.0561278 0.0495049 0.0441034 0.0519684 
I0194_495_Alcedinidae_Alcedo_quadribrachys             0.0477452 0.0482670 0.0599322 0.0581531 0.0643088 0.0585560 0.0546470 0.0561044 0.0000000 0.0662578 0.0538527 0.0645540 0.0647608 0.0583010 0.0636452 0.0588308 0.0436385 0.0616561 0.0497606 0.0620158 0.0540727 0.0665208 0.0479249 0.0507489 0.0509340 0.0591765 0.0514137 0.0672969 0.0705089 0.0524178 0.0626367 0.0616374 0.0637113 0.0634561 0.0558947 0.0679324 0.0640623 0.0623472 0.0641454 0.0599292 0.0918819 0.0974339 0.0654612 0.0780553 0.0481197 0.0624852 0.0566836 0.0655798 0.0616840 0.0504643 0.0602541 0.0603653 0.0621738 0.0574095 0.0573440 0.0542029 0.0621045 0.0611984 0.0537903 0.0511132 0.0607475 0.0522644 0.0547269 0.0553242 0.0855274 0.0653118 0.0618079 0.0526419 0.0535144 0.0613324 0.0495742 0.0486769 0.0531275 0.0596578 0.0396471 0.0610662 0.0515512 0.0470126 0.0643400 0.0610983 0.0578139 0.0561415 0.0494341 0.0511818 0.0672746 0.0478814 0.0523436 0.0490286 0.0497841 0.0589041 0.0586790 0.0529563 0.0511620 0.0592123 0.0615238 0.0554618 0.0530006 0.0502383 0.0666463 0.0525870 0.0647292 0.0691449 0.0832318 0.0594294 0.0496858 0.0532605 0.0501049 0.0675791 0.0572992 0.0576696 0.0823885 0.0508790 0.0746037 0.0553270 0.0562278 0.0495473 0.0599504 0.0685018 0.0539565 0.0678877 0.0552740 0.0631408 0.0581969 0.0497828 0.0506217 0.0498451 0.0594429 0.0535305 0.0666433 0.0588472 0.0500047 0.0678730 0.0902691 0.0585737 0.0609258 0.0485193 0.0525901 0.0518289 0.0529096 0.0511077 0.0518247 0.0618467 0.0639375 0.0613334 0.0581331 0.0654038 0.0616483 0.0546874 0.1046657 0.0508751 0.0567935 0.0658618 0.0519705 0.0502611 0.0495029 0.0519310 0.0892421 0.0497459 0.0644289 0.0658571 0.0633802 0.0650741 0.1459106 0.0626081 0.0683651 0.0656421 0.0639492 0.0570825 0.0617679 
I0195_522_Ramphastidae_Buccanodon_duchaillui           0.0499255 0.0582569 0.0635629 0.0598825 0.0672982 0.0624915 0.0575848 0.0601253 0.0662578 0.0000000 0.0556621 0.0665512 0.0636499 0.0648794 0.0646492 0.0587369 0.0453755 0.0633580 0.0519771 0.0633379 0.0556619 0.0674761 0.0508239 0.0519047 0.0529894 0.0612794 0.0534361 0.0700609 0.0738781 0.0533336 0.0637696 0.0631062 0.0673947 0.0664039 0.0591445 0.0706586 0.0659599 0.0631385 0.0650937 0.0621874 0.0935669 0.1003346 0.0688828 0.0789220 0.0590999 0.0639374 0.0574656 0.0668019 0.0629121 0.0532888 0.0596546 0.0616795 0.0647483 0.0608586 0.0603699 0.0551461 0.0631357 0.0640387 0.0548887 0.0536786 0.0614501 0.0546945 0.0561401 0.0579942 0.0881563 0.0673656 0.0641579 0.0547405 0.0551457 0.0617686 0.0473560 0.0518541 0.0545580 0.0592400 0.0575849 0.0587893 0.0528604 0.0479744 0.0675113 0.0579540 0.0578927 0.0582843 0.0524065 0.0555639 0.0246110 0.0505379 0.0537300 0.0518166 0.0522846 0.0610835 0.0629548 0.0529272 0.0525094 0.0611159 0.0607598 0.0565459 0.0554300 0.0521710 0.0702969 0.0547262 0.0670174 0.0732351 0.0870664 0.0587937 0.0513331 0.0535772 0.0518100 0.0686029 0.0603391 0.0573068 0.0855655 0.0525016 0.0751183 0.0562640 0.0575746 0.0511703 0.0616449 0.0709335 0.0560296 0.0703523 0.0576121 0.0589562 0.0590503 0.0521451 0.0536602 0.0513075 0.0624522 0.0551109 0.0700949 0.0594567 0.0523856 0.0709201 0.0923918 0.0623872 0.0624014 0.0520708 0.0538031 0.0551846 0.0549167 0.0531151 0.0556313 0.0640287 0.0630710 0.0640255 0.0579812 0.0667877 0.0635811 0.0547473 0.1074799 0.0535882 0.0608143 0.0686036 0.0536708 0.0512001 0.0511996 0.0548967 0.0897802 0.0524049 0.0679408 0.0689570 0.0662916 0.0672964 0.1454704 0.0656424 0.0722073 0.0675448 0.0627611 0.0568650 0.0627218 
I0196_523_Musophagidae_Corythaeola_cristata            0.0293389 0.0420395 0.0449843 0.0424735 0.0488472 0.0422152 0.0194426 0.0386799 0.0538527 0.0556621 0.0000000 0.0512908 0.0475580 0.0466273 0.0476431 0.0386321 0.0250150 0.0459009 0.0281560 0.0457827 0.0335524 0.0505937 0.0307616 0.0297010 0.0283997 0.0415145 0.0320028 0.0568744 0.0576215 0.0336004 0.0472923 0.0458411 0.0472563 0.0474704 0.0388121 0.0566875 0.0475938 0.0474302 0.0491464 0.0448279 0.0779361 0.0835782 0.0534644 0.0653302 0.0415482 0.0467310 0.0388595 0.0498927 0.0461412 0.0304343 0.0433200 0.0437994 0.0471419 0.0397824 0.0380462 0.0328905 0.0468421 0.0475541 0.0349271 0.0316025 0.0448224 0.0324073 0.0360820 0.0372585 0.0671903 0.0499287 0.0462944 0.0348194 0.0354133 0.0453319 0.0347980 0.0299019 0.0320349 0.0424164 0.0431938 0.0481271 0.0309070 0.0269579 0.0490593 0.0421286 0.0410231 0.0355718 0.0287320 0.0402795 0.0550459 0.0276859 0.0315090 0.0321090 0.0285146 0.0417331 0.0417539 0.0358767 0.0307954 0.0374780 0.0445812 0.0352609 0.0335843 0.0277828 0.0521932 0.0321498 0.0505448 0.0580993 0.0659197 0.0424983 0.0286660 0.0342427 0.0283203 0.0514949 0.0416664 0.0408117 0.0651626 0.0304170 0.0610671 0.0352980 0.0370428 0.0276681 0.0398776 0.0545760 0.0348861 0.0546621 0.0357845 0.0426995 0.0388279 0.0284139 0.0314615 0.0274482 0.0432901 0.0321180 0.0523900 0.0399442 0.0291379 0.0534432 0.0724575 0.0437991 0.0453348 0.0263932 0.0324340 0.0325581 0.0324475 0.0326823 0.0324123 0.0461428 0.0473066 0.0452873 0.0377495 0.0494202 0.0472743 0.0359133 0.0871882 0.0318256 0.0390896 0.0512147 0.0301486 0.0327368 0.0289288 0.0343107 0.0705693 0.0315301 0.0539236 0.0539325 0.0499895 0.0488823 0.1381132 0.0475595 0.0565589 0.0538073 0.0444641 0.0402255 0.0472202 
I0197_832_Corvidae_Corvus_albus                        0.0443405 0.0554920 0.0595699 0.0563778 0.0426710 0.0575276 0.0522507 0.0538805 0.0645540 0.0665512 0.0512908 0.0000000 0.0605939 0.0602844 0.0410644 0.0566320 0.0403565 0.0389532 0.0464821 0.0390979 0.0502250 0.0449085 0.0459712 0.0464998 0.0467404 0.0569593 0.0486036 0.0287659 0.0306754 0.0475617 0.0392735 0.0392088 0.0618103 0.0609886 0.0546960 0.0295093 0.0413083 0.0397004 0.0418512 0.0373086 0.0907049 0.0963750 0.0262117 0.0747860 0.0544267 0.0590568 0.0538555 0.0431637 0.0386626 0.0469224 0.0549392 0.0372457 0.0414256 0.0559165 0.0548720 0.0500015 0.0387919 0.0608689 0.0493564 0.0488552 0.0382501 0.0477806 0.0505779 0.0536229 0.0827755 0.0440092 0.0392461 0.0509282 0.0489552 0.0382108 0.0474796 0.0450104 0.0496591 0.0543846 0.0548650 0.0592188 0.0473072 0.0431194 0.0619624 0.0578002 0.0524012 0.0532352 0.0466337 0.0524590 0.0669167 0.0442571 0.0491683 0.0474283 0.0465107 0.0565641 0.0568040 0.0494296 0.0478887 0.0559654 0.0564218 0.0514937 0.0497546 0.0460759 0.0455893 0.0490370 0.0313720 0.0335208 0.0811006 0.0538436 0.0466308 0.0494686 0.0455813 0.0443019 0.0556564 0.0531162 0.0803466 0.0472388 0.0739636 0.0515519 0.0526261 0.0444671 0.0567946 0.0669557 0.0517733 0.0478578 0.0526328 0.0587186 0.0555522 0.0451991 0.0480158 0.0447166 0.0587818 0.0500538 0.0645530 0.0573662 0.0471515 0.0647455 0.0880627 0.0287131 0.0376280 0.0452900 0.0487826 0.0495311 0.0494512 0.0474839 0.0491774 0.0583379 0.0610732 0.0607355 0.0551821 0.0443150 0.0388296 0.0525760 0.1015422 0.0484222 0.0552127 0.0441013 0.0475886 0.0471778 0.0466533 0.0505400 0.0871802 0.0468214 0.0270084 0.0266610 0.0147164 0.0418112 0.1474834 0.0294016 0.0292831 0.0267071 0.0601020 0.0529087 0.0447671 
I0198_937_Bucerotidae_Tockus_camurus                   0.0418364 0.0535770 0.0568993 0.0539813 0.0607542 0.0548868 0.0494237 0.0511110 0.0647608 0.0636499 0.0475580 0.0605939 0.0000000 0.0578937 0.0593891 0.0513816 0.0364512 0.0576543 0.0426363 0.0580963 0.0474951 0.0635357 0.0426445 0.0440099 0.0430230 0.0535880 0.0457554 0.0664470 0.0691446 0.0462434 0.0576630 0.0569230 0.0601303 0.0600021 0.0516207 0.0669536 0.0604370 0.0567000 0.0607151 0.0560021 0.0916334 0.0961366 0.0645598 0.0676845 0.0515355 0.0577776 0.0504201 0.0620351 0.0566337 0.0437580 0.0544704 0.0555913 0.0597021 0.0525608 0.0508126 0.0464365 0.0578548 0.0581064 0.0474172 0.0455698 0.0564617 0.0455134 0.0484086 0.0506155 0.0814656 0.0624157 0.0577188 0.0478395 0.0471316 0.0562667 0.0440237 0.0427546 0.0456697 0.0542462 0.0537368 0.0582537 0.0446553 0.0363092 0.0607213 0.0526417 0.0524358 0.0499289 0.0425075 0.0498671 0.0632945 0.0416036 0.0454452 0.0444481 0.0427941 0.0540153 0.0537050 0.0476831 0.0446944 0.0536791 0.0548556 0.0499611 0.0458452 0.0424244 0.0643400 0.0451383 0.0626147 0.0690781 0.0798654 0.0543688 0.0426477 0.0463985 0.0425967 0.0626147 0.0529480 0.0521588 0.0782988 0.0442275 0.0646363 0.0482448 0.0504407 0.0416290 0.0541895 0.0644115 0.0488088 0.0656962 0.0491954 0.0536582 0.0519590 0.0423855 0.0445157 0.0417521 0.0555586 0.0467649 0.0642969 0.0529175 0.0432545 0.0658331 0.0857915 0.0553008 0.0570275 0.0414772 0.0459554 0.0460050 0.0463743 0.0455673 0.0466019 0.0565540 0.0582929 0.0577840 0.0500449 0.0619637 0.0585618 0.0481976 0.0998993 0.0451337 0.0517026 0.0630820 0.0455211 0.0438684 0.0427161 0.0459003 0.0845174 0.0447089 0.0626926 0.0647815 0.0600309 0.0609457 0.1454991 0.0595169 0.0667273 0.0643845 0.0562925 0.0231751 0.0583139 
I0199_955_Meropidae_Merops_muelleri                    0.0423590 0.0486806 0.0555034 0.0537159 0.0615680 0.0540320 0.0493084 0.0510690 0.0583010 0.0648794 0.0466273 0.0602844 0.0578937 0.0000000 0.0594068 0.0519105 0.0366898 0.0570851 0.0428852 0.0564776 0.0466763 0.0620719 0.0434756 0.0452322 0.0441020 0.0541506 0.0454547 0.0644080 0.0662669 0.0459690 0.0583183 0.0573569 0.0586435 0.0586625 0.0516458 0.0649253 0.0594860 0.0581747 0.0605608 0.0561337 0.0881981 0.0933475 0.0615567 0.0740664 0.0463258 0.0575491 0.0509101 0.0610806 0.0571945 0.0447130 0.0566158 0.0558665 0.0583542 0.0529377 0.0519886 0.0483916 0.0570792 0.0580848 0.0481044 0.0462353 0.0554097 0.0462316 0.0483311 0.0509194 0.0801747 0.0614101 0.0573388 0.0487808 0.0477127 0.0559399 0.0443696 0.0437366 0.0463593 0.0552066 0.0487691 0.0584351 0.0459975 0.0392775 0.0586368 0.0543959 0.0535760 0.0499550 0.0431426 0.0457308 0.0643221 0.0413147 0.0465132 0.0452400 0.0435661 0.0561112 0.0559057 0.0476707 0.0446543 0.0531533 0.0565805 0.0503915 0.0476353 0.0428634 0.0621941 0.0471784 0.0600636 0.0647138 0.0785152 0.0548871 0.0438033 0.0480110 0.0427332 0.0638582 0.0547747 0.0526500 0.0777629 0.0440982 0.0705891 0.0489744 0.0491797 0.0418996 0.0529732 0.0664210 0.0491060 0.0663963 0.0498978 0.0540539 0.0538325 0.0429844 0.0451056 0.0420535 0.0550862 0.0467541 0.0614051 0.0536354 0.0446225 0.0615971 0.0856373 0.0533589 0.0570293 0.0417526 0.0463033 0.0465803 0.0470318 0.0448200 0.0464306 0.0583453 0.0590530 0.0570533 0.0507381 0.0600454 0.0565906 0.0494446 0.0974797 0.0454927 0.0520331 0.0631064 0.0453162 0.0452742 0.0439204 0.0455941 0.0830621 0.0439669 0.0615209 0.0620185 0.0590471 0.0607281 0.1441704 0.0564449 0.0652573 0.0614609 0.0565372 0.0514824 0.0579655 
I0200_988_Furnariidae_Furnarius_rufus                  0.0420404 0.0543888 0.0569443 0.0524443 0.0358602 0.0551135 0.0490567 0.0520871 0.0636452 0.0646492 0.0476431 0.0410644 0.0593891 0.0594068 0.0000000 0.0543972 0.0381651 0.0302209 0.0425236 0.0308373 0.0477434 0.0278846 0.0436628 0.0436745 0.0439679 0.0543034 0.0451190 0.0464828 0.0490299 0.0454169 0.0307023 0.0313257 0.0585226 0.0581532 0.0526344 0.0488555 0.0145409 0.0315086 0.0336604 0.0303115 0.0906285 0.0960824 0.0440495 0.0714495 0.0518846 0.0571458 0.0508547 0.0272365 0.0306254 0.0444377 0.0524914 0.0291255 0.0142906 0.0537832 0.0520722 0.0465077 0.0305157 0.0577522 0.0466079 0.0457977 0.0301875 0.0464333 0.0478370 0.0510458 0.0799515 0.0268668 0.0315308 0.0476556 0.0467417 0.0300450 0.0439538 0.0425264 0.0469406 0.0521627 0.0523030 0.0572805 0.0445290 0.0398372 0.0596724 0.0542124 0.0514799 0.0491513 0.0442545 0.0504334 0.0644463 0.0424989 0.0466928 0.0450247 0.0442984 0.0537305 0.0535702 0.0469887 0.0449629 0.0534651 0.0539127 0.0497060 0.0473264 0.0433894 0.0295262 0.0466095 0.0412617 0.0503174 0.0789674 0.0519402 0.0440113 0.0462211 0.0440854 0.0380609 0.0515794 0.0515681 0.0779611 0.0436923 0.0704181 0.0487635 0.0502891 0.0425033 0.0556476 0.0634580 0.0491241 0.0405043 0.0509918 0.0560341 0.0520819 0.0434130 0.0452589 0.0428787 0.0547546 0.0472980 0.0630060 0.0535588 0.0441975 0.0639182 0.0843516 0.0353680 0.0302429 0.0427031 0.0466683 0.0466823 0.0465609 0.0446110 0.0474516 0.0557727 0.0583863 0.0571543 0.0530337 0.0268498 0.0309098 0.0504972 0.1016854 0.0461110 0.0536766 0.0382274 0.0451422 0.0448589 0.0432898 0.0479252 0.0839272 0.0437907 0.0452654 0.0447312 0.0408901 0.0354789 0.1449050 0.0393618 0.0468442 0.0446657 0.0577113 0.0504643 0.0411133 
I0201_999_Scolopacidae_Tringa_solitaria                0.0343649 0.0479806 0.0486847 0.0461033 0.0573216 0.0471586 0.0393573 0.0432279 0.0588308 0.0587369 0.0386321 0.0566320 0.0513816 0.0519105 0.0543972 0.0000000 0.0300715 0.0515639 0.0333764 0.0521451 0.0319994 0.0573556 0.0361546 0.0306226 0.0348770 0.0458905 0.0321372 0.0616641 0.0640604 0.0383451 0.0531578 0.0528805 0.0534816 0.0532501 0.0434557 0.0622351 0.0538799 0.0525169 0.0546778 0.0503868 0.0823791 0.0873248 0.0585650 0.0692478 0.0469402 0.0513439 0.0436419 0.0569795 0.0520342 0.0356505 0.0483433 0.0500931 0.0539187 0.0452558 0.0434243 0.0379948 0.0527204 0.0502270 0.0397017 0.0368466 0.0516511 0.0377145 0.0411938 0.0415161 0.0727172 0.0560987 0.0524338 0.0403468 0.0395167 0.0517928 0.0392735 0.0349780 0.0302236 0.0467925 0.0481037 0.0523986 0.0364571 0.0309904 0.0544414 0.0299898 0.0450136 0.0408971 0.0336260 0.0454853 0.0591870 0.0322909 0.0322483 0.0370656 0.0344629 0.0459368 0.0458570 0.0395471 0.0312273 0.0416767 0.0485998 0.0403832 0.0389565 0.0337014 0.0579682 0.0373829 0.0558393 0.0629985 0.0709021 0.0464102 0.0337648 0.0395563 0.0335779 0.0592560 0.0439897 0.0454777 0.0712045 0.0365409 0.0649930 0.0328728 0.0409625 0.0319761 0.0453131 0.0585889 0.0398518 0.0615704 0.0340709 0.0309320 0.0442239 0.0330307 0.0365083 0.0324077 0.0486757 0.0304287 0.0561349 0.0453268 0.0348183 0.0573982 0.0784574 0.0487302 0.0518663 0.0325012 0.0379654 0.0385709 0.0377620 0.0372683 0.0376680 0.0502972 0.0516641 0.0505204 0.0139125 0.0565670 0.0532298 0.0157661 0.0919685 0.0372878 0.0439532 0.0591985 0.0360520 0.0379797 0.0344512 0.0388106 0.0768656 0.0368733 0.0589020 0.0590840 0.0546918 0.0564967 0.1434703 0.0541782 0.0615514 0.0590009 0.0316100 0.0437777 0.0532369 
I0202_1066_Cathartidae_Cathartes_burrovianus           0.0189110 0.0328017 0.0346033 0.0326810 0.0398995 0.0327453 0.0263490 0.0251115 0.0436385 0.0453755 0.0250150 0.0403565 0.0364512 0.0366898 0.0381651 0.0300715 0.0000000 0.0360315 0.0190989 0.0362665 0.0247736 0.0410390 0.0198877 0.0211723 0.0199423 0.0300680 0.0220413 0.0462911 0.0478258 0.0221443 0.0368006 0.0362482 0.0388946 0.0390242 0.0278180 0.0464366 0.0381342 0.0368508 0.0394147 0.0349868 0.0697186 0.0753765 0.0430120 0.0541119 0.0304399 0.0371576 0.0286480 0.0403398 0.0362796 0.0211838 0.0330201 0.0344932 0.0377764 0.0289016 0.0285350 0.0242526 0.0367777 0.0381684 0.0249527 0.0223055 0.0355564 0.0229140 0.0270359 0.0287475 0.0589958 0.0397950 0.0373227 0.0255811 0.0247026 0.0352999 0.0241772 0.0199373 0.0231506 0.0315836 0.0324878 0.0374553 0.0212471 0.0048415 0.0396608 0.0338783 0.0300869 0.0275102 0.0187887 0.0288872 0.0450587 0.0181487 0.0227326 0.0214249 0.0198397 0.0326586 0.0325151 0.0243917 0.0217394 0.0299578 0.0332129 0.0265394 0.0238528 0.0192140 0.0425949 0.0234003 0.0410587 0.0480362 0.0578666 0.0316800 0.0195847 0.0237853 0.0190125 0.0423610 0.0324781 0.0299614 0.0575346 0.0211805 0.0516712 0.0255913 0.0284887 0.0175546 0.0322821 0.0431352 0.0260728 0.0440344 0.0267926 0.0343068 0.0308600 0.0184657 0.0218757 0.0179502 0.0348584 0.0238982 0.0421000 0.0315332 0.0200083 0.0436436 0.0639309 0.0333683 0.0357647 0.0179586 0.0233906 0.0237290 0.0239466 0.0216582 0.0235238 0.0359177 0.0377459 0.0367660 0.0289137 0.0395822 0.0370952 0.0267487 0.0791555 0.0225395 0.0271663 0.0421545 0.0225782 0.0217009 0.0191624 0.0240903 0.0629561 0.0208706 0.0444980 0.0433479 0.0396076 0.0396211 0.1280566 0.0377840 0.0459862 0.0437077 0.0363407 0.0288174 0.0367797 
I0203_1087_Tyrannidae_Hymenops_perspicillatus          0.0398028 0.0517857 0.0551082 0.0519126 0.0345530 0.0529012 0.0478971 0.0501162 0.0616561 0.0633580 0.0459009 0.0389532 0.0576543 0.0570851 0.0302209 0.0515639 0.0360315 0.0000000 0.0415259 0.0099549 0.0451657 0.0333668 0.0412258 0.0418244 0.0428279 0.0530287 0.0431411 0.0449266 0.0474650 0.0431787 0.0181970 0.0178389 0.0573591 0.0560085 0.0501528 0.0453437 0.0303383 0.0164843 0.0178821 0.0171653 0.0866258 0.0940095 0.0408843 0.0723232 0.0495027 0.0565352 0.0492989 0.0326401 0.0171244 0.0421767 0.0511157 0.0169295 0.0302890 0.0513263 0.0509152 0.0456840 0.0081327 0.0565825 0.0449365 0.0439648 0.0169152 0.0446611 0.0463455 0.0494409 0.0791773 0.0324102 0.0178920 0.0466652 0.0450844 0.0169622 0.0432217 0.0405344 0.0440143 0.0506753 0.0511094 0.0558311 0.0428412 0.0384436 0.0579629 0.0533515 0.0488492 0.0469796 0.0412821 0.0485602 0.0638893 0.0402780 0.0442806 0.0429594 0.0425488 0.0527601 0.0533894 0.0452040 0.0425190 0.0524830 0.0528521 0.0482918 0.0452393 0.0419489 0.0340433 0.0451532 0.0391605 0.0461805 0.0780693 0.0502798 0.0418462 0.0447531 0.0417214 0.0373699 0.0511804 0.0493098 0.0769996 0.0423945 0.0706491 0.0465138 0.0491926 0.0408111 0.0524649 0.0640641 0.0474024 0.0392637 0.0489138 0.0534746 0.0522445 0.0417827 0.0443519 0.0408174 0.0540697 0.0458258 0.0599026 0.0522152 0.0424106 0.0611605 0.0836068 0.0329703 0.0176991 0.0415375 0.0454469 0.0459726 0.0451038 0.0429192 0.0453544 0.0561289 0.0569500 0.0569404 0.0509532 0.0330853 0.0105371 0.0482874 0.0991586 0.0447727 0.0512271 0.0368837 0.0437753 0.0431350 0.0415824 0.0453159 0.0844978 0.0416418 0.0422489 0.0424570 0.0381748 0.0350947 0.1424287 0.0366561 0.0443438 0.0419434 0.0566270 0.0496397 0.0394018 
I0204_1174_Threskiornithidae_Harpiprion_caerulescens   0.0239461 0.0377835 0.0396556 0.0357765 0.0456219 0.0377845 0.0299777 0.0333092 0.0497606 0.0519771 0.0281560 0.0464821 0.0426363 0.0428852 0.0425236 0.0333764 0.0190989 0.0415259 0.0000000 0.0420695 0.0283387 0.0465872 0.0247668 0.0243649 0.0208876 0.0356458 0.0265905 0.0530229 0.0547819 0.0274527 0.0427796 0.0425575 0.0428277 0.0432705 0.0330111 0.0525483 0.0430189 0.0430474 0.0455071 0.0414860 0.0703254 0.0794650 0.0494562 0.0603275 0.0367961 0.0402031 0.0336076 0.0464013 0.0418563 0.0219916 0.0377542 0.0403283 0.0422882 0.0348278 0.0324258 0.0248085 0.0417871 0.0414790 0.0296441 0.0259445 0.0412863 0.0230021 0.0300900 0.0317656 0.0643287 0.0458701 0.0432050 0.0285712 0.0298001 0.0410843 0.0292831 0.0245351 0.0269794 0.0365516 0.0386336 0.0431804 0.0218083 0.0214600 0.0442490 0.0376201 0.0354808 0.0303366 0.0207105 0.0342788 0.0501889 0.0212471 0.0260801 0.0263680 0.0212704 0.0360627 0.0354695 0.0289209 0.0249863 0.0325784 0.0385496 0.0279364 0.0275643 0.0202348 0.0485572 0.0236255 0.0468662 0.0540223 0.0624606 0.0370327 0.0199048 0.0287604 0.0208383 0.0477325 0.0349108 0.0354158 0.0613792 0.0216645 0.0569675 0.0300439 0.0313247 0.0194387 0.0349332 0.0477005 0.0293411 0.0497042 0.0304777 0.0392434 0.0345620 0.0200282 0.0251797 0.0195055 0.0376429 0.0279893 0.0477936 0.0352622 0.0213193 0.0492370 0.0683119 0.0394548 0.0416035 0.0191002 0.0241639 0.0267543 0.0246207 0.0259904 0.0267135 0.0388597 0.0406628 0.0393809 0.0321015 0.0457682 0.0429909 0.0301820 0.0850420 0.0260504 0.0333291 0.0475705 0.0249926 0.0269849 0.0200918 0.0290345 0.0667443 0.0255124 0.0503740 0.0493995 0.0462023 0.0453393 0.1369443 0.0440246 0.0519723 0.0499156 0.0405224 0.0342668 0.0420392 
I0205_1183_Tyrannidae_Hirundinea_ferruginea            0.0400264 0.0516834 0.0554589 0.0521830 0.0345760 0.0532004 0.0483748 0.0509370 0.0620158 0.0633379 0.0457827 0.0390979 0.0580963 0.0564776 0.0308373 0.0521451 0.0362665 0.0099549 0.0420695 0.0000000 0.0453873 0.0338791 0.0416295 0.0425103 0.0433569 0.0536498 0.0439032 0.0453776 0.0473301 0.0435926 0.0186110 0.0179416 0.0569018 0.0565842 0.0507798 0.0460480 0.0307410 0.0159632 0.0179212 0.0170553 0.0877645 0.0937251 0.0421392 0.0726115 0.0494867 0.0565747 0.0494331 0.0329634 0.0170564 0.0432930 0.0523038 0.0169955 0.0305043 0.0527332 0.0513984 0.0455793 0.0103207 0.0565101 0.0453415 0.0443490 0.0169609 0.0455553 0.0463805 0.0498835 0.0794359 0.0327188 0.0179262 0.0472856 0.0452818 0.0169799 0.0437367 0.0413316 0.0448504 0.0515126 0.0517600 0.0558720 0.0434050 0.0390141 0.0581008 0.0543898 0.0498644 0.0472210 0.0423025 0.0480797 0.0638499 0.0402211 0.0447626 0.0432804 0.0428433 0.0522209 0.0529187 0.0457863 0.0428728 0.0524939 0.0529467 0.0487029 0.0455439 0.0422470 0.0346540 0.0455769 0.0391052 0.0469086 0.0784045 0.0509688 0.0422571 0.0450258 0.0420071 0.0368766 0.0515224 0.0501092 0.0770894 0.0425304 0.0709790 0.0467564 0.0487303 0.0409094 0.0534725 0.0631338 0.0479138 0.0397852 0.0488585 0.0535996 0.0514360 0.0421594 0.0443281 0.0413659 0.0537817 0.0460218 0.0609563 0.0523416 0.0428335 0.0622691 0.0840938 0.0333533 0.0176873 0.0416523 0.0459075 0.0459379 0.0455675 0.0433028 0.0453003 0.0563923 0.0569858 0.0570394 0.0509847 0.0334454 0.0112078 0.0487381 0.0987689 0.0447615 0.0518510 0.0363768 0.0438746 0.0432048 0.0420808 0.0454056 0.0838577 0.0420524 0.0427274 0.0431066 0.0384891 0.0347889 0.1415915 0.0367501 0.0455266 0.0426198 0.0571154 0.0498071 0.0400747 
I0206_1192_Laridae_Chroicocephalus_cirrocephalus       0.0292002 0.0422539 0.0444189 0.0408489 0.0493091 0.0432310 0.0340756 0.0385978 0.0540727 0.0556619 0.0335524 0.0502250 0.0474951 0.0466763 0.0477434 0.0319994 0.0247736 0.0451657 0.0283387 0.0453873 0.0000000 0.0503507 0.0301031 0.0256759 0.0290080 0.0407122 0.0279097 0.0568249 0.0580613 0.0328144 0.0463389 0.0458774 0.0468962 0.0471479 0.0387053 0.0564838 0.0476777 0.0466528 0.0479855 0.0440729 0.0787561 0.0830962 0.0532470 0.0631728 0.0409351 0.0447130 0.0383077 0.0496541 0.0449147 0.0304983 0.0422658 0.0438917 0.0467618 0.0398451 0.0371660 0.0325757 0.0456617 0.0460894 0.0341101 0.0318277 0.0446796 0.0323370 0.0360634 0.0363915 0.0674748 0.0497333 0.0462042 0.0346650 0.0343988 0.0451945 0.0342692 0.0293762 0.0092521 0.0416939 0.0424449 0.0479097 0.0307696 0.0272049 0.0488144 0.0362607 0.0408444 0.0349772 0.0284658 0.0382784 0.0550624 0.0270170 0.0271459 0.0316653 0.0286099 0.0406755 0.0404078 0.0336637 0.0264181 0.0385790 0.0436857 0.0357062 0.0332538 0.0278276 0.0521446 0.0323447 0.0509520 0.0574217 0.0658980 0.0424356 0.0283248 0.0338515 0.0287886 0.0512380 0.0395198 0.0405582 0.0649277 0.0302906 0.0620663 0.0119067 0.0364773 0.0270686 0.0409284 0.0529845 0.0342251 0.0542947 0.0202440 0.0370262 0.0387321 0.0276233 0.0307729 0.0273939 0.0430301 0.0131899 0.0516603 0.0401579 0.0287182 0.0529218 0.0727722 0.0435470 0.0450810 0.0270430 0.0322611 0.0323213 0.0322549 0.0329092 0.0325339 0.0442202 0.0460078 0.0447784 0.0310397 0.0494650 0.0460668 0.0290236 0.0878930 0.0308712 0.0388097 0.0513115 0.0303532 0.0322953 0.0288513 0.0352497 0.0705567 0.0319720 0.0542481 0.0531141 0.0496449 0.0496010 0.1379388 0.0485166 0.0551318 0.0540683 0.0391519 0.0384903 0.0462751 
I0207_1193_Thamnophilidae_Thamnophilus_ruficapillus    0.0451059 0.0571746 0.0600556 0.0567058 0.0383778 0.0582823 0.0536832 0.0556280 0.0665208 0.0674761 0.0505937 0.0449085 0.0635357 0.0620719 0.0278846 0.0573556 0.0410390 0.0333668 0.0465872 0.0338791 0.0503507 0.0000000 0.0465045 0.0467967 0.0480995 0.0576313 0.0484938 0.0502436 0.0518240 0.0485696 0.0333810 0.0340364 0.0642706 0.0636826 0.0559384 0.0511856 0.0278103 0.0341191 0.0361451 0.0322385 0.0922020 0.0973251 0.0476464 0.0755927 0.0547919 0.0606756 0.0541921 0.0153854 0.0338030 0.0480234 0.0549392 0.0317865 0.0277880 0.0573626 0.0556322 0.0510320 0.0336527 0.0618809 0.0501607 0.0495294 0.0322534 0.0490003 0.0517154 0.0540691 0.0830190 0.0144537 0.0343570 0.0515818 0.0499597 0.0330527 0.0474287 0.0461807 0.0499278 0.0547784 0.0551126 0.0603574 0.0481024 0.0432611 0.0651241 0.0577923 0.0538535 0.0530320 0.0477731 0.0529970 0.0675380 0.0459156 0.0500198 0.0483404 0.0480204 0.0571172 0.0578080 0.0500453 0.0478075 0.0565387 0.0569990 0.0525091 0.0507298 0.0473911 0.0301702 0.0498068 0.0449323 0.0524115 0.0816036 0.0547204 0.0461652 0.0495031 0.0469586 0.0402155 0.0558557 0.0543168 0.0803403 0.0480298 0.0754734 0.0514934 0.0541724 0.0465663 0.0576678 0.0673197 0.0522496 0.0429392 0.0537841 0.0600637 0.0558973 0.0470799 0.0488894 0.0467440 0.0586294 0.0507521 0.0667572 0.0563160 0.0480028 0.0670517 0.0861529 0.0391683 0.0328469 0.0463814 0.0500999 0.0507730 0.0507623 0.0479513 0.0508667 0.0603607 0.0619890 0.0608198 0.0562073 0.0300180 0.0341454 0.0533859 0.1033480 0.0492914 0.0570875 0.0405210 0.0495186 0.0482328 0.0464546 0.0509973 0.0868538 0.0470266 0.0479363 0.0479998 0.0445168 0.0378367 0.1467674 0.0433817 0.0503689 0.0473404 0.0605848 0.0544537 0.0433472 
