35
Burramyidae_Burramys_parvus                  0.0000000 0.0708210 0.0488637 0.0567653 0.0567271 0.0617889 0.0397619 0.0442803 0.0555867 0.0618536 0.0414118 0.0607244 0.0602592 0.0386320 0.0521613 0.0610055 0.0617566 0.0647089 0.0662570 0.0569560 0.0485983 0.0791294 0.0769964 0.0609454 0.0476176 0.0575333 0.0530513 0.0527700 0.0612284 0.0597877 0.0402357 0.0630769 0.0751236 0.0656898 0.0469593 
Notoryctidae_Notoryctes_typhlops             0.0708210 0.0000000 0.0650120 0.0730280 0.0737082 0.0695615 0.0605513 0.0678071 0.0715458 0.0735452 0.0613471 0.0706616 0.0710545 0.0613976 0.0700970 0.0705837 0.0681086 0.0722533 0.0784922 0.0741133 0.0683289 0.0929617 0.0918309 0.0695127 0.0632800 0.0662235 0.0744241 0.0712153 0.0811445 0.0759385 0.0638677 0.0725174 0.0857209 0.0778027 0.0643928 
Vombatidae_Lasiorhinus_latifrons             0.0488637 0.0650120 0.0000000 0.0527604 0.0536798 0.0590152 0.0375940 0.0434646 0.0516086 0.0627758 0.0374397 0.0580315 0.0589135 0.0368423 0.0513275 0.0583066 0.0572743 0.0614679 0.0660215 0.0499644 0.0489733 0.0799951 0.0803828 0.0583283 0.0439700 0.0551278 0.0526288 0.0482269 0.0615727 0.0522159 0.0390227 0.0601411 0.0700061 0.0647692 0.0431949 
Potoroidae_Bettongia_penicillata             0.0567653 0.0730280 0.0527604 0.0000000 0.0071110 0.0675137 0.0463407 0.0509480 0.0134729 0.0723774 0.0472027 0.0693628 0.0684956 0.0478683 0.0498220 0.0685185 0.0675433 0.0718289 0.0754662 0.0246106 0.0529354 0.0805603 0.0851188 0.0683173 0.0214945 0.0661434 0.0531228 0.0218276 0.0564257 0.0620118 0.0485329 0.0683299 0.0857828 0.0762393 0.0479038 
Potoroidae_Bettongia_lesueur                 0.0567271 0.0737082 0.0536798 0.0071110 0.0000000 0.0673989 0.0463368 0.0505203 0.0125861 0.0730931 0.0457755 0.0696221 0.0683842 0.0467861 0.0501680 0.0687782 0.0685154 0.0698480 0.0754299 0.0245980 0.0511621 0.0788370 0.0827139 0.0685790 0.0232782 0.0650428 0.0516307 0.0219800 0.0549153 0.0613721 0.0474474 0.0692318 0.0860452 0.0766003 0.0483507 
Dasyuridae_Dasyurus_maculatus                0.0617889 0.0695615 0.0590152 0.0675137 0.0673989 0.0000000 0.0579283 0.0655380 0.0679631 0.0642068 0.0604177 0.0111536 0.0151761 0.0565767 0.0578325 0.0120090 0.0058026 0.0159772 0.0673732 0.0673108 0.0628276 0.0753075 0.0752820 0.0097837 0.0514125 0.0567590 0.0686816 0.0648900 0.0654373 0.0724623 0.0589750 0.0681211 0.0050880 0.0681177 0.0576304 
Phalangeridae_Trichosurus_vulpecula          0.0397619 0.0605513 0.0375940 0.0463407 0.0463368 0.0579283 0.0000000 0.0182008 0.0454896 0.0553646 0.0119531 0.0564249 0.0543207 0.0115239 0.0469490 0.0571215 0.0566988 0.0588373 0.0599414 0.0466254 0.0430075 0.0791422 0.0788764 0.0556061 0.0415233 0.0484941 0.0480775 0.0425489 0.0567895 0.0506348 0.0118085 0.0531551 0.0710670 0.0596297 0.0383788 
Phalangeridae_Spilocuscus_maculatus          0.0442803 0.0678071 0.0434646 0.0509480 0.0505203 0.0655380 0.0182008 0.0000000 0.0483805 0.0664821 0.0164288 0.0655090 0.0624708 0.0162459 0.0451268 0.0661757 0.0647378 0.0655860 0.0673552 0.0491069 0.0494673 0.0870718 0.0836654 0.0654655 0.0385807 0.0544929 0.0550305 0.0450374 0.0542812 0.0550451 0.0150147 0.0652349 0.0807153 0.0678010 0.0481256 
Potoroidae_Aepyprymnus_rufescens             0.0555867 0.0715458 0.0516086 0.0134729 0.0125861 0.0679631 0.0454896 0.0483805 0.0000000 0.0701076 0.0436935 0.0683324 0.0674660 0.0454177 0.0515455 0.0675001 0.0665243 0.0700021 0.0733529 0.0228890 0.0494209 0.0806955 0.0837748 0.0676582 0.0247031 0.0619836 0.0512331 0.0189078 0.0576650 0.0604285 0.0460713 0.0672757 0.0845397 0.0738084 0.0448456 
Peramelidae_Perameles_nasuta                 0.0618536 0.0735452 0.0627758 0.0723774 0.0730931 0.0642068 0.0553646 0.0664821 0.0701076 0.0000000 0.0613611 0.0661032 0.0630631 0.0593923 0.0557421 0.0660197 0.0629926 0.0663314 0.0135059 0.0667402 0.0665460 0.0750177 0.0733901 0.0653727 0.0495998 0.0522201 0.0704094 0.0649205 0.0646399 0.0758341 0.0611993 0.0122334 0.0877814 0.0002986 0.0645516 
Phalangeridae_Strigocuscus_pelengensis       0.0414118 0.0613471 0.0374397 0.0472027 0.0457755 0.0604177 0.0119531 0.0164288 0.0436935 0.0613611 0.0000000 0.0593777 0.0580875 0.0073821 0.0456181 0.0600222 0.0590179 0.0606699 0.0633581 0.0456848 0.0428519 0.0811168 0.0775223 0.0600108 0.0424414 0.0492147 0.0477950 0.0421516 0.0560549 0.0509108 0.0070826 0.0592158 0.0739326 0.0644985 0.0405979 
Dasyuridae_Phascogale_tapoatafa              0.0607244 0.0706616 0.0580315 0.0693628 0.0696221 0.0111536 0.0564249 0.0655090 0.0683324 0.0661032 0.0593777 0.0000000 0.0154597 0.0575920 0.0564068 0.0030171 0.0120112 0.0162806 0.0680179 0.0676680 0.0625251 0.0733824 0.0748128 0.0063806 0.0528037 0.0575037 0.0683742 0.0663716 0.0703109 0.0723833 0.0592642 0.0692187 0.0139685 0.0687602 0.0590215 
Dasyuridae_Sminthopsis_macroura              0.0602592 0.0710545 0.0589135 0.0684956 0.0683842 0.0151761 0.0543207 0.0624708 0.0674660 0.0630631 0.0580875 0.0154597 0.0000000 0.0560332 0.0556229 0.0163081 0.0163199 0.0165240 0.0669723 0.0661433 0.0617367 0.0732213 0.0721607 0.0140930 0.0516832 0.0540928 0.0668477 0.0648375 0.0671505 0.0717753 0.0573327 0.0668506 0.0185023 0.0670377 0.0558155 
Phalangeridae_Phalanger_orientalis           0.0386320 0.0613976 0.0368423 0.0478683 0.0467861 0.0565767 0.0115239 0.0162459 0.0454177 0.0593923 0.0073821 0.0575920 0.0560332 0.0000000 0.0453003 0.0582270 0.0562417 0.0595955 0.0625483 0.0450862 0.0432759 0.0811973 0.0780704 0.0579125 0.0421142 0.0491703 0.0472487 0.0403359 0.0569289 0.0499231 0.0036005 0.0580300 0.0676771 0.0629937 0.0391901 
Acrobatidae_Acrobates_pygmaeus               0.0521613 0.0700970 0.0513275 0.0498220 0.0501680 0.0578325 0.0469490 0.0451268 0.0515455 0.0557421 0.0456181 0.0564068 0.0556229 0.0453003 0.0000000 0.0580684 0.0572068 0.0612810 0.0657677 0.0523963 0.0410079 0.0743380 0.0683339 0.0549039 0.0500870 0.0663954 0.0440528 0.0499449 0.0596723 0.0278979 0.0457187 0.0580105 0.0698982 0.0624651 0.0374315 
Dasyuridae_Phascogale_calura                 0.0610055 0.0705837 0.0583066 0.0685185 0.0687782 0.0120090 0.0571215 0.0661757 0.0675001 0.0660197 0.0600222 0.0030171 0.0163081 0.0582270 0.0580684 0.0000000 0.0128532 0.0171745 0.0679237 0.0668380 0.0624780 0.0745404 0.0759726 0.0072243 0.0513516 0.0571045 0.0686531 0.0655102 0.0686747 0.0723274 0.0599008 0.0688126 0.0152002 0.0686654 0.0593899 
Dasyuridae_Sarcophilus_harrisii              0.0617566 0.0681086 0.0572743 0.0675433 0.0685154 0.0058026 0.0566988 0.0647378 0.0665243 0.0629926 0.0590179 0.0120112 0.0163199 0.0562417 0.0572068 0.0128532 0.0000000 0.0165774 0.0651965 0.0651436 0.0607450 0.0732305 0.0739689 0.0106449 0.0521941 0.0541308 0.0665399 0.0631251 0.0667373 0.0709668 0.0582245 0.0656654 0.0074942 0.0659450 0.0563202 
Dasyuridae_Planigale_tenuirostris            0.0647089 0.0722533 0.0614679 0.0718289 0.0698480 0.0159772 0.0588373 0.0655860 0.0700021 0.0663314 0.0606699 0.0162806 0.0165240 0.0595955 0.0612810 0.0171745 0.0165774 0.0000000 0.0692002 0.0686181 0.0629113 0.0747906 0.0763007 0.0162839 0.0541847 0.0573511 0.0680123 0.0660122 0.0689797 0.0752852 0.0613095 0.0691739 0.0218511 0.0699839 0.0559729 
Peramelidae_Echymipera_kalubu                0.0662570 0.0784922 0.0660215 0.0754662 0.0754299 0.0673732 0.0599414 0.0673552 0.0733529 0.0135059 0.0633581 0.0680179 0.0669723 0.0625483 0.0657677 0.0679237 0.0651965 0.0692002 0.0000000 0.0714960 0.0711175 0.0814185 0.0787018 0.0670140 0.0614755 0.0581632 0.0747309 0.0687816 0.0720431 0.0797615 0.0642470 0.0120151 0.0886318 0.0143407 0.0620085 
Macropodidae_Dorcopsulus_vanheurni           0.0569560 0.0741133 0.0499644 0.0246106 0.0245980 0.0673108 0.0466254 0.0491069 0.0228890 0.0667402 0.0456848 0.0676680 0.0661433 0.0450862 0.0523963 0.0668380 0.0651436 0.0686181 0.0714960 0.0000000 0.0494389 0.0837211 0.0850060 0.0670028 0.0226338 0.0616520 0.0539071 0.0074109 0.0576638 0.0588422 0.0460771 0.0652812 0.0857615 0.0712751 0.0420133 
Pseudochiridae_Pseudochirulus_forbesi        0.0485983 0.0683289 0.0489733 0.0529354 0.0511621 0.0628276 0.0430075 0.0494673 0.0494209 0.0665460 0.0428519 0.0625251 0.0617367 0.0432759 0.0410079 0.0624780 0.0607450 0.0629113 0.0711175 0.0494389 0.0000000 0.0837109 0.0820369 0.0608283 0.0436783 0.0561419 0.0256686 0.0463460 0.0435069 0.0494264 0.0448814 0.0667244 0.0786208 0.0718172 0.0126616 
Didelphidae_Didelphis_virginiana             0.0791294 0.0929617 0.0799951 0.0805603 0.0788370 0.0753075 0.0791422 0.0870718 0.0806955 0.0750177 0.0811168 0.0733824 0.0732213 0.0811973 0.0743380 0.0745404 0.0732305 0.0747906 0.0814185 0.0837211 0.0837109 0.0000000 0.0361870 0.0728291 0.0693663 0.0750281 0.0890244 0.0811296 0.0862560 0.0983657 0.0826235 0.0739422 0.1030544 0.0801599 0.0790632 
Marmosidae_Monodelphis_domestica             0.0769964 0.0918309 0.0803828 0.0851188 0.0827139 0.0752820 0.0788764 0.0836654 0.0837748 0.0733901 0.0775223 0.0748128 0.0721607 0.0780704 0.0683339 0.0759726 0.0739689 0.0763007 0.0787018 0.0850060 0.0820369 0.0361870 0.0000000 0.0735108 0.0679216 0.0763053 0.0835962 0.0815060 0.0808894 0.0949020 0.0790490 0.0732706 0.1057461 0.0787648 0.0778798 
Dasyuridae_Antechinus_stuartii               0.0609454 0.0695127 0.0583283 0.0683173 0.0685790 0.0097837 0.0556061 0.0654655 0.0676582 0.0653727 0.0600108 0.0063806 0.0140930 0.0579125 0.0549039 0.0072243 0.0106449 0.0162839 0.0670140 0.0670028 0.0608283 0.0728291 0.0735108 0.0000000 0.0499569 0.0562517 0.0659018 0.0645919 0.0654430 0.0713879 0.0595948 0.0684765 0.0128192 0.0677627 0.0576600 
Hypsiprymnodontidae_Hypsiprymnodon_moschatus 0.0476176 0.0632800 0.0439700 0.0214945 0.0232782 0.0514125 0.0415233 0.0385807 0.0247031 0.0495998 0.0424414 0.0528037 0.0516832 0.0421142 0.0500870 0.0513516 0.0521941 0.0541847 0.0614755 0.0226338 0.0436783 0.0693663 0.0679216 0.0499569 0.0000000 0.0595429 0.0436524 0.0197102 0.0589892 0.0574367 0.0425293 0.0484453 0.0673787 0.0597471 0.0326935 
Microbiotheriidae_Dromiciops_gliroides       0.0575333 0.0662235 0.0551278 0.0661434 0.0650428 0.0567590 0.0484941 0.0544929 0.0619836 0.0522201 0.0492147 0.0575037 0.0540928 0.0491703 0.0663954 0.0571045 0.0541308 0.0573511 0.0581632 0.0616520 0.0561419 0.0750281 0.0763053 0.0562517 0.0595429 0.0000000 0.0595829 0.0580948 0.0748504 0.0665034 0.0501853 0.0505835 0.0745108 0.0582530 0.0445038 
Pseudochiridae_Petauroides_volans            0.0530513 0.0744241 0.0526288 0.0531228 0.0516307 0.0686816 0.0480775 0.0550305 0.0512331 0.0704094 0.0477950 0.0683742 0.0668477 0.0472487 0.0440528 0.0686531 0.0665399 0.0680123 0.0747309 0.0539071 0.0256686 0.0890244 0.0835962 0.0659018 0.0436524 0.0595829 0.0000000 0.0486784 0.0448817 0.0561712 0.0492164 0.0691974 0.0870973 0.0765089 0.0242768 
Macropodidae_Wallabia_bicolor                0.0527700 0.0712153 0.0482269 0.0218276 0.0219800 0.0648900 0.0425489 0.0450374 0.0189078 0.0649205 0.0421516 0.0663716 0.0648375 0.0403359 0.0499449 0.0655102 0.0631251 0.0660122 0.0687816 0.0074109 0.0463460 0.0811296 0.0815060 0.0645919 0.0197102 0.0580948 0.0486784 0.0000000 0.0565212 0.0559127 0.0426447 0.0624822 0.0827957 0.0700205 0.0372046 
Tarsipedidae_Tarsipes_rostratus              0.0612284 0.0811445 0.0615727 0.0564257 0.0549153 0.0654373 0.0567895 0.0542812 0.0576650 0.0646399 0.0560549 0.0703109 0.0671505 0.0569289 0.0596723 0.0686747 0.0667373 0.0689797 0.0720431 0.0576638 0.0435069 0.0862560 0.0808894 0.0654430 0.0589892 0.0748504 0.0448817 0.0565212 0.0000000 0.0648956 0.0573620 0.0659180 0.0804338 0.0716636 0.0398433 
Acrobatidae_Distoechurus_pennatus            0.0597877 0.0759385 0.0522159 0.0620118 0.0613721 0.0724623 0.0506348 0.0550451 0.0604285 0.0758341 0.0509108 0.0723833 0.0717753 0.0499231 0.0278979 0.0723274 0.0709668 0.0752852 0.0797615 0.0588422 0.0494264 0.0983657 0.0949020 0.0713879 0.0574367 0.0665034 0.0561712 0.0559127 0.0648956 0.0000000 0.0515910 0.0766358 0.0839220 0.0790653 0.0508108 
Phalangeridae_Phalanger_carmelitae           0.0402357 0.0638677 0.0390227 0.0485329 0.0474474 0.0589750 0.0118085 0.0150147 0.0460713 0.0611993 0.0070826 0.0592642 0.0573327 0.0036005 0.0457187 0.0599008 0.0582245 0.0613095 0.0642470 0.0460771 0.0448814 0.0826235 0.0790490 0.0595948 0.0425293 0.0501853 0.0492164 0.0426447 0.0573620 0.0515910 0.0000000 0.0602719 0.0702685 0.0650353 0.0419805 
Peramelidae_Peroryctes_raffrayana            0.0630769 0.0725174 0.0601411 0.0683299 0.0692318 0.0681211 0.0531551 0.0652349 0.0672757 0.0122334 0.0592158 0.0692187 0.0668506 0.0580300 0.0580105 0.0688126 0.0656654 0.0691739 0.0120151 0.0652812 0.0667244 0.0739422 0.0732706 0.0684765 0.0484453 0.0505835 0.0691974 0.0624822 0.0659180 0.0766358 0.0602719 0.0000000 0.0953458 0.0120164 0.0643933 
Dasyuridae_Dasyurus_geffroii                 0.0751236 0.0857209 0.0700061 0.0857828 0.0860452 0.0050880 0.0710670 0.0807153 0.0845397 0.0877814 0.0739326 0.0139685 0.0185023 0.0676771 0.0698982 0.0152002 0.0074942 0.0218511 0.0886318 0.0857615 0.0786208 0.1030544 0.1057461 0.0128192 0.0673787 0.0745108 0.0870973 0.0827957 0.0804338 0.0839220 0.0702685 0.0953458 0.0000000 0.0913857 0.0746440 
Peramelidae_Perameles_gunnii                 0.0656898 0.0778027 0.0647692 0.0762393 0.0766003 0.0681177 0.0596297 0.0678010 0.0738084 0.0002986 0.0644985 0.0687602 0.0670377 0.0629937 0.0624651 0.0686654 0.0659450 0.0699839 0.0143407 0.0712751 0.0718172 0.0801599 0.0787648 0.0677627 0.0597471 0.0582530 0.0765089 0.0700205 0.0716636 0.0790653 0.0650353 0.0120164 0.0913857 0.0000000 0.0645449 
Pseudochiridae_Pseudocheirus_occidentalis    0.0469593 0.0643928 0.0431949 0.0479038 0.0483507 0.0576304 0.0383788 0.0481256 0.0448456 0.0645516 0.0405979 0.0590215 0.0558155 0.0391901 0.0374315 0.0593899 0.0563202 0.0559729 0.0620085 0.0420133 0.0126616 0.0790632 0.0778798 0.0576600 0.0326935 0.0445038 0.0242768 0.0372046 0.0398433 0.0508108 0.0419805 0.0643933 0.0746440 0.0645449 0.0000000 
