35
Burramyidae_Burramys_parvus                  0.0000000 0.0780285 0.0435249 0.0646102 0.0685942 0.0824203 0.0374804 0.0506078 0.0627086 0.0958759 0.0503291 0.0845461 0.0825386 0.0440852 0.0586346 0.0833637 0.0780849 0.1042143 0.0968813 0.0676888 0.0555246 0.0989570 0.1067485 0.0829950 0.0633714 0.0607424 0.0580972 0.0664971 0.0495872 0.0625252 0.0520674 0.0448640 0.1019898 0.0789532 0.0987253 
Notoryctidae_Notoryctes_typhlops             0.0780285 0.0000000 0.0787206 0.0927924 0.0947260 0.1047548 0.0772887 0.0890710 0.0922603 0.1117418 0.0855554 0.1155983 0.0979272 0.0832229 0.0854743 0.1120788 0.1019402 0.0997289 0.1082764 0.0969878 0.0947398 0.1140883 0.1191399 0.1220241 0.0959793 0.0869591 0.0961184 0.0967087 0.0923062 0.1025408 0.0936665 0.0840068 0.1138412 0.1021466 0.1099134 
Vombatidae_Lasiorhinus_latifrons             0.0435249 0.0787206 0.0000000 0.0567104 0.0538888 0.0822705 0.0441303 0.0565582 0.0533277 0.0898899 0.0555925 0.0925080 0.0767631 0.0520520 0.0549675 0.0904739 0.0803273 0.0828542 0.0891734 0.0589548 0.0594028 0.0877943 0.0931924 0.0945189 0.0570133 0.0581803 0.0614760 0.0604504 0.0514017 0.0682212 0.0585428 0.0507130 0.0927521 0.0817057 0.0897643 
Potoroidae_Bettongia_penicillata             0.0646102 0.0927924 0.0567104 0.0000000 0.0016062 0.1153609 0.0655558 0.0794665 0.0084151 0.1053259 0.0846811 0.1226238 0.1122877 0.0754215 0.0789745 0.1227279 0.1109625 0.1221937 0.1131719 0.0280553 0.0825716 0.1162382 0.1248500 0.1272925 0.0395330 0.0719651 0.0813422 0.0291446 0.0742386 0.0881413 0.0667451 0.0749039 0.1077393 0.1091907 0.1069954 
Potoroidae_Bettongia_lesueur                 0.0685942 0.0947260 0.0538888 0.0016062 0.0000000 0.1168558 0.0683159 0.0815838 0.0096435 0.1098789 0.0855814 0.1251323 0.1157891 0.0755142 0.0823634 0.1252440 0.1129926 0.1247711 0.1181099 0.0311391 0.0840569 0.1181819 0.1236144 0.1309015 0.0416448 0.0728512 0.0825933 0.0308413 0.0760145 0.0913538 0.0665283 0.0749818 0.1078477 0.1111484 0.1116246 
Dasyuridae_Dasyurus_maculatus                0.0824203 0.1047548 0.0822705 0.1153609 0.1168558 0.0000000 0.0820530 0.0944666 0.1145373 0.1374085 0.0997890 0.0271766 0.0311177 0.0887839 0.1105618 0.0267158 0.0071232 0.0500632 0.1354006 0.1152396 0.1034940 0.1313974 0.1341407 0.0265036 0.1108657 0.0879950 0.1075505 0.1195327 0.0976916 0.1084710 0.0966681 0.0890228 0.1332371 0.0046108 0.1367540 
Phalangeridae_Trichosurus_vulpecula          0.0374804 0.0772887 0.0441303 0.0655558 0.0683159 0.0820530 0.0000000 0.0160639 0.0667223 0.0961675 0.0187930 0.0899816 0.0830128 0.0120841 0.0648414 0.0880436 0.0771944 0.1025987 0.0991230 0.0658360 0.0582261 0.0999035 0.1081425 0.0941611 0.0643972 0.0617892 0.0615516 0.0681297 0.0516247 0.0632016 0.0552928 0.0125192 0.1009492 0.0773310 0.0954053 
Phalangeridae_Spilocuscus_maculatus          0.0506078 0.0890710 0.0565582 0.0794665 0.0815838 0.0944666 0.0160639 0.0000000 0.0800676 0.1106701 0.0171525 0.1014724 0.0962420 0.0087911 0.0757670 0.0994719 0.0894974 0.1163161 0.1150684 0.0798351 0.0678126 0.1118539 0.1166683 0.1055691 0.0781962 0.0730637 0.0694291 0.0828151 0.0632471 0.0768370 0.0654284 0.0091928 0.1146482 0.0902135 0.1097003 
Potoroidae_Aepyprymnus_rufescens             0.0627086 0.0922603 0.0533277 0.0084151 0.0096435 0.1145373 0.0667223 0.0800676 0.0000000 0.1091129 0.0841368 0.1217143 0.1107842 0.0742242 0.0772228 0.1204220 0.1101574 0.1164770 0.1164087 0.0300181 0.0825844 0.1214846 0.1302192 0.1245058 0.0385442 0.0735709 0.0796721 0.0281633 0.0729441 0.0906848 0.0637852 0.0737702 0.1062081 0.1083936 0.1094123 
Peramelidae_Perameles_nasuta                 0.0958759 0.1117418 0.0898899 0.1053259 0.1098789 0.1374085 0.0961675 0.1106701 0.1091129 0.0000000 0.1142728 0.1372069 0.1346670 0.1024990 0.1088978 0.1346314 0.1267857 0.1384481 0.0221993 0.1150617 0.1095163 0.1382106 0.1419907 0.1404344 0.1116500 0.1026068 0.1099626 0.1129108 0.0994037 0.1150264 0.0991664 0.1049299 0.0388067 0.1275520 0.0022535 
Phalangeridae_Strigocuscus_pelengensis       0.0503291 0.0855554 0.0555925 0.0846811 0.0855814 0.0997890 0.0187930 0.0171525 0.0841368 0.1142728 0.0000000 0.1003958 0.1003623 0.0131911 0.0788988 0.0983152 0.0936102 0.1158926 0.1180545 0.0811142 0.0750505 0.1103812 0.1173413 0.1080977 0.0798947 0.0712534 0.0726680 0.0853344 0.0660355 0.0810332 0.0626528 0.0120510 0.1034310 0.0936320 0.1133448 
Dasyuridae_Phascogale_tapoatafa              0.0845461 0.1155983 0.0925080 0.1226238 0.1251323 0.0271766 0.0899816 0.1014724 0.1217143 0.1372069 0.1003958 0.0000000 0.0334118 0.0969777 0.1088708 0.0014275 0.0222231 0.0531743 0.1337767 0.1230722 0.1075801 0.1369075 0.1460293 0.0077800 0.1169962 0.0930207 0.1104034 0.1248643 0.1001166 0.1133440 0.0953321 0.0958316 0.1392766 0.0208273 0.1387462 
Dasyuridae_Sminthopsis_macroura              0.0825386 0.0979272 0.0767631 0.1122877 0.1157891 0.0311177 0.0830128 0.0962420 0.1107842 0.1346670 0.1003623 0.0334118 0.0000000 0.0891031 0.1079172 0.0339630 0.0272158 0.0416935 0.1297767 0.1131629 0.1001353 0.1305419 0.1392137 0.0348895 0.1090300 0.0854804 0.1028848 0.1150520 0.0922960 0.1077425 0.0914863 0.0892878 0.1337068 0.0268328 0.1339951 
Phalangeridae_Phalanger_orientalis           0.0440852 0.0832229 0.0520520 0.0754215 0.0755142 0.0887839 0.0120841 0.0087911 0.0742242 0.1024990 0.0131911 0.0969777 0.0891031 0.0000000 0.0698408 0.0951002 0.0851215 0.1113316 0.1080484 0.0757522 0.0619625 0.1085733 0.1149322 0.1022438 0.0715805 0.0659751 0.0636100 0.0791462 0.0575561 0.0713155 0.0618537 0.0017397 0.1033024 0.0859432 0.1021210 
Acrobatidae_Acrobates_pygmaeus               0.0586346 0.0854743 0.0549675 0.0789745 0.0823634 0.1105618 0.0648414 0.0757670 0.0772228 0.1088978 0.0788988 0.1088708 0.1079172 0.0698408 0.0000000 0.1055903 0.1011551 0.1188806 0.1121122 0.0806931 0.0703839 0.1150630 0.1168025 0.1096303 0.0833189 0.0692895 0.0675586 0.0817575 0.0652553 0.0781676 0.0315287 0.0692707 0.1098016 0.1058463 0.1106813 
Dasyuridae_Phascogale_calura                 0.0833637 0.1120788 0.0904739 0.1227279 0.1252440 0.0267158 0.0880436 0.0994719 0.1204220 0.1346314 0.0983152 0.0014275 0.0339630 0.0951002 0.1055903 0.0000000 0.0207544 0.0526612 0.1311759 0.1204617 0.1061041 0.1340148 0.1418097 0.0073134 0.1144523 0.0904632 0.1075757 0.1221371 0.0986811 0.1120608 0.0941165 0.0938616 0.1370953 0.0213432 0.1360419 
Dasyuridae_Sarcophilus_harrisii              0.0780849 0.1019402 0.0803273 0.1109625 0.1129926 0.0071232 0.0771944 0.0894974 0.1101574 0.1267857 0.0936102 0.0222231 0.0272158 0.0851215 0.1011551 0.0207544 0.0000000 0.0457276 0.1249718 0.1120703 0.0993997 0.1252190 0.1321722 0.0206941 0.1050033 0.0858854 0.1029723 0.1154609 0.0936711 0.1020891 0.0911935 0.0840768 0.1284271 0.0029836 0.1262792 
Dasyuridae_Planigale_tenuirostris            0.1042143 0.0997289 0.0828542 0.1221937 0.1247711 0.0500632 0.1025987 0.1163161 0.1164770 0.1384481 0.1158926 0.0531743 0.0416935 0.1113316 0.1188806 0.0526612 0.0457276 0.0000000 0.1341081 0.1199173 0.1233955 0.1288532 0.1331132 0.0546430 0.1168076 0.0875428 0.1252178 0.1235629 0.1180407 0.1350335 0.0924513 0.1119055 0.1225476 0.0446802 0.1366303 
Peramelidae_Echymipera_kalubu                0.0968813 0.1082764 0.0891734 0.1131719 0.1181099 0.1354006 0.0991230 0.1150684 0.1164087 0.0221993 0.1180545 0.1337767 0.1297767 0.1080484 0.1121122 0.1311759 0.1249718 0.1341081 0.0000000 0.1232213 0.1120262 0.1374087 0.1394532 0.1396568 0.1182467 0.0970827 0.1131734 0.1186125 0.1026446 0.1194256 0.1008359 0.1101594 0.0273902 0.1256827 0.0239886 
Macropodidae_Dorcopsulus_vanheurni           0.0676888 0.0969878 0.0589548 0.0280553 0.0311391 0.1152396 0.0658360 0.0798351 0.0300181 0.1150617 0.0811142 0.1230722 0.1131629 0.0757522 0.0806931 0.1204617 0.1120703 0.1199173 0.1232213 0.0000000 0.0862378 0.1216738 0.1289779 0.1212832 0.0388172 0.0734051 0.0785289 0.0059767 0.0740082 0.0899263 0.0691817 0.0753106 0.1167588 0.1111400 0.1168650 
Pseudochiridae_Pseudochirulus_forbesi        0.0555246 0.0947398 0.0594028 0.0825716 0.0840569 0.1034940 0.0582261 0.0678126 0.0825844 0.1095163 0.0750505 0.1075801 0.1001353 0.0619625 0.0703839 0.1061041 0.0993997 0.1233955 0.1120262 0.0862378 0.0000000 0.1246886 0.1326958 0.1130159 0.0882874 0.0823219 0.0417989 0.0812682 0.0147558 0.0661366 0.0649490 0.0650699 0.1178735 0.1015366 0.1099284 
Didelphidae_Didelphis_virginiana             0.0989570 0.1140883 0.0877943 0.1162382 0.1181819 0.1313974 0.0999035 0.1118539 0.1214846 0.1382106 0.1103812 0.1369075 0.1305419 0.1085733 0.1150630 0.1340148 0.1252190 0.1288532 0.1374087 0.1216738 0.1246886 0.0000000 0.0293481 0.1400131 0.1152817 0.0902406 0.1141466 0.1203566 0.1135794 0.1237973 0.0972091 0.1094462 0.1258911 0.1267556 0.1391342 
Marmosidae_Monodelphis_domestica             0.1067485 0.1191399 0.0931924 0.1248500 0.1236144 0.1341407 0.1081425 0.1166683 0.1302192 0.1419907 0.1173413 0.1460293 0.1392137 0.1149322 0.1168025 0.1418097 0.1321722 0.1331132 0.1394532 0.1289779 0.1326958 0.0293481 0.0000000 0.1441844 0.1224129 0.0987824 0.1221916 0.1293251 0.1243543 0.1330438 0.0992208 0.1164683 0.1366837 0.1346890 0.1435000 
Dasyuridae_Antechinus_stuartii               0.0829950 0.1220241 0.0945189 0.1272925 0.1309015 0.0265036 0.0941611 0.1055691 0.1245058 0.1404344 0.1080977 0.0077800 0.0348895 0.1022438 0.1096303 0.0073134 0.0206941 0.0546430 0.1396568 0.1212832 0.1130159 0.1400131 0.1441844 0.0000000 0.1211099 0.0981663 0.1131563 0.1207638 0.1009898 0.1099214 0.0955422 0.1008130 0.1447583 0.0208025 0.1411192 
Hypsiprymnodontidae_Hypsiprymnodon_moschatus 0.0633714 0.0959793 0.0570133 0.0395330 0.0416448 0.1108657 0.0643972 0.0781962 0.0385442 0.1116500 0.0798947 0.1169962 0.1090300 0.0715805 0.0833189 0.1144523 0.1050033 0.1168076 0.1182467 0.0388172 0.0882874 0.1152817 0.1224129 0.1211099 0.0000000 0.0800465 0.0833302 0.0388556 0.0797560 0.0954523 0.0670026 0.0717966 0.1157956 0.1048729 0.1142636 
Microbiotheriidae_Dromiciops_gliroides       0.0607424 0.0869591 0.0581803 0.0719651 0.0728512 0.0879950 0.0617892 0.0730637 0.0735709 0.1026068 0.0712534 0.0930207 0.0854804 0.0659751 0.0692895 0.0904632 0.0858854 0.0875428 0.0970827 0.0734051 0.0823219 0.0902406 0.0987824 0.0981663 0.0800465 0.0000000 0.0729308 0.0766846 0.0690918 0.0848657 0.0724572 0.0675267 0.1081559 0.0862873 0.1010771 
Pseudochiridae_Petauroides_volans            0.0580972 0.0961184 0.0614760 0.0813422 0.0825933 0.1075505 0.0615516 0.0694291 0.0796721 0.1099626 0.0726680 0.1104034 0.1028848 0.0636100 0.0675586 0.1075757 0.1029723 0.1252178 0.1131734 0.0785289 0.0417989 0.1141466 0.1221916 0.1131563 0.0833302 0.0729308 0.0000000 0.0747414 0.0344044 0.0672226 0.0652632 0.0667829 0.1143628 0.1049222 0.1096974 
Macropodidae_Wallabia_bicolor                0.0664971 0.0967087 0.0604504 0.0291446 0.0308413 0.1195327 0.0681297 0.0828151 0.0281633 0.1129108 0.0853344 0.1248643 0.1150520 0.0791462 0.0817575 0.1221371 0.1154609 0.1235629 0.1186125 0.0059767 0.0812682 0.1203566 0.1293251 0.1207638 0.0388556 0.0766846 0.0747414 0.0000000 0.0723733 0.0887733 0.0704261 0.0780177 0.1154776 0.1144835 0.1147906 
Pseudochiridae_Pseudocheirus_occidentalis    0.0495872 0.0923062 0.0514017 0.0742386 0.0760145 0.0976916 0.0516247 0.0632471 0.0729441 0.0994037 0.0660355 0.1001166 0.0922960 0.0575561 0.0652553 0.0986811 0.0936711 0.1180407 0.1026446 0.0740082 0.0147558 0.1135794 0.1243543 0.1009898 0.0797560 0.0690918 0.0344044 0.0723733 0.0000000 0.0612505 0.0567913 0.0601063 0.1058426 0.0957848 0.0999861 
Tarsipedidae_Tarsipes_rostratus              0.0625252 0.1025408 0.0682212 0.0881413 0.0913538 0.1084710 0.0632016 0.0768370 0.0906848 0.1150264 0.0810332 0.1133440 0.1077425 0.0713155 0.0781676 0.1120608 0.1020891 0.1350335 0.1194256 0.0899263 0.0661366 0.1237973 0.1330438 0.1099214 0.0954523 0.0848657 0.0672226 0.0887733 0.0612505 0.0000000 0.0650632 0.0722457 0.1219221 0.1056942 0.1146088 
Acrobatidae_Distoechurus_pennatus            0.0520674 0.0936665 0.0585428 0.0667451 0.0665283 0.0966681 0.0552928 0.0654284 0.0637852 0.0991664 0.0626528 0.0953321 0.0914863 0.0618537 0.0315287 0.0941165 0.0911935 0.0924513 0.1008359 0.0691817 0.0649490 0.0972091 0.0992208 0.0955422 0.0670026 0.0724572 0.0652632 0.0704261 0.0567913 0.0650632 0.0000000 0.0605347 0.1129257 0.0941212 0.0996881 
Phalangeridae_Phalanger_carmelitae           0.0448640 0.0840068 0.0507130 0.0749039 0.0749818 0.0890228 0.0125192 0.0091928 0.0737702 0.1049299 0.0120510 0.0958316 0.0892878 0.0017397 0.0692707 0.0938616 0.0840768 0.1119055 0.1101594 0.0753106 0.0650699 0.1094462 0.1164683 0.1008130 0.0717966 0.0675267 0.0667829 0.0780177 0.0601063 0.0722457 0.0605347 0.0000000 0.1038199 0.0847994 0.1041409 
Peramelidae_Peroryctes_raffrayana            0.1019898 0.1138412 0.0927521 0.1077393 0.1078477 0.1332371 0.1009492 0.1146482 0.1062081 0.0388067 0.1034310 0.1392766 0.1337068 0.1033024 0.1098016 0.1370953 0.1284271 0.1225476 0.0273902 0.1167588 0.1178735 0.1258911 0.1366837 0.1447583 0.1157956 0.1081559 0.1143628 0.1154776 0.1058426 0.1219221 0.1129257 0.1038199 0.0000000 0.1275634 0.0391399 
Dasyuridae_Dasyurus_geffroii                 0.0789532 0.1021466 0.0817057 0.1091907 0.1111484 0.0046108 0.0773310 0.0902135 0.1083936 0.1275520 0.0936320 0.0208273 0.0268328 0.0859432 0.1058463 0.0213432 0.0029836 0.0446802 0.1256827 0.1111400 0.1015366 0.1267556 0.1346890 0.0208025 0.1048729 0.0862873 0.1049222 0.1144835 0.0957848 0.1056942 0.0941212 0.0847994 0.1275634 0.0000000 0.1268935 
Peramelidae_Perameles_gunnii                 0.0987253 0.1099134 0.0897643 0.1069954 0.1116246 0.1367540 0.0954053 0.1097003 0.1094123 0.0022535 0.1133448 0.1387462 0.1339951 0.1021210 0.1106813 0.1360419 0.1262792 0.1366303 0.0239886 0.1168650 0.1099284 0.1391342 0.1435000 0.1411192 0.1142636 0.1010771 0.1096974 0.1147906 0.0999861 0.1146088 0.0996881 0.1041409 0.0391399 0.1268935 0.0000000 
