37
Burramyidae_Burramys_parvus                  0.0000000 0.1217909 0.0709939 0.0812996 0.0820429 0.1515605 0.0634787 0.0648756 0.0799582 0.1422490 0.0624989 0.1626918 0.1588610 0.0668382 0.0658973 0.1547072 0.1522484 0.1368535 0.1467650 0.0764504 0.0711047 0.1318667 0.1508386 0.0735600 0.0808049 0.0792291 0.0765917 0.0703210 0.1211406 0.0738563 0.0631528 0.1391146 0.1589425 0.1403245 0.1076438 0.1739966 0.1739966 
Notoryctidae_Notoryctes_typhlops             0.1217909 0.0000000 0.1179746 0.1271930 0.1285433 0.1626268 0.1233808 0.1232990 0.1261691 0.1525093 0.1196571 0.1709182 0.1742842 0.1243989 0.1201315 0.1749106 0.1656727 0.1616790 0.1540876 0.1260092 0.1364635 0.1574265 0.1630376 0.1209008 0.1048264 0.1459956 0.1257098 0.1329688 0.1566036 0.1294796 0.1217393 0.1399275 0.1762333 0.1514299 0.1301495 0.1422869 0.1422869 
Vombatidae_Lasiorhinus_latifrons             0.0709939 0.1179746 0.0000000 0.0879201 0.0882642 0.1417862 0.0716602 0.0744164 0.0867592 0.1263998 0.0741391 0.1516185 0.1443490 0.0777227 0.0754826 0.1477601 0.1451860 0.1345685 0.1288287 0.0799949 0.0808499 0.1387451 0.1439322 0.0858587 0.0717072 0.0876304 0.0802331 0.0764074 0.1193827 0.0825196 0.0751862 0.1296773 0.1497840 0.1271690 0.1020654 0.1342623 0.1342623 
Potoroidae_Bettongia_penicillata             0.0812996 0.1271930 0.0879201 0.0000000 0.0034389 0.1712514 0.0864127 0.0851630 0.0123121 0.1465092 0.0802731 0.1727440 0.1687285 0.0867242 0.0756962 0.1699636 0.1741167 0.1669546 0.1464242 0.0255547 0.0901376 0.1392588 0.1613403 0.0441491 0.0863185 0.0961638 0.0229643 0.0843086 0.1243381 0.0847505 0.0827968 0.1458569 0.1829521 0.1471392 0.1173952 0.1603588 0.1603588 
Potoroidae_Bettongia_lesueur                 0.0820429 0.1285433 0.0882642 0.0034389 0.0000000 0.1699041 0.0853604 0.0854593 0.0127606 0.1487160 0.0805745 0.1734995 0.1711500 0.0861162 0.0763991 0.1707159 0.1725057 0.1682887 0.1478649 0.0258658 0.0909809 0.1371447 0.1626181 0.0447926 0.0856974 0.0969995 0.0238029 0.0842090 0.1264526 0.0864491 0.0822058 0.1480006 0.1818715 0.1485719 0.1193126 0.1652133 0.1652133 
Dasyuridae_Dasyurus_maculatus                0.1515605 0.1626268 0.1417862 0.1712514 0.1699041 0.0000000 0.1509232 0.1527284 0.1679316 0.1847197 0.1504201 0.0211832 0.0318020 0.1555553 0.1514179 0.0226757 0.0044772 0.0259629 0.1823506 0.1646799 0.1676133 0.1767793 0.0178296 0.1550937 0.1264170 0.1795666 0.1637371 0.1653064 0.2156714 0.1639514 0.1476710 0.1711089 0.0051430 0.1849704 0.1389158 0.1281076 0.1281076 
Phalangeridae_Trichosurus_vulpecula          0.0634787 0.1233808 0.0716602 0.0864127 0.0853604 0.1509232 0.0000000 0.0251839 0.0807998 0.1414215 0.0245847 0.1602104 0.1583045 0.0257783 0.0687977 0.1538679 0.1488535 0.1468235 0.1458478 0.0806536 0.0704862 0.1528396 0.1511073 0.0767410 0.0737844 0.0755733 0.0815874 0.0645319 0.1053765 0.0738838 0.0222813 0.1390086 0.1535897 0.1445042 0.1195005 0.1603310 0.1603310 
Phalangeridae_Spilocuscus_maculatus          0.0648756 0.1232990 0.0744164 0.0851630 0.0854593 0.1527284 0.0251839 0.0000000 0.0815439 0.1450625 0.0137758 0.1615575 0.1628760 0.0133018 0.0735242 0.1563327 0.1492933 0.1507675 0.1466382 0.0825257 0.0723669 0.1543510 0.1515023 0.0788208 0.0811116 0.0792608 0.0825538 0.0687511 0.1071783 0.0725965 0.0109616 0.1428505 0.1577582 0.1458063 0.1233336 0.1731966 0.1731966 
Potoroidae_Aepyprymnus_rufescens             0.0799582 0.1261691 0.0867592 0.0123121 0.0127606 0.1679316 0.0807998 0.0815439 0.0000000 0.1494324 0.0760480 0.1721105 0.1669605 0.0821648 0.0743737 0.1680171 0.1692716 0.1601300 0.1480068 0.0253872 0.0865743 0.1393670 0.1581673 0.0414578 0.0876062 0.0886007 0.0241665 0.0808718 0.1258656 0.0825416 0.0789871 0.1467896 0.1762632 0.1495381 0.1156313 0.1667359 0.1667359 
Peramelidae_Perameles_nasuta                 0.1422490 0.1525093 0.1263998 0.1465092 0.1487160 0.1847197 0.1414215 0.1450625 0.1494324 0.0000000 0.1420720 0.1987918 0.1874431 0.1472673 0.1431584 0.1982837 0.1961620 0.1871115 0.0170364 0.1474514 0.1499168 0.1702664 0.1911066 0.1433073 0.1138508 0.1589345 0.1435029 0.1438071 0.1852148 0.1474724 0.1430890 0.0138471 0.1960411 0.0018969 0.1284678 0.1345462 0.1345462 
Phalangeridae_Strigocuscus_pelengensis       0.0624989 0.1196571 0.0741391 0.0802731 0.0805745 0.1504201 0.0245847 0.0137758 0.0760480 0.1420720 0.0000000 0.1576669 0.1607012 0.0116379 0.0669016 0.1534456 0.1549789 0.1514292 0.1451039 0.0764406 0.0702328 0.1555788 0.1545948 0.0742545 0.0749099 0.0763615 0.0761777 0.0679091 0.1023729 0.0703138 0.0101409 0.1403594 0.1563885 0.1440525 0.1192878 0.1439105 0.1439105 
Dasyuridae_Phascogale_tapoatafa              0.1626918 0.1709182 0.1516185 0.1727440 0.1734995 0.0211832 0.1602104 0.1615575 0.1721105 0.1987918 0.1576669 0.0000000 0.0347226 0.1644338 0.1628195 0.0045896 0.0216994 0.0307735 0.1982773 0.1701210 0.1711642 0.1917049 0.0092870 0.1631442 0.1381934 0.1885496 0.1699086 0.1703585 0.2186817 0.1702278 0.1587341 0.1838277 0.0244751 0.1969282 0.1541273 0.1203110 0.1203110 
Dasyuridae_Sminthopsis_macroura              0.1588610 0.1742842 0.1443490 0.1687285 0.1711500 0.0318020 0.1583045 0.1628760 0.1669605 0.1874431 0.1607012 0.0347226 0.0000000 0.1631558 0.1567297 0.0336664 0.0274889 0.0180414 0.1881863 0.1656423 0.1682924 0.1858925 0.0270335 0.1599408 0.1348793 0.1801450 0.1662122 0.1646293 0.2128252 0.1603259 0.1589329 0.1775498 0.0367837 0.1863010 0.1463547 0.1127948 0.1127948 
Phalangeridae_Phalanger_orientalis           0.0668382 0.1243989 0.0777227 0.0867242 0.0861162 0.1555553 0.0257783 0.0133018 0.0821648 0.1472673 0.0116379 0.1644338 0.1631558 0.0000000 0.0733351 0.1589687 0.1556822 0.1530502 0.1491165 0.0821517 0.0710915 0.1570728 0.1545324 0.0761641 0.0775018 0.0772630 0.0831436 0.0687892 0.1108551 0.0751203 0.0048087 0.1439803 0.1607564 0.1493599 0.1248084 0.1634113 0.1634113 
Acrobatidae_Acrobates_pygmaeus               0.0658973 0.1201315 0.0754826 0.0756962 0.0763991 0.1514179 0.0687977 0.0735242 0.0743737 0.1431584 0.0669016 0.1628195 0.1567297 0.0733351 0.0000000 0.1584363 0.1585419 0.1535047 0.1401496 0.0757743 0.0610974 0.1337680 0.1573164 0.0715038 0.0755762 0.0676366 0.0741817 0.0554339 0.0985470 0.0388109 0.0692619 0.1364287 0.1600882 0.1417140 0.1047517 0.1185292 0.1185292 
Dasyuridae_Phascogale_calura                 0.1547072 0.1749106 0.1477601 0.1699636 0.1707159 0.0226757 0.1538679 0.1563327 0.1680171 0.1982837 0.1534456 0.0045896 0.0336664 0.1589687 0.1584363 0.0000000 0.0224341 0.0312311 0.1991699 0.1658285 0.1649519 0.1924685 0.0099104 0.1608351 0.1392003 0.1827307 0.1662766 0.1648451 0.2139453 0.1653326 0.1533288 0.1866932 0.0247265 0.1971620 0.1526032 0.1243882 0.1243882 
Dasyuridae_Sarcophilus_harrisii              0.1522484 0.1656727 0.1451860 0.1741167 0.1725057 0.0044772 0.1488535 0.1492933 0.1692716 0.1961620 0.1549789 0.0216994 0.0274889 0.1556822 0.1585419 0.0224341 0.0000000 0.0244315 0.1953018 0.1679689 0.1703890 0.1847379 0.0187071 0.1595595 0.1319821 0.1864004 0.1673725 0.1690411 0.2243024 0.1678598 0.1481911 0.1805989 0.0066363 0.1946274 0.1374641 9.0000000 9.0000000 
Dasyuridae_Planigale_tenuirostris            0.1368535 0.1616790 0.1345685 0.1669546 0.1682887 0.0259629 0.1468235 0.1507675 0.1601300 0.1871115 0.1514292 0.0307735 0.0180414 0.1530502 0.1535047 0.0312311 0.0244315 0.0000000 0.1913812 0.1566035 0.1585771 0.1823808 0.0262452 0.1547527 0.1316364 0.1730435 0.1598601 0.1540566 0.2059636 0.1570143 0.1487557 0.1744458 0.0294609 0.1875831 0.1287517 9.0000000 9.0000000 
Peramelidae_Echymipera_kalubu                0.1467650 0.1540876 0.1288287 0.1464242 0.1478649 0.1823506 0.1458478 0.1466382 0.1480068 0.0170364 0.1451039 0.1982773 0.1881863 0.1491165 0.1401496 0.1991699 0.1953018 0.1913812 0.0000000 0.1457515 0.1524858 0.1795809 0.1903801 0.1421038 0.1141393 0.1607653 0.1413134 0.1454763 0.1849718 0.1484182 0.1441683 0.0121367 0.1938153 0.0167365 0.1366872 0.1220612 0.1220612 
Macropodidae_Dorcopsulus_vanheurni           0.0764504 0.1260092 0.0799949 0.0255547 0.0258658 0.1646799 0.0806536 0.0825257 0.0253872 0.1474514 0.0764406 0.1701210 0.1656423 0.0821517 0.0757743 0.1658285 0.1679689 0.1566035 0.1457515 0.0000000 0.0836511 0.1426454 0.1568141 0.0454220 0.0817568 0.0892365 0.0092342 0.0780276 0.1266016 0.0843174 0.0788219 0.1407866 0.1771957 0.1477912 0.1154575 0.1545247 0.1545247 
Pseudochiridae_Pseudochirulus_forbesi        0.0711047 0.1364635 0.0808499 0.0901376 0.0909809 0.1676133 0.0704862 0.0723669 0.0865743 0.1499168 0.0702328 0.1711642 0.1682924 0.0710915 0.0610974 0.1649519 0.1703890 0.1585771 0.1524858 0.0836511 0.0000000 0.1525779 0.1661554 0.0832908 0.0806442 0.0427345 0.0822832 0.0163284 0.0965438 0.0645814 0.0684971 0.1482148 0.1748914 0.1502601 0.1168491 0.1413414 0.1413414 
Marmosidae_Monodelphis_domestica             0.1318667 0.1574265 0.1387451 0.1392588 0.1371447 0.1767793 0.1528396 0.1543510 0.1393670 0.1702664 0.1555788 0.1917049 0.1858925 0.1570728 0.1337680 0.1924685 0.1847379 0.1823808 0.1795809 0.1426454 0.1525779 0.0000000 0.1886664 0.1503418 0.1150236 0.1723654 0.1440150 0.1463382 0.2491067 0.1489766 0.1513156 0.1711654 0.1844468 0.1770762 0.0268047 9.0000000 9.0000000 
Dasyuridae_Antechinus_stuartii               0.1508386 0.1630376 0.1439322 0.1613403 0.1626181 0.0178296 0.1511073 0.1515023 0.1581673 0.1911066 0.1545948 0.0092870 0.0270335 0.1545324 0.1573164 0.0099104 0.0187071 0.0262452 0.1903801 0.1568141 0.1661554 0.1886664 0.0000000 0.1526662 0.1282037 0.1845274 0.1581307 0.1652083 0.2106691 0.1647642 0.1498190 0.1753759 0.0213821 0.1903507 0.1474685 9.0000000 9.0000000 
Hypsiprymnodontidae_Hypsiprymnodon_moschatus 0.0735600 0.1209008 0.0858587 0.0441491 0.0447926 0.1550937 0.0767410 0.0788208 0.0414578 0.1433073 0.0742545 0.1631442 0.1599408 0.0761641 0.0715038 0.1608351 0.1595595 0.1547527 0.1421038 0.0454220 0.0832908 0.1503418 0.1526662 0.0000000 0.0818567 0.0868786 0.0451986 0.0786017 0.1236896 0.0785926 0.0751889 0.1366483 0.1652947 0.1412658 0.1135790 0.1526793 0.1526793 
Microbiotheriidae_Dromiciops_gliroides       0.0808049 0.1048264 0.0717072 0.0863185 0.0856974 0.1264170 0.0737844 0.0811116 0.0876062 0.1138508 0.0749099 0.1381934 0.1348793 0.0775018 0.0755762 0.1392003 0.1319821 0.1316364 0.1141393 0.0817568 0.0806442 0.1150236 0.1282037 0.0818567 0.0000000 0.0917125 0.0808905 0.0784439 0.1261060 0.0816996 0.0757100 0.1120956 0.1382939 0.1146139 0.0830093 0.0990352 0.0990352 
Pseudochiridae_Petauroides_volans            0.0792291 0.1459956 0.0876304 0.0961638 0.0969995 0.1795666 0.0755733 0.0792608 0.0886007 0.1589345 0.0763615 0.1885496 0.1801450 0.0772630 0.0676366 0.1827307 0.1864004 0.1730435 0.1607653 0.0892365 0.0427345 0.1723654 0.1845274 0.0868786 0.0917125 0.0000000 0.0887196 0.0411153 0.0924887 0.0721647 0.0759021 0.1591686 0.1869968 0.1607333 0.1296372 0.1194323 0.1194323 
Macropodidae_Wallabia_bicolor                0.0765917 0.1257098 0.0802331 0.0229643 0.0238029 0.1637371 0.0815874 0.0825538 0.0241665 0.1435029 0.0761777 0.1699086 0.1662122 0.0831436 0.0741817 0.1662766 0.1673725 0.1598601 0.1413134 0.0092342 0.0822832 0.1440150 0.1581307 0.0451986 0.0808905 0.0887196 0.0000000 0.0761950 0.1289413 0.0845954 0.0792757 0.1410453 0.1753519 0.1439471 0.1194726 0.1559230 0.1559230 
Pseudochiridae_Pseudocheirus_occidentalis    0.0703210 0.1329688 0.0764074 0.0843086 0.0842090 0.1653064 0.0645319 0.0687511 0.0808718 0.1438071 0.0679091 0.1703585 0.1646293 0.0687892 0.0554339 0.1648451 0.1690411 0.1540566 0.1454763 0.0780276 0.0163284 0.1463382 0.1652083 0.0786017 0.0784439 0.0411153 0.0761950 0.0000000 0.0893692 0.0607192 0.0662257 0.1418361 0.1711539 0.1449318 0.1111481 0.1394500 0.1394500 
Tarsipedidae_Tarsipes_rostratus              0.1211406 0.1566036 0.1193827 0.1243381 0.1264526 0.2156714 0.1053765 0.1071783 0.1258656 0.1852148 0.1023729 0.2186817 0.2128252 0.1108551 0.0985470 0.2139453 0.2243024 0.2059636 0.1849718 0.1266016 0.0965438 0.2491067 0.2106691 0.1236896 0.1261060 0.0924887 0.1289413 0.0893692 0.0000000 0.1031313 0.1077512 0.1739879 0.2225046 0.1836689 0.1446901 0.1863569 0.1863569 
Acrobatidae_Distoechurus_pennatus            0.0738563 0.1294796 0.0825196 0.0847505 0.0864491 0.1639514 0.0738838 0.0725965 0.0825416 0.1474724 0.0703138 0.1702278 0.1603259 0.0751203 0.0388109 0.1653326 0.1678598 0.1570143 0.1484182 0.0843174 0.0645814 0.1489766 0.1647642 0.0785926 0.0816996 0.0721647 0.0845954 0.0607192 0.1031313 0.0000000 0.0720716 0.1412659 0.1729070 0.1471294 0.1163737 0.1399837 0.1399837 
Phalangeridae_Phalanger_carmelitae           0.0631528 0.1217393 0.0751862 0.0827968 0.0822058 0.1476710 0.0222813 0.0109616 0.0789871 0.1430890 0.0101409 0.1587341 0.1589329 0.0048087 0.0692619 0.1533288 0.1481911 0.1487557 0.1441683 0.0788219 0.0684971 0.1513156 0.1498190 0.0751889 0.0757100 0.0759021 0.0792757 0.0662257 0.1077512 0.0720716 0.0000000 0.1381650 0.1529664 0.1444709 0.1209630 0.1635812 0.1635812 
Peramelidae_Peroryctes_raffrayana            0.1391146 0.1399275 0.1296773 0.1458569 0.1480006 0.1711089 0.1390086 0.1428505 0.1467896 0.0138471 0.1403594 0.1838277 0.1775498 0.1439803 0.1364287 0.1866932 0.1805989 0.1744458 0.0121367 0.1407866 0.1482148 0.1711654 0.1753759 0.1366483 0.1120956 0.1591686 0.1410453 0.1418361 0.1739879 0.1412659 0.1381650 0.0000000 0.1844551 0.0144706 0.1328167 0.1283067 0.1283067 
Dasyuridae_Dasyurus_geffroii                 0.1589425 0.1762333 0.1497840 0.1829521 0.1818715 0.0051430 0.1535897 0.1577582 0.1762632 0.1960411 0.1563885 0.0244751 0.0367837 0.1607564 0.1600882 0.0247265 0.0066363 0.0294609 0.1938153 0.1771957 0.1748914 0.1844468 0.0213821 0.1652947 0.1382939 0.1869968 0.1753519 0.1711539 0.2225046 0.1729070 0.1529664 0.1844551 0.0000000 0.1950405 0.1526627 0.1246974 0.1246974 
Peramelidae_Perameles_gunnii                 0.1403245 0.1514299 0.1271690 0.1471392 0.1485719 0.1849704 0.1445042 0.1458063 0.1495381 0.0018969 0.1440525 0.1969282 0.1863010 0.1493599 0.1417140 0.1971620 0.1946274 0.1875831 0.0167365 0.1477912 0.1502601 0.1770762 0.1903507 0.1412658 0.1146139 0.1607333 0.1439471 0.1449318 0.1836689 0.1471294 0.1444709 0.0144706 0.1950405 0.0000000 0.1343609 0.1302963 0.1302963 
Didelphidae_Didelphis_virginiana             0.1076438 0.1301495 0.1020654 0.1173952 0.1193126 0.1389158 0.1195005 0.1233336 0.1156313 0.1284678 0.1192878 0.1541273 0.1463547 0.1248084 0.1047517 0.1526032 0.1374641 0.1287517 0.1366872 0.1154575 0.1168491 0.0268047 0.1474685 0.1135790 0.0830093 0.1296372 0.1194726 0.1111481 0.1446901 0.1163737 0.1209630 0.1328167 0.1526627 0.1343609 0.0000000 0.1334120 0.1334120 
Myrmecobiidae_Myrmecobius_fasciatus1         0.1739966 0.1422869 0.1342623 0.1603588 0.1652133 0.1281076 0.1603310 0.1731966 0.1667359 0.1345462 0.1439105 0.1203110 0.1127948 0.1634113 0.1185292 0.1243882 9.0000000 9.0000000 0.1220612 0.1545247 0.1413414 9.0000000 9.0000000 0.1526793 0.0990352 0.1194323 0.1559230 0.1394500 0.1863569 0.1399837 0.1635812 0.1283067 0.1246974 0.1302963 0.1334120 0.0000000 0.0000010 
Myrmecobiidae_Myrmecobius_fasciatus2         0.1739966 0.1422869 0.1342623 0.1603588 0.1652133 0.1281076 0.1603310 0.1731966 0.1667359 0.1345462 0.1439105 0.1203110 0.1127948 0.1634113 0.1185292 0.1243882 9.0000000 9.0000000 0.1220612 0.1545247 0.1413414 9.0000000 9.0000000 0.1526793 0.0990352 0.1194323 0.1559230 0.1394500 0.1863569 0.1399837 0.1635812 0.1283067 0.1246974 0.1302963 0.1334120 0.0000010 0.0000000 
