35
Burramyidae_Burramys_parvus                  0.0000000 0.0270287 0.0229139 0.0503703 0.0473228 0.0355322 0.0262006 0.0260761 0.0418027 0.0479394 0.0241280 0.0368443 0.0400855 0.0292305 0.0246259 0.0366496 0.0344544 0.0337275 0.0402074 0.0405733 0.0223746 0.0753102 0.0441904 0.0373407 0.0398387 0.0293105 0.0308931 0.0434176 0.0173180 0.0384625 0.0247935 0.0279187 0.0451058 0.0355120 0.0481226 
Notoryctidae_Notoryctes_typhlops             0.0270287 0.0000000 0.0252522 0.0481724 0.0450030 0.0321059 0.0289550 0.0293934 0.0436338 0.0526042 0.0280769 0.0333061 0.0349794 0.0313574 0.0287243 0.0330007 0.0321225 0.0342892 0.0423663 0.0423669 0.0346822 0.0687345 0.0400916 0.0332179 0.0412686 0.0295731 0.0324922 0.0440141 0.0315504 0.0415984 0.0283374 0.0291363 0.0493541 0.0315291 0.0521850 
Vombatidae_Lasiorhinus_latifrons             0.0229139 0.0252522 0.0000000 0.0441039 0.0409126 0.0337225 0.0259794 0.0257799 0.0436793 0.0539358 0.0242345 0.0342170 0.0366763 0.0281163 0.0301969 0.0339718 0.0329403 0.0335965 0.0453101 0.0437944 0.0239050 0.0746414 0.0430708 0.0349209 0.0394989 0.0274546 0.0369057 0.0455926 0.0197852 0.0403988 0.0203392 0.0339770 0.0543107 0.0331459 0.0540283 
Potoroidae_Bettongia_penicillata             0.0503703 0.0481724 0.0441039 0.0000000 0.0044963 0.0543729 0.0454608 0.0470769 0.0102681 0.0578321 0.0447168 0.0574000 0.0555382 0.0484335 0.0463716 0.0565011 0.0534632 0.0577354 0.0522441 0.0269932 0.0439795 0.0694356 0.0662564 0.0571182 0.0323643 0.0544488 0.0442534 0.0280547 0.0419110 0.0508420 0.0472900 0.0479513 0.0541932 0.0557131 0.0581034 
Potoroidae_Bettongia_lesueur                 0.0473228 0.0450030 0.0409126 0.0044963 0.0000000 0.0496857 0.0425149 0.0435728 0.0074775 0.0541572 0.0412344 0.0532090 0.0511098 0.0455452 0.0431132 0.0523781 0.0488108 0.0531367 0.0485673 0.0253754 0.0400368 0.0640475 0.0609147 0.0529653 0.0304381 0.0500539 0.0402492 0.0256770 0.0389096 0.0486603 0.0443350 0.0443435 0.0513768 0.0509551 0.0543711 
Dasyuridae_Dasyurus_maculatus                0.0355322 0.0321059 0.0337225 0.0543729 0.0496857 0.0000000 0.0384882 0.0393180 0.0527522 0.0658097 0.0373371 0.0103929 0.0178202 0.0430125 0.0434062 0.0101150 0.0026669 0.0126551 0.0561310 0.0529574 0.0362633 0.0843550 0.0538129 0.0095827 0.0516356 0.0364282 0.0493854 0.0551389 0.0337880 0.0499223 0.0336755 0.0457384 0.0679869 0.0037249 0.0656569 
Phalangeridae_Trichosurus_vulpecula          0.0262006 0.0289550 0.0259794 0.0454608 0.0425149 0.0384882 0.0000000 0.0133584 0.0426074 0.0600473 0.0135302 0.0364371 0.0401733 0.0122651 0.0332362 0.0369099 0.0371567 0.0362692 0.0522466 0.0400268 0.0282185 0.0816451 0.0477880 0.0371768 0.0380076 0.0332233 0.0416673 0.0410907 0.0249548 0.0412035 0.0232958 0.0176244 0.0657861 0.0382068 0.0601543 
Phalangeridae_Spilocuscus_maculatus          0.0260761 0.0293934 0.0257799 0.0470769 0.0435728 0.0393180 0.0133584 0.0000000 0.0410250 0.0603671 0.0037650 0.0378052 0.0418356 0.0105909 0.0325419 0.0379641 0.0390160 0.0370127 0.0545886 0.0387784 0.0277244 0.0799435 0.0501187 0.0387002 0.0386592 0.0323311 0.0399879 0.0405693 0.0246900 0.0444253 0.0247600 0.0156840 0.0649485 0.0392838 0.0605537 
Potoroidae_Aepyprymnus_rufescens             0.0418027 0.0436338 0.0436793 0.0102681 0.0074775 0.0527522 0.0426074 0.0410250 0.0000000 0.0653101 0.0398595 0.0553691 0.0553280 0.0466313 0.0442671 0.0551896 0.0518776 0.0547141 0.0605909 0.0237567 0.0415684 0.0723595 0.0661996 0.0550609 0.0284745 0.0471681 0.0430080 0.0247907 0.0409204 0.0559904 0.0385445 0.0448695 0.0613453 0.0540588 0.0654732 
Peramelidae_Perameles_nasuta                 0.0479394 0.0526042 0.0539358 0.0578321 0.0541572 0.0658097 0.0600473 0.0603671 0.0653101 0.0000000 0.0593169 0.0695340 0.0733579 0.0614106 0.0659766 0.0680293 0.0654238 0.0664979 0.0168165 0.0671404 0.0563943 0.0802540 0.0690899 0.0702192 0.0686257 0.0441389 0.0649977 0.0661789 0.0561864 0.0643241 0.0523145 0.0654249 0.0277521 0.0652658 0.0006125 
Phalangeridae_Strigocuscus_pelengensis       0.0241280 0.0280769 0.0242345 0.0447168 0.0412344 0.0373371 0.0135302 0.0037650 0.0398595 0.0593169 0.0000000 0.0363026 0.0392964 0.0119194 0.0303524 0.0362836 0.0362666 0.0360315 0.0523293 0.0378409 0.0255420 0.0771496 0.0488641 0.0365444 0.0365412 0.0319772 0.0403211 0.0392455 0.0234225 0.0424829 0.0222354 0.0170323 0.0639257 0.0367697 0.0594263 
Dasyuridae_Phascogale_tapoatafa              0.0368443 0.0333061 0.0342170 0.0574000 0.0532090 0.0103929 0.0364371 0.0378052 0.0553691 0.0695340 0.0363026 0.0000000 0.0180853 0.0415320 0.0439423 0.0008361 0.0083837 0.0130289 0.0579746 0.0566169 0.0347833 0.0849186 0.0547069 0.0047196 0.0550154 0.0377381 0.0491971 0.0578616 0.0317806 0.0508002 0.0352704 0.0445882 0.0685920 0.0088790 0.0691635 
Dasyuridae_Sminthopsis_macroura              0.0400855 0.0349794 0.0366763 0.0555382 0.0511098 0.0178202 0.0401733 0.0418356 0.0553280 0.0733579 0.0392964 0.0180853 0.0000000 0.0442200 0.0478760 0.0173639 0.0162062 0.0146518 0.0594123 0.0543304 0.0385784 0.0862612 0.0567150 0.0185231 0.0530620 0.0401146 0.0490665 0.0568163 0.0368729 0.0529611 0.0397949 0.0484995 0.0738705 0.0179143 0.0735549 
Phalangeridae_Phalanger_orientalis           0.0292305 0.0313574 0.0281163 0.0484335 0.0455452 0.0430125 0.0122651 0.0105909 0.0466313 0.0614106 0.0119194 0.0415320 0.0442200 0.0000000 0.0350650 0.0416409 0.0416209 0.0400922 0.0551762 0.0428672 0.0297670 0.0828080 0.0523751 0.0423413 0.0416261 0.0351603 0.0419390 0.0432052 0.0270945 0.0459982 0.0282244 0.0086379 0.0681728 0.0427482 0.0616516 
Acrobatidae_Acrobates_pygmaeus               0.0246259 0.0287243 0.0301969 0.0463716 0.0431132 0.0434062 0.0332362 0.0325419 0.0442671 0.0659766 0.0303524 0.0439423 0.0478760 0.0350650 0.0000000 0.0440494 0.0428728 0.0401872 0.0565084 0.0499839 0.0280642 0.0799127 0.0521491 0.0431720 0.0488236 0.0299095 0.0317810 0.0510206 0.0267096 0.0470031 0.0158345 0.0292610 0.0599829 0.0431590 0.0648971 
Dasyuridae_Phascogale_calura                 0.0366496 0.0330007 0.0339718 0.0565011 0.0523781 0.0101150 0.0369099 0.0379641 0.0551896 0.0680293 0.0362836 0.0008361 0.0173639 0.0416409 0.0440494 0.0000000 0.0081612 0.0129027 0.0567714 0.0562579 0.0354155 0.0847569 0.0541572 0.0046047 0.0538187 0.0367028 0.0500489 0.0575660 0.0320149 0.0504846 0.0353173 0.0449364 0.0681106 0.0088588 0.0675428 
Dasyuridae_Sarcophilus_harrisii              0.0344544 0.0321225 0.0329403 0.0534632 0.0488108 0.0026669 0.0371567 0.0390160 0.0518776 0.0654238 0.0362666 0.0083837 0.0162062 0.0416209 0.0428728 0.0081612 0.0000000 0.0121698 0.0545586 0.0526669 0.0354228 0.0824932 0.0517255 0.0076127 0.0510056 0.0361381 0.0491229 0.0542277 0.0328917 0.0487604 0.0336828 0.0449144 0.0666592 0.0026798 0.0652723 
Dasyuridae_Planigale_tenuirostris            0.0337275 0.0342892 0.0335965 0.0577354 0.0531367 0.0126551 0.0362692 0.0370127 0.0547141 0.0664979 0.0360315 0.0130289 0.0146518 0.0400922 0.0401872 0.0129027 0.0121698 0.0000000 0.0564585 0.0536657 0.0363354 0.0847698 0.0517259 0.0136451 0.0518530 0.0387169 0.0480604 0.0551644 0.0322470 0.0487314 0.0337141 0.0439870 0.0684124 0.0134443 0.0663739 
Peramelidae_Echymipera_kalubu                0.0402074 0.0423663 0.0453101 0.0522441 0.0485673 0.0561310 0.0522466 0.0545886 0.0605909 0.0168165 0.0523293 0.0579746 0.0594123 0.0551762 0.0565084 0.0567714 0.0545586 0.0564585 0.0000000 0.0645006 0.0456597 0.0765642 0.0582946 0.0589398 0.0638152 0.0357298 0.0580919 0.0655045 0.0457684 0.0605047 0.0453936 0.0595038 0.0199740 0.0548657 0.0160409 
Macropodidae_Dorcopsulus_vanheurni           0.0405733 0.0423669 0.0437944 0.0269932 0.0253754 0.0529574 0.0400268 0.0387784 0.0237567 0.0671404 0.0378409 0.0566169 0.0543304 0.0428672 0.0499839 0.0562579 0.0526669 0.0536657 0.0645006 0.0000000 0.0405883 0.0761295 0.0673370 0.0567828 0.0305080 0.0469809 0.0474264 0.0060854 0.0401155 0.0547629 0.0404501 0.0494183 0.0694173 0.0542621 0.0669816 
Pseudochiridae_Pseudochirulus_forbesi        0.0223746 0.0346822 0.0239050 0.0439795 0.0400368 0.0362633 0.0282185 0.0277244 0.0415684 0.0563943 0.0255420 0.0347833 0.0385784 0.0297670 0.0280642 0.0354155 0.0354228 0.0363354 0.0456597 0.0405883 0.0000000 0.0743511 0.0429068 0.0365241 0.0375835 0.0301836 0.0300956 0.0423620 0.0091328 0.0371915 0.0219467 0.0354716 0.0584763 0.0351143 0.0558844 
Didelphidae_Didelphis_virginiana             0.0753102 0.0687345 0.0746414 0.0694356 0.0640475 0.0843550 0.0816451 0.0799435 0.0723595 0.0802540 0.0771496 0.0849186 0.0862612 0.0828080 0.0799127 0.0847569 0.0824932 0.0847698 0.0765642 0.0761295 0.0743511 0.0000000 0.0547161 0.0869527 0.0848054 0.0700956 0.0818778 0.0781862 0.0762389 0.0867282 0.0746997 0.0767539 0.0829740 0.0820574 0.0798808 
Marmosidae_Monodelphis_domestica             0.0441904 0.0400916 0.0430708 0.0662564 0.0609147 0.0538129 0.0477880 0.0501187 0.0661996 0.0690899 0.0488641 0.0547069 0.0567150 0.0523751 0.0521491 0.0541572 0.0517255 0.0517259 0.0582946 0.0673370 0.0429068 0.0547161 0.0000000 0.0546294 0.0647622 0.0406232 0.0605012 0.0690749 0.0404627 0.0627902 0.0437558 0.0552549 0.0709761 0.0524060 0.0688237 
Dasyuridae_Antechinus_stuartii               0.0373407 0.0332179 0.0349209 0.0571182 0.0529653 0.0095827 0.0371768 0.0387002 0.0550609 0.0702192 0.0365444 0.0047196 0.0185231 0.0423413 0.0431720 0.0046047 0.0076127 0.0136451 0.0589398 0.0567828 0.0365241 0.0869527 0.0546294 0.0000000 0.0538269 0.0368516 0.0515070 0.0582508 0.0337581 0.0502965 0.0358750 0.0456454 0.0710422 0.0087531 0.0697583 
Hypsiprymnodontidae_Hypsiprymnodon_moschatus 0.0398387 0.0412686 0.0394989 0.0323643 0.0304381 0.0516356 0.0380076 0.0386592 0.0284745 0.0686257 0.0365412 0.0550154 0.0530620 0.0416261 0.0488236 0.0538187 0.0510056 0.0518530 0.0638152 0.0305080 0.0375835 0.0848054 0.0647622 0.0538269 0.0000000 0.0452325 0.0468247 0.0319687 0.0361194 0.0545393 0.0360142 0.0489203 0.0704688 0.0536126 0.0698280 
Microbiotheriidae_Dromiciops_gliroides       0.0293105 0.0295731 0.0274546 0.0544488 0.0500539 0.0364282 0.0332233 0.0323311 0.0471681 0.0441389 0.0319772 0.0377381 0.0401146 0.0351603 0.0299095 0.0367028 0.0361381 0.0387169 0.0357298 0.0469809 0.0301836 0.0700956 0.0406232 0.0368516 0.0452325 0.0000000 0.0374124 0.0488367 0.0266887 0.0453711 0.0332704 0.0331680 0.0413043 0.0372207 0.0443750 
Pseudochiridae_Petauroides_volans            0.0308931 0.0324922 0.0369057 0.0442534 0.0402492 0.0493854 0.0416673 0.0399879 0.0430080 0.0649977 0.0403211 0.0491971 0.0490665 0.0419390 0.0317810 0.0500489 0.0491229 0.0480604 0.0580919 0.0474264 0.0300956 0.0818778 0.0605012 0.0515070 0.0468247 0.0374124 0.0000000 0.0478786 0.0271667 0.0439801 0.0277422 0.0350894 0.0541306 0.0497828 0.0642641 
Macropodidae_Wallabia_bicolor                0.0434176 0.0440141 0.0455926 0.0280547 0.0256770 0.0551389 0.0410907 0.0405693 0.0247907 0.0661789 0.0392455 0.0578616 0.0568163 0.0432052 0.0510206 0.0575660 0.0542277 0.0551644 0.0655045 0.0060854 0.0423620 0.0781862 0.0690749 0.0582508 0.0319687 0.0488367 0.0478786 0.0000000 0.0416090 0.0556568 0.0427241 0.0497371 0.0707829 0.0552830 0.0660615 
Pseudochiridae_Pseudocheirus_occidentalis    0.0173180 0.0315504 0.0197852 0.0419110 0.0389096 0.0337880 0.0249548 0.0246900 0.0409204 0.0561864 0.0234225 0.0317806 0.0368729 0.0270945 0.0267096 0.0320149 0.0328917 0.0322470 0.0457684 0.0401155 0.0091328 0.0762389 0.0404627 0.0337581 0.0361194 0.0266887 0.0271667 0.0416090 0.0000000 0.0352760 0.0179128 0.0338027 0.0589577 0.0325441 0.0553890 
Tarsipedidae_Tarsipes_rostratus              0.0384625 0.0415984 0.0403988 0.0508420 0.0486603 0.0499223 0.0412035 0.0444253 0.0559904 0.0643241 0.0424829 0.0508002 0.0529611 0.0459982 0.0470031 0.0504846 0.0487604 0.0487314 0.0605047 0.0547629 0.0371915 0.0867282 0.0627902 0.0502965 0.0545393 0.0453711 0.0439801 0.0556568 0.0352760 0.0000000 0.0376405 0.0511959 0.0705316 0.0488226 0.0643296 
Acrobatidae_Distoechurus_pennatus            0.0247935 0.0283374 0.0203392 0.0472900 0.0443350 0.0336755 0.0232958 0.0247600 0.0385445 0.0523145 0.0222354 0.0352704 0.0397949 0.0282244 0.0158345 0.0353173 0.0336828 0.0337141 0.0453936 0.0404501 0.0219467 0.0746997 0.0437558 0.0358750 0.0360142 0.0332704 0.0277422 0.0427241 0.0179128 0.0376405 0.0000000 0.0266875 0.0495616 0.0336431 0.0525287 
Phalangeridae_Phalanger_carmelitae           0.0279187 0.0291363 0.0339770 0.0479513 0.0443435 0.0457384 0.0176244 0.0156840 0.0448695 0.0654249 0.0170323 0.0445882 0.0484995 0.0086379 0.0292610 0.0449364 0.0449144 0.0439870 0.0595038 0.0494183 0.0354716 0.0767539 0.0552549 0.0456454 0.0489203 0.0331680 0.0350894 0.0497371 0.0338027 0.0511959 0.0266875 0.0000000 0.0608285 0.0460953 0.0651151 
Peramelidae_Peroryctes_raffrayana            0.0451058 0.0493541 0.0543107 0.0541932 0.0513768 0.0679869 0.0657861 0.0649485 0.0613453 0.0277521 0.0639257 0.0685920 0.0738705 0.0681728 0.0599829 0.0681106 0.0666592 0.0684124 0.0199740 0.0694173 0.0584763 0.0829740 0.0709761 0.0710422 0.0704688 0.0413043 0.0541306 0.0707829 0.0589577 0.0705316 0.0495616 0.0608285 0.0000000 0.0670192 0.0274270 
Dasyuridae_Dasyurus_geffroii                 0.0355120 0.0315291 0.0331459 0.0557131 0.0509551 0.0037249 0.0382068 0.0392838 0.0540588 0.0652658 0.0367697 0.0088790 0.0179143 0.0427482 0.0431590 0.0088588 0.0026798 0.0134443 0.0548657 0.0542621 0.0351143 0.0820574 0.0524060 0.0087531 0.0536126 0.0372207 0.0497828 0.0552830 0.0325441 0.0488226 0.0336431 0.0460953 0.0670192 0.0000000 0.0650743 
Peramelidae_Perameles_gunnii                 0.0481226 0.0521850 0.0540283 0.0581034 0.0543711 0.0656569 0.0601543 0.0605537 0.0654732 0.0006125 0.0594263 0.0691635 0.0735549 0.0616516 0.0648971 0.0675428 0.0652723 0.0663739 0.0160409 0.0669816 0.0558844 0.0798808 0.0688237 0.0697583 0.0698280 0.0443750 0.0642641 0.0660615 0.0553890 0.0643296 0.0525287 0.0651151 0.0274270 0.0650743 0.0000000 
