35
Burramyidae_Burramys_parvus                  0.0000000 0.1208696 0.0857405 0.0719863 0.0721882 0.0962506 0.0601096 0.0629163 0.0720104 0.1047234 0.0473550 0.0767950 0.1035481 0.0599549 0.0803726 0.0764789 0.0991433 0.1027651 0.1003759 0.0613264 0.1049276 0.1129475 0.0835635 0.0619246 0.0953707 0.0812956 0.0692307 0.1132039 0.0973823 0.0866446 0.0595317 0.0995363 0.1001804 0.0970862 0.0809055 
Notoryctidae_Notoryctes_typhlops             0.1208696 0.0000000 0.1397009 0.1170247 0.1138561 0.1488190 0.1051001 0.1113680 0.1136275 0.1598324 0.0966961 0.1303129 0.1552954 0.1076297 0.1391382 0.1300006 0.1514804 0.1705590 0.1594585 0.1053839 0.1490790 0.1459971 0.1311260 0.1145101 0.1387762 0.1435532 0.1167796 0.1539625 0.1495812 0.1399224 0.1085355 0.1527971 0.1464605 0.1471132 0.1201247 
Vombatidae_Lasiorhinus_latifrons             0.0857405 0.1397009 0.0000000 0.0964271 0.0967253 0.1128935 0.0754215 0.0826464 0.0952921 0.1211131 0.0731487 0.0928661 0.1271473 0.0829285 0.1012158 0.0902189 0.1138424 0.1366480 0.1242492 0.0831575 0.1151080 0.1125398 0.0943154 0.0825902 0.1064696 0.0944480 0.0854502 0.1313921 0.1199984 0.1067695 0.0818684 0.1230349 0.1159662 0.1157728 0.0906230 
Potoroidae_Bettongia_penicillata             0.0719863 0.1170247 0.0964271 0.0000000 0.0042689 0.1041498 0.0619370 0.0702399 0.0195572 0.1119556 0.0576754 0.0930494 0.1189241 0.0631026 0.0891047 0.0897919 0.1098261 0.1263182 0.1134951 0.0212328 0.0958076 0.1085811 0.0953034 0.0394849 0.0889192 0.0831427 0.0320356 0.1101309 0.0967058 0.0894395 0.0646583 0.1100449 0.1115295 0.1003586 0.0821934 
Potoroidae_Bettongia_lesueur                 0.0721882 0.1138561 0.0967253 0.0042689 0.0000000 0.1044686 0.0613758 0.0696710 0.0196070 0.1123099 0.0576641 0.0919278 0.1193011 0.0625332 0.0907945 0.0900532 0.1101660 0.1267662 0.1153442 0.0194588 0.0961265 0.1094523 0.0955889 0.0395785 0.0906500 0.0839133 0.0308727 0.1105050 0.0945199 0.0861442 0.0640941 0.1084457 0.1118763 0.0995882 0.0824283 
Dasyuridae_Dasyurus_maculatus                0.0962506 0.1488190 0.1128935 0.1041498 0.1044686 0.0000000 0.0950883 0.0998236 0.1057473 0.1354854 0.0790492 0.0277609 0.0290422 0.0987830 0.1242330 0.0289223 0.0093437 0.0349156 0.1326161 0.0827390 0.1371117 0.1253482 0.0307042 0.1063341 0.1083240 0.1082476 0.1000184 0.1477636 0.1180058 0.1238631 0.1002794 0.1291577 0.0071059 0.1129965 0.1084913 
Phalangeridae_Trichosurus_vulpecula          0.0601096 0.1051001 0.0754215 0.0619370 0.0613758 0.0950883 0.0000000 0.0276587 0.0637341 0.0993674 0.0218700 0.0787887 0.1064737 0.0247892 0.0775863 0.0799699 0.0959542 0.1137160 0.1006848 0.0576586 0.0920624 0.0940723 0.0830501 0.0606416 0.0842712 0.0729895 0.0615161 0.0942050 0.0853921 0.0723919 0.0240708 0.0940727 0.0959019 0.0884387 0.0679839 
Phalangeridae_Spilocuscus_maculatus          0.0629163 0.1113680 0.0826464 0.0702399 0.0696710 0.0998236 0.0276587 0.0000000 0.0678676 0.1083538 0.0145243 0.0864932 0.1087309 0.0172434 0.0830815 0.0876968 0.1021901 0.1193573 0.1087117 0.0590987 0.0968776 0.1011324 0.0910673 0.0655774 0.0905397 0.0753923 0.0645913 0.1041877 0.0920355 0.0752696 0.0165710 0.1031312 0.1055680 0.0971582 0.0768344 
Potoroidae_Aepyprymnus_rufescens             0.0720104 0.1136275 0.0952921 0.0195572 0.0196070 0.1057473 0.0637341 0.0678676 0.0000000 0.1130211 0.0583462 0.0944310 0.1184021 0.0590113 0.0877149 0.0911166 0.1100628 0.1235452 0.1136763 0.0202518 0.0940532 0.1149262 0.0953079 0.0418055 0.0870319 0.0823805 0.0304987 0.1123360 0.0982636 0.0856417 0.0615482 0.1118220 0.1110619 0.1011871 0.0878398 
Peramelidae_Perameles_nasuta                 0.1047234 0.1598324 0.1211131 0.1119556 0.1123099 0.1354854 0.0993674 0.1083538 0.1130211 0.0000000 0.0942951 0.1240260 0.1456975 0.0996256 0.1295678 0.1234265 0.1364142 0.1541162 0.0261873 0.0977768 0.1526205 0.1435516 0.1275138 0.1071361 0.1246732 0.1284291 0.1071611 0.1621039 0.1399872 0.1392899 0.1022591 0.0191934 0.1394818 0.0011757 0.1129473 
Phalangeridae_Strigocuscus_pelengensis       0.0473550 0.0966961 0.0731487 0.0576754 0.0576641 0.0790492 0.0218700 0.0145243 0.0583462 0.0942951 0.0000000 0.0760889 0.0872229 0.0129817 0.0680357 0.0767525 0.0806414 0.0991505 0.0914066 0.0499776 0.0854999 0.0890911 0.0783932 0.0555127 0.0772612 0.0682059 0.0568878 0.0927834 0.0808410 0.0617249 0.0128757 0.0861557 0.0852341 0.0898873 0.0699722 
Dasyuridae_Phascogale_tapoatafa              0.0767950 0.1303129 0.0928661 0.0930494 0.0919278 0.0277609 0.0787887 0.0864932 0.0944310 0.1240260 0.0760889 0.0000000 0.0393288 0.0863025 0.1052748 0.0064986 0.0320628 0.0481034 0.1221113 0.0799212 0.1182864 0.1089912 0.0127260 0.0894798 0.0990704 0.1038804 0.0872613 0.1333877 0.1140150 0.1110516 0.0871192 0.1211166 0.0320779 0.1107641 0.0915006 
Dasyuridae_Sminthopsis_macroura              0.1035481 0.1552954 0.1271473 0.1189241 0.1193011 0.0290422 0.1064737 0.1087309 0.1184021 0.1456975 0.0872229 0.0393288 0.0000000 0.1082686 0.1334608 0.0392851 0.0321368 0.0345234 0.1436148 0.0954260 0.1465324 0.1403267 0.0406199 0.1174048 0.1218763 0.1163842 0.1144284 0.1590447 0.1264518 0.1346320 0.1082440 0.1423835 0.0333970 0.1199326 0.1187849 
Phalangeridae_Phalanger_orientalis           0.0599549 0.1076297 0.0829285 0.0631026 0.0625332 0.0987830 0.0247892 0.0172434 0.0590113 0.0996256 0.0129817 0.0863025 0.1082686 0.0000000 0.0760120 0.0859516 0.1011276 0.1136418 0.1040994 0.0541116 0.0946486 0.1013727 0.0885397 0.0607090 0.0866620 0.0755518 0.0614944 0.0996003 0.0852056 0.0744782 0.0027085 0.0953467 0.1044716 0.0894387 0.0766270 
Acrobatidae_Acrobates_pygmaeus               0.0803726 0.1391382 0.1012158 0.0891047 0.0907945 0.1242330 0.0775863 0.0830815 0.0877149 0.1295678 0.0680357 0.1052748 0.1334608 0.0760120 0.0000000 0.1077028 0.1267025 0.1419365 0.1322660 0.0766773 0.0908516 0.1203071 0.1119325 0.0873503 0.1116076 0.0752054 0.0863639 0.0976711 0.0902543 0.0525279 0.0762509 0.1215740 0.1268909 0.1117891 0.0941671 
Dasyuridae_Phascogale_calura                 0.0764789 0.1300006 0.0902189 0.0897919 0.0900532 0.0289223 0.0799699 0.0876968 0.0911166 0.1234265 0.0767525 0.0064986 0.0392851 0.0859516 0.1077028 0.0000000 0.0320272 0.0486726 0.1200376 0.0774777 0.1177827 0.1092645 0.0132737 0.0848327 0.0973641 0.1055974 0.0840018 0.1335942 0.1150419 0.1107709 0.0867673 0.1205281 0.0320423 0.1106122 0.0905042 
Dasyuridae_Sarcophilus_harrisii              0.0991433 0.1514804 0.1138424 0.1098261 0.1101660 0.0093437 0.0959542 0.1021901 0.1100628 0.1364142 0.0806414 0.0320628 0.0321368 0.1011276 0.1267025 0.0320272 0.0000000 0.0377134 0.1335352 0.0837135 0.1367949 0.1246516 0.0338794 0.1057604 0.1118865 0.1115415 0.1028306 0.1524724 0.1184093 0.1249711 0.1026125 0.1318221 0.0099350 0.1138582 0.1078991 
Dasyuridae_Planigale_tenuirostris            0.1027651 0.1705590 0.1366480 0.1263182 0.1267662 0.0349156 0.1137160 0.1193573 0.1235452 0.1541162 0.0991505 0.0481034 0.0345234 0.1136418 0.1419365 0.0486726 0.0377134 0.0000000 0.1510350 0.1058159 0.1560040 0.1474473 0.0459074 0.1323550 0.1210841 0.1258819 0.1295546 0.1656591 0.1393562 0.1484876 0.1137726 0.1533319 0.0377457 0.1313363 0.1191635 
Peramelidae_Echymipera_kalubu                0.1003759 0.1594585 0.1242492 0.1134951 0.1153442 0.1326161 0.1006848 0.1087117 0.1136763 0.0261873 0.0914066 0.1221113 0.1436148 0.1040994 0.1322660 0.1200376 0.1335352 0.1510350 0.0000000 0.0971144 0.1554067 0.1408668 0.1249488 0.1066301 0.1207981 0.1304767 0.1069587 0.1662743 0.1418587 0.1394401 0.1058760 0.0219716 0.1372596 0.0197653 0.1110747 
Macropodidae_Dorcopsulus_vanheurni           0.0613264 0.1053839 0.0831575 0.0212328 0.0194588 0.0827390 0.0576586 0.0590987 0.0202518 0.0977768 0.0499776 0.0799212 0.0954260 0.0541116 0.0766773 0.0774777 0.0837135 0.1058159 0.0971144 0.0000000 0.0881535 0.0962893 0.0847952 0.0315932 0.0748753 0.0737418 0.0143608 0.1027853 0.0876168 0.0755176 0.0550687 0.0945798 0.0884249 0.0926903 0.0762089 
Pseudochiridae_Pseudochirulus_forbesi        0.1049276 0.1490790 0.1151080 0.0958076 0.0961265 0.1371117 0.0920624 0.0968776 0.0940532 0.1526205 0.0854999 0.1182864 0.1465324 0.0946486 0.0908516 0.1177827 0.1367949 0.1560040 0.1554067 0.0881535 0.0000000 0.1416725 0.1231561 0.1004721 0.1220521 0.0580207 0.0919231 0.0540108 0.0939219 0.0976560 0.0939695 0.1454672 0.1407848 0.1365008 0.0999241 
Marmosidae_Monodelphis_domestica             0.1129475 0.1459971 0.1125398 0.1085811 0.1094523 0.1253482 0.0940723 0.1011324 0.1149262 0.1435516 0.0890911 0.1089912 0.1403267 0.1013727 0.1203071 0.1092645 0.1246516 0.1474473 0.1408668 0.0962893 0.1416725 0.0000000 0.1150032 0.1003182 0.1190677 0.1231572 0.1065371 0.1491917 0.1327986 0.1213747 0.1029857 0.1336902 0.1278174 0.1361041 0.0208598 
Dasyuridae_Antechinus_stuartii               0.0835635 0.1311260 0.0943154 0.0953034 0.0955889 0.0307042 0.0830501 0.0910673 0.0953079 0.1275138 0.0783932 0.0127260 0.0406199 0.0885397 0.1119325 0.0132737 0.0338794 0.0459074 0.1249488 0.0847952 0.1231561 0.1150032 0.0000000 0.0901491 0.1044985 0.1094884 0.0921978 0.1351979 0.1188242 0.1149305 0.0901995 0.1254514 0.0326678 0.1168099 0.0945778 
Hypsiprymnodontidae_Hypsiprymnodon_moschatus 0.0619246 0.1145101 0.0825902 0.0394849 0.0395785 0.1063341 0.0606416 0.0655774 0.0418055 0.1071361 0.0555127 0.0894798 0.1174048 0.0607090 0.0873503 0.0848327 0.1057604 0.1323550 0.1066301 0.0315932 0.1004721 0.1003182 0.0901491 0.0000000 0.0875612 0.0809356 0.0396632 0.1117351 0.0910978 0.0812824 0.0616226 0.1016697 0.1054620 0.0960602 0.0732106 
Microbiotheriidae_Dromiciops_gliroides       0.0953707 0.1387762 0.1064696 0.0889192 0.0906500 0.1083240 0.0842712 0.0905397 0.0870319 0.1246732 0.0772612 0.0990704 0.1218763 0.0866620 0.1116076 0.0973641 0.1118865 0.1210841 0.1207981 0.0748753 0.1220521 0.1190677 0.1044985 0.0875612 0.0000000 0.1167531 0.0847488 0.1318699 0.1270615 0.1132476 0.0869206 0.1157455 0.1107744 0.1126073 0.0959525 
Pseudochiridae_Petauroides_volans            0.0812956 0.1435532 0.0944480 0.0831427 0.0839133 0.1082476 0.0729895 0.0753923 0.0823805 0.1284291 0.0682059 0.1038804 0.1163842 0.0755518 0.0752054 0.1055974 0.1115415 0.1258819 0.1304767 0.0737418 0.0580207 0.1231572 0.1094884 0.0809356 0.1167531 0.0000000 0.0794478 0.0684157 0.0836687 0.0794888 0.0751136 0.1235722 0.1146190 0.1193842 0.0889563 
Macropodidae_Wallabia_bicolor                0.0692307 0.1167796 0.0854502 0.0320356 0.0308727 0.1000184 0.0615161 0.0645913 0.0304987 0.1071611 0.0568878 0.0872613 0.1144284 0.0614944 0.0863639 0.0840018 0.1028306 0.1295546 0.1069587 0.0143608 0.0919231 0.1065371 0.0921978 0.0396632 0.0847488 0.0794478 0.0000000 0.1109411 0.0985703 0.0874034 0.0618444 0.1008985 0.1045367 0.0911991 0.0826682 
Pseudochiridae_Pseudocheirus_occidentalis    0.1132039 0.1539625 0.1313921 0.1101309 0.1105050 0.1477636 0.0942050 0.1041877 0.1123360 0.1621039 0.0927834 0.1333877 0.1590447 0.0996003 0.0976711 0.1335942 0.1524724 0.1656591 0.1662743 0.1027853 0.0540108 0.1491917 0.1351979 0.1117351 0.1318699 0.0684157 0.1109411 0.0000000 0.0996550 0.1095028 0.0997595 0.1586540 0.1507908 0.1492019 0.1117668 
Tarsipedidae_Tarsipes_rostratus              0.0973823 0.1495812 0.1199984 0.0967058 0.0945199 0.1180058 0.0853921 0.0920355 0.0982636 0.1399872 0.0808410 0.1140150 0.1264518 0.0852056 0.0902543 0.1150419 0.1184093 0.1393562 0.1418587 0.0876168 0.0939219 0.1327986 0.1188242 0.0910978 0.1270615 0.0836687 0.0985703 0.0996550 0.0000000 0.0874847 0.0860765 0.1293417 0.1240834 0.1189430 0.0988357 
Acrobatidae_Distoechurus_pennatus            0.0866446 0.1399224 0.1067695 0.0894395 0.0861442 0.1238631 0.0723919 0.0752696 0.0856417 0.1392899 0.0617249 0.1110516 0.1346320 0.0744782 0.0525279 0.1107709 0.1249711 0.1484876 0.1394401 0.0755176 0.0976560 0.1213747 0.1149305 0.0812824 0.1132476 0.0794888 0.0874034 0.1095028 0.0874847 0.0000000 0.0754234 0.1287652 0.1271727 0.1199503 0.0979339 
Phalangeridae_Phalanger_carmelitae           0.0595317 0.1085355 0.0818684 0.0646583 0.0640941 0.1002794 0.0240708 0.0165710 0.0615482 0.1022591 0.0128757 0.0871192 0.1082440 0.0027085 0.0762509 0.0867673 0.1026125 0.1137726 0.1058760 0.0550687 0.0939695 0.1029857 0.0901995 0.0616226 0.0869206 0.0751136 0.0618444 0.0997595 0.0860765 0.0754234 0.0000000 0.0971454 0.1059437 0.0914418 0.0768404 
Peramelidae_Peroryctes_raffrayana            0.0995363 0.1527971 0.1230349 0.1100449 0.1084457 0.1291577 0.0940727 0.1031312 0.1118220 0.0191934 0.0861557 0.1211166 0.1423835 0.0953467 0.1215740 0.1205281 0.1318221 0.1533319 0.0219716 0.0945798 0.1454672 0.1336902 0.1254514 0.1016697 0.1157455 0.1235722 0.1008985 0.1586540 0.1293417 0.1287652 0.0971454 0.0000000 0.1337549 0.0141278 0.1080247 
Dasyuridae_Dasyurus_geffroii                 0.1001804 0.1464605 0.1159662 0.1115295 0.1118763 0.0071059 0.0959019 0.1055680 0.1110619 0.1394818 0.0852341 0.0320779 0.0333970 0.1044716 0.1268909 0.0320423 0.0099350 0.0377457 0.1372596 0.0884249 0.1407848 0.1278174 0.0326678 0.1054620 0.1107744 0.1146190 0.1045367 0.1507908 0.1240834 0.1271727 0.1059437 0.1337549 0.0000000 0.1182152 0.1104715 
Peramelidae_Perameles_gunnii                 0.0970862 0.1471132 0.1157728 0.1003586 0.0995882 0.1129965 0.0884387 0.0971582 0.1011871 0.0011757 0.0898873 0.1107641 0.1199326 0.0894387 0.1117891 0.1106122 0.1138582 0.1313363 0.0197653 0.0926903 0.1365008 0.1361041 0.1168099 0.0960602 0.1126073 0.1193842 0.0911991 0.1492019 0.1189430 0.1199503 0.0914418 0.0141278 0.1182152 0.0000000 0.1150336 
Didelphidae_Didelphis_virginiana             0.0809055 0.1201247 0.0906230 0.0821934 0.0824283 0.1084913 0.0679839 0.0768344 0.0878398 0.1129473 0.0699722 0.0915006 0.1187849 0.0766270 0.0941671 0.0905042 0.1078991 0.1191635 0.1110747 0.0762089 0.0999241 0.0208598 0.0945778 0.0732106 0.0959525 0.0889563 0.0826682 0.1117668 0.0988357 0.0979339 0.0768404 0.1080247 0.1104715 0.1150336 0.0000000 
