35
Burramyidae_Burramys_parvus                  0.0000000 0.1308795 0.0965649 0.0914382 0.0923673 0.1036973 0.0968748 0.1146525 0.0792800 0.1091351 0.0956663 0.0961189 0.0988625 0.1072029 0.0849105 0.0941568 0.0912924 0.0988037 0.1092159 0.0837014 0.1023887 0.0964940 0.1026597 0.0923756 0.0892070 0.0964779 0.0835855 0.0824420 0.1002497 0.1048906 0.0541960 0.0998237 0.0588061 0.0935943 0.1055172 
Notoryctidae_Notoryctes_typhlops             0.1308795 0.0000000 0.1568829 0.1497817 0.1483685 0.1590768 0.1491862 0.1875846 0.1349934 0.1620561 0.1499976 0.1463105 0.1384687 0.1665843 0.1433472 0.1441917 0.1480267 0.1521135 0.1590453 0.1404529 0.1448354 0.1461465 0.1488947 0.1463726 0.1445662 0.1549987 0.0894968 0.1389424 0.1467619 0.1210027 0.0991541 0.1612499 0.0938094 0.1486975 0.1551000 
Vombatidae_Lasiorhinus_latifrons             0.0965649 0.1568829 0.0000000 0.0708271 0.0704961 0.0949786 0.0599383 0.0708701 0.0951361 0.1177488 0.0676307 0.1108306 0.1070952 0.0661298 0.0828411 0.1085092 0.0955842 0.0999964 0.1269756 0.0894477 0.1014149 0.1166477 0.1147405 0.1079676 0.0585462 0.0649401 0.1225078 0.0924122 0.1058053 0.1591686 0.0584094 0.0660535 0.0714108 0.0966243 0.1149798 
Potoroidae_Bettongia_penicillata             0.0914382 0.1497817 0.0708271 0.0000000 0.0032771 0.0879442 0.0627225 0.0705361 0.0409449 0.1236330 0.0704207 0.1266231 0.1129760 0.0694868 0.1025699 0.1259352 0.1201427 0.1221029 0.1254137 0.0533366 0.0853810 0.1024972 0.1330592 0.1219409 0.0446565 0.0621829 0.1084937 0.0527518 0.0831014 0.1477435 0.0598964 0.0677552 0.0676371 0.1197093 0.1195374 
Potoroidae_Bettongia_lesueur                 0.0923673 0.1483685 0.0704961 0.0032771 0.0000000 0.0870432 0.0609584 0.0695811 0.0407910 0.1225869 0.0686512 0.1254355 0.1118907 0.0681457 0.1000082 0.1247575 0.1190182 0.1212588 0.1248690 0.0531661 0.0839656 0.1020696 0.1318337 0.1209580 0.0435298 0.0609294 0.1063459 0.0526557 0.0816273 0.1465142 0.0585489 0.0664822 0.0667682 0.1185863 0.1185025 
Dasyuridae_Dasyurus_maculatus                0.1036973 0.1590768 0.0949786 0.0879442 0.0870432 0.0000000 0.0878846 0.1025620 0.1119557 0.1350101 0.0976553 0.0570427 0.0735503 0.0964783 0.1242808 0.0562662 0.0572605 0.0755696 0.1405722 0.1162968 0.1218310 0.1223029 0.1286624 0.0524575 0.0799808 0.0821578 0.1275114 0.1167769 0.1239233 0.1729777 0.0806975 0.0960481 0.0707540 0.0579000 0.1286859 
Phalangeridae_Trichosurus_vulpecula          0.0968748 0.1491862 0.0599383 0.0627225 0.0609584 0.0878846 0.0000000 0.0329430 0.0765099 0.1222869 0.0315458 0.1112828 0.1038264 0.0329470 0.0854929 0.1096595 0.1034482 0.1078449 0.1273175 0.0730638 0.0852871 0.1142907 0.1274161 0.1088421 0.0488333 0.0564566 0.1091823 0.0710788 0.0876453 0.1493006 0.0609640 0.0303832 0.0653696 0.1094713 0.1178861 
Phalangeridae_Spilocuscus_maculatus          0.1146525 0.1875846 0.0708701 0.0705361 0.0695811 0.1025620 0.0329430 0.0000000 0.0916714 0.1411641 0.0153584 0.1323638 0.1186284 0.0285261 0.1072201 0.1306830 0.1204781 0.1208132 0.1574867 0.0885379 0.1035762 0.1334492 0.1497605 0.1261635 0.0641571 0.0649226 0.1398095 0.0896538 0.1020921 0.1817607 0.0713678 0.0094372 0.0788587 0.1274581 0.1410970 
Potoroidae_Aepyprymnus_rufescens             0.0792800 0.1349934 0.0951361 0.0409449 0.0407910 0.1119557 0.0765099 0.0916714 0.0000000 0.0890560 0.0818773 0.0847073 0.0744911 0.0890148 0.0658529 0.0831967 0.0785818 0.0790646 0.0964339 0.0227918 0.0640619 0.0827481 0.0952850 0.0790448 0.0665464 0.0842396 0.1009802 0.0218978 0.0570335 0.1412179 0.0620163 0.0864807 0.0580746 0.0800084 0.0870679 
Peramelidae_Perameles_nasuta                 0.1091351 0.1620561 0.1177488 0.1236330 0.1225869 0.1350101 0.1222869 0.1411641 0.0890560 0.0000000 0.1291668 0.1021484 0.1022314 0.1367722 0.0888980 0.1007357 0.0974788 0.1061028 0.0316309 0.0901202 0.0882528 0.1000615 0.1053698 0.1017419 0.1058148 0.1210185 0.1318160 0.0885194 0.0923615 0.1647728 0.0819821 0.1322627 0.0142568 0.0959063 0.0013308 
Phalangeridae_Strigocuscus_pelengensis       0.0956663 0.1499976 0.0676307 0.0704207 0.0686512 0.0976553 0.0315458 0.0153584 0.0818773 0.1291668 0.0000000 0.1165534 0.1050805 0.0233995 0.0925800 0.1146696 0.1066555 0.1068674 0.1358406 0.0788711 0.0932742 0.1193593 0.1300331 0.1122955 0.0627647 0.0655964 0.1223412 0.0788014 0.0918664 0.1472838 0.0681077 0.0115874 0.0735354 0.1119445 0.1276446 
Dasyuridae_Phascogale_tapoatafa              0.0961189 0.1463105 0.1108306 0.1266231 0.1254355 0.0570427 0.1112828 0.1323638 0.0847073 0.1021484 0.1165534 0.0000000 0.0394315 0.1220601 0.0835994 0.0037453 0.0257661 0.0319234 0.1078050 0.0860341 0.0942171 0.1004988 0.0963175 0.0119444 0.1073289 0.1145435 0.1186881 0.0847658 0.0983302 0.1663064 0.0810234 0.1200891 0.0688634 0.0276849 0.0983475 
Dasyuridae_Sminthopsis_macroura              0.0988625 0.1384687 0.1070952 0.1129760 0.1118907 0.0735503 0.1038264 0.1186284 0.0744911 0.1022314 0.1050805 0.0394315 0.0000000 0.1131707 0.0820217 0.0387702 0.0331313 0.0289027 0.1065917 0.0775607 0.0891880 0.1003205 0.1015698 0.0370751 0.1003473 0.1013254 0.1190953 0.0775552 0.0945810 0.1602080 0.0790919 0.1119513 0.0694551 0.0365432 0.0987330 
Phalangeridae_Phalanger_orientalis           0.1072029 0.1665843 0.0661298 0.0694868 0.0681457 0.0964783 0.0329470 0.0285261 0.0890148 0.1367722 0.0233995 0.1220601 0.1131707 0.0000000 0.0963888 0.1201698 0.1123112 0.1160200 0.1433095 0.0840169 0.0964018 0.1222499 0.1408912 0.1193474 0.0615075 0.0655444 0.1266111 0.0846202 0.0965365 0.1621205 0.0683493 0.0186310 0.0821187 0.1164631 0.1316353 
Acrobatidae_Acrobates_pygmaeus               0.0849105 0.1433472 0.0828411 0.1025699 0.1000082 0.1242808 0.0854929 0.1072201 0.0658529 0.0888980 0.0925800 0.0835994 0.0820217 0.0963888 0.0000000 0.0826195 0.0768512 0.0795645 0.1001007 0.0579186 0.0655066 0.0909006 0.0895834 0.0820084 0.0890132 0.0907229 0.1029956 0.0574849 0.0673489 0.1421418 0.0400651 0.0964971 0.0689003 0.0775649 0.0878144 
Dasyuridae_Phascogale_calura                 0.0941568 0.1441917 0.1085092 0.1259352 0.1247575 0.0562662 0.1096595 0.1306830 0.0831967 0.1007357 0.1146696 0.0037453 0.0387702 0.1201698 0.0826195 0.0000000 0.0247481 0.0308774 0.1066384 0.0845002 0.0926188 0.1017053 0.0958181 0.0110282 0.1056704 0.1135745 0.1167774 0.0832991 0.0969343 0.1638540 0.0794257 0.1188462 0.0687955 0.0275582 0.0966924 
Dasyuridae_Sarcophilus_harrisii              0.0912924 0.1480267 0.0955842 0.1201427 0.1190182 0.0572605 0.1034482 0.1204781 0.0785818 0.0974788 0.1066555 0.0257661 0.0331313 0.1123112 0.0768512 0.0247481 0.0000000 0.0203165 0.1047048 0.0795835 0.0927330 0.1022985 0.0877875 0.0235056 0.1019237 0.1048301 0.1208569 0.0799747 0.0936961 0.1639310 0.0787251 0.1111104 0.0677636 0.0091425 0.0937359 
Dasyuridae_Planigale_tenuirostris            0.0988037 0.1521135 0.0999964 0.1221029 0.1212588 0.0755696 0.1078449 0.1208132 0.0790646 0.1061028 0.1068674 0.0319234 0.0289027 0.1160200 0.0795645 0.0308774 0.0203165 0.0000000 0.1124568 0.0783996 0.0967141 0.1081994 0.0973887 0.0300381 0.1091237 0.1106880 0.1240327 0.0815183 0.0984646 0.1737384 0.0813178 0.1130208 0.0714464 0.0227331 0.1020063 
Peramelidae_Echymipera_kalubu                0.1092159 0.1590453 0.1269756 0.1254137 0.1248690 0.1405722 0.1273175 0.1574867 0.0964339 0.0316309 0.1358406 0.1078050 0.1065917 0.1433095 0.1001007 0.1066384 0.1047048 0.1124568 0.0000000 0.0982450 0.0977987 0.1002947 0.1092149 0.1072179 0.1191753 0.1295142 0.1359675 0.0956853 0.1008057 0.1678981 0.0835124 0.1403873 0.0112190 0.1055146 0.0302443 
Macropodidae_Dorcopsulus_vanheurni           0.0837014 0.1404529 0.0894477 0.0533366 0.0531661 0.1162968 0.0730638 0.0885379 0.0227918 0.0901202 0.0788711 0.0860341 0.0775607 0.0840169 0.0579186 0.0845002 0.0795835 0.0783996 0.0982450 0.0000000 0.0572938 0.0879871 0.1016703 0.0819097 0.0656098 0.0856053 0.1058138 0.0084163 0.0542298 0.1462837 0.0599317 0.0821791 0.0661865 0.0821180 0.0885657 
Pseudochiridae_Pseudochirulus_forbesi        0.1023887 0.1448354 0.1014149 0.0853810 0.0839656 0.1218310 0.0852871 0.1035762 0.0640619 0.0882528 0.0932742 0.0942171 0.0891880 0.0964018 0.0655066 0.0926188 0.0927330 0.0967141 0.0977987 0.0572938 0.0000000 0.0867961 0.1038240 0.0901415 0.0851875 0.0888215 0.0959971 0.0564507 0.0145828 0.1452957 0.0562165 0.0961234 0.0702849 0.0934068 0.0878950 
Didelphidae_Didelphis_virginiana             0.0964940 0.1461465 0.1166477 0.1024972 0.1020696 0.1223029 0.1142907 0.1334492 0.0827481 0.1000615 0.1193593 0.1004988 0.1003205 0.1222499 0.0909006 0.1017053 0.1022985 0.1081994 0.1002947 0.0879871 0.0867961 0.0000000 0.0575145 0.0995652 0.0984272 0.1026035 0.1253523 0.0844307 0.0903410 0.1600500 0.0725711 0.1204072 0.0757091 0.1009808 0.0974644 
Marmosidae_Monodelphis_domestica             0.1026597 0.1488947 0.1147405 0.1330592 0.1318337 0.1286624 0.1274161 0.1497605 0.0952850 0.1053698 0.1300331 0.0963175 0.1015698 0.1408912 0.0895834 0.0958181 0.0877875 0.0973887 0.1092149 0.1016703 0.1038240 0.0575145 0.0000000 0.0959263 0.1117518 0.1145750 0.1307735 0.0980854 0.1060839 0.1655140 0.0859186 0.1368667 0.0746696 0.0889043 0.1027897 
Dasyuridae_Antechinus_stuartii               0.0923756 0.1463726 0.1079676 0.1219409 0.1209580 0.0524575 0.1088421 0.1261635 0.0790448 0.1017419 0.1122955 0.0119444 0.0370751 0.1193474 0.0820084 0.0110282 0.0235056 0.0300381 0.1072179 0.0819097 0.0901415 0.0995652 0.0959263 0.0000000 0.1019066 0.1099148 0.1119112 0.0807821 0.0925717 0.1548344 0.0778766 0.1169169 0.0702607 0.0267686 0.0973223 
Hypsiprymnodontidae_Hypsiprymnodon_moschatus 0.0892070 0.1445662 0.0585462 0.0446565 0.0435298 0.0799808 0.0488333 0.0641571 0.0665464 0.1058148 0.0627647 0.1073289 0.1003473 0.0615075 0.0890132 0.1056704 0.1019237 0.1091237 0.1191753 0.0656098 0.0851875 0.0984272 0.1117518 0.1019066 0.0000000 0.0565461 0.1053368 0.0634466 0.0889580 0.1441575 0.0569566 0.0614204 0.0614759 0.1057069 0.1051872 
Microbiotheriidae_Dromiciops_gliroides       0.0964779 0.1549987 0.0649401 0.0621829 0.0609294 0.0821578 0.0564566 0.0649226 0.0842396 0.1210185 0.0655964 0.1145435 0.1013254 0.0655444 0.0907229 0.1135745 0.1048301 0.1106880 0.1295142 0.0856053 0.0888215 0.1026035 0.1145750 0.1099148 0.0565461 0.0000000 0.1104522 0.0833585 0.0885121 0.1604284 0.0589905 0.0644883 0.0729573 0.1107394 0.1170927 
Pseudochiridae_Petauroides_volans            0.0835855 0.0894968 0.1225078 0.1084937 0.1063459 0.1275114 0.1091823 0.1398095 0.1009802 0.1318160 0.1223412 0.1186881 0.1190953 0.1266111 0.1029956 0.1167774 0.1208569 0.1240327 0.1359675 0.1058138 0.0959971 0.1253523 0.1307735 0.1119112 0.1053368 0.1104522 0.0000000 0.1033987 0.1011810 0.0738437 0.0723469 0.1272850 0.0866617 0.1214026 0.1280482 
Macropodidae_Wallabia_bicolor                0.0824420 0.1389424 0.0924122 0.0527518 0.0526557 0.1167769 0.0710788 0.0896538 0.0218978 0.0885194 0.0788014 0.0847658 0.0775552 0.0846202 0.0574849 0.0832991 0.0799747 0.0815183 0.0956853 0.0084163 0.0564507 0.0844307 0.0980854 0.0807821 0.0634466 0.0833585 0.1033987 0.0000000 0.0531139 0.1438912 0.0582141 0.0827016 0.0651747 0.0830468 0.0873486 
Pseudochiridae_Pseudocheirus_occidentalis    0.1002497 0.1467619 0.1058053 0.0831014 0.0816273 0.1239233 0.0876453 0.1020921 0.0570335 0.0923615 0.0918664 0.0983302 0.0945810 0.0965365 0.0673489 0.0969343 0.0936961 0.0984646 0.1008057 0.0542298 0.0145828 0.0903410 0.1060839 0.0925717 0.0889580 0.0885121 0.1011810 0.0531139 0.0000000 0.1539602 0.0586459 0.0955193 0.0712859 0.0957204 0.0917871 
Tarsipedidae_Tarsipes_rostratus              0.1048906 0.1210027 0.1591686 0.1477435 0.1465142 0.1729777 0.1493006 0.1817607 0.1412179 0.1647728 0.1472838 0.1663064 0.1602080 0.1621205 0.1421418 0.1638540 0.1639310 0.1737384 0.1678981 0.1462837 0.1452957 0.1600500 0.1655140 0.1548344 0.1441575 0.1604284 0.0738437 0.1438912 0.1539602 0.0000000 0.0997018 0.1582043 0.1066555 0.1636424 0.1582300 
Acrobatidae_Distoechurus_pennatus            0.0541960 0.0991541 0.0584094 0.0598964 0.0585489 0.0806975 0.0609640 0.0713678 0.0620163 0.0819821 0.0681077 0.0810234 0.0790919 0.0683493 0.0400651 0.0794257 0.0787251 0.0813178 0.0835124 0.0599317 0.0562165 0.0725711 0.0859186 0.0778766 0.0569566 0.0589905 0.0723469 0.0582141 0.0586459 0.0997018 0.0000000 0.0671186 0.0724500 0.0777667 0.0792372 
Phalangeridae_Phalanger_carmelitae           0.0998237 0.1612499 0.0660535 0.0677552 0.0664822 0.0960481 0.0303832 0.0094372 0.0864807 0.1322627 0.0115874 0.1200891 0.1119513 0.0186310 0.0964971 0.1188462 0.1111104 0.1130208 0.1403873 0.0821791 0.0961234 0.1204072 0.1368667 0.1169169 0.0614204 0.0644883 0.1272850 0.0827016 0.0955193 0.1582043 0.0671186 0.0000000 0.0780696 0.1152048 0.1295221 
Peramelidae_Peroryctes_raffrayana            0.0588061 0.0938094 0.0714108 0.0676371 0.0667682 0.0707540 0.0653696 0.0788587 0.0580746 0.0142568 0.0735354 0.0688634 0.0694551 0.0821187 0.0689003 0.0687955 0.0677636 0.0714464 0.0112190 0.0661865 0.0702849 0.0757091 0.0746696 0.0702607 0.0614759 0.0729573 0.0866617 0.0651747 0.0712859 0.1066555 0.0724500 0.0780696 0.0000000 0.0691654 0.0136281 
Dasyuridae_Dasyurus_geffroii                 0.0935943 0.1486975 0.0966243 0.1197093 0.1185863 0.0579000 0.1094713 0.1274581 0.0800084 0.0959063 0.1119445 0.0276849 0.0365432 0.1164631 0.0775649 0.0275582 0.0091425 0.0227331 0.1055146 0.0821180 0.0934068 0.1009808 0.0889043 0.0267686 0.1057069 0.1107394 0.1214026 0.0830468 0.0957204 0.1636424 0.0777667 0.1152048 0.0691654 0.0000000 0.0922200 
Peramelidae_Perameles_gunnii                 0.1055172 0.1551000 0.1149798 0.1195374 0.1185025 0.1286859 0.1178861 0.1410970 0.0870679 0.0013308 0.1276446 0.0983475 0.0987330 0.1316353 0.0878144 0.0966924 0.0937359 0.1020063 0.0302443 0.0885657 0.0878950 0.0974644 0.1027897 0.0973223 0.1051872 0.1170927 0.1280482 0.0873486 0.0917871 0.1582300 0.0792372 0.1295221 0.0136281 0.0922200 0.0000000 
