35
Burramyidae_Burramys_parvus                  0.0000000 0.1063928 0.0568488 0.0658854 0.0687109 0.1010046 0.0603936 0.0618611 0.0670044 0.0977395 0.0637982 0.1029140 0.1026255 0.0593989 0.0550371 0.1037778 0.1012510 0.1011332 0.1033012 0.0676778 0.0773223 0.1257833 0.1193984 0.0979821 0.0633609 0.0889471 0.0598516 0.0655319 0.0756145 0.0952685 0.0601240 0.0605290 0.1023529 0.1026160 0.1004933 
Notoryctidae_Notoryctes_typhlops             0.1063928 0.0000000 0.0959004 0.1124460 0.1149984 0.1311759 0.1169396 0.1176285 0.1126222 0.1257610 0.1193217 0.1300057 0.1321285 0.1162667 0.1022659 0.1322968 0.1342486 0.1252927 0.1273651 0.1142208 0.1252212 0.1559565 0.1523010 0.1236708 0.1121732 0.1200396 0.1098227 0.1149695 0.1205570 0.1517578 0.1091512 0.1175710 0.1391002 0.1319995 0.1242710 
Vombatidae_Lasiorhinus_latifrons             0.0568488 0.0959004 0.0000000 0.0667522 0.0699866 0.0897583 0.0625058 0.0651033 0.0671745 0.0905604 0.0648190 0.0898220 0.0933854 0.0629958 0.0510645 0.0886913 0.0908200 0.0892173 0.0944749 0.0685973 0.0717081 0.1079301 0.1082223 0.0845813 0.0623537 0.0795604 0.0575240 0.0665734 0.0691666 0.0868495 0.0576337 0.0629835 0.0934350 0.0913338 0.0929578 
Potoroidae_Bettongia_penicillata             0.0658854 0.1124460 0.0667522 0.0000000 0.0061819 0.1102596 0.0693800 0.0705225 0.0138232 0.1011139 0.0694814 0.1102462 0.1119363 0.0676155 0.0650684 0.1106788 0.1117611 0.1075263 0.1049435 0.0279617 0.0820180 0.1341725 0.1280808 0.1046255 0.0489444 0.0959661 0.0687312 0.0268615 0.0803856 0.1068027 0.0757063 0.0694281 0.1044764 0.1109807 0.1024958 
Potoroidae_Bettongia_lesueur                 0.0687109 0.1149984 0.0699866 0.0061819 0.0000000 0.1118751 0.0694985 0.0714206 0.0164299 0.1008270 0.0696031 0.1123331 0.1144642 0.0677223 0.0670999 0.1127686 0.1133887 0.1092878 0.1047279 0.0310527 0.0825581 0.1344178 0.1273569 0.1062292 0.0515849 0.0974403 0.0711913 0.0299671 0.0805170 0.1090482 0.0778218 0.0707303 0.1071836 0.1126047 0.1026994 
Dasyuridae_Dasyurus_maculatus                0.1010046 0.1311759 0.0897583 0.1102596 0.1118751 0.0000000 0.1055416 0.1074906 0.1114130 0.1206783 0.1068280 0.0249632 0.0371223 0.1048762 0.0942298 0.0260223 0.0094027 0.0325494 0.1259961 0.1075095 0.1118938 0.1360878 0.1293862 0.0221661 0.1049115 0.1064787 0.1038215 0.1014340 0.1088062 0.1288913 0.1067943 0.1053305 0.1202809 0.0077993 0.1238698 
Phalangeridae_Trichosurus_vulpecula          0.0603936 0.1169396 0.0625058 0.0693800 0.0694985 0.1055416 0.0000000 0.0183889 0.0698230 0.1065176 0.0202163 0.1053364 0.1094440 0.0183541 0.0597025 0.1058962 0.1079831 0.1020645 0.1106884 0.0704696 0.0768155 0.1316128 0.1271567 0.0997359 0.0714928 0.0969352 0.0629336 0.0695494 0.0767745 0.0997087 0.0632928 0.0189896 0.1220743 0.1071346 0.1090231 
Phalangeridae_Spilocuscus_maculatus          0.0618611 0.1176285 0.0651033 0.0705225 0.0714206 0.1074906 0.0183889 0.0000000 0.0715706 0.1094405 0.0139371 0.1078145 0.1105313 0.0112377 0.0612031 0.1077654 0.1096976 0.1071477 0.1110986 0.0734714 0.0784265 0.1336544 0.1286012 0.1016835 0.0710077 0.0962057 0.0657762 0.0714794 0.0796194 0.1020571 0.0662904 0.0125173 0.1161027 0.1100440 0.1097907 
Potoroidae_Aepyprymnus_rufescens             0.0670044 0.1126222 0.0671745 0.0138232 0.0164299 0.1114130 0.0698230 0.0715706 0.0000000 0.1041757 0.0706823 0.1126044 0.1131082 0.0688096 0.0654285 0.1117178 0.1119463 0.1088202 0.1085238 0.0317850 0.0832421 0.1364040 0.1295693 0.1052269 0.0512798 0.0958032 0.0710491 0.0293518 0.0810968 0.1066892 0.0749799 0.0702772 0.1090976 0.1121432 0.1064060 
Peramelidae_Perameles_nasuta                 0.0977395 0.1257610 0.0905604 0.1011139 0.1008270 0.1206783 0.1065176 0.1094405 0.1041757 0.0000000 0.1053265 0.1216272 0.1252983 0.1044482 0.0983350 0.1211071 0.1236710 0.1184359 0.0181588 0.1025866 0.1169027 0.1400513 0.1351969 0.1155549 0.0961205 0.1033230 0.1013794 0.1010248 0.1113202 0.1387400 0.1053051 0.1053696 0.0189529 0.1230242 0.0013770 
Phalangeridae_Strigocuscus_pelengensis       0.0637982 0.1193217 0.0648190 0.0694814 0.0696031 0.1068280 0.0202163 0.0139371 0.0706823 0.1053265 0.0000000 0.1061662 0.1102260 0.0116672 0.0600476 0.1066660 0.1091824 0.1048379 0.1100858 0.0714005 0.0754411 0.1335915 0.1289337 0.1002788 0.0709101 0.0963635 0.0646011 0.0693459 0.0774587 0.1010710 0.0667752 0.0136035 0.1164133 0.1093112 0.1060773 
Dasyuridae_Phascogale_tapoatafa              0.1029140 0.1300057 0.0898220 0.1102462 0.1123331 0.0249632 0.1053364 0.1078145 0.1126044 0.1216272 0.1061662 0.0000000 0.0358799 0.1051540 0.0948498 0.0059824 0.0229780 0.0306652 0.1272677 0.1075426 0.1151654 0.1374236 0.1323855 0.0093186 0.1035997 0.1076231 0.1063630 0.1030246 0.1108126 0.1330664 0.1047643 0.1051861 0.1260686 0.0246865 0.1246544 
Dasyuridae_Sminthopsis_macroura              0.1026255 0.1321285 0.0933854 0.1119363 0.1144642 0.0371223 0.1094440 0.1105313 0.1131082 0.1252983 0.1102260 0.0358799 0.0000000 0.1087752 0.0962026 0.0369914 0.0372302 0.0288066 0.1288603 0.1120365 0.1195529 0.1468584 0.1401507 0.0331081 0.1088598 0.1151172 0.1060885 0.1067980 0.1150405 0.1280137 0.1056496 0.1095201 0.1293649 0.0375572 0.1285253 
Phalangeridae_Phalanger_orientalis           0.0593989 0.1162667 0.0629958 0.0676155 0.0677223 0.1048762 0.0183541 0.0112377 0.0688096 0.1044482 0.0116672 0.1051540 0.1087752 0.0000000 0.0595555 0.1056360 0.1072131 0.1032579 0.1090211 0.0713839 0.0761129 0.1326356 0.1276924 0.0994950 0.0720490 0.0936406 0.0638037 0.0678321 0.0777917 0.0978249 0.0653602 0.0061605 0.1142257 0.1072727 0.1064628 
Acrobatidae_Acrobates_pygmaeus               0.0550371 0.1022659 0.0510645 0.0650684 0.0670999 0.0942298 0.0597025 0.0612031 0.0654285 0.0983350 0.0600476 0.0948498 0.0962026 0.0595555 0.0000000 0.0942005 0.0977390 0.0933949 0.1025421 0.0693933 0.0616803 0.1172562 0.1091616 0.0887209 0.0636209 0.0796970 0.0465810 0.0667544 0.0589034 0.0825801 0.0259396 0.0609518 0.0964721 0.0957871 0.1023703 
Dasyuridae_Phascogale_calura                 0.1037778 0.1322968 0.0886913 0.1106788 0.1127686 0.0260223 0.1058962 0.1077654 0.1117178 0.1211071 0.1066660 0.0059824 0.0369914 0.1056360 0.0942005 0.0000000 0.0240157 0.0314378 0.1274236 0.1079847 0.1152400 0.1383908 0.1330959 0.0103116 0.1044699 0.1072862 0.1051367 0.1026894 0.1104272 0.1327636 0.1031938 0.1056683 0.1272954 0.0257326 0.1248076 
Dasyuridae_Sarcophilus_harrisii              0.1012510 0.1342486 0.0908200 0.1117611 0.1133887 0.0094027 0.1079831 0.1096976 0.1119463 0.1236710 0.1091824 0.0229780 0.0372302 0.1072131 0.0977390 0.0240157 0.0000000 0.0318769 0.1297568 0.1078738 0.1142663 0.1372155 0.1305032 0.0205147 0.1053917 0.1081075 0.1081194 0.1017262 0.1108112 0.1311995 0.1091119 0.1076915 0.1298519 0.0084640 0.1270495 
Dasyuridae_Planigale_tenuirostris            0.1011332 0.1252927 0.0892173 0.1075263 0.1092878 0.0325494 0.1020645 0.1071477 0.1088202 0.1184359 0.1048379 0.0306652 0.0288066 0.1032579 0.0933949 0.0314378 0.0318769 0.0000000 0.1249705 0.1045217 0.1195569 0.1445339 0.1381233 0.0272782 0.0995013 0.1065848 0.1035524 0.1003166 0.1135804 0.1324204 0.1015470 0.1024404 0.1326713 0.0319027 0.1228157 
Peramelidae_Echymipera_kalubu                0.1033012 0.1273651 0.0944749 0.1049435 0.1047279 0.1259961 0.1106884 0.1110986 0.1085238 0.0181588 0.1100858 0.1272677 0.1288603 0.1090211 0.1025421 0.1274236 0.1297568 0.1249705 0.0000000 0.1089822 0.1208659 0.1422148 0.1383324 0.1206282 0.1043742 0.1146282 0.1053404 0.1060104 0.1148339 0.1405033 0.1074504 0.1107449 0.0165084 0.1286989 0.0179074 
Macropodidae_Dorcopsulus_vanheurni           0.0676778 0.1142208 0.0685973 0.0279617 0.0310527 0.1075095 0.0704696 0.0734714 0.0317850 0.1025866 0.0714005 0.1075426 0.1120365 0.0713839 0.0693933 0.1079847 0.1078738 0.1045217 0.1089822 0.0000000 0.0843171 0.1325005 0.1305609 0.1014120 0.0489016 0.0961476 0.0724883 0.0119856 0.0805675 0.1068542 0.0790427 0.0729142 0.1124316 0.1099013 0.1069043 
Pseudochiridae_Pseudochirulus_forbesi        0.0773223 0.1252212 0.0717081 0.0820180 0.0825581 0.1118938 0.0768155 0.0784265 0.0832421 0.1169027 0.0754411 0.1151654 0.1195529 0.0761129 0.0616803 0.1152400 0.1142663 0.1195569 0.1208659 0.0843171 0.0000000 0.1376891 0.1265356 0.1116974 0.0782113 0.0986417 0.0384488 0.0818829 0.0184136 0.0907504 0.0686921 0.0752626 0.1151906 0.1155958 0.1212725 
Didelphidae_Didelphis_virginiana             0.1257833 0.1559565 0.1079301 0.1341725 0.1344178 0.1360878 0.1316128 0.1336544 0.1364040 0.1400513 0.1335915 0.1374236 0.1468584 0.1326356 0.1172562 0.1383908 0.1372155 0.1445339 0.1422148 0.1325005 0.1376891 0.0000000 0.0437286 0.1292447 0.1283139 0.1335406 0.1262097 0.1302907 0.1344894 0.1699077 0.1284147 0.1327824 0.1429294 0.1395149 0.1428418 
Marmosidae_Monodelphis_domestica             0.1193984 0.1523010 0.1082223 0.1280808 0.1273569 0.1293862 0.1271567 0.1286012 0.1295693 0.1351969 0.1289337 0.1323855 0.1401507 0.1276924 0.1091616 0.1330959 0.1305032 0.1381233 0.1383324 0.1305609 0.1265356 0.0437286 0.0000000 0.1235428 0.1209656 0.1273629 0.1187677 0.1273296 0.1216612 0.1587147 0.1208980 0.1278304 0.1391380 0.1316987 0.1391071 
Dasyuridae_Antechinus_stuartii               0.0979821 0.1236708 0.0845813 0.1046255 0.1062292 0.0221661 0.0997359 0.1016835 0.1052269 0.1155549 0.1002788 0.0093186 0.0331081 0.0994950 0.0887209 0.0103116 0.0205147 0.0272782 0.1206282 0.1014120 0.1116974 0.1292447 0.1235428 0.0000000 0.0974430 0.1012698 0.0995695 0.0953943 0.1068942 0.1267595 0.1014443 0.0996157 0.1201943 0.0218880 0.1184628 
Hypsiprymnodontidae_Hypsiprymnodon_moschatus 0.0633609 0.1121732 0.0623537 0.0489444 0.0515849 0.1049115 0.0714928 0.0710077 0.0512798 0.0961205 0.0709101 0.1035997 0.1088598 0.0720490 0.0636209 0.1044699 0.1053917 0.0995013 0.1043742 0.0489016 0.0782113 0.1283139 0.1209656 0.0974430 0.0000000 0.0933381 0.0650371 0.0490070 0.0748699 0.1028047 0.0695586 0.0712876 0.1001640 0.1069835 0.1016912 
Microbiotheriidae_Dromiciops_gliroides       0.0889471 0.1200396 0.0795604 0.0959661 0.0974403 0.1064787 0.0969352 0.0962057 0.0958032 0.1033230 0.0963635 0.1076231 0.1151172 0.0936406 0.0796970 0.1072862 0.1081075 0.1065848 0.1146282 0.0961476 0.0986417 0.1335406 0.1273629 0.1012698 0.0933381 0.0000000 0.0862809 0.0918182 0.0928494 0.1237115 0.0888830 0.0953592 0.1123305 0.1098968 0.1110493 
Pseudochiridae_Petauroides_volans            0.0598516 0.1098227 0.0575240 0.0687312 0.0711913 0.1038215 0.0629336 0.0657762 0.0710491 0.1013794 0.0646011 0.1063630 0.1060885 0.0638037 0.0465810 0.1051367 0.1081194 0.1035524 0.1053404 0.0724883 0.0384488 0.1262097 0.1187677 0.0995695 0.0650371 0.0862809 0.0000000 0.0708148 0.0391862 0.0820648 0.0574648 0.0637652 0.1052331 0.1069783 0.1056193 
Macropodidae_Wallabia_bicolor                0.0655319 0.1149695 0.0665734 0.0268615 0.0299671 0.1014340 0.0695494 0.0714794 0.0293518 0.1010248 0.0693459 0.1030246 0.1067980 0.0678321 0.0667544 0.1026894 0.1017262 0.1003166 0.1060104 0.0119856 0.0818829 0.1302907 0.1273296 0.0953943 0.0490070 0.0918182 0.0708148 0.0000000 0.0812389 0.1016644 0.0750474 0.0693619 0.1124674 0.1030025 0.1044068 
Pseudochiridae_Pseudocheirus_occidentalis    0.0756145 0.1205570 0.0691666 0.0803856 0.0805170 0.1088062 0.0767745 0.0796194 0.0810968 0.1113202 0.0774587 0.1108126 0.1150405 0.0777917 0.0589034 0.1104272 0.1108112 0.1135804 0.1148339 0.0805675 0.0184136 0.1344894 0.1216612 0.1068942 0.0748699 0.0928494 0.0391862 0.0812389 0.0000000 0.0907213 0.0691312 0.0773051 0.1139648 0.1114079 0.1142060 
Tarsipedidae_Tarsipes_rostratus              0.0952685 0.1517578 0.0868495 0.1068027 0.1090482 0.1288913 0.0997087 0.1020571 0.1066892 0.1387400 0.1010710 0.1330664 0.1280137 0.0978249 0.0825801 0.1327636 0.1311995 0.1324204 0.1405033 0.1068542 0.0907504 0.1699077 0.1587147 0.1267595 0.1028047 0.1237115 0.0820648 0.1016644 0.0907213 0.0000000 0.0935200 0.0996754 0.1360416 0.1270656 0.1430893 
Acrobatidae_Distoechurus_pennatus            0.0601240 0.1091512 0.0576337 0.0757063 0.0778218 0.1067943 0.0632928 0.0662904 0.0749799 0.1053051 0.0667752 0.1047643 0.1056496 0.0653602 0.0259396 0.1031938 0.1091119 0.1015470 0.1074504 0.0790427 0.0686921 0.1284147 0.1208980 0.1014443 0.0695586 0.0888830 0.0574648 0.0750474 0.0691312 0.0935200 0.0000000 0.0667696 0.1034091 0.1096657 0.1092135 
Phalangeridae_Phalanger_carmelitae           0.0605290 0.1175710 0.0629835 0.0694281 0.0707303 0.1053305 0.0189896 0.0125173 0.0702772 0.1053696 0.0136035 0.1051861 0.1095201 0.0061605 0.0609518 0.1056683 0.1076915 0.1024404 0.1107449 0.0729142 0.0752626 0.1327824 0.1278304 0.0996157 0.0712876 0.0953592 0.0637652 0.0693619 0.0773051 0.0996754 0.0667696 0.0000000 0.1153198 0.1068487 0.1072932 
Peramelidae_Peroryctes_raffrayana            0.1023529 0.1391002 0.0934350 0.1044764 0.1071836 0.1202809 0.1220743 0.1161027 0.1090976 0.0189529 0.1164133 0.1260686 0.1293649 0.1142257 0.0964721 0.1272954 0.1298519 0.1326713 0.0165084 0.1124316 0.1151906 0.1429294 0.1391380 0.1201943 0.1001640 0.1123305 0.1052331 0.1124674 0.1139648 0.1360416 0.1034091 0.1153198 0.0000000 0.1254750 0.0194500 
Dasyuridae_Dasyurus_geffroii                 0.1026160 0.1319995 0.0913338 0.1109807 0.1126047 0.0077993 0.1071346 0.1100440 0.1121432 0.1230242 0.1093112 0.0246865 0.0375572 0.1072727 0.0957871 0.0257326 0.0084640 0.0319027 0.1286989 0.1099013 0.1155958 0.1395149 0.1316987 0.0218880 0.1069835 0.1098968 0.1069783 0.1030025 0.1114079 0.1270656 0.1096657 0.1068487 0.1254750 0.0000000 0.1255343 
Peramelidae_Perameles_gunnii                 0.1004933 0.1242710 0.0929578 0.1024958 0.1026994 0.1238698 0.1090231 0.1097907 0.1064060 0.0013770 0.1060773 0.1246544 0.1285253 0.1064628 0.1023703 0.1248076 0.1270495 0.1228157 0.0179074 0.1069043 0.1212725 0.1428418 0.1391071 0.1184628 0.1016912 0.1110493 0.1056193 0.1044068 0.1142060 0.1430893 0.1092135 0.1072932 0.0194500 0.1255343 0.0000000 
