37
Burramyidae_Burramys_parvus                  0.0000000 0.0875341 0.0575592 0.0611252 0.0603187 0.1239239 0.0515711 0.0525404 0.0600468 0.0857154 0.0568269 0.1273890 0.1058949 0.0496901 0.0506906 0.1262832 0.1206021 0.1074606 0.0919312 0.0612710 0.0618523 0.0605514 0.0652463 0.1356223 0.0613779 0.0741168 0.0504253 0.0712472 0.0535183 0.0913833 0.0576504 0.0495646 0.0828746 0.1436301 0.0850942 0.2168978 0.2168978 
Notoryctidae_Notoryctes_typhlops             0.0875341 0.0000000 0.0798219 0.0970365 0.0975079 0.1403498 0.0874633 0.0884787 0.1004287 0.1030482 0.0920391 0.1444322 0.1111405 0.0838120 0.0854288 0.1422006 0.1379455 0.1166690 0.1047938 0.0994824 0.0916649 0.0669244 0.0738422 0.1403166 0.0989374 0.0872767 0.0798115 0.1115195 0.0840808 0.1277548 0.0898637 0.0850977 0.0982764 0.1654459 0.1000617 0.2797128 0.2797128 
Vombatidae_Lasiorhinus_latifrons             0.0575592 0.0798219 0.0000000 0.0682816 0.0674509 0.1237670 0.0543280 0.0557717 0.0681812 0.0860942 0.0551426 0.1229458 0.0953001 0.0530203 0.0505087 0.1205213 0.1212164 0.0928179 0.0887350 0.0692129 0.0588751 0.0520517 0.0603390 0.1227560 0.0662698 0.0651521 0.0503857 0.0826090 0.0555049 0.0892059 0.0572631 0.0528833 0.0820229 0.1409340 0.0847548 0.2639860 0.2639860 
Potoroidae_Bettongia_penicillata             0.0611252 0.0970365 0.0682816 0.0000000 0.0041172 0.1288549 0.0598847 0.0583278 0.0122447 0.0904088 0.0647836 0.1266546 0.1041802 0.0555089 0.0589875 0.1252453 0.1244858 0.0971385 0.0959254 0.0184964 0.0719337 0.0576889 0.0653075 0.1301344 0.0447031 0.0738180 0.0587659 0.0299883 0.0642825 0.0978364 0.0631611 0.0553168 0.0862630 0.1423351 0.0897677 0.2781310 0.2781310 
Potoroidae_Bettongia_lesueur                 0.0603187 0.0975079 0.0674509 0.0041172 0.0000000 0.1277203 0.0590748 0.0575440 0.0116612 0.0896006 0.0639091 0.1247927 0.1022345 0.0547358 0.0595933 0.1234493 0.1233916 0.0960203 0.0950998 0.0167273 0.0710860 0.0572047 0.0648312 0.1290409 0.0424580 0.0731027 0.0566918 0.0281030 0.0634647 0.0968860 0.0623511 0.0545471 0.0853998 0.1411278 0.0903785 0.2771362 0.2771362 
Dasyuridae_Dasyurus_maculatus                0.1239239 0.1403498 0.1237670 0.1288549 0.1277203 0.0000000 0.1139093 0.1136269 0.1280063 0.1259570 0.1016206 0.0230827 0.0372159 0.1080986 0.1180449 0.0220890 0.0123054 0.0331228 0.1354503 0.1277612 0.1239673 0.0735803 0.0814107 0.0294592 0.1376177 0.1164300 0.1090261 0.1432180 0.1155890 0.1170472 0.1253176 0.1063849 0.1249326 0.0164910 0.1243509 0.4709295 0.4709295 
Phalangeridae_Trichosurus_vulpecula          0.0515711 0.0874633 0.0543280 0.0598847 0.0590748 0.1139093 0.0000000 0.0228163 0.0557027 0.0883508 0.0287095 0.1152040 0.0900507 0.0240676 0.0488043 0.1138846 0.1114634 0.0839821 0.0873871 0.0551887 0.0527173 0.0548572 0.0627120 0.1118180 0.0595529 0.0645251 0.0441772 0.0659867 0.0516027 0.0787721 0.0510934 0.0239876 0.0812073 0.1310532 0.0869761 0.2723322 0.2723322 
Phalangeridae_Spilocuscus_maculatus          0.0525404 0.0884787 0.0557717 0.0583278 0.0575440 0.1136269 0.0228163 0.0000000 0.0534028 0.0860818 0.0160280 0.1138271 0.0887007 0.0106578 0.0504328 0.1122327 0.1112306 0.0826373 0.0865285 0.0571177 0.0579900 0.0515835 0.0593461 0.1170574 0.0601504 0.0709156 0.0489007 0.0670663 0.0539824 0.0855957 0.0550161 0.0106252 0.0841182 0.1288278 0.0847468 0.2738448 0.2738448 
Potoroidae_Aepyprymnus_rufescens             0.0600468 0.1004287 0.0681812 0.0122447 0.0116612 0.1280063 0.0557027 0.0534028 0.0000000 0.0958233 0.0571925 0.1242099 0.0980697 0.0517674 0.0634655 0.1226999 0.1242404 0.0972017 0.1040757 0.0184061 0.0696537 0.0634173 0.0767950 0.1296357 0.0455908 0.0814229 0.0536194 0.0204867 0.0633694 0.0983795 0.0624537 0.0516225 0.0933670 0.1415484 0.0951420 0.2375660 0.2375660 
Peramelidae_Perameles_nasuta                 0.0857154 0.1030482 0.0860942 0.0904088 0.0896006 0.1259570 0.0883508 0.0860818 0.0958233 0.0000000 0.0894684 0.1297339 0.0985475 0.0830408 0.0848007 0.1270573 0.1194131 0.0927621 0.0272073 0.0899814 0.0967019 0.0634732 0.0652583 0.1319591 0.0959967 0.0788488 0.0783607 0.1038003 0.0893925 0.1089353 0.0916283 0.0842394 0.0254430 0.1395738 0.0033819 0.0391609 0.0391609 
Phalangeridae_Strigocuscus_pelengensis       0.0568269 0.0920391 0.0551426 0.0647836 0.0639091 0.1016206 0.0287095 0.0160280 0.0571925 0.0894684 0.0000000 0.0997200 0.1004686 0.0132644 0.0552774 0.1013980 0.0988565 0.0878620 0.0901224 0.0588674 0.0632829 0.0522440 0.0587579 0.0949276 0.0654330 0.0724904 0.0533029 0.0719614 0.0567669 0.0958651 0.0626634 0.0119849 0.0890780 0.1118247 0.0871918 0.3264356 0.3264356 
Dasyuridae_Phascogale_tapoatafa              0.1273890 0.1444322 0.1229458 0.1266546 0.1247927 0.0230827 0.1152040 0.1138271 0.1242099 0.1297339 0.0997200 0.0000000 0.0331716 0.1082760 0.1158028 0.0016413 0.0219143 0.0329601 0.1371946 0.1250284 0.1205569 0.0751035 0.0841352 0.0157137 0.1404606 0.1170025 0.1054241 0.1392519 0.1136252 0.1163102 0.1209331 0.1067873 0.1249277 0.0322134 0.1289412 0.4569899 0.4569899 
Dasyuridae_Sminthopsis_macroura              0.1058949 0.1111405 0.0953001 0.1041802 0.1022345 0.0372159 0.0900507 0.0887007 0.0980697 0.0985475 0.1004686 0.0331716 0.0000000 0.0844405 0.0957281 0.0344371 0.0363992 0.0366446 0.1023536 0.1046361 0.0954210 0.0498378 0.0515896 0.0312080 0.1109909 0.0873177 0.0872626 0.1185145 0.0911971 0.1222017 0.1070740 0.0842103 0.0971508 0.0525578 0.0950088 0.4507892 0.4507892 
Phalangeridae_Phalanger_orientalis           0.0496901 0.0838120 0.0530203 0.0555089 0.0547358 0.1080986 0.0240676 0.0106578 0.0517674 0.0830408 0.0132644 0.1082760 0.0844405 0.0000000 0.0463057 0.1080859 0.1051673 0.0796374 0.0828313 0.0528726 0.0564780 0.0500888 0.0560950 0.1097016 0.0555262 0.0664061 0.0474842 0.0640721 0.0504229 0.0858436 0.0522727 0.0022756 0.0815769 0.1236812 0.0817071 0.2642252 0.2642252 
Acrobatidae_Acrobates_pygmaeus               0.0506906 0.0854288 0.0505087 0.0589875 0.0595933 0.1180449 0.0488043 0.0504328 0.0634655 0.0848007 0.0552774 0.1158028 0.0957281 0.0463057 0.0000000 0.1144304 0.1132996 0.0904865 0.0869079 0.0605360 0.0551530 0.0519041 0.0590974 0.1146491 0.0596820 0.0645702 0.0435897 0.0698154 0.0485760 0.0739189 0.0283895 0.0475390 0.0791645 0.1368365 0.0834547 0.2481898 0.2481898 
Dasyuridae_Phascogale_calura                 0.1262832 0.1422006 0.1205213 0.1252453 0.1234493 0.0220890 0.1138846 0.1122327 0.1226999 0.1270573 0.1013980 0.0016413 0.0344371 0.1080859 0.1144304 0.0000000 0.0228242 0.0329601 0.1335639 0.1222958 0.1175544 0.0738926 0.0828022 0.0154463 0.1366353 0.1134135 0.1021158 0.1358586 0.1114942 0.1134837 0.1184389 0.1062302 0.1205341 0.0338517 0.1255432 0.4348203 0.4348203 
Dasyuridae_Sarcophilus_harrisii              0.1206021 0.1379455 0.1212164 0.1244858 0.1233916 0.0123054 0.1114634 0.1112306 0.1242404 0.1194131 0.0988565 0.0219143 0.0363992 0.1051673 0.1132996 0.0228242 0.0000000 0.0340745 0.1301163 0.1235303 0.1195266 0.0745780 0.0822450 0.0292291 0.1344337 0.1139891 0.1068025 0.1393572 0.1116534 0.1193657 0.1200897 0.1042060 0.1201532 0.0195175 0.1186354 0.4251717 0.4251717 
Dasyuridae_Planigale_tenuirostris            0.1074606 0.1166690 0.0928179 0.0971385 0.0960203 0.0331228 0.0839821 0.0826373 0.0972017 0.0927621 0.0878620 0.0329601 0.0366446 0.0796374 0.0904865 0.0329601 0.0340745 0.0000000 0.1006873 0.0937880 0.0863931 0.0414382 0.0445279 0.0306421 0.1083332 0.0810654 0.0802419 0.1187862 0.0815076 0.1093672 0.1029585 0.0784081 0.0916190 0.0441525 0.0927284 0.6416843 0.6416843 
Peramelidae_Echymipera_kalubu                0.0919312 0.1047938 0.0887350 0.0959254 0.0950998 0.1354503 0.0873871 0.0865285 0.1040757 0.0272073 0.0901224 0.1371946 0.1023536 0.0828313 0.0869079 0.1335639 0.1301163 0.1006873 0.0000000 0.0978857 0.0977095 0.0545190 0.0586507 0.1407520 0.1009885 0.0799204 0.0808171 0.1121994 0.0910505 0.1109636 0.0926451 0.0840388 0.0248659 0.1485218 0.0253184 0.0603852 0.0603852 
Macropodidae_Dorcopsulus_vanheurni           0.0612710 0.0994824 0.0692129 0.0184964 0.0167273 0.1277612 0.0551887 0.0571177 0.0184061 0.0899814 0.0588674 0.1250284 0.1046361 0.0528726 0.0605360 0.1222958 0.1235303 0.0937880 0.0978857 0.0000000 0.0722653 0.0586476 0.0651549 0.1291849 0.0450198 0.0719362 0.0598955 0.0192824 0.0659968 0.0994660 0.0655008 0.0541088 0.0858376 0.1382277 0.0907623 0.2713606 0.2713606 
Pseudochiridae_Pseudochirulus_forbesi        0.0618523 0.0916649 0.0588751 0.0719337 0.0710860 0.1239673 0.0527173 0.0579900 0.0696537 0.0967019 0.0632829 0.1205569 0.0954210 0.0564780 0.0551530 0.1175544 0.1195266 0.0863931 0.0977095 0.0722653 0.0000000 0.0592462 0.0674182 0.1185478 0.0749763 0.0744616 0.0314531 0.0813368 0.0207036 0.0784260 0.0600593 0.0562813 0.0914636 0.1400958 0.0937840 0.2587500 0.2587500 
Didelphidae_Didelphis_virginiana             0.0605514 0.0669244 0.0520517 0.0576889 0.0572047 0.0735803 0.0548572 0.0515835 0.0634173 0.0634732 0.0522440 0.0751035 0.0498378 0.0500888 0.0519041 0.0738926 0.0745780 0.0414382 0.0545190 0.0586476 0.0592462 0.0000000 0.0284657 0.0771775 0.0991705 0.0551401 0.0479789 0.0696181 0.0536555 0.0578027 0.0504598 0.0503774 0.0549505 0.0825777 0.0634518 9.0000000 9.0000000 
Marmosidae_Monodelphis_domestica             0.0652463 0.0738422 0.0603390 0.0653075 0.0648312 0.0814107 0.0627120 0.0593461 0.0767950 0.0652583 0.0587579 0.0841352 0.0515896 0.0560950 0.0590974 0.0828022 0.0822450 0.0445279 0.0586507 0.0651549 0.0674182 0.0284657 0.0000000 0.0868384 0.1112932 0.0629751 0.0555990 0.0768463 0.0608218 0.0562308 0.0596280 0.0568252 0.0615654 0.0900695 0.0653308 9.0000000 9.0000000 
Dasyuridae_Antechinus_stuartii               0.1356223 0.1403166 0.1227560 0.1301344 0.1290409 0.0294592 0.1118180 0.1170574 0.1296357 0.1319591 0.0949276 0.0157137 0.0312080 0.1097016 0.1146491 0.0154463 0.0292291 0.0306421 0.1407520 0.1291849 0.1185478 0.0771775 0.0868384 0.0000000 0.1476939 0.1073759 0.1059496 0.1477701 0.1103449 0.1037137 0.1193860 0.1067510 0.1240929 0.0414823 0.1318776 0.4430274 0.4430274 
Hypsiprymnodontidae_Hypsiprymnodon_moschatus 0.0613779 0.0989374 0.0662698 0.0447031 0.0424580 0.1376177 0.0595529 0.0601504 0.0455908 0.0959967 0.0654330 0.1404606 0.1109909 0.0555262 0.0596820 0.1366353 0.1344337 0.1083332 0.1009885 0.0450198 0.0749763 0.0991705 0.1112932 0.1476939 0.0000000 0.0785100 0.0593814 0.0570207 0.0670973 0.1031842 0.0610754 0.0552905 0.0880240 0.1574217 0.0960691 0.2237601 0.2237601 
Microbiotheriidae_Dromiciops_gliroides       0.0741168 0.0872767 0.0651521 0.0738180 0.0731027 0.1164300 0.0645251 0.0709156 0.0814229 0.0788488 0.0724904 0.1170025 0.0873177 0.0664061 0.0645702 0.1134135 0.1139891 0.0810654 0.0799204 0.0719362 0.0744616 0.0551401 0.0629751 0.1073759 0.0785100 0.0000000 0.0610421 0.0847367 0.0691606 0.0922516 0.0766556 0.0662545 0.0728570 0.1332566 0.0773964 0.1926717 0.1926717 
Pseudochiridae_Petauroides_volans            0.0504253 0.0798115 0.0503857 0.0587659 0.0566918 0.1090261 0.0441772 0.0489007 0.0536194 0.0783607 0.0533029 0.1054241 0.0872626 0.0474842 0.0435897 0.1021158 0.1068025 0.0802419 0.0808171 0.0598955 0.0314531 0.0479789 0.0555990 0.1059496 0.0593814 0.0610421 0.0000000 0.0698717 0.0277319 0.0671100 0.0455515 0.0473222 0.0767771 0.1268069 0.0784403 0.2303478 0.2303478 
Macropodidae_Wallabia_bicolor                0.0712472 0.1115195 0.0826090 0.0299883 0.0281030 0.1432180 0.0659867 0.0670663 0.0204867 0.1038003 0.0719614 0.1392519 0.1185145 0.0640721 0.0698154 0.1358586 0.1393572 0.1187862 0.1121994 0.0192824 0.0813368 0.0696181 0.0768463 0.1477701 0.0570207 0.0847367 0.0698717 0.0000000 0.0746566 0.1132298 0.0771927 0.0652098 0.0997563 0.1567020 0.1046218 0.2718083 0.2718083 
Pseudochiridae_Pseudocheirus_occidentalis    0.0535183 0.0840808 0.0555049 0.0642825 0.0634647 0.1155890 0.0516027 0.0539824 0.0633694 0.0893925 0.0567669 0.1136252 0.0911971 0.0504229 0.0485760 0.1114942 0.1116534 0.0815076 0.0910505 0.0659968 0.0207036 0.0536555 0.0608218 0.1103449 0.0670973 0.0691606 0.0277319 0.0746566 0.0000000 0.0795240 0.0522322 0.0502958 0.0857513 0.1325562 0.0864597 0.2619296 0.2619296 
Tarsipedidae_Tarsipes_rostratus              0.0913833 0.1277548 0.0892059 0.0978364 0.0968860 0.1170472 0.0787721 0.0855957 0.0983795 0.1089353 0.0958651 0.1163102 0.1222017 0.0858436 0.0739189 0.1134837 0.1193657 0.1093672 0.1109636 0.0994660 0.0784260 0.0578027 0.0562308 0.1037137 0.1031842 0.0922516 0.0671100 0.1132298 0.0795240 0.0000000 0.0848439 0.0845899 0.1040761 0.1369443 0.1080763 0.3398201 0.3398201 
Acrobatidae_Distoechurus_pennatus            0.0576504 0.0898637 0.0572631 0.0631611 0.0623511 0.1253176 0.0510934 0.0550161 0.0624537 0.0916283 0.0626634 0.1209331 0.1070740 0.0522727 0.0283895 0.1184389 0.1200897 0.1029585 0.0926451 0.0655008 0.0600593 0.0504598 0.0596280 0.1193860 0.0610754 0.0766556 0.0455515 0.0771927 0.0522322 0.0848439 0.0000000 0.0534528 0.0850667 0.1434052 0.0902672 0.2584081 0.2584081 
Phalangeridae_Phalanger_carmelitae           0.0495646 0.0850977 0.0528833 0.0553168 0.0545471 0.1063849 0.0239876 0.0106252 0.0516225 0.0842394 0.0119849 0.1067873 0.0842103 0.0022756 0.0475390 0.1062302 0.1042060 0.0784081 0.0840388 0.0541088 0.0562813 0.0503774 0.0568252 0.1067510 0.0552905 0.0662545 0.0473222 0.0652098 0.0502958 0.0845899 0.0534528 0.0000000 0.0829518 0.1220874 0.0829039 0.2738448 0.2738448 
Peramelidae_Peroryctes_raffrayana            0.0828746 0.0982764 0.0820229 0.0862630 0.0853998 0.1249326 0.0812073 0.0841182 0.0933670 0.0254430 0.0890780 0.1249277 0.0971508 0.0815769 0.0791645 0.1205341 0.1201532 0.0916190 0.0248659 0.0858376 0.0914636 0.0549505 0.0615654 0.1240929 0.0880240 0.0728570 0.0767771 0.0997563 0.0857513 0.1040761 0.0850667 0.0829518 0.0000000 0.1357552 0.0246962 0.0532231 0.0532231 
Dasyuridae_Dasyurus_geffroii                 0.1436301 0.1654459 0.1409340 0.1423351 0.1411278 0.0164910 0.1310532 0.1288278 0.1415484 0.1395738 0.1118247 0.0322134 0.0525578 0.1236812 0.1368365 0.0338517 0.0195175 0.0441525 0.1485218 0.1382277 0.1400958 0.0825777 0.0900695 0.0414823 0.1574217 0.1332566 0.1268069 0.1567020 0.1325562 0.1369443 0.1434052 0.1220874 0.1357552 0.0000000 0.1387177 0.4269562 0.4269562 
Peramelidae_Perameles_gunnii                 0.0850942 0.1000617 0.0847548 0.0897677 0.0903785 0.1243509 0.0869761 0.0847468 0.0951420 0.0033819 0.0871918 0.1289412 0.0950088 0.0817071 0.0834547 0.1255432 0.1186354 0.0927284 0.0253184 0.0907623 0.0937840 0.0634518 0.0653308 0.1318776 0.0960691 0.0773964 0.0784403 0.1046218 0.0864597 0.1080763 0.0902672 0.0829039 0.0246962 0.1387177 0.0000000 0.0257183 0.0257183 
Peramelidae_Isoodon_obesulus1                0.2168978 0.2797128 0.2639860 0.2781310 0.2771362 0.4709295 0.2723322 0.2738448 0.2375660 0.0391609 0.3264356 0.4569899 0.4507892 0.2642252 0.2481898 0.4348203 0.4251717 0.6416843 0.0603852 0.2713606 0.2587500 9.0000000 9.0000000 0.4430274 0.2237601 0.1926717 0.2303478 0.2718083 0.2619296 0.3398201 0.2584081 0.2738448 0.0532231 0.4269562 0.0257183 0.0000000 0.0000010 
Peramelidae_Isoodon_obesulus2                0.2168978 0.2797128 0.2639860 0.2781310 0.2771362 0.4709295 0.2723322 0.2738448 0.2375660 0.0391609 0.3264356 0.4569899 0.4507892 0.2642252 0.2481898 0.4348203 0.4251717 0.6416843 0.0603852 0.2713606 0.2587500 9.0000000 9.0000000 0.4430274 0.2237601 0.1926717 0.2303478 0.2718083 0.2619296 0.3398201 0.2584081 0.2738448 0.0532231 0.4269562 0.0257183 0.0000010 0.0000000 
