37
Burramyidae_Burramys_parvus                  0.0000000 0.0981735 0.0631978 0.0642787 0.0653090 0.0995875 0.0565301 0.0649923 0.0662003 0.0986973 0.0562895 0.0985068 0.0978637 0.0584862 0.0620927 0.0980127 0.0988172 0.1026723 0.1050637 0.0566632 0.0819551 0.0989683 0.0982183 0.1031361 0.0686758 0.0786057 0.0752010 0.0557001 0.0847820 0.0966729 0.0685352 0.0986973 0.0597133 0.0811672 0.0973323 0.1077435 0.1024241 
Notoryctidae_Notoryctes_typhlops             0.0981735 0.0000000 0.1075653 0.1148274 0.1166724 0.1402306 0.1167128 0.1137316 0.1229569 0.1117342 0.1206140 0.1349256 0.1328074 0.1232752 0.1027704 0.1345500 0.1364924 0.1450624 0.1308632 0.1120439 0.1296781 0.1254693 0.1257172 0.1372737 0.1239301 0.1124897 0.1324243 0.1139441 0.1317288 0.1477780 0.1216813 0.1117342 0.1234066 0.0948969 0.1394746 0.1313587 0.1099721 
Vombatidae_Lasiorhinus_latifrons             0.0631978 0.1075653 0.0000000 0.0762900 0.0781101 0.0947507 0.0636474 0.0780231 0.0782619 0.0803833 0.0706781 0.0940330 0.0934911 0.0733429 0.0623431 0.0919107 0.0922660 0.0929325 0.0979216 0.0705536 0.0843604 0.1111664 0.1064040 0.0942921 0.0750286 0.0826101 0.0880632 0.0695578 0.0846125 0.1104341 0.0806590 0.0803833 0.0699117 0.0850533 0.0932739 0.1046755 0.0983958 
Potoroidae_Bettongia_penicillata             0.0642787 0.1148274 0.0762900 0.0000000 0.0044094 0.1114511 0.0716193 0.0894140 0.0127653 0.0953813 0.0764476 0.1117733 0.1085463 0.0768234 0.0728935 0.1124905 0.1090793 0.1067978 0.1103757 0.0257872 0.0947617 0.1147073 0.1141344 0.1151755 0.0566227 0.0937233 0.0884238 0.0256998 0.0940794 0.1139880 0.0807436 0.0953813 0.0757190 0.0907076 0.1099306 0.1189599 0.1134293 
Potoroidae_Bettongia_lesueur                 0.0653090 0.1166724 0.0781101 0.0044094 0.0000000 0.1135662 0.0739997 0.0913006 0.0147397 0.0966419 0.0760747 0.1121292 0.1089286 0.0778013 0.0739433 0.1139537 0.1111563 0.1066073 0.1133102 0.0278142 0.0973526 0.1152441 0.1140167 0.1174839 0.0560484 0.0978864 0.0884227 0.0284098 0.0969734 0.1177936 0.0818354 0.0966419 0.0766976 0.0917825 0.1120131 0.1219611 0.1154795 
Dasyuridae_Dasyurus_maculatus                0.0995875 0.1402306 0.0947507 0.1114511 0.1135662 0.0000000 0.0992956 0.1132332 0.1182231 0.0486134 0.1018020 0.0210259 0.0290176 0.1036699 0.0967427 0.0178292 0.0094985 0.0272562 0.1251925 0.1039405 0.1146570 0.1204854 0.1197578 0.0212716 0.1123748 0.1080487 0.1227180 0.1041758 0.1243006 0.1341812 0.1129489 0.0486134 0.1012873 0.1053779 0.0101658 0.1247557 0.1217789 
Phalangeridae_Trichosurus_vulpecula          0.0565301 0.1167128 0.0636474 0.0716193 0.0739997 0.0992956 0.0000000 0.0290873 0.0710471 0.1093559 0.0280565 0.0953239 0.0984953 0.0239065 0.0668818 0.0958175 0.0961737 0.1051375 0.1121197 0.0658511 0.0904060 0.1149642 0.1147972 0.1012666 0.0755463 0.0840836 0.0850272 0.0626045 0.0962971 0.0977177 0.0785085 0.1093559 0.0233900 0.0982128 0.0970297 0.1157504 0.1045090 
Phalangeridae_Spilocuscus_maculatus          0.0649923 0.1137316 0.0780231 0.0894140 0.0913006 0.1132332 0.0290873 0.0000000 0.0896819 0.1077723 0.0236611 0.1105681 0.1108531 0.0245468 0.0777269 0.1109820 0.1112190 0.1166919 0.1199335 0.0798632 0.1010696 0.1265978 0.1261858 0.1154996 0.0844196 0.0907847 0.0964490 0.0770117 0.1053713 0.1133985 0.0936633 0.1077723 0.0239719 0.1048147 0.1105691 0.1254223 0.1093027 
Potoroidae_Aepyprymnus_rufescens             0.0662003 0.1229569 0.0782619 0.0127653 0.0147397 0.1182231 0.0710471 0.0896819 0.0000000 0.1055570 0.0745116 0.1170755 0.1147831 0.0778189 0.0750534 0.1189833 0.1142663 0.1152936 0.1170212 0.0293226 0.1015818 0.1180168 0.1190822 0.1202536 0.0590801 0.0983095 0.0928633 0.0285322 0.1023334 0.1169740 0.0819769 0.1055570 0.0767157 0.0953074 0.1151284 0.1241913 0.1151475 
Myrmecobiidae_Myrmecobius_fasciatus1         0.0986973 0.1117342 0.0803833 0.0953813 0.0966419 0.0486134 0.1093559 0.1077723 0.1055570 0.0000000 0.1017223 0.0365393 0.0514590 0.0984313 0.1106155 0.0416371 0.0394647 0.0491804 0.0932330 0.1049204 0.1028766 0.0840381 0.0719862 0.0467990 0.1324119 0.0978966 0.1476731 0.1048193 0.1130025 0.1837731 0.1278609 0.0000010 0.1024059 0.1781512 0.0436204 0.0929188 9.0000000 
Phalangeridae_Strigocuscus_pelengensis       0.0562895 0.1206140 0.0706781 0.0764476 0.0760747 0.1018020 0.0280565 0.0236611 0.0745116 0.1017223 0.0000000 0.1002693 0.1023659 0.0177874 0.0681339 0.1006346 0.1002736 0.1096796 0.1090892 0.0697808 0.0969267 0.1110917 0.1120681 0.1062858 0.0752453 0.0853153 0.0914088 0.0666060 0.0993931 0.1013998 0.0806434 0.1017223 0.0178961 0.0956459 0.0979487 0.1102797 0.1014965 
Dasyuridae_Phascogale_tapoatafa              0.0985068 0.1349256 0.0940330 0.1117733 0.1121292 0.0210259 0.0953239 0.1105681 0.1170755 0.0365393 0.1002693 0.0000000 0.0231621 0.1031843 0.0978469 0.0032414 0.0162172 0.0287837 0.1250517 0.1018769 0.1159621 0.1213707 0.1168236 0.0118134 0.1159867 0.1080331 0.1236940 0.1012903 0.1261621 0.1385579 0.1121708 0.0365393 0.1023844 0.1055307 0.0182655 0.1246102 0.1205848 
Dasyuridae_Sminthopsis_macroura              0.0978637 0.1328074 0.0934911 0.1085463 0.1089286 0.0290176 0.0984953 0.1108531 0.1147831 0.0514590 0.1023659 0.0231621 0.0000000 0.1052170 0.0981856 0.0221049 0.0241029 0.0199806 0.1165195 0.1021987 0.1082769 0.1174688 0.1178920 0.0248561 0.1114542 0.1072126 0.1126672 0.0991420 0.1297856 0.1373934 0.1124106 0.0514590 0.1044406 0.0933647 0.0248174 0.1178234 0.1142067 
Phalangeridae_Phalanger_orientalis           0.0584862 0.1232752 0.0733429 0.0768234 0.0778013 0.1036699 0.0239065 0.0245468 0.0778189 0.0984313 0.0177874 0.1031843 0.1052170 0.0000000 0.0690626 0.1038249 0.1028687 0.1132756 0.1140237 0.0725783 0.0939552 0.1201617 0.1173220 0.1090883 0.0786151 0.0862026 0.0924255 0.0692657 0.1027692 0.1035708 0.0829958 0.0984313 0.0056667 0.1022637 0.1021803 0.1169137 0.1097440 
Acrobatidae_Acrobates_pygmaeus               0.0620927 0.1027704 0.0623431 0.0728935 0.0739433 0.0967427 0.0668818 0.0777269 0.0750534 0.1106155 0.0681339 0.0978469 0.0981856 0.0690626 0.0000000 0.0975646 0.0959870 0.0983544 0.1101859 0.0681931 0.0765856 0.1172794 0.1135122 0.1009770 0.0776204 0.0887107 0.0801129 0.0678614 0.0828762 0.0946127 0.0433106 0.1106155 0.0700089 0.0864029 0.0953395 0.1126402 0.1060601 
Dasyuridae_Phascogale_calura                 0.0980127 0.1345500 0.0919107 0.1124905 0.1139537 0.0178292 0.0958175 0.1109820 0.1189833 0.0416371 0.1006346 0.0032414 0.0221049 0.1038249 0.0975646 0.0000000 0.0144134 0.0268975 0.1243455 0.0992009 0.1149033 0.1205041 0.1167538 0.0100201 0.1140132 0.1065198 0.1193960 0.1011678 0.1254891 0.1373724 0.1111318 0.0416371 0.1030201 0.1037524 0.0164718 0.1239005 0.1176982 
Dasyuridae_Sarcophilus_harrisii              0.0988172 0.1364924 0.0922660 0.1090793 0.1111563 0.0094985 0.0961737 0.1112190 0.1142663 0.0394647 0.1002736 0.0162172 0.0241029 0.1028687 0.0959870 0.0144134 0.0000000 0.0254899 0.1192118 0.1001648 0.1137172 0.1180841 0.1173713 0.0177756 0.1120886 0.1055523 0.1202249 0.1003503 0.1254716 0.1364546 0.1100889 0.0394647 0.1020807 0.1021021 0.0056411 0.1187954 0.1172948 
Dasyuridae_Planigale_tenuirostris            0.1026723 0.1450624 0.0929325 0.1067978 0.1066073 0.0272562 0.1051375 0.1166919 0.1152936 0.0491804 0.1096796 0.0287837 0.0199806 0.1132756 0.0983544 0.0268975 0.0254899 0.0000000 0.1253647 0.0952046 0.1088030 0.1172129 0.1160909 0.0313004 0.1125107 0.1109746 0.1184775 0.1000892 0.1221980 0.1403596 0.1197121 0.0491804 0.1128423 0.0970141 0.0263093 0.1260978 0.1214513 
Peramelidae_Echymipera_kalubu                0.1050637 0.1308632 0.0979216 0.1103757 0.1133102 0.1251925 0.1121197 0.1199335 0.1170212 0.0932330 0.1090892 0.1250517 0.1165195 0.1140237 0.1101859 0.1243455 0.1192118 0.1253647 0.0000000 0.1113565 0.1319370 0.1266348 0.1229491 0.1276175 0.1139623 0.1114779 0.1270889 0.1116228 0.1331209 0.1443060 0.1218536 0.0932330 0.1142673 0.0218677 0.1204072 0.0245056 0.0271793 
Macropodidae_Dorcopsulus_vanheurni           0.0566632 0.1120439 0.0705536 0.0257872 0.0278142 0.1039405 0.0658511 0.0798632 0.0293226 0.1049204 0.0697808 0.1018769 0.1021987 0.0725783 0.0681931 0.0992009 0.1001648 0.0952046 0.1113565 0.0000000 0.0938573 0.1101628 0.1070114 0.1065505 0.0530216 0.0916861 0.0871538 0.0149114 0.0939444 0.1049058 0.0769846 0.1049204 0.0714520 0.0846297 0.1009889 0.1151444 0.1067519 
Pseudochiridae_Pseudochirulus_forbesi        0.0819551 0.1296781 0.0843604 0.0947617 0.0973526 0.1146570 0.0904060 0.1010696 0.1015818 0.1028766 0.0969267 0.1159621 0.1082769 0.0939552 0.0765856 0.1149033 0.1137172 0.1088030 0.1319370 0.0938573 0.0000000 0.1362688 0.1324618 0.1176775 0.1002810 0.1054311 0.0696200 0.0902126 0.0422968 0.1005675 0.0894690 0.1028766 0.0937694 0.1036889 0.1129947 0.1369933 0.1325924 
Didelphidae_Didelphis_virginiana             0.0989683 0.1254693 0.1111664 0.1147073 0.1152441 0.1204854 0.1149642 0.1265978 0.1180168 0.0840381 0.1110917 0.1213707 0.1174688 0.1201617 0.1172794 0.1205041 0.1180841 0.1172129 0.1266348 0.1101628 0.1362688 0.0000000 0.0384414 0.1236625 0.1243169 0.1104843 0.1272689 0.1102776 0.1355184 0.1515342 0.1318837 0.0840381 0.1171058 0.0941024 0.1164019 0.1287778 0.1206893 
Marmosidae_Monodelphis_domestica             0.0982183 0.1257172 0.1064040 0.1141344 0.1140167 0.1197578 0.1147972 0.1261858 0.1190822 0.0719862 0.1120681 0.1168236 0.1178920 0.1173220 0.1135122 0.1167538 0.1173713 0.1160909 0.1229491 0.1070114 0.1324618 0.0384414 0.0000000 0.1203424 0.1181358 0.1172384 0.1261762 0.1077278 0.1381372 0.1505480 0.1281246 0.0719862 0.1132470 0.0882238 0.1169201 0.1261353 0.1177035 
Dasyuridae_Antechinus_stuartii               0.1031361 0.1372737 0.0942921 0.1151755 0.1174839 0.0212716 0.1012666 0.1154996 0.1202536 0.0467990 0.1062858 0.0118134 0.0248561 0.1090883 0.1009770 0.0100201 0.0177756 0.0313004 0.1276175 0.1065505 0.1176775 0.1236625 0.1203424 0.0000000 0.1196429 0.1101441 0.1271861 0.1061725 0.1256679 0.1424216 0.1139581 0.0467990 0.1074342 0.1035228 0.0198631 0.1271633 0.1200113 
Hypsiprymnodontidae_Hypsiprymnodon_moschatus 0.0686758 0.1239301 0.0750286 0.0566227 0.0560484 0.1123748 0.0755463 0.0844196 0.0590801 0.1324119 0.0752453 0.1159867 0.1114542 0.0786151 0.0776204 0.1140132 0.1120886 0.1125107 0.1139623 0.0530216 0.1002810 0.1243169 0.1181358 0.1196429 0.0000000 0.1000018 0.0962182 0.0482229 0.0990570 0.1147783 0.0852232 0.1324119 0.0767042 0.0908704 0.1113684 0.1177704 0.1020514 
Microbiotheriidae_Dromiciops_gliroides       0.0786057 0.1124897 0.0826101 0.0937233 0.0978864 0.1080487 0.0840836 0.0907847 0.0983095 0.0978966 0.0853153 0.1080331 0.1072126 0.0862026 0.0887107 0.1065198 0.1055523 0.1109746 0.1114779 0.0916861 0.1054311 0.1104843 0.1172384 0.1101441 0.1000018 0.0000000 0.1005841 0.0913553 0.1056794 0.1191881 0.1014961 0.0978966 0.0861416 0.0987624 0.1065884 0.1163765 0.1085967 
Pseudochiridae_Petauroides_volans            0.0752010 0.1324243 0.0880632 0.0884238 0.0884227 0.1227180 0.0850272 0.0964490 0.0928633 0.1476731 0.0914088 0.1236940 0.1126672 0.0924255 0.0801129 0.1193960 0.1202249 0.1184775 0.1270889 0.0871538 0.0696200 0.1272689 0.1261762 0.1271861 0.0962182 0.1005841 0.0000000 0.0842394 0.0668377 0.0949332 0.0918535 0.1476731 0.0922902 0.1036109 0.1196089 0.1301454 0.1182350 
Macropodidae_Wallabia_bicolor                0.0557001 0.1139441 0.0695578 0.0256998 0.0284098 0.1041758 0.0626045 0.0770117 0.0285322 0.1048193 0.0666060 0.1012903 0.0991420 0.0692657 0.0678614 0.1011678 0.1003503 0.1000892 0.1116228 0.0149114 0.0902126 0.1102776 0.1077278 0.1061725 0.0482229 0.0913553 0.0842394 0.0000000 0.0947813 0.1056148 0.0773793 0.1048193 0.0679543 0.0852115 0.1012353 0.1153987 0.1061611 
Pseudochiridae_Pseudocheirus_occidentalis    0.0847820 0.1317288 0.0846125 0.0940794 0.0969734 0.1243006 0.0962971 0.1053713 0.1023334 0.1130025 0.0993931 0.1261621 0.1297856 0.1027692 0.0828762 0.1254891 0.1254716 0.1221980 0.1331209 0.0939444 0.0422968 0.1355184 0.1381372 0.1256679 0.0990570 0.1056794 0.0668377 0.0947813 0.0000000 0.0980038 0.0932891 0.1130025 0.1014841 0.0989310 0.1256773 0.1344160 0.1173155 
Tarsipedidae_Tarsipes_rostratus              0.0966729 0.1477780 0.1104341 0.1139880 0.1177936 0.1341812 0.0977177 0.1133985 0.1169740 0.1837731 0.1013998 0.1385579 0.1373934 0.1035708 0.0946127 0.1373724 0.1364546 0.1403596 0.1443060 0.1049058 0.1005675 0.1515342 0.1505480 0.1424216 0.1147783 0.1191881 0.0949332 0.1056148 0.0980038 0.0000000 0.1092990 0.1837731 0.1037910 0.1143919 0.1340012 0.1461156 0.1256661 
Acrobatidae_Distoechurus_pennatus            0.0685352 0.1216813 0.0806590 0.0807436 0.0818354 0.1129489 0.0785085 0.0936633 0.0819769 0.1278609 0.0806434 0.1121708 0.1124106 0.0829958 0.0433106 0.1111318 0.1100889 0.1197121 0.1218536 0.0769846 0.0894690 0.1318837 0.1281246 0.1139581 0.0852232 0.1014961 0.0918535 0.0773793 0.0932891 0.1092990 0.0000000 0.1278609 0.0820143 0.1021515 0.1099641 0.1243940 0.1203404 
Myrmecobiidae_Myrmecobius_fasciatus2         0.0986973 0.1117342 0.0803833 0.0953813 0.0966419 0.0486134 0.1093559 0.1077723 0.1055570 0.0000010 0.1017223 0.0365393 0.0514590 0.0984313 0.1106155 0.0416371 0.0394647 0.0491804 0.0932330 0.1049204 0.1028766 0.0840381 0.0719862 0.0467990 0.1324119 0.0978966 0.1476731 0.1048193 0.1130025 0.1837731 0.1278609 0.0000000 0.1024059 0.1781512 0.0436204 0.0929188 9.0000000 
Phalangeridae_Phalanger_carmelitae           0.0597133 0.1234066 0.0699117 0.0757190 0.0766976 0.1012873 0.0233900 0.0239719 0.0767157 0.1024059 0.0178961 0.1023844 0.1044406 0.0056667 0.0700089 0.1030201 0.1020807 0.1128423 0.1142673 0.0714520 0.0937694 0.1171058 0.1132470 0.1074342 0.0767042 0.0861416 0.0922902 0.0679543 0.1014841 0.1037910 0.0820143 0.1024059 0.0000000 0.0973653 0.0998053 0.1171872 0.1073748 
Peramelidae_Peroryctes_raffrayana            0.0811672 0.0948969 0.0850533 0.0907076 0.0917825 0.1053779 0.0982128 0.1048147 0.0953074 0.1781512 0.0956459 0.1055307 0.0933647 0.1022637 0.0864029 0.1037524 0.1021021 0.0970141 0.0218677 0.0846297 0.1036889 0.0941024 0.0882238 0.1035228 0.0908704 0.0987624 0.1036109 0.0852115 0.0989310 0.1143919 0.1021515 0.1781512 0.0973653 0.0000000 0.1014681 0.0228784 0.0229249 
Dasyuridae_Dasyurus_geffroii                 0.0973323 0.1394746 0.0932739 0.1099306 0.1120131 0.0101658 0.0970297 0.1105691 0.1151284 0.0436204 0.0979487 0.0182655 0.0248174 0.1021803 0.0953395 0.0164718 0.0056411 0.0263093 0.1204072 0.1009889 0.1129947 0.1164019 0.1169201 0.0198631 0.1113684 0.1065884 0.1196089 0.1012353 0.1256773 0.1340012 0.1099641 0.0436204 0.0998053 0.1014681 0.0000000 0.1199863 0.1177200 
Peramelidae_Perameles_gunnii                 0.1077435 0.1313587 0.1046755 0.1189599 0.1219611 0.1247557 0.1157504 0.1254223 0.1241913 0.0929188 0.1102797 0.1246102 0.1178234 0.1169137 0.1126402 0.1239005 0.1187954 0.1260978 0.0245056 0.1151444 0.1369933 0.1287778 0.1261353 0.1271633 0.1177704 0.1163765 0.1301454 0.1153987 0.1344160 0.1461156 0.1243940 0.0929188 0.1171872 0.0228784 0.1199863 0.0000000 0.0015467 
Peramelidae_Perameles_nasuta                 0.1024241 0.1099721 0.0983958 0.1134293 0.1154795 0.1217789 0.1045090 0.1093027 0.1151475 9.0000000 0.1014965 0.1205848 0.1142067 0.1097440 0.1060601 0.1176982 0.1172948 0.1214513 0.0271793 0.1067519 0.1325924 0.1206893 0.1177035 0.1200113 0.1020514 0.1085967 0.1182350 0.1061611 0.1173155 0.1256661 0.1203404 9.0000000 0.1073748 0.0229249 0.1177200 0.0015467 0.0000000 
