35
Burramyidae_Burramys_parvus                  0.0000000 0.1150906 0.0835123 0.0942481 0.0942390 0.1147881 0.0654626 0.0732708 0.0971425 0.1109713 0.0672682 0.1175940 0.1230269 0.0712874 0.0931055 0.1182869 0.1168512 0.1130096 0.1254545 0.0786320 0.0987017 0.1352804 0.1447567 0.1216734 0.0918525 0.0978856 0.1001501 0.0827893 0.0866601 0.1308450 0.0902822 0.0730828 0.1326113 0.1108429 0.1176576 
Notoryctidae_Notoryctes_typhlops             0.1150906 0.0000000 0.1187272 0.1301305 0.1344343 0.1343194 0.1160212 0.1243551 0.1304454 0.1425479 0.1134033 0.1305073 0.1402289 0.1195506 0.1298039 0.1303527 0.1408879 0.1342535 0.1549476 0.1196034 0.1495838 0.1719478 0.1715859 0.1335192 0.1258977 0.1236124 0.1525722 0.1223787 0.1417797 0.1999828 0.1374960 0.1208061 0.1601601 0.1346298 0.1434658 
Vombatidae_Lasiorhinus_latifrons             0.0835123 0.1187272 0.0000000 0.1002686 0.1016413 0.1156608 0.0731928 0.0817991 0.0999176 0.1057676 0.0766943 0.1222409 0.1164740 0.0795093 0.0903973 0.1221782 0.1150977 0.1160206 0.1173260 0.0862220 0.1090157 0.1370403 0.1448319 0.1211800 0.0894549 0.0982969 0.1146530 0.0851807 0.1017627 0.1373582 0.0972687 0.0787979 0.1225551 0.1134461 0.1112042 
Potoroidae_Bettongia_penicillata             0.0942481 0.1301305 0.1002686 0.0000000 0.0082252 0.1303457 0.0900007 0.0986396 0.0294344 0.1241761 0.0924213 0.1372839 0.1373586 0.0998530 0.1136996 0.1372088 0.1318752 0.1308583 0.1372232 0.0347145 0.1220705 0.1555908 0.1726975 0.1364239 0.0677981 0.1176719 0.1268379 0.0359167 0.1106369 0.1560175 0.1146526 0.0992053 0.1517220 0.1272926 0.1305264 
Potoroidae_Bettongia_lesueur                 0.0942390 0.1344343 0.1016413 0.0082252 0.0000000 0.1318542 0.0886768 0.0986837 0.0304183 0.1274810 0.0910840 0.1403430 0.1388993 0.0998970 0.1137733 0.1401929 0.1333906 0.1315704 0.1413980 0.0347398 0.1208508 0.1599333 0.1736307 0.1378965 0.0678742 0.1176244 0.1256073 0.0349400 0.1108326 0.1530465 0.1160583 0.0992494 0.1557026 0.1287867 0.1337732 
Dasyuridae_Dasyurus_maculatus                0.1147881 0.1343194 0.1156608 0.1303457 0.1318542 0.0000000 0.1146628 0.1292474 0.1340528 0.1209421 0.1200419 0.0290074 0.0375299 0.1221277 0.1400613 0.0294971 0.0113343 0.0318983 0.1274013 0.1158815 0.1445661 0.1646533 0.1802181 0.0268958 0.1245863 0.1172839 0.1505531 0.1165122 0.1370485 0.1803463 0.1400500 0.1256403 0.1418662 0.0077724 0.1233433 
Phalangeridae_Trichosurus_vulpecula          0.0654626 0.1160212 0.0731928 0.0900007 0.0886768 0.1146628 0.0000000 0.0278442 0.0905757 0.1024698 0.0256125 0.1238701 0.1168995 0.0296951 0.0801338 0.1237417 0.1148662 0.1181777 0.1142012 0.0746525 0.0889063 0.1373615 0.1520646 0.1236040 0.0827322 0.0928362 0.0968154 0.0756388 0.0773662 0.1124457 0.0817245 0.0272226 0.1259735 0.1146100 0.1086871 
Phalangeridae_Spilocuscus_maculatus          0.0732708 0.1243551 0.0817991 0.0986396 0.0986837 0.1292474 0.0278442 0.0000000 0.0979871 0.1156643 0.0159039 0.1365962 0.1293451 0.0182462 0.0868355 0.1365203 0.1287439 0.1272284 0.1274602 0.0859256 0.1006521 0.1455317 0.1556931 0.1338466 0.0925737 0.0963688 0.1047038 0.0863597 0.0876778 0.1162470 0.0918702 0.0163822 0.1383579 0.1269704 0.1205823 
Potoroidae_Aepyprymnus_rufescens             0.0971425 0.1304454 0.0999176 0.0294344 0.0304183 0.1340528 0.0905757 0.0979871 0.0000000 0.1254336 0.0887471 0.1380829 0.1381718 0.0968003 0.1083419 0.1380064 0.1356179 0.1311511 0.1391825 0.0323948 0.1204827 0.1575247 0.1743791 0.1363827 0.0650585 0.1128692 0.1269496 0.0356860 0.1114553 0.1448086 0.1139645 0.0974222 0.1542970 0.1301619 0.1317140 
Peramelidae_Perameles_nasuta                 0.1109713 0.1425479 0.1057676 0.1241761 0.1274810 0.1209421 0.1024698 0.1156643 0.1254336 0.0000000 0.1061354 0.1292021 0.1225380 0.1119401 0.1206640 0.1282378 0.1281485 0.1196068 0.0194396 0.1133163 0.1361815 0.1594398 0.1638353 0.1253779 0.1158365 0.1149486 0.1454306 0.1163069 0.1258994 0.1650768 0.1242489 0.1124968 0.0187645 0.1233287 0.0018355 
Phalangeridae_Strigocuscus_pelengensis       0.0672682 0.1134033 0.0766943 0.0924213 0.0910840 0.1200419 0.0256125 0.0159039 0.0887471 0.1061354 0.0000000 0.1280555 0.1208594 0.0177401 0.0794341 0.1279855 0.1206582 0.1187347 0.1173725 0.0771110 0.0907898 0.1393816 0.1512053 0.1250115 0.0828086 0.0903842 0.0978424 0.0791264 0.0771574 0.1186408 0.0823373 0.0158615 0.1292199 0.1176702 0.1101895 
Dasyuridae_Phascogale_tapoatafa              0.1175940 0.1305073 0.1222409 0.1372839 0.1403430 0.0290074 0.1238701 0.1365962 0.1380829 0.1292021 0.1280555 0.0000000 0.0436403 0.1306521 0.1382610 0.0042695 0.0309706 0.0345900 0.1367249 0.1210336 0.1529720 0.1764837 0.1880011 0.0150706 0.1314940 0.1203035 0.1568933 0.1250718 0.1428299 0.1911115 0.1404620 0.1342793 0.1522269 0.0276334 0.1322437 
Dasyuridae_Sminthopsis_macroura              0.1230269 0.1402289 0.1164740 0.1373586 0.1388993 0.0375299 0.1168995 0.1293451 0.1381718 0.1225380 0.1208594 0.0436403 0.0000000 0.1221636 0.1403338 0.0441654 0.0405590 0.0303037 0.1300062 0.1233096 0.1440286 0.1700277 0.1823248 0.0414985 0.1293732 0.1222084 0.1506363 0.1254139 0.1362158 0.1857637 0.1462839 0.1257429 0.1437766 0.0370808 0.1257206 
Phalangeridae_Phalanger_orientalis           0.0712874 0.1195506 0.0795093 0.0998530 0.0998970 0.1221277 0.0296951 0.0182462 0.0968003 0.1119401 0.0177401 0.1306521 0.1221636 0.0000000 0.0906964 0.1305815 0.1228282 0.1230174 0.1246186 0.0851534 0.0977265 0.1439074 0.1568159 0.1280548 0.0893882 0.0958741 0.1011721 0.0855774 0.0850804 0.1199748 0.0929491 0.0078129 0.1354294 0.1199020 0.1163448 
Acrobatidae_Acrobates_pygmaeus               0.0931055 0.1298039 0.0903973 0.1136996 0.1137733 0.1400613 0.0801338 0.0868355 0.1083419 0.1206640 0.0794341 0.1382610 0.1403338 0.0906964 0.0000000 0.1381618 0.1392656 0.1388194 0.1311186 0.0962947 0.0960737 0.1537734 0.1655260 0.1418647 0.1015605 0.1112681 0.0979720 0.0990773 0.0870060 0.1224946 0.0469351 0.0875900 0.1440186 0.1343686 0.1240537 
Dasyuridae_Phascogale_calura                 0.1182869 0.1303527 0.1221782 0.1372088 0.1401929 0.0294971 0.1237417 0.1365203 0.1380064 0.1282378 0.1279855 0.0042695 0.0441654 0.1305815 0.1381618 0.0000000 0.0314650 0.0351090 0.1358244 0.1223893 0.1528806 0.1754673 0.1860740 0.0141468 0.1331575 0.1201810 0.1567986 0.1250068 0.1426416 0.1907958 0.1419070 0.1342055 0.1529728 0.0281212 0.1306042 
Dasyuridae_Sarcophilus_harrisii              0.1168512 0.1408879 0.1150977 0.1318752 0.1333906 0.0113343 0.1148662 0.1287439 0.1356179 0.1281485 0.1206582 0.0309706 0.0405590 0.1228282 0.1392656 0.0314650 0.0000000 0.0345187 0.1347398 0.1173428 0.1470392 0.1697978 0.1833775 0.0298557 0.1273350 0.1173806 0.1503828 0.1179827 0.1370049 0.1787032 0.1417029 0.1263469 0.1475482 0.0122465 0.1303244 
Dasyuridae_Planigale_tenuirostris            0.1130096 0.1342535 0.1160206 0.1308583 0.1315704 0.0318983 0.1181777 0.1272284 0.1311511 0.1196068 0.1187347 0.0345900 0.0303037 0.1230174 0.1388194 0.0351090 0.0345187 0.0000000 0.1274749 0.1175435 0.1399589 0.1728881 0.1722011 0.0357373 0.1295779 0.1156568 0.1491271 0.1178276 0.1285281 0.1792426 0.1390297 0.1261278 0.1394102 0.0308774 0.1224612 
Peramelidae_Echymipera_kalubu                0.1254545 0.1549476 0.1173260 0.1372232 0.1413980 0.1274013 0.1142012 0.1274602 0.1391825 0.0194396 0.1173725 0.1367249 0.1300062 0.1246186 0.1311186 0.1358244 0.1347398 0.1274749 0.0000000 0.1253728 0.1474397 0.1689730 0.1832853 0.1346754 0.1286428 0.1261570 0.1574135 0.1269209 0.1375973 0.1808533 0.1333560 0.1241621 0.0198249 0.1299635 0.0200717 
Macropodidae_Dorcopsulus_vanheurni           0.0786320 0.1196034 0.0862220 0.0347145 0.0347398 0.1158815 0.0746525 0.0859256 0.0323948 0.1133163 0.0771110 0.1210336 0.1233096 0.0851534 0.0962947 0.1223893 0.1173428 0.1175435 0.1253728 0.0000000 0.1071299 0.1428991 0.1552613 0.1205783 0.0474067 0.0968618 0.1116282 0.0132536 0.0967039 0.1266826 0.0959489 0.0845256 0.1355335 0.1122570 0.1198188 
Pseudochiridae_Pseudochirulus_forbesi        0.0987017 0.1495838 0.1090157 0.1220705 0.1208508 0.1445661 0.0889063 0.1006521 0.1204827 0.1361815 0.0907898 0.1529720 0.1440286 0.0977265 0.0960737 0.1528806 0.1470392 0.1399589 0.1474397 0.1071299 0.0000000 0.1636800 0.1760036 0.1514777 0.1056274 0.1211144 0.0673546 0.1091424 0.0228368 0.1187741 0.0968124 0.0983529 0.1526146 0.1420956 0.1406046 
Didelphidae_Didelphis_virginiana             0.1352804 0.1719478 0.1370403 0.1555908 0.1599333 0.1646533 0.1373615 0.1455317 0.1575247 0.1594398 0.1393816 0.1764837 0.1700277 0.1439074 0.1537734 0.1754673 0.1697978 0.1728881 0.1689730 0.1428991 0.1636800 0.0000000 0.0427996 0.1737509 0.1470229 0.1379799 0.1731028 0.1482384 0.1583959 0.2187875 0.1526996 0.1464930 0.1828970 0.1644149 0.1651452 
Marmosidae_Monodelphis_domestica             0.1447567 0.1715859 0.1448319 0.1726975 0.1736307 0.1802181 0.1520646 0.1556931 0.1743791 0.1638353 0.1512053 0.1880011 0.1823248 0.1568159 0.1655260 0.1860740 0.1833775 0.1722011 0.1832853 0.1552613 0.1760036 0.0427996 0.0000000 0.1846848 0.1580015 0.1473367 0.1798462 0.1563516 0.1658658 0.2355764 0.1633595 0.1585132 0.1965373 0.1756261 0.1732232 
Dasyuridae_Antechinus_stuartii               0.1216734 0.1335192 0.1211800 0.1364239 0.1378965 0.0268958 0.1236040 0.1338466 0.1363827 0.1253779 0.1250115 0.0150706 0.0414985 0.1280548 0.1418647 0.0141468 0.0298557 0.0357373 0.1346754 0.1205783 0.1514777 0.1737509 0.1846848 0.0000000 0.1316738 0.1200896 0.1538875 0.1227335 0.1404308 0.1870677 0.1369702 0.1318395 0.1534772 0.0254106 0.1278866 
Hypsiprymnodontidae_Hypsiprymnodon_moschatus 0.0918525 0.1258977 0.0894549 0.0677981 0.0678742 0.1245863 0.0827322 0.0925737 0.0650585 0.1158365 0.0828086 0.1314940 0.1293732 0.0893882 0.1015605 0.1331575 0.1273350 0.1295779 0.1286428 0.0474067 0.1056274 0.1470229 0.1580015 0.1316738 0.0000000 0.1041854 0.1170411 0.0525411 0.0982288 0.1320920 0.1020423 0.0899883 0.1428075 0.1243325 0.1216468 
Microbiotheriidae_Dromiciops_gliroides       0.0978856 0.1236124 0.0982969 0.1176719 0.1176244 0.1172839 0.0928362 0.0963688 0.1128692 0.1149486 0.0903842 0.1203035 0.1222084 0.0958741 0.1112681 0.1201810 0.1173806 0.1156568 0.1261570 0.0968618 0.1211144 0.1379799 0.1473367 0.1200896 0.1041854 0.0000000 0.1242331 0.0970975 0.1123977 0.1460060 0.1133370 0.0979555 0.1320755 0.1156181 0.1192533 
Pseudochiridae_Petauroides_volans            0.1001501 0.1525722 0.1146530 0.1268379 0.1256073 0.1505531 0.0968154 0.1047038 0.1269496 0.1454306 0.0978424 0.1568933 0.1506363 0.1011721 0.0979720 0.1567986 0.1503828 0.1491271 0.1574135 0.1116282 0.0673546 0.1731028 0.1798462 0.1538875 0.1170411 0.1242331 0.0000000 0.1107477 0.0525452 0.1068075 0.0980043 0.1017984 0.1608259 0.1455675 0.1496840 
Macropodidae_Wallabia_bicolor                0.0827893 0.1223787 0.0851807 0.0359167 0.0349400 0.1165122 0.0756388 0.0863597 0.0356860 0.1163069 0.0791264 0.1250718 0.1254139 0.0855774 0.0990773 0.1250068 0.1179827 0.1178276 0.1269209 0.0132536 0.1091424 0.1482384 0.1563516 0.1227335 0.0525411 0.0970975 0.1107477 0.0000000 0.1008490 0.1290907 0.0986852 0.0836856 0.1386118 0.1128645 0.1228504 
Pseudochiridae_Pseudocheirus_occidentalis    0.0866601 0.1417797 0.1017627 0.1106369 0.1108326 0.1370485 0.0773662 0.0876778 0.1114553 0.1258994 0.0771574 0.1428299 0.1362158 0.0850804 0.0870060 0.1426416 0.1370049 0.1285281 0.1375973 0.0967039 0.0228368 0.1583959 0.1658658 0.1404308 0.0982288 0.1123977 0.0525452 0.1008490 0.0000000 0.0933563 0.0880445 0.0857195 0.1363528 0.1334097 0.1258615 
Tarsipedidae_Tarsipes_rostratus              0.1308450 0.1999828 0.1373582 0.1560175 0.1530465 0.1803463 0.1124457 0.1162470 0.1448086 0.1650768 0.1186408 0.1911115 0.1857637 0.1199748 0.1224946 0.1907958 0.1787032 0.1792426 0.1808533 0.1266826 0.1187741 0.2187875 0.2355764 0.1870677 0.1320920 0.1460060 0.1068075 0.1290907 0.0933563 0.0000000 0.1176467 0.1180846 0.1818102 0.1747005 0.1694025 
Acrobatidae_Distoechurus_pennatus            0.0902822 0.1374960 0.0972687 0.1146526 0.1160583 0.1400500 0.0817245 0.0918702 0.1139645 0.1242489 0.0823373 0.1404620 0.1462839 0.0929491 0.0469351 0.1419070 0.1417029 0.1390297 0.1333560 0.0959489 0.0968124 0.1526996 0.1633595 0.1369702 0.1020423 0.1133370 0.0980043 0.0986852 0.0880445 0.1176467 0.0000000 0.0911517 0.1451861 0.1335805 0.1274069 
Phalangeridae_Phalanger_carmelitae           0.0730828 0.1208061 0.0787979 0.0992053 0.0992494 0.1256403 0.0272226 0.0163822 0.0974222 0.1124968 0.0158615 0.1342793 0.1257429 0.0078129 0.0875900 0.1342055 0.1263469 0.1261278 0.1241621 0.0845256 0.0983529 0.1464930 0.1585132 0.1318395 0.0899883 0.0979555 0.1017984 0.0836856 0.0857195 0.1180846 0.0911517 0.0000000 0.1352726 0.1233886 0.1168872 
Peramelidae_Peroryctes_raffrayana            0.1326113 0.1601601 0.1225551 0.1517220 0.1557026 0.1418662 0.1259735 0.1383579 0.1542970 0.0187645 0.1292199 0.1522269 0.1437766 0.1354294 0.1440186 0.1529728 0.1475482 0.1394102 0.0198249 0.1355335 0.1526146 0.1828970 0.1965373 0.1534772 0.1428075 0.1320755 0.1608259 0.1386118 0.1363528 0.1818102 0.1451861 0.1352726 0.0000000 0.1443840 0.0188751 
Dasyuridae_Dasyurus_geffroii                 0.1108429 0.1346298 0.1134461 0.1272926 0.1287867 0.0077724 0.1146100 0.1269704 0.1301619 0.1233287 0.1176702 0.0276334 0.0370808 0.1199020 0.1343686 0.0281212 0.0122465 0.0308774 0.1299635 0.1122570 0.1420956 0.1644149 0.1756261 0.0254106 0.1243325 0.1156181 0.1455675 0.1128645 0.1334097 0.1747005 0.1335805 0.1233886 0.1443840 0.0000000 0.1255982 
Peramelidae_Perameles_gunnii                 0.1176576 0.1434658 0.1112042 0.1305264 0.1337732 0.1233433 0.1086871 0.1205823 0.1317140 0.0018355 0.1101895 0.1322437 0.1257206 0.1163448 0.1240537 0.1306042 0.1303244 0.1224612 0.0200717 0.1198188 0.1406046 0.1651452 0.1732232 0.1278866 0.1216468 0.1192533 0.1496840 0.1228504 0.1258615 0.1694025 0.1274069 0.1168872 0.0188751 0.1255982 0.0000000 
