37
Burramyidae_Burramys_parvus                  0.0000000 0.0802804 0.0580170 0.0760263 0.0829683 0.0973941 0.0476654 0.0520830 0.0718463 0.1006248 0.0544347 0.1011710 0.0782925 0.0522319 0.0690273 0.1031769 0.0945468 0.0860645 0.1038934 0.0704650 0.0827958 0.1126761 0.1135906 0.0979232 0.0670438 0.0796134 0.0740046 0.0702504 0.0625509 0.0849021 0.0685118 0.0534820 0.0991215 0.1049070 0.1032817 0.1032817 0.0827738 
Notoryctidae_Notoryctes_typhlops             0.0802804 0.0000000 0.0833940 0.1130782 0.1201218 0.1142024 0.0762834 0.0831850 0.1053587 0.1109334 0.0851060 0.1161899 0.0944954 0.0830888 0.0991516 0.1198259 0.1135528 0.1024013 0.1152458 0.1073195 0.1129615 0.1254950 0.1297117 0.1135209 0.0940334 0.1033180 0.1032580 0.1052478 0.0738996 0.1091894 0.0963600 0.0842222 0.1163086 0.1165334 0.1125571 0.1125571 0.0849804 
Vombatidae_Lasiorhinus_latifrons             0.0580170 0.0833940 0.0000000 0.0905845 0.0973606 0.1012675 0.0594209 0.0616744 0.0843599 0.1103002 0.0667283 0.1057824 0.0772366 0.0617933 0.0713270 0.1052680 0.1005594 0.0887454 0.1028698 0.0835082 0.0884800 0.1234657 0.1191442 0.1006294 0.0764799 0.0835471 0.0693989 0.0827361 0.0529506 0.0853456 0.0759348 0.0630486 0.1030266 0.1098984 0.0783527 0.0783527 0.0762870 
Potoroidae_Bettongia_penicillata             0.0760263 0.1130782 0.0905845 0.0000000 0.0108657 0.1312881 0.0783357 0.0832978 0.0288455 0.1259929 0.0841806 0.1323113 0.1013667 0.0839163 0.0972941 0.1358098 0.1285812 0.1170010 0.1268556 0.0385781 0.1125391 0.1430159 0.1476715 0.1326004 0.0719835 0.1083195 0.1068449 0.0380301 0.0687046 0.1166484 0.1056026 0.0846536 0.1337378 0.1346881 0.1617539 0.1617539 0.1036382 
Potoroidae_Bettongia_lesueur                 0.0829683 0.1201218 0.0973606 0.0108657 0.0000000 0.1401681 0.0857611 0.0902612 0.0370992 0.1312811 0.0911000 0.1415744 0.1048960 0.0913960 0.1040237 0.1443266 0.1382049 0.1175003 0.1325829 0.0456738 0.1176226 0.1523575 0.1549038 0.1410134 0.0794654 0.1162308 0.1131733 0.0451419 0.0693030 0.1246396 0.1125209 0.0922161 0.1415840 0.1394002 0.1749073 0.1749073 0.1029886 
Dasyuridae_Dasyurus_maculatus                0.0973941 0.1142024 0.1012675 0.1312881 0.1401681 0.0000000 0.1026582 0.1112535 0.1243107 0.1334938 0.1114241 0.0330353 0.0336696 0.1093975 0.1193822 0.0305580 0.0109554 0.0339565 0.1307807 0.1166859 0.1314598 0.1428678 0.1453565 0.0305264 0.1226088 0.1111539 0.1224619 0.1200032 0.0770398 0.1285333 0.1197788 0.1117492 0.0121983 0.1357774 0.0250462 0.0250462 0.0870260 
Phalangeridae_Trichosurus_vulpecula          0.0476654 0.0762834 0.0594209 0.0783357 0.0857611 0.1026582 0.0000000 0.0197841 0.0706448 0.1020223 0.0238180 0.1002235 0.0805554 0.0203813 0.0670903 0.1047093 0.0998006 0.0867712 0.1047780 0.0707829 0.0895890 0.1162984 0.1176920 0.1000608 0.0638649 0.0816197 0.0719675 0.0690784 0.0494520 0.0890346 0.0683850 0.0207556 0.1033295 0.1096776 0.1219234 0.1219234 0.0810388 
Phalangeridae_Spilocuscus_maculatus          0.0520830 0.0831850 0.0616744 0.0832978 0.0902612 0.1112535 0.0197841 0.0000000 0.0768965 0.1069033 0.0144954 0.1065673 0.0887329 0.0106646 0.0713328 0.1130712 0.1087745 0.0978088 0.1114257 0.0734304 0.0995980 0.1191065 0.1204640 0.1087349 0.0737205 0.0844344 0.0810900 0.0723803 0.0625870 0.0951008 0.0726365 0.0111204 0.1130984 0.1142542 0.1583020 0.1583020 0.0857968 
Potoroidae_Aepyprymnus_rufescens             0.0718463 0.1053587 0.0843599 0.0288455 0.0370992 0.1243107 0.0706448 0.0768965 0.0000000 0.1278099 0.0763056 0.1256524 0.0967448 0.0745867 0.0892772 0.1267599 0.1219728 0.1069628 0.1237534 0.0423268 0.1082044 0.1442744 0.1438901 0.1261605 0.0633692 0.1028966 0.0998269 0.0407677 0.0628728 0.1099592 0.0958616 0.0753373 0.1267964 0.1314914 0.1275755 0.1275755 0.0908599 
Peramelidae_Perameles_nasuta                 0.1006248 0.1109334 0.1103002 0.1259929 0.1312811 0.1334938 0.1020223 0.1069033 0.1278099 0.0000000 0.1071525 0.1318287 0.0902774 0.1053749 0.1233018 0.1322009 0.1285775 0.1100684 0.0220199 0.1212469 0.1360977 0.1441612 0.1368303 0.1270629 0.1283224 0.1240693 0.1185862 0.1237893 0.0789837 0.1350602 0.1221774 0.1068204 0.1291517 0.0000010 9.0000000 9.0000000 0.0169240 
Phalangeridae_Strigocuscus_pelengensis       0.0544347 0.0851060 0.0667283 0.0841806 0.0911000 0.1114241 0.0238180 0.0144954 0.0763056 0.1071525 0.0000000 0.1082080 0.0862022 0.0128122 0.0780200 0.1132600 0.1084785 0.1000970 0.1097449 0.0770348 0.1006735 0.1262490 0.1268072 0.1095442 0.0718449 0.0897872 0.0824434 0.0752536 0.0649062 0.0966278 0.0786602 0.0123424 0.1119874 0.1153612 0.1399713 0.1399713 0.0850777 
Dasyuridae_Phascogale_tapoatafa              0.1011710 0.1161899 0.1057824 0.1323113 0.1415744 0.0330353 0.1002235 0.1065673 0.1256524 0.1318287 0.1082080 0.0000000 0.0370050 0.1071002 0.1242970 0.0069684 0.0296337 0.0344879 0.1336125 0.1147453 0.1393149 0.1500352 0.1474756 0.0215458 0.1287342 0.1099706 0.1245237 0.1165470 0.0784299 0.1281780 0.1248441 0.1091132 0.0320724 0.1376827 9.0000000 9.0000000 0.0791587 
Dasyuridae_Sminthopsis_macroura              0.0782925 0.0944954 0.0772366 0.1013667 0.1048960 0.0336696 0.0805554 0.0887329 0.0967448 0.0902774 0.0862022 0.0370050 0.0000000 0.0838723 0.0845375 0.0341658 0.0290532 0.0150145 0.0928149 0.0905232 0.0835157 0.0966205 0.1102346 0.0332741 0.0973242 0.0896494 0.0886118 0.0948590 0.0821021 0.0950037 0.0791180 0.0861988 0.0344426 0.0928182 0.0337295 0.0337295 0.0880460 
Phalangeridae_Phalanger_orientalis           0.0522319 0.0830888 0.0617933 0.0839163 0.0913960 0.1093975 0.0203813 0.0106646 0.0745867 0.1053749 0.0128122 0.1071002 0.0838723 0.0000000 0.0720681 0.1127613 0.1076033 0.0958500 0.1092176 0.0750348 0.0949777 0.1210679 0.1229977 0.1077738 0.0697006 0.0857107 0.0796836 0.0745403 0.0553435 0.0917026 0.0728523 0.0028926 0.1104589 0.1136529 0.1329512 0.1329512 0.0835086 
Acrobatidae_Acrobates_pygmaeus               0.0690273 0.0991516 0.0713270 0.0972941 0.1040237 0.1193822 0.0670903 0.0713328 0.0892772 0.1233018 0.0780200 0.1242970 0.0845375 0.0720681 0.0000000 0.1228830 0.1153109 0.0973082 0.1194161 0.0860463 0.0856894 0.1326752 0.1348962 0.1177097 0.0856892 0.1005434 0.0754888 0.0858823 0.0520298 0.0822900 0.0448152 0.0728268 0.1201031 0.1214564 0.0819379 0.0819379 0.0835614 
Dasyuridae_Phascogale_calura                 0.1031769 0.1198259 0.1052680 0.1358098 0.1443266 0.0305580 0.1047093 0.1130712 0.1267599 0.1322009 0.1132600 0.0069684 0.0341658 0.1127613 0.1228830 0.0000000 0.0274572 0.0302184 0.1340386 0.1189551 0.1397446 0.1475252 0.1521372 0.0192349 0.1295494 0.1160344 0.1253415 0.1211295 0.0794648 0.1321726 0.1246097 0.1146086 0.0310519 0.1385126 0.0374834 0.0374834 0.0836935 
Dasyuridae_Sarcophilus_harrisii              0.0945468 0.1135528 0.1005594 0.1285812 0.1382049 0.0109554 0.0998006 0.1087745 0.1219728 0.1285775 0.1084785 0.0296337 0.0290532 0.1076033 0.1153109 0.0274572 0.0000000 0.0341078 0.1275126 0.1148666 0.1290715 0.1427706 0.1461175 0.0278952 0.1206117 0.1089591 0.1195758 0.1181910 0.0732898 0.1297154 0.1157295 0.1088600 0.0126763 0.1324654 0.0250462 0.0250462 0.0857816 
Dasyuridae_Planigale_tenuirostris            0.0860645 0.1024013 0.0887454 0.1170010 0.1175003 0.0339565 0.0867712 0.0978088 0.1069628 0.1100684 0.1000970 0.0344879 0.0150145 0.0958500 0.0973082 0.0302184 0.0341078 0.0000000 0.1162665 0.1012929 0.1059566 0.1255015 0.1288491 0.0296649 0.1109015 0.1011013 0.1073088 0.1032637 0.0719259 0.1096002 0.0933317 0.0970576 0.0345484 0.1171164 0.0411036 0.0411036 0.0797463 
Peramelidae_Echymipera_kalubu                0.1038934 0.1152458 0.1028698 0.1268556 0.1325829 0.1307807 0.1047780 0.1114257 0.1237534 0.0220199 0.1097449 0.1336125 0.0928149 0.1092176 0.1194161 0.1340386 0.1275126 0.1162665 0.0000000 0.1258316 0.1360316 0.1471251 0.1456912 0.1262965 0.1224916 0.1240321 0.1183390 0.1253957 0.0789782 0.1337380 0.1194463 0.1099232 0.1309948 0.0231854 0.1151870 0.1151870 0.0185181 
Macropodidae_Dorcopsulus_vanheurni           0.0704650 0.1073195 0.0835082 0.0385781 0.0456738 0.1166859 0.0707829 0.0734304 0.0423268 0.1212469 0.0770348 0.1147453 0.0905232 0.0750348 0.0860463 0.1189551 0.1148666 0.1012929 0.1258316 0.0000000 0.1089041 0.1327425 0.1349209 0.1171930 0.0646750 0.0985316 0.0973740 0.0117609 0.0577918 0.1056982 0.0944717 0.0770395 0.1208009 0.1301478 0.1807930 0.1807930 0.1025212 
Pseudochiridae_Pseudochirulus_forbesi        0.0827958 0.1129615 0.0884800 0.1125391 0.1176226 0.1314598 0.0895890 0.0995980 0.1082044 0.1360977 0.1006735 0.1393149 0.0835157 0.0949777 0.0856894 0.1397446 0.1290715 0.1059566 0.1360316 0.1089041 0.0000000 0.1544906 0.1548637 0.1332416 0.1033968 0.1158974 0.0630223 0.1052434 0.0167081 0.0839650 0.0854285 0.0957055 0.1328377 0.1419042 0.0920530 0.0920530 0.0940892 
Didelphidae_Didelphis_virginiana             0.1126761 0.1254950 0.1234657 0.1430159 0.1523575 0.1428678 0.1162984 0.1191065 0.1442744 0.1441612 0.1262490 0.1500352 0.0966205 0.1210679 0.1326752 0.1475252 0.1427706 0.1255015 0.1471251 0.1327425 0.1544906 0.0000000 0.0443814 0.1436820 0.1416622 0.1301738 0.1428116 0.1346780 0.0934397 0.1509765 0.1371230 0.1237815 0.1451555 0.1501399 9.0000000 9.0000000 0.0767919 
Marmosidae_Monodelphis_domestica             0.1135906 0.1297117 0.1191442 0.1476715 0.1549038 0.1453565 0.1176920 0.1204640 0.1438901 0.1368303 0.1268072 0.1474756 0.1102346 0.1229977 0.1348962 0.1521372 0.1461175 0.1288491 0.1456912 0.1349209 0.1548637 0.0443814 0.0000000 0.1475987 0.1384627 0.1345725 0.1443457 0.1349006 0.0924219 0.1486409 0.1414307 0.1249376 0.1482352 0.1480707 0.1737693 0.1737693 0.0954002 
Dasyuridae_Antechinus_stuartii               0.0979232 0.1135209 0.1006294 0.1326004 0.1410134 0.0305264 0.1000608 0.1087349 0.1261605 0.1270629 0.1095442 0.0215458 0.0332741 0.1077738 0.1177097 0.0192349 0.0278952 0.0296649 0.1262965 0.1171930 0.1332416 0.1436820 0.1475987 0.0000000 0.1241191 0.1123209 0.1198305 0.1201353 0.0801745 0.1272659 0.1188015 0.1091458 0.0301069 0.1305753 0.0384002 0.0384002 0.0877591 
Hypsiprymnodontidae_Hypsiprymnodon_moschatus 0.0670438 0.0940334 0.0764799 0.0719835 0.0794654 0.1226088 0.0638649 0.0737205 0.0633692 0.1283224 0.0718449 0.1287342 0.0973242 0.0697006 0.0856892 0.1295494 0.1206117 0.1109015 0.1224916 0.0646750 0.1033968 0.1416622 0.1384627 0.1241191 0.0000000 0.0990704 0.0959190 0.0629795 0.0686555 0.1033759 0.0907254 0.0709635 0.1250083 0.1307342 0.1263430 0.1263430 0.1007146 
Microbiotheriidae_Dromiciops_gliroides       0.0796134 0.1033180 0.0835471 0.1083195 0.1162308 0.1111539 0.0816197 0.0844344 0.1028966 0.1240693 0.0897872 0.1099706 0.0896494 0.0857107 0.1005434 0.1160344 0.1089591 0.1011013 0.1240321 0.0985316 0.1158974 0.1301738 0.1345725 0.1123209 0.0990704 0.0000000 0.0989816 0.0978902 0.0712796 0.1160878 0.0992622 0.0867769 0.1120916 0.1286013 0.1642138 0.1642138 0.1016036 
Pseudochiridae_Petauroides_volans            0.0740046 0.1032580 0.0693989 0.1068449 0.1131733 0.1224619 0.0719675 0.0810900 0.0998269 0.1185862 0.0824434 0.1245237 0.0886118 0.0796836 0.0754888 0.1253415 0.1195758 0.1073088 0.1183390 0.0973740 0.0630223 0.1428116 0.1443457 0.1198305 0.0959190 0.0989816 0.0000000 0.0949088 0.0224177 0.0799077 0.0766690 0.0804306 0.1227464 0.1246662 0.1170423 0.1170423 0.0912067 
Macropodidae_Wallabia_bicolor                0.0702504 0.1052478 0.0827361 0.0380301 0.0451419 0.1200032 0.0690784 0.0723803 0.0407677 0.1237893 0.0752536 0.1165470 0.0948590 0.0745403 0.0858823 0.1211295 0.1181910 0.1032637 0.1253957 0.0117609 0.1052434 0.1346780 0.1349006 0.1201353 0.0629795 0.0978902 0.0949088 0.0000000 0.0628575 0.1037403 0.0920275 0.0752903 0.1229920 0.1313852 0.1622115 0.1622115 0.1016484 
Pseudochiridae_Pseudocheirus_occidentalis    0.0625509 0.0738996 0.0529506 0.0687046 0.0693030 0.0770398 0.0494520 0.0625870 0.0628728 0.0789837 0.0649062 0.0784299 0.0821021 0.0553435 0.0520298 0.0794648 0.0732898 0.0719259 0.0789782 0.0577918 0.0167081 0.0934397 0.0924219 0.0801745 0.0686555 0.0712796 0.0224177 0.0628575 0.0000000 0.0437474 0.0531718 0.0577013 0.0773788 0.0788634 9.0000000 9.0000000 0.0788732 
Tarsipedidae_Tarsipes_rostratus              0.0849021 0.1091894 0.0853456 0.1166484 0.1246396 0.1285333 0.0890346 0.0951008 0.1099592 0.1350602 0.0966278 0.1281780 0.0950037 0.0917026 0.0822900 0.1321726 0.1297154 0.1096002 0.1337380 0.1056982 0.0839650 0.1509765 0.1486409 0.1272659 0.1033759 0.1160878 0.0799077 0.1037403 0.0437474 0.0000000 0.0832325 0.0924351 0.1298605 0.1390921 0.1240289 0.1240289 0.0987931 
Acrobatidae_Distoechurus_pennatus            0.0685118 0.0963600 0.0759348 0.1056026 0.1125209 0.1197788 0.0683850 0.0726365 0.0958616 0.1221774 0.0786602 0.1248441 0.0791180 0.0728523 0.0448152 0.1246097 0.1157295 0.0933317 0.1194463 0.0944717 0.0854285 0.1371230 0.1414307 0.1188015 0.0907254 0.0992622 0.0766690 0.0920275 0.0531718 0.0832325 0.0000000 0.0731213 0.1188409 0.1231671 0.0955245 0.0955245 0.0895153 
Phalangeridae_Phalanger_carmelitae           0.0534820 0.0842222 0.0630486 0.0846536 0.0922161 0.1117492 0.0207556 0.0111204 0.0753373 0.1068204 0.0123424 0.1091132 0.0861988 0.0028926 0.0728268 0.1146086 0.1088600 0.0970576 0.1099232 0.0770395 0.0957055 0.1237815 0.1249376 0.1091458 0.0709635 0.0867769 0.0804306 0.0752903 0.0577013 0.0924351 0.0731213 0.0000000 0.1117093 0.1154505 0.1329512 0.1329512 0.0846828 
Dasyuridae_Dasyurus_geffroii                 0.0991215 0.1163086 0.1030266 0.1337378 0.1415840 0.0121983 0.1033295 0.1130984 0.1267964 0.1291517 0.1119874 0.0320724 0.0344426 0.1104589 0.1201031 0.0310519 0.0126763 0.0345484 0.1309948 0.1208009 0.1328377 0.1451555 0.1482352 0.0301069 0.1250083 0.1120916 0.1227464 0.1229920 0.0773788 0.1298605 0.1188409 0.1117093 0.0000000 0.1348184 0.0337477 0.0337477 0.0859530 
Peramelidae_Perameles_gunnii                 0.1049070 0.1165334 0.1098984 0.1346881 0.1394002 0.1357774 0.1096776 0.1142542 0.1314914 0.0000010 0.1153612 0.1376827 0.0928182 0.1136529 0.1214564 0.1385126 0.1324654 0.1171164 0.0231854 0.1301478 0.1419042 0.1501399 0.1480707 0.1305753 0.1307342 0.1286013 0.1246662 0.1313852 0.0788634 0.1390921 0.1231671 0.1154505 0.1348184 0.0000000 0.1273364 0.1273364 0.0166002 
Myrmecobiidae_Myrmecobius_fasciatus1         0.1032817 0.1125571 0.0783527 0.1617539 0.1749073 0.0250462 0.1219234 0.1583020 0.1275755 9.0000000 0.1399713 9.0000000 0.0337295 0.1329512 0.0819379 0.0374834 0.0250462 0.0411036 0.1151870 0.1807930 0.0920530 9.0000000 0.1737693 0.0384002 0.1263430 0.1642138 0.1170423 0.1622115 9.0000000 0.1240289 0.0955245 0.1329512 0.0337477 0.1273364 0.0000000 0.0000010 0.1169974 
Myrmecobiidae_Myrmecobius_fasciatus2         0.1032817 0.1125571 0.0783527 0.1617539 0.1749073 0.0250462 0.1219234 0.1583020 0.1275755 9.0000000 0.1399713 9.0000000 0.0337295 0.1329512 0.0819379 0.0374834 0.0250462 0.0411036 0.1151870 0.1807930 0.0920530 9.0000000 0.1737693 0.0384002 0.1263430 0.1642138 0.1170423 0.1622115 9.0000000 0.1240289 0.0955245 0.1329512 0.0337477 0.1273364 0.0000010 0.0000000 0.1169974 
Peramelidae_Peroryctes_raffrayana            0.0827738 0.0849804 0.0762870 0.1036382 0.1029886 0.0870260 0.0810388 0.0857968 0.0908599 0.0169240 0.0850777 0.0791587 0.0880460 0.0835086 0.0835614 0.0836935 0.0857816 0.0797463 0.0185181 0.1025212 0.0940892 0.0767919 0.0954002 0.0877591 0.1007146 0.1016036 0.0912067 0.1016484 0.0788732 0.0987931 0.0895153 0.0846828 0.0859530 0.0166002 0.1169974 0.1169974 0.0000000 
