35
Burramyidae_Burramys_parvus                  0.0000000 0.0953949 0.0606258 0.0697985 0.0704107 0.1057951 0.0564272 0.0612891 0.0679418 0.0952207 0.0604194 0.1045154 0.0999334 0.0673748 0.0654053 0.1029311 0.1034058 0.1036884 0.0937874 0.0653397 0.0777808 0.0992855 0.1088419 0.1025501 0.0693560 0.0867412 0.0650688 0.0666149 0.0713275 0.0863643 0.0591530 0.0543068 0.0946296 0.1064825 0.0945334 
Notoryctidae_Notoryctes_typhlops             0.0953949 0.0000000 0.1007591 0.1101323 0.1121338 0.1303245 0.1054043 0.1113739 0.1068263 0.1155801 0.1094655 0.1271414 0.1198981 0.1215369 0.1084162 0.1280745 0.1274765 0.1232247 0.1162044 0.1044323 0.1221955 0.1132193 0.1234205 0.1262090 0.1136638 0.1083670 0.1084296 0.1035157 0.1154174 0.1262979 0.1051208 0.1037705 0.1177424 0.1291176 0.1162734 
Vombatidae_Lasiorhinus_latifrons             0.0606258 0.1007591 0.0000000 0.0676996 0.0683431 0.1005159 0.0612825 0.0667592 0.0664811 0.0930427 0.0652775 0.0985780 0.0953583 0.0755455 0.0695790 0.0986605 0.0987350 0.0970294 0.0931875 0.0620860 0.0812226 0.0885198 0.0976033 0.0977196 0.0682971 0.0817754 0.0654438 0.0623130 0.0754848 0.0847236 0.0642234 0.0601803 0.0944515 0.1018891 0.0939391 
Potoroidae_Bettongia_penicillata             0.0697985 0.1101323 0.0676996 0.0000000 0.0042888 0.1164932 0.0661157 0.0725498 0.0148116 0.1056220 0.0730442 0.1137678 0.1112036 0.0846401 0.0769558 0.1125395 0.1148602 0.1104709 0.1061775 0.0245355 0.0911083 0.0998673 0.1103715 0.1107580 0.0513133 0.0981088 0.0787978 0.0257326 0.0819084 0.0946681 0.0723737 0.0680786 0.1063711 0.1164152 0.1057587 
Potoroidae_Bettongia_lesueur                 0.0704107 0.1121338 0.0683431 0.0042888 0.0000000 0.1185009 0.0662307 0.0731747 0.0160324 0.1079035 0.0731501 0.1140490 0.1114831 0.0842059 0.0771571 0.1128203 0.1157061 0.1113665 0.1081947 0.0253718 0.0917891 0.1043433 0.1156825 0.1104867 0.0507935 0.0983701 0.0781325 0.0265745 0.0825769 0.0939756 0.0722833 0.0676989 0.1093720 0.1172605 0.1083224 
Dasyuridae_Dasyurus_maculatus                0.1057951 0.1303245 0.1005159 0.1164932 0.1185009 0.0000000 0.1096183 0.1136441 0.1112292 0.1222921 0.1116030 0.0264984 0.0319667 0.1288781 0.1160677 0.0258368 0.0098902 0.0334716 0.1254853 0.1107938 0.1267342 0.1090693 0.1180450 0.0265458 0.1193800 0.1169268 0.1187889 0.1108250 0.1247881 0.1376347 0.1127572 0.1081316 0.1235429 0.0092624 0.1235970 
Phalangeridae_Trichosurus_vulpecula          0.0564272 0.1054043 0.0612825 0.0661157 0.0662307 0.1096183 0.0000000 0.0281678 0.0655108 0.1015491 0.0284728 0.1041649 0.1029719 0.0377852 0.0642023 0.1049748 0.1067862 0.1050171 0.1002773 0.0603357 0.0796171 0.0864484 0.0927627 0.1053786 0.0695272 0.0848984 0.0644382 0.0644052 0.0732093 0.0798931 0.0633803 0.0231699 0.1040567 0.1097240 0.1018697 
Phalangeridae_Spilocuscus_maculatus          0.0612891 0.1113739 0.0667592 0.0725498 0.0731747 0.1136441 0.0281678 0.0000000 0.0701484 0.1048474 0.0226514 0.1109078 0.1078922 0.0300801 0.0704201 0.1110683 0.1116065 0.1097124 0.1036439 0.0665378 0.0821296 0.0830751 0.0914816 0.1098902 0.0729401 0.0881966 0.0694606 0.0712792 0.0763015 0.0837250 0.0680667 0.0163344 0.1044058 0.1133728 0.1047986 
Potoroidae_Aepyprymnus_rufescens             0.0679418 0.1068263 0.0664811 0.0148116 0.0160324 0.1112292 0.0655108 0.0701484 0.0000000 0.1061081 0.0691086 0.1085147 0.1060081 0.0818094 0.0740472 0.1072955 0.1091758 0.1074179 0.1068521 0.0217299 0.0863370 0.0968228 0.1089247 0.1052086 0.0487895 0.0947002 0.0751131 0.0242366 0.0781222 0.0910136 0.0696739 0.0647407 0.1064079 0.1103082 0.1064332 
Peramelidae_Perameles_nasuta                 0.0952207 0.1155801 0.0930427 0.1056220 0.1079035 0.1222921 0.1015491 0.1048474 0.1061081 0.0000000 0.1043403 0.1212813 0.1195741 0.1192010 0.0987304 0.1218379 0.1216645 0.1215057 0.0148526 0.0998086 0.1184975 0.1047773 0.1158879 0.1191181 0.1073903 0.1044181 0.1023935 0.0999019 0.1126256 0.1226616 0.0923895 0.0967895 0.0151450 0.1237201 0.0005984 
Phalangeridae_Strigocuscus_pelengensis       0.0604194 0.1094655 0.0652775 0.0730442 0.0731501 0.1116030 0.0284728 0.0226514 0.0691086 0.1043403 0.0000000 0.1067857 0.1041988 0.0293650 0.0693423 0.1073875 0.1087905 0.1076415 0.1046767 0.0672669 0.0846183 0.0887300 0.0946465 0.1054756 0.0731715 0.0871177 0.0712502 0.0707289 0.0763631 0.0839340 0.0643844 0.0158221 0.1060573 0.1111426 0.1058649 
Dasyuridae_Phascogale_tapoatafa              0.1045154 0.1271414 0.0985780 0.1137678 0.1140490 0.0264984 0.1041649 0.1109078 0.1085147 0.1212813 0.1067857 0.0000000 0.0311430 0.1226151 0.1115519 0.0036895 0.0265508 0.0320530 0.1232872 0.1085911 0.1208308 0.1070125 0.1156176 0.0114853 0.1132379 0.1167067 0.1128058 0.1089065 0.1194331 0.1348585 0.1099629 0.1035158 0.1207867 0.0267520 0.1226708 
Dasyuridae_Sminthopsis_macroura              0.0999334 0.1198981 0.0953583 0.1112036 0.1114831 0.0319667 0.1029719 0.1078922 0.1060081 0.1195741 0.1041988 0.0311430 0.0000000 0.1213398 0.1099556 0.0304798 0.0319049 0.0193654 0.1220199 0.1046454 0.1224014 0.1065616 0.1184214 0.0318175 0.1133505 0.1127224 0.1135965 0.1060838 0.1161397 0.1297160 0.1077817 0.1007412 0.1205691 0.0314527 0.1206639 
Phalangeridae_Phalanger_orientalis           0.0673748 0.1215369 0.0755455 0.0846401 0.0842059 0.1288781 0.0377852 0.0300801 0.0818094 0.1192010 0.0293650 0.1226151 0.1213398 0.0000000 0.0816393 0.1231873 0.1267623 0.1248082 0.1188583 0.0783276 0.0957653 0.1305535 0.1389917 0.1222214 0.0817435 0.1006717 0.0810974 0.0831484 0.0825146 0.0929031 0.0788859 0.0168533 0.1209460 0.1293374 0.1188792 
Acrobatidae_Acrobates_pygmaeus               0.0654053 0.1084162 0.0695790 0.0769558 0.0771571 0.1160677 0.0642023 0.0704201 0.0740472 0.0987304 0.0693423 0.1115519 0.1099556 0.0816393 0.0000000 0.1114477 0.1119369 0.1121396 0.0999709 0.0681315 0.0764649 0.0967507 0.1020543 0.1105776 0.0757108 0.0968667 0.0620417 0.0690997 0.0706944 0.0774595 0.0350658 0.0654331 0.0993969 0.1159169 0.0990469 
Dasyuridae_Phascogale_calura                 0.1029311 0.1280745 0.0986605 0.1125395 0.1128203 0.0258368 0.1049748 0.1110683 0.1072955 0.1218379 0.1073875 0.0036895 0.0304798 0.1231873 0.1114477 0.0000000 0.0257188 0.0316412 0.1238060 0.1073736 0.1203384 0.1040843 0.1141543 0.0108720 0.1125435 0.1178795 0.1118902 0.1076811 0.1182075 0.1344777 0.1086244 0.1040449 0.1219668 0.0258691 0.1231877 
Dasyuridae_Sarcophilus_harrisii              0.1034058 0.1274765 0.0987350 0.1148602 0.1157061 0.0098902 0.1067862 0.1116065 0.1091758 0.1216645 0.1087905 0.0265508 0.0319049 0.1267623 0.1119369 0.0257188 0.0000000 0.0325447 0.1249359 0.1099716 0.1235939 0.1100782 0.1171024 0.0270098 0.1149622 0.1160014 0.1163878 0.1091504 0.1196543 0.1341751 0.1097251 0.1059089 0.1227659 0.0103115 0.1218489 
Dasyuridae_Planigale_tenuirostris            0.1036884 0.1232247 0.0970294 0.1104709 0.1113665 0.0334716 0.1050171 0.1097124 0.1074179 0.1215057 0.1076415 0.0320530 0.0193654 0.1248082 0.1121396 0.0316412 0.0325447 0.0000000 0.1237395 0.1053764 0.1268185 0.1010454 0.1104887 0.0311110 0.1165363 0.1155648 0.1153981 0.1064590 0.1206627 0.1312742 0.1097010 0.1041401 0.1231965 0.0337526 0.1225548 
Peramelidae_Echymipera_kalubu                0.0937874 0.1162044 0.0931875 0.1061775 0.1081947 0.1254853 0.1002773 0.1036439 0.1068521 0.0148526 0.1046767 0.1232872 0.1220199 0.1188583 0.0999709 0.1238060 0.1249359 0.1237395 0.0000000 0.1012000 0.1215161 0.1083142 0.1185812 0.1224253 0.1069832 0.1065118 0.1047503 0.1022218 0.1182085 0.1209291 0.0925291 0.0966547 0.0128863 0.1269285 0.0152154 
Macropodidae_Dorcopsulus_vanheurni           0.0653397 0.1044323 0.0620860 0.0245355 0.0253718 0.1107938 0.0603357 0.0665378 0.0217299 0.0998086 0.0672669 0.1085911 0.1046454 0.0783276 0.0681315 0.1073736 0.1099716 0.1053764 0.1012000 0.0000000 0.0851339 0.0949749 0.1011144 0.1051717 0.0427891 0.0925860 0.0702308 0.0105374 0.0753319 0.0879293 0.0654949 0.0627388 0.1017154 0.1111025 0.1010595 
Pseudochiridae_Pseudochirulus_forbesi        0.0777808 0.1221955 0.0812226 0.0911083 0.0917891 0.1267342 0.0796171 0.0821296 0.0863370 0.1184975 0.0846183 0.1208308 0.1224014 0.0957653 0.0764649 0.1203384 0.1235939 0.1268185 0.1215161 0.0851339 0.0000000 0.1284956 0.1391857 0.1218281 0.0898967 0.1031284 0.0500151 0.0879002 0.0286743 0.0847893 0.0736903 0.0777326 0.1208598 0.1257932 0.1199675 
Didelphidae_Didelphis_virginiana             0.0992855 0.1132193 0.0885198 0.0998673 0.1043433 0.1090693 0.0864484 0.0830751 0.0968228 0.1047773 0.0887300 0.1070125 0.1065616 0.1305535 0.0967507 0.1040843 0.1100782 0.1010454 0.1083142 0.0949749 0.1284956 0.0000000 0.0417663 0.1020811 0.0982472 0.1025884 0.1013984 0.0971327 0.1373684 0.1169175 0.0959093 0.0838942 0.1082150 0.1109275 0.1083199 
Marmosidae_Monodelphis_domestica             0.1088419 0.1234205 0.0976033 0.1103715 0.1156825 0.1180450 0.0927627 0.0914816 0.1089247 0.1158879 0.0946465 0.1156176 0.1184214 0.1389917 0.1020543 0.1141543 0.1171024 0.1104887 0.1185812 0.1011144 0.1391857 0.0417663 0.0000000 0.1129961 0.1144553 0.1154236 0.1128981 0.1035920 0.1461614 0.1237430 0.1009506 0.0907143 0.1141730 0.1220872 0.1186227 
Dasyuridae_Antechinus_stuartii               0.1025501 0.1262090 0.0977196 0.1107580 0.1104867 0.0265458 0.1053786 0.1098902 0.1052086 0.1191181 0.1054756 0.0114853 0.0318175 0.1222214 0.1105776 0.0108720 0.0270098 0.0311110 0.1224253 0.1051717 0.1218281 0.1020811 0.1129961 0.0000000 0.1118027 0.1180624 0.1110484 0.1054646 0.1181808 0.1328016 0.1081321 0.1032800 0.1203513 0.0268211 0.1205333 
Hypsiprymnodontidae_Hypsiprymnodon_moschatus 0.0693560 0.1136638 0.0682971 0.0513133 0.0507935 0.1193800 0.0695272 0.0729401 0.0487895 0.1073903 0.0731715 0.1132379 0.1133505 0.0817435 0.0757108 0.1125435 0.1149622 0.1165363 0.1069832 0.0427891 0.0898967 0.0982472 0.1144553 0.1118027 0.0000000 0.0965127 0.0754184 0.0457792 0.0826678 0.0941445 0.0722179 0.0670063 0.1084319 0.1184736 0.1077771 
Microbiotheriidae_Dromiciops_gliroides       0.0867412 0.1083670 0.0817754 0.0981088 0.0983701 0.1169268 0.0848984 0.0881966 0.0947002 0.1044181 0.0871177 0.1167067 0.1127224 0.1006717 0.0968667 0.1178795 0.1160014 0.1155648 0.1065118 0.0925860 0.1031284 0.1025884 0.1154236 0.1180624 0.0965127 0.0000000 0.0899803 0.0953188 0.1001250 0.1106976 0.0909115 0.0809708 0.1078234 0.1191940 0.1037194 
Pseudochiridae_Petauroides_volans            0.0650688 0.1084296 0.0654438 0.0787978 0.0781325 0.1187889 0.0644382 0.0694606 0.0751131 0.1023935 0.0712502 0.1128058 0.1135965 0.0810974 0.0620417 0.1118902 0.1163878 0.1153981 0.1047503 0.0702308 0.0500151 0.1013984 0.1128981 0.1110484 0.0754184 0.0899803 0.0000000 0.0737178 0.0426646 0.0735820 0.0610232 0.0647739 0.1034967 0.1200874 0.1041743 
Macropodidae_Wallabia_bicolor                0.0666149 0.1035157 0.0623130 0.0257326 0.0265745 0.1108250 0.0644052 0.0712792 0.0242366 0.0999019 0.0707289 0.1089065 0.1060838 0.0831484 0.0690997 0.1076811 0.1091504 0.1064590 0.1022218 0.0105374 0.0879002 0.0971327 0.1035920 0.1054646 0.0457792 0.0953188 0.0737178 0.0000000 0.0771185 0.0890756 0.0674209 0.0659172 0.1012054 0.1111157 0.1012592 
Pseudochiridae_Pseudocheirus_occidentalis    0.0713275 0.1154174 0.0754848 0.0819084 0.0825769 0.1247881 0.0732093 0.0763015 0.0781222 0.1126256 0.0763631 0.1194331 0.1161397 0.0825146 0.0706944 0.1182075 0.1196543 0.1206627 0.1182085 0.0753319 0.0286743 0.1373684 0.1461614 0.1181808 0.0826678 0.1001250 0.0426646 0.0771185 0.0000000 0.0788358 0.0710394 0.0690741 0.1142051 0.1224381 0.1157418 
Tarsipedidae_Tarsipes_rostratus              0.0863643 0.1262979 0.0847236 0.0946681 0.0939756 0.1376347 0.0798931 0.0837250 0.0910136 0.1226616 0.0839340 0.1348585 0.1297160 0.0929031 0.0774595 0.1344777 0.1341751 0.1312742 0.1209291 0.0879293 0.0847893 0.1169175 0.1237430 0.1328016 0.0941445 0.1106976 0.0735820 0.0890756 0.0788358 0.0000000 0.0711806 0.0758503 0.1254723 0.1376491 0.1221255 
Acrobatidae_Distoechurus_pennatus            0.0591530 0.1051208 0.0642234 0.0723737 0.0722833 0.1127572 0.0633803 0.0680667 0.0696739 0.0923895 0.0643844 0.1099629 0.1077817 0.0788859 0.0350658 0.1086244 0.1097251 0.1097010 0.0925291 0.0654949 0.0736903 0.0959093 0.1009506 0.1081321 0.0722179 0.0909115 0.0610232 0.0674209 0.0710394 0.0711806 0.0000000 0.0622901 0.0914871 0.1129913 0.0930329 
Phalangeridae_Phalanger_carmelitae           0.0543068 0.1037705 0.0601803 0.0680786 0.0676989 0.1081316 0.0231699 0.0163344 0.0647407 0.0967895 0.0158221 0.1035158 0.1007412 0.0168533 0.0654331 0.1040449 0.1059089 0.1041401 0.0966547 0.0627388 0.0777326 0.0838942 0.0907143 0.1032800 0.0670063 0.0809708 0.0647739 0.0659172 0.0690741 0.0758503 0.0622901 0.0000000 0.0980494 0.1085092 0.0972489 
Peramelidae_Peroryctes_raffrayana            0.0946296 0.1177424 0.0944515 0.1063711 0.1093720 0.1235429 0.1040567 0.1044058 0.1064079 0.0151450 0.1060573 0.1207867 0.1205691 0.1209460 0.0993969 0.1219668 0.1227659 0.1231965 0.0128863 0.1017154 0.1208598 0.1082150 0.1141730 0.1203513 0.1084319 0.1078234 0.1034967 0.1012054 0.1142051 0.1254723 0.0914871 0.0980494 0.0000000 0.1247060 0.0148329 
Dasyuridae_Dasyurus_geffroii                 0.1064825 0.1291176 0.1018891 0.1164152 0.1172605 0.0092624 0.1097240 0.1133728 0.1103082 0.1237201 0.1111426 0.0267520 0.0314527 0.1293374 0.1159169 0.0258691 0.0103115 0.0337526 0.1269285 0.1111025 0.1257932 0.1109275 0.1220872 0.0268211 0.1184736 0.1191940 0.1200874 0.1111157 0.1224381 0.1376491 0.1129913 0.1085092 0.1247060 0.0000000 0.1247280 
Peramelidae_Perameles_gunnii                 0.0945334 0.1162734 0.0939391 0.1057587 0.1083224 0.1235970 0.1018697 0.1047986 0.1064332 0.0005984 0.1058649 0.1226708 0.1206639 0.1188792 0.0990469 0.1231877 0.1218489 0.1225548 0.0152154 0.1010595 0.1199675 0.1083199 0.1186227 0.1205333 0.1077771 0.1037194 0.1041743 0.1012592 0.1157418 0.1221255 0.0930329 0.0972489 0.0148329 0.1247280 0.0000000 
