35
Burramyidae_Burramys_parvus                  0.0000000 0.0707823 0.0412698 0.0503794 0.0550478 0.0497546 0.0372515 0.0417692 0.0437826 0.0580270 0.0417973 0.0623485 0.0586303 0.0455014 0.0493037 0.0658375 0.0542789 0.0616361 0.0628014 0.0650290 0.0440072 0.0623564 0.0665326 0.0427594 0.0650212 0.0422306 0.0399938 0.0632811 0.0394640 0.0436212 0.0383505 0.0460406 0.0563199 0.0507055 0.0571455 
Notoryctidae_Notoryctes_typhlops             0.0707823 0.0000000 0.0756808 0.0867367 0.0916830 0.0769071 0.0778960 0.0867946 0.0801201 0.0779435 0.0837726 0.0912414 0.0848563 0.0858534 0.0846116 0.0936681 0.0782187 0.0870363 0.0891993 0.1072578 0.0837892 0.0939598 0.1021918 0.0694904 0.1022881 0.0768849 0.0783106 0.1031368 0.0739142 0.0867649 0.0777761 0.0874677 0.0803879 0.0782797 0.0831677 
Vombatidae_Lasiorhinus_latifrons             0.0412698 0.0756808 0.0000000 0.0568766 0.0601978 0.0574629 0.0481399 0.0528048 0.0521354 0.0613367 0.0531545 0.0710075 0.0692462 0.0550104 0.0573681 0.0746284 0.0597131 0.0650376 0.0693680 0.0722822 0.0531290 0.0684370 0.0729327 0.0531107 0.0715012 0.0510861 0.0471313 0.0714207 0.0399471 0.0531940 0.0447453 0.0553404 0.0599706 0.0581303 0.0667634 
Potoroidae_Bettongia_penicillata             0.0503794 0.0867367 0.0568766 0.0000000 0.0071455 0.0664727 0.0554545 0.0596527 0.0219206 0.0741228 0.0615288 0.0806682 0.0792444 0.0612464 0.0604331 0.0824527 0.0690697 0.0799689 0.0793142 0.0417920 0.0589596 0.0812892 0.0848940 0.0629342 0.0460322 0.0610947 0.0541783 0.0386420 0.0512944 0.0605723 0.0522452 0.0629254 0.0699764 0.0664062 0.0751328 
Potoroidae_Bettongia_lesueur                 0.0550478 0.0916830 0.0601978 0.0071455 0.0000000 0.0711398 0.0600123 0.0644449 0.0252343 0.0774170 0.0662369 0.0860744 0.0836019 0.0654695 0.0638576 0.0874978 0.0741944 0.0838342 0.0846211 0.0468953 0.0631960 0.0866933 0.0889131 0.0709782 0.0489195 0.0651093 0.0589607 0.0429812 0.0534660 0.0648567 0.0559693 0.0679613 0.0732386 0.0714027 0.0804972 
Dasyuridae_Dasyurus_maculatus                0.0497546 0.0769071 0.0574629 0.0664727 0.0711398 0.0000000 0.0550578 0.0605801 0.0607507 0.0713830 0.0609901 0.0254724 0.0257922 0.0633016 0.0667405 0.0301890 0.0085177 0.0238232 0.0748402 0.0845537 0.0622320 0.0768434 0.0761213 0.0105566 0.0853850 0.0507264 0.0547979 0.0817225 0.0591933 0.0629982 0.0566773 0.0630170 0.0689264 0.0044010 0.0691198 
Phalangeridae_Trichosurus_vulpecula          0.0372515 0.0778960 0.0481399 0.0554545 0.0600123 0.0550578 0.0000000 0.0237790 0.0495770 0.0629118 0.0235722 0.0691930 0.0638858 0.0243833 0.0525429 0.0703446 0.0571430 0.0626142 0.0695134 0.0711038 0.0521042 0.0730713 0.0776334 0.0530919 0.0717746 0.0472661 0.0450674 0.0676455 0.0443434 0.0520830 0.0460512 0.0236621 0.0621519 0.0561427 0.0655752 
Phalangeridae_Spilocuscus_maculatus          0.0417692 0.0867946 0.0528048 0.0596527 0.0644449 0.0605801 0.0237790 0.0000000 0.0522380 0.0748774 0.0158332 0.0781455 0.0720945 0.0219647 0.0586751 0.0785740 0.0659412 0.0731196 0.0749315 0.0770018 0.0558111 0.0790639 0.0838262 0.0527160 0.0782603 0.0559888 0.0496379 0.0745020 0.0504835 0.0549757 0.0506398 0.0218086 0.0741570 0.0609289 0.0707365 
Potoroidae_Aepyprymnus_rufescens             0.0437826 0.0801201 0.0521354 0.0219206 0.0252343 0.0607507 0.0495770 0.0522380 0.0000000 0.0658432 0.0548716 0.0758484 0.0718624 0.0568298 0.0515417 0.0777594 0.0635979 0.0687528 0.0718715 0.0464083 0.0532790 0.0747226 0.0807155 0.0550600 0.0520433 0.0553613 0.0466033 0.0440294 0.0400522 0.0547638 0.0456767 0.0560872 0.0624031 0.0611031 0.0682039 
Peramelidae_Perameles_nasuta                 0.0580270 0.0779435 0.0613367 0.0741228 0.0774170 0.0713830 0.0629118 0.0748774 0.0658432 0.0000000 0.0702328 0.0775954 0.0760731 0.0681830 0.0640809 0.0769179 0.0745661 0.0766496 0.0105039 0.0939007 0.0653317 0.0807945 0.0905203 0.0631550 0.0885212 0.0638991 0.0610758 0.0951225 0.0564438 0.0751244 0.0617745 0.0724340 0.0134131 0.0729650 0.0004283 
Phalangeridae_Strigocuscus_pelengensis       0.0417973 0.0837726 0.0531545 0.0615288 0.0662369 0.0609901 0.0235722 0.0158332 0.0548716 0.0702328 0.0000000 0.0749196 0.0718038 0.0196276 0.0563585 0.0772013 0.0644212 0.0707150 0.0740371 0.0787822 0.0573711 0.0794978 0.0796024 0.0531591 0.0792921 0.0517955 0.0484792 0.0765869 0.0478602 0.0544321 0.0495757 0.0197083 0.0687077 0.0622305 0.0704725 
Dasyuridae_Phascogale_tapoatafa              0.0623485 0.0912414 0.0710075 0.0806682 0.0860744 0.0254724 0.0691930 0.0781455 0.0758484 0.0775954 0.0749196 0.0000000 0.0247542 0.0742430 0.0775067 0.0057305 0.0257675 0.0237684 0.0865593 0.1042439 0.0762270 0.0884242 0.0901045 0.0220435 0.0994388 0.0657530 0.0689235 0.1021730 0.0675771 0.0761005 0.0715624 0.0771864 0.0750231 0.0262625 0.0809002 
Dasyuridae_Sminthopsis_macroura              0.0586303 0.0848563 0.0692462 0.0792444 0.0836019 0.0257922 0.0638858 0.0720945 0.0718624 0.0760731 0.0718038 0.0247542 0.0000000 0.0718601 0.0717688 0.0257449 0.0234354 0.0185614 0.0821100 0.0953863 0.0738993 0.0837198 0.0874194 0.0265498 0.0959570 0.0577705 0.0636280 0.0928349 0.0682294 0.0742908 0.0676685 0.0716940 0.0729291 0.0258599 0.0770168 
Phalangeridae_Phalanger_orientalis           0.0455014 0.0858534 0.0550104 0.0612464 0.0654695 0.0633016 0.0243833 0.0219647 0.0568298 0.0681830 0.0196276 0.0742430 0.0718601 0.0000000 0.0595986 0.0778010 0.0637915 0.0663549 0.0774280 0.0785275 0.0565897 0.0814319 0.0845208 0.0566454 0.0793513 0.0543770 0.0499892 0.0757465 0.0465024 0.0587141 0.0512875 0.0084325 0.0675156 0.0640303 0.0725212 
Acrobatidae_Acrobates_pygmaeus               0.0493037 0.0846116 0.0573681 0.0604331 0.0638576 0.0667405 0.0525429 0.0586751 0.0515417 0.0640809 0.0563585 0.0775067 0.0717688 0.0595986 0.0000000 0.0809625 0.0707128 0.0704388 0.0744748 0.0763113 0.0537714 0.0706032 0.0811658 0.0614602 0.0734710 0.0588483 0.0463740 0.0739293 0.0397914 0.0557671 0.0337738 0.0609039 0.0600920 0.0661558 0.0722011 
Dasyuridae_Phascogale_calura                 0.0658375 0.0936681 0.0746284 0.0824527 0.0874978 0.0301890 0.0703446 0.0785740 0.0777594 0.0769179 0.0772013 0.0057305 0.0257449 0.0778010 0.0809625 0.0000000 0.0246888 0.0228587 0.0907585 0.1052161 0.0782763 0.0918503 0.0944077 0.0299548 0.1001939 0.0671005 0.0715953 0.1016881 0.0653490 0.0806309 0.0736377 0.0790969 0.0739462 0.0298801 0.0841950 
Dasyuridae_Sarcophilus_harrisii              0.0542789 0.0782187 0.0597131 0.0690697 0.0741944 0.0085177 0.0571430 0.0659412 0.0635979 0.0745661 0.0644212 0.0257675 0.0234354 0.0637915 0.0707128 0.0246888 0.0000000 0.0237815 0.0766382 0.0906997 0.0652448 0.0788354 0.0825300 0.0152044 0.0889985 0.0551983 0.0575612 0.0880418 0.0624776 0.0683577 0.0622496 0.0640211 0.0721609 0.0088786 0.0717851 
Dasyuridae_Planigale_tenuirostris            0.0616361 0.0870363 0.0650376 0.0799689 0.0838342 0.0238232 0.0626142 0.0731196 0.0687528 0.0766496 0.0707150 0.0237684 0.0185614 0.0663549 0.0704388 0.0228587 0.0237815 0.0000000 0.0771825 0.0994152 0.0745491 0.0834206 0.0903635 0.0269313 0.0972469 0.0593621 0.0646996 0.0983950 0.0677517 0.0792647 0.0692625 0.0678705 0.0730986 0.0242437 0.0778074 
Peramelidae_Echymipera_kalubu                0.0628014 0.0891993 0.0693680 0.0793142 0.0846211 0.0748402 0.0695134 0.0749315 0.0718715 0.0105039 0.0740371 0.0865593 0.0821100 0.0774280 0.0744748 0.0907585 0.0766382 0.0771825 0.0000000 0.0961779 0.0723954 0.0912080 0.0995947 0.0646405 0.0934733 0.0683653 0.0652914 0.0951145 0.0575353 0.0745104 0.0673915 0.0800119 0.0100743 0.0765377 0.0224387 
Macropodidae_Dorcopsulus_vanheurni           0.0650290 0.1072578 0.0722822 0.0417920 0.0468953 0.0845537 0.0711038 0.0770018 0.0464083 0.0939007 0.0787822 0.1042439 0.0953863 0.0785275 0.0763113 0.1052161 0.0906997 0.0994152 0.0961779 0.0000000 0.0741333 0.0999518 0.1066457 0.0868426 0.0647550 0.0799269 0.0673813 0.0265969 0.0665023 0.0740492 0.0682450 0.0781479 0.0918641 0.0850578 0.0895253 
Pseudochiridae_Pseudochirulus_forbesi        0.0440072 0.0837892 0.0531290 0.0589596 0.0631960 0.0622320 0.0521042 0.0558111 0.0532790 0.0653317 0.0573711 0.0762270 0.0738993 0.0565897 0.0537714 0.0782763 0.0652448 0.0745491 0.0723954 0.0741333 0.0000000 0.0754755 0.0818707 0.0561501 0.0737088 0.0555256 0.0277265 0.0722920 0.0145006 0.0464400 0.0436394 0.0571003 0.0616181 0.0637889 0.0695058 
Didelphidae_Didelphis_virginiana             0.0623564 0.0939598 0.0684370 0.0812892 0.0866933 0.0768434 0.0730713 0.0790639 0.0747226 0.0807945 0.0794978 0.0884242 0.0837198 0.0814319 0.0706032 0.0918503 0.0788354 0.0834206 0.0912080 0.0999518 0.0754755 0.0000000 0.0456318 0.0666508 0.0958169 0.0682579 0.0721202 0.0974220 0.0665039 0.0782205 0.0691524 0.0822058 0.0793702 0.0779878 0.0853889 
Marmosidae_Monodelphis_domestica             0.0665326 0.1021918 0.0729327 0.0848940 0.0889131 0.0761213 0.0776334 0.0838262 0.0807155 0.0905203 0.0796024 0.0901045 0.0874194 0.0845208 0.0811658 0.0944077 0.0825300 0.0903635 0.0995947 0.1066457 0.0818707 0.0456318 0.0000000 0.0691190 0.1023025 0.0717454 0.0758518 0.1039989 0.0737161 0.0843571 0.0784716 0.0859394 0.0896792 0.0776962 0.0918466 
Dasyuridae_Antechinus_stuartii               0.0427594 0.0694904 0.0531107 0.0629342 0.0709782 0.0105566 0.0530919 0.0527160 0.0550600 0.0631550 0.0531591 0.0220435 0.0265498 0.0566454 0.0614602 0.0299548 0.0152044 0.0269313 0.0646405 0.0868426 0.0561501 0.0666508 0.0691190 0.0000000 0.0835618 0.0438661 0.0464961 0.0842215 0.0558476 0.0511065 0.0472220 0.0581659 0.0540462 0.0115397 0.0614781 
Hypsiprymnodontidae_Hypsiprymnodon_moschatus 0.0650212 0.1022881 0.0715012 0.0460322 0.0489195 0.0853850 0.0717746 0.0782603 0.0520433 0.0885212 0.0792921 0.0994388 0.0959570 0.0793513 0.0734710 0.1001939 0.0889985 0.0972469 0.0934733 0.0647550 0.0737088 0.0958169 0.1023025 0.0835618 0.0000000 0.0795429 0.0683378 0.0642620 0.0648168 0.0746508 0.0665134 0.0823894 0.0863762 0.0854393 0.0875797 
Microbiotheriidae_Dromiciops_gliroides       0.0422306 0.0768849 0.0510861 0.0610947 0.0651093 0.0507264 0.0472661 0.0559888 0.0553613 0.0638991 0.0517955 0.0657530 0.0577705 0.0543770 0.0588483 0.0671005 0.0551983 0.0593621 0.0683653 0.0799269 0.0555256 0.0682579 0.0717454 0.0438661 0.0795429 0.0000000 0.0488248 0.0762447 0.0523706 0.0560715 0.0512624 0.0568903 0.0616224 0.0516810 0.0616709 
Pseudochiridae_Petauroides_volans            0.0399938 0.0783106 0.0471313 0.0541783 0.0589607 0.0547979 0.0450674 0.0496379 0.0466033 0.0610758 0.0484792 0.0689235 0.0636280 0.0499892 0.0463740 0.0715953 0.0575612 0.0646996 0.0652914 0.0673813 0.0277265 0.0721202 0.0758518 0.0464961 0.0683378 0.0488248 0.0000000 0.0650815 0.0210553 0.0404996 0.0351393 0.0518929 0.0547527 0.0557527 0.0633243 
Macropodidae_Wallabia_bicolor                0.0632811 0.1031368 0.0714207 0.0386420 0.0429812 0.0817225 0.0676455 0.0745020 0.0440294 0.0951225 0.0765869 0.1021730 0.0928349 0.0757465 0.0739293 0.1016881 0.0880418 0.0983950 0.0951145 0.0265969 0.0722920 0.0974220 0.1039989 0.0842215 0.0642620 0.0762447 0.0650815 0.0000000 0.0681512 0.0721825 0.0652172 0.0742566 0.0943425 0.0822203 0.0884510 
Pseudochiridae_Pseudocheirus_occidentalis    0.0394640 0.0739142 0.0399471 0.0512944 0.0534660 0.0591933 0.0443434 0.0504835 0.0400522 0.0564438 0.0478602 0.0675771 0.0682294 0.0465024 0.0397914 0.0653490 0.0624776 0.0677517 0.0575353 0.0665023 0.0145006 0.0665039 0.0737161 0.0558476 0.0648168 0.0523706 0.0210553 0.0681512 0.0000000 0.0375506 0.0338957 0.0491682 0.0533003 0.0607933 0.0595940 
Tarsipedidae_Tarsipes_rostratus              0.0436212 0.0867649 0.0531940 0.0605723 0.0648567 0.0629982 0.0520830 0.0549757 0.0547638 0.0751244 0.0544321 0.0761005 0.0742908 0.0587141 0.0557671 0.0806309 0.0683577 0.0792647 0.0745104 0.0740492 0.0464400 0.0782205 0.0843571 0.0511065 0.0746508 0.0560715 0.0404996 0.0721825 0.0375506 0.0000000 0.0433071 0.0607488 0.0694955 0.0641711 0.0738014 
Acrobatidae_Distoechurus_pennatus            0.0383505 0.0777761 0.0447453 0.0522452 0.0559693 0.0566773 0.0460512 0.0506398 0.0456767 0.0617745 0.0495757 0.0715624 0.0676685 0.0512875 0.0337738 0.0736377 0.0622496 0.0692625 0.0673915 0.0682450 0.0436394 0.0691524 0.0784716 0.0472220 0.0665134 0.0512624 0.0351393 0.0652172 0.0338957 0.0433071 0.0000000 0.0518070 0.0569380 0.0577745 0.0647737 
Phalangeridae_Phalanger_carmelitae           0.0460406 0.0874677 0.0553404 0.0629254 0.0679613 0.0630170 0.0236621 0.0218086 0.0560872 0.0724340 0.0197083 0.0771864 0.0716940 0.0084325 0.0609039 0.0790969 0.0640211 0.0678705 0.0800119 0.0781479 0.0571003 0.0822058 0.0859394 0.0581659 0.0823894 0.0568903 0.0518929 0.0742566 0.0491682 0.0607488 0.0518070 0.0000000 0.0696519 0.0637489 0.0757074 
Peramelidae_Peroryctes_raffrayana            0.0563199 0.0803879 0.0599706 0.0699764 0.0732386 0.0689264 0.0621519 0.0741570 0.0624031 0.0134131 0.0687077 0.0750231 0.0729291 0.0675156 0.0600920 0.0739462 0.0721609 0.0730986 0.0100743 0.0918641 0.0616181 0.0793702 0.0896792 0.0540462 0.0863762 0.0616224 0.0547527 0.0943425 0.0533003 0.0694955 0.0569380 0.0696519 0.0000000 0.0705639 0.0141095 
Dasyuridae_Dasyurus_geffroii                 0.0507055 0.0782797 0.0581303 0.0664062 0.0714027 0.0044010 0.0561427 0.0609289 0.0611031 0.0729650 0.0622305 0.0262625 0.0258599 0.0640303 0.0661558 0.0298801 0.0088786 0.0242437 0.0765377 0.0850578 0.0637889 0.0779878 0.0776962 0.0115397 0.0854393 0.0516810 0.0557527 0.0822203 0.0607933 0.0641711 0.0577745 0.0637489 0.0705639 0.0000000 0.0707580 
Peramelidae_Perameles_gunnii                 0.0571455 0.0831677 0.0667634 0.0751328 0.0804972 0.0691198 0.0655752 0.0707365 0.0682039 0.0004283 0.0704725 0.0809002 0.0770168 0.0725212 0.0722011 0.0841950 0.0717851 0.0778074 0.0224387 0.0895253 0.0695058 0.0853889 0.0918466 0.0614781 0.0875797 0.0616709 0.0633243 0.0884510 0.0595940 0.0738014 0.0647737 0.0757074 0.0141095 0.0707580 0.0000000 
