35
Burramyidae_Burramys_parvus                  0.0000000 0.0647807 0.0429372 0.0435851 0.0461005 0.0758500 0.0407942 0.0424024 0.0417202 0.0708200 0.0425493 0.0729755 0.0722032 0.0443420 0.0535931 0.0742997 0.0721154 0.0703267 0.0723836 0.0400919 0.0523502 0.0806681 0.0734144 0.0734373 0.0434711 0.0592102 0.0450070 0.0415502 0.0430370 0.0630979 0.0534915 0.0451753 0.0706922 0.0765208 0.0705833 
Notoryctidae_Notoryctes_typhlops             0.0647807 0.0000000 0.0585382 0.0583074 0.0620067 0.0860095 0.0599870 0.0613819 0.0567004 0.0669132 0.0617051 0.0847447 0.0843946 0.0654979 0.0697868 0.0851847 0.0838183 0.0850780 0.0667494 0.0558877 0.0731381 0.0851884 0.0815284 0.0853111 0.0635318 0.0602896 0.0662827 0.0563782 0.0613060 0.0810069 0.0774090 0.0671331 0.0665031 0.0854332 0.0672460 
Vombatidae_Lasiorhinus_latifrons             0.0429372 0.0585382 0.0000000 0.0435242 0.0450904 0.0743640 0.0404832 0.0436007 0.0413307 0.0680303 0.0405414 0.0714964 0.0702983 0.0449173 0.0527849 0.0740938 0.0716025 0.0693014 0.0689307 0.0408303 0.0518018 0.0710898 0.0670374 0.0735380 0.0455787 0.0585027 0.0437654 0.0410778 0.0426112 0.0575666 0.0551915 0.0457362 0.0669313 0.0744094 0.0684600 
Potoroidae_Bettongia_penicillata             0.0435851 0.0583074 0.0435242 0.0000000 0.0067584 0.0728368 0.0426764 0.0417888 0.0079287 0.0695940 0.0410706 0.0705941 0.0705872 0.0446534 0.0535641 0.0725400 0.0710475 0.0703703 0.0714705 0.0169311 0.0513629 0.0780721 0.0728743 0.0723359 0.0294666 0.0587584 0.0446355 0.0168911 0.0437666 0.0598147 0.0528229 0.0448702 0.0681764 0.0731608 0.0702814 
Potoroidae_Bettongia_lesueur                 0.0461005 0.0620067 0.0450904 0.0067584 0.0000000 0.0750166 0.0448473 0.0427286 0.0097084 0.0718854 0.0411137 0.0727718 0.0734005 0.0474643 0.0530020 0.0747200 0.0725968 0.0717317 0.0737649 0.0184491 0.0529698 0.0793879 0.0739040 0.0745433 0.0325142 0.0600519 0.0446225 0.0184055 0.0459195 0.0611091 0.0535068 0.0476763 0.0705092 0.0753408 0.0723000 
Dasyuridae_Dasyurus_maculatus                0.0758500 0.0860095 0.0743640 0.0728368 0.0750166 0.0000000 0.0739876 0.0734735 0.0717898 0.0900752 0.0727097 0.0166376 0.0241955 0.0726086 0.0857063 0.0178403 0.0094521 0.0220207 0.0927257 0.0718435 0.0817214 0.1069408 0.1060450 0.0175976 0.0746278 0.0778309 0.0778572 0.0729624 0.0771929 0.0959124 0.0879189 0.0734044 0.0916414 0.0067865 0.0911547 
Phalangeridae_Trichosurus_vulpecula          0.0407942 0.0599870 0.0404832 0.0426764 0.0448473 0.0739876 0.0000000 0.0207059 0.0399103 0.0686436 0.0220406 0.0705062 0.0717750 0.0231637 0.0553717 0.0718274 0.0722006 0.0663362 0.0711751 0.0419038 0.0506737 0.0789690 0.0695859 0.0725468 0.0419800 0.0616276 0.0403314 0.0421129 0.0430937 0.0600512 0.0571591 0.0240133 0.0688616 0.0749918 0.0690501 
Phalangeridae_Spilocuscus_maculatus          0.0424024 0.0613819 0.0436007 0.0417888 0.0427286 0.0734735 0.0207059 0.0000000 0.0411739 0.0702919 0.0108078 0.0721702 0.0705752 0.0138823 0.0535547 0.0734689 0.0709544 0.0673665 0.0731436 0.0419586 0.0493800 0.0844605 0.0770249 0.0729487 0.0423199 0.0587616 0.0416198 0.0412549 0.0428204 0.0632272 0.0556689 0.0144434 0.0705202 0.0744788 0.0707012 
Potoroidae_Aepyprymnus_rufescens             0.0417202 0.0567004 0.0413307 0.0079287 0.0097084 0.0717898 0.0399103 0.0411739 0.0000000 0.0681959 0.0388820 0.0701889 0.0708266 0.0434161 0.0498360 0.0715094 0.0706407 0.0700141 0.0710807 0.0148198 0.0496816 0.0748549 0.0703129 0.0719506 0.0279399 0.0566211 0.0403548 0.0153882 0.0411783 0.0587300 0.0496614 0.0436227 0.0680850 0.0727672 0.0683810 
Peramelidae_Perameles_nasuta                 0.0708200 0.0669132 0.0680303 0.0695940 0.0718854 0.0900752 0.0686436 0.0702919 0.0681959 0.0000000 0.0685513 0.0887129 0.0893722 0.0720116 0.0805103 0.0900475 0.0876273 0.0844964 0.0135575 0.0682103 0.0847727 0.0892450 0.0849328 0.0898719 0.0711360 0.0682274 0.0708131 0.0690965 0.0771206 0.0887745 0.0847255 0.0728903 0.0124125 0.0904290 0.0002933 
Phalangeridae_Strigocuscus_pelengensis       0.0425493 0.0617051 0.0405414 0.0410706 0.0411137 0.0727097 0.0220406 0.0108078 0.0388820 0.0685513 0.0000000 0.0704246 0.0694841 0.0129234 0.0532518 0.0730614 0.0688464 0.0656608 0.0692069 0.0392584 0.0500290 0.0832358 0.0761942 0.0724483 0.0397501 0.0581146 0.0445591 0.0385976 0.0436609 0.0629629 0.0547599 0.0126047 0.0663798 0.0733914 0.0691476 
Dasyuridae_Phascogale_tapoatafa              0.0729755 0.0847447 0.0714964 0.0705941 0.0727718 0.0166376 0.0705062 0.0721702 0.0701889 0.0887129 0.0704246 0.0000000 0.0226655 0.0710289 0.0863941 0.0029399 0.0148598 0.0204036 0.0926721 0.0695845 0.0791104 0.1064985 0.1045242 0.0085849 0.0707934 0.0725756 0.0788309 0.0703778 0.0752792 0.0931598 0.0876428 0.0714992 0.0916185 0.0172617 0.0898188 
Dasyuridae_Sminthopsis_macroura              0.0722032 0.0843946 0.0702983 0.0705872 0.0734005 0.0241955 0.0717750 0.0705752 0.0708266 0.0893722 0.0694841 0.0226655 0.0000000 0.0707499 0.0840634 0.0244841 0.0236000 0.0162523 0.0906227 0.0709062 0.0796135 0.1051616 0.1061345 0.0242632 0.0707463 0.0755858 0.0783473 0.0716959 0.0735319 0.0949504 0.0871170 0.0715501 0.0905548 0.0239167 0.0901377 
Phalangeridae_Phalanger_orientalis           0.0443420 0.0654979 0.0449173 0.0446534 0.0474643 0.0726086 0.0231637 0.0138823 0.0434161 0.0720116 0.0129234 0.0710289 0.0707499 0.0000000 0.0564780 0.0729787 0.0701154 0.0665142 0.0742344 0.0435867 0.0504702 0.0856371 0.0757756 0.0724569 0.0436421 0.0618768 0.0430184 0.0434940 0.0429354 0.0664090 0.0570815 0.0041036 0.0719380 0.0742550 0.0717831 
Acrobatidae_Acrobates_pygmaeus               0.0535931 0.0697868 0.0527849 0.0535641 0.0530020 0.0857063 0.0553717 0.0535547 0.0498360 0.0805103 0.0532518 0.0863941 0.0840634 0.0564780 0.0000000 0.0864386 0.0858707 0.0804731 0.0821060 0.0487962 0.0546015 0.0882249 0.0830994 0.0871803 0.0506668 0.0654133 0.0450360 0.0493207 0.0466025 0.0605866 0.0342909 0.0576051 0.0797307 0.0880360 0.0812163 
Dasyuridae_Phascogale_calura                 0.0742997 0.0851847 0.0740938 0.0725400 0.0747200 0.0178403 0.0718274 0.0734689 0.0715094 0.0900475 0.0730614 0.0029399 0.0244841 0.0729787 0.0864386 0.0000000 0.0172634 0.0216794 0.0934242 0.0715358 0.0804211 0.1063871 0.1048550 0.0103729 0.0721144 0.0739460 0.0783325 0.0723261 0.0755969 0.0939685 0.0886681 0.0740852 0.0929602 0.0193698 0.0911565 
Dasyuridae_Sarcophilus_harrisii              0.0721154 0.0838183 0.0716025 0.0710475 0.0725968 0.0094521 0.0722006 0.0709544 0.0706407 0.0876273 0.0688464 0.0148598 0.0236000 0.0701154 0.0858707 0.0172634 0.0000000 0.0207636 0.0892124 0.0700467 0.0791276 0.1054860 0.1053593 0.0170209 0.0725225 0.0753529 0.0740952 0.0708497 0.0743497 0.0935131 0.0861242 0.0702773 0.0881509 0.0100603 0.0887337 
Dasyuridae_Planigale_tenuirostris            0.0703267 0.0850780 0.0693014 0.0703703 0.0717317 0.0220207 0.0663362 0.0673665 0.0700141 0.0844964 0.0656608 0.0204036 0.0162523 0.0665142 0.0804731 0.0216794 0.0207636 0.0000000 0.0863097 0.0688301 0.0776570 0.1017981 0.1029443 0.0220224 0.0679272 0.0742199 0.0745648 0.0683455 0.0721661 0.0886695 0.0822912 0.0674066 0.0860887 0.0229968 0.0852099 
Peramelidae_Echymipera_kalubu                0.0723836 0.0667494 0.0689307 0.0714705 0.0737649 0.0927257 0.0711751 0.0731436 0.0710807 0.0135575 0.0692069 0.0926721 0.0906227 0.0742344 0.0821060 0.0934242 0.0892124 0.0863097 0.0000000 0.0704241 0.0839559 0.0945585 0.0892784 0.0928524 0.0729791 0.0702915 0.0710981 0.0709682 0.0760984 0.0886789 0.0868619 0.0751207 0.0121033 0.0930808 0.0138676 
Macropodidae_Dorcopsulus_vanheurni           0.0400919 0.0558877 0.0408303 0.0169311 0.0184491 0.0718435 0.0419038 0.0419586 0.0148198 0.0682103 0.0392584 0.0695845 0.0709062 0.0435867 0.0487962 0.0715358 0.0700467 0.0688301 0.0704241 0.0000000 0.0486192 0.0751012 0.0690763 0.0713089 0.0277478 0.0562256 0.0388410 0.0050049 0.0419827 0.0580655 0.0492847 0.0438062 0.0664798 0.0728260 0.0686423 
Pseudochiridae_Pseudochirulus_forbesi        0.0523502 0.0731381 0.0518018 0.0513629 0.0529698 0.0817214 0.0506737 0.0493800 0.0496816 0.0847727 0.0500290 0.0791104 0.0796135 0.0504702 0.0546015 0.0804211 0.0791276 0.0776570 0.0839559 0.0486192 0.0000000 0.0924016 0.0858714 0.0811811 0.0512028 0.0620187 0.0302765 0.0496898 0.0162187 0.0608567 0.0565106 0.0506749 0.0812376 0.0831103 0.0852021 
Didelphidae_Didelphis_virginiana             0.0806681 0.0851884 0.0710898 0.0780721 0.0793879 0.1069408 0.0789690 0.0844605 0.0748549 0.0892450 0.0832358 0.1064985 0.1051616 0.0856371 0.0882249 0.1063871 0.1054860 0.1017981 0.0945585 0.0751012 0.0924016 0.0000000 0.0384526 0.1042827 0.0820353 0.0820835 0.0841182 0.0746575 0.0827743 0.0958317 0.0902576 0.0867946 0.0914188 0.1060490 0.0900963 
Marmosidae_Monodelphis_domestica             0.0734144 0.0815284 0.0670374 0.0728743 0.0739040 0.1060450 0.0695859 0.0770249 0.0703129 0.0849328 0.0761942 0.1045242 0.1061345 0.0757756 0.0830994 0.1048550 0.1053593 0.1029443 0.0892784 0.0690763 0.0858714 0.0384526 0.0000000 0.1020506 0.0759241 0.0733826 0.0796272 0.0695567 0.0763701 0.0960268 0.0839559 0.0771558 0.0872129 0.1049883 0.0854347 
Dasyuridae_Antechinus_stuartii               0.0734373 0.0853111 0.0735380 0.0723359 0.0745433 0.0175976 0.0725468 0.0729487 0.0719506 0.0898719 0.0724483 0.0085849 0.0242632 0.0724569 0.0871803 0.0103729 0.0170209 0.0220224 0.0928524 0.0713089 0.0811811 0.1042827 0.1020506 0.0000000 0.0731843 0.0757169 0.0799486 0.0720134 0.0760114 0.0938513 0.0877851 0.0735658 0.0917165 0.0185275 0.0909525 
Hypsiprymnodontidae_Hypsiprymnodon_moschatus 0.0434711 0.0635318 0.0455787 0.0294666 0.0325142 0.0746278 0.0419800 0.0423199 0.0279399 0.0711360 0.0397501 0.0707934 0.0707463 0.0436421 0.0506668 0.0721144 0.0725225 0.0679272 0.0729791 0.0277478 0.0512028 0.0820353 0.0759241 0.0731843 0.0000000 0.0579936 0.0474569 0.0270715 0.0445329 0.0621984 0.0507979 0.0438525 0.0707235 0.0756422 0.0705853 
Microbiotheriidae_Dromiciops_gliroides       0.0592102 0.0602896 0.0585027 0.0587584 0.0600519 0.0778309 0.0616276 0.0587616 0.0566211 0.0682274 0.0581146 0.0725756 0.0755858 0.0618768 0.0654133 0.0739460 0.0753529 0.0742199 0.0702915 0.0562256 0.0620187 0.0820835 0.0733826 0.0757169 0.0579936 0.0000000 0.0602805 0.0552532 0.0577746 0.0803283 0.0696111 0.0620582 0.0687290 0.0786012 0.0687104 
Pseudochiridae_Petauroides_volans            0.0450070 0.0662827 0.0437654 0.0446355 0.0446225 0.0778572 0.0403314 0.0416198 0.0403548 0.0708131 0.0445591 0.0788309 0.0783473 0.0430184 0.0450360 0.0783325 0.0740952 0.0745648 0.0710981 0.0388410 0.0302765 0.0841182 0.0796272 0.0799486 0.0474569 0.0602805 0.0000000 0.0396033 0.0239039 0.0549042 0.0515658 0.0450245 0.0683712 0.0792445 0.0708095 
Macropodidae_Wallabia_bicolor                0.0415502 0.0563782 0.0410778 0.0168911 0.0184055 0.0729624 0.0421129 0.0412549 0.0153882 0.0690965 0.0385976 0.0703778 0.0716959 0.0434940 0.0493207 0.0723261 0.0708497 0.0683455 0.0709682 0.0050049 0.0496898 0.0746575 0.0695567 0.0720134 0.0270715 0.0552532 0.0396033 0.0000000 0.0424981 0.0579622 0.0510293 0.0437132 0.0677001 0.0732870 0.0695072 
Pseudochiridae_Pseudocheirus_occidentalis    0.0430370 0.0613060 0.0426112 0.0437666 0.0459195 0.0771929 0.0430937 0.0428204 0.0411783 0.0771206 0.0436609 0.0752792 0.0735319 0.0429354 0.0466025 0.0755969 0.0743497 0.0721661 0.0760984 0.0419827 0.0162187 0.0827743 0.0763701 0.0760114 0.0445329 0.0577746 0.0239039 0.0424981 0.0000000 0.0513101 0.0487439 0.0437608 0.0745297 0.0785374 0.0769279 
Tarsipedidae_Tarsipes_rostratus              0.0630979 0.0810069 0.0575666 0.0598147 0.0611091 0.0959124 0.0600512 0.0632272 0.0587300 0.0887745 0.0629629 0.0931598 0.0949504 0.0664090 0.0605866 0.0939685 0.0935131 0.0886695 0.0886789 0.0580655 0.0608567 0.0958317 0.0960268 0.0938513 0.0621984 0.0803283 0.0549042 0.0579622 0.0513101 0.0000000 0.0659381 0.0679219 0.0882430 0.0940788 0.0888263 
Acrobatidae_Distoechurus_pennatus            0.0534915 0.0774090 0.0551915 0.0528229 0.0535068 0.0879189 0.0571591 0.0556689 0.0496614 0.0847255 0.0547599 0.0876428 0.0871170 0.0570815 0.0342909 0.0886681 0.0861242 0.0822912 0.0868619 0.0492847 0.0565106 0.0902576 0.0839559 0.0877851 0.0507979 0.0696111 0.0515658 0.0510293 0.0487439 0.0659381 0.0000000 0.0585143 0.0845681 0.0882123 0.0841597 
Phalangeridae_Phalanger_carmelitae           0.0451753 0.0671331 0.0457362 0.0448702 0.0476763 0.0734044 0.0240133 0.0144434 0.0436227 0.0728903 0.0126047 0.0714992 0.0715501 0.0041036 0.0576051 0.0740852 0.0702773 0.0674066 0.0751207 0.0438062 0.0506749 0.0867946 0.0771558 0.0735658 0.0438525 0.0620582 0.0450245 0.0437132 0.0437608 0.0679219 0.0585143 0.0000000 0.0728280 0.0747287 0.0726835 
Peramelidae_Peroryctes_raffrayana            0.0706922 0.0665031 0.0669313 0.0681764 0.0705092 0.0916414 0.0688616 0.0705202 0.0680850 0.0124125 0.0663798 0.0916185 0.0905548 0.0719380 0.0797307 0.0929602 0.0881509 0.0860887 0.0121033 0.0664798 0.0812376 0.0914188 0.0872129 0.0917165 0.0707235 0.0687290 0.0683712 0.0677001 0.0745297 0.0882430 0.0845681 0.0728280 0.0000000 0.0919967 0.0124348 
Dasyuridae_Dasyurus_geffroii                 0.0765208 0.0854332 0.0744094 0.0731608 0.0753408 0.0067865 0.0749918 0.0744788 0.0727672 0.0904290 0.0733914 0.0172617 0.0239167 0.0742550 0.0880360 0.0193698 0.0100603 0.0229968 0.0930808 0.0728260 0.0831103 0.1060490 0.1049883 0.0185275 0.0756422 0.0786012 0.0792445 0.0732870 0.0785374 0.0940788 0.0882123 0.0747287 0.0919967 0.0000000 0.0915093 
Peramelidae_Perameles_gunnii                 0.0705833 0.0672460 0.0684600 0.0702814 0.0723000 0.0911547 0.0690501 0.0707012 0.0683810 0.0002933 0.0691476 0.0898188 0.0901377 0.0717831 0.0812163 0.0911565 0.0887337 0.0852099 0.0138676 0.0686423 0.0852021 0.0900963 0.0854347 0.0909525 0.0705853 0.0687104 0.0708095 0.0695072 0.0769279 0.0888263 0.0841597 0.0726835 0.0124348 0.0915093 0.0000000 
