35
Burramyidae_Burramys_parvus                  0.0000000 0.0559071 0.0321256 0.0358951 0.0348632 0.0535975 0.0228780 0.0234631 0.0326442 0.0639788 0.0208274 0.0593578 0.0612096 0.0241760 0.0331949 0.0596409 0.0565987 0.0564996 0.0663614 0.0284710 0.0334795 0.0672930 0.0605998 0.0562638 0.0353884 0.0383111 0.0275121 0.0289836 0.0300466 0.0588792 0.0310067 0.0243813 0.0628957 0.0566333 0.0621904 
Notoryctidae_Notoryctes_typhlops             0.0559071 0.0000000 0.0551555 0.0724208 0.0734070 0.0718651 0.0563861 0.0617431 0.0701445 0.0764250 0.0575202 0.0810563 0.0820607 0.0604237 0.0681082 0.0798638 0.0737633 0.0759866 0.0812940 0.0666692 0.0691972 0.0959576 0.0867236 0.0764379 0.0709260 0.0551669 0.0608626 0.0672758 0.0651768 0.1031084 0.0678562 0.0619012 0.0774578 0.0732628 0.0769735 
Vombatidae_Lasiorhinus_latifrons             0.0321256 0.0551555 0.0000000 0.0417248 0.0424133 0.0501592 0.0307088 0.0321705 0.0372927 0.0596124 0.0295895 0.0560201 0.0585094 0.0322205 0.0387334 0.0550496 0.0530520 0.0513731 0.0642635 0.0358431 0.0399191 0.0671757 0.0595055 0.0528271 0.0390349 0.0376530 0.0346080 0.0356998 0.0381013 0.0644221 0.0377137 0.0326945 0.0611120 0.0519995 0.0592761 
Potoroidae_Bettongia_penicillata             0.0358951 0.0724208 0.0417248 0.0000000 0.0024017 0.0607123 0.0349548 0.0359425 0.0094733 0.0762172 0.0342997 0.0664370 0.0677005 0.0377163 0.0415042 0.0667314 0.0639583 0.0662164 0.0767881 0.0155556 0.0469325 0.0844886 0.0738754 0.0635435 0.0300336 0.0519620 0.0416524 0.0167884 0.0412282 0.0757059 0.0399279 0.0367393 0.0757704 0.0640003 0.0770680 
Potoroidae_Bettongia_lesueur                 0.0348632 0.0734070 0.0424133 0.0024017 0.0000000 0.0607299 0.0347711 0.0355264 0.0087884 0.0780127 0.0332240 0.0681398 0.0694467 0.0369429 0.0413202 0.0684462 0.0647930 0.0677336 0.0781494 0.0153845 0.0461551 0.0846275 0.0743038 0.0652294 0.0303323 0.0529227 0.0409444 0.0164059 0.0411037 0.0751272 0.0397432 0.0365553 0.0766781 0.0648359 0.0784721 
Dasyuridae_Dasyurus_maculatus                0.0535975 0.0718651 0.0501592 0.0607123 0.0607299 0.0000000 0.0509556 0.0525126 0.0603230 0.0763112 0.0473923 0.0117116 0.0169443 0.0533967 0.0615875 0.0108214 0.0028809 0.0161930 0.0774826 0.0565338 0.0634052 0.0752169 0.0741238 0.0105323 0.0652019 0.0477202 0.0538373 0.0612604 0.0583479 0.0945682 0.0596854 0.0540393 0.0788014 0.0024147 0.0771730 
Phalangeridae_Trichosurus_vulpecula          0.0228780 0.0563861 0.0307088 0.0349548 0.0347711 0.0509556 0.0000000 0.0088439 0.0300282 0.0625095 0.0083675 0.0556559 0.0569828 0.0100934 0.0313056 0.0555128 0.0531166 0.0491656 0.0631538 0.0274378 0.0347919 0.0732648 0.0617155 0.0541325 0.0330272 0.0357516 0.0267593 0.0289090 0.0309877 0.0548322 0.0302140 0.0095307 0.0625567 0.0531480 0.0621189 
Phalangeridae_Spilocuscus_maculatus          0.0234631 0.0617431 0.0321705 0.0359425 0.0355264 0.0525126 0.0088439 0.0000000 0.0316940 0.0631736 0.0048683 0.0574713 0.0579045 0.0057933 0.0320307 0.0573322 0.0539787 0.0498791 0.0655766 0.0295772 0.0367314 0.0762050 0.0634403 0.0543564 0.0359123 0.0368931 0.0273605 0.0303428 0.0322612 0.0564988 0.0303822 0.0052835 0.0645856 0.0547531 0.0630896 
Potoroidae_Aepyprymnus_rufescens             0.0326442 0.0701445 0.0372927 0.0094733 0.0087884 0.0603230 0.0300282 0.0316940 0.0000000 0.0732415 0.0304665 0.0668624 0.0680267 0.0327730 0.0395153 0.0667542 0.0635520 0.0637853 0.0732004 0.0117191 0.0414708 0.0815622 0.0711010 0.0635686 0.0251463 0.0479963 0.0374028 0.0132054 0.0363983 0.0691404 0.0373595 0.0318739 0.0717580 0.0635936 0.0716747 
Peramelidae_Perameles_nasuta                 0.0639788 0.0764250 0.0596124 0.0762172 0.0780127 0.0763112 0.0625095 0.0631736 0.0732415 0.0000000 0.0591014 0.0853952 0.0860474 0.0619701 0.0735456 0.0849778 0.0782367 0.0817184 0.0122712 0.0676384 0.0797287 0.0986510 0.0817356 0.0833944 0.0772397 0.0640836 0.0671410 0.0706331 0.0748407 0.1125488 0.0690008 0.0627035 0.0102074 0.0777938 0.0007592 
Phalangeridae_Strigocuscus_pelengensis       0.0208274 0.0575202 0.0295895 0.0342997 0.0332240 0.0473923 0.0083675 0.0048683 0.0304665 0.0591014 0.0000000 0.0538097 0.0538896 0.0055551 0.0300465 0.0532918 0.0490779 0.0472645 0.0635342 0.0279632 0.0338370 0.0721223 0.0611708 0.0511835 0.0353966 0.0364664 0.0254599 0.0294635 0.0304424 0.0564609 0.0288322 0.0050279 0.0615985 0.0496338 0.0592290 
Dasyuridae_Phascogale_tapoatafa              0.0593578 0.0810563 0.0560201 0.0664370 0.0681398 0.0117116 0.0556559 0.0574713 0.0668624 0.0853952 0.0538097 0.0000000 0.0208837 0.0606176 0.0683200 0.0035057 0.0130408 0.0202691 0.0874247 0.0641005 0.0704863 0.0833943 0.0811756 0.0075013 0.0716654 0.0535110 0.0609184 0.0684773 0.0648392 0.1018500 0.0646955 0.0605094 0.0880621 0.0115462 0.0867220 
Dasyuridae_Sminthopsis_macroura              0.0612096 0.0820607 0.0585094 0.0677005 0.0694467 0.0169443 0.0569828 0.0579045 0.0680267 0.0860474 0.0538896 0.0208837 0.0000000 0.0610965 0.0673260 0.0202936 0.0177850 0.0150326 0.0881184 0.0655777 0.0702824 0.0860113 0.0811560 0.0211365 0.0734421 0.0524667 0.0592201 0.0696531 0.0653989 0.1044718 0.0664829 0.0601414 0.0904750 0.0169580 0.0869232 
Phalangeridae_Phalanger_orientalis           0.0241760 0.0604237 0.0322205 0.0377163 0.0369429 0.0533967 0.0100934 0.0057933 0.0327730 0.0619701 0.0055551 0.0606176 0.0610965 0.0000000 0.0333651 0.0604872 0.0556365 0.0526314 0.0670272 0.0301261 0.0372962 0.0749102 0.0650539 0.0576944 0.0358945 0.0390112 0.0274314 0.0309276 0.0331002 0.0597974 0.0319641 0.0022639 0.0660495 0.0564304 0.0622584 
Acrobatidae_Acrobates_pygmaeus               0.0331949 0.0681082 0.0387334 0.0415042 0.0413202 0.0615875 0.0313056 0.0320307 0.0395153 0.0735456 0.0300465 0.0683200 0.0673260 0.0333651 0.0000000 0.0670343 0.0638061 0.0617929 0.0757286 0.0357868 0.0384619 0.0853819 0.0750224 0.0650893 0.0426044 0.0472928 0.0305453 0.0379143 0.0331540 0.0599696 0.0188184 0.0330237 0.0725332 0.0640137 0.0742492 
Dasyuridae_Phascogale_calura                 0.0596409 0.0798638 0.0550496 0.0667314 0.0684462 0.0108214 0.0555128 0.0573322 0.0667542 0.0849778 0.0532918 0.0035057 0.0202936 0.0604872 0.0670343 0.0000000 0.0121303 0.0194191 0.0870139 0.0639815 0.0695795 0.0809844 0.0773970 0.0064947 0.0715752 0.0533607 0.0604613 0.0674944 0.0635711 0.1029734 0.0645780 0.0603788 0.0870257 0.0108384 0.0862879 
Dasyuridae_Sarcophilus_harrisii              0.0565987 0.0737633 0.0530520 0.0639583 0.0647930 0.0028809 0.0531166 0.0539787 0.0635520 0.0782367 0.0490779 0.0130408 0.0177850 0.0556365 0.0638061 0.0121303 0.0000000 0.0172624 0.0793859 0.0589222 0.0648015 0.0799052 0.0783402 0.0124059 0.0686661 0.0502249 0.0572701 0.0637780 0.0608607 0.0978405 0.0620885 0.0555378 0.0807737 0.0031991 0.0786623 
Dasyuridae_Planigale_tenuirostris            0.0564996 0.0759866 0.0513731 0.0662164 0.0677336 0.0161930 0.0491656 0.0498791 0.0637853 0.0817184 0.0472645 0.0202691 0.0150326 0.0526314 0.0617929 0.0194191 0.0172624 0.0000000 0.0809541 0.0589587 0.0643976 0.0851349 0.0810666 0.0183679 0.0676339 0.0477174 0.0570271 0.0603480 0.0600834 0.0936791 0.0619435 0.0534125 0.0839826 0.0166338 0.0812517 
Peramelidae_Echymipera_kalubu                0.0663614 0.0812940 0.0642635 0.0767881 0.0781494 0.0774826 0.0631538 0.0655766 0.0732004 0.0122712 0.0635342 0.0874247 0.0881184 0.0670272 0.0757286 0.0870139 0.0793859 0.0809541 0.0000000 0.0663490 0.0800147 0.0990132 0.0866230 0.0844986 0.0790377 0.0655544 0.0704967 0.0703931 0.0760085 0.1176029 0.0709407 0.0673108 0.0094651 0.0789374 0.0118483 
Macropodidae_Dorcopsulus_vanheurni           0.0284710 0.0666692 0.0358431 0.0155556 0.0153845 0.0565338 0.0274378 0.0295772 0.0117191 0.0676384 0.0279632 0.0641005 0.0655777 0.0301261 0.0357868 0.0639815 0.0589222 0.0589587 0.0663490 0.0000000 0.0392193 0.0803533 0.0699452 0.0599782 0.0239570 0.0450153 0.0337242 0.0048585 0.0344720 0.0612836 0.0343282 0.0295238 0.0660320 0.0597457 0.0670904 
Pseudochiridae_Pseudochirulus_forbesi        0.0334795 0.0691972 0.0399191 0.0469325 0.0461551 0.0634052 0.0347919 0.0367314 0.0414708 0.0797287 0.0338370 0.0704863 0.0702824 0.0372962 0.0384619 0.0695795 0.0648015 0.0643976 0.0800147 0.0392193 0.0000000 0.0794155 0.0672742 0.0681976 0.0451229 0.0520438 0.0184237 0.0393143 0.0094203 0.0629082 0.0359561 0.0375164 0.0779886 0.0648198 0.0781071 
Didelphidae_Didelphis_virginiana             0.0672930 0.0959576 0.0671757 0.0844886 0.0846275 0.0752169 0.0732648 0.0762050 0.0815622 0.0986510 0.0721223 0.0833943 0.0860113 0.0749102 0.0853819 0.0809844 0.0799052 0.0851349 0.0990132 0.0803533 0.0794155 0.0000000 0.0224121 0.0826932 0.0833172 0.0693419 0.0709292 0.0800349 0.0748481 0.1201616 0.0770653 0.0753311 0.1015183 0.0782069 0.0999749 
Marmosidae_Monodelphis_domestica             0.0605998 0.0867236 0.0595055 0.0738754 0.0743038 0.0741238 0.0617155 0.0634403 0.0711010 0.0817356 0.0611708 0.0811756 0.0811560 0.0650539 0.0750224 0.0773970 0.0783402 0.0810666 0.0866230 0.0699452 0.0672742 0.0224121 0.0000000 0.0757547 0.0746713 0.0625012 0.0585635 0.0687207 0.0636751 0.1068820 0.0717143 0.0644336 0.0832757 0.0769270 0.0825769 
Dasyuridae_Antechinus_stuartii               0.0562638 0.0764379 0.0528271 0.0635435 0.0652294 0.0105323 0.0541325 0.0543564 0.0635686 0.0833944 0.0511835 0.0075013 0.0211365 0.0576944 0.0650893 0.0064947 0.0124059 0.0183679 0.0844986 0.0599782 0.0681976 0.0826932 0.0757547 0.0000000 0.0683285 0.0522419 0.0591115 0.0638743 0.0630354 0.0988626 0.0600606 0.0573423 0.0839909 0.0110845 0.0841365 
Hypsiprymnodontidae_Hypsiprymnodon_moschatus 0.0353884 0.0709260 0.0390349 0.0300336 0.0303323 0.0652019 0.0330272 0.0359123 0.0251463 0.0772397 0.0353966 0.0716654 0.0734421 0.0358945 0.0426044 0.0715752 0.0686661 0.0676339 0.0790377 0.0239570 0.0451229 0.0833172 0.0746713 0.0683285 0.0000000 0.0481419 0.0365263 0.0252924 0.0391855 0.0702154 0.0388502 0.0355160 0.0767139 0.0682971 0.0776090 
Microbiotheriidae_Dromiciops_gliroides       0.0383111 0.0551669 0.0376530 0.0519620 0.0529227 0.0477202 0.0357516 0.0368931 0.0479963 0.0640836 0.0364664 0.0535110 0.0524667 0.0390112 0.0472928 0.0533607 0.0502249 0.0477174 0.0655544 0.0450153 0.0520438 0.0693419 0.0625012 0.0522419 0.0481419 0.0000000 0.0429679 0.0455232 0.0476569 0.0762123 0.0469259 0.0386393 0.0653776 0.0487755 0.0638315 
Pseudochiridae_Petauroides_volans            0.0275121 0.0608626 0.0346080 0.0416524 0.0409444 0.0538373 0.0267593 0.0273605 0.0374028 0.0671410 0.0254599 0.0609184 0.0592201 0.0274314 0.0305453 0.0604613 0.0572701 0.0570271 0.0704967 0.0337242 0.0184237 0.0709292 0.0585635 0.0591115 0.0365263 0.0429679 0.0000000 0.0357335 0.0159937 0.0546904 0.0288785 0.0276214 0.0700804 0.0569275 0.0679636 
Macropodidae_Wallabia_bicolor                0.0289836 0.0672758 0.0356998 0.0167884 0.0164059 0.0612604 0.0289090 0.0303428 0.0132054 0.0706331 0.0294635 0.0684773 0.0696531 0.0309276 0.0379143 0.0674944 0.0637780 0.0603480 0.0703931 0.0048585 0.0393143 0.0800349 0.0687207 0.0638743 0.0252924 0.0455232 0.0357335 0.0000000 0.0360110 0.0639082 0.0360976 0.0305921 0.0676996 0.0646622 0.0701550 
Pseudochiridae_Pseudocheirus_occidentalis    0.0300466 0.0651768 0.0381013 0.0412282 0.0411037 0.0583479 0.0309877 0.0322612 0.0363983 0.0748407 0.0304424 0.0648392 0.0653989 0.0331002 0.0331540 0.0635711 0.0608607 0.0600834 0.0760085 0.0344720 0.0094203 0.0748481 0.0636751 0.0630354 0.0391855 0.0476569 0.0159937 0.0360110 0.0000000 0.0552865 0.0313170 0.0324726 0.0753485 0.0597186 0.0756246 
Tarsipedidae_Tarsipes_rostratus              0.0588792 0.1031084 0.0644221 0.0757059 0.0751272 0.0945682 0.0548322 0.0564988 0.0691404 0.1125488 0.0564609 0.1018500 0.1044718 0.0597974 0.0599696 0.1029734 0.0978405 0.0936791 0.1176029 0.0612836 0.0629082 0.1201616 0.1068820 0.0988626 0.0702154 0.0762123 0.0546904 0.0639082 0.0552865 0.0000000 0.0616628 0.0594958 0.1156893 0.0969413 0.1100878 
Acrobatidae_Distoechurus_pennatus            0.0310067 0.0678562 0.0377137 0.0399279 0.0397432 0.0596854 0.0302140 0.0303822 0.0373595 0.0690008 0.0288322 0.0646955 0.0664829 0.0319641 0.0188184 0.0645780 0.0620885 0.0619435 0.0709407 0.0343282 0.0359561 0.0770653 0.0717143 0.0600606 0.0388502 0.0469259 0.0288785 0.0360976 0.0313170 0.0616628 0.0000000 0.0321545 0.0684983 0.0613526 0.0711176 
Phalangeridae_Phalanger_carmelitae           0.0243813 0.0619012 0.0326945 0.0367393 0.0365553 0.0540393 0.0095307 0.0052835 0.0318739 0.0627035 0.0050279 0.0605094 0.0601414 0.0022639 0.0330237 0.0603788 0.0555378 0.0534125 0.0673108 0.0295238 0.0375164 0.0753311 0.0644336 0.0573423 0.0355160 0.0386393 0.0276214 0.0305921 0.0324726 0.0594958 0.0321545 0.0000000 0.0663943 0.0563302 0.0625983 
Peramelidae_Peroryctes_raffrayana            0.0628957 0.0774578 0.0611120 0.0757704 0.0766781 0.0788014 0.0625567 0.0645856 0.0717580 0.0102074 0.0615985 0.0880621 0.0904750 0.0660495 0.0725332 0.0870257 0.0807737 0.0839826 0.0094651 0.0660320 0.0779886 0.1015183 0.0832757 0.0839909 0.0767139 0.0653776 0.0700804 0.0676996 0.0753485 0.1156893 0.0684983 0.0663943 0.0000000 0.0803097 0.0102039 
Dasyuridae_Dasyurus_geffroii                 0.0566333 0.0732628 0.0519995 0.0640003 0.0648359 0.0024147 0.0531480 0.0547531 0.0635936 0.0777938 0.0496338 0.0115462 0.0169580 0.0564304 0.0640137 0.0108384 0.0031991 0.0166338 0.0789374 0.0597457 0.0648198 0.0782069 0.0769270 0.0110845 0.0682971 0.0487755 0.0569275 0.0646622 0.0597186 0.0969413 0.0613526 0.0563302 0.0803097 0.0000000 0.0786897 
Peramelidae_Perameles_gunnii                 0.0621904 0.0769735 0.0592761 0.0770680 0.0784721 0.0771730 0.0621189 0.0630896 0.0716747 0.0007592 0.0592290 0.0867220 0.0869232 0.0622584 0.0742492 0.0862879 0.0786623 0.0812517 0.0118483 0.0670904 0.0781071 0.0999749 0.0825769 0.0841365 0.0776090 0.0638315 0.0679636 0.0701550 0.0756246 0.1100878 0.0711176 0.0625983 0.0102039 0.0786897 0.0000000 
