35
Burramyidae_Burramys_parvus                  0.0000000 0.0634800 0.0448577 0.0415740 0.0337323 0.0571197 0.0386851 0.0515114 0.0389772 0.0577712 0.0474186 0.0594064 0.0634628 0.0421835 0.0400617 0.0593857 0.0540332 0.0786249 0.0603197 0.0394658 0.0591008 0.0852680 0.0884536 0.0550653 0.0446068 0.0497953 0.0374863 0.0372140 0.0400296 0.0501365 0.0460056 0.0446272 0.0607579 0.0543452 0.0585017 
Notoryctidae_Notoryctes_typhlops             0.0634800 0.0000000 0.0668876 0.0676781 0.0595785 0.0722803 0.0686821 0.0972795 0.0676827 0.0708750 0.0846044 0.0721365 0.0786950 0.0769466 0.0674594 0.0756556 0.0715368 0.1163792 0.0719038 0.0659378 0.0860395 0.1366381 0.1068735 0.0726043 0.0721701 0.0704296 0.0678978 0.0617717 0.0711991 0.0808135 0.0663244 0.0775503 0.0721517 0.0707875 0.0708149 
Vombatidae_Lasiorhinus_latifrons             0.0448577 0.0668876 0.0000000 0.0464682 0.0400726 0.0597494 0.0475538 0.0606415 0.0452800 0.0611243 0.0530769 0.0601353 0.0709097 0.0513270 0.0510735 0.0616130 0.0589893 0.0861478 0.0619919 0.0464467 0.0646578 0.1158855 0.0970590 0.0573124 0.0520227 0.0553183 0.0461857 0.0437436 0.0503659 0.0577644 0.0539899 0.0535587 0.0628181 0.0592659 0.0618547 
Potoroidae_Bettongia_penicillata             0.0415740 0.0676781 0.0464682 0.0000000 0.0046048 0.0599170 0.0436973 0.0575032 0.0091935 0.0616579 0.0524656 0.0613201 0.0689457 0.0499340 0.0519046 0.0618241 0.0578199 0.0755123 0.0634853 0.0209441 0.0649036 0.0887676 0.0961158 0.0583150 0.0355459 0.0555921 0.0442954 0.0187700 0.0498827 0.0574977 0.0516511 0.0519490 0.0651934 0.0591591 0.0620679 
Potoroidae_Bettongia_lesueur                 0.0337323 0.0595785 0.0400726 0.0046048 0.0000000 0.0543675 0.0394686 0.0488366 0.0076482 0.0487458 0.0437519 0.0553376 0.0517783 0.0447253 0.0472363 0.0560288 0.0524960 0.0635104 0.0496677 0.0160337 0.0623534 0.0885075 0.0836138 0.0521274 0.0281114 0.0467256 0.0393061 0.0136491 0.0462917 0.0501051 0.0438961 0.0469373 0.0514854 0.0527836 0.0489613 
Dasyuridae_Dasyurus_maculatus                0.0571197 0.0722803 0.0597494 0.0599170 0.0543675 0.0000000 0.0609577 0.0817845 0.0602372 0.0712434 0.0631634 0.0140432 0.0320536 0.0651980 0.0647175 0.0157732 0.0067476 0.0296749 0.0745012 0.0594441 0.0814879 0.0930360 0.0992503 0.0135077 0.0668452 0.0631493 0.0595667 0.0578459 0.0635860 0.0703112 0.0646845 0.0668359 0.0730995 0.0060825 0.0739659 
Phalangeridae_Trichosurus_vulpecula          0.0386851 0.0686821 0.0475538 0.0436973 0.0394686 0.0609577 0.0000000 0.0161736 0.0425672 0.0621159 0.0253644 0.0653453 0.0716723 0.0252695 0.0469371 0.0646450 0.0586501 0.0830178 0.0607896 0.0435906 0.0593874 0.1110136 0.0966406 0.0606258 0.0475258 0.0514031 0.0429227 0.0423182 0.0482692 0.0564328 0.0492565 0.0254170 0.0644061 0.0596580 0.0619590 
Phalangeridae_Spilocuscus_maculatus          0.0515114 0.0972795 0.0606415 0.0575032 0.0488366 0.0817845 0.0161736 0.0000000 0.0562466 0.0850746 0.0211996 0.0877144 0.0981818 0.0207063 0.0633726 0.0887936 0.0780393 0.0774657 0.0852048 0.0555696 0.0773893 0.1017521 0.1377207 0.0833328 0.0620781 0.0673449 0.0525105 0.0550700 0.0605527 0.0762889 0.0680824 0.0202996 0.0894285 0.0793978 0.0849448 
Potoroidae_Aepyprymnus_rufescens             0.0389772 0.0676827 0.0452800 0.0091935 0.0076482 0.0602372 0.0425672 0.0562466 0.0000000 0.0611815 0.0498641 0.0616460 0.0695297 0.0490243 0.0507618 0.0616012 0.0581435 0.0754524 0.0635611 0.0208744 0.0644118 0.0911043 0.0964306 0.0586910 0.0350434 0.0548628 0.0439129 0.0179767 0.0484584 0.0562846 0.0510354 0.0507522 0.0644125 0.0594799 0.0616323 
Peramelidae_Perameles_nasuta                 0.0577712 0.0708750 0.0611243 0.0616579 0.0487458 0.0712434 0.0621159 0.0850746 0.0611815 0.0000000 0.0696372 0.0742660 0.0734974 0.0651563 0.0677034 0.0747950 0.0704488 0.1071402 0.0119237 0.0612129 0.0826547 0.0770987 0.0931424 0.0696879 0.0644081 0.0617315 0.0609345 0.0591060 0.0654222 0.0733168 0.0637767 0.0670200 0.0119610 0.0688426 0.0010770 
Phalangeridae_Strigocuscus_pelengensis       0.0474186 0.0846044 0.0530769 0.0524656 0.0437519 0.0631634 0.0253644 0.0211996 0.0498641 0.0696372 0.0000000 0.0699721 0.0774149 0.0180210 0.0545057 0.0722862 0.0624513 0.0904021 0.0677649 0.0492306 0.0725511 0.1139252 0.1058084 0.0669833 0.0555428 0.0558182 0.0493524 0.0481388 0.0531061 0.0639779 0.0559132 0.0172518 0.0691756 0.0633496 0.0690079 
Dasyuridae_Phascogale_tapoatafa              0.0594064 0.0721365 0.0601353 0.0613201 0.0553376 0.0140432 0.0653453 0.0877144 0.0616460 0.0742660 0.0699721 0.0000000 0.0324399 0.0688655 0.0660015 0.0062298 0.0135425 0.0309734 0.0773711 0.0610694 0.0795897 0.1016119 0.1007982 0.0078363 0.0681282 0.0646311 0.0605225 0.0596783 0.0650969 0.0733651 0.0656759 0.0714062 0.0760538 0.0140000 0.0763400 
Dasyuridae_Sminthopsis_macroura              0.0634628 0.0786950 0.0709097 0.0689457 0.0517783 0.0320536 0.0716723 0.0981818 0.0695297 0.0734974 0.0774149 0.0324399 0.0000000 0.0748307 0.0771403 0.0343476 0.0300319 0.0414229 0.0757396 0.0660913 0.0910255 0.0953989 0.1042824 0.0301721 0.0739285 0.0723492 0.0680024 0.0656606 0.0742401 0.0765202 0.0697222 0.0755050 0.0747144 0.0302824 0.0752888 
Phalangeridae_Phalanger_orientalis           0.0421835 0.0769466 0.0513270 0.0499340 0.0447253 0.0651980 0.0252695 0.0207063 0.0490243 0.0651563 0.0180210 0.0688655 0.0748307 0.0000000 0.0530097 0.0702172 0.0625545 0.0914248 0.0651864 0.0482175 0.0661708 0.1148512 0.0986898 0.0649411 0.0505851 0.0568003 0.0489318 0.0461692 0.0508938 0.0623362 0.0562411 0.0051025 0.0675557 0.0625117 0.0649847 
Acrobatidae_Acrobates_pygmaeus               0.0400617 0.0674594 0.0510735 0.0519046 0.0472363 0.0647175 0.0469371 0.0633726 0.0507618 0.0677034 0.0545057 0.0660015 0.0771403 0.0530097 0.0000000 0.0682310 0.0647435 0.0953474 0.0691131 0.0476277 0.0621760 0.1119615 0.0989802 0.0649764 0.0520426 0.0584251 0.0430353 0.0448991 0.0445488 0.0533721 0.0352980 0.0534276 0.0692511 0.0644592 0.0686640 
Dasyuridae_Phascogale_calura                 0.0593857 0.0756556 0.0616130 0.0618241 0.0560288 0.0157732 0.0646450 0.0887936 0.0616012 0.0747950 0.0722862 0.0062298 0.0343476 0.0702172 0.0682310 0.0000000 0.0148141 0.0364209 0.0776183 0.0613379 0.0852675 0.1074577 0.1028057 0.0094389 0.0681002 0.0650909 0.0636694 0.0596883 0.0683474 0.0746470 0.0664259 0.0723505 0.0767413 0.0157269 0.0768152 
Dasyuridae_Sarcophilus_harrisii              0.0540332 0.0715368 0.0589893 0.0578199 0.0524960 0.0067476 0.0586501 0.0780393 0.0581435 0.0704488 0.0624513 0.0135425 0.0300319 0.0625545 0.0647435 0.0148141 0.0000000 0.0292502 0.0728696 0.0568011 0.0791753 0.0919699 0.0976964 0.0121094 0.0649880 0.0617542 0.0575287 0.0562477 0.0631545 0.0678952 0.0635797 0.0645128 0.0718107 0.0054122 0.0727572 
Dasyuridae_Planigale_tenuirostris            0.0786249 0.1163792 0.0861478 0.0755123 0.0635104 0.0296749 0.0830178 0.0774657 0.0754524 0.1071402 0.0904021 0.0309734 0.0414229 0.0914248 0.0953474 0.0364209 0.0292502 0.0000000 0.1078319 0.0742557 0.1167926 0.0972954 0.1526463 0.0309759 0.0862914 0.0830963 0.0781652 0.0717904 0.0846227 0.0963771 0.0931347 0.0919159 0.1056114 0.0323141 0.1083763 
Peramelidae_Echymipera_kalubu                0.0603197 0.0719038 0.0619919 0.0634853 0.0496677 0.0745012 0.0607896 0.0852048 0.0635611 0.0119237 0.0677649 0.0773711 0.0757396 0.0651864 0.0691131 0.0776183 0.0728696 0.1078319 0.0000000 0.0626529 0.0821275 0.0810387 0.0958416 0.0727388 0.0663430 0.0624353 0.0610386 0.0597262 0.0654782 0.0767580 0.0628881 0.0659027 0.0110870 0.0730637 0.0112232 
Macropodidae_Dorcopsulus_vanheurni           0.0394658 0.0659378 0.0464467 0.0209441 0.0160337 0.0594441 0.0435906 0.0555696 0.0208744 0.0612129 0.0492306 0.0610694 0.0660913 0.0482175 0.0476277 0.0613379 0.0568011 0.0742557 0.0626529 0.0000000 0.0632073 0.0984945 0.0954130 0.0588288 0.0326099 0.0523795 0.0426623 0.0075119 0.0495312 0.0543214 0.0492528 0.0514017 0.0635519 0.0581392 0.0613396 
Pseudochiridae_Pseudochirulus_forbesi        0.0591008 0.0860395 0.0646578 0.0649036 0.0623534 0.0814879 0.0593874 0.0773893 0.0644118 0.0826547 0.0725511 0.0795897 0.0910255 0.0661708 0.0621760 0.0852675 0.0791753 0.1167926 0.0821275 0.0632073 0.0000000 0.1756629 0.1179914 0.0803606 0.0704466 0.0743071 0.0376719 0.0596435 0.0291860 0.0601662 0.0697378 0.0674344 0.0820252 0.0795077 0.0824994 
Didelphidae_Didelphis_virginiana             0.0852680 0.1366381 0.1158855 0.0887676 0.0885075 0.0930360 0.1110136 0.1017521 0.0911043 0.0770987 0.1139252 0.1016119 0.0953989 0.1148512 0.1119615 0.1074577 0.0919699 0.0972954 0.0810387 0.0984945 0.1756629 0.0000000 0.0904937 0.0937663 0.0930930 0.0942946 0.0936334 0.0958688 0.1070184 0.1122515 0.0977177 0.1245492 0.0795489 0.0926682 0.0805669 
Marmosidae_Monodelphis_domestica             0.0884536 0.1068735 0.0970590 0.0961158 0.0836138 0.0992503 0.0966406 0.1377207 0.0964306 0.0931424 0.1058084 0.1007982 0.1042824 0.0986898 0.0989802 0.1028057 0.0976964 0.1526463 0.0958416 0.0954130 0.1179914 0.0904937 0.0000000 0.1000463 0.0990483 0.0952703 0.0900385 0.0933643 0.0983869 0.1048246 0.0942976 0.1029335 0.0966725 0.0971863 0.0930822 
Dasyuridae_Antechinus_stuartii               0.0550653 0.0726043 0.0573124 0.0583150 0.0521274 0.0135077 0.0606258 0.0833328 0.0586910 0.0696879 0.0669833 0.0078363 0.0301721 0.0649411 0.0649764 0.0094389 0.0121094 0.0309759 0.0727388 0.0588288 0.0803606 0.0937663 0.1000463 0.0000000 0.0647057 0.0618307 0.0597863 0.0574795 0.0639422 0.0700672 0.0634143 0.0674401 0.0721296 0.0121249 0.0715999 
Hypsiprymnodontidae_Hypsiprymnodon_moschatus 0.0446068 0.0721701 0.0520227 0.0355459 0.0281114 0.0668452 0.0475258 0.0620781 0.0350434 0.0644081 0.0555428 0.0681282 0.0739285 0.0505851 0.0520426 0.0681002 0.0649880 0.0862914 0.0663430 0.0326099 0.0704466 0.0930930 0.0990483 0.0647057 0.0000000 0.0573078 0.0484920 0.0303719 0.0540833 0.0608748 0.0541178 0.0543467 0.0667496 0.0660897 0.0648043 
Microbiotheriidae_Dromiciops_gliroides       0.0497953 0.0704296 0.0553183 0.0555921 0.0467256 0.0631493 0.0514031 0.0673449 0.0548628 0.0617315 0.0558182 0.0646311 0.0723492 0.0568003 0.0584251 0.0650909 0.0617542 0.0830963 0.0624353 0.0523795 0.0743071 0.0942946 0.0952703 0.0618307 0.0573078 0.0000000 0.0516908 0.0506282 0.0583594 0.0675448 0.0591944 0.0589959 0.0641155 0.0612767 0.0619568 
Pseudochiridae_Petauroides_volans            0.0374863 0.0678978 0.0461857 0.0442954 0.0393061 0.0595667 0.0429227 0.0525105 0.0439129 0.0609345 0.0493524 0.0605225 0.0680024 0.0489318 0.0430353 0.0636694 0.0575287 0.0781652 0.0610386 0.0426623 0.0376719 0.0936334 0.0900385 0.0597863 0.0484920 0.0516908 0.0000000 0.0399036 0.0244257 0.0427840 0.0478077 0.0491354 0.0616488 0.0588007 0.0612340 
Macropodidae_Wallabia_bicolor                0.0372140 0.0617717 0.0437436 0.0187700 0.0136491 0.0578459 0.0423182 0.0550700 0.0179767 0.0591060 0.0481388 0.0596783 0.0656606 0.0461692 0.0448991 0.0596883 0.0562477 0.0717904 0.0597262 0.0075119 0.0596435 0.0958688 0.0933643 0.0574795 0.0303719 0.0506282 0.0399036 0.0000000 0.0452142 0.0532832 0.0480108 0.0490726 0.0617674 0.0572763 0.0592915 
Pseudochiridae_Pseudocheirus_occidentalis    0.0400296 0.0711991 0.0503659 0.0498827 0.0462917 0.0635860 0.0482692 0.0605527 0.0484584 0.0654222 0.0531061 0.0650969 0.0742401 0.0508938 0.0445488 0.0683474 0.0631545 0.0846227 0.0654782 0.0495312 0.0291860 0.1070184 0.0983869 0.0639422 0.0540833 0.0583594 0.0244257 0.0452142 0.0000000 0.0451192 0.0532422 0.0539875 0.0655489 0.0626885 0.0660425 
Tarsipedidae_Tarsipes_rostratus              0.0501365 0.0808135 0.0577644 0.0574977 0.0501051 0.0703112 0.0564328 0.0762889 0.0562846 0.0733168 0.0639779 0.0733651 0.0765202 0.0623362 0.0533721 0.0746470 0.0678952 0.0963771 0.0767580 0.0543214 0.0601662 0.1122515 0.1048246 0.0700672 0.0608748 0.0675448 0.0427840 0.0532832 0.0451192 0.0000000 0.0596288 0.0631542 0.0747789 0.0684418 0.0742596 
Acrobatidae_Distoechurus_pennatus            0.0460056 0.0663244 0.0539899 0.0516511 0.0438961 0.0646845 0.0492565 0.0680824 0.0510354 0.0637767 0.0559132 0.0656759 0.0697222 0.0562411 0.0352980 0.0664259 0.0635797 0.0931347 0.0628881 0.0492528 0.0697378 0.0977177 0.0942976 0.0634143 0.0541178 0.0591944 0.0478077 0.0480108 0.0532422 0.0596288 0.0000000 0.0572032 0.0637454 0.0636383 0.0638671 
Phalangeridae_Phalanger_carmelitae           0.0446272 0.0775503 0.0535587 0.0519490 0.0469373 0.0668359 0.0254170 0.0202996 0.0507522 0.0670200 0.0172518 0.0714062 0.0755050 0.0051025 0.0534276 0.0723505 0.0645128 0.0919159 0.0659027 0.0514017 0.0674344 0.1245492 0.1029335 0.0674401 0.0543467 0.0589959 0.0491354 0.0490726 0.0539875 0.0631542 0.0572032 0.0000000 0.0689076 0.0644697 0.0663378 
Peramelidae_Peroryctes_raffrayana            0.0607579 0.0721517 0.0628181 0.0651934 0.0514854 0.0730995 0.0644061 0.0894285 0.0644125 0.0119610 0.0691756 0.0760538 0.0747144 0.0675557 0.0692511 0.0767413 0.0718107 0.1056114 0.0110870 0.0635519 0.0820252 0.0795489 0.0966725 0.0721296 0.0667496 0.0641155 0.0616488 0.0617674 0.0655489 0.0747789 0.0637454 0.0689076 0.0000000 0.0709544 0.0117588 
Dasyuridae_Dasyurus_geffroii                 0.0543452 0.0707875 0.0592659 0.0591591 0.0527836 0.0060825 0.0596580 0.0793978 0.0594799 0.0688426 0.0633496 0.0140000 0.0302824 0.0625117 0.0644592 0.0157269 0.0054122 0.0323141 0.0730637 0.0581392 0.0795077 0.0926682 0.0971863 0.0121249 0.0660897 0.0612767 0.0588007 0.0572763 0.0626885 0.0684418 0.0636383 0.0644697 0.0709544 0.0000000 0.0711973 
Peramelidae_Perameles_gunnii                 0.0585017 0.0708149 0.0618547 0.0620679 0.0489613 0.0739659 0.0619590 0.0849448 0.0616323 0.0010770 0.0690079 0.0763400 0.0752888 0.0649847 0.0686640 0.0768152 0.0727572 0.1083763 0.0112232 0.0613396 0.0824994 0.0805669 0.0930822 0.0715999 0.0648043 0.0619568 0.0612340 0.0592915 0.0660425 0.0742596 0.0638671 0.0663378 0.0117588 0.0711973 0.0000000 
