48
Acrobatidae_Acrobates_pygmaeus                 0.0000000 0.0366429 0.0523143 0.0606511 0.0467969 0.0935257 0.0995940 0.1010112 0.1021965 0.1030987 0.0931718 0.0999604 0.0978753 0.0995093 0.0821754 0.0631952 0.0619926 0.0622157 0.0991669 0.0950763 0.1018752 0.0956994 0.0845849 0.0752988 0.0760822 0.0722335 0.0758180 0.0479878 0.0552939 0.0485559 0.0487676 0.0455387 0.0541743 0.0663125 0.0627602 0.0653905 0.0667733 0.0629257 0.0637460 0.0545389 0.0545074 0.0470112 0.0439552 0.0538449 0.0572071 0.0799794 0.0578588 0.0611913 
Acrobatidae_Distoechurus_pennatus              0.0366429 0.0000000 0.0523664 0.0626242 0.0490003 0.0941105 0.1014374 0.1028780 0.1027253 0.1031364 0.0998555 0.1018324 0.1000665 0.1026312 0.0839266 0.0635577 0.0666365 0.0655059 0.0986903 0.0935191 0.1070624 0.0933502 0.0883411 0.0776366 0.0774195 0.0741065 0.0808367 0.0505711 0.0558152 0.0529428 0.0547550 0.0476534 0.0526197 0.0647563 0.0617630 0.0623824 0.0658852 0.0637416 0.0644967 0.0532705 0.0581337 0.0518074 0.0491271 0.0552023 0.0578334 0.0841848 0.0557193 0.0569938 
Burramyidae_Burramys_parvus                    0.0523143 0.0523664 0.0000000 0.0494737 0.0392672 0.0875678 0.0968602 0.0977152 0.0927823 0.0948413 0.0929739 0.0961189 0.0908341 0.0917594 0.0774918 0.0561757 0.0574260 0.0602425 0.0914402 0.0884509 0.0969556 0.0920129 0.0887993 0.0769440 0.0766978 0.0727745 0.0801834 0.0396251 0.0456321 0.0395306 0.0445354 0.0381807 0.0487134 0.0612757 0.0545611 0.0569484 0.0580233 0.0588179 0.0590835 0.0575788 0.0616923 0.0528418 0.0505932 0.0550565 0.0569035 0.0869737 0.0527702 0.0565889 
Burramyidae_Cercartetus_nanusnorthern          0.0606511 0.0626242 0.0494737 0.0000000 0.0173388 0.1025867 0.1111871 0.1115402 0.1108817 0.1113322 0.1058761 0.1087637 0.1079305 0.1044175 0.0865411 0.0652404 0.0686632 0.0704701 0.1061495 0.0999494 0.1110973 0.0989671 0.1056207 0.0934007 0.0937039 0.0867809 0.0975690 0.0497749 0.0580794 0.0515967 0.0552092 0.0463413 0.0560030 0.0726156 0.0685846 0.0676211 0.0643012 0.0716552 0.0715915 0.0703519 0.0692345 0.0623550 0.0584643 0.0643822 0.0636811 0.1063643 0.0595611 0.0614377 
Burramyidae_Cercartetus_nanussouthern          0.0467969 0.0490003 0.0392672 0.0173388 0.0000000 0.0740286 0.0811326 0.0817278 0.0824488 0.0828002 0.0886906 0.0808514 0.0789505 0.0841837 0.0724691 0.0486699 0.0544231 0.0560037 0.0814042 0.0759678 0.0812996 0.0825494 0.0791546 0.0739520 0.0736764 0.0670047 0.0767453 0.0384708 0.0467612 0.0394229 0.0430955 0.0369485 0.0415162 0.0587755 0.0555315 0.0554216 0.0519142 0.0565628 0.0560790 0.0580493 0.0458618 0.0512761 0.0479639 0.0535366 0.0479467 0.0809863 0.0468888 0.0485360 
Dasyuridae_Antechinus_stuartii                 0.0935257 0.0941105 0.0875678 0.1025867 0.0740286 0.0000000 0.0241621 0.0250751 0.0151668 0.0177220 0.0323645 0.0233318 0.0345069 0.1229653 0.1069809 0.0987052 0.1044173 0.0994901 0.1224867 0.1083618 0.0511452 0.1213541 0.1163584 0.1089522 0.1088178 0.1042001 0.1155557 0.0882110 0.0953124 0.0872029 0.0796673 0.0853448 0.0759169 0.1043189 0.1011512 0.0984401 0.1047094 0.1027691 0.1027048 0.0999011 0.0960063 0.0799980 0.0767923 0.0956052 0.0969305 0.1125637 0.0885716 0.0935844 
Dasyuridae_Dasyurus_geffroii                   0.0995940 0.1014374 0.0968602 0.1111871 0.0811326 0.0241621 0.0000000 0.0040019 0.0241379 0.0250368 0.0336702 0.0056188 0.0322824 0.1269571 0.1195721 0.1093862 0.1150925 0.1083178 0.1297147 0.1167016 0.0506793 0.1334283 0.1207479 0.1154976 0.1172018 0.1130775 0.1232331 0.0966490 0.1042508 0.0945730 0.0890332 0.0928661 0.0855020 0.1137471 0.1088707 0.1076857 0.1142145 0.1096252 0.1109255 0.1103183 0.1088165 0.0892461 0.0847122 0.1055223 0.1048473 0.1214268 0.0982671 0.1019759 
Dasyuridae_Dasyurus_maculatus                  0.1010112 0.1028780 0.0977152 0.1115402 0.0817278 0.0250751 0.0040019 0.0000000 0.0250771 0.0259588 0.0342002 0.0064403 0.0328000 0.1289863 0.1209991 0.1110986 0.1166263 0.1097639 0.1322785 0.1179078 0.0513661 0.1341291 0.1237747 0.1182316 0.1188680 0.1153185 0.1257874 0.0969696 0.1046032 0.0948871 0.0891032 0.0931738 0.0880466 0.1130188 0.1086984 0.1074916 0.1163418 0.1102392 0.1115470 0.1106715 0.1092622 0.0884274 0.0856562 0.1075982 0.1043887 0.1232889 0.0996598 0.1036567 
Dasyuridae_Phascogale_calura                   0.1021965 0.1027253 0.0927823 0.1108817 0.0824488 0.0151668 0.0241379 0.0250771 0.0000000 0.0039935 0.0314094 0.0241612 0.0327010 0.1277423 0.1172922 0.1078441 0.1147384 0.1079462 0.1295409 0.1159279 0.0473382 0.1331774 0.1247758 0.1182623 0.1192348 0.1145036 0.1245779 0.0961219 0.1034668 0.0940469 0.0876888 0.0931885 0.0874944 0.1148037 0.1122381 0.1093592 0.1151000 0.1121563 0.1128522 0.1070230 0.1050897 0.0875150 0.0847182 0.1029471 0.1019414 0.1224090 0.1003174 0.1051589 
Dasyuridae_Phascogale_tapoatafa                0.1030987 0.1031364 0.0948413 0.1113322 0.0828002 0.0177220 0.0250368 0.0259588 0.0039935 0.0000000 0.0330840 0.0250824 0.0349717 0.1308529 0.1172770 0.1077907 0.1136187 0.1068173 0.1324427 0.1170703 0.0484411 0.1329686 0.1233479 0.1166568 0.1178553 0.1124806 0.1223848 0.0981595 0.1055968 0.0960711 0.0892489 0.0941361 0.0883255 0.1146679 0.1111031 0.1082185 0.1137633 0.1121208 0.1128193 0.1097197 0.1054014 0.0878758 0.0850660 0.1033584 0.1028677 0.1221677 0.1013095 0.1050026 
Dasyuridae_Planigale_tenuirostris              0.0931718 0.0998555 0.0929739 0.1058761 0.0886906 0.0323645 0.0336702 0.0342002 0.0314094 0.0330840 0.0000000 0.0331493 0.0221285 0.1207049 0.1224909 0.0982809 0.1034275 0.0948702 0.1177927 0.1138686 0.0371748 0.1242845 0.1166655 0.1116634 0.1133643 0.1078741 0.1159205 0.0888156 0.0964466 0.0866115 0.0920895 0.0859554 0.0842977 0.1010414 0.0994630 0.0985254 0.1002123 0.0983066 0.0977469 0.1032162 0.0969920 0.0977323 0.0970165 0.0973042 0.1059814 0.1151167 0.0907968 0.0955701 
Dasyuridae_Sarcophilus_harrisii                0.0999604 0.1018324 0.0961189 0.1087637 0.0808514 0.0233318 0.0056188 0.0064403 0.0241612 0.0250824 0.0331493 0.0000000 0.0318980 0.1277456 0.1183157 0.1086997 0.1139218 0.1081806 0.1313145 0.1135902 0.0492941 0.1318865 0.1230320 0.1167513 0.1182803 0.1133819 0.1255139 0.0942963 0.1023909 0.0920532 0.0874233 0.0905196 0.0864319 0.1120804 0.1092532 0.1091835 0.1144559 0.1089381 0.1102352 0.1096911 0.1064977 0.0878458 0.0851180 0.1043445 0.1045712 0.1212530 0.0976440 0.1013582 
Dasyuridae_Sminthopsis_macroura                0.0978753 0.1000665 0.0908341 0.1079305 0.0789505 0.0345069 0.0322824 0.0328000 0.0327010 0.0349717 0.0221285 0.0318980 0.0000000 0.1230301 0.1126553 0.1055176 0.1100790 0.1029455 0.1228914 0.1122925 0.0496749 0.1262437 0.1187530 0.1128230 0.1139654 0.1109811 0.1198340 0.0936182 0.1023329 0.0915491 0.0845461 0.0893030 0.0855915 0.1082665 0.1059142 0.1046912 0.1067718 0.1046265 0.1058039 0.1077861 0.0994604 0.0837014 0.0818739 0.0995919 0.0997187 0.1194431 0.0963316 0.1005063 
Didelphidae_Didelphis_virginiana               0.0995093 0.1026312 0.0917594 0.1044175 0.0841837 0.1229653 0.1269571 0.1289863 0.1277423 0.1308529 0.1207049 0.1277456 0.1230301 0.0000000 0.1168116 0.1070899 0.1097626 0.1099696 0.0309035 0.1117014 0.1289506 0.1294127 0.1225519 0.1148731 0.1135442 0.1100728 0.1214617 0.0913679 0.0998852 0.0930619 0.0892097 0.0897769 0.0887147 0.1142506 0.1101106 0.1092823 0.1104485 0.1124380 0.1118254 0.1098429 0.1041782 0.0964394 0.0926434 0.1025882 0.0970632 0.1241961 0.0952529 0.0992704 
Hypsiprymnodontidae_Hypsiprymnodon_moschatus   0.0821754 0.0839266 0.0774918 0.0865411 0.0724691 0.1069809 0.1195721 0.1209991 0.1172922 0.1172770 0.1224909 0.1183157 0.1126553 0.1168116 0.0000000 0.0640052 0.0658997 0.0702293 0.1186460 0.1029378 0.1182091 0.1167629 0.1024886 0.0978015 0.0980326 0.0942557 0.1033088 0.0738067 0.0822654 0.0761486 0.0771320 0.0670944 0.0793430 0.0714678 0.0709698 0.0702766 0.0699219 0.0682354 0.0688175 0.0893216 0.0879408 0.0848191 0.0842214 0.0863034 0.0928184 0.1068176 0.0832538 0.0869460 
Macropodidae_Dorcopsulus_vanheurni             0.0631952 0.0635577 0.0561757 0.0652404 0.0486699 0.0987052 0.1093862 0.1110986 0.1078441 0.1077907 0.0982809 0.1086997 0.1055176 0.1070899 0.0640052 0.0000000 0.0217713 0.0234769 0.1042350 0.0975155 0.1074896 0.1037935 0.0931437 0.0863195 0.0872642 0.0832101 0.0909439 0.0530056 0.0598166 0.0559757 0.0536265 0.0520826 0.0603096 0.0316794 0.0303938 0.0299764 0.0292301 0.0253634 0.0256424 0.0684808 0.0663221 0.0593986 0.0566931 0.0622051 0.0690139 0.0946415 0.0643536 0.0686732 
Macropodidae_Onychogalea_fraenata              0.0619926 0.0666365 0.0574260 0.0686632 0.0544231 0.1044173 0.1150925 0.1166263 0.1147384 0.1136187 0.1034275 0.1139218 0.1100790 0.1097626 0.0658997 0.0217713 0.0000000 0.0176052 0.1062946 0.0969068 0.1116632 0.1034025 0.0950505 0.0844876 0.0862829 0.0819178 0.0904926 0.0564712 0.0612781 0.0574195 0.0597657 0.0535358 0.0615557 0.0318042 0.0286844 0.0295992 0.0279767 0.0306013 0.0305150 0.0702755 0.0669383 0.0586236 0.0580101 0.0619793 0.0695468 0.0967294 0.0646328 0.0689845 
Macropodidae_Wallabia_bicolor                  0.0622157 0.0655059 0.0602425 0.0704701 0.0560037 0.0994901 0.1083178 0.1097639 0.1079462 0.1068173 0.0948702 0.1081806 0.1029455 0.1099696 0.0702293 0.0234769 0.0176052 0.0000000 0.1063217 0.0982630 0.1056803 0.1033714 0.0941432 0.0867689 0.0896672 0.0858288 0.0936824 0.0572965 0.0627486 0.0586824 0.0607567 0.0557243 0.0628032 0.0299735 0.0234460 0.0243354 0.0288920 0.0296891 0.0296061 0.0690476 0.0694989 0.0626449 0.0614837 0.0657715 0.0709703 0.1008461 0.0673054 0.0722612 
Marmosidae_Monodelphis_domestica               0.0991669 0.0986903 0.0914402 0.1061495 0.0814042 0.1224867 0.1297147 0.1322785 0.1295409 0.1324427 0.1177927 0.1313145 0.1228914 0.0309035 0.1186460 0.1042350 0.1062946 0.1063217 0.0000000 0.1145390 0.1317545 0.1270975 0.1190178 0.1078006 0.1076223 0.1042070 0.1147241 0.0936393 0.1013746 0.0931048 0.0873339 0.0882221 0.0891270 0.1117835 0.1088473 0.1077111 0.1098997 0.1105868 0.1099801 0.1109435 0.1040334 0.0930801 0.0892817 0.1020193 0.1006821 0.1166852 0.0979026 0.1010055 
Microbiotheriidae_Dromiciops_gliroides         0.0950763 0.0935191 0.0884509 0.0999494 0.0759678 0.1083618 0.1167016 0.1179078 0.1159279 0.1170703 0.1138686 0.1135902 0.1122925 0.1117014 0.1029378 0.0975155 0.0969068 0.0982630 0.1145390 0.0000000 0.1228573 0.1176956 0.1204489 0.1103515 0.1101965 0.1065246 0.1190906 0.0826965 0.0930819 0.0846620 0.0792621 0.0782558 0.0882519 0.1002319 0.0991764 0.0996407 0.0984115 0.1000658 0.0999308 0.1015163 0.0951680 0.0862832 0.0844673 0.0926416 0.0954909 0.1128005 0.0905796 0.0929491 
Myrmecobiidae_Myrmecobius_fasciatus            0.1018752 0.1070624 0.0969556 0.1110973 0.0812996 0.0511452 0.0506793 0.0513661 0.0473382 0.0484411 0.0371748 0.0492941 0.0496749 0.1289506 0.1182091 0.1074896 0.1116632 0.1056803 0.1317545 0.1228573 0.0000000 0.1343775 0.1283395 0.1192311 0.1200930 0.1157648 0.1242373 0.0967357 0.1047527 0.0956275 0.0852608 0.0933746 0.0866669 0.1138124 0.1039255 0.1053650 0.1086976 0.1102929 0.1110682 0.1127219 0.1103361 0.0929361 0.0883233 0.1083112 0.0951410 0.1212228 0.0943611 0.0972924 
Notoryctidae_Notoryctes_typhlops               0.0956994 0.0933502 0.0920129 0.0989671 0.0825494 0.1213541 0.1334283 0.1341291 0.1331774 0.1329686 0.1242845 0.1318865 0.1262437 0.1294127 0.1167629 0.1037935 0.1034025 0.1033714 0.1270975 0.1176956 0.1343775 0.0000000 0.1155999 0.1100966 0.1083109 0.1066971 0.1202299 0.0871938 0.0937155 0.0849388 0.0860539 0.0803644 0.0790964 0.1102279 0.1020423 0.1056507 0.1091045 0.1077390 0.1077085 0.1050801 0.1036061 0.0950988 0.0938056 0.0995053 0.0969266 0.1171227 0.0851013 0.0883816 
Peramelidae_Echymipera_kalubu                  0.0845849 0.0883411 0.0887993 0.1056207 0.0791546 0.1163584 0.1207479 0.1237747 0.1247758 0.1233479 0.1166655 0.1230320 0.1187530 0.1225519 0.1024886 0.0931437 0.0950505 0.0941432 0.1190178 0.1204489 0.1283395 0.1155999 0.0000000 0.0217806 0.0209960 0.0206574 0.0269696 0.0841701 0.0909507 0.0889993 0.0828716 0.0863583 0.0822547 0.0948073 0.0915615 0.0908118 0.0952782 0.0963057 0.0962825 0.0962887 0.0851599 0.0760163 0.0723324 0.0887461 0.0869685 0.0408444 0.0917621 0.0939728 
Peramelidae_Isoodon_obesulus                   0.0752988 0.0776366 0.0769440 0.0934007 0.0739520 0.1089522 0.1154976 0.1182316 0.1182623 0.1166568 0.1116634 0.1167513 0.1128230 0.1148731 0.0978015 0.0863195 0.0844876 0.0867689 0.1078006 0.1103515 0.1192311 0.1100966 0.0217806 0.0000000 0.0060600 0.0060976 0.0175030 0.0709758 0.0781759 0.0751075 0.0757975 0.0740164 0.0699788 0.0859138 0.0834975 0.0851363 0.0908469 0.0888726 0.0888231 0.0853217 0.0826383 0.0707113 0.0679653 0.0783726 0.0779518 0.0322539 0.0798704 0.0820365 
Peramelidae_Perameles_gunnii                   0.0760822 0.0774195 0.0766978 0.0937039 0.0736764 0.1088178 0.1172018 0.1188680 0.1192348 0.1178553 0.1133643 0.1182803 0.1139654 0.1135442 0.0980326 0.0872642 0.0862829 0.0896672 0.1076223 0.1101965 0.1200930 0.1083109 0.0209960 0.0060600 0.0000000 0.0008052 0.0171383 0.0717369 0.0795082 0.0769127 0.0754958 0.0742872 0.0697990 0.0868417 0.0858924 0.0875609 0.0923246 0.0875174 0.0874551 0.0844124 0.0818219 0.0692829 0.0676224 0.0781490 0.0777891 0.0312271 0.0785745 0.0817929 
Peramelidae_Perameles_nasuta                   0.0722335 0.0741065 0.0727745 0.0867809 0.0670047 0.1042001 0.1130775 0.1153185 0.1145036 0.1124806 0.1078741 0.1133819 0.1109811 0.1100728 0.0942557 0.0832101 0.0819178 0.0858288 0.1042070 0.1065246 0.1157648 0.1066971 0.0206574 0.0060976 0.0008052 0.0000000 0.0174747 0.0674066 0.0750504 0.0723361 0.0704603 0.0699414 0.0660078 0.0841143 0.0820065 0.0836525 0.0874603 0.0846967 0.0846065 0.0804400 0.0801461 0.0675417 0.0647903 0.0743301 0.0744590 0.0307341 0.0747529 0.0778853 
Peramelidae_Peroryctes_raffrayana              0.0758180 0.0808367 0.0801834 0.0975690 0.0767453 0.1155557 0.1232331 0.1257874 0.1245779 0.1223848 0.1159205 0.1255139 0.1198340 0.1214617 0.1033088 0.0909439 0.0904926 0.0936824 0.1147241 0.1190906 0.1242373 0.1202299 0.0269696 0.0175030 0.0171383 0.0174747 0.0000000 0.0785271 0.0836789 0.0805269 0.0792125 0.0802115 0.0799556 0.0930835 0.0895078 0.0904348 0.0974252 0.0929402 0.0929283 0.0883235 0.0869392 0.0732814 0.0711529 0.0831946 0.0754975 0.0371913 0.0857012 0.0890133 
Phalangeridae_Phalanger_carmelitae             0.0479878 0.0505711 0.0396251 0.0497749 0.0384708 0.0882110 0.0966490 0.0969696 0.0961219 0.0981595 0.0888156 0.0942963 0.0936182 0.0913679 0.0738067 0.0530056 0.0564712 0.0572965 0.0936393 0.0826965 0.0967357 0.0871938 0.0841701 0.0709758 0.0717369 0.0674066 0.0785271 0.0000000 0.0158470 0.0130102 0.0099753 0.0185519 0.0426346 0.0590905 0.0558023 0.0558468 0.0566227 0.0576538 0.0583735 0.0553794 0.0571143 0.0508842 0.0477291 0.0540780 0.0525684 0.0836630 0.0452249 0.0491139 
Phalangeridae_Phalanger_orientalis             0.0552939 0.0558152 0.0456321 0.0580794 0.0467612 0.0953124 0.1042508 0.1046032 0.1034668 0.1055968 0.0964466 0.1023909 0.1023329 0.0998852 0.0822654 0.0598166 0.0612781 0.0627486 0.1013746 0.0930819 0.1047527 0.0937155 0.0909507 0.0781759 0.0795082 0.0750504 0.0836789 0.0158470 0.0000000 0.0210426 0.0236535 0.0258881 0.0491249 0.0652573 0.0602844 0.0608198 0.0650216 0.0631655 0.0638537 0.0598634 0.0629710 0.0544746 0.0543693 0.0586618 0.0606399 0.0935370 0.0508970 0.0544554 
Phalangeridae_Spilocuscus_maculatus            0.0485559 0.0529428 0.0395306 0.0515967 0.0394229 0.0872029 0.0945730 0.0948871 0.0940469 0.0960711 0.0866115 0.0920532 0.0915491 0.0930619 0.0761486 0.0559757 0.0574195 0.0586824 0.0931048 0.0846620 0.0956275 0.0849388 0.0889993 0.0751075 0.0769127 0.0723361 0.0805269 0.0130102 0.0210426 0.0000000 0.0151409 0.0206882 0.0408088 0.0611322 0.0557620 0.0567009 0.0603501 0.0596998 0.0609351 0.0558440 0.0569095 0.0488782 0.0467200 0.0531472 0.0532002 0.0863910 0.0451764 0.0491099 
Phalangeridae_Strigocuscus_pelengensis         0.0487676 0.0547550 0.0445354 0.0552092 0.0430955 0.0796673 0.0890332 0.0891032 0.0876888 0.0892489 0.0920895 0.0874233 0.0845461 0.0892097 0.0771320 0.0536265 0.0597657 0.0607567 0.0873339 0.0792621 0.0852608 0.0860539 0.0828716 0.0757975 0.0754958 0.0704603 0.0792125 0.0099753 0.0236535 0.0151409 0.0000000 0.0205106 0.0441040 0.0627332 0.0568922 0.0584398 0.0619331 0.0611873 0.0606948 0.0557479 0.0489224 0.0516668 0.0498914 0.0543846 0.0570492 0.0800006 0.0459863 0.0501802 
Phalangeridae_Trichosurus_vulpecula            0.0455387 0.0476534 0.0381807 0.0463413 0.0369485 0.0853448 0.0928661 0.0931738 0.0931885 0.0941361 0.0859554 0.0905196 0.0893030 0.0897769 0.0670944 0.0520826 0.0535358 0.0557243 0.0882221 0.0782558 0.0933746 0.0803644 0.0863583 0.0740164 0.0742872 0.0699414 0.0802115 0.0185519 0.0258881 0.0206882 0.0205106 0.0000000 0.0403270 0.0564840 0.0543240 0.0553129 0.0545441 0.0543033 0.0554718 0.0524504 0.0540576 0.0457989 0.0437290 0.0502872 0.0513191 0.0831058 0.0419491 0.0462440 
Phascolarctidae_Phascolarctos_cinereus         0.0541743 0.0526197 0.0487134 0.0560030 0.0415162 0.0759169 0.0855020 0.0880466 0.0874944 0.0883255 0.0842977 0.0864319 0.0855915 0.0887147 0.0793430 0.0603096 0.0615557 0.0628032 0.0891270 0.0882519 0.0866669 0.0790964 0.0822547 0.0699788 0.0697990 0.0660078 0.0799556 0.0426346 0.0491249 0.0408088 0.0441040 0.0403270 0.0000000 0.0679953 0.0602024 0.0612327 0.0623209 0.0639221 0.0647444 0.0621118 0.0587964 0.0524018 0.0492743 0.0571095 0.0576569 0.0790162 0.0318173 0.0340551 
Potoroidae_Aepyprymnus_rufescens               0.0663125 0.0647563 0.0612757 0.0726156 0.0587755 0.1043189 0.1137471 0.1130188 0.1148037 0.1146679 0.1010414 0.1120804 0.1082665 0.1142506 0.0714678 0.0316794 0.0318042 0.0299735 0.1117835 0.1002319 0.1138124 0.1102279 0.0948073 0.0859138 0.0868417 0.0841143 0.0930835 0.0590905 0.0652573 0.0611322 0.0627332 0.0564840 0.0679953 0.0000000 0.0212907 0.0208615 0.0257572 0.0294323 0.0293347 0.0691474 0.0720368 0.0632333 0.0625385 0.0694760 0.0712705 0.0979760 0.0707324 0.0747523 
Potoroidae_Bettongia_lesueur                   0.0627602 0.0617630 0.0545611 0.0685846 0.0555315 0.1011512 0.1088707 0.1086984 0.1122381 0.1111031 0.0994630 0.1092532 0.1059142 0.1101106 0.0709698 0.0303938 0.0286844 0.0234460 0.1088473 0.0991764 0.1039255 0.1020423 0.0915615 0.0834975 0.0858924 0.0820065 0.0895078 0.0558023 0.0602844 0.0557620 0.0568922 0.0543240 0.0602024 0.0212907 0.0000000 0.0048328 0.0282750 0.0286214 0.0285255 0.0682658 0.0680785 0.0597355 0.0605933 0.0640293 0.0690408 0.0942479 0.0667440 0.0711792 
Potoroidae_Bettongia_penicillata               0.0653905 0.0623824 0.0569484 0.0676211 0.0554216 0.0984401 0.1076857 0.1074916 0.1093592 0.1082185 0.0985254 0.1091835 0.1046912 0.1092823 0.0702766 0.0299764 0.0295992 0.0243354 0.1077111 0.0996407 0.1053650 0.1056507 0.0908118 0.0851363 0.0875609 0.0836525 0.0904348 0.0558468 0.0608198 0.0567009 0.0584398 0.0553129 0.0612327 0.0208615 0.0048328 0.0000000 0.0278434 0.0304028 0.0298766 0.0683202 0.0702923 0.0608911 0.0622099 0.0650656 0.0690275 0.0959704 0.0662418 0.0711683 
Potoroidae_Potorous_tridactylusnorth           0.0667733 0.0658852 0.0580233 0.0643012 0.0519142 0.1047094 0.1142145 0.1163418 0.1151000 0.1137633 0.1002123 0.1144559 0.1067718 0.1104485 0.0699219 0.0292301 0.0279767 0.0288920 0.1098997 0.0984115 0.1086976 0.1091045 0.0952782 0.0908469 0.0923246 0.0874603 0.0974252 0.0566227 0.0650216 0.0603501 0.0619331 0.0545441 0.0623209 0.0257572 0.0282750 0.0278434 0.0000000 0.0200011 0.0197941 0.0641259 0.0704451 0.0600396 0.0606555 0.0632278 0.0729467 0.1033731 0.0656133 0.0721095 
Potoroidae_Potorous_tridactylussouth           0.0629257 0.0637416 0.0588179 0.0716552 0.0565628 0.1027691 0.1096252 0.1102392 0.1121563 0.1121208 0.0983066 0.1089381 0.1046265 0.1124380 0.0682354 0.0253634 0.0306013 0.0296891 0.1105868 0.1000658 0.1102929 0.1077390 0.0963057 0.0888726 0.0875174 0.0846967 0.0929402 0.0576538 0.0631655 0.0596998 0.0611873 0.0543033 0.0639221 0.0294323 0.0286214 0.0304028 0.0200011 0.0000000 0.0008121 0.0706712 0.0695644 0.0610596 0.0619783 0.0639162 0.0726800 0.0949924 0.0669967 0.0710308 
Potoroidae_Potorous_tridactylusTas             0.0637460 0.0644967 0.0590835 0.0715915 0.0560790 0.1027048 0.1109255 0.1115470 0.1128522 0.1128193 0.0977469 0.1102352 0.1058039 0.1118254 0.0688175 0.0256424 0.0305150 0.0296061 0.1099801 0.0999308 0.1110682 0.1077085 0.0962825 0.0888231 0.0874551 0.0846065 0.0929283 0.0583735 0.0638537 0.0609351 0.0606948 0.0554718 0.0647444 0.0293347 0.0285255 0.0298766 0.0197941 0.0008121 0.0000000 0.0700526 0.0700631 0.0614298 0.0623522 0.0642350 0.0720263 0.0953589 0.0668519 0.0709298 
Pseudochiridae_Petauroides_volans              0.0545389 0.0532705 0.0575788 0.0703519 0.0580493 0.0999011 0.1103183 0.1106715 0.1070230 0.1097197 0.1032162 0.1096911 0.1077861 0.1098429 0.0893216 0.0684808 0.0702755 0.0690476 0.1109435 0.1015163 0.1127219 0.1050801 0.0962887 0.0853217 0.0844124 0.0804400 0.0883235 0.0553794 0.0598634 0.0558440 0.0557479 0.0524504 0.0621118 0.0691474 0.0682658 0.0683202 0.0641259 0.0706712 0.0700526 0.0000000 0.0427816 0.0392534 0.0360830 0.0423056 0.0606459 0.0962396 0.0610940 0.0651091 
Pseudochiridae_Pseudocheirus_occidentalis      0.0545074 0.0581337 0.0616923 0.0692345 0.0458618 0.0960063 0.1088165 0.1092622 0.1050897 0.1054014 0.0969920 0.1064977 0.0994604 0.1041782 0.0879408 0.0663221 0.0669383 0.0694989 0.1040334 0.0951680 0.1103361 0.1036061 0.0851599 0.0826383 0.0818219 0.0801461 0.0869392 0.0571143 0.0629710 0.0569095 0.0489224 0.0540576 0.0587964 0.0720368 0.0680785 0.0702923 0.0704451 0.0695644 0.0700631 0.0427816 0.0000000 0.0118015 0.0048937 0.0292152 0.0586329 0.0945125 0.0657282 0.0705606 
Pseudochiridae_Pseudocheirus_peregrinus_Sydney 0.0470112 0.0518074 0.0528418 0.0623550 0.0512761 0.0799980 0.0892461 0.0884274 0.0875150 0.0878758 0.0977323 0.0878458 0.0837014 0.0964394 0.0848191 0.0593986 0.0586236 0.0626449 0.0930801 0.0862832 0.0929361 0.0950988 0.0760163 0.0707113 0.0692829 0.0675417 0.0732814 0.0508842 0.0544746 0.0488782 0.0516668 0.0457989 0.0524018 0.0632333 0.0597355 0.0608911 0.0600396 0.0610596 0.0614298 0.0392534 0.0118015 0.0000000 0.0108604 0.0231605 0.0505665 0.0785881 0.0569303 0.0615168 
Pseudochiridae_Pseudocheirus_peregrinus_north  0.0439552 0.0491271 0.0505932 0.0584643 0.0479639 0.0767923 0.0847122 0.0856562 0.0847182 0.0850660 0.0970165 0.0851180 0.0818739 0.0926434 0.0842214 0.0566931 0.0580101 0.0614837 0.0892817 0.0844673 0.0883233 0.0938056 0.0723324 0.0679653 0.0676224 0.0647903 0.0711529 0.0477291 0.0543693 0.0467200 0.0498914 0.0437290 0.0492743 0.0625385 0.0605933 0.0622099 0.0606555 0.0619783 0.0623522 0.0360830 0.0048937 0.0108604 0.0000000 0.0235643 0.0469389 0.0756967 0.0536538 0.0581409 
Pseudochiridae_Pseudochirulus_forbesi          0.0538449 0.0552023 0.0550565 0.0643822 0.0535366 0.0956052 0.1055223 0.1075982 0.1029471 0.1033584 0.0973042 0.1043445 0.0995919 0.1025882 0.0863034 0.0622051 0.0619793 0.0657715 0.1020193 0.0926416 0.1083112 0.0995053 0.0887461 0.0783726 0.0781490 0.0743301 0.0831946 0.0540780 0.0586618 0.0531472 0.0543846 0.0502872 0.0571095 0.0694760 0.0640293 0.0650656 0.0632278 0.0639162 0.0642350 0.0423056 0.0292152 0.0231605 0.0235643 0.0000000 0.0563659 0.0910117 0.0603150 0.0651755 
Tarsipedidae_Tarsipes_rostratus                0.0572071 0.0578334 0.0569035 0.0636811 0.0479467 0.0969305 0.1048473 0.1043887 0.1019414 0.1028677 0.1059814 0.1045712 0.0997187 0.0970632 0.0928184 0.0690139 0.0695468 0.0709703 0.1006821 0.0954909 0.0951410 0.0969266 0.0869685 0.0779518 0.0777891 0.0744590 0.0754975 0.0525684 0.0606399 0.0532002 0.0570492 0.0513191 0.0576569 0.0712705 0.0690408 0.0690275 0.0729467 0.0726800 0.0720263 0.0606459 0.0586329 0.0505665 0.0469389 0.0563659 0.0000000 0.0895718 0.0601613 0.0632567 
Thylacomyidae_Macrotis_lagotis                 0.0799794 0.0841848 0.0869737 0.1063643 0.0809863 0.1125637 0.1214268 0.1232889 0.1224090 0.1221677 0.1151167 0.1212530 0.1194431 0.1241961 0.1068176 0.0946415 0.0967294 0.1008461 0.1166852 0.1128005 0.1212228 0.1171227 0.0408444 0.0322539 0.0312271 0.0307341 0.0371913 0.0836630 0.0935370 0.0863910 0.0800006 0.0831058 0.0790162 0.0979760 0.0942479 0.0959704 0.1033731 0.0949924 0.0953589 0.0962396 0.0945125 0.0785881 0.0756967 0.0910117 0.0895718 0.0000000 0.0863874 0.0863280 
Vombatidae_Lasiorhinus_latifrons               0.0578588 0.0557193 0.0527702 0.0595611 0.0468888 0.0885716 0.0982671 0.0996598 0.1003174 0.1013095 0.0907968 0.0976440 0.0963316 0.0952529 0.0832538 0.0643536 0.0646328 0.0673054 0.0979026 0.0905796 0.0943611 0.0851013 0.0917621 0.0798704 0.0785745 0.0747529 0.0857012 0.0452249 0.0508970 0.0451764 0.0459863 0.0419491 0.0318173 0.0707324 0.0667440 0.0662418 0.0656133 0.0669967 0.0668519 0.0610940 0.0657282 0.0569303 0.0536538 0.0603150 0.0601613 0.0863874 0.0000000 0.0073188 
Vombatidae_Vombatus_ursinus                    0.0611913 0.0569938 0.0565889 0.0614377 0.0485360 0.0935844 0.1019759 0.1036567 0.1051589 0.1050026 0.0955701 0.1013582 0.1005063 0.0992704 0.0869460 0.0686732 0.0689845 0.0722612 0.1010055 0.0929491 0.0972924 0.0883816 0.0939728 0.0820365 0.0817929 0.0778853 0.0890133 0.0491139 0.0544554 0.0491099 0.0501802 0.0462440 0.0340551 0.0747523 0.0711792 0.0711683 0.0721095 0.0710308 0.0709298 0.0651091 0.0705606 0.0615168 0.0581409 0.0651755 0.0632567 0.0863280 0.0073188 0.0000000 
