35
Burramyidae_Burramys_parvus                  0.0000000 0.0751517 0.0488455 0.0613587 0.0612191 0.0743417 0.0409563 0.0403562 0.0639187 0.0816410 0.0398729 0.0746142 0.0748924 0.0454400 0.0508634 0.0754520 0.0732071 0.0727058 0.0760016 0.0604193 0.0606013 0.0997797 0.0728991 0.0740391 0.0535985 0.0756712 0.0517468 0.0599258 0.0580265 0.1013538 0.0587556 0.0427218 0.0743165 0.0751172 0.0807841 
Notoryctidae_Notoryctes_typhlops             0.0751517 0.0000000 0.0776143 0.0911036 0.0919550 0.0948182 0.0763210 0.0718925 0.0944528 0.0944980 0.0713519 0.0924943 0.0944281 0.0820189 0.0797716 0.0948125 0.0931932 0.0943731 0.0952835 0.0923111 0.0920304 0.1138844 0.0912887 0.0916573 0.0862751 0.0965602 0.0840533 0.0942605 0.0881346 0.1322403 0.0897611 0.0790774 0.0928783 0.0952063 0.0936573 
Vombatidae_Lasiorhinus_latifrons             0.0488455 0.0776143 0.0000000 0.0603091 0.0595646 0.0755449 0.0457848 0.0460843 0.0662323 0.0829499 0.0453999 0.0742240 0.0745339 0.0501401 0.0555824 0.0747397 0.0728510 0.0733370 0.0798799 0.0617273 0.0623460 0.0984926 0.0711302 0.0722565 0.0571207 0.0768835 0.0559825 0.0603237 0.0592871 0.1008768 0.0576554 0.0489799 0.0783506 0.0756935 0.0821003 
Potoroidae_Bettongia_penicillata             0.0613587 0.0911036 0.0603091 0.0000000 0.0050126 0.0920570 0.0564180 0.0569885 0.0169547 0.0951873 0.0572905 0.0909186 0.0929491 0.0601471 0.0670287 0.0917653 0.0911612 0.0922377 0.0927353 0.0215290 0.0730335 0.1112814 0.0846139 0.0886424 0.0376933 0.0929952 0.0616607 0.0211962 0.0715561 0.1158431 0.0679903 0.0579722 0.0896934 0.0915846 0.0947606 
Potoroidae_Bettongia_lesueur                 0.0612191 0.0919550 0.0595646 0.0050126 0.0000000 0.0921703 0.0565600 0.0562229 0.0179923 0.0933349 0.0565059 0.0916313 0.0929697 0.0597131 0.0666764 0.0924759 0.0912753 0.0921140 0.0935399 0.0217410 0.0722082 0.1106581 0.0837661 0.0887941 0.0373243 0.0932382 0.0612396 0.0214181 0.0707403 0.1153001 0.0668740 0.0575459 0.0905109 0.0920375 0.0929043 
Dasyuridae_Dasyurus_maculatus                0.0743417 0.0948182 0.0755449 0.0920570 0.0921703 0.0000000 0.0743520 0.0767956 0.0955778 0.0923768 0.0762969 0.0171018 0.0240382 0.0792158 0.0871083 0.0173421 0.0072702 0.0245901 0.0880257 0.0932634 0.0950182 0.1208605 0.0892578 0.0164753 0.0878646 0.0929549 0.0848953 0.0932638 0.0901114 0.1342361 0.0821239 0.0780879 0.0876353 0.0030008 0.0915332 
Phalangeridae_Trichosurus_vulpecula          0.0409563 0.0763210 0.0457848 0.0564180 0.0565600 0.0743520 0.0000000 0.0151399 0.0603379 0.0805956 0.0167309 0.0739881 0.0762173 0.0197115 0.0490696 0.0751901 0.0719881 0.0725557 0.0751477 0.0568057 0.0569279 0.0943793 0.0690705 0.0732427 0.0515951 0.0734016 0.0469990 0.0554006 0.0541871 0.0982582 0.0531778 0.0175454 0.0729393 0.0719898 0.0796556 
Phalangeridae_Spilocuscus_maculatus          0.0403562 0.0718925 0.0460843 0.0569885 0.0562229 0.0767956 0.0151399 0.0000000 0.0618049 0.0813104 0.0088188 0.0763765 0.0766772 0.0105711 0.0510356 0.0773099 0.0753076 0.0731676 0.0802200 0.0584397 0.0582298 0.0950792 0.0717070 0.0754272 0.0522521 0.0726844 0.0485384 0.0579001 0.0569534 0.0978235 0.0528675 0.0076046 0.0768427 0.0762600 0.0803257 
Potoroidae_Aepyprymnus_rufescens             0.0639187 0.0944528 0.0662323 0.0169547 0.0179923 0.0955778 0.0603379 0.0618049 0.0000000 0.0932065 0.0630619 0.0950978 0.0969457 0.0648337 0.0713550 0.0959498 0.0940569 0.0945944 0.0997892 0.0276152 0.0773458 0.1153498 0.0887730 0.0916495 0.0424463 0.0989620 0.0668083 0.0270672 0.0752860 0.1190119 0.0719959 0.0625653 0.0965844 0.0957808 0.0927741 
Peramelidae_Perameles_nasuta                 0.0816410 0.0944980 0.0829499 0.0951873 0.0933349 0.0923768 0.0805956 0.0813104 0.0932065 0.0000000 0.0802218 0.0896363 0.0928385 0.0868342 0.1119311 0.0903058 0.0898418 0.0889698 0.0139865 0.0961345 0.1000229 0.1242459 0.1117382 0.0901371 0.0955157 0.1006721 0.0933607 0.0978756 0.0961181 0.1447780 0.0949889 0.0846463 0.0144141 0.0914024 0.0002960 
Phalangeridae_Strigocuscus_pelengensis       0.0398729 0.0713519 0.0453999 0.0572905 0.0565059 0.0762969 0.0167309 0.0088188 0.0630619 0.0802218 0.0000000 0.0755048 0.0765078 0.0102272 0.0473351 0.0768391 0.0750679 0.0732059 0.0824237 0.0601280 0.0558669 0.0962402 0.0728979 0.0748820 0.0516945 0.0741284 0.0471954 0.0581846 0.0547735 0.0956596 0.0512189 0.0076857 0.0773376 0.0753760 0.0795826 
Dasyuridae_Phascogale_tapoatafa              0.0746142 0.0924943 0.0742240 0.0909186 0.0916313 0.0171018 0.0739881 0.0763765 0.0950978 0.0896363 0.0755048 0.0000000 0.0237326 0.0787585 0.0877712 0.0037288 0.0178530 0.0234272 0.0854954 0.0921519 0.0950844 0.1196705 0.0873093 0.0090247 0.0876438 0.0910080 0.0854803 0.0921090 0.0900277 0.1319897 0.0862159 0.0773489 0.0863610 0.0182559 0.0887882 
Dasyuridae_Sminthopsis_macroura              0.0748924 0.0944281 0.0745339 0.0929491 0.0929697 0.0240382 0.0762173 0.0766772 0.0969457 0.0928385 0.0765078 0.0237326 0.0000000 0.0791392 0.0879000 0.0245174 0.0245235 0.0188252 0.0881592 0.0917142 0.0969430 0.1204284 0.0921825 0.0222035 0.0865593 0.0930374 0.0854945 0.0941486 0.0923461 0.1358032 0.0847226 0.0774682 0.0887297 0.0255336 0.0919980 
Phalangeridae_Phalanger_orientalis           0.0454400 0.0820189 0.0501401 0.0601471 0.0597131 0.0792158 0.0197115 0.0105711 0.0648337 0.0868342 0.0102272 0.0787585 0.0791392 0.0000000 0.0559154 0.0796514 0.0768076 0.0757725 0.0821755 0.0616102 0.0618393 0.0976260 0.0742858 0.0782020 0.0547033 0.0783571 0.0515922 0.0613570 0.0598785 0.1032456 0.0582080 0.0049819 0.0789448 0.0777078 0.0858927 
Acrobatidae_Acrobates_pygmaeus               0.0508634 0.0797716 0.0555824 0.0670287 0.0666764 0.0871083 0.0490696 0.0510356 0.0713550 0.1119311 0.0473351 0.0877712 0.0879000 0.0559154 0.0000000 0.0872621 0.0864611 0.0850625 0.0886555 0.0679123 0.0601272 0.1026080 0.0865731 0.0839237 0.0596111 0.0803620 0.0523638 0.0676165 0.0585210 0.0867224 0.0293899 0.0542633 0.0870292 0.0869562 0.1114029 
Dasyuridae_Phascogale_calura                 0.0754520 0.0948125 0.0747397 0.0917653 0.0924759 0.0173421 0.0751901 0.0773099 0.0959498 0.0903058 0.0768391 0.0037288 0.0245174 0.0796514 0.0872621 0.0000000 0.0180924 0.0242655 0.0864046 0.0930014 0.0959248 0.1199037 0.0864861 0.0100615 0.0888590 0.0912953 0.0863271 0.0929682 0.0908803 0.1328499 0.0864026 0.0782359 0.0876011 0.0184968 0.0894600 
Dasyuridae_Sarcophilus_harrisii              0.0732071 0.0931932 0.0728510 0.0911612 0.0912753 0.0072702 0.0719881 0.0753076 0.0940569 0.0898418 0.0750679 0.0178530 0.0245235 0.0768076 0.0864611 0.0180924 0.0000000 0.0242415 0.0856335 0.0917683 0.0927881 0.1201160 0.0892266 0.0175122 0.0853101 0.0919925 0.0831089 0.0910632 0.0892532 0.1327631 0.0812427 0.0756958 0.0870914 0.0073129 0.0889953 
Dasyuridae_Planigale_tenuirostris            0.0727058 0.0943731 0.0733370 0.0922377 0.0921140 0.0245901 0.0725557 0.0731676 0.0945944 0.0889698 0.0732059 0.0234272 0.0188252 0.0757725 0.0850625 0.0242655 0.0242415 0.0000000 0.0854893 0.0927113 0.0941568 0.1188124 0.0865968 0.0223536 0.0872825 0.0921573 0.0832111 0.0933813 0.0904265 0.1330384 0.0826143 0.0744878 0.0849299 0.0255678 0.0880897 
Peramelidae_Echymipera_kalubu                0.0760016 0.0952835 0.0798799 0.0927353 0.0935399 0.0880257 0.0751477 0.0802200 0.0997892 0.0139865 0.0824237 0.0854954 0.0881592 0.0821755 0.0886555 0.0864046 0.0856335 0.0854893 0.0000000 0.0932786 0.0944782 0.1186909 0.0893920 0.0860933 0.0894925 0.0963594 0.0872816 0.0946589 0.0920352 0.1384328 0.0953019 0.0807359 0.0121876 0.0875570 0.0137303 
Macropodidae_Dorcopsulus_vanheurni           0.0604193 0.0923111 0.0617273 0.0215290 0.0217410 0.0932634 0.0568057 0.0584397 0.0276152 0.0961345 0.0601280 0.0921519 0.0917142 0.0616102 0.0679123 0.0930014 0.0917683 0.0927113 0.0932786 0.0000000 0.0750559 0.1116161 0.0851956 0.0890072 0.0391928 0.0928573 0.0655095 0.0089296 0.0718012 0.1125603 0.0710255 0.0597129 0.0903776 0.0937920 0.0955791 
Pseudochiridae_Pseudochirulus_forbesi        0.0606013 0.0920304 0.0623460 0.0730335 0.0722082 0.0950182 0.0569279 0.0582298 0.0773458 0.1000229 0.0558669 0.0950844 0.0969430 0.0618393 0.0601272 0.0959248 0.0927881 0.0941568 0.0944782 0.0750559 0.0000000 0.1130185 0.0839855 0.0928873 0.0682149 0.0922073 0.0320407 0.0745323 0.0214476 0.0979442 0.0634238 0.0600594 0.0943452 0.0952666 0.0996569 
Didelphidae_Didelphis_virginiana             0.0997797 0.1138844 0.0984926 0.1112814 0.1106581 0.1208605 0.0943793 0.0950792 0.1153498 0.1242459 0.0962402 0.1196705 0.1204284 0.0976260 0.1026080 0.1199037 0.1201160 0.1188124 0.1186909 0.1116161 0.1130185 0.0000000 0.0221820 0.1171369 0.1063081 0.1125500 0.1016683 0.1115833 0.1108893 0.1534889 0.1124386 0.0954831 0.1161054 0.1198902 0.1230083 
Marmosidae_Monodelphis_domestica             0.0728991 0.0912887 0.0711302 0.0846139 0.0837661 0.0892578 0.0690705 0.0717070 0.0887730 0.1117382 0.0728979 0.0873093 0.0921825 0.0742858 0.0865731 0.0864861 0.0892266 0.0865968 0.0893920 0.0851956 0.0839855 0.0221820 0.0000000 0.0866082 0.0797045 0.0881073 0.0783063 0.0861095 0.0804881 0.1152817 0.0864681 0.0734329 0.0875911 0.0887673 0.1110861 
Dasyuridae_Antechinus_stuartii               0.0740391 0.0916573 0.0722565 0.0886424 0.0887941 0.0164753 0.0732427 0.0754272 0.0916495 0.0901371 0.0748820 0.0090247 0.0222035 0.0782020 0.0839237 0.0100615 0.0175122 0.0223536 0.0860933 0.0890072 0.0928873 0.1171369 0.0866082 0.0000000 0.0859225 0.0904206 0.0830033 0.0901210 0.0890952 0.1303010 0.0836827 0.0762357 0.0859868 0.0179245 0.0896024 
Hypsiprymnodontidae_Hypsiprymnodon_moschatus 0.0535985 0.0862751 0.0571207 0.0376933 0.0373243 0.0878646 0.0515951 0.0522521 0.0424463 0.0955157 0.0516945 0.0876438 0.0865593 0.0547033 0.0596111 0.0888590 0.0853101 0.0872825 0.0894925 0.0391928 0.0682149 0.1063081 0.0797045 0.0859225 0.0000000 0.0860650 0.0606418 0.0373249 0.0664150 0.1108686 0.0664963 0.0534690 0.0863398 0.0873404 0.0950837 
Microbiotheriidae_Dromiciops_gliroides       0.0756712 0.0965602 0.0768835 0.0929952 0.0932382 0.0929549 0.0734016 0.0726844 0.0989620 0.1006721 0.0741284 0.0910080 0.0930374 0.0783571 0.0803620 0.0912953 0.0919925 0.0921573 0.0963594 0.0928573 0.0922073 0.1125500 0.0881073 0.0904206 0.0860650 0.0000000 0.0825707 0.0912720 0.0890245 0.1262711 0.0860123 0.0767350 0.0947065 0.0932235 0.1003341 
Pseudochiridae_Petauroides_volans            0.0517468 0.0840533 0.0559825 0.0616607 0.0612396 0.0848953 0.0469990 0.0485384 0.0668083 0.0933607 0.0471954 0.0854803 0.0854945 0.0515922 0.0523638 0.0863271 0.0831089 0.0832111 0.0872816 0.0655095 0.0320407 0.1016683 0.0783063 0.0830033 0.0606418 0.0825707 0.0000000 0.0645010 0.0328897 0.0898224 0.0564370 0.0493563 0.0857721 0.0853862 0.0921123 
Macropodidae_Wallabia_bicolor                0.0599258 0.0942605 0.0603237 0.0211962 0.0214181 0.0932638 0.0554006 0.0579001 0.0270672 0.0978756 0.0581846 0.0921090 0.0941486 0.0613570 0.0676165 0.0929682 0.0910632 0.0933813 0.0946589 0.0089296 0.0745323 0.1115833 0.0861095 0.0901210 0.0373249 0.0912720 0.0645010 0.0000000 0.0713438 0.1143997 0.0694281 0.0588436 0.0918278 0.0925980 0.0974483 
Pseudochiridae_Pseudocheirus_occidentalis    0.0580265 0.0881346 0.0592871 0.0715561 0.0707403 0.0901114 0.0541871 0.0569534 0.0752860 0.0961181 0.0547735 0.0900277 0.0923461 0.0598785 0.0585210 0.0908803 0.0892532 0.0904265 0.0920352 0.0718012 0.0214476 0.1108893 0.0804881 0.0890952 0.0664150 0.0890245 0.0328897 0.0713438 0.0000000 0.0962555 0.0636392 0.0579415 0.0908520 0.0906462 0.0948449 
Tarsipedidae_Tarsipes_rostratus              0.1013538 0.1322403 0.1008768 0.1158431 0.1153001 0.1342361 0.0982582 0.0978235 0.1190119 0.1447780 0.0956596 0.1319897 0.1358032 0.1032456 0.0867224 0.1328499 0.1327631 0.1330384 0.1384328 0.1125603 0.0979442 0.1534889 0.1152817 0.1303010 0.1108686 0.1262711 0.0898224 0.1143997 0.0962555 0.0000000 0.1020296 0.1014249 0.1377688 0.1359556 0.1434988 
Acrobatidae_Distoechurus_pennatus            0.0587556 0.0897611 0.0576554 0.0679903 0.0668740 0.0821239 0.0531778 0.0528675 0.0719959 0.0949889 0.0512189 0.0862159 0.0847226 0.0582080 0.0293899 0.0864026 0.0812427 0.0826143 0.0953019 0.0710255 0.0634238 0.1124386 0.0864681 0.0836827 0.0664963 0.0860123 0.0564370 0.0694281 0.0636392 0.1020296 0.0000000 0.0558077 0.0926548 0.0820421 0.0941549 
Phalangeridae_Phalanger_carmelitae           0.0427218 0.0790774 0.0489799 0.0579722 0.0575459 0.0780879 0.0175454 0.0076046 0.0625653 0.0846463 0.0076857 0.0773489 0.0774682 0.0049819 0.0542633 0.0782359 0.0756958 0.0744878 0.0807359 0.0597129 0.0600594 0.0954831 0.0734329 0.0762357 0.0534690 0.0767350 0.0493563 0.0588436 0.0579415 0.1014249 0.0558077 0.0000000 0.0775262 0.0765903 0.0837098 
Peramelidae_Peroryctes_raffrayana            0.0743165 0.0928783 0.0783506 0.0896934 0.0905109 0.0876353 0.0729393 0.0768427 0.0965844 0.0144141 0.0773376 0.0863610 0.0887297 0.0789448 0.0870292 0.0876011 0.0870914 0.0849299 0.0121876 0.0903776 0.0943452 0.1161054 0.0875911 0.0859868 0.0863398 0.0947065 0.0857721 0.0918278 0.0908520 0.1377688 0.0926548 0.0775262 0.0000000 0.0865695 0.0144558 
Dasyuridae_Dasyurus_geffroii                 0.0751172 0.0952063 0.0756935 0.0915846 0.0920375 0.0030008 0.0719898 0.0762600 0.0957808 0.0914024 0.0753760 0.0182559 0.0255336 0.0777078 0.0869562 0.0184968 0.0073129 0.0255678 0.0875570 0.0937920 0.0952666 0.1198902 0.0887673 0.0179245 0.0873404 0.0932235 0.0853862 0.0925980 0.0906462 0.1359556 0.0820421 0.0765903 0.0865695 0.0000000 0.0905524 
Peramelidae_Perameles_gunnii                 0.0807841 0.0936573 0.0821003 0.0947606 0.0929043 0.0915332 0.0796556 0.0803257 0.0927741 0.0002960 0.0795826 0.0887882 0.0919980 0.0858927 0.1114029 0.0894600 0.0889953 0.0880897 0.0137303 0.0955791 0.0996569 0.1230083 0.1110861 0.0896024 0.0950837 0.1003341 0.0921123 0.0974483 0.0948449 0.1434988 0.0941549 0.0837098 0.0144558 0.0905524 0.0000000 
