35
Burramyidae_Burramys_parvus                  0.0000000 0.0800653 0.0640371 0.0967632 0.0943824 0.0966695 0.0475053 0.0535310 0.0898670 0.0974485 0.0524078 0.0966833 0.0981542 0.0511374 0.0497459 0.0979998 0.1023372 0.0836239 0.0895372 0.0790623 0.0467844 0.1037523 0.1118456 0.0915890 0.0995188 0.0878750 0.0511628 0.0773971 0.0619430 0.0687888 0.0563445 0.0505802 0.0912202 0.0931339 0.1050341 
Notoryctidae_Notoryctes_typhlops             0.0800653 0.0000000 0.0831179 0.1288655 0.1242684 0.1000608 0.0812486 0.0892575 0.1215257 0.1160812 0.0799488 0.0920636 0.0974568 0.0807492 0.0849369 0.0939595 0.1008783 0.0844899 0.0888832 0.1090422 0.0756424 0.1155782 0.1192502 0.0916091 0.1370458 0.0894837 0.0780619 0.1090524 0.0917883 0.1002283 0.0857542 0.0829880 0.0934167 0.1110692 0.1055628 
Vombatidae_Lasiorhinus_latifrons             0.0640371 0.0831179 0.0000000 0.1134478 0.1140910 0.0991718 0.0578413 0.0706435 0.1039581 0.1104798 0.0607800 0.0941190 0.0958971 0.0652881 0.0697990 0.0959404 0.1057353 0.0821296 0.0932763 0.0949930 0.0578566 0.1113752 0.1132994 0.0883280 0.1234915 0.0847090 0.0582007 0.0945078 0.0765694 0.0798167 0.0698803 0.0640034 0.0965237 0.1060334 0.1060500 
Potoroidae_Bettongia_penicillata             0.0967632 0.1288655 0.1134478 0.0000000 0.0169996 0.1359791 0.1029946 0.1089882 0.0577637 0.1303783 0.1023426 0.1516879 0.1466589 0.1074105 0.1038818 0.1524587 0.1506132 0.1281217 0.1281592 0.0630319 0.0910169 0.1479831 0.1527523 0.1470339 0.0903077 0.1358562 0.1070950 0.0613393 0.1190188 0.1217252 0.1143560 0.1055928 0.1207312 0.1272678 0.1588206 
Potoroidae_Bettongia_lesueur                 0.0943824 0.1242684 0.1140910 0.0169996 0.0000000 0.1287183 0.1031758 0.1116999 0.0634278 0.1194524 0.1041779 0.1505202 0.1485662 0.1082811 0.1004546 0.1518920 0.1499003 0.1302634 0.1263177 0.0645387 0.0875956 0.1443326 0.1471362 0.1487525 0.0889217 0.1391576 0.1093316 0.0605810 0.1182132 0.1203310 0.1126551 0.1069544 0.1208051 0.1182679 0.1572831 
Dasyuridae_Dasyurus_maculatus                0.0966695 0.1000608 0.0991718 0.1359791 0.1287183 0.0000000 0.1019035 0.1046882 0.1507700 0.1457765 0.0946715 0.0219409 0.0304752 0.1014610 0.1047701 0.0239116 0.0117503 0.0272686 0.1252097 0.1340374 0.1037272 0.1220267 0.1337768 0.0230511 0.1347728 0.0973398 0.1006291 0.1345943 0.1101196 0.1225357 0.1175290 0.1030763 0.1218520 0.1371809 0.0107223 
Phalangeridae_Trichosurus_vulpecula          0.0475053 0.0812486 0.0578413 0.1029946 0.1031758 0.1019035 0.0000000 0.0289356 0.0898129 0.1076365 0.0297837 0.0922684 0.0952138 0.0268250 0.0499320 0.0940664 0.1032131 0.0779726 0.0912666 0.0800555 0.0460752 0.1012971 0.1091015 0.0865387 0.1068930 0.0822224 0.0454375 0.0784370 0.0593060 0.0708072 0.0543787 0.0248478 0.0945292 0.1034098 0.1081776 
Phalangeridae_Spilocuscus_maculatus          0.0535310 0.0892575 0.0706435 0.1089882 0.1116999 0.1046882 0.0289356 0.0000000 0.1008545 0.1198133 0.0313533 0.1051240 0.1038712 0.0258350 0.0597710 0.1069798 0.1156222 0.0918205 0.1021918 0.0930502 0.0465275 0.1125450 0.1178596 0.0994174 0.1150707 0.0924989 0.0553556 0.0902488 0.0653203 0.0804442 0.0625942 0.0245421 0.1057322 0.1154082 0.1210654 
Potoroidae_Aepyprymnus_rufescens             0.0898670 0.1215257 0.1039581 0.0577637 0.0634278 0.1507700 0.0898129 0.1008545 0.0000000 0.1224169 0.0932983 0.1392008 0.1403848 0.0960196 0.0944263 0.1412379 0.1420263 0.1178018 0.1220922 0.0522950 0.1062693 0.1355395 0.1411015 0.1343215 0.0949213 0.1308494 0.0968016 0.0507351 0.1170986 0.1146310 0.1055139 0.0965253 0.1193690 0.1201747 0.1490727 
Peramelidae_Perameles_nasuta                 0.0974485 0.1160812 0.1104798 0.1303783 0.1194524 0.1457765 0.1076365 0.1198133 0.1224169 0.0000000 0.1126182 0.1369664 0.1420629 0.1160114 0.0965468 0.1396461 0.1418672 0.1160926 0.0425352 0.1086071 0.1151148 0.1367229 0.1384712 0.1342822 0.1331036 0.1146159 0.1060849 0.1086044 0.1239462 0.1229234 0.1134671 0.1153923 0.0354427 0.0051991 0.1560162 
Phalangeridae_Strigocuscus_pelengensis       0.0524078 0.0799488 0.0607800 0.1023426 0.1041779 0.0946715 0.0297837 0.0313533 0.0932983 0.1126182 0.0000000 0.0946878 0.0953952 0.0258029 0.0579634 0.0965195 0.1054418 0.0812186 0.0941817 0.0865478 0.0474640 0.1041317 0.1097294 0.0902622 0.1075330 0.0834368 0.0512991 0.0855667 0.0652202 0.0733872 0.0599660 0.0257649 0.0980678 0.1081994 0.1092761 
Dasyuridae_Phascogale_tapoatafa              0.0966833 0.0920636 0.0941190 0.1516879 0.1505202 0.0219409 0.0922684 0.1051240 0.1392008 0.1369664 0.0946878 0.0000000 0.0243397 0.0998113 0.1032432 0.0055185 0.0197925 0.0186568 0.1172787 0.1272499 0.0960227 0.1257438 0.1311069 0.0070824 0.1582017 0.1035168 0.0941532 0.1281222 0.1111427 0.1128492 0.1080833 0.0980361 0.1229374 0.1299822 0.0253610 
Dasyuridae_Sminthopsis_macroura              0.0981542 0.0974568 0.0958971 0.1466589 0.1485662 0.0304752 0.0952138 0.1038712 0.1403848 0.1420629 0.0953952 0.0243397 0.0000000 0.0995799 0.1056560 0.0248623 0.0326368 0.0158977 0.1215741 0.1267703 0.0959178 0.1264951 0.1321863 0.0249006 0.1569988 0.1066899 0.0983472 0.1270289 0.1143894 0.1168819 0.1088091 0.0984059 0.1258901 0.1349059 0.0388778 
Phalangeridae_Phalanger_orientalis           0.0511374 0.0807492 0.0652881 0.1074105 0.1082811 0.1014610 0.0268250 0.0258350 0.0960196 0.1160114 0.0258029 0.0998113 0.0995799 0.0000000 0.0572220 0.1016407 0.1109307 0.0853914 0.0974214 0.0889073 0.0455979 0.1089624 0.1154028 0.0946414 0.1074908 0.0888949 0.0501279 0.0872576 0.0617391 0.0760227 0.0579249 0.0140745 0.1008937 0.1116347 0.1154428 
Acrobatidae_Acrobates_pygmaeus               0.0497459 0.0849369 0.0697990 0.1038818 0.1004546 0.1047701 0.0499320 0.0597710 0.0944263 0.0965468 0.0579634 0.1032432 0.1056560 0.0572220 0.0000000 0.1051135 0.1087909 0.0886634 0.0952004 0.0846316 0.0518585 0.1082855 0.1178642 0.0968676 0.1002916 0.0911771 0.0489265 0.0817163 0.0615040 0.0674850 0.0423725 0.0572053 0.0944199 0.0954701 0.1129634 
Dasyuridae_Phascogale_calura                 0.0979998 0.0939595 0.0959404 0.1524587 0.1518920 0.0239116 0.0940664 0.1069798 0.1412379 0.1396461 0.0965195 0.0055185 0.0248623 0.1016407 0.1051135 0.0000000 0.0212652 0.0202086 0.1198229 0.1285061 0.0969566 0.1282915 0.1331191 0.0089883 0.1604273 0.1054991 0.0948870 0.1294769 0.1124991 0.1142943 0.1092983 0.0998593 0.1256156 0.1326416 0.0278459 
Dasyuridae_Sarcophilus_harrisii              0.1023372 0.1008783 0.1057353 0.1506132 0.1499003 0.0117503 0.1032131 0.1156222 0.1420263 0.1418672 0.1054418 0.0197925 0.0326368 0.1109307 0.1087909 0.0212652 0.0000000 0.0244681 0.1237824 0.1280097 0.1049339 0.1354924 0.1418484 0.0222628 0.1594065 0.1139509 0.1043233 0.1275989 0.1240532 0.1232770 0.1177662 0.1091220 0.1240943 0.1348487 0.0167842 
Dasyuridae_Planigale_tenuirostris            0.0836239 0.0844899 0.0821296 0.1281217 0.1302634 0.0272686 0.0779726 0.0918205 0.1178018 0.1160926 0.0812186 0.0186568 0.0158977 0.0853914 0.0886634 0.0202086 0.0244681 0.0000000 0.1047953 0.1059617 0.0806565 0.1172880 0.1192615 0.0193385 0.1349925 0.0948626 0.0860853 0.1071019 0.1009072 0.1017386 0.0917836 0.0834764 0.1073722 0.1114255 0.0349699 
Peramelidae_Echymipera_kalubu                0.0895372 0.0888832 0.0932763 0.1281592 0.1263177 0.1252097 0.0912666 0.1021918 0.1220922 0.0425352 0.0941817 0.1172787 0.1215741 0.0974214 0.0952004 0.1198229 0.1237824 0.1047953 0.0000000 0.1079388 0.0892104 0.1248098 0.1259729 0.1149351 0.1324070 0.0975675 0.0868357 0.1054462 0.1058842 0.1051050 0.0970524 0.0968286 0.0250443 0.0375097 0.1354544 
Macropodidae_Dorcopsulus_vanheurni           0.0790623 0.1090422 0.0949930 0.0630319 0.0645387 0.1340374 0.0800555 0.0930502 0.0522950 0.1086071 0.0865478 0.1272499 0.1267703 0.0889073 0.0846316 0.1285061 0.1280097 0.1059617 0.1079388 0.0000000 0.0953340 0.1232957 0.1304015 0.1230198 0.0814682 0.1211026 0.0877656 0.0171027 0.1054384 0.1025468 0.0934909 0.0899757 0.1027114 0.1056316 0.1351440 
Pseudochiridae_Pseudochirulus_forbesi        0.0467844 0.0756424 0.0578566 0.0910169 0.0875956 0.1037272 0.0460752 0.0465275 0.1062693 0.1151148 0.0474640 0.0960227 0.0959178 0.0455979 0.0518585 0.0969566 0.1049339 0.0806565 0.0892104 0.0953340 0.0000000 0.0962123 0.1071308 0.0865489 0.0926230 0.0718052 0.0312899 0.0934929 0.0137954 0.0656012 0.0483646 0.0469751 0.0926619 0.1095821 0.1137921 
Didelphidae_Didelphis_virginiana             0.1037523 0.1155782 0.1113752 0.1479831 0.1443326 0.1220267 0.1012971 0.1125450 0.1355395 0.1367229 0.1041317 0.1257438 0.1264951 0.1089624 0.1082855 0.1282915 0.1354924 0.1172880 0.1248098 0.1232957 0.0962123 0.0000000 0.0468362 0.1209460 0.1505137 0.1197576 0.1072963 0.1208902 0.1175231 0.1149670 0.1144769 0.1056114 0.1291436 0.1311953 0.1378634 
Marmosidae_Monodelphis_domestica             0.1118456 0.1192502 0.1132994 0.1527523 0.1471362 0.1337768 0.1091015 0.1178596 0.1411015 0.1384712 0.1097294 0.1311069 0.1321863 0.1154028 0.1178642 0.1331191 0.1418484 0.1192615 0.1259729 0.1304015 0.1071308 0.0468362 0.0000000 0.1258342 0.1485694 0.1267521 0.1162659 0.1267761 0.1224744 0.1247570 0.1225320 0.1128236 0.1296282 0.1316590 0.1419282 
Dasyuridae_Antechinus_stuartii               0.0915890 0.0916091 0.0883280 0.1470339 0.1487525 0.0230511 0.0865387 0.0994174 0.1343215 0.1342822 0.0902622 0.0070824 0.0249006 0.0946414 0.0968676 0.0089883 0.0222628 0.0193385 0.1149351 0.1230198 0.0865489 0.1209460 0.1258342 0.0000000 0.1543962 0.1029914 0.0880753 0.1233508 0.1034138 0.1089026 0.1020283 0.0922862 0.1216776 0.1281067 0.0272448 
Hypsiprymnodontidae_Hypsiprymnodon_moschatus 0.0995188 0.1370458 0.1234915 0.0903077 0.0889217 0.1347728 0.1068930 0.1150707 0.0949213 0.1331036 0.1075330 0.1582017 0.1569988 0.1074908 0.1002916 0.1604273 0.1594065 0.1349925 0.1324070 0.0814682 0.0926230 0.1505137 0.1485694 0.1543962 0.0000000 0.1344920 0.1112363 0.0774757 0.1195279 0.1259932 0.1192450 0.1118381 0.1312480 0.1273220 0.1643409 
Microbiotheriidae_Dromiciops_gliroides       0.0878750 0.0894837 0.0847090 0.1358562 0.1391576 0.0973398 0.0822224 0.0924989 0.1308494 0.1146159 0.0834368 0.1035168 0.1066899 0.0888949 0.0911771 0.1054991 0.1139509 0.0948626 0.0975675 0.1211026 0.0718052 0.1197576 0.1267521 0.1029914 0.1344920 0.0000000 0.0835736 0.1170431 0.1008601 0.0978403 0.0949339 0.0872095 0.1013956 0.1108814 0.1229474 
Pseudochiridae_Petauroides_volans            0.0511628 0.0780619 0.0582007 0.1070950 0.1093316 0.1006291 0.0454375 0.0553556 0.0968016 0.1060849 0.0512991 0.0941532 0.0983472 0.0501279 0.0489265 0.0948870 0.1043233 0.0860853 0.0868357 0.0877656 0.0312899 0.1072963 0.1162659 0.0880753 0.1112363 0.0835736 0.0000000 0.0860502 0.0434507 0.0609536 0.0504810 0.0506806 0.0925726 0.1021545 0.1090690 
Macropodidae_Wallabia_bicolor                0.0773971 0.1090524 0.0945078 0.0613393 0.0605810 0.1345943 0.0784370 0.0902488 0.0507351 0.1086044 0.0855667 0.1281222 0.1270289 0.0872576 0.0817163 0.1294769 0.1275989 0.1071019 0.1054462 0.0171027 0.0934929 0.1208902 0.1267761 0.1233508 0.0774757 0.1170431 0.0860502 0.0000000 0.1033143 0.0983431 0.0936855 0.0871489 0.1024390 0.1064675 0.1343557 
Pseudochiridae_Pseudocheirus_occidentalis    0.0619430 0.0917883 0.0765694 0.1190188 0.1182132 0.1101196 0.0593060 0.0653203 0.1170986 0.1239462 0.0652202 0.1111427 0.1143894 0.0617391 0.0615040 0.1124991 0.1240532 0.1009072 0.1058842 0.1054384 0.0137954 0.1175231 0.1224744 0.1034138 0.1195279 0.1008601 0.0434507 0.1033143 0.0000000 0.0759958 0.0619843 0.0633465 0.1100243 0.1194914 0.1339759 
Tarsipedidae_Tarsipes_rostratus              0.0687888 0.1002283 0.0798167 0.1217252 0.1203310 0.1225357 0.0708072 0.0804442 0.1146310 0.1229234 0.0733872 0.1128492 0.1168819 0.0760227 0.0674850 0.1142943 0.1232770 0.1017386 0.1051050 0.1025468 0.0656012 0.1149670 0.1247570 0.1089026 0.1259932 0.0978403 0.0609536 0.0983431 0.0759958 0.0000000 0.0720331 0.0760479 0.1070481 0.1193658 0.1262595 
Acrobatidae_Distoechurus_pennatus            0.0563445 0.0857542 0.0698803 0.1143560 0.1126551 0.1175290 0.0543787 0.0625942 0.1055139 0.1134671 0.0599660 0.1080833 0.1088091 0.0579249 0.0423725 0.1092983 0.1177662 0.0917836 0.0970524 0.0934909 0.0483646 0.1144769 0.1225320 0.1020283 0.1192450 0.0949339 0.0504810 0.0936855 0.0619843 0.0720331 0.0000000 0.0595092 0.0978877 0.1089534 0.1229013 
Phalangeridae_Phalanger_carmelitae           0.0505802 0.0829880 0.0640034 0.1055928 0.1069544 0.1030763 0.0248478 0.0245421 0.0965253 0.1153923 0.0257649 0.0980361 0.0984059 0.0140745 0.0572053 0.0998593 0.1091220 0.0834764 0.0968286 0.0899757 0.0469751 0.1056114 0.1128236 0.0922862 0.1118381 0.0872095 0.0506806 0.0871489 0.0633465 0.0760479 0.0595092 0.0000000 0.1003292 0.1110154 0.1136018 
Peramelidae_Peroryctes_raffrayana            0.0912202 0.0934167 0.0965237 0.1207312 0.1208051 0.1218520 0.0945292 0.1057322 0.1193690 0.0354427 0.0980678 0.1229374 0.1258901 0.1008937 0.0944199 0.1256156 0.1240943 0.1073722 0.0250443 0.1027114 0.0926619 0.1291436 0.1296282 0.1216776 0.1312480 0.1013956 0.0925726 0.1024390 0.1100243 0.1070481 0.0978877 0.1003292 0.0000000 0.0327856 0.1335470 
Peramelidae_Perameles_gunnii                 0.0931339 0.1110692 0.1060334 0.1272678 0.1182679 0.1371809 0.1034098 0.1154082 0.1201747 0.0051991 0.1081994 0.1299822 0.1349059 0.1116347 0.0954701 0.1326416 0.1348487 0.1114255 0.0375097 0.1056316 0.1095821 0.1311953 0.1316590 0.1281067 0.1273220 0.1108814 0.1021545 0.1064675 0.1194914 0.1193658 0.1089534 0.1110154 0.0327856 0.0000000 0.1490061 
Dasyuridae_Dasyurus_geffroii                 0.1050341 0.1055628 0.1060500 0.1588206 0.1572831 0.0107223 0.1081776 0.1210654 0.1490727 0.1560162 0.1092761 0.0253610 0.0388778 0.1154428 0.1129634 0.0278459 0.0167842 0.0349699 0.1354544 0.1351440 0.1137921 0.1378634 0.1419282 0.0272448 0.1643409 0.1229474 0.1090690 0.1343557 0.1339759 0.1262595 0.1229013 0.1136018 0.1335470 0.1490061 0.0000000 
