35
Burramyidae_Burramys_parvus                  0.0000000 0.0559077 0.0380979 0.0367172 0.0362173 0.0515816 0.0359264 0.0389141 0.0379493 0.0626874 0.0401882 0.0546380 0.0532475 0.0401329 0.0365331 0.0536211 0.0533683 0.0537037 0.0561454 0.0461843 0.0392194 0.0621075 0.0627401 0.0524151 0.0405077 0.0446786 0.0362534 0.0390764 0.0382219 0.0559176 0.0384412 0.0392888 0.0628908 0.0527150 0.0763142 
Notoryctidae_Notoryctes_typhlops             0.0559077 0.0000000 0.0551371 0.0587520 0.0587003 0.0648034 0.0567991 0.0619912 0.0603579 0.0761211 0.0613197 0.0679284 0.0685674 0.0611546 0.0576934 0.0687266 0.0669553 0.0652195 0.0667262 0.0670276 0.0599848 0.0699445 0.0717086 0.0671814 0.0603456 0.0560046 0.0590073 0.0610714 0.0611900 0.0761730 0.0583663 0.0597377 0.0696467 0.0660650 0.0890692 
Vombatidae_Lasiorhinus_latifrons             0.0380979 0.0551371 0.0000000 0.0400769 0.0403695 0.0508083 0.0378942 0.0424690 0.0416677 0.0641429 0.0412880 0.0527912 0.0525887 0.0417212 0.0414941 0.0520880 0.0516503 0.0503415 0.0563673 0.0486168 0.0428885 0.0603989 0.0636267 0.0512154 0.0419730 0.0420482 0.0421559 0.0429286 0.0441615 0.0585310 0.0455293 0.0412114 0.0632933 0.0511485 0.0788568 
Potoroidae_Bettongia_penicillata             0.0367172 0.0587520 0.0400769 0.0000000 0.0032517 0.0543599 0.0387994 0.0447731 0.0090652 0.0690908 0.0447636 0.0576217 0.0574436 0.0449618 0.0401338 0.0572269 0.0553376 0.0545407 0.0619322 0.0248571 0.0433809 0.0655999 0.0671901 0.0560404 0.0309674 0.0471536 0.0421218 0.0173024 0.0446207 0.0603096 0.0459044 0.0446201 0.0708201 0.0548428 0.0835076 
Potoroidae_Bettongia_lesueur                 0.0362173 0.0587003 0.0403695 0.0032517 0.0000000 0.0544714 0.0386145 0.0442601 0.0078592 0.0678118 0.0447200 0.0577522 0.0578947 0.0444375 0.0402701 0.0573574 0.0555995 0.0544783 0.0613636 0.0235926 0.0433475 0.0658746 0.0676011 0.0561695 0.0309324 0.0474413 0.0427303 0.0157623 0.0445633 0.0595647 0.0455524 0.0437854 0.0698991 0.0549539 0.0822052 
Dasyuridae_Dasyurus_maculatus                0.0515816 0.0648034 0.0508083 0.0543599 0.0544714 0.0000000 0.0536532 0.0593044 0.0567644 0.0747305 0.0579982 0.0186915 0.0220048 0.0591854 0.0542480 0.0191361 0.0071467 0.0203310 0.0664725 0.0629578 0.0574376 0.0707855 0.0721185 0.0181050 0.0571734 0.0516471 0.0580367 0.0564674 0.0592347 0.0716240 0.0572168 0.0575939 0.0747569 0.0049040 0.0898721 
Phalangeridae_Trichosurus_vulpecula          0.0359264 0.0567991 0.0378942 0.0387994 0.0386145 0.0536532 0.0000000 0.0176960 0.0414302 0.0672258 0.0179205 0.0566277 0.0550541 0.0187810 0.0391455 0.0558867 0.0544875 0.0524286 0.0607708 0.0485362 0.0417278 0.0634984 0.0681063 0.0534170 0.0433166 0.0446681 0.0406013 0.0419413 0.0412540 0.0604355 0.0435086 0.0181146 0.0662692 0.0535033 0.0820624 
Phalangeridae_Spilocuscus_maculatus          0.0389141 0.0619912 0.0424690 0.0447731 0.0442601 0.0593044 0.0176960 0.0000000 0.0457056 0.0726619 0.0103012 0.0607797 0.0601383 0.0114537 0.0432659 0.0602358 0.0599470 0.0577515 0.0659596 0.0529558 0.0454811 0.0674843 0.0715878 0.0581671 0.0486594 0.0469016 0.0439843 0.0463510 0.0456636 0.0622687 0.0472152 0.0112916 0.0741588 0.0589940 0.0874351 
Potoroidae_Aepyprymnus_rufescens             0.0379493 0.0603579 0.0416677 0.0090652 0.0078592 0.0567644 0.0414302 0.0457056 0.0000000 0.0708933 0.0454009 0.0597197 0.0602035 0.0455674 0.0423426 0.0593332 0.0578955 0.0576700 0.0631940 0.0254404 0.0463998 0.0672571 0.0688069 0.0579732 0.0335873 0.0492271 0.0453413 0.0183494 0.0462959 0.0615765 0.0476342 0.0449015 0.0710278 0.0572482 0.0849349 
Peramelidae_Perameles_nasuta                 0.0626874 0.0761211 0.0641429 0.0690908 0.0678118 0.0747305 0.0672258 0.0726619 0.0708933 0.0000000 0.0721363 0.0780151 0.0745959 0.0726596 0.0671844 0.0768959 0.0754106 0.0747351 0.0237344 0.0771814 0.0694684 0.0856234 0.0866857 0.0745523 0.0720145 0.0657123 0.0679667 0.0706934 0.0695453 0.0847566 0.0713198 0.0724239 0.0283494 0.0751803 0.0178503 
Phalangeridae_Strigocuscus_pelengensis       0.0401882 0.0613197 0.0412880 0.0447636 0.0447200 0.0579982 0.0179205 0.0103012 0.0454009 0.0721363 0.0000000 0.0601586 0.0586762 0.0090557 0.0428195 0.0599540 0.0586421 0.0568041 0.0651013 0.0523055 0.0452982 0.0654995 0.0709880 0.0580104 0.0476817 0.0458796 0.0441289 0.0463633 0.0451887 0.0633247 0.0480391 0.0085878 0.0727319 0.0576818 0.0877453 
Dasyuridae_Phascogale_tapoatafa              0.0546380 0.0679284 0.0527912 0.0576217 0.0577522 0.0186915 0.0566277 0.0607797 0.0597197 0.0780151 0.0601586 0.0000000 0.0212218 0.0601808 0.0580088 0.0031100 0.0179111 0.0203195 0.0700002 0.0647885 0.0609034 0.0730585 0.0743943 0.0098702 0.0606331 0.0542589 0.0600095 0.0599271 0.0629034 0.0738239 0.0601703 0.0592709 0.0776155 0.0177677 0.0931365 
Dasyuridae_Sminthopsis_macroura              0.0532475 0.0685674 0.0525887 0.0574436 0.0578947 0.0220048 0.0550541 0.0601383 0.0602035 0.0745959 0.0586762 0.0212218 0.0000000 0.0593525 0.0559236 0.0207472 0.0215343 0.0175445 0.0691093 0.0654293 0.0598091 0.0724231 0.0762984 0.0201818 0.0601630 0.0549739 0.0580195 0.0588948 0.0610317 0.0746512 0.0600783 0.0580880 0.0785791 0.0206208 0.0898446 
Phalangeridae_Phalanger_orientalis           0.0401329 0.0611546 0.0417212 0.0449618 0.0444375 0.0591854 0.0187810 0.0114537 0.0455674 0.0726596 0.0090557 0.0601808 0.0593525 0.0000000 0.0432073 0.0599598 0.0591562 0.0571898 0.0665284 0.0538318 0.0456764 0.0667761 0.0715839 0.0585591 0.0465999 0.0464987 0.0448255 0.0475674 0.0468219 0.0633088 0.0480786 0.0028280 0.0742379 0.0591989 0.0880121 
Acrobatidae_Acrobates_pygmaeus               0.0365331 0.0576934 0.0414941 0.0401338 0.0402701 0.0542480 0.0391455 0.0432659 0.0423426 0.0671844 0.0428195 0.0580088 0.0559236 0.0432073 0.0000000 0.0571456 0.0553815 0.0538405 0.0595485 0.0501556 0.0329933 0.0623529 0.0658157 0.0555966 0.0403963 0.0472253 0.0332259 0.0440932 0.0332293 0.0506537 0.0222298 0.0421911 0.0655563 0.0548936 0.0811888 
Dasyuridae_Phascogale_calura                 0.0536211 0.0687266 0.0520880 0.0572269 0.0573574 0.0191361 0.0558867 0.0602358 0.0593332 0.0768959 0.0599540 0.0031100 0.0207472 0.0599598 0.0571456 0.0000000 0.0180518 0.0203100 0.0692668 0.0648955 0.0605179 0.0726627 0.0736653 0.0092614 0.0609062 0.0543992 0.0599558 0.0600447 0.0624969 0.0730765 0.0599696 0.0590512 0.0771395 0.0179086 0.0920091 
Dasyuridae_Sarcophilus_harrisii              0.0533683 0.0669553 0.0516503 0.0553376 0.0555995 0.0071467 0.0544875 0.0599470 0.0578955 0.0754106 0.0586421 0.0179111 0.0215343 0.0591562 0.0553815 0.0180518 0.0000000 0.0200066 0.0681569 0.0630795 0.0588955 0.0711104 0.0718028 0.0177864 0.0581503 0.0529591 0.0595190 0.0574449 0.0607818 0.0729515 0.0583220 0.0575654 0.0758842 0.0062486 0.0905480 
Dasyuridae_Planigale_tenuirostris            0.0537037 0.0652195 0.0503415 0.0545407 0.0544783 0.0203310 0.0524286 0.0577515 0.0576700 0.0747351 0.0568041 0.0203195 0.0175445 0.0571898 0.0538405 0.0203100 0.0200066 0.0000000 0.0674681 0.0634384 0.0564735 0.0731052 0.0737906 0.0178298 0.0579612 0.0534572 0.0574074 0.0573032 0.0585180 0.0735640 0.0581550 0.0557931 0.0766986 0.0197015 0.0904079 
Peramelidae_Echymipera_kalubu                0.0561454 0.0667262 0.0563673 0.0619322 0.0613636 0.0664725 0.0607708 0.0659596 0.0631940 0.0237344 0.0651013 0.0700002 0.0691093 0.0665284 0.0595485 0.0692668 0.0681569 0.0674681 0.0000000 0.0693092 0.0618836 0.0779802 0.0793161 0.0666463 0.0643836 0.0592076 0.0608642 0.0632000 0.0613256 0.0763133 0.0624888 0.0654558 0.0120031 0.0674283 0.0365961 
Macropodidae_Dorcopsulus_vanheurni           0.0461843 0.0670276 0.0486168 0.0248571 0.0235926 0.0629578 0.0485362 0.0529558 0.0254404 0.0771814 0.0523055 0.0647885 0.0654293 0.0538318 0.0501556 0.0648955 0.0630795 0.0634384 0.0693092 0.0000000 0.0533451 0.0746630 0.0762588 0.0642018 0.0404055 0.0557924 0.0515985 0.0122667 0.0540450 0.0673626 0.0538824 0.0524602 0.0770174 0.0629566 0.0914093 
Pseudochiridae_Pseudochirulus_forbesi        0.0392194 0.0599848 0.0428885 0.0433809 0.0433475 0.0574376 0.0417278 0.0454811 0.0463998 0.0694684 0.0452982 0.0609034 0.0598091 0.0456764 0.0329933 0.0605179 0.0588955 0.0564735 0.0618836 0.0533451 0.0000000 0.0670109 0.0694764 0.0581620 0.0432180 0.0481936 0.0219308 0.0462712 0.0120097 0.0483609 0.0377842 0.0446762 0.0679964 0.0584238 0.0847668 
Didelphidae_Didelphis_virginiana             0.0621075 0.0699445 0.0603989 0.0655999 0.0658746 0.0707855 0.0634984 0.0674843 0.0672571 0.0856234 0.0654995 0.0730585 0.0724231 0.0667761 0.0623529 0.0726627 0.0711104 0.0731052 0.0779802 0.0746630 0.0670109 0.0000000 0.0330899 0.0727253 0.0690295 0.0581953 0.0674639 0.0698399 0.0655223 0.0823369 0.0673487 0.0670530 0.0826177 0.0707550 0.0997737 
Marmosidae_Monodelphis_domestica             0.0627401 0.0717086 0.0636267 0.0671901 0.0676011 0.0721185 0.0681063 0.0715878 0.0688069 0.0866857 0.0709880 0.0743943 0.0762984 0.0715839 0.0658157 0.0736653 0.0718028 0.0737906 0.0793161 0.0762588 0.0694764 0.0330899 0.0000000 0.0733567 0.0714353 0.0626248 0.0685867 0.0710880 0.0696090 0.0867997 0.0723799 0.0708712 0.0815314 0.0736222 0.0997845 
Dasyuridae_Antechinus_stuartii               0.0524151 0.0671814 0.0512154 0.0560404 0.0561695 0.0181050 0.0534170 0.0581671 0.0579732 0.0745523 0.0580104 0.0098702 0.0201818 0.0585591 0.0555966 0.0092614 0.0177864 0.0178298 0.0666463 0.0642018 0.0581620 0.0727253 0.0733567 0.0000000 0.0592243 0.0531282 0.0578948 0.0590155 0.0608402 0.0714806 0.0579405 0.0573213 0.0755726 0.0171839 0.0899267 
Hypsiprymnodontidae_Hypsiprymnodon_moschatus 0.0405077 0.0603456 0.0419730 0.0309674 0.0309324 0.0571734 0.0433166 0.0486594 0.0335873 0.0720145 0.0476817 0.0606331 0.0601630 0.0465999 0.0403963 0.0609062 0.0581503 0.0579612 0.0643836 0.0404055 0.0432180 0.0690295 0.0714353 0.0592243 0.0000000 0.0492974 0.0424295 0.0344956 0.0428681 0.0588535 0.0429444 0.0452427 0.0702435 0.0574953 0.0864214 
Microbiotheriidae_Dromiciops_gliroides       0.0446786 0.0560046 0.0420482 0.0471536 0.0474413 0.0516471 0.0446681 0.0469016 0.0492271 0.0657123 0.0458796 0.0542589 0.0549739 0.0464987 0.0472253 0.0543992 0.0529591 0.0534572 0.0592076 0.0557924 0.0481936 0.0581953 0.0626248 0.0531282 0.0492974 0.0000000 0.0472063 0.0490945 0.0479571 0.0652057 0.0510770 0.0453324 0.0661686 0.0516272 0.0801654 
Pseudochiridae_Petauroides_volans            0.0362534 0.0590073 0.0421559 0.0421218 0.0427303 0.0580367 0.0406013 0.0439843 0.0453413 0.0679667 0.0441289 0.0600095 0.0580195 0.0448255 0.0332259 0.0599558 0.0595190 0.0574074 0.0608642 0.0515985 0.0219308 0.0674639 0.0685867 0.0578948 0.0424295 0.0472063 0.0000000 0.0448683 0.0201472 0.0460318 0.0361417 0.0435070 0.0672808 0.0581677 0.0834014 
Macropodidae_Wallabia_bicolor                0.0390764 0.0610714 0.0429286 0.0173024 0.0157623 0.0564674 0.0419413 0.0463510 0.0183494 0.0706934 0.0463633 0.0599271 0.0588948 0.0475674 0.0440932 0.0600447 0.0574449 0.0573032 0.0632000 0.0122667 0.0462712 0.0698399 0.0710880 0.0590155 0.0344956 0.0490945 0.0448683 0.0000000 0.0470176 0.0624688 0.0476678 0.0462163 0.0717823 0.0567983 0.0846498 
Pseudochiridae_Pseudocheirus_occidentalis    0.0382219 0.0611900 0.0441615 0.0446207 0.0445633 0.0592347 0.0412540 0.0456636 0.0462959 0.0695453 0.0451887 0.0629034 0.0610317 0.0468219 0.0332293 0.0624969 0.0607818 0.0585180 0.0613256 0.0540450 0.0120097 0.0655223 0.0696090 0.0608402 0.0428681 0.0479571 0.0201472 0.0470176 0.0000000 0.0495278 0.0369177 0.0459489 0.0653682 0.0601077 0.0833843 
Tarsipedidae_Tarsipes_rostratus              0.0559176 0.0761730 0.0585310 0.0603096 0.0595647 0.0716240 0.0604355 0.0622687 0.0615765 0.0847566 0.0633247 0.0738239 0.0746512 0.0633088 0.0506537 0.0730765 0.0729515 0.0735640 0.0763133 0.0673626 0.0483609 0.0823369 0.0867997 0.0714806 0.0588535 0.0652057 0.0460318 0.0624688 0.0495278 0.0000000 0.0512487 0.0619161 0.0867207 0.0724817 0.0999429 
Acrobatidae_Distoechurus_pennatus            0.0384412 0.0583663 0.0455293 0.0459044 0.0455524 0.0572168 0.0435086 0.0472152 0.0476342 0.0713198 0.0480391 0.0601703 0.0600783 0.0480786 0.0222298 0.0599696 0.0583220 0.0581550 0.0624888 0.0538824 0.0377842 0.0673487 0.0723799 0.0579405 0.0429444 0.0510770 0.0361417 0.0476678 0.0369177 0.0512487 0.0000000 0.0467232 0.0696558 0.0573628 0.0858368 
Phalangeridae_Phalanger_carmelitae           0.0392888 0.0597377 0.0412114 0.0446201 0.0437854 0.0575939 0.0181146 0.0112916 0.0449015 0.0724239 0.0085878 0.0592709 0.0580880 0.0028280 0.0421911 0.0590512 0.0575654 0.0557931 0.0654558 0.0524602 0.0446762 0.0670530 0.0708712 0.0573213 0.0452427 0.0453324 0.0435070 0.0462163 0.0459489 0.0619161 0.0467232 0.0000000 0.0733859 0.0576071 0.0877544 
Peramelidae_Peroryctes_raffrayana            0.0628908 0.0696467 0.0632933 0.0708201 0.0698991 0.0747569 0.0662692 0.0741588 0.0710278 0.0283494 0.0727319 0.0776155 0.0785791 0.0742379 0.0655563 0.0771395 0.0758842 0.0766986 0.0120031 0.0770174 0.0679964 0.0826177 0.0815314 0.0755726 0.0702435 0.0661686 0.0672808 0.0717823 0.0653682 0.0867207 0.0696558 0.0733859 0.0000000 0.0751423 0.0260005 
Dasyuridae_Dasyurus_geffroii                 0.0527150 0.0660650 0.0511485 0.0548428 0.0549539 0.0049040 0.0535033 0.0589940 0.0572482 0.0751803 0.0576818 0.0177677 0.0206208 0.0591989 0.0548936 0.0179086 0.0062486 0.0197015 0.0674283 0.0629566 0.0584238 0.0707550 0.0736222 0.0171839 0.0574953 0.0516272 0.0581677 0.0567983 0.0601077 0.0724817 0.0573628 0.0576071 0.0751423 0.0000000 0.0902895 
Peramelidae_Perameles_gunnii                 0.0763142 0.0890692 0.0788568 0.0835076 0.0822052 0.0898721 0.0820624 0.0874351 0.0849349 0.0178503 0.0877453 0.0931365 0.0898446 0.0880121 0.0811888 0.0920091 0.0905480 0.0904079 0.0365961 0.0914093 0.0847668 0.0997737 0.0997845 0.0899267 0.0864214 0.0801654 0.0834014 0.0846498 0.0833843 0.0999429 0.0858368 0.0877544 0.0260005 0.0902895 0.0000000 
