35
Burramyidae_Burramys_parvus                  0.0000000 0.0831695 0.0658129 0.0727250 0.0811366 0.1635863 0.0599023 0.0669746 0.0779546 0.0907292 0.0662947 0.1677475 0.1555737 0.0651781 0.0828237 0.1544576 0.1730881 0.1761489 0.1000909 0.0699805 0.0708915 0.1434547 0.1838054 0.1508579 0.0864087 0.0846197 0.0702841 0.0735692 0.0698529 0.1057394 0.0730538 0.0673897 0.0978411 0.1707951 0.0930190 
Notoryctidae_Notoryctes_typhlops             0.0831695 0.0000000 0.0827162 0.0869677 0.0953237 0.1716453 0.0972169 0.0895923 0.0904620 0.1014173 0.0919854 0.1746418 0.1496922 0.0921207 0.1115711 0.1546056 0.1785943 0.1856595 0.1070371 0.0883298 0.0946530 0.1589002 0.2006186 0.1590551 0.1021954 0.0940023 0.0898797 0.0880158 0.0968875 0.1271996 0.1001183 0.0928106 0.1006627 0.1766008 0.1023862 
Vombatidae_Lasiorhinus_latifrons             0.0658129 0.0827162 0.0000000 0.0656894 0.0715363 0.1603169 0.0699684 0.0688377 0.0666087 0.0940701 0.0694068 0.1655710 0.1413083 0.0660877 0.0774864 0.1467034 0.1680958 0.1765408 0.1001440 0.0613522 0.0703248 0.1487389 0.1719219 0.1488638 0.0735031 0.0754583 0.0677299 0.0643829 0.0680392 0.0963949 0.0822408 0.0682812 0.0965573 0.1635672 0.0949734 
Potoroidae_Bettongia_penicillata             0.0727250 0.0869677 0.0656894 0.0000000 0.0133596 0.1682518 0.0781522 0.0737951 0.0163817 0.0968716 0.0752220 0.1741777 0.1561913 0.0774572 0.0872412 0.1587209 0.1728598 0.1881696 0.1024105 0.0311787 0.0763561 0.1550182 0.1793192 0.1562562 0.0625704 0.0876064 0.0699028 0.0317246 0.0724243 0.1061714 0.0805247 0.0803322 0.1009715 0.1709840 0.0978011 
Potoroidae_Bettongia_lesueur                 0.0811366 0.0953237 0.0715363 0.0133596 0.0000000 0.1761831 0.0829062 0.0803127 0.0215130 0.1054266 0.0797916 0.1798681 0.1653830 0.0835250 0.0930643 0.1651669 0.1834587 0.1992654 0.1089981 0.0361347 0.0837637 0.1615449 0.1889403 0.1625866 0.0674324 0.0932875 0.0771340 0.0343799 0.0790704 0.1134304 0.0872520 0.0836653 0.1091093 0.1798195 0.1063924 
Dasyuridae_Dasyurus_maculatus                0.1635863 0.1716453 0.1603169 0.1682518 0.1761831 0.0000000 0.1653098 0.1683518 0.1699238 0.1773695 0.1705088 0.0239987 0.0341958 0.1689433 0.1857166 0.0267811 0.0139183 0.0445246 0.1826411 0.1710415 0.1728102 0.1996726 0.2124549 0.0253566 0.1838273 0.1681640 0.1644934 0.1710904 0.1636298 0.2026289 0.1843354 0.1733143 0.1729683 0.0113316 0.1786665 
Phalangeridae_Trichosurus_vulpecula          0.0599023 0.0972169 0.0699684 0.0781522 0.0829062 0.1653098 0.0000000 0.0268372 0.0764028 0.1040473 0.0245670 0.1721453 0.1544463 0.0251146 0.0882450 0.1576030 0.1706374 0.1850966 0.1086657 0.0749646 0.0699964 0.1468379 0.1848853 0.1548953 0.0892659 0.0886894 0.0692843 0.0780098 0.0720500 0.1025869 0.0830316 0.0251511 0.1084852 0.1685970 0.1035023 
Phalangeridae_Spilocuscus_maculatus          0.0669746 0.0895923 0.0688377 0.0737951 0.0803127 0.1683518 0.0268372 0.0000000 0.0763844 0.1001084 0.0125144 0.1743801 0.1557336 0.0183145 0.0839593 0.1589755 0.1753907 0.1838119 0.1087726 0.0770288 0.0706203 0.1462356 0.1908664 0.1593292 0.0863596 0.0877430 0.0693784 0.0752622 0.0753521 0.1029569 0.0771930 0.0198769 0.1055466 0.1699367 0.0995603 
Potoroidae_Aepyprymnus_rufescens             0.0779546 0.0904620 0.0666087 0.0163817 0.0215130 0.1699238 0.0764028 0.0763844 0.0000000 0.0992282 0.0767206 0.1742849 0.1594628 0.0756677 0.0913478 0.1591565 0.1761384 0.1928056 0.1028494 0.0285003 0.0814045 0.1530704 0.1850564 0.1578861 0.0589328 0.0919956 0.0751319 0.0295702 0.0770160 0.1085937 0.0818547 0.0778639 0.1027992 0.1741118 0.1001704 
Peramelidae_Perameles_nasuta                 0.0907292 0.1014173 0.0940701 0.0968716 0.1054266 0.1773695 0.1040473 0.1001084 0.0992282 0.0000000 0.1042602 0.1736819 0.1524447 0.1031302 0.1191919 0.1609366 0.1807290 0.1833726 0.0205566 0.0958966 0.1023975 0.1589444 0.1749953 0.1559741 0.1098428 0.1022711 0.0946115 0.0984522 0.1033838 0.1312126 0.1117439 0.1048609 0.0190385 0.1781866 0.0013908 
Phalangeridae_Strigocuscus_pelengensis       0.0662947 0.0919854 0.0694068 0.0752220 0.0797916 0.1705088 0.0245670 0.0125144 0.0767206 0.1042602 0.0000000 0.1750404 0.1543307 0.0135558 0.0841649 0.1635241 0.1710807 0.1749684 0.1150177 0.0774547 0.0704374 0.1473882 0.1922037 0.1605727 0.0898720 0.0879452 0.0712448 0.0780465 0.0748510 0.1049905 0.0801794 0.0140790 0.1107396 0.1706194 0.1037140 
Dasyuridae_Phascogale_tapoatafa              0.1677475 0.1746418 0.1655710 0.1741777 0.1798681 0.0239987 0.1721453 0.1743801 0.1742849 0.1736819 0.1750404 0.0000000 0.0348902 0.1718548 0.1915381 0.0067850 0.0272951 0.0522383 0.1811063 0.1762652 0.1787942 0.2094392 0.2064676 0.0161443 0.1882758 0.1723903 0.1711598 0.1745758 0.1702679 0.2036518 0.1888260 0.1737395 0.1699958 0.0250090 0.1749659 
Dasyuridae_Sminthopsis_macroura              0.1555737 0.1496922 0.1413083 0.1561913 0.1653830 0.0341958 0.1544463 0.1557336 0.1594628 0.1524447 0.1543307 0.0348902 0.0000000 0.1503995 0.1743011 0.0374993 0.0371621 0.0394077 0.1659563 0.1602259 0.1588751 0.2009984 0.1963964 0.0331971 0.1717305 0.1552560 0.1530833 0.1527827 0.1505879 0.1936243 0.1666739 0.1555768 0.1553217 0.0323204 0.1517956 
Phalangeridae_Phalanger_orientalis           0.0651781 0.0921207 0.0660877 0.0774572 0.0835250 0.1689433 0.0251146 0.0183145 0.0756677 0.1031302 0.0135558 0.1718548 0.1503995 0.0000000 0.0841680 0.1598302 0.1712546 0.1826078 0.1130762 0.0717236 0.0742982 0.1481434 0.1862870 0.1576204 0.0847902 0.0843645 0.0730150 0.0752432 0.0752028 0.1032082 0.0833342 0.0060569 0.1120716 0.1674464 0.1025851 
Acrobatidae_Acrobates_pygmaeus               0.0828237 0.1115711 0.0774864 0.0872412 0.0930643 0.1857166 0.0882450 0.0839593 0.0913478 0.1191919 0.0841649 0.1915381 0.1743011 0.0841680 0.0000000 0.1775516 0.1913011 0.2011468 0.1244581 0.0904221 0.0802626 0.1706572 0.1976165 0.1793788 0.0884992 0.1040886 0.0678487 0.0892935 0.0745943 0.1066849 0.0579440 0.0841158 0.1212350 0.1934638 0.1194277 
Dasyuridae_Phascogale_calura                 0.1544576 0.1546056 0.1467034 0.1587209 0.1651669 0.0267811 0.1576030 0.1589755 0.1591565 0.1609366 0.1635241 0.0067850 0.0374993 0.1598302 0.1775516 0.0000000 0.0294657 0.0529437 0.1712981 0.1599731 0.1660051 0.2048696 0.2008959 0.0188838 0.1771964 0.1576084 0.1545879 0.1609356 0.1551450 0.1919231 0.1730938 0.1620606 0.1596356 0.0268927 0.1623659 
Dasyuridae_Sarcophilus_harrisii              0.1730881 0.1785943 0.1680958 0.1728598 0.1834587 0.0139183 0.1706374 0.1753907 0.1761384 0.1807290 0.1710807 0.0272951 0.0371621 0.1712546 0.1913011 0.0294657 0.0000000 0.0498299 0.1860737 0.1756366 0.1825168 0.2128107 0.2181434 0.0290713 0.1956040 0.1741778 0.1720918 0.1747304 0.1738481 0.2112938 0.1906959 0.1756713 0.1772519 0.0127927 0.1820437 
Dasyuridae_Planigale_tenuirostris            0.1761489 0.1856595 0.1765408 0.1881696 0.1992654 0.0445246 0.1850966 0.1838119 0.1928056 0.1833726 0.1749684 0.0522383 0.0394077 0.1826078 0.2011468 0.0529437 0.0498299 0.0000000 0.1838841 0.1924762 0.1873634 0.2264996 0.2529710 0.0466557 0.2046491 0.1737588 0.1827342 0.1862788 0.1808348 0.2237455 0.2042358 0.1875321 0.1844281 0.0465134 0.1834996 
Peramelidae_Echymipera_kalubu                0.1000909 0.1070371 0.1001440 0.1024105 0.1089981 0.1826411 0.1086657 0.1087726 0.1028494 0.0205566 0.1150177 0.1811063 0.1659563 0.1130762 0.1244581 0.1712981 0.1860737 0.1838841 0.0000000 0.0985741 0.1097262 0.1644456 0.1845491 0.1732605 0.1153354 0.1104331 0.1031140 0.1020462 0.1101639 0.1403671 0.1160110 0.1148639 0.0184393 0.1845150 0.0205884 
Macropodidae_Dorcopsulus_vanheurni           0.0699805 0.0883298 0.0613522 0.0311787 0.0361347 0.1710415 0.0749646 0.0770288 0.0285003 0.0958966 0.0774547 0.1762652 0.1602259 0.0717236 0.0904221 0.1599731 0.1756366 0.1924762 0.0985741 0.0000000 0.0773317 0.1486563 0.1761072 0.1605952 0.0559352 0.0862692 0.0741193 0.0165180 0.0723914 0.1072381 0.0806233 0.0738830 0.0996062 0.1727308 0.0968196 
Pseudochiridae_Pseudochirulus_forbesi        0.0708915 0.0946530 0.0703248 0.0763561 0.0837637 0.1728102 0.0699964 0.0706203 0.0814045 0.1023975 0.0704374 0.1787942 0.1588751 0.0742982 0.0802626 0.1660051 0.1825168 0.1873634 0.1097262 0.0773317 0.0000000 0.1491692 0.1742513 0.1621691 0.0859440 0.0845571 0.0368816 0.0746366 0.0269509 0.0847822 0.0802673 0.0744623 0.1062762 0.1785293 0.1033474 
Didelphidae_Didelphis_virginiana             0.1434547 0.1589002 0.1487389 0.1550182 0.1615449 0.1996726 0.1468379 0.1462356 0.1530704 0.1589444 0.1473882 0.2094392 0.2009984 0.1481434 0.1706572 0.2048696 0.2128107 0.2264996 0.1644456 0.1486563 0.1491692 0.0000000 0.1025281 0.1964417 0.1609797 0.1523224 0.1540211 0.1483363 0.1490359 0.1738483 0.1620495 0.1508463 0.1565438 0.2096451 0.1611013 
Marmosidae_Monodelphis_domestica             0.1838054 0.2006186 0.1719219 0.1793192 0.1889403 0.2124549 0.1848853 0.1908664 0.1850564 0.1749953 0.1922037 0.2064676 0.1963964 0.1862870 0.1976165 0.2008959 0.2181434 0.2529710 0.1845491 0.1761072 0.1742513 0.1025281 0.0000000 0.1953106 0.2062858 0.1733293 0.1635221 0.1775285 0.1797812 0.1845118 0.1833937 0.1917291 0.1788061 0.2142711 0.1766227 
Dasyuridae_Antechinus_stuartii               0.1508579 0.1590551 0.1488638 0.1562562 0.1625866 0.0253566 0.1548953 0.1593292 0.1578861 0.1559741 0.1605727 0.0161443 0.0331971 0.1576204 0.1793788 0.0188838 0.0290713 0.0466557 0.1732605 0.1605952 0.1621691 0.1964417 0.1953106 0.0000000 0.1740941 0.1582527 0.1546871 0.1600606 0.1573942 0.1926010 0.1716087 0.1593612 0.1624156 0.0248833 0.1589131 
Hypsiprymnodontidae_Hypsiprymnodon_moschatus 0.0864087 0.1021954 0.0735031 0.0625704 0.0674324 0.1838273 0.0892659 0.0863596 0.0589328 0.1098428 0.0898720 0.1882758 0.1717305 0.0847902 0.0884992 0.1771964 0.1956040 0.2046491 0.1153354 0.0559352 0.0859440 0.1609797 0.2062858 0.1740941 0.0000000 0.1013990 0.0842341 0.0570122 0.0804177 0.1174604 0.0932304 0.0879517 0.1174713 0.1914909 0.1108380 
Microbiotheriidae_Dromiciops_gliroides       0.0846197 0.0940023 0.0754583 0.0876064 0.0932875 0.1681640 0.0886894 0.0877430 0.0919956 0.1022711 0.0879452 0.1723903 0.1552560 0.0843645 0.1040886 0.1576084 0.1741778 0.1737588 0.1104331 0.0862692 0.0845571 0.1523224 0.1733293 0.1582527 0.1013990 0.0000000 0.0900860 0.0857329 0.0816046 0.1234262 0.1011394 0.0865923 0.1045464 0.1723491 0.1031012 
Pseudochiridae_Petauroides_volans            0.0702841 0.0898797 0.0677299 0.0699028 0.0771340 0.1644934 0.0692843 0.0693784 0.0751319 0.0946115 0.0712448 0.1711598 0.1530833 0.0730150 0.0678487 0.1545879 0.1720918 0.1827342 0.1031140 0.0741193 0.0368816 0.1540211 0.1635221 0.1546871 0.0842341 0.0900860 0.0000000 0.0750746 0.0392201 0.0750777 0.0705948 0.0744945 0.1038863 0.1716653 0.0955287 
Macropodidae_Wallabia_bicolor                0.0735692 0.0880158 0.0643829 0.0317246 0.0343799 0.1710904 0.0780098 0.0752622 0.0295702 0.0984522 0.0780465 0.1745758 0.1527827 0.0752432 0.0892935 0.1609356 0.1747304 0.1862788 0.1020462 0.0165180 0.0746366 0.1483363 0.1775285 0.1600606 0.0570122 0.0857329 0.0750746 0.0000000 0.0747626 0.1078871 0.0781315 0.0781910 0.1013496 0.1736559 0.0993830 
Pseudochiridae_Pseudocheirus_occidentalis    0.0698529 0.0968875 0.0680392 0.0724243 0.0790704 0.1636298 0.0720500 0.0753521 0.0770160 0.1033838 0.0748510 0.1702679 0.1505879 0.0752028 0.0745943 0.1551450 0.1738481 0.1808348 0.1101639 0.0723914 0.0269509 0.1490359 0.1797812 0.1573942 0.0804177 0.0816046 0.0392201 0.0747626 0.0000000 0.0819286 0.0756172 0.0774091 0.1073165 0.1715747 0.1043394 
Tarsipedidae_Tarsipes_rostratus              0.1057394 0.1271996 0.0963949 0.1061714 0.1134304 0.2026289 0.1025869 0.1029569 0.1085937 0.1312126 0.1049905 0.2036518 0.1936243 0.1032082 0.1066849 0.1919231 0.2112938 0.2237455 0.1403671 0.1072381 0.0847822 0.1738483 0.1845118 0.1926010 0.1174604 0.1234262 0.0750777 0.1078871 0.0819286 0.0000000 0.1091278 0.1060807 0.1363390 0.2107177 0.1323317 
Acrobatidae_Distoechurus_pennatus            0.0730538 0.1001183 0.0822408 0.0805247 0.0872520 0.1843354 0.0830316 0.0771930 0.0818547 0.1117439 0.0801794 0.1888260 0.1666739 0.0833342 0.0579440 0.1730938 0.1906959 0.2042358 0.1160110 0.0806233 0.0802673 0.1620495 0.1833937 0.1716087 0.0932304 0.1011394 0.0705948 0.0781315 0.0756172 0.1091278 0.0000000 0.0832389 0.1154175 0.1934809 0.1119581 
Phalangeridae_Phalanger_carmelitae           0.0673897 0.0928106 0.0682812 0.0803322 0.0836653 0.1733143 0.0251511 0.0198769 0.0778639 0.1048609 0.0140790 0.1737395 0.1555768 0.0060569 0.0841158 0.1620606 0.1756713 0.1875321 0.1148639 0.0738830 0.0744623 0.1508463 0.1917291 0.1593612 0.0879517 0.0865923 0.0744945 0.0781910 0.0774091 0.1060807 0.0832389 0.0000000 0.1153691 0.1717969 0.1043151 
Peramelidae_Peroryctes_raffrayana            0.0978411 0.1006627 0.0965573 0.1009715 0.1091093 0.1729683 0.1084852 0.1055466 0.1027992 0.0190385 0.1107396 0.1699958 0.1553217 0.1120716 0.1212350 0.1596356 0.1772519 0.1844281 0.0184393 0.0996062 0.1062762 0.1565438 0.1788061 0.1624156 0.1174713 0.1045464 0.1038863 0.1013496 0.1073165 0.1363390 0.1154175 0.1153691 0.0000000 0.1747343 0.0205893 
Dasyuridae_Dasyurus_geffroii                 0.1707951 0.1766008 0.1635672 0.1709840 0.1798195 0.0113316 0.1685970 0.1699367 0.1741118 0.1781866 0.1706194 0.0250090 0.0323204 0.1674464 0.1934638 0.0268927 0.0127927 0.0465134 0.1845150 0.1727308 0.1785293 0.2096451 0.2142711 0.0248833 0.1914909 0.1723491 0.1716653 0.1736559 0.1715747 0.2107177 0.1934809 0.1717969 0.1747343 0.0000000 0.1794870 
Peramelidae_Perameles_gunnii                 0.0930190 0.1023862 0.0949734 0.0978011 0.1063924 0.1786665 0.1035023 0.0995603 0.1001704 0.0013908 0.1037140 0.1749659 0.1517956 0.1025851 0.1194277 0.1623659 0.1820437 0.1834996 0.0205884 0.0968196 0.1033474 0.1611013 0.1766227 0.1589131 0.1108380 0.1031012 0.0955287 0.0993830 0.1043394 0.1323317 0.1119581 0.1043151 0.0205893 0.1794870 0.0000000 
