37
Burramyidae_Burramys_parvus                  0.0000000 0.0622581 0.0554307 0.0648070 0.0660589 0.0915230 0.0296383 0.0450441 0.0644744 0.0856115 0.1104098 0.0477019 0.0975227 0.0970605 0.0448762 0.0546910 0.0980494 0.0852761 0.0940383 0.0727455 0.0622497 0.0597032 0.0922011 0.0972707 0.0710970 0.0539283 0.0674973 0.0657679 0.0631676 0.0761698 0.0674329 0.1104098 0.0423111 0.0704211 0.0877122 0.0855022 0.1136100 
Notoryctidae_Notoryctes_typhlops             0.0622581 0.0000000 0.0632884 0.0746899 0.0764869 0.0925853 0.0582713 0.0647584 0.0774010 0.0767017 0.1036787 0.0694650 0.0863723 0.0967340 0.0683069 0.0679753 0.0857302 0.0840495 0.0906005 0.0745339 0.0686012 0.0692081 0.0928285 0.0890313 0.0743883 0.0679785 0.0673195 0.0731214 0.0689964 0.0897888 0.0730483 0.1036787 0.0663882 0.0736493 0.0885083 0.0766623 0.1067300 
Vombatidae_Lasiorhinus_latifrons             0.0554307 0.0632884 0.0000000 0.0771771 0.0791409 0.0938037 0.0496577 0.0647224 0.0784813 0.0833745 0.0888371 0.0522980 0.0857371 0.0971339 0.0648427 0.0424829 0.0868727 0.0968909 0.0986321 0.0719537 0.0616112 0.0568554 0.1013074 0.0867327 0.0542074 0.0739995 0.0627006 0.0767666 0.0594020 0.0922625 0.0557901 0.0888371 0.0627393 0.0678738 0.0879288 0.0832688 0.1126233 
Potoroidae_Bettongia_penicillata             0.0648070 0.0746899 0.0771771 0.0000000 0.0030037 0.1279454 0.0577527 0.0574782 0.0064922 0.1153656 0.1247455 0.0652076 0.1364460 0.1350905 0.0669758 0.0764958 0.1362995 0.1173937 0.1276391 0.0972750 0.0143812 0.0821941 0.1180794 0.1333945 0.0558334 0.0633119 0.0898600 0.0139092 0.0853218 0.1032741 0.0827974 0.1247455 0.0659550 0.0969735 0.1224070 0.1159133 0.1315854 
Potoroidae_Bettongia_lesueur                 0.0660589 0.0764869 0.0791409 0.0030037 0.0000000 0.1240419 0.0610784 0.0604821 0.0075106 0.1128761 0.1296344 0.0643571 0.1345904 0.1305153 0.0718727 0.0795322 0.1344461 0.1157896 0.1261332 0.0971342 0.0139646 0.0855606 0.1148279 0.1347920 0.0586007 0.0711897 0.0903452 0.0171976 0.0841491 0.1030003 0.0867676 0.1296344 0.0702988 0.0974504 0.1185524 0.1134215 0.1352500 
Dasyuridae_Dasyurus_maculatus                0.0915230 0.0925853 0.0938037 0.1279454 0.1240419 0.0000000 0.0878507 0.1042572 0.1310549 0.1133111 0.0806892 0.0904262 0.0157450 0.0319044 0.1015056 0.0930575 0.0165862 0.0098591 0.0203586 0.0963756 0.0996520 0.1126394 0.1383653 0.0171501 0.1114900 0.1122066 0.1070667 0.1211739 0.1078824 0.1311054 0.0977151 0.0806892 0.0996683 0.0916271 0.0020051 0.1131331 0.1577472 
Phalangeridae_Trichosurus_vulpecula          0.0296383 0.0582713 0.0496577 0.0577527 0.0610784 0.0878507 0.0000000 0.0084744 0.0584340 0.0833842 0.1073079 0.0095023 0.0929095 0.0971020 0.0086263 0.0413057 0.0934329 0.0812560 0.0949943 0.0676596 0.0495834 0.0507244 0.0862647 0.0950218 0.0602913 0.0505224 0.0596315 0.0523083 0.0559019 0.0730102 0.0535073 0.1073079 0.0079208 0.0647849 0.0834046 0.0832773 0.1080457 
Phalangeridae_Spilocuscus_maculatus          0.0450441 0.0647584 0.0647224 0.0574782 0.0604821 0.1042572 0.0084744 0.0000000 0.0572590 0.0968152 0.1114831 0.0037636 0.1045504 0.1123055 0.0059054 0.0556061 0.1059239 0.0908153 0.1063886 0.0794621 0.0509438 0.0627984 0.1031380 0.1102601 0.0672303 0.0639052 0.0648448 0.0513438 0.0666434 0.0759396 0.0644584 0.1114831 0.0053594 0.0803451 0.0987392 0.0966667 0.1301309 
Potoroidae_Aepyprymnus_rufescens             0.0644744 0.0774010 0.0784813 0.0064922 0.0075106 0.1310549 0.0584340 0.0572590 0.0000000 0.1132380 0.1257643 0.0651405 0.1365529 0.1388233 0.0696071 0.0782625 0.1364056 0.1192224 0.1318119 0.0952771 0.0149886 0.0839265 0.1216858 0.1377979 0.0550141 0.0674439 0.0877874 0.0153249 0.0869536 0.1028520 0.0853174 0.1257643 0.0679899 0.0976412 0.1252769 0.1137881 0.1331217 
Peramelidae_Perameles_nasuta                 0.0856115 0.0767017 0.0833745 0.1153656 0.1128761 0.1133111 0.0833842 0.0968152 0.1132380 0.0000000 0.1719905 0.0749867 0.1104486 0.1199068 0.0894999 0.0875968 0.1118278 0.1100841 0.1180032 0.0086189 0.0929597 0.0994692 0.1275113 0.1128653 0.1074282 0.1012761 0.1070001 0.1142199 0.0961061 0.1153397 0.1000860 0.1719905 0.0902227 0.0071392 0.1055796 0.0001921 0.1286740 
Myrmecobiidae_Myrmecobius_fasciatus1         0.1104098 0.1036787 0.0888371 0.1247455 0.1296344 0.0806892 0.1073079 0.1114831 0.1257643 0.1719905 0.0000000 0.0897325 0.0588335 0.0731450 0.1164535 0.1005929 0.0622941 0.0687502 0.0757595 0.1220888 0.0853450 0.1048899 0.1514175 0.0638536 0.1173209 0.1387613 0.1100832 0.1170272 0.1105947 0.0996431 0.0952693 0.0000010 0.1181854 0.1145723 0.0648877 0.1717176 9.0000000 
Phalangeridae_Strigocuscus_pelengensis       0.0477019 0.0694650 0.0522980 0.0652076 0.0643571 0.0904262 0.0095023 0.0037636 0.0651405 0.0749867 0.0897325 0.0000000 0.0794553 0.0972722 0.0050384 0.0427497 0.0807011 0.0834827 0.0972096 0.0783356 0.0622041 0.0512175 0.0988361 0.0854818 0.0588568 0.0582825 0.0537226 0.0633423 0.0505548 0.0858410 0.0508981 0.0897325 0.0045211 0.0806519 0.0867591 0.0749631 0.1362297 
Dasyuridae_Phascogale_tapoatafa              0.0975227 0.0863723 0.0857371 0.1364460 0.1345904 0.0157450 0.0929095 0.1045504 0.1365529 0.1104486 0.0588335 0.0794553 0.0000000 0.0338716 0.1021532 0.0832723 0.0004891 0.0194129 0.0318396 0.0935506 0.1002297 0.1025954 0.1482003 0.0049212 0.1026346 0.1178777 0.0956779 0.1297574 0.1002058 0.1326349 0.0941599 0.0588335 0.1003356 0.0943695 0.0116570 0.1102899 0.1715416 
Dasyuridae_Sminthopsis_macroura              0.0970605 0.0967340 0.0971339 0.1350905 0.1305153 0.0319044 0.0971020 0.1123055 0.1388233 0.1199068 0.0731450 0.0972722 0.0338716 0.0000000 0.1086664 0.0976975 0.0349374 0.0319848 0.0155935 0.1001090 0.1085865 0.1116210 0.1439063 0.0347089 0.1216845 0.1157190 0.1126687 0.1301815 0.1061899 0.1363623 0.1051269 0.0731450 0.1047976 0.0952906 0.0268611 0.1197332 0.1621172 
Phalangeridae_Phalanger_orientalis           0.0448762 0.0683069 0.0648427 0.0669758 0.0718727 0.1015056 0.0086263 0.0059054 0.0696071 0.0894999 0.1164535 0.0050384 0.1021532 0.1086664 0.0000000 0.0518419 0.1033740 0.0942284 0.1060591 0.0762470 0.0652524 0.0627455 0.1022580 0.1051955 0.0715497 0.0637999 0.0697007 0.0664495 0.0679519 0.0853702 0.0599681 0.1164535 0.0012193 0.0744934 0.0970637 0.0893722 0.1306723 
Acrobatidae_Acrobates_pygmaeus               0.0546910 0.0679753 0.0424829 0.0764958 0.0795322 0.0930575 0.0413057 0.0556061 0.0782625 0.0875968 0.1005929 0.0427497 0.0832723 0.0976975 0.0518419 0.0000000 0.0838625 0.0952243 0.0999341 0.0753779 0.0557537 0.0486184 0.0998147 0.0857030 0.0567430 0.0773799 0.0506868 0.0717637 0.0525301 0.0772868 0.0146959 0.1005929 0.0508743 0.0726809 0.0870424 0.0881270 0.0995639 
Dasyuridae_Phascogale_calura                 0.0980494 0.0857302 0.0868727 0.1362995 0.1344461 0.0165862 0.0934329 0.1059239 0.1364056 0.1118278 0.0622941 0.0807011 0.0004891 0.0349374 0.1033740 0.0838625 0.0000000 0.0214262 0.0344178 0.0948844 0.0993993 0.1024907 0.1490260 0.0054198 0.1031749 0.1198562 0.0968646 0.1296172 0.1014029 0.1334919 0.0953543 0.0622941 0.1015480 0.0950127 0.0129738 0.1116665 0.1696753 
Dasyuridae_Sarcophilus_harrisii              0.0852761 0.0840495 0.0968909 0.1173937 0.1157896 0.0098591 0.0812560 0.0908153 0.1192224 0.1100841 0.0687502 0.0834827 0.0194129 0.0319848 0.0942284 0.0952243 0.0214262 0.0000000 0.0225883 0.0929264 0.0999214 0.1130675 0.1410166 0.0237073 0.1152723 0.0915775 0.1087201 0.1124895 0.1054000 0.1275996 0.1018889 0.0687502 0.0924496 0.0891383 0.0085766 0.1099292 0.1653008 
Dasyuridae_Planigale_tenuirostris            0.0940383 0.0906005 0.0986321 0.1276391 0.1261332 0.0203586 0.0949943 0.1063886 0.1318119 0.1180032 0.0757595 0.0972096 0.0318396 0.0155935 0.1060591 0.0999341 0.0344178 0.0225883 0.0000000 0.1030675 0.1086038 0.1115858 0.1326036 0.0325226 0.1098830 0.1001553 0.1017198 0.1226215 0.1068991 0.1364879 0.1022763 0.0757595 0.1018571 0.0998154 0.0189880 0.1177804 0.1732755 
Peramelidae_Echymipera_kalubu                0.0727455 0.0745339 0.0719537 0.0972750 0.0971342 0.0963756 0.0676596 0.0794621 0.0952771 0.0086189 0.1220888 0.0783356 0.0935506 0.1001090 0.0762470 0.0753779 0.0948844 0.0929264 0.1030675 0.0000000 0.0910944 0.0855518 0.1078860 0.0982378 0.0871495 0.0710846 0.0884771 0.0967799 0.0800227 0.1193939 0.0846747 0.1220888 0.0762883 0.0065095 0.0947804 0.0086136 0.1266820 
Macropodidae_Dorcopsulus_vanheurni           0.0622497 0.0686012 0.0616112 0.0143812 0.0139646 0.0996520 0.0495834 0.0509438 0.0149886 0.0929597 0.0853450 0.0622041 0.1002297 0.1085865 0.0652524 0.0557537 0.0993993 0.0999214 0.1086038 0.0910944 0.0000000 0.0676524 0.0998165 0.1024264 0.0365413 0.0580305 0.0667790 0.0039274 0.0610535 0.1029035 0.0651208 0.0853450 0.0630364 0.0913004 0.0960301 0.0928298 0.1279632 
Pseudochiridae_Pseudochirulus_forbesi        0.0597032 0.0692081 0.0568554 0.0821941 0.0855606 0.1126394 0.0507244 0.0627984 0.0839265 0.0994692 0.1048899 0.0512175 0.1025954 0.1116210 0.0627455 0.0486184 0.1024907 0.1130675 0.1115858 0.0855518 0.0676524 0.0000000 0.1072819 0.1055760 0.0673411 0.0802451 0.0304708 0.0825819 0.0092672 0.0640408 0.0589318 0.1048899 0.0606813 0.0837534 0.1040950 0.0980799 0.1368129 
Marmosidae_Monodelphis_domestica             0.0922011 0.0928285 0.1013074 0.1180794 0.1148279 0.1383653 0.0862647 0.1031380 0.1216858 0.1275113 0.1514175 0.0988361 0.1482003 0.1439063 0.1022580 0.0998147 0.1490260 0.1410166 0.1326036 0.1078860 0.0998165 0.1072819 0.0000000 0.1474506 0.1182894 0.0946135 0.1150670 0.1148808 0.1059838 0.1308896 0.1099256 0.1514175 0.1010503 0.1092506 0.1322853 0.1258435 0.0169071 
Dasyuridae_Antechinus_stuartii               0.0972707 0.0890313 0.0867327 0.1333945 0.1347920 0.0171501 0.0950218 0.1102601 0.1377979 0.1128653 0.0638536 0.0854818 0.0049212 0.0347089 0.1051955 0.0857030 0.0054198 0.0237073 0.0325226 0.0982378 0.1024264 0.1055760 0.1474506 0.0000000 0.1021766 0.1190878 0.1046482 0.1290564 0.1029762 0.1395774 0.0953661 0.0638536 0.1021912 0.0953536 0.0134375 0.1128247 0.1683663 
Hypsiprymnodontidae_Hypsiprymnodon_moschatus 0.0710970 0.0743883 0.0542074 0.0558334 0.0586007 0.1114900 0.0602913 0.0672303 0.0550141 0.1074282 0.1173209 0.0588568 0.1026346 0.1216845 0.0715497 0.0567430 0.1031749 0.1152723 0.1098830 0.0871495 0.0365413 0.0673411 0.1182894 0.1021766 0.0000000 0.0856360 0.0684088 0.0536791 0.0654473 0.0913378 0.0610967 0.1173209 0.0688281 0.0872376 0.1025012 0.1072811 0.1179830 
Microbiotheriidae_Dromiciops_gliroides       0.0539283 0.0679785 0.0739995 0.0633119 0.0711897 0.1122066 0.0505224 0.0639052 0.0674439 0.1012761 0.1387613 0.0582825 0.1178777 0.1157190 0.0637999 0.0773799 0.1198562 0.0915775 0.1001553 0.0710846 0.0580305 0.0802451 0.0946135 0.1190878 0.0856360 0.0000000 0.0830626 0.0600799 0.0827522 0.0767317 0.0862319 0.1387613 0.0630900 0.0749775 0.1064492 0.0994450 0.0818773 
Pseudochiridae_Petauroides_volans            0.0674973 0.0673195 0.0627006 0.0898600 0.0903452 0.1070667 0.0596315 0.0648448 0.0877874 0.1070001 0.1100832 0.0537226 0.0956779 0.1126687 0.0697007 0.0506868 0.0968646 0.1087201 0.1017198 0.0884771 0.0667790 0.0304708 0.1150670 0.1046482 0.0684088 0.0830626 0.0000000 0.0856526 0.0266425 0.0681495 0.0607342 0.1100832 0.0670730 0.0877497 0.0985289 0.1068370 0.1370505 
Macropodidae_Wallabia_bicolor                0.0657679 0.0731214 0.0767666 0.0139092 0.0171976 0.1211739 0.0523083 0.0513438 0.0153249 0.1142199 0.1170272 0.0633423 0.1297574 0.1301815 0.0664495 0.0717637 0.1296172 0.1124895 0.1226215 0.0967799 0.0039274 0.0825819 0.1148808 0.1290564 0.0536791 0.0600799 0.0856526 0.0000000 0.0845247 0.1000988 0.0807013 0.1170272 0.0643835 0.0961465 0.1162754 0.1140598 0.1334716 
Pseudochiridae_Pseudocheirus_occidentalis    0.0631676 0.0689964 0.0594020 0.0853218 0.0841491 0.1078824 0.0559019 0.0666434 0.0869536 0.0961061 0.1105947 0.0505548 0.1002058 0.1061899 0.0679519 0.0525301 0.1014029 0.1054000 0.1068991 0.0800227 0.0610535 0.0092672 0.1059838 0.1029762 0.0654473 0.0827522 0.0266425 0.0845247 0.0000000 0.0634727 0.0607962 0.1105947 0.0658471 0.0776834 0.0995739 0.0959785 0.1313113 
Tarsipedidae_Tarsipes_rostratus              0.0761698 0.0897888 0.0922625 0.1032741 0.1030003 0.1311054 0.0730102 0.0759396 0.1028520 0.1153397 0.0996431 0.0858410 0.1326349 0.1363623 0.0853702 0.0772868 0.1334919 0.1275996 0.1364879 0.1193939 0.1029035 0.0640408 0.1308896 0.1395774 0.0913378 0.0767317 0.0681495 0.1000988 0.0634727 0.0000000 0.0867073 0.0996431 0.0835358 0.1130078 0.1272134 0.1160410 0.1769718 
Acrobatidae_Distoechurus_pennatus            0.0674329 0.0730483 0.0557901 0.0827974 0.0867676 0.0977151 0.0535073 0.0644584 0.0853174 0.1000860 0.0952693 0.0508981 0.0941599 0.1051269 0.0599681 0.0146959 0.0953543 0.1018889 0.1022763 0.0846747 0.0651208 0.0589318 0.1099256 0.0953661 0.0610967 0.0862319 0.0607342 0.0807013 0.0607962 0.0867073 0.0000000 0.0952693 0.0605090 0.0812390 0.0910172 0.1006293 0.1189635 
Myrmecobiidae_Myrmecobius_fasciatus2         0.1104098 0.1036787 0.0888371 0.1247455 0.1296344 0.0806892 0.1073079 0.1114831 0.1257643 0.1719905 0.0000010 0.0897325 0.0588335 0.0731450 0.1164535 0.1005929 0.0622941 0.0687502 0.0757595 0.1220888 0.0853450 0.1048899 0.1514175 0.0638536 0.1173209 0.1387613 0.1100832 0.1170272 0.1105947 0.0996431 0.0952693 0.0000000 0.1181854 0.1145723 0.0648877 0.1717176 9.0000000 
Phalangeridae_Phalanger_carmelitae           0.0423111 0.0663882 0.0627393 0.0659550 0.0702988 0.0996683 0.0079208 0.0053594 0.0679899 0.0902227 0.1181854 0.0045211 0.1003356 0.1047976 0.0012193 0.0508743 0.1015480 0.0924496 0.1018571 0.0762883 0.0630364 0.0606813 0.1010503 0.1021912 0.0688281 0.0630900 0.0670730 0.0643835 0.0658471 0.0835358 0.0605090 0.1181854 0.0000000 0.0739923 0.0952477 0.0900935 0.1291362 
Peramelidae_Peroryctes_raffrayana            0.0704211 0.0736493 0.0678738 0.0969735 0.0974504 0.0916271 0.0647849 0.0803451 0.0976412 0.0071392 0.1145723 0.0806519 0.0943695 0.0952906 0.0744934 0.0726809 0.0950127 0.0891383 0.0998154 0.0065095 0.0913004 0.0837534 0.1092506 0.0953536 0.0872376 0.0749775 0.0877497 0.0961465 0.0776834 0.1130078 0.0812390 0.1145723 0.0739923 0.0000000 0.0900798 0.0071353 0.1285339 
Dasyuridae_Dasyurus_geffroii                 0.0877122 0.0885083 0.0879288 0.1224070 0.1185524 0.0020051 0.0834046 0.0987392 0.1252769 0.1055796 0.0648877 0.0867591 0.0116570 0.0268611 0.0970637 0.0870424 0.0129738 0.0085766 0.0189880 0.0947804 0.0960301 0.1040950 0.1322853 0.0134375 0.1025012 0.1064492 0.0985289 0.1162754 0.0995739 0.1272134 0.0910172 0.0648877 0.0952477 0.0900798 0.0000000 0.1054313 0.1588631 
Peramelidae_Perameles_gunnii                 0.0855022 0.0766623 0.0832688 0.1159133 0.1134215 0.1131331 0.0832773 0.0966667 0.1137881 0.0001921 0.1717176 0.0749631 0.1102899 0.1197332 0.0893722 0.0881270 0.1116665 0.1099292 0.1177804 0.0086136 0.0928298 0.0980799 0.1258435 0.1128247 0.1072811 0.0994450 0.1068370 0.1140598 0.0959785 0.1160410 0.1006293 0.1717176 0.0900935 0.0071353 0.1054313 0.0000000 0.1284392 
Didelphidae_Didelphis_virginiana             0.1136100 0.1067300 0.1126233 0.1315854 0.1352500 0.1577472 0.1080457 0.1301309 0.1331217 0.1286740 9.0000000 0.1362297 0.1715416 0.1621172 0.1306723 0.0995639 0.1696753 0.1653008 0.1732755 0.1266820 0.1279632 0.1368129 0.0169071 0.1683663 0.1179830 0.0818773 0.1370505 0.1334716 0.1313113 0.1769718 0.1189635 9.0000000 0.1291362 0.1285339 0.1588631 0.1284392 0.0000000 
