37
Burramyidae_Burramys_parvus                  0.0000000 0.1102377 0.0637269 0.0532334 0.0564195 0.0845517 0.0408438 0.0518745 0.0607704 0.0747693 0.0418538 0.0895714 0.0748772 0.0491990 0.0563949 0.0902321 0.0864500 0.0702423 0.0788324 0.0580684 0.0488501 0.1773274 0.1078891 0.0781399 0.0583090 0.0595844 0.0520487 0.0548506 0.0531144 0.0729116 0.0519272 0.0508220 0.0734032 0.0824093 0.0764162 9.0000000 9.0000000 
Notoryctidae_Notoryctes_typhlops             0.1102377 0.0000000 0.1055941 0.1149863 0.1192555 0.1396354 0.0999346 0.1121692 0.1208950 0.1196977 0.1148647 0.1478460 0.1482009 0.1150722 0.1123889 0.1497017 0.1578150 0.1355392 0.1195544 0.1255635 0.1124061 0.1951109 0.1636925 0.1378943 0.1144338 0.1171610 0.1125026 0.1171376 0.1226848 0.1468964 0.1115168 0.1164578 0.1258579 0.1387688 0.1227444 0.1343463 0.1343463 
Vombatidae_Lasiorhinus_latifrons             0.0637269 0.1055941 0.0000000 0.0687863 0.0686137 0.0960268 0.0556136 0.0629578 0.0700555 0.0883797 0.0559585 0.1013168 0.0913153 0.0625343 0.0701413 0.1010569 0.0964763 0.0917960 0.0894037 0.0731019 0.0605550 0.1699231 0.1020149 0.0898448 0.0651377 0.0720206 0.0643304 0.0660411 0.0699993 0.0898060 0.0699728 0.0621944 0.0902969 0.0943698 0.0884755 0.1266036 0.1266036 
Potoroidae_Bettongia_penicillata             0.0532334 0.1149863 0.0687863 0.0000000 0.0038466 0.1033468 0.0607027 0.0685598 0.0112661 0.0923911 0.0528843 0.1099973 0.0816530 0.0593482 0.0594627 0.1089459 0.0945155 0.1015838 0.0955042 0.0187549 0.0581985 0.1583717 0.1108432 0.0997203 0.0361873 0.0828003 0.0698724 0.0167130 0.0643828 0.0814929 0.0703674 0.0610807 0.0967369 0.1021847 0.0939761 0.1572131 0.1572131 
Potoroidae_Bettongia_lesueur                 0.0564195 0.1192555 0.0686137 0.0038466 0.0000000 0.1034078 0.0604612 0.0686596 0.0116334 0.0944708 0.0534996 0.1104078 0.0811893 0.0594740 0.0599996 0.1093682 0.0945882 0.1008076 0.0974959 0.0193991 0.0557491 0.1570377 0.1118973 0.1004864 0.0362557 0.0829142 0.0692010 0.0163294 0.0634145 0.0822175 0.0717675 0.0612102 0.0976952 0.1018637 0.0965000 0.1596980 0.1596980 
Dasyuridae_Dasyurus_maculatus                0.0845517 0.1396354 0.0960268 0.1033468 0.1034078 0.0000000 0.0930062 0.0990823 0.1042649 0.1071592 0.0801677 0.0169336 0.0243522 0.0873095 0.0859753 0.0166219 0.0076680 0.0210698 0.1062024 0.1057925 0.0825056 0.1725996 0.1230270 0.0141044 0.0997890 0.0940425 0.0955940 0.0980092 0.0913440 0.1067926 0.1005890 0.0869769 0.1028833 0.0043395 0.1066702 0.0584087 0.0584087 
Phalangeridae_Trichosurus_vulpecula          0.0408438 0.0999346 0.0556136 0.0607027 0.0604612 0.0930062 0.0000000 0.0173814 0.0630781 0.0813575 0.0151932 0.0934142 0.0812810 0.0157273 0.0450678 0.0935473 0.0820153 0.0883652 0.0855975 0.0627253 0.0443325 0.1712908 0.1033992 0.0850815 0.0595020 0.0691854 0.0542795 0.0566731 0.0501123 0.0751549 0.0537615 0.0156124 0.0845123 0.0904547 0.0827109 0.1319443 0.1319443 
Phalangeridae_Spilocuscus_maculatus          0.0518745 0.1121692 0.0629578 0.0685598 0.0686596 0.0990823 0.0173814 0.0000000 0.0702749 0.0898976 0.0096928 0.1027181 0.0898958 0.0088569 0.0527825 0.1020834 0.0926323 0.0968085 0.0924137 0.0685832 0.0510608 0.1732286 0.1089689 0.0941285 0.0676365 0.0764764 0.0635827 0.0641164 0.0545184 0.0842414 0.0599143 0.0083285 0.0915140 0.0983332 0.0918494 0.1368701 0.1368701 
Potoroidae_Aepyprymnus_rufescens             0.0607704 0.1208950 0.0700555 0.0112661 0.0116334 0.1042649 0.0630781 0.0702749 0.0000000 0.0953870 0.0582824 0.1112311 0.0871210 0.0657482 0.0749214 0.1110572 0.0977828 0.1015212 0.0996542 0.0200099 0.0652802 0.1666341 0.1161694 0.1005629 0.0372821 0.0842948 0.0684534 0.0155033 0.0704960 0.0887937 0.0762444 0.0674156 0.1006483 0.1029494 0.0978161 0.1533861 0.1533861 
Peramelidae_Perameles_nasuta                 0.0747693 0.1196977 0.0883797 0.0923911 0.0944708 0.1071592 0.0813575 0.0898976 0.0953870 0.0000000 0.0747167 0.1116362 0.0962818 0.0844751 0.0841587 0.1119026 0.0997565 0.1057103 0.0147308 0.0986695 0.0802540 0.1765167 0.1244071 0.1019776 0.0969845 0.0903462 0.0887937 0.0925105 0.0823343 0.0990856 0.0913107 0.0855119 0.0144907 0.1035695 0.0006490 0.1331062 0.1331062 
Phalangeridae_Strigocuscus_pelengensis       0.0418538 0.1148647 0.0559585 0.0528843 0.0534996 0.0801677 0.0151932 0.0096928 0.0582824 0.0747167 0.0000000 0.0844139 0.0786521 0.0098900 0.0500460 0.0817869 0.0816443 0.0730599 0.0769953 0.0534430 0.0462163 0.1630901 0.1044634 0.0710729 0.0570130 0.0531431 0.0547345 0.0533350 0.0481591 0.0777249 0.0496403 0.0093538 0.0783947 0.0802743 0.0766957 9.0000000 9.0000000 
Dasyuridae_Phascogale_tapoatafa              0.0895714 0.1478460 0.1013168 0.1099973 0.1104078 0.0169336 0.0934142 0.1027181 0.1112311 0.1116362 0.0844139 0.0000000 0.0274734 0.0888637 0.0925631 0.0046425 0.0144945 0.0220248 0.1105361 0.1087007 0.0883509 0.1938561 0.1350021 0.0098531 0.1019477 0.1010602 0.0994833 0.1044569 0.0976619 0.1101119 0.1045531 0.0896791 0.1096131 0.0145538 0.1121800 0.0694653 0.0694653 
Dasyuridae_Sminthopsis_macroura              0.0748772 0.1482009 0.0913153 0.0816530 0.0811893 0.0243522 0.0812810 0.0898958 0.0871210 0.0962818 0.0786521 0.0274734 0.0000000 0.0835389 0.0815367 0.0266603 0.0254212 0.0170077 0.0988154 0.0851781 0.0765230 0.1844264 0.1181723 0.0241969 0.0844581 0.0771943 0.0826667 0.0807371 0.0831731 0.0985638 0.0789017 0.0851961 0.0926222 0.0230777 0.0978317 9.0000000 9.0000000 
Phalangeridae_Phalanger_orientalis           0.0491990 0.1150722 0.0625343 0.0593482 0.0594740 0.0873095 0.0157273 0.0088569 0.0657482 0.0844751 0.0098900 0.0888637 0.0835389 0.0000000 0.0553911 0.0862558 0.0888403 0.0778562 0.0874215 0.0575763 0.0517858 0.1715372 0.1100934 0.0789789 0.0607279 0.0614553 0.0614605 0.0583417 0.0561566 0.0863881 0.0525991 0.0029675 0.0828773 0.0852495 0.0866832 9.0000000 9.0000000 
Acrobatidae_Acrobates_pygmaeus               0.0563949 0.1123889 0.0701413 0.0594627 0.0599996 0.0859753 0.0450678 0.0527825 0.0749214 0.0841587 0.0500460 0.0925631 0.0815367 0.0553911 0.0000000 0.0888039 0.0893333 0.0752954 0.0844246 0.0662858 0.0494885 0.1751330 0.1111296 0.0783451 0.0637788 0.0654388 0.0562059 0.0653099 0.0530031 0.0837895 0.0211182 0.0536174 0.0857470 0.0872086 0.0863617 9.0000000 9.0000000 
Dasyuridae_Phascogale_calura                 0.0902321 0.1497017 0.1010569 0.1089459 0.1093682 0.0166219 0.0935473 0.1020834 0.1110572 0.1119026 0.0817869 0.0046425 0.0266603 0.0862558 0.0888039 0.0000000 0.0143650 0.0212682 0.1112034 0.1080561 0.0858142 0.1943086 0.1315435 0.0085932 0.1033894 0.0994542 0.1008706 0.1027162 0.0962125 0.1092578 0.1050707 0.0870152 0.1102899 0.0146620 0.1124556 0.0744885 0.0744885 
Dasyuridae_Sarcophilus_harrisii              0.0864500 0.1578150 0.0964763 0.0945155 0.0945882 0.0076680 0.0820153 0.0926323 0.0977828 0.0997565 0.0816443 0.0144945 0.0254212 0.0888403 0.0893333 0.0143650 0.0000000 0.0196646 0.1001717 0.0948621 0.0835100 0.1896860 0.1353127 0.0119126 0.0908922 0.0805916 0.0873338 0.0911489 0.0935919 0.1032335 0.0859440 0.0903269 0.0993807 0.0067064 0.1017149 9.0000000 9.0000000 
Dasyuridae_Planigale_tenuirostris            0.0702423 0.1355392 0.0917960 0.1015838 0.1008076 0.0210698 0.0883652 0.0968085 0.1015212 0.1057103 0.0730599 0.0220248 0.0170077 0.0778562 0.0752954 0.0212682 0.0196646 0.0000000 0.1043404 0.1010032 0.0742460 0.1742571 0.1185192 0.0172810 0.0936521 0.0942017 0.0924497 0.0930247 0.0800647 0.0909628 0.0978054 0.0795200 0.1008450 0.0194617 0.1039849 0.0685781 0.0685781 
Peramelidae_Echymipera_kalubu                0.0788324 0.1195544 0.0894037 0.0955042 0.0974959 0.1062024 0.0855975 0.0924137 0.0996542 0.0147308 0.0769953 0.1105361 0.0988154 0.0874215 0.0844246 0.1112034 0.1001717 0.1043404 0.0000000 0.1005660 0.0852188 0.1764199 0.1273287 0.1009501 0.0983780 0.0926948 0.0927173 0.0935243 0.0853279 0.1014491 0.0951002 0.0887239 0.0134171 0.1043876 0.0143020 0.1328625 0.1328625 
Macropodidae_Dorcopsulus_vanheurni           0.0580684 0.1255635 0.0731019 0.0187549 0.0193991 0.1057925 0.0627253 0.0685832 0.0200099 0.0986695 0.0534430 0.1087007 0.0851781 0.0575763 0.0662858 0.1080561 0.0948621 0.1010032 0.1005660 0.0000000 0.0594528 0.1676015 0.1167529 0.0995455 0.0370275 0.0842503 0.0714287 0.0092844 0.0661818 0.0842531 0.0746983 0.0598656 0.0999933 0.1039542 0.1008389 0.1642132 0.1642132 
Pseudochiridae_Pseudochirulus_forbesi        0.0488501 0.1124061 0.0605550 0.0581985 0.0557491 0.0825056 0.0443325 0.0510608 0.0652802 0.0802540 0.0462163 0.0883509 0.0765230 0.0517858 0.0494885 0.0858142 0.0835100 0.0742460 0.0852188 0.0594528 0.0000000 0.1679693 0.1060037 0.0781114 0.0603832 0.0548240 0.0201570 0.0568363 0.0145430 0.0578185 0.0514271 0.0515582 0.0854866 0.0816607 0.0819710 9.0000000 9.0000000 
Didelphidae_Didelphis_virginiana             0.1773274 0.1951109 0.1699231 0.1583717 0.1570377 0.1725996 0.1712908 0.1732286 0.1666341 0.1765167 0.1630901 0.1938561 0.1844264 0.1715372 0.1751330 0.1943086 0.1896860 0.1742571 0.1764199 0.1676015 0.1679693 0.0000000 0.1137408 0.1757747 0.1623186 0.1602968 0.1725526 0.1533643 0.1708190 0.1870735 0.1731677 0.1728519 0.1800618 0.1809657 0.1774425 9.0000000 9.0000000 
Marmosidae_Monodelphis_domestica             0.1078891 0.1636925 0.1020149 0.1108432 0.1118973 0.1230270 0.1033992 0.1089689 0.1161694 0.1244071 0.1044634 0.1350021 0.1181723 0.1100934 0.1111296 0.1315435 0.1353127 0.1185192 0.1273287 0.1167529 0.1060037 0.1137408 0.0000000 0.1180164 0.1096032 0.1132412 0.1126886 0.1132620 0.1083330 0.1267349 0.1111492 0.1095249 0.1243126 0.1244352 0.1252158 0.1327616 0.1327616 
Dasyuridae_Antechinus_stuartii               0.0781399 0.1378943 0.0898448 0.0997203 0.1004864 0.0141044 0.0850815 0.0941285 0.1005629 0.1019776 0.0710729 0.0098531 0.0241969 0.0789789 0.0783451 0.0085932 0.0119126 0.0172810 0.1009501 0.0995455 0.0781114 0.1757747 0.1180164 0.0000000 0.0937752 0.0876152 0.0909440 0.0941653 0.0868292 0.0979596 0.0950504 0.0792761 0.0988280 0.0126720 0.1019243 0.0711461 0.0711461 
Hypsiprymnodontidae_Hypsiprymnodon_moschatus 0.0583090 0.1144338 0.0651377 0.0361873 0.0362557 0.0997890 0.0595020 0.0676365 0.0372821 0.0969845 0.0570130 0.1019477 0.0844581 0.0607279 0.0637788 0.1033894 0.0908922 0.0936521 0.0983780 0.0370275 0.0603832 0.1623186 0.1096032 0.0937752 0.0000000 0.0856400 0.0695166 0.0341424 0.0672439 0.0848781 0.0724920 0.0627551 0.0988161 0.0977635 0.0994396 0.1400787 0.1400787 
Microbiotheriidae_Dromiciops_gliroides       0.0595844 0.1171610 0.0720206 0.0828003 0.0829142 0.0940425 0.0691854 0.0764764 0.0842948 0.0903462 0.0531431 0.1010602 0.0771943 0.0614553 0.0654388 0.0994542 0.0805916 0.0942017 0.0926948 0.0842503 0.0548240 0.1602968 0.1132412 0.0876152 0.0856400 0.0000000 0.0760083 0.0804497 0.0604223 0.0845979 0.0751502 0.0606810 0.0911414 0.0911732 0.0904504 0.1439786 0.1439786 
Pseudochiridae_Petauroides_volans            0.0520487 0.1125026 0.0643304 0.0698724 0.0692010 0.0955940 0.0542795 0.0635827 0.0684534 0.0887937 0.0547345 0.0994833 0.0826667 0.0614605 0.0562059 0.1008706 0.0873338 0.0924497 0.0927173 0.0714287 0.0201570 0.1725526 0.1126886 0.0909440 0.0695166 0.0760083 0.0000000 0.0662448 0.0240822 0.0636818 0.0547948 0.0611437 0.0926977 0.0961255 0.0910452 0.1408384 0.1408384 
Macropodidae_Wallabia_bicolor                0.0548506 0.1171376 0.0660411 0.0167130 0.0163294 0.0980092 0.0566731 0.0641164 0.0155033 0.0925105 0.0533350 0.1044569 0.0807371 0.0583417 0.0653099 0.1027162 0.0911489 0.0930247 0.0935243 0.0092844 0.0568363 0.1533643 0.1132620 0.0941653 0.0341424 0.0804497 0.0662448 0.0000000 0.0637732 0.0809065 0.0680048 0.0606257 0.0962473 0.0965004 0.0948771 0.1449567 0.1449567 
Pseudochiridae_Pseudocheirus_occidentalis    0.0531144 0.1226848 0.0699993 0.0643828 0.0634145 0.0913440 0.0501123 0.0545184 0.0704960 0.0823343 0.0481591 0.0976619 0.0831731 0.0561566 0.0530031 0.0962125 0.0935919 0.0800647 0.0853279 0.0661818 0.0145430 0.1708190 0.1083330 0.0868292 0.0672439 0.0604223 0.0240822 0.0637732 0.0000000 0.0639944 0.0569651 0.0574461 0.0875354 0.0907707 0.0840375 9.0000000 9.0000000 
Tarsipedidae_Tarsipes_rostratus              0.0729116 0.1468964 0.0898060 0.0814929 0.0822175 0.1067926 0.0751549 0.0842414 0.0887937 0.0990856 0.0777249 0.1101119 0.0985638 0.0863881 0.0837895 0.1092578 0.1032335 0.0909628 0.1014491 0.0842531 0.0578185 0.1870735 0.1267349 0.0979596 0.0848781 0.0845979 0.0636818 0.0809065 0.0639944 0.0000000 0.0770829 0.0862898 0.1061149 0.1034522 0.1004197 9.0000000 9.0000000 
Acrobatidae_Distoechurus_pennatus            0.0519272 0.1115168 0.0699728 0.0703674 0.0717675 0.1005890 0.0537615 0.0599143 0.0762444 0.0913107 0.0496403 0.1045531 0.0789017 0.0525991 0.0211182 0.1050707 0.0859440 0.0978054 0.0951002 0.0746983 0.0514271 0.1731677 0.1111492 0.0950504 0.0724920 0.0751502 0.0547948 0.0680048 0.0569651 0.0770829 0.0000000 0.0518142 0.0896349 0.0995596 0.0899938 0.1506020 0.1506020 
Phalangeridae_Phalanger_carmelitae           0.0508220 0.1164578 0.0621944 0.0610807 0.0612102 0.0869769 0.0156124 0.0083285 0.0674156 0.0855119 0.0093538 0.0896791 0.0851961 0.0029675 0.0536174 0.0870152 0.0903269 0.0795200 0.0887239 0.0598656 0.0515582 0.1728519 0.1095249 0.0792761 0.0627551 0.0606810 0.0611437 0.0606257 0.0574461 0.0862898 0.0518142 0.0000000 0.0842480 0.0881911 0.0871879 9.0000000 9.0000000 
Peramelidae_Peroryctes_raffrayana            0.0734032 0.1258579 0.0902969 0.0967369 0.0976952 0.1028833 0.0845123 0.0915140 0.1006483 0.0144907 0.0783947 0.1096131 0.0926222 0.0828773 0.0857470 0.1102899 0.0993807 0.1008450 0.0134171 0.0999933 0.0854866 0.1800618 0.1243126 0.0988280 0.0988161 0.0911414 0.0926977 0.0962473 0.0875354 0.1061149 0.0896349 0.0842480 0.0000000 0.1009181 0.0149288 0.1412631 0.1412631 
Dasyuridae_Dasyurus_geffroii                 0.0824093 0.1387688 0.0943698 0.1021847 0.1018637 0.0043395 0.0904547 0.0983332 0.1029494 0.1035695 0.0802743 0.0145538 0.0230777 0.0852495 0.0872086 0.0146620 0.0067064 0.0194617 0.1043876 0.1039542 0.0816607 0.1809657 0.1244352 0.0126720 0.0977635 0.0911732 0.0961255 0.0965004 0.0907707 0.1034522 0.0995596 0.0881911 0.1009181 0.0000000 0.1037843 0.0578470 0.0578470 
Peramelidae_Perameles_gunnii                 0.0764162 0.1227444 0.0884755 0.0939761 0.0965000 0.1066702 0.0827109 0.0918494 0.0978161 0.0006490 0.0766957 0.1121800 0.0978317 0.0866832 0.0863617 0.1124556 0.1017149 0.1039849 0.0143020 0.1008389 0.0819710 0.1774425 0.1252158 0.1019243 0.0994396 0.0904504 0.0910452 0.0948771 0.0840375 0.1004197 0.0899938 0.0871879 0.0149288 0.1037843 0.0000000 0.1345532 0.1345532 
Myrmecobiidae_Myrmecobius_fasciatus1         9.0000000 0.1343463 0.1266036 0.1572131 0.1596980 0.0584087 0.1319443 0.1368701 0.1533861 0.1331062 9.0000000 0.0694653 9.0000000 9.0000000 9.0000000 0.0744885 9.0000000 0.0685781 0.1328625 0.1642132 9.0000000 9.0000000 0.1327616 0.0711461 0.1400787 0.1439786 0.1408384 0.1449567 9.0000000 9.0000000 0.1506020 9.0000000 0.1412631 0.0578470 0.1345532 0.0000000 0.0000010 
Myrmecobiidae_Myrmecobius_fasciatus2         9.0000000 0.1343463 0.1266036 0.1572131 0.1596980 0.0584087 0.1319443 0.1368701 0.1533861 0.1331062 9.0000000 0.0694653 9.0000000 9.0000000 9.0000000 0.0744885 9.0000000 0.0685781 0.1328625 0.1642132 9.0000000 9.0000000 0.1327616 0.0711461 0.1400787 0.1439786 0.1408384 0.1449567 9.0000000 9.0000000 0.1506020 9.0000000 0.1412631 0.0578470 0.1345532 0.0000010 0.0000000 
