35
Burramyidae_Burramys_parvus                  0.0000000 0.0784907 0.0630933 0.0615051 0.0633312 0.0942544 0.0475226 0.0488295 0.0675079 0.0995083 0.0524447 0.1512726 0.1179720 0.0485687 0.0535198 0.0966048 0.0947351 0.1052268 0.1009604 0.0589888 0.0583235 0.1174616 0.1116764 0.0963057 0.0607045 0.0816384 0.0572796 0.0613284 0.0980678 0.1485845 0.0600900 0.0500468 0.1058470 0.0966374 0.0987630 
Notoryctidae_Notoryctes_typhlops             0.0784907 0.0000000 0.0834868 0.0867652 0.0873993 0.1054098 0.0756010 0.0774400 0.0916898 0.1093233 0.0786426 0.1671014 0.1252918 0.0779486 0.0769427 0.1080614 0.1054230 0.1162069 0.1080376 0.0823518 0.0778086 0.1253732 0.1190914 0.1074986 0.0875574 0.0861668 0.0780959 0.0868677 0.1398058 0.1943344 0.0832536 0.0783330 0.1069958 0.1082164 0.1076262 
Vombatidae_Lasiorhinus_latifrons             0.0630933 0.0834868 0.0000000 0.0686992 0.0688542 0.0917208 0.0624249 0.0606024 0.0721561 0.0928415 0.0700037 0.1472285 0.1150857 0.0631092 0.0652639 0.0945150 0.0922429 0.1059212 0.0932602 0.0630338 0.0675952 0.1203585 0.1133649 0.0960551 0.0673497 0.0815007 0.0679145 0.0701563 0.1114701 0.1676617 0.0637558 0.0627133 0.1028911 0.0958002 0.0929192 
Potoroidae_Bettongia_penicillata             0.0615051 0.0867652 0.0686992 0.0000000 0.0043902 0.0977322 0.0589499 0.0517769 0.0146446 0.1049045 0.0641284 0.1519931 0.1182204 0.0519891 0.0546835 0.0997288 0.0986968 0.1066147 0.1077061 0.0229442 0.0609458 0.1262741 0.1172664 0.1021744 0.0444077 0.0866728 0.0602173 0.0301716 0.0978802 0.1511503 0.0578016 0.0535545 0.1115646 0.1001730 0.1057091 
Potoroidae_Bettongia_lesueur                 0.0633312 0.0873993 0.0688542 0.0043902 0.0000000 0.0997366 0.0597377 0.0515838 0.0146361 0.1064603 0.0649409 0.1564219 0.1207222 0.0517958 0.0561341 0.1022230 0.1007030 0.1091908 0.1101560 0.0236996 0.0615252 0.1272575 0.1168357 0.1046764 0.0446306 0.0876999 0.0600015 0.0296951 0.0963811 0.1513749 0.0583924 0.0533551 0.1128069 0.1026424 0.1076928 
Dasyuridae_Dasyurus_maculatus                0.0942544 0.1054098 0.0917208 0.0977322 0.0997366 0.0000000 0.0694872 0.0947806 0.1029940 0.1170025 0.0798056 0.0324099 0.0490064 0.0946714 0.0974286 0.0202512 0.0045084 0.0371211 0.1184158 0.0936702 0.0959326 0.1417603 0.1343584 0.0219347 0.0945701 0.1113255 0.0966794 0.1022934 0.1729044 0.2354357 0.1000333 0.0942390 0.1234663 0.0051552 0.1164703 
Phalangeridae_Trichosurus_vulpecula          0.0475226 0.0756010 0.0624249 0.0589499 0.0597377 0.0694872 0.0000000 0.0241028 0.0656268 0.0821504 0.0284163 0.0812213 0.1037639 0.0196676 0.0448565 0.0717986 0.0667431 0.0902604 0.0848544 0.0543226 0.0553142 0.1168294 0.1073630 0.0721414 0.0525491 0.0736933 0.0544659 0.0637821 0.0851432 0.1343288 0.0489682 0.0190711 0.0972686 0.0708684 0.0843223 
Phalangeridae_Spilocuscus_maculatus          0.0488295 0.0774400 0.0606024 0.0517769 0.0515838 0.0947806 0.0241028 0.0000000 0.0550120 0.0975010 0.0132596 0.1459556 0.1097080 0.0119118 0.0459428 0.0945634 0.0944160 0.1017803 0.0998525 0.0479565 0.0552922 0.1141927 0.1130462 0.0924434 0.0548228 0.0755699 0.0532782 0.0524009 0.0922815 0.1470907 0.0555853 0.0099508 0.1047115 0.0979238 0.0984544 
Potoroidae_Aepyprymnus_rufescens             0.0675079 0.0916898 0.0721561 0.0146446 0.0146361 0.1029940 0.0656268 0.0550120 0.0000000 0.1124961 0.0709203 0.1602048 0.1255425 0.0552350 0.0561563 0.1053490 0.1049272 0.1138548 0.1141122 0.0253907 0.0645586 0.1326570 0.1240360 0.1077393 0.0469518 0.0905393 0.0647108 0.0338879 0.1051123 0.1585936 0.0606406 0.0568342 0.1135999 0.1059582 0.1120461 
Peramelidae_Perameles_nasuta                 0.0995083 0.1093233 0.0928415 0.1049045 0.1064603 0.1170025 0.0821504 0.0975010 0.1124961 0.0000000 0.0881900 0.1886156 0.1433029 0.0983708 0.0986734 0.1200589 0.1156514 0.1309242 0.0197458 0.1049443 0.1062189 0.1334823 0.1326885 0.1182885 0.0995986 0.1062028 0.1035677 0.1077925 0.1739803 0.2329247 0.1023919 0.0983588 0.0229484 0.1179690 0.0006425 
Phalangeridae_Strigocuscus_pelengensis       0.0524447 0.0786426 0.0700037 0.0641284 0.0649409 0.0798056 0.0284163 0.0132596 0.0709203 0.0881900 0.0000000 0.0909940 0.1166323 0.0102512 0.0490083 0.0794379 0.0769821 0.0994375 0.0908342 0.0620864 0.0629463 0.1289815 0.1197639 0.0807684 0.0576065 0.0842279 0.0576514 0.0672711 0.0917928 0.1385974 0.0599170 0.0096724 0.0988725 0.0812261 0.0916228 
Dasyuridae_Phascogale_tapoatafa              0.1512726 0.1671014 0.1472285 0.1519931 0.1564219 0.0324099 0.0812213 0.1459556 0.1602048 0.1886156 0.0909940 0.0000000 0.0817242 0.1444241 0.1539920 0.0048816 0.0313200 0.0568903 0.1892562 0.1426610 0.1485062 0.2173183 0.2100034 0.0129252 0.1509879 0.1683624 0.1530315 0.1606339 0.2243170 0.2979339 0.1528102 0.1444053 0.2097882 0.0346326 0.1847334 
Dasyuridae_Sminthopsis_macroura              0.1179720 0.1252918 0.1150857 0.1182204 0.1207222 0.0490064 0.1037639 0.1097080 0.1255425 0.1433029 0.1166323 0.0817242 0.0000000 0.1119253 0.1177537 0.0529292 0.0489664 0.0418515 0.1425511 0.1138833 0.1159170 0.1607732 0.1564724 0.0528442 0.1150026 0.1272218 0.1190103 0.1162816 0.2249181 0.2866661 0.1184135 0.1119106 0.1491332 0.0532268 0.1415952 
Phalangeridae_Phalanger_orientalis           0.0485687 0.0779486 0.0631092 0.0519891 0.0517958 0.0946714 0.0196676 0.0119118 0.0552350 0.0983708 0.0102512 0.1444241 0.1119253 0.0000000 0.0461561 0.0940291 0.0943085 0.1013297 0.0996320 0.0489440 0.0552893 0.1160355 0.1153939 0.0925244 0.0564494 0.0763970 0.0538590 0.0537328 0.0978423 0.1504219 0.0541291 0.0025155 0.1058857 0.0977998 0.0991655 
Acrobatidae_Acrobates_pygmaeus               0.0535198 0.0769427 0.0652639 0.0546835 0.0561341 0.0974286 0.0448565 0.0459428 0.0561563 0.0986734 0.0490083 0.1539920 0.1177537 0.0461561 0.0000000 0.0987695 0.0979157 0.1045823 0.0987705 0.0520553 0.0511002 0.1167680 0.1119689 0.0997977 0.0553971 0.0807235 0.0497533 0.0601655 0.0949080 0.1398444 0.0374292 0.0472664 0.1023235 0.0984557 0.0968797 
Dasyuridae_Phascogale_calura                 0.0966048 0.1080614 0.0945150 0.0997288 0.1022230 0.0202512 0.0717986 0.0945634 0.1053490 0.1200589 0.0794379 0.0048816 0.0529292 0.0940291 0.0987695 0.0000000 0.0195563 0.0397799 0.1213613 0.0961977 0.0974645 0.1437587 0.1369516 0.0081853 0.0970102 0.1093130 0.0990129 0.1036271 0.1773737 0.2386734 0.0998461 0.0940179 0.1271373 0.0216854 0.1199290 
Dasyuridae_Sarcophilus_harrisii              0.0947351 0.1054230 0.0922429 0.0986968 0.1007030 0.0045084 0.0667431 0.0944160 0.1049272 0.1156514 0.0769821 0.0313200 0.0489664 0.0943085 0.0979157 0.0195563 0.0000000 0.0370765 0.1162015 0.0946475 0.0964103 0.1406087 0.1332464 0.0212383 0.0959265 0.1103865 0.0971627 0.1027921 0.1761466 0.2390579 0.1005180 0.0938762 0.1214415 0.0064670 0.1151550 
Dasyuridae_Planigale_tenuirostris            0.1052268 0.1162069 0.1059212 0.1066147 0.1091908 0.0371211 0.0902604 0.1017803 0.1138548 0.1309242 0.0994375 0.0568903 0.0418515 0.1013297 0.1045823 0.0397799 0.0370765 0.0000000 0.1298574 0.1052815 0.1028302 0.1432342 0.1427858 0.0388948 0.1037311 0.1145007 0.1048160 0.1100381 0.1960245 0.2454362 0.1067988 0.1004318 0.1342789 0.0402246 0.1286012 
Peramelidae_Echymipera_kalubu                0.1009604 0.1080376 0.0932602 0.1077061 0.1101560 0.1184158 0.0848544 0.0998525 0.1141122 0.0197458 0.0908342 0.1892562 0.1425511 0.0996320 0.0987705 0.1213613 0.1162015 0.1298574 0.0000000 0.1038156 0.1073840 0.1329583 0.1346642 0.1193767 0.1007396 0.1077108 0.1048765 0.1115213 0.1783081 0.2324020 0.1034218 0.0996200 0.0218887 0.1194830 0.0199642 
Macropodidae_Dorcopsulus_vanheurni           0.0589888 0.0823518 0.0630338 0.0229442 0.0236996 0.0936702 0.0543226 0.0479565 0.0253907 0.1049443 0.0620864 0.1426610 0.1138833 0.0489440 0.0520553 0.0961977 0.0946475 0.1052815 0.1038156 0.0000000 0.0566994 0.1254676 0.1138561 0.0991733 0.0404242 0.0810345 0.0584003 0.0187094 0.0918966 0.1415295 0.0568265 0.0505371 0.1124204 0.0966063 0.1037524 
Pseudochiridae_Pseudochirulus_forbesi        0.0583235 0.0778086 0.0675952 0.0609458 0.0615252 0.0959326 0.0553142 0.0552922 0.0645586 0.1062189 0.0629463 0.1485062 0.1159170 0.0552893 0.0511002 0.0974645 0.0964103 0.1028302 0.1073840 0.0566994 0.0000000 0.1176930 0.1091412 0.0976022 0.0570299 0.0817789 0.0309530 0.0633883 0.0408416 0.1259101 0.0538257 0.0541585 0.1126945 0.0972886 0.1055059 
Didelphidae_Didelphis_virginiana             0.1174616 0.1253732 0.1203585 0.1262741 0.1272575 0.1417603 0.1168294 0.1141927 0.1326570 0.1334823 0.1289815 0.2173183 0.1607732 0.1160355 0.1167680 0.1437587 0.1406087 0.1432342 0.1329583 0.1254676 0.1176930 0.0000000 0.0424767 0.1450720 0.1212121 0.1166366 0.1207608 0.1290668 0.2096583 0.2801690 0.1184090 0.1155719 0.1369069 0.1432548 0.1331636 
Marmosidae_Monodelphis_domestica             0.1116764 0.1190914 0.1133649 0.1172664 0.1168357 0.1343584 0.1073630 0.1130462 0.1240360 0.1326885 0.1197639 0.2100034 0.1564724 0.1153939 0.1119689 0.1369516 0.1332464 0.1427858 0.1346642 0.1138561 0.1091412 0.0424767 0.0000000 0.1381692 0.1110957 0.1106952 0.1144391 0.1184189 0.1853471 0.2514218 0.1123123 0.1149377 0.1396114 0.1353570 0.1338785 
Dasyuridae_Antechinus_stuartii               0.0963057 0.1074986 0.0960551 0.1021744 0.1046764 0.0219347 0.0721414 0.0924434 0.1077393 0.1182885 0.0807684 0.0129252 0.0528442 0.0925244 0.0997977 0.0081853 0.0212383 0.0388948 0.1193767 0.0991733 0.0976022 0.1450720 0.1381692 0.0000000 0.0986286 0.1112778 0.0999219 0.1044632 0.1767666 0.2267626 0.0998134 0.0925135 0.1219263 0.0237090 0.1179892 
Hypsiprymnodontidae_Hypsiprymnodon_moschatus 0.0607045 0.0875574 0.0673497 0.0444077 0.0446306 0.0945701 0.0525491 0.0548228 0.0469518 0.0995986 0.0576065 0.1509879 0.1150026 0.0564494 0.0553971 0.0970102 0.0959265 0.1037311 0.1007396 0.0404242 0.0570299 0.1212121 0.1110957 0.0986286 0.0000000 0.0816126 0.0568272 0.0454927 0.1002281 0.1575785 0.0609975 0.0560654 0.1080945 0.0973743 0.1009615 
Microbiotheriidae_Dromiciops_gliroides       0.0816384 0.0861668 0.0815007 0.0866728 0.0876999 0.1113255 0.0736933 0.0755699 0.0905393 0.1062028 0.0842279 0.1683624 0.1272218 0.0763970 0.0807235 0.1093130 0.1103865 0.1145007 0.1077108 0.0810345 0.0817789 0.1166366 0.1106952 0.1112778 0.0816126 0.0000000 0.0784700 0.0860353 0.1362125 0.1925894 0.0833570 0.0759805 0.1116751 0.1138168 0.1056663 
Pseudochiridae_Petauroides_volans            0.0572796 0.0780959 0.0679145 0.0602173 0.0600015 0.0966794 0.0544659 0.0532782 0.0647108 0.1035677 0.0576514 0.1530315 0.1190103 0.0538590 0.0497533 0.0990129 0.0971627 0.1048160 0.1048765 0.0584003 0.0309530 0.1207608 0.1144391 0.0999219 0.0568272 0.0784700 0.0000000 0.0632260 0.0582416 0.1302701 0.0550734 0.0527237 0.1070519 0.0990019 0.1025903 
Macropodidae_Wallabia_bicolor                0.0613284 0.0868677 0.0701563 0.0301716 0.0296951 0.1022934 0.0637821 0.0524009 0.0338879 0.1077925 0.0672711 0.1606339 0.1162816 0.0537328 0.0601655 0.1036271 0.1027921 0.1100381 0.1115213 0.0187094 0.0633883 0.1290668 0.1184189 0.1044632 0.0454927 0.0860353 0.0632260 0.0000000 0.1070425 0.1597598 0.0658172 0.0548698 0.1177643 0.1046907 0.1081599 
Pseudochiridae_Pseudocheirus_occidentalis    0.0980678 0.1398058 0.1114701 0.0978802 0.0963811 0.1729044 0.0851432 0.0922815 0.1051123 0.1739803 0.0917928 0.2243170 0.2249181 0.0978423 0.0949080 0.1773737 0.1761466 0.1960245 0.1783081 0.0918966 0.0408416 0.2096583 0.1853471 0.1767666 0.1002281 0.1362125 0.0582416 0.1070425 0.0000000 0.1266676 0.0965436 0.0952370 0.1863219 0.1783759 0.1753362 
Tarsipedidae_Tarsipes_rostratus              0.1485845 0.1943344 0.1676617 0.1511503 0.1513749 0.2354357 0.1343288 0.1470907 0.1585936 0.2329247 0.1385974 0.2979339 0.2866661 0.1504219 0.1398444 0.2386734 0.2390579 0.2454362 0.2324020 0.1415295 0.1259101 0.2801690 0.2514218 0.2267626 0.1575785 0.1925894 0.1302701 0.1597598 0.1266676 0.0000000 0.1435233 0.1513385 0.2235922 0.2420335 0.2336748 
Acrobatidae_Distoechurus_pennatus            0.0600900 0.0832536 0.0637558 0.0578016 0.0583924 0.1000333 0.0489682 0.0555853 0.0606406 0.1023919 0.0599170 0.1528102 0.1184135 0.0541291 0.0374292 0.0998461 0.1005180 0.1067988 0.1034218 0.0568265 0.0538257 0.1184090 0.1123123 0.0998134 0.0609975 0.0833570 0.0550734 0.0658172 0.0965436 0.1435233 0.0000000 0.0545017 0.1115933 0.1014890 0.1023360 
Phalangeridae_Phalanger_carmelitae           0.0500468 0.0783330 0.0627133 0.0535545 0.0533551 0.0942390 0.0190711 0.0099508 0.0568342 0.0983588 0.0096724 0.1444053 0.1119106 0.0025155 0.0472664 0.0940179 0.0938762 0.1004318 0.0996200 0.0505371 0.0541585 0.1155719 0.1149377 0.0925135 0.0560654 0.0759805 0.0527237 0.0548698 0.0952370 0.1513385 0.0545017 0.0000000 0.1068410 0.0973642 0.0991536 
Peramelidae_Peroryctes_raffrayana            0.1058470 0.1069958 0.1028911 0.1115646 0.1128069 0.1234663 0.0972686 0.1047115 0.1135999 0.0229484 0.0988725 0.2097882 0.1491332 0.1058857 0.1023235 0.1271373 0.1214415 0.1342789 0.0218887 0.1124204 0.1126945 0.1369069 0.1396114 0.1219263 0.1080945 0.1116751 0.1070519 0.1177643 0.1863219 0.2235922 0.1115933 0.1068410 0.0000000 0.1242390 0.0229302 
Dasyuridae_Dasyurus_geffroii                 0.0966374 0.1082164 0.0958002 0.1001730 0.1026424 0.0051552 0.0708684 0.0979238 0.1059582 0.1179690 0.0812261 0.0346326 0.0532268 0.0977998 0.0984557 0.0216854 0.0064670 0.0402246 0.1194830 0.0966063 0.0972886 0.1432548 0.1353570 0.0237090 0.0973743 0.1138168 0.0990019 0.1046907 0.1783759 0.2420335 0.1014890 0.0973642 0.1242390 0.0000000 0.1174112 
Peramelidae_Perameles_gunnii                 0.0987630 0.1076262 0.0929192 0.1057091 0.1076928 0.1164703 0.0843223 0.0984544 0.1120461 0.0006425 0.0916228 0.1847334 0.1415952 0.0991655 0.0968797 0.1199290 0.1151550 0.1286012 0.0199642 0.1037524 0.1055059 0.1331636 0.1338785 0.1179892 0.1009615 0.1056663 0.1025903 0.1081599 0.1753362 0.2336748 0.1023360 0.0991536 0.0229302 0.1174112 0.0000000 
