37
Burramyidae_Burramys_parvus                  0.0000000 0.0982500 0.0567838 0.0648316 0.0671339 0.1150514 0.0451548 0.0466332 0.0593056 0.0921318 0.0390488 0.1226442 0.1379480 0.0376495 0.0576845 0.1265715 0.1187790 0.1413620 0.0928847 0.0543764 0.0610359 0.1704651 0.1671883 0.1258860 0.0673042 0.0662657 0.0503640 0.0554284 0.0714935 0.1157371 0.0529925 0.0376865 0.0836789 0.1518567 0.0916805 0.1204001 0.1204001 
Notoryctidae_Notoryctes_typhlops             0.0982500 0.0000000 0.1055775 0.1309188 0.1336812 0.1431819 0.1078523 0.1085705 0.1262479 0.1088749 0.0954581 0.1675250 0.1549718 0.0915878 0.1250642 0.1661982 0.1495126 0.1865994 0.1383745 0.1215142 0.1251353 0.2113605 0.2285684 0.1727172 0.1289488 0.1076463 0.0802723 0.1296700 0.1248667 0.1229475 0.1122285 0.0909498 0.0997041 0.1229060 0.1074310 0.1062866 0.1062866 
Vombatidae_Lasiorhinus_latifrons             0.0567838 0.1055775 0.0000000 0.0887411 0.0885577 0.1147021 0.0550160 0.0608203 0.0751979 0.1019136 0.0476425 0.1282932 0.1437875 0.0494403 0.0736329 0.1266858 0.1220246 0.1530602 0.1029646 0.0723076 0.0677101 0.1683260 0.1743258 0.1274900 0.0848781 0.0748979 0.0595842 0.0721662 0.0746614 0.1175584 0.0559195 0.0464957 0.0952821 0.1483518 0.1007941 0.0913150 0.0913150 
Potoroidae_Bettongia_penicillata             0.0648316 0.1309188 0.0887411 0.0000000 0.0064668 0.1361688 0.0702026 0.0694624 0.0133708 0.1240287 0.0711000 0.1567665 0.1635315 0.0689823 0.0858713 0.1572375 0.1368671 0.1688244 0.1265992 0.0274763 0.0940703 0.2019935 0.2113457 0.1468473 0.0539105 0.0999746 0.0762918 0.0313759 0.0999919 0.1284445 0.0870220 0.0692912 0.1195172 0.1750468 0.1239546 0.2182063 0.2182063 
Potoroidae_Bettongia_lesueur                 0.0671339 0.1336812 0.0885577 0.0064668 0.0000000 0.1375257 0.0707336 0.0709633 0.0126252 0.1214419 0.0705555 0.1594833 0.1620295 0.0684771 0.0856902 0.1595389 0.1391107 0.1776004 0.1260786 0.0252532 0.0947558 0.2179649 0.2244024 0.1496044 0.0539710 0.1012446 0.0775212 0.0286756 0.1001073 0.1320111 0.0881212 0.0676586 0.1163620 0.1753197 0.1209455 0.1652626 0.1652626 
Dasyuridae_Dasyurus_maculatus                0.1150514 0.1431819 0.1147021 0.1361688 0.1375257 0.0000000 0.1214794 0.1062134 0.1343927 0.1319030 0.0952287 0.0467200 0.0444299 0.0953070 0.1034287 0.0278319 0.0084419 0.0417485 0.1385489 0.1252776 0.1356940 0.1834916 0.1825017 0.0491666 0.1296965 0.1160759 0.1019041 0.1299542 0.1229069 0.1797304 0.1218081 0.0969507 0.1222830 0.0189879 0.1312830 0.0282149 0.0282149 
Phalangeridae_Trichosurus_vulpecula          0.0451548 0.1078523 0.0550160 0.0702026 0.0707336 0.1214794 0.0000000 0.0233039 0.0669599 0.0987822 0.0195502 0.1368673 0.1522763 0.0182975 0.0631708 0.1396975 0.1319587 0.1546063 0.1024383 0.0564303 0.0602533 0.1638903 0.1665112 0.1274088 0.0639486 0.0740187 0.0459388 0.0631341 0.0670015 0.1075034 0.0529611 0.0165106 0.0915302 0.1572880 0.0983175 0.1612070 0.1612070 
Phalangeridae_Spilocuscus_maculatus          0.0466332 0.1085705 0.0608203 0.0694624 0.0709633 0.1062134 0.0233039 0.0000000 0.0667022 0.1032906 0.0110318 0.1209815 0.1375595 0.0106054 0.0620309 0.1271531 0.1143149 0.1366042 0.1086232 0.0561355 0.0657596 0.1650388 0.1647621 0.1107311 0.0619980 0.0781161 0.0426976 0.0614593 0.0664798 0.1156606 0.0609490 0.0092618 0.0951809 0.1434689 0.1033552 0.1322697 0.1322697 
Potoroidae_Aepyprymnus_rufescens             0.0593056 0.1262479 0.0751979 0.0133708 0.0126252 0.1343927 0.0669599 0.0667022 0.0000000 0.1210674 0.0616737 0.1492009 0.1617468 0.0583452 0.0802301 0.1511607 0.1362976 0.1674134 0.1209613 0.0221221 0.0839814 0.2018162 0.2073947 0.1464599 0.0528586 0.0935871 0.0668689 0.0255749 0.0944645 0.1358065 0.0776643 0.0584353 0.1118848 0.1722965 0.1199953 0.1749260 0.1749260 
Peramelidae_Perameles_nasuta                 0.0921318 0.1088749 0.1019136 0.1240287 0.1214419 0.1319030 0.0987822 0.1032906 0.1210674 0.0000000 0.0914528 0.1482274 0.1525000 0.0888794 0.1035477 0.1467343 0.1302306 0.1559943 0.0145175 0.1054797 0.1207975 0.1844828 0.2045887 0.1509062 0.1170016 0.0913029 0.1041611 0.1083520 0.1212002 0.1502045 0.1089249 0.0886977 0.0155929 0.1381959 0.0007708 0.0846767 0.0846767 
Phalangeridae_Strigocuscus_pelengensis       0.0390488 0.0954581 0.0476425 0.0711000 0.0705555 0.0952287 0.0195502 0.0110318 0.0616737 0.0914528 0.0000000 0.1057635 0.1178827 0.0143092 0.0524005 0.1023493 0.0984243 0.1064859 0.0935600 0.0570122 0.0604572 0.1401165 0.1354199 0.1060000 0.0551280 0.0584645 0.0519538 0.0617772 0.0721194 0.1026550 0.0471319 0.0112105 0.0824864 0.1318448 0.0913698 0.1304325 0.1304325 
Dasyuridae_Phascogale_tapoatafa              0.1226442 0.1675250 0.1282932 0.1567665 0.1594833 0.0467200 0.1368673 0.1209815 0.1492009 0.1482274 0.1057635 0.0000000 0.0867446 0.1098251 0.1211347 0.0281417 0.0458974 0.0696723 0.1487198 0.1404525 0.1450692 0.1802125 0.1910916 0.0119850 0.1572894 0.1192720 0.1088552 0.1515808 0.1314929 0.2074378 0.1249603 0.1092181 0.1343582 0.0844774 0.1476924 0.0404760 0.0404760 
Dasyuridae_Sminthopsis_macroura              0.1379480 0.1549718 0.1437875 0.1635315 0.1620295 0.0444299 0.1522763 0.1375595 0.1617468 0.1525000 0.1178827 0.0867446 0.0000000 0.1225147 0.1276901 0.0566939 0.0436467 0.0470682 0.1668254 0.1522682 0.1684502 0.2266355 0.2273474 0.0913431 0.1627247 0.1322094 0.1122230 0.1570445 0.1485476 0.1897545 0.1507007 0.1200013 0.1410412 0.0512746 0.1533968 0.0544154 0.0544154 
Phalangeridae_Phalanger_orientalis           0.0376495 0.0915878 0.0494403 0.0689823 0.0684771 0.0953070 0.0182975 0.0106054 0.0583452 0.0888794 0.0143092 0.1098251 0.1225147 0.0000000 0.0539009 0.1041493 0.1027132 0.1076619 0.0923968 0.0542070 0.0563084 0.1466117 0.1401005 0.1092547 0.0536462 0.0641476 0.0461676 0.0595660 0.0694876 0.1069396 0.0499102 0.0053344 0.0790598 0.1302462 0.0884817 0.1322697 0.1322697 
Acrobatidae_Acrobates_pygmaeus               0.0576845 0.1250642 0.0736329 0.0858713 0.0856902 0.1034287 0.0631708 0.0620309 0.0802301 0.1035477 0.0524005 0.1211347 0.1276901 0.0539009 0.0000000 0.1118913 0.1081107 0.1134369 0.1060007 0.0695603 0.0718048 0.1641404 0.1619723 0.1227820 0.0807309 0.0780019 0.0530699 0.0734917 0.0719435 0.1179251 0.0384253 0.0520840 0.1012543 0.1305496 0.1031574 0.2003145 0.2003145 
Dasyuridae_Phascogale_calura                 0.1265715 0.1661982 0.1266858 0.1572375 0.1595389 0.0278319 0.1396975 0.1271531 0.1511607 0.1467343 0.1023493 0.0281417 0.0566939 0.1041493 0.1118913 0.0000000 0.0267151 0.0503956 0.1486453 0.1382850 0.1481576 0.1999088 0.1970687 0.0363106 0.1477042 0.1219408 0.0998753 0.1465702 0.1231886 0.1944641 0.1294150 0.1046024 0.1323741 0.0513763 0.1466753 0.0420214 0.0420214 
Dasyuridae_Sarcophilus_harrisii              0.1187790 0.1495126 0.1220246 0.1368671 0.1391107 0.0084419 0.1319587 0.1143149 0.1362976 0.1302306 0.0984243 0.0458974 0.0436467 0.1027132 0.1081107 0.0267151 0.0000000 0.0382315 0.1378851 0.1248564 0.1397503 0.1847761 0.1852315 0.0482443 0.1323606 0.1159260 0.0976469 0.1306809 0.1224942 0.1769370 0.1241749 0.1022556 0.1177081 0.0240983 0.1293767 0.0282149 0.0282149 
Dasyuridae_Planigale_tenuirostris            0.1413620 0.1865994 0.1530602 0.1688244 0.1776004 0.0417485 0.1546063 0.1366042 0.1674134 0.1559943 0.1064859 0.0696723 0.0470682 0.1076619 0.1134369 0.0503956 0.0382315 0.0000000 0.1679447 0.1477760 0.1594347 0.2032131 0.2082971 0.0728097 0.1670615 0.1328976 0.0935798 0.1675591 0.1206632 0.2265511 0.1358896 0.1056927 0.1418838 0.0834627 0.1558145 9.0000000 9.0000000 
Peramelidae_Echymipera_kalubu                0.0928847 0.1383745 0.1029646 0.1265992 0.1260786 0.1385489 0.1024383 0.1086232 0.1209613 0.0145175 0.0935600 0.1487198 0.1668254 0.0923968 0.1060007 0.1486453 0.1378851 0.1679447 0.0000000 0.1091591 0.1201131 0.1880524 0.2033111 0.1503847 0.1233396 0.0892974 0.0994998 0.1127639 0.1249057 0.1763385 0.1092779 0.0905775 0.0100045 0.1749312 0.0137423 0.0678278 0.0678278 
Macropodidae_Dorcopsulus_vanheurni           0.0543764 0.1215142 0.0723076 0.0274763 0.0252532 0.1252776 0.0564303 0.0561355 0.0221221 0.1054797 0.0570122 0.1404525 0.1522682 0.0542070 0.0695603 0.1382850 0.1248564 0.1477760 0.1091591 0.0000000 0.0766658 0.1892705 0.1910033 0.1291101 0.0408732 0.0819748 0.0614581 0.0078030 0.0818897 0.1189902 0.0706255 0.0524999 0.0996354 0.1653177 0.1050099 0.1388027 0.1388027 
Pseudochiridae_Pseudochirulus_forbesi        0.0610359 0.1251353 0.0677101 0.0940703 0.0947558 0.1356940 0.0602533 0.0657596 0.0839814 0.1207975 0.0604572 0.1450692 0.1684502 0.0563084 0.0718048 0.1481576 0.1397503 0.1594347 0.1201131 0.0766658 0.0000000 0.1889194 0.1840269 0.1446041 0.0861590 0.0902880 0.0289655 0.0778909 0.0286613 0.1106805 0.0619491 0.0561506 0.1100959 0.1711458 0.1197663 0.2705460 0.2705460 
Didelphidae_Didelphis_virginiana             0.1704651 0.2113605 0.1683260 0.2019935 0.2179649 0.1834916 0.1638903 0.1650388 0.2018162 0.1844828 0.1401165 0.1802125 0.2266355 0.1466117 0.1641404 0.1999088 0.1847761 0.2032131 0.1880524 0.1892705 0.1889194 0.0000000 0.0690588 0.1836444 0.1911661 0.1610190 0.1440323 0.1962503 0.1793005 0.2638580 0.1855727 0.1474207 0.1683150 0.2361688 0.1852513 0.2508255 0.2508255 
Marmosidae_Monodelphis_domestica             0.1671883 0.2285684 0.1743258 0.2113457 0.2244024 0.1825017 0.1665112 0.1647621 0.2073947 0.2045887 0.1354199 0.1910916 0.2273474 0.1401005 0.1619723 0.1970687 0.1852315 0.2082971 0.2033111 0.1910033 0.1840269 0.0690588 0.0000000 0.1958604 0.1922515 0.1711420 0.1478802 0.1926074 0.1677058 0.2675755 0.1798801 0.1397301 0.1904470 0.2344096 0.2025069 0.2597027 0.2597027 
Dasyuridae_Antechinus_stuartii               0.1258860 0.1727172 0.1274900 0.1468473 0.1496044 0.0491666 0.1274088 0.1107311 0.1464599 0.1509062 0.1060000 0.0119850 0.0913431 0.1092547 0.1227820 0.0363106 0.0482443 0.0728097 0.1503847 0.1291101 0.1446041 0.1836444 0.1958604 0.0000000 0.1487110 0.1225540 0.1054340 0.1409090 0.1323824 0.2006146 0.1241849 0.1085802 0.1368863 0.0901498 0.1503582 0.0346643 0.0346643 
Hypsiprymnodontidae_Hypsiprymnodon_moschatus 0.0673042 0.1289488 0.0848781 0.0539105 0.0539710 0.1296965 0.0639486 0.0619980 0.0528586 0.1170016 0.0551280 0.1572894 0.1627247 0.0536462 0.0807309 0.1477042 0.1323606 0.1670615 0.1233396 0.0408732 0.0861590 0.1911661 0.1922515 0.1487110 0.0000000 0.0919714 0.0621357 0.0453847 0.0853006 0.1298192 0.0858665 0.0518339 0.1058236 0.1672820 0.1165104 0.1313392 0.1313392 
Microbiotheriidae_Dromiciops_gliroides       0.0662657 0.1076463 0.0748979 0.0999746 0.1012446 0.1160759 0.0740187 0.0781161 0.0935871 0.0913029 0.0584645 0.1192720 0.1322094 0.0641476 0.0780019 0.1219408 0.1159260 0.1328976 0.0892974 0.0819748 0.0902880 0.1610190 0.1711420 0.1225540 0.0919714 0.0000000 0.0751838 0.0849339 0.0949618 0.1486672 0.0807608 0.0603445 0.0840898 0.1508250 0.0912825 0.0859210 0.0859210 
Pseudochiridae_Petauroides_volans            0.0503640 0.0802723 0.0595842 0.0762918 0.0775212 0.1019041 0.0459388 0.0426976 0.0668689 0.1041611 0.0519538 0.1088552 0.1122230 0.0461676 0.0530699 0.0998753 0.0976469 0.0935798 0.0994998 0.0614581 0.0289655 0.1440323 0.1478802 0.1054340 0.0621357 0.0751838 0.0000000 0.0648880 0.0387242 0.0641964 0.0489625 0.0447822 0.0984879 0.1003630 0.1042675 0.2998678 0.2998678 
Macropodidae_Wallabia_bicolor                0.0554284 0.1296700 0.0721662 0.0313759 0.0286756 0.1299542 0.0631341 0.0614593 0.0255749 0.1083520 0.0617772 0.1515808 0.1570445 0.0595660 0.0734917 0.1465702 0.1306809 0.1675591 0.1127639 0.0078030 0.0778909 0.1962503 0.1926074 0.1409090 0.0453847 0.0849339 0.0648880 0.0000000 0.0881101 0.1240273 0.0769187 0.0560572 0.1037158 0.1713984 0.1084148 0.1263786 0.1263786 
Pseudochiridae_Pseudocheirus_occidentalis    0.0714935 0.1248667 0.0746614 0.0999919 0.1001073 0.1229069 0.0670015 0.0664798 0.0944645 0.1212002 0.0721194 0.1314929 0.1485476 0.0694876 0.0719435 0.1231886 0.1224942 0.1206632 0.1249057 0.0818897 0.0286613 0.1793005 0.1677058 0.1323824 0.0853006 0.0949618 0.0387242 0.0881101 0.0000000 0.1140526 0.0708690 0.0692109 0.1123012 0.1574812 0.1203210 0.3027217 0.3027217 
Tarsipedidae_Tarsipes_rostratus              0.1157371 0.1229475 0.1175584 0.1284445 0.1320111 0.1797304 0.1075034 0.1156606 0.1358065 0.1502045 0.1026550 0.2074378 0.1897545 0.1069396 0.1179251 0.1944641 0.1769370 0.2265511 0.1763385 0.1189902 0.1106805 0.2638580 0.2675755 0.2006146 0.1298192 0.1486672 0.0641964 0.1240273 0.1140526 0.0000000 0.1049067 0.1075577 0.1393101 0.1523087 0.1488385 0.3138507 0.3138507 
Acrobatidae_Distoechurus_pennatus            0.0529925 0.1122285 0.0559195 0.0870220 0.0881212 0.1218081 0.0529611 0.0609490 0.0776643 0.1089249 0.0471319 0.1249603 0.1507007 0.0499102 0.0384253 0.1294150 0.1241749 0.1358896 0.1092779 0.0706255 0.0619491 0.1855727 0.1798801 0.1241849 0.0858665 0.0807608 0.0489625 0.0769187 0.0708690 0.1049067 0.0000000 0.0497739 0.1039947 0.1546395 0.1079147 0.2270332 0.2270332 
Phalangeridae_Phalanger_carmelitae           0.0376865 0.0909498 0.0464957 0.0692912 0.0676586 0.0969507 0.0165106 0.0092618 0.0584353 0.0886977 0.0112105 0.1092181 0.1200013 0.0053344 0.0520840 0.1046024 0.1022556 0.1056927 0.0905775 0.0524999 0.0561506 0.1474207 0.1397301 0.1085802 0.0518339 0.0603445 0.0447822 0.0560572 0.0692109 0.1075577 0.0497739 0.0000000 0.0794230 0.1347878 0.0882708 0.1226807 0.1226807 
Peramelidae_Peroryctes_raffrayana            0.0836789 0.0997041 0.0952821 0.1195172 0.1163620 0.1222830 0.0915302 0.0951809 0.1118848 0.0155929 0.0824864 0.1343582 0.1410412 0.0790598 0.1012543 0.1323741 0.1177081 0.1418838 0.0100045 0.0996354 0.1100959 0.1683150 0.1904470 0.1368863 0.1058236 0.0840898 0.0984879 0.1037158 0.1123012 0.1393101 0.1039947 0.0794230 0.0000000 0.1292851 0.0148225 0.0708762 0.0708762 
Dasyuridae_Dasyurus_geffroii                 0.1518567 0.1229060 0.1483518 0.1750468 0.1753197 0.0189879 0.1572880 0.1434689 0.1722965 0.1381959 0.1318448 0.0844774 0.0512746 0.1302462 0.1305496 0.0513763 0.0240983 0.0834627 0.1749312 0.1653177 0.1711458 0.2361688 0.2344096 0.0901498 0.1672820 0.1508250 0.1003630 0.1713984 0.1574812 0.1523087 0.1546395 0.1347878 0.1292851 0.0000000 0.1375714 0.0344527 0.0344527 
Peramelidae_Perameles_gunnii                 0.0916805 0.1074310 0.1007941 0.1239546 0.1209455 0.1312830 0.0983175 0.1033552 0.1199953 0.0007708 0.0913698 0.1476924 0.1533968 0.0884817 0.1031574 0.1466753 0.1293767 0.1558145 0.0137423 0.1050099 0.1197663 0.1852513 0.2025069 0.1503582 0.1165104 0.0912825 0.1042675 0.1084148 0.1203210 0.1488385 0.1079147 0.0882708 0.0148225 0.1375714 0.0000000 0.0846767 0.0846767 
Myrmecobiidae_Myrmecobius_fasciatus1         0.1204001 0.1062866 0.0913150 0.2182063 0.1652626 0.0282149 0.1612070 0.1322697 0.1749260 0.0846767 0.1304325 0.0404760 0.0544154 0.1322697 0.2003145 0.0420214 0.0282149 9.0000000 0.0678278 0.1388027 0.2705460 0.2508255 0.2597027 0.0346643 0.1313392 0.0859210 0.2998678 0.1263786 0.3027217 0.3138507 0.2270332 0.1226807 0.0708762 0.0344527 0.0846767 0.0000000 0.0000010 
Myrmecobiidae_Myrmecobius_fasciatus2         0.1204001 0.1062866 0.0913150 0.2182063 0.1652626 0.0282149 0.1612070 0.1322697 0.1749260 0.0846767 0.1304325 0.0404760 0.0544154 0.1322697 0.2003145 0.0420214 0.0282149 9.0000000 0.0678278 0.1388027 0.2705460 0.2508255 0.2597027 0.0346643 0.1313392 0.0859210 0.2998678 0.1263786 0.3027217 0.3138507 0.2270332 0.1226807 0.0708762 0.0344527 0.0846767 0.0000010 0.0000000 
