35
Burramyidae_Burramys_parvus                  0.0000000 0.0614363 0.0531100 0.0580929 0.0580281 0.0994501 0.0438368 0.0525665 0.0573353 0.0804909 0.0467241 0.0980020 0.0895280 0.0490975 0.0508080 0.0958360 0.0996379 0.1027867 0.0790770 0.0600761 0.0529250 0.0931221 0.1102888 0.0958177 0.0429819 0.0696896 0.0519555 0.0541294 0.0451209 0.0670186 0.0573306 0.0475519 0.0790409 0.1009399 0.0860260 
Notoryctidae_Notoryctes_typhlops             0.0614363 0.0000000 0.0712928 0.0759927 0.0748836 0.1061817 0.0704645 0.0818671 0.0760930 0.0874926 0.0768865 0.1028942 0.1002392 0.0760509 0.0760241 0.1025404 0.1031662 0.1120887 0.0865253 0.0792071 0.0824748 0.1068470 0.1207985 0.1003084 0.0653055 0.0768173 0.0813329 0.0762211 0.0794510 0.0928132 0.0805478 0.0768373 0.0825610 0.1040453 0.0942282 
Vombatidae_Lasiorhinus_latifrons             0.0531100 0.0712928 0.0000000 0.0642885 0.0650532 0.0962414 0.0570232 0.0688343 0.0674270 0.0840376 0.0626878 0.0957022 0.0845883 0.0635727 0.0656720 0.0932555 0.0950774 0.0957752 0.0815888 0.0695044 0.0657639 0.1022740 0.1171355 0.0893740 0.0526039 0.0751552 0.0671663 0.0609454 0.0583191 0.0846391 0.0687381 0.0604907 0.0807679 0.0962177 0.0903500 
Potoroidae_Bettongia_penicillata             0.0580929 0.0759927 0.0642885 0.0000000 0.0070504 0.1060053 0.0628433 0.0771287 0.0127689 0.0901513 0.0680018 0.1047962 0.0927540 0.0721793 0.0664263 0.1029417 0.1055243 0.1077019 0.0903968 0.0297070 0.0721281 0.1067780 0.1253813 0.0986433 0.0400186 0.0795707 0.0660338 0.0203402 0.0673852 0.0816214 0.0734357 0.0704476 0.0928185 0.1064437 0.0963677 
Potoroidae_Bettongia_lesueur                 0.0580281 0.0748836 0.0650532 0.0070504 0.0000000 0.1074467 0.0648796 0.0784868 0.0141363 0.0914353 0.0695849 0.1052263 0.0917651 0.0737993 0.0695430 0.1033622 0.1069668 0.1078167 0.0909172 0.0323000 0.0728393 0.1059959 0.1246208 0.0996572 0.0407820 0.0812546 0.0692474 0.0221666 0.0686941 0.0845537 0.0751629 0.0720479 0.0927291 0.1078849 0.0980326 
Dasyuridae_Dasyurus_maculatus                0.0994501 0.1061817 0.0962414 0.1060053 0.1074467 0.0000000 0.1048834 0.1052829 0.1078564 0.1246100 0.1094369 0.0235263 0.0297675 0.1083767 0.1119719 0.0230905 0.0088159 0.0446251 0.1223047 0.1044580 0.1097431 0.1310162 0.1298486 0.0206485 0.0959457 0.0993898 0.1159308 0.1028214 0.1099521 0.1293519 0.1170392 0.1063136 0.1238438 0.0067810 0.1267934 
Phalangeridae_Trichosurus_vulpecula          0.0438368 0.0704645 0.0570232 0.0628433 0.0648796 0.1048834 0.0000000 0.0283963 0.0623757 0.0904733 0.0231044 0.1057094 0.0970527 0.0230301 0.0509642 0.1039423 0.1050413 0.1099803 0.0884883 0.0645400 0.0559459 0.0907532 0.1074065 0.1011757 0.0494517 0.0750195 0.0551198 0.0588377 0.0483325 0.0743487 0.0641902 0.0216904 0.0867230 0.1048316 0.0945553 
Phalangeridae_Spilocuscus_maculatus          0.0525665 0.0818671 0.0688343 0.0771287 0.0784868 0.1052829 0.0283963 0.0000000 0.0756528 0.0956846 0.0155399 0.1073249 0.0962703 0.0142349 0.0631818 0.1079813 0.1057511 0.1144518 0.0937933 0.0792473 0.0619984 0.0978702 0.1064370 0.1045856 0.0618048 0.0879563 0.0686461 0.0732043 0.0529370 0.0852596 0.0713513 0.0142261 0.0929516 0.1028514 0.0989486 
Potoroidae_Aepyprymnus_rufescens             0.0573353 0.0760930 0.0674270 0.0127689 0.0141363 0.1078564 0.0623757 0.0756528 0.0000000 0.0909840 0.0669224 0.1073071 0.0937507 0.0707177 0.0689394 0.1039785 0.1069512 0.1103587 0.0884673 0.0308456 0.0708873 0.1056535 0.1230383 0.1017316 0.0396639 0.0806772 0.0676630 0.0213294 0.0660613 0.0807235 0.0724329 0.0689797 0.0922624 0.1081988 0.0954012 
Peramelidae_Perameles_nasuta                 0.0804909 0.0874926 0.0840376 0.0901513 0.0914353 0.1246100 0.0904733 0.0956846 0.0909840 0.0000000 0.0901500 0.1205258 0.1183656 0.0898739 0.0920473 0.1258868 0.1249746 0.1381273 0.0113192 0.1018357 0.0964922 0.1164659 0.1487131 0.1164601 0.0849805 0.0986863 0.0958354 0.0860014 0.0911824 0.1006377 0.0914357 0.0912389 0.0158917 0.1215451 0.0000010 
Phalangeridae_Strigocuscus_pelengensis       0.0467241 0.0768865 0.0626878 0.0680018 0.0695849 0.1094369 0.0231044 0.0155399 0.0669224 0.0901500 0.0000000 0.1072646 0.0985320 0.0138144 0.0575574 0.1069630 0.1094030 0.1133304 0.0889194 0.0687322 0.0601896 0.1052472 0.1119686 0.1032865 0.0580042 0.0803163 0.0607536 0.0639863 0.0487086 0.0773784 0.0661872 0.0121426 0.0866018 0.1075477 0.0938835 
Dasyuridae_Phascogale_tapoatafa              0.0980020 0.1028942 0.0957022 0.1047962 0.1052263 0.0235263 0.1057094 0.1073249 0.1073071 0.1205258 0.1072646 0.0000000 0.0261642 0.1076095 0.1133899 0.0069445 0.0235282 0.0413537 0.1186546 0.1037321 0.1105840 0.1268678 0.1299615 0.0138152 0.0937909 0.1035980 0.1168618 0.1039900 0.1076989 0.1278987 0.1100055 0.1066620 0.1212808 0.0230129 0.1215558 
Dasyuridae_Sminthopsis_macroura              0.0895280 0.1002392 0.0845883 0.0927540 0.0917651 0.0297675 0.0970527 0.0962703 0.0937507 0.1183656 0.0985320 0.0261642 0.0000000 0.0991746 0.1057818 0.0266089 0.0312524 0.0269151 0.1110040 0.0906372 0.1014738 0.1240343 0.1246697 0.0231989 0.0835639 0.0985091 0.1071628 0.0905079 0.0975350 0.1216155 0.1054193 0.0979210 0.1165549 0.0306679 0.1155247 
Phalangeridae_Phalanger_orientalis           0.0490975 0.0760509 0.0635727 0.0721793 0.0737993 0.1083767 0.0230301 0.0142349 0.0707177 0.0898739 0.0138144 0.1076095 0.0991746 0.0000000 0.0573450 0.1081165 0.1076875 0.1166996 0.0904931 0.0706012 0.0645123 0.1060768 0.1116280 0.1046123 0.0563861 0.0820418 0.0647461 0.0679012 0.0514295 0.0778157 0.0678019 0.0038774 0.0859184 0.1071864 0.0973459 
Acrobatidae_Acrobates_pygmaeus               0.0508080 0.0760241 0.0656720 0.0664263 0.0695430 0.1119719 0.0509642 0.0631818 0.0689394 0.0920473 0.0575574 0.1133899 0.1057818 0.0573450 0.0000000 0.1111450 0.1100837 0.1218456 0.0905191 0.0736142 0.0612089 0.1045840 0.1222224 0.1108290 0.0553139 0.0809417 0.0610611 0.0660445 0.0557454 0.0735623 0.0386804 0.0557192 0.0909464 0.1093610 0.0962180 
Dasyuridae_Phascogale_calura                 0.0958360 0.1025404 0.0932555 0.1029417 0.1033622 0.0230905 0.1039423 0.1079813 0.1039785 0.1258868 0.1069630 0.0069445 0.0266089 0.1081165 0.1111450 0.0000000 0.0253391 0.0417058 0.1206483 0.0990066 0.1070651 0.1287591 0.1259482 0.0142475 0.0931904 0.1003854 0.1153676 0.1016904 0.1091649 0.1284536 0.1124090 0.1060262 0.1251196 0.0243733 0.1250753 
Dasyuridae_Sarcophilus_harrisii              0.0996379 0.1031662 0.0950774 0.1055243 0.1069668 0.0088159 0.1050413 0.1057511 0.1069512 0.1249746 0.1094030 0.0235282 0.0312524 0.1076875 0.1100837 0.0253391 0.0000000 0.0462735 0.1223414 0.1051201 0.1091590 0.1305985 0.1318207 0.0207119 0.0942686 0.1019341 0.1140170 0.1053653 0.1113265 0.1268534 0.1123092 0.1056273 0.1263821 0.0076049 0.1270089 
Dasyuridae_Planigale_tenuirostris            0.1027867 0.1120887 0.0957752 0.1077019 0.1078167 0.0446251 0.1099803 0.1144518 0.1103587 0.1381273 0.1133304 0.0413537 0.0269151 0.1166996 0.1218456 0.0417058 0.0462735 0.0000000 0.1278660 0.1067817 0.1166808 0.1382867 0.1462550 0.0372806 0.0994839 0.1184757 0.1186660 0.1035654 0.1179486 0.1369004 0.1157767 0.1143641 0.1361906 0.0445036 0.1307529 
Peramelidae_Echymipera_kalubu                0.0790770 0.0865253 0.0815888 0.0903968 0.0909172 0.1223047 0.0884883 0.0937933 0.0884673 0.0113192 0.0889194 0.1186546 0.1110040 0.0904931 0.0905191 0.1206483 0.1223414 0.1278660 0.0000000 0.0979599 0.0980653 0.1215285 0.1454279 0.1140459 0.0800058 0.0903868 0.0965090 0.0862078 0.0856437 0.1043708 0.0958129 0.0904706 0.0083968 0.1208181 0.0160178 
Macropodidae_Dorcopsulus_vanheurni           0.0600761 0.0792071 0.0695044 0.0297070 0.0323000 0.1044580 0.0645400 0.0792473 0.0308456 0.1018357 0.0687322 0.1037321 0.0906372 0.0706012 0.0736142 0.0990066 0.1051201 0.1067817 0.0979599 0.0000000 0.0752001 0.1148645 0.1260808 0.0960222 0.0461258 0.0828669 0.0748775 0.0208235 0.0723646 0.0912976 0.0828991 0.0694742 0.1025073 0.1067050 0.1037652 
Pseudochiridae_Pseudochirulus_forbesi        0.0529250 0.0824748 0.0657639 0.0721281 0.0728393 0.1097431 0.0559459 0.0619984 0.0708873 0.0964922 0.0601896 0.1105840 0.1014738 0.0645123 0.0612089 0.1070651 0.1091590 0.1166808 0.0980653 0.0752001 0.0000000 0.1125086 0.1208962 0.1067237 0.0612622 0.0858098 0.0461894 0.0710599 0.0262620 0.0684349 0.0677740 0.0638261 0.0948069 0.1078761 0.1057137 
Didelphidae_Didelphis_virginiana             0.0931221 0.1068470 0.1022740 0.1067780 0.1059959 0.1310162 0.0907532 0.0978702 0.1056535 0.1164659 0.1052472 0.1268678 0.1240343 0.1060768 0.1045840 0.1287591 0.1305985 0.1382867 0.1215285 0.1148645 0.1125086 0.0000000 0.0512277 0.1264244 0.1013864 0.1056328 0.1154307 0.1085300 0.0983164 0.1198960 0.1125840 0.1040701 0.1102976 0.1320184 0.1270838 
Marmosidae_Monodelphis_domestica             0.1102888 0.1207985 0.1171355 0.1253813 0.1246208 0.1298486 0.1074065 0.1064370 0.1230383 0.1487131 0.1119686 0.1299615 0.1246697 0.1116280 0.1222224 0.1259482 0.1318207 0.1462550 0.1454279 0.1260808 0.1208962 0.0512277 0.0000000 0.1242566 0.1117651 0.1193905 0.1337586 0.1260033 0.1159086 0.1361975 0.1306364 0.1095345 0.1438373 0.1296475 0.1527413 
Dasyuridae_Antechinus_stuartii               0.0958177 0.1003084 0.0893740 0.0986433 0.0996572 0.0206485 0.1011757 0.1045856 0.1017316 0.1164601 0.1032865 0.0138152 0.0231989 0.1046123 0.1108290 0.0142475 0.0207119 0.0372806 0.1140459 0.0960222 0.1067237 0.1264244 0.1242566 0.0000000 0.0911957 0.0989828 0.1119310 0.0974827 0.1065953 0.1251825 0.1094501 0.1027200 0.1180551 0.0201587 0.1178209 
Hypsiprymnodontidae_Hypsiprymnodon_moschatus 0.0429819 0.0653055 0.0526039 0.0400186 0.0407820 0.0959457 0.0494517 0.0618048 0.0396639 0.0849805 0.0580042 0.0937909 0.0835639 0.0563861 0.0553139 0.0931904 0.0942686 0.0994839 0.0800058 0.0461258 0.0612622 0.1013864 0.1117651 0.0911957 0.0000000 0.0737229 0.0537303 0.0377622 0.0572234 0.0724523 0.0603477 0.0567076 0.0827987 0.0953553 0.0873776 
Microbiotheriidae_Dromiciops_gliroides       0.0696896 0.0768173 0.0751552 0.0795707 0.0812546 0.0993898 0.0750195 0.0879563 0.0806772 0.0986863 0.0803163 0.1035980 0.0985091 0.0820418 0.0809417 0.1003854 0.1019341 0.1184757 0.0903868 0.0828669 0.0858098 0.1056328 0.1193905 0.0989828 0.0737229 0.0000000 0.0841766 0.0794333 0.0739096 0.0971654 0.0925849 0.0802969 0.0938659 0.0989465 0.0977399 
Pseudochiridae_Petauroides_volans            0.0519555 0.0813329 0.0671663 0.0660338 0.0692474 0.1159308 0.0551198 0.0686461 0.0676630 0.0958354 0.0607536 0.1168618 0.1071628 0.0647461 0.0610611 0.1153676 0.1140170 0.1186660 0.0965090 0.0748775 0.0461894 0.1154307 0.1337586 0.1119310 0.0537303 0.0841766 0.0000000 0.0688534 0.0402406 0.0660519 0.0650341 0.0631387 0.0952289 0.1146873 0.1051265 
Macropodidae_Wallabia_bicolor                0.0541294 0.0762211 0.0609454 0.0203402 0.0221666 0.1028214 0.0588377 0.0732043 0.0213294 0.0860014 0.0639863 0.1039900 0.0905079 0.0679012 0.0660445 0.1016904 0.1053653 0.1035654 0.0862078 0.0208235 0.0710599 0.1085300 0.1260033 0.0974827 0.0377622 0.0794333 0.0688534 0.0000000 0.0606251 0.0830445 0.0735637 0.0662979 0.0868874 0.1044765 0.0926140 
Pseudochiridae_Pseudocheirus_occidentalis    0.0451209 0.0794510 0.0583191 0.0673852 0.0686941 0.1099521 0.0483325 0.0529370 0.0660613 0.0911824 0.0487086 0.1076989 0.0975350 0.0514295 0.0557454 0.1091649 0.1113265 0.1179486 0.0856437 0.0723646 0.0262620 0.0983164 0.1159086 0.1065953 0.0572234 0.0739096 0.0402406 0.0606251 0.0000000 0.0661934 0.0564003 0.0515073 0.0926725 0.1072876 0.0918827 
Tarsipedidae_Tarsipes_rostratus              0.0670186 0.0928132 0.0846391 0.0816214 0.0845537 0.1293519 0.0743487 0.0852596 0.0807235 0.1006377 0.0773784 0.1278987 0.1216155 0.0778157 0.0735623 0.1284536 0.1268534 0.1369004 0.1043708 0.0912976 0.0684349 0.1198960 0.1361975 0.1251825 0.0724523 0.0971654 0.0660519 0.0830445 0.0661934 0.0000000 0.0804619 0.0770409 0.1017363 0.1261899 0.1097041 
Acrobatidae_Distoechurus_pennatus            0.0573306 0.0805478 0.0687381 0.0734357 0.0751629 0.1170392 0.0641902 0.0713513 0.0724329 0.0914357 0.0661872 0.1100055 0.1054193 0.0678019 0.0386804 0.1124090 0.1123092 0.1157767 0.0958129 0.0828991 0.0677740 0.1125840 0.1306364 0.1094501 0.0603477 0.0925849 0.0650341 0.0735637 0.0564003 0.0804619 0.0000000 0.0660900 0.0896055 0.1152134 0.1005638 
Phalangeridae_Phalanger_carmelitae           0.0475519 0.0768373 0.0604907 0.0704476 0.0720479 0.1063136 0.0216904 0.0142261 0.0689797 0.0912389 0.0121426 0.1066620 0.0979210 0.0038774 0.0557192 0.1060262 0.1056273 0.1143641 0.0904706 0.0694742 0.0638261 0.1040701 0.1095345 0.1027200 0.0567076 0.0802969 0.0631387 0.0662979 0.0515073 0.0770409 0.0660900 0.0000000 0.0874267 0.1051291 0.0966275 
Peramelidae_Peroryctes_raffrayana            0.0790409 0.0825610 0.0807679 0.0928185 0.0927291 0.1238438 0.0867230 0.0929516 0.0922624 0.0158917 0.0866018 0.1212808 0.1165549 0.0859184 0.0909464 0.1251196 0.1263821 0.1361906 0.0083968 0.1025073 0.0948069 0.1102976 0.1438373 0.1180551 0.0827987 0.0938659 0.0952289 0.0868874 0.0926725 0.1017363 0.0896055 0.0874267 0.0000000 0.1223001 0.0158762 
Dasyuridae_Dasyurus_geffroii                 0.1009399 0.1040453 0.0962177 0.1064437 0.1078849 0.0067810 0.1048316 0.1028514 0.1081988 0.1215451 0.1075477 0.0230129 0.0306679 0.1071864 0.1093610 0.0243733 0.0076049 0.0445036 0.1208181 0.1067050 0.1078761 0.1320184 0.1296475 0.0201587 0.0953553 0.0989465 0.1146873 0.1044765 0.1072876 0.1261899 0.1152134 0.1051291 0.1223001 0.0000000 0.1252715 
Peramelidae_Perameles_gunnii                 0.0860260 0.0942282 0.0903500 0.0963677 0.0980326 0.1267934 0.0945553 0.0989486 0.0954012 0.0000010 0.0938835 0.1215558 0.1155247 0.0973459 0.0962180 0.1250753 0.1270089 0.1307529 0.0160178 0.1037652 0.1057137 0.1270838 0.1527413 0.1178209 0.0873776 0.0977399 0.1051265 0.0926140 0.0918827 0.1097041 0.1005638 0.0966275 0.0158762 0.1252715 0.0000000 
