192
I0185_86_Accipitridae_Buteo_jamaicensis                   0.0000000 0.0450284 0.0422381 0.0425368 0.0514102 0.0432734 0.0335810 0.0404262 0.0619268 0.0589409 0.0331042 0.0540313 0.0461091 0.0492035 0.0519034 0.0369544 0.0191128 0.0523303 0.0262202 0.0518206 0.0543550 0.0273126 0.0289742 0.0249431 0.0412926 0.0295478 0.0576349 0.0606550 0.0627363 0.0287846 0.0510990 0.0512186 0.0477738 0.0483650 0.0386421 0.0608087 0.0531915 0.0621668 0.0519775 0.0693276 0.0546500 0.0494763 0.0903570 0.0729088 0.0817083 0.0585126 0.0624624 0.0423785 0.0550203 0.0338786 0.0533734 0.0499752 0.0274986 0.0452411 0.0502643 0.0529134 0.0392985 0.0368651 0.0294056 0.0526757 0.0470472 0.0302074 0.0303379 0.0716807 0.0487867 0.0581920 0.0429147 0.0275417 0.0364089 0.0650928 0.0583109 0.0375149 0.0572837 0.0598785 0.0534023 0.0510265 0.0331912 0.0304017 0.0496548 0.0567689 0.0320584 0.0067905 0.0300092 0.0415246 0.0417944 0.0450189 0.0454463 0.0254994 0.0213149 0.0491173 0.0684853 0.0492111 0.0408043 0.0360838 0.0245943 0.0513428 0.0376590 0.0549130 0.0562646 0.0255190 0.0603122 0.0240638 0.0263049 0.0427907 0.0401616 0.0509865 0.0447779 0.0328996 0.0291622 0.0361005 0.0457938 0.0677443 0.0316572 0.0650073 0.0322509 0.0238308 0.0549346 0.0480858 0.0288531 0.0549641 0.0590490 0.0424226 0.0256041 0.0191231 0.0248817 0.0530292 0.0410144 0.0409662 0.0569574 0.0264726 0.0327676 0.0371571 0.0237822 0.0459192 0.0606314 0.0592734 0.0328077 0.0571984 0.0321060 0.0467243 0.0384156 0.0239062 0.0289460 0.0241794 0.0463353 0.0298939 0.0643149 0.0496151 0.0389984 0.0271509 0.0534640 0.0639695 0.0487228 0.0505909 0.0225018 0.0290851 0.0318703 0.0304033 0.0287001 0.0325817 0.0464286 0.0470282 0.0468902 0.0629146 0.0361425 0.0458661 0.0566773 0.0518519 0.0341861 0.0883755 0.0289809 0.0386155 0.0324800 0.0536300 0.0536682 0.0654816 0.0254679 0.0190194 0.0251457 0.0309680 0.0602462 0.0288075 0.0584944 0.0595844 0.0516663 0.0490014 0.0534200 0.0637553 0.0608721 0.0437010 0.0388425 0.0509748 
I0186_111_Momotidae_Momotus_lessonii                      0.0450284 0.0000000 0.0548016 0.0577524 0.0631906 0.0547406 0.0501097 0.0530837 0.0590459 0.0691256 0.0494236 0.0654164 0.0565923 0.0523363 0.0634426 0.0493933 0.0371057 0.0629287 0.0445673 0.0623196 0.0677827 0.0440729 0.0470161 0.0433080 0.0541469 0.0461481 0.0689683 0.0711418 0.0718895 0.0479561 0.0632096 0.0616639 0.0614157 0.0618297 0.0519162 0.0724056 0.0646526 0.0757700 0.0630673 0.0817481 0.0648202 0.0609899 0.0993586 0.0835272 0.0917282 0.0681033 0.0755118 0.0429325 0.0672521 0.0517701 0.0660658 0.0613984 0.0465401 0.0589223 0.0615536 0.0633387 0.0528105 0.0519150 0.0486165 0.0640174 0.0616072 0.0482086 0.0465409 0.0838855 0.0597191 0.0703494 0.0596996 0.0464803 0.0509421 0.0774726 0.0713963 0.0522890 0.0666593 0.0780212 0.0658854 0.0610253 0.0489879 0.0488228 0.0609716 0.0671979 0.0458538 0.0456146 0.0471039 0.0567363 0.0413251 0.0589476 0.0579496 0.0442602 0.0399129 0.0619571 0.0823792 0.0604788 0.0563686 0.0521417 0.0429520 0.0662000 0.0470446 0.0693693 0.0679419 0.0425067 0.0717086 0.0462274 0.0455482 0.0582576 0.0494258 0.0637298 0.0605419 0.0484168 0.0466516 0.0519721 0.0599279 0.0810546 0.0496884 0.0805105 0.0508164 0.0432660 0.0660345 0.0605106 0.0477786 0.0651488 0.0777296 0.0570804 0.0440801 0.0488448 0.0437255 0.0653166 0.0573314 0.0551801 0.0759249 0.0452520 0.0486389 0.0523136 0.0425926 0.0583482 0.0699544 0.0701540 0.0488185 0.0693254 0.0481218 0.0585643 0.0543259 0.0424615 0.0469900 0.0423886 0.0607970 0.0462756 0.0786997 0.0629745 0.0546735 0.0454920 0.0630903 0.0837250 0.0598422 0.0621777 0.0413273 0.0470031 0.0509727 0.0492818 0.0473230 0.0474578 0.0613208 0.0607146 0.0619986 0.0754170 0.0487250 0.0604079 0.0670698 0.0629351 0.0474598 0.0975693 0.0470940 0.0521908 0.0485958 0.0647577 0.0621980 0.0780218 0.0434173 0.0465385 0.0432211 0.0482292 0.0793673 0.0472536 0.0677604 0.0691235 0.0625974 0.0612647 0.0620146 0.0735899 0.0698266 0.0584115 0.0517010 0.0673322 
I0187_115_Trogonidae_Trogon_elegans                       0.0422381 0.0548016 0.0000000 0.0566098 0.0625011 0.0187875 0.0468950 0.0531874 0.0715645 0.0680790 0.0462242 0.0652064 0.0568693 0.0595553 0.0628449 0.0498647 0.0364439 0.0609384 0.0416203 0.0610313 0.0652118 0.0419343 0.0450325 0.0413844 0.0544235 0.0443534 0.0677029 0.0702106 0.0710700 0.0446671 0.0618642 0.0601077 0.0603119 0.0610630 0.0506640 0.0698476 0.0643506 0.0727850 0.0616003 0.0805041 0.0626917 0.0593628 0.0999779 0.0846955 0.0923401 0.0681359 0.0735652 0.0528220 0.0651479 0.0493982 0.0643442 0.0602836 0.0440400 0.0582835 0.0594206 0.0641158 0.0526788 0.0513544 0.0456381 0.0611060 0.0598766 0.0459037 0.0440975 0.0825342 0.0575702 0.0693657 0.0568776 0.0442175 0.0491480 0.0757070 0.0698937 0.0519841 0.0658092 0.0754600 0.0642644 0.0603969 0.0476022 0.0462323 0.0594842 0.0687209 0.0454811 0.0433296 0.0454794 0.0548450 0.0545117 0.0584741 0.0584034 0.0419092 0.0389585 0.0613350 0.0800555 0.0608655 0.0543484 0.0489664 0.0403179 0.0644613 0.0514187 0.0679750 0.0672859 0.0412701 0.0717076 0.0435914 0.0425083 0.0568426 0.0547230 0.0635608 0.0587699 0.0463498 0.0451882 0.0509271 0.0591413 0.0776833 0.0477321 0.0777729 0.0473476 0.0412510 0.0655186 0.0601164 0.0454078 0.0641080 0.0742448 0.0554182 0.0426944 0.0472380 0.0419621 0.0642980 0.0550259 0.0535441 0.0734043 0.0423386 0.0474748 0.0497561 0.0403935 0.0572688 0.0698440 0.0696433 0.0479058 0.0682451 0.0471817 0.0571175 0.0513012 0.0403937 0.0446851 0.0406028 0.0593549 0.0446280 0.0768535 0.0607677 0.0526714 0.0427803 0.0628781 0.0804449 0.0587787 0.0607571 0.0397779 0.0440104 0.0472717 0.0463588 0.0443346 0.0460975 0.0593613 0.0583658 0.0595146 0.0733331 0.0480113 0.0595704 0.0671091 0.0608413 0.0461372 0.0970036 0.0453763 0.0520467 0.0473202 0.0654108 0.0634096 0.0768501 0.0412517 0.0447040 0.0405427 0.0459153 0.0776043 0.0451023 0.0683381 0.0689389 0.0618118 0.0597114 0.0627263 0.0733216 0.0712944 0.0565898 0.0509195 0.0651950 
I0188_135_Apodidae_Streptoprocne_zonaris                  0.0425368 0.0577524 0.0566098 0.0000000 0.0624366 0.0582130 0.0459290 0.0501350 0.0753804 0.0687210 0.0453716 0.0652662 0.0588146 0.0621336 0.0648890 0.0487112 0.0347795 0.0644851 0.0413228 0.0646450 0.0657763 0.0426895 0.0415041 0.0392671 0.0502949 0.0421877 0.0685890 0.0704894 0.0734381 0.0452041 0.0631885 0.0624579 0.0459794 0.0474758 0.0475643 0.0706797 0.0662680 0.0755144 0.0638260 0.0794892 0.0656244 0.0610724 0.0987335 0.0820951 0.0906343 0.0686308 0.0759222 0.0551860 0.0630563 0.0499914 0.0655425 0.0615970 0.0418300 0.0585221 0.0616368 0.0649233 0.0489500 0.0468932 0.0434808 0.0653850 0.0226272 0.0460866 0.0403141 0.0827871 0.0604021 0.0711918 0.0555130 0.0422540 0.0462974 0.0763859 0.0707680 0.0458954 0.0678534 0.0710116 0.0654097 0.0624225 0.0472175 0.0461612 0.0612178 0.0669987 0.0441243 0.0433082 0.0434490 0.0553071 0.0546621 0.0578673 0.0575255 0.0396466 0.0377544 0.0467353 0.0802159 0.0588995 0.0544641 0.0473898 0.0407478 0.0643673 0.0509232 0.0678225 0.0672565 0.0396530 0.0731656 0.0435621 0.0411350 0.0539153 0.0543503 0.0614561 0.0562372 0.0470226 0.0421014 0.0490877 0.0588763 0.0778284 0.0459420 0.0766714 0.0442589 0.0392603 0.0669634 0.0579433 0.0440750 0.0660860 0.0705409 0.0564894 0.0403293 0.0463725 0.0406863 0.0644774 0.0223101 0.0550274 0.0685860 0.0411442 0.0451137 0.0415329 0.0391812 0.0551190 0.0707916 0.0681241 0.0427250 0.0681628 0.0450359 0.0562322 0.0496707 0.0388779 0.0417756 0.0396760 0.0577744 0.0424835 0.0717583 0.0625779 0.0505656 0.0409457 0.0657065 0.0769281 0.0593022 0.0624273 0.0382812 0.0448381 0.0456183 0.0453304 0.0448644 0.0452968 0.0572718 0.0566803 0.0581622 0.0763306 0.0477906 0.0565880 0.0690230 0.0641148 0.0456517 0.0974171 0.0414634 0.0481449 0.0424366 0.0653242 0.0643752 0.0762846 0.0409285 0.0436505 0.0397848 0.0466159 0.0720822 0.0450630 0.0681494 0.0707724 0.0621282 0.0606048 0.0642233 0.0738613 0.0707878 0.0554844 0.0528459 0.0635126 
I0189_225_Eurylaimidae_Smithornis_rufolateralis           0.0514102 0.0631906 0.0625011 0.0624366 0.0000000 0.0635126 0.0549800 0.0606583 0.0811675 0.0749785 0.0551299 0.0461295 0.0636864 0.0661540 0.0387281 0.0577040 0.0442747 0.0373819 0.0515754 0.0375039 0.0396152 0.0506251 0.0524669 0.0498724 0.0608060 0.0527333 0.0740535 0.0511415 0.0528857 0.0537144 0.0367393 0.0365281 0.0677871 0.0681338 0.0576517 0.0523701 0.0395668 0.0799024 0.0368399 0.0866097 0.0388318 0.0346299 0.1044196 0.0882267 0.0943131 0.0489823 0.0803671 0.0603391 0.0677417 0.0584691 0.0395257 0.0361474 0.0523622 0.0641547 0.0346248 0.0386976 0.0588907 0.0597080 0.0536189 0.0379426 0.0650615 0.0547447 0.0512704 0.0889939 0.0339916 0.0744563 0.0654524 0.0520135 0.0587090 0.0833218 0.0746474 0.0584509 0.0737930 0.0812377 0.0390242 0.0361023 0.0576148 0.0550067 0.0358497 0.0725010 0.0515546 0.0516212 0.0532804 0.0608554 0.0611216 0.0646994 0.0641827 0.0513207 0.0469270 0.0691797 0.0861989 0.0672673 0.0603339 0.0567335 0.0495834 0.0692718 0.0591445 0.0730475 0.0732736 0.0501432 0.0765940 0.0531710 0.0514759 0.0630717 0.0607037 0.0707579 0.0659494 0.0552705 0.0531179 0.0589834 0.0655968 0.0854662 0.0561703 0.0834525 0.0561118 0.0494969 0.0407033 0.0682780 0.0531691 0.0467488 0.0808408 0.0622444 0.0511594 0.0543759 0.0506486 0.0298450 0.0608765 0.0595398 0.0799121 0.0513964 0.0549601 0.0559569 0.0491951 0.0649896 0.0752024 0.0742828 0.0564036 0.0318839 0.0549955 0.0645142 0.0599977 0.0505366 0.0530933 0.0496896 0.0678238 0.0535709 0.0801535 0.0696374 0.0597233 0.0513394 0.0711829 0.0873194 0.0403021 0.0354873 0.0482224 0.0527751 0.0579897 0.0549572 0.0533005 0.0553985 0.0648613 0.0645332 0.0682521 0.0791831 0.0572217 0.0671112 0.0419805 0.0370542 0.0551921 0.1022569 0.0538681 0.0592196 0.0537690 0.0295855 0.0451139 0.0838892 0.0509746 0.0528629 0.0504816 0.0560509 0.0836542 0.0537120 0.0482519 0.0502122 0.0435531 0.0214115 0.0449275 0.0540351 0.0527640 0.0629865 0.0592960 0.0492533 
I0190_295_Trogonidae_Apaloderma_aequatoriale              0.0432734 0.0547406 0.0187875 0.0582130 0.0635126 0.0000000 0.0469724 0.0538240 0.0723353 0.0689424 0.0463430 0.0656863 0.0567590 0.0602150 0.0643699 0.0499723 0.0366811 0.0628682 0.0424494 0.0619919 0.0657379 0.0427526 0.0457234 0.0419106 0.0543891 0.0450323 0.0679111 0.0709846 0.0720184 0.0454428 0.0621708 0.0619954 0.0616183 0.0622044 0.0510710 0.0713871 0.0651197 0.0748647 0.0621554 0.0820039 0.0637153 0.0609793 0.1017055 0.0857679 0.0928150 0.0686102 0.0752403 0.0532853 0.0656065 0.0495274 0.0657781 0.0606581 0.0445451 0.0583853 0.0609850 0.0643752 0.0531979 0.0518160 0.0462733 0.0627923 0.0606370 0.0462474 0.0447315 0.0839575 0.0592610 0.0702495 0.0575133 0.0451470 0.0501985 0.0772196 0.0715097 0.0527000 0.0656145 0.0767265 0.0651806 0.0612927 0.0484855 0.0466792 0.0613416 0.0681613 0.0463439 0.0445082 0.0463610 0.0554103 0.0548964 0.0590120 0.0592417 0.0426218 0.0387453 0.0621766 0.0827614 0.0615994 0.0541666 0.0501687 0.0410976 0.0652043 0.0517923 0.0689091 0.0673976 0.0413867 0.0721040 0.0443995 0.0430910 0.0571585 0.0544781 0.0647582 0.0590134 0.0470964 0.0457338 0.0514544 0.0591486 0.0799809 0.0493758 0.0799381 0.0487896 0.0414097 0.0667673 0.0613102 0.0466578 0.0649104 0.0758668 0.0551374 0.0428992 0.0472117 0.0422441 0.0643980 0.0563516 0.0542684 0.0745706 0.0434515 0.0482781 0.0509512 0.0409914 0.0573735 0.0707585 0.0701114 0.0488380 0.0689164 0.0477788 0.0584090 0.0518959 0.0403761 0.0456434 0.0410966 0.0609463 0.0452378 0.0767859 0.0609980 0.0532814 0.0429500 0.0623030 0.0816363 0.0596976 0.0623072 0.0401510 0.0451700 0.0484196 0.0475729 0.0453636 0.0468007 0.0603904 0.0596188 0.0609300 0.0751246 0.0484404 0.0605981 0.0685480 0.0629380 0.0472067 0.0982475 0.0459988 0.0526669 0.0480962 0.0662101 0.0637215 0.0774313 0.0422132 0.0459346 0.0415986 0.0466835 0.0780064 0.0458376 0.0687400 0.0699869 0.0627812 0.0608229 0.0629332 0.0744273 0.0720311 0.0568832 0.0508798 0.0654375 
I0192_375_Musophagidae_Tauraco_macrorhynchus              0.0335810 0.0501097 0.0468950 0.0459290 0.0549800 0.0469724 0.0000000 0.0434869 0.0676092 0.0639939 0.0195192 0.0577864 0.0523516 0.0538400 0.0558414 0.0394624 0.0254693 0.0552636 0.0318429 0.0552273 0.0584438 0.0339629 0.0345577 0.0313131 0.0436822 0.0336493 0.0626143 0.0642807 0.0658823 0.0368335 0.0537109 0.0532646 0.0504026 0.0510959 0.0414494 0.0641060 0.0573610 0.0667371 0.0548134 0.0727686 0.0563020 0.0526969 0.0926060 0.0744716 0.0837541 0.0606931 0.0682052 0.0474957 0.0551474 0.0403947 0.0580869 0.0533012 0.0333629 0.0518116 0.0536037 0.0565512 0.0422066 0.0404935 0.0347203 0.0552489 0.0502632 0.0373987 0.0339067 0.0755120 0.0515083 0.0626467 0.0492093 0.0338501 0.0405791 0.0683131 0.0622661 0.0404667 0.0608769 0.0664045 0.0571344 0.0537676 0.0375440 0.0377835 0.0533664 0.0621263 0.0375654 0.0344018 0.0353207 0.0486965 0.0477243 0.0521974 0.0513447 0.0321293 0.0286326 0.0520388 0.0738920 0.0515976 0.0469917 0.0398361 0.0306462 0.0565384 0.0439151 0.0603695 0.0623371 0.0301052 0.0642204 0.0334331 0.0324724 0.0471100 0.0473924 0.0540042 0.0494229 0.0390708 0.0335856 0.0408592 0.0530729 0.0725000 0.0378538 0.0708652 0.0373054 0.0307583 0.0580050 0.0504750 0.0357769 0.0577712 0.0652535 0.0493473 0.0322953 0.0375609 0.0322013 0.0572469 0.0449411 0.0475299 0.0638835 0.0319749 0.0372683 0.0408685 0.0314632 0.0476016 0.0658538 0.0604234 0.0372638 0.0618962 0.0371849 0.0482031 0.0423750 0.0307034 0.0340418 0.0303898 0.0499933 0.0338883 0.0681120 0.0545501 0.0433319 0.0331016 0.0563160 0.0709012 0.0526419 0.0542963 0.0292627 0.0345708 0.0364353 0.0364407 0.0364232 0.0369751 0.0493775 0.0480070 0.0504195 0.0665896 0.0381257 0.0496999 0.0610828 0.0548763 0.0363645 0.0903633 0.0338110 0.0426832 0.0373476 0.0575356 0.0566868 0.0700866 0.0322491 0.0357106 0.0311588 0.0383144 0.0671809 0.0366689 0.0619241 0.0632271 0.0552543 0.0523881 0.0562967 0.0656503 0.0648844 0.0468863 0.0462864 0.0561074 
I0193_447_Columbidae_Treron_calvus                        0.0404262 0.0530837 0.0531874 0.0501350 0.0606583 0.0538240 0.0434869 0.0000000 0.0709577 0.0689922 0.0423310 0.0620936 0.0562255 0.0574249 0.0615492 0.0456811 0.0245337 0.0606339 0.0384978 0.0602035 0.0634606 0.0399815 0.0402711 0.0380932 0.0191784 0.0404018 0.0674200 0.0673279 0.0695952 0.0428592 0.0604252 0.0587023 0.0568162 0.0577543 0.0163859 0.0679395 0.0619464 0.0708973 0.0598770 0.0772070 0.0617775 0.0585734 0.0967382 0.0817530 0.0872175 0.0646520 0.0726312 0.0534174 0.0620529 0.0477364 0.0620242 0.0592493 0.0396216 0.0560063 0.0582353 0.0605566 0.0176290 0.0461310 0.0407316 0.0601188 0.0546007 0.0445981 0.0392822 0.0799526 0.0568094 0.0672363 0.0546436 0.0404117 0.0474787 0.0713809 0.0673316 0.0456227 0.0659560 0.0708074 0.0622096 0.0594263 0.0432483 0.0446943 0.0585587 0.0657069 0.0364667 0.0405789 0.0408329 0.0529616 0.0530042 0.0559833 0.0570125 0.0383949 0.0352459 0.0580362 0.0770207 0.0561064 0.0520342 0.0459314 0.0377891 0.0615496 0.0494000 0.0658712 0.0659747 0.0372652 0.0692217 0.0411979 0.0393527 0.0513803 0.0524801 0.0601213 0.0532146 0.0452114 0.0402299 0.0476327 0.0553663 0.0753120 0.0439718 0.0750490 0.0453239 0.0375225 0.0622992 0.0558900 0.0425762 0.0621493 0.0702442 0.0530189 0.0384751 0.0444028 0.0382770 0.0622542 0.0498232 0.0514201 0.0683887 0.0389063 0.0432671 0.0452249 0.0369913 0.0534523 0.0684863 0.0650069 0.0434816 0.0650671 0.0425459 0.0535267 0.0473466 0.0367355 0.0405001 0.0372496 0.0556970 0.0404822 0.0727998 0.0576423 0.0485631 0.0402719 0.0594821 0.0763708 0.0569151 0.0594718 0.0362544 0.0423368 0.0439459 0.0430366 0.0413609 0.0425021 0.0556606 0.0543349 0.0555240 0.0703308 0.0438981 0.0554595 0.0641654 0.0602627 0.0422727 0.0939146 0.0411989 0.0159098 0.0428124 0.0625943 0.0608936 0.0739417 0.0383907 0.0416315 0.0382427 0.0451979 0.0725833 0.0416697 0.0654259 0.0663985 0.0593375 0.0565491 0.0606241 0.0700006 0.0684448 0.0527933 0.0511530 0.0616004 
I0194_495_Alcedinidae_Alcedo_quadribrachys                0.0619268 0.0590459 0.0715645 0.0753804 0.0811675 0.0723353 0.0676092 0.0709577 0.0000000 0.0831873 0.0668584 0.0823092 0.0747449 0.0682932 0.0803789 0.0660600 0.0569613 0.0795606 0.0616654 0.0795761 0.0840606 0.0598657 0.0627624 0.0602952 0.0716774 0.0630474 0.0818518 0.0850163 0.0873390 0.0647505 0.0795712 0.0787719 0.0787818 0.0778473 0.0687531 0.0873012 0.0808527 0.0905519 0.0798837 0.0955807 0.0815396 0.0777498 0.1144142 0.0988220 0.1076738 0.0823928 0.0904021 0.0595015 0.0833524 0.0694264 0.0824823 0.0781531 0.0633913 0.0759699 0.0772002 0.0800492 0.0694401 0.0700429 0.0655529 0.0802370 0.0767647 0.0658830 0.0620943 0.0977078 0.0768793 0.0828138 0.0750205 0.0626068 0.0670438 0.0904231 0.0859951 0.0689339 0.0811593 0.0928557 0.0816970 0.0778287 0.0663815 0.0665438 0.0781724 0.0814903 0.0594571 0.0624751 0.0643907 0.0734625 0.0481119 0.0755616 0.0726695 0.0617102 0.0578001 0.0774792 0.0965289 0.0755927 0.0731732 0.0681585 0.0612092 0.0808408 0.0620342 0.0832338 0.0816564 0.0608960 0.0849737 0.0636055 0.0619953 0.0740501 0.0647834 0.0785840 0.0762124 0.0661437 0.0641260 0.0685323 0.0775956 0.0960477 0.0666396 0.0951123 0.0673919 0.0600592 0.0828049 0.0783664 0.0651528 0.0796290 0.0933646 0.0746156 0.0617651 0.0668076 0.0612368 0.0798376 0.0737366 0.0719486 0.0913048 0.0626121 0.0662297 0.0691894 0.0604594 0.0754557 0.0848008 0.0852802 0.0660511 0.0865454 0.0662919 0.0735839 0.0722068 0.0605239 0.0639251 0.0606334 0.0760304 0.0640880 0.0930784 0.0783815 0.0716553 0.0620484 0.0784712 0.0979355 0.0752353 0.0786361 0.0589791 0.0642408 0.0675766 0.0660080 0.0640253 0.0638571 0.0768822 0.0779710 0.0769137 0.0907039 0.0648264 0.0763943 0.0838450 0.0788166 0.0633406 0.1121956 0.0644264 0.0700914 0.0663929 0.0820852 0.0801825 0.0927661 0.0607111 0.0639238 0.0589146 0.0641599 0.0936519 0.0638178 0.0816334 0.0858591 0.0793081 0.0774560 0.0797131 0.0877122 0.0873867 0.0727377 0.0693260 0.0804181 
I0195_522_Ramphastidae_Buccanodon_duchaillui              0.0589409 0.0691256 0.0680790 0.0687210 0.0749785 0.0689424 0.0639939 0.0689922 0.0831873 0.0000000 0.0640238 0.0771370 0.0707952 0.0721695 0.0769218 0.0654335 0.0517312 0.0758175 0.0580408 0.0755774 0.0783601 0.0584556 0.0595601 0.0561780 0.0697880 0.0603083 0.0430778 0.0820330 0.0853957 0.0596627 0.0746239 0.0748177 0.0733644 0.0747267 0.0651640 0.0816598 0.0790315 0.0881565 0.0756349 0.0947408 0.0763859 0.0737528 0.1135326 0.0983589 0.1064664 0.0800598 0.0855252 0.0660708 0.0784010 0.0653994 0.0777014 0.0731586 0.0599475 0.0716873 0.0729047 0.0773930 0.0663793 0.0661911 0.0615295 0.0766042 0.0724710 0.0611031 0.0567625 0.0958654 0.0731121 0.0851040 0.0728025 0.0601938 0.0641264 0.0904597 0.0854728 0.0657782 0.0441339 0.0891356 0.0777972 0.0747766 0.0629114 0.0614762 0.0743756 0.0271198 0.0519179 0.0591678 0.0621226 0.0686823 0.0665011 0.0662293 0.0632245 0.0573889 0.0542711 0.0742655 0.0938264 0.0734788 0.0680561 0.0649136 0.0573103 0.0809277 0.0644341 0.0840752 0.0247921 0.0581641 0.0875376 0.0587723 0.0587607 0.0705955 0.0633063 0.0758298 0.0727177 0.0621006 0.0600292 0.0666656 0.0723792 0.0935596 0.0630093 0.0908036 0.0639451 0.0560991 0.0787649 0.0738999 0.0617747 0.0775131 0.0878185 0.0699739 0.0586356 0.0620168 0.0581854 0.0768560 0.0683015 0.0682299 0.0864161 0.0590445 0.0634964 0.0649242 0.0575551 0.0732137 0.0329463 0.0843587 0.0621620 0.0800940 0.0624950 0.0718290 0.0674642 0.0573109 0.0609509 0.0577170 0.0733353 0.0607575 0.0866114 0.0755040 0.0686014 0.0583767 0.0759697 0.0948909 0.0726670 0.0738888 0.0555760 0.0604397 0.0641495 0.0618074 0.0600309 0.0606794 0.0734668 0.0728063 0.0735369 0.0877767 0.0640222 0.0733796 0.0811577 0.0754002 0.0631172 0.1140983 0.0616315 0.0673628 0.0625882 0.0771391 0.0769653 0.0913376 0.0583506 0.0596829 0.0554849 0.0618827 0.0903262 0.0590845 0.0795638 0.0824272 0.0752453 0.0729542 0.0772209 0.0856306 0.0835938 0.0703289 0.0654175 0.0774334 
I0196_523_Musophagidae_Corythaeola_cristata               0.0331042 0.0494236 0.0462242 0.0453716 0.0551299 0.0463430 0.0195192 0.0423310 0.0668584 0.0640238 0.0000000 0.0575227 0.0509784 0.0527521 0.0554756 0.0388198 0.0248021 0.0552100 0.0308385 0.0554722 0.0578893 0.0335606 0.0330051 0.0304483 0.0433927 0.0330025 0.0626036 0.0635933 0.0659988 0.0357996 0.0541113 0.0548614 0.0504699 0.0513254 0.0399514 0.0641755 0.0566938 0.0673860 0.0555194 0.0739225 0.0565737 0.0529504 0.0927354 0.0739642 0.0834628 0.0605138 0.0672349 0.0470777 0.0554874 0.0402287 0.0578238 0.0534709 0.0330867 0.0514403 0.0535071 0.0566136 0.0419337 0.0402017 0.0346345 0.0554812 0.0505560 0.0366714 0.0337242 0.0761912 0.0511247 0.0632551 0.0490270 0.0329168 0.0405604 0.0682378 0.0625899 0.0405077 0.0608712 0.0651200 0.0571481 0.0543964 0.0373332 0.0366882 0.0537520 0.0616294 0.0363658 0.0333031 0.0345141 0.0482027 0.0468318 0.0513431 0.0514197 0.0307291 0.0275656 0.0515462 0.0728066 0.0512765 0.0469721 0.0397643 0.0296619 0.0561057 0.0429841 0.0611546 0.0614051 0.0297777 0.0644922 0.0335619 0.0314922 0.0457803 0.0470691 0.0531017 0.0479323 0.0372679 0.0331782 0.0408427 0.0522944 0.0717700 0.0372452 0.0697538 0.0365357 0.0296753 0.0581402 0.0501663 0.0343429 0.0583633 0.0633269 0.0482187 0.0312728 0.0371942 0.0308951 0.0566969 0.0443194 0.0472192 0.0621234 0.0318906 0.0365089 0.0396885 0.0302210 0.0483058 0.0651912 0.0598673 0.0366467 0.0607596 0.0362308 0.0484289 0.0411595 0.0296250 0.0330974 0.0298210 0.0492222 0.0327762 0.0674886 0.0537633 0.0422808 0.0323265 0.0560249 0.0696284 0.0524882 0.0542306 0.0280553 0.0340203 0.0363344 0.0360014 0.0345073 0.0360847 0.0489546 0.0478520 0.0497568 0.0672234 0.0380276 0.0489967 0.0594921 0.0546877 0.0362926 0.0889858 0.0330921 0.0416874 0.0360003 0.0569787 0.0562403 0.0692049 0.0307197 0.0352372 0.0304473 0.0372488 0.0658313 0.0349041 0.0616023 0.0637661 0.0553230 0.0528819 0.0556477 0.0661575 0.0645509 0.0464008 0.0452231 0.0560293 
I0197_832_Corvidae_Corvus_albus                           0.0540313 0.0654164 0.0652064 0.0652662 0.0461295 0.0656863 0.0577864 0.0620936 0.0823092 0.0771370 0.0575227 0.0000000 0.0663018 0.0674739 0.0457158 0.0592663 0.0487876 0.0433028 0.0547206 0.0439104 0.0497385 0.0543078 0.0546086 0.0524998 0.0633389 0.0557565 0.0771797 0.0279777 0.0305797 0.0566789 0.0446664 0.0436859 0.0696439 0.0692899 0.0601776 0.0294843 0.0468712 0.0816285 0.0446980 0.0887800 0.0457099 0.0427625 0.1058311 0.0906415 0.0982897 0.0254733 0.0814996 0.0627445 0.0714231 0.0603529 0.0477929 0.0434430 0.0558394 0.0678262 0.0434142 0.0455556 0.0615799 0.0622418 0.0572093 0.0448051 0.0677005 0.0572520 0.0525179 0.0916521 0.0412702 0.0756359 0.0671854 0.0558048 0.0608904 0.0851621 0.0766275 0.0614638 0.0766806 0.0854097 0.0480979 0.0434232 0.0582693 0.0576010 0.0430198 0.0754982 0.0535321 0.0546616 0.0574563 0.0643013 0.0648366 0.0688917 0.0669722 0.0536663 0.0495847 0.0701117 0.0885429 0.0702143 0.0637870 0.0593505 0.0531451 0.0709484 0.0625156 0.0744507 0.0761692 0.0525963 0.0771679 0.0556905 0.0555469 0.0647424 0.0639501 0.0712042 0.0671891 0.0574514 0.0555978 0.0600982 0.0686897 0.0874271 0.0589981 0.0867251 0.0597556 0.0529593 0.0485846 0.0703606 0.0564579 0.0330777 0.0846422 0.0652165 0.0551289 0.0571893 0.0540704 0.0476524 0.0636574 0.0637156 0.0838459 0.0552098 0.0585246 0.0587579 0.0534316 0.0672460 0.0784043 0.0773978 0.0593080 0.0508297 0.0575917 0.0658817 0.0623431 0.0533310 0.0559851 0.0535087 0.0674260 0.0560715 0.0819612 0.0703074 0.0622578 0.0556941 0.0711471 0.0915623 0.0305139 0.0443030 0.0524279 0.0557524 0.0594950 0.0590857 0.0551649 0.0590408 0.0677555 0.0672713 0.0674407 0.0813112 0.0585792 0.0669458 0.0505881 0.0431661 0.0567736 0.1057961 0.0563914 0.0607846 0.0568418 0.0468358 0.0310013 0.0847469 0.0536354 0.0559035 0.0536024 0.0576070 0.0878729 0.0553830 0.0259410 0.0276358 0.0123705 0.0434766 0.0311512 0.0305956 0.0292695 0.0651192 0.0614792 0.0523502 
I0198_937_Bucerotidae_Tockus_camurus                      0.0461091 0.0565923 0.0568693 0.0588146 0.0636864 0.0567590 0.0523516 0.0562255 0.0747449 0.0707952 0.0509784 0.0663018 0.0000000 0.0599395 0.0650325 0.0532939 0.0394129 0.0639794 0.0454101 0.0643073 0.0675484 0.0449192 0.0476658 0.0438972 0.0557291 0.0469864 0.0712764 0.0716874 0.0734471 0.0487033 0.0641111 0.0636864 0.0634131 0.0625892 0.0531402 0.0717265 0.0673475 0.0778259 0.0646937 0.0848896 0.0652362 0.0623344 0.1019993 0.0861560 0.0930437 0.0689918 0.0700854 0.0546946 0.0678301 0.0527381 0.0661166 0.0630554 0.0472868 0.0615975 0.0621230 0.0654577 0.0541621 0.0553824 0.0490323 0.0649249 0.0622829 0.0504335 0.0468583 0.0864681 0.0612854 0.0735811 0.0612573 0.0475967 0.0534358 0.0800723 0.0737656 0.0538096 0.0702673 0.0778183 0.0657005 0.0628434 0.0515341 0.0500939 0.0626234 0.0682288 0.0471533 0.0467315 0.0494501 0.0587076 0.0558468 0.0597370 0.0598122 0.0446937 0.0414541 0.0637770 0.0845312 0.0625824 0.0579973 0.0523486 0.0442160 0.0688239 0.0532331 0.0714283 0.0694077 0.0447038 0.0751349 0.0470166 0.0456688 0.0590882 0.0562354 0.0662242 0.0606131 0.0485855 0.0483608 0.0537952 0.0621190 0.0830277 0.0511946 0.0818000 0.0515541 0.0436906 0.0673026 0.0642848 0.0493140 0.0660551 0.0772011 0.0587436 0.0457114 0.0495384 0.0451780 0.0651759 0.0575757 0.0579683 0.0750236 0.0455160 0.0504276 0.0529485 0.0441485 0.0617058 0.0719892 0.0715887 0.0499567 0.0693062 0.0505461 0.0610828 0.0549599 0.0438106 0.0474816 0.0440706 0.0637481 0.0480154 0.0786717 0.0641905 0.0562078 0.0461530 0.0669013 0.0815254 0.0607181 0.0628507 0.0431709 0.0474217 0.0514778 0.0503235 0.0474787 0.0493514 0.0638362 0.0603111 0.0645816 0.0776381 0.0524034 0.0631302 0.0681636 0.0634583 0.0502296 0.0999905 0.0481775 0.0543703 0.0493678 0.0656727 0.0646857 0.0815578 0.0442545 0.0472931 0.0440540 0.0498364 0.0782868 0.0477642 0.0688071 0.0712781 0.0637303 0.0610317 0.0646280 0.0738324 0.0725503 0.0593802 0.0230560 0.0651565 
I0199_955_Meropidae_Merops_muelleri                       0.0492035 0.0523363 0.0595553 0.0621336 0.0661540 0.0602150 0.0538400 0.0574249 0.0682932 0.0721695 0.0527521 0.0674739 0.0599395 0.0000000 0.0655539 0.0537903 0.0430209 0.0647421 0.0497686 0.0652216 0.0691032 0.0491969 0.0517823 0.0482989 0.0584799 0.0502880 0.0705754 0.0731860 0.0749562 0.0522583 0.0656106 0.0646782 0.0649274 0.0655576 0.0557908 0.0741342 0.0685884 0.0754531 0.0656998 0.0833785 0.0674772 0.0650702 0.1011310 0.0884928 0.0952585 0.0700099 0.0779368 0.0510701 0.0701715 0.0562923 0.0672734 0.0645819 0.0502168 0.0624365 0.0645641 0.0662746 0.0565282 0.0581844 0.0525569 0.0659710 0.0635046 0.0530292 0.0512029 0.0851597 0.0625906 0.0711242 0.0626250 0.0509583 0.0561336 0.0790535 0.0742058 0.0571132 0.0699289 0.0810847 0.0674763 0.0635385 0.0542470 0.0533576 0.0636455 0.0710278 0.0481395 0.0494172 0.0513103 0.0606415 0.0528784 0.0620248 0.0609485 0.0492974 0.0445937 0.0649307 0.0832787 0.0649441 0.0594308 0.0548874 0.0472386 0.0686217 0.0513883 0.0717653 0.0711163 0.0471226 0.0735631 0.0507250 0.0494113 0.0612405 0.0504468 0.0656428 0.0636585 0.0530150 0.0513724 0.0554282 0.0640823 0.0823477 0.0545387 0.0802397 0.0559275 0.0475043 0.0675830 0.0649864 0.0523774 0.0678938 0.0800463 0.0603929 0.0487509 0.0541025 0.0487350 0.0670742 0.0608523 0.0591845 0.0799846 0.0499488 0.0538306 0.0554971 0.0470526 0.0631021 0.0731396 0.0725306 0.0548044 0.0729622 0.0535754 0.0629357 0.0592762 0.0470966 0.0507891 0.0473643 0.0640422 0.0510844 0.0813519 0.0653401 0.0593142 0.0500173 0.0662175 0.0868282 0.0637028 0.0652533 0.0472027 0.0518429 0.0536218 0.0528579 0.0513397 0.0521455 0.0644992 0.0632285 0.0650200 0.0754201 0.0522872 0.0645725 0.0697269 0.0652638 0.0513768 0.1006197 0.0516746 0.0563165 0.0534163 0.0675808 0.0666160 0.0789431 0.0488567 0.0515998 0.0476591 0.0525329 0.0828213 0.0517354 0.0694445 0.0717486 0.0647635 0.0635546 0.0661481 0.0760046 0.0744109 0.0610308 0.0546426 0.0682677 
I0200_988_Furnariidae_Furnarius_rufus                     0.0519034 0.0634426 0.0628449 0.0648890 0.0387281 0.0643699 0.0558414 0.0615492 0.0803789 0.0769218 0.0554756 0.0457158 0.0650325 0.0655539 0.0000000 0.0589666 0.0463537 0.0339572 0.0525700 0.0336150 0.0299746 0.0516548 0.0537289 0.0510952 0.0615313 0.0537418 0.0771098 0.0505478 0.0526863 0.0549485 0.0337227 0.0333725 0.0690230 0.0687993 0.0580110 0.0526026 0.0167287 0.0778054 0.0341056 0.0862018 0.0356551 0.0321007 0.1046280 0.0909048 0.0965357 0.0490039 0.0797786 0.0600591 0.0687104 0.0591622 0.0288456 0.0328878 0.0547173 0.0649687 0.0322232 0.0143512 0.0594392 0.0613303 0.0559645 0.0345254 0.0669660 0.0556206 0.0526884 0.0881174 0.0311061 0.0728820 0.0645869 0.0538008 0.0578850 0.0827216 0.0741229 0.0599092 0.0761932 0.0831567 0.0296855 0.0328885 0.0573975 0.0559184 0.0326835 0.0746677 0.0529849 0.0523031 0.0551060 0.0620112 0.0624645 0.0670315 0.0658960 0.0525626 0.0480655 0.0688735 0.0867567 0.0688877 0.0608788 0.0575624 0.0511047 0.0687847 0.0608788 0.0714620 0.0750638 0.0508095 0.0745567 0.0536331 0.0539151 0.0645948 0.0612225 0.0704053 0.0670544 0.0560483 0.0541452 0.0596269 0.0667431 0.0838629 0.0578681 0.0842401 0.0576530 0.0510830 0.0297841 0.0695427 0.0540715 0.0462775 0.0822195 0.0626190 0.0519896 0.0548720 0.0520294 0.0391776 0.0626920 0.0603803 0.0808902 0.0522239 0.0570176 0.0554005 0.0509273 0.0655649 0.0780527 0.0748574 0.0571182 0.0424515 0.0561628 0.0658250 0.0626173 0.0513648 0.0545168 0.0514345 0.0688444 0.0547603 0.0824080 0.0694187 0.0622262 0.0535004 0.0713966 0.0890862 0.0400427 0.0332085 0.0498799 0.0539279 0.0583954 0.0571348 0.0527018 0.0571427 0.0657700 0.0657120 0.0692797 0.0775921 0.0586254 0.0687424 0.0299833 0.0333561 0.0565434 0.1036614 0.0543651 0.0594101 0.0546576 0.0389622 0.0448522 0.0826730 0.0525918 0.0537592 0.0522720 0.0571012 0.0848154 0.0535565 0.0487941 0.0496984 0.0436673 0.0363118 0.0447512 0.0539981 0.0528549 0.0647514 0.0589738 0.0485994 
I0201_999_Scolopacidae_Tringa_solitaria                   0.0369544 0.0493933 0.0498647 0.0487112 0.0577040 0.0499723 0.0394624 0.0456811 0.0660600 0.0654335 0.0388198 0.0592663 0.0532939 0.0537903 0.0589666 0.0000000 0.0293884 0.0570967 0.0351055 0.0576214 0.0612801 0.0364632 0.0311998 0.0336598 0.0461901 0.0296540 0.0634078 0.0656021 0.0679282 0.0397152 0.0564041 0.0563810 0.0533450 0.0539048 0.0431277 0.0661618 0.0596102 0.0662517 0.0575905 0.0743877 0.0593315 0.0557602 0.0924653 0.0754192 0.0847538 0.0623404 0.0703845 0.0486120 0.0586050 0.0440643 0.0603795 0.0555025 0.0363949 0.0528666 0.0556672 0.0590490 0.0442061 0.0426000 0.0382442 0.0575553 0.0525141 0.0402179 0.0375015 0.0774204 0.0532788 0.0628663 0.0503500 0.0370737 0.0420108 0.0681865 0.0647128 0.0428870 0.0615159 0.0675173 0.0601554 0.0560846 0.0403029 0.0405001 0.0552289 0.0635346 0.0395422 0.0373348 0.0283402 0.0496192 0.0486699 0.0544960 0.0529158 0.0350031 0.0316083 0.0545151 0.0742688 0.0336065 0.0485867 0.0427261 0.0329855 0.0574821 0.0462716 0.0608200 0.0636643 0.0324073 0.0653840 0.0385811 0.0350427 0.0487665 0.0481054 0.0564599 0.0497930 0.0420667 0.0305972 0.0422100 0.0540120 0.0734414 0.0407337 0.0715527 0.0390754 0.0329060 0.0614962 0.0525516 0.0380097 0.0587421 0.0662965 0.0505745 0.0350677 0.0409816 0.0339454 0.0595458 0.0477915 0.0498327 0.0637098 0.0360596 0.0305847 0.0425728 0.0325681 0.0491160 0.0673378 0.0610678 0.0395215 0.0629728 0.0298469 0.0311819 0.0444963 0.0327281 0.0364555 0.0329149 0.0513810 0.0273221 0.0615735 0.0557069 0.0453539 0.0358616 0.0577376 0.0718865 0.0534611 0.0567227 0.0317080 0.0375216 0.0393332 0.0401781 0.0388648 0.0376445 0.0519184 0.0514881 0.0519995 0.0667946 0.0125977 0.0508244 0.0631228 0.0569379 0.0129507 0.0895498 0.0366509 0.0448583 0.0385168 0.0601618 0.0570383 0.0700108 0.0341805 0.0387176 0.0336285 0.0402288 0.0682385 0.0390853 0.0630494 0.0650518 0.0569671 0.0551517 0.0565730 0.0672568 0.0657592 0.0298708 0.0465679 0.0595087 
I0202_1066_Cathartidae_Cathartes_burrovianus              0.0191128 0.0371057 0.0364439 0.0347795 0.0442747 0.0366811 0.0254693 0.0245337 0.0569613 0.0517312 0.0248021 0.0487876 0.0394129 0.0430209 0.0463537 0.0293884 0.0000000 0.0462794 0.0183759 0.0458904 0.0475367 0.0198540 0.0215201 0.0173697 0.0292887 0.0216388 0.0504929 0.0549013 0.0565765 0.0229224 0.0444616 0.0452741 0.0407270 0.0418384 0.0259635 0.0545211 0.0473713 0.0580415 0.0454655 0.0643172 0.0470056 0.0428322 0.0844041 0.0655883 0.0755327 0.0519304 0.0548934 0.0355557 0.0485046 0.0276480 0.0471640 0.0435352 0.0201329 0.0395253 0.0437621 0.0472150 0.0282166 0.0296507 0.0222787 0.0461312 0.0402937 0.0243230 0.0240086 0.0661832 0.0424808 0.0535664 0.0379709 0.0207526 0.0292127 0.0592204 0.0528640 0.0299580 0.0500048 0.0538779 0.0473392 0.0444020 0.0262479 0.0245187 0.0439047 0.0495760 0.0265381 0.0192157 0.0220071 0.0355618 0.0351451 0.0382198 0.0395925 0.0184324 0.0042555 0.0425110 0.0634341 0.0415991 0.0344522 0.0291253 0.0164252 0.0461645 0.0308357 0.0501743 0.0494422 0.0181962 0.0549794 0.0198600 0.0193879 0.0358173 0.0354000 0.0441084 0.0372255 0.0255588 0.0212704 0.0289962 0.0393052 0.0631660 0.0241737 0.0611625 0.0245370 0.0164096 0.0483874 0.0404035 0.0214199 0.0488184 0.0534105 0.0360345 0.0168171 0.0233026 0.0169363 0.0456114 0.0336421 0.0349162 0.0506978 0.0195027 0.0243829 0.0296543 0.0160405 0.0379383 0.0528829 0.0528808 0.0252663 0.0514986 0.0245306 0.0379328 0.0311364 0.0163245 0.0214466 0.0162821 0.0398298 0.0219757 0.0594190 0.0428942 0.0316180 0.0194221 0.0454555 0.0587244 0.0415879 0.0442739 0.0149029 0.0216423 0.0255345 0.0246990 0.0209933 0.0254929 0.0404459 0.0397357 0.0404942 0.0581743 0.0281450 0.0403991 0.0503694 0.0458971 0.0263349 0.0822314 0.0213294 0.0267528 0.0252155 0.0474200 0.0468150 0.0600849 0.0179466 0.0212621 0.0181937 0.0243864 0.0548583 0.0214251 0.0525121 0.0535286 0.0453419 0.0424038 0.0467413 0.0575746 0.0558741 0.0362201 0.0323197 0.0472373 
I0203_1087_Tyrannidae_Hymenops_perspicillatus             0.0523303 0.0629287 0.0609384 0.0644851 0.0373819 0.0628682 0.0552636 0.0606339 0.0795606 0.0758175 0.0552100 0.0433028 0.0639794 0.0647421 0.0339572 0.0570967 0.0462794 0.0000000 0.0519937 0.0106395 0.0370856 0.0517288 0.0540658 0.0507305 0.0613835 0.0542151 0.0756705 0.0487224 0.0502993 0.0551794 0.0197700 0.0188909 0.0685713 0.0687168 0.0574838 0.0504049 0.0356109 0.0788082 0.0180990 0.0875439 0.0188372 0.0169404 0.1015949 0.0878309 0.0944365 0.0469930 0.0804725 0.0601497 0.0689958 0.0593611 0.0364252 0.0190648 0.0540615 0.0668061 0.0176862 0.0336940 0.0591239 0.0602510 0.0554603 0.0089591 0.0659596 0.0560300 0.0526697 0.0898865 0.0168774 0.0732689 0.0668382 0.0536321 0.0584017 0.0826894 0.0746537 0.0589739 0.0743406 0.0831696 0.0359844 0.0180054 0.0570643 0.0562881 0.0178584 0.0744457 0.0516729 0.0532107 0.0546262 0.0632230 0.0627258 0.0659527 0.0651256 0.0522177 0.0480867 0.0683378 0.0875738 0.0672350 0.0622123 0.0570953 0.0505769 0.0695677 0.0593017 0.0725838 0.0736608 0.0506085 0.0745927 0.0539567 0.0533066 0.0637509 0.0607818 0.0705751 0.0657791 0.0554653 0.0544941 0.0586857 0.0683918 0.0849205 0.0578769 0.0847651 0.0563881 0.0507557 0.0348582 0.0688916 0.0551364 0.0435763 0.0826412 0.0642096 0.0527698 0.0564997 0.0514766 0.0387340 0.0626964 0.0608680 0.0811951 0.0520917 0.0565227 0.0560830 0.0505363 0.0646814 0.0755355 0.0745716 0.0570728 0.0408302 0.0559400 0.0646323 0.0615327 0.0502230 0.0545884 0.0507154 0.0673138 0.0545322 0.0817756 0.0681962 0.0606304 0.0534021 0.0694396 0.0886152 0.0384631 0.0185985 0.0501165 0.0539754 0.0582731 0.0570227 0.0538212 0.0564611 0.0651896 0.0639972 0.0678247 0.0787372 0.0565457 0.0665133 0.0378452 0.0096346 0.0550574 0.1010352 0.0553734 0.0587468 0.0559722 0.0386196 0.0425225 0.0832945 0.0516817 0.0543534 0.0523159 0.0562177 0.0850588 0.0544276 0.0463244 0.0479598 0.0412105 0.0353388 0.0425304 0.0511097 0.0504225 0.0627525 0.0588867 0.0485245 
I0204_1174_Threskiornithidae_Harpiprion_caerulescens      0.0262202 0.0445673 0.0416203 0.0413228 0.0515754 0.0424494 0.0318429 0.0384978 0.0616654 0.0580408 0.0308385 0.0547206 0.0454101 0.0497686 0.0525700 0.0351055 0.0183759 0.0519937 0.0000000 0.0519036 0.0546301 0.0270794 0.0272149 0.0215748 0.0391794 0.0278329 0.0573983 0.0607851 0.0629810 0.0297141 0.0507890 0.0510439 0.0470653 0.0474897 0.0368291 0.0609549 0.0538548 0.0618584 0.0519632 0.0692253 0.0538935 0.0492890 0.0870961 0.0664671 0.0792526 0.0575554 0.0624316 0.0413610 0.0530518 0.0342722 0.0540863 0.0497435 0.0228258 0.0452532 0.0495840 0.0538293 0.0377555 0.0353068 0.0243408 0.0523063 0.0451915 0.0311344 0.0299818 0.0712242 0.0484939 0.0584301 0.0432189 0.0230478 0.0352367 0.0642626 0.0585217 0.0358466 0.0556761 0.0589613 0.0538553 0.0508242 0.0313843 0.0309902 0.0501059 0.0569995 0.0328197 0.0267139 0.0290381 0.0428880 0.0422359 0.0457402 0.0457818 0.0208099 0.0210937 0.0481419 0.0682095 0.0469184 0.0416849 0.0348219 0.0204563 0.0514674 0.0376463 0.0561333 0.0560394 0.0238322 0.0601622 0.0277093 0.0225972 0.0413747 0.0422220 0.0492831 0.0439388 0.0328078 0.0276697 0.0347947 0.0462070 0.0672984 0.0272314 0.0650564 0.0317888 0.0204096 0.0542850 0.0445030 0.0251974 0.0547165 0.0577446 0.0435426 0.0208245 0.0313731 0.0216342 0.0532616 0.0403024 0.0424865 0.0557889 0.0217851 0.0312042 0.0369077 0.0203307 0.0423625 0.0599791 0.0566843 0.0312137 0.0577887 0.0303830 0.0439087 0.0365343 0.0203999 0.0264823 0.0202511 0.0435949 0.0284030 0.0650396 0.0494655 0.0377241 0.0229039 0.0517859 0.0633360 0.0483209 0.0502645 0.0194731 0.0247545 0.0300639 0.0262944 0.0285160 0.0309238 0.0454810 0.0447465 0.0447413 0.0621501 0.0344208 0.0443895 0.0573810 0.0515002 0.0321727 0.0860629 0.0268232 0.0370529 0.0311759 0.0536617 0.0529935 0.0647880 0.0234744 0.0287475 0.0213279 0.0302234 0.0596079 0.0286913 0.0589985 0.0595715 0.0520857 0.0483620 0.0527732 0.0633215 0.0613340 0.0420748 0.0395893 0.0523312 
I0205_1183_Tyrannidae_Hirundinea_ferruginea               0.0518206 0.0623196 0.0610313 0.0646450 0.0375039 0.0619919 0.0552273 0.0602035 0.0795761 0.0755774 0.0554722 0.0439104 0.0643073 0.0652216 0.0336150 0.0576214 0.0458904 0.0106395 0.0519036 0.0000000 0.0373751 0.0515331 0.0530907 0.0507844 0.0612524 0.0540470 0.0761326 0.0491444 0.0508864 0.0550553 0.0194147 0.0189787 0.0686021 0.0684701 0.0573248 0.0503189 0.0358275 0.0788236 0.0172621 0.0870628 0.0184046 0.0166136 0.1028023 0.0881509 0.0948953 0.0472799 0.0802969 0.0602721 0.0681709 0.0593662 0.0359260 0.0188985 0.0538794 0.0661597 0.0176226 0.0343161 0.0587684 0.0598282 0.0554171 0.0111735 0.0657374 0.0563347 0.0523654 0.0893379 0.0170197 0.0733009 0.0673758 0.0532833 0.0580630 0.0827100 0.0755023 0.0589819 0.0736375 0.0823594 0.0358162 0.0175113 0.0564091 0.0561629 0.0177771 0.0744781 0.0524153 0.0528782 0.0545438 0.0628398 0.0622172 0.0665238 0.0657613 0.0519151 0.0480123 0.0684183 0.0869874 0.0682982 0.0616094 0.0577347 0.0505812 0.0697563 0.0590533 0.0727078 0.0737814 0.0504317 0.0751932 0.0531985 0.0529283 0.0632354 0.0607845 0.0710559 0.0652768 0.0546824 0.0539556 0.0589564 0.0677306 0.0843978 0.0573353 0.0848011 0.0568036 0.0506728 0.0355733 0.0686812 0.0546377 0.0449271 0.0819507 0.0634428 0.0524054 0.0564957 0.0511675 0.0390823 0.0624762 0.0603562 0.0808070 0.0519040 0.0563159 0.0563781 0.0502622 0.0642059 0.0758590 0.0740887 0.0564514 0.0416937 0.0566945 0.0656167 0.0612388 0.0501947 0.0538511 0.0506521 0.0673585 0.0545170 0.0829990 0.0685677 0.0602964 0.0532001 0.0698736 0.0882825 0.0384483 0.0183694 0.0501352 0.0539572 0.0578724 0.0569139 0.0538578 0.0562258 0.0648912 0.0646998 0.0675499 0.0782285 0.0568949 0.0669624 0.0370226 0.0107010 0.0556385 0.1012244 0.0548185 0.0579936 0.0552414 0.0389920 0.0433068 0.0830952 0.0514115 0.0540693 0.0516314 0.0557155 0.0856572 0.0540506 0.0475876 0.0480046 0.0412897 0.0352362 0.0431870 0.0518046 0.0506263 0.0634613 0.0588331 0.0480657 
