35
Burramyidae_Burramys_parvus                  0.0000000 0.0818659 0.0583996 0.0494346 0.0494462 0.0650047 0.0407785 0.0422030 0.0490745 0.0711996 0.0310761 0.0524344 0.0701611 0.0401865 0.0541320 0.0523076 0.0674805 0.0691563 0.0689977 0.0419282 0.0691847 0.0788717 0.0570683 0.0418368 0.0639293 0.0538901 0.0469775 0.0751696 0.0651198 0.0591441 0.0398991 0.0671579 0.0679175 0.0660622 0.0657644 
Notoryctidae_Notoryctes_typhlops             0.0818659 0.0000000 0.0946061 0.0788693 0.0764371 0.0999402 0.0704073 0.0738160 0.0754918 0.1082525 0.0630221 0.0890644 0.1053871 0.0711108 0.0938457 0.0889266 0.1023043 0.1130929 0.1096497 0.0706520 0.0978031 0.1005071 0.0891544 0.0770959 0.0917224 0.0951375 0.0781998 0.1015550 0.0999775 0.0948375 0.0717506 0.1030216 0.0987013 0.0992753 0.0975965 
Vombatidae_Lasiorhinus_latifrons             0.0583996 0.0946061 0.0000000 0.0666289 0.0666469 0.0755943 0.0511836 0.0557876 0.0651638 0.0829822 0.0482509 0.0629915 0.0858380 0.0562130 0.0693106 0.0611469 0.0765403 0.0902067 0.0859370 0.0571919 0.0767189 0.0778175 0.0634626 0.0566718 0.0719756 0.0634452 0.0587205 0.0877471 0.0817641 0.0736018 0.0553434 0.0837921 0.0776873 0.0795597 0.0736155 
Potoroidae_Bettongia_penicillata             0.0494346 0.0788693 0.0666289 0.0000000 0.0029172 0.0709886 0.0422046 0.0476970 0.0133599 0.0764376 0.0378760 0.0643866 0.0819888 0.0426711 0.0606453 0.0619118 0.0754228 0.0853911 0.0788658 0.0145427 0.0638722 0.0754780 0.0655026 0.0269051 0.0594314 0.0563969 0.0218293 0.0735051 0.0651200 0.0617356 0.0438247 0.0749611 0.0764175 0.0687042 0.0665809 
Potoroidae_Bettongia_lesueur                 0.0494462 0.0764371 0.0666469 0.0029172 0.0000000 0.0710077 0.0417146 0.0471802 0.0133561 0.0764592 0.0378284 0.0632514 0.0820127 0.0421748 0.0617470 0.0619274 0.0754438 0.0854189 0.0800963 0.0132830 0.0638440 0.0760884 0.0655198 0.0269102 0.0605416 0.0568848 0.0209559 0.0734712 0.0633012 0.0593203 0.0433282 0.0738105 0.0764389 0.0679775 0.0664835 
Dasyuridae_Dasyurus_maculatus                0.0650047 0.0999402 0.0755943 0.0709886 0.0710077 0.0000000 0.0639613 0.0666992 0.0712608 0.0919637 0.0509372 0.0187536 0.0195878 0.0659567 0.0840380 0.0195713 0.0063290 0.0228529 0.0912338 0.0562510 0.0905621 0.0871184 0.0205817 0.0722929 0.0716198 0.0723539 0.0675160 0.0971698 0.0795102 0.0847864 0.0671073 0.0875294 0.0047967 0.0765762 0.0869366 
Phalangeridae_Trichosurus_vulpecula          0.0407785 0.0704073 0.0511836 0.0422046 0.0417146 0.0639613 0.0000000 0.0185362 0.0432736 0.0675446 0.0142905 0.0536439 0.0720740 0.0167157 0.0523925 0.0546212 0.0647048 0.0751347 0.0689840 0.0395708 0.0608583 0.0650533 0.0563544 0.0414033 0.0561173 0.0487473 0.0418785 0.0626493 0.0570237 0.0497141 0.0162083 0.0633452 0.0645909 0.0602039 0.0546763 
Phalangeridae_Spilocuscus_maculatus          0.0422030 0.0738160 0.0557876 0.0476970 0.0471802 0.0666992 0.0185362 0.0000000 0.0457008 0.0729973 0.0094589 0.0587795 0.0731560 0.0115443 0.0556734 0.0597967 0.0686243 0.0782941 0.0741571 0.0399851 0.0639658 0.0691614 0.0616699 0.0442799 0.0597837 0.0498622 0.0433724 0.0688877 0.0607785 0.0512435 0.0110964 0.0686655 0.0708588 0.0653418 0.0620779 
Potoroidae_Aepyprymnus_rufescens             0.0490745 0.0754918 0.0651638 0.0133599 0.0133561 0.0712608 0.0432736 0.0457008 0.0000000 0.0763442 0.0379983 0.0645818 0.0804607 0.0397377 0.0592274 0.0621394 0.0745502 0.0826683 0.0780698 0.0137567 0.0620064 0.0796235 0.0646548 0.0283447 0.0577954 0.0554630 0.0205755 0.0740631 0.0654990 0.0583672 0.0414327 0.0754678 0.0749817 0.0684861 0.0710850 
Peramelidae_Perameles_nasuta                 0.0711996 0.1082525 0.0829822 0.0764376 0.0764592 0.0919637 0.0675446 0.0729973 0.0763442 0.0000000 0.0618982 0.0851960 0.0992986 0.0669282 0.0885479 0.0849995 0.0929187 0.1031432 0.0178090 0.0672914 0.1030975 0.0994969 0.0878229 0.0730337 0.0839416 0.0868652 0.0732212 0.1096354 0.0946800 0.0960149 0.0688404 0.0129193 0.0947694 0.0008028 0.0908497 
Phalangeridae_Strigocuscus_pelengensis       0.0310761 0.0630221 0.0482509 0.0378760 0.0378284 0.0509372 0.0142905 0.0094589 0.0379983 0.0618982 0.0000000 0.0499554 0.0566739 0.0085148 0.0440404 0.0505152 0.0522540 0.0633078 0.0602539 0.0326084 0.0550066 0.0592321 0.0510966 0.0364591 0.0493988 0.0437999 0.0372596 0.0594386 0.0525842 0.0404687 0.0084556 0.0559773 0.0552156 0.0588142 0.0537712 
Dasyuridae_Phascogale_tapoatafa              0.0524344 0.0890644 0.0629915 0.0643866 0.0632514 0.0187536 0.0536439 0.0587795 0.0645818 0.0851960 0.0499554 0.0000000 0.0265025 0.0586679 0.0719961 0.0044345 0.0217731 0.0316224 0.0852023 0.0549946 0.0794900 0.0766506 0.0086951 0.0615194 0.0666618 0.0699282 0.0598338 0.0898986 0.0772764 0.0770824 0.0593024 0.0832164 0.0217149 0.0762401 0.0743725 
Dasyuridae_Sminthopsis_macroura              0.0701611 0.1053871 0.0858380 0.0819888 0.0820127 0.0195878 0.0720740 0.0731560 0.0804607 0.0992986 0.0566739 0.0265025 0.0000000 0.0728320 0.0908880 0.0264809 0.0217570 0.0225107 0.0994247 0.0656040 0.0978600 0.0993041 0.0272273 0.0806213 0.0812182 0.0781886 0.0781454 0.1060107 0.0857202 0.0927016 0.0728175 0.0974923 0.0225662 0.0815515 0.0964357 
Phalangeridae_Phalanger_orientalis           0.0401865 0.0711108 0.0562130 0.0426711 0.0421748 0.0659567 0.0167157 0.0115443 0.0397377 0.0669282 0.0085148 0.0586679 0.0728320 0.0000000 0.0507082 0.0585245 0.0678545 0.0745928 0.0707506 0.0365664 0.0621340 0.0694984 0.0597861 0.0408114 0.0572376 0.0498717 0.0412985 0.0656651 0.0560154 0.0503716 0.0018253 0.0633644 0.0700603 0.0601432 0.0618767 
Acrobatidae_Acrobates_pygmaeus               0.0541320 0.0938457 0.0693106 0.0606453 0.0617470 0.0840380 0.0523925 0.0556734 0.0592274 0.0885479 0.0440404 0.0719961 0.0908880 0.0507082 0.0000000 0.0739527 0.0861663 0.0942961 0.0917314 0.0521841 0.0596194 0.0830862 0.0765063 0.0593612 0.0747785 0.0501222 0.0586945 0.0642770 0.0610312 0.0356259 0.0508949 0.0827231 0.0859633 0.0759380 0.0753273 
Dasyuridae_Phascogale_calura                 0.0523076 0.0889266 0.0611469 0.0619118 0.0619274 0.0195713 0.0546212 0.0597967 0.0621394 0.0849995 0.0505152 0.0044345 0.0264809 0.0585245 0.0739527 0.0000000 0.0217556 0.0321118 0.0837584 0.0532714 0.0793339 0.0771481 0.0090734 0.0579912 0.0653795 0.0717143 0.0574379 0.0902202 0.0783476 0.0769617 0.0591580 0.0830259 0.0216975 0.0760878 0.0736038 
Dasyuridae_Sarcophilus_harrisii              0.0674805 0.1023043 0.0765403 0.0754228 0.0754438 0.0063290 0.0647048 0.0686243 0.0745502 0.0929187 0.0522540 0.0217731 0.0217570 0.0678545 0.0861663 0.0217556 0.0000000 0.0248330 0.0921881 0.0569439 0.0902354 0.0866926 0.0228012 0.0719403 0.0743549 0.0749899 0.0696054 0.1009083 0.0802141 0.0858496 0.0690045 0.0898226 0.0067162 0.0774657 0.0864916 
Dasyuridae_Planigale_tenuirostris            0.0691563 0.1130929 0.0902067 0.0853911 0.0854189 0.0228529 0.0751347 0.0782941 0.0826683 0.1031432 0.0633078 0.0316224 0.0225107 0.0745928 0.0942961 0.0321118 0.0248330 0.0000000 0.1022571 0.0712969 0.1007546 0.1019909 0.0298777 0.0890909 0.0795854 0.0829776 0.0869385 0.1069509 0.0924503 0.0996312 0.0746942 0.1029515 0.0247494 0.0878587 0.0977288 
Peramelidae_Echymipera_kalubu                0.0689977 0.1096497 0.0859370 0.0788658 0.0800963 0.0912338 0.0689840 0.0741571 0.0780698 0.0178090 0.0602539 0.0852023 0.0994247 0.0707506 0.0917314 0.0837584 0.0921881 0.1022571 0.0000000 0.0677912 0.1061724 0.0985058 0.0872675 0.0735430 0.0826312 0.0890746 0.0742177 0.1131433 0.0967523 0.0976123 0.0720568 0.0149542 0.0946639 0.0135686 0.0899344 
Macropodidae_Dorcopsulus_vanheurni           0.0419282 0.0706520 0.0571919 0.0145427 0.0132830 0.0562510 0.0395708 0.0399851 0.0137567 0.0672914 0.0326084 0.0549946 0.0656040 0.0365664 0.0521841 0.0532714 0.0569439 0.0712969 0.0677912 0.0000000 0.0585313 0.0667966 0.0582681 0.0214894 0.0502092 0.0495637 0.0097446 0.0683554 0.0588195 0.0520849 0.0372684 0.0650528 0.0602662 0.0634050 0.0607856 
Pseudochiridae_Pseudochirulus_forbesi        0.0691847 0.0978031 0.0767189 0.0638722 0.0638440 0.0905621 0.0608583 0.0639658 0.0620064 0.1030975 0.0550066 0.0794900 0.0978600 0.0621340 0.0596194 0.0793339 0.0902354 0.1007546 0.1061724 0.0585313 0.0000000 0.0962653 0.0826950 0.0670160 0.0805012 0.0382241 0.0611815 0.0354166 0.0619413 0.0650625 0.0616561 0.0976258 0.0928133 0.0916012 0.0795405 
Marmosidae_Monodelphis_domestica             0.0788717 0.1005071 0.0778175 0.0754780 0.0760884 0.0871184 0.0650533 0.0691614 0.0796235 0.0994969 0.0592321 0.0766506 0.0993041 0.0694984 0.0830862 0.0771481 0.0866926 0.1019909 0.0985058 0.0667966 0.0962653 0.0000000 0.0810632 0.0699277 0.0810285 0.0843370 0.0740169 0.1011712 0.0913692 0.0850271 0.0707354 0.0922635 0.0892214 0.0942638 0.0166722 
Dasyuridae_Antechinus_stuartii               0.0570683 0.0891544 0.0634626 0.0655026 0.0655198 0.0205817 0.0563544 0.0616699 0.0646548 0.0878229 0.0510966 0.0086951 0.0272273 0.0597861 0.0765063 0.0090734 0.0228012 0.0298777 0.0872675 0.0582681 0.0826950 0.0810632 0.0000000 0.0613298 0.0700683 0.0738578 0.0630661 0.0910324 0.0806930 0.0792533 0.0610534 0.0864923 0.0218828 0.0805362 0.0765024 
Hypsiprymnodontidae_Hypsiprymnodon_moschatus 0.0418368 0.0770959 0.0566718 0.0269051 0.0269102 0.0722929 0.0414033 0.0442799 0.0283447 0.0730337 0.0364591 0.0615194 0.0806213 0.0408114 0.0593612 0.0579912 0.0719403 0.0890909 0.0735430 0.0214894 0.0670160 0.0699277 0.0613298 0.0000000 0.0585114 0.0548741 0.0268665 0.0749803 0.0612752 0.0560831 0.0414854 0.0690700 0.0717576 0.0655678 0.0596332 
Microbiotheriidae_Dromiciops_gliroides       0.0639293 0.0917224 0.0719756 0.0594314 0.0605416 0.0716198 0.0561173 0.0597837 0.0577954 0.0839416 0.0493988 0.0666618 0.0812182 0.0572376 0.0747785 0.0653795 0.0743549 0.0795854 0.0826312 0.0502092 0.0805012 0.0810285 0.0700683 0.0585114 0.0000000 0.0779807 0.0567379 0.0871808 0.0849802 0.0769059 0.0573616 0.0779372 0.0735437 0.0759102 0.0771663 
Pseudochiridae_Petauroides_volans            0.0538901 0.0951375 0.0634452 0.0563969 0.0568848 0.0723539 0.0487473 0.0498622 0.0554630 0.0868652 0.0437999 0.0699282 0.0781886 0.0498717 0.0501222 0.0717143 0.0749899 0.0829776 0.0890746 0.0495637 0.0382241 0.0843370 0.0738578 0.0548741 0.0779807 0.0000000 0.0538712 0.0452292 0.0559761 0.0536175 0.0495757 0.0834785 0.0768308 0.0800862 0.0704994 
Macropodidae_Wallabia_bicolor                0.0469775 0.0781998 0.0587205 0.0218293 0.0209559 0.0675160 0.0418785 0.0433724 0.0205755 0.0732212 0.0372596 0.0598338 0.0781454 0.0412985 0.0586945 0.0574379 0.0696054 0.0869385 0.0742177 0.0097446 0.0611815 0.0740169 0.0630661 0.0268665 0.0567379 0.0538712 0.0000000 0.0738813 0.0670758 0.0605127 0.0415053 0.0687550 0.0706004 0.0624226 0.0677561 
Pseudochiridae_Pseudocheirus_occidentalis    0.0751696 0.1015550 0.0877471 0.0735051 0.0734712 0.0971698 0.0626493 0.0688877 0.0740631 0.1096354 0.0594386 0.0898986 0.1060107 0.0656651 0.0642770 0.0902202 0.1009083 0.1069509 0.1131433 0.0683554 0.0354166 0.1011712 0.0910324 0.0749803 0.0871808 0.0452292 0.0738813 0.0000000 0.0659948 0.0729769 0.0657364 0.1064921 0.0994064 0.0998970 0.0886165 
Tarsipedidae_Tarsipes_rostratus              0.0651198 0.0999775 0.0817641 0.0651200 0.0633012 0.0795102 0.0570237 0.0607785 0.0654990 0.0946800 0.0525842 0.0772764 0.0857202 0.0560154 0.0610312 0.0783476 0.0802141 0.0924503 0.0967523 0.0588195 0.0619413 0.0913692 0.0806930 0.0612752 0.0849802 0.0559761 0.0670758 0.0659948 0.0000000 0.0587615 0.0566758 0.0869838 0.0840093 0.0805266 0.0783728 
Acrobatidae_Distoechurus_pennatus            0.0591441 0.0948375 0.0736018 0.0617356 0.0593203 0.0847864 0.0497141 0.0512435 0.0583672 0.0960149 0.0404687 0.0770824 0.0927016 0.0503716 0.0356259 0.0769617 0.0858496 0.0996312 0.0976123 0.0520849 0.0650625 0.0850271 0.0792533 0.0560831 0.0769059 0.0536175 0.0605127 0.0729769 0.0587615 0.0000000 0.0510806 0.0894035 0.0870846 0.0825911 0.0756626 
Phalangeridae_Phalanger_carmelitae           0.0398991 0.0717506 0.0553434 0.0438247 0.0433282 0.0671073 0.0162083 0.0110964 0.0414327 0.0688404 0.0084556 0.0593024 0.0728175 0.0018253 0.0508949 0.0591580 0.0690045 0.0746942 0.0720568 0.0372684 0.0616561 0.0707354 0.0610534 0.0414854 0.0573616 0.0495757 0.0415053 0.0657364 0.0566758 0.0510806 0.0000000 0.0646586 0.0712047 0.0615875 0.0619466 
Peramelidae_Peroryctes_raffrayana            0.0671579 0.1030216 0.0837921 0.0749611 0.0738105 0.0875294 0.0633452 0.0686655 0.0754678 0.0129193 0.0559773 0.0832164 0.0974923 0.0633644 0.0827231 0.0830259 0.0898226 0.1029515 0.0149542 0.0650528 0.0976258 0.0922635 0.0864923 0.0690700 0.0779372 0.0834785 0.0687550 0.1064921 0.0869838 0.0894035 0.0646586 0.0000000 0.0908677 0.0095858 0.0866034 
Dasyuridae_Dasyurus_geffroii                 0.0679175 0.0987013 0.0776873 0.0764175 0.0764389 0.0047967 0.0645909 0.0708588 0.0749817 0.0947694 0.0552156 0.0217149 0.0225662 0.0700603 0.0859633 0.0216975 0.0067162 0.0247494 0.0946639 0.0602662 0.0928133 0.0892214 0.0218828 0.0717576 0.0735437 0.0768308 0.0706004 0.0994064 0.0840093 0.0870846 0.0712047 0.0908677 0.0000000 0.0802184 0.0886174 
Peramelidae_Perameles_gunnii                 0.0660622 0.0992753 0.0795597 0.0687042 0.0679775 0.0765762 0.0602039 0.0653418 0.0684861 0.0008028 0.0588142 0.0762401 0.0815515 0.0601432 0.0759380 0.0760878 0.0774657 0.0878587 0.0135686 0.0634050 0.0916012 0.0942638 0.0805362 0.0655678 0.0759102 0.0800862 0.0624226 0.0998970 0.0805266 0.0825911 0.0615875 0.0095858 0.0802184 0.0000000 0.0830222 
Didelphidae_Didelphis_virginiana             0.0657644 0.0975965 0.0736155 0.0665809 0.0664835 0.0869366 0.0546763 0.0620779 0.0710850 0.0908497 0.0537712 0.0743725 0.0964357 0.0618767 0.0753273 0.0736038 0.0864916 0.0977288 0.0899344 0.0607856 0.0795405 0.0166722 0.0765024 0.0596332 0.0771663 0.0704994 0.0677561 0.0886165 0.0783728 0.0756626 0.0619466 0.0866034 0.0886174 0.0830222 0.0000000 
