35
Burramyidae_Burramys_parvus                  0.0000000 0.0668509 0.0514622 0.0562824 0.0610961 0.0322835 0.0386638 0.0512724 0.0898331 0.0456974 0.0840155 0.0760481 0.0369890 0.0600133 0.0842150 0.0804194 0.0742454 0.0954382 0.0606537 0.0742043 0.0914350 0.0852462 0.0809641 0.0524391 0.0570219 0.0663399 0.0560761 0.0632959 0.0733877 0.0586404 0.0374087 0.0868337 0.0815468 0.0924102 0.0758915 
Notoryctidae_Notoryctes_typhlops             0.0668509 0.0000000 0.0675264 0.0740216 0.0801698 0.0596450 0.0623034 0.0711891 0.0926736 0.0680770 0.0947315 0.0855396 0.0624270 0.0789140 0.0949497 0.0916818 0.0843334 0.0951853 0.0806892 0.0894161 0.1055994 0.0988024 0.0914116 0.0741208 0.0618380 0.0920704 0.0725969 0.0810167 0.0959005 0.0753798 0.0614489 0.0899290 0.0936469 0.0950362 0.0877520 
Vombatidae_Lasiorhinus_latifrons             0.0514622 0.0675264 0.0000000 0.0590048 0.0623860 0.0395258 0.0443766 0.0552497 0.0890034 0.0459669 0.0846227 0.0729642 0.0402696 0.0611099 0.0848196 0.0840997 0.0759401 0.0909284 0.0615253 0.0780405 0.0919718 0.0864673 0.0824996 0.0556874 0.0612251 0.0695463 0.0600360 0.0661036 0.0745977 0.0633660 0.0395703 0.0844225 0.0844220 0.0913142 0.0791738 
Potoroidae_Bettongia_penicillata             0.0562824 0.0740216 0.0590048 0.0000000 0.0045950 0.0430570 0.0491382 0.0079906 0.1007627 0.0513310 0.0922144 0.0834570 0.0473722 0.0623666 0.0925460 0.0886774 0.0818962 0.1070107 0.0203972 0.0797721 0.0958070 0.0976378 0.0894345 0.0328309 0.0716075 0.0734913 0.0187041 0.0593675 0.0806824 0.0658156 0.0477223 0.1012554 0.0905792 0.1050929 0.0880190 
Potoroidae_Bettongia_lesueur                 0.0610961 0.0801698 0.0623860 0.0045950 0.0000000 0.0461841 0.0536573 0.0111361 0.1036589 0.0547316 0.0962775 0.0857815 0.0505710 0.0679608 0.0966231 0.0926062 0.0844108 0.1108444 0.0240235 0.0828655 0.0983509 0.1017486 0.0934912 0.0352331 0.0769101 0.0787257 0.0227597 0.0635741 0.0869745 0.0708004 0.0521850 0.1042913 0.0913921 0.1080319 0.0915786 
Phalangeridae_Trichosurus_vulpecula          0.0322835 0.0596450 0.0395258 0.0430570 0.0461841 0.0000000 0.0139647 0.0396967 0.0821967 0.0170693 0.0716172 0.0620497 0.0125951 0.0486806 0.0717861 0.0698060 0.0597179 0.0866491 0.0480346 0.0657871 0.0803410 0.0747309 0.0673763 0.0419881 0.0504104 0.0553080 0.0457967 0.0531013 0.0591575 0.0483653 0.0130122 0.0797951 0.0700538 0.0838710 0.0665795 
Phalangeridae_Spilocuscus_maculatus          0.0386638 0.0623034 0.0443766 0.0491382 0.0536573 0.0139647 0.0000000 0.0450392 0.0887868 0.0116680 0.0757958 0.0660073 0.0076183 0.0543332 0.0752873 0.0738837 0.0670413 0.0916941 0.0550681 0.0699985 0.0856298 0.0803492 0.0730464 0.0467372 0.0576429 0.0618227 0.0507840 0.0610138 0.0687431 0.0527522 0.0080269 0.0865463 0.0756102 0.0905722 0.0688470 
Potoroidae_Aepyprymnus_rufescens             0.0512724 0.0711891 0.0552497 0.0079906 0.0111361 0.0396967 0.0450392 0.0000000 0.0989107 0.0492663 0.0887502 0.0815558 0.0439078 0.0620210 0.0890705 0.0867593 0.0787563 0.1036744 0.0201032 0.0788162 0.0916895 0.0926231 0.0875372 0.0301740 0.0672481 0.0723583 0.0179217 0.0570595 0.0788114 0.0619122 0.0442698 0.0966602 0.0886413 0.1031897 0.0848991 
Peramelidae_Perameles_nasuta                 0.0898331 0.0926736 0.0890034 0.1007627 0.1036589 0.0821967 0.0887868 0.0989107 0.0000000 0.0938546 0.1053010 0.0930706 0.0839452 0.1010296 0.1055339 0.0998748 0.0978493 0.0164493 0.1022027 0.1286796 0.1270752 0.1196894 0.0991695 0.0958392 0.0842902 0.1160151 0.0998898 0.1206775 0.1112246 0.0968730 0.0828429 0.0136467 0.0993529 0.0012322 0.0953526 
Phalangeridae_Strigocuscus_pelengensis       0.0456974 0.0680770 0.0459669 0.0513310 0.0547316 0.0170693 0.0116680 0.0492663 0.0938546 0.0000000 0.0807375 0.0726903 0.0097793 0.0576720 0.0809346 0.0786651 0.0738674 0.0966865 0.0578325 0.0724668 0.0918097 0.0860894 0.0752496 0.0505495 0.0597442 0.0669094 0.0538119 0.0640366 0.0726410 0.0574770 0.0102199 0.0919870 0.0805285 0.0956403 0.0731827 
Dasyuridae_Phascogale_tapoatafa              0.0840155 0.0947315 0.0846227 0.0922144 0.0962775 0.0716172 0.0757958 0.0887502 0.1053010 0.0807375 0.0000000 0.0199572 0.0716931 0.0937122 0.0032898 0.0177349 0.0222096 0.1099731 0.0970139 0.1103717 0.1145286 0.1004161 0.0103593 0.0914201 0.0785202 0.1027980 0.0925682 0.0973337 0.1101213 0.0866988 0.0719494 0.1032770 0.0187566 0.1075220 0.0185990 
Dasyuridae_Sminthopsis_macroura              0.0760481 0.0855396 0.0729642 0.0834570 0.0857815 0.0620497 0.0660073 0.0815558 0.0930706 0.0726903 0.0199572 0.0000000 0.0620699 0.0862024 0.0189881 0.0183610 0.0092621 0.0963770 0.0864189 0.0970589 0.1047928 0.0904289 0.0206535 0.0809038 0.0691860 0.0959093 0.0836586 0.0897650 0.0957875 0.0802526 0.0623689 0.0929593 0.0184011 0.0952069 0.0187153 
Phalangeridae_Phalanger_orientalis           0.0369890 0.0624270 0.0402696 0.0473722 0.0505710 0.0125951 0.0076183 0.0439078 0.0839452 0.0097793 0.0716931 0.0620699 0.0000000 0.0519869 0.0718624 0.0698370 0.0619420 0.0867241 0.0518972 0.0694530 0.0849255 0.0792582 0.0688403 0.0457320 0.0536477 0.0606369 0.0476738 0.0571277 0.0653970 0.0509181 0.0045672 0.0813985 0.0715190 0.0856303 0.0649313 
Acrobatidae_Acrobates_pygmaeus               0.0600133 0.0789140 0.0611099 0.0623666 0.0679608 0.0486806 0.0543332 0.0620210 0.1010296 0.0576720 0.0937122 0.0862024 0.0519869 0.0000000 0.0956694 0.0925922 0.0771916 0.1047176 0.0691523 0.0785124 0.1034682 0.0993144 0.0916055 0.0640520 0.0685703 0.0724072 0.0668288 0.0673427 0.0697073 0.0388815 0.0504825 0.0955236 0.0977018 0.1027752 0.0939550 
Dasyuridae_Phascogale_calura                 0.0842150 0.0949497 0.0848196 0.0925460 0.0966231 0.0717861 0.0752873 0.0890705 0.1055339 0.0809346 0.0032898 0.0189881 0.0718624 0.0956694 0.0000000 0.0177677 0.0211681 0.1078233 0.0957311 0.1106191 0.1149433 0.0998902 0.0094723 0.0916603 0.0780297 0.1022624 0.0928770 0.0991902 0.1111004 0.0878028 0.0721184 0.1027464 0.0187917 0.1077578 0.0180610 
Dasyuridae_Sarcophilus_harrisii              0.0804194 0.0916818 0.0840997 0.0886774 0.0926062 0.0698060 0.0738837 0.0867593 0.0998748 0.0786651 0.0177349 0.0183610 0.0698370 0.0925922 0.0177677 0.0000000 0.0194084 0.1068468 0.0949513 0.1081467 0.1072432 0.0934256 0.0159612 0.0892791 0.0766135 0.1022449 0.0905314 0.0973839 0.1058108 0.0840874 0.0700994 0.0986733 0.0058542 0.1020511 0.0028725 
Dasyuridae_Planigale_tenuirostris            0.0742454 0.0843334 0.0759401 0.0818962 0.0844108 0.0597179 0.0670413 0.0787563 0.0978493 0.0738674 0.0222096 0.0092621 0.0619420 0.0771916 0.0211681 0.0194084 0.0000000 0.0977694 0.0841747 0.0974026 0.1033736 0.0894640 0.0210938 0.0801867 0.0660865 0.0966141 0.0828114 0.0858349 0.0975484 0.0783372 0.0615999 0.0921384 0.0194547 0.0998699 0.0170247 
Peramelidae_Echymipera_kalubu                0.0954382 0.0951853 0.0909284 0.1070107 0.1108444 0.0866491 0.0916941 0.1036744 0.0164493 0.0966865 0.1099731 0.0963770 0.0867241 0.1047176 0.1078233 0.1068468 0.0977694 0.0000000 0.1084969 0.1343595 0.1299064 0.1221699 0.1038748 0.1019555 0.0889335 0.1179826 0.1061796 0.1278316 0.1151032 0.1026287 0.0856174 0.0097106 0.1056542 0.0159463 0.1043615 
Macropodidae_Dorcopsulus_vanheurni           0.0606537 0.0806892 0.0615253 0.0203972 0.0240235 0.0480346 0.0550681 0.0201032 0.1022027 0.0578325 0.0970139 0.0864189 0.0518972 0.0691523 0.0957311 0.0949513 0.0841747 0.1084969 0.0000000 0.0884153 0.1015376 0.1061806 0.0924048 0.0367723 0.0769096 0.0825146 0.0131723 0.0671072 0.0896074 0.0739793 0.0511634 0.1030835 0.0969528 0.1064657 0.0937028 
Pseudochiridae_Pseudochirulus_forbesi        0.0742043 0.0894161 0.0780405 0.0797721 0.0828655 0.0657871 0.0699985 0.0788162 0.1286796 0.0724668 0.1103717 0.0970589 0.0694530 0.0785124 0.1106191 0.1081467 0.0974026 0.1343595 0.0884153 0.0000000 0.1146540 0.1086927 0.1094285 0.0756123 0.0834596 0.0644037 0.0823525 0.0404090 0.0721059 0.0764907 0.0697269 0.1246604 0.1075761 0.1302913 0.1074327 
Didelphidae_Didelphis_virginiana             0.0914350 0.1055994 0.0919718 0.0958070 0.0983509 0.0803410 0.0856298 0.0916895 0.1270752 0.0918097 0.1145286 0.1047928 0.0849255 0.1034682 0.1149433 0.1072432 0.1033736 0.1299064 0.1015376 0.1146540 0.0000000 0.0383895 0.1124761 0.0961441 0.0933031 0.1154604 0.0977747 0.1122528 0.1250794 0.0993581 0.0883887 0.1171692 0.1088948 0.1288201 0.1014634 
Marmosidae_Monodelphis_domestica             0.0852462 0.0988024 0.0864673 0.0976378 0.1017486 0.0747309 0.0803492 0.0926231 0.1196894 0.0860894 0.1004161 0.0904289 0.0792582 0.0993144 0.0998902 0.0934256 0.0894640 0.1221699 0.1061806 0.1086927 0.0383895 0.0000000 0.0986064 0.0955137 0.0805371 0.0992437 0.1018063 0.0993968 0.1112218 0.0937089 0.0822001 0.1160884 0.0958652 0.1199695 0.0901129 
Dasyuridae_Antechinus_stuartii               0.0809641 0.0914116 0.0824996 0.0894345 0.0934912 0.0673763 0.0730464 0.0875372 0.0991695 0.0752496 0.0103593 0.0206535 0.0688403 0.0916055 0.0094723 0.0159612 0.0210938 0.1038748 0.0924048 0.1094285 0.1124761 0.0986064 0.0000000 0.0886010 0.0752216 0.1009234 0.0895774 0.0968837 0.1076782 0.0856410 0.0692217 0.0981535 0.0179552 0.1010443 0.0165343 
Hypsiprymnodontidae_Hypsiprymnodon_moschatus 0.0524391 0.0741208 0.0556874 0.0328309 0.0352331 0.0419881 0.0467372 0.0301740 0.0958392 0.0505495 0.0914201 0.0809038 0.0457320 0.0640520 0.0916603 0.0892791 0.0801867 0.1019555 0.0367723 0.0756123 0.0961441 0.0955137 0.0886010 0.0000000 0.0683699 0.0728022 0.0347577 0.0633873 0.0791264 0.0656300 0.0460891 0.0952784 0.0896336 0.0993340 0.0864120 
Microbiotheriidae_Dromiciops_gliroides       0.0570219 0.0618380 0.0612251 0.0716075 0.0769101 0.0504104 0.0576429 0.0672481 0.0842902 0.0597442 0.0785202 0.0691860 0.0536477 0.0685703 0.0780297 0.0766135 0.0660865 0.0889335 0.0769096 0.0834596 0.0933031 0.0805371 0.0752216 0.0683699 0.0000000 0.0803686 0.0730586 0.0759136 0.0840619 0.0682685 0.0537277 0.0824188 0.0783315 0.0866223 0.0732104 
Pseudochiridae_Petauroides_volans            0.0663399 0.0920704 0.0695463 0.0734913 0.0787257 0.0553080 0.0618227 0.0723583 0.1160151 0.0669094 0.1027980 0.0959093 0.0606369 0.0724072 0.1022624 0.1022449 0.0966141 0.1179826 0.0825146 0.0644037 0.1154604 0.0992437 0.1009234 0.0728022 0.0803686 0.0000000 0.0770179 0.0505812 0.0717868 0.0699439 0.0607207 0.1132547 0.1051245 0.1166349 0.0980547 
Macropodidae_Wallabia_bicolor                0.0560761 0.0725969 0.0600360 0.0187041 0.0227597 0.0457967 0.0507840 0.0179217 0.0998898 0.0538119 0.0925682 0.0836586 0.0476738 0.0668288 0.0928770 0.0905314 0.0828114 0.1061796 0.0131723 0.0823525 0.0977747 0.1018063 0.0895774 0.0347577 0.0730586 0.0770179 0.0000000 0.0646050 0.0857832 0.0676249 0.0480682 0.0999385 0.0924815 0.1040361 0.0890127 
Pseudochiridae_Pseudocheirus_occidentalis    0.0632959 0.0810167 0.0661036 0.0593675 0.0635741 0.0531013 0.0610138 0.0570595 0.1206775 0.0640366 0.0973337 0.0897650 0.0571277 0.0673427 0.0991902 0.0973839 0.0858349 0.1278316 0.0671072 0.0404090 0.1122528 0.0993968 0.0968837 0.0633873 0.0759136 0.0505812 0.0646050 0.0000000 0.0658697 0.0657925 0.0575983 0.1157528 0.0967961 0.1236285 0.0932996 
Tarsipedidae_Tarsipes_rostratus              0.0733877 0.0959005 0.0745977 0.0806824 0.0869745 0.0591575 0.0687431 0.0788114 0.1112246 0.0726410 0.1101213 0.0957875 0.0653970 0.0697073 0.1111004 0.1058108 0.0975484 0.1151032 0.0896074 0.0721059 0.1250794 0.1112218 0.1076782 0.0791264 0.0840619 0.0717868 0.0857832 0.0658697 0.0000000 0.0664883 0.0656916 0.1121456 0.1113046 0.1155987 0.1060617 
Acrobatidae_Distoechurus_pennatus            0.0586404 0.0753798 0.0633660 0.0658156 0.0708004 0.0483653 0.0527522 0.0619122 0.0968730 0.0574770 0.0866988 0.0802526 0.0509181 0.0388815 0.0878028 0.0840874 0.0783372 0.1026287 0.0739793 0.0764907 0.0993581 0.0937089 0.0856410 0.0656300 0.0682685 0.0699439 0.0676249 0.0657925 0.0664883 0.0000000 0.0512882 0.0941021 0.0889451 0.0986549 0.0859069 
Phalangeridae_Phalanger_carmelitae           0.0374087 0.0614489 0.0395703 0.0477223 0.0521850 0.0130122 0.0080269 0.0442698 0.0828429 0.0102199 0.0719494 0.0623689 0.0045672 0.0504825 0.0721184 0.0700994 0.0615999 0.0856174 0.0511634 0.0697269 0.0883887 0.0822001 0.0692217 0.0460891 0.0537277 0.0607207 0.0480682 0.0575983 0.0656916 0.0512882 0.0000000 0.0803398 0.0717756 0.0846077 0.0661780 
Peramelidae_Peroryctes_raffrayana            0.0868337 0.0899290 0.0844225 0.1012554 0.1042913 0.0797951 0.0865463 0.0966602 0.0136467 0.0919870 0.1032770 0.0929593 0.0813985 0.0955236 0.1027464 0.0986733 0.0921384 0.0097106 0.1030835 0.1246604 0.1171692 0.1160884 0.0981535 0.0952784 0.0824188 0.1132547 0.0999385 0.1157528 0.1121456 0.0941021 0.0803398 0.0000000 0.0957782 0.0131534 0.0948376 
Dasyuridae_Dasyurus_geffroii                 0.0815468 0.0936469 0.0844220 0.0905792 0.0913921 0.0700538 0.0756102 0.0886413 0.0993529 0.0805285 0.0187566 0.0184011 0.0715190 0.0977018 0.0187917 0.0058542 0.0194547 0.1056542 0.0969528 0.1075761 0.1088948 0.0958652 0.0179552 0.0896336 0.0783315 0.1051245 0.0924815 0.0967961 0.1113046 0.0889451 0.0717756 0.0957782 0.0000000 0.1015333 0.0023919 
Peramelidae_Perameles_gunnii                 0.0924102 0.0950362 0.0913142 0.1050929 0.1080319 0.0838710 0.0905722 0.1031897 0.0012322 0.0956403 0.1075220 0.0952069 0.0856303 0.1027752 0.1077578 0.1020511 0.0998699 0.0159463 0.1064657 0.1302913 0.1288201 0.1199695 0.1010443 0.0993340 0.0866223 0.1166349 0.1040361 0.1236285 0.1155987 0.0986549 0.0846077 0.0131534 0.1015333 0.0000000 0.0976694 
Dasyuridae_Dasyurus_maculatus                0.0758915 0.0877520 0.0791738 0.0880190 0.0915786 0.0665795 0.0688470 0.0848991 0.0953526 0.0731827 0.0185990 0.0187153 0.0649313 0.0939550 0.0180610 0.0028725 0.0170247 0.1043615 0.0937028 0.1074327 0.1014634 0.0901129 0.0165343 0.0864120 0.0732104 0.0980547 0.0890127 0.0932996 0.1060617 0.0859069 0.0661780 0.0948376 0.0023919 0.0976694 0.0000000 
