35
Burramyidae_Burramys_parvus                  0.0000000 0.0804822 0.0538634 0.0580366 0.0500694 0.0680262 0.0426174 0.0447592 0.0552417 0.0805650 0.0416877 0.0693542 0.0708724 0.0492354 0.0604228 0.0690353 0.0688431 0.0705129 0.0775171 0.0507406 0.0852894 0.0841208 0.0859284 0.0688847 0.0533186 0.0595681 0.0508302 0.0530509 0.0559502 0.0581782 0.0537489 0.0482674 0.0774697 0.0678159 0.0818508 
Notoryctidae_Notoryctes_typhlops             0.0804822 0.0000000 0.0868223 0.0970294 0.0932832 0.0979578 0.0853286 0.0859132 0.0998528 0.1202361 0.0827310 0.0967041 0.1000323 0.0895863 0.0881305 0.0972110 0.0989604 0.1030808 0.1139884 0.0982567 0.1121728 0.1191935 0.1270226 0.0988625 0.1020074 0.0912984 0.0793439 0.1005006 0.0976900 0.1031280 0.0936345 0.0878136 0.1205217 0.0984363 0.1206429 
Vombatidae_Lasiorhinus_latifrons             0.0538634 0.0868223 0.0000000 0.0707375 0.0600762 0.0702620 0.0544048 0.0542658 0.0651351 0.0862252 0.0512335 0.0725917 0.0741988 0.0594208 0.0670832 0.0722658 0.0710788 0.0761184 0.0828740 0.0645849 0.0908064 0.0926258 0.0941361 0.0713809 0.0634441 0.0668713 0.0596868 0.0647700 0.0621560 0.0705641 0.0591139 0.0584248 0.0862996 0.0706947 0.0847764 
Potoroidae_Bettongia_penicillata             0.0580366 0.0970294 0.0707375 0.0000000 0.0141143 0.0836937 0.0618207 0.0627655 0.0230144 0.0968920 0.0605745 0.0863149 0.0850354 0.0670827 0.0797413 0.0851163 0.0826544 0.0905482 0.0964232 0.0287983 0.1086969 0.1087951 0.1095363 0.0867848 0.0428847 0.0823185 0.0752142 0.0320337 0.0803646 0.0755611 0.0708377 0.0659984 0.1020572 0.0837910 0.0992069 
Potoroidae_Bettongia_lesueur                 0.0500694 0.0932832 0.0600762 0.0141143 0.0000000 0.0728518 0.0504017 0.0535816 0.0129626 0.0848777 0.0508268 0.0759917 0.0760073 0.0572164 0.0677396 0.0748889 0.0722899 0.0786933 0.0858710 0.0221590 0.0927389 0.0984615 0.0995151 0.0764257 0.0359609 0.0702205 0.0626387 0.0237857 0.0662037 0.0669013 0.0590005 0.0562272 0.0883540 0.0732787 0.0878020 
Dasyuridae_Dasyurus_maculatus                0.0680262 0.0979578 0.0702620 0.0836937 0.0728518 0.0000000 0.0637954 0.0651556 0.0780433 0.0928370 0.0617106 0.0207489 0.0282655 0.0701655 0.0822085 0.0216054 0.0079610 0.0292748 0.0895928 0.0737270 0.1045837 0.0985489 0.1011912 0.0205123 0.0767739 0.0663603 0.0632623 0.0772803 0.0760767 0.0761791 0.0717104 0.0691251 0.0902793 0.0052775 0.0940079 
Phalangeridae_Trichosurus_vulpecula          0.0426174 0.0853286 0.0544048 0.0618207 0.0504017 0.0637954 0.0000000 0.0219531 0.0543994 0.0768024 0.0194319 0.0641383 0.0667561 0.0237488 0.0551184 0.0638422 0.0643142 0.0697676 0.0740400 0.0533697 0.0804396 0.0844880 0.0865375 0.0629271 0.0540416 0.0608947 0.0446922 0.0550810 0.0523482 0.0579143 0.0520782 0.0228560 0.0720338 0.0629484 0.0787324 
Phalangeridae_Spilocuscus_maculatus          0.0447592 0.0859132 0.0542658 0.0627655 0.0535816 0.0651556 0.0219531 0.0000000 0.0559518 0.0782456 0.0078684 0.0655352 0.0667228 0.0109747 0.0551901 0.0652166 0.0653297 0.0704268 0.0766682 0.0536750 0.0838214 0.0892565 0.0906839 0.0656664 0.0521390 0.0612072 0.0463663 0.0563250 0.0566561 0.0599090 0.0533994 0.0098747 0.0768940 0.0640311 0.0816911 
Potoroidae_Aepyprymnus_rufescens             0.0552417 0.0998528 0.0651351 0.0230144 0.0129626 0.0780433 0.0543994 0.0559518 0.0000000 0.0887400 0.0532063 0.0787876 0.0769405 0.0594694 0.0715338 0.0779982 0.0767981 0.0815380 0.0882337 0.0249882 0.0942957 0.1019863 0.1036120 0.0785986 0.0393343 0.0750868 0.0622424 0.0267889 0.0692015 0.0705970 0.0628867 0.0584910 0.0894476 0.0784606 0.0915977 
Peramelidae_Perameles_nasuta                 0.0805650 0.1202361 0.0862252 0.0968920 0.0848777 0.0928370 0.0768024 0.0782456 0.0887400 0.0000000 0.0751197 0.0941289 0.0915281 0.0813540 0.0962192 0.0953783 0.0936897 0.0965542 0.0163628 0.0903406 0.1179173 0.1060630 0.1121911 0.0969237 0.0908048 0.0832600 0.0715577 0.0892746 0.0891393 0.0961572 0.0845372 0.0795320 0.0190072 0.0943397 0.0019195 
Phalangeridae_Strigocuscus_pelengensis       0.0416877 0.0827310 0.0512335 0.0605745 0.0508268 0.0617106 0.0194319 0.0078684 0.0532063 0.0751197 0.0000000 0.0624220 0.0643000 0.0114610 0.0515765 0.0621280 0.0618947 0.0665214 0.0722286 0.0512854 0.0789638 0.0878391 0.0900957 0.0621372 0.0503719 0.0589394 0.0429750 0.0536886 0.0534281 0.0545446 0.0491608 0.0103413 0.0722292 0.0605772 0.0786033 
Dasyuridae_Phascogale_tapoatafa              0.0693542 0.0967041 0.0725917 0.0863149 0.0759917 0.0207489 0.0641383 0.0655352 0.0787876 0.0941289 0.0624220 0.0000000 0.0291650 0.0705649 0.0847936 0.0034298 0.0207090 0.0305830 0.0909791 0.0759952 0.1075026 0.0976497 0.1000400 0.0099105 0.0761738 0.0707297 0.0658095 0.0804702 0.0789473 0.0798336 0.0751896 0.0688616 0.0916834 0.0206909 0.0954029 
Dasyuridae_Sminthopsis_macroura              0.0708724 0.1000323 0.0741988 0.0850354 0.0760073 0.0282655 0.0667561 0.0667228 0.0769405 0.0915281 0.0643000 0.0291650 0.0000000 0.0721299 0.0860243 0.0312322 0.0287843 0.0287124 0.0888282 0.0782262 0.1108939 0.1033603 0.1073450 0.0303850 0.0787424 0.0722545 0.0678546 0.0816611 0.0824098 0.0825876 0.0745977 0.0704135 0.0894326 0.0287613 0.0939143 
Phalangeridae_Phalanger_orientalis           0.0492354 0.0895863 0.0594208 0.0670827 0.0572164 0.0701655 0.0237488 0.0109747 0.0594694 0.0813540 0.0114610 0.0705649 0.0721299 0.0000000 0.0607263 0.0702422 0.0703308 0.0760392 0.0795880 0.0596979 0.0884971 0.0950757 0.0958815 0.0703654 0.0575825 0.0690981 0.0498562 0.0613795 0.0593715 0.0645032 0.0558987 0.0021000 0.0792485 0.0690143 0.0846701 
Acrobatidae_Acrobates_pygmaeus               0.0604228 0.0881305 0.0670832 0.0797413 0.0677396 0.0822085 0.0551184 0.0551901 0.0715338 0.0962192 0.0515765 0.0847936 0.0860243 0.0607263 0.0000000 0.0837832 0.0823931 0.0881522 0.0910207 0.0718326 0.0881812 0.1054076 0.1022208 0.0841976 0.0683683 0.0744966 0.0579663 0.0740285 0.0556911 0.0698868 0.0414679 0.0597335 0.0939556 0.0819909 0.0968606 
Dasyuridae_Phascogale_calura                 0.0690353 0.0972110 0.0722658 0.0851163 0.0748889 0.0216054 0.0638422 0.0652166 0.0779982 0.0953783 0.0621280 0.0034298 0.0312322 0.0702422 0.0837832 0.0000000 0.0215637 0.0315198 0.0921225 0.0756449 0.1075622 0.0973003 0.1000674 0.0107336 0.0758448 0.0704391 0.0650059 0.0801362 0.0786511 0.0801923 0.0742068 0.0685404 0.0930689 0.0215449 0.0965637 
Dasyuridae_Sarcophilus_harrisii              0.0688431 0.0989604 0.0710788 0.0826544 0.0722899 0.0079610 0.0643142 0.0653297 0.0767981 0.0936897 0.0618947 0.0207090 0.0287843 0.0703308 0.0823931 0.0215637 0.0000000 0.0298184 0.0897157 0.0720570 0.1050063 0.1019311 0.1027867 0.0210328 0.0758635 0.0675249 0.0653029 0.0770254 0.0773934 0.0773197 0.0738987 0.0692921 0.0912118 0.0074049 0.0948041 
Dasyuridae_Planigale_tenuirostris            0.0705129 0.1030808 0.0761184 0.0905482 0.0786933 0.0292748 0.0697676 0.0704268 0.0815380 0.0965542 0.0665214 0.0305830 0.0287124 0.0760392 0.0881522 0.0315198 0.0298184 0.0000000 0.0946035 0.0813954 0.1107014 0.1027722 0.1067021 0.0302242 0.0819084 0.0702392 0.0684136 0.0843423 0.0824799 0.0831889 0.0746824 0.0746213 0.0958368 0.0291964 0.0977287 
Peramelidae_Echymipera_kalubu                0.0775171 0.1139884 0.0828740 0.0964232 0.0858710 0.0895928 0.0740400 0.0766682 0.0882337 0.0163628 0.0722286 0.0909791 0.0888282 0.0795880 0.0910207 0.0921225 0.0897157 0.0946035 0.0000000 0.0876351 0.1166353 0.1073861 0.1117428 0.0943665 0.0884262 0.0794605 0.0692279 0.0871078 0.0900784 0.0910057 0.0826252 0.0778252 0.0168505 0.0906859 0.0168023 
Macropodidae_Dorcopsulus_vanheurni           0.0507406 0.0982567 0.0645849 0.0287983 0.0221590 0.0737270 0.0533697 0.0536750 0.0249882 0.0903406 0.0512854 0.0759952 0.0782262 0.0596979 0.0718326 0.0756449 0.0720570 0.0813954 0.0876351 0.0000000 0.0970560 0.0998895 0.1016782 0.0760576 0.0378392 0.0729521 0.0643987 0.0153137 0.0719474 0.0684248 0.0642240 0.0586348 0.0937751 0.0738282 0.0925045 
Pseudochiridae_Pseudochirulus_forbesi        0.0852894 0.1121728 0.0908064 0.1086969 0.0927389 0.1045837 0.0804396 0.0838214 0.0942957 0.1179173 0.0789638 0.1075026 0.1108939 0.0884971 0.0881812 0.1075622 0.1050063 0.1107014 0.1166353 0.0970560 0.0000000 0.1328684 0.1303082 0.1037341 0.0994060 0.1000046 0.0554568 0.0958603 0.0204595 0.0877390 0.0889704 0.0873882 0.1137094 0.1049565 0.1189252 
Didelphidae_Didelphis_virginiana             0.0841208 0.1191935 0.0926258 0.1087951 0.0984615 0.0985489 0.0844880 0.0892565 0.1019863 0.1060630 0.0878391 0.0976497 0.1033603 0.0950757 0.1054076 0.0973003 0.1019311 0.1027722 0.1073861 0.0998895 0.1328684 0.0000000 0.0362782 0.0950913 0.0980149 0.0926479 0.0833722 0.1023949 0.1007951 0.0989160 0.0953112 0.0932361 0.0996247 0.0989354 0.1089128 
Marmosidae_Monodelphis_domestica             0.0859284 0.1270226 0.0941361 0.1095363 0.0995151 0.1011912 0.0865375 0.0906839 0.1036120 0.1121911 0.0900957 0.1000400 0.1073450 0.0958815 0.1022208 0.1000674 0.1027867 0.1067021 0.1117428 0.1016782 0.1303082 0.0362782 0.0000000 0.0970437 0.1016912 0.0969162 0.0819914 0.1044903 0.1016121 0.1011768 0.0927867 0.0940420 0.1085556 0.1008684 0.1132582 
Dasyuridae_Antechinus_stuartii               0.0688847 0.0988625 0.0713809 0.0867848 0.0764257 0.0205123 0.0629271 0.0656664 0.0785986 0.0969237 0.0621372 0.0099105 0.0303850 0.0703654 0.0841976 0.0107336 0.0210328 0.0302242 0.0943665 0.0760576 0.1037341 0.0950913 0.0970437 0.0000000 0.0749444 0.0710753 0.0636772 0.0806092 0.0751526 0.0787513 0.0756369 0.0689993 0.0915756 0.0204548 0.0977674 
Hypsiprymnodontidae_Hypsiprymnodon_moschatus 0.0533186 0.1020074 0.0634441 0.0428847 0.0359609 0.0767739 0.0540416 0.0521390 0.0393343 0.0908048 0.0503719 0.0761738 0.0787424 0.0575825 0.0683683 0.0758448 0.0758635 0.0819084 0.0884262 0.0378392 0.0994060 0.0980149 0.1016912 0.0749444 0.0000000 0.0708871 0.0600439 0.0393101 0.0699135 0.0696274 0.0628781 0.0566086 0.0892437 0.0771943 0.0922684 
Microbiotheriidae_Dromiciops_gliroides       0.0595681 0.0912984 0.0668713 0.0823185 0.0702205 0.0663603 0.0608947 0.0612072 0.0750868 0.0832600 0.0589394 0.0707297 0.0722545 0.0690981 0.0744966 0.0704391 0.0675249 0.0702392 0.0794605 0.0729521 0.1000046 0.0926479 0.0969162 0.0710753 0.0708871 0.0000000 0.0614297 0.0762374 0.0741340 0.0758622 0.0647802 0.0673652 0.0812168 0.0678080 0.0850614 
Pseudochiridae_Petauroides_volans            0.0508302 0.0793439 0.0596868 0.0752142 0.0626387 0.0632623 0.0446922 0.0463663 0.0622424 0.0715577 0.0429750 0.0658095 0.0678546 0.0498562 0.0579663 0.0650059 0.0653029 0.0684136 0.0692279 0.0643987 0.0554568 0.0833722 0.0819914 0.0636772 0.0600439 0.0614297 0.0000000 0.0673255 0.0205165 0.0502177 0.0488989 0.0489822 0.0729620 0.0635543 0.0714948 
Macropodidae_Wallabia_bicolor                0.0530509 0.1005006 0.0647700 0.0320337 0.0237857 0.0772803 0.0550810 0.0563250 0.0267889 0.0892746 0.0536886 0.0804702 0.0816611 0.0613795 0.0740285 0.0801362 0.0770254 0.0843423 0.0871078 0.0153137 0.0958603 0.1023949 0.1044903 0.0806092 0.0393101 0.0762374 0.0673255 0.0000000 0.0698339 0.0681302 0.0650166 0.0606959 0.0929644 0.0783671 0.0914981 
Pseudochiridae_Pseudocheirus_occidentalis    0.0559502 0.0976900 0.0621560 0.0803646 0.0662037 0.0760767 0.0523482 0.0566561 0.0692015 0.0891393 0.0534281 0.0789473 0.0824098 0.0593715 0.0556911 0.0786511 0.0773934 0.0824799 0.0900784 0.0719474 0.0204595 0.1007951 0.1016121 0.0751526 0.0699135 0.0741340 0.0205165 0.0698339 0.0000000 0.0586022 0.0632726 0.0589725 0.0876362 0.0754862 0.0891890 
Tarsipedidae_Tarsipes_rostratus              0.0581782 0.1031280 0.0705641 0.0755611 0.0669013 0.0761791 0.0579143 0.0599090 0.0705970 0.0961572 0.0545446 0.0798336 0.0825876 0.0645032 0.0698868 0.0801923 0.0773197 0.0831889 0.0910057 0.0684248 0.0877390 0.0989160 0.1011768 0.0787513 0.0696274 0.0758622 0.0502177 0.0681302 0.0586022 0.0000000 0.0607539 0.0635090 0.0889117 0.0769267 0.0972343 
Acrobatidae_Distoechurus_pennatus            0.0537489 0.0936345 0.0591139 0.0708377 0.0590005 0.0717104 0.0520782 0.0533994 0.0628867 0.0845372 0.0491608 0.0751896 0.0745977 0.0558987 0.0414679 0.0742068 0.0738987 0.0746824 0.0826252 0.0642240 0.0889704 0.0953112 0.0927867 0.0756369 0.0628781 0.0647802 0.0488989 0.0650166 0.0632726 0.0607539 0.0000000 0.0552602 0.0786638 0.0734782 0.0857040 
Phalangeridae_Phalanger_carmelitae           0.0482674 0.0878136 0.0584248 0.0659984 0.0562272 0.0691251 0.0228560 0.0098747 0.0584910 0.0795320 0.0103413 0.0688616 0.0704135 0.0021000 0.0597335 0.0685404 0.0692921 0.0746213 0.0778252 0.0586348 0.0873882 0.0932361 0.0940420 0.0689993 0.0566086 0.0673652 0.0489822 0.0606959 0.0589725 0.0635090 0.0552602 0.0000000 0.0775381 0.0679798 0.0832325 
Peramelidae_Peroryctes_raffrayana            0.0774697 0.1205217 0.0862996 0.1020572 0.0883540 0.0902793 0.0720338 0.0768940 0.0894476 0.0190072 0.0722292 0.0916834 0.0894326 0.0792485 0.0939556 0.0930689 0.0912118 0.0958368 0.0168505 0.0937751 0.1137094 0.0996247 0.1085556 0.0915756 0.0892437 0.0812168 0.0729620 0.0929644 0.0876362 0.0889117 0.0786638 0.0775381 0.0000000 0.0911842 0.0193006 
Dasyuridae_Dasyurus_geffroii                 0.0678159 0.0984363 0.0706947 0.0837910 0.0732787 0.0052775 0.0629484 0.0640311 0.0784606 0.0943397 0.0605772 0.0206909 0.0287613 0.0690143 0.0819909 0.0215449 0.0074049 0.0291964 0.0906859 0.0738282 0.1049565 0.0989354 0.1008684 0.0204548 0.0771943 0.0678080 0.0635543 0.0783671 0.0754862 0.0769267 0.0734782 0.0679798 0.0911842 0.0000000 0.0951002 
Peramelidae_Perameles_gunnii                 0.0818508 0.1206429 0.0847764 0.0992069 0.0878020 0.0940079 0.0787324 0.0816911 0.0915977 0.0019195 0.0786033 0.0954029 0.0939143 0.0846701 0.0968606 0.0965637 0.0948041 0.0977287 0.0168023 0.0925045 0.1189252 0.1089128 0.1132582 0.0977674 0.0922684 0.0850614 0.0714948 0.0914981 0.0891890 0.0972343 0.0857040 0.0832325 0.0193006 0.0951002 0.0000000 
