35
Burramyidae_Burramys_parvus                  0.0000000 0.1108221 0.0666655 0.0751190 0.0771191 0.1179751 0.0590633 0.0667334 0.0769975 0.0971263 0.0672563 0.1212204 0.1072228 0.0706324 0.0588953 0.1109862 0.1164707 0.1154580 0.1018575 0.0780983 0.0692724 0.1313106 0.1156132 0.1199951 0.0784577 0.0714041 0.0655151 0.0756057 0.0809469 0.0636220 0.0704507 0.1013936 0.1159568 0.0981527 0.0530510 
Notoryctidae_Notoryctes_typhlops             0.1108221 0.0000000 0.1064895 0.1175525 0.1184954 0.1335123 0.1131602 0.1199044 0.1206066 0.1214559 0.1191711 0.1392626 0.1268535 0.1264165 0.1078935 0.1184997 0.1311145 0.1361362 0.1258905 0.1231537 0.1266165 0.1543513 0.1253397 0.1354464 0.1260936 0.0970561 0.1192544 0.1226119 0.1333949 0.1184061 0.1234556 0.1286700 0.1313818 0.1282026 0.1074631 
Vombatidae_Lasiorhinus_latifrons             0.0666655 0.1064895 0.0000000 0.0777954 0.0791401 0.1170059 0.0733355 0.0764932 0.0778701 0.0883944 0.0763774 0.1180106 0.1051857 0.0812440 0.0675813 0.1179313 0.1160885 0.1149280 0.0956133 0.0796898 0.0778331 0.1216263 0.1076771 0.1138503 0.0835708 0.0730265 0.0740618 0.0777741 0.0928191 0.0719774 0.0797122 0.0916011 0.1163880 0.0950432 0.0580875 
Potoroidae_Bettongia_penicillata             0.0751190 0.1175525 0.0777954 0.0000000 0.0044432 0.1228520 0.0764305 0.0806263 0.0130258 0.0991074 0.0781851 0.1247838 0.1097756 0.0816311 0.0647466 0.1180354 0.1218690 0.1112240 0.1078975 0.0282801 0.0692839 0.1330087 0.1206371 0.1193069 0.0503494 0.0767341 0.0674061 0.0248117 0.0881429 0.0748688 0.0802810 0.1061951 0.1208123 0.1028944 0.0544492 
Potoroidae_Bettongia_lesueur                 0.0771191 0.1184954 0.0791401 0.0044432 0.0000000 0.1222602 0.0790532 0.0814320 0.0135539 0.0993828 0.0807135 0.1261543 0.1091959 0.0836520 0.0649045 0.1186893 0.1212760 0.1105498 0.1081201 0.0282930 0.0700516 0.1349681 0.1216207 0.1207984 0.0515955 0.0784749 0.0669342 0.0258696 0.0896627 0.0750554 0.0822568 0.1058278 0.1202212 0.1031040 0.0562685 
Dasyuridae_Dasyurus_maculatus                0.1179751 0.1335123 0.1170059 0.1228520 0.1222602 0.0000000 0.1221885 0.1310490 0.1229415 0.1307427 0.1284822 0.0304397 0.0316515 0.1368583 0.1183223 0.0262897 0.0059790 0.0377608 0.1361140 0.1247281 0.1269667 0.1649088 0.1362770 0.0288997 0.1316035 0.0980762 0.1167270 0.1235014 0.1289558 0.1227751 0.1350597 0.1400098 0.0044515 0.1345620 0.1068005 
Phalangeridae_Trichosurus_vulpecula          0.0590633 0.1131602 0.0733355 0.0764305 0.0790532 0.1221885 0.0000000 0.0210711 0.0801801 0.0996593 0.0229916 0.1254605 0.1080308 0.0281444 0.0686296 0.1150143 0.1198770 0.1154900 0.1082937 0.0804203 0.0743418 0.1382204 0.1234087 0.1213897 0.0796794 0.0823716 0.0673264 0.0768167 0.0912434 0.0713734 0.0253964 0.1060798 0.1187948 0.1024129 0.0565328 
Phalangeridae_Spilocuscus_maculatus          0.0667334 0.1199044 0.0764932 0.0806263 0.0814320 0.1310490 0.0210711 0.0000000 0.0849870 0.1019113 0.0181707 0.1342510 0.1170606 0.0216278 0.0700904 0.1269206 0.1295689 0.1245905 0.1096930 0.0855290 0.0779955 0.1412669 0.1245104 0.1286455 0.0861948 0.0889782 0.0742725 0.0810046 0.0940232 0.0763276 0.0190107 0.1082885 0.1277173 0.1063843 0.0602608 
Potoroidae_Aepyprymnus_rufescens             0.0769975 0.1206066 0.0778701 0.0130258 0.0135539 0.1229415 0.0801801 0.0849870 0.0000000 0.0972935 0.0832990 0.1261580 0.1072340 0.0860560 0.0665753 0.1216028 0.1219574 0.1158162 0.1068782 0.0282626 0.0711788 0.1383874 0.1269715 0.1226520 0.0503887 0.0793026 0.0661265 0.0269376 0.0887059 0.0755412 0.0846491 0.1043821 0.1223204 0.1005276 0.0552456 
Peramelidae_Perameles_nasuta                 0.0971263 0.1214559 0.0883944 0.0991074 0.0993828 0.1307427 0.0996593 0.1019113 0.0972935 0.0000000 0.1027899 0.1278813 0.1186525 0.1010183 0.0865147 0.1251068 0.1291455 0.1250572 0.0204055 0.1026347 0.0971393 0.1381121 0.1180489 0.1275779 0.1088004 0.0866304 0.0892907 0.0972605 0.1118016 0.0988351 0.0996234 0.0187752 0.1294320 0.0031259 0.0657059 
Phalangeridae_Strigocuscus_pelengensis       0.0672563 0.1191711 0.0763774 0.0781851 0.0807135 0.1284822 0.0229916 0.0181707 0.0832990 0.1027899 0.0000000 0.1304895 0.1160088 0.0225240 0.0688239 0.1221799 0.1261154 0.1209059 0.1107900 0.0853236 0.0808142 0.1413511 0.1274393 0.1257454 0.0879307 0.0897107 0.0754960 0.0809968 0.0979323 0.0736127 0.0197971 0.1080058 0.1263379 0.1067435 0.0602267 
Dasyuridae_Phascogale_tapoatafa              0.1212204 0.1392626 0.1180106 0.1247838 0.1261543 0.0304397 0.1254605 0.1342510 0.1261580 0.1278813 0.1304895 0.0000000 0.0376456 0.1395982 0.1202947 0.0033181 0.0294787 0.0389870 0.1307832 0.1279203 0.1295231 0.1666909 0.1356160 0.0149270 0.1359807 0.0986284 0.1214204 0.1247661 0.1340413 0.1270795 0.1369995 0.1368501 0.0288298 0.1318369 0.1076256 
Dasyuridae_Sminthopsis_macroura              0.1072228 0.1268535 0.1051857 0.1097756 0.1091959 0.0316515 0.1080308 0.1170606 0.1072340 0.1186525 0.1160088 0.0376456 0.0000000 0.1224981 0.1074650 0.0293480 0.0295931 0.0291723 0.1238196 0.1092237 0.1142704 0.1537899 0.1235647 0.0366683 0.1212396 0.0862523 0.1058013 0.1103365 0.1236476 0.1144995 0.1208649 0.1257059 0.0311240 0.1243922 0.0997908 
Phalangeridae_Phalanger_orientalis           0.0706324 0.1264165 0.0812440 0.0816311 0.0836520 0.1368583 0.0281444 0.0216278 0.0860560 0.1010183 0.0225240 0.1395982 0.1224981 0.0000000 0.0711144 0.1291498 0.1353778 0.1275719 0.1063935 0.0872308 0.0800696 0.1372600 0.1268564 0.1331314 0.0900591 0.0877838 0.0776200 0.0828046 0.0982195 0.0767884 0.0044305 0.1052378 0.1334764 0.1055492 0.0643022 
Acrobatidae_Acrobates_pygmaeus               0.0588953 0.1078935 0.0675813 0.0647466 0.0649045 0.1183223 0.0686296 0.0700904 0.0665753 0.0865147 0.0688239 0.1202947 0.1074650 0.0711144 0.0000000 0.1190594 0.1168189 0.1174717 0.0930597 0.0685719 0.0649057 0.1249218 0.1104745 0.1144211 0.0787315 0.0714362 0.0622155 0.0655547 0.0781407 0.0357192 0.0704213 0.0916566 0.1164452 0.0912436 0.0412649 
Dasyuridae_Phascogale_calura                 0.1109862 0.1184997 0.1179313 0.1180354 0.1186893 0.0262897 0.1150143 0.1269206 0.1216028 0.1251068 0.1221799 0.0033181 0.0293480 0.1291498 0.1190594 0.0000000 0.0249175 0.0307476 0.1302195 0.1251180 0.1285287 0.1584117 0.1248476 0.0139431 0.1216752 0.0741794 0.1124543 0.1211750 0.1257572 0.1155558 0.1266947 0.1327308 0.0248512 0.1308891 0.0998071 
Dasyuridae_Sarcophilus_harrisii              0.1164707 0.1311145 0.1160885 0.1218690 0.1212760 0.0059790 0.1198770 0.1295689 0.1219574 0.1291455 0.1261154 0.0294787 0.0295931 0.1353778 0.1168189 0.0249175 0.0000000 0.0354770 0.1339181 0.1237291 0.1254597 0.1663535 0.1359742 0.0284477 0.1293539 0.0969364 0.1164807 0.1225094 0.1284964 0.1233851 0.1335807 0.1364194 0.0054790 0.1330644 0.1065074 
Dasyuridae_Planigale_tenuirostris            0.1154580 0.1361362 0.1149280 0.1112240 0.1105498 0.0377608 0.1154900 0.1245905 0.1158162 0.1250572 0.1209059 0.0389870 0.0291723 0.1275719 0.1174717 0.0307476 0.0354770 0.0000000 0.1263997 0.1185868 0.1209595 0.1597809 0.1255248 0.0379743 0.1253122 0.0902419 0.1170772 0.1161525 0.1272976 0.1238149 0.1258947 0.1315463 0.0359624 0.1304603 0.1024871 
Peramelidae_Echymipera_kalubu                0.1018575 0.1258905 0.0956133 0.1078975 0.1081201 0.1361140 0.1082937 0.1096930 0.1068782 0.0204055 0.1107900 0.1307832 0.1238196 0.1063935 0.0930597 0.1302195 0.1339181 0.1263997 0.0000000 0.1104011 0.1031938 0.1381758 0.1252011 0.1299055 0.1202900 0.0879342 0.0968400 0.1042793 0.1164036 0.1039859 0.1056458 0.0196038 0.1341775 0.0212740 0.0722103 
Macropodidae_Dorcopsulus_vanheurni           0.0780983 0.1231537 0.0796898 0.0282801 0.0282930 0.1247281 0.0804203 0.0855290 0.0282626 0.1026347 0.0853236 0.1279203 0.1092237 0.0872308 0.0685719 0.1251180 0.1237291 0.1185868 0.1104011 0.0000000 0.0697330 0.1398178 0.1237420 0.1248528 0.0572397 0.0813828 0.0691129 0.0143132 0.0939062 0.0791665 0.0859482 0.1057648 0.1226318 0.1052338 0.0571937 
Pseudochiridae_Pseudochirulus_forbesi        0.0692724 0.1266165 0.0778331 0.0692839 0.0700516 0.1269667 0.0743418 0.0779955 0.0711788 0.0971393 0.0808142 0.1295231 0.1142704 0.0800696 0.0649057 0.1285287 0.1254597 0.1209595 0.1031938 0.0697330 0.0000000 0.1337349 0.1231776 0.1245688 0.0825673 0.0837964 0.0460676 0.0707706 0.0755585 0.0684606 0.0805118 0.1025653 0.1236095 0.1001921 0.0298731 
Didelphidae_Didelphis_virginiana             0.1313106 0.1543513 0.1216263 0.1330087 0.1349681 0.1649088 0.1382204 0.1412669 0.1383874 0.1381121 0.1413511 0.1666909 0.1537899 0.1372600 0.1249218 0.1584117 0.1663535 0.1597809 0.1381758 0.1398178 0.1337349 0.0000000 0.0413711 0.1637170 0.1462232 0.1020049 0.1286701 0.1375006 0.1517530 0.1356062 0.1361568 0.1411779 0.1642262 0.1480206 0.1149765 
Marmosidae_Monodelphis_domestica             0.1156132 0.1253397 0.1076771 0.1206371 0.1216207 0.1362770 0.1234087 0.1245104 0.1269715 0.1180489 0.1274393 0.1356160 0.1235647 0.1268564 0.1104745 0.1248476 0.1359742 0.1255248 0.1252011 0.1237420 0.1231776 0.0413711 0.0000000 0.1339052 0.1303673 0.1006120 0.1191125 0.1188690 0.1353844 0.1212234 0.1255145 0.1205573 0.1328482 0.1318086 0.0843806 
Dasyuridae_Antechinus_stuartii               0.1199951 0.1354464 0.1138503 0.1193069 0.1207984 0.0288997 0.1213897 0.1286455 0.1226520 0.1275779 0.1257454 0.0149270 0.0366683 0.1331314 0.1144211 0.0139431 0.0284477 0.0379743 0.1299055 0.1248528 0.1245688 0.1637170 0.1339052 0.0000000 0.1315462 0.0994897 0.1160693 0.1205991 0.1291308 0.1246854 0.1305789 0.1368105 0.0278186 0.1316376 0.1066708 
Hypsiprymnodontidae_Hypsiprymnodon_moschatus 0.0784577 0.1260936 0.0835708 0.0503494 0.0515955 0.1316035 0.0796794 0.0861948 0.0503887 0.1088004 0.0879307 0.1359807 0.1212396 0.0900591 0.0787315 0.1216752 0.1293539 0.1253122 0.1202900 0.0572397 0.0825673 0.1462232 0.1303673 0.1315462 0.0000000 0.0932115 0.0724810 0.0531856 0.1025727 0.0830212 0.0898136 0.1194305 0.1282676 0.1127610 0.0652980 
Microbiotheriidae_Dromiciops_gliroides       0.0714041 0.0970561 0.0730265 0.0767341 0.0784749 0.0980762 0.0823716 0.0889782 0.0793026 0.0866304 0.0897107 0.0986284 0.0862523 0.0877838 0.0714362 0.0741794 0.0969364 0.0902419 0.0879342 0.0813828 0.0837964 0.1020049 0.1006120 0.0994897 0.0932115 0.0000000 0.0734039 0.0802709 0.1013496 0.0818511 0.0861161 0.0914760 0.0973507 0.0918609 0.0649788 
Pseudochiridae_Petauroides_volans            0.0655151 0.1192544 0.0740618 0.0674061 0.0669342 0.1167270 0.0673264 0.0742725 0.0661265 0.0892907 0.0754960 0.1214204 0.1058013 0.0776200 0.0622155 0.1124543 0.1164807 0.1170772 0.0968400 0.0691129 0.0460676 0.1286701 0.1191125 0.1160693 0.0724810 0.0734039 0.0000000 0.0707054 0.0726636 0.0652354 0.0768399 0.0973327 0.1146755 0.0938355 0.0294619 
Macropodidae_Wallabia_bicolor                0.0756057 0.1226119 0.0777741 0.0248117 0.0258696 0.1235014 0.0768167 0.0810046 0.0269376 0.0972605 0.0809968 0.1247661 0.1103365 0.0828046 0.0655547 0.1211750 0.1225094 0.1161525 0.1042793 0.0143132 0.0707706 0.1375006 0.1188690 0.1205991 0.0531856 0.0802709 0.0707054 0.0000000 0.0918509 0.0759342 0.0813977 0.1021263 0.1228746 0.0992500 0.0576319 
Tarsipedidae_Tarsipes_rostratus              0.0809469 0.1333949 0.0928191 0.0881429 0.0896627 0.1289558 0.0912434 0.0940232 0.0887059 0.1118016 0.0979323 0.1340413 0.1236476 0.0982195 0.0781407 0.1257572 0.1284964 0.1272976 0.1164036 0.0939062 0.0755585 0.1517530 0.1353844 0.1291308 0.1025727 0.1013496 0.0726636 0.0918509 0.0000000 0.0832785 0.0978962 0.1203593 0.1296165 0.1194157 0.0515846 
Acrobatidae_Distoechurus_pennatus            0.0636220 0.1184061 0.0719774 0.0748688 0.0750554 0.1227751 0.0713734 0.0763276 0.0755412 0.0988351 0.0736127 0.1270795 0.1144995 0.0767884 0.0357192 0.1155558 0.1233851 0.1238149 0.1039859 0.0791665 0.0684606 0.1356062 0.1212234 0.1246854 0.0830212 0.0818511 0.0652354 0.0759342 0.0832785 0.0000000 0.0765863 0.1043262 0.1201370 0.1041320 0.0496157 
Phalangeridae_Phalanger_carmelitae           0.0704507 0.1234556 0.0797122 0.0802810 0.0822568 0.1350597 0.0253964 0.0190107 0.0846491 0.0996234 0.0197971 0.1369995 0.1208649 0.0044305 0.0704213 0.1266947 0.1335807 0.1258947 0.1056458 0.0859482 0.0805118 0.1361568 0.1255145 0.1305789 0.0898136 0.0861161 0.0768399 0.0813977 0.0978962 0.0765863 0.0000000 0.1039265 0.1316967 0.1048091 0.0658718 
Peramelidae_Peroryctes_raffrayana            0.1013936 0.1286700 0.0916011 0.1061951 0.1058278 0.1400098 0.1060798 0.1082885 0.1043821 0.0187752 0.1080058 0.1368501 0.1257059 0.1052378 0.0916566 0.1327308 0.1364194 0.1315463 0.0196038 0.1057648 0.1025653 0.1411779 0.1205573 0.1368105 0.1194305 0.0914760 0.0973327 0.1021263 0.1203593 0.1043262 0.1039265 0.0000000 0.1385654 0.0211516 0.0705104 
Dasyuridae_Dasyurus_geffroii                 0.1159568 0.1313818 0.1163880 0.1208123 0.1202212 0.0044515 0.1187948 0.1277173 0.1223204 0.1294320 0.1263379 0.0288298 0.0311240 0.1334764 0.1164452 0.0248512 0.0054790 0.0359624 0.1341775 0.1226318 0.1236095 0.1642262 0.1328482 0.0278186 0.1282676 0.0973507 0.1146755 0.1228746 0.1296165 0.1201370 0.1316967 0.1385654 0.0000000 0.1333245 0.1007424 
Peramelidae_Perameles_gunnii                 0.0981527 0.1282026 0.0950432 0.1028944 0.1031040 0.1345620 0.1024129 0.1063843 0.1005276 0.0031259 0.1067435 0.1318369 0.1243922 0.1055492 0.0912436 0.1308891 0.1330644 0.1304603 0.0212740 0.1052338 0.1001921 0.1480206 0.1318086 0.1316376 0.1127610 0.0918609 0.0938355 0.0992500 0.1194157 0.1041320 0.1048091 0.0211516 0.1333245 0.0000000 0.0664715 
Pseudochiridae_Pseudocheirus_occidentalis    0.0530510 0.1074631 0.0580875 0.0544492 0.0562685 0.1068005 0.0565328 0.0602608 0.0552456 0.0657059 0.0602267 0.1076256 0.0997908 0.0643022 0.0412649 0.0998071 0.1065074 0.1024871 0.0722103 0.0571937 0.0298731 0.1149765 0.0843806 0.1066708 0.0652980 0.0649788 0.0294619 0.0576319 0.0515846 0.0496157 0.0658718 0.0705104 0.1007424 0.0664715 0.0000000 
