35
Burramyidae_Burramys_parvus                  0.0000000 0.0924378 0.0581029 0.0630157 0.0604405 0.1095249 0.0473883 0.0480357 0.0634061 0.1075108 0.0504451 0.1205712 0.1177632 0.0488423 0.0547708 0.1189315 0.1138437 0.0718684 0.1022581 0.0663312 0.0652330 0.1547556 0.2001542 0.1106420 0.0584444 0.0737146 0.0501198 0.1706280 0.0569481 0.1022843 0.1279579 0.0465559 0.0991015 0.1118433 0.0940664 
Notoryctidae_Notoryctes_typhlops             0.0924378 0.0000000 0.0862641 0.1058766 0.1026998 0.1290063 0.1029925 0.1024621 0.1010611 0.1318383 0.1172601 0.1437862 0.1320411 0.1079549 0.1105558 0.1440654 0.1364489 0.0884048 0.1157137 0.1132313 0.1219116 0.1723685 0.1971546 0.1293741 0.1101745 0.0976267 0.0956090 0.1854993 0.1066519 0.1532660 0.1609497 0.1058876 0.1103873 0.1348766 0.1168316 
Vombatidae_Lasiorhinus_latifrons             0.0581029 0.0862641 0.0000000 0.0667163 0.0640964 0.1085160 0.0663808 0.0626501 0.0684600 0.0991889 0.0707072 0.1317171 0.1161084 0.0701380 0.0647144 0.1301466 0.1220253 0.0664351 0.0916544 0.0703619 0.0828437 0.1362932 0.1807451 0.1177180 0.0608307 0.0680538 0.0647647 0.1721885 0.0750151 0.1248436 0.1341167 0.0666154 0.0906235 0.1160288 0.0897367 
Potoroidae_Bettongia_penicillata             0.0630157 0.1058766 0.0667163 0.0000000 0.0022667 0.1367861 0.0685633 0.0701068 0.0049151 0.1267502 0.0721334 0.1469591 0.1377542 0.0678665 0.0665958 0.1480770 0.1415769 0.0878505 0.1202333 0.0220077 0.0784661 0.1752250 0.2174317 0.1357931 0.0296944 0.0927232 0.0710174 0.1236813 0.0739867 0.1257024 0.1317682 0.0682138 0.1148321 0.1393388 0.1150074 
Potoroidae_Bettongia_lesueur                 0.0604405 0.1026998 0.0640964 0.0022667 0.0000000 0.1350915 0.0677928 0.0692867 0.0042519 0.1233144 0.0713329 0.1453266 0.1352715 0.0677228 0.0652417 0.1448646 0.1383173 0.0834203 0.1186729 0.0214408 0.0808041 0.1706577 0.2116591 0.1325121 0.0286902 0.0890123 0.0683638 0.1197798 0.0731945 0.1217280 0.1321715 0.0680692 0.1140681 0.1376612 0.1127191 
Dasyuridae_Dasyurus_maculatus                0.1095249 0.1290063 0.1085160 0.1367861 0.1350915 0.0000000 0.1221752 0.1279108 0.1346892 0.1443909 0.1290217 0.0236616 0.0296257 0.1275024 0.1368939 0.0237258 0.0129880 0.0134479 0.1298953 0.1424353 0.1497292 0.1972261 0.2098575 0.0218483 0.1311148 0.1213768 0.1327687 0.2157147 0.1380143 0.1627018 0.1864698 0.1262659 0.1160957 0.0087803 0.1276823 
Phalangeridae_Trichosurus_vulpecula          0.0473883 0.1029925 0.0663808 0.0685633 0.0677928 0.1221752 0.0000000 0.0208486 0.0708496 0.1283744 0.0227694 0.1385871 0.1235233 0.0196266 0.0703232 0.1382976 0.1310283 0.0845466 0.1211222 0.0726381 0.0728289 0.1636765 0.2121879 0.1289477 0.0680938 0.0745828 0.0618451 0.1753298 0.0661312 0.1258532 0.1381405 0.0183021 0.1163040 0.1288241 0.1126821 
Phalangeridae_Spilocuscus_maculatus          0.0480357 0.1024621 0.0626501 0.0701068 0.0692867 0.1279108 0.0208486 0.0000000 0.0724731 0.1290101 0.0137935 0.1388088 0.1286989 0.0104258 0.0686372 0.1395010 0.1367615 0.0927180 0.1192882 0.0756669 0.0742317 0.1670462 0.2129234 0.1301114 0.0704781 0.0883358 0.0618587 0.1801592 0.0689301 0.1235895 0.1402778 0.0104081 0.1200332 0.1353937 0.1145675 
Potoroidae_Aepyprymnus_rufescens             0.0634061 0.1010611 0.0684600 0.0049151 0.0042519 0.1346892 0.0708496 0.0724731 0.0000000 0.1269219 0.0753842 0.1462866 0.1348956 0.0701704 0.0668658 0.1450773 0.1395393 0.0884929 0.1211713 0.0214959 0.0830093 0.1728022 0.2181728 0.1336137 0.0307952 0.0905178 0.0693690 0.1224688 0.0754922 0.1276731 0.1343872 0.0704724 0.1131720 0.1372839 0.1157618 
Peramelidae_Perameles_nasuta                 0.1075108 0.1318383 0.0991889 0.1267502 0.1233144 0.1443909 0.1283744 0.1290101 0.1269219 0.0000000 0.1290078 0.1484179 0.1524959 0.1345724 0.0988483 0.1463318 0.1372031 0.0778957 0.0159565 0.1216583 0.1260746 0.1820537 0.2235830 0.1339199 0.1289842 0.1146413 0.1133696 0.2163811 0.1365106 0.1659725 0.1796715 0.1350360 0.0181027 0.1367259 0.0052084 
Phalangeridae_Strigocuscus_pelengensis       0.0504451 0.1172601 0.0707072 0.0721334 0.0713329 0.1290217 0.0227694 0.0137935 0.0753842 0.1290078 0.0000000 0.1428599 0.1273990 0.0118902 0.0780484 0.1430865 0.1391163 0.0950242 0.1261732 0.0759776 0.0819718 0.1761914 0.1825305 0.1387654 0.0693559 0.0950810 0.0680321 0.1459852 0.0716405 0.1034851 0.1436741 0.0118799 0.1264689 0.1377114 0.1212112 
Dasyuridae_Phascogale_tapoatafa              0.1205712 0.1437862 0.1317171 0.1469591 0.1453266 0.0236616 0.1385871 0.1388088 0.1462866 0.1484179 0.1428599 0.0000000 0.0397240 0.1385774 0.1321393 0.0040620 0.0150804 0.0145341 0.1375973 0.1485241 0.1504007 0.1998647 0.2186024 0.0096398 0.1464738 0.1389296 0.1457241 0.2352055 0.1530731 0.1710238 0.2035872 0.1399471 0.1274130 0.0151212 0.1344436 
Dasyuridae_Sminthopsis_macroura              0.1177632 0.1320411 0.1161084 0.1377542 0.1352715 0.0296257 0.1235233 0.1286989 0.1348956 0.1524959 0.1273990 0.0397240 0.0000000 0.1265908 0.1411978 0.0386140 0.0389346 0.0143329 0.1358159 0.1423489 0.1554047 0.1997970 0.2163533 0.0374573 0.1342784 0.1321293 0.1398589 0.2057447 0.1384940 0.1823813 0.1887003 0.1245156 0.1191278 0.0367241 0.1341645 
Phalangeridae_Phalanger_orientalis           0.0488423 0.1079549 0.0701380 0.0678665 0.0677228 0.1275024 0.0196266 0.0104258 0.0701704 0.1345724 0.0118902 0.1385774 0.1265908 0.0000000 0.0756475 0.1390153 0.1360067 0.0931886 0.1251714 0.0713050 0.0754121 0.1716329 0.2169479 0.1325097 0.0682747 0.0922934 0.0649717 0.1790473 0.0666960 0.1239117 0.1484925 0.0040287 0.1220472 0.1354926 0.1214617 
Acrobatidae_Acrobates_pygmaeus               0.0547708 0.1105558 0.0647144 0.0665958 0.0652417 0.1368939 0.0703232 0.0686372 0.0668658 0.0988483 0.0780484 0.1321393 0.1411978 0.0756475 0.0000000 0.1312432 0.1316733 0.0813432 0.0963694 0.0754112 0.0709420 0.1576232 0.2091433 0.1197780 0.0639123 0.0764207 0.0539869 0.1640562 0.0630885 0.1102524 0.0794354 0.0732262 0.0941982 0.1281278 0.0948785 
Dasyuridae_Phascogale_calura                 0.1189315 0.1440654 0.1301466 0.1480770 0.1448646 0.0237258 0.1382976 0.1395010 0.1450773 0.1463318 0.1430865 0.0040620 0.0386140 0.1390153 0.1312432 0.0000000 0.0146474 0.0157854 0.1345398 0.1483901 0.1617446 0.2018876 0.2238185 0.0100746 0.1426219 0.1366956 0.1421214 0.2310065 0.1547167 0.1682264 0.1987346 0.1395548 0.1268278 0.0146862 0.1313088 
Dasyuridae_Sarcophilus_harrisii              0.1138437 0.1364489 0.1220253 0.1415769 0.1383173 0.0129880 0.1310283 0.1367615 0.1395393 0.1372031 0.1391163 0.0150804 0.0389346 0.1360067 0.1316733 0.0146474 0.0000000 0.0118733 0.1229477 0.1484938 0.1572221 0.2047452 0.2233116 0.0133095 0.1399237 0.1294390 0.1415421 0.2309760 0.1566550 0.1673394 0.2050308 0.1349758 0.1192739 0.0051513 0.1203872 
Dasyuridae_Planigale_tenuirostris            0.0718684 0.0884048 0.0664351 0.0878505 0.0834203 0.0134479 0.0845466 0.0927180 0.0884929 0.0778957 0.0950242 0.0145341 0.0143329 0.0931886 0.0813432 0.0157854 0.0118733 0.0000000 0.0807122 0.0946679 0.1118285 0.1088283 0.1293075 0.0141193 0.0845512 0.0798343 0.0974370 0.0867829 0.0999265 0.0989134 0.0853823 0.0938688 0.0737273 0.0131401 0.0740385 
Peramelidae_Echymipera_kalubu                0.1022581 0.1157137 0.0916544 0.1202333 0.1186729 0.1298953 0.1211222 0.1192882 0.1211713 0.0159565 0.1261732 0.1375973 0.1358159 0.1251714 0.0963694 0.1345398 0.1229477 0.0807122 0.0000000 0.1252701 0.1365438 0.1792833 0.2121680 0.1227316 0.1164687 0.1121465 0.1039928 0.2098544 0.1239070 0.1478364 0.1812423 0.1207885 0.0102517 0.1218236 0.0108909 
Macropodidae_Dorcopsulus_vanheurni           0.0663312 0.1132313 0.0703619 0.0220077 0.0214408 0.1424353 0.0726381 0.0756669 0.0214959 0.1216583 0.0759776 0.1485241 0.1423489 0.0713050 0.0754112 0.1483901 0.1484938 0.0946679 0.1252701 0.0000000 0.0785248 0.1799703 0.2199626 0.1393247 0.0392069 0.0943614 0.0717172 0.1147257 0.0694354 0.1349278 0.1490686 0.0723063 0.1194226 0.1455953 0.1196522 
Pseudochiridae_Pseudochirulus_forbesi        0.0652330 0.1219116 0.0828437 0.0784661 0.0808041 0.1497292 0.0728289 0.0742317 0.0830093 0.1260746 0.0819718 0.1504007 0.1554047 0.0754121 0.0709420 0.1617446 0.1572221 0.1118285 0.1365438 0.0785248 0.0000000 0.1952857 0.2459671 0.1533550 0.0776859 0.0920641 0.0334350 0.1944316 0.0133411 0.1162095 0.1494093 0.0741600 0.1302529 0.1581647 0.1356062 
Didelphidae_Didelphis_virginiana             0.1547556 0.1723685 0.1362932 0.1752250 0.1706577 0.1972261 0.1636765 0.1670462 0.1728022 0.1820537 0.1761914 0.1998647 0.1997970 0.1716329 0.1576232 0.2018876 0.2047452 0.1088283 0.1792833 0.1799703 0.1952857 0.0000000 0.1004955 0.1920798 0.1768269 0.1553545 0.1583302 0.2436565 0.1870594 0.2041727 0.2172955 0.1651519 0.1644126 0.1984601 0.1717438 
Marmosidae_Monodelphis_domestica             0.2001542 0.1971546 0.1807451 0.2174317 0.2116591 0.2098575 0.2121879 0.2129234 0.2181728 0.2235830 0.1825305 0.2186024 0.2163533 0.2169479 0.2091433 0.2238185 0.2233116 0.1293075 0.2121680 0.2199626 0.2459671 0.1004955 0.0000000 0.2163721 0.2122736 0.1995900 0.2141784 0.2052135 0.2304859 0.2035785 0.1727180 0.2107535 0.1936094 0.2196874 0.2084861 
Dasyuridae_Antechinus_stuartii               0.1106420 0.1293741 0.1177180 0.1357931 0.1325121 0.0218483 0.1289477 0.1301114 0.1336137 0.1339199 0.1387654 0.0096398 0.0374573 0.1325097 0.1197780 0.0100746 0.0133095 0.0141193 0.1227316 0.1393247 0.1533550 0.1920798 0.2163721 0.0000000 0.1319340 0.1265284 0.1359026 0.2227786 0.1497436 0.1663867 0.2002293 0.1296752 0.1181240 0.0125061 0.1210643 
Hypsiprymnodontidae_Hypsiprymnodon_moschatus 0.0584444 0.1101745 0.0608307 0.0296944 0.0286902 0.1311148 0.0680938 0.0704781 0.0307952 0.1289842 0.0693559 0.1464738 0.1342784 0.0682747 0.0639123 0.1426219 0.1399237 0.0845512 0.1164687 0.0392069 0.0776859 0.1768269 0.2122736 0.1319340 0.0000000 0.0860943 0.0679003 0.1394709 0.0693269 0.1198155 0.1356679 0.0665267 0.1093011 0.1383581 0.1160928 
Microbiotheriidae_Dromiciops_gliroides       0.0737146 0.0976267 0.0680538 0.0927232 0.0890123 0.1213768 0.0745828 0.0883358 0.0905178 0.1146413 0.0950810 0.1389296 0.1321293 0.0922934 0.0764207 0.1366956 0.1294390 0.0798343 0.1121465 0.0943614 0.0920641 0.1553545 0.1995900 0.1265284 0.0860943 0.0000000 0.0800188 0.1917248 0.0899319 0.1522208 0.1555808 0.0880064 0.1098386 0.1245568 0.1029631 
Pseudochiridae_Petauroides_volans            0.0501198 0.0956090 0.0647647 0.0710174 0.0683638 0.1327687 0.0618451 0.0618587 0.0693690 0.1133696 0.0680321 0.1457241 0.1398589 0.0649717 0.0539869 0.1421214 0.1415421 0.0974370 0.1039928 0.0717172 0.0334350 0.1583302 0.2141784 0.1359026 0.0679003 0.0800188 0.0000000 0.1682641 0.0278106 0.0910986 0.1148160 0.0634698 0.1069377 0.1417552 0.1052157 
Macropodidae_Wallabia_bicolor                0.1706280 0.1854993 0.1721885 0.1236813 0.1197798 0.2157147 0.1753298 0.1801592 0.1224688 0.2163811 0.1459852 0.2352055 0.2057447 0.1790473 0.1640562 0.2310065 0.2309760 0.0867829 0.2098544 0.1147257 0.1944316 0.2436565 0.2052135 0.2227786 0.1394709 0.1917248 0.1682641 0.0000000 0.1997651 0.2057315 0.1261078 0.1802369 0.1942442 0.2269072 0.1978574 
Pseudochiridae_Pseudocheirus_occidentalis    0.0569481 0.1066519 0.0750151 0.0739867 0.0731945 0.1380143 0.0661312 0.0689301 0.0754922 0.1365106 0.0716405 0.1530731 0.1384940 0.0666960 0.0630885 0.1547167 0.1566550 0.0999265 0.1239070 0.0694354 0.0133411 0.1870594 0.2304859 0.1497436 0.0693269 0.0899319 0.0278106 0.1997651 0.0000000 0.1008440 0.1364599 0.0671567 0.1163313 0.1540946 0.1280171 
Tarsipedidae_Tarsipes_rostratus              0.1022843 0.1532660 0.1248436 0.1257024 0.1217280 0.1627018 0.1258532 0.1235895 0.1276731 0.1659725 0.1034851 0.1710238 0.1823813 0.1239117 0.1102524 0.1682264 0.1673394 0.0989134 0.1478364 0.1349278 0.1162095 0.2041727 0.2035785 0.1663867 0.1198155 0.1522208 0.0910986 0.2057315 0.1008440 0.0000000 0.1535466 0.1252075 0.1512606 0.1652210 0.1471798 
Acrobatidae_Distoechurus_pennatus            0.1279579 0.1609497 0.1341167 0.1317682 0.1321715 0.1864698 0.1381405 0.1402778 0.1343872 0.1796715 0.1436741 0.2035872 0.1887003 0.1484925 0.0794354 0.1987346 0.2050308 0.0853823 0.1812423 0.1490686 0.1494093 0.2172955 0.1727180 0.2002293 0.1356679 0.1555808 0.1148160 0.1261078 0.1364599 0.1535466 0.0000000 0.1504788 0.1584435 0.2044990 0.1701429 
Phalangeridae_Phalanger_carmelitae           0.0465559 0.1058876 0.0666154 0.0682138 0.0680692 0.1262659 0.0183021 0.0104081 0.0704724 0.1350360 0.0118799 0.1399471 0.1245156 0.0040287 0.0732262 0.1395548 0.1349758 0.0938688 0.1207885 0.0723063 0.0741600 0.1651519 0.2107535 0.1296752 0.0665267 0.0880064 0.0634698 0.1802369 0.0671567 0.1252075 0.1504788 0.0000000 0.1215448 0.1328202 0.1187336 
Peramelidae_Peroryctes_raffrayana            0.0991015 0.1103873 0.0906235 0.1148321 0.1140681 0.1160957 0.1163040 0.1200332 0.1131720 0.0181027 0.1264689 0.1274130 0.1191278 0.1220472 0.0941982 0.1268278 0.1192739 0.0737273 0.0102517 0.1194226 0.1302529 0.1644126 0.1936094 0.1181240 0.1093011 0.1098386 0.1069377 0.1942442 0.1163313 0.1512606 0.1584435 0.1215448 0.0000000 0.1143564 0.0134117 
Dasyuridae_Dasyurus_geffroii                 0.1118433 0.1348766 0.1160288 0.1393388 0.1376612 0.0087803 0.1288241 0.1353937 0.1372839 0.1367259 0.1377114 0.0151212 0.0367241 0.1354926 0.1281278 0.0146862 0.0051513 0.0131401 0.1218236 0.1455953 0.1581647 0.1984601 0.2196874 0.0125061 0.1383581 0.1245568 0.1417552 0.2269072 0.1540946 0.1652210 0.2044990 0.1328202 0.1143564 0.0000000 0.1208250 
Peramelidae_Perameles_gunnii                 0.0940664 0.1168316 0.0897367 0.1150074 0.1127191 0.1276823 0.1126821 0.1145675 0.1157618 0.0052084 0.1212112 0.1344436 0.1341645 0.1214617 0.0948785 0.1313088 0.1203872 0.0740385 0.0108909 0.1196522 0.1356062 0.1717438 0.2084861 0.1210643 0.1160928 0.1029631 0.1052157 0.1978574 0.1280171 0.1471798 0.1701429 0.1187336 0.0134117 0.1208250 0.0000000 
