35
Burramyidae_Burramys_parvus                  0.0000000 0.0474279 0.0415339 0.0355623 0.0366094 0.0511919 0.0284617 0.0265454 0.0373184 0.0553016 0.0288534 0.0515475 0.0576010 0.0310180 0.0330427 0.0511689 0.0497646 0.0508751 0.0533374 0.0375475 0.0324625 0.0645695 0.0687881 0.0529095 0.0396995 0.0495560 0.0348774 0.0383810 0.0328181 0.0442735 0.0311213 0.0289903 0.0532091 0.0510137 0.0552912 
Notoryctidae_Notoryctes_typhlops             0.0474279 0.0000000 0.0555718 0.0547662 0.0576175 0.0567432 0.0488983 0.0490566 0.0605251 0.0536986 0.0505435 0.0539253 0.0567950 0.0517672 0.0532466 0.0530644 0.0553382 0.0542135 0.0529588 0.0542678 0.0501028 0.0672714 0.0732586 0.0535420 0.0614838 0.0499905 0.0523640 0.0567796 0.0506301 0.0692222 0.0562012 0.0491530 0.0555439 0.0570693 0.0545832 
Vombatidae_Lasiorhinus_latifrons             0.0415339 0.0555718 0.0000000 0.0484132 0.0508405 0.0543140 0.0393425 0.0395851 0.0533223 0.0559497 0.0434155 0.0538129 0.0586268 0.0447992 0.0457425 0.0530349 0.0544117 0.0548365 0.0552679 0.0483952 0.0434092 0.0668663 0.0687543 0.0549500 0.0516470 0.0492209 0.0442913 0.0487895 0.0418622 0.0597261 0.0473283 0.0422677 0.0553219 0.0559955 0.0567772 
Potoroidae_Bettongia_penicillata             0.0355623 0.0547662 0.0484132 0.0000000 0.0030078 0.0536916 0.0345770 0.0332824 0.0084288 0.0591726 0.0361803 0.0526709 0.0582389 0.0369463 0.0383151 0.0523804 0.0524320 0.0531432 0.0574977 0.0115037 0.0374332 0.0694488 0.0765815 0.0532725 0.0268628 0.0499541 0.0410654 0.0119493 0.0363219 0.0543274 0.0388731 0.0355123 0.0583546 0.0540147 0.0609249 
Potoroidae_Bettongia_lesueur                 0.0366094 0.0576175 0.0508405 0.0030078 0.0000000 0.0559808 0.0363577 0.0353430 0.0100031 0.0610635 0.0380053 0.0544182 0.0600413 0.0384098 0.0403912 0.0541242 0.0547076 0.0547420 0.0595592 0.0131076 0.0388255 0.0707348 0.0785462 0.0547679 0.0279244 0.0514760 0.0432107 0.0127443 0.0381997 0.0563121 0.0403855 0.0375535 0.0588779 0.0563095 0.0628341 
Dasyuridae_Dasyurus_maculatus                0.0511919 0.0567432 0.0543140 0.0536916 0.0559808 0.0000000 0.0448776 0.0454547 0.0599620 0.0572943 0.0497069 0.0140337 0.0171809 0.0514545 0.0518237 0.0138327 0.0049261 0.0137030 0.0546232 0.0535836 0.0482646 0.0684956 0.0698658 0.0125137 0.0594759 0.0518885 0.0495483 0.0548662 0.0485348 0.0663659 0.0498394 0.0477202 0.0547704 0.0047306 0.0583871 
Phalangeridae_Trichosurus_vulpecula          0.0284617 0.0488983 0.0393425 0.0345770 0.0363577 0.0448776 0.0000000 0.0091953 0.0390529 0.0562336 0.0115566 0.0431444 0.0491179 0.0117579 0.0296677 0.0438995 0.0441537 0.0430922 0.0520949 0.0330323 0.0292359 0.0600759 0.0626200 0.0460899 0.0361875 0.0428789 0.0316901 0.0333659 0.0292045 0.0457666 0.0310285 0.0107809 0.0531614 0.0448945 0.0565024 
Phalangeridae_Spilocuscus_maculatus          0.0265454 0.0490566 0.0395851 0.0332824 0.0353430 0.0454547 0.0091953 0.0000000 0.0366243 0.0555006 0.0045754 0.0419191 0.0490691 0.0055245 0.0282981 0.0426838 0.0436658 0.0420832 0.0523295 0.0310216 0.0276399 0.0586267 0.0628798 0.0449495 0.0353709 0.0422515 0.0294441 0.0325337 0.0285137 0.0446383 0.0290910 0.0046242 0.0532155 0.0454721 0.0562924 
Potoroidae_Aepyprymnus_rufescens             0.0373184 0.0605251 0.0533223 0.0084288 0.0100031 0.0599620 0.0390529 0.0366243 0.0000000 0.0632516 0.0408268 0.0580676 0.0641493 0.0408909 0.0421991 0.0583074 0.0592038 0.0587841 0.0618924 0.0158300 0.0415459 0.0747730 0.0797497 0.0589938 0.0309137 0.0547445 0.0458097 0.0158782 0.0390659 0.0569041 0.0426304 0.0392807 0.0639540 0.0606004 0.0655790 
Peramelidae_Perameles_nasuta                 0.0553016 0.0536986 0.0559497 0.0591726 0.0610635 0.0572943 0.0562336 0.0555006 0.0632516 0.0000000 0.0615929 0.0579567 0.0595023 0.0613936 0.0612532 0.0582339 0.0573186 0.0571620 0.0139374 0.0581264 0.0568090 0.0761489 0.0793461 0.0575676 0.0640640 0.0547241 0.0592593 0.0597326 0.0557092 0.0751979 0.0565835 0.0576564 0.0141577 0.0587626 0.0029259 
Phalangeridae_Strigocuscus_pelengensis       0.0288534 0.0505435 0.0434155 0.0361803 0.0380053 0.0497069 0.0115566 0.0045754 0.0408268 0.0615929 0.0000000 0.0459582 0.0523682 0.0065671 0.0312300 0.0463046 0.0476332 0.0469216 0.0570759 0.0344110 0.0299966 0.0623535 0.0678905 0.0488053 0.0377261 0.0467634 0.0319786 0.0356616 0.0304987 0.0482450 0.0327478 0.0058930 0.0584895 0.0494308 0.0612483 
Dasyuridae_Phascogale_tapoatafa              0.0515475 0.0539253 0.0538129 0.0526709 0.0544182 0.0140337 0.0431444 0.0419191 0.0580676 0.0579567 0.0459582 0.0000000 0.0182263 0.0472413 0.0494873 0.0024431 0.0128159 0.0155101 0.0559510 0.0522873 0.0461810 0.0658412 0.0690904 0.0073114 0.0557339 0.0521026 0.0481594 0.0535568 0.0464049 0.0648038 0.0478605 0.0444528 0.0548223 0.0138274 0.0590553 
Dasyuridae_Sminthopsis_macroura              0.0576010 0.0567950 0.0586268 0.0582389 0.0600413 0.0171809 0.0491179 0.0490691 0.0641493 0.0595023 0.0523682 0.0182263 0.0000000 0.0534797 0.0558085 0.0182414 0.0161568 0.0117399 0.0585421 0.0565398 0.0502920 0.0691814 0.0697758 0.0158897 0.0631396 0.0543844 0.0524502 0.0573116 0.0494982 0.0699656 0.0511995 0.0515388 0.0572651 0.0174085 0.0617731 
Phalangeridae_Phalanger_orientalis           0.0310180 0.0517672 0.0447992 0.0369463 0.0384098 0.0514545 0.0117579 0.0055245 0.0408909 0.0613936 0.0065671 0.0472413 0.0534797 0.0000000 0.0316879 0.0481023 0.0491546 0.0476724 0.0576883 0.0343635 0.0309880 0.0608966 0.0680677 0.0494946 0.0376694 0.0473370 0.0322760 0.0354571 0.0309734 0.0491334 0.0327432 0.0031218 0.0584236 0.0514749 0.0623386 
Acrobatidae_Acrobates_pygmaeus               0.0330427 0.0532466 0.0457425 0.0383151 0.0403912 0.0518237 0.0296677 0.0282981 0.0421991 0.0612532 0.0312300 0.0494873 0.0558085 0.0316879 0.0000000 0.0494710 0.0506076 0.0478461 0.0581294 0.0358296 0.0289006 0.0639622 0.0690635 0.0512496 0.0409170 0.0462477 0.0297334 0.0379542 0.0289882 0.0481147 0.0254281 0.0296440 0.0599342 0.0521236 0.0621053 
Dasyuridae_Phascogale_calura                 0.0511689 0.0530644 0.0530349 0.0523804 0.0541242 0.0138327 0.0438995 0.0426838 0.0583074 0.0582339 0.0463046 0.0024431 0.0182414 0.0481023 0.0494710 0.0000000 0.0126162 0.0152837 0.0559465 0.0515090 0.0454188 0.0647221 0.0688376 0.0067225 0.0548894 0.0516241 0.0478959 0.0527595 0.0458682 0.0649969 0.0478746 0.0452156 0.0553556 0.0140345 0.0593341 
Dasyuridae_Sarcophilus_harrisii              0.0497646 0.0553382 0.0544117 0.0524320 0.0547076 0.0049261 0.0441537 0.0436658 0.0592038 0.0573186 0.0476332 0.0128159 0.0161568 0.0491546 0.0506076 0.0126162 0.0000000 0.0125980 0.0546263 0.0523163 0.0470364 0.0666820 0.0685804 0.0119165 0.0584037 0.0500606 0.0480182 0.0538533 0.0472700 0.0634503 0.0490306 0.0464449 0.0545253 0.0051239 0.0584118 
Dasyuridae_Planigale_tenuirostris            0.0508751 0.0542135 0.0548365 0.0531432 0.0547420 0.0137030 0.0430922 0.0420832 0.0587841 0.0571620 0.0469216 0.0155101 0.0117399 0.0476724 0.0478461 0.0152837 0.0125980 0.0000000 0.0566126 0.0532071 0.0434860 0.0644279 0.0655191 0.0142247 0.0553432 0.0492034 0.0448601 0.0530080 0.0456912 0.0611084 0.0483151 0.0454027 0.0547169 0.0141703 0.0584065 
Peramelidae_Echymipera_kalubu                0.0533374 0.0529588 0.0552679 0.0574977 0.0595592 0.0546232 0.0520949 0.0523295 0.0618924 0.0139374 0.0570759 0.0559510 0.0585421 0.0576883 0.0581294 0.0559465 0.0546263 0.0566126 0.0000000 0.0578801 0.0559467 0.0717852 0.0762680 0.0556667 0.0626969 0.0558148 0.0575596 0.0589060 0.0537407 0.0731378 0.0556779 0.0545017 0.0122983 0.0570943 0.0149964 
Macropodidae_Dorcopsulus_vanheurni           0.0375475 0.0542678 0.0483952 0.0115037 0.0131076 0.0535836 0.0330323 0.0310216 0.0158300 0.0581264 0.0344110 0.0522873 0.0565398 0.0343635 0.0358296 0.0515090 0.0523163 0.0532071 0.0578801 0.0000000 0.0361311 0.0686222 0.0750623 0.0524452 0.0248909 0.0504638 0.0393326 0.0071797 0.0352102 0.0537475 0.0379195 0.0333008 0.0573872 0.0536613 0.0595749 
Pseudochiridae_Pseudochirulus_forbesi        0.0324625 0.0501028 0.0434092 0.0374332 0.0388255 0.0482646 0.0292359 0.0276399 0.0415459 0.0568090 0.0299966 0.0461810 0.0502920 0.0309880 0.0289006 0.0454188 0.0470364 0.0434860 0.0559467 0.0361311 0.0000000 0.0636558 0.0691274 0.0470309 0.0402596 0.0434715 0.0165775 0.0371846 0.0084967 0.0424376 0.0310215 0.0299327 0.0557874 0.0483163 0.0582424 
Didelphidae_Didelphis_virginiana             0.0645695 0.0672714 0.0668663 0.0694488 0.0707348 0.0684956 0.0600759 0.0586267 0.0747730 0.0761489 0.0623535 0.0658412 0.0691814 0.0608966 0.0639622 0.0647221 0.0666820 0.0644279 0.0717852 0.0686222 0.0636558 0.0000000 0.0323627 0.0689063 0.0724712 0.0627574 0.0621794 0.0703120 0.0594847 0.0808290 0.0662905 0.0602454 0.0728295 0.0685328 0.0763728 
Marmosidae_Monodelphis_domestica             0.0687881 0.0732586 0.0687543 0.0765815 0.0785462 0.0698658 0.0626200 0.0628798 0.0797497 0.0793461 0.0678905 0.0690904 0.0697758 0.0680677 0.0690635 0.0688376 0.0685804 0.0655191 0.0762680 0.0750623 0.0691274 0.0323627 0.0000000 0.0705219 0.0756405 0.0609623 0.0677011 0.0762505 0.0649821 0.0816463 0.0694978 0.0656348 0.0775954 0.0699648 0.0792264 
Dasyuridae_Antechinus_stuartii               0.0529095 0.0535420 0.0549500 0.0532725 0.0547679 0.0125137 0.0460899 0.0449495 0.0589938 0.0575676 0.0488053 0.0073114 0.0158897 0.0494946 0.0512496 0.0067225 0.0119165 0.0142247 0.0556667 0.0524452 0.0470309 0.0689063 0.0705219 0.0000000 0.0571309 0.0527797 0.0504188 0.0546133 0.0476947 0.0661614 0.0483694 0.0472236 0.0550012 0.0133410 0.0598146 
Hypsiprymnodontidae_Hypsiprymnodon_moschatus 0.0396995 0.0614838 0.0516470 0.0268628 0.0279244 0.0594759 0.0361875 0.0353709 0.0309137 0.0640640 0.0377261 0.0557339 0.0631396 0.0376694 0.0409170 0.0548894 0.0584037 0.0553432 0.0626969 0.0248909 0.0402596 0.0724712 0.0756405 0.0571309 0.0000000 0.0554938 0.0427883 0.0262179 0.0390306 0.0533960 0.0379546 0.0373567 0.0635960 0.0597454 0.0655509 
Microbiotheriidae_Dromiciops_gliroides       0.0495560 0.0499905 0.0492209 0.0499541 0.0514760 0.0518885 0.0428789 0.0422515 0.0547445 0.0547241 0.0467634 0.0521026 0.0543844 0.0473370 0.0462477 0.0516241 0.0500606 0.0492034 0.0558148 0.0504638 0.0434715 0.0627574 0.0609623 0.0527797 0.0554938 0.0000000 0.0440840 0.0505303 0.0432558 0.0605669 0.0455452 0.0435227 0.0570170 0.0518532 0.0566720 
Pseudochiridae_Petauroides_volans            0.0348774 0.0523640 0.0442913 0.0410654 0.0432107 0.0495483 0.0316901 0.0294441 0.0458097 0.0592593 0.0319786 0.0481594 0.0524502 0.0322760 0.0297334 0.0478959 0.0480182 0.0448601 0.0575596 0.0393326 0.0165775 0.0621794 0.0677011 0.0504188 0.0427883 0.0440840 0.0000000 0.0403103 0.0165425 0.0437610 0.0297157 0.0303830 0.0582102 0.0496182 0.0609821 
Macropodidae_Wallabia_bicolor                0.0383810 0.0567796 0.0487895 0.0119493 0.0127443 0.0548662 0.0333659 0.0325337 0.0158782 0.0597326 0.0356616 0.0535568 0.0573116 0.0354571 0.0379542 0.0527595 0.0538533 0.0530080 0.0589060 0.0071797 0.0371846 0.0703120 0.0762505 0.0546133 0.0262179 0.0505303 0.0403103 0.0000000 0.0358790 0.0524349 0.0394651 0.0343352 0.0583893 0.0557559 0.0617792 
Pseudochiridae_Pseudocheirus_occidentalis    0.0328181 0.0506301 0.0418622 0.0363219 0.0381997 0.0485348 0.0292045 0.0285137 0.0390659 0.0557092 0.0304987 0.0464049 0.0494982 0.0309734 0.0289882 0.0458682 0.0472700 0.0456912 0.0537407 0.0352102 0.0084967 0.0594847 0.0649821 0.0476947 0.0390306 0.0432558 0.0165425 0.0358790 0.0000000 0.0397062 0.0285993 0.0294597 0.0552696 0.0481097 0.0571643 
Tarsipedidae_Tarsipes_rostratus              0.0442735 0.0692222 0.0597261 0.0543274 0.0563121 0.0663659 0.0457666 0.0446383 0.0569041 0.0751979 0.0482450 0.0648038 0.0699656 0.0491334 0.0481147 0.0649969 0.0634503 0.0611084 0.0731378 0.0537475 0.0424376 0.0808290 0.0816463 0.0661614 0.0533960 0.0605669 0.0437610 0.0524349 0.0397062 0.0000000 0.0464959 0.0474288 0.0725668 0.0664242 0.0755476 
Acrobatidae_Distoechurus_pennatus            0.0311213 0.0562012 0.0473283 0.0388731 0.0403855 0.0498394 0.0310285 0.0290910 0.0426304 0.0565835 0.0327478 0.0478605 0.0511995 0.0327432 0.0254281 0.0478746 0.0490306 0.0483151 0.0556779 0.0379195 0.0310215 0.0662905 0.0694978 0.0483694 0.0379546 0.0455452 0.0297157 0.0394651 0.0285993 0.0464959 0.0000000 0.0298330 0.0563552 0.0498795 0.0584453 
Phalangeridae_Phalanger_carmelitae           0.0289903 0.0491530 0.0422677 0.0355123 0.0375535 0.0477202 0.0107809 0.0046242 0.0392807 0.0576564 0.0058930 0.0444528 0.0515388 0.0031218 0.0296440 0.0452156 0.0464449 0.0454027 0.0545017 0.0333008 0.0299327 0.0602454 0.0656348 0.0472236 0.0373567 0.0435227 0.0303830 0.0343352 0.0294597 0.0474288 0.0298330 0.0000000 0.0546098 0.0482483 0.0584888 
Peramelidae_Peroryctes_raffrayana            0.0532091 0.0555439 0.0553219 0.0583546 0.0588779 0.0547704 0.0531614 0.0532155 0.0639540 0.0141577 0.0584895 0.0548223 0.0572651 0.0584236 0.0599342 0.0553556 0.0545253 0.0547169 0.0122983 0.0573872 0.0557874 0.0728295 0.0775954 0.0550012 0.0635960 0.0570170 0.0582102 0.0583893 0.0552696 0.0725668 0.0563552 0.0546098 0.0000000 0.0561737 0.0152187 
Dasyuridae_Dasyurus_geffroii                 0.0510137 0.0570693 0.0559955 0.0540147 0.0563095 0.0047306 0.0448945 0.0454721 0.0606004 0.0587626 0.0494308 0.0138274 0.0174085 0.0514749 0.0521236 0.0140345 0.0051239 0.0141703 0.0570943 0.0536613 0.0483163 0.0685328 0.0699648 0.0133410 0.0597454 0.0518532 0.0496182 0.0557559 0.0481097 0.0664242 0.0498795 0.0482483 0.0561737 0.0000000 0.0598650 
Peramelidae_Perameles_gunnii                 0.0552912 0.0545832 0.0567772 0.0609249 0.0628341 0.0583871 0.0565024 0.0562924 0.0655790 0.0029259 0.0612483 0.0590553 0.0617731 0.0623386 0.0621053 0.0593341 0.0584118 0.0584065 0.0149964 0.0595749 0.0582424 0.0763728 0.0792264 0.0598146 0.0655509 0.0566720 0.0609821 0.0617792 0.0571643 0.0755476 0.0584453 0.0584888 0.0152187 0.0598650 0.0000000 
