37
Burramyidae_Burramys_parvus                  0.0000000 0.0519691 0.0477728 0.0639394 0.0630957 0.0717793 0.0454574 0.0467933 0.0682548 0.0740115 0.1132921 0.0438059 0.0674096 0.0718301 0.0496938 0.0474869 0.0596174 0.0738456 0.0723825 0.0697512 0.0483001 0.0820034 0.0986406 0.0626536 0.0570926 0.0745767 0.0433452 0.0620176 0.0843740 0.0486692 0.1132921 0.0450410 0.0726133 0.0733390 0.0749478 0.0683751 0.0822992 
Notoryctidae_Notoryctes_typhlops             0.0519691 0.0000000 0.0460478 0.0685658 0.0648080 0.0572420 0.0531565 0.0554514 0.0698547 0.0611597 0.0958408 0.0534573 0.0576098 0.0608740 0.0628775 0.0518509 0.0548269 0.0573004 0.0592657 0.0701463 0.0466381 0.0730511 0.0824845 0.0520409 0.0546259 0.0610025 0.0502724 0.0643014 0.0767325 0.0495913 0.0958408 0.0581166 0.0602444 0.0588168 0.0631333 0.0517715 0.0717805 
Vombatidae_Lasiorhinus_latifrons             0.0477728 0.0460478 0.0000000 0.0624822 0.0606880 0.0628076 0.0454637 0.0481926 0.0654283 0.0676632 0.1360894 0.0453057 0.0607884 0.0628159 0.0536065 0.0407772 0.0644118 0.0647767 0.0652915 0.0677905 0.0427186 0.0776862 0.0901832 0.0638143 0.0507047 0.0664118 0.0479742 0.0601924 0.0796966 0.0414545 0.1360894 0.0506804 0.0670271 0.0643422 0.0667207 0.0500825 0.0713918 
Potoroidae_Bettongia_penicillata             0.0639394 0.0685658 0.0624822 0.0000000 0.0041229 0.0839733 0.0613376 0.0675220 0.0156382 0.0876963 0.1560200 0.0643413 0.0806840 0.0863690 0.0718394 0.0615548 0.0926027 0.0861435 0.0822592 0.0226968 0.0602226 0.1056672 0.1077434 0.0907363 0.0315369 0.0885650 0.0653598 0.0180392 0.1007748 0.0597404 0.1560200 0.0685776 0.0829557 0.0855324 0.0870069 0.0765136 0.1040276 
Potoroidae_Bettongia_lesueur                 0.0630957 0.0648080 0.0606880 0.0041229 0.0000000 0.0812912 0.0597460 0.0666581 0.0141703 0.0876450 0.1554147 0.0625961 0.0798770 0.0848702 0.0709616 0.0599305 0.0918428 0.0834664 0.0821944 0.0211641 0.0601783 0.1043588 0.1076478 0.0867978 0.0299366 0.0894844 0.0635354 0.0165422 0.0970080 0.0579837 0.1554147 0.0677112 0.0817814 0.0828555 0.0869371 0.0780157 0.1023971 
Dasyuridae_Dasyurus_maculatus                0.0717793 0.0572420 0.0628076 0.0839733 0.0812912 0.0000000 0.0687846 0.0694724 0.0909097 0.0743798 0.0326722 0.0659210 0.0146116 0.0231687 0.0726481 0.0702912 0.0120330 0.0055972 0.0720026 0.0825050 0.0622530 0.0818660 0.0976823 0.0054806 0.0729078 0.0735864 0.0644377 0.0802743 0.1055392 0.0687684 0.0326722 0.0711966 0.0784739 0.0055643 0.0740287 0.0248771 0.0963762 
Phalangeridae_Trichosurus_vulpecula          0.0454574 0.0531565 0.0454637 0.0613376 0.0597460 0.0687846 0.0000000 0.0275377 0.0684206 0.0662803 0.1745029 0.0291923 0.0677445 0.0714352 0.0284905 0.0517404 0.0698806 0.0708313 0.0687279 0.0670913 0.0462074 0.0966268 0.0993364 0.0726622 0.0586302 0.0674005 0.0445775 0.0624179 0.0854837 0.0476360 0.1745029 0.0282999 0.0644639 0.0703295 0.0701393 0.0619566 0.0742276 
Phalangeridae_Spilocuscus_maculatus          0.0467933 0.0554514 0.0481926 0.0675220 0.0666581 0.0694724 0.0275377 0.0000000 0.0728448 0.0711945 0.1650274 0.0157617 0.0709340 0.0734528 0.0153235 0.0487605 0.0720101 0.0703602 0.0716920 0.0764339 0.0527598 0.0952336 0.1001334 0.0759039 0.0635701 0.0759780 0.0475687 0.0703762 0.0865067 0.0497526 0.1650274 0.0159779 0.0675361 0.0699573 0.0732008 0.0593233 0.0819297 
Potoroidae_Aepyprymnus_rufescens             0.0682548 0.0698547 0.0654283 0.0156382 0.0141703 0.0909097 0.0684206 0.0728448 0.0000000 0.0914727 0.1554147 0.0681474 0.0853440 0.0871162 0.0773008 0.0640014 0.1002633 0.0931716 0.0858178 0.0244330 0.0659093 0.1030317 0.1077125 0.0951854 0.0341313 0.0958563 0.0676089 0.0203970 0.1035268 0.0627765 0.1554147 0.0739284 0.0849477 0.0924763 0.0906242 0.0819175 0.1075362 
Peramelidae_Perameles_nasuta                 0.0740115 0.0611597 0.0676632 0.0876963 0.0876450 0.0743798 0.0662803 0.0711945 0.0914727 0.0000000 0.0844823 0.0711182 0.0742110 0.0714310 0.0767880 0.0745009 0.0653336 0.0759467 0.0095301 0.0910592 0.0688125 0.0820112 0.1004026 0.0643141 0.0785900 0.0755418 0.0731236 0.0872092 0.0974710 0.0718769 0.0844823 0.0742524 0.0106809 0.0751558 0.0007176 0.0737539 0.1139865 
Myrmecobiidae_Myrmecobius_fasciatus1         0.1132921 0.0958408 0.1360894 0.1560200 0.1554147 0.0326722 0.1745029 0.1650274 0.1554147 0.0844823 0.0000000 0.1332694 0.0261761 0.0514786 0.1594153 0.1049440 0.0341322 0.0531626 0.0718466 0.1476075 0.0872021 0.1007675 0.1246713 0.0335381 0.1157421 0.0907478 0.1226313 0.1231378 0.1353805 0.1258118 0.0000010 0.1460262 0.1119737 0.0330449 0.0718466 9.0000000 9.0000000 
Phalangeridae_Strigocuscus_pelengensis       0.0438059 0.0534573 0.0453057 0.0643413 0.0625961 0.0659210 0.0291923 0.0157617 0.0681474 0.0711182 0.1332694 0.0000000 0.0662800 0.0698383 0.0150330 0.0515135 0.0670189 0.0661162 0.0723248 0.0714935 0.0492896 0.0943842 0.0955659 0.0679172 0.0597785 0.0743995 0.0463769 0.0652523 0.0876451 0.0516388 0.1332694 0.0141799 0.0706216 0.0666710 0.0714813 0.0578243 0.0741502 
Dasyuridae_Phascogale_tapoatafa              0.0674096 0.0576098 0.0607884 0.0806840 0.0798770 0.0146116 0.0677445 0.0709340 0.0853440 0.0742110 0.0261761 0.0662800 0.0000000 0.0275392 0.0735712 0.0690788 0.0021715 0.0176720 0.0749748 0.0791184 0.0627248 0.0775858 0.0955965 0.0078675 0.0710903 0.0749335 0.0623130 0.0776371 0.1040648 0.0684717 0.0261761 0.0701947 0.0789152 0.0160712 0.0730540 0.0260748 0.0935429 
Dasyuridae_Sminthopsis_macroura              0.0718301 0.0608740 0.0628159 0.0863690 0.0848702 0.0231687 0.0714352 0.0734528 0.0871162 0.0714310 0.0514786 0.0698383 0.0275392 0.0000000 0.0756977 0.0663168 0.0212606 0.0262978 0.0728494 0.0880575 0.0649140 0.0847631 0.1034538 0.0134349 0.0727764 0.0794208 0.0633234 0.0846101 0.1020908 0.0651545 0.0514786 0.0742267 0.0761298 0.0261357 0.0711937 0.0217355 0.1037534 
Phalangeridae_Phalanger_orientalis           0.0496938 0.0628775 0.0536065 0.0718394 0.0709616 0.0726481 0.0284905 0.0153235 0.0773008 0.0767880 0.1594153 0.0150330 0.0735712 0.0756977 0.0000000 0.0517376 0.0720209 0.0747528 0.0756326 0.0806980 0.0530447 0.0982714 0.1045720 0.0715247 0.0669851 0.0758978 0.0505211 0.0748005 0.0907466 0.0560812 0.1594153 0.0063709 0.0740809 0.0742132 0.0771122 0.0652844 0.0861175 
Acrobatidae_Acrobates_pygmaeus               0.0474869 0.0518509 0.0407772 0.0615548 0.0599305 0.0702912 0.0517404 0.0487605 0.0640014 0.0745009 0.1049440 0.0515135 0.0690788 0.0663168 0.0517376 0.0000000 0.0697627 0.0720621 0.0711804 0.0673340 0.0459437 0.0953956 0.1017924 0.0712802 0.0544239 0.0746617 0.0486702 0.0595450 0.0808745 0.0312490 0.1049440 0.0496734 0.0733146 0.0699160 0.0752938 0.0634472 0.0902595 
Dasyuridae_Phascogale_calura                 0.0596174 0.0548269 0.0644118 0.0926027 0.0918428 0.0120330 0.0698806 0.0720101 0.1002633 0.0653336 0.0341322 0.0670189 0.0021715 0.0212606 0.0720209 0.0697627 0.0000000 0.0178006 0.0712436 0.0909711 0.0648725 0.0774301 0.0897018 0.0077670 0.0840674 0.0727485 0.0628702 0.0843476 0.1066661 0.0652202 0.0341322 0.0734511 0.0784297 0.0153821 0.0653305 0.0223886 0.0978973 
Dasyuridae_Sarcophilus_harrisii              0.0738456 0.0573004 0.0647767 0.0861435 0.0834664 0.0055972 0.0708313 0.0703602 0.0931716 0.0759467 0.0531626 0.0661162 0.0176720 0.0262978 0.0747528 0.0720621 0.0178006 0.0000000 0.0740895 0.0827496 0.0624398 0.0856118 0.1000823 0.0111732 0.0750497 0.0776995 0.0643506 0.0824585 0.1013764 0.0707905 0.0531626 0.0732763 0.0791679 0.0084144 0.0759782 0.0266418 0.0963199 
Peramelidae_Echymipera_kalubu                0.0723825 0.0592657 0.0652915 0.0822592 0.0821944 0.0720026 0.0687279 0.0716920 0.0858178 0.0095301 0.0718466 0.0723248 0.0749748 0.0728494 0.0756326 0.0711804 0.0712436 0.0740895 0.0000000 0.0870155 0.0645610 0.0788354 0.0960536 0.0683624 0.0737252 0.0749717 0.0738042 0.0836862 0.0940480 0.0674871 0.0718466 0.0744282 0.0072854 0.0728296 0.0106054 0.0744770 0.1079334 
Macropodidae_Dorcopsulus_vanheurni           0.0697512 0.0701463 0.0677905 0.0226968 0.0211641 0.0825050 0.0670913 0.0764339 0.0244330 0.0910592 0.1476075 0.0714935 0.0791184 0.0880575 0.0806980 0.0673340 0.0909711 0.0827496 0.0870155 0.0000000 0.0627653 0.0998644 0.1063429 0.0856800 0.0367805 0.0951375 0.0644944 0.0099259 0.1022428 0.0641690 0.1476075 0.0775379 0.0847895 0.0821554 0.0898863 0.0814643 0.1033270 
Pseudochiridae_Pseudochirulus_forbesi        0.0483001 0.0466381 0.0427186 0.0602226 0.0601783 0.0622530 0.0462074 0.0527598 0.0659093 0.0688125 0.0872021 0.0492896 0.0627248 0.0649140 0.0530447 0.0459437 0.0648725 0.0624398 0.0645610 0.0627653 0.0000000 0.0951648 0.0898206 0.0630699 0.0524699 0.0703461 0.0244376 0.0571066 0.0644479 0.0418759 0.0872021 0.0501017 0.0683155 0.0637982 0.0688033 0.0593438 0.0317459 
Didelphidae_Didelphis_virginiana             0.0820034 0.0730511 0.0776862 0.1056672 0.1043588 0.0818660 0.0966268 0.0952336 0.1030317 0.0820112 0.1007675 0.0943842 0.0775858 0.0847631 0.0982714 0.0953956 0.0774301 0.0856118 0.0788354 0.0998644 0.0951648 0.0000000 0.0383057 0.0771638 0.1034546 0.0896737 0.0931158 0.0950664 0.1111487 0.0901618 0.1007675 0.0984071 0.0865709 0.0864156 0.0825719 0.0837956 0.1407874 
Marmosidae_Monodelphis_domestica             0.0986406 0.0824845 0.0901832 0.1077434 0.1076478 0.0976823 0.0993364 0.1001334 0.1077125 0.1004026 0.1246713 0.0955659 0.0955965 0.1034538 0.1045720 0.1017924 0.0897018 0.1000823 0.0960536 0.1063429 0.0898206 0.0383057 0.0000000 0.0903212 0.1030570 0.0970121 0.0987119 0.1025676 0.1182168 0.1038958 0.1246713 0.1009934 0.1079555 0.0993004 0.1006664 0.0916707 0.1354425 
Dasyuridae_Antechinus_stuartii               0.0626536 0.0520409 0.0638143 0.0907363 0.0867978 0.0054806 0.0726622 0.0759039 0.0951854 0.0643141 0.0335381 0.0679172 0.0078675 0.0134349 0.0715247 0.0712802 0.0077670 0.0111732 0.0683624 0.0856800 0.0630699 0.0771638 0.0903212 0.0000000 0.0818976 0.0779369 0.0621991 0.0790962 0.1051827 0.0679707 0.0335381 0.0745363 0.0732462 0.0088218 0.0653049 0.0165314 0.0901939 
Hypsiprymnodontidae_Hypsiprymnodon_moschatus 0.0570926 0.0546259 0.0507047 0.0315369 0.0299366 0.0729078 0.0586302 0.0635701 0.0341313 0.0785900 0.1157421 0.0597785 0.0710903 0.0727764 0.0669851 0.0544239 0.0840674 0.0750497 0.0737252 0.0367805 0.0524699 0.1034546 0.1030570 0.0818976 0.0000000 0.0825071 0.0539898 0.0300985 0.0878601 0.0520031 0.1157421 0.0637286 0.0700695 0.0744987 0.0782279 0.0740791 0.0951129 
Microbiotheriidae_Dromiciops_gliroides       0.0745767 0.0610025 0.0664118 0.0885650 0.0894844 0.0735864 0.0674005 0.0759780 0.0958563 0.0755418 0.0907478 0.0743995 0.0749335 0.0794208 0.0758978 0.0746617 0.0727485 0.0776995 0.0749717 0.0951375 0.0703461 0.0896737 0.0970121 0.0779369 0.0825071 0.0000000 0.0776629 0.0879163 0.1110006 0.0733214 0.0907478 0.0726354 0.0821193 0.0793797 0.0786715 0.0751255 0.1061678 
Pseudochiridae_Petauroides_volans            0.0433452 0.0502724 0.0479742 0.0653598 0.0635354 0.0644377 0.0445775 0.0475687 0.0676089 0.0731236 0.1226313 0.0463769 0.0623130 0.0633234 0.0505211 0.0486702 0.0628702 0.0643506 0.0738042 0.0644944 0.0244376 0.0931158 0.0987119 0.0621991 0.0539898 0.0776629 0.0000000 0.0586749 0.0702921 0.0460937 0.1226313 0.0458769 0.0734582 0.0641043 0.0733676 0.0600191 0.0507625 
Macropodidae_Wallabia_bicolor                0.0620176 0.0643014 0.0601924 0.0180392 0.0165422 0.0802743 0.0624179 0.0703762 0.0203970 0.0872092 0.1231378 0.0652523 0.0776371 0.0846101 0.0748005 0.0595450 0.0843476 0.0824585 0.0836862 0.0099259 0.0571066 0.0950664 0.1025676 0.0790962 0.0300985 0.0879163 0.0586749 0.0000000 0.0963397 0.0576039 0.1231378 0.0714548 0.0815219 0.0818512 0.0865142 0.0812622 0.1017693 
Tarsipedidae_Tarsipes_rostratus              0.0843740 0.0767325 0.0796966 0.1007748 0.0970080 0.1055392 0.0854837 0.0865067 0.1035268 0.0974710 0.1353805 0.0876451 0.1040648 0.1020908 0.0907466 0.0808745 0.1066661 0.1013764 0.0940480 0.1022428 0.0644479 0.1111487 0.1182168 0.1051827 0.0878601 0.1110006 0.0702921 0.0963397 0.0000000 0.0738221 0.1353805 0.0903389 0.0979131 0.1050317 0.0972806 0.1000895 0.1103637 
Acrobatidae_Distoechurus_pennatus            0.0486692 0.0495913 0.0414545 0.0597404 0.0579837 0.0687684 0.0476360 0.0497526 0.0627765 0.0718769 0.1258118 0.0516388 0.0684717 0.0651545 0.0560812 0.0312490 0.0652202 0.0707905 0.0674871 0.0641690 0.0418759 0.0901618 0.1038958 0.0679707 0.0520031 0.0733214 0.0460937 0.0576039 0.0738221 0.0000000 0.1258118 0.0548218 0.0653477 0.0702950 0.0717456 0.0651056 0.0842462 
Myrmecobiidae_Myrmecobius_fasciatus2         0.1132921 0.0958408 0.1360894 0.1560200 0.1554147 0.0326722 0.1745029 0.1650274 0.1554147 0.0844823 0.0000010 0.1332694 0.0261761 0.0514786 0.1594153 0.1049440 0.0341322 0.0531626 0.0718466 0.1476075 0.0872021 0.1007675 0.1246713 0.0335381 0.1157421 0.0907478 0.1226313 0.1231378 0.1353805 0.1258118 0.0000000 0.1460262 0.1119737 0.0330449 0.0718466 9.0000000 9.0000000 
Phalangeridae_Phalanger_carmelitae           0.0450410 0.0581166 0.0506804 0.0685776 0.0677112 0.0711966 0.0282999 0.0159779 0.0739284 0.0742524 0.1460262 0.0141799 0.0701947 0.0742267 0.0063709 0.0496734 0.0734511 0.0732763 0.0744282 0.0775379 0.0501017 0.0984071 0.1009934 0.0745363 0.0637286 0.0726354 0.0458769 0.0714548 0.0903389 0.0548218 0.1460262 0.0000000 0.0711174 0.0727519 0.0759078 0.0649753 0.0793775 
Peramelidae_Peroryctes_raffrayana            0.0726133 0.0602444 0.0670271 0.0829557 0.0817814 0.0784739 0.0644639 0.0675361 0.0849477 0.0106809 0.1119737 0.0706216 0.0789152 0.0761298 0.0740809 0.0733146 0.0784297 0.0791679 0.0072854 0.0847895 0.0683155 0.0865709 0.1079555 0.0732462 0.0700695 0.0821193 0.0734582 0.0815219 0.0979131 0.0653477 0.1119737 0.0711174 0.0000000 0.0782859 0.0107476 0.0795121 0.1117840 
Dasyuridae_Dasyurus_geffroii                 0.0733390 0.0588168 0.0643422 0.0855324 0.0828555 0.0055643 0.0703295 0.0699573 0.0924763 0.0751558 0.0330449 0.0666710 0.0160712 0.0261357 0.0742132 0.0699160 0.0153821 0.0084144 0.0728296 0.0821554 0.0637982 0.0864156 0.0993004 0.0088218 0.0744987 0.0793797 0.0641043 0.0818512 0.1050317 0.0702950 0.0330449 0.0727519 0.0782859 0.0000000 0.0748556 0.0247495 0.0947221 
Peramelidae_Perameles_gunnii                 0.0749478 0.0631333 0.0667207 0.0870069 0.0869371 0.0740287 0.0701393 0.0732008 0.0906242 0.0007176 0.0718466 0.0714813 0.0730540 0.0711937 0.0771122 0.0752938 0.0653305 0.0759782 0.0106054 0.0898863 0.0688033 0.0825719 0.1006664 0.0653049 0.0782279 0.0786715 0.0733676 0.0865142 0.0972806 0.0717456 0.0718466 0.0759078 0.0107476 0.0748556 0.0000000 0.0741660 0.1128452 
Dasyuridae_Planigale_tenuirostris            0.0683751 0.0517715 0.0500825 0.0765136 0.0780157 0.0248771 0.0619566 0.0593233 0.0819175 0.0737539 9.0000000 0.0578243 0.0260748 0.0217355 0.0652844 0.0634472 0.0223886 0.0266418 0.0744770 0.0814643 0.0593438 0.0837956 0.0916707 0.0165314 0.0740791 0.0751255 0.0600191 0.0812622 0.1000895 0.0651056 9.0000000 0.0649753 0.0795121 0.0247495 0.0741660 0.0000000 0.0996224 
Pseudochiridae_Pseudocheirus_occidentalis    0.0822992 0.0717805 0.0713918 0.1040276 0.1023971 0.0963762 0.0742276 0.0819297 0.1075362 0.1139865 9.0000000 0.0741502 0.0935429 0.1037534 0.0861175 0.0902595 0.0978973 0.0963199 0.1079334 0.1033270 0.0317459 0.1407874 0.1354425 0.0901939 0.0951129 0.1061678 0.0507625 0.1017693 0.1103637 0.0842462 9.0000000 0.0793775 0.1117840 0.0947221 0.1128452 0.0996224 0.0000000 
