35
Burramyidae_Burramys_parvus                  0.0000000 0.0415623 0.0304154 0.0351929 0.0388304 0.0451890 0.0262064 0.0283354 0.0292553 0.0398512 0.0275479 0.0439010 0.0446805 0.0290638 0.0312705 0.0437389 0.0437456 0.0417236 0.0399308 0.0426087 0.0312815 0.0544068 0.0528768 0.0453434 0.0366666 0.0363772 0.0295928 0.0453583 0.0284664 0.0424667 0.0321570 0.0298433 0.0403672 0.0435180 0.0429165 
Notoryctidae_Notoryctes_typhlops             0.0415623 0.0000000 0.0411021 0.0488840 0.0512257 0.0492795 0.0397864 0.0410187 0.0432650 0.0437581 0.0400751 0.0481136 0.0474975 0.0414120 0.0452233 0.0478061 0.0476751 0.0435540 0.0450956 0.0560621 0.0438789 0.0575530 0.0574812 0.0492738 0.0472046 0.0404654 0.0427823 0.0575363 0.0448808 0.0552407 0.0469663 0.0419642 0.0460411 0.0480114 0.0463508 
Vombatidae_Lasiorhinus_latifrons             0.0304154 0.0411021 0.0000000 0.0395483 0.0413662 0.0425224 0.0276099 0.0300635 0.0275754 0.0369011 0.0298681 0.0414921 0.0420105 0.0304794 0.0335998 0.0410590 0.0415226 0.0391010 0.0383651 0.0448783 0.0333279 0.0495144 0.0492779 0.0427276 0.0365785 0.0329566 0.0318204 0.0469978 0.0337512 0.0440205 0.0338139 0.0308657 0.0372224 0.0418403 0.0390609 
Potoroidae_Bettongia_penicillata             0.0351929 0.0488840 0.0395483 0.0000000 0.0064205 0.0539417 0.0341401 0.0357271 0.0185202 0.0478794 0.0352562 0.0538748 0.0520642 0.0370784 0.0402121 0.0531806 0.0521560 0.0497315 0.0483705 0.0239625 0.0410669 0.0589544 0.0555722 0.0550106 0.0288099 0.0411823 0.0386770 0.0275172 0.0415257 0.0522262 0.0390269 0.0377160 0.0482626 0.0529192 0.0499932 
Potoroidae_Bettongia_lesueur                 0.0388304 0.0512257 0.0413662 0.0064205 0.0000000 0.0553512 0.0356464 0.0386043 0.0161655 0.0489534 0.0384990 0.0554678 0.0552712 0.0391444 0.0422872 0.0550066 0.0538495 0.0520332 0.0494237 0.0248384 0.0432874 0.0619843 0.0593420 0.0558587 0.0311949 0.0448672 0.0416471 0.0354547 0.0455719 0.0532964 0.0422849 0.0399651 0.0496870 0.0544907 0.0504500 
Dasyuridae_Dasyurus_maculatus                0.0451890 0.0492795 0.0425224 0.0539417 0.0553512 0.0000000 0.0437674 0.0439886 0.0486779 0.0453949 0.0439788 0.0116257 0.0172304 0.0447268 0.0483601 0.0110088 0.0047224 0.0169876 0.0472627 0.0617237 0.0469539 0.0584765 0.0579550 0.0124373 0.0501166 0.0427513 0.0460205 0.0626072 0.0427874 0.0560966 0.0487620 0.0455689 0.0468143 0.0022314 0.0473366 
Phalangeridae_Trichosurus_vulpecula          0.0262064 0.0397864 0.0276099 0.0341401 0.0356464 0.0437674 0.0000000 0.0099439 0.0250618 0.0367797 0.0104833 0.0423180 0.0432629 0.0099021 0.0292785 0.0421628 0.0421677 0.0399251 0.0370843 0.0386829 0.0305226 0.0501682 0.0494936 0.0435010 0.0333594 0.0331701 0.0280565 0.0438121 0.0300584 0.0417785 0.0295120 0.0106439 0.0370967 0.0425002 0.0395177 
Phalangeridae_Spilocuscus_maculatus          0.0283354 0.0410187 0.0300635 0.0357271 0.0386043 0.0439886 0.0099439 0.0000000 0.0257347 0.0372641 0.0062969 0.0436711 0.0433292 0.0052889 0.0299287 0.0435159 0.0429581 0.0404850 0.0378858 0.0420729 0.0316548 0.0523766 0.0502850 0.0445230 0.0333983 0.0348705 0.0288114 0.0456504 0.0311500 0.0430084 0.0306677 0.0060146 0.0375883 0.0431498 0.0397335 
Potoroidae_Aepyprymnus_rufescens             0.0292553 0.0432650 0.0275754 0.0185202 0.0161655 0.0486779 0.0250618 0.0257347 0.0000000 0.0402088 0.0229730 0.0496957 0.0483314 0.0258171 0.0296845 0.0496768 0.0472535 0.0452438 0.0399323 0.0147403 0.0326907 0.0484827 0.0493901 0.0497950 0.0280140 0.0307402 0.0274832 0.0133431 0.0328807 0.0370221 0.0283896 0.0260318 0.0395436 0.0483926 0.0460056 
Peramelidae_Perameles_nasuta                 0.0398512 0.0437581 0.0369011 0.0478794 0.0489534 0.0453949 0.0367797 0.0372641 0.0402088 0.0000000 0.0375632 0.0444931 0.0446186 0.0385109 0.0406747 0.0441939 0.0446538 0.0419731 0.0079647 0.0555571 0.0414198 0.0525907 0.0539063 0.0452068 0.0447906 0.0377468 0.0401776 0.0575513 0.0420885 0.0538149 0.0431942 0.0393369 0.0078123 0.0451371 0.0028225 
Phalangeridae_Strigocuscus_pelengensis       0.0275479 0.0400751 0.0298681 0.0352562 0.0384990 0.0439788 0.0104833 0.0062969 0.0229730 0.0375632 0.0000000 0.0432529 0.0433915 0.0066907 0.0301245 0.0430994 0.0426801 0.0399290 0.0380901 0.0412273 0.0315099 0.0526335 0.0507931 0.0447539 0.0342409 0.0343318 0.0285532 0.0441957 0.0310626 0.0436610 0.0307662 0.0069295 0.0373588 0.0428696 0.0402064 
Dasyuridae_Phascogale_tapoatafa              0.0439010 0.0481136 0.0414921 0.0538748 0.0554678 0.0116257 0.0423180 0.0436711 0.0496957 0.0444931 0.0432529 0.0000000 0.0167097 0.0441397 0.0470746 0.0022335 0.0116273 0.0159491 0.0460555 0.0610828 0.0459440 0.0590908 0.0584968 0.0074143 0.0499183 0.0416140 0.0450118 0.0609122 0.0425262 0.0554078 0.0472954 0.0449794 0.0464945 0.0110196 0.0465952 
Dasyuridae_Sminthopsis_macroura              0.0446805 0.0474975 0.0420105 0.0520642 0.0552712 0.0172304 0.0432629 0.0433292 0.0483314 0.0446186 0.0433915 0.0167097 0.0000000 0.0444066 0.0461413 0.0159409 0.0168295 0.0119192 0.0465489 0.0610324 0.0464146 0.0589549 0.0588931 0.0174625 0.0491311 0.0432800 0.0455756 0.0618793 0.0435155 0.0554523 0.0485241 0.0451206 0.0462639 0.0162042 0.0467396 
Phalangeridae_Phalanger_orientalis           0.0290638 0.0414120 0.0304794 0.0370784 0.0391444 0.0447268 0.0099021 0.0052889 0.0258171 0.0385109 0.0066907 0.0441397 0.0444066 0.0000000 0.0305918 0.0439866 0.0437100 0.0407531 0.0390731 0.0421714 0.0321883 0.0530786 0.0514038 0.0449816 0.0345021 0.0352090 0.0292651 0.0454101 0.0319228 0.0441025 0.0313349 0.0023474 0.0387060 0.0438998 0.0410372 
Acrobatidae_Acrobates_pygmaeus               0.0312705 0.0452233 0.0335998 0.0402121 0.0422872 0.0483601 0.0292785 0.0299287 0.0296845 0.0406747 0.0301245 0.0470746 0.0461413 0.0305918 0.0000000 0.0465842 0.0467762 0.0436578 0.0413443 0.0442423 0.0282332 0.0553709 0.0559809 0.0484247 0.0371557 0.0397182 0.0265095 0.0494879 0.0288339 0.0408875 0.0170681 0.0317484 0.0397599 0.0471341 0.0436341 
Dasyuridae_Phascogale_calura                 0.0437389 0.0478061 0.0410590 0.0531806 0.0550066 0.0110088 0.0421628 0.0435159 0.0496768 0.0441939 0.0430994 0.0022335 0.0159409 0.0439866 0.0465842 0.0000000 0.0110103 0.0151765 0.0460595 0.0609000 0.0457808 0.0585814 0.0583182 0.0071687 0.0497325 0.0417384 0.0445734 0.0611816 0.0421132 0.0552366 0.0471305 0.0448255 0.0460375 0.0104041 0.0461384 
Dasyuridae_Sarcophilus_harrisii              0.0437456 0.0476751 0.0415226 0.0521560 0.0538495 0.0047224 0.0421677 0.0429581 0.0472535 0.0446538 0.0426801 0.0116273 0.0168295 0.0437100 0.0467762 0.0110103 0.0000000 0.0160774 0.0462113 0.0600155 0.0455132 0.0565078 0.0567230 0.0124315 0.0499341 0.0424313 0.0451349 0.0610254 0.0411237 0.0546225 0.0478680 0.0445481 0.0463260 0.0040088 0.0465976 
Dasyuridae_Planigale_tenuirostris            0.0417236 0.0435540 0.0391010 0.0497315 0.0520332 0.0169876 0.0399251 0.0404850 0.0452438 0.0419731 0.0399290 0.0159491 0.0119192 0.0407531 0.0436578 0.0151765 0.0160774 0.0000000 0.0441250 0.0576751 0.0426125 0.0568283 0.0570824 0.0171631 0.0479045 0.0390473 0.0418980 0.0592434 0.0388835 0.0526570 0.0455513 0.0416217 0.0425562 0.0158331 0.0437446 
Peramelidae_Echymipera_kalubu                0.0399308 0.0450956 0.0383651 0.0483705 0.0494237 0.0472627 0.0370843 0.0378858 0.0399323 0.0079647 0.0380901 0.0460555 0.0465489 0.0390731 0.0413443 0.0460595 0.0462113 0.0441250 0.0000000 0.0555653 0.0422476 0.0530923 0.0554637 0.0468243 0.0455830 0.0392390 0.0409077 0.0582905 0.0433829 0.0542460 0.0433320 0.0400371 0.0086118 0.0465502 0.0106098 
Macropodidae_Dorcopsulus_vanheurni           0.0426087 0.0560621 0.0448783 0.0239625 0.0248384 0.0617237 0.0386829 0.0420729 0.0147403 0.0555571 0.0412273 0.0610828 0.0610324 0.0421714 0.0442423 0.0609000 0.0600155 0.0576751 0.0555653 0.0000000 0.0458041 0.0659565 0.0642689 0.0616348 0.0355759 0.0498563 0.0441529 0.0281519 0.0524432 0.0581524 0.0459969 0.0428716 0.0560412 0.0606879 0.0571921 
Pseudochiridae_Pseudochirulus_forbesi        0.0312815 0.0438789 0.0333279 0.0410669 0.0432874 0.0469539 0.0305226 0.0316548 0.0326907 0.0414198 0.0315099 0.0459440 0.0464146 0.0321883 0.0282332 0.0457808 0.0455132 0.0426125 0.0422476 0.0458041 0.0000000 0.0545101 0.0533677 0.0466522 0.0383669 0.0380710 0.0155491 0.0495873 0.0089318 0.0380619 0.0283856 0.0333683 0.0425518 0.0455598 0.0433634 
Didelphidae_Didelphis_virginiana             0.0544068 0.0575530 0.0495144 0.0589544 0.0619843 0.0584765 0.0501682 0.0523766 0.0484827 0.0525907 0.0526335 0.0590908 0.0589549 0.0530786 0.0553709 0.0585814 0.0565078 0.0568283 0.0530923 0.0659565 0.0545101 0.0000000 0.0264856 0.0589723 0.0585327 0.0504406 0.0531164 0.0661436 0.0593257 0.0654019 0.0562175 0.0540669 0.0538444 0.0577482 0.0544751 
Marmosidae_Monodelphis_domestica             0.0528768 0.0574812 0.0492779 0.0555722 0.0593420 0.0579550 0.0494936 0.0502850 0.0493901 0.0539063 0.0507931 0.0584968 0.0588931 0.0514038 0.0559809 0.0583182 0.0567230 0.0570824 0.0554637 0.0642689 0.0533677 0.0264856 0.0000000 0.0594612 0.0589679 0.0471796 0.0514716 0.0670917 0.0567348 0.0634976 0.0556569 0.0523859 0.0541288 0.0578164 0.0549291 
Dasyuridae_Antechinus_stuartii               0.0453434 0.0492738 0.0427276 0.0550106 0.0558587 0.0124373 0.0435010 0.0445230 0.0497950 0.0452068 0.0447539 0.0074143 0.0174625 0.0449816 0.0484247 0.0071687 0.0124315 0.0171631 0.0468243 0.0616348 0.0466522 0.0589723 0.0594612 0.0000000 0.0515799 0.0427479 0.0460367 0.0626998 0.0419755 0.0567932 0.0491946 0.0458289 0.0473726 0.0120723 0.0469041 
Hypsiprymnodontidae_Hypsiprymnodon_moschatus 0.0366666 0.0472046 0.0365785 0.0288099 0.0311949 0.0501166 0.0333594 0.0333983 0.0280140 0.0447906 0.0342409 0.0499183 0.0491311 0.0345021 0.0371557 0.0497325 0.0499341 0.0479045 0.0455830 0.0355759 0.0383669 0.0585327 0.0589679 0.0515799 0.0000000 0.0418946 0.0386539 0.0375945 0.0421498 0.0509764 0.0401461 0.0350935 0.0449487 0.0498280 0.0466587 
Microbiotheriidae_Dromiciops_gliroides       0.0363772 0.0404654 0.0329566 0.0411823 0.0448672 0.0427513 0.0331701 0.0348705 0.0307402 0.0377468 0.0343318 0.0416140 0.0432800 0.0352090 0.0397182 0.0417384 0.0424313 0.0390473 0.0392390 0.0498563 0.0380710 0.0504406 0.0471796 0.0427479 0.0418946 0.0000000 0.0359107 0.0524846 0.0386388 0.0467492 0.0384104 0.0360029 0.0383751 0.0423352 0.0397937 
Pseudochiridae_Petauroides_volans            0.0295928 0.0427823 0.0318204 0.0386770 0.0416471 0.0460205 0.0280565 0.0288114 0.0274832 0.0401776 0.0285532 0.0450118 0.0455756 0.0292651 0.0265095 0.0445734 0.0451349 0.0418980 0.0409077 0.0441529 0.0155491 0.0531164 0.0514716 0.0460367 0.0386539 0.0359107 0.0000000 0.0478650 0.0135107 0.0359954 0.0267955 0.0301764 0.0405028 0.0451812 0.0424669 
Macropodidae_Wallabia_bicolor                0.0453583 0.0575363 0.0469978 0.0275172 0.0354547 0.0626072 0.0438121 0.0456504 0.0133431 0.0575513 0.0441957 0.0609122 0.0618793 0.0454101 0.0494879 0.0611816 0.0610254 0.0592434 0.0582905 0.0281519 0.0495873 0.0661436 0.0670917 0.0626998 0.0375945 0.0524846 0.0478650 0.0000000 0.0580663 0.0616813 0.0486735 0.0458432 0.0585040 0.0615576 0.0598082 
Pseudochiridae_Pseudocheirus_occidentalis    0.0284664 0.0448808 0.0337512 0.0415257 0.0455719 0.0427874 0.0300584 0.0311500 0.0328807 0.0420885 0.0310626 0.0425262 0.0435155 0.0319228 0.0288339 0.0421132 0.0411237 0.0388835 0.0433829 0.0524432 0.0089318 0.0593257 0.0567348 0.0419755 0.0421498 0.0386388 0.0135107 0.0580663 0.0000000 0.0386766 0.0264979 0.0330886 0.0437507 0.0417806 0.0449466 
Tarsipedidae_Tarsipes_rostratus              0.0424667 0.0552407 0.0440205 0.0522262 0.0532964 0.0560966 0.0417785 0.0430084 0.0370221 0.0538149 0.0436610 0.0554078 0.0554523 0.0441025 0.0408875 0.0552366 0.0546225 0.0526570 0.0542460 0.0581524 0.0380619 0.0654019 0.0634976 0.0567932 0.0509764 0.0467492 0.0359954 0.0616813 0.0386766 0.0000000 0.0420508 0.0444999 0.0543517 0.0554004 0.0551022 
Acrobatidae_Distoechurus_pennatus            0.0321570 0.0469663 0.0338139 0.0390269 0.0422849 0.0487620 0.0295120 0.0306677 0.0283896 0.0431942 0.0307662 0.0472954 0.0485241 0.0313349 0.0170681 0.0471305 0.0478680 0.0455513 0.0433320 0.0459969 0.0283856 0.0562175 0.0556569 0.0491946 0.0401461 0.0384104 0.0267955 0.0486735 0.0264979 0.0420508 0.0000000 0.0322443 0.0436646 0.0473601 0.0456064 
Phalangeridae_Phalanger_carmelitae           0.0298433 0.0419642 0.0308657 0.0377160 0.0399651 0.0455689 0.0106439 0.0060146 0.0260318 0.0393369 0.0069295 0.0449794 0.0451206 0.0023474 0.0317484 0.0448255 0.0445481 0.0416217 0.0400371 0.0428716 0.0333683 0.0540669 0.0523859 0.0458289 0.0350935 0.0360029 0.0301764 0.0458432 0.0330886 0.0444999 0.0322443 0.0000000 0.0395508 0.0447395 0.0418690 
Peramelidae_Peroryctes_raffrayana            0.0403672 0.0460411 0.0372224 0.0482626 0.0496870 0.0468143 0.0370967 0.0375883 0.0395436 0.0078123 0.0373588 0.0464945 0.0462639 0.0387060 0.0397599 0.0460375 0.0463260 0.0425562 0.0086118 0.0560412 0.0425518 0.0538444 0.0541288 0.0473726 0.0449487 0.0383751 0.0405028 0.0585040 0.0437507 0.0543517 0.0436646 0.0395508 0.0000000 0.0466760 0.0103001 
Dasyuridae_Dasyurus_geffroii                 0.0435180 0.0480114 0.0418403 0.0529192 0.0544907 0.0022314 0.0425002 0.0431498 0.0483926 0.0451371 0.0428696 0.0110196 0.0162042 0.0438998 0.0471341 0.0104041 0.0040088 0.0158331 0.0465502 0.0606879 0.0455598 0.0577482 0.0578164 0.0120723 0.0498280 0.0423352 0.0451812 0.0615576 0.0417806 0.0554004 0.0473601 0.0447395 0.0466760 0.0000000 0.0470811 
Peramelidae_Perameles_gunnii                 0.0429165 0.0463508 0.0390609 0.0499932 0.0504500 0.0473366 0.0395177 0.0397335 0.0460056 0.0028225 0.0402064 0.0465952 0.0467396 0.0410372 0.0436341 0.0461384 0.0465976 0.0437446 0.0106098 0.0571921 0.0433634 0.0544751 0.0549291 0.0469041 0.0466587 0.0397937 0.0424669 0.0598082 0.0449466 0.0551022 0.0456064 0.0418690 0.0103001 0.0470811 0.0000000 
