35
Burramyidae_Burramys_parvus                  0.0000000 0.0349869 0.0220192 0.0236145 0.0236315 0.0376525 0.0166127 0.0178136 0.0218448 0.0439020 0.0171642 0.0356404 0.0388419 0.0175118 0.0243077 0.0363862 0.0355868 0.0393685 0.0426177 0.0211324 0.0344366 0.0422663 0.0353550 0.0375237 0.0240124 0.0233704 0.0323785 0.0203071 0.0314218 0.0394273 0.0274310 0.0172595 0.0426905 0.0358979 0.0440925 
Notoryctidae_Notoryctes_typhlops             0.0349869 0.0000000 0.0339059 0.0432236 0.0427021 0.0425272 0.0365564 0.0371887 0.0403626 0.0504918 0.0379224 0.0406540 0.0424631 0.0367145 0.0426712 0.0411705 0.0411211 0.0423860 0.0503705 0.0383534 0.0556582 0.0556793 0.0471653 0.0417853 0.0422534 0.0361072 0.0530351 0.0373974 0.0520812 0.0574194 0.0467499 0.0358895 0.0513520 0.0409249 0.0508834 
Vombatidae_Lasiorhinus_latifrons             0.0220192 0.0339059 0.0000000 0.0299013 0.0296969 0.0367494 0.0222758 0.0240848 0.0278053 0.0418480 0.0238800 0.0354344 0.0364517 0.0230741 0.0280667 0.0361799 0.0341973 0.0394526 0.0426255 0.0263799 0.0387160 0.0449285 0.0388738 0.0363617 0.0281803 0.0247538 0.0391736 0.0255514 0.0356692 0.0416944 0.0314688 0.0230279 0.0427209 0.0352349 0.0422945 
Potoroidae_Bettongia_penicillata             0.0236145 0.0432236 0.0299013 0.0000000 0.0023386 0.0443022 0.0248363 0.0259605 0.0073503 0.0481440 0.0250588 0.0426613 0.0444454 0.0253798 0.0301942 0.0439635 0.0418650 0.0464512 0.0455027 0.0117130 0.0397305 0.0498864 0.0432948 0.0444096 0.0218688 0.0324547 0.0381600 0.0109190 0.0350474 0.0450357 0.0348148 0.0246390 0.0478120 0.0427198 0.0483113 
Potoroidae_Bettongia_lesueur                 0.0236315 0.0427021 0.0296969 0.0023386 0.0000000 0.0446204 0.0241593 0.0255140 0.0065318 0.0473902 0.0243927 0.0429739 0.0447633 0.0247160 0.0297346 0.0437547 0.0421750 0.0465143 0.0452927 0.0108757 0.0390145 0.0502504 0.0431036 0.0441998 0.0218882 0.0322472 0.0381899 0.0096656 0.0345302 0.0453818 0.0348412 0.0239790 0.0470160 0.0430329 0.0475618 
Dasyuridae_Dasyurus_maculatus                0.0376525 0.0425272 0.0367494 0.0443022 0.0446204 0.0000000 0.0387665 0.0394661 0.0428297 0.0510612 0.0384476 0.0085879 0.0123334 0.0382656 0.0451854 0.0102432 0.0029323 0.0128918 0.0518257 0.0402746 0.0523199 0.0507697 0.0447040 0.0096510 0.0428228 0.0367712 0.0506126 0.0398648 0.0469674 0.0581989 0.0472196 0.0384560 0.0518008 0.0021439 0.0514692 
Phalangeridae_Trichosurus_vulpecula          0.0166127 0.0365564 0.0222758 0.0248363 0.0241593 0.0387665 0.0000000 0.0088286 0.0223154 0.0422654 0.0101028 0.0371813 0.0379661 0.0087845 0.0243056 0.0379487 0.0363975 0.0403450 0.0414810 0.0225176 0.0340483 0.0412770 0.0365322 0.0383836 0.0247922 0.0249070 0.0326420 0.0219114 0.0307705 0.0380101 0.0292830 0.0087653 0.0420157 0.0372304 0.0424687 
Phalangeridae_Spilocuscus_maculatus          0.0178136 0.0371887 0.0240848 0.0259605 0.0255140 0.0394661 0.0088286 0.0000000 0.0236704 0.0425252 0.0049740 0.0376185 0.0386588 0.0047483 0.0245840 0.0383946 0.0371089 0.0415709 0.0418906 0.0234136 0.0363059 0.0430068 0.0351496 0.0385624 0.0260942 0.0256182 0.0339173 0.0221343 0.0320446 0.0384803 0.0296121 0.0051372 0.0421696 0.0379307 0.0428620 
Potoroidae_Aepyprymnus_rufescens             0.0218448 0.0403626 0.0278053 0.0073503 0.0065318 0.0428297 0.0223154 0.0236704 0.0000000 0.0459904 0.0232564 0.0394504 0.0419627 0.0231343 0.0287995 0.0402152 0.0401699 0.0436198 0.0450128 0.0090229 0.0387539 0.0475036 0.0399479 0.0411228 0.0203347 0.0297823 0.0375167 0.0086375 0.0363560 0.0443696 0.0341612 0.0224074 0.0461699 0.0410143 0.0464971 
Peramelidae_Perameles_nasuta                 0.0439020 0.0504918 0.0418480 0.0481440 0.0473902 0.0510612 0.0422654 0.0425252 0.0459904 0.0000000 0.0426373 0.0496159 0.0520907 0.0413931 0.0484010 0.0498553 0.0487694 0.0532193 0.0090594 0.0435903 0.0532644 0.0563582 0.0496697 0.0488794 0.0482091 0.0429055 0.0522123 0.0426829 0.0491115 0.0598433 0.0531501 0.0413211 0.0076743 0.0493877 0.0003904 
Phalangeridae_Strigocuscus_pelengensis       0.0171642 0.0379224 0.0238800 0.0250588 0.0243927 0.0384476 0.0101028 0.0049740 0.0232564 0.0426373 0.0000000 0.0374402 0.0386482 0.0063617 0.0248549 0.0381953 0.0361245 0.0407141 0.0423904 0.0225052 0.0360085 0.0437248 0.0357132 0.0382769 0.0247466 0.0255554 0.0331213 0.0210089 0.0314581 0.0389731 0.0301234 0.0067503 0.0435675 0.0369399 0.0431045 
Dasyuridae_Phascogale_tapoatafa              0.0356404 0.0406540 0.0354344 0.0426613 0.0429739 0.0085879 0.0371813 0.0376185 0.0394504 0.0496159 0.0374402 0.0000000 0.0112792 0.0364801 0.0432938 0.0021447 0.0063336 0.0119787 0.0509518 0.0381970 0.0518442 0.0496532 0.0435967 0.0047381 0.0402639 0.0354431 0.0495952 0.0380785 0.0475231 0.0548392 0.0461350 0.0361776 0.0508243 0.0071536 0.0500298 
Dasyuridae_Sminthopsis_macroura              0.0388419 0.0424631 0.0364517 0.0444454 0.0447633 0.0123334 0.0379661 0.0386588 0.0419627 0.0520907 0.0386482 0.0112792 0.0000000 0.0374878 0.0440477 0.0125493 0.0112677 0.0097428 0.0523227 0.0401799 0.0514922 0.0499161 0.0438898 0.0123693 0.0428238 0.0379359 0.0513603 0.0405490 0.0466323 0.0573106 0.0476415 0.0376593 0.0541950 0.0112808 0.0524935 
Phalangeridae_Phalanger_orientalis           0.0175118 0.0367145 0.0230741 0.0253798 0.0247160 0.0382656 0.0087845 0.0047483 0.0231343 0.0413931 0.0063617 0.0364801 0.0374878 0.0000000 0.0242614 0.0372269 0.0359560 0.0404316 0.0406352 0.0219635 0.0336180 0.0417282 0.0338743 0.0378734 0.0246134 0.0238241 0.0329987 0.0206851 0.0298135 0.0375452 0.0297253 0.0013591 0.0417505 0.0367669 0.0415964 
Acrobatidae_Acrobates_pygmaeus               0.0243077 0.0426712 0.0280667 0.0301942 0.0297346 0.0451854 0.0243056 0.0245840 0.0287995 0.0484010 0.0248549 0.0432938 0.0440477 0.0242614 0.0000000 0.0438007 0.0427035 0.0476594 0.0479633 0.0273202 0.0364063 0.0480434 0.0428158 0.0428711 0.0296685 0.0322567 0.0333014 0.0260117 0.0322176 0.0403270 0.0209507 0.0239817 0.0477341 0.0435747 0.0486982 
Dasyuridae_Phascogale_calura                 0.0363862 0.0411705 0.0361799 0.0439635 0.0437547 0.0102432 0.0379487 0.0383946 0.0402152 0.0498553 0.0381953 0.0021447 0.0125493 0.0372269 0.0438007 0.0000000 0.0085798 0.0135894 0.0511912 0.0389561 0.0520847 0.0498939 0.0433276 0.0057469 0.0410291 0.0362140 0.0492824 0.0388395 0.0472299 0.0556899 0.0469353 0.0369219 0.0510965 0.0087923 0.0502680 
Dasyuridae_Sarcophilus_harrisii              0.0355868 0.0411211 0.0341973 0.0418650 0.0421750 0.0029323 0.0363975 0.0371089 0.0401699 0.0487694 0.0361245 0.0063336 0.0112677 0.0359560 0.0427035 0.0085798 0.0000000 0.0117490 0.0495591 0.0378996 0.0500462 0.0487308 0.0427967 0.0081994 0.0401780 0.0342020 0.0480722 0.0375285 0.0451947 0.0555131 0.0447202 0.0361285 0.0500340 0.0015558 0.0491868 
Dasyuridae_Planigale_tenuirostris            0.0393685 0.0423860 0.0394526 0.0464512 0.0465143 0.0128918 0.0403450 0.0415709 0.0436198 0.0532193 0.0407141 0.0119787 0.0097428 0.0404316 0.0476594 0.0135894 0.0117490 0.0000000 0.0536563 0.0429179 0.0540840 0.0535197 0.0469786 0.0128952 0.0460383 0.0390509 0.0556098 0.0432701 0.0483288 0.0604609 0.0509855 0.0406369 0.0556022 0.0117638 0.0538426 
Peramelidae_Echymipera_kalubu                0.0426177 0.0503705 0.0426255 0.0455027 0.0452927 0.0518257 0.0414810 0.0418906 0.0450128 0.0090594 0.0423904 0.0509518 0.0523227 0.0406352 0.0479633 0.0511912 0.0495591 0.0536563 0.0000000 0.0435780 0.0509662 0.0575273 0.0501621 0.0511229 0.0476357 0.0444217 0.0496825 0.0427010 0.0492724 0.0596062 0.0519731 0.0405651 0.0088980 0.0501785 0.0094065 
Macropodidae_Dorcopsulus_vanheurni           0.0211324 0.0383534 0.0263799 0.0117130 0.0108757 0.0402746 0.0225176 0.0234136 0.0090229 0.0435903 0.0225052 0.0381970 0.0401799 0.0219635 0.0273202 0.0389561 0.0378996 0.0429179 0.0435780 0.0000000 0.0374057 0.0478678 0.0407034 0.0395522 0.0174435 0.0305005 0.0355653 0.0033451 0.0342518 0.0430006 0.0326135 0.0216949 0.0447615 0.0387283 0.0440288 
Pseudochiridae_Pseudochirulus_forbesi        0.0344366 0.0556582 0.0387160 0.0397305 0.0390145 0.0523199 0.0340483 0.0363059 0.0387539 0.0532644 0.0360085 0.0518442 0.0514922 0.0336180 0.0364063 0.0520847 0.0500462 0.0540840 0.0509662 0.0374057 0.0000000 0.0573898 0.0525861 0.0525582 0.0388378 0.0413004 0.0224131 0.0360518 0.0095502 0.0463591 0.0402582 0.0340942 0.0514484 0.0509653 0.0534039 
Didelphidae_Didelphis_virginiana             0.0422663 0.0556793 0.0449285 0.0498864 0.0502504 0.0507697 0.0412770 0.0430068 0.0475036 0.0563582 0.0437248 0.0496532 0.0499161 0.0417282 0.0480434 0.0498939 0.0487308 0.0535197 0.0575273 0.0478678 0.0573898 0.0000000 0.0171299 0.0503315 0.0495826 0.0418427 0.0584419 0.0469261 0.0530033 0.0600706 0.0510899 0.0419227 0.0564582 0.0493744 0.0567200 
Marmosidae_Monodelphis_domestica             0.0353550 0.0471653 0.0388738 0.0432948 0.0431036 0.0447040 0.0365322 0.0351496 0.0399479 0.0496697 0.0357132 0.0435967 0.0438898 0.0338743 0.0428158 0.0433276 0.0427967 0.0469786 0.0501621 0.0407034 0.0525861 0.0171299 0.0000000 0.0443055 0.0417882 0.0353468 0.0528460 0.0395530 0.0485560 0.0545949 0.0458228 0.0340502 0.0492284 0.0431204 0.0502578 
Dasyuridae_Antechinus_stuartii               0.0375237 0.0417853 0.0363617 0.0444096 0.0441998 0.0096510 0.0383836 0.0385624 0.0411228 0.0488794 0.0382769 0.0047381 0.0123693 0.0378734 0.0428711 0.0057469 0.0081994 0.0128952 0.0511229 0.0395522 0.0525582 0.0503315 0.0443055 0.0000000 0.0414540 0.0359102 0.0504867 0.0394064 0.0465497 0.0557492 0.0477114 0.0375844 0.0507172 0.0082089 0.0493779 
Hypsiprymnodontidae_Hypsiprymnodon_moschatus 0.0240124 0.0422534 0.0281803 0.0218688 0.0218882 0.0428228 0.0247922 0.0260942 0.0203347 0.0482091 0.0247466 0.0402639 0.0428238 0.0246134 0.0296685 0.0410291 0.0401780 0.0460383 0.0476357 0.0174435 0.0388378 0.0495826 0.0417882 0.0414540 0.0000000 0.0320765 0.0375707 0.0166513 0.0354661 0.0434520 0.0343177 0.0243499 0.0480891 0.0410177 0.0483754 
Microbiotheriidae_Dromiciops_gliroides       0.0233704 0.0361072 0.0247538 0.0324547 0.0322472 0.0367712 0.0249070 0.0256182 0.0297823 0.0429055 0.0255554 0.0354431 0.0379359 0.0238241 0.0322567 0.0362140 0.0342020 0.0390509 0.0444217 0.0305005 0.0413004 0.0418427 0.0353468 0.0359102 0.0320765 0.0000000 0.0417196 0.0284172 0.0355166 0.0459296 0.0335167 0.0240069 0.0433732 0.0350107 0.0432529 
Pseudochiridae_Petauroides_volans            0.0323785 0.0530351 0.0391736 0.0381600 0.0381899 0.0506126 0.0326420 0.0339173 0.0375167 0.0522123 0.0331213 0.0495952 0.0513603 0.0329987 0.0333014 0.0492824 0.0480722 0.0556098 0.0496825 0.0355653 0.0224131 0.0584419 0.0528460 0.0504867 0.0375707 0.0417196 0.0000000 0.0337268 0.0170020 0.0433808 0.0358159 0.0327243 0.0496567 0.0489771 0.0523586 
Macropodidae_Wallabia_bicolor                0.0203071 0.0373974 0.0255514 0.0109190 0.0096656 0.0398648 0.0219114 0.0221343 0.0086375 0.0426829 0.0210089 0.0380785 0.0405490 0.0206851 0.0260117 0.0388395 0.0375285 0.0432701 0.0427010 0.0033451 0.0360518 0.0469261 0.0395530 0.0394064 0.0166513 0.0284172 0.0337268 0.0000000 0.0330397 0.0418617 0.0310765 0.0204301 0.0433210 0.0383571 0.0429125 
Pseudochiridae_Pseudocheirus_occidentalis    0.0314218 0.0520812 0.0356692 0.0350474 0.0345302 0.0469674 0.0307705 0.0320446 0.0363560 0.0491115 0.0314581 0.0475231 0.0466323 0.0298135 0.0322176 0.0472299 0.0451947 0.0483288 0.0492724 0.0342518 0.0095502 0.0530033 0.0485560 0.0465497 0.0354661 0.0355166 0.0170020 0.0330397 0.0000000 0.0422021 0.0350020 0.0303090 0.0473926 0.0455660 0.0492045 
Tarsipedidae_Tarsipes_rostratus              0.0394273 0.0574194 0.0416944 0.0450357 0.0453818 0.0581989 0.0380101 0.0384803 0.0443696 0.0598433 0.0389731 0.0548392 0.0573106 0.0375452 0.0403270 0.0556899 0.0555131 0.0604609 0.0596062 0.0430006 0.0463591 0.0600706 0.0545949 0.0557492 0.0434520 0.0459296 0.0433808 0.0418617 0.0422021 0.0000000 0.0403799 0.0370007 0.0610441 0.0564537 0.0598321 
Acrobatidae_Distoechurus_pennatus            0.0274310 0.0467499 0.0314688 0.0348148 0.0348412 0.0472196 0.0292830 0.0296121 0.0341612 0.0531501 0.0301234 0.0461350 0.0476415 0.0297253 0.0209507 0.0469353 0.0447202 0.0509855 0.0519731 0.0326135 0.0402582 0.0510899 0.0458228 0.0477114 0.0343177 0.0335167 0.0358159 0.0310765 0.0350020 0.0403799 0.0000000 0.0294263 0.0530633 0.0455998 0.0535560 
Phalangeridae_Phalanger_carmelitae           0.0172595 0.0358895 0.0230279 0.0246390 0.0239790 0.0384560 0.0087653 0.0051372 0.0224074 0.0413211 0.0067503 0.0361776 0.0376593 0.0013591 0.0239817 0.0369219 0.0361285 0.0406369 0.0405651 0.0216949 0.0340942 0.0419227 0.0340502 0.0375844 0.0243499 0.0240069 0.0327243 0.0204301 0.0303090 0.0370007 0.0294263 0.0000000 0.0416772 0.0369390 0.0415244 
Peramelidae_Peroryctes_raffrayana            0.0426905 0.0513520 0.0427209 0.0478120 0.0470160 0.0518008 0.0420157 0.0421696 0.0461699 0.0076743 0.0435675 0.0508243 0.0541950 0.0417505 0.0477341 0.0510965 0.0500340 0.0556022 0.0088980 0.0447615 0.0514484 0.0564582 0.0492284 0.0507172 0.0480891 0.0433732 0.0496567 0.0433210 0.0473926 0.0610441 0.0530633 0.0416772 0.0000000 0.0501065 0.0078542 
Dasyuridae_Dasyurus_geffroii                 0.0358979 0.0409249 0.0352349 0.0427198 0.0430329 0.0021439 0.0372304 0.0379307 0.0410143 0.0493877 0.0369399 0.0071536 0.0112808 0.0367669 0.0435747 0.0087923 0.0015558 0.0117638 0.0501785 0.0387283 0.0509653 0.0493744 0.0431204 0.0082089 0.0410177 0.0350107 0.0489771 0.0383571 0.0455660 0.0564537 0.0455998 0.0369390 0.0501065 0.0000000 0.0498030 
Peramelidae_Perameles_gunnii                 0.0440925 0.0508834 0.0422945 0.0483113 0.0475618 0.0514692 0.0424687 0.0428620 0.0464971 0.0003904 0.0431045 0.0500298 0.0524935 0.0415964 0.0486982 0.0502680 0.0491868 0.0538426 0.0094065 0.0440288 0.0534039 0.0567200 0.0502578 0.0493779 0.0483754 0.0432529 0.0523586 0.0429125 0.0492045 0.0598321 0.0535560 0.0415244 0.0078542 0.0498030 0.0000000 
