35
Burramyidae_Burramys_parvus                  0.0000000 0.1034053 0.0737219 0.0785968 0.0758356 0.1154871 0.0637692 0.0635660 0.0783078 0.1100115 0.0692524 0.1239526 0.1228836 0.0644203 0.0699653 0.1229872 0.1187948 0.1006647 0.1078280 0.0819590 0.0812999 0.2268359 0.1933338 0.1149934 0.0742009 0.0870111 0.0673758 0.1656658 0.0702108 0.1108326 0.1315262 0.0620394 0.1053262 0.1168954 0.1013772 
Notoryctidae_Notoryctes_typhlops             0.1034053 0.0000000 0.0982141 0.1148602 0.1114776 0.1327935 0.1135325 0.1124168 0.1102916 0.1325083 0.1284660 0.1449163 0.1368610 0.1161949 0.1173233 0.1461530 0.1393992 0.1157867 0.1225251 0.1214502 0.1311397 0.2491934 0.1945760 0.1325889 0.1171488 0.1071687 0.1091146 0.1818969 0.1119341 0.1569642 0.1625596 0.1139112 0.1178771 0.1373803 0.1227585 
Vombatidae_Lasiorhinus_latifrons             0.0737219 0.0982141 0.0000000 0.0826499 0.0798296 0.1156506 0.0823922 0.0783433 0.0834686 0.1056527 0.0891314 0.1330738 0.1217729 0.0846371 0.0793431 0.1330653 0.1258863 0.0946351 0.1006691 0.0866221 0.0979451 0.2056444 0.1763618 0.1209587 0.0773564 0.0821075 0.0818300 0.1690464 0.0860974 0.1314647 0.1389361 0.0813469 0.0997578 0.1208437 0.0994601 
Potoroidae_Bettongia_penicillata             0.0785968 0.1148602 0.0826499 0.0000000 0.0041961 0.1403813 0.0841337 0.0845621 0.0089356 0.1287532 0.0904242 0.1487786 0.1426909 0.0828489 0.0817464 0.1498764 0.1443576 0.1186622 0.1261672 0.0354425 0.0953308 0.2573308 0.2115954 0.1384072 0.0454979 0.1034994 0.0879105 0.1243413 0.0862622 0.1336342 0.1377224 0.0826457 0.1214968 0.1419331 0.1213237 
Potoroidae_Bettongia_lesueur                 0.0758356 0.1114776 0.0798296 0.0041961 0.0000000 0.1378597 0.0835290 0.0838652 0.0077375 0.1251047 0.0898022 0.1464081 0.1395812 0.0827244 0.0799903 0.1461954 0.1407001 0.1137611 0.1239836 0.0344826 0.0964266 0.2501572 0.2055299 0.1347936 0.0440009 0.0998034 0.0849784 0.1205444 0.0848254 0.1294187 0.1373918 0.0825226 0.1197945 0.1394316 0.1186744 
Dasyuridae_Dasyurus_maculatus                0.1154871 0.1327935 0.1156506 0.1403813 0.1378597 0.0000000 0.1274397 0.1308156 0.1374105 0.1413979 0.1368029 0.0376611 0.0452857 0.1304271 0.1367892 0.0378777 0.0225624 0.0275510 0.1327117 0.1466597 0.1537175 0.2786040 0.2029955 0.0351883 0.1353942 0.1254976 0.1379071 0.2060480 0.1347122 0.1616916 0.1819188 0.1288580 0.1216646 0.0157510 0.1302692 
Phalangeridae_Trichosurus_vulpecula          0.0637692 0.1135325 0.0823922 0.0841337 0.0835290 0.1274397 0.0000000 0.0340719 0.0859146 0.1276741 0.0384034 0.1399668 0.1297763 0.0323101 0.0835991 0.1400530 0.1343874 0.1130012 0.1254480 0.0887077 0.0892882 0.2379643 0.2061099 0.1311594 0.0836273 0.0892469 0.0791853 0.1728143 0.0792554 0.1316428 0.1400091 0.0302958 0.1214043 0.1319986 0.1178431 
Phalangeridae_Spilocuscus_maculatus          0.0635660 0.1124168 0.0783433 0.0845621 0.0838652 0.1308156 0.0340719 0.0000000 0.0864075 0.1286912 0.0248091 0.1393547 0.1322640 0.0182632 0.0819224 0.1397223 0.1378543 0.1191830 0.1227037 0.0902737 0.0901548 0.2430663 0.2050406 0.1312199 0.0848973 0.0995882 0.0785355 0.1752942 0.0811027 0.1280939 0.1412173 0.0181719 0.1236038 0.1361952 0.1190892 
Potoroidae_Aepyprymnus_rufescens             0.0783078 0.1102916 0.0834686 0.0089356 0.0077375 0.1374105 0.0859146 0.0864075 0.0000000 0.1277874 0.0929732 0.1469034 0.1393327 0.0846679 0.0812192 0.1461114 0.1414113 0.1178748 0.1258250 0.0345032 0.0980300 0.2522860 0.2104923 0.1353697 0.0465017 0.1008303 0.0857389 0.1224472 0.0866200 0.1338848 0.1388658 0.0843894 0.1191739 0.1389975 0.1208599 
Peramelidae_Perameles_nasuta                 0.1100115 0.1325083 0.1056527 0.1287532 0.1251047 0.1413979 0.1276741 0.1286912 0.1277874 0.0000000 0.1322970 0.1455236 0.1490829 0.1318108 0.1060567 0.1444759 0.1366525 0.1072618 0.0269841 0.1253886 0.1280975 0.2598402 0.2114287 0.1323744 0.1296848 0.1169740 0.1186373 0.2041182 0.1327232 0.1609130 0.1733432 0.1316270 0.0302103 0.1354604 0.0096338 
Phalangeridae_Strigocuscus_pelengensis       0.0692524 0.1284660 0.0891314 0.0904242 0.0898022 0.1368029 0.0384034 0.0248091 0.0929732 0.1322970 0.0000000 0.1467926 0.1371558 0.0215820 0.0926482 0.1473033 0.1443985 0.1228544 0.1335132 0.0949724 0.1014560 0.2529957 0.1872374 0.1427528 0.0884009 0.1088517 0.0873018 0.1526143 0.0860844 0.1189199 0.1457305 0.0215320 0.1334795 0.1426118 0.1287500 
Dasyuridae_Phascogale_tapoatafa              0.1239526 0.1449163 0.1330738 0.1487786 0.1464081 0.0376611 0.1399668 0.1393547 0.1469034 0.1455236 0.1467926 0.0000000 0.0567121 0.1383624 0.1331160 0.0075502 0.0255373 0.0297995 0.1393669 0.1511903 0.1520288 0.2834914 0.2094210 0.0171354 0.1474866 0.1392633 0.1483092 0.2227922 0.1465845 0.1677895 0.1965063 0.1394431 0.1311407 0.0255741 0.1352591 
Dasyuridae_Sminthopsis_macroura              0.1228836 0.1368610 0.1217729 0.1426909 0.1395812 0.0452857 0.1297763 0.1322640 0.1393327 0.1490829 0.1371558 0.0567121 0.0000000 0.1310984 0.1415604 0.0558686 0.0557732 0.0294872 0.1387414 0.1479623 0.1591027 0.2846506 0.2106125 0.0537940 0.1389653 0.1352301 0.1445991 0.2001679 0.1360056 0.1773114 0.1864779 0.1288174 0.1254550 0.0533100 0.1365176 
Phalangeridae_Phalanger_orientalis           0.0644203 0.1161949 0.0846371 0.0828489 0.0827244 0.1304271 0.0323101 0.0182632 0.0846679 0.1318108 0.0215820 0.1383624 0.1310984 0.0000000 0.0868272 0.1391839 0.1366454 0.1200793 0.1272301 0.0867570 0.0914992 0.2475796 0.2091931 0.1328866 0.0830825 0.1019437 0.0807784 0.1745264 0.0785857 0.1292588 0.1472969 0.0073782 0.1245526 0.1356330 0.1239559 
Acrobatidae_Acrobates_pygmaeus               0.0699653 0.1173233 0.0793431 0.0817464 0.0799903 0.1367892 0.0835991 0.0819224 0.0812192 0.1060567 0.0926482 0.1331160 0.1415604 0.0868272 0.0000000 0.1329475 0.1331213 0.1084679 0.1060239 0.0896131 0.0853039 0.2252348 0.1982212 0.1223959 0.0788894 0.0884320 0.0698729 0.1597195 0.0741853 0.1162991 0.0913694 0.0844570 0.1042064 0.1298592 0.1043186 
Dasyuridae_Phascogale_calura                 0.1229872 0.1461530 0.1330653 0.1498764 0.1461954 0.0378777 0.1400530 0.1397223 0.1461114 0.1444759 0.1473033 0.0075502 0.0558686 0.1391839 0.1329475 0.0000000 0.0249863 0.0322020 0.1383437 0.1512149 0.1626596 0.2887078 0.2166279 0.0179012 0.1446940 0.1379693 0.1451663 0.2197690 0.1472882 0.1660727 0.1923661 0.1394485 0.1318100 0.0250221 0.1342169 
Dasyuridae_Sarcophilus_harrisii              0.1187948 0.1393992 0.1258863 0.1443576 0.1407001 0.0225624 0.1343874 0.1378543 0.1414113 0.1366525 0.1443985 0.0255373 0.0557732 0.1366454 0.1331213 0.0249863 0.0000000 0.0248803 0.1278105 0.1516776 0.1595915 0.2893587 0.2144872 0.0228886 0.1424199 0.1317937 0.1450753 0.2198527 0.1489670 0.1652056 0.1981316 0.1357740 0.1247521 0.0094552 0.1246408 
Dasyuridae_Planigale_tenuirostris            0.1006647 0.1157867 0.0946351 0.1186622 0.1137611 0.0275510 0.1130012 0.1191830 0.1178748 0.1072618 0.1228544 0.0297995 0.0294872 0.1200793 0.1084679 0.0322020 0.0248803 0.0000000 0.1102122 0.1256100 0.1395677 0.1758503 0.1495730 0.0290384 0.1144988 0.1081681 0.1255514 0.1192605 0.1229399 0.1280654 0.1132864 0.1201667 0.1034450 0.0270682 0.1034020 
Peramelidae_Echymipera_kalubu                0.1078280 0.1225251 0.1006691 0.1261672 0.1239836 0.1327117 0.1254480 0.1227037 0.1258250 0.0269841 0.1335132 0.1393669 0.1387414 0.1272301 0.1060239 0.1383437 0.1278105 0.1102122 0.0000000 0.1313157 0.1412187 0.2590993 0.2057079 0.1264628 0.1226345 0.1167895 0.1135202 0.2022964 0.1232383 0.1494909 0.1790631 0.1233165 0.0179661 0.1263867 0.0190534 
Macropodidae_Dorcopsulus_vanheurni           0.0819590 0.1214502 0.0866221 0.0354425 0.0344826 0.1466597 0.0887077 0.0902737 0.0345032 0.1253886 0.0949724 0.1511903 0.1479623 0.0867570 0.0896131 0.1512149 0.1516776 0.1256100 0.1313157 0.0000000 0.0960063 0.2659284 0.2175403 0.1425637 0.0564971 0.1056435 0.0887437 0.1163577 0.0827110 0.1417092 0.1539740 0.0870826 0.1257547 0.1486731 0.1263045 
Pseudochiridae_Pseudochirulus_forbesi        0.0812999 0.1311397 0.0979451 0.0953308 0.0964266 0.1537175 0.0892882 0.0901548 0.0980300 0.1280975 0.1014560 0.1520288 0.1591027 0.0914992 0.0853039 0.1626596 0.1595915 0.1395677 0.1412187 0.0960063 0.0000000 0.2828238 0.2391871 0.1544775 0.0928837 0.1049370 0.0510006 0.1928163 0.0226301 0.1239609 0.1522514 0.0899528 0.1348875 0.1598546 0.1394086 
Didelphidae_Didelphis_virginiana             0.2268359 0.2491934 0.2056444 0.2573308 0.2501572 0.2786040 0.2379643 0.2430663 0.2522860 0.2598402 0.2529957 0.2834914 0.2846506 0.2475796 0.2252348 0.2887078 0.2893587 0.1758503 0.2590993 0.2659284 0.2828238 0.0000000 0.1611500 0.2720790 0.2578808 0.2280225 0.2334746 0.3496278 0.2608172 0.2919934 0.3024541 0.2405457 0.2399122 0.2807189 0.2475975 
Marmosidae_Monodelphis_domestica             0.1933338 0.1945760 0.1763618 0.2115954 0.2055299 0.2029955 0.2061099 0.2050406 0.2104923 0.2114287 0.1872374 0.2094210 0.2106125 0.2091931 0.1982212 0.2166279 0.2144872 0.1495730 0.2057079 0.2175403 0.2391871 0.1611500 0.0000000 0.2071071 0.2059576 0.1942044 0.2096387 0.2063171 0.2116734 0.2027182 0.1772092 0.2033447 0.1882087 0.2098056 0.2016262 
Dasyuridae_Antechinus_stuartii               0.1149934 0.1325889 0.1209587 0.1384072 0.1347936 0.0351883 0.1311594 0.1312199 0.1353697 0.1323744 0.1427528 0.0171354 0.0537940 0.1328866 0.1223959 0.0179012 0.0228886 0.0290384 0.1264628 0.1425637 0.1544775 0.2720790 0.2071071 0.0000000 0.1344914 0.1278321 0.1386346 0.2102624 0.1416517 0.1635707 0.1915987 0.1300264 0.1223408 0.0216264 0.1242943 
Hypsiprymnodontidae_Hypsiprymnodon_moschatus 0.0742009 0.1171488 0.0773564 0.0454979 0.0440009 0.1353942 0.0836273 0.0848973 0.0465017 0.1296848 0.0884009 0.1474866 0.1389653 0.0830825 0.0788894 0.1446940 0.1424199 0.1144988 0.1226345 0.0564971 0.0928837 0.2578808 0.2059576 0.1344914 0.0000000 0.0975240 0.0838030 0.1394361 0.0808397 0.1270363 0.1405455 0.0812416 0.1164389 0.1404827 0.1214224 
Microbiotheriidae_Dromiciops_gliroides       0.0870111 0.1071687 0.0821075 0.1034994 0.0998034 0.1254976 0.0892469 0.0995882 0.1008303 0.1169740 0.1088517 0.1392633 0.1352301 0.1019437 0.0884320 0.1379693 0.1317937 0.1081681 0.1167895 0.1056435 0.1049370 0.2280225 0.1942044 0.1278321 0.0975240 0.0000000 0.0944621 0.1845430 0.0978648 0.1527643 0.1550386 0.0980964 0.1152442 0.1272929 0.1091462 
Pseudochiridae_Petauroides_volans            0.0673758 0.1091146 0.0818300 0.0879105 0.0849784 0.1379071 0.0791853 0.0785355 0.0857389 0.1186373 0.0873018 0.1483092 0.1445991 0.0807784 0.0698729 0.1451663 0.1450753 0.1255514 0.1135202 0.0887437 0.0510006 0.2334746 0.2096387 0.1386346 0.0838030 0.0944621 0.0000000 0.1677722 0.0417046 0.1031294 0.1228549 0.0791446 0.1160747 0.1445342 0.1144027 
Macropodidae_Wallabia_bicolor                0.1656658 0.1818969 0.1690464 0.1243413 0.1205444 0.2060480 0.1728143 0.1752942 0.1224472 0.2041182 0.1526143 0.2227922 0.2001679 0.1745264 0.1597195 0.2197690 0.2198527 0.1192605 0.2022964 0.1163577 0.1928163 0.3496278 0.2063171 0.2102624 0.1394361 0.1845430 0.1677722 0.0000000 0.1855876 0.2001127 0.1356588 0.1747399 0.1885316 0.2151117 0.1906529 
Pseudochiridae_Pseudocheirus_occidentalis    0.0702108 0.1119341 0.0860974 0.0862622 0.0848254 0.1347122 0.0792554 0.0811027 0.0866200 0.1327232 0.0860844 0.1465845 0.1360056 0.0785857 0.0741853 0.1472882 0.1489670 0.1229399 0.1232383 0.0827110 0.0226301 0.2608172 0.2116734 0.1416517 0.0808397 0.0978648 0.0417046 0.1855876 0.0000000 0.1053269 0.1322910 0.0786211 0.1187837 0.1465453 0.1260129 
Tarsipedidae_Tarsipes_rostratus              0.1108326 0.1569642 0.1314647 0.1336342 0.1294187 0.1616916 0.1316428 0.1280939 0.1338848 0.1609130 0.1189199 0.1677895 0.1773114 0.1292588 0.1162991 0.1660727 0.1652056 0.1280654 0.1494909 0.1417092 0.1239609 0.2919934 0.2027182 0.1635707 0.1270363 0.1527643 0.1031294 0.2001127 0.1053269 0.0000000 0.1564432 0.1294390 0.1506937 0.1626287 0.1479147 
Acrobatidae_Distoechurus_pennatus            0.1315262 0.1625596 0.1389361 0.1377224 0.1373918 0.1819188 0.1400091 0.1412173 0.1388658 0.1733432 0.1457305 0.1965063 0.1864779 0.1472969 0.0913694 0.1923661 0.1981316 0.1132864 0.1790631 0.1539740 0.1522514 0.3024541 0.1772092 0.1915987 0.1405455 0.1550386 0.1228549 0.1356588 0.1322910 0.1564432 0.0000000 0.1478552 0.1596311 0.1967212 0.1686921 
Phalangeridae_Phalanger_carmelitae           0.0620394 0.1139112 0.0813469 0.0826457 0.0825226 0.1288580 0.0302958 0.0181719 0.0843894 0.1316270 0.0215320 0.1394431 0.1288174 0.0073782 0.0844570 0.1394485 0.1357740 0.1201667 0.1233165 0.0870826 0.0899528 0.2405457 0.2033447 0.1300264 0.0812416 0.0980964 0.0791446 0.1747399 0.0786211 0.1294390 0.1478552 0.0000000 0.1235971 0.1334179 0.1213585 
Peramelidae_Peroryctes_raffrayana            0.1053262 0.1178771 0.0997578 0.1214968 0.1197945 0.1216646 0.1214043 0.1236038 0.1191739 0.0302103 0.1334795 0.1311407 0.1254550 0.1245526 0.1042064 0.1318100 0.1247521 0.1034450 0.0179661 0.1257547 0.1348875 0.2399122 0.1882087 0.1223408 0.1164389 0.1152442 0.1160747 0.1885316 0.1187837 0.1506937 0.1596311 0.1235971 0.0000000 0.1204108 0.0230000 
Dasyuridae_Dasyurus_geffroii                 0.1168954 0.1373803 0.1208437 0.1419331 0.1394316 0.0157510 0.1319986 0.1361952 0.1389975 0.1354604 0.1426118 0.0255741 0.0533100 0.1356330 0.1298592 0.0250221 0.0094552 0.0270682 0.1263867 0.1486731 0.1598546 0.2807189 0.2098056 0.0216264 0.1404827 0.1272929 0.1445342 0.2151117 0.1465453 0.1626287 0.1967212 0.1334179 0.1204108 0.0000000 0.1243302 
Peramelidae_Perameles_gunnii                 0.1013772 0.1227585 0.0994601 0.1213237 0.1186744 0.1302692 0.1178431 0.1190892 0.1208599 0.0096338 0.1287500 0.1352591 0.1365176 0.1239559 0.1043186 0.1342169 0.1246408 0.1034020 0.0190534 0.1263045 0.1394086 0.2475975 0.2016262 0.1242943 0.1214224 0.1091462 0.1144027 0.1906529 0.1260129 0.1479147 0.1686921 0.1213585 0.0230000 0.1243302 0.0000000 
