35
Burramyidae_Burramys_parvus                  0.0000000 0.0585737 0.0327219 0.0342606 0.0342861 0.0503757 0.0276227 0.0329870 0.0344977 0.0333871 0.0495485 0.0539646 0.0338328 0.0384866 0.0511012 0.0478349 0.0573866 0.0334836 0.0537553 0.1054313 0.0657810 0.0495411 0.0370037 0.0509607 0.0420646 0.0381231 0.0420330 0.0662069 0.0400495 0.0340905 0.0508471 0.0613877 0.0548017 0.0366733 0.0493686 
Notoryctidae_Notoryctes_typhlops             0.0585737 0.0000000 0.0562288 0.0604025 0.0610118 0.0651286 0.0545039 0.0563765 0.0601914 0.0589911 0.0621101 0.0674981 0.0577499 0.0653796 0.0668089 0.0613043 0.0725492 0.0617619 0.0807823 0.1547974 0.0897574 0.0621037 0.0604208 0.0632254 0.0652593 0.0694196 0.0624379 0.0896440 0.0668421 0.0587218 0.0656145 0.0772111 0.0687808 0.0479691 0.0614774 
Vombatidae_Lasiorhinus_latifrons             0.0327219 0.0562288 0.0000000 0.0345005 0.0347562 0.0485940 0.0349136 0.0374092 0.0336065 0.0373097 0.0458808 0.0523233 0.0373936 0.0364554 0.0494965 0.0467160 0.0560077 0.0361615 0.0524257 0.1048363 0.0640735 0.0468426 0.0384372 0.0439835 0.0399416 0.0413364 0.0404320 0.0620310 0.0370446 0.0387169 0.0482682 0.0605973 0.0555215 0.0348717 0.0482305 
Potoroidae_Bettongia_penicillata             0.0342606 0.0604025 0.0345005 0.0000000 0.0019825 0.0550374 0.0374090 0.0416374 0.0049033 0.0416076 0.0529674 0.0580938 0.0416371 0.0395676 0.0562207 0.0521774 0.0583145 0.0119379 0.0494821 0.1157442 0.0698849 0.0519698 0.0216540 0.0489047 0.0398577 0.0147497 0.0396808 0.0593414 0.0397212 0.0421561 0.0549570 0.0627626 0.0580050 0.0412763 0.0516398 
Potoroidae_Bettongia_lesueur                 0.0342861 0.0610118 0.0347562 0.0019825 0.0000000 0.0550978 0.0377280 0.0416926 0.0062082 0.0419540 0.0532731 0.0579039 0.0419796 0.0400678 0.0562827 0.0525017 0.0583802 0.0127243 0.0503515 0.1159635 0.0708053 0.0522505 0.0214607 0.0491817 0.0408282 0.0155862 0.0406427 0.0601784 0.0401993 0.0424999 0.0550173 0.0628150 0.0583552 0.0413228 0.0517008 
Dasyuridae_Dasyurus_maculatus                0.0503757 0.0651286 0.0485940 0.0550374 0.0550978 0.0000000 0.0520154 0.0558048 0.0563358 0.0552803 0.0137136 0.0236738 0.0539171 0.0567083 0.0049286 0.0197209 0.0667245 0.0565956 0.0721979 0.1314886 0.0770940 0.0135827 0.0575970 0.0609306 0.0633892 0.0634792 0.0570411 0.0838784 0.0586896 0.0567257 0.0019881 0.0714765 0.0614747 0.0106671 0.0551984 
Phalangeridae_Trichosurus_vulpecula          0.0276227 0.0545039 0.0349136 0.0374090 0.0377280 0.0520154 0.0000000 0.0150518 0.0357523 0.0169694 0.0532201 0.0555496 0.0165369 0.0406535 0.0520456 0.0512095 0.0545517 0.0378538 0.0533697 0.1314690 0.0677505 0.0532055 0.0394726 0.0515785 0.0428234 0.0449059 0.0387513 0.0671657 0.0400041 0.0175052 0.0525846 0.0550006 0.0481386 0.0348062 0.0477259 
Phalangeridae_Spilocuscus_maculatus          0.0329870 0.0563765 0.0374092 0.0416374 0.0416926 0.0558048 0.0150518 0.0000000 0.0411000 0.0071507 0.0557956 0.0582140 0.0066144 0.0455784 0.0561596 0.0542538 0.0588865 0.0421175 0.0616890 0.1401507 0.0692071 0.0552226 0.0451689 0.0529209 0.0483404 0.0491804 0.0453496 0.0688039 0.0451607 0.0068414 0.0563772 0.0590833 0.0517959 0.0381760 0.0507000 
Potoroidae_Aepyprymnus_rufescens             0.0344977 0.0601914 0.0336065 0.0049033 0.0062082 0.0563358 0.0357523 0.0411000 0.0000000 0.0413526 0.0537497 0.0583902 0.0416727 0.0391378 0.0570195 0.0537893 0.0591416 0.0131046 0.0503397 0.1138054 0.0693115 0.0532474 0.0226832 0.0498959 0.0413002 0.0164055 0.0392264 0.0604266 0.0388164 0.0418877 0.0562532 0.0641746 0.0600489 0.0417991 0.0530521 
Phalangeridae_Strigocuscus_pelengensis       0.0333871 0.0589911 0.0373097 0.0416076 0.0419540 0.0552803 0.0169694 0.0071507 0.0413526 0.0000000 0.0552508 0.0583477 0.0062202 0.0455652 0.0568576 0.0548177 0.0610218 0.0417053 0.0621769 0.1499829 0.0704185 0.0554694 0.0457735 0.0535871 0.0481831 0.0485624 0.0455320 0.0694066 0.0451800 0.0069214 0.0558580 0.0602162 0.0529203 0.0383784 0.0514595 
Dasyuridae_Phascogale_tapoatafa              0.0495485 0.0621101 0.0458808 0.0529674 0.0532731 0.0137136 0.0532201 0.0557956 0.0537497 0.0552508 0.0000000 0.0219945 0.0548173 0.0533913 0.0146934 0.0192801 0.0649900 0.0540305 0.0709607 0.1264664 0.0772482 0.0055113 0.0552290 0.0582908 0.0616656 0.0614898 0.0558313 0.0822896 0.0555495 0.0576382 0.0129257 0.0699871 0.0607945 0.0015620 0.0548098 
Dasyuridae_Sminthopsis_macroura              0.0539646 0.0674981 0.0523233 0.0580938 0.0579039 0.0236738 0.0555496 0.0582140 0.0583902 0.0583477 0.0219945 0.0000000 0.0569767 0.0617604 0.0244946 0.0185271 0.0706625 0.0607346 0.0786192 0.1394482 0.0832949 0.0214906 0.0603717 0.0623900 0.0675999 0.0668225 0.0620966 0.0873869 0.0630823 0.0591934 0.0234519 0.0752702 0.0668963 0.0199407 0.0616614 
Phalangeridae_Phalanger_orientalis           0.0338328 0.0577499 0.0373936 0.0416371 0.0419796 0.0539171 0.0165369 0.0066144 0.0416727 0.0062202 0.0548173 0.0569767 0.0000000 0.0452664 0.0554647 0.0532198 0.0605481 0.0426866 0.0639496 0.1446567 0.0706018 0.0545029 0.0464023 0.0517080 0.0489172 0.0498440 0.0468274 0.0694547 0.0463184 0.0038460 0.0544851 0.0597522 0.0511000 0.0368964 0.0506702 
Acrobatidae_Acrobates_pygmaeus               0.0384866 0.0653796 0.0364554 0.0395676 0.0400678 0.0567083 0.0406535 0.0455784 0.0391378 0.0455652 0.0533913 0.0617604 0.0452664 0.0000000 0.0569735 0.0558436 0.0589500 0.0399613 0.0523796 0.1198117 0.0713116 0.0532326 0.0419622 0.0522918 0.0392652 0.0464376 0.0383867 0.0578134 0.0237459 0.0454995 0.0564297 0.0666162 0.0569012 0.0390781 0.0500517 
Dasyuridae_Sarcophilus_harrisii              0.0511012 0.0668089 0.0494965 0.0562207 0.0562827 0.0049286 0.0520456 0.0561596 0.0570195 0.0568576 0.0146934 0.0244946 0.0554647 0.0569735 0.0000000 0.0199444 0.0669781 0.0575375 0.0727741 0.1292888 0.0783133 0.0145662 0.0585872 0.0616961 0.0634093 0.0647675 0.0578145 0.0862514 0.0591963 0.0570829 0.0043674 0.0737483 0.0622842 0.0106583 0.0554287 
Dasyuridae_Planigale_tenuirostris            0.0478349 0.0613043 0.0467160 0.0521774 0.0525017 0.0197209 0.0512095 0.0542538 0.0537893 0.0548177 0.0192801 0.0185271 0.0532198 0.0558436 0.0199444 0.0000000 0.0614235 0.0548046 0.0698996 0.1321397 0.0757504 0.0182430 0.0547928 0.0599089 0.0604308 0.0614386 0.0539707 0.0819338 0.0573492 0.0555797 0.0184234 0.0645821 0.0543072 0.0158980 0.0504693 
Peramelidae_Echymipera_kalubu                0.0573866 0.0725492 0.0560077 0.0583145 0.0583802 0.0667245 0.0545517 0.0588865 0.0591416 0.0610218 0.0649900 0.0706625 0.0605481 0.0589500 0.0669781 0.0614235 0.0000000 0.0581639 0.0726102 0.1188384 0.0807457 0.0637307 0.0597945 0.0635831 0.0637423 0.0637462 0.0607350 0.0862683 0.0622744 0.0608652 0.0661754 0.0125854 0.0125518 0.0546872 0.0089863 
Macropodidae_Dorcopsulus_vanheurni           0.0334836 0.0617619 0.0361615 0.0119379 0.0127243 0.0565956 0.0378538 0.0421175 0.0131046 0.0417053 0.0540305 0.0607346 0.0426866 0.0399613 0.0575375 0.0548046 0.0581639 0.0000000 0.0503135 0.1160524 0.0707624 0.0544229 0.0236037 0.0509344 0.0406371 0.0115067 0.0407446 0.0604845 0.0389129 0.0429459 0.0565122 0.0623564 0.0569841 0.0409760 0.0511388 
Pseudochiridae_Pseudochirulus_forbesi        0.0537553 0.0807823 0.0524257 0.0494821 0.0503515 0.0721979 0.0533697 0.0616890 0.0503397 0.0621769 0.0709607 0.0786192 0.0639496 0.0523796 0.0727741 0.0698996 0.0726102 0.0503135 0.0000000 0.1172977 0.0930526 0.0708254 0.0531614 0.0704858 0.0303260 0.0549267 0.0167859 0.0645415 0.0513872 0.0642454 0.0727045 0.0787884 0.0704231 0.0571784 0.0616717 
Didelphidae_Didelphis_virginiana             0.1054313 0.1547974 0.1048363 0.1157442 0.1159635 0.1314886 0.1314690 0.1401507 0.1138054 0.1499829 0.1264664 0.1394482 0.1446567 0.1198117 0.1292888 0.1321397 0.1188384 0.1160524 0.1172977 0.0000000 0.0453593 0.1225897 0.1238652 0.1058708 0.1133023 0.1130442 0.1164726 0.1334467 0.1144666 0.1493412 0.1296443 0.1338264 0.1038422 0.0896983 0.0905195 
Marmosidae_Monodelphis_domestica             0.0657810 0.0897574 0.0640735 0.0698849 0.0708053 0.0770940 0.0677505 0.0692071 0.0693115 0.0704185 0.0772482 0.0832949 0.0706018 0.0713116 0.0783133 0.0757504 0.0807457 0.0707624 0.0930526 0.0453593 0.0000000 0.0753903 0.0716206 0.0682267 0.0765500 0.0783761 0.0742436 0.0994995 0.0724859 0.0715120 0.0769779 0.0881333 0.0726389 0.0574796 0.0664733 
Dasyuridae_Antechinus_stuartii               0.0495411 0.0621037 0.0468426 0.0519698 0.0522505 0.0135827 0.0532055 0.0552226 0.0532474 0.0554694 0.0055113 0.0214906 0.0545029 0.0532326 0.0145662 0.0182430 0.0637307 0.0544229 0.0708254 0.1225897 0.0753903 0.0000000 0.0552343 0.0596088 0.0616128 0.0606856 0.0561299 0.0836334 0.0568687 0.0573859 0.0124014 0.0695080 0.0602508 0.0039572 0.0539759 
Hypsiprymnodontidae_Hypsiprymnodon_moschatus 0.0370037 0.0604208 0.0384372 0.0216540 0.0214607 0.0575970 0.0394726 0.0451689 0.0226832 0.0457735 0.0552290 0.0603717 0.0464023 0.0419622 0.0585872 0.0547928 0.0597945 0.0236037 0.0531614 0.1238652 0.0716206 0.0552343 0.0000000 0.0522017 0.0429529 0.0289544 0.0411253 0.0627215 0.0420694 0.0465790 0.0580263 0.0643878 0.0602712 0.0432235 0.0534125 
Microbiotheriidae_Dromiciops_gliroides       0.0509607 0.0632254 0.0439835 0.0489047 0.0491817 0.0609306 0.0515785 0.0529209 0.0498959 0.0535871 0.0582908 0.0623900 0.0517080 0.0522918 0.0616961 0.0599089 0.0635831 0.0509344 0.0704858 0.1058708 0.0682267 0.0596088 0.0522017 0.0000000 0.0574734 0.0558489 0.0560500 0.0760694 0.0571907 0.0525962 0.0606242 0.0684828 0.0609843 0.0493118 0.0564028 
Pseudochiridae_Petauroides_volans            0.0420646 0.0652593 0.0399416 0.0398577 0.0408282 0.0633892 0.0428234 0.0483404 0.0413002 0.0481831 0.0616656 0.0675999 0.0489172 0.0392652 0.0634093 0.0604308 0.0637423 0.0406371 0.0303260 0.1133023 0.0765500 0.0616128 0.0429529 0.0574734 0.0000000 0.0454971 0.0215811 0.0547176 0.0375415 0.0494757 0.0635785 0.0680655 0.0593583 0.0478250 0.0538200 
Macropodidae_Wallabia_bicolor                0.0381231 0.0694196 0.0413364 0.0147497 0.0155862 0.0634792 0.0449059 0.0491804 0.0164055 0.0485624 0.0614898 0.0668225 0.0498440 0.0464376 0.0647675 0.0614386 0.0637462 0.0115067 0.0549267 0.1130442 0.0783761 0.0606856 0.0289544 0.0558489 0.0454971 0.0000000 0.0464942 0.0678314 0.0465170 0.0504432 0.0633800 0.0676819 0.0638985 0.0490506 0.0578214 
Pseudochiridae_Pseudocheirus_occidentalis    0.0420330 0.0624379 0.0404320 0.0396808 0.0406427 0.0570411 0.0387513 0.0453496 0.0392264 0.0455320 0.0558313 0.0620966 0.0468274 0.0383867 0.0578145 0.0539707 0.0607350 0.0407446 0.0167859 0.1164726 0.0742436 0.0561299 0.0411253 0.0560500 0.0215811 0.0464942 0.0000000 0.0534545 0.0387414 0.0476491 0.0574707 0.0661170 0.0587926 0.0436179 0.0513008 
Tarsipedidae_Tarsipes_rostratus              0.0662069 0.0896440 0.0620310 0.0593414 0.0601784 0.0838784 0.0671657 0.0688039 0.0604266 0.0694066 0.0822896 0.0873869 0.0694547 0.0578134 0.0862514 0.0819338 0.0862683 0.0604845 0.0645415 0.1334467 0.0994995 0.0836334 0.0627215 0.0760694 0.0547176 0.0678314 0.0534545 0.0000000 0.0575119 0.0697117 0.0847392 0.0907894 0.0811439 0.0676903 0.0730879 
Acrobatidae_Distoechurus_pennatus            0.0400495 0.0668421 0.0370446 0.0397212 0.0401993 0.0586896 0.0400041 0.0451607 0.0388164 0.0451800 0.0555495 0.0630823 0.0463184 0.0237459 0.0591963 0.0573492 0.0622744 0.0389129 0.0513872 0.1144666 0.0724859 0.0568687 0.0420694 0.0571907 0.0375415 0.0465170 0.0387414 0.0575119 0.0000000 0.0462568 0.0594229 0.0679988 0.0591107 0.0422823 0.0518689 
Phalangeridae_Phalanger_carmelitae           0.0340905 0.0587218 0.0387169 0.0421561 0.0424999 0.0567257 0.0175052 0.0068414 0.0418877 0.0069214 0.0576382 0.0591934 0.0038460 0.0454995 0.0570829 0.0555797 0.0608652 0.0429459 0.0642454 0.1493412 0.0715120 0.0573859 0.0465790 0.0525962 0.0494757 0.0504432 0.0476491 0.0697117 0.0462568 0.0000000 0.0569764 0.0604139 0.0524780 0.0387635 0.0506935 
Dasyuridae_Dasyurus_geffroii                 0.0508471 0.0656145 0.0482682 0.0549570 0.0550173 0.0019881 0.0525846 0.0563772 0.0562532 0.0558580 0.0129257 0.0234519 0.0544851 0.0564297 0.0043674 0.0184234 0.0661754 0.0565122 0.0727045 0.1296443 0.0769779 0.0124014 0.0580263 0.0606242 0.0635785 0.0633800 0.0574707 0.0847392 0.0594229 0.0569764 0.0000000 0.0717503 0.0617535 0.0098310 0.0549102 
Peramelidae_Perameles_gunnii                 0.0613877 0.0772111 0.0605973 0.0627626 0.0628150 0.0714765 0.0550006 0.0590833 0.0641746 0.0602162 0.0699871 0.0752702 0.0597522 0.0666162 0.0737483 0.0645821 0.0125854 0.0623564 0.0787884 0.1338264 0.0881333 0.0695080 0.0643878 0.0684828 0.0680655 0.0676819 0.0661170 0.0907894 0.0679988 0.0604139 0.0717503 0.0000000 0.0007772 0.0593323 0.0136105 
Peramelidae_Perameles_nasuta                 0.0548017 0.0687808 0.0555215 0.0580050 0.0583552 0.0614747 0.0481386 0.0517959 0.0600489 0.0529203 0.0607945 0.0668963 0.0511000 0.0569012 0.0622842 0.0543072 0.0125518 0.0569841 0.0704231 0.1038422 0.0726389 0.0602508 0.0602712 0.0609843 0.0593583 0.0638985 0.0587926 0.0811439 0.0591107 0.0524780 0.0617535 0.0007772 0.0000000 0.0598951 0.0140373 
Dasyuridae_Phascogale_calura                 0.0366733 0.0479691 0.0348717 0.0412763 0.0413228 0.0106671 0.0348062 0.0381760 0.0417991 0.0383784 0.0015620 0.0199407 0.0368964 0.0390781 0.0106583 0.0158980 0.0546872 0.0409760 0.0571784 0.0896983 0.0574796 0.0039572 0.0432235 0.0493118 0.0478250 0.0490506 0.0436179 0.0676903 0.0422823 0.0387635 0.0098310 0.0593323 0.0598951 0.0000000 0.0539466 
Peramelidae_Peroryctes_raffrayana            0.0493686 0.0614774 0.0482305 0.0516398 0.0517008 0.0551984 0.0477259 0.0507000 0.0530521 0.0514595 0.0548098 0.0616614 0.0506702 0.0500517 0.0554287 0.0504693 0.0089863 0.0511388 0.0616717 0.0905195 0.0664733 0.0539759 0.0534125 0.0564028 0.0538200 0.0578214 0.0513008 0.0730879 0.0518689 0.0506935 0.0549102 0.0136105 0.0140373 0.0539466 0.0000000 
