37
Burramyidae_Burramys_parvus                  0.0000000 0.1134534 0.0921337 0.1033349 0.1041640 0.1242043 0.0837344 0.0754386 0.0816778 0.0798125 0.1356104 0.1345835 0.0938354 0.0935965 0.1334650 0.1285359 0.1208743 0.1241197 0.0754630 0.0851596 0.1787164 0.1503964 0.1287720 0.0781061 0.1135474 0.0823624 0.0727560 0.0883311 0.1088948 0.1034855 0.0919412 0.1281569 0.1237862 0.1022875 0.1654702 0.1654702 0.1090684 
Notoryctidae_Notoryctes_typhlops             0.1134534 0.0000000 0.1140617 0.1388358 0.1445278 0.1325214 0.1214968 0.1077212 0.1135577 0.1187731 0.1406835 0.1392307 0.1258639 0.1206247 0.1380083 0.1374547 0.1278402 0.1275238 0.1087928 0.1272174 0.1693496 0.1611210 0.1265208 0.1141320 0.1227041 0.1159099 0.1082657 0.1219689 0.1344838 0.1211852 0.1251286 0.1346439 0.1404186 0.1155196 0.1423011 0.1423011 0.1153825 
Vombatidae_Lasiorhinus_latifrons             0.0921337 0.1140617 0.0000000 0.1075386 0.1116716 0.1317702 0.1006181 0.0886930 0.0973435 0.0922663 0.1412628 0.1393300 0.0977065 0.0985196 0.1395455 0.1338668 0.1196442 0.1201863 0.0930841 0.1036084 0.1818004 0.1632064 0.1293365 0.0969556 0.1164934 0.0911679 0.0902978 0.0964860 0.1197313 0.1084488 0.1042410 0.1323941 0.1351409 0.1203579 0.2417899 0.2417899 0.1220984 
Potoroidae_Bettongia_penicillata             0.1033349 0.1388358 0.1075386 0.0000000 0.0071572 0.1438521 0.1042250 0.0934422 0.0343733 0.0976976 0.1575188 0.1527939 0.1115676 0.1127196 0.1523746 0.1491565 0.1186179 0.1532098 0.0496588 0.1127138 0.1927929 0.1728097 0.1205543 0.0673635 0.1337723 0.1029568 0.0456631 0.1069256 0.1257078 0.1187778 0.1102845 0.1458073 0.1615466 0.1476502 0.4041748 0.4041748 0.1427913 
Potoroidae_Bettongia_lesueur                 0.1041640 0.1445278 0.1116716 0.0071572 0.0000000 0.1504056 0.1063176 0.0948649 0.0325152 0.0977781 0.1614207 0.1589989 0.1135899 0.1104550 0.1579971 0.1550526 0.1179685 0.1583851 0.0501031 0.1175812 0.2013069 0.1772518 0.1207949 0.0699188 0.1303888 0.1063358 0.0466693 0.1114326 0.1278507 0.1258037 0.1133633 0.1518602 0.1667861 0.1529070 0.3854093 0.3854093 0.1481488 
Dasyuridae_Dasyurus_maculatus                0.1242043 0.1325214 0.1317702 0.1438521 0.1504056 0.0000000 0.1301820 0.1228139 0.1316729 0.1306860 0.0324186 0.0326907 0.1369618 0.1218863 0.0286509 0.0118064 0.0321818 0.1521705 0.1252503 0.1229808 0.1952531 0.1746312 0.0331646 0.1277743 0.1193546 0.1290140 0.1233734 0.1236588 0.1492036 0.1325041 0.1370342 0.0121242 0.1620433 0.1307673 0.0446761 0.0446761 0.1345053 
Phalangeridae_Trichosurus_vulpecula          0.0837344 0.1214968 0.1006181 0.1042250 0.1063176 0.1301820 0.0000000 0.0344344 0.0900788 0.0480116 0.1436204 0.1376607 0.0543969 0.0912680 0.1418216 0.1309471 0.1205098 0.1409748 0.0831844 0.0998628 0.1842243 0.1767637 0.1317692 0.0824954 0.1191707 0.0899476 0.0833261 0.0959677 0.1141366 0.1081827 0.0444206 0.1334342 0.1408844 0.1321883 0.1603783 0.1603783 0.1403828 
Phalangeridae_Spilocuscus_maculatus          0.0754386 0.1077212 0.0886930 0.0934422 0.0948649 0.1228139 0.0344344 0.0000000 0.0814647 0.0231915 0.1369432 0.1312191 0.0384111 0.0843009 0.1339325 0.1236246 0.1162559 0.1323757 0.0754661 0.0929811 0.1727122 0.1620720 0.1253350 0.0740845 0.1016868 0.0868816 0.0742970 0.0894813 0.1115080 0.0960056 0.0283336 0.1239623 0.1340853 0.1214851 0.1817082 0.1817082 0.1248642 
Potoroidae_Aepyprymnus_rufescens             0.0816778 0.1135577 0.0973435 0.0343733 0.0325152 0.1316729 0.0900788 0.0814647 0.0000000 0.0846330 0.1420141 0.1382957 0.0983802 0.0957845 0.1351988 0.1316454 0.1302648 0.1275841 0.0285332 0.0951302 0.1760539 0.1577651 0.1431664 0.0563705 0.1099105 0.1012986 0.0264719 0.1004245 0.1178566 0.1038116 0.0985870 0.1301658 0.1358383 0.1075098 0.1023367 0.1023367 0.1030741 
Phalangeridae_Strigocuscus_pelengensis       0.0798125 0.1187731 0.0922663 0.0976976 0.0977781 0.1306860 0.0480116 0.0231915 0.0846330 0.0000000 0.1468258 0.1385795 0.0444572 0.0940206 0.1416447 0.1322525 0.1200779 0.1416616 0.0801372 0.0960477 0.1811301 0.1696653 0.1359045 0.0852733 0.1110648 0.0951825 0.0784536 0.0981865 0.1159536 0.1021354 0.0391360 0.1323776 0.1384523 0.1149489 0.2209066 0.2209066 0.1190855 
Dasyuridae_Phascogale_tapoatafa              0.1356104 0.1406835 0.1412628 0.1575188 0.1614207 0.0324186 0.1436204 0.1369432 0.1420141 0.1468258 0.0000000 0.0447899 0.1517457 0.1298749 0.0172270 0.0337908 0.0452680 0.1591312 0.1399328 0.1411092 0.2025681 0.1898950 0.0279505 0.1384099 0.1311473 0.1452135 0.1369488 0.1395419 0.1526482 0.1449810 0.1526192 0.0372085 0.1660587 0.1357073 0.0332081 0.0332081 0.1391572 
Dasyuridae_Sminthopsis_macroura              0.1345835 0.1392307 0.1393300 0.1527939 0.1589989 0.0326907 0.1376607 0.1312191 0.1382957 0.1385795 0.0447899 0.0000000 0.1477024 0.1253086 0.0402622 0.0353693 0.0305320 0.1600390 0.1342177 0.1365345 0.2112601 0.1887363 0.0447314 0.1385062 0.1383896 0.1427422 0.1303161 0.1358437 0.1511523 0.1437178 0.1472322 0.0359580 0.1693777 0.1386548 0.0388083 0.0388083 0.1421626 
Phalangeridae_Phalanger_orientalis           0.0938354 0.1258639 0.0977065 0.1115676 0.1135899 0.1369618 0.0543969 0.0384111 0.0983802 0.0444572 0.1517457 0.1477024 0.0000000 0.0991843 0.1514680 0.1379425 0.1260532 0.1366402 0.0931156 0.1050329 0.1928599 0.1788108 0.1384663 0.0961095 0.1215284 0.0895094 0.0909353 0.0950732 0.1192314 0.1079569 0.0145127 0.1390952 0.1472519 0.1333990 0.2895677 0.2895677 0.1378177 
Acrobatidae_Acrobates_pygmaeus               0.0935965 0.1206247 0.0985196 0.1127196 0.1104550 0.1218863 0.0912680 0.0843009 0.0957845 0.0940206 0.1298749 0.1253086 0.0991843 0.0000000 0.1286180 0.1240549 0.1011054 0.1332511 0.0891480 0.0778814 0.1723532 0.1568723 0.1188083 0.0933612 0.1169175 0.0757263 0.0897374 0.0741339 0.0860611 0.0560008 0.0976932 0.1239832 0.1355617 0.1102483 0.1260308 0.1260308 0.1174468 
Dasyuridae_Phascogale_calura                 0.1334650 0.1380083 0.1395455 0.1523746 0.1579971 0.0286509 0.1418216 0.1339325 0.1351988 0.1416447 0.0172270 0.0402622 0.1514680 0.1286180 0.0000000 0.0308242 0.0420622 0.1593563 0.1347677 0.1386310 0.2006738 0.1860065 0.0319085 0.1391911 0.1268812 0.1428002 0.1308872 0.1372809 0.1518664 0.1470567 0.1509929 0.0327752 0.1663301 0.1400214 0.0277114 0.0277114 0.1437538 
Dasyuridae_Sarcophilus_harrisii              0.1285359 0.1374547 0.1338668 0.1491565 0.1550526 0.0118064 0.1309471 0.1236246 0.1316454 0.1322525 0.0337908 0.0353693 0.1379425 0.1240549 0.0308242 0.0000000 0.0332484 0.1550175 0.1261366 0.1262817 0.1973255 0.1780835 0.0360759 0.1293590 0.1196558 0.1339143 0.1233240 0.1271000 0.1497571 0.1385619 0.1383439 0.0108678 0.1662587 0.1342612 0.0332081 0.0332081 0.1361488 
Dasyuridae_Planigale_tenuirostris            0.1208743 0.1278402 0.1196442 0.1186179 0.1179685 0.0321818 0.1205098 0.1162559 0.1302648 0.1200779 0.0452680 0.0305320 0.1260532 0.1011054 0.0420622 0.0332484 0.0000000 0.1612751 0.1271957 0.1174445 0.1838721 0.1683752 0.0407362 0.1305954 0.1130552 0.1194859 0.1226134 0.1176260 0.1349795 0.1215934 0.1239092 0.0360020 0.1562029 0.1192088 9.0000000 9.0000000 0.1232557 
Peramelidae_Echymipera_kalubu                0.1241197 0.1275238 0.1201863 0.1532098 0.1583851 0.1521705 0.1409748 0.1323757 0.1275841 0.1416616 0.1591312 0.1600390 0.1366402 0.1332511 0.1593563 0.1550175 0.1612751 0.0000000 0.1232005 0.1430804 0.2015573 0.1846048 0.1783513 0.1315640 0.1293284 0.1337239 0.1213640 0.1399568 0.1531312 0.1425416 0.1473259 0.1514855 0.0346516 0.0350498 0.0952909 0.0952909 0.0291325 
Macropodidae_Dorcopsulus_vanheurni           0.0754630 0.1087928 0.0930841 0.0496588 0.0501031 0.1252503 0.0831844 0.0754661 0.0285332 0.0801372 0.1399328 0.1342177 0.0931156 0.0891480 0.1347677 0.1261366 0.1271957 0.1232005 0.0000000 0.0902861 0.1695258 0.1493675 0.1378669 0.0504654 0.1029211 0.0953322 0.0101094 0.0947490 0.1126361 0.1010546 0.0910616 0.1253896 0.1282864 0.0987495 0.0885758 0.0885758 0.0971885 
Pseudochiridae_Pseudochirulus_forbesi        0.0851596 0.1272174 0.1036084 0.1127138 0.1175812 0.1229808 0.0998628 0.0929811 0.0951302 0.0960477 0.1411092 0.1365345 0.1050329 0.0778814 0.1386310 0.1262817 0.1174445 0.1430804 0.0902861 0.0000000 0.1794994 0.1579037 0.1325323 0.1008001 0.1199204 0.0470471 0.0871636 0.0310650 0.0853355 0.0865443 0.1049492 0.1244774 0.1430207 0.1194067 0.1456797 0.1456797 0.1222395 
Didelphidae_Didelphis_virginiana             0.1787164 0.1693496 0.1818004 0.1927929 0.2013069 0.1952531 0.1842243 0.1727122 0.1760539 0.1811301 0.2025681 0.2112601 0.1928599 0.1723532 0.2006738 0.1973255 0.1838721 0.2015573 0.1695258 0.1794994 0.0000000 0.0730498 0.1892067 0.1710515 0.1613179 0.1820348 0.1686921 0.1804859 0.1957229 0.1811886 0.1911103 0.1932266 0.2148357 0.1772556 0.1371978 0.1371978 0.1697459 
Marmosidae_Monodelphis_domestica             0.1503964 0.1611210 0.1632064 0.1728097 0.1772518 0.1746312 0.1767637 0.1620720 0.1577651 0.1696653 0.1898950 0.1887363 0.1788108 0.1568723 0.1860065 0.1780835 0.1683752 0.1846048 0.1493675 0.1579037 0.0730498 0.0000000 0.1816688 0.1604871 0.1384108 0.1623735 0.1473690 0.1595789 0.1801190 0.1515560 0.1789893 0.1750106 0.1984211 0.1663685 0.1290532 0.1290532 0.1585713 
Dasyuridae_Antechinus_stuartii               0.1287720 0.1265208 0.1293365 0.1205543 0.1207949 0.0331646 0.1317692 0.1253350 0.1431664 0.1359045 0.0279505 0.0447314 0.1384663 0.1188083 0.0319085 0.0360759 0.0407362 0.1783513 0.1378669 0.1325323 0.1892067 0.1816688 0.0000000 0.1382153 0.1155777 0.1316213 0.1327374 0.1356147 0.1472033 0.1462378 0.1342231 0.0384638 0.1735322 0.1527771 9.0000000 9.0000000 0.1581860 
Hypsiprymnodontidae_Hypsiprymnodon_moschatus 0.0781061 0.1141320 0.0969556 0.0673635 0.0699188 0.1277743 0.0824954 0.0740845 0.0563705 0.0852733 0.1384099 0.1385062 0.0961095 0.0933612 0.1391911 0.1293590 0.1305954 0.1315640 0.0504654 0.1008001 0.1710515 0.1604871 0.1382153 0.0000000 0.1136686 0.0908797 0.0503623 0.0949845 0.1129481 0.1073588 0.0889291 0.1296476 0.1376110 0.1139403 0.0854471 0.0854471 0.1131430 
Microbiotheriidae_Dromiciops_gliroides       0.1135474 0.1227041 0.1164934 0.1337723 0.1303888 0.1193546 0.1191707 0.1016868 0.1099105 0.1110648 0.1311473 0.1383896 0.1215284 0.1169175 0.1268812 0.1196558 0.1130552 0.1293284 0.1029211 0.1199204 0.1613179 0.1384108 0.1155777 0.1136686 0.0000000 0.1210366 0.0985132 0.1170412 0.1396427 0.1237365 0.1209795 0.1179397 0.1436092 0.1219582 0.1198782 0.1198782 0.1167751 
Pseudochiridae_Petauroides_volans            0.0823624 0.1159099 0.0911679 0.1029568 0.1063358 0.1290140 0.0899476 0.0868816 0.1012986 0.0951825 0.1452135 0.1427422 0.0895094 0.0757263 0.1428002 0.1339143 0.1194859 0.1337239 0.0953322 0.0470471 0.1820348 0.1623735 0.1316213 0.0908797 0.1210366 0.0000000 0.0930594 0.0363731 0.0846588 0.0972393 0.0955597 0.1327086 0.1406537 0.1286926 0.2227044 0.2227044 0.1336519 
Macropodidae_Wallabia_bicolor                0.0727560 0.1082657 0.0902978 0.0456631 0.0466693 0.1233734 0.0833261 0.0742970 0.0264719 0.0784536 0.1369488 0.1303161 0.0909353 0.0897374 0.1308872 0.1233240 0.1226134 0.1213640 0.0101094 0.0871636 0.1686921 0.1473690 0.1327374 0.0503623 0.0985132 0.0930594 0.0000000 0.0910391 0.1114482 0.1009970 0.0897857 0.1212164 0.1261250 0.1016951 0.0945805 0.0945805 0.1002419 
Pseudochiridae_Pseudocheirus_occidentalis    0.0883311 0.1219689 0.0964860 0.1069256 0.1114326 0.1236588 0.0959677 0.0894813 0.1004245 0.0981865 0.1395419 0.1358437 0.0950732 0.0741339 0.1372809 0.1271000 0.1176260 0.1399568 0.0947490 0.0310650 0.1804859 0.1595789 0.1356147 0.0949845 0.1170412 0.0363731 0.0910391 0.0000000 0.0795982 0.0913216 0.1041662 0.1270294 0.1418224 0.1244716 0.1379807 0.1379807 0.1277917 
Tarsipedidae_Tarsipes_rostratus              0.1088948 0.1344838 0.1197313 0.1257078 0.1278507 0.1492036 0.1141366 0.1115080 0.1178566 0.1159536 0.1526482 0.1511523 0.1192314 0.0860611 0.1518664 0.1497571 0.1349795 0.1531312 0.1126361 0.0853355 0.1957229 0.1801190 0.1472033 0.1129481 0.1396427 0.0846588 0.1114482 0.0795982 0.0000000 0.1011163 0.1197572 0.1501572 0.1568387 0.1437032 0.1366383 0.1366383 0.1381014 
Acrobatidae_Distoechurus_pennatus            0.1034855 0.1211852 0.1084488 0.1187778 0.1258037 0.1325041 0.1081827 0.0960056 0.1038116 0.1021354 0.1449810 0.1437178 0.1079569 0.0560008 0.1470567 0.1385619 0.1215934 0.1425416 0.1010546 0.0865443 0.1811886 0.1515560 0.1462378 0.1073588 0.1237365 0.0972393 0.1009970 0.0913216 0.1011163 0.0000000 0.1074284 0.1374484 0.1469790 0.1199574 0.1071555 0.1071555 0.1270568 
Phalangeridae_Phalanger_carmelitae           0.0919412 0.1251286 0.1042410 0.1102845 0.1133633 0.1370342 0.0444206 0.0283336 0.0985870 0.0391360 0.1526192 0.1472322 0.0145127 0.0976932 0.1509929 0.1383439 0.1239092 0.1473259 0.0910616 0.1049492 0.1911103 0.1789893 0.1342231 0.0889291 0.1209795 0.0955597 0.0897857 0.1041662 0.1197572 0.1074284 0.0000000 0.1396641 0.1502445 0.1386314 0.2996844 0.2996844 0.1429910 
Dasyuridae_Dasyurus_geffroii                 0.1281569 0.1346439 0.1323941 0.1458073 0.1518602 0.0121242 0.1334342 0.1239623 0.1301658 0.1323776 0.0372085 0.0359580 0.1390952 0.1239832 0.0327752 0.0108678 0.0360020 0.1514855 0.1253896 0.1244774 0.1932266 0.1750106 0.0384638 0.1296476 0.1179397 0.1327086 0.1212164 0.1270294 0.1501572 0.1374484 0.1396641 0.0000000 0.1636888 0.1338667 0.0445324 0.0445324 0.1364439 
Peramelidae_Perameles_gunnii                 0.1237862 0.1404186 0.1351409 0.1615466 0.1667861 0.1620433 0.1408844 0.1340853 0.1358383 0.1384523 0.1660587 0.1693777 0.1472519 0.1355617 0.1663301 0.1662587 0.1562029 0.0346516 0.1282864 0.1430207 0.2148357 0.1984211 0.1735322 0.1376110 0.1436092 0.1406537 0.1261250 0.1418224 0.1568387 0.1469790 0.1502445 0.1636888 0.0000000 0.0014119 0.1010515 0.1010515 0.0226563 
Peramelidae_Perameles_nasuta                 0.1022875 0.1155196 0.1203579 0.1476502 0.1529070 0.1307673 0.1321883 0.1214851 0.1075098 0.1149489 0.1357073 0.1386548 0.1333990 0.1102483 0.1400214 0.1342612 0.1192088 0.0350498 0.0987495 0.1194067 0.1772556 0.1663685 0.1527771 0.1139403 0.1219582 0.1286926 0.1016951 0.1244716 0.1437032 0.1199574 0.1386314 0.1338667 0.0014119 0.0000000 0.1014134 0.1014134 0.0230160 
Myrmecobiidae_Myrmecobius_fasciatus1         0.1654702 0.1423011 0.2417899 0.4041748 0.3854093 0.0446761 0.1603783 0.1817082 0.1023367 0.2209066 0.0332081 0.0388083 0.2895677 0.1260308 0.0277114 0.0332081 9.0000000 0.0952909 0.0885758 0.1456797 0.1371978 0.1290532 9.0000000 0.0854471 0.1198782 0.2227044 0.0945805 0.1379807 0.1366383 0.1071555 0.2996844 0.0445324 0.1010515 0.1014134 0.0000000 0.0000010 0.0829537 
Myrmecobiidae_Myrmecobius_fasciatus2         0.1654702 0.1423011 0.2417899 0.4041748 0.3854093 0.0446761 0.1603783 0.1817082 0.1023367 0.2209066 0.0332081 0.0388083 0.2895677 0.1260308 0.0277114 0.0332081 9.0000000 0.0952909 0.0885758 0.1456797 0.1371978 0.1290532 9.0000000 0.0854471 0.1198782 0.2227044 0.0945805 0.1379807 0.1366383 0.1071555 0.2996844 0.0445324 0.1010515 0.1014134 0.0000010 0.0000000 0.0829537 
Peramelidae_Peroryctes_raffrayana            0.1090684 0.1153825 0.1220984 0.1427913 0.1481488 0.1345053 0.1403828 0.1248642 0.1030741 0.1190855 0.1391572 0.1421626 0.1378177 0.1174468 0.1437538 0.1361488 0.1232557 0.0291325 0.0971885 0.1222395 0.1697459 0.1585713 0.1581860 0.1131430 0.1167751 0.1336519 0.1002419 0.1277917 0.1381014 0.1270568 0.1429910 0.1364439 0.0226563 0.0230160 0.0829537 0.0829537 0.0000000 
