35
Burramyidae_Burramys_parvus                  0.0000000 0.1170960 0.0753341 0.0881424 0.0781519 0.1436107 0.0623989 0.0678512 0.0898553 0.1626672 0.0728634 0.1329340 0.1479334 0.0760345 0.1344153 0.1311062 0.1422225 0.1606696 0.1490454 0.0837231 0.0858565 0.1930773 0.1799727 0.1332976 0.0791267 0.1197793 0.0886571 0.0830924 0.0891175 0.1468598 0.0942491 0.0754252 0.1542716 0.1334847 0.1588378 
Notoryctidae_Notoryctes_typhlops             0.1170960 0.0000000 0.1184837 0.1270787 0.1158165 0.1436958 0.1071817 0.1080031 0.1256829 0.1416846 0.1060705 0.1380240 0.1401671 0.1150579 0.1914128 0.1368519 0.1393281 0.1418132 0.1484263 0.1157072 0.1260626 0.1688127 0.1580970 0.1411864 0.1217794 0.1570342 0.1188079 0.1205959 0.1200956 0.1610533 0.1389190 0.1142718 0.1425931 0.1420343 0.1463826 
Vombatidae_Lasiorhinus_latifrons             0.0753341 0.1184837 0.0000000 0.0970787 0.0866763 0.1472343 0.0659473 0.0712207 0.0988560 0.1570962 0.0759490 0.1325060 0.1553939 0.0778709 0.1435114 0.1325810 0.1511653 0.1556901 0.1398842 0.0837671 0.0902261 0.1573648 0.1771768 0.1404723 0.0861714 0.1526364 0.0979096 0.0925652 0.0882806 0.1497633 0.1001057 0.0789814 0.1451287 0.1438034 0.1493188 
Potoroidae_Bettongia_penicillata             0.0881424 0.1270787 0.0970787 0.0000000 0.0138415 0.1614242 0.0764796 0.0842886 0.0228986 0.1447778 0.0914356 0.1459993 0.1746474 0.0916087 0.1413481 0.1434098 0.1684701 0.1747815 0.1388011 0.0444132 0.0956059 0.2028820 0.2244848 0.1533092 0.0552869 0.1655895 0.0999428 0.0458586 0.1003595 0.1597534 0.1039249 0.0909912 0.1380654 0.1561073 0.1478854 
Potoroidae_Bettongia_lesueur                 0.0781519 0.1158165 0.0866763 0.0138415 0.0000000 0.1511821 0.0678748 0.0746691 0.0305841 0.1407356 0.0828836 0.1381252 0.1650935 0.0822597 0.1348407 0.1330613 0.1577537 0.1653670 0.1312034 0.0350887 0.0854493 0.1830782 0.1951882 0.1458635 0.0462961 0.1534476 0.0889713 0.0351448 0.0868081 0.1509846 0.0950052 0.0817253 0.1354148 0.1459585 0.1424362 
Dasyuridae_Dasyurus_maculatus                0.1436107 0.1436958 0.1472343 0.1614242 0.1511821 0.0000000 0.1341218 0.1370601 0.1619152 0.2051361 0.1403898 0.0519596 0.0592970 0.1426102 0.2072074 0.0515052 0.0172206 0.0844143 0.1931980 0.1522283 0.1480957 0.1898342 0.2163873 0.0589214 0.1462303 0.1938581 0.1331569 0.1525116 0.1476410 0.1902267 0.1613551 0.1427102 0.2001917 0.0093754 0.2010320 
Phalangeridae_Trichosurus_vulpecula          0.0623989 0.1071817 0.0659473 0.0764796 0.0678748 0.1341218 0.0000000 0.0250239 0.0832173 0.1374917 0.0263420 0.1220351 0.1382690 0.0278393 0.1187530 0.1173432 0.1321017 0.1384421 0.1279622 0.0720420 0.0689624 0.1550932 0.1732169 0.1289303 0.0642266 0.1499132 0.0745890 0.0768947 0.0730682 0.1272681 0.0717081 0.0290179 0.1304964 0.1306015 0.1314985 
Phalangeridae_Spilocuscus_maculatus          0.0678512 0.1080031 0.0712207 0.0842886 0.0746691 0.1370601 0.0250239 0.0000000 0.0907835 0.1426824 0.0111190 0.1263378 0.1447015 0.0104246 0.1234764 0.1215226 0.1345293 0.1389294 0.1313071 0.0778301 0.0745836 0.1586026 0.1734146 0.1317490 0.0745020 0.1441956 0.0766950 0.0840063 0.0786759 0.1235582 0.0795056 0.0109758 0.1328974 0.1319068 0.1344299 
Potoroidae_Aepyprymnus_rufescens             0.0898553 0.1256829 0.0988560 0.0228986 0.0305841 0.1619152 0.0832173 0.0907835 0.0000000 0.1513961 0.0990944 0.1439731 0.1804674 0.0986651 0.1411359 0.1474734 0.1699390 0.1768696 0.1433016 0.0545507 0.0962408 0.2119080 0.2356901 0.1568221 0.0598573 0.1404618 0.1041325 0.0561050 0.0975193 0.1613381 0.1108151 0.0969834 0.1364966 0.1565218 0.1554332 
Peramelidae_Perameles_nasuta                 0.1626672 0.1416846 0.1570962 0.1447778 0.1407356 0.2051361 0.1374917 0.1426824 0.1513961 0.0000000 0.1427633 0.1864056 0.2218055 0.1510222 0.1855893 0.1857898 0.2093726 0.2189942 0.0389475 0.1465969 0.1496769 0.2062710 0.2271984 0.1981919 0.1510685 0.2096993 0.1566435 0.1558808 0.1498943 0.1906532 0.1483912 0.1480975 0.0421110 0.2006326 0.0134427 
Phalangeridae_Strigocuscus_pelengensis       0.0728634 0.1060705 0.0759490 0.0914356 0.0828836 0.1403898 0.0263420 0.0111190 0.0990944 0.1427633 0.0000000 0.1287840 0.1520398 0.0098793 0.1323347 0.1246526 0.1401636 0.1441547 0.1327695 0.0865919 0.0799408 0.1636670 0.1702003 0.1361509 0.0816201 0.1150837 0.0888227 0.0922332 0.0871953 0.1306211 0.0843413 0.0118301 0.1352790 0.1347587 0.1355172 
Dasyuridae_Phascogale_tapoatafa              0.1329340 0.1380240 0.1325060 0.1459993 0.1381252 0.0519596 0.1220351 0.1263378 0.1439731 0.1864056 0.1287840 0.0000000 0.0759525 0.1319580 0.1669194 0.0072621 0.0580622 0.0717529 0.1711196 0.1334172 0.1297440 0.2115840 0.2332643 0.0253651 0.1358042 0.1727402 0.1308612 0.1406673 0.1383757 0.1759301 0.1399572 0.1323024 0.1758729 0.0479173 0.1889338 
Dasyuridae_Sminthopsis_macroura              0.1479334 0.1401671 0.1553939 0.1746474 0.1650935 0.0592970 0.1382690 0.1447015 0.1804674 0.2218055 0.1520398 0.0759525 0.0000000 0.1505545 0.2192137 0.0737537 0.0597288 0.0669406 0.1985029 0.1609717 0.1635232 0.2035247 0.2414870 0.0688788 0.1552434 0.1931835 0.1438016 0.1677848 0.1579946 0.1924712 0.1810647 0.1515565 0.2074336 0.0533826 0.2096598 
Phalangeridae_Phalanger_orientalis           0.0760345 0.1150579 0.0778709 0.0916087 0.0822597 0.1426102 0.0278393 0.0104246 0.0986651 0.1510222 0.0098793 0.1319580 0.1505545 0.0000000 0.1318565 0.1268372 0.1383604 0.1483289 0.1408259 0.0890821 0.0805799 0.1612928 0.1789428 0.1371610 0.0812754 0.1539367 0.0851483 0.0903562 0.0888190 0.1295106 0.0885002 0.0054766 0.1413166 0.1382280 0.1421486 
Acrobatidae_Acrobates_pygmaeus               0.1344153 0.1914128 0.1435114 0.1413481 0.1348407 0.2072074 0.1187530 0.1234764 0.1411359 0.1855893 0.1323347 0.1669194 0.2192137 0.1318565 0.0000000 0.1898569 0.2112086 0.2177822 0.1886881 0.1375160 0.1291159 0.2689232 0.3345110 0.2024316 0.1315545 0.2322450 0.1295486 0.1458997 0.1194513 0.2017608 0.1058210 0.1322625 0.1782301 0.2039381 0.2006842 
Dasyuridae_Phascogale_calura                 0.1311062 0.1368519 0.1325810 0.1434098 0.1330613 0.0515052 0.1173432 0.1215226 0.1474734 0.1857898 0.1246526 0.0072621 0.0737537 0.1268372 0.1898569 0.0000000 0.0571402 0.0702014 0.1681686 0.1301174 0.1359239 0.1972933 0.2020794 0.0239384 0.1324908 0.1696934 0.1298881 0.1390746 0.1405963 0.1697529 0.1468240 0.1270136 0.1792346 0.0477146 0.1826820 
Dasyuridae_Sarcophilus_harrisii              0.1422225 0.1393281 0.1511653 0.1684701 0.1577537 0.0172206 0.1321017 0.1345293 0.1699390 0.2093726 0.1401636 0.0580622 0.0597288 0.1383604 0.2112086 0.0571402 0.0000000 0.0907821 0.1970371 0.1522164 0.1533062 0.1830220 0.2160533 0.0665837 0.1489599 0.1962218 0.1363872 0.1562549 0.1529058 0.1971885 0.1673488 0.1375764 0.2033267 0.0188578 0.2051314 
Dasyuridae_Planigale_tenuirostris            0.1606696 0.1418132 0.1556901 0.1747815 0.1653670 0.0844143 0.1384421 0.1389294 0.1768696 0.2189942 0.1441547 0.0717529 0.0669406 0.1483289 0.2177822 0.0702014 0.0907821 0.0000000 0.1886404 0.1609832 0.1685773 0.2111408 0.2584676 0.0692974 0.1599579 0.1875590 0.1553612 0.1700401 0.1688684 0.1848978 0.1786357 0.1468545 0.2120082 0.0756485 0.2129625 
Peramelidae_Echymipera_kalubu                0.1490454 0.1484263 0.1398842 0.1388011 0.1312034 0.1931980 0.1279622 0.1313071 0.1433016 0.0389475 0.1327695 0.1711196 0.1985029 0.1408259 0.1886881 0.1681686 0.1970371 0.1886404 0.0000000 0.1338905 0.1398327 0.1963760 0.2119305 0.1819313 0.1370108 0.1918663 0.1463170 0.1405919 0.1366244 0.1719392 0.1522106 0.1405602 0.0252152 0.1891302 0.0516622 
Macropodidae_Dorcopsulus_vanheurni           0.0837231 0.1157072 0.0837671 0.0444132 0.0350887 0.1522283 0.0720420 0.0778301 0.0545507 0.1465969 0.0865919 0.1334172 0.1609717 0.0890821 0.1375160 0.1301174 0.1522164 0.1609832 0.1338905 0.0000000 0.0873723 0.1898931 0.1997397 0.1391064 0.0534749 0.1169190 0.0963100 0.0224781 0.0884081 0.1513554 0.0956941 0.0868159 0.1333373 0.1477752 0.1462010 
Pseudochiridae_Pseudochirulus_forbesi        0.0858565 0.1260626 0.0902261 0.0956059 0.0854493 0.1480957 0.0689624 0.0745836 0.0962408 0.1496769 0.0799408 0.1297440 0.1635232 0.0805799 0.1291159 0.1359239 0.1533062 0.1685773 0.1398327 0.0873723 0.0000000 0.1781242 0.1985061 0.1462572 0.0938058 0.1564036 0.0613148 0.0931418 0.0336058 0.1395618 0.0892811 0.0816698 0.1344547 0.1481672 0.1490801 
Didelphidae_Didelphis_virginiana             0.1930773 0.1688127 0.1573648 0.2028820 0.1830782 0.1898342 0.1550932 0.1586026 0.2119080 0.2062710 0.1636670 0.2115840 0.2035247 0.1612928 0.2689232 0.1972933 0.1830220 0.2111408 0.1963760 0.1898931 0.1781242 0.0000000 0.1094901 0.2179133 0.1685250 0.2732443 0.1567629 0.1937544 0.1747314 0.1898058 0.1955058 0.1589055 0.2310750 0.1869880 0.1696114 
Marmosidae_Monodelphis_domestica             0.1799727 0.1580970 0.1771768 0.2244848 0.1951882 0.2163873 0.1732169 0.1734146 0.2356901 0.2271984 0.1702003 0.2332643 0.2414870 0.1789428 0.3345110 0.2020794 0.2160533 0.2584676 0.2119305 0.1997397 0.1985061 0.1094901 0.0000000 0.2268335 0.1776706 0.1724626 0.1661092 0.1990602 0.1985771 0.2154397 0.2144399 0.1773797 0.2533390 0.2060659 0.2115115 
Dasyuridae_Antechinus_stuartii               0.1332976 0.1411864 0.1404723 0.1533092 0.1458635 0.0589214 0.1289303 0.1317490 0.1568221 0.1981919 0.1361509 0.0253651 0.0688788 0.1371610 0.2024316 0.0239384 0.0665837 0.0692974 0.1819313 0.1391064 0.1462572 0.2179133 0.2268335 0.0000000 0.1415142 0.1734621 0.1417787 0.1446997 0.1528856 0.1750743 0.1608637 0.1375172 0.1862469 0.0506668 0.1959764 
Hypsiprymnodontidae_Hypsiprymnodon_moschatus 0.0791267 0.1217794 0.0861714 0.0552869 0.0462961 0.1462303 0.0642266 0.0745020 0.0598573 0.1510685 0.0816201 0.1358042 0.1552434 0.0812754 0.1315545 0.1324908 0.1489599 0.1599579 0.1370108 0.0534749 0.0938058 0.1685250 0.1776706 0.1415142 0.0000000 0.1621473 0.0869725 0.0570264 0.0938336 0.1460879 0.1004775 0.0807489 0.1382075 0.1419928 0.1499924 
Microbiotheriidae_Dromiciops_gliroides       0.1197793 0.1570342 0.1526364 0.1655895 0.1534476 0.1938581 0.1499132 0.1441956 0.1404618 0.2096993 0.1150837 0.1727402 0.1931835 0.1539367 0.2322450 0.1696934 0.1962218 0.1875590 0.1918663 0.1169190 0.1564036 0.2732443 0.1724626 0.1734621 0.1621473 0.0000000 0.1622244 0.1288450 0.1596233 0.1762880 0.1784336 0.1487442 0.2058461 0.1771190 0.2024778 
Pseudochiridae_Petauroides_volans            0.0886571 0.1188079 0.0979096 0.0999428 0.0889713 0.1331569 0.0745890 0.0766950 0.1041325 0.1566435 0.0888227 0.1308612 0.1438016 0.0851483 0.1295486 0.1298881 0.1363872 0.1553612 0.1463170 0.0963100 0.0613148 0.1567629 0.1661092 0.1417787 0.0869725 0.1622244 0.0000000 0.0985265 0.0673275 0.1361099 0.0899180 0.0830255 0.1484981 0.1287154 0.1480385 
Macropodidae_Wallabia_bicolor                0.0830924 0.1205959 0.0925652 0.0458586 0.0351448 0.1525116 0.0768947 0.0840063 0.0561050 0.1558808 0.0922332 0.1406673 0.1677848 0.0903562 0.1458997 0.1390746 0.1562549 0.1700401 0.1405919 0.0224781 0.0931418 0.1937544 0.1990602 0.1446997 0.0570264 0.1288450 0.0985265 0.0000000 0.0932461 0.1622252 0.1023417 0.0881919 0.1498314 0.1481204 0.1537666 
Pseudochiridae_Pseudocheirus_occidentalis    0.0891175 0.1200956 0.0882806 0.1003595 0.0868081 0.1476410 0.0730682 0.0786759 0.0975193 0.1498943 0.0871953 0.1383757 0.1579946 0.0888190 0.1194513 0.1405963 0.1529058 0.1688684 0.1366244 0.0884081 0.0336058 0.1747314 0.1985771 0.1528856 0.0938336 0.1596233 0.0673275 0.0932461 0.0000000 0.1444670 0.0918129 0.0900355 0.1468021 0.1457992 0.1458430 
Tarsipedidae_Tarsipes_rostratus              0.1468598 0.1610533 0.1497633 0.1597534 0.1509846 0.1902267 0.1272681 0.1235582 0.1613381 0.1906532 0.1306211 0.1759301 0.1924712 0.1295106 0.2017608 0.1697529 0.1971885 0.1848978 0.1719392 0.1513554 0.1395618 0.1898058 0.2154397 0.1750743 0.1460879 0.1762880 0.1361099 0.1622252 0.1444670 0.0000000 0.1551685 0.1346554 0.1749188 0.1830318 0.1915394 
Acrobatidae_Distoechurus_pennatus            0.0942491 0.1389190 0.1001057 0.1039249 0.0950052 0.1613551 0.0717081 0.0795056 0.1108151 0.1483912 0.0843413 0.1399572 0.1810647 0.0885002 0.1058210 0.1468240 0.1673488 0.1786357 0.1522106 0.0956941 0.0892811 0.1955058 0.2144399 0.1608637 0.1004775 0.1784336 0.0899180 0.1023417 0.0918129 0.1551685 0.0000000 0.0896260 0.1527812 0.1587274 0.1517719 
Phalangeridae_Phalanger_carmelitae           0.0754252 0.1142718 0.0789814 0.0909912 0.0817253 0.1427102 0.0290179 0.0109758 0.0969834 0.1480975 0.0118301 0.1323024 0.1515565 0.0054766 0.1322625 0.1270136 0.1375764 0.1468545 0.1405602 0.0868159 0.0816698 0.1589055 0.1773797 0.1375172 0.0807489 0.1487442 0.0830255 0.0881919 0.0900355 0.1346554 0.0896260 0.0000000 0.1417543 0.1374495 0.1394013 
Peramelidae_Peroryctes_raffrayana            0.1542716 0.1425931 0.1451287 0.1380654 0.1354148 0.2001917 0.1304964 0.1328974 0.1364966 0.0421110 0.1352790 0.1758729 0.2074336 0.1413166 0.1782301 0.1792346 0.2033267 0.2120082 0.0252152 0.1333373 0.1344547 0.2310750 0.2533390 0.1862469 0.1382075 0.2058461 0.1484981 0.1498314 0.1468021 0.1749188 0.1527812 0.1417543 0.0000000 0.1954822 0.0517237 
Dasyuridae_Dasyurus_geffroii                 0.1334847 0.1420343 0.1438034 0.1561073 0.1459585 0.0093754 0.1306015 0.1319068 0.1565218 0.2006326 0.1347587 0.0479173 0.0533826 0.1382280 0.2039381 0.0477146 0.0188578 0.0756485 0.1891302 0.1477752 0.1481672 0.1869880 0.2060659 0.0506668 0.1419928 0.1771190 0.1287154 0.1481204 0.1457992 0.1830318 0.1587274 0.1374495 0.1954822 0.0000000 0.1937651 
Peramelidae_Perameles_gunnii                 0.1588378 0.1463826 0.1493188 0.1478854 0.1424362 0.2010320 0.1314985 0.1344299 0.1554332 0.0134427 0.1355172 0.1889338 0.2096598 0.1421486 0.2006842 0.1826820 0.2051314 0.2129625 0.0516622 0.1462010 0.1490801 0.1696114 0.2115115 0.1959764 0.1499924 0.2024778 0.1480385 0.1537666 0.1458430 0.1915394 0.1517719 0.1394013 0.0517237 0.1937651 0.0000000 
