35
Burramyidae_Burramys_parvus                  0.0000000 0.0948543 0.0565271 0.0578905 0.0596805 0.0847995 0.0586447 0.0343760 0.0611031 0.0841141 0.0484424 0.0891526 0.0480983 0.0455157 0.0887129 0.0915191 0.0848059 0.0878750 0.0574673 0.0667372 0.1066540 0.0903107 0.0871937 0.0562590 0.0723768 0.0553984 0.0584040 0.0556248 0.0758801 0.0525394 0.0477238 0.0845468 0.0894384 0.0859603 0.0712704 
Notoryctidae_Notoryctes_typhlops             0.0948543 0.0000000 0.0862129 0.0931689 0.0952651 0.1026161 0.1058644 0.0520599 0.0968782 0.1083806 0.0885594 0.1112213 0.0857302 0.0835547 0.1119699 0.1082040 0.1007753 0.1098234 0.0914263 0.1005879 0.1259480 0.1091272 0.1048096 0.0900808 0.1002314 0.0946427 0.0912256 0.0920031 0.1137394 0.0933588 0.0862577 0.1091373 0.1061030 0.1093094 0.0932752 
Vombatidae_Lasiorhinus_latifrons             0.0565271 0.0862129 0.0000000 0.0617040 0.0634838 0.0785246 0.0606665 0.0292954 0.0636902 0.0840787 0.0534239 0.0806367 0.0544837 0.0494339 0.0820619 0.0810366 0.0745224 0.0895069 0.0590607 0.0638145 0.1001298 0.0843396 0.0805820 0.0574250 0.0660193 0.0586348 0.0595260 0.0553863 0.0810951 0.0530824 0.0528929 0.0858609 0.0778552 0.0863599 0.0683664 
Potoroidae_Bettongia_penicillata             0.0578905 0.0931689 0.0617040 0.0000000 0.0021928 0.0895052 0.0660386 0.0274286 0.0094046 0.0912334 0.0560717 0.0919757 0.0526461 0.0552407 0.0915357 0.0915200 0.0884131 0.0919839 0.0211619 0.0708094 0.1180214 0.0948783 0.0892653 0.0361544 0.0769085 0.0646304 0.0218269 0.0579103 0.0824515 0.0643687 0.0522206 0.0929759 0.0936115 0.0934421 0.0787235 
Potoroidae_Bettongia_lesueur                 0.0596805 0.0952651 0.0634838 0.0021928 0.0000000 0.0911435 0.0678349 0.0286363 0.0103121 0.0933178 0.0578748 0.0936923 0.0543640 0.0569829 0.0932508 0.0932228 0.0901869 0.0940350 0.0221558 0.0721109 0.1195954 0.0958856 0.0909756 0.0372381 0.0788100 0.0658901 0.0228323 0.0585727 0.0838947 0.0661872 0.0539237 0.0950162 0.0952884 0.0955637 0.0794612 
Dasyuridae_Dasyurus_maculatus                0.0847995 0.1026161 0.0785246 0.0895052 0.0911435 0.0000000 0.0918167 0.0459243 0.0937541 0.0989923 0.0819718 0.0284626 0.0792256 0.0747131 0.0265005 0.0099936 0.0241271 0.0995357 0.0856651 0.0918238 0.1200793 0.0997840 0.0261284 0.0860998 0.0813688 0.0821685 0.0870469 0.0766967 0.1035870 0.0804917 0.0768913 0.0997435 0.0086656 0.1018893 0.0280786 
Phalangeridae_Trichosurus_vulpecula          0.0586447 0.1058644 0.0606665 0.0660386 0.0678349 0.0918167 0.0000000 0.0127656 0.0693711 0.0980932 0.0350137 0.0931986 0.0330686 0.0573624 0.0927637 0.0967466 0.0918068 0.0973287 0.0661133 0.0737612 0.1123587 0.0929788 0.0912778 0.0642305 0.0785624 0.0670429 0.0670723 0.0636689 0.0852602 0.0643422 0.0322455 0.0942137 0.0936545 0.1002097 0.0839559 
Phalangeridae_Spilocuscus_maculatus          0.0343760 0.0520599 0.0292954 0.0274286 0.0286363 0.0459243 0.0127656 0.0000000 0.0286774 0.0560703 0.0095366 0.0493755 0.0071384 0.0242278 0.0494615 0.0481909 0.0413768 0.0559858 0.0274526 0.0347566 0.0526008 0.0443898 0.0467013 0.0313223 0.0411598 0.0301980 0.0286058 0.0238807 0.0439577 0.0348638 0.0060222 0.0567329 0.0481932 0.0577361 0.0424065 
Potoroidae_Aepyprymnus_rufescens             0.0611031 0.0968782 0.0636902 0.0094046 0.0103121 0.0937541 0.0693711 0.0286774 0.0000000 0.0926089 0.0592909 0.0962795 0.0546012 0.0560797 0.0958375 0.0944805 0.0935860 0.0932332 0.0237060 0.0746453 0.1205648 0.0970784 0.0942017 0.0379016 0.0812089 0.0672701 0.0243569 0.0624022 0.0855579 0.0653702 0.0552813 0.0942579 0.0979476 0.0948044 0.0832624 
Peramelidae_Perameles_nasuta                 0.0841141 0.1083806 0.0840787 0.0912334 0.0933178 0.0989923 0.0980932 0.0560703 0.0926089 0.0000000 0.0892855 0.1038076 0.0862147 0.0840227 0.1022213 0.1023744 0.0992934 0.0196601 0.0920167 0.1002813 0.1276108 0.1137327 0.1005954 0.0858943 0.0936420 0.0916089 0.0918202 0.0884925 0.1142339 0.0876604 0.0864139 0.0144110 0.1015708 0.0013515 0.0856622 
Phalangeridae_Strigocuscus_pelengensis       0.0484424 0.0885594 0.0534239 0.0560717 0.0578748 0.0819718 0.0350137 0.0095366 0.0592909 0.0892855 0.0000000 0.0865481 0.0104007 0.0460994 0.0880658 0.0886464 0.0788062 0.0889031 0.0549558 0.0643195 0.0952448 0.0773359 0.0839930 0.0548719 0.0670063 0.0579785 0.0563132 0.0542064 0.0709068 0.0559376 0.0103182 0.0856576 0.0857790 0.0917644 0.0730454 
Dasyuridae_Phascogale_tapoatafa              0.0891526 0.1112213 0.0806367 0.0919757 0.0936923 0.0284626 0.0931986 0.0493755 0.0962795 0.1038076 0.0865481 0.0000000 0.0860416 0.0789130 0.0040026 0.0294236 0.0296729 0.1045347 0.0873210 0.0952776 0.1263119 0.1086062 0.0107954 0.0869852 0.0885476 0.0845162 0.0869068 0.0782142 0.1085091 0.0827340 0.0836160 0.1026819 0.0279184 0.1073651 0.0316930 
Phalangeridae_Phalanger_orientalis           0.0480983 0.0857302 0.0544837 0.0526461 0.0543640 0.0792256 0.0330686 0.0071384 0.0546012 0.0862147 0.0104007 0.0860416 0.0000000 0.0445839 0.0855973 0.0853864 0.0787948 0.0870295 0.0511528 0.0605047 0.0960903 0.0820158 0.0843450 0.0521078 0.0649401 0.0546337 0.0514454 0.0518146 0.0681995 0.0531536 0.0044412 0.0825176 0.0825132 0.0885790 0.0723836 
Acrobatidae_Acrobates_pygmaeus               0.0455157 0.0835547 0.0494339 0.0552407 0.0569829 0.0747131 0.0573624 0.0242278 0.0560797 0.0840227 0.0460994 0.0789130 0.0445839 0.0000000 0.0795709 0.0781537 0.0723922 0.0855703 0.0493595 0.0549007 0.1050094 0.0872257 0.0774165 0.0525160 0.0644861 0.0477016 0.0486248 0.0434794 0.0684742 0.0242917 0.0447472 0.0841468 0.0756268 0.0865960 0.0655095 
Dasyuridae_Phascogale_calura                 0.0887129 0.1119699 0.0820619 0.0915357 0.0932508 0.0265005 0.0927637 0.0494615 0.0958375 0.1022213 0.0880658 0.0040026 0.0855973 0.0795709 0.0000000 0.0279547 0.0286049 0.1024370 0.0873887 0.0959639 0.1256867 0.1081003 0.0103243 0.0864542 0.0873555 0.0858365 0.0875797 0.0784078 0.1078826 0.0820823 0.0831791 0.1010981 0.0274451 0.1057825 0.0295759 
Dasyuridae_Sarcophilus_harrisii              0.0915191 0.1082040 0.0810366 0.0915200 0.0932228 0.0099936 0.0967466 0.0481909 0.0944805 0.1023744 0.0886464 0.0294236 0.0853864 0.0781537 0.0279547 0.0000000 0.0285197 0.1052013 0.0875564 0.0979490 0.1264343 0.1057480 0.0273597 0.0867294 0.0862131 0.0895892 0.0889543 0.0823610 0.1095597 0.0859019 0.0829741 0.1041475 0.0104778 0.1051733 0.0294591 
Dasyuridae_Planigale_tenuirostris            0.0848059 0.1007753 0.0745224 0.0884131 0.0901869 0.0241271 0.0918068 0.0413768 0.0935860 0.0992934 0.0788062 0.0296729 0.0787948 0.0723922 0.0286049 0.0285197 0.0000000 0.1008643 0.0839366 0.0911823 0.1209332 0.0966052 0.0274108 0.0859456 0.0830540 0.0830212 0.0843480 0.0721526 0.0954234 0.0775920 0.0769317 0.1029352 0.0264870 0.1025900 0.0156027 
Peramelidae_Echymipera_kalubu                0.0878750 0.1098234 0.0895069 0.0919839 0.0940350 0.0995357 0.0973287 0.0559858 0.0932332 0.0196601 0.0889031 0.1045347 0.0870295 0.0855703 0.1024370 0.1052013 0.1008643 0.0000000 0.0906505 0.1037822 0.1327096 0.1136891 0.1019196 0.0883591 0.0932053 0.0909753 0.0914915 0.0912233 0.1144668 0.0917339 0.0871077 0.0161965 0.1020439 0.0193409 0.0889845 
Macropodidae_Dorcopsulus_vanheurni           0.0574673 0.0914263 0.0590607 0.0211619 0.0221558 0.0856651 0.0661133 0.0274526 0.0237060 0.0920167 0.0549558 0.0873210 0.0511528 0.0493595 0.0873887 0.0875564 0.0839366 0.0906505 0.0000000 0.0682965 0.1140506 0.0934415 0.0856373 0.0323856 0.0748047 0.0600966 0.0089579 0.0538937 0.0771750 0.0588228 0.0502148 0.0915088 0.0901843 0.0941938 0.0752341 
Pseudochiridae_Pseudochirulus_forbesi        0.0667372 0.1005879 0.0638145 0.0708094 0.0721109 0.0918238 0.0737612 0.0347566 0.0746453 0.1002813 0.0643195 0.0952776 0.0605047 0.0549007 0.0959639 0.0979490 0.0911823 0.1037822 0.0682965 0.0000000 0.1204208 0.1025362 0.0949902 0.0699452 0.0773707 0.0317278 0.0653154 0.0163209 0.0754175 0.0585719 0.0615620 0.1005157 0.0920240 0.1016621 0.0773986 
Didelphidae_Didelphis_virginiana             0.1066540 0.1259480 0.1001298 0.1180214 0.1195954 0.1200793 0.1123587 0.0526008 0.1205648 0.1276108 0.0952448 0.1263119 0.0960903 0.1050094 0.1256867 0.1264343 0.1209332 0.1327096 0.1140506 0.1204208 0.0000000 0.0302150 0.1255279 0.1084128 0.1139340 0.1088629 0.1125959 0.1076172 0.1381456 0.1118731 0.0963359 0.1300732 0.1230151 0.1301465 0.1065608 
Marmosidae_Monodelphis_domestica             0.0903107 0.1091272 0.0843396 0.0948783 0.0958856 0.0997840 0.0929788 0.0443898 0.0970784 0.1137327 0.0773359 0.1086062 0.0820158 0.0872257 0.1081003 0.1057480 0.0966052 0.1136891 0.0934415 0.1025362 0.0302150 0.0000000 0.1062602 0.0943246 0.0961125 0.0896811 0.0950475 0.0871152 0.1228942 0.0973502 0.0825961 0.1155236 0.1025470 0.1151829 0.0780671 
Dasyuridae_Antechinus_stuartii               0.0871937 0.1048096 0.0805820 0.0892653 0.0909756 0.0261284 0.0912778 0.0467013 0.0942017 0.1005954 0.0839930 0.0107954 0.0843450 0.0774165 0.0103243 0.0273597 0.0274108 0.1019196 0.0856373 0.0949902 0.1255279 0.1062602 0.0000000 0.0889881 0.0891599 0.0866695 0.0857413 0.0767363 0.1100199 0.0824580 0.0825207 0.1017355 0.0269126 0.1055238 0.0297336 
Hypsiprymnodontidae_Hypsiprymnodon_moschatus 0.0562590 0.0900808 0.0574250 0.0361544 0.0372381 0.0860998 0.0642305 0.0313223 0.0379016 0.0858943 0.0548719 0.0869852 0.0521078 0.0525160 0.0864542 0.0867294 0.0859456 0.0883591 0.0323856 0.0699452 0.1084128 0.0943246 0.0889881 0.0000000 0.0733131 0.0607067 0.0341756 0.0575489 0.0779608 0.0599799 0.0506397 0.0867571 0.0892794 0.0888200 0.0783920 
Microbiotheriidae_Dromiciops_gliroides       0.0723768 0.1002314 0.0660193 0.0769085 0.0788100 0.0813688 0.0785624 0.0411598 0.0812089 0.0936420 0.0670063 0.0885476 0.0649401 0.0644861 0.0873555 0.0862131 0.0830540 0.0932053 0.0748047 0.0773707 0.1139340 0.0961125 0.0891599 0.0733131 0.0000000 0.0719152 0.0752633 0.0670081 0.0925076 0.0661281 0.0639293 0.0936940 0.0841057 0.0949098 0.0800701 
Pseudochiridae_Petauroides_volans            0.0553984 0.0946427 0.0586348 0.0646304 0.0658901 0.0821685 0.0670429 0.0301980 0.0672701 0.0916089 0.0579785 0.0845162 0.0546337 0.0477016 0.0858365 0.0895892 0.0830212 0.0909753 0.0600966 0.0317278 0.1088629 0.0896811 0.0866695 0.0607067 0.0719152 0.0000000 0.0581748 0.0226092 0.0691507 0.0503588 0.0547553 0.0885643 0.0825264 0.0932489 0.0714036 
Macropodidae_Wallabia_bicolor                0.0584040 0.0912256 0.0595260 0.0218269 0.0228323 0.0870469 0.0670723 0.0286058 0.0243569 0.0918202 0.0563132 0.0869068 0.0514454 0.0486248 0.0875797 0.0889543 0.0843480 0.0914915 0.0089579 0.0653154 0.1125959 0.0950475 0.0857413 0.0341756 0.0752633 0.0581748 0.0000000 0.0520387 0.0777517 0.0586566 0.0516002 0.0924472 0.0910095 0.0946770 0.0753317 
Pseudochiridae_Pseudocheirus_occidentalis    0.0556248 0.0920031 0.0553863 0.0579103 0.0585727 0.0766967 0.0636689 0.0238807 0.0624022 0.0884925 0.0542064 0.0782142 0.0518146 0.0434794 0.0784078 0.0823610 0.0721526 0.0912233 0.0538937 0.0163209 0.1076172 0.0871152 0.0767363 0.0575489 0.0670081 0.0226092 0.0520387 0.0000000 0.0613725 0.0487033 0.0524661 0.0895618 0.0776492 0.0892175 0.0738411 
Tarsipedidae_Tarsipes_rostratus              0.0758801 0.1137394 0.0810951 0.0824515 0.0838947 0.1035870 0.0852602 0.0439577 0.0855579 0.1142339 0.0709068 0.1085091 0.0681995 0.0684742 0.1078826 0.1095597 0.0954234 0.1144668 0.0771750 0.0754175 0.1381456 0.1228942 0.1100199 0.0779608 0.0925076 0.0691507 0.0777517 0.0613725 0.0000000 0.0757471 0.0681811 0.1114655 0.1060397 0.1159834 0.0887020 
Acrobatidae_Distoechurus_pennatus            0.0525394 0.0933588 0.0530824 0.0643687 0.0661872 0.0804917 0.0643422 0.0348638 0.0653702 0.0876604 0.0559376 0.0827340 0.0531536 0.0242917 0.0820823 0.0859019 0.0775920 0.0917339 0.0588228 0.0585719 0.1118731 0.0973502 0.0824580 0.0599799 0.0661281 0.0503588 0.0586566 0.0487033 0.0757471 0.0000000 0.0537518 0.0870568 0.0821021 0.0905994 0.0693110 
Phalangeridae_Phalanger_carmelitae           0.0477238 0.0862577 0.0528929 0.0522206 0.0539237 0.0768913 0.0322455 0.0060222 0.0552813 0.0864139 0.0103182 0.0836160 0.0044412 0.0447472 0.0831791 0.0829741 0.0769317 0.0871077 0.0502148 0.0615620 0.0963359 0.0825961 0.0825207 0.0506397 0.0639293 0.0547553 0.0516002 0.0524661 0.0681811 0.0537518 0.0000000 0.0837980 0.0809072 0.0886512 0.0705126 
Peramelidae_Peroryctes_raffrayana            0.0845468 0.1091373 0.0858609 0.0929759 0.0950162 0.0997435 0.0942137 0.0567329 0.0942579 0.0144110 0.0856576 0.1026819 0.0825176 0.0841468 0.1010981 0.1041475 0.1029352 0.0161965 0.0915088 0.1005157 0.1300732 0.1155236 0.1017355 0.0867571 0.0936940 0.0885643 0.0924472 0.0895618 0.1114655 0.0870568 0.0837980 0.0000000 0.1023065 0.0138615 0.0869672 
Dasyuridae_Dasyurus_geffroii                 0.0894384 0.1061030 0.0778552 0.0936115 0.0952884 0.0086656 0.0936545 0.0481932 0.0979476 0.1015708 0.0857790 0.0279184 0.0825132 0.0756268 0.0274451 0.0104778 0.0264870 0.1020439 0.0901843 0.0920240 0.1230151 0.1025470 0.0269126 0.0892794 0.0841057 0.0825264 0.0910095 0.0776492 0.1060397 0.0821021 0.0809072 0.1023065 0.0000000 0.1044644 0.0290935 
Peramelidae_Perameles_gunnii                 0.0859603 0.1093094 0.0863599 0.0934421 0.0955637 0.1018893 0.1002097 0.0577361 0.0948044 0.0013515 0.0917644 0.1073651 0.0885790 0.0865960 0.1057825 0.1051733 0.1025900 0.0193409 0.0941938 0.1016621 0.1301465 0.1151829 0.1055238 0.0888200 0.0949098 0.0932489 0.0946770 0.0892175 0.1159834 0.0905994 0.0886512 0.0138615 0.1044644 0.0000000 0.0845516 
Dasyuridae_Sminthopsis_macroura              0.0712704 0.0932752 0.0683664 0.0787235 0.0794612 0.0280786 0.0839559 0.0424065 0.0832624 0.0856622 0.0730454 0.0316930 0.0723836 0.0655095 0.0295759 0.0294591 0.0156027 0.0889845 0.0752341 0.0773986 0.1065608 0.0780671 0.0297336 0.0783920 0.0800701 0.0714036 0.0753317 0.0738411 0.0887020 0.0693110 0.0705126 0.0869672 0.0290935 0.0845516 0.0000000 
