35
Burramyidae_Burramys_parvus                  0.0000000 0.1271600 0.0812443 0.0789049 0.0784095 0.0996897 0.0695717 0.0655956 0.0833816 0.0815363 0.0663618 0.1057171 0.1028590 0.0654457 0.0897970 0.1063736 0.1026041 0.1007090 0.0996323 0.0750511 0.0802745 0.1165493 0.1153791 0.1049702 0.0763122 0.1000445 0.0727955 0.0757004 0.0790254 0.1111786 0.0766730 0.0663132 0.0957529 0.1010984 0.0990038 
Notoryctidae_Notoryctes_typhlops             0.1271600 0.0000000 0.1164174 0.1160803 0.1147724 0.1189143 0.1143068 0.1002879 0.1185637 0.0954964 0.1008380 0.1186772 0.1203354 0.1013618 0.1304734 0.1222568 0.1211130 0.1145976 0.1187688 0.1087420 0.1249163 0.1344516 0.1374387 0.1184366 0.1130405 0.1120821 0.1113864 0.1095631 0.1240714 0.1533201 0.1146231 0.1022066 0.1204552 0.1199902 0.1205008 
Vombatidae_Lasiorhinus_latifrons             0.0812443 0.1164174 0.0000000 0.0773978 0.0743884 0.0960153 0.0745628 0.0707929 0.0794536 0.0826045 0.0690682 0.1001100 0.1009584 0.0681286 0.0886140 0.1009074 0.0981227 0.0988810 0.0977032 0.0729506 0.0884057 0.1079228 0.1134725 0.0997275 0.0768668 0.0930944 0.0778108 0.0736634 0.0883284 0.1114033 0.0724207 0.0677028 0.0959308 0.0967245 0.1005119 
Potoroidae_Bettongia_penicillata             0.0789049 0.1160803 0.0773978 0.0000000 0.0031291 0.0952919 0.0702119 0.0606898 0.0140057 0.0778338 0.0599878 0.0975972 0.0978052 0.0580233 0.0809862 0.0985699 0.0967797 0.0919387 0.0920342 0.0283415 0.0742342 0.1068461 0.1060673 0.0979023 0.0420515 0.0938004 0.0698989 0.0265110 0.0771509 0.1029218 0.0668246 0.0595116 0.0918626 0.0964728 0.0902636 
Potoroidae_Bettongia_lesueur                 0.0784095 0.1147724 0.0743884 0.0031291 0.0000000 0.0943276 0.0686803 0.0589720 0.0122770 0.0758596 0.0587336 0.0965886 0.0968214 0.0555568 0.0796379 0.0975841 0.0958052 0.0896755 0.0897966 0.0264155 0.0735861 0.1050236 0.1027821 0.0970141 0.0402258 0.0922240 0.0679808 0.0246178 0.0753925 0.1017756 0.0651630 0.0570194 0.0890350 0.0954961 0.0887159 
Dasyuridae_Dasyurus_maculatus                0.0996897 0.1189143 0.0960153 0.0952919 0.0943276 0.0000000 0.0915012 0.0856954 0.0962170 0.0740861 0.0845504 0.0174814 0.0222933 0.0837618 0.1026123 0.0175719 0.0087412 0.0216231 0.0949110 0.0889510 0.0967862 0.1219775 0.1237012 0.0191780 0.0883641 0.0998484 0.0908692 0.0892225 0.0989189 0.1265111 0.0959565 0.0854351 0.0882954 0.0049550 0.0912475 
Phalangeridae_Trichosurus_vulpecula          0.0695717 0.1143068 0.0745628 0.0702119 0.0686803 0.0915012 0.0000000 0.0270705 0.0722745 0.0729743 0.0271019 0.0957129 0.0952829 0.0278474 0.0779248 0.0947215 0.0921353 0.0922524 0.0890901 0.0645543 0.0709103 0.1074130 0.1097402 0.0943412 0.0651827 0.0887240 0.0668856 0.0655222 0.0719734 0.0994464 0.0636713 0.0278897 0.0877438 0.0911777 0.0894768 
Phalangeridae_Spilocuscus_maculatus          0.0655956 0.1002879 0.0707929 0.0606898 0.0589720 0.0856954 0.0270705 0.0000000 0.0611550 0.0673666 0.0107760 0.0894237 0.0870686 0.0119837 0.0724046 0.0878501 0.0854663 0.0837965 0.0813232 0.0580271 0.0609266 0.0981641 0.1010989 0.0877897 0.0596429 0.0820811 0.0584419 0.0593036 0.0595131 0.0996089 0.0611924 0.0120024 0.0812295 0.0853503 0.0826605 
Potoroidae_Aepyprymnus_rufescens             0.0833816 0.1185637 0.0794536 0.0140057 0.0122770 0.0962170 0.0722745 0.0611550 0.0000000 0.0819628 0.0605393 0.0981703 0.0981324 0.0591074 0.0845392 0.0977614 0.0984183 0.0919615 0.0945581 0.0295968 0.0728149 0.1084614 0.1098949 0.0985632 0.0426138 0.0956752 0.0705347 0.0287439 0.0803078 0.1060241 0.0682152 0.0612307 0.0952913 0.0981205 0.0945301 
Peramelidae_Perameles_nasuta                 0.0815363 0.0954964 0.0826045 0.0778338 0.0758596 0.0740861 0.0729743 0.0673666 0.0819628 0.0000000 0.0657931 0.0772817 0.0792714 0.0661579 0.0849250 0.0778115 0.0775925 0.0757765 0.0149154 0.0686521 0.0702934 0.0854914 0.0905655 0.0777376 0.0742959 0.0791846 0.0635685 0.0706184 0.0713405 0.1130539 0.0759042 0.0663745 0.0135596 0.0757410 0.0005219 
Phalangeridae_Strigocuscus_pelengensis       0.0663618 0.1008380 0.0690682 0.0599878 0.0587336 0.0845504 0.0271019 0.0107760 0.0605393 0.0657931 0.0000000 0.0885045 0.0859642 0.0107442 0.0706017 0.0872857 0.0852003 0.0834218 0.0779890 0.0556309 0.0588837 0.0935003 0.0965275 0.0853462 0.0564413 0.0812474 0.0588532 0.0580253 0.0598838 0.0932263 0.0587042 0.0099325 0.0770197 0.0838763 0.0791899 
Dasyuridae_Phascogale_tapoatafa              0.1057171 0.1186772 0.1001100 0.0975972 0.0965886 0.0174814 0.0957129 0.0894237 0.0981703 0.0772817 0.0885045 0.0000000 0.0231777 0.0880187 0.1074228 0.0034720 0.0181564 0.0224891 0.1000292 0.0907275 0.0982131 0.1204221 0.1257704 0.0103872 0.0879011 0.1014906 0.0911386 0.0926795 0.0992764 0.1339878 0.1007021 0.0911899 0.0970239 0.0166723 0.0963199 
Dasyuridae_Sminthopsis_macroura              0.1028590 0.1203354 0.1009584 0.0978052 0.0968214 0.0222933 0.0952829 0.0870686 0.0981324 0.0792714 0.0859642 0.0231777 0.0000000 0.0870321 0.1031984 0.0240426 0.0229663 0.0190643 0.0990348 0.0899494 0.1005074 0.1180795 0.1204181 0.0244690 0.0911881 0.0988908 0.0940763 0.0933056 0.1009265 0.1329798 0.0999000 0.0887303 0.0965778 0.0209322 0.0965238 
Phalangeridae_Phalanger_orientalis           0.0654457 0.1013618 0.0681286 0.0580233 0.0555568 0.0837618 0.0278474 0.0119837 0.0591074 0.0661579 0.0107442 0.0880187 0.0870321 0.0000000 0.0715059 0.0861010 0.0851030 0.0813470 0.0796797 0.0559477 0.0602251 0.0977664 0.0974689 0.0861321 0.0554024 0.0804091 0.0591719 0.0577587 0.0605843 0.0961447 0.0560801 0.0041405 0.0784630 0.0841156 0.0797136 
Acrobatidae_Acrobates_pygmaeus               0.0897970 0.1304734 0.0886140 0.0809862 0.0796379 0.1026123 0.0779248 0.0724046 0.0845392 0.0849250 0.0706017 0.1074228 0.1031984 0.0715059 0.0000000 0.1071142 0.1030948 0.1022487 0.1010443 0.0787939 0.0737572 0.1170984 0.1198137 0.1032266 0.0823378 0.0942707 0.0730331 0.0782357 0.0798620 0.1020665 0.0485756 0.0717412 0.0973552 0.1034792 0.0982887 
Dasyuridae_Phascogale_calura                 0.1063736 0.1222568 0.1009074 0.0985699 0.0975841 0.0175719 0.0947215 0.0878501 0.0977614 0.0778115 0.0872857 0.0034720 0.0240426 0.0861010 0.1071142 0.0000000 0.0185304 0.0222545 0.1002326 0.0931603 0.0980850 0.1235139 0.1279944 0.0104146 0.0902835 0.0999690 0.0927209 0.0942229 0.0983285 0.1319628 0.1015456 0.0891605 0.0969628 0.0161927 0.0980721 
Dasyuridae_Sarcophilus_harrisii              0.1026041 0.1211130 0.0981227 0.0967797 0.0958052 0.0087412 0.0921353 0.0854663 0.0984183 0.0775925 0.0852003 0.0181564 0.0229663 0.0851030 0.1030948 0.0185304 0.0000000 0.0220198 0.0991515 0.0916074 0.1001978 0.1221054 0.1242197 0.0201351 0.0902858 0.1021659 0.0935282 0.0938218 0.1023139 0.1311594 0.0961551 0.0867887 0.0926304 0.0079549 0.0954421 
Dasyuridae_Planigale_tenuirostris            0.1007090 0.1145976 0.0988810 0.0919387 0.0896755 0.0216231 0.0922524 0.0837965 0.0919615 0.0757765 0.0834218 0.0224891 0.0190643 0.0813470 0.1022487 0.0222545 0.0220198 0.0000000 0.0916043 0.0831175 0.0915014 0.1182931 0.1175586 0.0232227 0.0845551 0.0961776 0.0838642 0.0843880 0.0927973 0.1308390 0.0947589 0.0835529 0.0884314 0.0207662 0.0901944 
Peramelidae_Echymipera_kalubu                0.0996323 0.1187688 0.0977032 0.0920342 0.0897966 0.0949110 0.0890901 0.0813232 0.0945581 0.0149154 0.0779890 0.1000292 0.0990348 0.0796797 0.1010443 0.1002326 0.0991515 0.0916043 0.0000000 0.0832736 0.0914337 0.1127596 0.1126754 0.0964983 0.0843475 0.0940347 0.0880051 0.0848584 0.0923242 0.1276972 0.0912775 0.0796338 0.0189272 0.0959893 0.0196225 
Macropodidae_Dorcopsulus_vanheurni           0.0750511 0.1087420 0.0729506 0.0283415 0.0264155 0.0889510 0.0645543 0.0580271 0.0295968 0.0686521 0.0556309 0.0907275 0.0899494 0.0559477 0.0787939 0.0931603 0.0916074 0.0831175 0.0832736 0.0000000 0.0696071 0.1017997 0.0997426 0.0902877 0.0374114 0.0880723 0.0642793 0.0142991 0.0693269 0.0999964 0.0645182 0.0567589 0.0808994 0.0900979 0.0835805 
Pseudochiridae_Pseudochirulus_forbesi        0.0802745 0.1249163 0.0884057 0.0742342 0.0735861 0.0967862 0.0709103 0.0609266 0.0728149 0.0702934 0.0588837 0.0982131 0.1005074 0.0602251 0.0737572 0.0980850 0.1001978 0.0915014 0.0914337 0.0696071 0.0000000 0.1056123 0.1095756 0.0971812 0.0715337 0.0990224 0.0374511 0.0701344 0.0227029 0.0952249 0.0594689 0.0614012 0.0900430 0.0989974 0.0893465 
Didelphidae_Didelphis_virginiana             0.1165493 0.1344516 0.1079228 0.1068461 0.1050236 0.1219775 0.1074130 0.0981641 0.1084614 0.0854914 0.0935003 0.1204221 0.1180795 0.0977664 0.1170984 0.1235139 0.1221054 0.1182931 0.1127596 0.1017997 0.1056123 0.0000000 0.0378100 0.1215970 0.1053467 0.1054088 0.1003906 0.1035775 0.1026269 0.1376867 0.1027700 0.0980761 0.1080912 0.1225277 0.1124136 
Marmosidae_Monodelphis_domestica             0.1153791 0.1374387 0.1134725 0.1060673 0.1027821 0.1237012 0.1097402 0.1010989 0.1098949 0.0905655 0.0965275 0.1257704 0.1204181 0.0974689 0.1198137 0.1279944 0.1242197 0.1175586 0.1126754 0.0997426 0.1095756 0.0378100 0.0000000 0.1254483 0.1044059 0.1032943 0.1014523 0.1010735 0.1079303 0.1377672 0.1033031 0.0984785 0.1083605 0.1242511 0.1123841 
Dasyuridae_Antechinus_stuartii               0.1049702 0.1184366 0.0997275 0.0979023 0.0970141 0.0191780 0.0943412 0.0877897 0.0985632 0.0777376 0.0853462 0.0103872 0.0244690 0.0861321 0.1032266 0.0104146 0.0201351 0.0232227 0.0964983 0.0902877 0.0971812 0.1215970 0.1254483 0.0000000 0.0886531 0.0975500 0.0903556 0.0939007 0.0977125 0.1318367 0.1004594 0.0878461 0.0944474 0.0180991 0.0949455 
Hypsiprymnodontidae_Hypsiprymnodon_moschatus 0.0763122 0.1130405 0.0768668 0.0420515 0.0402258 0.0883641 0.0651827 0.0596429 0.0426138 0.0742959 0.0564413 0.0879011 0.0911881 0.0554024 0.0823378 0.0902835 0.0902858 0.0845551 0.0843475 0.0374114 0.0715337 0.1053467 0.1044059 0.0886531 0.0000000 0.0916946 0.0642957 0.0374156 0.0723901 0.0983882 0.0669463 0.0581950 0.0841796 0.0887917 0.0863822 
Microbiotheriidae_Dromiciops_gliroides       0.1000445 0.1120821 0.0930944 0.0938004 0.0922240 0.0998484 0.0887240 0.0820811 0.0956752 0.0791846 0.0812474 0.1014906 0.0988908 0.0804091 0.0942707 0.0999690 0.1021659 0.0961776 0.0940347 0.0880723 0.0990224 0.1054088 0.1032943 0.0975500 0.0916946 0.0000000 0.0886607 0.0919063 0.0973858 0.1271969 0.0859277 0.0807412 0.0915409 0.1006258 0.0969124 
Pseudochiridae_Petauroides_volans            0.0727955 0.1113864 0.0778108 0.0698989 0.0679808 0.0908692 0.0668856 0.0584419 0.0705347 0.0635685 0.0588532 0.0911386 0.0940763 0.0591719 0.0730331 0.0927209 0.0935282 0.0838642 0.0880051 0.0642793 0.0374511 0.1003906 0.1014523 0.0903556 0.0642957 0.0886607 0.0000000 0.0656456 0.0384101 0.0929758 0.0607882 0.0596020 0.0802851 0.0927044 0.0844355 
Macropodidae_Wallabia_bicolor                0.0757004 0.1095631 0.0736634 0.0265110 0.0246178 0.0892225 0.0655222 0.0593036 0.0287439 0.0706184 0.0580253 0.0926795 0.0933056 0.0577587 0.0782357 0.0942229 0.0938218 0.0843880 0.0848584 0.0142991 0.0701344 0.1035775 0.1010735 0.0939007 0.0374156 0.0919063 0.0656456 0.0000000 0.0693101 0.1007956 0.0661086 0.0589042 0.0850162 0.0919077 0.0847577 
Pseudochiridae_Pseudocheirus_occidentalis    0.0790254 0.1240714 0.0883284 0.0771509 0.0753925 0.0989189 0.0719734 0.0595131 0.0803078 0.0713405 0.0598838 0.0992764 0.1009265 0.0605843 0.0798620 0.0983285 0.1023139 0.0927973 0.0923242 0.0693269 0.0227029 0.1026269 0.1079303 0.0977125 0.0723901 0.0973858 0.0384101 0.0693101 0.0000000 0.0998552 0.0641170 0.0611450 0.0890266 0.1008211 0.0915449 
Tarsipedidae_Tarsipes_rostratus              0.1111786 0.1533201 0.1114033 0.1029218 0.1017756 0.1265111 0.0994464 0.0996089 0.1060241 0.1130539 0.0932263 0.1339878 0.1329798 0.0961447 0.1020665 0.1319628 0.1311594 0.1308390 0.1276972 0.0999964 0.0952249 0.1376867 0.1377672 0.1318367 0.0983882 0.1271969 0.0929758 0.1007956 0.0998552 0.0000000 0.0965641 0.0962515 0.1305020 0.1306768 0.1292088 
Acrobatidae_Distoechurus_pennatus            0.0766730 0.1146231 0.0724207 0.0668246 0.0651630 0.0959565 0.0636713 0.0611924 0.0682152 0.0759042 0.0587042 0.1007021 0.0999000 0.0560801 0.0485756 0.1015456 0.0961551 0.0947589 0.0912775 0.0645182 0.0594689 0.1027700 0.1033031 0.1004594 0.0669463 0.0859277 0.0607882 0.0661086 0.0641170 0.0965641 0.0000000 0.0572669 0.0900282 0.0985690 0.0908180 
Phalangeridae_Phalanger_carmelitae           0.0663132 0.1022066 0.0677028 0.0595116 0.0570194 0.0854351 0.0278897 0.0120024 0.0612307 0.0663745 0.0099325 0.0911899 0.0887303 0.0041405 0.0717412 0.0891605 0.0867887 0.0835529 0.0796338 0.0567589 0.0614012 0.0980761 0.0984785 0.0878461 0.0581950 0.0807412 0.0596020 0.0589042 0.0611450 0.0962515 0.0572669 0.0000000 0.0791836 0.0857981 0.0803709 
Peramelidae_Peroryctes_raffrayana            0.0957529 0.1204552 0.0959308 0.0918626 0.0890350 0.0882954 0.0877438 0.0812295 0.0952913 0.0135596 0.0770197 0.0970239 0.0965778 0.0784630 0.0973552 0.0969628 0.0926304 0.0884314 0.0189272 0.0808994 0.0900430 0.1080912 0.1083605 0.0944474 0.0841796 0.0915409 0.0802851 0.0850162 0.0890266 0.1305020 0.0900282 0.0791836 0.0000000 0.0914457 0.0172285 
Dasyuridae_Dasyurus_geffroii                 0.1010984 0.1199902 0.0967245 0.0964728 0.0954961 0.0049550 0.0911777 0.0853503 0.0981205 0.0757410 0.0838763 0.0166723 0.0209322 0.0841156 0.1034792 0.0161927 0.0079549 0.0207662 0.0959893 0.0900979 0.0989974 0.1225277 0.1242511 0.0180991 0.0887917 0.1006258 0.0927044 0.0919077 0.1008211 0.1306768 0.0985690 0.0857981 0.0914457 0.0000000 0.0930327 
Peramelidae_Perameles_gunnii                 0.0990038 0.1205008 0.1005119 0.0902636 0.0887159 0.0912475 0.0894768 0.0826605 0.0945301 0.0005219 0.0791899 0.0963199 0.0965238 0.0797136 0.0982887 0.0980721 0.0954421 0.0901944 0.0196225 0.0835805 0.0893465 0.1124136 0.1123841 0.0949455 0.0863822 0.0969124 0.0844355 0.0847577 0.0915449 0.1292088 0.0908180 0.0803709 0.0172285 0.0930327 0.0000000 
