35
Burramyidae_Burramys_parvus                  0.0000000 0.1005598 0.0759865 0.0760839 0.0765921 0.0991223 0.0614016 0.0742280 0.0732006 0.1211013 0.0713670 0.1161635 0.1158263 0.0744514 0.0802935 0.0990718 0.1020263 0.1096556 0.0984203 0.0736485 0.0806503 0.1826471 0.1323174 0.1011545 0.0697418 0.0877111 0.0808921 0.0782610 0.1006619 0.1018646 0.0823350 0.0826927 0.1026995 0.0988957 0.1223501 
Notoryctidae_Notoryctes_typhlops             0.1005598 0.0000000 0.0788958 0.0984531 0.1040375 0.1103417 0.0890144 0.1138184 0.0979689 0.1417191 0.1032620 0.1323100 0.1315848 0.1094000 0.1091997 0.1206888 0.1207272 0.1265146 0.1123355 0.1030591 0.1037418 0.1815607 0.1436690 0.1167720 0.0963478 0.1049757 0.0959302 0.1050708 0.1249589 0.1329992 0.1064904 0.1212287 0.1166268 0.1150464 0.1415606 
Vombatidae_Lasiorhinus_latifrons             0.0759865 0.0788958 0.0000000 0.0670786 0.0693651 0.0913471 0.0562751 0.0805222 0.0658316 0.1216672 0.0672377 0.1124072 0.1108507 0.0761786 0.0826373 0.0988745 0.0996241 0.1024354 0.1063933 0.0677549 0.0780315 0.1658698 0.1164499 0.1005048 0.0675929 0.0788468 0.0674899 0.0666419 0.0891639 0.0991542 0.0715348 0.0842921 0.1084197 0.0973860 0.1227543 
Potoroidae_Bettongia_penicillata             0.0760839 0.0984531 0.0670786 0.0000000 0.0116446 0.1082509 0.0654088 0.0865326 0.0148768 0.1312544 0.0762207 0.1327675 0.1286735 0.0838393 0.0892815 0.1172464 0.1181880 0.1219890 0.1124555 0.0322905 0.0806401 0.1737371 0.1332669 0.1165808 0.0468469 0.1002090 0.0725488 0.0284300 0.0950304 0.0946505 0.0853539 0.0945505 0.1119546 0.1125713 0.1325348 
Potoroidae_Bettongia_lesueur                 0.0765921 0.1040375 0.0693651 0.0116446 0.0000000 0.1134978 0.0728343 0.0938636 0.0201183 0.1214708 0.0848968 0.1306134 0.1254055 0.0910833 0.0806476 0.1168326 0.1189139 0.1191449 0.1031648 0.0257407 0.0864219 0.1751499 0.1261547 0.1176390 0.0493091 0.0895018 0.0786869 0.0300634 0.1013030 0.0922794 0.0797686 0.1021631 0.1014600 0.1133222 0.1226822 
Dasyuridae_Dasyurus_maculatus                0.0991223 0.1103417 0.0913471 0.1082509 0.1134978 0.0000000 0.0892593 0.1179728 0.1055582 0.1426071 0.1110917 0.0394486 0.0505146 0.1136073 0.1198024 0.0256665 0.0176134 0.0399910 0.1237112 0.1087933 0.1154348 0.1924058 0.1482698 0.0287910 0.1081719 0.0956515 0.1080551 0.1090032 0.1356179 0.1320968 0.1106800 0.1208863 0.1286193 0.0130577 0.1439964 
Phalangeridae_Trichosurus_vulpecula          0.0614016 0.0890144 0.0562751 0.0654088 0.0728343 0.0892593 0.0000000 0.0377283 0.0633404 0.1182190 0.0357292 0.1142586 0.1108695 0.0456663 0.0768410 0.0979316 0.0995066 0.0970697 0.1493499 0.0707064 0.0742756 0.1656833 0.1214009 0.0967598 0.0685254 0.0822643 0.0639976 0.0708543 0.0682516 0.1080483 0.0754463 0.0433630 0.1578689 0.0939043 0.1192992 
Phalangeridae_Spilocuscus_maculatus          0.0742280 0.1138184 0.0805222 0.0865326 0.0938636 0.1179728 0.0377283 0.0000000 0.0795997 0.1559775 0.0303268 0.1438958 0.1413582 0.0322365 0.1049958 0.1260835 0.1298191 0.1417669 0.1284645 0.0910049 0.0955392 0.1990087 0.1527685 0.1226603 0.0842704 0.1008861 0.0890427 0.0906288 0.1081412 0.1230288 0.1004376 0.0278983 0.1353299 0.1273431 0.1570743 
Potoroidae_Aepyprymnus_rufescens             0.0732006 0.0979689 0.0658316 0.0148768 0.0201183 0.1055582 0.0633404 0.0795997 0.0000000 0.1291212 0.0682380 0.1310063 0.1253795 0.0765499 0.0851176 0.1155247 0.1157971 0.1221075 0.1128686 0.0298780 0.0757290 0.1708222 0.1294959 0.1128364 0.0461118 0.0930241 0.0725995 0.0264060 0.0920812 0.0956938 0.0830138 0.0860494 0.1144830 0.1097875 0.1303774 
Peramelidae_Perameles_nasuta                 0.1211013 0.1417191 0.1216672 0.1312544 0.1214708 0.1426071 0.1182190 0.1559775 0.1291212 0.0000000 0.1479359 0.1527493 0.1544730 0.1429029 0.1275750 0.1430666 0.1463157 0.1508739 0.0142941 0.1171846 0.1333040 0.2111946 0.1590074 0.1482785 0.1284749 0.1241157 0.1384425 0.1273473 0.1591643 0.1482685 0.1267613 0.1550935 0.0160218 0.1388132 0.0003322 
Phalangeridae_Strigocuscus_pelengensis       0.0713670 0.1032620 0.0672377 0.0762207 0.0848968 0.1110917 0.0357292 0.0303268 0.0682380 0.1479359 0.0000000 0.1405192 0.1364333 0.0220354 0.0933704 0.1241527 0.1217236 0.1227084 0.1130801 0.0799960 0.0914019 0.1759608 0.1471595 0.1203379 0.0745956 0.0898410 0.0855330 0.0789745 0.1094745 0.1091167 0.0915930 0.0310095 0.1190951 0.1206533 0.1486661 
Dasyuridae_Phascogale_tapoatafa              0.1161635 0.1323100 0.1124072 0.1327675 0.1306134 0.0394486 0.1142586 0.1438958 0.1310063 0.1527493 0.1405192 0.0000000 0.0373713 0.1409776 0.1296952 0.0165849 0.0401136 0.0479508 0.1295705 0.1243207 0.1354877 0.2017783 0.1536227 0.0297278 0.1270617 0.1094314 0.1287107 0.1260903 0.1576857 0.1349638 0.1248317 0.1493523 0.1346665 0.0344576 0.1542279 
Dasyuridae_Sminthopsis_macroura              0.1158263 0.1315848 0.1108507 0.1286735 0.1254055 0.0505146 0.1108695 0.1413582 0.1253795 0.1544730 0.1364333 0.0373713 0.0000000 0.1361197 0.1307557 0.0467020 0.0486907 0.0464539 0.1320489 0.1220183 0.1345557 0.1929797 0.1518447 0.0501536 0.1222699 0.1127978 0.1239789 0.1213552 0.1546701 0.1352808 0.1243211 0.1457509 0.1365752 0.0459901 0.1559564 
Phalangeridae_Phalanger_orientalis           0.0744514 0.1094000 0.0761786 0.0838393 0.0910833 0.1136073 0.0456663 0.0322365 0.0765499 0.1429029 0.0220354 0.1409776 0.1361197 0.0000000 0.0974303 0.1249937 0.1230613 0.1330067 0.1129138 0.0858652 0.0907976 0.1904053 0.1499844 0.1210002 0.0810551 0.0951569 0.0866693 0.0845611 0.1076434 0.1120093 0.0975896 0.0183286 0.1192996 0.1200929 0.1439265 
Acrobatidae_Acrobates_pygmaeus               0.0802935 0.1091997 0.0826373 0.0892815 0.0806476 0.1198024 0.0768410 0.1049958 0.0851176 0.1275750 0.0933704 0.1296952 0.1307557 0.0974303 0.0000000 0.1183100 0.1248728 0.1267034 0.1077106 0.0833740 0.0782110 0.1984277 0.1422731 0.1237802 0.0884394 0.0942295 0.0761820 0.0929210 0.0941954 0.0926004 0.0481177 0.1076397 0.1109173 0.1170960 0.1288370 
Dasyuridae_Phascogale_calura                 0.0990718 0.1206888 0.0988745 0.1172464 0.1168326 0.0256665 0.0979316 0.1260835 0.1155247 0.1430666 0.1241527 0.0165849 0.0467020 0.1249937 0.1183100 0.0000000 0.0243902 0.0296758 0.1205052 0.1072520 0.1185666 0.1992532 0.1482813 0.0162158 0.1127150 0.0938234 0.1126645 0.1187222 0.1395069 0.1294129 0.1093231 0.1330424 0.1261419 0.0194126 0.1444592 
Dasyuridae_Sarcophilus_harrisii              0.1020263 0.1207272 0.0996241 0.1181880 0.1189139 0.0176134 0.0995066 0.1298191 0.1157971 0.1463157 0.1217236 0.0401136 0.0486907 0.1230613 0.1248728 0.0243902 0.0000000 0.0333631 0.1258437 0.1110258 0.1216521 0.2034698 0.1542579 0.0294733 0.1129479 0.0973835 0.1177764 0.1183372 0.1433469 0.1270977 0.1144225 0.1308992 0.1313617 0.0122727 0.1470403 
Dasyuridae_Planigale_tenuirostris            0.1096556 0.1265146 0.1024354 0.1219890 0.1191449 0.0399910 0.0970697 0.1417669 0.1221075 0.1508739 0.1227084 0.0479508 0.0464539 0.1330067 0.1267034 0.0296758 0.0333631 0.0000000 0.1238007 0.1154511 0.1303344 0.1983361 0.1613321 0.0381044 0.1177292 0.0972749 0.1221285 0.1237915 0.1518252 0.1289444 0.1210281 0.1419624 0.1285046 0.0308321 0.1505861 
Peramelidae_Echymipera_kalubu                0.0984203 0.1123355 0.1063933 0.1124555 0.1031648 0.1237112 0.1493499 0.1284645 0.1128686 0.0142941 0.1130801 0.1295705 0.1320489 0.1129138 0.1077106 0.1205052 0.1258437 0.1238007 0.0000000 0.1009857 0.1156891 0.1664145 0.1348342 0.1229174 0.1120451 0.1044868 0.1159136 0.1112138 0.1344119 0.1434975 0.1081809 0.1223849 0.0151632 0.1187921 0.0143455 
Macropodidae_Dorcopsulus_vanheurni           0.0736485 0.1030591 0.0677549 0.0322905 0.0257407 0.1087933 0.0707064 0.0910049 0.0298780 0.1171846 0.0799960 0.1243207 0.1220183 0.0858652 0.0833740 0.1072520 0.1110258 0.1154511 0.1009857 0.0000000 0.0841975 0.1800695 0.1235623 0.1115213 0.0455302 0.0852570 0.0758864 0.0221265 0.0988141 0.0928402 0.0814353 0.0964237 0.1060918 0.1056487 0.1182283 
Pseudochiridae_Pseudochirulus_forbesi        0.0806503 0.1037418 0.0780315 0.0806401 0.0864219 0.1154348 0.0742756 0.0955392 0.0757290 0.1333040 0.0914019 0.1354877 0.1345557 0.0907976 0.0782110 0.1185666 0.1216521 0.1303344 0.1156891 0.0841975 0.0000000 0.1828560 0.1347778 0.1200963 0.0795565 0.1028343 0.0420755 0.0840678 0.0429043 0.0880408 0.0750634 0.0995878 0.1213338 0.1188325 0.1346048 
Didelphidae_Didelphis_virginiana             0.1826471 0.1815607 0.1658698 0.1737371 0.1751499 0.1924058 0.1656833 0.1990087 0.1708222 0.2111946 0.1759608 0.2017783 0.1929797 0.1904053 0.1984277 0.1992532 0.2034698 0.1983361 0.1664145 0.1800695 0.1828560 0.0000000 0.1149490 0.1999650 0.1688815 0.1903348 0.1842987 0.1696804 0.2109447 0.2009756 0.1914558 0.2033345 0.1709205 0.2000912 0.2108401 
Marmosidae_Monodelphis_domestica             0.1323174 0.1436690 0.1164499 0.1332669 0.1261547 0.1482698 0.1214009 0.1527685 0.1294959 0.1590074 0.1471595 0.1536227 0.1518447 0.1499844 0.1422731 0.1482813 0.1542579 0.1613321 0.1348342 0.1235623 0.1347778 0.1149490 0.0000000 0.1491416 0.1241479 0.1270299 0.1348045 0.1314203 0.1527159 0.1626210 0.1356251 0.1595097 0.1410436 0.1505972 0.1599529 
Dasyuridae_Antechinus_stuartii               0.1011545 0.1167720 0.1005048 0.1165808 0.1176390 0.0287910 0.0967598 0.1226603 0.1128364 0.1482785 0.1203379 0.0297278 0.0501536 0.1210002 0.1237802 0.0162158 0.0294733 0.0381044 0.1229174 0.1115213 0.1200963 0.1999650 0.1491416 0.0000000 0.1065139 0.0989970 0.1122585 0.1190209 0.1419752 0.1316238 0.1141540 0.1301931 0.1304410 0.0236256 0.1497180 
Hypsiprymnodontidae_Hypsiprymnodon_moschatus 0.0697418 0.0963478 0.0675929 0.0468469 0.0493091 0.1081719 0.0685254 0.0842704 0.0461118 0.1284749 0.0745956 0.1270617 0.1222699 0.0810551 0.0884394 0.1127150 0.1129479 0.1177292 0.1120451 0.0455302 0.0795565 0.1688815 0.1241479 0.1065139 0.0000000 0.0921205 0.0743158 0.0511289 0.0988495 0.0936327 0.0808633 0.0908076 0.1142107 0.1084340 0.1292185 
Microbiotheriidae_Dromiciops_gliroides       0.0877111 0.1049757 0.0788468 0.1002090 0.0895018 0.0956515 0.0822643 0.1008861 0.0930241 0.1241157 0.0898410 0.1094314 0.1127978 0.0951569 0.0942295 0.0938234 0.0973835 0.0972749 0.1044868 0.0852570 0.1028343 0.1903348 0.1270299 0.0989970 0.0921205 0.0000000 0.1003343 0.0959307 0.1245357 0.1148271 0.0984933 0.1067817 0.1071797 0.0972227 0.1249532 
Pseudochiridae_Petauroides_volans            0.0808921 0.0959302 0.0674899 0.0725488 0.0786869 0.1080551 0.0639976 0.0890427 0.0725995 0.1384425 0.0855330 0.1287107 0.1239789 0.0866693 0.0761820 0.1126645 0.1177764 0.1221285 0.1159136 0.0758864 0.0420755 0.1842987 0.1348045 0.1122585 0.0743158 0.1003343 0.0000000 0.0776995 0.0498976 0.0807050 0.0726488 0.0947527 0.1226434 0.1121311 0.1395430 
Macropodidae_Wallabia_bicolor                0.0782610 0.1050708 0.0666419 0.0284300 0.0300634 0.1090032 0.0708543 0.0906288 0.0264060 0.1273473 0.0789745 0.1260903 0.1213552 0.0845611 0.0929210 0.1187222 0.1183372 0.1237915 0.1112138 0.0221265 0.0840678 0.1696804 0.1314203 0.1190209 0.0511289 0.0959307 0.0776995 0.0000000 0.1003513 0.0961177 0.0933710 0.0939958 0.1131061 0.1132536 0.1284675 
Pseudochiridae_Pseudocheirus_occidentalis    0.1006619 0.1249589 0.0891639 0.0950304 0.1013030 0.1356179 0.0682516 0.1081412 0.0920812 0.1591643 0.1094745 0.1576857 0.1546701 0.1076434 0.0941954 0.1395069 0.1433469 0.1518252 0.1344119 0.0988141 0.0429043 0.2109447 0.1527159 0.1419752 0.0988495 0.1245357 0.0498976 0.1003513 0.0000000 0.1112937 0.0872139 0.1154387 0.1400613 0.1415338 0.1599549 
Tarsipedidae_Tarsipes_rostratus              0.1018646 0.1329992 0.0991542 0.0946505 0.0922794 0.1320968 0.1080483 0.1230288 0.0956938 0.1482685 0.1091167 0.1349638 0.1352808 0.1120093 0.0926004 0.1294129 0.1270977 0.1289444 0.1434975 0.0928402 0.0880408 0.2009756 0.1626210 0.1316238 0.0936327 0.1148271 0.0807050 0.0961177 0.1112937 0.0000000 0.0927397 0.1285742 0.1508524 0.1306846 0.1490100 
Acrobatidae_Distoechurus_pennatus            0.0823350 0.1064904 0.0715348 0.0853539 0.0797686 0.1106800 0.0754463 0.1004376 0.0830138 0.1267613 0.0915930 0.1248317 0.1243211 0.0975896 0.0481177 0.1093231 0.1144225 0.1210281 0.1081809 0.0814353 0.0750634 0.1914558 0.1356251 0.1141540 0.0808633 0.0984933 0.0726488 0.0933710 0.0872139 0.0927397 0.0000000 0.1072241 0.1130975 0.1095315 0.1280336 
Phalangeridae_Phalanger_carmelitae           0.0826927 0.1212287 0.0842921 0.0945505 0.1021631 0.1208863 0.0433630 0.0278983 0.0860494 0.1550935 0.0310095 0.1493523 0.1457509 0.0183286 0.1076397 0.1330424 0.1308992 0.1419624 0.1223849 0.0964237 0.0995878 0.2033345 0.1595097 0.1301931 0.0908076 0.1067817 0.0947527 0.0939958 0.1154387 0.1285742 0.1072241 0.0000000 0.1281868 0.1287792 0.1563606 
Peramelidae_Peroryctes_raffrayana            0.1026995 0.1166268 0.1084197 0.1119546 0.1014600 0.1286193 0.1578689 0.1353299 0.1144830 0.0160218 0.1190951 0.1346665 0.1365752 0.1192996 0.1109173 0.1261419 0.1313617 0.1285046 0.0151632 0.1060918 0.1213338 0.1709205 0.1410436 0.1304410 0.1142107 0.1071797 0.1226434 0.1131061 0.1400613 0.1508524 0.1130975 0.1281868 0.0000000 0.1262514 0.0160624 
Dasyuridae_Dasyurus_geffroii                 0.0988957 0.1150464 0.0973860 0.1125713 0.1133222 0.0130577 0.0939043 0.1273431 0.1097875 0.1388132 0.1206533 0.0344576 0.0459901 0.1200929 0.1170960 0.0194126 0.0122727 0.0308321 0.1187921 0.1056487 0.1188325 0.2000912 0.1505972 0.0236256 0.1084340 0.0972227 0.1121311 0.1132536 0.1415338 0.1306846 0.1095315 0.1287792 0.1262514 0.0000000 0.1401794 
Peramelidae_Perameles_gunnii                 0.1223501 0.1415606 0.1227543 0.1325348 0.1226822 0.1439964 0.1192992 0.1570743 0.1303774 0.0003322 0.1486661 0.1542279 0.1559564 0.1439265 0.1288370 0.1444592 0.1470403 0.1505861 0.0143455 0.1182283 0.1346048 0.2108401 0.1599529 0.1497180 0.1292185 0.1249532 0.1395430 0.1284675 0.1599549 0.1490100 0.1280336 0.1563606 0.0160624 0.1401794 0.0000000 
