35
Burramyidae_Burramys_parvus                  0.0000000 0.0966453 0.0650188 0.0752787 0.0773265 0.1042028 0.0572035 0.0632759 0.0757044 0.1241041 0.0653733 0.0970672 0.1044158 0.0706626 0.0622485 0.1001559 0.1048495 0.0979372 0.1154208 0.0720501 0.0926079 0.1264533 0.1222039 0.0995625 0.0913717 0.1099017 0.0829929 0.0784429 0.0791760 0.1012211 0.0658113 0.0690933 0.1181964 0.1021594 0.1126076 
Notoryctidae_Notoryctes_typhlops             0.0966453 0.0000000 0.0992147 0.1156905 0.1148152 0.1112851 0.0948273 0.1015542 0.1212452 0.1421557 0.1043923 0.1079399 0.1138484 0.1118357 0.1026910 0.1124618 0.1114342 0.1049625 0.1284975 0.1168724 0.1254283 0.1355657 0.1361025 0.1071244 0.1260226 0.1293161 0.1152236 0.1185659 0.1181173 0.1408571 0.1030639 0.1090119 0.1395579 0.1098074 0.1299926 
Vombatidae_Lasiorhinus_latifrons             0.0650188 0.0992147 0.0000000 0.0805332 0.0832383 0.1100267 0.0666976 0.0684631 0.0811890 0.1274696 0.0719085 0.1022597 0.1052393 0.0766682 0.0715007 0.1060188 0.1089190 0.1006439 0.1227242 0.0768896 0.0941319 0.1279200 0.1201530 0.1030796 0.0966837 0.1089093 0.0848061 0.0833086 0.0848542 0.1113546 0.0725837 0.0750753 0.1256210 0.1062416 0.1202756 
Potoroidae_Bettongia_penicillata             0.0752787 0.1156905 0.0805332 0.0000000 0.0065982 0.1175361 0.0774407 0.0839882 0.0170334 0.1404077 0.0871864 0.1118517 0.1149517 0.0867874 0.0750461 0.1136026 0.1169304 0.1068231 0.1302954 0.0310110 0.0985627 0.1374171 0.1355306 0.1113831 0.0653138 0.1258549 0.0914694 0.0322210 0.0849216 0.1108558 0.0770814 0.0863388 0.1341886 0.1143220 0.1312367 
Potoroidae_Bettongia_lesueur                 0.0773265 0.1148152 0.0832383 0.0065982 0.0000000 0.1195097 0.0795153 0.0857109 0.0152007 0.1435994 0.0888802 0.1145781 0.1144126 0.0894594 0.0765270 0.1168206 0.1202005 0.1079438 0.1324091 0.0286715 0.0998890 0.1387086 0.1369397 0.1144772 0.0631729 0.1246744 0.0931761 0.0340528 0.0856401 0.1115425 0.0780503 0.0880233 0.1362548 0.1174477 0.1340677 
Dasyuridae_Dasyurus_maculatus                0.1042028 0.1112851 0.1100267 0.1175361 0.1195097 0.0000000 0.1042816 0.1077777 0.1192357 0.1459450 0.1108961 0.0217165 0.0319244 0.1161726 0.1142086 0.0251010 0.0098085 0.0224074 0.1358028 0.1183966 0.1297582 0.1442506 0.1465397 0.0191264 0.1334074 0.1390931 0.1220120 0.1189099 0.1188187 0.1507336 0.1124400 0.1127421 0.1485686 0.0039750 0.1342203 
Phalangeridae_Trichosurus_vulpecula          0.0572035 0.0948273 0.0666976 0.0774407 0.0795153 0.1042816 0.0000000 0.0274663 0.0813580 0.1282991 0.0295301 0.0981589 0.1032358 0.0328330 0.0695628 0.1025356 0.1031289 0.0951001 0.1178619 0.0791978 0.0868274 0.1276647 0.1215839 0.0990872 0.0943411 0.1115841 0.0781819 0.0834209 0.0747331 0.0973207 0.0711730 0.0323466 0.1195976 0.1022030 0.1148141 
Phalangeridae_Spilocuscus_maculatus          0.0632759 0.1015542 0.0684631 0.0839882 0.0857109 0.1077777 0.0274663 0.0000000 0.0869514 0.1324732 0.0182207 0.1057356 0.1093203 0.0220365 0.0747873 0.1094997 0.1066355 0.1002226 0.1226002 0.0846169 0.0896269 0.1324176 0.1310462 0.1049829 0.1026229 0.1176318 0.0800399 0.0907592 0.0803552 0.1098594 0.0763111 0.0205779 0.1257186 0.1055958 0.1166723 
Potoroidae_Aepyprymnus_rufescens             0.0757044 0.1212452 0.0811890 0.0170334 0.0152007 0.1192357 0.0813580 0.0869514 0.0000000 0.1475124 0.0887350 0.1165261 0.1115529 0.0898797 0.0771736 0.1158363 0.1198643 0.1067727 0.1381541 0.0306213 0.1021641 0.1429174 0.1406772 0.1133874 0.0627004 0.1254377 0.0929540 0.0366253 0.0900390 0.1148338 0.0771834 0.0904507 0.1412031 0.1158719 0.1386965 
Peramelidae_Perameles_nasuta                 0.1241041 0.1421557 0.1274696 0.1404077 0.1435994 0.1459450 0.1282991 0.1324732 0.1475124 0.0000000 0.1337978 0.1442103 0.1479720 0.1449956 0.1257753 0.1424175 0.1459080 0.1455815 0.0262394 0.1357033 0.1595388 0.1582088 0.1494379 0.1435865 0.1495551 0.1437257 0.1489048 0.1451431 0.1361088 0.1536240 0.1326599 0.1428382 0.0290701 0.1415817 0.0011157 
Phalangeridae_Strigocuscus_pelengensis       0.0653733 0.1043923 0.0719085 0.0871864 0.0888802 0.1108961 0.0295301 0.0182207 0.0887350 0.1337978 0.0000000 0.1065350 0.1103477 0.0223644 0.0765025 0.1108949 0.1097311 0.1026550 0.1249655 0.0890389 0.0940898 0.1362111 0.1286774 0.1073750 0.1061478 0.1209945 0.0813847 0.0950017 0.0827873 0.1098826 0.0785595 0.0210155 0.1239023 0.1088036 0.1225924 
Dasyuridae_Phascogale_tapoatafa              0.0970672 0.1079399 0.1022597 0.1118517 0.1145781 0.0217165 0.0981589 0.1057356 0.1165261 0.1442103 0.1065350 0.0000000 0.0243292 0.1107251 0.1082152 0.0032315 0.0207982 0.0193860 0.1314812 0.1124840 0.1277323 0.1364377 0.1387115 0.0096347 0.1293109 0.1352721 0.1148178 0.1154752 0.1185516 0.1446700 0.1060168 0.1072574 0.1437273 0.0184388 0.1294498 
Dasyuridae_Sminthopsis_macroura              0.1044158 0.1138484 0.1052393 0.1149517 0.1144126 0.0319244 0.1032358 0.1093203 0.1115529 0.1479720 0.1103477 0.0243292 0.0000000 0.1162732 0.1128788 0.0302377 0.0305298 0.0171071 0.1359020 0.1132741 0.1354120 0.1442224 0.1440058 0.0250442 0.1308562 0.1356250 0.1187567 0.1206682 0.1248081 0.1525235 0.1105477 0.1128041 0.1478224 0.0286189 0.1355765 
Phalangeridae_Phalanger_orientalis           0.0706626 0.1118357 0.0766682 0.0867874 0.0894594 0.1161726 0.0328330 0.0220365 0.0898797 0.1449956 0.0223644 0.1107251 0.1162732 0.0000000 0.0828112 0.1151157 0.1149951 0.1070732 0.1344320 0.0885570 0.0975607 0.1418902 0.1350740 0.1121046 0.1063453 0.1259770 0.0874431 0.0945471 0.0856525 0.1161765 0.0837419 0.0079159 0.1382187 0.1140638 0.1301284 
Acrobatidae_Acrobates_pygmaeus               0.0622485 0.1026910 0.0715007 0.0750461 0.0765270 0.1142086 0.0695628 0.0747873 0.0771736 0.1257753 0.0765025 0.1082152 0.1128788 0.0828112 0.0000000 0.1108366 0.1114562 0.1068939 0.1239051 0.0733017 0.0911770 0.1276654 0.1275351 0.1083874 0.0921693 0.1157907 0.0757242 0.0786903 0.0762516 0.1005959 0.0383617 0.0812064 0.1277346 0.1115137 0.1210369 
Dasyuridae_Phascogale_calura                 0.1001559 0.1124618 0.1060188 0.1136026 0.1168206 0.0251010 0.1025356 0.1094997 0.1158363 0.1424175 0.1108949 0.0032315 0.0302377 0.1151157 0.1108366 0.0000000 0.0237248 0.0239205 0.1318291 0.1121048 0.1316899 0.1379802 0.1403936 0.0124385 0.1310079 0.1337180 0.1180526 0.1153255 0.1196106 0.1449434 0.1074161 0.1121670 0.1439177 0.0217963 0.1303309 
Dasyuridae_Sarcophilus_harrisii              0.1048495 0.1114342 0.1089190 0.1169304 0.1202005 0.0098085 0.1031289 0.1066355 0.1198643 0.1459080 0.1097311 0.0207982 0.0305298 0.1149951 0.1114562 0.0237248 0.0000000 0.0219420 0.1363855 0.1184561 0.1330325 0.1446144 0.1468201 0.0182207 0.1349302 0.1384159 0.1208689 0.1198903 0.1221854 0.1496096 0.1125348 0.1115713 0.1475488 0.0075681 0.1329871 
Dasyuridae_Planigale_tenuirostris            0.0979372 0.1049625 0.1006439 0.1068231 0.1079438 0.0224074 0.0951001 0.1002226 0.1067727 0.1455815 0.1026550 0.0193860 0.0171071 0.1070732 0.1068939 0.0239205 0.0219420 0.0000000 0.1334792 0.1052816 0.1304119 0.1387808 0.1411473 0.0181079 0.1222111 0.1298095 0.1143481 0.1105667 0.1210587 0.1416085 0.1084207 0.1035345 0.1392835 0.0195171 0.1295433 
Peramelidae_Echymipera_kalubu                0.1154208 0.1284975 0.1227242 0.1302954 0.1324091 0.1358028 0.1178619 0.1226002 0.1381541 0.0262394 0.1249655 0.1314812 0.1359020 0.1344320 0.1239051 0.1318291 0.1363855 0.1334792 0.0000000 0.1298810 0.1488705 0.1439354 0.1413361 0.1308562 0.1372432 0.1489077 0.1371804 0.1364026 0.1297273 0.1583093 0.1261827 0.1328359 0.0242612 0.1314301 0.0255334 
Macropodidae_Dorcopsulus_vanheurni           0.0720501 0.1168724 0.0768896 0.0310110 0.0286715 0.1183966 0.0791978 0.0846169 0.0306213 0.1357033 0.0890389 0.1124840 0.1132741 0.0885570 0.0733017 0.1121048 0.1184561 0.1052816 0.1298810 0.0000000 0.1026447 0.1347636 0.1349534 0.1112406 0.0567214 0.1180023 0.0906638 0.0167744 0.0863068 0.1115560 0.0737981 0.0871114 0.1297757 0.1151154 0.1280972 
Pseudochiridae_Pseudochirulus_forbesi        0.0926079 0.1254283 0.0941319 0.0985627 0.0998890 0.1297582 0.0868274 0.0896269 0.1021641 0.1595388 0.0940898 0.1277323 0.1354120 0.0975607 0.0911770 0.1316899 0.1330325 0.1304119 0.1488705 0.1026447 0.0000000 0.1544091 0.1466043 0.1276687 0.1150071 0.1375522 0.0596618 0.1054656 0.0293077 0.1127806 0.0864232 0.0975256 0.1638635 0.1282269 0.1532828 
Didelphidae_Didelphis_virginiana             0.1264533 0.1355657 0.1279200 0.1374171 0.1387086 0.1442506 0.1276647 0.1324176 0.1429174 0.1582088 0.1362111 0.1364377 0.1442224 0.1418902 0.1276654 0.1379802 0.1446144 0.1387808 0.1439354 0.1347636 0.1544091 0.0000000 0.0531546 0.1343275 0.1450536 0.1444890 0.1439294 0.1395680 0.1403453 0.1595316 0.1232877 0.1395977 0.1530043 0.1427592 0.1539676 
Marmosidae_Monodelphis_domestica             0.1222039 0.1361025 0.1201530 0.1355306 0.1369397 0.1465397 0.1215839 0.1310462 0.1406772 0.1494379 0.1286774 0.1387115 0.1440058 0.1350740 0.1275351 0.1403936 0.1468201 0.1411473 0.1413361 0.1349534 0.1466043 0.0531546 0.0000000 0.1394408 0.1504940 0.1391676 0.1395009 0.1380379 0.1329200 0.1630522 0.1231403 0.1328195 0.1473650 0.1449732 0.1463872 
Dasyuridae_Antechinus_stuartii               0.0995625 0.1071244 0.1030796 0.1113831 0.1144772 0.0191264 0.0990872 0.1049829 0.1133874 0.1435865 0.1073750 0.0096347 0.0250442 0.1121046 0.1083874 0.0124385 0.0182207 0.0181079 0.1308562 0.1112406 0.1276687 0.1343275 0.1394408 0.0000000 0.1257995 0.1326146 0.1164704 0.1147662 0.1191804 0.1443474 0.1051443 0.1092126 0.1410271 0.0159020 0.1283125 
Hypsiprymnodontidae_Hypsiprymnodon_moschatus 0.0913717 0.1260226 0.0966837 0.0653138 0.0631729 0.1334074 0.0943411 0.1026229 0.0627004 0.1495551 0.1061478 0.1293109 0.1308562 0.1063453 0.0921693 0.1310079 0.1349302 0.1222111 0.1372432 0.0567214 0.1150071 0.1450536 0.1504940 0.1257995 0.0000000 0.1339023 0.1057981 0.0690374 0.1037064 0.1245094 0.0916532 0.1035294 0.1517951 0.1324348 0.1389106 
Microbiotheriidae_Dromiciops_gliroides       0.1099017 0.1293161 0.1089093 0.1258549 0.1246744 0.1390931 0.1115841 0.1176318 0.1254377 0.1437257 0.1209945 0.1352721 0.1356250 0.1259770 0.1157907 0.1337180 0.1384159 0.1298095 0.1489077 0.1180023 0.1375522 0.1444890 0.1391676 0.1326146 0.1339023 0.0000000 0.1355466 0.1230576 0.1276635 0.1553036 0.1182448 0.1235630 0.1566920 0.1373739 0.1402317 
Pseudochiridae_Petauroides_volans            0.0829929 0.1152236 0.0848061 0.0914694 0.0931761 0.1220120 0.0781819 0.0800399 0.0929540 0.1489048 0.0813847 0.1148178 0.1187567 0.0874431 0.0757242 0.1180526 0.1208689 0.1143481 0.1371804 0.0906638 0.0596618 0.1439294 0.1395009 0.1164704 0.1057981 0.1355466 0.0000000 0.0962170 0.0441154 0.0989704 0.0776210 0.0857789 0.1532085 0.1186507 0.1362797 
Macropodidae_Wallabia_bicolor                0.0784429 0.1185659 0.0833086 0.0322210 0.0340528 0.1189099 0.0834209 0.0907592 0.0366253 0.1451431 0.0950017 0.1154752 0.1206682 0.0945471 0.0786903 0.1153255 0.1198903 0.1105667 0.1364026 0.0167744 0.1054656 0.1395680 0.1380379 0.1147662 0.0690374 0.1230576 0.0962170 0.0000000 0.0899311 0.1155709 0.0812110 0.0930826 0.1357683 0.1156569 0.1367907 
Pseudochiridae_Pseudocheirus_occidentalis    0.0791760 0.1181173 0.0848542 0.0849216 0.0856401 0.1188187 0.0747331 0.0803552 0.0900390 0.1361088 0.0827873 0.1185516 0.1248081 0.0856525 0.0762516 0.1196106 0.1221854 0.1210587 0.1297273 0.0863068 0.0293077 0.1403453 0.1329200 0.1191804 0.1037064 0.1276635 0.0441154 0.0899311 0.0000000 0.0970133 0.0735547 0.0863035 0.1532946 0.1165981 0.1333695 
Tarsipedidae_Tarsipes_rostratus              0.1012211 0.1408571 0.1113546 0.1108558 0.1115425 0.1507336 0.0973207 0.1098594 0.1148338 0.1536240 0.1098826 0.1446700 0.1525235 0.1161765 0.1005959 0.1449434 0.1496096 0.1416085 0.1583093 0.1115560 0.1127806 0.1595316 0.1630522 0.1443474 0.1245094 0.1553036 0.0989704 0.1155709 0.0970133 0.0000000 0.0988180 0.1127684 0.1712572 0.1476199 0.1526381 
Acrobatidae_Distoechurus_pennatus            0.0658113 0.1030639 0.0725837 0.0770814 0.0780503 0.1124400 0.0711730 0.0763111 0.0771834 0.1326599 0.0785595 0.1060168 0.1105477 0.0837419 0.0383617 0.1074161 0.1125348 0.1084207 0.1261827 0.0737981 0.0864232 0.1232877 0.1231403 0.1051443 0.0916532 0.1182448 0.0776210 0.0812110 0.0735547 0.0988180 0.0000000 0.0816501 0.1362831 0.1103904 0.1243454 
Phalangeridae_Phalanger_carmelitae           0.0690933 0.1090119 0.0750753 0.0863388 0.0880233 0.1127421 0.0323466 0.0205779 0.0904507 0.1428382 0.0210155 0.1072574 0.1128041 0.0079159 0.0812064 0.1121670 0.1115713 0.1035345 0.1328359 0.0871114 0.0975256 0.1395977 0.1328195 0.1092126 0.1035294 0.1235630 0.0857789 0.0930826 0.0863035 0.1127684 0.0816501 0.0000000 0.1357847 0.1106414 0.1273738 
Peramelidae_Peroryctes_raffrayana            0.1181964 0.1395579 0.1256210 0.1341886 0.1362548 0.1485686 0.1195976 0.1257186 0.1412031 0.0290701 0.1239023 0.1437273 0.1478224 0.1382187 0.1277346 0.1439177 0.1475488 0.1392835 0.0242612 0.1297757 0.1638635 0.1530043 0.1473650 0.1410271 0.1517951 0.1566920 0.1532085 0.1357683 0.1532946 0.1712572 0.1362831 0.1357847 0.0000000 0.1426748 0.0276091 
Dasyuridae_Dasyurus_geffroii                 0.1021594 0.1098074 0.1062416 0.1143220 0.1174477 0.0039750 0.1022030 0.1055958 0.1158719 0.1415817 0.1088036 0.0184388 0.0286189 0.1140638 0.1115137 0.0217963 0.0075681 0.0195171 0.1314301 0.1151154 0.1282269 0.1427592 0.1449732 0.0159020 0.1324348 0.1373739 0.1186507 0.1156569 0.1165981 0.1476199 0.1103904 0.1106414 0.1426748 0.0000000 0.1307463 
Peramelidae_Perameles_gunnii                 0.1126076 0.1299926 0.1202756 0.1312367 0.1340677 0.1342203 0.1148141 0.1166723 0.1386965 0.0011157 0.1225924 0.1294498 0.1355765 0.1301284 0.1210369 0.1303309 0.1329871 0.1295433 0.0255334 0.1280972 0.1532828 0.1539676 0.1463872 0.1283125 0.1389106 0.1402317 0.1362797 0.1367907 0.1333695 0.1526381 0.1243454 0.1273738 0.0276091 0.1307463 0.0000000 
