37
Burramyidae_Burramys_parvus                  0.0000000 0.1052519 0.0940454 0.0951356 0.1198613 0.0767419 0.0720629 0.0896713 0.1171196 0.0749849 0.1244199 0.1213365 0.0784012 0.0907449 0.1214976 0.1193098 0.1234070 0.1153874 0.0982602 0.0858158 0.1527600 0.1664623 0.1189702 0.1061605 0.0980605 0.0959332 0.0939102 0.0818566 0.1158370 0.0819076 0.0783461 0.1219036 0.1184006 0.1172158 0.1806660 9.0000000 9.0000000 
Vombatidae_Lasiorhinus_latifrons             0.1052519 0.0000000 0.1321417 0.1367957 0.1436380 0.1037168 0.1037935 0.1342424 0.1269004 0.1136982 0.1525177 0.1451544 0.1095749 0.1150074 0.1470057 0.1406380 0.1463358 0.1229988 0.1282183 0.1183311 0.1697354 0.1846933 0.1496757 0.1331765 0.1044539 0.1325625 0.1189958 0.1440581 0.1287008 0.1190612 0.1195613 0.1258165 0.1448613 0.1267110 0.1772007 0.5482270 0.5482270 
Potoroidae_Bettongia_penicillata             0.0940454 0.1321417 0.0000000 0.0065174 0.1340134 0.1065584 0.1099520 0.0227396 0.1428122 0.1177865 0.1433294 0.1327285 0.1152233 0.1168497 0.1394051 0.1318521 0.1356833 0.1391996 0.0409972 0.1173191 0.1781894 0.1867771 0.1471701 0.0591395 0.1208146 0.1235270 0.0381795 0.1314498 0.1444053 0.1134249 0.1204437 0.1508029 0.1319726 0.1427686 0.1984932 0.4538288 0.4538288 
Potoroidae_Bettongia_lesueur                 0.0951356 0.1367957 0.0065174 0.0000000 0.1347130 0.1134344 0.1123876 0.0197993 0.1420549 0.1137046 0.1453956 0.1385413 0.1161799 0.1291041 0.1433370 0.1322401 0.1376091 0.1411805 0.0427906 0.1186148 0.1875642 0.1958672 0.1489867 0.0616492 0.1322150 0.1168362 0.0394236 0.1230243 0.1566773 0.1190141 0.1136403 0.1463710 0.1347491 0.1421800 0.2401578 9.0000000 9.0000000 
Dasyuridae_Dasyurus_maculatus                0.1198613 0.1436380 0.1340134 0.1347130 0.0000000 0.1330855 0.1285600 0.1384969 0.1310984 0.1346789 0.0274315 0.0379935 0.1278176 0.1453797 0.0271792 0.0076356 0.0366240 0.1379097 0.1427224 0.1428294 0.1627813 0.1858561 0.0275387 0.1472224 0.1167814 0.1482383 0.1329132 0.1525737 0.1650058 0.1347039 0.1371938 0.1442324 0.0076161 0.1311097 0.1850218 0.5949904 0.5949904 
Phalangeridae_Trichosurus_vulpecula          0.0767419 0.1037168 0.1065584 0.1134344 0.1330855 0.0000000 0.0271712 0.1082117 0.1246686 0.0431521 0.1370521 0.1335736 0.0303617 0.0956348 0.1337963 0.1319474 0.1353695 0.1180545 0.1035876 0.0897933 0.1567718 0.1600192 0.1376419 0.1105527 0.0968737 0.0994976 0.0979970 0.1138095 0.1160991 0.0916206 0.0436269 0.1288703 0.1298599 0.1247084 0.1795902 0.4982185 0.4982185 
Phalangeridae_Spilocuscus_maculatus          0.0720629 0.1037935 0.1099520 0.1123876 0.1285600 0.0271712 0.0000000 0.1066291 0.1172412 0.0134421 0.1382514 0.1332539 0.0176558 0.1053906 0.1353004 0.1264239 0.1309823 0.1108335 0.1162901 0.0931871 0.1599982 0.1567895 0.1364023 0.1158406 0.0974311 0.1013328 0.1057832 0.1002010 0.1210917 0.0890531 0.0170884 0.1149556 0.1254324 0.1165393 0.2110067 9.0000000 9.0000000 
Potoroidae_Aepyprymnus_rufescens             0.0896713 0.1342424 0.0227396 0.0197993 0.1384969 0.1082117 0.1066291 0.0000000 0.1396673 0.1110635 0.1468108 0.1366402 0.1140626 0.1144874 0.1430389 0.1351038 0.1392036 0.1403898 0.0446521 0.1139691 0.1732868 0.1829609 0.1486560 0.0651668 0.1246840 0.1167456 0.0437707 0.1189400 0.1421998 0.1147264 0.1156446 0.1437917 0.1358006 0.1389144 0.2153168 0.3813261 0.3813261 
Peramelidae_Perameles_nasuta                 0.1171196 0.1269004 0.1428122 0.1420549 0.1310984 0.1246686 0.1172412 0.1396673 0.0000000 0.1002976 0.1426305 0.1307997 0.1189067 0.1353124 0.1379186 0.1276944 0.1318648 0.0260883 0.1475302 0.1445427 0.1854907 0.1863611 0.1371536 0.1520969 0.1064444 0.1464081 0.1333512 0.1273156 0.1627302 0.1266028 0.0985999 0.0337627 0.1291722 0.0003355 0.1994158 0.2671950 0.2671950 
Phalangeridae_Strigocuscus_pelengensis       0.0749849 0.1136982 0.1177865 0.1137046 0.1346789 0.0431521 0.0134421 0.1110635 0.1002976 0.0000000 0.1453760 0.1371283 0.0175331 0.1156525 0.1411795 0.1348446 0.1344705 0.0993820 0.1209398 0.1057288 0.1665460 0.1655871 0.1419853 0.1238484 0.1017316 0.1023950 0.1088114 0.0889697 0.1306938 0.1020208 0.0147507 0.0988640 0.1333997 0.1030955 0.1930529 0.2938835 0.2938835 
Dasyuridae_Phascogale_tapoatafa              0.1244199 0.1525177 0.1433294 0.1453956 0.0274315 0.1370521 0.1382514 0.1468108 0.1426305 0.1453760 0.0000000 0.0443215 0.1374132 0.1497789 0.0044379 0.0244369 0.0428636 0.1489807 0.1537895 0.1531680 0.1739198 0.1995560 0.0232748 0.1572041 0.1276231 0.1569688 0.1432436 0.1641832 0.1792151 0.1448007 0.1441602 0.1578067 0.0265926 0.1434606 0.1825061 0.6068086 0.6068086 
Dasyuridae_Sminthopsis_macroura              0.1213365 0.1451544 0.1327285 0.1385413 0.0379935 0.1335736 0.1332539 0.1366402 0.1307997 0.1371283 0.0443215 0.0000000 0.1371434 0.1437162 0.0423896 0.0369875 0.0282624 0.1360722 0.1401784 0.1450362 0.1616151 0.1857792 0.0418644 0.1471315 0.1183663 0.1490745 0.1337536 0.1561365 0.1678967 0.1374507 0.1380858 0.1433433 0.0358233 0.1308123 0.1782948 0.5072748 0.5072748 
Phalangeridae_Phalanger_orientalis           0.0784012 0.1095749 0.1152233 0.1161799 0.1278176 0.0303617 0.0176558 0.1140626 0.1189067 0.0175331 0.1374132 0.1371434 0.0000000 0.1091328 0.1327677 0.1250452 0.1316469 0.1135021 0.1232127 0.0972306 0.1618628 0.1578637 0.1355288 0.1230158 0.0984681 0.1029189 0.1124991 0.1036523 0.1261505 0.0910334 0.0053512 0.1168145 0.1262159 0.1190048 0.2027263 9.0000000 9.0000000 
Acrobatidae_Acrobates_pygmaeus               0.0907449 0.1150074 0.1168497 0.1291041 0.1453797 0.0956348 0.1053906 0.1144874 0.1353124 0.1156525 0.1497789 0.1437162 0.1091328 0.0000000 0.1482125 0.1478554 0.1504098 0.1375108 0.1164419 0.1053294 0.1626654 0.1755410 0.1476890 0.1192458 0.1128688 0.1195112 0.1038026 0.1213792 0.1111315 0.0616070 0.1142512 0.1396119 0.1436619 0.1345827 0.1970280 0.4583263 0.4583263 
Dasyuridae_Phascogale_calura                 0.1214976 0.1470057 0.1394051 0.1433370 0.0271792 0.1337963 0.1353004 0.1430389 0.1379186 0.1411795 0.0044379 0.0423896 0.1327677 0.1482125 0.0000000 0.0262196 0.0403649 0.1442585 0.1487597 0.1506457 0.1681955 0.1948646 0.0234200 0.1533578 0.1247538 0.1571057 0.1400715 0.1594837 0.1742236 0.1412829 0.1393655 0.1530581 0.0263482 0.1387634 0.1818603 0.5801391 0.5801391 
Dasyuridae_Sarcophilus_harrisii              0.1193098 0.1406380 0.1318521 0.1322401 0.0076356 0.1319474 0.1264239 0.1351038 0.1276944 0.1348446 0.0244369 0.0369875 0.1250452 0.1478554 0.0262196 0.0000000 0.0327055 0.1333196 0.1414610 0.1424101 0.1602255 0.1816200 0.0266070 0.1452286 0.1150400 0.1485410 0.1311377 0.1502056 0.1650240 0.1373182 0.1346707 0.1425713 0.0083466 0.1277210 0.1798938 0.5797307 0.5797307 
Dasyuridae_Planigale_tenuirostris            0.1234070 0.1463358 0.1356833 0.1376091 0.0366240 0.1353695 0.1309823 0.1392036 0.1318648 0.1344705 0.0428636 0.0282624 0.1316469 0.1504098 0.0403649 0.0327055 0.0000000 0.1343723 0.1350732 0.1480672 0.1686656 0.1817523 0.0427859 0.1442112 0.1109678 0.1586281 0.1260633 0.1551164 0.1645197 0.1402587 0.1339377 0.1368086 0.0357028 0.1323178 0.1933724 0.5250173 0.5250173 
Peramelidae_Echymipera_kalubu                0.1153874 0.1229988 0.1391996 0.1411805 0.1379097 0.1180545 0.1108335 0.1403898 0.0260883 0.0993820 0.1489807 0.1360722 0.1135021 0.1375108 0.1442585 0.1333196 0.1343723 0.0000000 0.1430793 0.1431299 0.1837167 0.1778128 0.1469174 0.1478593 0.1017951 0.1439555 0.1339775 0.1333747 0.1630531 0.1275392 0.1008029 0.0265943 0.1345438 0.0272271 0.1888231 0.3116549 0.3116549 
Macropodidae_Dorcopsulus_vanheurni           0.0982602 0.1282183 0.0409972 0.0427906 0.1427224 0.1035876 0.1162901 0.0446521 0.1475302 0.1209398 0.1537895 0.1401784 0.1232127 0.1164419 0.1487597 0.1414610 0.1350732 0.1430793 0.0000000 0.1109032 0.1913589 0.1994964 0.1507003 0.0592807 0.1231797 0.1324470 0.0195973 0.1329010 0.1409199 0.1089975 0.1229703 0.1482549 0.1395230 0.1473400 0.1967956 0.4678663 0.4678663 
Pseudochiridae_Pseudochirulus_forbesi        0.0858158 0.1183311 0.1173191 0.1186148 0.1428294 0.0897933 0.0931871 0.1139691 0.1445427 0.1057288 0.1531680 0.1450362 0.0972306 0.1053294 0.1506457 0.1424101 0.1480672 0.1431299 0.1109032 0.0000000 0.1684956 0.1781196 0.1463655 0.1176132 0.1141348 0.0446293 0.0976552 0.0446402 0.1049571 0.0933072 0.1075119 0.1469414 0.1405661 0.1451910 0.1709564 0.4769398 0.4769398 
Didelphidae_Didelphis_virginiana             0.1527600 0.1697354 0.1781894 0.1875642 0.1627813 0.1567718 0.1599982 0.1732868 0.1854907 0.1665460 0.1739198 0.1616151 0.1618628 0.1626654 0.1681955 0.1602255 0.1686656 0.1837167 0.1913589 0.1684956 0.0000000 0.0755241 0.1827271 0.1961014 0.1446072 0.1745182 0.1746071 0.1762233 0.1707746 0.1670226 0.1674166 0.1894614 0.1629070 0.1865888 0.2385422 0.5360884 0.5360884 
Marmosidae_Monodelphis_domestica             0.1664623 0.1846933 0.1867771 0.1958672 0.1858561 0.1600192 0.1567895 0.1829609 0.1863611 0.1655871 0.1995560 0.1857792 0.1578637 0.1755410 0.1948646 0.1816200 0.1817523 0.1778128 0.1994964 0.1781196 0.0755241 0.0000000 0.2044121 0.2023645 0.1482216 0.2066889 0.1840772 0.1909086 0.1915580 0.1759620 0.1663048 0.1908594 0.1842424 0.1856699 0.2430439 0.5388514 0.5388514 
Dasyuridae_Antechinus_stuartii               0.1189702 0.1496757 0.1471701 0.1489867 0.0275387 0.1376419 0.1364023 0.1486560 0.1371536 0.1419853 0.0232748 0.0418644 0.1355288 0.1476890 0.0234200 0.0266070 0.0427859 0.1469174 0.1507003 0.1463655 0.1827271 0.2044121 0.0000000 0.1596396 0.1262600 0.1588167 0.1435047 0.1619815 0.1743490 0.1367547 0.1412678 0.1563643 0.0263150 0.1379950 0.1858350 0.6027859 0.6027859 
Hypsiprymnodontidae_Hypsiprymnodon_moschatus 0.1061605 0.1331765 0.0591395 0.0616492 0.1472224 0.1105527 0.1158406 0.0651668 0.1520969 0.1238484 0.1572041 0.1471315 0.1230158 0.1192458 0.1533578 0.1452286 0.1442112 0.1478593 0.0592807 0.1176132 0.1961014 0.2023645 0.1596396 0.0000000 0.1309113 0.1403775 0.0557987 0.1397229 0.1473241 0.1176741 0.1305147 0.1552763 0.1453017 0.1521361 0.2025725 0.4663590 0.4663590 
Microbiotheriidae_Dromiciops_gliroides       0.0980605 0.1044539 0.1208146 0.1322150 0.1167814 0.0968737 0.0974311 0.1246840 0.1064444 0.1017316 0.1276231 0.1183663 0.0984681 0.1128688 0.1247538 0.1150400 0.1109678 0.1017951 0.1231797 0.1141348 0.1446072 0.1482216 0.1262600 0.1309113 0.0000000 0.1319377 0.1101194 0.1370736 0.1332989 0.1067322 0.1064091 0.1065370 0.1182553 0.1070651 0.1533880 0.4894443 0.4894443 
Pseudochiridae_Petauroides_volans            0.0959332 0.1325625 0.1235270 0.1168362 0.1482383 0.0994976 0.1013328 0.1167456 0.1464081 0.1023950 0.1569688 0.1490745 0.1029189 0.1195112 0.1571057 0.1485410 0.1586281 0.1439555 0.1324470 0.0446293 0.1745182 0.2066889 0.1588167 0.1403775 0.1319377 0.0000000 0.1139794 0.0438623 0.0961312 0.1058155 0.1033768 0.1400206 0.1472123 0.1465803 0.2127542 9.0000000 9.0000000 
Macropodidae_Wallabia_bicolor                0.0939102 0.1189958 0.0381795 0.0394236 0.1329132 0.0979970 0.1057832 0.0437707 0.1333512 0.1088114 0.1432436 0.1337536 0.1124991 0.1038026 0.1400715 0.1311377 0.1260633 0.1339775 0.0195973 0.0976552 0.1746071 0.1840772 0.1435047 0.0557987 0.1101194 0.1139794 0.0000000 0.1184679 0.1320134 0.1025369 0.1153043 0.1386302 0.1310550 0.1333521 0.1863909 0.4622022 0.4622022 
Pseudochiridae_Pseudocheirus_occidentalis    0.0818566 0.1440581 0.1314498 0.1230243 0.1525737 0.1138095 0.1002010 0.1189400 0.1273156 0.0889697 0.1641832 0.1561365 0.1036523 0.1213792 0.1594837 0.1502056 0.1551164 0.1333747 0.1329010 0.0446402 0.1762233 0.1909086 0.1619815 0.1397229 0.1370736 0.0438623 0.1184679 0.0000000 0.1284057 0.1131215 0.0888797 0.1290839 0.1513677 0.1304427 0.2110645 0.2919207 0.2919207 
Tarsipedidae_Tarsipes_rostratus              0.1158370 0.1287008 0.1444053 0.1566773 0.1650058 0.1160991 0.1210917 0.1421998 0.1627302 0.1306938 0.1792151 0.1678967 0.1261505 0.1111315 0.1742236 0.1650240 0.1645197 0.1630531 0.1409199 0.1049571 0.1707746 0.1915580 0.1743490 0.1473241 0.1332989 0.0961312 0.1320134 0.1284057 0.0000000 0.1073826 0.1373506 0.1646786 0.1643109 0.1617684 0.2075441 0.4976962 0.4976962 
Acrobatidae_Distoechurus_pennatus            0.0819076 0.1190612 0.1134249 0.1190141 0.1347039 0.0916206 0.0890531 0.1147264 0.1266028 0.1020208 0.1448007 0.1374507 0.0910334 0.0616070 0.1412829 0.1373182 0.1402587 0.1275392 0.1089975 0.0933072 0.1670226 0.1759620 0.1367547 0.1176741 0.1067322 0.1058155 0.1025369 0.1131215 0.1073826 0.0000000 0.1034198 0.1380337 0.1353238 0.1272630 0.1895407 0.4733476 0.4733476 
Phalangeridae_Phalanger_carmelitae           0.0783461 0.1195613 0.1204437 0.1136403 0.1371938 0.0436269 0.0170884 0.1156446 0.0985999 0.0147507 0.1441602 0.1380858 0.0053512 0.1142512 0.1393655 0.1346707 0.1339377 0.1008029 0.1229703 0.1075119 0.1674166 0.1663048 0.1412678 0.1305147 0.1064091 0.1033768 0.1153043 0.0888797 0.1373506 0.1034198 0.0000000 0.0986990 0.1358175 0.1019785 0.1907226 0.2869524 0.2869524 
Peramelidae_Peroryctes_raffrayana            0.1219036 0.1258165 0.1508029 0.1463710 0.1442324 0.1288703 0.1149556 0.1437917 0.0337627 0.0988640 0.1578067 0.1433433 0.1168145 0.1396119 0.1530581 0.1425713 0.1368086 0.0265943 0.1482549 0.1469414 0.1894614 0.1908594 0.1563643 0.1552763 0.1065370 0.1400206 0.1386302 0.1290839 0.1646786 0.1380337 0.0986990 0.0000000 0.1444746 0.0363421 0.1983043 0.2458394 0.2458394 
Dasyuridae_Dasyurus_geffroii                 0.1184006 0.1448613 0.1319726 0.1347491 0.0076161 0.1298599 0.1254324 0.1358006 0.1291722 0.1333997 0.0265926 0.0358233 0.1262159 0.1436619 0.0263482 0.0083466 0.0357028 0.1345438 0.1395230 0.1405661 0.1629070 0.1842424 0.0263150 0.1453017 0.1182553 0.1472123 0.1310550 0.1513677 0.1643109 0.1353238 0.1358175 0.1444746 0.0000000 0.1291923 0.1824942 0.6038227 0.6038227 
Peramelidae_Perameles_gunnii                 0.1172158 0.1267110 0.1427686 0.1421800 0.1311097 0.1247084 0.1165393 0.1389144 0.0003355 0.1030955 0.1434606 0.1308123 0.1190048 0.1345827 0.1387634 0.1277210 0.1323178 0.0272271 0.1473400 0.1451910 0.1865888 0.1856699 0.1379950 0.1521361 0.1070651 0.1465803 0.1333521 0.1304427 0.1617684 0.1272630 0.1019785 0.0363421 0.1291923 0.0000000 0.1992447 0.2873727 0.2873727 
Notoryctidae_Notoryctes_typhlops             0.1806660 0.1772007 0.1984932 0.2401578 0.1850218 0.1795902 0.2110067 0.2153168 0.1994158 0.1930529 0.1825061 0.1782948 0.2027263 0.1970280 0.1818603 0.1798938 0.1933724 0.1888231 0.1967956 0.1709564 0.2385422 0.2430439 0.1858350 0.2025725 0.1533880 0.2127542 0.1863909 0.2110645 0.2075441 0.1895407 0.1907226 0.1983043 0.1824942 0.1992447 0.0000000 0.4261241 0.4261241 
Peramelidae_Isoodon_obesulus1                9.0000000 0.5482270 0.4538288 9.0000000 0.5949904 0.4982185 9.0000000 0.3813261 0.2671950 0.2938835 0.6068086 0.5072748 9.0000000 0.4583263 0.5801391 0.5797307 0.5250173 0.3116549 0.4678663 0.4769398 0.5360884 0.5388514 0.6027859 0.4663590 0.4894443 9.0000000 0.4622022 0.2919207 0.4976962 0.4733476 0.2869524 0.2458394 0.6038227 0.2873727 0.4261241 0.0000000 0.0000010 
Peramelidae_Isoodon_obesulus2                9.0000000 0.5482270 0.4538288 9.0000000 0.5949904 0.4982185 9.0000000 0.3813261 0.2671950 0.2938835 0.6068086 0.5072748 9.0000000 0.4583263 0.5801391 0.5797307 0.5250173 0.3116549 0.4678663 0.4769398 0.5360884 0.5388514 0.6027859 0.4663590 0.4894443 9.0000000 0.4622022 0.2919207 0.4976962 0.4733476 0.2869524 0.2458394 0.6038227 0.2873727 0.4261241 0.0000010 0.0000000 
