37
Burramyidae_Burramys_parvus                  0.0000000 0.1064693 0.0884573 0.0850650 0.0819722 0.1569874 0.0864002 0.0874943 0.0874273 0.1382650 0.1491890 0.0713473 0.1495472 0.1421982 0.0652752 0.0780177 0.1517045 0.1578496 0.1327443 0.1291838 0.0793805 0.0810279 0.1499820 0.1379748 0.1508629 0.0842274 0.1141731 0.0730837 0.0769159 0.0786973 0.1109281 0.0724262 0.1491890 0.0662835 0.1269183 0.1610627 0.1399299 
Notoryctidae_Notoryctes_typhlops             0.1064693 0.0000000 0.1164459 0.1225684 0.1212612 0.1603322 0.1376462 0.1300649 0.1228764 0.1316182 0.1571763 0.1092010 0.1565166 0.1446877 0.1068374 0.1117747 0.1557433 0.1602073 0.1351706 0.1163019 0.1235631 0.1242571 0.1549933 0.1487705 0.1558192 0.1200770 0.1165037 0.1145555 0.1216250 0.1165942 0.1600907 0.1136521 0.1571763 0.1100406 0.1141033 0.1690309 0.1313847 
Vombatidae_Lasiorhinus_latifrons             0.0884573 0.1164459 0.0000000 0.0988186 0.1035920 0.1600221 0.1080036 0.1077015 0.1045275 0.1522536 0.1227910 0.0813405 0.1557499 0.1465965 0.0885671 0.0980486 0.1534414 0.1527298 0.1413949 0.1393565 0.0970163 0.1103256 0.1609773 0.1513646 0.1526183 0.1041978 0.1327079 0.0932003 0.0991343 0.1032613 0.1237826 0.0951113 0.1227910 0.0869613 0.1442928 0.1581952 0.1514649 
Potoroidae_Bettongia_penicillata             0.0850650 0.1225684 0.0988186 0.0000000 0.0065044 0.1695445 0.1052297 0.1033306 0.0225700 0.1598847 0.1567930 0.0819940 0.1613617 0.1554004 0.0784596 0.1043773 0.1630554 0.1669919 0.1493444 0.1482613 0.0297952 0.1043661 0.1696352 0.1601073 0.1644601 0.0542712 0.1349732 0.0879866 0.0333135 0.0966677 0.1255550 0.0958284 0.1567930 0.0787972 0.1519145 0.1767813 0.1607861 
Potoroidae_Bettongia_lesueur                 0.0819722 0.1212612 0.1035920 0.0065044 0.0000000 0.1693519 0.1058665 0.1031808 0.0219913 0.1581809 0.1672886 0.0824184 0.1610137 0.1575432 0.0789120 0.1013787 0.1612303 0.1659085 0.1500608 0.1492935 0.0297699 0.1056508 0.1672529 0.1599665 0.1644341 0.0542609 0.1351561 0.0884128 0.0317948 0.0968391 0.1278976 0.0946500 0.1672886 0.0780556 0.1500224 0.1765821 0.1590755 
Dasyuridae_Dasyurus_maculatus                0.1569874 0.1603322 0.1600221 0.1695445 0.1693519 0.0000000 0.1816107 0.1786907 0.1734554 0.1946858 0.1159527 0.1551155 0.0275410 0.0503785 0.1518992 0.1548302 0.0253020 0.0103497 0.0456986 0.1855665 0.1619058 0.1760870 0.1781891 0.1716662 0.0269790 0.1726608 0.1633486 0.1590829 0.1623427 0.1667697 0.2067140 0.1525666 0.1159527 0.1500544 0.1884314 0.0108696 0.1940853 
Phalangeridae_Trichosurus_vulpecula          0.0864002 0.1376462 0.1080036 0.1052297 0.1058665 0.1816107 0.0000000 0.0382551 0.1077877 0.1642642 0.1568425 0.0425692 0.1716422 0.1700036 0.0347102 0.1052559 0.1710460 0.1758676 0.1607533 0.1523482 0.0971937 0.1152139 0.1887453 0.1746602 0.1722835 0.1050797 0.1490094 0.0995483 0.1014365 0.1097783 0.1397542 0.1034087 0.1568425 0.0340058 0.1614135 0.1836431 0.1652109 
Phalangeridae_Spilocuscus_maculatus          0.0874943 0.1300649 0.1077015 0.1033306 0.1031808 0.1786907 0.0382551 0.0000000 0.1053742 0.1673564 0.1554357 0.0361004 0.1753616 0.1653710 0.0311343 0.0990279 0.1740937 0.1776427 0.1595692 0.1492552 0.1005364 0.1143453 0.1776707 0.1672912 0.1746886 0.1102814 0.1428734 0.0965355 0.1033548 0.1047472 0.1372820 0.0959236 0.1554357 0.0299507 0.1606437 0.1829005 0.1665122 
Potoroidae_Aepyprymnus_rufescens             0.0874273 0.1228764 0.1045275 0.0225700 0.0219913 0.1734554 0.1077877 0.1053742 0.0000000 0.1622843 0.1567930 0.0814468 0.1667459 0.1564995 0.0822768 0.1054299 0.1668842 0.1730936 0.1484974 0.1499856 0.0328671 0.1062543 0.1719979 0.1608066 0.1676322 0.0579725 0.1318127 0.0913427 0.0368098 0.1001463 0.1268714 0.0967808 0.1567930 0.0807942 0.1537962 0.1799797 0.1631900 
Peramelidae_Perameles_nasuta                 0.1382650 0.1316182 0.1522536 0.1598847 0.1581809 0.1946858 0.1642642 0.1673564 0.1622843 0.0000000 0.1805361 0.1392131 0.1898107 0.1851645 0.1334738 0.1540257 0.1896301 0.1909009 0.1768739 0.0209929 0.1602635 0.1667331 0.1933518 0.1861566 0.1846197 0.1493568 0.1452876 0.1421135 0.1554031 0.1538122 0.1909155 0.1553367 0.1805361 0.1351483 0.0214497 0.1965333 0.0013011 
Myrmecobiidae_Myrmecobius_fasciatus1         0.1491890 0.1571763 0.1227910 0.1567930 0.1672886 0.1159527 0.1568425 0.1554357 0.1567930 0.1805361 0.0000000 0.1597360 0.0752093 0.1355187 0.1762793 0.1792404 0.0778269 0.0918450 0.0728112 0.1792014 0.1672886 0.1645818 0.1809762 0.1809762 0.1171926 0.1672886 0.1439134 0.1151270 0.1587445 0.1401600 0.2407393 0.1658053 0.0000010 0.1868510 0.1567930 0.0981900 0.1805361 
Phalangeridae_Strigocuscus_pelengensis       0.0713473 0.1092010 0.0813405 0.0819940 0.0824184 0.1551155 0.0425692 0.0361004 0.0814468 0.1392131 0.1597360 0.0000000 0.1484143 0.1410757 0.0165408 0.0829274 0.1471820 0.1504003 0.1352094 0.1250903 0.0828329 0.0888503 0.1529288 0.1427939 0.1462978 0.0934609 0.1169148 0.0729191 0.0870815 0.0851239 0.1123982 0.0794742 0.1597360 0.0159497 0.1325940 0.1551279 0.1399023 
Dasyuridae_Phascogale_tapoatafa              0.1495472 0.1565166 0.1557499 0.1613617 0.1610137 0.0275410 0.1716422 0.1753616 0.1667459 0.1898107 0.0752093 0.1484143 0.0000000 0.0392390 0.1411238 0.1570713 0.0037844 0.0205964 0.0378280 0.1853366 0.1542899 0.1732469 0.1842693 0.1778716 0.0103134 0.1662431 0.1694811 0.1523602 0.1530959 0.1599159 0.1990811 0.1543230 0.0752093 0.1408944 0.1859732 0.0249454 0.1891182 
Dasyuridae_Sminthopsis_macroura              0.1421982 0.1446877 0.1465965 0.1554004 0.1575432 0.0503785 0.1700036 0.1653710 0.1564995 0.1851645 0.1355187 0.1410757 0.0392390 0.0000000 0.1402887 0.1566510 0.0393366 0.0488998 0.0237639 0.1759648 0.1531577 0.1691378 0.1751818 0.1714565 0.0399056 0.1675481 0.1538786 0.1458781 0.1546210 0.1605302 0.1963952 0.1493653 0.1355187 0.1375406 0.1813781 0.0521845 0.1845632 
Phalangeridae_Phalanger_orientalis           0.0652752 0.1068374 0.0885671 0.0784596 0.0789120 0.1518992 0.0347102 0.0311343 0.0822768 0.1334738 0.1762793 0.0165408 0.1411238 0.1402887 0.0000000 0.0762861 0.1409420 0.1448596 0.1338513 0.1204988 0.0790273 0.0892909 0.1550951 0.1430909 0.1415960 0.0855521 0.1156926 0.0750211 0.0811146 0.0829712 0.1099137 0.0741351 0.1762793 0.0052577 0.1251116 0.1544812 0.1342810 
Acrobatidae_Acrobates_pygmaeus               0.0780177 0.1117747 0.0980486 0.1043773 0.1013787 0.1548302 0.1052559 0.0990279 0.1054299 0.1540257 0.1792404 0.0829274 0.1570713 0.1566510 0.0762861 0.0000000 0.1579079 0.1598437 0.1431432 0.1375137 0.0899288 0.0846608 0.1604822 0.1482012 0.1522557 0.0988078 0.1275241 0.0711063 0.0931580 0.0798501 0.1083122 0.0447812 0.1792404 0.0779662 0.1395849 0.1593967 0.1527084 
Dasyuridae_Phascogale_calura                 0.1517045 0.1557433 0.1534414 0.1630554 0.1612303 0.0253020 0.1710460 0.1740937 0.1668842 0.1896301 0.0778269 0.1471820 0.0037844 0.0393366 0.1409420 0.1579079 0.0000000 0.0186551 0.0374640 0.1821963 0.1537950 0.1753559 0.1805026 0.1758404 0.0102844 0.1665842 0.1682265 0.1512478 0.1517048 0.1623107 0.1998773 0.1551460 0.0778269 0.1411188 0.1832374 0.0240174 0.1889894 
Dasyuridae_Sarcophilus_harrisii              0.1578496 0.1602073 0.1527298 0.1669919 0.1659085 0.0103497 0.1758676 0.1776427 0.1730936 0.1909009 0.0918450 0.1504003 0.0205964 0.0488998 0.1448596 0.1598437 0.0186551 0.0000000 0.0451324 0.1824348 0.1584643 0.1779753 0.1702824 0.1666572 0.0209824 0.1729293 0.1658958 0.1576576 0.1589232 0.1655205 0.2055536 0.1552635 0.0918450 0.1430363 0.1869577 0.0089642 0.1902313 
Dasyuridae_Planigale_tenuirostris            0.1327443 0.1351706 0.1413949 0.1493444 0.1500608 0.0456986 0.1607533 0.1595692 0.1484974 0.1768739 0.0728112 0.1352094 0.0378280 0.0237639 0.1338513 0.1431432 0.0374640 0.0451324 0.0000000 0.1688863 0.1464420 0.1506967 0.1704214 0.1631602 0.0369386 0.1554360 0.1473172 0.1337070 0.1490543 0.1460346 0.1845627 0.1358968 0.0728112 0.1314774 0.1695097 0.0498354 0.1758626 
Peramelidae_Echymipera_kalubu                0.1291838 0.1163019 0.1393565 0.1482613 0.1492935 0.1855665 0.1523482 0.1492552 0.1499856 0.0209929 0.1792014 0.1250903 0.1853366 0.1759648 0.1204988 0.1375137 0.1821963 0.1824348 0.1688863 0.0000000 0.1508787 0.1518765 0.1849084 0.1784575 0.1798987 0.1410122 0.1334915 0.1289874 0.1470526 0.1391990 0.1717717 0.1399127 0.1792014 0.1221655 0.0156658 0.1900881 0.0214786 
Macropodidae_Dorcopsulus_vanheurni           0.0793805 0.1235631 0.0970163 0.0297952 0.0297699 0.1619058 0.0971937 0.1005364 0.0328671 0.1602635 0.1672886 0.0828329 0.1542899 0.1531577 0.0790273 0.0899288 0.1537950 0.1584643 0.1464420 0.1508787 0.0000000 0.0952461 0.1612985 0.1525698 0.1557596 0.0470151 0.1344892 0.0769786 0.0102139 0.0877596 0.1135809 0.0891919 0.1672886 0.0781480 0.1520732 0.1674265 0.1609522 
Pseudochiridae_Pseudochirulus_forbesi        0.0810279 0.1242571 0.1103256 0.1043661 0.1056508 0.1760870 0.1152139 0.1143453 0.1062543 0.1667331 0.1645818 0.0888503 0.1732469 0.1691378 0.0892909 0.0846608 0.1753559 0.1779753 0.1506967 0.1518765 0.0952461 0.0000000 0.1740887 0.1642442 0.1686879 0.1019365 0.1318011 0.0461883 0.1004392 0.0262571 0.1093072 0.0901887 0.1645818 0.0894696 0.1517083 0.1826468 0.1676770 
Didelphidae_Didelphis_virginiana             0.1499820 0.1549933 0.1609773 0.1696352 0.1672529 0.1781891 0.1887453 0.1776707 0.1719979 0.1933518 0.1809762 0.1529288 0.1842693 0.1751818 0.1550951 0.1604822 0.1805026 0.1702824 0.1704214 0.1849084 0.1612985 0.1740887 0.0000000 0.0459283 0.1807429 0.1594249 0.1711319 0.1533466 0.1594031 0.1700765 0.2075558 0.1549027 0.1809762 0.1584211 0.1815638 0.1765859 0.1942085 
Marmosidae_Monodelphis_domestica             0.1379748 0.1487705 0.1513646 0.1601073 0.1599665 0.1716662 0.1746602 0.1672912 0.1608066 0.1861566 0.1809762 0.1427939 0.1778716 0.1714565 0.1430909 0.1482012 0.1758404 0.1666572 0.1631602 0.1784575 0.1525698 0.1642442 0.0459283 0.0000000 0.1776859 0.1519134 0.1566623 0.1425697 0.1512794 0.1562973 0.1898396 0.1459725 0.1809762 0.1427167 0.1715814 0.1708105 0.1853222 
Dasyuridae_Antechinus_stuartii               0.1508629 0.1558192 0.1526183 0.1644601 0.1644341 0.0269790 0.1722835 0.1746886 0.1676322 0.1846197 0.1171926 0.1462978 0.0103134 0.0399056 0.1415960 0.1522557 0.0102844 0.0209824 0.0369386 0.1798987 0.1557596 0.1686879 0.1807429 0.1776859 0.0000000 0.1641566 0.1626869 0.1473323 0.1570449 0.1574129 0.2011890 0.1550474 0.1171926 0.1390168 0.1833254 0.0254144 0.1836038 
Hypsiprymnodontidae_Hypsiprymnodon_moschatus 0.0842274 0.1200770 0.1041978 0.0542712 0.0542609 0.1726608 0.1050797 0.1102814 0.0579725 0.1493568 0.1672886 0.0934609 0.1662431 0.1675481 0.0855521 0.0988078 0.1665842 0.1729293 0.1554360 0.1410122 0.0470151 0.1019365 0.1594249 0.1519134 0.1641566 0.0000000 0.1334675 0.0860592 0.0497458 0.0942787 0.1216530 0.0951563 0.1672886 0.0857779 0.1393708 0.1794497 0.1502302 
Microbiotheriidae_Dromiciops_gliroides       0.1141731 0.1165037 0.1327079 0.1349732 0.1351561 0.1633486 0.1490094 0.1428734 0.1318127 0.1452876 0.1439134 0.1169148 0.1694811 0.1538786 0.1156926 0.1275241 0.1682265 0.1658958 0.1473172 0.1334915 0.1344892 0.1318011 0.1711319 0.1566623 0.1626869 0.1334675 0.0000000 0.1173913 0.1314880 0.1243904 0.1597641 0.1309272 0.1439134 0.1177929 0.1396296 0.1709525 0.1459234 
Pseudochiridae_Petauroides_volans            0.0730837 0.1145555 0.0932003 0.0879866 0.0884128 0.1590829 0.0995483 0.0965355 0.0913427 0.1421135 0.1151270 0.0729191 0.1523602 0.1458781 0.0750211 0.0711063 0.1512478 0.1576576 0.1337070 0.1289874 0.0769786 0.0461883 0.1533466 0.1425697 0.1473323 0.0860592 0.1173913 0.0000000 0.0813960 0.0407527 0.0918900 0.0726622 0.1151270 0.0736997 0.1290409 0.1612923 0.1427757 
Macropodidae_Wallabia_bicolor                0.0769159 0.1216250 0.0991343 0.0333135 0.0317948 0.1623427 0.1014365 0.1033548 0.0368098 0.1554031 0.1587445 0.0870815 0.1530959 0.1546210 0.0811146 0.0931580 0.1517048 0.1589232 0.1490543 0.1470526 0.0102139 0.1004392 0.1594031 0.1512794 0.1570449 0.0497458 0.1314880 0.0813960 0.0000000 0.0908839 0.1161571 0.0879226 0.1587445 0.0807974 0.1462196 0.1676042 0.1562900 
Pseudochiridae_Pseudocheirus_occidentalis    0.0786973 0.1165942 0.1032613 0.0966677 0.0968391 0.1667697 0.1097783 0.1047472 0.1001463 0.1538122 0.1401600 0.0851239 0.1599159 0.1605302 0.0829712 0.0798501 0.1623107 0.1655205 0.1460346 0.1391990 0.0877596 0.0262571 0.1700765 0.1562973 0.1574129 0.0942787 0.1243904 0.0407527 0.0908839 0.0000000 0.1033982 0.0832650 0.1401600 0.0818037 0.1430465 0.1699824 0.1547121 
Tarsipedidae_Tarsipes_rostratus              0.1109281 0.1600907 0.1237826 0.1255550 0.1278976 0.2067140 0.1397542 0.1372820 0.1268714 0.1909155 0.2407393 0.1123982 0.1990811 0.1963952 0.1099137 0.1083122 0.1998773 0.2055536 0.1845627 0.1717717 0.1135809 0.1093072 0.2075558 0.1898396 0.2011890 0.1216530 0.1597641 0.0918900 0.1161571 0.1033982 0.0000000 0.1113992 0.2407393 0.1106542 0.1779264 0.2046674 0.1899977 
Acrobatidae_Distoechurus_pennatus            0.0724262 0.1136521 0.0951113 0.0958284 0.0946500 0.1525666 0.1034087 0.0959236 0.0967808 0.1553367 0.1658053 0.0794742 0.1543230 0.1493653 0.0741351 0.0447812 0.1551460 0.1552635 0.1358968 0.1399127 0.0891919 0.0901887 0.1549027 0.1459725 0.1550474 0.0951563 0.1309272 0.0726622 0.0879226 0.0832650 0.1113992 0.0000000 0.1658053 0.0757859 0.1398384 0.1544838 0.1560362 
Myrmecobiidae_Myrmecobius_fasciatus2         0.1491890 0.1571763 0.1227910 0.1567930 0.1672886 0.1159527 0.1568425 0.1554357 0.1567930 0.1805361 0.0000010 0.1597360 0.0752093 0.1355187 0.1762793 0.1792404 0.0778269 0.0918450 0.0728112 0.1792014 0.1672886 0.1645818 0.1809762 0.1809762 0.1171926 0.1672886 0.1439134 0.1151270 0.1587445 0.1401600 0.2407393 0.1658053 0.0000000 0.1868510 0.1567930 0.0981900 0.1805361 
Phalangeridae_Phalanger_carmelitae           0.0662835 0.1100406 0.0869613 0.0787972 0.0780556 0.1500544 0.0340058 0.0299507 0.0807942 0.1351483 0.1868510 0.0159497 0.1408944 0.1375406 0.0052577 0.0779662 0.1411188 0.1430363 0.1314774 0.1221655 0.0781480 0.0894696 0.1584211 0.1427167 0.1390168 0.0857779 0.1177929 0.0736997 0.0807974 0.0818037 0.1106542 0.0757859 0.1868510 0.0000000 0.1284067 0.1526050 0.1359755 
Peramelidae_Peroryctes_raffrayana            0.1269183 0.1141033 0.1442928 0.1519145 0.1500224 0.1884314 0.1614135 0.1606437 0.1537962 0.0214497 0.1567930 0.1325940 0.1859732 0.1813781 0.1251116 0.1395849 0.1832374 0.1869577 0.1695097 0.0156658 0.1520732 0.1517083 0.1815638 0.1715814 0.1833254 0.1393708 0.1396296 0.1290409 0.1462196 0.1430465 0.1779264 0.1398384 0.1567930 0.1284067 0.0000000 0.1952639 0.0219350 
Dasyuridae_Dasyurus_geffroii                 0.1610627 0.1690309 0.1581952 0.1767813 0.1765821 0.0108696 0.1836431 0.1829005 0.1799797 0.1965333 0.0981900 0.1551279 0.0249454 0.0521845 0.1544812 0.1593967 0.0240174 0.0089642 0.0498354 0.1900881 0.1674265 0.1826468 0.1765859 0.1708105 0.0254144 0.1794497 0.1709525 0.1612923 0.1676042 0.1699824 0.2046674 0.1544838 0.0981900 0.1526050 0.1952639 0.0000000 0.1958601 
Peramelidae_Perameles_gunnii                 0.1399299 0.1313847 0.1514649 0.1607861 0.1590755 0.1940853 0.1652109 0.1665122 0.1631900 0.0013011 0.1805361 0.1399023 0.1891182 0.1845632 0.1342810 0.1527084 0.1889894 0.1902313 0.1758626 0.0214786 0.1609522 0.1676770 0.1942085 0.1853222 0.1836038 0.1502302 0.1459234 0.1427757 0.1562900 0.1547121 0.1899977 0.1560362 0.1805361 0.1359755 0.0219350 0.1958601 0.0000000 
