37
Burramyidae_Burramys_parvus                  0.0000000 0.0849086 0.0415253 0.0519527 0.0538230 0.0752221 0.0206798 0.0295049 0.0533562 0.0840418 0.0196429 0.0673223 0.0789529 0.0227090 0.0534733 0.0706708 0.0607897 0.0887886 0.0508125 0.0515805 0.1007136 0.1052459 0.0627115 0.0473849 0.0405213 0.0478692 0.0426292 0.0590075 0.0511091 0.0240203 0.0842348 0.0635046 0.0842989 0.2079141 0.2079141 0.0663674 0.0657161 
Notoryctidae_Notoryctes_typhlops             0.0849086 0.0000000 0.0669902 0.0881770 0.0908174 0.0829223 0.0622433 0.0794408 0.0914911 0.0890698 0.0598146 0.0675735 0.0781285 0.0691073 0.0938872 0.0774726 0.0648254 0.0900087 0.0902032 0.0783622 0.1012770 0.1074466 0.0632912 0.0873533 0.0731793 0.0871641 0.0746307 0.0893540 0.0845696 0.0721743 0.0890843 0.0716607 0.0900474 0.2522451 0.2522451 0.0793765 0.0784032 
Vombatidae_Lasiorhinus_latifrons             0.0415253 0.0669902 0.0000000 0.0582658 0.0615794 0.0504866 0.0256254 0.0386825 0.0619102 0.0682102 0.0261546 0.0361561 0.0451467 0.0292900 0.0553400 0.0446370 0.0359146 0.0727175 0.0588108 0.0456138 0.0772053 0.0846704 0.0279282 0.0545206 0.0362067 0.0567344 0.0390034 0.0602772 0.0515698 0.0322634 0.0723386 0.0394699 0.0694297 0.1799692 0.1799692 0.0432782 0.0570619 
Potoroidae_Bettongia_penicillata             0.0519527 0.0881770 0.0582658 0.0000000 0.0015108 0.0822749 0.0298166 0.0481636 0.0030590 0.0893437 0.0274819 0.0719479 0.0788245 0.0340881 0.0656465 0.0782873 0.0622824 0.0950579 0.0078371 0.0532246 0.1028232 0.1039413 0.0662068 0.0170875 0.0442510 0.0069775 0.0448716 0.0658213 0.0574429 0.0347562 0.0878427 0.0749613 0.0903039 0.2567723 0.2567723 0.0706320 0.0699399 
Potoroidae_Bettongia_lesueur                 0.0538230 0.0908174 0.0615794 0.0015108 0.0000000 0.0864884 0.0297179 0.0498882 0.0030529 0.0928280 0.0292803 0.0745303 0.0813212 0.0368687 0.0643275 0.0807462 0.0613962 0.0972302 0.0073346 0.0549840 0.1034175 0.1082484 0.0689736 0.0183395 0.0485562 0.0064897 0.0473867 0.0692946 0.0568753 0.0375391 0.0888897 0.0794835 0.0938327 0.2605559 0.2605559 0.0767715 0.0683793 
Dasyuridae_Dasyurus_maculatus                0.0752221 0.0829223 0.0504866 0.0822749 0.0864884 0.0000000 0.0580414 0.0705685 0.0836640 0.0885378 0.0574492 0.0030585 0.0086520 0.0604540 0.0808296 0.0036728 0.0013515 0.0984229 0.0875812 0.0796431 0.0976009 0.1030906 0.0023757 0.0825223 0.0665844 0.0838500 0.0705415 0.0938999 0.0771743 0.0629419 0.0902550 0.0014199 0.0894337 0.2168033 0.2168033 0.0095394 0.0736124 
Phalangeridae_Trichosurus_vulpecula          0.0206798 0.0622433 0.0256254 0.0298166 0.0297179 0.0580414 0.0000000 0.0055046 0.0321059 0.0648037 0.0040084 0.0478929 0.0549406 0.0048679 0.0337633 0.0559586 0.0424861 0.0749686 0.0333299 0.0252643 0.0750801 0.0801911 0.0395627 0.0304405 0.0173009 0.0292600 0.0197900 0.0344041 0.0279923 0.0052535 0.0702345 0.0487132 0.0661581 0.2051346 0.2051346 0.0490814 0.0427593 
Phalangeridae_Spilocuscus_maculatus          0.0295049 0.0794408 0.0386825 0.0481636 0.0498882 0.0705685 0.0055046 0.0000000 0.0496116 0.0794587 0.0031643 0.0639140 0.0679338 0.0032875 0.0514177 0.0616527 0.0527112 0.0870642 0.0528473 0.0384568 0.0917449 0.0932146 0.0556854 0.0471866 0.0285074 0.0477190 0.0299434 0.0499836 0.0421935 0.0041900 0.0822990 0.0630748 0.0805880 0.2201852 0.2201852 0.0631340 0.0652931 
Potoroidae_Aepyprymnus_rufescens             0.0533562 0.0914911 0.0619102 0.0030590 0.0030529 0.0836640 0.0321059 0.0496116 0.0000000 0.0899347 0.0310422 0.0711384 0.0776561 0.0366986 0.0608352 0.0791398 0.0615710 0.0925053 0.0071773 0.0548345 0.1034839 0.1044695 0.0673033 0.0161401 0.0481898 0.0063297 0.0479629 0.0625686 0.0526258 0.0373623 0.0864695 0.0765067 0.0909573 0.2547101 0.2547101 0.0720442 0.0690399 
Peramelidae_Perameles_nasuta                 0.0840418 0.0890698 0.0682102 0.0893437 0.0928280 0.0885378 0.0648037 0.0794587 0.0899347 0.0000000 0.0610783 0.0633226 0.0738652 0.0704007 0.0837445 0.0710636 0.0628622 0.0062995 0.0845514 0.0834037 0.1048265 0.1144707 0.0591222 0.0891108 0.0669044 0.0833318 0.0724025 0.0902363 0.0799445 0.0733978 0.0059343 0.0786670 0.0004238 0.1082534 0.1082534 0.0815277 0.0812997 
Phalangeridae_Strigocuscus_pelengensis       0.0196429 0.0598146 0.0261546 0.0274819 0.0292803 0.0574492 0.0040084 0.0031643 0.0310422 0.0610783 0.0000000 0.0436281 0.0487853 0.0022763 0.0395844 0.0525224 0.0373304 0.0722538 0.0316647 0.0260649 0.0811438 0.0859309 0.0350023 0.0294129 0.0184973 0.0291072 0.0201912 0.0338834 0.0316975 0.0028219 0.0656665 0.0481444 0.0610035 0.1937347 0.1937347 0.0505470 0.0544406 
Dasyuridae_Phascogale_tapoatafa              0.0673223 0.0675735 0.0361561 0.0719479 0.0745303 0.0030585 0.0478929 0.0639140 0.0711384 0.0633226 0.0436281 0.0000000 0.0081757 0.0517252 0.0780213 0.0012860 0.0031719 0.0754754 0.0775618 0.0735970 0.0711131 0.0848166 0.0014622 0.0738112 0.0576443 0.0738439 0.0636781 0.0793121 0.0697990 0.0557645 0.0666071 0.0030533 0.0648021 9.0000000 9.0000000 0.0083490 0.0591121 
Dasyuridae_Sminthopsis_macroura              0.0789529 0.0781285 0.0451467 0.0788245 0.0813212 0.0086520 0.0549406 0.0679338 0.0776561 0.0738652 0.0487853 0.0081757 0.0000000 0.0603111 0.0806249 0.0101761 0.0088319 0.0817962 0.0837796 0.0756085 0.0791331 0.0910001 0.0067348 0.0787005 0.0631070 0.0795027 0.0645605 0.0893215 0.0809741 0.0642616 0.0742198 0.0082538 0.0752151 9.0000000 9.0000000 0.0059363 0.0700638 
Phalangeridae_Phalanger_orientalis           0.0227090 0.0691073 0.0292900 0.0340881 0.0368687 0.0604540 0.0048679 0.0032875 0.0366986 0.0704007 0.0022763 0.0517252 0.0603111 0.0000000 0.0386673 0.0595053 0.0445577 0.0764567 0.0367412 0.0312563 0.0817169 0.0859881 0.0443351 0.0340404 0.0216900 0.0343482 0.0244766 0.0388876 0.0333403 0.0015055 0.0748962 0.0539341 0.0716024 0.2013241 0.2013241 0.0518837 0.0581510 
Acrobatidae_Acrobates_pygmaeus               0.0534733 0.0938872 0.0553400 0.0656465 0.0643275 0.0808296 0.0337633 0.0514177 0.0608352 0.0837445 0.0395844 0.0780213 0.0806249 0.0386673 0.0000000 0.0847501 0.0715704 0.0888304 0.0638745 0.0493414 0.1100554 0.1121036 0.0727115 0.0556724 0.0381804 0.0619338 0.0402904 0.0650280 0.0134537 0.0423756 0.0856854 0.0749700 0.0860776 0.2183053 0.2183053 0.0735336 0.0767110 
Dasyuridae_Phascogale_calura                 0.0706708 0.0774726 0.0446370 0.0782873 0.0807462 0.0036728 0.0559586 0.0616527 0.0791398 0.0710636 0.0525224 0.0012860 0.0101761 0.0595053 0.0847501 0.0000000 0.0038049 0.0813210 0.0836256 0.0763799 0.0791323 0.0922891 0.0019461 0.0805604 0.0600923 0.0797751 0.0668711 0.0855143 0.0752458 0.0632128 0.0723030 0.0036654 0.0724649 9.0000000 9.0000000 0.0098769 0.0691294 
Dasyuridae_Sarcophilus_harrisii              0.0607897 0.0648254 0.0359146 0.0622824 0.0613962 0.0013515 0.0424861 0.0527112 0.0615710 0.0628622 0.0373304 0.0031719 0.0088319 0.0445577 0.0715704 0.0038049 0.0000000 0.0701670 0.0700172 0.0702580 0.0705849 0.0790562 0.0024817 0.0698386 0.0569726 0.0659163 0.0598315 0.0788208 0.0646597 0.0465881 0.0587980 0.0017436 0.0643342 9.0000000 9.0000000 0.0080293 0.0488194 
Peramelidae_Echymipera_kalubu                0.0887886 0.0900087 0.0727175 0.0950579 0.0972302 0.0984229 0.0749686 0.0870642 0.0925053 0.0062995 0.0722538 0.0754754 0.0817962 0.0764567 0.0888304 0.0813210 0.0701670 0.0000000 0.0898515 0.0922565 0.1085486 0.1159651 0.0691735 0.0933589 0.0750430 0.0899673 0.0798450 0.0905409 0.0885070 0.0808410 0.0058888 0.0883667 0.0065967 0.1245078 0.1245078 0.0959413 0.0897997 
Macropodidae_Dorcopsulus_vanheurni           0.0508125 0.0902032 0.0588108 0.0078371 0.0073346 0.0875812 0.0333299 0.0528473 0.0071773 0.0845514 0.0316647 0.0775618 0.0837796 0.0367412 0.0638745 0.0836256 0.0700172 0.0898515 0.0000000 0.0591085 0.1086945 0.1101212 0.0737730 0.0189571 0.0428953 0.0013322 0.0528218 0.0707493 0.0561868 0.0388733 0.0842067 0.0806729 0.0869093 0.2367894 0.2367894 0.0780486 0.0732046 
Pseudochiridae_Pseudochirulus_forbesi        0.0515805 0.0783622 0.0456138 0.0532246 0.0549840 0.0796431 0.0252643 0.0384568 0.0548345 0.0834037 0.0260649 0.0735970 0.0756085 0.0312563 0.0493414 0.0763799 0.0702580 0.0922565 0.0591085 0.0000000 0.0918705 0.0973632 0.0669608 0.0544540 0.0108414 0.0575064 0.0059074 0.0394179 0.0401672 0.0345091 0.0856096 0.0713755 0.0844174 0.1947449 0.1947449 0.0730973 0.0719840 
Didelphidae_Didelphis_virginiana             0.1007136 0.1012770 0.0772053 0.1028232 0.1034175 0.0976009 0.0750801 0.0917449 0.1034839 0.1048265 0.0811438 0.0711131 0.0791331 0.0817169 0.1100554 0.0791323 0.0705849 0.1085486 0.1086945 0.0918705 0.0000000 0.0146816 0.0671926 0.1077636 0.0811716 0.1070873 0.0890602 0.1046072 0.1006526 0.0873237 0.1016968 0.0828981 0.1052169 0.3161263 0.3161263 0.0932396 0.0888355 
Marmosidae_Monodelphis_domestica             0.1052459 0.1074466 0.0846704 0.1039413 0.1082484 0.1030906 0.0801911 0.0932146 0.1044695 0.1144707 0.0859309 0.0848166 0.0910001 0.0859881 0.1121036 0.0922891 0.0790562 0.1159651 0.1101212 0.0973632 0.0146816 0.0000000 0.0780886 0.1098288 0.0859220 0.1085090 0.0907221 0.1058952 0.1022577 0.0897314 0.1107089 0.0921627 0.1164758 0.3268632 0.3268632 0.0963865 0.0917352 
Dasyuridae_Antechinus_stuartii               0.0627115 0.0632912 0.0279282 0.0662068 0.0689736 0.0023757 0.0395627 0.0556854 0.0673033 0.0591222 0.0350023 0.0014622 0.0067348 0.0443351 0.0727115 0.0019461 0.0024817 0.0691735 0.0737730 0.0669608 0.0671926 0.0780886 0.0000000 0.0694054 0.0496645 0.0704577 0.0558979 0.0791027 0.0657253 0.0484131 0.0615726 0.0023720 0.0606344 9.0000000 9.0000000 0.0070634 0.0511753 
Hypsiprymnodontidae_Hypsiprymnodon_moschatus 0.0473849 0.0873533 0.0545206 0.0170875 0.0183395 0.0825223 0.0304405 0.0471866 0.0161401 0.0891108 0.0294129 0.0738112 0.0787005 0.0340404 0.0556724 0.0805604 0.0698386 0.0933589 0.0189571 0.0544540 0.1077636 0.1098288 0.0694054 0.0000000 0.0452283 0.0180224 0.0501794 0.0713064 0.0554255 0.0359040 0.0907567 0.0755547 0.0901646 0.2143241 0.2143241 0.0685873 0.0673202 
Pseudochiridae_Petauroides_volans            0.0405213 0.0731793 0.0362067 0.0442510 0.0485562 0.0665844 0.0173009 0.0285074 0.0481898 0.0669044 0.0184973 0.0576443 0.0631070 0.0216900 0.0381804 0.0600923 0.0569726 0.0750430 0.0428953 0.0108414 0.0811716 0.0859220 0.0496645 0.0452283 0.0000000 0.0408744 0.0086268 0.0235641 0.0315792 0.0239405 0.0723336 0.0565677 0.0682038 0.2084782 0.2084782 0.0564750 0.0621027 
Macropodidae_Wallabia_bicolor                0.0478692 0.0871641 0.0567344 0.0069775 0.0064897 0.0838500 0.0292600 0.0477190 0.0063297 0.0833318 0.0291072 0.0738439 0.0795027 0.0343482 0.0619338 0.0797751 0.0659163 0.0899673 0.0013322 0.0575064 0.1070873 0.1085090 0.0704577 0.0180224 0.0408744 0.0000000 0.0505527 0.0699590 0.0536137 0.0350679 0.0838788 0.0765841 0.0857358 0.2448648 0.2448648 0.0747562 0.0693542 
Pseudochiridae_Pseudocheirus_occidentalis    0.0426292 0.0746307 0.0390034 0.0448716 0.0473867 0.0705415 0.0197900 0.0299434 0.0479629 0.0724025 0.0201912 0.0636781 0.0645605 0.0244766 0.0402904 0.0668711 0.0598315 0.0798450 0.0528218 0.0059074 0.0890602 0.0907221 0.0558979 0.0501794 0.0086268 0.0505527 0.0000000 0.0339907 0.0310939 0.0259300 0.0726133 0.0631365 0.0730038 0.1888192 0.1888192 0.0579173 0.0688825 
Tarsipedidae_Tarsipes_rostratus              0.0590075 0.0893540 0.0602772 0.0658213 0.0692946 0.0938999 0.0344041 0.0499836 0.0625686 0.0902363 0.0338834 0.0793121 0.0893215 0.0388876 0.0650280 0.0855143 0.0788208 0.0905409 0.0707493 0.0394179 0.1046072 0.1058952 0.0791027 0.0713064 0.0235641 0.0699590 0.0339907 0.0000000 0.0524509 0.0429843 0.0926538 0.0872174 0.0912526 0.2471846 0.2471846 0.0897730 0.0832607 
Acrobatidae_Distoechurus_pennatus            0.0511091 0.0845696 0.0515698 0.0574429 0.0568753 0.0771743 0.0279923 0.0421935 0.0526258 0.0799445 0.0316975 0.0697990 0.0809741 0.0333403 0.0134537 0.0752458 0.0646597 0.0885070 0.0561868 0.0401672 0.1006526 0.1022577 0.0657253 0.0554255 0.0315792 0.0536137 0.0310939 0.0524509 0.0000000 0.0352539 0.0826953 0.0710018 0.0810178 0.2157271 0.2157271 0.0753148 0.0746922 
Phalangeridae_Phalanger_carmelitae           0.0240203 0.0721743 0.0322634 0.0347562 0.0375391 0.0629419 0.0052535 0.0041900 0.0373623 0.0733978 0.0028219 0.0557645 0.0642616 0.0015055 0.0423756 0.0632128 0.0465881 0.0808410 0.0388733 0.0345091 0.0873237 0.0897314 0.0484131 0.0359040 0.0239405 0.0350679 0.0259300 0.0429843 0.0352539 0.0000000 0.0778127 0.0581657 0.0746140 0.2013241 0.2013241 0.0530498 0.0607891 
Peramelidae_Peroryctes_raffrayana            0.0842348 0.0890843 0.0723386 0.0878427 0.0888897 0.0902550 0.0702345 0.0822990 0.0864695 0.0059343 0.0656665 0.0666071 0.0742198 0.0748962 0.0856854 0.0723030 0.0587980 0.0058888 0.0842067 0.0856096 0.1016968 0.1107089 0.0615726 0.0907567 0.0723336 0.0838788 0.0726133 0.0926538 0.0826953 0.0778127 0.0000000 0.0792936 0.0059333 0.1297330 0.1297330 0.0814925 0.0807883 
Dasyuridae_Dasyurus_geffroii                 0.0635046 0.0716607 0.0394699 0.0749613 0.0794835 0.0014199 0.0487132 0.0630748 0.0765067 0.0786670 0.0481444 0.0030533 0.0082538 0.0539341 0.0749700 0.0036654 0.0017436 0.0883667 0.0806729 0.0713755 0.0828981 0.0921627 0.0023720 0.0755547 0.0565677 0.0765841 0.0631365 0.0872174 0.0710018 0.0581657 0.0792936 0.0000000 0.0796763 0.1866131 0.1866131 0.0093288 0.0636965 
Peramelidae_Perameles_gunnii                 0.0842989 0.0900474 0.0694297 0.0903039 0.0938327 0.0894337 0.0661581 0.0805880 0.0909573 0.0004238 0.0610035 0.0648021 0.0752151 0.0716024 0.0860776 0.0724649 0.0643342 0.0065967 0.0869093 0.0844174 0.1052169 0.1164758 0.0606344 0.0901646 0.0682038 0.0857358 0.0730038 0.0912526 0.0810178 0.0746140 0.0059333 0.0796763 0.0000000 0.1074147 0.1074147 0.0827367 0.0824186 
Thylacomyidae_Macrotis_lagotis1              0.2079141 0.2522451 0.1799692 0.2567723 0.2605559 0.2168033 0.2051346 0.2201852 0.2547101 0.1082534 0.1937347 9.0000000 9.0000000 0.2013241 0.2183053 9.0000000 9.0000000 0.1245078 0.2367894 0.1947449 0.3161263 0.3268632 9.0000000 0.2143241 0.2084782 0.2448648 0.1888192 0.2471846 0.2157271 0.2013241 0.1297330 0.1866131 0.1074147 0.0000000 0.0000010 0.2051071 0.2311284 
Thylacomyidae_Macrotis_lagotis2              0.2079141 0.2522451 0.1799692 0.2567723 0.2605559 0.2168033 0.2051346 0.2201852 0.2547101 0.1082534 0.1937347 9.0000000 9.0000000 0.2013241 0.2183053 9.0000000 9.0000000 0.1245078 0.2367894 0.1947449 0.3161263 0.3268632 9.0000000 0.2143241 0.2084782 0.2448648 0.1888192 0.2471846 0.2157271 0.2013241 0.1297330 0.1866131 0.1074147 0.0000010 0.0000000 0.2051071 0.2311284 
Dasyuridae_Planigale_tenuirostris            0.0663674 0.0793765 0.0432782 0.0706320 0.0767715 0.0095394 0.0490814 0.0631340 0.0720442 0.0815277 0.0505470 0.0083490 0.0059363 0.0518837 0.0735336 0.0098769 0.0080293 0.0959413 0.0780486 0.0730973 0.0932396 0.0963865 0.0070634 0.0685873 0.0564750 0.0747562 0.0579173 0.0897730 0.0753148 0.0530498 0.0814925 0.0093288 0.0827367 0.2051071 0.2051071 0.0000000 0.0571619 
Microbiotheriidae_Dromiciops_gliroides       0.0657161 0.0784032 0.0570619 0.0699399 0.0683793 0.0736124 0.0427593 0.0652931 0.0690399 0.0812997 0.0544406 0.0591121 0.0700638 0.0581510 0.0767110 0.0691294 0.0488194 0.0897997 0.0732046 0.0719840 0.0888355 0.0917352 0.0511753 0.0673202 0.0621027 0.0693542 0.0688825 0.0832607 0.0746922 0.0607891 0.0807883 0.0636965 0.0824186 0.2311284 0.2311284 0.0571619 0.0000000 
