37
Burramyidae_Burramys_parvus                  0.0000000 0.1534997 0.1103166 0.1129229 0.1095536 0.1768720 0.0958833 0.0953767 0.1162604 0.1677602 0.0861756 0.1606582 0.0905596 0.1002614 0.1756236 0.1706204 0.1550192 0.1142411 0.1054271 0.2024512 0.2123475 0.0958131 0.0957311 0.1158678 0.1195242 0.1344184 0.1203204 0.0970477 0.1657804 0.1763958 0.1691348 0.1030175 0.1030175 0.1871009 0.1690254 0.1707820 0.1433325 
Notoryctidae_Notoryctes_typhlops             0.1534997 0.0000000 0.1453956 0.1514998 0.1510508 0.1750987 0.1430354 0.1426224 0.1483297 0.1688489 0.1316762 0.1520364 0.1265256 0.1505521 0.1677224 0.1646254 0.1385683 0.1558773 0.1523325 0.2055050 0.1913452 0.1488980 0.1311155 0.1583354 0.1676414 0.1585927 0.1899177 0.1447849 0.1503054 0.1702153 0.1701885 0.1441899 0.1441899 0.1738632 0.1650752 0.1718648 0.1494240 
Vombatidae_Lasiorhinus_latifrons             0.1103166 0.1453956 0.0000000 0.1294106 0.1278723 0.1823014 0.1062508 0.1025225 0.1252988 0.1552005 0.1067441 0.1822689 0.1042969 0.1176008 0.1869180 0.1779325 0.1425440 0.1283945 0.1052780 0.2029420 0.1948028 0.1124500 0.1101721 0.1268937 0.1104497 0.1431870 0.1447219 0.1031012 0.1593745 0.1815841 0.1554680 9.0000000 9.0000000 0.1919693 0.1697383 0.1935468 0.1298822 
Potoroidae_Bettongia_penicillata             0.1129229 0.1514998 0.1294106 0.0000000 0.0082164 0.1446779 0.0935964 0.0941135 0.0147578 0.1814049 0.0982600 0.1506601 0.1098872 0.1100113 0.1434858 0.1405285 0.1570301 0.0404744 0.0995919 0.1909953 0.1850000 0.0707493 0.0950028 0.0452911 0.1255750 0.1361405 0.1380373 0.0959324 0.1723097 0.1426674 0.1842957 0.1610648 0.1610648 0.1461548 0.1272268 0.1390778 0.1417264 
Potoroidae_Bettongia_lesueur                 0.1095536 0.1510508 0.1278723 0.0082164 0.0000000 0.1438305 0.0930837 0.0937692 0.0183452 0.1794924 0.0977933 0.1495413 0.1123175 0.1034074 0.1409156 0.1380958 0.1530130 0.0405552 0.0978590 0.1914569 0.1848080 0.0702564 0.0930266 0.0447719 0.1253548 0.1308808 0.1339447 0.0982443 0.1691819 0.1417057 0.1823490 0.1610648 0.1610648 0.1442955 0.1236564 0.1382447 0.1402994 
Dasyuridae_Dasyurus_maculatus                0.1768720 0.1750987 0.1823014 0.1446779 0.1438305 0.0000000 0.1482751 0.1516997 0.1413471 0.2136503 0.1579620 0.0367694 0.1652482 0.1755193 0.0309046 0.0083953 0.1885175 0.1484151 0.1599926 0.1958438 0.1990421 0.1623813 0.1596942 0.1476462 0.1890324 0.1800624 0.2113053 0.1518545 0.2169176 0.0083888 0.2164152 0.1605512 0.1605512 0.0466971 0.0405216 0.0314091 0.1650029 
Phalangeridae_Trichosurus_vulpecula          0.0958833 0.1430354 0.1062508 0.0935964 0.0930837 0.1482751 0.0000000 0.0259270 0.0964351 0.1612723 0.0291884 0.1599650 0.0369813 0.1039485 0.1497750 0.1396378 0.1384797 0.0957142 0.0886285 0.1666820 0.1742872 0.0784615 0.0854201 0.0986963 0.1160106 0.1366666 0.1301653 0.0259078 0.1631688 0.1491416 0.1633659 0.1557209 0.1557209 0.1572359 0.1439188 0.1513296 0.1354339 
Phalangeridae_Spilocuscus_maculatus          0.0953767 0.1426224 0.1025225 0.0941135 0.0937692 0.1516997 0.0259270 0.0000000 0.0955722 0.1605361 0.0119693 0.1591054 0.0227397 0.0929135 0.1486291 0.1443875 0.1397716 0.0906195 0.0852538 0.1664325 0.1741584 0.0774279 0.0795565 0.0935390 0.1106436 0.1295829 0.1180696 0.0127919 0.1606762 0.1496241 0.1628549 0.1474407 0.1474407 0.1601623 0.1432953 0.1528406 0.1349840 
Potoroidae_Aepyprymnus_rufescens             0.1162604 0.1483297 0.1252988 0.0147578 0.0183452 0.1413471 0.0964351 0.0955722 0.0000000 0.1763783 0.0993397 0.1462936 0.1114012 0.1081338 0.1394196 0.1374420 0.1543311 0.0430396 0.1026587 0.1876082 0.1836901 0.0721230 0.0978541 0.0447908 0.1313547 0.1349592 0.1332284 0.0973945 0.1706904 0.1393677 0.1791902 0.1683653 0.1683653 0.1416357 0.1247001 0.1356259 0.1371898 
Peramelidae_Perameles_nasuta                 0.1677602 0.1688489 0.1552005 0.1814049 0.1794924 0.2136503 0.1612723 0.1605361 0.1763783 0.0000000 0.1521274 0.1990079 0.1492212 0.1629919 0.2113051 0.2067515 0.0351216 0.1820570 0.1692156 0.2416911 0.2410687 0.1723143 0.1629916 0.1826001 0.1765937 0.1898270 0.2014613 0.1617406 0.0498180 0.2072582 0.0048961 0.1233451 0.1233451 0.2221180 0.2029500 0.2208849 0.1721215 
Phalangeridae_Strigocuscus_pelengensis       0.0861756 0.1316762 0.1067441 0.0982600 0.0977933 0.1579620 0.0291884 0.0119693 0.0993397 0.1521274 0.0000000 0.1576104 0.0168291 0.0963580 0.1560411 0.1496283 0.1428174 0.0960256 0.0844992 0.1702821 0.1742723 0.0796078 0.0764057 0.0961615 0.1005776 0.1224373 0.1245853 0.0157107 0.1524283 0.1555593 0.1536796 0.0658390 0.0658390 0.1632713 0.1474190 0.1579833 0.1283327 
Dasyuridae_Phascogale_tapoatafa              0.1606582 0.1520364 0.1822689 0.1506601 0.1495413 0.0367694 0.1599650 0.1591054 0.1462936 0.1990079 0.1576104 0.0000000 0.1496361 0.1724892 0.0155658 0.0344971 0.1870205 0.1527381 0.1683787 0.2001087 0.2051862 0.1627393 0.1606919 0.1538245 0.1766390 0.1661684 0.2109279 0.1607190 0.1968225 0.0345395 0.2007942 0.0726834 0.0726834 0.0600472 0.0464080 0.0254994 0.1554950 
Phalangeridae_Phalanger_orientalis           0.0905596 0.1265256 0.1042969 0.1098872 0.1123175 0.1652482 0.0369813 0.0227397 0.1114012 0.1492212 0.0168291 0.1496361 0.0000000 0.0998155 0.1626163 0.1592603 0.1426368 0.1070539 0.0985696 0.1816447 0.1868236 0.0879591 0.0836627 0.1088456 0.1042585 0.1191414 0.1262862 0.0159329 0.1534726 0.1632621 0.1496678 0.0672127 0.0672127 0.1727881 0.1528021 0.1674294 0.1265461 
Acrobatidae_Acrobates_pygmaeus               0.1002614 0.1505521 0.1176008 0.1100113 0.1034074 0.1755193 0.1039485 0.0929135 0.1081338 0.1629919 0.0963580 0.1724892 0.0998155 0.0000000 0.1758417 0.1668592 0.1511134 0.1103417 0.0946327 0.1957413 0.1979589 0.1043398 0.0823071 0.1091910 0.1004332 0.1192687 0.0811972 0.0989630 0.1611288 0.1726792 0.1626488 0.1105519 0.1105519 0.1707816 0.1537771 0.1717895 0.1453157 
Dasyuridae_Phascogale_calura                 0.1756236 0.1677224 0.1869180 0.1434858 0.1409156 0.0309046 0.1497750 0.1486291 0.1394196 0.2113051 0.1560411 0.0155658 0.1626163 0.1758417 0.0000000 0.0279380 0.1893060 0.1442097 0.1614174 0.1912133 0.1929604 0.1573874 0.1624845 0.1457590 0.1890483 0.1821015 0.2169680 0.1515591 0.2125605 0.0287932 0.2142496 0.1595441 0.1595441 0.0523187 0.0444816 0.0198334 0.1708414 
Dasyuridae_Sarcophilus_harrisii              0.1706204 0.1646254 0.1779325 0.1405285 0.1380958 0.0083953 0.1396378 0.1443875 0.1374420 0.2067515 0.1496283 0.0344971 0.1592603 0.1668592 0.0279380 0.0000000 0.1802069 0.1418771 0.1534621 0.1902320 0.1912070 0.1592372 0.1493496 0.1419775 0.1820163 0.1756279 0.2037601 0.1460120 0.2086447 0.0074100 0.2096239 0.1605512 0.1605512 0.0435625 0.0372312 0.0278827 0.1623645 
Peramelidae_Echymipera_kalubu                0.1550192 0.1385683 0.1425440 0.1570301 0.1530130 0.1885175 0.1384797 0.1397716 0.1543311 0.0351216 0.1428174 0.1870205 0.1426368 0.1511134 0.1893060 0.1802069 0.0000000 0.1557988 0.1357949 0.2220991 0.2187880 0.1507892 0.1452225 0.1583126 0.1377944 0.1721057 0.1944491 0.1444350 0.0431698 0.1826145 0.0326246 9.0000000 9.0000000 0.1960475 0.1811272 0.2006064 0.1467760 
Macropodidae_Dorcopsulus_vanheurni           0.1142411 0.1558773 0.1283945 0.0404744 0.0405552 0.1484151 0.0957142 0.0906195 0.0430396 0.1820570 0.0960256 0.1527381 0.1070539 0.1103417 0.1442097 0.1418771 0.1557988 0.0000000 0.1026061 0.2018106 0.1925888 0.0796506 0.0994244 0.0249115 0.1285717 0.1345291 0.1332479 0.0965240 0.1742207 0.1450310 0.1868923 0.1860924 0.1860924 0.1535291 0.1326206 0.1442427 0.1442519 
Pseudochiridae_Pseudochirulus_forbesi        0.1054271 0.1523325 0.1052780 0.0995919 0.0978590 0.1599926 0.0886285 0.0852538 0.1026587 0.1692156 0.0844992 0.1683787 0.0985696 0.0946327 0.1614174 0.1534621 0.1357949 0.1026061 0.0000000 0.1789120 0.1747387 0.0965757 0.0557933 0.0997695 0.0479802 0.1244322 0.1185675 0.0904503 0.1674389 0.1576011 0.1703712 0.1529835 0.1529835 0.1622547 0.1453604 0.1579142 0.1432707 
Didelphidae_Didelphis_virginiana             0.2024512 0.2055050 0.2029420 0.1909953 0.1914569 0.1958438 0.1666820 0.1664325 0.1876082 0.2416911 0.1702821 0.2001087 0.1816447 0.1957413 0.1912133 0.1902320 0.2220991 0.2018106 0.1789120 0.0000000 0.0517819 0.1681839 0.1724262 0.2007729 0.2114536 0.2241046 0.2295981 0.1669561 0.2416011 0.1951108 0.2443749 0.1874858 0.1874858 0.2014773 0.1877202 0.2011075 0.1976117 
Marmosidae_Monodelphis_domestica             0.2123475 0.1913452 0.1948028 0.1850000 0.1848080 0.1990421 0.1742872 0.1741584 0.1836901 0.2410687 0.1742723 0.2051862 0.1868236 0.1979589 0.1929604 0.1912070 0.2187880 0.1925888 0.1747387 0.0517819 0.0000000 0.1728357 0.1750220 0.1929484 0.2058132 0.2218197 0.2369519 0.1728775 0.2478168 0.1989505 0.2427244 0.2076200 0.2076200 0.1969750 0.1980317 0.2075152 0.2002867 
Hypsiprymnodontidae_Hypsiprymnodon_moschatus 0.0958131 0.1488980 0.1124500 0.0707493 0.0702564 0.1623813 0.0784615 0.0774279 0.0721230 0.1723143 0.0796078 0.1627393 0.0879591 0.1043398 0.1573874 0.1592372 0.1507892 0.0796506 0.0965757 0.1681839 0.1728357 0.0000000 0.0901206 0.0828522 0.1215226 0.1303651 0.1240774 0.0804527 0.1687811 0.1622593 0.1763104 0.1295282 0.1295282 0.1662750 0.1471194 0.1566403 0.1431016 
Pseudochiridae_Petauroides_volans            0.0957311 0.1311155 0.1101721 0.0950028 0.0930266 0.1596942 0.0854201 0.0795565 0.0978541 0.1629916 0.0764057 0.1606919 0.0836627 0.0823071 0.1624845 0.1493496 0.1452225 0.0994244 0.0557933 0.1724262 0.1750220 0.0901206 0.0000000 0.0983769 0.0679035 0.1052515 0.1040366 0.0834935 0.1515170 0.1557079 0.1639627 0.1097082 0.1097082 0.1572532 0.1418923 0.1556168 0.1241462 
Macropodidae_Wallabia_bicolor                0.1158678 0.1583354 0.1268937 0.0452911 0.0447719 0.1476462 0.0986963 0.0935390 0.0447908 0.1826001 0.0961615 0.1538245 0.1088456 0.1091910 0.1457590 0.1419775 0.1583126 0.0249115 0.0997695 0.2007729 0.1929484 0.0828522 0.0983769 0.0000000 0.1255721 0.1330822 0.1312879 0.0965661 0.1773888 0.1458081 0.1858751 0.1723638 0.1723638 0.1555776 0.1355089 0.1459280 0.1468111 
Pseudochiridae_Pseudocheirus_occidentalis    0.1195242 0.1676414 0.1104497 0.1255750 0.1253548 0.1890324 0.1160106 0.1106436 0.1313547 0.1765937 0.1005776 0.1766390 0.1042585 0.1004332 0.1890483 0.1820163 0.1377944 0.1285717 0.0479802 0.2114536 0.2058132 0.1215226 0.0679035 0.1255721 0.0000000 0.1264242 0.1244081 0.1151087 0.1695669 0.1870163 0.1764623 0.2520121 0.2520121 0.1894421 0.1685811 0.1884411 0.1466862 
Tarsipedidae_Tarsipes_rostratus              0.1344184 0.1585927 0.1431870 0.1361405 0.1308808 0.1800624 0.1366666 0.1295829 0.1349592 0.1898270 0.1224373 0.1661684 0.1191414 0.1192687 0.1821015 0.1756279 0.1721057 0.1345291 0.1244322 0.2241046 0.2218197 0.1303651 0.1052515 0.1330822 0.1264242 0.0000000 0.1571389 0.1344581 0.1741982 0.1820604 0.1933278 0.1041132 0.1041132 0.1839076 0.1652448 0.1800532 0.1424469 
Acrobatidae_Distoechurus_pennatus            0.1203204 0.1899177 0.1447219 0.1380373 0.1339447 0.2113053 0.1301653 0.1180696 0.1332284 0.2014613 0.1245853 0.2109279 0.1262862 0.0811972 0.2169680 0.2037601 0.1944491 0.1332479 0.1185675 0.2295981 0.2369519 0.1240774 0.1040366 0.1312879 0.1244081 0.1571389 0.0000000 0.1249433 0.2029136 0.2135166 0.2036516 0.1530745 0.1530745 0.2201302 0.1887976 0.2143651 0.1644546 
Phalangeridae_Phalanger_carmelitae           0.0970477 0.1447849 0.1031012 0.0959324 0.0982443 0.1518545 0.0259078 0.0127919 0.0973945 0.1617406 0.0157107 0.1607190 0.0159329 0.0989630 0.1515591 0.1460120 0.1444350 0.0965240 0.0904503 0.1669561 0.1728775 0.0804527 0.0834935 0.0965661 0.1151087 0.1344581 0.1249433 0.0000000 0.1655442 0.1497858 0.1633728 0.1467729 0.1467729 0.1598932 0.1448254 0.1546331 0.1387797 
Peramelidae_Peroryctes_raffrayana            0.1657804 0.1503054 0.1593745 0.1723097 0.1691819 0.2169176 0.1631688 0.1606762 0.1706904 0.0498180 0.1524283 0.1968225 0.1534726 0.1611288 0.2125605 0.2086447 0.0431698 0.1742207 0.1674389 0.2416011 0.2478168 0.1687811 0.1515170 0.1773888 0.1695669 0.1741982 0.2029136 0.1655442 0.0000000 0.2118301 0.0519736 0.1004776 0.1004776 0.2158190 0.1981297 0.2170966 0.1683150 
Dasyuridae_Dasyurus_geffroii                 0.1763958 0.1702153 0.1815841 0.1426674 0.1417057 0.0083888 0.1491416 0.1496241 0.1393677 0.2072582 0.1555593 0.0345395 0.1632621 0.1726792 0.0287932 0.0074100 0.1826145 0.1450310 0.1576011 0.1951108 0.1989505 0.1622593 0.1557079 0.1458081 0.1870163 0.1820604 0.2135166 0.1497858 0.2118301 0.0000000 0.2101407 0.1690332 0.1690332 0.0467678 0.0397920 0.0290658 0.1649271 
Peramelidae_Perameles_gunnii                 0.1691348 0.1701885 0.1554680 0.1842957 0.1823490 0.2164152 0.1633659 0.1628549 0.1791902 0.0048961 0.1536796 0.2007942 0.1496678 0.1626488 0.2142496 0.2096239 0.0326246 0.1868923 0.1703712 0.2443749 0.2427244 0.1763104 0.1639627 0.1858751 0.1764623 0.1933278 0.2036516 0.1633728 0.0519736 0.2101407 0.0000000 0.1303957 0.1303957 0.2256776 0.2058717 0.2232928 0.1757105 
Thylacomyidae_Macrotis_lagotis1              0.1030175 0.1441899 9.0000000 0.1610648 0.1610648 0.1605512 0.1557209 0.1474407 0.1683653 0.1233451 0.0658390 0.0726834 0.0672127 0.1105519 0.1595441 0.1605512 9.0000000 0.1860924 0.1529835 0.1874858 0.2076200 0.1295282 0.1097082 0.1723638 0.2520121 0.1041132 0.1530745 0.1467729 0.1004776 0.1690332 0.1303957 0.0000000 0.0000010 0.1695508 0.1282638 0.1640158 0.1526369 
Thylacomyidae_Macrotis_lagotis2              0.1030175 0.1441899 9.0000000 0.1610648 0.1610648 0.1605512 0.1557209 0.1474407 0.1683653 0.1233451 0.0658390 0.0726834 0.0672127 0.1105519 0.1595441 0.1605512 9.0000000 0.1860924 0.1529835 0.1874858 0.2076200 0.1295282 0.1097082 0.1723638 0.2520121 0.1041132 0.1530745 0.1467729 0.1004776 0.1690332 0.1303957 0.0000010 0.0000000 0.1695508 0.1282638 0.1640158 0.1526369 
Dasyuridae_Sminthopsis_macroura              0.1871009 0.1738632 0.1919693 0.1461548 0.1442955 0.0466971 0.1572359 0.1601623 0.1416357 0.2221180 0.1632713 0.0600472 0.1727881 0.1707816 0.0523187 0.0435625 0.1960475 0.1535291 0.1622547 0.2014773 0.1969750 0.1662750 0.1572532 0.1555776 0.1894421 0.1839076 0.2201302 0.1598932 0.2158190 0.0467678 0.2256776 0.1695508 0.1695508 0.0000000 0.0447654 0.0512791 0.1805191 
Dasyuridae_Planigale_tenuirostris            0.1690254 0.1650752 0.1697383 0.1272268 0.1236564 0.0405216 0.1439188 0.1432953 0.1247001 0.2029500 0.1474190 0.0464080 0.1528021 0.1537771 0.0444816 0.0372312 0.1811272 0.1326206 0.1453604 0.1877202 0.1980317 0.1471194 0.1418923 0.1355089 0.1685811 0.1652448 0.1887976 0.1448254 0.1981297 0.0397920 0.2058717 0.1282638 0.1282638 0.0447654 0.0000000 0.0457546 0.1614712 
Dasyuridae_Antechinus_stuartii               0.1707820 0.1718648 0.1935468 0.1390778 0.1382447 0.0314091 0.1513296 0.1528406 0.1356259 0.2208849 0.1579833 0.0254994 0.1674294 0.1717895 0.0198334 0.0278827 0.2006064 0.1442427 0.1579142 0.2011075 0.2075152 0.1566403 0.1556168 0.1459280 0.1884411 0.1800532 0.2143651 0.1546331 0.2170966 0.0290658 0.2232928 0.1640158 0.1640158 0.0512791 0.0457546 0.0000000 0.1741146 
Microbiotheriidae_Dromiciops_gliroides       0.1433325 0.1494240 0.1298822 0.1417264 0.1402994 0.1650029 0.1354339 0.1349840 0.1371898 0.1721215 0.1283327 0.1554950 0.1265461 0.1453157 0.1708414 0.1623645 0.1467760 0.1442519 0.1432707 0.1976117 0.2002867 0.1431016 0.1241462 0.1468111 0.1466862 0.1424469 0.1644546 0.1387797 0.1683150 0.1649271 0.1757105 0.1526369 0.1526369 0.1805191 0.1614712 0.1741146 0.0000000 
