37
Burramyidae_Burramys_parvus                  0.0000000 0.0485123 0.0519130 0.0427056 0.0436863 0.0571603 0.0368324 0.0395814 0.0391728 0.0866698 0.0505032 0.0399672 0.0552983 0.0598430 0.0343713 0.0458880 0.0518379 0.0533704 0.0611532 0.0730150 0.0394492 0.0444921 0.0824105 0.0768444 0.0533908 0.0408030 0.0554086 0.0463375 0.0386578 0.0519125 0.0672729 0.0461980 0.0505032 0.0362926 0.0820860 0.0550062 0.0724977 
Notoryctidae_Notoryctes_typhlops             0.0485123 0.0000000 0.0615796 0.0500020 0.0520761 0.0553535 0.0457110 0.0491446 0.0483609 0.0857870 0.0570057 0.0500998 0.0500334 0.0623440 0.0442905 0.0519822 0.0510513 0.0514205 0.0623542 0.0761372 0.0475623 0.0508125 0.0882167 0.0872359 0.0558350 0.0521847 0.0608423 0.0538376 0.0462146 0.0555834 0.0786317 0.0576949 0.0570057 0.0458123 0.0799480 0.0552850 0.0754034 
Vombatidae_Lasiorhinus_latifrons             0.0519130 0.0615796 0.0000000 0.0520005 0.0526119 0.0689333 0.0490509 0.0541694 0.0489377 0.0974575 0.0575486 0.0535111 0.0625134 0.0700312 0.0480563 0.0587690 0.0606958 0.0637501 0.0761295 0.0794110 0.0501754 0.0579152 0.0993072 0.0929564 0.0663632 0.0501631 0.0617632 0.0603945 0.0499479 0.0672065 0.0780329 0.0610926 0.0575486 0.0529424 0.0936103 0.0655963 0.0835491 
Potoroidae_Bettongia_penicillata             0.0427056 0.0500020 0.0520005 0.0000000 0.0033751 0.0598710 0.0374902 0.0398304 0.0098325 0.0905835 0.0531193 0.0422242 0.0563504 0.0671484 0.0345979 0.0471875 0.0557777 0.0566353 0.0665746 0.0716619 0.0230014 0.0431000 0.0850828 0.0780040 0.0593876 0.0308998 0.0588634 0.0460533 0.0230923 0.0520737 0.0698816 0.0444038 0.0531193 0.0375237 0.0812055 0.0581354 0.0735522 
Potoroidae_Bettongia_lesueur                 0.0436863 0.0520761 0.0526119 0.0033751 0.0000000 0.0588556 0.0374745 0.0414389 0.0098382 0.0907680 0.0492940 0.0412367 0.0564630 0.0661102 0.0360363 0.0470245 0.0568639 0.0555887 0.0662263 0.0732759 0.0239373 0.0439720 0.0840293 0.0794465 0.0584053 0.0313920 0.0608514 0.0462354 0.0231055 0.0531938 0.0704785 0.0439247 0.0492940 0.0380174 0.0813722 0.0581728 0.0751783 
Dasyuridae_Dasyurus_maculatus                0.0571603 0.0553535 0.0689333 0.0598710 0.0588556 0.0000000 0.0498832 0.0546635 0.0566388 0.0950868 0.0164978 0.0545567 0.0156556 0.0314639 0.0501284 0.0645338 0.0162538 0.0092511 0.0246900 0.0822128 0.0557922 0.0581375 0.0907532 0.0843971 0.0185379 0.0583276 0.0592914 0.0578152 0.0524344 0.0734018 0.0846924 0.0687127 0.0164978 0.0535253 0.0890140 0.0089365 0.0810157 
Phalangeridae_Trichosurus_vulpecula          0.0368324 0.0457110 0.0490509 0.0374902 0.0374745 0.0498832 0.0000000 0.0158044 0.0354936 0.0727124 0.0542692 0.0179337 0.0435013 0.0590383 0.0142690 0.0386630 0.0430994 0.0465255 0.0531532 0.0655624 0.0372329 0.0403772 0.0753805 0.0732402 0.0458355 0.0343108 0.0486719 0.0413040 0.0344818 0.0399423 0.0668428 0.0435215 0.0542692 0.0164379 0.0659553 0.0468038 0.0633715 
Phalangeridae_Spilocuscus_maculatus          0.0395814 0.0491446 0.0541694 0.0398304 0.0414389 0.0546635 0.0158044 0.0000000 0.0387673 0.0813248 0.0380323 0.0177877 0.0511602 0.0637519 0.0102805 0.0433224 0.0490226 0.0533622 0.0586774 0.0729611 0.0385747 0.0424906 0.0860916 0.0802294 0.0534005 0.0411169 0.0539463 0.0467604 0.0412692 0.0439173 0.0695484 0.0489333 0.0380323 0.0127552 0.0722351 0.0545932 0.0725246 
Potoroidae_Aepyprymnus_rufescens             0.0391728 0.0483609 0.0489377 0.0098325 0.0098382 0.0566388 0.0354936 0.0387673 0.0000000 0.0865084 0.0417962 0.0402285 0.0536028 0.0638180 0.0325993 0.0423887 0.0529433 0.0532967 0.0631580 0.0699054 0.0202124 0.0415164 0.0842453 0.0784531 0.0550792 0.0299734 0.0575937 0.0460780 0.0203062 0.0513602 0.0685687 0.0418362 0.0417962 0.0354003 0.0771895 0.0554500 0.0717786 
Peramelidae_Perameles_nasuta                 0.0866698 0.0857870 0.0974575 0.0905835 0.0907680 0.0950868 0.0727124 0.0813248 0.0865084 0.0000000 0.0813700 0.0777364 0.0909525 0.1001851 0.0760958 0.0838391 0.0892424 0.0928699 0.0895321 0.0186754 0.0825480 0.0860913 0.1265029 0.1189641 0.0932296 0.0810252 0.0925590 0.0925167 0.0804161 0.0884214 0.1278451 0.0953832 0.0813700 0.0755941 0.0154473 0.0907739 0.0005809 
Myrmecobiidae_Myrmecobius_fasciatus1         0.0505032 0.0570057 0.0575486 0.0531193 0.0492940 0.0164978 0.0542692 0.0380323 0.0417962 0.0813700 0.0000000 0.0421865 0.0167730 0.0350167 0.0420524 0.0442519 0.0144340 0.0165026 0.0225076 0.0588278 0.0494004 0.0514441 0.0868759 0.0666461 0.0206715 0.0611517 0.0485741 0.0585520 0.0467109 0.1089455 0.0477267 0.0472908 0.0000010 0.0458225 0.0317461 0.0131292 0.0778434 
Phalangeridae_Strigocuscus_pelengensis       0.0399672 0.0500998 0.0535111 0.0422242 0.0412367 0.0545567 0.0179337 0.0177877 0.0402285 0.0777364 0.0421865 0.0000000 0.0512991 0.0638214 0.0147789 0.0426207 0.0485952 0.0532631 0.0580894 0.0699300 0.0400105 0.0447207 0.0799713 0.0776958 0.0523359 0.0414495 0.0542847 0.0481967 0.0401706 0.0456146 0.0710280 0.0488887 0.0421865 0.0136447 0.0671123 0.0550029 0.0704433 
Dasyuridae_Phascogale_tapoatafa              0.0552983 0.0500334 0.0625134 0.0563504 0.0564630 0.0156556 0.0435013 0.0511602 0.0536028 0.0909525 0.0167730 0.0512991 0.0000000 0.0299275 0.0455747 0.0616208 0.0027247 0.0114445 0.0227572 0.0802011 0.0550164 0.0583894 0.0855992 0.0795107 0.0096295 0.0550218 0.0589810 0.0560132 0.0508912 0.0691929 0.0811388 0.0641431 0.0167730 0.0476697 0.0850562 0.0137335 0.0767366 
Dasyuridae_Sminthopsis_macroura              0.0598430 0.0623440 0.0700312 0.0671484 0.0661102 0.0314639 0.0590383 0.0637519 0.0638180 0.1001851 0.0350167 0.0638214 0.0299275 0.0000000 0.0575496 0.0699859 0.0307151 0.0286459 0.0228520 0.0870750 0.0629867 0.0643451 0.0901905 0.0871053 0.0308748 0.0661284 0.0634020 0.0614507 0.0595820 0.0716081 0.0854844 0.0737228 0.0350167 0.0603266 0.0990029 0.0271590 0.0862733 
Phalangeridae_Phalanger_orientalis           0.0343713 0.0442905 0.0480563 0.0345979 0.0360363 0.0501284 0.0142690 0.0102805 0.0325993 0.0760958 0.0420524 0.0147789 0.0455747 0.0575496 0.0000000 0.0402171 0.0431099 0.0476851 0.0524467 0.0672273 0.0334253 0.0393532 0.0769378 0.0736637 0.0474164 0.0367787 0.0498124 0.0422301 0.0340853 0.0405477 0.0651595 0.0435839 0.0420524 0.0053087 0.0672614 0.0499993 0.0651142 
Acrobatidae_Acrobates_pygmaeus               0.0458880 0.0519822 0.0587690 0.0471875 0.0470245 0.0645338 0.0386630 0.0433224 0.0423887 0.0838391 0.0442519 0.0426207 0.0616208 0.0699859 0.0402171 0.0000000 0.0612016 0.0598365 0.0718283 0.0740346 0.0454882 0.0372475 0.0897660 0.0842439 0.0648647 0.0428905 0.0582381 0.0473606 0.0449602 0.0434278 0.0687800 0.0401307 0.0442519 0.0447667 0.0769195 0.0630048 0.0749664 
Dasyuridae_Phascogale_calura                 0.0518379 0.0510513 0.0606958 0.0557777 0.0568639 0.0162538 0.0430994 0.0490226 0.0529433 0.0892424 0.0144340 0.0485952 0.0027247 0.0307151 0.0431099 0.0612016 0.0000000 0.0145146 0.0236471 0.0766298 0.0516951 0.0559138 0.0882679 0.0810949 0.0107512 0.0521248 0.0558214 0.0540331 0.0480796 0.0665910 0.0785067 0.0632088 0.0144340 0.0460366 0.0825581 0.0143655 0.0743708 
Dasyuridae_Sarcophilus_harrisii              0.0533704 0.0514205 0.0637501 0.0566353 0.0555887 0.0092511 0.0465255 0.0533622 0.0532967 0.0928699 0.0165026 0.0532631 0.0114445 0.0286459 0.0476851 0.0598365 0.0145146 0.0000000 0.0239399 0.0806593 0.0541480 0.0572774 0.0872050 0.0814899 0.0154201 0.0545698 0.0555330 0.0571632 0.0506875 0.0729082 0.0831689 0.0629885 0.0165026 0.0492084 0.0894720 0.0061192 0.0789657 
Dasyuridae_Planigale_tenuirostris            0.0611532 0.0623542 0.0761295 0.0665746 0.0662263 0.0246900 0.0531532 0.0586774 0.0631580 0.0895321 0.0225076 0.0580894 0.0227572 0.0228520 0.0524467 0.0718283 0.0236471 0.0239399 0.0000000 0.0843065 0.0614498 0.0641842 0.1030793 0.0916528 0.0229194 0.0642184 0.0646783 0.0599541 0.0601347 0.0754894 0.0917950 0.0769229 0.0225076 0.0521140 0.0899675 0.0234767 0.0797977 
Peramelidae_Echymipera_kalubu                0.0730150 0.0761372 0.0794110 0.0716619 0.0732759 0.0822128 0.0655624 0.0729611 0.0699054 0.0186754 0.0588278 0.0699300 0.0802011 0.0870750 0.0672273 0.0740346 0.0766298 0.0806593 0.0843065 0.0000000 0.0673958 0.0720248 0.1048902 0.1017397 0.0795252 0.0696594 0.0814502 0.0775720 0.0650370 0.0920007 0.1079806 0.0797867 0.0588278 0.0706480 0.0127120 0.0797193 0.0164740 
Macropodidae_Dorcopsulus_vanheurni           0.0394492 0.0475623 0.0501754 0.0230014 0.0239373 0.0557922 0.0372329 0.0385747 0.0202124 0.0825480 0.0494004 0.0400105 0.0550164 0.0629867 0.0334253 0.0454882 0.0516951 0.0541480 0.0614498 0.0673958 0.0000000 0.0414554 0.0861996 0.0803061 0.0569122 0.0316959 0.0536603 0.0459346 0.0077131 0.0502382 0.0672575 0.0437153 0.0494004 0.0362867 0.0732177 0.0557216 0.0691388 
Pseudochiridae_Pseudochirulus_forbesi        0.0444921 0.0508125 0.0579152 0.0431000 0.0439720 0.0581375 0.0403772 0.0424906 0.0415164 0.0860913 0.0514441 0.0447207 0.0583894 0.0643451 0.0393532 0.0372475 0.0559138 0.0572774 0.0641842 0.0720248 0.0414554 0.0000000 0.0840903 0.0786952 0.0607449 0.0418710 0.0550776 0.0253559 0.0416474 0.0248007 0.0597186 0.0462946 0.0514441 0.0410543 0.0786274 0.0565310 0.0734080 
Didelphidae_Didelphis_virginiana             0.0824105 0.0882167 0.0993072 0.0850828 0.0840293 0.0907532 0.0753805 0.0860916 0.0842453 0.1265029 0.0868759 0.0799713 0.0855992 0.0901905 0.0769378 0.0897660 0.0882679 0.0872050 0.1030793 0.1048902 0.0861996 0.0840903 0.0000000 0.0356156 0.0900353 0.0839924 0.0842851 0.0840772 0.0835318 0.1033835 0.0990865 0.0839366 0.0868759 0.0813179 0.1323308 0.0894074 0.1014072 
Marmosidae_Monodelphis_domestica             0.0768444 0.0872359 0.0929564 0.0780040 0.0794465 0.0843971 0.0732402 0.0802294 0.0784531 0.1189641 0.0666461 0.0776958 0.0795107 0.0871053 0.0736637 0.0842439 0.0810949 0.0814899 0.0916528 0.1017397 0.0803061 0.0786952 0.0356156 0.0000000 0.0833241 0.0806232 0.0806358 0.0888287 0.0806013 0.1028274 0.1017632 0.0873409 0.0666461 0.0762478 0.1148459 0.0822450 0.0987335 
Dasyuridae_Antechinus_stuartii               0.0533908 0.0558350 0.0663632 0.0593876 0.0584053 0.0185379 0.0458355 0.0534005 0.0550792 0.0932296 0.0206715 0.0523359 0.0096295 0.0308748 0.0474164 0.0648647 0.0107512 0.0154201 0.0229194 0.0795252 0.0569122 0.0607449 0.0900353 0.0833241 0.0000000 0.0558512 0.0600169 0.0564370 0.0528612 0.0729954 0.0800358 0.0672711 0.0206715 0.0502156 0.0870368 0.0153366 0.0788936 
Hypsiprymnodontidae_Hypsiprymnodon_moschatus 0.0408030 0.0521847 0.0501631 0.0308998 0.0313920 0.0583276 0.0343108 0.0411169 0.0299734 0.0810252 0.0611517 0.0414495 0.0550218 0.0661284 0.0367787 0.0428905 0.0521248 0.0545698 0.0642184 0.0696594 0.0316959 0.0418710 0.0839924 0.0806232 0.0558512 0.0000000 0.0508610 0.0468861 0.0294871 0.0485537 0.0703834 0.0465900 0.0611517 0.0398191 0.0724867 0.0561808 0.0708781 
Microbiotheriidae_Dromiciops_gliroides       0.0554086 0.0608423 0.0617632 0.0588634 0.0608514 0.0592914 0.0486719 0.0539463 0.0575937 0.0925590 0.0485741 0.0542847 0.0589810 0.0634020 0.0498124 0.0582381 0.0558214 0.0555330 0.0646783 0.0814502 0.0536603 0.0550776 0.0842851 0.0806358 0.0600169 0.0508610 0.0000000 0.0615339 0.0543302 0.0665223 0.0716209 0.0592898 0.0485741 0.0526927 0.0881267 0.0549933 0.0780688 
Pseudochiridae_Petauroides_volans            0.0463375 0.0538376 0.0603945 0.0460533 0.0462354 0.0578152 0.0413040 0.0467604 0.0460780 0.0925167 0.0585520 0.0481967 0.0560132 0.0614507 0.0422301 0.0473606 0.0540331 0.0571632 0.0599541 0.0775720 0.0459346 0.0253559 0.0840772 0.0888287 0.0564370 0.0468861 0.0615339 0.0000000 0.0441760 0.0255313 0.0620329 0.0474012 0.0585520 0.0441457 0.0855823 0.0559829 0.0775530 
Macropodidae_Wallabia_bicolor                0.0386578 0.0462146 0.0499479 0.0230923 0.0231055 0.0524344 0.0344818 0.0412692 0.0203062 0.0804161 0.0467109 0.0401706 0.0508912 0.0595820 0.0340853 0.0449602 0.0480796 0.0506875 0.0601347 0.0650370 0.0077131 0.0416474 0.0835318 0.0806013 0.0528612 0.0294871 0.0543302 0.0441760 0.0000000 0.0496035 0.0670348 0.0454059 0.0467109 0.0359551 0.0718688 0.0513422 0.0678503 
Pseudochiridae_Pseudocheirus_occidentalis    0.0519125 0.0555834 0.0672065 0.0520737 0.0531938 0.0734018 0.0399423 0.0439173 0.0513602 0.0884214 0.1089455 0.0456146 0.0691929 0.0716081 0.0405477 0.0434278 0.0665910 0.0729082 0.0754894 0.0920007 0.0502382 0.0248007 0.1033835 0.1028274 0.0729954 0.0485537 0.0665223 0.0255313 0.0496035 0.0000000 0.0742482 0.0496221 0.1089455 0.0399334 0.0858374 0.0712567 0.0897476 
Tarsipedidae_Tarsipes_rostratus              0.0672729 0.0786317 0.0780329 0.0698816 0.0704785 0.0846924 0.0668428 0.0695484 0.0685687 0.1278451 0.0477267 0.0710280 0.0811388 0.0854844 0.0651595 0.0687800 0.0785067 0.0831689 0.0917950 0.1079806 0.0672575 0.0597186 0.0990865 0.1017632 0.0800358 0.0703834 0.0716209 0.0620329 0.0670348 0.0742482 0.0000000 0.0691451 0.0477267 0.0691616 0.1244038 0.0809635 0.1061496 
Acrobatidae_Distoechurus_pennatus            0.0461980 0.0576949 0.0610926 0.0444038 0.0439247 0.0687127 0.0435215 0.0489333 0.0418362 0.0953832 0.0472908 0.0488887 0.0641431 0.0737228 0.0435839 0.0401307 0.0632088 0.0629885 0.0769229 0.0797867 0.0437153 0.0462946 0.0839366 0.0873409 0.0672711 0.0465900 0.0592898 0.0474012 0.0454059 0.0496221 0.0691451 0.0000000 0.0472908 0.0465538 0.0928428 0.0646998 0.0810848 
Myrmecobiidae_Myrmecobius_fasciatus2         0.0505032 0.0570057 0.0575486 0.0531193 0.0492940 0.0164978 0.0542692 0.0380323 0.0417962 0.0813700 0.0000010 0.0421865 0.0167730 0.0350167 0.0420524 0.0442519 0.0144340 0.0165026 0.0225076 0.0588278 0.0494004 0.0514441 0.0868759 0.0666461 0.0206715 0.0611517 0.0485741 0.0585520 0.0467109 0.1089455 0.0477267 0.0472908 0.0000000 0.0458225 0.0317461 0.0131292 0.0778434 
Phalangeridae_Phalanger_carmelitae           0.0362926 0.0458123 0.0529424 0.0375237 0.0380174 0.0535253 0.0164379 0.0127552 0.0354003 0.0755941 0.0458225 0.0136447 0.0476697 0.0603266 0.0053087 0.0447667 0.0460366 0.0492084 0.0521140 0.0706480 0.0362867 0.0410543 0.0813179 0.0762478 0.0502156 0.0398191 0.0526927 0.0441457 0.0359551 0.0399334 0.0691616 0.0465538 0.0458225 0.0000000 0.0667355 0.0517656 0.0678229 
Peramelidae_Peroryctes_raffrayana            0.0820860 0.0799480 0.0936103 0.0812055 0.0813722 0.0890140 0.0659553 0.0722351 0.0771895 0.0154473 0.0317461 0.0671123 0.0850562 0.0990029 0.0672614 0.0769195 0.0825581 0.0894720 0.0899675 0.0127120 0.0732177 0.0786274 0.1323308 0.1148459 0.0870368 0.0724867 0.0881267 0.0855823 0.0718688 0.0858374 0.1244038 0.0928428 0.0317461 0.0667355 0.0000000 0.0873512 0.0145174 
Dasyuridae_Dasyurus_geffroii                 0.0550062 0.0552850 0.0655963 0.0581354 0.0581728 0.0089365 0.0468038 0.0545932 0.0554500 0.0907739 0.0131292 0.0550029 0.0137335 0.0271590 0.0499993 0.0630048 0.0143655 0.0061192 0.0234767 0.0797193 0.0557216 0.0565310 0.0894074 0.0822450 0.0153366 0.0561808 0.0549933 0.0559829 0.0513422 0.0712567 0.0809635 0.0646998 0.0131292 0.0517656 0.0873512 0.0000000 0.0775219 
Peramelidae_Perameles_gunnii                 0.0724977 0.0754034 0.0835491 0.0735522 0.0751783 0.0810157 0.0633715 0.0725246 0.0717786 0.0005809 0.0778434 0.0704433 0.0767366 0.0862733 0.0651142 0.0749664 0.0743708 0.0789657 0.0797977 0.0164740 0.0691388 0.0734080 0.1014072 0.0987335 0.0788936 0.0708781 0.0780688 0.0775530 0.0678503 0.0897476 0.1061496 0.0810848 0.0778434 0.0678229 0.0145174 0.0775219 0.0000000 
