35
Burramyidae_Burramys_parvus                  0.0000000 0.0958281 0.0669100 0.0769026 0.0753825 0.1139805 0.0686392 0.0613675 0.0749989 0.1050125 0.0708018 0.1158397 0.1167639 0.0596280 0.0710006 0.1147079 0.1094255 0.1124428 0.0979731 0.0664601 0.0734796 0.1408137 0.1968149 0.1144202 0.0701107 0.0784697 0.0653918 0.0640420 0.0716325 0.0745773 0.0686768 0.0650855 0.1082848 0.1105494 0.1041607 
Notoryctidae_Notoryctes_typhlops             0.0958281 0.0000000 0.1063799 0.1225916 0.1240656 0.1444392 0.1257497 0.1160034 0.1252914 0.1233258 0.1273960 0.1433166 0.1446382 0.1141144 0.1236683 0.1461819 0.1399399 0.1401385 0.1178443 0.1179815 0.1307333 0.1577983 0.2322459 0.1419214 0.1175131 0.1114542 0.1278848 0.1141329 0.1285111 0.1313141 0.1290642 0.1213138 0.1252182 0.1413525 0.1248425 
Vombatidae_Lasiorhinus_latifrons             0.0669100 0.1063799 0.0000000 0.0844148 0.0841759 0.1263344 0.0852030 0.0733944 0.0851702 0.1091712 0.0869521 0.1222907 0.1255845 0.0759503 0.0838117 0.1214591 0.1216849 0.1200754 0.1062667 0.0756909 0.0874306 0.1465719 0.2072484 0.1227503 0.0800838 0.0921575 0.0831001 0.0773585 0.0801253 0.0943888 0.0935663 0.0820278 0.1148771 0.1259044 0.1080602 
Potoroidae_Bettongia_penicillata             0.0769026 0.1225916 0.0844148 0.0000000 0.0044345 0.1419223 0.0903872 0.0796249 0.0125623 0.1269887 0.0917974 0.1410906 0.1347649 0.0793218 0.0856497 0.1395042 0.1345746 0.1366800 0.1257857 0.0240963 0.0852706 0.1676917 0.2230072 0.1358088 0.0491649 0.1119554 0.0796214 0.0250601 0.0819505 0.0930148 0.0894988 0.0860221 0.1302083 0.1392381 0.1273168 
Potoroidae_Bettongia_lesueur                 0.0753825 0.1240656 0.0841759 0.0044345 0.0000000 0.1437159 0.0889312 0.0779856 0.0117580 0.1287008 0.0903399 0.1428744 0.1365038 0.0775730 0.0842198 0.1396803 0.1362985 0.1400568 0.1256741 0.0225642 0.0848958 0.1677624 0.2221443 0.1367573 0.0490940 0.1117014 0.0792174 0.0235742 0.0806700 0.0916073 0.0878092 0.0844160 0.1333270 0.1410005 0.1283932 
Dasyuridae_Dasyurus_maculatus                0.1139805 0.1444392 0.1263344 0.1419223 0.1437159 0.0000000 0.1446123 0.1306970 0.1428783 0.1479792 0.1435532 0.0255278 0.0398771 0.1319459 0.1362212 0.0267602 0.0045123 0.0350995 0.1472578 0.1365376 0.1318468 0.1778639 0.2254860 0.0272111 0.1391833 0.1349485 0.1330843 0.1365846 0.1320023 0.1509963 0.1379327 0.1363825 0.1571422 0.0041626 0.1475466 
Phalangeridae_Trichosurus_vulpecula          0.0686392 0.1257497 0.0852030 0.0903872 0.0889312 0.1446123 0.0000000 0.0361365 0.0914449 0.1255736 0.0318390 0.1467225 0.1470229 0.0369341 0.0854478 0.1446913 0.1407353 0.1421751 0.1231574 0.0788295 0.0840779 0.1664392 0.2188687 0.1468942 0.0848481 0.1099674 0.0785463 0.0795221 0.0820611 0.1006811 0.0898689 0.0262164 0.1360481 0.1419839 0.1245237 
Phalangeridae_Spilocuscus_maculatus          0.0613675 0.1160034 0.0733944 0.0796249 0.0779856 0.1306970 0.0361365 0.0000000 0.0817283 0.1112889 0.0264596 0.1318696 0.1333966 0.0099557 0.0759367 0.1289884 0.1269662 0.1296125 0.1121522 0.0666153 0.0812023 0.1498305 0.1924438 0.1312357 0.0766551 0.1032991 0.0769803 0.0700169 0.0723131 0.0896962 0.0807390 0.0214172 0.1191275 0.1281466 0.1142954 
Potoroidae_Aepyprymnus_rufescens             0.0749989 0.1252914 0.0851702 0.0125623 0.0117580 0.1428783 0.0914449 0.0817283 0.0000000 0.1270858 0.0919312 0.1439611 0.1376137 0.0814320 0.0836598 0.1423803 0.1355012 0.1390504 0.1253271 0.0227099 0.0864096 0.1672258 0.2165821 0.1386460 0.0520867 0.1130419 0.0781988 0.0242258 0.0782948 0.0941637 0.0887231 0.0868651 0.1307797 0.1401805 0.1293996 
Peramelidae_Perameles_nasuta                 0.1050125 0.1233258 0.1091712 0.1269887 0.1287008 0.1479792 0.1255736 0.1112889 0.1270858 0.0000000 0.1249363 0.1438426 0.1461863 0.1061771 0.1195395 0.1472350 0.1419257 0.1433065 0.0136398 0.1223710 0.1328206 0.1553797 0.2251512 0.1498133 0.1266095 0.1171269 0.1228212 0.1219991 0.1279234 0.1286653 0.1263067 0.1195009 0.0167231 0.1467961 0.0013329 
Phalangeridae_Strigocuscus_pelengensis       0.0708018 0.1273960 0.0869521 0.0917974 0.0903399 0.1435532 0.0318390 0.0264596 0.0919312 0.1249363 0.0000000 0.1456918 0.1492446 0.0255499 0.0838892 0.1426320 0.1404888 0.1433451 0.1226230 0.0746581 0.0922722 0.1638422 0.2021762 0.1461578 0.0863056 0.1109603 0.0860052 0.0799974 0.0824814 0.1033449 0.0909995 0.0109314 0.1319047 0.1409324 0.1250545 
Dasyuridae_Phascogale_tapoatafa              0.1158397 0.1433166 0.1222907 0.1410906 0.1428744 0.0255278 0.1467225 0.1318696 0.1439611 0.1438426 0.1456918 0.0000000 0.0346956 0.1331261 0.1378389 0.0034896 0.0204063 0.0338781 0.1404866 0.1431806 0.1370571 0.1752595 0.2207461 0.0108107 0.1409832 0.1325626 0.1373045 0.1403297 0.1339889 0.1495452 0.1409158 0.1399518 0.1482546 0.0249944 0.1444658 
Dasyuridae_Sminthopsis_macroura              0.1167639 0.1446382 0.1255845 0.1347649 0.1365038 0.0398771 0.1470229 0.1333966 0.1376137 0.1461863 0.1492446 0.0346956 0.0000000 0.1356113 0.1320628 0.0334255 0.0355039 0.0266121 0.1502624 0.1378922 0.1352240 0.1759903 0.2312172 0.0338912 0.1342133 0.1309069 0.1348897 0.1328554 0.1337645 0.1398607 0.1391145 0.1433161 0.1511327 0.0393823 0.1466115 
Phalangeridae_Phalanger_orientalis           0.0596280 0.1141144 0.0759503 0.0793218 0.0775730 0.1319459 0.0369341 0.0099557 0.0814320 0.1061771 0.0255499 0.1331261 0.1356113 0.0000000 0.0793086 0.1302323 0.1273642 0.1290273 0.1099556 0.0667631 0.0822319 0.1478759 0.1943891 0.1324344 0.0769950 0.1013827 0.0780203 0.0716966 0.0733988 0.0930323 0.0788956 0.0153731 0.1133652 0.1293838 0.1102385 
Acrobatidae_Acrobates_pygmaeus               0.0710006 0.1236683 0.0838117 0.0856497 0.0842198 0.1362212 0.0854478 0.0759367 0.0836598 0.1195395 0.0838892 0.1378389 0.1320628 0.0793086 0.0000000 0.1368550 0.1322652 0.1349051 0.1172861 0.0667045 0.0705781 0.1560229 0.1982418 0.1404866 0.0768157 0.1063460 0.0660878 0.0713258 0.0671659 0.0801013 0.0414110 0.0844565 0.1249606 0.1326828 0.1226198 
Dasyuridae_Phascogale_calura                 0.1147079 0.1461819 0.1214591 0.1395042 0.1396803 0.0267602 0.1446913 0.1289884 0.1423803 0.1472350 0.1426320 0.0034896 0.0334255 0.1302323 0.1368550 0.0000000 0.0220536 0.0335513 0.1452903 0.1410942 0.1375779 0.1768428 0.2197879 0.0104481 0.1414064 0.1331302 0.1370483 0.1399334 0.1344508 0.1484511 0.1397618 0.1370397 0.1533678 0.0262129 0.1474795 
Dasyuridae_Sarcophilus_harrisii              0.1094255 0.1399399 0.1216849 0.1345746 0.1362985 0.0045123 0.1407353 0.1269662 0.1355012 0.1419257 0.1404888 0.0204063 0.0355039 0.1273642 0.1322652 0.0220536 0.0000000 0.0303877 0.1426257 0.1314756 0.1272756 0.1728625 0.2212495 0.0240278 0.1351583 0.1310743 0.1291398 0.1318305 0.1268075 0.1460853 0.1348621 0.1326055 0.1512699 0.0048558 0.1429051 
Dasyuridae_Planigale_tenuirostris            0.1124428 0.1401385 0.1200754 0.1366800 0.1400568 0.0350995 0.1421751 0.1296125 0.1390504 0.1433065 0.1433451 0.0338781 0.0266121 0.1290273 0.1349051 0.0335513 0.0303877 0.0000000 0.1428653 0.1341539 0.1351891 0.1754544 0.2252611 0.0330609 0.1360255 0.1282422 0.1367537 0.1341185 0.1347626 0.1437704 0.1384240 0.1365680 0.1522325 0.0346341 0.1437909 
Peramelidae_Echymipera_kalubu                0.0979731 0.1178443 0.1062667 0.1257857 0.1256741 0.1472578 0.1231574 0.1121522 0.1253271 0.0136398 0.1226230 0.1404866 0.1502624 0.1099556 0.1172861 0.1452903 0.1426257 0.1428653 0.0000000 0.1186422 0.1249201 0.1484640 0.2157860 0.1495212 0.1217895 0.1125645 0.1167062 0.1147838 0.1199265 0.1291879 0.1247363 0.1183131 0.0109060 0.1452043 0.0162399 
Macropodidae_Dorcopsulus_vanheurni           0.0664601 0.1179815 0.0756909 0.0240963 0.0225642 0.1365376 0.0788295 0.0666153 0.0227099 0.1223710 0.0746581 0.1431806 0.1378922 0.0667631 0.0667045 0.1410942 0.1314756 0.1341539 0.1186422 0.0000000 0.0798184 0.1619518 0.1980721 0.1379781 0.0423066 0.1029497 0.0710122 0.0063828 0.0720243 0.0845460 0.0740980 0.0717903 0.1284564 0.1327991 0.1222116 
Pseudochiridae_Pseudochirulus_forbesi        0.0734796 0.1307333 0.0874306 0.0852706 0.0848958 0.1318468 0.0840779 0.0812023 0.0864096 0.1328206 0.0922722 0.1370571 0.1352240 0.0822319 0.0705781 0.1375779 0.1272756 0.1351891 0.1249201 0.0798184 0.0000000 0.1624252 0.2191022 0.1381257 0.0789962 0.1134247 0.0356591 0.0796852 0.0168649 0.0699181 0.0720101 0.0859576 0.1367922 0.1298523 0.1304980 
Didelphidae_Didelphis_virginiana             0.1408137 0.1577983 0.1465719 0.1676917 0.1677624 0.1778639 0.1664392 0.1498305 0.1672258 0.1553797 0.1638422 0.1752595 0.1759903 0.1478759 0.1560229 0.1768428 0.1728625 0.1754544 0.1484640 0.1619518 0.1624252 0.0000000 0.1093521 0.1798587 0.1609800 0.1436669 0.1684647 0.1593544 0.1685396 0.1744328 0.1665388 0.1560208 0.1532245 0.1770038 0.1533906 
Marmosidae_Monodelphis_domestica             0.1968149 0.2322459 0.2072484 0.2230072 0.2221443 0.2254860 0.2188687 0.1924438 0.2165821 0.2251512 0.2021762 0.2207461 0.2312172 0.1943891 0.1982418 0.2197879 0.2212495 0.2252611 0.2157860 0.1980721 0.2191022 0.1093521 0.0000000 0.2254417 0.2060149 0.2056710 0.2287129 0.1985286 0.2231153 0.2219619 0.2159350 0.1951438 0.2425535 0.2240710 0.2160745 
Dasyuridae_Antechinus_stuartii               0.1144202 0.1419214 0.1227503 0.1358088 0.1367573 0.0272111 0.1468942 0.1312357 0.1386460 0.1498133 0.1461578 0.0108107 0.0338912 0.1324344 0.1404866 0.0104481 0.0240278 0.0330609 0.1495212 0.1379781 0.1381257 0.1798587 0.2254417 0.0000000 0.1377305 0.1336950 0.1377300 0.1368185 0.1353663 0.1468205 0.1404536 0.1398180 0.1548595 0.0278883 0.1498232 
Hypsiprymnodontidae_Hypsiprymnodon_moschatus 0.0701107 0.1175131 0.0800838 0.0491649 0.0490940 0.1391833 0.0848481 0.0766551 0.0520867 0.1266095 0.0863056 0.1409832 0.1342133 0.0769950 0.0768157 0.1414064 0.1351583 0.1360255 0.1217895 0.0423066 0.0789962 0.1609800 0.2060149 0.1377305 0.0000000 0.1042791 0.0744302 0.0400427 0.0787471 0.0849603 0.0840395 0.0823556 0.1277008 0.1347561 0.1257725 
Microbiotheriidae_Dromiciops_gliroides       0.0784697 0.1114542 0.0921575 0.1119554 0.1117014 0.1349485 0.1099674 0.1032991 0.1130419 0.1171269 0.1109603 0.1325626 0.1309069 0.1013827 0.1063460 0.1331302 0.1310743 0.1282422 0.1125645 0.1029497 0.1134247 0.1436669 0.2056710 0.1336950 0.1042791 0.0000000 0.1121050 0.1023570 0.1187936 0.1237970 0.1121166 0.1058366 0.1233784 0.1319143 0.1173768 
Pseudochiridae_Petauroides_volans            0.0653918 0.1278848 0.0831001 0.0796214 0.0792174 0.1330843 0.0785463 0.0769803 0.0781988 0.1228212 0.0860052 0.1373045 0.1348897 0.0780203 0.0660878 0.1370483 0.1291398 0.1367537 0.1167062 0.0710122 0.0356591 0.1684647 0.2287129 0.1377300 0.0744302 0.1121050 0.0000000 0.0725684 0.0321540 0.0657254 0.0691649 0.0784305 0.1292663 0.1295512 0.1243757 
Macropodidae_Wallabia_bicolor                0.0640420 0.1141329 0.0773585 0.0250601 0.0235742 0.1365846 0.0795221 0.0700169 0.0242258 0.1219991 0.0799974 0.1403297 0.1328554 0.0716966 0.0713258 0.1399334 0.1318305 0.1341185 0.1147838 0.0063828 0.0796852 0.1593544 0.1985286 0.1368185 0.0400427 0.1023570 0.0725684 0.0000000 0.0725715 0.0847479 0.0777256 0.0757298 0.1252796 0.1330329 0.1194154 
Pseudochiridae_Pseudocheirus_occidentalis    0.0716325 0.1285111 0.0801253 0.0819505 0.0806700 0.1320023 0.0820611 0.0723131 0.0782948 0.1279234 0.0824814 0.1339889 0.1337645 0.0733988 0.0671659 0.1344508 0.1268075 0.1347626 0.1199265 0.0720243 0.0168649 0.1685396 0.2231153 0.1353663 0.0787471 0.1187936 0.0321540 0.0725715 0.0000000 0.0669543 0.0691467 0.0795519 0.1351820 0.1297890 0.1269225 
Tarsipedidae_Tarsipes_rostratus              0.0745773 0.1313141 0.0943888 0.0930148 0.0916073 0.1509963 0.1006811 0.0896962 0.0941637 0.1286653 0.1033449 0.1495452 0.1398607 0.0930323 0.0801013 0.1484511 0.1460853 0.1437704 0.1291879 0.0845460 0.0699181 0.1744328 0.2219619 0.1468205 0.0849603 0.1237970 0.0657254 0.0847479 0.0669543 0.0000000 0.0822239 0.0993916 0.1309526 0.1488909 0.1316419 
Acrobatidae_Distoechurus_pennatus            0.0686768 0.1290642 0.0935663 0.0894988 0.0878092 0.1379327 0.0898689 0.0807390 0.0887231 0.1263067 0.0909995 0.1409158 0.1391145 0.0788956 0.0414110 0.1397618 0.1348621 0.1384240 0.1247363 0.0740980 0.0720101 0.1665388 0.2159350 0.1404536 0.0840395 0.1121166 0.0691649 0.0777256 0.0691467 0.0822239 0.0000000 0.0848593 0.1331776 0.1348912 0.1269670 
Phalangeridae_Phalanger_carmelitae           0.0650855 0.1213138 0.0820278 0.0860221 0.0844160 0.1363825 0.0262164 0.0214172 0.0868651 0.1195009 0.0109314 0.1399518 0.1433161 0.0153731 0.0844565 0.1370397 0.1326055 0.1365680 0.1183131 0.0717903 0.0859576 0.1560208 0.1951438 0.1398180 0.0823556 0.1058366 0.0784305 0.0757298 0.0795519 0.0993916 0.0848593 0.0000000 0.1270337 0.1338094 0.1207068 
Peramelidae_Peroryctes_raffrayana            0.1082848 0.1252182 0.1148771 0.1302083 0.1333270 0.1571422 0.1360481 0.1191275 0.1307797 0.0167231 0.1319047 0.1482546 0.1511327 0.1133652 0.1249606 0.1533678 0.1512699 0.1522325 0.0109060 0.1284564 0.1367922 0.1532245 0.2425535 0.1548595 0.1277008 0.1233784 0.1292663 0.1252796 0.1351820 0.1309526 0.1331776 0.1270337 0.0000000 0.1557672 0.0190182 
Dasyuridae_Dasyurus_geffroii                 0.1105494 0.1413525 0.1259044 0.1392381 0.1410005 0.0041626 0.1419839 0.1281466 0.1401805 0.1467961 0.1409324 0.0249944 0.0393823 0.1293838 0.1326828 0.0262129 0.0048558 0.0346341 0.1452043 0.1327991 0.1298523 0.1770038 0.2240710 0.0278883 0.1347561 0.1319143 0.1295512 0.1330329 0.1297890 0.1488909 0.1348912 0.1338094 0.1557672 0.0000000 0.1470409 
Peramelidae_Perameles_gunnii                 0.1041607 0.1248425 0.1080602 0.1273168 0.1283932 0.1475466 0.1245237 0.1142954 0.1293996 0.0013329 0.1250545 0.1444658 0.1466115 0.1102385 0.1226198 0.1474795 0.1429051 0.1437909 0.0162399 0.1222116 0.1304980 0.1533906 0.2160745 0.1498232 0.1257725 0.1173768 0.1243757 0.1194154 0.1269225 0.1316419 0.1269670 0.1207068 0.0190182 0.1470409 0.0000000 
