35
Burramyidae_Burramys_parvus                  0.0000000 0.0918836 0.0553691 0.0635581 0.0633370 0.0801565 0.0602774 0.0575444 0.0580027 0.0877560 0.0531415 0.0769271 0.0798026 0.0458007 0.0563503 0.0769554 0.0793479 0.0743824 0.0855128 0.0624596 0.0667925 0.0930115 0.0946575 0.0803630 0.0576744 0.0819855 0.0634335 0.0626875 0.0816480 0.0862255 0.0562149 0.0449229 0.0903991 0.0823303 0.0896959 
Notoryctidae_Notoryctes_typhlops             0.0918836 0.0000000 0.0876109 0.1031502 0.1019308 0.1146936 0.0978603 0.1026274 0.1001010 0.1091708 0.0955135 0.1129026 0.1166893 0.0878054 0.0911444 0.1112308 0.1137503 0.1122226 0.1131601 0.1079391 0.1038339 0.1141205 0.1203462 0.1148819 0.1043558 0.1086691 0.1048393 0.1065804 0.1281641 0.1224454 0.0985881 0.0880074 0.1164228 0.1175189 0.1120017 
Vombatidae_Lasiorhinus_latifrons             0.0553691 0.0876109 0.0000000 0.0712597 0.0701168 0.0820218 0.0685236 0.0685621 0.0679541 0.0910594 0.0640433 0.0840689 0.0834470 0.0573631 0.0664546 0.0825766 0.0837962 0.0793837 0.0888326 0.0705092 0.0719151 0.0923612 0.0938865 0.0856049 0.0666826 0.0796984 0.0696346 0.0710837 0.0901605 0.0914790 0.0648796 0.0551949 0.0941702 0.0870077 0.0920575 
Potoroidae_Bettongia_penicillata             0.0635581 0.1031502 0.0712597 0.0000000 0.0055481 0.0938239 0.0797628 0.0764596 0.0160939 0.0987411 0.0669488 0.0943655 0.0946933 0.0638392 0.0679132 0.0955608 0.0939882 0.0926123 0.0951566 0.0319758 0.0767634 0.1028125 0.1055115 0.0979433 0.0427959 0.0949146 0.0761850 0.0299525 0.0943840 0.0973740 0.0684166 0.0615625 0.1003028 0.0977988 0.1017378 
Potoroidae_Bettongia_lesueur                 0.0633370 0.1019308 0.0701168 0.0055481 0.0000000 0.0944979 0.0790819 0.0771739 0.0168423 0.0970153 0.0683078 0.0957753 0.0965803 0.0651414 0.0697200 0.0969743 0.0947164 0.0934641 0.0953581 0.0324398 0.0768564 0.1050837 0.1073788 0.0993772 0.0428883 0.0942862 0.0764378 0.0304399 0.0945866 0.0994510 0.0691870 0.0628466 0.0989194 0.0984916 0.0999247 
Dasyuridae_Dasyurus_maculatus                0.0801565 0.1146936 0.0820218 0.0938239 0.0944979 0.0000000 0.0953971 0.0952900 0.0910207 0.1065353 0.0852704 0.0161911 0.0267901 0.0805838 0.0872101 0.0169015 0.0056402 0.0225872 0.1033347 0.0924117 0.0961721 0.1037493 0.1083921 0.0168948 0.0887510 0.0925551 0.0953596 0.0917998 0.1126715 0.1108242 0.0848744 0.0802656 0.1073983 0.0059726 0.1070267 
Phalangeridae_Trichosurus_vulpecula          0.0602774 0.0978603 0.0685236 0.0797628 0.0790819 0.0953971 0.0000000 0.0251871 0.0732139 0.1014612 0.0369530 0.0925419 0.0941970 0.0337699 0.0749159 0.0938048 0.0957621 0.0902169 0.0967163 0.0751403 0.0850895 0.1024093 0.1020927 0.0956765 0.0717811 0.0905148 0.0762991 0.0746928 0.1009772 0.1005141 0.0754585 0.0319383 0.1019779 0.0979508 0.1031412 
Phalangeridae_Spilocuscus_maculatus          0.0575444 0.1026274 0.0685621 0.0764596 0.0771739 0.0952900 0.0251871 0.0000000 0.0693469 0.1003276 0.0304310 0.0948396 0.0960652 0.0228546 0.0724702 0.0957664 0.0955051 0.0938116 0.0962706 0.0708638 0.0774285 0.1034356 0.0996756 0.0990553 0.0679493 0.0926414 0.0759556 0.0717063 0.0954699 0.0999380 0.0731318 0.0213837 0.1010863 0.0987205 0.1030950 
Potoroidae_Aepyprymnus_rufescens             0.0580027 0.1001010 0.0679541 0.0160939 0.0168423 0.0910207 0.0732139 0.0693469 0.0000000 0.0962566 0.0632086 0.0914957 0.0910973 0.0586154 0.0656450 0.0915275 0.0913965 0.0874946 0.0931241 0.0280016 0.0719025 0.1038781 0.1013779 0.0949309 0.0373499 0.0877224 0.0721263 0.0260931 0.0917944 0.0942905 0.0658972 0.0564342 0.0965430 0.0943765 0.0986111 
Peramelidae_Perameles_nasuta                 0.0877560 0.1091708 0.0910594 0.0987411 0.0970153 0.1065353 0.1014612 0.1003276 0.0962566 0.0000000 0.0951627 0.1075543 0.1068960 0.0899665 0.0923441 0.1061781 0.1059949 0.1006168 0.0239994 0.0995448 0.0949550 0.1153145 0.1225595 0.1101792 0.0949457 0.1045557 0.0973075 0.1006371 0.1307430 0.1233464 0.0902209 0.0886364 0.0263410 0.1111178 0.0006443 
Phalangeridae_Strigocuscus_pelengensis       0.0531415 0.0955135 0.0640433 0.0669488 0.0683078 0.0852704 0.0369530 0.0304310 0.0632086 0.0951627 0.0000000 0.0844524 0.0870476 0.0147780 0.0643919 0.0865523 0.0854291 0.0858653 0.0918582 0.0657837 0.0727230 0.0971571 0.1001622 0.0888478 0.0626251 0.0861419 0.0711052 0.0649028 0.0888657 0.0890588 0.0647811 0.0140344 0.0981523 0.0891944 0.0975925 
Dasyuridae_Phascogale_tapoatafa              0.0769271 0.1129026 0.0840689 0.0943655 0.0957753 0.0161911 0.0925419 0.0948396 0.0914957 0.1075543 0.0844524 0.0000000 0.0266110 0.0799405 0.0889422 0.0053395 0.0146985 0.0211902 0.1039471 0.0952629 0.0982212 0.1050780 0.1083371 0.0077657 0.0896847 0.0917950 0.0963840 0.0936457 0.1103839 0.1132056 0.0877187 0.0795665 0.1064825 0.0179151 0.1086938 
Dasyuridae_Sminthopsis_macroura              0.0798026 0.1166893 0.0834470 0.0946933 0.0965803 0.0267901 0.0941970 0.0960652 0.0910973 0.1068960 0.0870476 0.0266110 0.0000000 0.0815314 0.0910153 0.0262287 0.0259408 0.0202697 0.1023129 0.0953963 0.1017285 0.1065792 0.1059704 0.0273810 0.0920104 0.0947956 0.0977721 0.0958347 0.1176055 0.1150523 0.0912430 0.0811493 0.1065023 0.0285597 0.1080151 
Phalangeridae_Phalanger_orientalis           0.0458007 0.0878054 0.0573631 0.0638392 0.0651414 0.0805838 0.0337699 0.0228546 0.0586154 0.0899665 0.0147780 0.0799405 0.0815314 0.0000000 0.0560392 0.0803959 0.0801218 0.0785814 0.0841193 0.0602208 0.0640745 0.0922350 0.0949446 0.0841368 0.0591635 0.0802719 0.0663394 0.0605912 0.0794513 0.0860514 0.0594496 0.0032130 0.0905292 0.0837759 0.0919124 
Acrobatidae_Acrobates_pygmaeus               0.0563503 0.0911444 0.0664546 0.0679132 0.0697200 0.0872101 0.0749159 0.0724702 0.0656450 0.0923441 0.0643919 0.0889422 0.0910153 0.0560392 0.0000000 0.0885437 0.0888567 0.0853248 0.0906022 0.0690067 0.0586830 0.0936954 0.0988528 0.0904099 0.0671819 0.0904131 0.0592665 0.0700184 0.0745812 0.0844139 0.0341737 0.0558959 0.0913483 0.0926823 0.0937762 
Dasyuridae_Phascogale_calura                 0.0769554 0.1112308 0.0825766 0.0955608 0.0969743 0.0169015 0.0938048 0.0957664 0.0915275 0.1061781 0.0865523 0.0053395 0.0262287 0.0803959 0.0885437 0.0000000 0.0161150 0.0223153 0.1025806 0.0955209 0.0976578 0.1046652 0.1073791 0.0091426 0.0903542 0.0908667 0.0960177 0.0947961 0.1107527 0.1138124 0.0875570 0.0800613 0.1049327 0.0186277 0.1072962 
Dasyuridae_Sarcophilus_harrisii              0.0793479 0.1137503 0.0837962 0.0939882 0.0947164 0.0056402 0.0957621 0.0955051 0.0913965 0.1059949 0.0854291 0.0146985 0.0259408 0.0801218 0.0888567 0.0161150 0.0000000 0.0221191 0.1027150 0.0927862 0.0968614 0.1049119 0.1084650 0.0161213 0.0885332 0.0913468 0.0949132 0.0925926 0.1111661 0.1119542 0.0858143 0.0797469 0.1069300 0.0073015 0.1066527 
Dasyuridae_Planigale_tenuirostris            0.0743824 0.1122226 0.0793837 0.0926123 0.0934641 0.0225872 0.0902169 0.0938116 0.0874946 0.1006168 0.0858653 0.0211902 0.0202697 0.0785814 0.0853248 0.0223153 0.0221191 0.0000000 0.0979061 0.0917088 0.0921948 0.0995723 0.1011494 0.0219342 0.0876387 0.0870474 0.0939989 0.0921549 0.1136205 0.1106334 0.0820681 0.0782630 0.1013862 0.0248144 0.1021597 
Peramelidae_Echymipera_kalubu                0.0855128 0.1131601 0.0888326 0.0951566 0.0953581 0.1033347 0.0967163 0.0962706 0.0931241 0.0239994 0.0918582 0.1039471 0.1023129 0.0841193 0.0906022 0.1025806 0.1027150 0.0979061 0.0000000 0.0969540 0.0959398 0.1064018 0.1143760 0.1065279 0.0928478 0.1034576 0.0945540 0.0971026 0.1225946 0.1196454 0.0888264 0.0819050 0.0223554 0.1073024 0.0254069 
Macropodidae_Dorcopsulus_vanheurni           0.0624596 0.1079391 0.0705092 0.0319758 0.0324398 0.0924117 0.0751403 0.0708638 0.0280016 0.0995448 0.0657837 0.0952629 0.0953963 0.0602208 0.0690067 0.0955209 0.0927862 0.0917088 0.0969540 0.0000000 0.0719395 0.1087436 0.1094174 0.0979818 0.0407085 0.0931605 0.0781725 0.0089726 0.0963096 0.0967468 0.0704495 0.0593109 0.0986309 0.0969587 0.1028027 
Pseudochiridae_Pseudochirulus_forbesi        0.0667925 0.1038339 0.0719151 0.0767634 0.0768564 0.0961721 0.0850895 0.0774285 0.0719025 0.0949550 0.0727230 0.0982212 0.1017285 0.0640745 0.0586830 0.0976578 0.0968614 0.0921948 0.0959398 0.0719395 0.0000000 0.1015592 0.1089213 0.1005395 0.0709102 0.1032461 0.0386586 0.0709871 0.0450632 0.0805435 0.0627138 0.0633061 0.0926707 0.1023590 0.0972642 
Didelphidae_Didelphis_virginiana             0.0930115 0.1141205 0.0923612 0.1028125 0.1050837 0.1037493 0.1024093 0.1034356 0.1038781 0.1153145 0.0971571 0.1050780 0.1065792 0.0922350 0.0936954 0.1046652 0.1049119 0.0995723 0.1064018 0.1087436 0.1015592 0.0000000 0.0342933 0.1039907 0.1052144 0.1058536 0.1014850 0.1053916 0.1321456 0.1243368 0.0929384 0.0896255 0.1171612 0.1050611 0.1162211 
Marmosidae_Monodelphis_domestica             0.0946575 0.1203462 0.0938865 0.1055115 0.1073788 0.1083921 0.1020927 0.0996756 0.1013779 0.1225595 0.1001622 0.1083371 0.1059704 0.0949446 0.0988528 0.1073791 0.1084650 0.1011494 0.1143760 0.1094174 0.1089213 0.0342933 0.0000000 0.1081561 0.1048608 0.1060317 0.1059755 0.1087348 0.1386315 0.1305953 0.1007237 0.0920089 0.1234849 0.1096771 0.1229542 
Dasyuridae_Antechinus_stuartii               0.0803630 0.1148819 0.0856049 0.0979433 0.0993772 0.0168948 0.0956765 0.0990553 0.0949309 0.1101792 0.0888478 0.0077657 0.0273810 0.0841368 0.0904099 0.0091426 0.0161213 0.0219342 0.1065279 0.0979818 0.1005395 0.1039907 0.1081561 0.0000000 0.0924612 0.0927642 0.1007996 0.0972314 0.1175044 0.1145109 0.0893398 0.0838052 0.1089661 0.0186378 0.1113527 
Hypsiprymnodontidae_Hypsiprymnodon_moschatus 0.0576744 0.1043558 0.0666826 0.0427959 0.0428883 0.0887510 0.0717811 0.0679493 0.0373499 0.0949457 0.0626251 0.0896847 0.0920104 0.0591635 0.0671819 0.0903542 0.0885332 0.0876387 0.0928478 0.0407085 0.0709102 0.1052144 0.1048608 0.0924612 0.0000000 0.0882815 0.0744729 0.0411524 0.0891728 0.0945087 0.0672587 0.0569692 0.0964090 0.0919289 0.0973768 
Microbiotheriidae_Dromiciops_gliroides       0.0819855 0.1086691 0.0796984 0.0949146 0.0942862 0.0925551 0.0905148 0.0926414 0.0877224 0.1045557 0.0861419 0.0917950 0.0947956 0.0802719 0.0904131 0.0908667 0.0913468 0.0870474 0.1034576 0.0931605 0.1032461 0.1058536 0.1060317 0.0927642 0.0882815 0.0000000 0.0946350 0.0941931 0.1187016 0.1193467 0.0872673 0.0795612 0.1082251 0.0930851 0.1070281 
Pseudochiridae_Petauroides_volans            0.0634335 0.1048393 0.0696346 0.0761850 0.0764378 0.0953596 0.0762991 0.0759556 0.0721263 0.0973075 0.0711052 0.0963840 0.0977721 0.0663394 0.0592665 0.0960177 0.0949132 0.0939989 0.0945540 0.0781725 0.0386586 0.1014850 0.1059755 0.1007996 0.0744729 0.0946350 0.0000000 0.0784397 0.0522999 0.0780110 0.0625351 0.0643767 0.1007821 0.1004377 0.0994198 
Macropodidae_Wallabia_bicolor                0.0626875 0.1065804 0.0710837 0.0299525 0.0304399 0.0917998 0.0746928 0.0717063 0.0260931 0.1006371 0.0649028 0.0936457 0.0958347 0.0605912 0.0700184 0.0947961 0.0925926 0.0921549 0.0971026 0.0089726 0.0709871 0.1053916 0.1087348 0.0972314 0.0411524 0.0941931 0.0784397 0.0000000 0.0966381 0.0972282 0.0691061 0.0592207 0.0992159 0.0967552 0.1021795 
Pseudochiridae_Pseudocheirus_occidentalis    0.0816480 0.1281641 0.0901605 0.0943840 0.0945866 0.1126715 0.1009772 0.0954699 0.0917944 0.1307430 0.0888657 0.1103839 0.1176055 0.0794513 0.0745812 0.1107527 0.1111661 0.1136205 0.1225946 0.0963096 0.0450632 0.1321456 0.1386315 0.1175044 0.0891728 0.1187016 0.0522999 0.0966381 0.0000000 0.0938232 0.0819967 0.0785205 0.1294773 0.1163436 0.1341078 
Tarsipedidae_Tarsipes_rostratus              0.0862255 0.1224454 0.0914790 0.0973740 0.0994510 0.1108242 0.1005141 0.0999380 0.0942905 0.1233464 0.0890588 0.1132056 0.1150523 0.0860514 0.0844139 0.1138124 0.1119542 0.1106334 0.1196454 0.0967468 0.0805435 0.1243368 0.1305953 0.1145109 0.0945087 0.1193467 0.0780110 0.0972282 0.0938232 0.0000000 0.0810777 0.0847606 0.1242278 0.1140050 0.1249740 
Acrobatidae_Distoechurus_pennatus            0.0562149 0.0985881 0.0648796 0.0684166 0.0691870 0.0848744 0.0754585 0.0731318 0.0658972 0.0902209 0.0647811 0.0877187 0.0912430 0.0594496 0.0341737 0.0875570 0.0858143 0.0820681 0.0888264 0.0704495 0.0627138 0.0929384 0.1007237 0.0893398 0.0672587 0.0872673 0.0625351 0.0691061 0.0819967 0.0810777 0.0000000 0.0592258 0.0890031 0.0900571 0.0914098 
Phalangeridae_Phalanger_carmelitae           0.0449229 0.0880074 0.0551949 0.0615625 0.0628466 0.0802656 0.0319383 0.0213837 0.0564342 0.0886364 0.0140344 0.0795665 0.0811493 0.0032130 0.0558959 0.0800613 0.0797469 0.0782630 0.0819050 0.0593109 0.0633061 0.0896255 0.0920089 0.0838052 0.0569692 0.0795612 0.0643767 0.0592207 0.0785205 0.0847606 0.0592258 0.0000000 0.0892404 0.0833830 0.0905488 
Peramelidae_Peroryctes_raffrayana            0.0903991 0.1164228 0.0941702 0.1003028 0.0989194 0.1073983 0.1019779 0.1010863 0.0965430 0.0263410 0.0981523 0.1064825 0.1065023 0.0905292 0.0913483 0.1049327 0.1069300 0.1013862 0.0223554 0.0986309 0.0926707 0.1171612 0.1234849 0.1089661 0.0964090 0.1082251 0.1007821 0.0992159 0.1294773 0.1242278 0.0890031 0.0892404 0.0000000 0.1116028 0.0281540 
Dasyuridae_Dasyurus_geffroii                 0.0823303 0.1175189 0.0870077 0.0977988 0.0984916 0.0059726 0.0979508 0.0987205 0.0943765 0.1111178 0.0891944 0.0179151 0.0285597 0.0837759 0.0926823 0.0186277 0.0073015 0.0248144 0.1073024 0.0969587 0.1023590 0.1050611 0.1096771 0.0186378 0.0919289 0.0930851 0.1004377 0.0967552 0.1163436 0.1140050 0.0900571 0.0833830 0.1116028 0.0000000 0.1117862 
Peramelidae_Perameles_gunnii                 0.0896959 0.1120017 0.0920575 0.1017378 0.0999247 0.1070267 0.1031412 0.1030950 0.0986111 0.0006443 0.0975925 0.1086938 0.1080151 0.0919124 0.0937762 0.1072962 0.1066527 0.1021597 0.0254069 0.1028027 0.0972642 0.1162211 0.1229542 0.1113527 0.0973768 0.1070281 0.0994198 0.1021795 0.1341078 0.1249740 0.0914098 0.0905488 0.0281540 0.1117862 0.0000000 
