35
Notoryctidae_Notoryctes_typhlops             0.0000000 0.0595514 0.0567192 0.0589595 0.0615761 0.0516122 0.0528583 0.0617865 0.0546971 0.0478050 0.0612642 0.0646212 0.0713157 0.0491984 0.0590294 0.0576949 0.1075066 0.0861380 0.0626625 0.0601664 0.0563913 0.0709631 0.0539212 0.0667744 0.0718259 0.0523212 0.0579637 0.0618734 0.0670136 0.0598691 0.0760739 0.0381567 0.0507292 0.0806604 0.0595702 
Vombatidae_Lasiorhinus_latifrons             0.0595514 0.0000000 0.0331100 0.0349067 0.0435117 0.0260012 0.0270115 0.0364478 0.0417305 0.0229416 0.0503571 0.0477746 0.0512294 0.0253772 0.0509222 0.0307672 0.0809152 0.0679308 0.0526535 0.0300263 0.0347367 0.0389720 0.0267794 0.0379096 0.0402037 0.0395108 0.0370640 0.0579695 0.0338949 0.0212059 0.0263138 0.0186102 0.0130108 0.0340039 0.0210610 
Potoroidae_Bettongia_penicillata             0.0567192 0.0331100 0.0000000 0.0007763 0.0494157 0.0189622 0.0197619 0.0028463 0.0456788 0.0209767 0.0475083 0.0483496 0.0562285 0.0320127 0.0483851 0.0072406 0.0809315 0.0713662 0.0489418 0.0121303 0.0396206 0.0329445 0.0052098 0.0344093 0.0340649 0.0400271 0.0455349 0.0583914 0.0219715 0.0185401 0.0284711 0.0245089 0.0121764 0.0288565 0.0184266 
Potoroidae_Bettongia_lesueur                 0.0589595 0.0349067 0.0007763 0.0000000 0.0515260 0.0194043 0.0211092 0.0034154 0.0478387 0.0220162 0.0495870 0.0504266 0.0585033 0.0342242 0.0505423 0.0074812 0.0850643 0.0741465 0.0510699 0.0132170 0.0417162 0.0360522 0.0058736 0.0374470 0.0346752 0.0421209 0.0476261 0.0606653 0.0207953 0.0176331 0.0271302 0.0232151 0.0115211 0.0275033 0.0175270 
Dasyuridae_Dasyurus_maculatus                0.0615761 0.0435117 0.0494157 0.0515260 0.0000000 0.0389773 0.0398509 0.0548733 0.0484529 0.0387726 0.0064190 0.0108737 0.0068725 0.0059245 0.0550236 0.0483641 0.0987924 0.0817454 0.0061235 0.0477715 0.0468184 0.0625289 0.0432192 0.0538445 0.0593339 0.0472942 0.0007861 0.0574012 0.0505249 0.0309545 0.0461494 0.0002220 0.0289899 0.0545009 0.0307569 
Phalangeridae_Trichosurus_vulpecula          0.0516122 0.0260012 0.0189622 0.0194043 0.0389773 0.0000000 0.0045872 0.0218096 0.0364426 0.0054741 0.0428327 0.0393354 0.0471167 0.0252817 0.0373244 0.0163880 0.0741304 0.0594908 0.0428726 0.0196969 0.0295387 0.0265553 0.0135635 0.0233732 0.0260429 0.0327872 0.0351382 0.0458686 0.0171594 0.0051038 0.0132465 0.0153324 0.0061440 0.0165814 0.0047520 
Phalangeridae_Spilocuscus_maculatus          0.0528583 0.0270115 0.0197619 0.0211092 0.0398509 0.0045872 0.0000000 0.0226812 0.0414744 0.0038907 0.0431089 0.0406801 0.0473967 0.0281141 0.0424030 0.0175607 0.0758577 0.0635981 0.0431817 0.0211432 0.0332307 0.0290903 0.0142533 0.0262842 0.0280119 0.0365890 0.0371610 0.0501023 0.0144887 0.0029247 0.0125762 0.0130126 0.0057318 0.0165214 0.0026413 
Potoroidae_Aepyprymnus_rufescens             0.0617865 0.0364478 0.0028463 0.0034154 0.0548733 0.0218096 0.0226812 0.0000000 0.0468584 0.0240317 0.0506652 0.0522857 0.0590448 0.0362278 0.0505235 0.0090930 0.0815674 0.0717457 0.0529883 0.0139082 0.0421235 0.0389783 0.0068329 0.0383195 0.0365107 0.0423937 0.0501981 0.0604441 0.0185617 0.0184791 0.0297610 0.0271927 0.0121520 0.0273627 0.0183664 
Peramelidae_Perameles_nasuta                 0.0546971 0.0417305 0.0456788 0.0478387 0.0484529 0.0364426 0.0414744 0.0468584 0.0000000 0.0325467 0.0502345 0.0480416 0.0484956 0.0375082 0.0056568 0.0404784 0.0605078 0.0521562 0.0478875 0.0406161 0.0375499 0.0557369 0.0380921 0.0484205 0.0430130 0.0033954 0.0488470 0.0000010 0.0127698 0.0118730 0.0124831 0.0184336 0.0123881 0.0132766 0.0132567 
Phalangeridae_Strigocuscus_pelengensis       0.0478050 0.0229416 0.0209767 0.0220162 0.0387726 0.0054741 0.0038907 0.0240317 0.0325467 0.0000000 0.0433177 0.0406723 0.0473586 0.0277866 0.0351464 0.0188348 0.0782214 0.0600863 0.0425406 0.0225391 0.0296144 0.0289212 0.0149587 0.0272401 0.0290915 0.0279327 0.0353527 0.0429223 0.0141699 0.0032815 0.0138576 0.0151096 0.0055171 0.0163194 0.0029912 
Dasyuridae_Phascogale_tapoatafa              0.0612642 0.0503571 0.0475083 0.0495870 0.0064190 0.0428327 0.0431089 0.0506652 0.0502345 0.0433177 0.0000000 0.0097292 0.0034290 0.0054051 0.0550275 0.0477312 0.0854010 0.0773121 0.0027576 0.0474091 0.0454435 0.0633610 0.0415848 0.0571749 0.0635117 0.0480309 0.0057840 0.0592089 0.0441984 0.0355405 0.0493459 0.0027682 0.0241070 0.0574672 0.0353136 
Dasyuridae_Sminthopsis_macroura              0.0646212 0.0477746 0.0483496 0.0504266 0.0108737 0.0393354 0.0406801 0.0522857 0.0480416 0.0406723 0.0097292 0.0000000 0.0121156 0.0046673 0.0538426 0.0478472 0.0873561 0.0757355 0.0112318 0.0483447 0.0470991 0.0608479 0.0433234 0.0578520 0.0586671 0.0476101 0.0092744 0.0599577 0.0542276 0.0322738 0.0478775 0.0027482 0.0262021 0.0469602 0.0322510 
Dasyuridae_Phascogale_calura                 0.0713157 0.0512294 0.0562285 0.0585033 0.0068725 0.0471167 0.0473967 0.0590448 0.0484956 0.0473586 0.0034290 0.0121156 0.0000000 0.0051577 0.0574930 0.0565849 0.0951991 0.0764954 0.0061432 0.0509494 0.0493271 0.0618855 0.0503172 0.0662556 0.0685156 0.0480760 0.0053135 0.0648441 0.0366842 0.0436091 0.0591780 0.0024687 0.0278924 0.0658558 0.0433589 
Dasyuridae_Planigale_tenuirostris            0.0491984 0.0253772 0.0320127 0.0342242 0.0059245 0.0252817 0.0281141 0.0362278 0.0375082 0.0277866 0.0054051 0.0046673 0.0051577 0.0000000 0.0380173 0.0303150 0.0602596 0.0602103 0.0054916 0.0359586 0.0316229 0.0486978 0.0264602 0.0338723 0.0360609 0.0341208 0.0061915 0.0367650 0.0098710 0.0111820 0.0125839 0.0015433 0.0125253 0.0142251 0.0126625 
Peramelidae_Echymipera_kalubu                0.0590294 0.0509222 0.0483851 0.0505423 0.0550236 0.0373244 0.0424030 0.0505235 0.0056568 0.0351464 0.0550275 0.0538426 0.0574930 0.0380173 0.0000000 0.0412805 0.0641498 0.0535361 0.0530403 0.0435307 0.0365442 0.0596737 0.0391882 0.0496800 0.0485890 0.0042209 0.0561490 0.0055332 0.0160799 0.0146866 0.0208593 0.0213006 0.0165856 0.0209785 0.0154362 
Macropodidae_Dorcopsulus_vanheurni           0.0576949 0.0307672 0.0072406 0.0074812 0.0483641 0.0163880 0.0175607 0.0090930 0.0404784 0.0188348 0.0477312 0.0478472 0.0565849 0.0303150 0.0412805 0.0000000 0.0823723 0.0641289 0.0478437 0.0126614 0.0395623 0.0320141 0.0030313 0.0327596 0.0329058 0.0335582 0.0421800 0.0546801 0.0226875 0.0147686 0.0227509 0.0190435 0.0083060 0.0269402 0.0146838 
Didelphidae_Didelphis_virginiana             0.1075066 0.0809152 0.0809315 0.0850643 0.0987924 0.0741304 0.0758577 0.0815674 0.0605078 0.0782214 0.0854010 0.0873561 0.0951991 0.0602596 0.0641498 0.0823723 0.0000000 0.0327840 0.0922137 0.0758794 0.0751622 0.0892426 0.0714413 0.0885595 0.0821664 0.0582899 0.0751995 0.0831313 0.0718249 0.0574257 0.0723305 0.0352946 0.0398347 0.0792907 0.0588109 
Marmosidae_Monodelphis_domestica             0.0861380 0.0679308 0.0713662 0.0741465 0.0817454 0.0594908 0.0635981 0.0717457 0.0521562 0.0600863 0.0773121 0.0757355 0.0764954 0.0602103 0.0535361 0.0641289 0.0327840 0.0000000 0.0845413 0.0672373 0.0501171 0.0691735 0.0591239 0.0703399 0.0659682 0.0507332 0.0610245 0.0683782 0.0562685 0.0513757 0.0555200 0.0294075 0.0252096 0.0655062 0.0527398 
Dasyuridae_Antechinus_stuartii               0.0626625 0.0526535 0.0489418 0.0510699 0.0061235 0.0428726 0.0431817 0.0529883 0.0478875 0.0425406 0.0027576 0.0112318 0.0061432 0.0054916 0.0530403 0.0478437 0.0922137 0.0845413 0.0000000 0.0492328 0.0481221 0.0662569 0.0417502 0.0576529 0.0647418 0.0460313 0.0054923 0.0592544 0.0446337 0.0358241 0.0570551 0.0028634 0.0265197 0.0593557 0.0357332 
Hypsiprymnodontidae_Hypsiprymnodon_moschatus 0.0601664 0.0300263 0.0121303 0.0132170 0.0477715 0.0196969 0.0211432 0.0139082 0.0406161 0.0225391 0.0474091 0.0483447 0.0509494 0.0359586 0.0435307 0.0126614 0.0758794 0.0672373 0.0492328 0.0000000 0.0403345 0.0312471 0.0094209 0.0315595 0.0346643 0.0367628 0.0445411 0.0530869 0.0153959 0.0133539 0.0195277 0.0217474 0.0065620 0.0208385 0.0132806 
Microbiotheriidae_Dromiciops_gliroides       0.0563913 0.0347367 0.0396206 0.0417162 0.0468184 0.0295387 0.0332307 0.0421235 0.0375499 0.0296144 0.0454435 0.0470991 0.0493271 0.0316229 0.0365442 0.0395623 0.0751622 0.0501171 0.0481221 0.0403345 0.0000000 0.0427631 0.0334985 0.0447484 0.0461044 0.0344109 0.0392022 0.0452140 0.0315061 0.0203537 0.0345197 0.0172622 0.0133314 0.0344001 0.0203132 
Pseudochiridae_Petauroides_volans            0.0709631 0.0389720 0.0329445 0.0360522 0.0625289 0.0265553 0.0290903 0.0389783 0.0557369 0.0289212 0.0633610 0.0608479 0.0618855 0.0486978 0.0596737 0.0320141 0.0892426 0.0691735 0.0662569 0.0312471 0.0427631 0.0000000 0.0301362 0.0244728 0.0301703 0.0561201 0.0637432 0.0605397 0.0261932 0.0270209 0.0153189 0.0563045 0.0089965 0.0095196 0.0299552 
Macropodidae_Wallabia_bicolor                0.0539212 0.0267794 0.0052098 0.0058736 0.0432192 0.0135635 0.0142533 0.0068329 0.0380921 0.0149587 0.0415848 0.0433234 0.0503172 0.0264602 0.0391882 0.0030313 0.0714413 0.0591239 0.0417502 0.0094209 0.0334985 0.0301362 0.0000000 0.0275048 0.0284005 0.0312486 0.0397686 0.0495110 0.0146369 0.0103602 0.0167100 0.0165008 0.0070234 0.0236691 0.0103142 
Tarsipedidae_Tarsipes_rostratus              0.0667744 0.0379096 0.0344093 0.0374470 0.0538445 0.0233732 0.0262842 0.0383195 0.0484205 0.0272401 0.0571749 0.0578520 0.0662556 0.0338723 0.0496800 0.0327596 0.0885595 0.0703399 0.0576529 0.0315595 0.0447484 0.0244728 0.0275048 0.0000000 0.0350569 0.0439572 0.0447604 0.0632314 0.0454846 0.0252979 0.0223590 0.0262956 0.0074131 0.0218840 0.0263160 
Acrobatidae_Distoechurus_pennatus            0.0718259 0.0402037 0.0340649 0.0346752 0.0593339 0.0260429 0.0280119 0.0365107 0.0430130 0.0290915 0.0635117 0.0586671 0.0685156 0.0360609 0.0485890 0.0329058 0.0821664 0.0659682 0.0647418 0.0346643 0.0461044 0.0301703 0.0284005 0.0350569 0.0000000 0.0401029 0.0437107 0.0662034 0.0359749 0.0215597 0.0197027 0.0154079 0.0049959 0.0157766 0.0248443 
Peramelidae_Peroryctes_raffrayana            0.0523212 0.0395108 0.0400271 0.0421209 0.0472942 0.0327872 0.0365890 0.0423937 0.0033954 0.0279327 0.0480309 0.0476101 0.0480760 0.0341208 0.0042209 0.0335582 0.0582899 0.0507332 0.0460313 0.0367628 0.0344109 0.0561201 0.0312486 0.0439572 0.0401029 0.0000000 0.0477029 0.0033814 0.0108875 0.0103477 0.0157789 0.0171745 0.0129178 0.0138227 0.0115851 
Dasyuridae_Dasyurus_geffroii                 0.0579637 0.0370640 0.0455349 0.0476261 0.0007861 0.0351382 0.0371610 0.0501981 0.0488470 0.0353527 0.0057840 0.0092744 0.0053135 0.0061915 0.0561490 0.0421800 0.0751995 0.0610245 0.0054923 0.0445411 0.0392022 0.0637432 0.0397686 0.0447604 0.0437107 0.0477029 0.0000000 0.0497070 0.0224797 0.0223591 0.0276114 0.0002220 0.0289899 0.0333956 0.0234773 
Peramelidae_Perameles_gunnii                 0.0618734 0.0579695 0.0583914 0.0606653 0.0574012 0.0458686 0.0501023 0.0604441 0.0000010 0.0429223 0.0592089 0.0599577 0.0648441 0.0367650 0.0055332 0.0546801 0.0831313 0.0683782 0.0592544 0.0530869 0.0452140 0.0605397 0.0495110 0.0632314 0.0662034 0.0033814 0.0497070 0.0000000 0.0532626 0.0325487 0.0458099 0.0224667 0.0175368 0.0495181 0.0323425 
Burramyidae_Burramys_parvus                  0.0670136 0.0338949 0.0219715 0.0207953 0.0505249 0.0171594 0.0144887 0.0185617 0.0127698 0.0141699 0.0441984 0.0542276 0.0366842 0.0098710 0.0160799 0.0226875 0.0718249 0.0562685 0.0446337 0.0153959 0.0315061 0.0261932 0.0146369 0.0454846 0.0359749 0.0108875 0.0224797 0.0532626 0.0000000 0.0202084 0.0255146 0.0213754 0.0071689 0.0303680 0.0200738 
Phalangeridae_Phalanger_orientalis           0.0598691 0.0212059 0.0185401 0.0176331 0.0309545 0.0051038 0.0029247 0.0184791 0.0118730 0.0032815 0.0355405 0.0322738 0.0436091 0.0111820 0.0146866 0.0147686 0.0574257 0.0513757 0.0358241 0.0133539 0.0203537 0.0270209 0.0103602 0.0252979 0.0215597 0.0103477 0.0223591 0.0325487 0.0202084 0.0000000 0.0175318 0.0201959 0.0076511 0.0182038 0.0011445 
Acrobatidae_Acrobates_pygmaeus               0.0760739 0.0263138 0.0284711 0.0271302 0.0461494 0.0132465 0.0125762 0.0297610 0.0124831 0.0138576 0.0493459 0.0478775 0.0591780 0.0125839 0.0208593 0.0227509 0.0723305 0.0555200 0.0570551 0.0195277 0.0345197 0.0153189 0.0167100 0.0223590 0.0197027 0.0157789 0.0276114 0.0458099 0.0255146 0.0175318 0.0000000 0.0250237 0.0057776 0.0132779 0.0193101 
Dasyuridae_Sarcophilus_harrisii              0.0381567 0.0186102 0.0245089 0.0232151 0.0002220 0.0153324 0.0130126 0.0271927 0.0184336 0.0151096 0.0027682 0.0027482 0.0024687 0.0015433 0.0213006 0.0190435 0.0352946 0.0294075 0.0028634 0.0217474 0.0172622 0.0563045 0.0165008 0.0262956 0.0154079 0.0171745 0.0002220 0.0224667 0.0213754 0.0201959 0.0250237 0.0000000 0.0274458 0.0307091 0.0224236 
Pseudochiridae_Pseudochirulus_forbesi        0.0507292 0.0130108 0.0121764 0.0115211 0.0289899 0.0061440 0.0057318 0.0121520 0.0123881 0.0055171 0.0241070 0.0262021 0.0278924 0.0125253 0.0165856 0.0083060 0.0398347 0.0252096 0.0265197 0.0065620 0.0133314 0.0089965 0.0070234 0.0074131 0.0049959 0.0129178 0.0289899 0.0175368 0.0071689 0.0076511 0.0057776 0.0274458 0.0000000 0.0021027 0.0085557 
Pseudochiridae_Pseudocheirus_occidentalis    0.0806604 0.0340039 0.0288565 0.0275033 0.0545009 0.0165814 0.0165214 0.0273627 0.0132766 0.0163194 0.0574672 0.0469602 0.0658558 0.0142251 0.0209785 0.0269402 0.0792907 0.0655062 0.0593557 0.0208385 0.0344001 0.0095196 0.0236691 0.0218840 0.0157766 0.0138227 0.0333956 0.0495181 0.0303680 0.0182038 0.0132779 0.0307091 0.0021027 0.0000000 0.0211616 
Phalangeridae_Phalanger_carmelitae           0.0595702 0.0210610 0.0184266 0.0175270 0.0307569 0.0047520 0.0026413 0.0183664 0.0132567 0.0029912 0.0353136 0.0322510 0.0433589 0.0126625 0.0154362 0.0146838 0.0588109 0.0527398 0.0357332 0.0132806 0.0203132 0.0299552 0.0103142 0.0263160 0.0248443 0.0115851 0.0234773 0.0323425 0.0200738 0.0011445 0.0193101 0.0224236 0.0085557 0.0211616 0.0000000 
