35
Burramyidae_Burramys_parvus                  0.0000000 0.0756754 0.0574147 0.0844567 0.0917612 0.0759888 0.0564724 0.0610514 0.0890101 0.0591530 0.0758505 0.0800345 0.0588167 0.0669163 0.0736721 0.0730028 0.0766776 0.0941696 0.0740293 0.0726448 0.1017958 0.1042987 0.0702207 0.0705827 0.0854685 0.0720161 0.0729400 0.0725497 0.0873452 0.0790624 0.0620229 0.0928087 0.0752089 0.0856978 0.0604668 
Notoryctidae_Notoryctes_typhlops             0.0756754 0.0000000 0.0672285 0.1035018 0.1133704 0.0780902 0.0732113 0.0802702 0.0872866 0.0774521 0.0747142 0.0825952 0.0726486 0.0859882 0.0738921 0.0743488 0.0762175 0.0938485 0.0882087 0.0902240 0.1000783 0.0974308 0.0698190 0.0904066 0.0900826 0.0899685 0.0869178 0.0868588 0.1070605 0.0983260 0.0768182 0.0863618 0.0743965 0.0850556 0.0803709 
Vombatidae_Lasiorhinus_latifrons             0.0574147 0.0672285 0.0000000 0.0769572 0.0820861 0.0669195 0.0526691 0.0587888 0.0806430 0.0543061 0.0652662 0.0680915 0.0541105 0.0621436 0.0647876 0.0637786 0.0699304 0.0853579 0.0601322 0.0689778 0.0930559 0.0902305 0.0592666 0.0549095 0.0748613 0.0665756 0.0607069 0.0659014 0.0760208 0.0736040 0.0594762 0.0842333 0.0617278 0.0775491 0.0591102 
Potoroidae_Bettongia_penicillata             0.0844567 0.1035018 0.0769572 0.0000000 0.0168284 0.0933046 0.0790160 0.0803982 0.1009509 0.0733271 0.0890991 0.0929754 0.0741323 0.0805550 0.0906027 0.0910031 0.0948818 0.1010550 0.0382865 0.0901558 0.1113776 0.1139708 0.0866965 0.0445422 0.1062593 0.0854392 0.0373463 0.0849865 0.0964614 0.0883969 0.0782805 0.1062664 0.0913546 0.0978447 0.0171787 
Potoroidae_Bettongia_lesueur                 0.0917612 0.1133704 0.0820861 0.0168284 0.0000000 0.1014140 0.0863710 0.0879062 0.1142689 0.0828154 0.0971239 0.1019810 0.0819687 0.0888452 0.0970762 0.0981600 0.1009428 0.1184038 0.0455663 0.0848954 0.1225525 0.1274616 0.0932112 0.0548866 0.1150445 0.0885526 0.0458981 0.0837554 0.1066924 0.0962477 0.0862252 0.1212935 0.1001861 0.1116298 0.0233682 
Dasyuridae_Dasyurus_maculatus                0.0759888 0.0780902 0.0669195 0.0933046 0.1014140 0.0000000 0.0649515 0.0725748 0.0850537 0.0689656 0.0206170 0.0219562 0.0673094 0.0738128 0.0204660 0.0079421 0.0232373 0.0920150 0.0769898 0.0855922 0.0949222 0.0893596 0.0162856 0.0792294 0.0765993 0.0811568 0.0794222 0.0810210 0.0997719 0.0828718 0.0706569 0.0933104 0.0062890 0.0811259 0.0670330 
Phalangeridae_Trichosurus_vulpecula          0.0564724 0.0732113 0.0526691 0.0790160 0.0863710 0.0649515 0.0000000 0.0228775 0.0819677 0.0212122 0.0675401 0.0722835 0.0193181 0.0609850 0.0668061 0.0639407 0.0690719 0.0835759 0.0669115 0.0665586 0.0860616 0.0895997 0.0639923 0.0636158 0.0822652 0.0612832 0.0635721 0.0621427 0.0744045 0.0684879 0.0227197 0.0879658 0.0619669 0.0788889 0.0596741 
Phalangeridae_Spilocuscus_maculatus          0.0610514 0.0802702 0.0587888 0.0803982 0.0879062 0.0725748 0.0228775 0.0000000 0.0820422 0.0125574 0.0711186 0.0752584 0.0091735 0.0659058 0.0709868 0.0701765 0.0696700 0.0837234 0.0673232 0.0675625 0.0932721 0.0976262 0.0675658 0.0618241 0.0841227 0.0652803 0.0646554 0.0606078 0.0812823 0.0710165 0.0119283 0.0903408 0.0671360 0.0789295 0.0575107 
Peramelidae_Perameles_nasuta                 0.0890101 0.0872866 0.0806430 0.1009509 0.1142689 0.0850537 0.0819677 0.0820422 0.0000000 0.0768804 0.0850336 0.0869987 0.0731560 0.0880528 0.0857896 0.0827205 0.0837765 0.0195330 0.0903132 0.0989835 0.0984654 0.1000919 0.0803091 0.0864179 0.0981265 0.0978431 0.0879003 0.0925653 0.1117833 0.0986674 0.0757045 0.0216849 0.0819483 0.0005363 0.0718882 
Phalangeridae_Strigocuscus_pelengensis       0.0591530 0.0774521 0.0543061 0.0733271 0.0828154 0.0689656 0.0212122 0.0125574 0.0768804 0.0000000 0.0682064 0.0715509 0.0086197 0.0598074 0.0682534 0.0653361 0.0688478 0.0840848 0.0647601 0.0655974 0.0906801 0.0944206 0.0637055 0.0585902 0.0786683 0.0603759 0.0628221 0.0586344 0.0774714 0.0685213 0.0119259 0.0868153 0.0630521 0.0747091 0.0567400 
Dasyuridae_Phascogale_tapoatafa              0.0758505 0.0747142 0.0652662 0.0890991 0.0971239 0.0206170 0.0675401 0.0711186 0.0850336 0.0682064 0.0000000 0.0250533 0.0665465 0.0735722 0.0078966 0.0196881 0.0234006 0.0887616 0.0730893 0.0811762 0.0872641 0.0836458 0.0124402 0.0774125 0.0758649 0.0786028 0.0762027 0.0744397 0.0949232 0.0820858 0.0706366 0.0907254 0.0182601 0.0818204 0.0648252 
Dasyuridae_Sminthopsis_macroura              0.0800345 0.0825952 0.0680915 0.0929754 0.1019810 0.0219562 0.0722835 0.0752584 0.0869987 0.0715509 0.0250533 0.0000000 0.0705124 0.0775718 0.0242149 0.0209844 0.0211567 0.0923163 0.0750998 0.0870064 0.0991073 0.0965264 0.0200261 0.0775168 0.0787840 0.0834450 0.0775263 0.0818892 0.0979349 0.0818908 0.0740044 0.0930796 0.0204259 0.0836583 0.0678428 
Phalangeridae_Phalanger_orientalis           0.0588167 0.0726486 0.0541105 0.0741323 0.0819687 0.0673094 0.0193181 0.0091735 0.0731560 0.0086197 0.0665465 0.0705124 0.0000000 0.0594094 0.0664667 0.0643033 0.0660968 0.0759465 0.0613292 0.0630353 0.0864210 0.0901256 0.0621810 0.0572955 0.0789385 0.0594420 0.0595087 0.0544340 0.0742879 0.0626991 0.0026196 0.0823011 0.0606764 0.0704237 0.0561425 
Acrobatidae_Acrobates_pygmaeus               0.0669163 0.0859882 0.0621436 0.0805550 0.0888452 0.0738128 0.0609850 0.0659058 0.0880528 0.0598074 0.0735722 0.0775718 0.0594094 0.0000000 0.0714258 0.0694242 0.0795503 0.0947553 0.0674976 0.0694482 0.0972633 0.1019420 0.0693819 0.0716031 0.0866368 0.0641488 0.0705288 0.0692788 0.0764709 0.0542278 0.0619841 0.0946339 0.0699906 0.0841870 0.0591018 
Dasyuridae_Phascogale_calura                 0.0736721 0.0738921 0.0647876 0.0906027 0.0970762 0.0204660 0.0668061 0.0709868 0.0857896 0.0682534 0.0078966 0.0242149 0.0664667 0.0714258 0.0000000 0.0172852 0.0232420 0.0887852 0.0739037 0.0803072 0.0868406 0.0832207 0.0118117 0.0774931 0.0744491 0.0749394 0.0770087 0.0750816 0.0956308 0.0797638 0.0705112 0.0908847 0.0182030 0.0825707 0.0665534 
Dasyuridae_Sarcophilus_harrisii              0.0730028 0.0743488 0.0637786 0.0910031 0.0981600 0.0079421 0.0639407 0.0701765 0.0827205 0.0653361 0.0196881 0.0209844 0.0643033 0.0694242 0.0172852 0.0000000 0.0202427 0.0888401 0.0747668 0.0815618 0.0929499 0.0890780 0.0153226 0.0769421 0.0736137 0.0779015 0.0744273 0.0797396 0.0949386 0.0768338 0.0682697 0.0888692 0.0069517 0.0788633 0.0651340 
Dasyuridae_Planigale_tenuirostris            0.0766776 0.0762175 0.0699304 0.0948818 0.1009428 0.0232373 0.0690719 0.0696700 0.0837765 0.0688478 0.0234006 0.0211567 0.0660968 0.0795503 0.0232420 0.0202427 0.0000000 0.0871038 0.0737604 0.0828852 0.0928285 0.0882558 0.0183751 0.0752173 0.0706822 0.0812541 0.0749682 0.0792755 0.0955292 0.0836199 0.0706928 0.0875203 0.0201084 0.0801904 0.0674841 
Peramelidae_Echymipera_kalubu                0.0941696 0.0938485 0.0853579 0.1010550 0.1184038 0.0920150 0.0835759 0.0837234 0.0195330 0.0840848 0.0887616 0.0923163 0.0759465 0.0947553 0.0887852 0.0888401 0.0871038 0.0000000 0.0908902 0.1042176 0.1012323 0.1029127 0.0849954 0.0873545 0.0971789 0.1002217 0.0909522 0.0978951 0.1132317 0.1009091 0.0801496 0.0176241 0.0874594 0.0194515 0.0762496 
Macropodidae_Dorcopsulus_vanheurni           0.0740293 0.0882087 0.0601322 0.0382865 0.0455663 0.0769898 0.0669115 0.0673232 0.0903132 0.0647601 0.0730893 0.0750998 0.0613292 0.0674976 0.0739037 0.0747668 0.0737604 0.0908902 0.0000000 0.0760425 0.0972240 0.1007304 0.0689990 0.0390503 0.0929126 0.0742258 0.0136137 0.0711127 0.0829831 0.0767008 0.0646607 0.0911569 0.0735968 0.0861558 0.0249055 
Pseudochiridae_Pseudochirulus_forbesi        0.0726448 0.0902240 0.0689778 0.0901558 0.0848954 0.0855922 0.0665586 0.0675625 0.0989835 0.0655974 0.0811762 0.0870064 0.0630353 0.0694482 0.0803072 0.0815618 0.0828852 0.1042176 0.0760425 0.0000000 0.1101516 0.1176759 0.0766162 0.0782476 0.0794672 0.0488465 0.0783450 0.0203234 0.0770590 0.0806076 0.0654890 0.1010415 0.0832306 0.0975473 0.0648242 
Didelphidae_Didelphis_virginiana             0.1017958 0.1000783 0.0930559 0.1113776 0.1225525 0.0949222 0.0860616 0.0932721 0.0984654 0.0906801 0.0872641 0.0991073 0.0864210 0.0972633 0.0868406 0.0929499 0.0928285 0.1012323 0.0972240 0.1101516 0.0000000 0.0282100 0.0859012 0.0960313 0.1113803 0.1077230 0.0996470 0.1079861 0.1141449 0.1092592 0.0901672 0.0967599 0.0842860 0.0963335 0.0866289 
Marmosidae_Monodelphis_domestica             0.1042987 0.0974308 0.0902305 0.1139708 0.1274616 0.0893596 0.0895997 0.0976262 0.1000919 0.0944206 0.0836458 0.0965264 0.0901256 0.1019420 0.0832207 0.0890780 0.0882558 0.1029127 0.1007304 0.1176759 0.0282100 0.0000000 0.0830992 0.0991655 0.1107723 0.1127038 0.1027631 0.1120572 0.1194258 0.1130900 0.0937026 0.1008776 0.0830653 0.0971236 0.0893581 
Dasyuridae_Antechinus_stuartii               0.0702207 0.0698190 0.0592666 0.0866965 0.0932112 0.0162856 0.0639923 0.0675658 0.0803091 0.0637055 0.0124402 0.0200261 0.0621810 0.0693819 0.0118117 0.0153226 0.0183751 0.0849954 0.0689990 0.0766162 0.0859012 0.0830992 0.0000000 0.0721399 0.0714332 0.0763149 0.0720718 0.0751066 0.0899103 0.0770763 0.0663989 0.0846625 0.0160046 0.0765069 0.0651681 
Hypsiprymnodontidae_Hypsiprymnodon_moschatus 0.0705827 0.0904066 0.0549095 0.0445422 0.0548866 0.0792294 0.0636158 0.0618241 0.0864179 0.0585902 0.0774125 0.0775168 0.0572955 0.0716031 0.0774931 0.0769421 0.0752173 0.0873545 0.0390503 0.0782476 0.0960313 0.0991655 0.0721399 0.0000000 0.0967467 0.0775477 0.0383016 0.0749008 0.0902819 0.0777204 0.0624813 0.0940933 0.0735411 0.0831744 0.0284743 
Microbiotheriidae_Dromiciops_gliroides       0.0854685 0.0900826 0.0748613 0.1062593 0.1150445 0.0765993 0.0822652 0.0841227 0.0981265 0.0786683 0.0758649 0.0787840 0.0789385 0.0866368 0.0744491 0.0736137 0.0706822 0.0971789 0.0929126 0.0794672 0.1113803 0.1107723 0.0714332 0.0967467 0.0000000 0.0885081 0.0949495 0.0776776 0.1079235 0.0949020 0.0835862 0.0985459 0.0760055 0.0965508 0.0727708 
Pseudochiridae_Petauroides_volans            0.0720161 0.0899685 0.0665756 0.0854392 0.0885526 0.0811568 0.0612832 0.0652803 0.0978431 0.0603759 0.0786028 0.0834450 0.0594420 0.0641488 0.0749394 0.0779015 0.0812541 0.1002217 0.0742258 0.0488465 0.1077230 0.1127038 0.0763149 0.0775477 0.0885081 0.0000000 0.0743957 0.0413443 0.0788256 0.0755667 0.0642522 0.0964484 0.0809351 0.0979344 0.0642638 
Macropodidae_Wallabia_bicolor                0.0729400 0.0869178 0.0607069 0.0373463 0.0458981 0.0794222 0.0635721 0.0646554 0.0879003 0.0628221 0.0762027 0.0775263 0.0595087 0.0705288 0.0770087 0.0744273 0.0749682 0.0909522 0.0136137 0.0783450 0.0996470 0.1027631 0.0720718 0.0383016 0.0949495 0.0743957 0.0000000 0.0739663 0.0789462 0.0748131 0.0620584 0.0898950 0.0771652 0.0845973 0.0235262 
Pseudochiridae_Pseudocheirus_occidentalis    0.0725497 0.0868588 0.0659014 0.0849865 0.0837554 0.0810210 0.0621427 0.0606078 0.0925653 0.0586344 0.0744397 0.0818892 0.0544340 0.0692788 0.0750816 0.0797396 0.0792755 0.0978951 0.0711127 0.0203234 0.1079861 0.1120572 0.0751066 0.0749008 0.0776776 0.0413443 0.0739663 0.0000000 0.0755050 0.0784148 0.0595953 0.0989241 0.0782742 0.0921839 0.0636373 
Tarsipedidae_Tarsipes_rostratus              0.0873452 0.1070605 0.0760208 0.0964614 0.1066924 0.0997719 0.0744045 0.0812823 0.1117833 0.0774714 0.0949232 0.0979349 0.0742879 0.0764709 0.0956308 0.0949386 0.0955292 0.1132317 0.0829831 0.0770590 0.1141449 0.1194258 0.0899103 0.0902819 0.1079235 0.0788256 0.0789462 0.0755050 0.0000000 0.0816836 0.0764099 0.1146054 0.0980494 0.1075185 0.0675912 
Acrobatidae_Distoechurus_pennatus            0.0790624 0.0983260 0.0736040 0.0883969 0.0962477 0.0828718 0.0684879 0.0710165 0.0986674 0.0685213 0.0820858 0.0818908 0.0626991 0.0542278 0.0797638 0.0768338 0.0836199 0.1009091 0.0767008 0.0806076 0.1092592 0.1130900 0.0770763 0.0777204 0.0949020 0.0755667 0.0748131 0.0784148 0.0816836 0.0000000 0.0665555 0.1044194 0.0810885 0.0940893 0.0605699 
Phalangeridae_Phalanger_carmelitae           0.0620229 0.0768182 0.0594762 0.0782805 0.0862252 0.0706569 0.0227197 0.0119283 0.0757045 0.0119259 0.0706366 0.0740044 0.0026196 0.0619841 0.0705112 0.0682697 0.0706928 0.0801496 0.0646607 0.0654890 0.0901672 0.0937026 0.0663989 0.0624813 0.0835862 0.0642522 0.0620584 0.0595953 0.0764099 0.0665555 0.0000000 0.0865869 0.0659162 0.0728842 0.0560062 
Peramelidae_Peroryctes_raffrayana            0.0928087 0.0863618 0.0842333 0.1062664 0.1212935 0.0933104 0.0879658 0.0903408 0.0216849 0.0868153 0.0907254 0.0930796 0.0823011 0.0946339 0.0908847 0.0888692 0.0875203 0.0176241 0.0911569 0.1010415 0.0967599 0.1008776 0.0846625 0.0940933 0.0985459 0.0964484 0.0898950 0.0989241 0.1146054 0.1044194 0.0865869 0.0000000 0.0869292 0.0209760 0.0771151 
Dasyuridae_Dasyurus_geffroii                 0.0752089 0.0743965 0.0617278 0.0913546 0.1001861 0.0062890 0.0619669 0.0671360 0.0819483 0.0630521 0.0182601 0.0204259 0.0606764 0.0699906 0.0182030 0.0069517 0.0201084 0.0874594 0.0735968 0.0832306 0.0842860 0.0830653 0.0160046 0.0735411 0.0760055 0.0809351 0.0771652 0.0782742 0.0980494 0.0810885 0.0659162 0.0869292 0.0000000 0.0778066 0.0728645 
Peramelidae_Perameles_gunnii                 0.0856978 0.0850556 0.0775491 0.0978447 0.1116298 0.0811259 0.0788889 0.0789295 0.0005363 0.0747091 0.0818204 0.0836583 0.0704237 0.0841870 0.0825707 0.0788633 0.0801904 0.0194515 0.0861558 0.0975473 0.0963335 0.0971236 0.0765069 0.0831744 0.0965508 0.0979344 0.0845973 0.0921839 0.1075185 0.0940893 0.0728842 0.0209760 0.0778066 0.0000000 0.0699413 
Potoroidae_Aepyprymnus_rufescens             0.0604668 0.0803709 0.0591102 0.0171787 0.0233682 0.0670330 0.0596741 0.0575107 0.0718882 0.0567400 0.0648252 0.0678428 0.0561425 0.0591018 0.0665534 0.0651340 0.0674841 0.0762496 0.0249055 0.0648242 0.0866289 0.0893581 0.0651681 0.0284743 0.0727708 0.0642638 0.0235262 0.0636373 0.0675912 0.0605699 0.0560062 0.0771151 0.0728645 0.0699413 0.0000000 
