37
Burramyidae_Burramys_parvus                  0.0000000 0.0646235 0.0357659 0.0342742 0.0335556 0.0607861 0.0290829 0.0364322 0.0350055 0.0558579 0.0303680 0.0636577 0.0607351 0.0332101 0.0432815 0.0609395 0.0589704 0.0663011 0.0556168 0.0361412 0.0384600 0.0653457 0.0420858 0.0481695 0.0372198 0.0387656 0.0391051 0.0686407 0.0321612 0.0331847 0.0599673 0.0602830 0.0558735 0.0569493 0.0570643 0.0599489 0.0599489 
Notoryctidae_Notoryctes_typhlops             0.0646235 0.0000000 0.0645365 0.0671217 0.0678698 0.0844638 0.0592935 0.0683171 0.0666783 0.0766270 0.0633523 0.0842717 0.0804723 0.0663947 0.0735844 0.0831278 0.0824857 0.0869865 0.0711386 0.0705465 0.0671609 0.0893693 0.0749184 0.0689855 0.0685671 0.0694181 0.0657971 0.1000737 0.0619510 0.0654685 0.0796818 0.0838608 0.0736615 0.0743255 0.0706807 0.0779458 0.0779458 
Vombatidae_Lasiorhinus_latifrons             0.0357659 0.0645365 0.0000000 0.0400159 0.0393028 0.0626047 0.0363610 0.0457538 0.0408195 0.0614614 0.0414181 0.0613547 0.0592077 0.0435886 0.0485563 0.0594596 0.0587319 0.0653141 0.0622573 0.0438841 0.0447297 0.0637925 0.0484717 0.0503926 0.0422566 0.0451443 0.0445601 0.0740437 0.0397994 0.0423980 0.0662372 0.0612765 0.0609254 0.0567302 0.0528138 0.0721009 0.0721009 
Potoroidae_Bettongia_penicillata             0.0342742 0.0671217 0.0400159 0.0000000 0.0043271 0.0658415 0.0388619 0.0483503 0.0055833 0.0602896 0.0414229 0.0668713 0.0644286 0.0461879 0.0512444 0.0639666 0.0636253 0.0703960 0.0602671 0.0146634 0.0465997 0.0690390 0.0302874 0.0571184 0.0438398 0.0163328 0.0442139 0.0744192 0.0416957 0.0446069 0.0626189 0.0645004 0.0593991 0.0590030 0.0619811 0.0562682 0.0562682 
Potoroidae_Bettongia_lesueur                 0.0335556 0.0678698 0.0393028 0.0043271 0.0000000 0.0650103 0.0381124 0.0467887 0.0065297 0.0606437 0.0406956 0.0650847 0.0635788 0.0454095 0.0514872 0.0622308 0.0627733 0.0695273 0.0605984 0.0153290 0.0458253 0.0673416 0.0316631 0.0567075 0.0434072 0.0169933 0.0432832 0.0748708 0.0412371 0.0438350 0.0629754 0.0636496 0.0597300 0.0595219 0.0624006 0.0563768 0.0563768 
Dasyuridae_Dasyurus_maculatus                0.0607861 0.0844638 0.0626047 0.0658415 0.0650103 0.0000000 0.0602101 0.0704097 0.0641763 0.0738801 0.0640205 0.0131830 0.0179409 0.0693960 0.0792849 0.0133110 0.0040312 0.0214323 0.0746213 0.0650000 0.0723205 0.0153045 0.0717213 0.0703322 0.0668736 0.0676605 0.0714857 0.1018926 0.0680204 0.0675991 0.0779079 0.0027686 0.0724999 0.0600714 0.0594610 0.0419143 0.0419143 
Phalangeridae_Trichosurus_vulpecula          0.0290829 0.0592935 0.0363610 0.0388619 0.0381124 0.0602101 0.0000000 0.0172845 0.0381220 0.0574036 0.0128883 0.0604133 0.0580813 0.0146712 0.0426660 0.0577810 0.0567534 0.0644617 0.0564683 0.0390099 0.0405245 0.0627799 0.0464137 0.0468765 0.0370531 0.0401155 0.0381287 0.0689380 0.0313399 0.0149917 0.0628273 0.0588815 0.0552647 0.0505154 0.0505382 0.0452797 0.0452797 
Phalangeridae_Spilocuscus_maculatus          0.0364322 0.0683171 0.0457538 0.0483503 0.0467887 0.0704097 0.0172845 0.0000000 0.0479686 0.0652269 0.0121579 0.0699235 0.0668737 0.0110203 0.0515721 0.0672540 0.0668296 0.0696308 0.0642837 0.0493233 0.0481979 0.0729023 0.0554798 0.0535100 0.0458031 0.0496879 0.0437711 0.0774694 0.0408662 0.0097168 0.0689355 0.0690036 0.0655938 0.0592497 0.0585975 0.0646202 0.0646202 
Potoroidae_Aepyprymnus_rufescens             0.0350055 0.0666783 0.0408195 0.0055833 0.0065297 0.0641763 0.0381220 0.0479686 0.0000000 0.0602211 0.0410899 0.0646493 0.0623313 0.0454212 0.0515312 0.0618166 0.0615227 0.0685137 0.0594092 0.0143482 0.0470276 0.0669187 0.0327489 0.0567830 0.0442089 0.0166750 0.0451101 0.0753371 0.0416461 0.0442303 0.0611945 0.0628217 0.0589578 0.0590485 0.0595454 0.0526958 0.0526958 
Peramelidae_Perameles_nasuta                 0.0558579 0.0766270 0.0614614 0.0602896 0.0606437 0.0738801 0.0574036 0.0652269 0.0602211 0.0000000 0.0600874 0.0723868 0.0733028 0.0626720 0.0703794 0.0720131 0.0723157 0.0760836 0.0155976 0.0607904 0.0656084 0.0790387 0.0671918 0.0641070 0.0600561 0.0636102 0.0658496 0.0994267 0.0600457 0.0612404 0.0175627 0.0722820 0.0006836 0.0667541 0.0617538 9.0000000 9.0000000 
Phalangeridae_Strigocuscus_pelengensis       0.0303680 0.0633523 0.0414181 0.0414229 0.0406956 0.0640205 0.0128883 0.0121579 0.0410899 0.0600874 0.0000000 0.0636221 0.0609805 0.0095644 0.0458090 0.0611897 0.0613369 0.0681212 0.0591894 0.0423040 0.0432183 0.0659844 0.0469424 0.0511608 0.0394631 0.0435257 0.0404293 0.0700160 0.0348540 0.0095571 0.0661473 0.0626638 0.0583497 0.0542601 0.0552154 0.0488216 0.0488216 
Dasyuridae_Phascogale_tapoatafa              0.0636577 0.0842717 0.0613547 0.0668713 0.0650847 0.0131830 0.0604133 0.0699235 0.0646493 0.0723868 0.0636221 0.0000000 0.0188655 0.0660825 0.0787589 0.0036659 0.0125042 0.0214721 0.0759304 0.0673047 0.0725591 0.0099345 0.0695508 0.0694679 0.0667005 0.0691112 0.0709083 0.1080928 0.0693770 0.0655696 0.0778431 0.0128189 0.0727522 0.0596267 0.0590647 0.0458077 0.0458077 
Dasyuridae_Sminthopsis_macroura              0.0607351 0.0804723 0.0592077 0.0644286 0.0635788 0.0179409 0.0580813 0.0668737 0.0623313 0.0733028 0.0609805 0.0188655 0.0000000 0.0650057 0.0742821 0.0177406 0.0169997 0.0156253 0.0723271 0.0648403 0.0683837 0.0201335 0.0685003 0.0664703 0.0646890 0.0666599 0.0694056 0.0953100 0.0645345 0.0641009 0.0773121 0.0165996 0.0706664 0.0564351 0.0547255 0.0344375 0.0344375 
Phalangeridae_Phalanger_orientalis           0.0332101 0.0663947 0.0435886 0.0461879 0.0454095 0.0693960 0.0146712 0.0110203 0.0454212 0.0626720 0.0095644 0.0660825 0.0650057 0.0000000 0.0470630 0.0648418 0.0658156 0.0699682 0.0636697 0.0471471 0.0460270 0.0714083 0.0516669 0.0527160 0.0428321 0.0479026 0.0408735 0.0767208 0.0391241 0.0033926 0.0687572 0.0679927 0.0632927 0.0564254 0.0592862 0.0689345 0.0689345 
Acrobatidae_Acrobates_pygmaeus               0.0432815 0.0735844 0.0485563 0.0512444 0.0514872 0.0792849 0.0426660 0.0515721 0.0515312 0.0703794 0.0458090 0.0787589 0.0742821 0.0470630 0.0000000 0.0754444 0.0756144 0.0766959 0.0690793 0.0560893 0.0465894 0.0798719 0.0590447 0.0601730 0.0447082 0.0580919 0.0438271 0.0766756 0.0321261 0.0466374 0.0742880 0.0778168 0.0708685 0.0748206 0.0738295 0.0871733 0.0871733 
Dasyuridae_Phascogale_calura                 0.0609395 0.0831278 0.0594596 0.0639666 0.0622308 0.0133110 0.0577810 0.0672540 0.0618166 0.0720131 0.0611897 0.0036659 0.0177406 0.0648418 0.0754444 0.0000000 0.0130177 0.0199946 0.0736989 0.0643685 0.0710825 0.0091999 0.0664172 0.0652509 0.0650879 0.0662541 0.0711062 0.1021864 0.0662024 0.0639146 0.0774270 0.0129610 0.0710815 0.0552106 0.0551858 0.0374567 0.0374567 
Dasyuridae_Sarcophilus_harrisii              0.0589704 0.0824857 0.0587319 0.0636253 0.0627733 0.0040312 0.0567534 0.0668296 0.0615227 0.0723157 0.0613369 0.0125042 0.0169997 0.0658156 0.0756144 0.0130177 0.0000000 0.0203522 0.0722224 0.0636379 0.0704768 0.0140112 0.0694720 0.0663050 0.0649216 0.0666154 0.0694064 0.0994403 0.0636272 0.0649024 0.0773132 0.0030901 0.0692325 0.0575376 0.0569213 0.0366678 0.0366678 
Dasyuridae_Planigale_tenuirostris            0.0663011 0.0869865 0.0653141 0.0703960 0.0695273 0.0214323 0.0644617 0.0696308 0.0685137 0.0760836 0.0681212 0.0214721 0.0156253 0.0699682 0.0766959 0.0199946 0.0203522 0.0000000 0.0789570 0.0707240 0.0761316 0.0217275 0.0721539 0.0721060 0.0703877 0.0727967 0.0738369 0.1059955 0.0707867 0.0680418 0.0801623 0.0195668 0.0784901 0.0589008 0.0576114 0.0661273 0.0661273 
Peramelidae_Echymipera_kalubu                0.0556168 0.0711386 0.0622573 0.0602671 0.0605984 0.0746213 0.0564683 0.0642837 0.0594092 0.0155976 0.0591894 0.0759304 0.0723271 0.0636697 0.0690793 0.0736989 0.0722224 0.0789570 0.0000000 0.0611206 0.0665042 0.0787836 0.0667590 0.0616901 0.0608499 0.0634470 0.0639928 0.0943740 0.0601305 0.0619282 0.0127391 0.0731774 0.0149197 0.0665973 0.0632259 0.0710252 0.0710252 
Macropodidae_Dorcopsulus_vanheurni           0.0361412 0.0705465 0.0438841 0.0146634 0.0153290 0.0650000 0.0390099 0.0493233 0.0143482 0.0607904 0.0423040 0.0673047 0.0648403 0.0471471 0.0560893 0.0643685 0.0636379 0.0707240 0.0611206 0.0000000 0.0494668 0.0703211 0.0328142 0.0598213 0.0458306 0.0081845 0.0486911 0.0763370 0.0444567 0.0459414 0.0644712 0.0640886 0.0593564 0.0622058 0.0602861 0.0530356 0.0530356 
Pseudochiridae_Pseudochirulus_forbesi        0.0384600 0.0671609 0.0447297 0.0465997 0.0458253 0.0723205 0.0405245 0.0481979 0.0470276 0.0656084 0.0432183 0.0725591 0.0683837 0.0460270 0.0465894 0.0710825 0.0704768 0.0761316 0.0665042 0.0494668 0.0000000 0.0748727 0.0532999 0.0543585 0.0269848 0.0506243 0.0175897 0.0716117 0.0387795 0.0448271 0.0646589 0.0709041 0.0664798 0.0644732 0.0608324 0.0931901 0.0931901 
Dasyuridae_Antechinus_stuartii               0.0653457 0.0893693 0.0637925 0.0690390 0.0673416 0.0153045 0.0627799 0.0729023 0.0669187 0.0790387 0.0659844 0.0099345 0.0201335 0.0714083 0.0798719 0.0091999 0.0140112 0.0217275 0.0787836 0.0703211 0.0748727 0.0000000 0.0702846 0.0724057 0.0691856 0.0712214 0.0739471 0.1038720 0.0700539 0.0699990 0.0841884 0.0149543 0.0771219 0.0600894 0.0582440 0.0421921 0.0421921 
Hypsiprymnodontidae_Hypsiprymnodon_moschatus 0.0420858 0.0749184 0.0484717 0.0302874 0.0316631 0.0717213 0.0464137 0.0554798 0.0327489 0.0671918 0.0469424 0.0695508 0.0685003 0.0516669 0.0590447 0.0664172 0.0694720 0.0721539 0.0667590 0.0328142 0.0532999 0.0702846 0.0000000 0.0620405 0.0516740 0.0354008 0.0519165 0.0857013 0.0509021 0.0500405 0.0700484 0.0703118 0.0672982 0.0706653 0.0693309 0.0970570 0.0970570 
Microbiotheriidae_Dromiciops_gliroides       0.0481695 0.0689855 0.0503926 0.0571184 0.0567075 0.0703322 0.0468765 0.0535100 0.0567830 0.0641070 0.0511608 0.0694679 0.0664703 0.0527160 0.0601730 0.0652509 0.0663050 0.0721060 0.0616901 0.0598213 0.0543585 0.0724057 0.0620405 0.0000000 0.0552601 0.0603699 0.0542396 0.0905789 0.0501385 0.0526712 0.0664326 0.0692875 0.0631739 0.0655096 0.0626370 0.0621135 0.0621135 
Pseudochiridae_Petauroides_volans            0.0372198 0.0685671 0.0422566 0.0438398 0.0434072 0.0668736 0.0370531 0.0458031 0.0442089 0.0600561 0.0394631 0.0667005 0.0646890 0.0428321 0.0447082 0.0650879 0.0649216 0.0703877 0.0608499 0.0458306 0.0269848 0.0691856 0.0516740 0.0552601 0.0000000 0.0484897 0.0263637 0.0678225 0.0354208 0.0416522 0.0624059 0.0655148 0.0598509 0.0580133 0.0591279 0.0895753 0.0895753 
Macropodidae_Wallabia_bicolor                0.0387656 0.0694181 0.0451443 0.0163328 0.0169933 0.0676605 0.0401155 0.0496879 0.0166750 0.0636102 0.0435257 0.0691112 0.0666599 0.0479026 0.0580919 0.0662541 0.0666154 0.0727967 0.0634470 0.0081845 0.0506243 0.0712214 0.0354008 0.0603699 0.0484897 0.0000000 0.0508363 0.0777944 0.0459995 0.0470830 0.0678374 0.0667344 0.0624957 0.0668384 0.0662159 0.0539391 0.0539391 
Pseudochiridae_Pseudocheirus_occidentalis    0.0391051 0.0657971 0.0445601 0.0442139 0.0432832 0.0714857 0.0381287 0.0437711 0.0451101 0.0658496 0.0404293 0.0709083 0.0694056 0.0408735 0.0438271 0.0711062 0.0694064 0.0738369 0.0639928 0.0486911 0.0175897 0.0739471 0.0519165 0.0542396 0.0263637 0.0508363 0.0000000 0.0706765 0.0378290 0.0391166 0.0657648 0.0698717 0.0658796 0.0597672 0.0584590 9.0000000 9.0000000 
Tarsipedidae_Tarsipes_rostratus              0.0686407 0.1000737 0.0740437 0.0744192 0.0748708 0.1018926 0.0689380 0.0774694 0.0753371 0.0994267 0.0700160 0.1080928 0.0953100 0.0767208 0.0766756 0.1021864 0.0994403 0.1059955 0.0943740 0.0763370 0.0716117 0.1038720 0.0857013 0.0905789 0.0678225 0.0777944 0.0706765 0.0000000 0.0629599 0.0753052 0.1008715 0.1002641 0.0947652 0.0959266 0.0909898 0.0647325 0.0647325 
Acrobatidae_Distoechurus_pennatus            0.0321612 0.0619510 0.0397994 0.0416957 0.0412371 0.0680204 0.0313399 0.0408662 0.0416461 0.0600457 0.0348540 0.0693770 0.0645345 0.0391241 0.0321261 0.0662024 0.0636272 0.0707867 0.0601305 0.0444567 0.0387795 0.0700539 0.0509021 0.0501385 0.0354208 0.0459995 0.0378290 0.0629599 0.0000000 0.0387185 0.0642705 0.0666366 0.0588388 0.0567360 0.0550113 0.0605257 0.0605257 
Phalangeridae_Phalanger_carmelitae           0.0331847 0.0654685 0.0423980 0.0446069 0.0438350 0.0675991 0.0149917 0.0097168 0.0442303 0.0612404 0.0095571 0.0655696 0.0641009 0.0033926 0.0466374 0.0639146 0.0649024 0.0680418 0.0619282 0.0459414 0.0448271 0.0699990 0.0500405 0.0526712 0.0416522 0.0470830 0.0391166 0.0753052 0.0387185 0.0000000 0.0663129 0.0662108 0.0623970 0.0540082 0.0556871 0.0728596 0.0728596 
Peramelidae_Peroryctes_raffrayana            0.0599673 0.0796818 0.0662372 0.0626189 0.0629754 0.0779079 0.0628273 0.0689355 0.0611945 0.0175627 0.0661473 0.0778431 0.0773121 0.0687572 0.0742880 0.0774270 0.0773132 0.0801623 0.0127391 0.0644712 0.0646589 0.0841884 0.0700484 0.0664326 0.0624059 0.0678374 0.0657648 0.1008715 0.0642705 0.0663129 0.0000000 0.0762647 0.0175756 0.0665421 0.0630022 9.0000000 9.0000000 
Dasyuridae_Dasyurus_geffroii                 0.0602830 0.0838608 0.0612765 0.0645004 0.0636496 0.0027686 0.0588815 0.0690036 0.0628217 0.0722820 0.0626638 0.0128189 0.0165996 0.0679927 0.0778168 0.0129610 0.0030901 0.0195668 0.0731774 0.0640886 0.0709041 0.0149543 0.0703118 0.0692875 0.0655148 0.0667344 0.0698717 0.1002641 0.0666366 0.0662108 0.0762647 0.0000000 0.0710706 0.0588202 0.0581927 0.0419143 0.0419143 
Peramelidae_Perameles_gunnii                 0.0558735 0.0736615 0.0609254 0.0593991 0.0597300 0.0724999 0.0552647 0.0655938 0.0589578 0.0006836 0.0583497 0.0727522 0.0706664 0.0632927 0.0708685 0.0710815 0.0692325 0.0784901 0.0149197 0.0593564 0.0664798 0.0771219 0.0672982 0.0631739 0.0598509 0.0624957 0.0658796 0.0947652 0.0588388 0.0623970 0.0175756 0.0710706 0.0000000 0.0649323 0.0598194 0.0759855 0.0759855 
Didelphidae_Didelphis_virginiana             0.0569493 0.0743255 0.0567302 0.0590030 0.0595219 0.0600714 0.0505154 0.0592497 0.0590485 0.0667541 0.0542601 0.0596267 0.0564351 0.0564254 0.0748206 0.0552106 0.0575376 0.0589008 0.0665973 0.0622058 0.0644732 0.0600894 0.0706653 0.0655096 0.0580133 0.0668384 0.0597672 0.0959266 0.0567360 0.0540082 0.0665421 0.0588202 0.0649323 0.0000000 0.0226296 0.0707333 0.0707333 
Marmosidae_Monodelphis_domestica             0.0570643 0.0706807 0.0528138 0.0619811 0.0624006 0.0594610 0.0505382 0.0585975 0.0595454 0.0617538 0.0552154 0.0590647 0.0547255 0.0592862 0.0738295 0.0551858 0.0569213 0.0576114 0.0632259 0.0602861 0.0608324 0.0582440 0.0693309 0.0626370 0.0591279 0.0662159 0.0584590 0.0909898 0.0550113 0.0556871 0.0630022 0.0581927 0.0598194 0.0226296 0.0000000 0.0667885 0.0667885 
Myrmecobiidae_Myrmecobius_fasciatus1         0.0599489 0.0779458 0.0721009 0.0562682 0.0563768 0.0419143 0.0452797 0.0646202 0.0526958 9.0000000 0.0488216 0.0458077 0.0344375 0.0689345 0.0871733 0.0374567 0.0366678 0.0661273 0.0710252 0.0530356 0.0931901 0.0421921 0.0970570 0.0621135 0.0895753 0.0539391 9.0000000 0.0647325 0.0605257 0.0728596 9.0000000 0.0419143 0.0759855 0.0707333 0.0667885 0.0000000 0.0000010 
Myrmecobiidae_Myrmecobius_fasciatus2         0.0599489 0.0779458 0.0721009 0.0562682 0.0563768 0.0419143 0.0452797 0.0646202 0.0526958 9.0000000 0.0488216 0.0458077 0.0344375 0.0689345 0.0871733 0.0374567 0.0366678 0.0661273 0.0710252 0.0530356 0.0931901 0.0421921 0.0970570 0.0621135 0.0895753 0.0539391 9.0000000 0.0647325 0.0605257 0.0728596 9.0000000 0.0419143 0.0759855 0.0707333 0.0667885 0.0000010 0.0000000 
