35
Burramyidae_Burramys_parvus                  0.0000000 0.0613023 0.0468559 0.0688030 0.0680867 0.0496771 0.0358463 0.0492301 0.0738567 0.0789739 0.0433443 0.0609279 0.0723373 0.0521497 0.0462199 0.0627391 0.0647702 0.0696238 0.0786464 0.0677730 0.0460955 0.0886549 0.0701887 0.0596200 0.0667815 0.0703029 0.0425027 0.0679123 0.0523893 0.0483896 0.0462629 0.0481591 0.0816265 0.0506500 0.0759522 
Notoryctidae_Notoryctes_typhlops             0.0613023 0.0000000 0.0616433 0.0767939 0.0748015 0.0593454 0.0598817 0.0769121 0.0782791 0.0628907 0.0705668 0.0604513 0.0749202 0.0838187 0.0680979 0.0607924 0.0601592 0.0733131 0.0726366 0.0720287 0.0687322 0.0844226 0.0664453 0.0585603 0.0785378 0.0705002 0.0679492 0.0722107 0.0749246 0.0754716 0.0639943 0.0748225 0.0605227 0.0617252 0.0650807 
Vombatidae_Lasiorhinus_latifrons             0.0468559 0.0616433 0.0000000 0.0805261 0.0812292 0.0492254 0.0477094 0.0578512 0.0818623 0.0786087 0.0508020 0.0654154 0.0751167 0.0592255 0.0570473 0.0657258 0.0678801 0.0743819 0.0797504 0.0747030 0.0465430 0.0926108 0.0735468 0.0608717 0.0762671 0.0646537 0.0432526 0.0748453 0.0550757 0.0530734 0.0561027 0.0598598 0.0796180 0.0486606 0.0759017 
Potoroidae_Bettongia_penicillata             0.0688030 0.0767939 0.0805261 0.0000000 0.0040055 0.0604989 0.0692127 0.0692881 0.0148078 0.0796297 0.0760332 0.0703778 0.0801337 0.0872242 0.0625848 0.0718638 0.0749935 0.0939758 0.0868978 0.0225483 0.0703098 0.1108759 0.0920094 0.0684761 0.0414953 0.0909696 0.0676792 0.0200321 0.0609591 0.0595108 0.0593060 0.0858551 0.0793428 0.0611098 0.0805653 
Potoroidae_Bettongia_lesueur                 0.0680867 0.0748015 0.0812292 0.0040055 0.0000000 0.0618342 0.0703884 0.0692134 0.0155849 0.0792503 0.0754143 0.0714990 0.0802163 0.0875239 0.0628183 0.0730224 0.0751214 0.0937614 0.0869272 0.0224957 0.0714693 0.1091398 0.0921331 0.0706515 0.0408716 0.0913016 0.0674222 0.0208246 0.0627912 0.0589749 0.0586747 0.0860754 0.0795003 0.0624471 0.0791472 
Dasyuridae_Dasyurus_maculatus                0.0496771 0.0593454 0.0492254 0.0604989 0.0618342 0.0000000 0.0480389 0.0717994 0.0646811 0.0541773 0.0569474 0.0108835 0.0282748 0.0737363 0.0535908 0.0108656 0.0069638 0.0205845 0.0585447 0.0593711 0.0549735 0.0731082 0.0518091 0.0096209 0.0616617 0.0562376 0.0494923 0.0582635 0.0653240 0.0629341 0.0515858 0.0656217 0.0520060 0.0068912 0.0559143 
Phalangeridae_Trichosurus_vulpecula          0.0358463 0.0598817 0.0477094 0.0692127 0.0703884 0.0480389 0.0000000 0.0322524 0.0725187 0.0792295 0.0236888 0.0612548 0.0730956 0.0360272 0.0468903 0.0636200 0.0650925 0.0757830 0.0823489 0.0690864 0.0471342 0.0924171 0.0740258 0.0591954 0.0648012 0.0689472 0.0404969 0.0671725 0.0493724 0.0484567 0.0434087 0.0293622 0.0800445 0.0479868 0.0764789 
Phalangeridae_Spilocuscus_maculatus          0.0492301 0.0769121 0.0578512 0.0692881 0.0692134 0.0717994 0.0322524 0.0000000 0.0736065 0.0783030 0.0155745 0.0667840 0.0819246 0.0140416 0.0572793 0.0695365 0.0683781 0.0822295 0.0861262 0.0698534 0.0589758 0.0974967 0.0859070 0.0666912 0.0670238 0.0782244 0.0565779 0.0683277 0.0723608 0.0683503 0.0542296 0.0097754 0.0771072 0.0717179 0.0778683 
Potoroidae_Aepyprymnus_rufescens             0.0738567 0.0782791 0.0818623 0.0148078 0.0155849 0.0646811 0.0725187 0.0736065 0.0000000 0.0852333 0.0776401 0.0747942 0.0827626 0.0914271 0.0638374 0.0750807 0.0788442 0.0935258 0.0912674 0.0229079 0.0736295 0.1138376 0.0937643 0.0731383 0.0455569 0.0947347 0.0696271 0.0217457 0.0690689 0.0609960 0.0605508 0.0903982 0.0827162 0.0646203 0.0832568 
Peramelidae_Perameles_nasuta                 0.0789739 0.0628907 0.0786087 0.0796297 0.0792503 0.0541773 0.0792295 0.0783030 0.0852333 0.0000000 0.0812131 0.0577880 0.0727950 0.1001880 0.0709919 0.0587681 0.0603342 0.0689144 0.0218146 0.0812567 0.0824865 0.0988530 0.0817131 0.0565914 0.0790582 0.0824684 0.0755700 0.0791835 0.0671734 0.0653470 0.0694802 0.0977776 0.0135424 0.0546417 0.0008607 
Phalangeridae_Strigocuscus_pelengensis       0.0433443 0.0705668 0.0508020 0.0760332 0.0754143 0.0569474 0.0236888 0.0155745 0.0776401 0.0812131 0.0000000 0.0651214 0.0770399 0.0205447 0.0544818 0.0672610 0.0667229 0.0831082 0.0864502 0.0749683 0.0529011 0.0983906 0.0816336 0.0649070 0.0688590 0.0753405 0.0495068 0.0715457 0.0657538 0.0588187 0.0525671 0.0140499 0.0828197 0.0568466 0.0800522 
Dasyuridae_Phascogale_tapoatafa              0.0609279 0.0604513 0.0654154 0.0703778 0.0714990 0.0108835 0.0612548 0.0667840 0.0747942 0.0577880 0.0651214 0.0000000 0.0255252 0.0835814 0.0608256 0.0032049 0.0127211 0.0199163 0.0626764 0.0718148 0.0708838 0.0923231 0.0703035 0.0044748 0.0694769 0.0699781 0.0605229 0.0696743 0.0612796 0.0611570 0.0604115 0.0811802 0.0599999 0.0113256 0.0587316 
Dasyuridae_Sminthopsis_macroura              0.0723373 0.0749202 0.0751167 0.0801337 0.0802163 0.0282748 0.0730956 0.0819246 0.0827626 0.0727950 0.0770399 0.0255252 0.0000000 0.0962589 0.0715792 0.0263440 0.0274511 0.0211391 0.0721499 0.0808404 0.0808548 0.1060193 0.0830148 0.0252895 0.0782736 0.0835703 0.0714647 0.0791625 0.0776859 0.0715521 0.0720780 0.0940555 0.0731505 0.0296808 0.0721260 
Phalangeridae_Phalanger_orientalis           0.0521497 0.0838187 0.0592255 0.0872242 0.0875239 0.0737363 0.0360272 0.0140416 0.0914271 0.1001880 0.0205447 0.0835814 0.0962589 0.0000000 0.0642061 0.0856737 0.0858127 0.1079029 0.1021703 0.0860578 0.0614471 0.1103312 0.0928581 0.0820369 0.0798344 0.0904511 0.0580549 0.0839998 0.0801453 0.0722237 0.0645504 0.0062093 0.1020326 0.0736546 0.0967029 
Acrobatidae_Acrobates_pygmaeus               0.0462199 0.0680979 0.0570473 0.0625848 0.0628183 0.0535908 0.0468903 0.0572793 0.0638374 0.0709919 0.0544818 0.0608256 0.0715792 0.0642061 0.0000000 0.0611020 0.0651954 0.0736953 0.0756578 0.0580775 0.0510846 0.0879145 0.0720843 0.0578277 0.0581386 0.0754739 0.0455168 0.0570834 0.0551369 0.0490939 0.0290558 0.0643788 0.0699293 0.0536420 0.0690223 
Dasyuridae_Phascogale_calura                 0.0627391 0.0607924 0.0657258 0.0718638 0.0730224 0.0108656 0.0636200 0.0695365 0.0750807 0.0587681 0.0672610 0.0032049 0.0263440 0.0856737 0.0611020 0.0000000 0.0131399 0.0199123 0.0629795 0.0731179 0.0717179 0.0925919 0.0706018 0.0052847 0.0707732 0.0697022 0.0603949 0.0709422 0.0619198 0.0620112 0.0617057 0.0837530 0.0603330 0.0113070 0.0590412 
Dasyuridae_Sarcophilus_harrisii              0.0647702 0.0601592 0.0678801 0.0749935 0.0751214 0.0069638 0.0650925 0.0683781 0.0788442 0.0603342 0.0667229 0.0127211 0.0274511 0.0858127 0.0651954 0.0131399 0.0000000 0.0192884 0.0626243 0.0727778 0.0743713 0.0964917 0.0741589 0.0128620 0.0720071 0.0738478 0.0612929 0.0721871 0.0631327 0.0635499 0.0647449 0.0843778 0.0619246 0.0060782 0.0606075 
Dasyuridae_Planigale_tenuirostris            0.0696238 0.0733131 0.0743819 0.0939758 0.0937614 0.0205845 0.0757830 0.0822295 0.0935258 0.0689144 0.0831082 0.0199163 0.0211391 0.1079029 0.0736953 0.0199123 0.0192884 0.0000000 0.0774576 0.0899273 0.0891425 0.1094629 0.0836674 0.0198972 0.0907559 0.0875842 0.0789466 0.0877783 0.0731619 0.0747964 0.0752321 0.1089019 0.0736566 0.0217887 0.0706939 
Peramelidae_Echymipera_kalubu                0.0786464 0.0726366 0.0797504 0.0868978 0.0869272 0.0585447 0.0823489 0.0861262 0.0912674 0.0218146 0.0864502 0.0626764 0.0721499 0.1021703 0.0756578 0.0629795 0.0626243 0.0774576 0.0000000 0.0862941 0.0852801 0.0986472 0.0846686 0.0606815 0.0833905 0.0898868 0.0785489 0.0855986 0.0733259 0.0702841 0.0773001 0.1003520 0.0221718 0.0589889 0.0206235 
Macropodidae_Dorcopsulus_vanheurni           0.0677730 0.0720287 0.0747030 0.0225483 0.0224957 0.0593711 0.0690864 0.0698534 0.0229079 0.0812567 0.0749683 0.0718148 0.0808404 0.0860578 0.0580775 0.0731179 0.0727778 0.0899273 0.0862941 0.0000000 0.0677438 0.1035978 0.0895107 0.0687297 0.0420018 0.0906502 0.0659415 0.0090158 0.0652034 0.0572576 0.0552318 0.0852156 0.0797782 0.0593152 0.0788135 
Pseudochiridae_Pseudochirulus_forbesi        0.0460955 0.0687322 0.0465430 0.0703098 0.0714693 0.0549735 0.0471342 0.0589758 0.0736295 0.0824865 0.0529011 0.0708838 0.0808548 0.0614471 0.0510846 0.0717179 0.0743713 0.0891425 0.0852801 0.0677438 0.0000000 0.0976832 0.0778360 0.0678284 0.0624730 0.0751339 0.0310651 0.0662721 0.0231630 0.0458498 0.0490257 0.0615266 0.0822417 0.0554185 0.0804282 
Didelphidae_Didelphis_virginiana             0.0886549 0.0844226 0.0926108 0.1108759 0.1091398 0.0731082 0.0924171 0.0974967 0.1138376 0.0988530 0.0983906 0.0923231 0.1060193 0.1103312 0.0879145 0.0925919 0.0964917 0.1094629 0.0986472 0.1035978 0.0976832 0.0000000 0.0387866 0.0895568 0.1075261 0.0917068 0.0894852 0.1029992 0.0860112 0.0839406 0.0824613 0.1130251 0.1005832 0.0749003 0.0976396 
Marmosidae_Monodelphis_domestica             0.0701887 0.0664453 0.0735468 0.0920094 0.0921331 0.0518091 0.0740258 0.0859070 0.0937643 0.0817131 0.0816336 0.0703035 0.0830148 0.0928581 0.0720843 0.0706018 0.0741589 0.0836674 0.0846686 0.0895107 0.0778360 0.0387866 0.0000000 0.0664572 0.0890844 0.0691069 0.0733735 0.0888075 0.0728530 0.0653765 0.0684174 0.0926711 0.0833720 0.0544339 0.0797992 
Dasyuridae_Antechinus_stuartii               0.0596200 0.0585603 0.0608717 0.0684761 0.0706515 0.0096209 0.0591954 0.0666912 0.0731383 0.0565914 0.0649070 0.0044748 0.0252895 0.0820369 0.0578277 0.0052847 0.0128620 0.0198972 0.0606815 0.0687297 0.0678284 0.0895568 0.0664572 0.0000000 0.0658832 0.0683178 0.0582775 0.0664486 0.0604586 0.0598047 0.0577706 0.0792582 0.0588301 0.0100644 0.0567330 
Hypsiprymnodontidae_Hypsiprymnodon_moschatus 0.0667815 0.0785378 0.0762671 0.0414953 0.0408716 0.0616617 0.0648012 0.0670238 0.0455569 0.0790582 0.0688590 0.0694769 0.0782736 0.0798344 0.0581386 0.0707732 0.0720071 0.0907559 0.0833905 0.0420018 0.0624730 0.1075261 0.0890844 0.0658832 0.0000000 0.0899933 0.0634127 0.0398021 0.0595318 0.0589175 0.0526322 0.0800753 0.0793711 0.0632318 0.0772846 
Microbiotheriidae_Dromiciops_gliroides       0.0703029 0.0705002 0.0646537 0.0909696 0.0913016 0.0562376 0.0689472 0.0782244 0.0947347 0.0824684 0.0753405 0.0699781 0.0835703 0.0904511 0.0754739 0.0697022 0.0738478 0.0875842 0.0898868 0.0906502 0.0751339 0.0917068 0.0691069 0.0683178 0.0899933 0.0000000 0.0688313 0.0888492 0.0687395 0.0710003 0.0766822 0.0881365 0.0858168 0.0572001 0.0821487 
Pseudochiridae_Petauroides_volans            0.0425027 0.0679492 0.0432526 0.0676792 0.0674222 0.0494923 0.0404969 0.0565779 0.0696271 0.0755700 0.0495068 0.0605229 0.0714647 0.0580549 0.0455168 0.0603949 0.0612929 0.0789466 0.0785489 0.0659415 0.0310651 0.0894852 0.0733735 0.0582775 0.0634127 0.0688313 0.0000000 0.0640386 0.0459965 0.0461824 0.0466706 0.0529733 0.0771789 0.0499539 0.0737979 
Macropodidae_Wallabia_bicolor                0.0679123 0.0722107 0.0748453 0.0200321 0.0208246 0.0582635 0.0671725 0.0683277 0.0217457 0.0791835 0.0715457 0.0696743 0.0791625 0.0839998 0.0570834 0.0709422 0.0721871 0.0877783 0.0855986 0.0090158 0.0662721 0.1029992 0.0888075 0.0664486 0.0398021 0.0888492 0.0640386 0.0000000 0.0632924 0.0553912 0.0549410 0.0831405 0.0777398 0.0582083 0.0769591 
Pseudochiridae_Pseudocheirus_occidentalis    0.0523893 0.0749246 0.0550757 0.0609591 0.0627912 0.0653240 0.0493724 0.0723608 0.0690689 0.0671734 0.0657538 0.0612796 0.0776859 0.0801453 0.0551369 0.0619198 0.0631327 0.0731619 0.0733259 0.0652034 0.0231630 0.0860112 0.0728530 0.0604586 0.0595318 0.0687395 0.0459965 0.0632924 0.0000000 0.0598836 0.0448343 0.0693228 0.0666586 0.0652860 0.0677526 
Tarsipedidae_Tarsipes_rostratus              0.0483896 0.0754716 0.0530734 0.0595108 0.0589749 0.0629341 0.0484567 0.0683503 0.0609960 0.0653470 0.0588187 0.0611570 0.0715521 0.0722237 0.0490939 0.0620112 0.0635499 0.0747964 0.0702841 0.0572576 0.0458498 0.0839406 0.0653765 0.0598047 0.0589175 0.0710003 0.0461824 0.0553912 0.0598836 0.0000000 0.0485934 0.0641002 0.0629575 0.0635012 0.0640148 
Acrobatidae_Distoechurus_pennatus            0.0462629 0.0639943 0.0561027 0.0593060 0.0586747 0.0515858 0.0434087 0.0542296 0.0605508 0.0694802 0.0525671 0.0604115 0.0720780 0.0645504 0.0290558 0.0617057 0.0647449 0.0752321 0.0773001 0.0552318 0.0490257 0.0824613 0.0684174 0.0577706 0.0526322 0.0766822 0.0466706 0.0549410 0.0448343 0.0485934 0.0000000 0.0605224 0.0718617 0.0510809 0.0694738 
Phalangeridae_Phalanger_carmelitae           0.0481591 0.0748225 0.0598598 0.0858551 0.0860754 0.0656217 0.0293622 0.0097754 0.0903982 0.0977776 0.0140499 0.0811802 0.0940555 0.0062093 0.0643788 0.0837530 0.0843778 0.1089019 0.1003520 0.0852156 0.0615266 0.1130251 0.0926711 0.0792582 0.0800753 0.0881365 0.0529733 0.0831405 0.0693228 0.0641002 0.0605224 0.0000000 0.0995326 0.0655498 0.0945567 
Peramelidae_Peroryctes_raffrayana            0.0816265 0.0605227 0.0796180 0.0793428 0.0795003 0.0520060 0.0800445 0.0771072 0.0827162 0.0135424 0.0828197 0.0599999 0.0731505 0.1020326 0.0699293 0.0603330 0.0619246 0.0736566 0.0221718 0.0797782 0.0822417 0.1005832 0.0833720 0.0588301 0.0793711 0.0858168 0.0771789 0.0777398 0.0666586 0.0629575 0.0718617 0.0995326 0.0000000 0.0524726 0.0133818 
Dasyuridae_Dasyurus_geffroii                 0.0506500 0.0617252 0.0486606 0.0611098 0.0624471 0.0068912 0.0479868 0.0717179 0.0646203 0.0546417 0.0568466 0.0113256 0.0296808 0.0736546 0.0536420 0.0113070 0.0060782 0.0217887 0.0589889 0.0593152 0.0554185 0.0749003 0.0544339 0.0100644 0.0632318 0.0572001 0.0499539 0.0582083 0.0652860 0.0635012 0.0510809 0.0655498 0.0524726 0.0000000 0.0563584 
Peramelidae_Perameles_gunnii                 0.0759522 0.0650807 0.0759017 0.0805653 0.0791472 0.0559143 0.0764789 0.0778683 0.0832568 0.0008607 0.0800522 0.0587316 0.0721260 0.0967029 0.0690223 0.0590412 0.0606075 0.0706939 0.0206235 0.0788135 0.0804282 0.0976396 0.0797992 0.0567330 0.0772846 0.0821487 0.0737979 0.0769591 0.0677526 0.0640148 0.0694738 0.0945567 0.0133818 0.0563584 0.0000000 
