35
Burramyidae_Burramys_parvus                  0.0000000 0.1008742 0.0839035 0.0680364 0.0688927 0.1226321 0.0604611 0.0636902 0.0725262 0.0618136 0.1203565 0.1325601 0.0664431 0.0623471 0.1216716 0.1255586 0.1166684 0.0695221 0.0691312 0.1445543 0.1711915 0.1241168 0.0698834 0.0930087 0.0674124 0.0698160 0.0622213 0.1049022 0.0655379 0.0732052 0.1158789 0.1208665 0.1077920 0.1210632 0.1460556 
Notoryctidae_Notoryctes_typhlops             0.1008742 0.0000000 0.0911041 0.0867892 0.0870135 0.1207589 0.0924460 0.0855290 0.0890554 0.0889829 0.1170914 0.1311292 0.0889274 0.0845652 0.1171014 0.1211358 0.1060437 0.0842249 0.0902290 0.1451011 0.1616787 0.1199463 0.0876690 0.0948601 0.0907323 0.0887276 0.0812137 0.1242318 0.0872226 0.0969409 0.1095720 0.1173275 0.1090067 0.1193429 0.1493003 
Vombatidae_Lasiorhinus_latifrons             0.0839035 0.0911041 0.0000000 0.0772777 0.0769134 0.1218688 0.0729435 0.0687182 0.0782787 0.0745171 0.1222344 0.1276235 0.0740587 0.0764367 0.1225240 0.1272704 0.1063587 0.0805674 0.0830326 0.1372307 0.1707843 0.1271534 0.0796717 0.0891190 0.0798217 0.0834165 0.0727342 0.1197436 0.0798731 0.0806595 0.1065952 0.1207333 0.1063335 0.1074958 0.1440091 
Potoroidae_Bettongia_penicillata             0.0680364 0.0867892 0.0772777 0.0000000 0.0041637 0.1129292 0.0662590 0.0564687 0.0135555 0.0609257 0.1139130 0.1208191 0.0593079 0.0575342 0.1151682 0.1166177 0.1077355 0.0233029 0.0654164 0.1375276 0.1634813 0.1154965 0.0419205 0.0844986 0.0634085 0.0251551 0.0605290 0.0995997 0.0617880 0.0680055 0.1106186 0.1118324 0.1070476 0.1122997 0.1308709 
Potoroidae_Bettongia_lesueur                 0.0688927 0.0870135 0.0769134 0.0041637 0.0000000 0.1142043 0.0654845 0.0558051 0.0135106 0.0607676 0.1157339 0.1214908 0.0585829 0.0577629 0.1169895 0.1173391 0.1095504 0.0218800 0.0661162 0.1370753 0.1619818 0.1179870 0.0417465 0.0828702 0.0646981 0.0228115 0.0613430 0.0997367 0.0620005 0.0671852 0.1126734 0.1125606 0.1091956 0.1142590 0.1343085 
Dasyuridae_Dasyurus_maculatus                0.1226321 0.1207589 0.1218688 0.1129292 0.1142043 0.0000000 0.1116445 0.1115374 0.1160617 0.1043071 0.0177375 0.0319337 0.1077595 0.1064251 0.0199604 0.0102101 0.1413116 0.1168943 0.1114960 0.1669483 0.1813815 0.0201472 0.1188242 0.1115051 0.1160797 0.1193069 0.1062354 0.1508966 0.1084804 0.1210924 0.1437711 0.0058996 0.1364095 0.1492124 0.0332833 
Phalangeridae_Trichosurus_vulpecula          0.0604611 0.0924460 0.0729435 0.0662590 0.0654845 0.1116445 0.0000000 0.0227565 0.0689072 0.0223219 0.1166271 0.1212619 0.0243687 0.0590743 0.1168188 0.1153948 0.1159039 0.0686549 0.0704013 0.1428108 0.1743358 0.1171854 0.0665304 0.0858633 0.0714559 0.0700423 0.0605741 0.1045279 0.0630642 0.0316741 0.1203625 0.1106575 0.1172392 0.1185134 0.1226222 
Phalangeridae_Spilocuscus_maculatus          0.0636902 0.0855290 0.0687182 0.0564687 0.0558051 0.1115374 0.0227565 0.0000000 0.0592900 0.0142888 0.1128727 0.1221085 0.0097517 0.0553178 0.1141293 0.1113899 0.1104895 0.0638982 0.0666668 0.1424108 0.1660489 0.1151391 0.0617353 0.0788281 0.0645494 0.0652219 0.0590919 0.0975651 0.0570226 0.0166663 0.1138471 0.1088551 0.1106927 0.1115303 0.1294652 
Potoroidae_Aepyprymnus_rufescens             0.0725262 0.0890554 0.0782787 0.0135555 0.0135106 0.1160617 0.0689072 0.0592900 0.0000000 0.0654134 0.1171100 0.1253922 0.0635472 0.0605019 0.1194456 0.1192131 0.1101564 0.0231829 0.0670941 0.1415660 0.1671107 0.1199308 0.0441356 0.0837369 0.0676087 0.0254812 0.0631681 0.1029625 0.0633770 0.0727066 0.1132868 0.1144043 0.1092264 0.1161215 0.1391439 
Phalangeridae_Strigocuscus_pelengensis       0.0618136 0.0889829 0.0745171 0.0609257 0.0607676 0.1043071 0.0223219 0.0142888 0.0654134 0.0000000 0.1105728 0.1154962 0.0134259 0.0577499 0.1117609 0.1067910 0.1147675 0.0668331 0.0684475 0.1388282 0.1685264 0.1114887 0.0626704 0.0844831 0.0673908 0.0686985 0.0607934 0.1016970 0.0592695 0.0184876 0.1182215 0.1035037 0.1154569 0.1190149 0.1291713 
Dasyuridae_Phascogale_tapoatafa              0.1203565 0.1170914 0.1222344 0.1139130 0.1157339 0.0177375 0.1166271 0.1128727 0.1171100 0.1105728 0.0000000 0.0322657 0.1120347 0.1067496 0.0046122 0.0194893 0.1435429 0.1197329 0.1129582 0.1658271 0.1792606 0.0107305 0.1176393 0.1120948 0.1151548 0.1220686 0.1054920 0.1473467 0.1087908 0.1240851 0.1437277 0.0177065 0.1359650 0.1536493 0.0364671 
Dasyuridae_Sminthopsis_macroura              0.1325601 0.1311292 0.1276235 0.1208191 0.1214908 0.0319337 0.1212619 0.1221085 0.1253922 0.1154962 0.0322657 0.0000000 0.1182956 0.1177730 0.0327317 0.0347181 0.1504201 0.1267040 0.1215165 0.1701250 0.1918822 0.0326565 0.1223645 0.1212075 0.1253341 0.1279844 0.1161386 0.1592031 0.1168361 0.1312882 0.1496813 0.0322471 0.1446614 0.1603174 0.0326620 
Phalangeridae_Phalanger_orientalis           0.0664431 0.0889274 0.0740587 0.0593079 0.0585829 0.1077595 0.0243687 0.0097517 0.0635472 0.0134259 0.1120347 0.1182956 0.0000000 0.0563150 0.1132926 0.1076426 0.1142196 0.0663610 0.0693537 0.1458452 0.1719267 0.1144945 0.0643257 0.0809314 0.0682657 0.0679304 0.0617249 0.1027751 0.0600018 0.0136868 0.1194218 0.1073371 0.1135357 0.1152984 0.1257178 
Acrobatidae_Acrobates_pygmaeus               0.0623471 0.0845652 0.0764367 0.0575342 0.0577629 0.1064251 0.0590743 0.0553178 0.0605019 0.0577499 0.1067496 0.1177730 0.0563150 0.0000000 0.1091749 0.1098688 0.1033189 0.0583912 0.0536661 0.1423405 0.1693268 0.1080477 0.0608589 0.0845876 0.0535686 0.0600984 0.0440330 0.0854885 0.0216816 0.0664223 0.1076538 0.1055162 0.1018873 0.1073682 0.1315975 
Dasyuridae_Phascogale_calura                 0.1216716 0.1171014 0.1225240 0.1151682 0.1169895 0.0199604 0.1168188 0.1141293 0.1194456 0.1117609 0.0046122 0.0327317 0.1132926 0.1091749 0.0000000 0.0217198 0.1423473 0.1220865 0.1152694 0.1670734 0.1818655 0.0111660 0.1189036 0.1147654 0.1164147 0.1244416 0.1078117 0.1488042 0.1100260 0.1253836 0.1438145 0.0199254 0.1374058 0.1538449 0.0377714 
Dasyuridae_Sarcophilus_harrisii              0.1255586 0.1211358 0.1272704 0.1166177 0.1173391 0.0102101 0.1153948 0.1113899 0.1192131 0.1067910 0.0194893 0.0347181 0.1076426 0.1098688 0.0217198 0.0000000 0.1454818 0.1222393 0.1148223 0.1713016 0.1851496 0.0219844 0.1221972 0.1144907 0.1181956 0.1247020 0.1102287 0.1536743 0.1119426 0.1209293 0.1460580 0.0110480 0.1396457 0.1543439 0.0346063 
Peramelidae_Echymipera_kalubu                0.1166684 0.1060437 0.1063587 0.1077355 0.1095504 0.1413116 0.1159039 0.1104895 0.1101564 0.1147675 0.1435429 0.1504201 0.1142196 0.1033189 0.1423473 0.1454818 0.0000000 0.1130644 0.1112799 0.1721105 0.1882526 0.1458793 0.1067400 0.1210707 0.1105713 0.1142085 0.1040135 0.1410230 0.1075509 0.1233925 0.0180741 0.1406800 0.0217094 0.0184248 0.1691010 
Macropodidae_Dorcopsulus_vanheurni           0.0695221 0.0842249 0.0805674 0.0233029 0.0218800 0.1168943 0.0686549 0.0638982 0.0231829 0.0668331 0.1197329 0.1267040 0.0663610 0.0583912 0.1220865 0.1222393 0.1130644 0.0000000 0.0636428 0.1371030 0.1626913 0.1220602 0.0428706 0.0866761 0.0656620 0.0109733 0.0598436 0.0997169 0.0621132 0.0756014 0.1151367 0.1152263 0.1098053 0.1157650 0.1436344 
Pseudochiridae_Pseudochirulus_forbesi        0.0691312 0.0902290 0.0830326 0.0654164 0.0661162 0.1114960 0.0704013 0.0666668 0.0670941 0.0684475 0.1129582 0.1215165 0.0693537 0.0536661 0.1152694 0.1148223 0.1112799 0.0636428 0.0000000 0.1456898 0.1638937 0.1143713 0.0697967 0.0903274 0.0344952 0.0656911 0.0171042 0.0853042 0.0548156 0.0806228 0.1111686 0.1105642 0.1100107 0.1100035 0.1274886 
Didelphidae_Didelphis_virginiana             0.1445543 0.1451011 0.1372307 0.1375276 0.1370753 0.1669483 0.1428108 0.1424108 0.1415660 0.1388282 0.1658271 0.1701250 0.1458452 0.1423405 0.1670734 0.1713016 0.1721105 0.1371030 0.1456898 0.0000000 0.0861432 0.1681641 0.1343094 0.1346261 0.1503318 0.1371127 0.1391997 0.1730698 0.1441770 0.1511776 0.1722050 0.1639824 0.1565700 0.1752326 0.1928390 
Marmosidae_Monodelphis_domestica             0.1711915 0.1616787 0.1707843 0.1634813 0.1619818 0.1813815 0.1743358 0.1660489 0.1671107 0.1685264 0.1792606 0.1918822 0.1719267 0.1693268 0.1818655 0.1851496 0.1882526 0.1626913 0.1638937 0.0861432 0.0000000 0.1831589 0.1582898 0.1586580 0.1669300 0.1654166 0.1569162 0.1747711 0.1711130 0.1789706 0.1874541 0.1762592 0.1730390 0.1937230 0.2263286 
Dasyuridae_Antechinus_stuartii               0.1241168 0.1199463 0.1271534 0.1154965 0.1179870 0.0201472 0.1171854 0.1151391 0.1199308 0.1114887 0.0107305 0.0326565 0.1144945 0.1080477 0.0111660 0.0219844 0.1458793 0.1220602 0.1143713 0.1681641 0.1831589 0.0000000 0.1192743 0.1131014 0.1178537 0.1250751 0.1085135 0.1487198 0.1084437 0.1266493 0.1461353 0.0201677 0.1389414 0.1568279 0.0373641 
Hypsiprymnodontidae_Hypsiprymnodon_moschatus 0.0698834 0.0876690 0.0796717 0.0419205 0.0417465 0.1188242 0.0665304 0.0617353 0.0441356 0.0626704 0.1176393 0.1223645 0.0643257 0.0608589 0.1189036 0.1221972 0.1067400 0.0428706 0.0697967 0.1343094 0.1582898 0.1192743 0.0000000 0.0852700 0.0662625 0.0425243 0.0609045 0.1000278 0.0660550 0.0727209 0.1120569 0.1176890 0.1060630 0.1133201 0.1385394 
Microbiotheriidae_Dromiciops_gliroides       0.0930087 0.0948601 0.0891190 0.0844986 0.0828702 0.1115051 0.0858633 0.0788281 0.0837369 0.0844831 0.1120948 0.1212075 0.0809314 0.0845876 0.1147654 0.1144907 0.1210707 0.0866761 0.0903274 0.1346261 0.1586580 0.1131014 0.0852700 0.0000000 0.0888925 0.0871151 0.0830210 0.1253014 0.0868040 0.0904883 0.1196694 0.1078229 0.1091182 0.1129809 0.1217401 
Pseudochiridae_Petauroides_volans            0.0674124 0.0907323 0.0798217 0.0634085 0.0646981 0.1160797 0.0714559 0.0645494 0.0676087 0.0673908 0.1151548 0.1253341 0.0682657 0.0535686 0.1164147 0.1181956 0.1105713 0.0656620 0.0344952 0.1503318 0.1669300 0.1178537 0.0662625 0.0888925 0.0000000 0.0671212 0.0299732 0.0827350 0.0557347 0.0796145 0.1122386 0.1150442 0.1055813 0.1148136 0.1349127 
Macropodidae_Wallabia_bicolor                0.0698160 0.0887276 0.0834165 0.0251551 0.0228115 0.1193069 0.0700423 0.0652219 0.0254812 0.0686985 0.1220686 0.1279844 0.0679304 0.0600984 0.1244416 0.1247020 0.1142085 0.0109733 0.0656911 0.1371127 0.1654166 0.1250751 0.0425243 0.0871151 0.0671212 0.0000000 0.0622363 0.1004066 0.0641281 0.0763945 0.1162520 0.1176141 0.1113611 0.1171312 0.1445552 
Pseudochiridae_Pseudocheirus_occidentalis    0.0622213 0.0812137 0.0727342 0.0605290 0.0613430 0.1062354 0.0605741 0.0590919 0.0631681 0.0607934 0.1054920 0.1161386 0.0617249 0.0440330 0.1078117 0.1102287 0.1040135 0.0598436 0.0171042 0.1391997 0.1569162 0.1085135 0.0609045 0.0830210 0.0299732 0.0622363 0.0000000 0.0783881 0.0468622 0.0717612 0.1068757 0.1053270 0.1030112 0.1079379 0.1243444 
Tarsipedidae_Tarsipes_rostratus              0.1049022 0.1242318 0.1197436 0.0995997 0.0997367 0.1508966 0.1045279 0.0975651 0.1029625 0.1016970 0.1473467 0.1592031 0.1027751 0.0854885 0.1488042 0.1536743 0.1410230 0.0997169 0.0853042 0.1730698 0.1747711 0.1487198 0.1000278 0.1253014 0.0827350 0.1004066 0.0783881 0.0000000 0.0925158 0.1083288 0.1493844 0.1480550 0.1413282 0.1451399 0.1744014 
Acrobatidae_Distoechurus_pennatus            0.0655379 0.0872226 0.0798731 0.0617880 0.0620005 0.1084804 0.0630642 0.0570226 0.0633770 0.0592695 0.1087908 0.1168361 0.0600018 0.0216816 0.1100260 0.1119426 0.1075509 0.0621132 0.0548156 0.1441770 0.1711130 0.1084437 0.0660550 0.0868040 0.0557347 0.0641281 0.0468622 0.0925158 0.0000000 0.0695985 0.1113503 0.1075607 0.1051408 0.1128490 0.1252113 
Phalangeridae_Phalanger_carmelitae           0.0732052 0.0969409 0.0806595 0.0680055 0.0671852 0.1210924 0.0316741 0.0166663 0.0727066 0.0184876 0.1240851 0.1312882 0.0136868 0.0664223 0.1253836 0.1209293 0.1233925 0.0756014 0.0806228 0.1511776 0.1789706 0.1266493 0.0727209 0.0904883 0.0796145 0.0763945 0.0717612 0.1083288 0.0695985 0.0000000 0.1288281 0.1205791 0.1200276 0.1248586 0.1431377 
Peramelidae_Peroryctes_raffrayana            0.1158789 0.1095720 0.1065952 0.1106186 0.1126734 0.1437711 0.1203625 0.1138471 0.1132868 0.1182215 0.1437277 0.1496813 0.1194218 0.1076538 0.1438145 0.1460580 0.0180741 0.1151367 0.1111686 0.1722050 0.1874541 0.1461353 0.1120569 0.1196694 0.1122386 0.1162520 0.1068757 0.1493844 0.1113503 0.1288281 0.0000000 0.1405330 0.0219558 0.0206597 0.1731162 
Dasyuridae_Dasyurus_geffroii                 0.1208665 0.1173275 0.1207333 0.1118324 0.1125606 0.0058996 0.1106575 0.1088551 0.1144043 0.1035037 0.0177065 0.0322471 0.1073371 0.1055162 0.0199254 0.0110480 0.1406800 0.1152263 0.1105642 0.1639824 0.1762592 0.0201677 0.1176890 0.1078229 0.1150442 0.1176141 0.1053270 0.1480550 0.1075607 0.1205791 0.1405330 0.0000000 0.1357807 0.1491453 0.0338259 
Peramelidae_Perameles_gunnii                 0.1077920 0.1090067 0.1063335 0.1070476 0.1091956 0.1364095 0.1172392 0.1106927 0.1092264 0.1154569 0.1359650 0.1446614 0.1135357 0.1018873 0.1374058 0.1396457 0.0217094 0.1098053 0.1100107 0.1565700 0.1730390 0.1389414 0.1060630 0.1091182 0.1055813 0.1113611 0.1030112 0.1413282 0.1051408 0.1200276 0.0219558 0.1357807 0.0000000 0.0010710 0.1482924 
Peramelidae_Perameles_nasuta                 0.1210632 0.1193429 0.1074958 0.1122997 0.1142590 0.1492124 0.1185134 0.1115303 0.1161215 0.1190149 0.1536493 0.1603174 0.1152984 0.1073682 0.1538449 0.1543439 0.0184248 0.1157650 0.1100035 0.1752326 0.1937230 0.1568279 0.1133201 0.1129809 0.1148136 0.1171312 0.1079379 0.1451399 0.1128490 0.1248586 0.0206597 0.1491453 0.0010710 0.0000000 0.1652941 
Dasyuridae_Planigale_tenuirostris            0.1460556 0.1493003 0.1440091 0.1308709 0.1343085 0.0332833 0.1226222 0.1294652 0.1391439 0.1291713 0.0364671 0.0326620 0.1257178 0.1315975 0.0377714 0.0346063 0.1691010 0.1436344 0.1274886 0.1928390 0.2263286 0.0373641 0.1385394 0.1217401 0.1349127 0.1445552 0.1243444 0.1744014 0.1252113 0.1431377 0.1731162 0.0338259 0.1482924 0.1652941 0.0000000 
