43
croc_TJD307_ND4 0.0000000 0.0634890 0.0634890 0.0658787 0.0637301 0.0622410 0.0711220 0.0711220 0.0703817 0.0662919 0.0698396 0.0706632 0.0692194 0.0697435 0.0697399 0.0639723 0.0639723 0.0625485 0.0625485 0.0696355 0.0696355 0.0705389 0.0667833 0.0676096 0.0676096 0.0667191 0.0667191 0.0667191 0.0667191 0.0667191 0.0667191 0.0667191 0.0691260 0.0691260 0.0667191 0.0675928 0.0661717 0.0716296 0.0716296 0.0730610 0.0678071 0.0678071 0.0698841 
MVZ229220_ND4   0.0634890 0.0000000 0.0000010 0.0024315 0.0355036 0.0341369 0.0365908 0.0365908 0.0345997 0.0339236 0.0356240 0.0352991 0.0339688 0.0355773 0.0355767 0.0342636 0.0342636 0.0355872 0.0355872 0.0356274 0.0356274 0.0339634 0.0329849 0.0339688 0.0339688 0.0342564 0.0329364 0.0329364 0.0329364 0.0329666 0.0318912 0.0318912 0.0353367 0.0353367 0.0329364 0.0339607 0.0326406 0.0417568 0.0417568 0.0430992 0.0390387 0.0390387 0.0383818 
SDFIELD1167_ND4 0.0634890 0.0000010 0.0000000 0.0024315 0.0355036 0.0341369 0.0365908 0.0365908 0.0345997 0.0339236 0.0356240 0.0352991 0.0339688 0.0355773 0.0355767 0.0342636 0.0342636 0.0355872 0.0355872 0.0356274 0.0356274 0.0339634 0.0329849 0.0339688 0.0339688 0.0342564 0.0329364 0.0329364 0.0329364 0.0329666 0.0318912 0.0318912 0.0353367 0.0353367 0.0329364 0.0339607 0.0326406 0.0417568 0.0417568 0.0430992 0.0390387 0.0390387 0.0383818 
SDFIELD1343_ND4 0.0658787 0.0024315 0.0024315 0.0000000 0.0378920 0.0365235 0.0390371 0.0390371 0.0370122 0.0362965 0.0380185 0.0376758 0.0363456 0.0379689 0.0379681 0.0366571 0.0366571 0.0379793 0.0379793 0.0380222 0.0380222 0.0363398 0.0353809 0.0363456 0.0363456 0.0366495 0.0353308 0.0353308 0.0353308 0.0353631 0.0343039 0.0343039 0.0377159 0.0377159 0.0353308 0.0363370 0.0350165 0.0441202 0.0441202 0.0454621 0.0413998 0.0413998 0.0407788 
TJD273_ND4      0.0637301 0.0355036 0.0355036 0.0378920 0.0000000 0.0012098 0.0379540 0.0379540 0.0348144 0.0317232 0.0307372 0.0306767 0.0293357 0.0293699 0.0293696 0.0293346 0.0293346 0.0306597 0.0306597 0.0306941 0.0306941 0.0344746 0.0307562 0.0317657 0.0317657 0.0293721 0.0307090 0.0307090 0.0307090 0.0307375 0.0296388 0.0296388 0.0331412 0.0331412 0.0331386 0.0344712 0.0331308 0.0369418 0.0369418 0.0382872 0.0342242 0.0342242 0.0334918 
TJD300_ND4      0.0622410 0.0341369 0.0341369 0.0365235 0.0012098 0.0000000 0.0393376 0.0393376 0.0334287 0.0303643 0.0293693 0.0293108 0.0279760 0.0280094 0.0280091 0.0279758 0.0279758 0.0292955 0.0292955 0.0320399 0.0320399 0.0331004 0.0293883 0.0304048 0.0304048 0.0280115 0.0293424 0.0293424 0.0293424 0.0293696 0.0282664 0.0282664 0.0317726 0.0317726 0.0317712 0.0330973 0.0317627 0.0355645 0.0355645 0.0369042 0.0328601 0.0328601 0.0321095 
SDFIELD573_ND4  0.0711220 0.0365908 0.0365908 0.0390371 0.0379540 0.0393376 0.0000000 0.0000010 0.0260786 0.0255458 0.0244997 0.0269156 0.0255799 0.0244675 0.0244673 0.0258127 0.0258127 0.0244744 0.0244744 0.0244654 0.0244654 0.0229346 0.0271939 0.0255799 0.0255799 0.0231435 0.0244773 0.0244773 0.0244773 0.0231725 0.0233597 0.0233597 0.0269443 0.0269443 0.0244773 0.0269113 0.0255799 0.0307711 0.0307711 0.0321133 0.0280674 0.0280674 0.0272373 
SDFIELD574_ND4  0.0711220 0.0365908 0.0365908 0.0390371 0.0379540 0.0393376 0.0000010 0.0000000 0.0260786 0.0255458 0.0244997 0.0269156 0.0255799 0.0244675 0.0244673 0.0258127 0.0258127 0.0244744 0.0244744 0.0244654 0.0244654 0.0229346 0.0271939 0.0255799 0.0255799 0.0231435 0.0244773 0.0244773 0.0244773 0.0231725 0.0233597 0.0233597 0.0269443 0.0269443 0.0244773 0.0269113 0.0255799 0.0307711 0.0307711 0.0321133 0.0280674 0.0280674 0.0272373 
SDFIELD1158_ND4 0.0703817 0.0345997 0.0345997 0.0370122 0.0348144 0.0334287 0.0260786 0.0260786 0.0000000 0.0073779 0.0087250 0.0086392 0.0073870 0.0087140 0.0087141 0.0074564 0.0074564 0.0087165 0.0087165 0.0087257 0.0087257 0.0099047 0.0087353 0.0073870 0.0073870 0.0074549 0.0061999 0.0061999 0.0061999 0.0062055 0.0074704 0.0074704 0.0061419 0.0061419 0.0061999 0.0099038 0.0086452 0.0198690 0.0198690 0.0211547 0.0148722 0.0148722 0.0112584 
TJD458_ND4      0.0662919 0.0339236 0.0339236 0.0362965 0.0317232 0.0303643 0.0255458 0.0255458 0.0073779 0.0000000 0.0085443 0.0060612 0.0048364 0.0085337 0.0085337 0.0048462 0.0048462 0.0060704 0.0060704 0.0085450 0.0085450 0.0097006 0.0085542 0.0072356 0.0072356 0.0073003 0.0060711 0.0060711 0.0060711 0.0060764 0.0073153 0.0073153 0.0084708 0.0084708 0.0060711 0.0096998 0.0084684 0.0194726 0.0194726 0.0207335 0.0145714 0.0145714 0.0135716 
TJD434_ND4      0.0698396 0.0356240 0.0356240 0.0380185 0.0307372 0.0293693 0.0244997 0.0244997 0.0087250 0.0085443 0.0000000 0.0048782 0.0036493 0.0049346 0.0049346 0.0061845 0.0061845 0.0074378 0.0074378 0.0074457 0.0074457 0.0086279 0.0074541 0.0061281 0.0061281 0.0036935 0.0049365 0.0049365 0.0049365 0.0049409 0.0061972 0.0061972 0.0073795 0.0073795 0.0073839 0.0086271 0.0073774 0.0160162 0.0160162 0.0172857 0.0110612 0.0110612 0.0099931 
TJD455_ND4      0.0706632 0.0352991 0.0352991 0.0376758 0.0306767 0.0293108 0.0269156 0.0269156 0.0086392 0.0060612 0.0048782 0.0000000 0.0012077 0.0073632 0.0073633 0.0061251 0.0061251 0.0073653 0.0073653 0.0073729 0.0073729 0.0085450 0.0073810 0.0060687 0.0060687 0.0061239 0.0048889 0.0048889 0.0048889 0.0048932 0.0061365 0.0061365 0.0073083 0.0073083 0.0073128 0.0085442 0.0073062 0.0183797 0.0183797 0.0196475 0.0134468 0.0134468 0.0124227 
TJD457_ND4      0.0692194 0.0339688 0.0339688 0.0363456 0.0293357 0.0279760 0.0255799 0.0255799 0.0073870 0.0048364 0.0036493 0.0012077 0.0000000 0.0061206 0.0061207 0.0048876 0.0048876 0.0061223 0.0061223 0.0061287 0.0061287 0.0073058 0.0061356 0.0048425 0.0048425 0.0048867 0.0036573 0.0036573 0.0036573 0.0036605 0.0048970 0.0048970 0.0060747 0.0060747 0.0060786 0.0073051 0.0060730 0.0171142 0.0171142 0.0183769 0.0121947 0.0121947 0.0111533 
TJD438_ND4      0.0697435 0.0355773 0.0355773 0.0379689 0.0293699 0.0280094 0.0244675 0.0244675 0.0087140 0.0085337 0.0049346 0.0073632 0.0061206 0.0000000 0.0024533 0.0061769 0.0061769 0.0074285 0.0074285 0.0074364 0.0074364 0.0086173 0.0074447 0.0061206 0.0061206 0.0036891 0.0049305 0.0049305 0.0049305 0.0049349 0.0061895 0.0061895 0.0073704 0.0073704 0.0073749 0.0086165 0.0073684 0.0159961 0.0159961 0.0172641 0.0110475 0.0110475 0.0099805 
TJD439_ND4      0.0697399 0.0355767 0.0355767 0.0379681 0.0293696 0.0280091 0.0244673 0.0244673 0.0087141 0.0085337 0.0049346 0.0073633 0.0061207 0.0024533 0.0000000 0.0061770 0.0061770 0.0074286 0.0074286 0.0074364 0.0074364 0.0086173 0.0074448 0.0061207 0.0061207 0.0036891 0.0049305 0.0049305 0.0049305 0.0049349 0.0061896 0.0061896 0.0073705 0.0073705 0.0073749 0.0086166 0.0073684 0.0159962 0.0159962 0.0172641 0.0110475 0.0110475 0.0099806 
TJD358_ND4      0.0639723 0.0342636 0.0342636 0.0366571 0.0293346 0.0279758 0.0258127 0.0258127 0.0074564 0.0048462 0.0061845 0.0061251 0.0048876 0.0061769 0.0061770 0.0000000 0.0000010 0.0012230 0.0012230 0.0061860 0.0061860 0.0073732 0.0061931 0.0048876 0.0048876 0.0049318 0.0036912 0.0036912 0.0036912 0.0036945 0.0049421 0.0049421 0.0061310 0.0061310 0.0061350 0.0073726 0.0061293 0.0172688 0.0172688 0.0185421 0.0123062 0.0123062 0.0112570 
TJD359_ND4      0.0639723 0.0342636 0.0342636 0.0366571 0.0293346 0.0279758 0.0258127 0.0258127 0.0074564 0.0048462 0.0061845 0.0061251 0.0048876 0.0061769 0.0061770 0.0000010 0.0000000 0.0012230 0.0012230 0.0061860 0.0061860 0.0073732 0.0061931 0.0048876 0.0048876 0.0049318 0.0036912 0.0036912 0.0036912 0.0036945 0.0049421 0.0049421 0.0061310 0.0061310 0.0061350 0.0073726 0.0061293 0.0172688 0.0172688 0.0185421 0.0123062 0.0123062 0.0112570 
TJD369_ND4      0.0625485 0.0355872 0.0355872 0.0379793 0.0306597 0.0292955 0.0244744 0.0244744 0.0087165 0.0060704 0.0074378 0.0073653 0.0061223 0.0074285 0.0074286 0.0012230 0.0012230 0.0000000 0.0000010 0.0074385 0.0074385 0.0086196 0.0074468 0.0061223 0.0061223 0.0061775 0.0049318 0.0049318 0.0049318 0.0049363 0.0061912 0.0061912 0.0073725 0.0073725 0.0073769 0.0086189 0.0073704 0.0185363 0.0185363 0.0198141 0.0135630 0.0135630 0.0125322 
TJD377_ND4      0.0625485 0.0355872 0.0355872 0.0379793 0.0306597 0.0292955 0.0244744 0.0244744 0.0087165 0.0060704 0.0074378 0.0073653 0.0061223 0.0074285 0.0074286 0.0012230 0.0012230 0.0000010 0.0000000 0.0074385 0.0074385 0.0086196 0.0074468 0.0061223 0.0061223 0.0061775 0.0049318 0.0049318 0.0049318 0.0049363 0.0061912 0.0061912 0.0073725 0.0073725 0.0073769 0.0086189 0.0073704 0.0185363 0.0185363 0.0198141 0.0135630 0.0135630 0.0125322 
TJD460_ND4      0.0696355 0.0356274 0.0356274 0.0380222 0.0306941 0.0320399 0.0244654 0.0244654 0.0087257 0.0085450 0.0074457 0.0073729 0.0061287 0.0074364 0.0074364 0.0061860 0.0061860 0.0074385 0.0074385 0.0000000 0.0000010 0.0061176 0.0049323 0.0036496 0.0036496 0.0036828 0.0024500 0.0024500 0.0024500 0.0024522 0.0036906 0.0036906 0.0048833 0.0048833 0.0048867 0.0061171 0.0048820 0.0185561 0.0185561 0.0198352 0.0135772 0.0135772 0.0125457 
TJD462_ND4      0.0696355 0.0356274 0.0356274 0.0380222 0.0306941 0.0320399 0.0244654 0.0244654 0.0087257 0.0085450 0.0074457 0.0073729 0.0061287 0.0074364 0.0074364 0.0061860 0.0061860 0.0074385 0.0074385 0.0000010 0.0000000 0.0061176 0.0049323 0.0036496 0.0036496 0.0036828 0.0024500 0.0024500 0.0024500 0.0024522 0.0036906 0.0036906 0.0048833 0.0048833 0.0048867 0.0061171 0.0048820 0.0185561 0.0185561 0.0198352 0.0135772 0.0135772 0.0125457 
MVZ236191_ND4   0.0705389 0.0339634 0.0339634 0.0363398 0.0344746 0.0331004 0.0229346 0.0229346 0.0099047 0.0097006 0.0086279 0.0085450 0.0073058 0.0086173 0.0086173 0.0073732 0.0073732 0.0086196 0.0086196 0.0061176 0.0061176 0.0000000 0.0061246 0.0024233 0.0024233 0.0048779 0.0036507 0.0036507 0.0036507 0.0036539 0.0048881 0.0048881 0.0060636 0.0060636 0.0060676 0.0072918 0.0060619 0.0196635 0.0196635 0.0209373 0.0147141 0.0147141 0.0137070 
TJD459_ND4      0.0667833 0.0329849 0.0329849 0.0353809 0.0307562 0.0293883 0.0271939 0.0271939 0.0087353 0.0085542 0.0074541 0.0073810 0.0061356 0.0074447 0.0074448 0.0061931 0.0061931 0.0074468 0.0074468 0.0049323 0.0049323 0.0061246 0.0000000 0.0036540 0.0036540 0.0036872 0.0024531 0.0024531 0.0024531 0.0024552 0.0036950 0.0036950 0.0048891 0.0048891 0.0048924 0.0061241 0.0048877 0.0185710 0.0185710 0.0198505 0.0135899 0.0135899 0.0125581 
TJD464_ND4      0.0676096 0.0339688 0.0339688 0.0363456 0.0317657 0.0304048 0.0255799 0.0255799 0.0073870 0.0072356 0.0061281 0.0060687 0.0048425 0.0061206 0.0061207 0.0048876 0.0048876 0.0061223 0.0061223 0.0036496 0.0036496 0.0024233 0.0036540 0.0000000 0.0000010 0.0024249 0.0012098 0.0012098 0.0012098 0.0012108 0.0024301 0.0024301 0.0036170 0.0036170 0.0036197 0.0048332 0.0036160 0.0171142 0.0171142 0.0183769 0.0121947 0.0121947 0.0111533 
TJD465_ND4      0.0676096 0.0339688 0.0339688 0.0363456 0.0317657 0.0304048 0.0255799 0.0255799 0.0073870 0.0072356 0.0061281 0.0060687 0.0048425 0.0061206 0.0061207 0.0048876 0.0048876 0.0061223 0.0061223 0.0036496 0.0036496 0.0024233 0.0036540 0.0000010 0.0000000 0.0024249 0.0012098 0.0012098 0.0012098 0.0012108 0.0024301 0.0024301 0.0036170 0.0036170 0.0036197 0.0048332 0.0036160 0.0171142 0.0171142 0.0183769 0.0121947 0.0121947 0.0111533 
MVZ207642_ND4   0.0667191 0.0342564 0.0342564 0.0366495 0.0293721 0.0280115 0.0231435 0.0231435 0.0074549 0.0073003 0.0036935 0.0061239 0.0048867 0.0036891 0.0036891 0.0049318 0.0049318 0.0061775 0.0061775 0.0036828 0.0036828 0.0048779 0.0036872 0.0024249 0.0024249 0.0000000 0.0012209 0.0012209 0.0012209 0.0012220 0.0024523 0.0024523 0.0036503 0.0036503 0.0036529 0.0048775 0.0036493 0.0147390 0.0147390 0.0160024 0.0098013 0.0098013 0.0087162 
MVZ195628_ND4   0.0667191 0.0329364 0.0329364 0.0353308 0.0307090 0.0293424 0.0244773 0.0244773 0.0061999 0.0060711 0.0049365 0.0048889 0.0036573 0.0049305 0.0049305 0.0036912 0.0036912 0.0049318 0.0049318 0.0024500 0.0024500 0.0036507 0.0024531 0.0012098 0.0012098 0.0012209 0.0000000 0.0000010 0.0000010 0.0000010 0.0012236 0.0012236 0.0024283 0.0024283 0.0024301 0.0036504 0.0024276 0.0160024 0.0160024 0.0172708 0.0110518 0.0110518 0.0099845 
MVZ207643_ND4   0.0667191 0.0329364 0.0329364 0.0353308 0.0307090 0.0293424 0.0244773 0.0244773 0.0061999 0.0060711 0.0049365 0.0048889 0.0036573 0.0049305 0.0049305 0.0036912 0.0036912 0.0049318 0.0049318 0.0024500 0.0024500 0.0036507 0.0024531 0.0012098 0.0012098 0.0012209 0.0000010 0.0000000 0.0000010 0.0000010 0.0012236 0.0012236 0.0024283 0.0024283 0.0024301 0.0036504 0.0024276 0.0160024 0.0160024 0.0172708 0.0110518 0.0110518 0.0099845 
TJD454_ND4      0.0667191 0.0329364 0.0329364 0.0353308 0.0307090 0.0293424 0.0244773 0.0244773 0.0061999 0.0060711 0.0049365 0.0048889 0.0036573 0.0049305 0.0049305 0.0036912 0.0036912 0.0049318 0.0049318 0.0024500 0.0024500 0.0036507 0.0024531 0.0012098 0.0012098 0.0012209 0.0000010 0.0000010 0.0000000 0.0000010 0.0012223 0.0012236 0.0024283 0.0024283 0.0024301 0.0036504 0.0024276 0.0160024 0.0160024 0.0172708 0.0110518 0.0110518 0.0099845 
TJD456_ND4      0.0667191 0.0329666 0.0329666 0.0353631 0.0307375 0.0293696 0.0231725 0.0231725 0.0062055 0.0060764 0.0049409 0.0048932 0.0036605 0.0049349 0.0049349 0.0036945 0.0036945 0.0049363 0.0049363 0.0024522 0.0024522 0.0036539 0.0024552 0.0012108 0.0012108 0.0012220 0.0000010 0.0000010 0.0000010 0.0000000 0.0012247 0.0012247 0.0024304 0.0024304 0.0024323 0.0036536 0.0024297 0.0160167 0.0160167 0.0172863 0.0110616 0.0110616 0.0099935 
TJD452_ND4      0.0667191 0.0318912 0.0318912 0.0343039 0.0296388 0.0282664 0.0233597 0.0233597 0.0074704 0.0073153 0.0061972 0.0061365 0.0048970 0.0061895 0.0061896 0.0049421 0.0049421 0.0061912 0.0061912 0.0036906 0.0036906 0.0048881 0.0036950 0.0024301 0.0024301 0.0024523 0.0012236 0.0012236 0.0012223 0.0012247 0.0000000 0.0000010 0.0036585 0.0036585 0.0036607 0.0048877 0.0036571 0.0148749 0.0148749 0.0161496 0.0123273 0.0123273 0.0112771 
TJD453_ND4      0.0667191 0.0318912 0.0318912 0.0343039 0.0296388 0.0282664 0.0233597 0.0233597 0.0074704 0.0073153 0.0061972 0.0061365 0.0048970 0.0061895 0.0061896 0.0049421 0.0049421 0.0061912 0.0061912 0.0036906 0.0036906 0.0048881 0.0036950 0.0024301 0.0024301 0.0024523 0.0012236 0.0012236 0.0012236 0.0012247 0.0000010 0.0000000 0.0036585 0.0036585 0.0036607 0.0048877 0.0036571 0.0148749 0.0148749 0.0161496 0.0123273 0.0123273 0.0112771 
TJD445_ND4      0.0691260 0.0353367 0.0353367 0.0377159 0.0331412 0.0317726 0.0269443 0.0269443 0.0061419 0.0084708 0.0073795 0.0073083 0.0060747 0.0073704 0.0073705 0.0061310 0.0061310 0.0073725 0.0073725 0.0048833 0.0048833 0.0060636 0.0048891 0.0036170 0.0036170 0.0036503 0.0024283 0.0024283 0.0024283 0.0024304 0.0036585 0.0036585 0.0000000 0.0000010 0.0024283 0.0036477 0.0024258 0.0183984 0.0183984 0.0196675 0.0134603 0.0134603 0.0124353 
TJD497_ND4      0.0691260 0.0353367 0.0353367 0.0377159 0.0331412 0.0317726 0.0269443 0.0269443 0.0061419 0.0084708 0.0073795 0.0073083 0.0060747 0.0073704 0.0073705 0.0061310 0.0061310 0.0073725 0.0073725 0.0048833 0.0048833 0.0060636 0.0048891 0.0036170 0.0036170 0.0036503 0.0024283 0.0024283 0.0024283 0.0024304 0.0036585 0.0036585 0.0000010 0.0000000 0.0024283 0.0036477 0.0024258 0.0183984 0.0183984 0.0196675 0.0134603 0.0134603 0.0124353 
TJD447_ND4      0.0667191 0.0329364 0.0329364 0.0353308 0.0331386 0.0317712 0.0244773 0.0244773 0.0061999 0.0060711 0.0073839 0.0073128 0.0060786 0.0073749 0.0073749 0.0061350 0.0061350 0.0073769 0.0073769 0.0048867 0.0048867 0.0060676 0.0048924 0.0036197 0.0036197 0.0036529 0.0024301 0.0024301 0.0024301 0.0024323 0.0036607 0.0036607 0.0024283 0.0024283 0.0000000 0.0036504 0.0024276 0.0184038 0.0184038 0.0196727 0.0134661 0.0134661 0.0124410 
TJD444_ND4      0.0675928 0.0339607 0.0339607 0.0363370 0.0344712 0.0330973 0.0269113 0.0269113 0.0099038 0.0096998 0.0086271 0.0085442 0.0073051 0.0086165 0.0086166 0.0073726 0.0073726 0.0086189 0.0086189 0.0061171 0.0061171 0.0072918 0.0061241 0.0048332 0.0048332 0.0048775 0.0036504 0.0036504 0.0036504 0.0036536 0.0048877 0.0048877 0.0036477 0.0036477 0.0036504 0.0000000 0.0012082 0.0196617 0.0196617 0.0209354 0.0147128 0.0147128 0.0137058 
TJD449_ND4      0.0661717 0.0326406 0.0326406 0.0350165 0.0331308 0.0317627 0.0255799 0.0255799 0.0086452 0.0084684 0.0073774 0.0073062 0.0060730 0.0073684 0.0073684 0.0061293 0.0061293 0.0073704 0.0073704 0.0048820 0.0048820 0.0060619 0.0048877 0.0036160 0.0036160 0.0036493 0.0024276 0.0024276 0.0024276 0.0024297 0.0036571 0.0036571 0.0024258 0.0024258 0.0024276 0.0012082 0.0000000 0.0183930 0.0183930 0.0196617 0.0134564 0.0134564 0.0124316 
TJD433_ND4      0.0716296 0.0417568 0.0417568 0.0441202 0.0369418 0.0355645 0.0307711 0.0307711 0.0198690 0.0194726 0.0160162 0.0183797 0.0171142 0.0159961 0.0159962 0.0172688 0.0172688 0.0185363 0.0185363 0.0185561 0.0185561 0.0196635 0.0185710 0.0171142 0.0171142 0.0147390 0.0160024 0.0160024 0.0160024 0.0160167 0.0148749 0.0148749 0.0183984 0.0183984 0.0184038 0.0196617 0.0183930 0.0000000 0.0000010 0.0012075 0.0072326 0.0072326 0.0109581 
TJD436_ND4      0.0716296 0.0417568 0.0417568 0.0441202 0.0369418 0.0355645 0.0307711 0.0307711 0.0198690 0.0194726 0.0160162 0.0183797 0.0171142 0.0159961 0.0159962 0.0172688 0.0172688 0.0185363 0.0185363 0.0185561 0.0185561 0.0196635 0.0185710 0.0171142 0.0171142 0.0147390 0.0160024 0.0160024 0.0160024 0.0160167 0.0148749 0.0148749 0.0183984 0.0183984 0.0184038 0.0196617 0.0183930 0.0000010 0.0000000 0.0012075 0.0072326 0.0072326 0.0109581 
TJD430_ND4      0.0730610 0.0430992 0.0430992 0.0454621 0.0382872 0.0369042 0.0321133 0.0321133 0.0211547 0.0207335 0.0172857 0.0196475 0.0183769 0.0172641 0.0172641 0.0185421 0.0185421 0.0198141 0.0198141 0.0198352 0.0198352 0.0209373 0.0198505 0.0183769 0.0183769 0.0160024 0.0172708 0.0172708 0.0172708 0.0172863 0.0161496 0.0161496 0.0196675 0.0196675 0.0196727 0.0209354 0.0196617 0.0012075 0.0012075 0.0000000 0.0084578 0.0084578 0.0122032 
TJD431_ND4      0.0678071 0.0390387 0.0390387 0.0413998 0.0342242 0.0328601 0.0280674 0.0280674 0.0148722 0.0145714 0.0110612 0.0134468 0.0121947 0.0110475 0.0110475 0.0123062 0.0123062 0.0135630 0.0135630 0.0135772 0.0135772 0.0147141 0.0135899 0.0121947 0.0121947 0.0098013 0.0110518 0.0110518 0.0110518 0.0110616 0.0123273 0.0123273 0.0134603 0.0134603 0.0134661 0.0147128 0.0134564 0.0072326 0.0072326 0.0084578 0.0000000 0.0000010 0.0060712 
TJD432_ND4      0.0678071 0.0390387 0.0390387 0.0413998 0.0342242 0.0328601 0.0280674 0.0280674 0.0148722 0.0145714 0.0110612 0.0134468 0.0121947 0.0110475 0.0110475 0.0123062 0.0123062 0.0135630 0.0135630 0.0135772 0.0135772 0.0147141 0.0135899 0.0121947 0.0121947 0.0098013 0.0110518 0.0110518 0.0110518 0.0110616 0.0123273 0.0123273 0.0134603 0.0134603 0.0134661 0.0147128 0.0134564 0.0072326 0.0072326 0.0084578 0.0000010 0.0000000 0.0060712 
JFP_517_ND4     0.0698841 0.0383818 0.0383818 0.0407788 0.0334918 0.0321095 0.0272373 0.0272373 0.0112584 0.0135716 0.0099931 0.0124227 0.0111533 0.0099805 0.0099806 0.0112570 0.0112570 0.0125322 0.0125322 0.0125457 0.0125457 0.0137070 0.0125581 0.0111533 0.0111533 0.0087162 0.0099845 0.0099845 0.0099845 0.0099935 0.0112771 0.0112771 0.0124353 0.0124353 0.0124410 0.0137058 0.0124316 0.0109581 0.0109581 0.0122032 0.0060712 0.0060712 0.0000000 
