35
Burramyidae_Burramys_parvus                  0.0000000 0.0824533 0.0510540 0.0622218 0.0641633 0.0736374 0.0436295 0.0462026 0.0598519 0.0830574 0.0484002 0.0722353 0.0749042 0.0462031 0.0536580 0.0745132 0.0756716 0.0717149 0.0777623 0.0547827 0.0608459 0.0969620 0.0918269 0.0751578 0.0695381 0.0754318 0.0370620 0.0561240 0.0529888 0.0648498 0.0579320 0.0477387 0.0776276 0.0850772 0.0727042 
Notoryctidae_Notoryctes_typhlops             0.0824533 0.0000000 0.0834537 0.0961119 0.0980863 0.0975169 0.0871316 0.0868643 0.0956896 0.0920050 0.0879885 0.0944717 0.0947859 0.0881106 0.0915730 0.0959527 0.0988503 0.0989138 0.0891468 0.0893570 0.0965294 0.1135483 0.1090670 0.0985513 0.0941599 0.0960306 0.0807826 0.0946235 0.0931638 0.0904352 0.0892814 0.0880019 0.0928054 0.0910756 0.0859132 
Vombatidae_Lasiorhinus_latifrons             0.0510540 0.0834537 0.0000000 0.0670092 0.0693888 0.0815167 0.0543018 0.0540849 0.0674608 0.0872188 0.0567694 0.0809332 0.0765767 0.0514767 0.0635029 0.0809886 0.0830501 0.0814871 0.0868869 0.0609605 0.0708073 0.1043732 0.0941884 0.0823026 0.0791381 0.0825480 0.0604189 0.0632378 0.0664253 0.0841858 0.0699068 0.0535277 0.0878043 0.0900183 0.0738278 
Potoroidae_Bettongia_penicillata             0.0622218 0.0961119 0.0670092 0.0000000 0.0096621 0.0839335 0.0531198 0.0486438 0.0145638 0.0942812 0.0542857 0.0858121 0.0849760 0.0488059 0.0735428 0.0879834 0.0859766 0.0798674 0.0918666 0.0208470 0.0686071 0.1057242 0.0966941 0.0888718 0.0500394 0.0825805 0.0539529 0.0218516 0.0674141 0.0880184 0.0729362 0.0503131 0.0954098 0.0957877 0.0793913 
Potoroidae_Bettongia_lesueur                 0.0641633 0.0980863 0.0693888 0.0096621 0.0000000 0.0835150 0.0566181 0.0521071 0.0188476 0.0988732 0.0589827 0.0863706 0.0862097 0.0522823 0.0755235 0.0885303 0.0873266 0.0830538 0.0950749 0.0241707 0.0723066 0.1075426 0.0985806 0.0901022 0.0535607 0.0857548 0.0599652 0.0243066 0.0706661 0.0911459 0.0730879 0.0537914 0.1000087 0.1001934 0.0813115 
Dasyuridae_Dasyurus_maculatus                0.0736374 0.0975169 0.0815167 0.0839335 0.0835150 0.0000000 0.0754893 0.0724591 0.0811328 0.0902613 0.0780511 0.0185776 0.0275046 0.0737662 0.0858887 0.0186222 0.0054844 0.0242872 0.0897694 0.0793924 0.0880869 0.1066875 0.0968460 0.0187097 0.0956746 0.0903662 0.0680068 0.0778302 0.0842140 0.0949440 0.0878560 0.0758867 0.0900986 0.0934668 0.0061818 
Phalangeridae_Trichosurus_vulpecula          0.0436295 0.0871316 0.0543018 0.0531198 0.0566181 0.0754893 0.0000000 0.0148015 0.0535380 0.0823668 0.0222496 0.0768436 0.0761442 0.0152968 0.0572259 0.0790479 0.0780520 0.0720110 0.0804482 0.0472152 0.0564964 0.0961754 0.0925082 0.0802749 0.0677238 0.0751787 0.0431720 0.0491635 0.0531310 0.0719653 0.0595085 0.0171878 0.0817621 0.0841598 0.0749647 
Phalangeridae_Spilocuscus_maculatus          0.0462026 0.0868643 0.0540849 0.0486438 0.0521071 0.0724591 0.0148015 0.0000000 0.0489920 0.0809205 0.0134909 0.0755043 0.0749217 0.0059144 0.0591545 0.0776977 0.0749862 0.0724213 0.0818603 0.0449085 0.0573881 0.0973546 0.0934218 0.0783047 0.0684602 0.0738349 0.0422973 0.0466932 0.0528404 0.0707908 0.0601993 0.0077512 0.0808299 0.0827457 0.0725113 
Potoroidae_Aepyprymnus_rufescens             0.0598519 0.0956896 0.0674608 0.0145638 0.0188476 0.0811328 0.0535380 0.0489920 0.0000000 0.0879655 0.0548236 0.0830075 0.0821773 0.0491566 0.0689720 0.0846449 0.0831146 0.0756235 0.0907945 0.0225009 0.0705222 0.1056410 0.0964925 0.0860660 0.0473051 0.0836098 0.0537618 0.0217594 0.0658203 0.0878540 0.0701253 0.0517372 0.0924794 0.0885290 0.0769792 
Peramelidae_Perameles_nasuta                 0.0830574 0.0920050 0.0872188 0.0942812 0.0988732 0.0902613 0.0823668 0.0809205 0.0879655 0.0000000 0.0804080 0.0913744 0.0903178 0.0820578 0.0931043 0.0937164 0.0926218 0.0858685 0.0192210 0.0856513 0.0924798 0.1051179 0.1059316 0.0945542 0.1047817 0.0908108 0.0749800 0.0887247 0.0874013 0.1028975 0.0944651 0.0825266 0.0198035 0.0061382 0.0843983 
Phalangeridae_Strigocuscus_pelengensis       0.0484002 0.0879885 0.0567694 0.0542857 0.0589827 0.0780511 0.0222496 0.0134909 0.0548236 0.0804080 0.0000000 0.0806821 0.0774632 0.0092572 0.0619506 0.0829247 0.0799021 0.0780266 0.0800092 0.0498268 0.0594412 0.0964010 0.0913958 0.0823981 0.0717798 0.0714324 0.0426474 0.0528630 0.0535744 0.0702293 0.0674809 0.0111327 0.0808343 0.0826105 0.0712735 
Dasyuridae_Phascogale_tapoatafa              0.0722353 0.0944717 0.0809332 0.0858121 0.0863706 0.0185776 0.0768436 0.0755043 0.0830075 0.0913744 0.0806821 0.0000000 0.0274917 0.0757140 0.0838981 0.0054830 0.0205833 0.0263913 0.0893216 0.0817012 0.0857302 0.1058231 0.0989919 0.0124575 0.0975580 0.0908962 0.0653730 0.0791959 0.0818324 0.0969432 0.0867640 0.0778499 0.0901732 0.0939843 0.0209694 
Dasyuridae_Sminthopsis_macroura              0.0749042 0.0947859 0.0765767 0.0849760 0.0862097 0.0275046 0.0761442 0.0749217 0.0821773 0.0903178 0.0774632 0.0274917 0.0000000 0.0736512 0.0819280 0.0281308 0.0281304 0.0227686 0.0900162 0.0790048 0.0905772 0.1026649 0.0971665 0.0276199 0.0912987 0.0902468 0.0726793 0.0782975 0.0854713 0.0989661 0.0863430 0.0757691 0.0915216 0.0941007 0.0270213 
Phalangeridae_Phalanger_orientalis           0.0462031 0.0881106 0.0514767 0.0488059 0.0522823 0.0737662 0.0152968 0.0059144 0.0491566 0.0820578 0.0092572 0.0757140 0.0736512 0.0000000 0.0593441 0.0779136 0.0763115 0.0718898 0.0824016 0.0450557 0.0564221 0.0949376 0.0928225 0.0762563 0.0675955 0.0726696 0.0424300 0.0457617 0.0513802 0.0682932 0.0619996 0.0031735 0.0824328 0.0838539 0.0741550 
Acrobatidae_Acrobates_pygmaeus               0.0536580 0.0915730 0.0635029 0.0735428 0.0755235 0.0858887 0.0572259 0.0591545 0.0689720 0.0931043 0.0619506 0.0838981 0.0819280 0.0593441 0.0000000 0.0855194 0.0881083 0.0834583 0.0900844 0.0662069 0.0651322 0.0942245 0.0944777 0.0866213 0.0669206 0.0764675 0.0475754 0.0671211 0.0572718 0.0649599 0.0414970 0.0609470 0.0897231 0.0922852 0.0833657 
Dasyuridae_Phascogale_calura                 0.0745132 0.0959527 0.0809886 0.0879834 0.0885303 0.0186222 0.0790479 0.0776977 0.0846449 0.0937164 0.0829247 0.0054830 0.0281308 0.0779136 0.0855194 0.0000000 0.0215991 0.0264020 0.0915833 0.0839048 0.0868228 0.1057446 0.1001635 0.0124855 0.0998936 0.0921605 0.0675160 0.0808960 0.0829592 0.0981088 0.0889117 0.0800550 0.0925506 0.0962626 0.0210006 
Dasyuridae_Sarcophilus_harrisii              0.0756716 0.0988503 0.0830501 0.0859766 0.0873266 0.0054844 0.0780520 0.0749862 0.0831146 0.0926218 0.0799021 0.0205833 0.0281304 0.0763115 0.0881083 0.0215991 0.0000000 0.0254497 0.0918468 0.0818223 0.0896200 0.1097088 0.1001520 0.0197586 0.0978377 0.0910565 0.0702897 0.0794710 0.0856820 0.0974835 0.0894006 0.0784480 0.0920050 0.0965266 0.0062092 
Dasyuridae_Planigale_tenuirostris            0.0717149 0.0989138 0.0814871 0.0798674 0.0830538 0.0242872 0.0720110 0.0724213 0.0756235 0.0858685 0.0780266 0.0263913 0.0227686 0.0718898 0.0834583 0.0264020 0.0254497 0.0000000 0.0855514 0.0765512 0.0844172 0.0990146 0.0905917 0.0249078 0.0941398 0.0869654 0.0613745 0.0760295 0.0805508 0.0926653 0.0839270 0.0729666 0.0844640 0.0886144 0.0251899 
Peramelidae_Echymipera_kalubu                0.0777623 0.0891468 0.0868869 0.0918666 0.0950749 0.0897694 0.0804482 0.0818603 0.0907945 0.0192210 0.0800092 0.0893216 0.0900162 0.0824016 0.0900844 0.0915833 0.0918468 0.0855514 0.0000000 0.0866107 0.0895599 0.1001989 0.1018502 0.0918784 0.1012260 0.0905727 0.0695111 0.0895271 0.0855077 0.0974039 0.0916857 0.0834308 0.0152937 0.0248691 0.0796840 
Macropodidae_Dorcopsulus_vanheurni           0.0547827 0.0893570 0.0609605 0.0208470 0.0241707 0.0793924 0.0472152 0.0449085 0.0225009 0.0856513 0.0498268 0.0817012 0.0790048 0.0450557 0.0662069 0.0839048 0.0818223 0.0765512 0.0866107 0.0000000 0.0641714 0.1020991 0.0960143 0.0858941 0.0457217 0.0811103 0.0496161 0.0092240 0.0590955 0.0878792 0.0681527 0.0460257 0.0888729 0.0876815 0.0752233 
Pseudochiridae_Pseudochirulus_forbesi        0.0608459 0.0965294 0.0708073 0.0686071 0.0723066 0.0880869 0.0564964 0.0573881 0.0705222 0.0924798 0.0594412 0.0857302 0.0905772 0.0564221 0.0651322 0.0868228 0.0896200 0.0844172 0.0895599 0.0641714 0.0000000 0.0984149 0.1002112 0.0879648 0.0874355 0.0822776 0.0327140 0.0682161 0.0231091 0.0743345 0.0656323 0.0585227 0.0917995 0.0950652 0.0882287 
Didelphidae_Didelphis_virginiana             0.0969620 0.1135483 0.1043732 0.1057242 0.1075426 0.1066875 0.0961754 0.0973546 0.1056410 0.1051179 0.0964010 0.1058231 0.1026649 0.0949376 0.0942245 0.1057446 0.1097088 0.0990146 0.1001989 0.1020991 0.0984149 0.0000000 0.0285882 0.1101642 0.1072714 0.0956537 0.0765391 0.1042723 0.0952468 0.1017954 0.0969489 0.0966077 0.1026570 0.1075528 0.1020512 
Marmosidae_Monodelphis_domestica             0.0918269 0.1090670 0.0941884 0.0966941 0.0985806 0.0968460 0.0925082 0.0934218 0.0964925 0.1059316 0.0913958 0.0989919 0.0971665 0.0928225 0.0944777 0.1001635 0.1001520 0.0905917 0.1018502 0.0960143 0.1002112 0.0285882 0.0000000 0.1032866 0.1017567 0.0927313 0.0739197 0.0961973 0.1003677 0.0975869 0.0938300 0.0938939 0.1037408 0.1081511 0.0868083 
Dasyuridae_Antechinus_stuartii               0.0751578 0.0985513 0.0823026 0.0888718 0.0901022 0.0187097 0.0802749 0.0783047 0.0860660 0.0945542 0.0823981 0.0124575 0.0276199 0.0762563 0.0866213 0.0124855 0.0197586 0.0249078 0.0918784 0.0858941 0.0879648 0.1101642 0.1032866 0.0000000 0.1014980 0.0918784 0.0704006 0.0834212 0.0840651 0.0989588 0.0907880 0.0789638 0.0934053 0.0971564 0.0210843 
Hypsiprymnodontidae_Hypsiprymnodon_moschatus 0.0695381 0.0941599 0.0791381 0.0500394 0.0535607 0.0956746 0.0677238 0.0684602 0.0473051 0.1047817 0.0717798 0.0975580 0.0912987 0.0675955 0.0669206 0.0998936 0.0978377 0.0941398 0.1012260 0.0457217 0.0874355 0.1072714 0.1017567 0.1014980 0.0000000 0.1026623 0.0616014 0.0327781 0.0834967 0.0825774 0.0823479 0.0691661 0.1089997 0.1023801 0.0793892 
Microbiotheriidae_Dromiciops_gliroides       0.0754318 0.0960306 0.0825480 0.0825805 0.0857548 0.0903662 0.0751787 0.0738349 0.0836098 0.0908108 0.0714324 0.0908962 0.0902468 0.0726696 0.0764675 0.0921605 0.0910565 0.0869654 0.0905727 0.0811103 0.0822776 0.0956537 0.0927313 0.0918784 0.1026623 0.0000000 0.0612687 0.0837813 0.0796841 0.0973129 0.0891472 0.0744042 0.0904024 0.0927846 0.0797614 
Pseudochiridae_Petauroides_volans            0.0370620 0.0807826 0.0604189 0.0539529 0.0599652 0.0680068 0.0431720 0.0422973 0.0537618 0.0749800 0.0426474 0.0653730 0.0726793 0.0424300 0.0475754 0.0675160 0.0702897 0.0613745 0.0695111 0.0496161 0.0327140 0.0765391 0.0739197 0.0704006 0.0616014 0.0612687 0.0000000 0.0518973 0.0331806 0.0659184 0.0503928 0.0450198 0.0720199 0.0735928 0.0564527 
Macropodidae_Wallabia_bicolor                0.0561240 0.0946235 0.0632378 0.0218516 0.0243066 0.0778302 0.0491635 0.0466932 0.0217594 0.0887247 0.0528630 0.0791959 0.0782975 0.0457617 0.0671211 0.0808960 0.0794710 0.0760295 0.0895271 0.0092240 0.0682161 0.1042723 0.0961973 0.0834212 0.0327781 0.0837813 0.0518973 0.0000000 0.0637363 0.0710851 0.0687863 0.0478737 0.0916882 0.0869027 0.0721856 
Pseudochiridae_Pseudocheirus_occidentalis    0.0529888 0.0931638 0.0664253 0.0674141 0.0706661 0.0842140 0.0531310 0.0528404 0.0658203 0.0874013 0.0535744 0.0818324 0.0854713 0.0513802 0.0572718 0.0829592 0.0856820 0.0805508 0.0855077 0.0590955 0.0231091 0.0952468 0.1003677 0.0840651 0.0834967 0.0796841 0.0331806 0.0637363 0.0000000 0.0759449 0.0603868 0.0535194 0.0872631 0.0901353 0.0783237 
Tarsipedidae_Tarsipes_rostratus              0.0648498 0.0904352 0.0841858 0.0880184 0.0911459 0.0949440 0.0719653 0.0707908 0.0878540 0.1028975 0.0702293 0.0969432 0.0989661 0.0682932 0.0649599 0.0981088 0.0974835 0.0926653 0.0974039 0.0878792 0.0743345 0.1017954 0.0975869 0.0989588 0.0825774 0.0973129 0.0659184 0.0710851 0.0759449 0.0000000 0.0763304 0.0695212 0.0992728 0.1051335 0.0740031 
Acrobatidae_Distoechurus_pennatus            0.0579320 0.0892814 0.0699068 0.0729362 0.0730879 0.0878560 0.0595085 0.0601993 0.0701253 0.0944651 0.0674809 0.0867640 0.0863430 0.0619996 0.0414970 0.0889117 0.0894006 0.0839270 0.0916857 0.0681527 0.0656323 0.0969489 0.0938300 0.0907880 0.0823479 0.0891472 0.0503928 0.0687863 0.0603868 0.0763304 0.0000000 0.0631097 0.0931859 0.0977186 0.0862138 
Phalangeridae_Phalanger_carmelitae           0.0477387 0.0880019 0.0535277 0.0503131 0.0537914 0.0758867 0.0171878 0.0077512 0.0517372 0.0825266 0.0111327 0.0778499 0.0757691 0.0031735 0.0609470 0.0800550 0.0784480 0.0729666 0.0834308 0.0460257 0.0585227 0.0966077 0.0938939 0.0789638 0.0691661 0.0744042 0.0450198 0.0478737 0.0535194 0.0695212 0.0631097 0.0000000 0.0840567 0.0848852 0.0763500 
Peramelidae_Peroryctes_raffrayana            0.0776276 0.0928054 0.0878043 0.0954098 0.1000087 0.0900986 0.0817621 0.0808299 0.0924794 0.0198035 0.0808343 0.0901732 0.0915216 0.0824328 0.0897231 0.0925506 0.0920050 0.0844640 0.0152937 0.0888729 0.0917995 0.1026570 0.1037408 0.0934053 0.1089997 0.0904024 0.0720199 0.0916882 0.0872631 0.0992728 0.0931859 0.0840567 0.0000000 0.0245593 0.0806845 
Peramelidae_Perameles_gunnii                 0.0850772 0.0910756 0.0900183 0.0957877 0.1001934 0.0934668 0.0841598 0.0827457 0.0885290 0.0061382 0.0826105 0.0939843 0.0941007 0.0838539 0.0922852 0.0962626 0.0965266 0.0886144 0.0248691 0.0876815 0.0950652 0.1075528 0.1081511 0.0971564 0.1023801 0.0927846 0.0735928 0.0869027 0.0901353 0.1051335 0.0977186 0.0848852 0.0245593 0.0000000 0.0834923 
Dasyuridae_Dasyurus_geffroii                 0.0727042 0.0859132 0.0738278 0.0793913 0.0813115 0.0061818 0.0749647 0.0725113 0.0769792 0.0843983 0.0712735 0.0209694 0.0270213 0.0741550 0.0833657 0.0210006 0.0062092 0.0251899 0.0796840 0.0752233 0.0882287 0.1020512 0.0868083 0.0210843 0.0793892 0.0797614 0.0564527 0.0721856 0.0783237 0.0740031 0.0862138 0.0763500 0.0806845 0.0834923 0.0000000 
