35
Burramyidae_Burramys_parvus                  0.0000000 0.0729163 0.0424005 0.0515445 0.0524098 0.0902573 0.0590359 0.0638260 0.0718573 0.0794236 0.0598116 0.0789998 0.0768972 0.0549398 0.0894875 0.0847520 0.0641635 0.0670464 0.0448836 0.0677384 0.0557306 0.0767839 0.0729207 0.0519606 0.0677590 0.0543108 0.0547056 0.0728743 0.0677898 0.0506058 0.0497377 0.0717880 0.0563730 0.0948283 0.0714021 
Notoryctidae_Notoryctes_typhlops             0.0729163 0.0000000 0.0747416 0.0796727 0.0795327 0.1088051 0.0897523 0.0911554 0.0997736 0.1021881 0.0884612 0.0951264 0.0957703 0.0846664 0.1088690 0.1068293 0.0769775 0.0867660 0.0738481 0.0921257 0.0706614 0.0873675 0.0904120 0.0779236 0.0814310 0.0788930 0.0804072 0.0962322 0.0957416 0.0826511 0.0823664 0.0915059 0.0771282 0.1152819 0.1216385 
Vombatidae_Lasiorhinus_latifrons             0.0424005 0.0747416 0.0000000 0.0485828 0.0462433 0.0819210 0.0571857 0.0594942 0.0663388 0.0749413 0.0569633 0.0741135 0.0774224 0.0534107 0.0856159 0.0800416 0.0649107 0.0689107 0.0434229 0.0694282 0.0552064 0.0736019 0.0701241 0.0512435 0.0617405 0.0541837 0.0526126 0.0709618 0.0607406 0.0468335 0.0508694 0.0679907 0.0525831 0.0871831 0.0639259 
Potoroidae_Bettongia_penicillata             0.0515445 0.0796727 0.0485828 0.0000000 0.0030954 0.0896493 0.0623932 0.0673067 0.0250398 0.0803947 0.0615397 0.0804884 0.0843206 0.0594301 0.0928263 0.0859032 0.0665634 0.0686173 0.0143956 0.0763280 0.0526612 0.0678866 0.0726134 0.0289829 0.0758661 0.0643795 0.0215697 0.0757516 0.0686852 0.0582325 0.0569155 0.0712019 0.0584143 0.0938178 0.0823837 
Potoroidae_Bettongia_lesueur                 0.0524098 0.0795327 0.0462433 0.0030954 0.0000000 0.0913260 0.0586061 0.0638167 0.0211950 0.0820869 0.0593178 0.0824281 0.0869119 0.0592099 0.0947063 0.0878391 0.0682683 0.0678805 0.0139126 0.0754100 0.0540805 0.0682851 0.0741241 0.0287985 0.0741927 0.0647459 0.0201994 0.0749881 0.0656151 0.0573557 0.0575427 0.0741497 0.0602450 0.0950420 0.0816952 
Dasyuridae_Dasyurus_maculatus                0.0902573 0.1088051 0.0819210 0.0896493 0.0913260 0.0000000 0.0980442 0.1036387 0.1084839 0.0898960 0.0972270 0.0234380 0.0331433 0.0945456 0.0199604 0.0103555 0.0210916 0.0700735 0.0853401 0.1164811 0.0564950 0.0759976 0.0271815 0.0958635 0.0743743 0.1059175 0.0928096 0.1201137 0.1048913 0.0895086 0.0978530 0.0799446 0.0015361 0.1004094 0.1503084 
Phalangeridae_Trichosurus_vulpecula          0.0590359 0.0897523 0.0571857 0.0623932 0.0586061 0.0980442 0.0000000 0.0380010 0.0742623 0.0941643 0.0374815 0.0892653 0.0905783 0.0334657 0.0999772 0.0954493 0.0832911 0.0937708 0.0566459 0.0852537 0.0781473 0.0850364 0.0910723 0.0632376 0.0834861 0.0759808 0.0646195 0.0844878 0.0790669 0.0645884 0.0312697 0.0858809 0.0780650 0.1087695 0.0942802 
Phalangeridae_Spilocuscus_maculatus          0.0638260 0.0911554 0.0594942 0.0673067 0.0638167 0.1036387 0.0380010 0.0000000 0.0827638 0.0913975 0.0207616 0.0933838 0.0951018 0.0183602 0.1057502 0.0998541 0.0852475 0.0829088 0.0591745 0.0911558 0.0724004 0.0843485 0.0852041 0.0676352 0.0836670 0.0771705 0.0672529 0.0879796 0.0828101 0.0674972 0.0198844 0.0875937 0.0757115 0.1058419 0.0983220 
Potoroidae_Aepyprymnus_rufescens             0.0718573 0.0997736 0.0663388 0.0250398 0.0211950 0.1084839 0.0742623 0.0827638 0.0000000 0.0987668 0.0780230 0.0999969 0.1043916 0.0747096 0.1126023 0.1053392 0.0912458 0.0990710 0.0292894 0.0908723 0.0826087 0.0821410 0.1019024 0.0457344 0.0965994 0.0809700 0.0370511 0.0917791 0.0844610 0.0754393 0.0724506 0.0943484 0.0892419 0.1084039 0.1085287 
Peramelidae_Perameles_nasuta                 0.0794236 0.1021881 0.0749413 0.0803947 0.0820869 0.0898960 0.0941643 0.0913975 0.0987668 0.0000000 0.0882079 0.0847062 0.0924590 0.0825928 0.0920726 0.0891158 0.0704859 0.0219737 0.0759391 0.1104062 0.0438587 0.0682082 0.0647479 0.0830550 0.0807279 0.0968683 0.0830406 0.1159347 0.0937295 0.0804314 0.0856639 0.0199759 0.0571175 0.0162111 0.1241064 
Phalangeridae_Strigocuscus_pelengensis       0.0598116 0.0884612 0.0569633 0.0615397 0.0593178 0.0972270 0.0374815 0.0207616 0.0780230 0.0882079 0.0000000 0.0877820 0.0911570 0.0193428 0.0990995 0.0933688 0.0804970 0.0809500 0.0561679 0.0884954 0.0682128 0.0754077 0.0775825 0.0637363 0.0834213 0.0733931 0.0632207 0.0880387 0.0780715 0.0629195 0.0190934 0.0836942 0.0693360 0.1032288 0.0909549 
Dasyuridae_Phascogale_tapoatafa              0.0789998 0.0951264 0.0741135 0.0804884 0.0824281 0.0234380 0.0892653 0.0933838 0.0999969 0.0847062 0.0877820 0.0000000 0.0274481 0.0818218 0.0085408 0.0256160 0.0225952 0.0721700 0.0767934 0.1093708 0.0569382 0.0778720 0.0201793 0.0853617 0.0728897 0.0951444 0.0857224 0.1158368 0.0939174 0.0782196 0.0826062 0.0747553 0.0190736 0.0957518 0.1287371 
Dasyuridae_Sminthopsis_macroura              0.0768972 0.0957703 0.0774224 0.0843206 0.0869119 0.0331433 0.0905783 0.0951018 0.1043916 0.0924590 0.0911570 0.0274481 0.0000000 0.0851241 0.0349629 0.0344565 0.0154102 0.0737494 0.0778925 0.1093778 0.0579142 0.0788195 0.0329224 0.0878439 0.0766835 0.0957807 0.0865561 0.1171759 0.0978419 0.0832045 0.0872084 0.0804559 0.0182633 0.1016292 0.1366293 
Phalangeridae_Phalanger_orientalis           0.0549398 0.0846664 0.0534107 0.0594301 0.0592099 0.0945456 0.0334657 0.0183602 0.0747096 0.0825928 0.0193428 0.0818218 0.0851241 0.0000000 0.0963194 0.0889217 0.0722123 0.0704552 0.0538283 0.0824857 0.0567970 0.0716624 0.0706068 0.0593049 0.0738757 0.0692958 0.0611086 0.0840353 0.0761784 0.0604536 0.0072903 0.0754553 0.0590081 0.0961904 0.0906131 
Dasyuridae_Phascogale_calura                 0.0894875 0.1088690 0.0856159 0.0928263 0.0947063 0.0199604 0.0999772 0.1057502 0.1126023 0.0920726 0.0990995 0.0085408 0.0349629 0.0963194 0.0000000 0.0220087 0.0262260 0.0714418 0.0888373 0.1218386 0.0594305 0.0812541 0.0205044 0.0984646 0.0778882 0.1075776 0.0968001 0.1301272 0.1086586 0.0898624 0.0998572 0.0829939 0.0202643 0.1004591 0.1486688 
Dasyuridae_Sarcophilus_harrisii              0.0847520 0.1068293 0.0800416 0.0859032 0.0878391 0.0103555 0.0954493 0.0998541 0.1053392 0.0891158 0.0933688 0.0256160 0.0344565 0.0889217 0.0220087 0.0000000 0.0194228 0.0727449 0.0798683 0.1158349 0.0556819 0.0772789 0.0293488 0.0898975 0.0716228 0.1013449 0.0890956 0.1196978 0.1023149 0.0845402 0.0904738 0.0744166 0.0045774 0.0979545 0.1469741 
Dasyuridae_Planigale_tenuirostris            0.0641635 0.0769775 0.0649107 0.0665634 0.0682683 0.0210916 0.0832911 0.0852475 0.0912458 0.0704859 0.0804970 0.0225952 0.0154102 0.0722123 0.0262260 0.0194228 0.0000000 0.0633547 0.0621894 0.0846263 0.0444558 0.0590368 0.0245929 0.0692965 0.0681492 0.0721606 0.0704257 0.0980339 0.0882667 0.0682725 0.0698784 0.0715852 0.0105907 0.0926824 0.1116318 
Peramelidae_Echymipera_kalubu                0.0670464 0.0867660 0.0689107 0.0686173 0.0678805 0.0700735 0.0937708 0.0829088 0.0990710 0.0219737 0.0809500 0.0721700 0.0737494 0.0704552 0.0714418 0.0727449 0.0633547 0.0000000 0.0590498 0.1220393 0.0579086 0.0833510 0.0855915 0.0690685 0.0708160 0.0905411 0.0681700 0.1222612 0.0873494 0.0622262 0.0708959 0.0225447 0.0709286 0.0423843 0.1122716 
Macropodidae_Dorcopsulus_vanheurni           0.0448836 0.0738481 0.0434229 0.0143956 0.0139126 0.0853401 0.0566459 0.0591745 0.0292894 0.0759391 0.0561679 0.0767934 0.0778925 0.0538283 0.0888373 0.0798683 0.0621894 0.0590498 0.0000000 0.0703491 0.0437121 0.0584160 0.0634330 0.0227326 0.0680239 0.0594991 0.0067888 0.0730992 0.0600577 0.0482616 0.0498495 0.0668956 0.0494651 0.0906315 0.0744396 
Pseudochiridae_Pseudochirulus_forbesi        0.0677384 0.0921257 0.0694282 0.0763280 0.0754100 0.1164811 0.0852537 0.0911558 0.0908723 0.1104062 0.0884954 0.1093708 0.1093778 0.0824857 0.1218386 0.1158349 0.0846263 0.1220393 0.0703491 0.0000000 0.1017800 0.1220220 0.1185532 0.0777244 0.1048516 0.0506367 0.0804884 0.0421953 0.0799962 0.0691754 0.0720923 0.1041492 0.1020967 0.1279282 0.1090409 
Didelphidae_Didelphis_virginiana             0.0557306 0.0706614 0.0552064 0.0526612 0.0540805 0.0564950 0.0781473 0.0724004 0.0826087 0.0438587 0.0682128 0.0569382 0.0579142 0.0567970 0.0594305 0.0556819 0.0444558 0.0579086 0.0437121 0.1017800 0.0000000 0.0434644 0.0707100 0.0543158 0.0516283 0.0735591 0.0540624 0.1037581 0.0751784 0.0481265 0.0501332 0.0457363 0.0565615 0.0774295 0.0888370 
Marmosidae_Monodelphis_domestica             0.0767839 0.0873675 0.0736019 0.0678866 0.0682851 0.0759976 0.0850364 0.0843485 0.0821410 0.0682082 0.0754077 0.0778720 0.0788195 0.0716624 0.0812541 0.0772789 0.0590368 0.0833510 0.0584160 0.1220220 0.0434644 0.0000000 0.0909404 0.0707444 0.0634727 0.0860262 0.0707111 0.1345422 0.0916159 0.0650517 0.0691890 0.0687939 0.0774403 0.0853746 0.1330729 
Dasyuridae_Antechinus_stuartii               0.0729207 0.0904120 0.0701241 0.0726134 0.0741241 0.0271815 0.0910723 0.0852041 0.1019024 0.0647479 0.0775825 0.0201793 0.0329224 0.0706068 0.0205044 0.0293488 0.0245929 0.0855915 0.0634330 0.1185532 0.0707100 0.0909404 0.0000000 0.0734679 0.0656833 0.0907846 0.0744654 0.1222531 0.0909912 0.0592586 0.0706547 0.0689308 0.0274277 0.0996779 0.1086099 
Hypsiprymnodontidae_Hypsiprymnodon_moschatus 0.0519606 0.0779236 0.0512435 0.0289829 0.0287985 0.0958635 0.0632376 0.0676352 0.0457344 0.0830550 0.0637363 0.0853617 0.0878439 0.0593049 0.0984646 0.0898975 0.0692965 0.0690685 0.0227326 0.0777244 0.0543158 0.0707444 0.0734679 0.0000000 0.0747757 0.0645663 0.0281272 0.0817504 0.0675994 0.0537958 0.0568977 0.0757472 0.0626904 0.0977715 0.0838824 
Microbiotheriidae_Dromiciops_gliroides       0.0677590 0.0814310 0.0617405 0.0758661 0.0741927 0.0743743 0.0834861 0.0836670 0.0965994 0.0807279 0.0834213 0.0728897 0.0766835 0.0738757 0.0778882 0.0716228 0.0681492 0.0708160 0.0680239 0.1048516 0.0516283 0.0634727 0.0656833 0.0747757 0.0000000 0.0869704 0.0779752 0.1089121 0.0910833 0.0682356 0.0701585 0.0793596 0.0524479 0.1054569 0.1218733 
Pseudochiridae_Petauroides_volans            0.0543108 0.0788930 0.0541837 0.0643795 0.0647459 0.1059175 0.0759808 0.0771705 0.0809700 0.0968683 0.0733931 0.0951444 0.0957807 0.0692958 0.1075776 0.1013449 0.0721606 0.0905411 0.0594991 0.0506367 0.0735591 0.0860262 0.0907846 0.0645663 0.0869704 0.0000000 0.0692870 0.0617548 0.0688097 0.0532645 0.0658863 0.0877543 0.0782777 0.1117743 0.0880988 
Macropodidae_Wallabia_bicolor                0.0547056 0.0804072 0.0526126 0.0215697 0.0201994 0.0928096 0.0646195 0.0672529 0.0370511 0.0830406 0.0632207 0.0857224 0.0865561 0.0611086 0.0968001 0.0890956 0.0704257 0.0681700 0.0067888 0.0804884 0.0540624 0.0707111 0.0744654 0.0281272 0.0779752 0.0692870 0.0000000 0.0808010 0.0683354 0.0569537 0.0577977 0.0746651 0.0600178 0.0954536 0.0831851 
Pseudochiridae_Pseudocheirus_occidentalis    0.0728743 0.0962322 0.0709618 0.0757516 0.0749881 0.1201137 0.0844878 0.0879796 0.0917791 0.1159347 0.0880387 0.1158368 0.1171759 0.0840353 0.1301272 0.1196978 0.0980339 0.1222612 0.0730992 0.0421953 0.1037581 0.1345422 0.1222531 0.0817504 0.1089121 0.0617548 0.0808010 0.0000000 0.0823505 0.0717743 0.0771665 0.1094707 0.1035178 0.1329745 0.1116393 
Tarsipedidae_Tarsipes_rostratus              0.0677898 0.0957416 0.0607406 0.0686852 0.0656151 0.1048913 0.0790669 0.0828101 0.0844610 0.0937295 0.0780715 0.0939174 0.0978419 0.0761784 0.1086586 0.1023149 0.0882667 0.0873494 0.0600577 0.0799962 0.0751784 0.0916159 0.0909912 0.0675994 0.0910833 0.0688097 0.0683354 0.0823505 0.0000000 0.0606940 0.0742203 0.0892541 0.0804388 0.1049563 0.0818780 
Acrobatidae_Distoechurus_pennatus            0.0506058 0.0826511 0.0468335 0.0582325 0.0573557 0.0895086 0.0645884 0.0674972 0.0754393 0.0804314 0.0629195 0.0782196 0.0832045 0.0604536 0.0898624 0.0845402 0.0682725 0.0622262 0.0482616 0.0691754 0.0481265 0.0650517 0.0592586 0.0537958 0.0682356 0.0532645 0.0569537 0.0717743 0.0606940 0.0000000 0.0571579 0.0713676 0.0523333 0.0937573 0.0402485 
Phalangeridae_Phalanger_carmelitae           0.0497377 0.0823664 0.0508694 0.0569155 0.0575427 0.0978530 0.0312697 0.0198844 0.0724506 0.0856639 0.0190934 0.0826062 0.0872084 0.0072903 0.0998572 0.0904738 0.0698784 0.0708959 0.0498495 0.0720923 0.0501332 0.0691890 0.0706547 0.0568977 0.0701585 0.0658863 0.0577977 0.0771665 0.0742203 0.0571579 0.0000000 0.0747115 0.0569876 0.1015703 0.0822322 
Peramelidae_Peroryctes_raffrayana            0.0717880 0.0915059 0.0679907 0.0712019 0.0741497 0.0799446 0.0858809 0.0875937 0.0943484 0.0199759 0.0836942 0.0747553 0.0804559 0.0754553 0.0829939 0.0744166 0.0715852 0.0225447 0.0668956 0.1041492 0.0457363 0.0687939 0.0689308 0.0757472 0.0793596 0.0877543 0.0746651 0.1094707 0.0892541 0.0713676 0.0747115 0.0000000 0.0538706 0.0388493 0.1164575 
Dasyuridae_Dasyurus_geffroii                 0.0563730 0.0771282 0.0525831 0.0584143 0.0602450 0.0015361 0.0780650 0.0757115 0.0892419 0.0571175 0.0693360 0.0190736 0.0182633 0.0590081 0.0202643 0.0045774 0.0105907 0.0709286 0.0494651 0.1020967 0.0565615 0.0774403 0.0274277 0.0626904 0.0524479 0.0782777 0.0600178 0.1035178 0.0804388 0.0523333 0.0569876 0.0538706 0.0000000 0.0913725 0.1037667 
Peramelidae_Perameles_gunnii                 0.0948283 0.1152819 0.0871831 0.0938178 0.0950420 0.1004094 0.1087695 0.1058419 0.1084039 0.0162111 0.1032288 0.0957518 0.1016292 0.0961904 0.1004591 0.0979545 0.0926824 0.0423843 0.0906315 0.1279282 0.0774295 0.0853746 0.0996779 0.0977715 0.1054569 0.1117743 0.0954536 0.1329745 0.1049563 0.0937573 0.1015703 0.0388493 0.0913725 0.0000000 0.1438213 
Acrobatidae_Acrobates_pygmaeus               0.0714021 0.1216385 0.0639259 0.0823837 0.0816952 0.1503084 0.0942802 0.0983220 0.1085287 0.1241064 0.0909549 0.1287371 0.1366293 0.0906131 0.1486688 0.1469741 0.1116318 0.1122716 0.0744396 0.1090409 0.0888370 0.1330729 0.1086099 0.0838824 0.1218733 0.0880988 0.0831851 0.1116393 0.0818780 0.0402485 0.0822322 0.1164575 0.1037667 0.1438213 0.0000000 
