13
Bradypus             0.0000000 0.0477647 0.1031470 0.1156128 0.1121031 0.1080733 0.1117836 0.1001157 0.1022915 0.1021913 0.1042875 0.1071371 0.1077940 
Choloepus            0.0477647 0.0000000 0.0931829 0.1049321 0.1041211 0.1059755 0.1073769 0.0952496 0.0993811 0.0963628 0.0999801 0.1013708 0.1034825 
Cyclopes             0.1031470 0.0931829 0.0000000 0.0842452 0.0850888 0.1118347 0.1152655 0.1044562 0.1073052 0.1018673 0.1056467 0.1078151 0.1113185 
Tamandua             0.1156128 0.1049321 0.0842452 0.0000000 0.0339587 0.1168997 0.1208868 0.1104147 0.1143913 0.1121223 0.1140026 0.1159533 0.1179090 
Myrmecophaga         0.1121031 0.1041211 0.0850888 0.0339587 0.0000000 0.1143817 0.1166056 0.1082426 0.1127337 0.1089972 0.1094579 0.1112271 0.1144836 
Dasypus_kappleri     0.1080733 0.1059755 0.1118347 0.1168997 0.1143817 0.0000000 0.0213884 0.0619029 0.0641169 0.0653922 0.0638888 0.0642356 0.0671837 
Dasypus_novemcinctus 0.1117836 0.1073769 0.1152655 0.1208868 0.1166056 0.0213884 0.0000000 0.0619445 0.0660300 0.0661427 0.0644888 0.0657292 0.0684309 
Cabassous            0.1001157 0.0952496 0.1044562 0.1104147 0.1082426 0.0619029 0.0619445 0.0000000 0.0311428 0.0320900 0.0443512 0.0448622 0.0461871 
Priodontes           0.1022915 0.0993811 0.1073052 0.1143913 0.1127337 0.0641169 0.0660300 0.0311428 0.0000000 0.0362392 0.0480157 0.0476720 0.0496641 
Tolypeutes           0.1021913 0.0963628 0.1018673 0.1121223 0.1089972 0.0653922 0.0661427 0.0320900 0.0362392 0.0000000 0.0468169 0.0492311 0.0501347 
Chaetophractus       0.1042875 0.0999801 0.1056467 0.1140026 0.1094579 0.0638888 0.0644888 0.0443512 0.0480157 0.0468169 0.0000000 0.0147038 0.0185078 
Euphractus           0.1071371 0.1013708 0.1078151 0.1159533 0.1112271 0.0642356 0.0657292 0.0448622 0.0476720 0.0492311 0.0147038 0.0000000 0.0189012 
Zaedyus              0.1077940 0.1034825 0.1113185 0.1179090 0.1144836 0.0671837 0.0684309 0.0461871 0.0496641 0.0501347 0.0185078 0.0189012 0.0000000 
