37
Burramyidae_Burramys_parvus                  0.0000000 0.0345405 0.0282961 0.0297672 0.0295360 0.0430146 0.0269178 0.0335529 0.0288514 0.0440223 0.0316223 0.0417746 0.0454178 0.0359495 0.0278165 0.0409390 0.0425884 0.0325975 0.0466142 0.0320650 0.0301406 0.0643278 0.0571411 0.0362746 0.0308004 0.0404391 0.0315178 0.0294840 0.0272994 0.0450825 0.0298854 0.0376922 0.0454830 0.0420827 0.0433275 0.1308397 0.1308397 
Notoryctidae_Notoryctes_typhlops             0.0345405 0.0000000 0.0360320 0.0406106 0.0408496 0.0452140 0.0343438 0.0350611 0.0406824 0.0459528 0.0347805 0.0443160 0.0442577 0.0357216 0.0369850 0.0437707 0.0445327 0.0348572 0.0494081 0.0427260 0.0382934 0.0585120 0.0548369 0.0400457 0.0391455 0.0386425 0.0407016 0.0408206 0.0386251 0.0465799 0.0404062 0.0388572 0.0486576 0.0458423 0.0460784 0.1172791 0.1172791 
Vombatidae_Lasiorhinus_latifrons             0.0282961 0.0360320 0.0000000 0.0318326 0.0323564 0.0409986 0.0281966 0.0330918 0.0319983 0.0421059 0.0329377 0.0392118 0.0438796 0.0344240 0.0265419 0.0383384 0.0411884 0.0332687 0.0442088 0.0323198 0.0311188 0.0627600 0.0550017 0.0349429 0.0314375 0.0380994 0.0325560 0.0293303 0.0282975 0.0473532 0.0337822 0.0356462 0.0425174 0.0413705 0.0425517 0.0778926 0.0778926 
Potoroidae_Bettongia_penicillata             0.0297672 0.0406106 0.0318326 0.0000000 0.0036292 0.0473922 0.0310901 0.0361176 0.0067304 0.0471768 0.0351289 0.0459005 0.0496460 0.0380124 0.0306333 0.0449539 0.0467502 0.0378648 0.0516154 0.0168936 0.0318691 0.0654782 0.0570377 0.0391422 0.0249707 0.0418132 0.0338641 0.0147508 0.0290793 0.0490253 0.0318520 0.0395135 0.0505019 0.0468080 0.0476485 0.1218927 0.1218927 
Potoroidae_Bettongia_lesueur                 0.0295360 0.0408496 0.0323564 0.0036292 0.0000000 0.0483220 0.0314402 0.0366534 0.0069500 0.0469797 0.0351494 0.0465968 0.0505793 0.0383195 0.0303954 0.0456475 0.0476747 0.0381629 0.0523284 0.0171246 0.0321191 0.0676073 0.0593437 0.0394165 0.0252063 0.0434343 0.0347003 0.0156925 0.0280228 0.0487548 0.0316804 0.0403266 0.0508782 0.0477301 0.0477840 0.1261168 0.1261168 
Dasyuridae_Dasyurus_maculatus                0.0430146 0.0452140 0.0409986 0.0473922 0.0483220 0.0000000 0.0384379 0.0436471 0.0478957 0.0472173 0.0434301 0.0081001 0.0151423 0.0446281 0.0397267 0.0079027 0.0036729 0.0098779 0.0503887 0.0491592 0.0467443 0.0564501 0.0478975 0.0069185 0.0485594 0.0367084 0.0494420 0.0470111 0.0437509 0.0609746 0.0456289 0.0473654 0.0480348 0.0029754 0.0474725 0.0920570 0.0920570 
Phalangeridae_Trichosurus_vulpecula          0.0269178 0.0343438 0.0281966 0.0310901 0.0314402 0.0384379 0.0000000 0.0172247 0.0314916 0.0432945 0.0170473 0.0386062 0.0417425 0.0190193 0.0268259 0.0373892 0.0377877 0.0307435 0.0467517 0.0331144 0.0307085 0.0616698 0.0548340 0.0336565 0.0316564 0.0377658 0.0317383 0.0303982 0.0268269 0.0449834 0.0307934 0.0205432 0.0460206 0.0389376 0.0437085 0.1059988 0.1059988 
Phalangeridae_Spilocuscus_maculatus          0.0335529 0.0350611 0.0330918 0.0361176 0.0366534 0.0436471 0.0172247 0.0000000 0.0348567 0.0470105 0.0076638 0.0444892 0.0463274 0.0081358 0.0323998 0.0438524 0.0446050 0.0370820 0.0526607 0.0374437 0.0327462 0.0629584 0.0613242 0.0334644 0.0344584 0.0412403 0.0366514 0.0357035 0.0275109 0.0433549 0.0379980 0.0090871 0.0460575 0.0454569 0.0500792 0.1217783 0.1217783 
Potoroidae_Aepyprymnus_rufescens             0.0288514 0.0406824 0.0319983 0.0067304 0.0069500 0.0478957 0.0314916 0.0348567 0.0000000 0.0478357 0.0354347 0.0455555 0.0482746 0.0372353 0.0295245 0.0446046 0.0472254 0.0376244 0.0517496 0.0167074 0.0311888 0.0652664 0.0580316 0.0385017 0.0250627 0.0436157 0.0320909 0.0145804 0.0285992 0.0479160 0.0312110 0.0390112 0.0508615 0.0478748 0.0483073 0.1071884 0.1071884 
Peramelidae_Perameles_nasuta                 0.0440223 0.0459528 0.0421059 0.0471768 0.0469797 0.0472173 0.0432945 0.0470105 0.0478357 0.0000000 0.0455620 0.0478613 0.0510838 0.0458038 0.0415228 0.0469880 0.0476421 0.0405704 0.0121996 0.0459906 0.0485060 0.0593443 0.0529759 0.0431978 0.0470617 0.0426986 0.0507197 0.0438811 0.0463801 0.0645053 0.0463400 0.0491720 0.0106858 0.0477955 0.0006748 0.0925544 0.0925544 
Phalangeridae_Strigocuscus_pelengensis       0.0316223 0.0347805 0.0329377 0.0351289 0.0351494 0.0434301 0.0170473 0.0076638 0.0354347 0.0455620 0.0000000 0.0440221 0.0452128 0.0095297 0.0325539 0.0441017 0.0434347 0.0371735 0.0515988 0.0371586 0.0311321 0.0600781 0.0616329 0.0351285 0.0354807 0.0408291 0.0368612 0.0355389 0.0265730 0.0401866 0.0357982 0.0107703 0.0452691 0.0446869 0.0484728 0.1083234 0.1083234 
Dasyuridae_Phascogale_tapoatafa              0.0417746 0.0443160 0.0392118 0.0459005 0.0465968 0.0081001 0.0386062 0.0444892 0.0455555 0.0478613 0.0440221 0.0000000 0.0140090 0.0468446 0.0377969 0.0011260 0.0071432 0.0095488 0.0508200 0.0477055 0.0468731 0.0576476 0.0497563 0.0037810 0.0470768 0.0384290 0.0480915 0.0453245 0.0426057 0.0601484 0.0435317 0.0495874 0.0482042 0.0087940 0.0489841 0.0583603 0.0583603 
Dasyuridae_Sminthopsis_macroura              0.0454178 0.0442577 0.0438796 0.0496460 0.0505793 0.0151423 0.0417425 0.0463274 0.0482746 0.0510838 0.0452128 0.0140090 0.0000000 0.0489500 0.0417042 0.0136131 0.0136285 0.0113538 0.0531091 0.0510132 0.0465558 0.0619644 0.0558431 0.0104441 0.0502858 0.0401395 0.0514168 0.0501574 0.0431753 0.0564685 0.0469425 0.0514082 0.0479469 0.0153295 0.0515155 0.0440682 0.0440682 
Phalangeridae_Phalanger_orientalis           0.0359495 0.0357216 0.0344240 0.0380124 0.0383195 0.0446281 0.0190193 0.0081358 0.0372353 0.0458038 0.0095297 0.0468446 0.0489500 0.0000000 0.0335847 0.0462210 0.0469605 0.0395500 0.0518845 0.0400720 0.0340496 0.0625980 0.0629845 0.0359386 0.0387630 0.0415963 0.0390352 0.0380978 0.0297378 0.0447600 0.0382544 0.0035043 0.0446484 0.0472556 0.0485715 0.1075765 0.1075765 
Acrobatidae_Acrobates_pygmaeus               0.0278165 0.0369850 0.0265419 0.0306333 0.0303954 0.0397267 0.0268259 0.0323998 0.0295245 0.0415228 0.0325539 0.0377969 0.0417042 0.0335847 0.0000000 0.0372631 0.0395405 0.0319908 0.0445710 0.0317798 0.0283134 0.0608109 0.0538821 0.0331564 0.0302493 0.0387807 0.0310929 0.0296633 0.0250178 0.0444538 0.0157144 0.0358225 0.0421607 0.0410001 0.0417452 0.0971488 0.0971488 
Dasyuridae_Phascogale_calura                 0.0409390 0.0437707 0.0383384 0.0449539 0.0456475 0.0079027 0.0373892 0.0438524 0.0446046 0.0469880 0.0441017 0.0011260 0.0136131 0.0462210 0.0372631 0.0000000 0.0069665 0.0095607 0.0499551 0.0473853 0.0458056 0.0576330 0.0501558 0.0037864 0.0461334 0.0381901 0.0478766 0.0449967 0.0415235 0.0595451 0.0427028 0.0489689 0.0473327 0.0086275 0.0481272 0.0431948 0.0431948 
Dasyuridae_Sarcophilus_harrisii              0.0425884 0.0445327 0.0411884 0.0467502 0.0476747 0.0036729 0.0377877 0.0446050 0.0472254 0.0476421 0.0434347 0.0071432 0.0136285 0.0469605 0.0395405 0.0069665 0.0000000 0.0085634 0.0504344 0.0487762 0.0463092 0.0585568 0.0493063 0.0056225 0.0471787 0.0383438 0.0486407 0.0463619 0.0433902 0.0617589 0.0451764 0.0492076 0.0477059 0.0038906 0.0480104 0.0705764 0.0705764 
Dasyuridae_Planigale_tenuirostris            0.0325975 0.0348572 0.0332687 0.0378648 0.0381629 0.0098779 0.0307435 0.0370820 0.0376244 0.0405704 0.0371735 0.0095488 0.0113538 0.0395500 0.0319908 0.0095607 0.0085634 0.0000000 0.0438511 0.0403876 0.0382887 0.0563652 0.0478092 0.0073598 0.0379980 0.0339078 0.0413685 0.0374060 0.0337576 0.0537284 0.0357116 0.0421678 0.0402805 0.0088090 0.0401473 9.0000000 9.0000000 
Peramelidae_Echymipera_kalubu                0.0466142 0.0494081 0.0442088 0.0516154 0.0523284 0.0503887 0.0467517 0.0526607 0.0517496 0.0121996 0.0515988 0.0508200 0.0531091 0.0518845 0.0445710 0.0499551 0.0504344 0.0438511 0.0000000 0.0524520 0.0522133 0.0643336 0.0585246 0.0457274 0.0507533 0.0454772 0.0534278 0.0486067 0.0488963 0.0680519 0.0508675 0.0550280 0.0106524 0.0505205 0.0121224 0.0760220 0.0760220 
Macropodidae_Dorcopsulus_vanheurni           0.0320650 0.0427260 0.0323198 0.0168936 0.0171246 0.0491592 0.0331144 0.0374437 0.0167074 0.0459906 0.0371586 0.0477055 0.0510132 0.0400720 0.0317798 0.0473853 0.0487762 0.0403876 0.0524520 0.0000000 0.0327962 0.0669241 0.0604780 0.0408983 0.0246388 0.0449708 0.0365545 0.0060884 0.0305463 0.0503018 0.0346847 0.0421705 0.0500936 0.0491811 0.0473055 0.1102177 0.1102177 
Pseudochiridae_Pseudochirulus_forbesi        0.0301406 0.0382934 0.0311188 0.0318691 0.0321191 0.0467443 0.0307085 0.0327462 0.0311888 0.0485060 0.0311321 0.0468731 0.0465558 0.0340496 0.0283134 0.0458056 0.0463092 0.0382887 0.0522133 0.0327962 0.0000000 0.0644704 0.0605059 0.0382915 0.0330628 0.0407959 0.0245081 0.0318898 0.0118924 0.0389242 0.0313438 0.0355468 0.0484521 0.0479720 0.0493163 0.1201077 0.1201077 
Didelphidae_Didelphis_virginiana             0.0643278 0.0585120 0.0627600 0.0654782 0.0676073 0.0564501 0.0616698 0.0629584 0.0652664 0.0593443 0.0600781 0.0576476 0.0619644 0.0625980 0.0608109 0.0576330 0.0585568 0.0563652 0.0643336 0.0669241 0.0644704 0.0000000 0.0299297 0.0478662 0.0663723 0.0559986 0.0715489 0.0627707 0.0580222 0.0790507 0.0627751 0.0663559 0.0574213 0.0578982 0.0629987 0.1098623 0.1098623 
Marmosidae_Monodelphis_domestica             0.0571411 0.0548369 0.0550017 0.0570377 0.0593437 0.0478975 0.0548340 0.0613242 0.0580316 0.0529759 0.0616329 0.0497563 0.0558431 0.0629845 0.0538821 0.0501558 0.0493063 0.0478092 0.0585246 0.0604780 0.0605059 0.0299297 0.0000000 0.0438229 0.0597940 0.0506084 0.0631354 0.0579131 0.0526495 0.0773957 0.0557828 0.0666596 0.0526613 0.0500636 0.0556971 0.0766078 0.0766078 
Dasyuridae_Antechinus_stuartii               0.0362746 0.0400457 0.0349429 0.0391422 0.0394165 0.0069185 0.0336565 0.0334644 0.0385017 0.0431978 0.0351285 0.0037810 0.0104441 0.0359386 0.0331564 0.0037864 0.0056225 0.0073598 0.0457274 0.0408983 0.0382915 0.0478662 0.0438229 0.0000000 0.0402856 0.0318888 0.0419019 0.0389389 0.0364290 0.0494103 0.0361997 0.0378754 0.0446039 0.0064262 0.0423754 8.9999986 8.9999986 
Hypsiprymnodontidae_Hypsiprymnodon_moschatus 0.0308004 0.0391455 0.0314375 0.0249707 0.0252063 0.0485594 0.0316564 0.0344584 0.0250627 0.0470617 0.0354807 0.0470768 0.0502858 0.0387630 0.0302493 0.0461334 0.0471787 0.0379980 0.0507533 0.0246388 0.0330628 0.0663723 0.0597940 0.0402856 0.0000000 0.0436433 0.0356923 0.0221383 0.0298559 0.0493787 0.0328910 0.0399702 0.0487083 0.0487612 0.0472654 0.1033117 0.1033117 
Microbiotheriidae_Dromiciops_gliroides       0.0404391 0.0386425 0.0380994 0.0418132 0.0434343 0.0367084 0.0377658 0.0412403 0.0436157 0.0426986 0.0408291 0.0384290 0.0401395 0.0415963 0.0387807 0.0381901 0.0383438 0.0339078 0.0454772 0.0449708 0.0407959 0.0559986 0.0506084 0.0318888 0.0436433 0.0000000 0.0464074 0.0429617 0.0381067 0.0540512 0.0415558 0.0447961 0.0409543 0.0389984 0.0431689 0.0859836 0.0859836 
Pseudochiridae_Petauroides_volans            0.0315178 0.0407016 0.0325560 0.0338641 0.0347003 0.0494420 0.0317383 0.0366514 0.0320909 0.0507197 0.0368612 0.0480915 0.0514168 0.0390352 0.0310929 0.0478766 0.0486407 0.0413685 0.0534278 0.0365545 0.0245081 0.0715489 0.0631354 0.0419019 0.0356923 0.0464074 0.0000000 0.0341120 0.0207226 0.0459361 0.0327206 0.0405845 0.0515059 0.0492310 0.0507877 0.1185993 0.1185993 
Macropodidae_Wallabia_bicolor                0.0294840 0.0408206 0.0293303 0.0147508 0.0156925 0.0470111 0.0303982 0.0357035 0.0145804 0.0438811 0.0355389 0.0453245 0.0501574 0.0380978 0.0296633 0.0449967 0.0463619 0.0374060 0.0486067 0.0060884 0.0318898 0.0627707 0.0579131 0.0389389 0.0221383 0.0429617 0.0341120 0.0000000 0.0297000 0.0481055 0.0328265 0.0401683 0.0478861 0.0465102 0.0445815 0.1102177 0.1102177 
Pseudochiridae_Pseudocheirus_occidentalis    0.0272994 0.0386251 0.0282975 0.0290793 0.0280228 0.0437509 0.0268269 0.0275109 0.0285992 0.0463801 0.0265730 0.0426057 0.0431753 0.0297378 0.0250178 0.0415235 0.0433902 0.0337576 0.0488963 0.0305463 0.0118924 0.0580222 0.0526495 0.0364290 0.0298559 0.0381067 0.0207226 0.0297000 0.0000000 0.0341717 0.0277256 0.0319143 0.0483962 0.0434254 0.0465511 0.1506497 0.1506497 
Tarsipedidae_Tarsipes_rostratus              0.0450825 0.0465799 0.0473532 0.0490253 0.0487548 0.0609746 0.0449834 0.0433549 0.0479160 0.0645053 0.0401866 0.0601484 0.0564685 0.0447600 0.0444538 0.0595451 0.0617589 0.0537284 0.0680519 0.0503018 0.0389242 0.0790507 0.0773957 0.0494103 0.0493787 0.0540512 0.0459361 0.0481055 0.0341717 0.0000000 0.0464450 0.0468832 0.0607338 0.0628293 0.0660777 0.1003239 0.1003239 
Acrobatidae_Distoechurus_pennatus            0.0298854 0.0404062 0.0337822 0.0318520 0.0316804 0.0456289 0.0307934 0.0379980 0.0312110 0.0463400 0.0357982 0.0435317 0.0469425 0.0382544 0.0157144 0.0427028 0.0451764 0.0357116 0.0508675 0.0346847 0.0313438 0.0627751 0.0557828 0.0361997 0.0328910 0.0415558 0.0327206 0.0328265 0.0277256 0.0464450 0.0000000 0.0412928 0.0469153 0.0455753 0.0471989 0.1382732 0.1382732 
Phalangeridae_Phalanger_carmelitae           0.0376922 0.0388572 0.0356462 0.0395135 0.0403266 0.0473654 0.0205432 0.0090871 0.0390112 0.0491720 0.0107703 0.0495874 0.0514082 0.0035043 0.0358225 0.0489689 0.0492076 0.0421678 0.0550280 0.0421705 0.0355468 0.0663559 0.0666596 0.0378754 0.0399702 0.0447961 0.0405845 0.0401683 0.0319143 0.0468832 0.0412928 0.0000000 0.0480193 0.0497215 0.0516896 0.1075765 0.1075765 
Peramelidae_Peroryctes_raffrayana            0.0454830 0.0486576 0.0425174 0.0505019 0.0508782 0.0480348 0.0460206 0.0460575 0.0508615 0.0106858 0.0452691 0.0482042 0.0479469 0.0446484 0.0421607 0.0473327 0.0477059 0.0402805 0.0106524 0.0500936 0.0484521 0.0574213 0.0526613 0.0446039 0.0487083 0.0409543 0.0515059 0.0478861 0.0483962 0.0607338 0.0469153 0.0480193 0.0000000 0.0486819 0.0104490 0.0799787 0.0799787 
Dasyuridae_Dasyurus_geffroii                 0.0420827 0.0458423 0.0413705 0.0468080 0.0477301 0.0029754 0.0389376 0.0454569 0.0478748 0.0477955 0.0446869 0.0087940 0.0153295 0.0472556 0.0410001 0.0086275 0.0038906 0.0088090 0.0505205 0.0491811 0.0479720 0.0578982 0.0500636 0.0064262 0.0487612 0.0389984 0.0492310 0.0465102 0.0434254 0.0628293 0.0455753 0.0497215 0.0486819 0.0000000 0.0479241 0.1108442 0.1108442 
Peramelidae_Perameles_gunnii                 0.0433275 0.0460784 0.0425517 0.0476485 0.0477840 0.0474725 0.0437085 0.0500792 0.0483073 0.0006748 0.0484728 0.0489841 0.0515155 0.0485715 0.0417452 0.0481272 0.0480104 0.0401473 0.0121224 0.0473055 0.0493163 0.0629987 0.0556971 0.0423754 0.0472654 0.0431689 0.0507877 0.0445815 0.0465511 0.0660777 0.0471989 0.0516896 0.0104490 0.0479241 0.0000000 0.0979941 0.0979941 
Myrmecobiidae_Myrmecobius_fasciatus1         0.1308397 0.1172791 0.0778926 0.1218927 0.1261168 0.0920570 0.1059988 0.1217783 0.1071884 0.0925544 0.1083234 0.0583603 0.0440682 0.1075765 0.0971488 0.0431948 0.0705764 9.0000000 0.0760220 0.1102177 0.1201077 0.1098623 0.0766078 8.9999986 0.1033117 0.0859836 0.1185993 0.1102177 0.1506497 0.1003239 0.1382732 0.1075765 0.0799787 0.1108442 0.0979941 0.0000000 0.0000010 
Myrmecobiidae_Myrmecobius_fasciatus2         0.1308397 0.1172791 0.0778926 0.1218927 0.1261168 0.0920570 0.1059988 0.1217783 0.1071884 0.0925544 0.1083234 0.0583603 0.0440682 0.1075765 0.0971488 0.0431948 0.0705764 9.0000000 0.0760220 0.1102177 0.1201077 0.1098623 0.0766078 8.9999986 0.1033117 0.0859836 0.1185993 0.1102177 0.1506497 0.1003239 0.1382732 0.1075765 0.0799787 0.1108442 0.0979941 0.0000010 0.0000000 
