37
Burramyidae_Burramys_parvus                  0.0000000 0.0822914 0.0577674 0.0532785 0.0497993 0.0833111 0.0523619 0.0455455 0.0535018 0.0824497 0.0518331 0.0818572 0.0853120 0.0489596 0.0377328 0.0823740 0.0844180 0.0790554 0.0801418 0.0499717 0.0612721 0.0755986 0.0934245 0.0845664 0.0507737 0.0722799 0.0448792 0.0527819 0.0527562 0.0645581 0.0563121 0.0483539 0.0787687 0.0830221 0.0816861 0.2976774 0.2976774 
Notoryctidae_Notoryctes_typhlops             0.0822914 0.0000000 0.0790656 0.0757900 0.0743044 0.0901737 0.0825201 0.0784828 0.0804677 0.0849061 0.0791479 0.0908200 0.0887521 0.0821971 0.0702980 0.0902407 0.0905400 0.0862629 0.0844186 0.0746113 0.0882578 0.0785583 0.1062669 0.0890575 0.0781946 0.0800959 0.0785958 0.0766964 0.0760246 0.0894423 0.0754898 0.0817212 0.0832180 0.0894802 0.0837735 0.1380399 0.1380399 
Vombatidae_Lasiorhinus_latifrons             0.0577674 0.0790656 0.0000000 0.0556327 0.0514807 0.0804010 0.0550306 0.0514944 0.0588001 0.0793711 0.0526782 0.0793372 0.0793266 0.0560199 0.0423550 0.0793574 0.0801113 0.0764331 0.0771985 0.0539327 0.0656256 0.0746905 0.0993251 0.0797276 0.0538734 0.0662206 0.0518615 0.0554729 0.0524277 0.0635056 0.0558099 0.0550847 0.0773228 0.0801266 0.0780411 0.1633503 0.1633503 
Potoroidae_Bettongia_penicillata             0.0532785 0.0757900 0.0556327 0.0000000 0.0070890 0.0762699 0.0493771 0.0476359 0.0134149 0.0792883 0.0461022 0.0743378 0.0765188 0.0504301 0.0405536 0.0741308 0.0759821 0.0715751 0.0795938 0.0250235 0.0562898 0.0666276 0.0925727 0.0734965 0.0357209 0.0657530 0.0440107 0.0248770 0.0453292 0.0579248 0.0482526 0.0500812 0.0810474 0.0756530 0.0782377 0.1562064 0.1562064 
Potoroidae_Bettongia_lesueur                 0.0497993 0.0743044 0.0514807 0.0070890 0.0000000 0.0701724 0.0452219 0.0433379 0.0148818 0.0742025 0.0448664 0.0691191 0.0704519 0.0472755 0.0408145 0.0684852 0.0699006 0.0663180 0.0754622 0.0223604 0.0543634 0.0631436 0.0876792 0.0681551 0.0320977 0.0636536 0.0437220 0.0223556 0.0418377 0.0527653 0.0452256 0.0472320 0.0762829 0.0695730 0.0735487 0.0986918 0.0986918 
Dasyuridae_Dasyurus_maculatus                0.0833111 0.0901737 0.0804010 0.0762699 0.0701724 0.0000000 0.0736719 0.0727647 0.0752358 0.0849660 0.0700584 0.0183821 0.0219992 0.0771472 0.0634872 0.0183941 0.0062293 0.0244310 0.0857877 0.0701157 0.0849566 0.0703011 0.1014988 0.0173427 0.0711095 0.0777813 0.0703896 0.0726817 0.0710423 0.0794067 0.0742354 0.0773943 0.0890612 0.0047684 0.0848682 0.0424673 0.0424673 
Phalangeridae_Trichosurus_vulpecula          0.0523619 0.0825201 0.0550306 0.0493771 0.0452219 0.0736719 0.0000000 0.0190088 0.0506539 0.0767021 0.0246824 0.0739591 0.0752599 0.0225610 0.0399214 0.0742367 0.0743311 0.0723740 0.0780339 0.0477639 0.0570208 0.0662031 0.0903727 0.0748889 0.0466986 0.0672058 0.0448969 0.0486464 0.0473688 0.0584173 0.0478828 0.0225339 0.0770246 0.0733920 0.0768624 0.1345861 0.1345861 
Phalangeridae_Spilocuscus_maculatus          0.0455455 0.0784828 0.0514944 0.0476359 0.0433379 0.0727647 0.0190088 0.0000000 0.0495104 0.0729827 0.0198864 0.0731560 0.0748056 0.0088214 0.0345403 0.0737921 0.0734208 0.0710688 0.0727999 0.0452445 0.0527338 0.0687224 0.0886668 0.0741173 0.0474350 0.0665528 0.0426644 0.0460883 0.0451779 0.0554010 0.0425986 0.0083762 0.0710062 0.0724823 0.0728908 0.1543667 0.1543667 
Potoroidae_Aepyprymnus_rufescens             0.0535018 0.0804677 0.0588001 0.0134149 0.0148818 0.0752358 0.0506539 0.0495104 0.0000000 0.0803551 0.0504091 0.0728824 0.0745242 0.0534418 0.0437071 0.0727026 0.0743353 0.0704979 0.0794688 0.0274932 0.0626542 0.0680694 0.0960144 0.0717454 0.0394043 0.0697643 0.0526996 0.0261987 0.0480560 0.0575773 0.0494315 0.0528022 0.0800581 0.0738985 0.0799256 0.1200414 0.1200414 
Peramelidae_Perameles_nasuta                 0.0824497 0.0849061 0.0793711 0.0792883 0.0742025 0.0849660 0.0767021 0.0729827 0.0803551 0.0000000 0.0726737 0.0848384 0.0835919 0.0758537 0.0649852 0.0834488 0.0866434 0.0807003 0.0135481 0.0776350 0.0876741 0.0701864 0.1034250 0.0857126 0.0742181 0.0799990 0.0771988 0.0761989 0.0749679 0.0849269 0.0761255 0.0769756 0.0162014 0.0832018 0.0016643 0.0968922 0.0968922 
Phalangeridae_Strigocuscus_pelengensis       0.0518331 0.0791479 0.0526782 0.0461022 0.0448664 0.0700584 0.0246824 0.0198864 0.0504091 0.0726737 0.0000000 0.0707531 0.0701796 0.0204403 0.0367092 0.0707432 0.0713461 0.0668278 0.0741237 0.0477007 0.0548629 0.0649038 0.0829254 0.0717087 0.0456639 0.0662984 0.0433974 0.0470088 0.0458606 0.0551213 0.0456626 0.0203978 0.0710817 0.0703514 0.0722663 0.1273256 0.1273256 
Dasyuridae_Phascogale_tapoatafa              0.0818572 0.0908200 0.0793372 0.0743378 0.0691191 0.0183821 0.0739591 0.0731560 0.0728824 0.0848384 0.0707531 0.0000000 0.0218746 0.0773030 0.0623663 0.0031048 0.0179418 0.0213620 0.0873281 0.0695549 0.0869595 0.0683785 0.0994687 0.0082476 0.0724268 0.0769369 0.0717040 0.0701343 0.0741063 0.0812936 0.0746328 0.0775516 0.0900913 0.0177524 0.0847407 0.0409406 0.0409406 
Dasyuridae_Sminthopsis_macroura              0.0853120 0.0887521 0.0793266 0.0765188 0.0704519 0.0219992 0.0752599 0.0748056 0.0745242 0.0835919 0.0701796 0.0218746 0.0000000 0.0786386 0.0638876 0.0221232 0.0222509 0.0179546 0.0866424 0.0690446 0.0861418 0.0680269 0.1009367 0.0206167 0.0758306 0.0794125 0.0724332 0.0713813 0.0738262 0.0783309 0.0768665 0.0785677 0.0909903 0.0218364 0.0834998 0.0313374 0.0313374 
Phalangeridae_Phalanger_orientalis           0.0489596 0.0821971 0.0560199 0.0504301 0.0472755 0.0771472 0.0225610 0.0088214 0.0534418 0.0758537 0.0204403 0.0773030 0.0786386 0.0000000 0.0373832 0.0779120 0.0778221 0.0759646 0.0771743 0.0499082 0.0572668 0.0706032 0.0905771 0.0792370 0.0506531 0.0702473 0.0465382 0.0494249 0.0495493 0.0592942 0.0475004 0.0037125 0.0756601 0.0768749 0.0760671 0.1654373 0.1654373 
Acrobatidae_Acrobates_pygmaeus               0.0377328 0.0702980 0.0423550 0.0405536 0.0408145 0.0634872 0.0399214 0.0345403 0.0437071 0.0649852 0.0367092 0.0623663 0.0638876 0.0373832 0.0000000 0.0622143 0.0631979 0.0630036 0.0644591 0.0407726 0.0390983 0.0562780 0.0851575 0.0619799 0.0427192 0.0591487 0.0339749 0.0413866 0.0358872 0.0477220 0.0266184 0.0370451 0.0658835 0.0617747 0.0652985 9.0000000 9.0000000 
Dasyuridae_Phascogale_calura                 0.0823740 0.0902407 0.0793574 0.0741308 0.0684852 0.0183941 0.0742367 0.0737921 0.0727026 0.0834488 0.0707432 0.0031048 0.0221232 0.0779120 0.0622143 0.0000000 0.0179537 0.0221058 0.0860693 0.0685927 0.0862339 0.0673477 0.0997790 0.0084496 0.0717348 0.0760151 0.0711461 0.0702456 0.0726477 0.0805317 0.0751303 0.0781607 0.0890629 0.0177442 0.0832137 0.0386138 0.0386138 
Dasyuridae_Sarcophilus_harrisii              0.0844180 0.0905400 0.0801113 0.0759821 0.0699006 0.0062293 0.0743311 0.0734208 0.0743353 0.0866434 0.0713461 0.0179418 0.0222509 0.0778221 0.0631979 0.0179537 0.0000000 0.0244521 0.0877966 0.0704166 0.0854143 0.0707407 0.1027674 0.0169008 0.0719982 0.0777274 0.0713498 0.0723895 0.0711456 0.0790993 0.0758746 0.0780697 0.0906766 0.0054009 0.0865383 0.0444249 0.0444249 
Dasyuridae_Planigale_tenuirostris            0.0790554 0.0862629 0.0764331 0.0715751 0.0663180 0.0244310 0.0723740 0.0710688 0.0704979 0.0807003 0.0668278 0.0213620 0.0179546 0.0759646 0.0630036 0.0221058 0.0244521 0.0000000 0.0813298 0.0645865 0.0837499 0.0661583 0.0981558 0.0222450 0.0717711 0.0789485 0.0667550 0.0681455 0.0700032 0.0787308 0.0725737 0.0755642 0.0876369 0.0235275 0.0802361 0.0340417 0.0340417 
Peramelidae_Echymipera_kalubu                0.0801418 0.0844186 0.0771985 0.0795938 0.0754622 0.0857877 0.0780339 0.0727999 0.0794688 0.0135481 0.0741237 0.0873281 0.0866424 0.0771743 0.0644591 0.0860693 0.0877966 0.0813298 0.0000000 0.0750565 0.0874981 0.0751851 0.1023978 0.0863603 0.0737309 0.0788260 0.0765039 0.0762843 0.0744173 0.0844765 0.0742788 0.0773756 0.0135494 0.0851101 0.0128217 0.1247091 0.1247091 
Macropodidae_Dorcopsulus_vanheurni           0.0499717 0.0746113 0.0539327 0.0250235 0.0223604 0.0701157 0.0477639 0.0452445 0.0274932 0.0776350 0.0477007 0.0695549 0.0690446 0.0499082 0.0407726 0.0685927 0.0704166 0.0645865 0.0750565 0.0000000 0.0558786 0.0647238 0.0929946 0.0682419 0.0354483 0.0651304 0.0446129 0.0134571 0.0451822 0.0572799 0.0470693 0.0495644 0.0763876 0.0700642 0.0766245 0.1105599 0.1105599 
Pseudochiridae_Pseudochirulus_forbesi        0.0612721 0.0882578 0.0656256 0.0562898 0.0543634 0.0849566 0.0570208 0.0527338 0.0626542 0.0876741 0.0548629 0.0869595 0.0861418 0.0572668 0.0390983 0.0862339 0.0854143 0.0837499 0.0874981 0.0558786 0.0000000 0.0818619 0.1003633 0.0880652 0.0589180 0.0728363 0.0301254 0.0532769 0.0272684 0.0582266 0.0507580 0.0578153 0.0828045 0.0846729 0.0865706 0.2078829 0.2078829 
Didelphidae_Didelphis_virginiana             0.0755986 0.0785583 0.0746905 0.0666276 0.0631436 0.0703011 0.0662031 0.0687224 0.0680694 0.0701864 0.0649038 0.0683785 0.0680269 0.0706032 0.0562780 0.0673477 0.0707407 0.0661583 0.0751851 0.0647238 0.0818619 0.0000000 0.0289851 0.0667269 0.0627741 0.0659207 0.0658268 0.0652660 0.0634275 0.0774882 0.0668595 0.0709563 0.0754363 0.0686275 0.0708676 0.1281109 0.1281109 
Marmosidae_Monodelphis_domestica             0.0934245 0.1062669 0.0993251 0.0925727 0.0876792 0.1014988 0.0903727 0.0886668 0.0960144 0.1034250 0.0829254 0.0994687 0.1009367 0.0905771 0.0851575 0.0997790 0.1027674 0.0981558 0.1023978 0.0929946 0.1003633 0.0289851 0.0000000 0.0997373 0.0907364 0.0940167 0.0870176 0.0900433 0.0897588 0.0942960 0.0901833 0.0912002 0.1041467 0.1003454 0.1019875 0.1372954 0.1372954 
Dasyuridae_Antechinus_stuartii               0.0845664 0.0890575 0.0797276 0.0734965 0.0681551 0.0173427 0.0748889 0.0741173 0.0717454 0.0857126 0.0717087 0.0082476 0.0206167 0.0792370 0.0619799 0.0084496 0.0169008 0.0222450 0.0863603 0.0682419 0.0880652 0.0667269 0.0997373 0.0000000 0.0719530 0.0753330 0.0734390 0.0698993 0.0743753 0.0802477 0.0728197 0.0794881 0.0899468 0.0171487 0.0851319 0.0349294 0.0349294 
Hypsiprymnodontidae_Hypsiprymnodon_moschatus 0.0507737 0.0781946 0.0538734 0.0357209 0.0320977 0.0711095 0.0466986 0.0474350 0.0394043 0.0742181 0.0456639 0.0724268 0.0758306 0.0506531 0.0427192 0.0717348 0.0719982 0.0717711 0.0737309 0.0354483 0.0589180 0.0627741 0.0907364 0.0719530 0.0000000 0.0629393 0.0461507 0.0345164 0.0462897 0.0553346 0.0469989 0.0497515 0.0742509 0.0706798 0.0735907 0.1025002 0.1025002 
Microbiotheriidae_Dromiciops_gliroides       0.0722799 0.0800959 0.0662206 0.0657530 0.0636536 0.0777813 0.0672058 0.0665528 0.0697643 0.0799990 0.0662984 0.0769369 0.0794125 0.0702473 0.0591487 0.0760151 0.0777274 0.0789485 0.0788260 0.0651304 0.0728363 0.0659207 0.0940167 0.0753330 0.0629393 0.0000000 0.0649117 0.0643107 0.0661695 0.0722214 0.0641418 0.0698381 0.0784593 0.0794939 0.0795222 0.1169182 0.1169182 
Pseudochiridae_Petauroides_volans            0.0448792 0.0785958 0.0518615 0.0440107 0.0437220 0.0703896 0.0448969 0.0426644 0.0526996 0.0771988 0.0433974 0.0717040 0.0724332 0.0465382 0.0339749 0.0711461 0.0713498 0.0667550 0.0765039 0.0446129 0.0301254 0.0658268 0.0870176 0.0734390 0.0461507 0.0649117 0.0000000 0.0433139 0.0221795 0.0452917 0.0417440 0.0459094 0.0730867 0.0702980 0.0769994 0.1455115 0.1455115 
Macropodidae_Wallabia_bicolor                0.0527819 0.0766964 0.0554729 0.0248770 0.0223556 0.0726817 0.0486464 0.0460883 0.0261987 0.0761989 0.0470088 0.0701343 0.0713813 0.0494249 0.0413866 0.0702456 0.0723895 0.0681455 0.0762843 0.0134571 0.0532769 0.0652660 0.0900433 0.0698993 0.0345164 0.0643107 0.0433139 0.0000000 0.0452169 0.0573431 0.0474734 0.0493610 0.0749437 0.0717320 0.0754450 0.1494342 0.1494342 
Pseudochiridae_Pseudocheirus_occidentalis    0.0527562 0.0760246 0.0524277 0.0453292 0.0418377 0.0710423 0.0473688 0.0451779 0.0480560 0.0749679 0.0458606 0.0741063 0.0738262 0.0495493 0.0358872 0.0726477 0.0711456 0.0700032 0.0744173 0.0451822 0.0272684 0.0634275 0.0897588 0.0743753 0.0462897 0.0661695 0.0221795 0.0452169 0.0000000 0.0451209 0.0437590 0.0489328 0.0770147 0.0708500 0.0745643 0.1019289 0.1019289 
Tarsipedidae_Tarsipes_rostratus              0.0645581 0.0894423 0.0635056 0.0579248 0.0527653 0.0794067 0.0584173 0.0554010 0.0575773 0.0849269 0.0551213 0.0812936 0.0783309 0.0592942 0.0477220 0.0805317 0.0790993 0.0787308 0.0844765 0.0572799 0.0582266 0.0774882 0.0942960 0.0802477 0.0553346 0.0722214 0.0452917 0.0573431 0.0451209 0.0000000 0.0552851 0.0589074 0.0840088 0.0780416 0.0842436 0.1192127 0.1192127 
Acrobatidae_Distoechurus_pennatus            0.0563121 0.0754898 0.0558099 0.0482526 0.0452256 0.0742354 0.0478828 0.0425986 0.0494315 0.0761255 0.0456626 0.0746328 0.0768665 0.0475004 0.0266184 0.0751303 0.0758746 0.0725737 0.0742788 0.0470693 0.0507580 0.0668595 0.0901833 0.0728197 0.0469989 0.0641418 0.0417440 0.0474734 0.0437590 0.0552851 0.0000000 0.0457516 0.0730206 0.0745898 0.0747299 0.1349647 0.1349647 
Phalangeridae_Phalanger_carmelitae           0.0483539 0.0817212 0.0550847 0.0500812 0.0472320 0.0773943 0.0225339 0.0083762 0.0528022 0.0769756 0.0203978 0.0775516 0.0785677 0.0037125 0.0370451 0.0781607 0.0780697 0.0755642 0.0773756 0.0495644 0.0578153 0.0709563 0.0912002 0.0794881 0.0497515 0.0698381 0.0459094 0.0493610 0.0489328 0.0589074 0.0457516 0.0000000 0.0759213 0.0771229 0.0768635 0.1656301 0.1656301 
Peramelidae_Peroryctes_raffrayana            0.0787687 0.0832180 0.0773228 0.0810474 0.0762829 0.0890612 0.0770246 0.0710062 0.0800581 0.0162014 0.0710817 0.0900913 0.0909903 0.0756601 0.0658835 0.0890629 0.0906766 0.0876369 0.0135494 0.0763876 0.0828045 0.0754363 0.1041467 0.0899468 0.0742509 0.0784593 0.0730867 0.0749437 0.0770147 0.0840088 0.0730206 0.0759213 0.0000000 0.0884691 0.0149751 0.1538931 0.1538931 
Dasyuridae_Dasyurus_geffroii                 0.0830221 0.0894802 0.0801266 0.0756530 0.0695730 0.0047684 0.0733920 0.0724823 0.0738985 0.0832018 0.0703514 0.0177524 0.0218364 0.0768749 0.0617747 0.0177442 0.0054009 0.0235275 0.0851101 0.0700642 0.0846729 0.0686275 0.1003454 0.0171487 0.0706798 0.0794939 0.0702980 0.0717320 0.0708500 0.0780416 0.0745898 0.0771229 0.0884691 0.0000000 0.0831115 0.0425841 0.0425841 
Peramelidae_Perameles_gunnii                 0.0816861 0.0837735 0.0780411 0.0782377 0.0735487 0.0848682 0.0768624 0.0728908 0.0799256 0.0016643 0.0722663 0.0847407 0.0834998 0.0760671 0.0652985 0.0832137 0.0865383 0.0802361 0.0128217 0.0766245 0.0865706 0.0708676 0.1019875 0.0851319 0.0735907 0.0795222 0.0769994 0.0754450 0.0745643 0.0842436 0.0747299 0.0768635 0.0149751 0.0831115 0.0000000 0.0951956 0.0951956 
Myrmecobiidae_Myrmecobius_fasciatus1         0.2976774 0.1380399 0.1633503 0.1562064 0.0986918 0.0424673 0.1345861 0.1543667 0.1200414 0.0968922 0.1273256 0.0409406 0.0313374 0.1654373 9.0000000 0.0386138 0.0444249 0.0340417 0.1247091 0.1105599 0.2078829 0.1281109 0.1372954 0.0349294 0.1025002 0.1169182 0.1455115 0.1494342 0.1019289 0.1192127 0.1349647 0.1656301 0.1538931 0.0425841 0.0951956 0.0000000 0.0000010 
Myrmecobiidae_Myrmecobius_fasciatus2         0.2976774 0.1380399 0.1633503 0.1562064 0.0986918 0.0424673 0.1345861 0.1543667 0.1200414 0.0968922 0.1273256 0.0409406 0.0313374 0.1654373 9.0000000 0.0386138 0.0444249 0.0340417 0.1247091 0.1105599 0.2078829 0.1281109 0.1372954 0.0349294 0.1025002 0.1169182 0.1455115 0.1494342 0.1019289 0.1192127 0.1349647 0.1656301 0.1538931 0.0425841 0.0951956 0.0000010 0.0000000 
