35
Burramyidae_Burramys_parvus                  0.0000000 0.0721031 0.0606297 0.0543580 0.0488972 0.0638444 0.0506033 0.0511694 0.0577324 0.0571260 0.0496805 0.0876614 0.0866293 0.0496131 0.0554871 0.0711953 0.0827069 0.0643940 0.0823330 0.0438333 0.0604290 0.0650191 0.0682346 0.0811132 0.0522002 0.0594701 0.0538597 0.0433862 0.0578359 0.0712154 0.0607648 0.0509083 0.0692582 0.0878505 0.0826932 
Notoryctidae_Notoryctes_typhlops             0.0721031 0.0000000 0.0852115 0.0863294 0.0841575 0.0806789 0.0825499 0.0819088 0.0865179 0.0698004 0.0807004 0.1112509 0.1115625 0.0844303 0.0820110 0.1010483 0.1100761 0.1071054 0.1079190 0.0794364 0.0918621 0.0768704 0.0808152 0.1037656 0.0863148 0.0823432 0.0838116 0.0766369 0.1064229 0.1047369 0.0893300 0.0855162 0.0852297 0.1124979 0.1041817 
Vombatidae_Lasiorhinus_latifrons             0.0606297 0.0852115 0.0000000 0.0480114 0.0665127 0.0583972 0.0449963 0.0464747 0.0761303 0.0760121 0.0444744 0.0673720 0.0739033 0.0447727 0.0442667 0.0679379 0.0718024 0.0707829 0.0849783 0.0628307 0.0528083 0.0563236 0.0570704 0.0654007 0.0502545 0.0518074 0.0458116 0.0605048 0.0656070 0.0668486 0.0505783 0.0459158 0.0684525 0.0731587 0.0822689 
Potoroidae_Bettongia_penicillata             0.0543580 0.0863294 0.0480114 0.0000000 0.0225042 0.0612029 0.0401154 0.0401835 0.0354228 0.0777083 0.0377628 0.0761169 0.0777634 0.0388048 0.0451911 0.0752799 0.0748887 0.0770393 0.0878627 0.0298616 0.0498513 0.0553471 0.0553339 0.0720025 0.0307612 0.0564568 0.0442220 0.0278205 0.0615105 0.0673439 0.0464740 0.0396575 0.0719502 0.0791252 0.0821309 
Potoroidae_Bettongia_lesueur                 0.0488972 0.0841575 0.0665127 0.0225042 0.0000000 0.0704370 0.0603983 0.0611349 0.0242961 0.0693186 0.0596862 0.0987855 0.1014221 0.0598644 0.0634325 0.0859023 0.0954216 0.0871107 0.1069368 0.0251186 0.0700191 0.0691400 0.0686024 0.0934253 0.0456829 0.0742491 0.0626447 0.0232034 0.0676770 0.0850637 0.0681588 0.0606740 0.0823456 0.1012966 0.1000871 
Dasyuridae_Dasyurus_maculatus                0.0638444 0.0806789 0.0583972 0.0612029 0.0704370 0.0000000 0.0587423 0.0588638 0.0769178 0.0621399 0.0570897 0.0105651 0.0201498 0.0554822 0.0551066 0.0118312 0.0053204 0.0180454 0.0716539 0.0637210 0.0639706 0.0617991 0.0614333 0.0117725 0.0627641 0.0527659 0.0579904 0.0634981 0.0913234 0.0770596 0.0621033 0.0583982 0.0744319 0.0046422 0.0732230 
Phalangeridae_Trichosurus_vulpecula          0.0506033 0.0825499 0.0449963 0.0401154 0.0603983 0.0587423 0.0000000 0.0125189 0.0678103 0.0724051 0.0138123 0.0737570 0.0775047 0.0146187 0.0360620 0.0701896 0.0768672 0.0727575 0.0845245 0.0568530 0.0445725 0.0566882 0.0579713 0.0690915 0.0431949 0.0548201 0.0390999 0.0549578 0.0520850 0.0571801 0.0377762 0.0145459 0.0674542 0.0802236 0.0786174 
Phalangeridae_Spilocuscus_maculatus          0.0511694 0.0819088 0.0464747 0.0401835 0.0611349 0.0588638 0.0125189 0.0000000 0.0686095 0.0748878 0.0076330 0.0697501 0.0772812 0.0112860 0.0391004 0.0686173 0.0741542 0.0729114 0.0866706 0.0551423 0.0454893 0.0567183 0.0586455 0.0674715 0.0422451 0.0537496 0.0399484 0.0544351 0.0565454 0.0581458 0.0393106 0.0112190 0.0707145 0.0773435 0.0811896 
Potoroidae_Aepyprymnus_rufescens             0.0577324 0.0865179 0.0761303 0.0354228 0.0242961 0.0769178 0.0678103 0.0686095 0.0000000 0.0793255 0.0667145 0.1071672 0.1138725 0.0684675 0.0723277 0.0904796 0.1068211 0.0930763 0.1170418 0.0295674 0.0804107 0.0852845 0.0849598 0.1051398 0.0555291 0.0851194 0.0725457 0.0284801 0.0812080 0.0937074 0.0780259 0.0692383 0.0876680 0.1134127 0.1090735 
Peramelidae_Perameles_nasuta                 0.0571260 0.0698004 0.0760121 0.0777083 0.0693186 0.0621399 0.0724051 0.0748878 0.0793255 0.0000000 0.0755191 0.0798434 0.0833875 0.0720578 0.0699692 0.0614325 0.0778883 0.0628648 0.0288577 0.0674294 0.0806751 0.0806785 0.0836458 0.0802983 0.0791694 0.0702385 0.0736077 0.0671490 0.0750294 0.0908544 0.0811841 0.0751194 0.0138640 0.0822488 0.0188391 
Phalangeridae_Strigocuscus_pelengensis       0.0496805 0.0807004 0.0444744 0.0377628 0.0596862 0.0570897 0.0138123 0.0076330 0.0667145 0.0755191 0.0000000 0.0668393 0.0733903 0.0122070 0.0395076 0.0652071 0.0705860 0.0701087 0.0816768 0.0537362 0.0425230 0.0562823 0.0586580 0.0650090 0.0412396 0.0504217 0.0373906 0.0533980 0.0555635 0.0582840 0.0395304 0.0124937 0.0675965 0.0742549 0.0763238 
Dasyuridae_Phascogale_tapoatafa              0.0876614 0.1112509 0.0673720 0.0761169 0.0987855 0.0105651 0.0737570 0.0697501 0.1071672 0.0798434 0.0668393 0.0000000 0.0281061 0.0670221 0.0682001 0.0025750 0.0141736 0.0254184 0.0997623 0.0938654 0.0796881 0.0644349 0.0677412 0.0073004 0.0799536 0.0762010 0.0743690 0.0940172 0.1081637 0.0921908 0.0753019 0.0697383 0.0757744 0.0161965 0.0920046 
Dasyuridae_Sminthopsis_macroura              0.0866293 0.1115625 0.0739033 0.0777634 0.1014221 0.0201498 0.0775047 0.0772812 0.1138725 0.0833875 0.0733903 0.0281061 0.0000000 0.0752016 0.0748345 0.0271447 0.0284624 0.0182308 0.0978085 0.0978867 0.0822560 0.0661928 0.0685354 0.0250868 0.0828193 0.0769292 0.0738549 0.0959146 0.1075505 0.0957793 0.0774820 0.0758693 0.0756249 0.0281728 0.0960303 
Phalangeridae_Phalanger_orientalis           0.0496131 0.0844303 0.0447727 0.0388048 0.0598644 0.0554822 0.0146187 0.0112860 0.0684675 0.0720578 0.0122070 0.0670221 0.0752016 0.0000000 0.0388007 0.0653657 0.0694284 0.0707900 0.0852523 0.0542190 0.0444882 0.0528580 0.0542700 0.0634598 0.0405657 0.0524352 0.0393026 0.0535783 0.0567078 0.0582089 0.0395088 0.0056355 0.0710523 0.0734847 0.0778317 
Acrobatidae_Acrobates_pygmaeus               0.0554871 0.0820110 0.0442667 0.0451911 0.0634325 0.0551066 0.0360620 0.0391004 0.0723277 0.0699692 0.0395076 0.0682001 0.0748345 0.0388007 0.0000000 0.0690658 0.0699206 0.0723383 0.0826187 0.0580845 0.0473747 0.0535271 0.0543398 0.0641331 0.0496740 0.0547300 0.0431209 0.0570992 0.0571046 0.0610052 0.0244123 0.0399475 0.0648542 0.0728023 0.0788289 
Dasyuridae_Phascogale_calura                 0.0711953 0.1010483 0.0679379 0.0752799 0.0859023 0.0118312 0.0701896 0.0686173 0.0904796 0.0614325 0.0652071 0.0025750 0.0271447 0.0653657 0.0690658 0.0000000 0.0146688 0.0251215 0.0939850 0.0785123 0.0781221 0.0636585 0.0632651 0.0090543 0.0729263 0.0694890 0.0717842 0.0772144 0.1067560 0.0899251 0.0748621 0.0682850 0.0775590 0.0164622 0.0860283 
Dasyuridae_Sarcophilus_harrisii              0.0827069 0.1100761 0.0718024 0.0748887 0.0954216 0.0053204 0.0768672 0.0741542 0.1068211 0.0778883 0.0705860 0.0141736 0.0284624 0.0694284 0.0699206 0.0146688 0.0000000 0.0248330 0.0960843 0.0887971 0.0801823 0.0622010 0.0647742 0.0143448 0.0808670 0.0762241 0.0741074 0.0888476 0.1055423 0.0966126 0.0753926 0.0726620 0.0727542 0.0084125 0.0926443 
Dasyuridae_Planigale_tenuirostris            0.0643940 0.1071054 0.0707829 0.0770393 0.0871107 0.0180454 0.0727575 0.0729114 0.0930763 0.0628648 0.0701087 0.0254184 0.0182308 0.0707900 0.0723383 0.0251215 0.0248330 0.0000000 0.0953635 0.0802476 0.0802770 0.0619278 0.0625958 0.0224869 0.0754280 0.0681078 0.0709189 0.0778734 0.1099160 0.0902365 0.0781846 0.0719929 0.0751259 0.0273359 0.0914767 
Peramelidae_Echymipera_kalubu                0.0823330 0.1079190 0.0849783 0.0878627 0.1069368 0.0716539 0.0845245 0.0866706 0.1170418 0.0288577 0.0816768 0.0997623 0.0978085 0.0852523 0.0826187 0.0939850 0.0960843 0.0953635 0.0000000 0.1026912 0.0837981 0.0728350 0.0763740 0.0969401 0.0883883 0.0776364 0.0775864 0.0991782 0.1056548 0.1103070 0.0909882 0.0883376 0.0163108 0.1026200 0.0254656 
Macropodidae_Dorcopsulus_vanheurni           0.0438333 0.0794364 0.0628307 0.0298616 0.0251186 0.0637210 0.0568530 0.0551423 0.0295674 0.0674294 0.0537362 0.0938654 0.0978867 0.0542190 0.0580845 0.0785123 0.0887971 0.0802476 0.1026912 0.0000000 0.0665034 0.0673830 0.0697028 0.0892662 0.0438532 0.0705328 0.0593181 0.0087527 0.0623049 0.0819896 0.0639829 0.0558903 0.0756662 0.0959414 0.0955737 
Pseudochiridae_Pseudochirulus_forbesi        0.0604290 0.0918621 0.0528083 0.0498513 0.0700191 0.0639706 0.0445725 0.0454893 0.0804107 0.0806751 0.0425230 0.0796881 0.0822560 0.0444882 0.0473747 0.0781221 0.0801823 0.0802770 0.0837981 0.0665034 0.0000000 0.0618904 0.0614197 0.0733499 0.0531302 0.0607453 0.0249299 0.0649518 0.0217152 0.0566914 0.0464495 0.0452778 0.0702945 0.0833183 0.0866343 
Didelphidae_Didelphis_virginiana             0.0650191 0.0768704 0.0563236 0.0553471 0.0691400 0.0617991 0.0566882 0.0567183 0.0852845 0.0806785 0.0562823 0.0644349 0.0661928 0.0528580 0.0535271 0.0636585 0.0622010 0.0619278 0.0728350 0.0673830 0.0618904 0.0000000 0.0231402 0.0650524 0.0636756 0.0541782 0.0591666 0.0663922 0.0832874 0.0681043 0.0610845 0.0559208 0.0708537 0.0653958 0.0749365 
Marmosidae_Monodelphis_domestica             0.0682346 0.0808152 0.0570704 0.0553339 0.0686024 0.0614333 0.0579713 0.0586455 0.0849598 0.0836458 0.0586580 0.0677412 0.0685354 0.0542700 0.0543398 0.0632651 0.0647742 0.0625958 0.0763740 0.0697028 0.0614197 0.0231402 0.0000000 0.0669965 0.0646706 0.0572697 0.0583058 0.0679245 0.0800114 0.0718398 0.0614329 0.0568955 0.0686666 0.0675481 0.0789267 
Dasyuridae_Antechinus_stuartii               0.0811132 0.1037656 0.0654007 0.0720025 0.0934253 0.0117725 0.0690915 0.0674715 0.1051398 0.0802983 0.0650090 0.0073004 0.0250868 0.0634598 0.0641331 0.0090543 0.0143448 0.0224869 0.0969401 0.0892662 0.0733499 0.0650524 0.0669965 0.0000000 0.0753478 0.0711240 0.0711478 0.0888053 0.0971440 0.0899265 0.0715501 0.0666642 0.0731987 0.0153777 0.0893058 
Hypsiprymnodontidae_Hypsiprymnodon_moschatus 0.0522002 0.0863148 0.0502545 0.0307612 0.0456829 0.0627641 0.0431949 0.0422451 0.0555291 0.0791694 0.0412396 0.0799536 0.0828193 0.0405657 0.0496740 0.0729263 0.0808670 0.0754280 0.0883883 0.0438532 0.0531302 0.0636756 0.0646706 0.0753478 0.0000000 0.0587166 0.0472501 0.0425773 0.0582844 0.0641650 0.0497752 0.0427420 0.0735107 0.0856975 0.0857416 
Microbiotheriidae_Dromiciops_gliroides       0.0594701 0.0823432 0.0518074 0.0564568 0.0742491 0.0527659 0.0548201 0.0537496 0.0851194 0.0702385 0.0504217 0.0762010 0.0769292 0.0524352 0.0547300 0.0694890 0.0762241 0.0681078 0.0776364 0.0705328 0.0607453 0.0541782 0.0572697 0.0711240 0.0587166 0.0000000 0.0532784 0.0699692 0.0707386 0.0741555 0.0550860 0.0546040 0.0573754 0.0758881 0.0798957 
Pseudochiridae_Petauroides_volans            0.0538597 0.0838116 0.0458116 0.0442220 0.0626447 0.0579904 0.0390999 0.0399484 0.0725457 0.0736077 0.0373906 0.0743690 0.0738549 0.0393026 0.0431209 0.0717842 0.0741074 0.0709189 0.0775864 0.0593181 0.0249299 0.0591666 0.0583058 0.0711478 0.0472501 0.0532784 0.0000000 0.0570804 0.0305937 0.0531944 0.0430405 0.0387104 0.0659375 0.0766668 0.0792050 
Macropodidae_Wallabia_bicolor                0.0433862 0.0766369 0.0605048 0.0278205 0.0232034 0.0634981 0.0549578 0.0544351 0.0284801 0.0671490 0.0533980 0.0940172 0.0959146 0.0535783 0.0570992 0.0772144 0.0888476 0.0778734 0.0991782 0.0087527 0.0649518 0.0663922 0.0679245 0.0888053 0.0425773 0.0699692 0.0570804 0.0000000 0.0591283 0.0801403 0.0615426 0.0544365 0.0721802 0.0960732 0.0924594 
Pseudochiridae_Pseudocheirus_occidentalis    0.0578359 0.1064229 0.0656070 0.0615105 0.0676770 0.0913234 0.0520850 0.0565454 0.0812080 0.0750294 0.0555635 0.1081637 0.1075505 0.0567078 0.0571046 0.1067560 0.1055423 0.1099160 0.1056548 0.0623049 0.0217152 0.0832874 0.0800114 0.0971440 0.0582844 0.0707386 0.0305937 0.0591283 0.0000000 0.0700307 0.0546799 0.0573748 0.0846473 0.1135545 0.1027782 
Tarsipedidae_Tarsipes_rostratus              0.0712154 0.1047369 0.0668486 0.0673439 0.0850637 0.0770596 0.0571801 0.0581458 0.0937074 0.0908544 0.0582840 0.0921908 0.0957793 0.0582089 0.0610052 0.0899251 0.0966126 0.0902365 0.1103070 0.0819896 0.0566914 0.0681043 0.0718398 0.0899265 0.0641650 0.0741555 0.0531944 0.0801403 0.0700307 0.0000000 0.0615229 0.0589849 0.0913175 0.0988895 0.1058222 
Acrobatidae_Distoechurus_pennatus            0.0607648 0.0893300 0.0505783 0.0464740 0.0681588 0.0621033 0.0377762 0.0393106 0.0780259 0.0811841 0.0395304 0.0753019 0.0774820 0.0395088 0.0244123 0.0748621 0.0753926 0.0781846 0.0909882 0.0639829 0.0464495 0.0610845 0.0614329 0.0715501 0.0497752 0.0550860 0.0430405 0.0615426 0.0546799 0.0615229 0.0000000 0.0395826 0.0709519 0.0781197 0.0859039 
Phalangeridae_Phalanger_carmelitae           0.0509083 0.0855162 0.0459158 0.0396575 0.0606740 0.0583982 0.0145459 0.0112190 0.0692383 0.0751194 0.0124937 0.0697383 0.0758693 0.0056355 0.0399475 0.0682850 0.0726620 0.0719929 0.0883376 0.0558903 0.0452778 0.0559208 0.0568955 0.0666642 0.0427420 0.0546040 0.0387104 0.0544365 0.0573748 0.0589849 0.0395826 0.0000000 0.0715814 0.0763549 0.0804711 
Peramelidae_Peroryctes_raffrayana            0.0692582 0.0852297 0.0684525 0.0719502 0.0823456 0.0744319 0.0674542 0.0707145 0.0876680 0.0138640 0.0675965 0.0757744 0.0756249 0.0710523 0.0648542 0.0775590 0.0727542 0.0751259 0.0163108 0.0756662 0.0702945 0.0708537 0.0686666 0.0731987 0.0735107 0.0573754 0.0659375 0.0721802 0.0846473 0.0913175 0.0709519 0.0715814 0.0000000 0.0758626 0.0176207 
Dasyuridae_Dasyurus_geffroii                 0.0878505 0.1124979 0.0731587 0.0791252 0.1012966 0.0046422 0.0802236 0.0773435 0.1134127 0.0822488 0.0742549 0.0161965 0.0281728 0.0734847 0.0728023 0.0164622 0.0084125 0.0273359 0.1026200 0.0959414 0.0833183 0.0653958 0.0675481 0.0153777 0.0856975 0.0758881 0.0766668 0.0960732 0.1135545 0.0988895 0.0781197 0.0763549 0.0758626 0.0000000 0.0984436 
Peramelidae_Perameles_gunnii                 0.0826932 0.1041817 0.0822689 0.0821309 0.1000871 0.0732230 0.0786174 0.0811896 0.1090735 0.0188391 0.0763238 0.0920046 0.0960303 0.0778317 0.0788289 0.0860283 0.0926443 0.0914767 0.0254656 0.0955737 0.0866343 0.0749365 0.0789267 0.0893058 0.0857416 0.0798957 0.0792050 0.0924594 0.1027782 0.1058222 0.0859039 0.0804711 0.0176207 0.0984436 0.0000000 
