35
Burramyidae_Burramys_parvus                  0.0000000 0.0702441 0.0463569 0.0507668 0.0495411 0.0689436 0.0348729 0.0355617 0.0468537 0.0781906 0.0328906 0.0739371 0.0751354 0.0365641 0.0479371 0.0742348 0.0717699 0.0704274 0.0798433 0.0418846 0.0482039 0.0799786 0.0731891 0.0713964 0.0500800 0.0527174 0.0411191 0.0428740 0.0442689 0.0729025 0.0448411 0.0367450 0.0774522 0.0717933 0.0781988 
Notoryctidae_Notoryctes_typhlops             0.0702441 0.0000000 0.0693076 0.0845345 0.0851982 0.0842303 0.0707123 0.0751914 0.0822303 0.0868664 0.0726780 0.0913036 0.0916061 0.0741514 0.0811715 0.0903995 0.0857174 0.0872041 0.0900831 0.0791232 0.0812562 0.1019288 0.0948771 0.0875958 0.0832401 0.0690058 0.0747038 0.0801518 0.0779720 0.1073863 0.0800900 0.0752178 0.0875863 0.0853692 0.0886961 
Vombatidae_Lasiorhinus_latifrons             0.0463569 0.0693076 0.0000000 0.0568796 0.0574974 0.0656329 0.0446602 0.0462862 0.0519726 0.0745254 0.0442462 0.0711747 0.0730423 0.0464254 0.0539517 0.0703803 0.0683520 0.0659596 0.0779518 0.0502991 0.0550623 0.0792969 0.0722771 0.0684682 0.0539499 0.0517214 0.0493040 0.0505371 0.0532225 0.0773297 0.0522219 0.0468772 0.0758489 0.0673798 0.0757354 
Potoroidae_Bettongia_penicillata             0.0507668 0.0845345 0.0568796 0.0000000 0.0042430 0.0755912 0.0495315 0.0506341 0.0158519 0.0886589 0.0497829 0.0803954 0.0808401 0.0525936 0.0571997 0.0806576 0.0784695 0.0791154 0.0886800 0.0249998 0.0624249 0.0935164 0.0841199 0.0780834 0.0441723 0.0663716 0.0570372 0.0269838 0.0567977 0.0867375 0.0548013 0.0514330 0.0883404 0.0784925 0.0907705 
Potoroidae_Bettongia_lesueur                 0.0495411 0.0851982 0.0574974 0.0042430 0.0000000 0.0756182 0.0492333 0.0500310 0.0147571 0.0900444 0.0484682 0.0818023 0.0822512 0.0516615 0.0568894 0.0820697 0.0791811 0.0802538 0.0897428 0.0247189 0.0615707 0.0934941 0.0844361 0.0794995 0.0444370 0.0673685 0.0561550 0.0264012 0.0565865 0.0864224 0.0544973 0.0511332 0.0890628 0.0792039 0.0918530 
Dasyuridae_Dasyurus_maculatus                0.0689436 0.0842303 0.0656329 0.0755912 0.0756182 0.0000000 0.0665869 0.0679165 0.0749271 0.0885115 0.0642710 0.0192462 0.0270141 0.0687846 0.0767531 0.0179162 0.0050419 0.0258468 0.0889782 0.0712869 0.0780081 0.0865211 0.0840951 0.0175107 0.0793922 0.0623523 0.0696195 0.0758766 0.0738327 0.1023131 0.0741879 0.0692065 0.0903859 0.0042409 0.0906832 
Phalangeridae_Trichosurus_vulpecula          0.0348729 0.0707123 0.0446602 0.0495315 0.0492333 0.0665869 0.0000000 0.0148407 0.0436677 0.0773452 0.0144354 0.0707661 0.0716047 0.0168218 0.0457083 0.0706818 0.0686445 0.0638020 0.0775558 0.0405171 0.0495259 0.0848619 0.0739651 0.0695313 0.0474294 0.0499976 0.0401038 0.0426256 0.0452574 0.0690151 0.0438773 0.0159221 0.0775702 0.0686681 0.0785226 
Phalangeridae_Spilocuscus_maculatus          0.0355617 0.0751914 0.0462862 0.0506341 0.0500310 0.0679165 0.0148407 0.0000000 0.0455165 0.0778242 0.0086136 0.0722733 0.0722980 0.0099520 0.0464954 0.0721934 0.0693175 0.0644353 0.0793381 0.0429995 0.0515784 0.0869242 0.0753620 0.0696816 0.0505511 0.0512155 0.0408058 0.0442654 0.0466736 0.0703300 0.0439801 0.0090968 0.0790360 0.0700086 0.0792240 
Potoroidae_Aepyprymnus_rufescens             0.0468537 0.0822303 0.0519726 0.0158519 0.0147571 0.0749271 0.0436677 0.0455165 0.0000000 0.0859048 0.0451063 0.0803554 0.0808789 0.0468570 0.0548063 0.0803012 0.0777881 0.0766744 0.0855510 0.0192728 0.0567190 0.0911361 0.0818368 0.0777354 0.0379992 0.0625292 0.0522609 0.0216793 0.0513931 0.0811202 0.0517988 0.0457425 0.0849055 0.0778111 0.0862269 
Peramelidae_Perameles_nasuta                 0.0781906 0.0868664 0.0745254 0.0886589 0.0900444 0.0885115 0.0773452 0.0778242 0.0859048 0.0000000 0.0756308 0.0950756 0.0950565 0.0769093 0.0864664 0.0947369 0.0900626 0.0912788 0.0201564 0.0810555 0.0914984 0.1043531 0.0901763 0.0938707 0.0894811 0.0764881 0.0815612 0.0839515 0.0878938 0.1150787 0.0822939 0.0773754 0.0171815 0.0896883 0.0013908 
Phalangeridae_Strigocuscus_pelengensis       0.0328906 0.0726780 0.0442462 0.0497829 0.0484682 0.0642710 0.0144354 0.0086136 0.0451063 0.0756308 0.0000000 0.0702325 0.0699098 0.0097995 0.0451110 0.0697952 0.0659214 0.0632220 0.0789799 0.0419796 0.0493692 0.0849866 0.0746038 0.0680157 0.0509670 0.0517406 0.0393260 0.0437836 0.0454470 0.0715151 0.0430575 0.0088923 0.0773360 0.0664723 0.0758709 
Dasyuridae_Phascogale_tapoatafa              0.0739371 0.0913036 0.0711747 0.0803954 0.0818023 0.0192462 0.0707661 0.0722733 0.0803554 0.0950756 0.0702325 0.0000000 0.0323291 0.0750855 0.0822900 0.0060976 0.0212508 0.0314249 0.0960852 0.0776723 0.0832842 0.0927144 0.0893499 0.0127365 0.0845626 0.0677080 0.0757401 0.0817924 0.0787268 0.1075181 0.0783556 0.0748150 0.0969254 0.0190141 0.0975162 
Dasyuridae_Sminthopsis_macroura              0.0751354 0.0916061 0.0730423 0.0808401 0.0822512 0.0270141 0.0716047 0.0722980 0.0808789 0.0950565 0.0699098 0.0323291 0.0000000 0.0751135 0.0810068 0.0315714 0.0282125 0.0241330 0.0961129 0.0785066 0.0831157 0.0943182 0.0889803 0.0328023 0.0853976 0.0665315 0.0739419 0.0823540 0.0792941 0.1083465 0.0793068 0.0741178 0.0981330 0.0270449 0.0971572 
Phalangeridae_Phalanger_orientalis           0.0365641 0.0741514 0.0464254 0.0525936 0.0516615 0.0687846 0.0168218 0.0099520 0.0468570 0.0769093 0.0097995 0.0750855 0.0751135 0.0000000 0.0481079 0.0750142 0.0708656 0.0670285 0.0807012 0.0437168 0.0522872 0.0860995 0.0768556 0.0727480 0.0506035 0.0535130 0.0409803 0.0450169 0.0477243 0.0734145 0.0458791 0.0039891 0.0804098 0.0715619 0.0786460 
Acrobatidae_Acrobates_pygmaeus               0.0479371 0.0811715 0.0539517 0.0571997 0.0568894 0.0767531 0.0457083 0.0464954 0.0548063 0.0864664 0.0451110 0.0822900 0.0810068 0.0481079 0.0000000 0.0812154 0.0786875 0.0755618 0.0881059 0.0505773 0.0537092 0.0945829 0.0853567 0.0796706 0.0579013 0.0620693 0.0448115 0.0533143 0.0479375 0.0741732 0.0297548 0.0476026 0.0860923 0.0788457 0.0886058 
Dasyuridae_Phascogale_calura                 0.0742348 0.0903995 0.0703803 0.0806576 0.0820697 0.0179162 0.0706818 0.0721934 0.0803012 0.0947369 0.0697952 0.0060976 0.0315714 0.0750142 0.0812154 0.0000000 0.0199171 0.0303198 0.0957350 0.0776095 0.0825863 0.0909379 0.0864801 0.0111211 0.0845216 0.0676376 0.0753623 0.0810524 0.0776834 0.1082589 0.0782947 0.0747431 0.0960804 0.0179617 0.0971700 
Dasyuridae_Sarcophilus_harrisii              0.0717699 0.0857174 0.0683520 0.0784695 0.0791811 0.0050419 0.0686445 0.0693175 0.0777881 0.0900626 0.0659214 0.0212508 0.0282125 0.0708656 0.0786875 0.0199171 0.0000000 0.0273565 0.0905001 0.0734746 0.0792121 0.0901335 0.0872990 0.0203778 0.0822922 0.0647505 0.0727453 0.0781161 0.0760998 0.1047963 0.0763002 0.0706137 0.0919468 0.0055940 0.0919126 
Dasyuridae_Planigale_tenuirostris            0.0704274 0.0872041 0.0659596 0.0791154 0.0802538 0.0258468 0.0638020 0.0644353 0.0766744 0.0912788 0.0632220 0.0314249 0.0241330 0.0670285 0.0755618 0.0303198 0.0273565 0.0000000 0.0902733 0.0723121 0.0767720 0.0929820 0.0896154 0.0288171 0.0799423 0.0627198 0.0709719 0.0741598 0.0733088 0.0995239 0.0748058 0.0675628 0.0928660 0.0264541 0.0924696 
Peramelidae_Echymipera_kalubu                0.0798433 0.0900831 0.0779518 0.0886800 0.0897428 0.0889782 0.0775558 0.0793381 0.0855510 0.0201564 0.0789799 0.0960852 0.0961129 0.0807012 0.0881059 0.0957350 0.0905001 0.0902733 0.0000000 0.0796571 0.0913454 0.1048168 0.0933550 0.0941981 0.0904855 0.0775085 0.0838828 0.0830177 0.0884952 0.1173942 0.0833995 0.0807520 0.0159471 0.0901252 0.0200852 
Macropodidae_Dorcopsulus_vanheurni           0.0418846 0.0791232 0.0502991 0.0249998 0.0247189 0.0712869 0.0405171 0.0429995 0.0192728 0.0810555 0.0419796 0.0776723 0.0785066 0.0437168 0.0505773 0.0776095 0.0734746 0.0723121 0.0796571 0.0000000 0.0541336 0.0898733 0.0805006 0.0743169 0.0363726 0.0593865 0.0480873 0.0084411 0.0491007 0.0743722 0.0483405 0.0429312 0.0799225 0.0741728 0.0821059 
Pseudochiridae_Pseudochirulus_forbesi        0.0482039 0.0812562 0.0550623 0.0624249 0.0615707 0.0780081 0.0495259 0.0515784 0.0567190 0.0914984 0.0493692 0.0832842 0.0831157 0.0522872 0.0537092 0.0825863 0.0792121 0.0767720 0.0913454 0.0541336 0.0000000 0.0897299 0.0782983 0.0816349 0.0603309 0.0659468 0.0289192 0.0547188 0.0157084 0.0761310 0.0505026 0.0524142 0.0902646 0.0792468 0.0918445 
Didelphidae_Didelphis_virginiana             0.0799786 0.1019288 0.0792969 0.0935164 0.0934941 0.0865211 0.0848619 0.0869242 0.0911361 0.1043531 0.0849866 0.0927144 0.0943182 0.0860995 0.0945829 0.0909379 0.0901335 0.0929820 0.1048168 0.0898733 0.0897299 0.0000000 0.0339370 0.0926258 0.0923979 0.0807148 0.0829936 0.0900737 0.0863708 0.1189110 0.0871548 0.0862169 0.1068337 0.0887995 0.1066990 
Marmosidae_Monodelphis_domestica             0.0731891 0.0948771 0.0722771 0.0841199 0.0844361 0.0840951 0.0739651 0.0753620 0.0818368 0.0901763 0.0746038 0.0893499 0.0889803 0.0768556 0.0853567 0.0864801 0.0872990 0.0896154 0.0933550 0.0805006 0.0782983 0.0339370 0.0000000 0.0854656 0.0847851 0.0750624 0.0714458 0.0800159 0.0754223 0.1078670 0.0819012 0.0761688 0.0912354 0.0861965 0.0921627 
Dasyuridae_Antechinus_stuartii               0.0713964 0.0875958 0.0684682 0.0780834 0.0794995 0.0175107 0.0695313 0.0696816 0.0777354 0.0938707 0.0680157 0.0127365 0.0328023 0.0727480 0.0796706 0.0111211 0.0203778 0.0288171 0.0941981 0.0743169 0.0816349 0.0926258 0.0854656 0.0000000 0.0820064 0.0666733 0.0743594 0.0781458 0.0773793 0.1054221 0.0745908 0.0722590 0.0942363 0.0183593 0.0959490 
Hypsiprymnodontidae_Hypsiprymnodon_moschatus 0.0500800 0.0832401 0.0539499 0.0441723 0.0444370 0.0793922 0.0474294 0.0505511 0.0379992 0.0894811 0.0509670 0.0845626 0.0853976 0.0506035 0.0579013 0.0845216 0.0822922 0.0799423 0.0904855 0.0363726 0.0603309 0.0923979 0.0847851 0.0820064 0.0000000 0.0627088 0.0513621 0.0383856 0.0543281 0.0820877 0.0533464 0.0500745 0.0891937 0.0819887 0.0913305 
Microbiotheriidae_Dromiciops_gliroides       0.0527174 0.0690058 0.0517214 0.0663716 0.0673685 0.0623523 0.0499976 0.0512155 0.0625292 0.0764881 0.0517406 0.0677080 0.0665315 0.0535130 0.0620693 0.0676376 0.0647505 0.0627198 0.0775085 0.0593865 0.0659468 0.0807148 0.0750624 0.0666733 0.0627088 0.0000000 0.0576136 0.0603945 0.0619377 0.0862145 0.0611423 0.0530054 0.0778563 0.0633304 0.0777541 
Pseudochiridae_Petauroides_volans            0.0411191 0.0747038 0.0493040 0.0570372 0.0561550 0.0696195 0.0401038 0.0408058 0.0522609 0.0815612 0.0393260 0.0757401 0.0739419 0.0409803 0.0448115 0.0753623 0.0727453 0.0709719 0.0838828 0.0480873 0.0289192 0.0829936 0.0714458 0.0743594 0.0513621 0.0576136 0.0000000 0.0507544 0.0255703 0.0688251 0.0423863 0.0411319 0.0839478 0.0724452 0.0837733 
Macropodidae_Wallabia_bicolor                0.0428740 0.0801518 0.0505371 0.0269838 0.0264012 0.0758766 0.0426256 0.0442654 0.0216793 0.0839515 0.0437836 0.0817924 0.0823540 0.0450169 0.0533143 0.0810524 0.0781161 0.0741598 0.0830177 0.0084411 0.0547188 0.0900737 0.0800159 0.0781458 0.0383856 0.0603945 0.0507544 0.0000000 0.0512112 0.0765842 0.0506597 0.0445412 0.0813286 0.0788352 0.0846177 
Pseudochiridae_Pseudocheirus_occidentalis    0.0442689 0.0779720 0.0532225 0.0567977 0.0565865 0.0738327 0.0452574 0.0466736 0.0513931 0.0878938 0.0454470 0.0787268 0.0792941 0.0477243 0.0479375 0.0776834 0.0760998 0.0733088 0.0884952 0.0491007 0.0157084 0.0863708 0.0754223 0.0773793 0.0543281 0.0619377 0.0255703 0.0512112 0.0000000 0.0695972 0.0453021 0.0469021 0.0884191 0.0750812 0.0900927 
Tarsipedidae_Tarsipes_rostratus              0.0729025 0.1073863 0.0773297 0.0867375 0.0864224 0.1023131 0.0690151 0.0703300 0.0811202 0.1150787 0.0715151 0.1075181 0.1083465 0.0734145 0.0741732 0.1082589 0.1047963 0.0995239 0.1173942 0.0743722 0.0761310 0.1189110 0.1078670 0.1054221 0.0820877 0.0862145 0.0688251 0.0765842 0.0695972 0.0000000 0.0746271 0.0729316 0.1170285 0.1040728 0.1148766 
Acrobatidae_Distoechurus_pennatus            0.0448411 0.0800900 0.0522219 0.0548013 0.0544973 0.0741879 0.0438773 0.0439801 0.0517988 0.0822939 0.0430575 0.0783556 0.0793068 0.0458791 0.0297548 0.0782947 0.0763002 0.0748058 0.0833995 0.0483405 0.0505026 0.0871548 0.0819012 0.0745908 0.0533464 0.0611423 0.0423863 0.0506597 0.0453021 0.0746271 0.0000000 0.0459979 0.0819936 0.0756969 0.0854352 
Phalangeridae_Phalanger_carmelitae           0.0367450 0.0752178 0.0468772 0.0514330 0.0511332 0.0692065 0.0159221 0.0090968 0.0457425 0.0773754 0.0088923 0.0748150 0.0741178 0.0039891 0.0476026 0.0747431 0.0706137 0.0675628 0.0807520 0.0429312 0.0524142 0.0862169 0.0761688 0.0722590 0.0500745 0.0530054 0.0411319 0.0445412 0.0469021 0.0729316 0.0459979 0.0000000 0.0805161 0.0713069 0.0787601 
Peramelidae_Peroryctes_raffrayana            0.0774522 0.0875863 0.0758489 0.0883404 0.0890628 0.0903859 0.0775702 0.0790360 0.0849055 0.0171815 0.0773360 0.0969254 0.0981330 0.0804098 0.0860923 0.0960804 0.0919468 0.0928660 0.0159471 0.0799225 0.0902646 0.1068337 0.0912354 0.0942363 0.0891937 0.0778563 0.0839478 0.0813286 0.0884191 0.1170285 0.0819936 0.0805161 0.0000000 0.0915620 0.0175019 
Dasyuridae_Dasyurus_geffroii                 0.0717933 0.0853692 0.0673798 0.0784925 0.0792039 0.0042409 0.0686681 0.0700086 0.0778111 0.0896883 0.0664723 0.0190141 0.0270449 0.0715619 0.0788457 0.0179617 0.0055940 0.0264541 0.0901252 0.0741728 0.0792468 0.0887995 0.0861965 0.0183593 0.0819887 0.0633304 0.0724452 0.0788352 0.0750812 0.1040728 0.0756969 0.0713069 0.0915620 0.0000000 0.0918900 
Peramelidae_Perameles_gunnii                 0.0781988 0.0886961 0.0757354 0.0907705 0.0918530 0.0906832 0.0785226 0.0792240 0.0862269 0.0013908 0.0758709 0.0975162 0.0971572 0.0786460 0.0886058 0.0971700 0.0919126 0.0924696 0.0200852 0.0821059 0.0918445 0.1066990 0.0921627 0.0959490 0.0913305 0.0777541 0.0837733 0.0846177 0.0900927 0.1148766 0.0854352 0.0787601 0.0175019 0.0918900 0.0000000 
