35
Burramyidae_Burramys_parvus                  0.0000000 0.0716250 0.0513700 0.0595251 0.0659929 0.0782630 0.0435931 0.0472886 0.0491398 0.0696562 0.0461282 0.0759890 0.0775622 0.0486945 0.0526357 0.0758251 0.0753149 0.0721987 0.0696769 0.0724153 0.0527115 0.0978822 0.0936927 0.0787759 0.0629750 0.0620874 0.0498287 0.0780740 0.0736602 0.0540336 0.0500570 0.0704151 0.0751754 0.0754819 0.0473919 
Notoryctidae_Notoryctes_typhlops             0.0716250 0.0000000 0.0709605 0.0850599 0.0893315 0.0866908 0.0682416 0.0706397 0.0750675 0.0776543 0.0691128 0.0842085 0.0834654 0.0712099 0.0792464 0.0837654 0.0832934 0.0757912 0.0798548 0.0979883 0.0760542 0.1039724 0.1032513 0.0863684 0.0833579 0.0694866 0.0741041 0.1015201 0.0993895 0.0817671 0.0723286 0.0815289 0.0842499 0.0825255 0.0763836 
Vombatidae_Lasiorhinus_latifrons             0.0513700 0.0709605 0.0000000 0.0679251 0.0708568 0.0740027 0.0464224 0.0507410 0.0468595 0.0647096 0.0504563 0.0718319 0.0729957 0.0514992 0.0569518 0.0711440 0.0717075 0.0675168 0.0671848 0.0769505 0.0568779 0.0886434 0.0873113 0.0741103 0.0626637 0.0560735 0.0541605 0.0814203 0.0773596 0.0574831 0.0522354 0.0651343 0.0726402 0.0687650 0.0567154 
Potoroidae_Bettongia_penicillata             0.0595251 0.0850599 0.0679251 0.0000000 0.0102981 0.0949669 0.0576938 0.0607502 0.0305702 0.0850656 0.0599754 0.0944689 0.0916732 0.0629495 0.0695223 0.0932879 0.0912010 0.0873225 0.0858138 0.0395257 0.0703259 0.1062957 0.0989005 0.0965994 0.0489838 0.0706726 0.0662205 0.0460254 0.0928159 0.0666518 0.0642710 0.0856499 0.0928186 0.0892400 0.0694530 
Potoroidae_Bettongia_lesueur                 0.0659929 0.0893315 0.0708568 0.0102981 0.0000000 0.0972612 0.0604553 0.0658282 0.0265882 0.0863457 0.0656514 0.0972440 0.0975497 0.0665327 0.0727671 0.0965065 0.0939804 0.0911467 0.0871768 0.0409155 0.0741107 0.1116997 0.1053754 0.0978578 0.0528056 0.0770601 0.0713835 0.0599441 0.0943555 0.0723377 0.0681989 0.0876263 0.0954579 0.0892515 0.0763888 
Dasyuridae_Dasyurus_maculatus                0.0782630 0.0866908 0.0740027 0.0949669 0.0972612 0.0000000 0.0758389 0.0765638 0.0860323 0.0805677 0.0765718 0.0191198 0.0286110 0.0776346 0.0848771 0.0180948 0.0076510 0.0282903 0.0842698 0.1091334 0.0820287 0.1062911 0.1043697 0.0204559 0.0881971 0.0742091 0.0804977 0.1114201 0.1012519 0.0855322 0.0794712 0.0832165 0.0036104 0.0843157 0.0736109 
Phalangeridae_Trichosurus_vulpecula          0.0435931 0.0682416 0.0464224 0.0576938 0.0604553 0.0758389 0.0000000 0.0160625 0.0420462 0.0638821 0.0170182 0.0732698 0.0749845 0.0160202 0.0491809 0.0731059 0.0727138 0.0689382 0.0642794 0.0653850 0.0514462 0.0893364 0.0872333 0.0754675 0.0567406 0.0562282 0.0471630 0.0753771 0.0726552 0.0495208 0.0172578 0.0643425 0.0734965 0.0690851 0.0502189 
Phalangeridae_Spilocuscus_maculatus          0.0472886 0.0706397 0.0507410 0.0607502 0.0658282 0.0765638 0.0160625 0.0000000 0.0432754 0.0648160 0.0101312 0.0760298 0.0752265 0.0084645 0.0505992 0.0758680 0.0743688 0.0700191 0.0657787 0.0716689 0.0534374 0.0935206 0.0886254 0.0775686 0.0571136 0.0593102 0.0484421 0.0787867 0.0750256 0.0516341 0.0096465 0.0651074 0.0749676 0.0692786 0.0519345 
Potoroidae_Aepyprymnus_rufescens             0.0491398 0.0750675 0.0468595 0.0305702 0.0265882 0.0860323 0.0420462 0.0432754 0.0000000 0.0719410 0.0384430 0.0873434 0.0860615 0.0431516 0.0510051 0.0875405 0.0826393 0.0800638 0.0711950 0.0239774 0.0557238 0.0876174 0.0875410 0.0874620 0.0482601 0.0521453 0.0466674 0.0218304 0.0649196 0.0479415 0.0436622 0.0707784 0.0852223 0.0837593 0.0545068 
Peramelidae_Perameles_nasuta                 0.0696562 0.0776543 0.0647096 0.0850656 0.0863457 0.0805677 0.0638821 0.0648160 0.0719410 0.0000000 0.0654612 0.0787696 0.0790095 0.0669904 0.0702417 0.0783505 0.0788539 0.0740230 0.0131773 0.0985183 0.0725718 0.0956174 0.0975148 0.0802978 0.0782994 0.0658891 0.0704916 0.1033267 0.0984123 0.0759641 0.0686652 0.0128275 0.0801073 0.0045724 0.0729816 
Phalangeridae_Strigocuscus_pelengensis       0.0461282 0.0691128 0.0504563 0.0599754 0.0656514 0.0765718 0.0170182 0.0101312 0.0384430 0.0654612 0.0000000 0.0752223 0.0756612 0.0107608 0.0508731 0.0750615 0.0739590 0.0691405 0.0662418 0.0700912 0.0533804 0.0944287 0.0897960 0.0780291 0.0585669 0.0584960 0.0480935 0.0761374 0.0763513 0.0518649 0.0111547 0.0647981 0.0745519 0.0704673 0.0519819 
Dasyuridae_Phascogale_tapoatafa              0.0759890 0.0842085 0.0718319 0.0944689 0.0972440 0.0191198 0.0732698 0.0760298 0.0873434 0.0787696 0.0752223 0.0000000 0.0276480 0.0765686 0.0825009 0.0036079 0.0190703 0.0264577 0.0819264 0.1075262 0.0802561 0.1073388 0.1051111 0.0120869 0.0878429 0.0721287 0.0786408 0.1076115 0.0995019 0.0828603 0.0783893 0.0823691 0.0181178 0.0828258 0.0732853 
Dasyuridae_Sminthopsis_macroura              0.0775622 0.0834654 0.0729957 0.0916732 0.0975497 0.0286110 0.0749845 0.0752265 0.0860615 0.0790095 0.0756612 0.0276480 0.0000000 0.0770727 0.0808001 0.0263524 0.0278435 0.0195992 0.0826888 0.1083491 0.0814086 0.1075732 0.1061313 0.0289391 0.0863444 0.0752103 0.0798991 0.1101911 0.1001005 0.0852697 0.0786727 0.0817229 0.0268293 0.0828643 0.0747624 
Phalangeridae_Phalanger_orientalis           0.0486945 0.0712099 0.0514992 0.0629495 0.0665327 0.0776346 0.0160202 0.0084645 0.0431516 0.0669904 0.0107608 0.0765686 0.0770727 0.0000000 0.0517943 0.0764098 0.0754649 0.0703388 0.0679466 0.0716120 0.0544033 0.0949580 0.0909273 0.0780870 0.0591363 0.0599120 0.0492316 0.0782745 0.0770418 0.0528012 0.0037468 0.0671709 0.0760594 0.0718270 0.0533194 
Acrobatidae_Acrobates_pygmaeus               0.0526357 0.0792464 0.0569518 0.0695223 0.0727671 0.0848771 0.0491809 0.0505992 0.0510051 0.0702417 0.0508731 0.0825009 0.0808001 0.0517943 0.0000000 0.0817009 0.0817996 0.0759150 0.0714870 0.0758903 0.0474364 0.0996214 0.1003545 0.0852475 0.0636469 0.0684456 0.0443747 0.0861562 0.0710734 0.0280645 0.0539438 0.0682816 0.0826066 0.0759417 0.0479397 
Dasyuridae_Phascogale_calura                 0.0758251 0.0837654 0.0711440 0.0932879 0.0965065 0.0180948 0.0731059 0.0758680 0.0875405 0.0783505 0.0750615 0.0036079 0.0263524 0.0764098 0.0817009 0.0000000 0.0180480 0.0251339 0.0819856 0.1073733 0.0800943 0.1064753 0.1049352 0.0116921 0.0876638 0.0724991 0.0779342 0.1083916 0.0993451 0.0826988 0.0782310 0.0816384 0.0170958 0.0820884 0.0725899 
Dasyuridae_Sarcophilus_harrisii              0.0753149 0.0832934 0.0717075 0.0912010 0.0939804 0.0076510 0.0727138 0.0743688 0.0826393 0.0788539 0.0739590 0.0190703 0.0278435 0.0754649 0.0817996 0.0180480 0.0000000 0.0266647 0.0817882 0.1054925 0.0790359 0.1019693 0.1013646 0.0204180 0.0877752 0.0733303 0.0783913 0.1078291 0.0979016 0.0833468 0.0772757 0.0818467 0.0064786 0.0825825 0.0702167 
Dasyuridae_Planigale_tenuirostris            0.0721987 0.0757912 0.0675168 0.0873225 0.0911467 0.0282903 0.0689382 0.0700191 0.0800638 0.0740230 0.0691405 0.0264577 0.0195992 0.0703388 0.0759150 0.0251339 0.0266647 0.0000000 0.0781352 0.1016072 0.0741318 0.1032141 0.1024531 0.0285661 0.0838839 0.0672165 0.0728145 0.1050880 0.0947822 0.0796530 0.0721915 0.0748962 0.0262816 0.0773575 0.0665632 
Peramelidae_Echymipera_kalubu                0.0696769 0.0798548 0.0671848 0.0858138 0.0871768 0.0842698 0.0642794 0.0657787 0.0711950 0.0131773 0.0662418 0.0819264 0.0826888 0.0679466 0.0714870 0.0819856 0.0817882 0.0781352 0.0000000 0.0983169 0.0739818 0.0962303 0.1006059 0.0834413 0.0798788 0.0687648 0.0716027 0.1042965 0.0990302 0.0759025 0.0698168 0.0142144 0.0827711 0.0177792 0.0750710 
Macropodidae_Dorcopsulus_vanheurni           0.0724153 0.0979883 0.0769505 0.0395257 0.0409155 0.1091334 0.0653850 0.0716689 0.0239774 0.0985183 0.0700912 0.1075262 0.1083491 0.0716120 0.0758903 0.1073733 0.1054925 0.1016072 0.0983169 0.0000000 0.0782763 0.1192079 0.1145268 0.1084894 0.0604133 0.0858973 0.0755165 0.0468985 0.1030426 0.0786055 0.0730382 0.0993053 0.1069866 0.1017369 0.0878090 
Pseudochiridae_Pseudochirulus_forbesi        0.0527115 0.0760542 0.0568779 0.0703259 0.0741107 0.0820287 0.0514462 0.0534374 0.0557238 0.0725718 0.0533804 0.0802561 0.0814086 0.0544033 0.0474364 0.0800943 0.0790359 0.0741318 0.0739818 0.0782763 0.0000000 0.0984055 0.0948886 0.0815938 0.0659407 0.0653016 0.0256841 0.0860144 0.0659049 0.0476605 0.0565936 0.0744841 0.0794466 0.0763111 0.0145598 
Didelphidae_Didelphis_virginiana             0.0978822 0.1039724 0.0886434 0.1062957 0.1116997 0.1062911 0.0893364 0.0935206 0.0876174 0.0956174 0.0944287 0.1073388 0.1075732 0.0949580 0.0996214 0.1064753 0.1019693 0.1032141 0.0962303 0.1192079 0.0984055 0.0000000 0.0448657 0.1072724 0.1063764 0.0900118 0.0955347 0.1204916 0.1217097 0.1010864 0.0970110 0.0975234 0.1048537 0.0994989 0.1048544 
Marmosidae_Monodelphis_domestica             0.0936927 0.1032513 0.0873113 0.0989005 0.1053754 0.1043697 0.0872333 0.0886254 0.0875410 0.0975148 0.0897960 0.1051111 0.1061313 0.0909273 0.1003545 0.1049352 0.1013646 0.1024531 0.1006059 0.1145268 0.0948886 0.0448657 0.0000000 0.1069390 0.1071274 0.0829125 0.0911769 0.1208816 0.1167218 0.0988687 0.0929372 0.0973828 0.1038653 0.0996060 0.0989888 
Dasyuridae_Antechinus_stuartii               0.0787759 0.0863684 0.0741103 0.0965994 0.0978578 0.0204559 0.0754675 0.0775686 0.0874620 0.0802978 0.0780291 0.0120869 0.0289391 0.0780870 0.0852475 0.0116921 0.0204180 0.0285661 0.0834413 0.1084894 0.0815938 0.1072724 0.1069390 0.0000000 0.0912034 0.0742184 0.0805424 0.1112810 0.1022403 0.0864878 0.0799336 0.0841860 0.0198629 0.0835582 0.0718733 
Hypsiprymnodontidae_Hypsiprymnodon_moschatus 0.0629750 0.0833579 0.0626637 0.0489838 0.0528056 0.0881971 0.0567406 0.0571136 0.0482601 0.0782994 0.0585669 0.0878429 0.0863444 0.0591363 0.0636469 0.0876638 0.0877752 0.0838839 0.0798788 0.0604133 0.0659407 0.1063764 0.1071274 0.0912034 0.0000000 0.0727878 0.0665031 0.0641902 0.0909153 0.0692086 0.0602740 0.0783052 0.0876350 0.0820025 0.0713434 
Microbiotheriidae_Dromiciops_gliroides       0.0620874 0.0694866 0.0560735 0.0706726 0.0770601 0.0742091 0.0562282 0.0593102 0.0521453 0.0658891 0.0584960 0.0721287 0.0752103 0.0599120 0.0684456 0.0724991 0.0733303 0.0672165 0.0687648 0.0858973 0.0653016 0.0900118 0.0829125 0.0742184 0.0727878 0.0000000 0.0614019 0.0914802 0.0822767 0.0657358 0.0614154 0.0668752 0.0734241 0.0698578 0.0652335 
Pseudochiridae_Petauroides_volans            0.0498287 0.0741041 0.0541605 0.0662205 0.0713835 0.0804977 0.0471630 0.0484421 0.0466674 0.0704916 0.0480935 0.0786408 0.0798991 0.0492316 0.0443747 0.0779342 0.0783913 0.0728145 0.0716027 0.0755165 0.0256841 0.0955347 0.0911769 0.0805424 0.0665031 0.0614019 0.0000000 0.0828357 0.0621295 0.0451285 0.0509423 0.0708106 0.0788848 0.0748455 0.0222275 
Macropodidae_Wallabia_bicolor                0.0780740 0.1015201 0.0814203 0.0460254 0.0599441 0.1114201 0.0753771 0.0787867 0.0218304 0.1033267 0.0761374 0.1076115 0.1101911 0.0782745 0.0861562 0.1083916 0.1078291 0.1050880 0.1042965 0.0468985 0.0860144 0.1204916 0.1208816 0.1112810 0.0641902 0.0914802 0.0828357 0.0000000 0.1108757 0.0843918 0.0792187 0.1048599 0.1092308 0.1077291 0.0984006 
Tarsipedidae_Tarsipes_rostratus              0.0736602 0.0993895 0.0773596 0.0928159 0.0943555 0.1012519 0.0726552 0.0750256 0.0649196 0.0984123 0.0763513 0.0995019 0.1001005 0.0770418 0.0710734 0.0993451 0.0979016 0.0947822 0.0990302 0.1030426 0.0659049 0.1217097 0.1167218 0.1022403 0.0909153 0.0822767 0.0621295 0.1108757 0.0000000 0.0733283 0.0778579 0.0991392 0.0999025 0.1008771 0.0660710 
Acrobatidae_Distoechurus_pennatus            0.0540336 0.0817671 0.0574831 0.0666518 0.0723377 0.0855322 0.0495208 0.0516341 0.0479415 0.0759641 0.0518649 0.0828603 0.0852697 0.0528012 0.0280645 0.0826988 0.0833468 0.0796530 0.0759025 0.0786055 0.0476605 0.1010864 0.0988687 0.0864878 0.0692086 0.0657358 0.0451285 0.0843918 0.0733283 0.0000000 0.0544873 0.0765773 0.0828006 0.0805535 0.0440643 
Phalangeridae_Phalanger_carmelitae           0.0500570 0.0723286 0.0522354 0.0642710 0.0681989 0.0794712 0.0172578 0.0096465 0.0436622 0.0686652 0.0111547 0.0783893 0.0786727 0.0037468 0.0539438 0.0782310 0.0772757 0.0721915 0.0698168 0.0730382 0.0565936 0.0970110 0.0929372 0.0799336 0.0602740 0.0614154 0.0509423 0.0792187 0.0778579 0.0544873 0.0000000 0.0688757 0.0778816 0.0735256 0.0554098 
Peramelidae_Peroryctes_raffrayana            0.0704151 0.0815289 0.0651343 0.0856499 0.0876263 0.0832165 0.0643425 0.0651074 0.0707784 0.0128275 0.0647981 0.0823691 0.0817229 0.0671709 0.0682816 0.0816384 0.0818467 0.0748962 0.0142144 0.0993053 0.0744841 0.0975234 0.0973828 0.0841860 0.0783052 0.0668752 0.0708106 0.1048599 0.0991392 0.0765773 0.0688757 0.0000000 0.0828670 0.0170644 0.0757600 
Dasyuridae_Dasyurus_geffroii                 0.0751754 0.0842499 0.0726402 0.0928186 0.0954579 0.0036104 0.0734965 0.0749676 0.0852223 0.0801073 0.0745519 0.0181178 0.0268293 0.0760594 0.0826066 0.0170958 0.0064786 0.0262816 0.0827711 0.1069866 0.0794466 0.1048537 0.1038653 0.0198629 0.0876350 0.0734241 0.0788848 0.1092308 0.0999025 0.0828006 0.0778816 0.0828670 0.0000000 0.0838553 0.0717367 
Peramelidae_Perameles_gunnii                 0.0754819 0.0825255 0.0687650 0.0892400 0.0892515 0.0843157 0.0690851 0.0692786 0.0837593 0.0045724 0.0704673 0.0828258 0.0828643 0.0718270 0.0759417 0.0820884 0.0825825 0.0773575 0.0177792 0.1017369 0.0763111 0.0994989 0.0996060 0.0835582 0.0820025 0.0698578 0.0748455 0.1077291 0.1008771 0.0805535 0.0735256 0.0170644 0.0838553 0.0000000 0.0781544 
Pseudochiridae_Pseudocheirus_occidentalis    0.0473919 0.0763836 0.0567154 0.0694530 0.0763888 0.0736109 0.0502189 0.0519345 0.0545068 0.0729816 0.0519819 0.0732853 0.0747624 0.0533194 0.0479397 0.0725899 0.0702167 0.0665632 0.0750710 0.0878090 0.0145598 0.1048544 0.0989888 0.0718733 0.0713434 0.0652335 0.0222275 0.0984006 0.0660710 0.0440643 0.0554098 0.0757600 0.0717367 0.0781544 0.0000000 
