35
Burramyidae_Burramys_parvus                  0.0000000 0.0451227 0.0297570 0.0371327 0.0370367 0.0443195 0.0251239 0.0246447 0.0384480 0.0486142 0.0243413 0.0444610 0.0445618 0.0276975 0.0429099 0.0449957 0.0437232 0.0427757 0.0455223 0.0365695 0.0367502 0.0586999 0.0437819 0.0438338 0.0323329 0.0436935 0.0314444 0.0364271 0.0349982 0.0597328 0.0356970 0.0260853 0.0444257 0.0450350 0.0480496 
Notoryctidae_Notoryctes_typhlops             0.0451227 0.0000000 0.0466019 0.0540483 0.0545327 0.0562650 0.0457887 0.0430493 0.0558427 0.0559476 0.0427461 0.0549220 0.0562782 0.0490229 0.0654251 0.0563193 0.0553864 0.0553184 0.0565067 0.0549341 0.0548173 0.0658677 0.0521384 0.0541404 0.0509926 0.0548004 0.0502153 0.0563557 0.0521640 0.0769719 0.0534343 0.0473781 0.0547775 0.0567405 0.0553849 
Vombatidae_Lasiorhinus_latifrons             0.0297570 0.0466019 0.0000000 0.0363901 0.0359477 0.0452654 0.0279866 0.0279875 0.0396788 0.0492162 0.0276174 0.0444776 0.0446008 0.0304317 0.0465733 0.0448138 0.0435479 0.0433099 0.0477109 0.0372439 0.0376715 0.0580208 0.0427535 0.0429975 0.0342451 0.0443373 0.0340175 0.0365399 0.0355930 0.0596814 0.0350408 0.0298141 0.0467608 0.0455927 0.0486553 
Potoroidae_Bettongia_penicillata             0.0371327 0.0540483 0.0363901 0.0000000 0.0031472 0.0544348 0.0342616 0.0343702 0.0105505 0.0562430 0.0344946 0.0537937 0.0548635 0.0362424 0.0561262 0.0543435 0.0539832 0.0535775 0.0552003 0.0134076 0.0437814 0.0648824 0.0501339 0.0520354 0.0230372 0.0529107 0.0372403 0.0132573 0.0426116 0.0678560 0.0409748 0.0350454 0.0532932 0.0544714 0.0559309 
Potoroidae_Bettongia_lesueur                 0.0370367 0.0545327 0.0359477 0.0031472 0.0000000 0.0544545 0.0343510 0.0339075 0.0111849 0.0552367 0.0340201 0.0541953 0.0547076 0.0359696 0.0559041 0.0547440 0.0540042 0.0534505 0.0556846 0.0135354 0.0432888 0.0645408 0.0497618 0.0520773 0.0228149 0.0529747 0.0369833 0.0133910 0.0421181 0.0674800 0.0403125 0.0347774 0.0537493 0.0547012 0.0549235 
Dasyuridae_Dasyurus_maculatus                0.0443195 0.0562650 0.0452654 0.0544348 0.0544545 0.0000000 0.0446621 0.0456271 0.0562454 0.0546101 0.0452749 0.0106684 0.0149226 0.0471043 0.0724298 0.0108264 0.0045603 0.0149996 0.0523202 0.0552854 0.0560918 0.0697692 0.0526763 0.0101880 0.0516279 0.0527561 0.0503300 0.0555726 0.0529895 0.0779686 0.0489522 0.0465806 0.0519416 0.0018978 0.0540482 
Phalangeridae_Trichosurus_vulpecula          0.0251239 0.0457887 0.0279866 0.0342616 0.0343510 0.0446621 0.0000000 0.0094802 0.0364493 0.0479005 0.0104608 0.0444490 0.0456639 0.0123329 0.0415017 0.0451664 0.0431380 0.0428718 0.0450817 0.0345946 0.0347062 0.0557781 0.0418186 0.0436162 0.0312638 0.0425246 0.0287762 0.0338680 0.0328071 0.0582901 0.0324531 0.0109976 0.0436179 0.0435209 0.0473222 
Phalangeridae_Spilocuscus_maculatus          0.0246447 0.0430493 0.0279875 0.0343702 0.0339075 0.0456271 0.0094802 0.0000000 0.0370306 0.0480297 0.0055223 0.0453896 0.0454950 0.0066246 0.0438531 0.0459487 0.0446029 0.0428237 0.0478008 0.0352509 0.0351664 0.0557868 0.0429604 0.0443972 0.0314172 0.0415374 0.0295120 0.0350808 0.0341178 0.0575160 0.0320888 0.0047737 0.0456703 0.0455966 0.0474359 
Potoroidae_Aepyprymnus_rufescens             0.0384480 0.0558427 0.0396788 0.0105505 0.0111849 0.0562454 0.0364493 0.0370306 0.0000000 0.0550778 0.0376741 0.0559817 0.0568659 0.0388173 0.0597569 0.0565351 0.0554049 0.0546406 0.0589944 0.0170751 0.0461532 0.0670287 0.0524596 0.0534696 0.0258237 0.0560163 0.0401102 0.0168165 0.0446278 0.0692113 0.0431637 0.0375917 0.0570459 0.0567099 0.0547640 
Peramelidae_Perameles_nasuta                 0.0486142 0.0559476 0.0492162 0.0562430 0.0552367 0.0546101 0.0479005 0.0480297 0.0550778 0.0000000 0.0473391 0.0528737 0.0548495 0.0512910 0.0820729 0.0533380 0.0531285 0.0517269 0.0088452 0.0568801 0.0586483 0.0709922 0.0519803 0.0527612 0.0558497 0.0560229 0.0551499 0.0581367 0.0559626 0.0826633 0.0563343 0.0501964 0.0090683 0.0544427 0.0001891 
Phalangeridae_Strigocuscus_pelengensis       0.0243413 0.0427461 0.0276174 0.0344946 0.0340201 0.0452749 0.0104608 0.0055223 0.0376741 0.0473391 0.0000000 0.0448254 0.0453381 0.0064117 0.0411694 0.0456096 0.0444070 0.0428076 0.0490209 0.0362015 0.0337511 0.0563230 0.0435996 0.0441078 0.0310358 0.0424598 0.0287533 0.0351344 0.0328249 0.0562208 0.0311359 0.0048253 0.0459295 0.0450221 0.0469449 
Dasyuridae_Phascogale_tapoatafa              0.0444610 0.0549220 0.0444776 0.0537937 0.0541953 0.0106684 0.0444490 0.0453896 0.0559817 0.0528737 0.0448254 0.0000000 0.0147423 0.0468870 0.0730130 0.0023468 0.0111396 0.0142967 0.0506933 0.0546660 0.0561571 0.0691943 0.0516715 0.0056094 0.0515625 0.0517277 0.0506328 0.0547620 0.0528696 0.0767713 0.0513743 0.0461669 0.0510704 0.0114395 0.0523121 
Dasyuridae_Sminthopsis_macroura              0.0445618 0.0562782 0.0446008 0.0548635 0.0547076 0.0149226 0.0456639 0.0454950 0.0568659 0.0548495 0.0453381 0.0147423 0.0000000 0.0469846 0.0727903 0.0152295 0.0152344 0.0115231 0.0523577 0.0541948 0.0570318 0.0695212 0.0542979 0.0136568 0.0509516 0.0528142 0.0505376 0.0558589 0.0541730 0.0785449 0.0504212 0.0460927 0.0525611 0.0159132 0.0542898 
Phalangeridae_Phalanger_orientalis           0.0276975 0.0490229 0.0304317 0.0362424 0.0359696 0.0471043 0.0123329 0.0066246 0.0388173 0.0512910 0.0064117 0.0468870 0.0469846 0.0000000 0.0470224 0.0474249 0.0455777 0.0444144 0.0490225 0.0371176 0.0373512 0.0573279 0.0444475 0.0461298 0.0328622 0.0450548 0.0313894 0.0371349 0.0359593 0.0608251 0.0352875 0.0031394 0.0469724 0.0465162 0.0507135 
Acrobatidae_Acrobates_pygmaeus               0.0429099 0.0654251 0.0465733 0.0561262 0.0559041 0.0724298 0.0415017 0.0438531 0.0597569 0.0820729 0.0411694 0.0730130 0.0727903 0.0470224 0.0000000 0.0726198 0.0719556 0.0713945 0.0739859 0.0570088 0.0505495 0.0849622 0.0630696 0.0698209 0.0498281 0.0670650 0.0440484 0.0567413 0.0496012 0.0723107 0.0250070 0.0456785 0.0724767 0.0723081 0.0814342 
Dasyuridae_Phascogale_calura                 0.0449957 0.0563193 0.0448138 0.0543435 0.0547440 0.0108264 0.0451664 0.0459487 0.0565351 0.0533380 0.0456096 0.0023468 0.0152295 0.0474249 0.0726198 0.0000000 0.0112975 0.0148078 0.0512770 0.0552196 0.0567068 0.0693680 0.0511920 0.0062546 0.0523001 0.0518899 0.0511792 0.0553239 0.0534202 0.0773664 0.0515416 0.0467021 0.0518553 0.0115993 0.0527766 
Dasyuridae_Sarcophilus_harrisii              0.0437232 0.0553864 0.0435479 0.0539832 0.0540042 0.0045603 0.0431380 0.0446029 0.0554049 0.0531285 0.0444070 0.0111396 0.0152344 0.0455777 0.0719556 0.0112975 0.0000000 0.0148086 0.0509458 0.0544288 0.0546457 0.0694843 0.0526426 0.0108337 0.0502510 0.0521241 0.0492964 0.0543148 0.0523242 0.0770333 0.0483680 0.0450490 0.0516994 0.0046101 0.0525669 
Dasyuridae_Planigale_tenuirostris            0.0427757 0.0553184 0.0433099 0.0535775 0.0534505 0.0149996 0.0428718 0.0428237 0.0546406 0.0517269 0.0428076 0.0142967 0.0115231 0.0444144 0.0713945 0.0148078 0.0148086 0.0000000 0.0500391 0.0538275 0.0546452 0.0674935 0.0497204 0.0135601 0.0504828 0.0516556 0.0484992 0.0543830 0.0524857 0.0758683 0.0484012 0.0437236 0.0496633 0.0156518 0.0511571 
Peramelidae_Echymipera_kalubu                0.0455223 0.0565067 0.0477109 0.0552003 0.0556846 0.0523202 0.0450817 0.0478008 0.0589944 0.0088452 0.0490209 0.0506933 0.0523577 0.0490225 0.0739859 0.0512770 0.0509458 0.0500391 0.0000000 0.0555192 0.0560951 0.0689190 0.0530255 0.0506901 0.0529719 0.0548050 0.0520676 0.0565825 0.0542983 0.0802655 0.0568856 0.0483026 0.0076414 0.0523378 0.0086691 
Macropodidae_Dorcopsulus_vanheurni           0.0365695 0.0549341 0.0372439 0.0134076 0.0135354 0.0552854 0.0345946 0.0352509 0.0170751 0.0568801 0.0362015 0.0546660 0.0541948 0.0371176 0.0570088 0.0552196 0.0544288 0.0538275 0.0555192 0.0000000 0.0450553 0.0653608 0.0507898 0.0523406 0.0239930 0.0531243 0.0395516 0.0056421 0.0427938 0.0658776 0.0428105 0.0360980 0.0537463 0.0559007 0.0565270 
Pseudochiridae_Pseudochirulus_forbesi        0.0367502 0.0548173 0.0376715 0.0437814 0.0432888 0.0560918 0.0347062 0.0351664 0.0461532 0.0586483 0.0337511 0.0561571 0.0570318 0.0373512 0.0505495 0.0567068 0.0546457 0.0546452 0.0560951 0.0450553 0.0000000 0.0659384 0.0498727 0.0544356 0.0406739 0.0526532 0.0197896 0.0449928 0.0132654 0.0578051 0.0384506 0.0363787 0.0557438 0.0565517 0.0583233 
Didelphidae_Didelphis_virginiana             0.0586999 0.0658677 0.0580208 0.0648824 0.0645408 0.0697692 0.0557781 0.0557868 0.0670287 0.0709922 0.0563230 0.0691943 0.0695212 0.0573279 0.0849622 0.0693680 0.0694843 0.0674935 0.0689190 0.0653608 0.0659384 0.0000000 0.0139090 0.0672478 0.0616701 0.0628391 0.0597221 0.0656581 0.0642775 0.0881771 0.0658178 0.0562365 0.0672918 0.0695866 0.0703006 
Marmosidae_Monodelphis_domestica             0.0437819 0.0521384 0.0427535 0.0501339 0.0497618 0.0526763 0.0418186 0.0429604 0.0524596 0.0519803 0.0435996 0.0516715 0.0542979 0.0444475 0.0630696 0.0511920 0.0526426 0.0497204 0.0530255 0.0507898 0.0498727 0.0139090 0.0000000 0.0506279 0.0473228 0.0516366 0.0468464 0.0515870 0.0476016 0.0682473 0.0515242 0.0440956 0.0519841 0.0527514 0.0517145 
Dasyuridae_Antechinus_stuartii               0.0438338 0.0541404 0.0429975 0.0520354 0.0520773 0.0101880 0.0436162 0.0443972 0.0534696 0.0527612 0.0441078 0.0056094 0.0136568 0.0461298 0.0698209 0.0062546 0.0108337 0.0135601 0.0506901 0.0523406 0.0544356 0.0672478 0.0506279 0.0000000 0.0501625 0.0509624 0.0488189 0.0533190 0.0520022 0.0752393 0.0494371 0.0450664 0.0505656 0.0111375 0.0524059 
Hypsiprymnodontidae_Hypsiprymnodon_moschatus 0.0323329 0.0509926 0.0342451 0.0230372 0.0228149 0.0516279 0.0312638 0.0314172 0.0258237 0.0558497 0.0310358 0.0515625 0.0509516 0.0328622 0.0498281 0.0523001 0.0502510 0.0504828 0.0529719 0.0239930 0.0406739 0.0616701 0.0473228 0.0501625 0.0000000 0.0489707 0.0363693 0.0229612 0.0393199 0.0643111 0.0397746 0.0322179 0.0510352 0.0516528 0.0555355 
Microbiotheriidae_Dromiciops_gliroides       0.0436935 0.0548004 0.0443373 0.0529107 0.0529747 0.0527561 0.0425246 0.0415374 0.0560163 0.0560229 0.0424598 0.0517277 0.0528142 0.0450548 0.0670650 0.0518899 0.0521241 0.0516556 0.0548050 0.0531243 0.0526532 0.0628391 0.0516366 0.0509624 0.0489707 0.0000000 0.0473685 0.0523749 0.0508418 0.0710337 0.0491229 0.0441816 0.0537145 0.0532324 0.0558318 
Pseudochiridae_Petauroides_volans            0.0314444 0.0502153 0.0340175 0.0372403 0.0369833 0.0503300 0.0287762 0.0295120 0.0401102 0.0551499 0.0287533 0.0506328 0.0505376 0.0313894 0.0440484 0.0511792 0.0492964 0.0484992 0.0520676 0.0395516 0.0197896 0.0597221 0.0468464 0.0488189 0.0363693 0.0473685 0.0000000 0.0391706 0.0201802 0.0533457 0.0344227 0.0300966 0.0509672 0.0508525 0.0543753 
Macropodidae_Wallabia_bicolor                0.0364271 0.0563557 0.0365399 0.0132573 0.0133910 0.0555726 0.0338680 0.0350808 0.0168165 0.0581367 0.0351344 0.0547620 0.0558589 0.0371349 0.0567413 0.0553239 0.0543148 0.0543830 0.0565825 0.0056421 0.0449928 0.0656581 0.0515870 0.0533190 0.0229612 0.0523749 0.0391706 0.0000000 0.0426890 0.0671666 0.0419912 0.0357472 0.0548245 0.0552918 0.0578203 
Pseudochiridae_Pseudocheirus_occidentalis    0.0349982 0.0521640 0.0355930 0.0426116 0.0421181 0.0529895 0.0328071 0.0341178 0.0446278 0.0559626 0.0328249 0.0528696 0.0541730 0.0359593 0.0496012 0.0534202 0.0523242 0.0524857 0.0542983 0.0427938 0.0132654 0.0642775 0.0476016 0.0520022 0.0393199 0.0508418 0.0201802 0.0426890 0.0000000 0.0565084 0.0383468 0.0348426 0.0533813 0.0535971 0.0551599 
Tarsipedidae_Tarsipes_rostratus              0.0597328 0.0769719 0.0596814 0.0678560 0.0674800 0.0779686 0.0582901 0.0575160 0.0692113 0.0826633 0.0562208 0.0767713 0.0785449 0.0608251 0.0723107 0.0773664 0.0770333 0.0758683 0.0802655 0.0658776 0.0578051 0.0881771 0.0682473 0.0752393 0.0643111 0.0710337 0.0533457 0.0671666 0.0565084 0.0000000 0.0602600 0.0597694 0.0798566 0.0793812 0.0819493 
Acrobatidae_Distoechurus_pennatus            0.0356970 0.0534343 0.0350408 0.0409748 0.0403125 0.0489522 0.0324531 0.0320888 0.0431637 0.0563343 0.0311359 0.0513743 0.0504212 0.0352875 0.0250070 0.0515416 0.0483680 0.0484012 0.0568856 0.0428105 0.0384506 0.0658178 0.0515242 0.0494371 0.0397746 0.0491229 0.0344227 0.0419912 0.0383468 0.0602600 0.0000000 0.0339372 0.0550161 0.0491499 0.0557745 
Phalangeridae_Phalanger_carmelitae           0.0260853 0.0473781 0.0298141 0.0350454 0.0347774 0.0465806 0.0109976 0.0047737 0.0375917 0.0501964 0.0048253 0.0461669 0.0460927 0.0031394 0.0456785 0.0467021 0.0450490 0.0437236 0.0483026 0.0360980 0.0363787 0.0562365 0.0440956 0.0450664 0.0322179 0.0441816 0.0300966 0.0357472 0.0348426 0.0597694 0.0339372 0.0000000 0.0462631 0.0460038 0.0496207 
Peramelidae_Peroryctes_raffrayana            0.0444257 0.0547775 0.0467608 0.0532932 0.0537493 0.0519416 0.0436179 0.0456703 0.0570459 0.0090683 0.0459295 0.0510704 0.0525611 0.0469724 0.0724767 0.0518553 0.0516994 0.0496633 0.0076414 0.0537463 0.0557438 0.0672918 0.0519841 0.0505656 0.0510352 0.0537145 0.0509672 0.0548245 0.0533813 0.0798566 0.0550161 0.0462631 0.0000000 0.0515865 0.0090853 
Dasyuridae_Dasyurus_geffroii                 0.0450350 0.0567405 0.0455927 0.0544714 0.0547012 0.0018978 0.0435209 0.0455966 0.0567099 0.0544427 0.0450221 0.0114395 0.0159132 0.0465162 0.0723081 0.0115993 0.0046101 0.0156518 0.0523378 0.0559007 0.0565517 0.0695866 0.0527514 0.0111375 0.0516528 0.0532324 0.0508525 0.0552918 0.0535971 0.0793812 0.0491499 0.0460038 0.0515865 0.0000000 0.0538734 
Peramelidae_Perameles_gunnii                 0.0480496 0.0553849 0.0486553 0.0559309 0.0549235 0.0540482 0.0473222 0.0474359 0.0547640 0.0001891 0.0469449 0.0523121 0.0542898 0.0507135 0.0814342 0.0527766 0.0525669 0.0511571 0.0086691 0.0565270 0.0583233 0.0703006 0.0517145 0.0524059 0.0555355 0.0558318 0.0543753 0.0578203 0.0551599 0.0819493 0.0557745 0.0496207 0.0090853 0.0538734 0.0000000 
