35
Burramyidae_Burramys_parvus                  0.0000000 0.0784161 0.0704180 0.0620979 0.0639995 0.0850010 0.0448104 0.0483720 0.0583998 0.0979541 0.0489935 0.0863366 0.0861604 0.0486193 0.0533109 0.0858030 0.0824719 0.0881557 0.0984785 0.0576499 0.0622595 0.1016364 0.0989249 0.0824177 0.0571379 0.0869345 0.0555272 0.0561433 0.0612812 0.0763670 0.0546932 0.0489813 0.0928168 0.0836062 0.0954955 
Notoryctidae_Notoryctes_typhlops             0.0784161 0.0000000 0.0825401 0.0787146 0.0804742 0.0878696 0.0714568 0.0700964 0.0755743 0.0893798 0.0703420 0.0870121 0.0821123 0.0710454 0.0745569 0.0860628 0.0856463 0.0836062 0.0918792 0.0776890 0.0817890 0.1117164 0.1042537 0.0837830 0.0762044 0.0935406 0.0772028 0.0771512 0.0789685 0.0982783 0.0748250 0.0717693 0.0854704 0.0867440 0.0899122 
Vombatidae_Lasiorhinus_latifrons             0.0704180 0.0825401 0.0000000 0.0630647 0.0649301 0.0853995 0.0541220 0.0574229 0.0604911 0.0886195 0.0586368 0.0848739 0.0829131 0.0568900 0.0634961 0.0829710 0.0819484 0.0823143 0.0891107 0.0611381 0.0681375 0.1028464 0.1021542 0.0824071 0.0584190 0.0800582 0.0613217 0.0601008 0.0691271 0.0829599 0.0608710 0.0574270 0.0854381 0.0840558 0.0871676 
Potoroidae_Bettongia_penicillata             0.0620979 0.0787146 0.0630647 0.0000000 0.0020256 0.0796903 0.0457352 0.0482788 0.0042311 0.0927007 0.0495275 0.0818889 0.0781670 0.0499417 0.0496163 0.0793388 0.0783599 0.0784730 0.0951207 0.0100991 0.0549256 0.1017826 0.0982277 0.0777718 0.0264518 0.0848835 0.0484843 0.0098735 0.0530522 0.0725273 0.0487050 0.0508482 0.0886596 0.0780544 0.0913360 
Potoroidae_Bettongia_lesueur                 0.0639995 0.0804742 0.0649301 0.0020256 0.0000000 0.0811456 0.0469542 0.0488423 0.0043755 0.0960805 0.0506831 0.0833625 0.0799552 0.0499830 0.0505563 0.0801197 0.0798056 0.0803200 0.0974029 0.0123380 0.0573427 0.1048216 0.0983896 0.0792142 0.0270556 0.0867422 0.0502571 0.0127637 0.0542998 0.0752646 0.0496232 0.0514663 0.0909278 0.0794978 0.0946695 
Dasyuridae_Dasyurus_maculatus                0.0850010 0.0878696 0.0853995 0.0796903 0.0811456 0.0000000 0.0713780 0.0716151 0.0791377 0.0899670 0.0739599 0.0115801 0.0188645 0.0736256 0.0778956 0.0111843 0.0021293 0.0189132 0.0899487 0.0776571 0.0828800 0.1081386 0.1037842 0.0079686 0.0754529 0.0846196 0.0760402 0.0762547 0.0789933 0.0965150 0.0785095 0.0748919 0.0870980 0.0022334 0.0894373 
Phalangeridae_Trichosurus_vulpecula          0.0448104 0.0714568 0.0541220 0.0457352 0.0469542 0.0713780 0.0000000 0.0067027 0.0435821 0.0790587 0.0093929 0.0719077 0.0716134 0.0073991 0.0410330 0.0690544 0.0680240 0.0717329 0.0798295 0.0416891 0.0501248 0.0842023 0.0812355 0.0668181 0.0421142 0.0750735 0.0439898 0.0404324 0.0483741 0.0619675 0.0400652 0.0076471 0.0755070 0.0700824 0.0779265 
Phalangeridae_Spilocuscus_maculatus          0.0483720 0.0700964 0.0574229 0.0482788 0.0488423 0.0716151 0.0067027 0.0000000 0.0458992 0.0800556 0.0070958 0.0725578 0.0718411 0.0053075 0.0432448 0.0704803 0.0703308 0.0725721 0.0809587 0.0452099 0.0538339 0.0819391 0.0805603 0.0685300 0.0442127 0.0776159 0.0458582 0.0440086 0.0504341 0.0648858 0.0429026 0.0049820 0.0761639 0.0713158 0.0785150 
Potoroidae_Aepyprymnus_rufescens             0.0583998 0.0755743 0.0604911 0.0042311 0.0043755 0.0791377 0.0435821 0.0458992 0.0000000 0.0912143 0.0479824 0.0799568 0.0779645 0.0467434 0.0472152 0.0781001 0.0778131 0.0775656 0.0925671 0.0084250 0.0516106 0.1016036 0.0954171 0.0765675 0.0224644 0.0841350 0.0466952 0.0092803 0.0514683 0.0715318 0.0463511 0.0482051 0.0867840 0.0768251 0.0898709 
Peramelidae_Perameles_nasuta                 0.0979541 0.0893798 0.0886195 0.0927007 0.0960805 0.0899670 0.0790587 0.0800556 0.0912143 0.0000000 0.0830447 0.0905359 0.0872045 0.0833794 0.0868227 0.0893745 0.0906122 0.0851108 0.0063415 0.0918898 0.0928244 0.1142367 0.1084715 0.0868379 0.0874839 0.0976991 0.0845680 0.0886286 0.0897568 0.1060798 0.0851555 0.0841663 0.0044815 0.0915060 0.0002843 
Phalangeridae_Strigocuscus_pelengensis       0.0489935 0.0703420 0.0586368 0.0495275 0.0506831 0.0739599 0.0093929 0.0070958 0.0479824 0.0830447 0.0000000 0.0739412 0.0725624 0.0045555 0.0447400 0.0721689 0.0719967 0.0730605 0.0843381 0.0458315 0.0539819 0.0862710 0.0819377 0.0702719 0.0459739 0.0767347 0.0494011 0.0447348 0.0505207 0.0673291 0.0466620 0.0044085 0.0791448 0.0729930 0.0816431 
Dasyuridae_Phascogale_tapoatafa              0.0863366 0.0870121 0.0848739 0.0818889 0.0833625 0.0115801 0.0719077 0.0725578 0.0799568 0.0905359 0.0739412 0.0000000 0.0199323 0.0745553 0.0777807 0.0022419 0.0089209 0.0209338 0.0908876 0.0788111 0.0850208 0.1084460 0.1050091 0.0053173 0.0759656 0.0883208 0.0784650 0.0767078 0.0814261 0.0975657 0.0785309 0.0754507 0.0858646 0.0112641 0.0897259 
Dasyuridae_Sminthopsis_macroura              0.0861604 0.0821123 0.0829131 0.0781670 0.0799552 0.0188645 0.0716134 0.0718411 0.0779645 0.0872045 0.0725624 0.0199323 0.0000000 0.0731246 0.0772521 0.0195255 0.0171057 0.0083507 0.0893581 0.0774939 0.0841220 0.1059340 0.1043111 0.0164414 0.0738589 0.0842592 0.0783803 0.0764580 0.0806014 0.0990582 0.0774066 0.0748049 0.0855057 0.0191341 0.0866809 
Phalangeridae_Phalanger_orientalis           0.0486193 0.0710454 0.0568900 0.0499417 0.0499830 0.0736256 0.0073991 0.0053075 0.0467434 0.0833794 0.0045555 0.0745553 0.0731246 0.0000000 0.0441637 0.0733507 0.0723073 0.0742407 0.0834179 0.0458010 0.0551528 0.0857487 0.0817184 0.0708709 0.0456288 0.0782934 0.0482105 0.0448392 0.0520688 0.0673542 0.0449435 0.0008845 0.0791280 0.0726556 0.0814789 
Acrobatidae_Acrobates_pygmaeus               0.0533109 0.0745569 0.0634961 0.0496163 0.0505563 0.0778956 0.0410330 0.0432448 0.0472152 0.0868227 0.0447400 0.0777807 0.0772521 0.0441637 0.0000000 0.0783690 0.0760584 0.0787002 0.0867219 0.0451274 0.0528126 0.0970010 0.0935654 0.0751312 0.0472899 0.0817202 0.0431287 0.0444992 0.0491818 0.0636198 0.0222987 0.0455322 0.0825345 0.0765641 0.0856633 
Dasyuridae_Phascogale_calura                 0.0858030 0.0860628 0.0829710 0.0793388 0.0801197 0.0111843 0.0690544 0.0704803 0.0781001 0.0893745 0.0721689 0.0022419 0.0195255 0.0733507 0.0783690 0.0000000 0.0085523 0.0202569 0.0893373 0.0769696 0.0844907 0.1085808 0.1052643 0.0050904 0.0734793 0.0853450 0.0772608 0.0742397 0.0809934 0.0961210 0.0784023 0.0739869 0.0847425 0.0108313 0.0888801 
Dasyuridae_Sarcophilus_harrisii              0.0824719 0.0856463 0.0819484 0.0783599 0.0798056 0.0021293 0.0680240 0.0703308 0.0778131 0.0906122 0.0719967 0.0089209 0.0171057 0.0723073 0.0760584 0.0085523 0.0000000 0.0164714 0.0912349 0.0763354 0.0835181 0.1054816 0.1015894 0.0067961 0.0731931 0.0826317 0.0763617 0.0749680 0.0796559 0.0957073 0.0757262 0.0729426 0.0884192 0.0022215 0.0904104 
Dasyuridae_Planigale_tenuirostris            0.0881557 0.0836062 0.0823143 0.0784730 0.0803200 0.0189132 0.0717329 0.0725721 0.0775656 0.0851108 0.0730605 0.0209338 0.0083507 0.0742407 0.0787002 0.0202569 0.0164714 0.0000000 0.0891593 0.0782077 0.0831351 0.1107687 0.1082633 0.0147384 0.0746527 0.0834853 0.0781847 0.0751665 0.0794573 0.0974279 0.0779906 0.0753092 0.0843222 0.0195343 0.0845785 
Peramelidae_Echymipera_kalubu                0.0984785 0.0918792 0.0891107 0.0951207 0.0974029 0.0899487 0.0798295 0.0809587 0.0925671 0.0063415 0.0843381 0.0908876 0.0893581 0.0834179 0.0867219 0.0893373 0.0912349 0.0891593 0.0000000 0.0931431 0.0929422 0.1183309 0.1132369 0.0867844 0.0892118 0.0980773 0.0869162 0.0898666 0.0899890 0.1074887 0.0857338 0.0840812 0.0046024 0.0914098 0.0060260 
Macropodidae_Dorcopsulus_vanheurni           0.0576499 0.0776890 0.0611381 0.0100991 0.0123380 0.0776571 0.0416891 0.0452099 0.0084250 0.0918898 0.0458315 0.0788111 0.0774939 0.0458010 0.0451274 0.0769696 0.0763354 0.0782077 0.0931431 0.0000000 0.0536141 0.0996780 0.0920958 0.0761242 0.0230998 0.0824031 0.0452577 0.0025369 0.0511130 0.0697565 0.0463443 0.0463638 0.0870290 0.0766904 0.0905140 
Pseudochiridae_Pseudochirulus_forbesi        0.0622595 0.0817890 0.0681375 0.0549256 0.0573427 0.0828800 0.0501248 0.0538339 0.0516106 0.0928244 0.0539819 0.0850208 0.0841220 0.0551528 0.0528126 0.0844907 0.0835181 0.0831351 0.0929422 0.0536141 0.0000000 0.1057167 0.1023575 0.0794482 0.0534994 0.0854095 0.0267565 0.0538719 0.0133509 0.0646976 0.0547592 0.0568111 0.0900352 0.0804767 0.0912174 
Didelphidae_Didelphis_virginiana             0.1016364 0.1117164 0.1028464 0.1017826 0.1048216 0.1081386 0.0842023 0.0819391 0.1016036 0.1142367 0.0862710 0.1084460 0.1059340 0.0857487 0.0970010 0.1085808 0.1054816 0.1107687 0.1183309 0.0996780 0.1057167 0.0000000 0.0273240 0.1044625 0.0935984 0.1086590 0.0983164 0.1016197 0.1070267 0.1143784 0.0953011 0.0841569 0.1126939 0.1100557 0.1129724 
Marmosidae_Monodelphis_domestica             0.0989249 0.1042537 0.1021542 0.0982277 0.0983896 0.1037842 0.0812355 0.0805603 0.0954171 0.1084715 0.0819377 0.1050091 0.1043111 0.0817184 0.0935654 0.1052643 0.1015894 0.1082633 0.1132369 0.0920958 0.1023575 0.0273240 0.0000000 0.1026914 0.0907088 0.1083916 0.0916532 0.0930541 0.1021103 0.1139126 0.0903894 0.0823504 0.1061843 0.1045144 0.1074712 
Dasyuridae_Antechinus_stuartii               0.0824177 0.0837830 0.0824071 0.0777718 0.0792142 0.0079686 0.0668181 0.0685300 0.0765675 0.0868379 0.0702719 0.0053173 0.0164414 0.0708709 0.0751312 0.0050904 0.0067961 0.0147384 0.0867844 0.0761242 0.0794482 0.1044625 0.1026914 0.0000000 0.0742160 0.0834130 0.0744343 0.0750413 0.0761498 0.0929585 0.0752009 0.0723945 0.0828329 0.0081846 0.0863184 
Hypsiprymnodontidae_Hypsiprymnodon_moschatus 0.0571379 0.0762044 0.0584190 0.0264518 0.0270556 0.0754529 0.0421142 0.0442127 0.0224644 0.0874839 0.0459739 0.0759656 0.0738589 0.0456288 0.0472899 0.0734793 0.0731931 0.0746527 0.0892118 0.0230998 0.0534994 0.0935984 0.0907088 0.0742160 0.0000000 0.0834939 0.0462629 0.0225914 0.0510771 0.0709689 0.0452677 0.0468470 0.0834191 0.0731414 0.0861923 
Microbiotheriidae_Dromiciops_gliroides       0.0869345 0.0935406 0.0800582 0.0848835 0.0867422 0.0846196 0.0750735 0.0776159 0.0841350 0.0976991 0.0767347 0.0883208 0.0842592 0.0782934 0.0817202 0.0853450 0.0826317 0.0834853 0.0980773 0.0824031 0.0854095 0.1086590 0.1083916 0.0834130 0.0834939 0.0000000 0.0825363 0.0813248 0.0841556 0.1050891 0.0774086 0.0778722 0.0961284 0.0841587 0.0970623 
Pseudochiridae_Petauroides_volans            0.0555272 0.0772028 0.0613217 0.0484843 0.0502571 0.0760402 0.0439898 0.0458582 0.0466952 0.0845680 0.0494011 0.0784650 0.0783803 0.0482105 0.0431287 0.0772608 0.0763617 0.0781847 0.0869162 0.0452577 0.0267565 0.0983164 0.0916532 0.0744343 0.0462629 0.0825363 0.0000000 0.0448885 0.0252773 0.0543021 0.0439886 0.0495885 0.0819598 0.0757786 0.0830854 
Macropodidae_Wallabia_bicolor                0.0561433 0.0771512 0.0601008 0.0098735 0.0127637 0.0762547 0.0404324 0.0440086 0.0092803 0.0886286 0.0447348 0.0767078 0.0764580 0.0448392 0.0444992 0.0742397 0.0749680 0.0751665 0.0898666 0.0025369 0.0538719 0.1016197 0.0930541 0.0750413 0.0225914 0.0813248 0.0448885 0.0000000 0.0507757 0.0697493 0.0456403 0.0451637 0.0846450 0.0746673 0.0872973 
Pseudochiridae_Pseudocheirus_occidentalis    0.0612812 0.0789685 0.0691271 0.0530522 0.0542998 0.0789933 0.0483741 0.0504341 0.0514683 0.0897568 0.0505207 0.0814261 0.0806014 0.0520688 0.0491818 0.0809934 0.0796559 0.0794573 0.0899890 0.0511130 0.0133509 0.1070267 0.1021103 0.0761498 0.0510771 0.0841556 0.0252773 0.0507757 0.0000000 0.0608882 0.0538437 0.0537096 0.0856021 0.0765725 0.0881672 
Tarsipedidae_Tarsipes_rostratus              0.0763670 0.0982783 0.0829599 0.0725273 0.0752646 0.0965150 0.0619675 0.0648858 0.0715318 0.1060798 0.0673291 0.0975657 0.0990582 0.0673542 0.0636198 0.0961210 0.0957073 0.0974279 0.1074887 0.0697565 0.0646976 0.1143784 0.1139126 0.0929585 0.0709689 0.1050891 0.0543021 0.0697493 0.0608882 0.0000000 0.0655091 0.0673415 0.1028960 0.0968984 0.1052902 
Acrobatidae_Distoechurus_pennatus            0.0546932 0.0748250 0.0608710 0.0487050 0.0496232 0.0785095 0.0400652 0.0429026 0.0463511 0.0851555 0.0466620 0.0785309 0.0774066 0.0449435 0.0222987 0.0784023 0.0757262 0.0779906 0.0857338 0.0463443 0.0547592 0.0953011 0.0903894 0.0752009 0.0452677 0.0774086 0.0439886 0.0456403 0.0538437 0.0655091 0.0000000 0.0457430 0.0813483 0.0768811 0.0839025 
Phalangeridae_Phalanger_carmelitae           0.0489813 0.0717693 0.0574270 0.0508482 0.0514663 0.0748919 0.0076471 0.0049820 0.0482051 0.0841663 0.0044085 0.0754507 0.0748049 0.0008845 0.0455322 0.0739869 0.0729426 0.0753092 0.0840812 0.0463638 0.0568111 0.0841569 0.0823504 0.0723945 0.0468470 0.0778722 0.0495885 0.0451637 0.0537096 0.0673415 0.0457430 0.0000000 0.0805538 0.0745882 0.0822974 
Peramelidae_Peroryctes_raffrayana            0.0928168 0.0854704 0.0854381 0.0886596 0.0909278 0.0870980 0.0755070 0.0761639 0.0867840 0.0044815 0.0791448 0.0858646 0.0855057 0.0791280 0.0825345 0.0847425 0.0884192 0.0843222 0.0046024 0.0870290 0.0900352 0.1126939 0.1061843 0.0828329 0.0834191 0.0961284 0.0819598 0.0846450 0.0856021 0.1028960 0.0813483 0.0805538 0.0000000 0.0886199 0.0041718 
Dasyuridae_Dasyurus_geffroii                 0.0836062 0.0867440 0.0840558 0.0780544 0.0794978 0.0022334 0.0700824 0.0713158 0.0768251 0.0915060 0.0729930 0.0112641 0.0191341 0.0726556 0.0765641 0.0108313 0.0022215 0.0195343 0.0914098 0.0766904 0.0804767 0.1100557 0.1045144 0.0081846 0.0731414 0.0841587 0.0757786 0.0746673 0.0765725 0.0968984 0.0768811 0.0745882 0.0886199 0.0000000 0.0909420 
Peramelidae_Perameles_gunnii                 0.0954955 0.0899122 0.0871676 0.0913360 0.0946695 0.0894373 0.0779265 0.0785150 0.0898709 0.0002843 0.0816431 0.0897259 0.0866809 0.0814789 0.0856633 0.0888801 0.0904104 0.0845785 0.0060260 0.0905140 0.0912174 0.1129724 0.1074712 0.0863184 0.0861923 0.0970623 0.0830854 0.0872973 0.0881672 0.1052902 0.0839025 0.0822974 0.0041718 0.0909420 0.0000000 
