35
Burramyidae_Burramys_parvus                  0.0000000 0.0627424 0.0459829 0.0514332 0.0498733 0.0867550 0.0438741 0.0377402 0.0510151 0.1481824 0.0462800 0.0651595 0.0753277 0.0389994 0.0639812 0.0751633 0.0617283 0.0874583 0.0459942 0.0499823 0.0803023 0.0666164 0.0677155 0.0504356 0.0494485 0.0449023 0.0442662 0.0859300 0.0819080 0.0429590 0.1100391 0.0834091 0.0460207 0.0479258 0.0746034 
Notoryctidae_Notoryctes_typhlops             0.0627424 0.0000000 0.0534730 0.0717195 0.0699087 0.0988722 0.0664597 0.0626497 0.0694331 0.1756836 0.0717289 0.0726853 0.0822059 0.0633627 0.0724154 0.0850230 0.0963039 0.0985357 0.0629224 0.0733465 0.0966502 0.0746081 0.0719938 0.0623045 0.0606426 0.0603381 0.0598813 0.1136738 0.1056658 0.0735400 0.1227649 0.0981330 0.0996995 0.0957568 0.1443542 
Vombatidae_Lasiorhinus_latifrons             0.0459829 0.0534730 0.0000000 0.0565092 0.0544159 0.0875398 0.0527087 0.0457033 0.0536099 0.1375736 0.0593350 0.0656234 0.0718254 0.0458412 0.0670432 0.0747902 0.0634376 0.0848125 0.0499965 0.0525883 0.0808720 0.0706093 0.0683341 0.0515149 0.0448088 0.0492365 0.0487945 0.0886831 0.0811971 0.0543765 0.1087522 0.0837089 0.0405234 0.0448670 0.0596485 
Potoroidae_Bettongia_penicillata             0.0514332 0.0717195 0.0565092 0.0000000 0.0031383 0.0984367 0.0578522 0.0521149 0.0104352 0.1450093 0.0584182 0.0776512 0.0870103 0.0529100 0.0787023 0.0877593 0.0725191 0.0963038 0.0196750 0.0572574 0.0948016 0.0842169 0.0801907 0.0332208 0.0578029 0.0529733 0.0180636 0.0884250 0.0760631 0.0612810 0.1107808 0.0959657 0.0441527 0.0459700 0.0706077 
Potoroidae_Bettongia_lesueur                 0.0498733 0.0699087 0.0544159 0.0031383 0.0000000 0.0966769 0.0546812 0.0496717 0.0087911 0.1431488 0.0568929 0.0747524 0.0847176 0.0504688 0.0757616 0.0853870 0.0718993 0.0934675 0.0179586 0.0562662 0.0924560 0.0814243 0.0785190 0.0314018 0.0556728 0.0509209 0.0163508 0.0865267 0.0756422 0.0587631 0.1082114 0.0935157 0.0426581 0.0441253 0.0673680 
Dasyuridae_Dasyurus_maculatus                0.0867550 0.0988722 0.0875398 0.0984367 0.0966769 0.0000000 0.0981181 0.0907065 0.0952501 0.1847603 0.1005442 0.0251297 0.0355617 0.0940731 0.0285364 0.0205410 0.0306265 0.1223300 0.0911219 0.0972626 0.1087733 0.1015319 0.0294287 0.0960456 0.0835996 0.0882819 0.0880169 0.1298996 0.1296593 0.0981368 0.1518990 0.0079430 0.0902294 0.0994009 0.0975617 
Phalangeridae_Trichosurus_vulpecula          0.0438741 0.0664597 0.0527087 0.0578522 0.0546812 0.0981181 0.0000000 0.0216819 0.0540125 0.1435800 0.0364797 0.0788581 0.0887179 0.0233215 0.0789052 0.0862346 0.0771952 0.0887350 0.0500358 0.0550317 0.0915219 0.0791289 0.0818798 0.0552818 0.0555323 0.0531573 0.0483560 0.0954059 0.0826351 0.0314749 0.1110883 0.0958375 0.0468567 0.0531566 0.0658766 
Phalangeridae_Spilocuscus_maculatus          0.0377402 0.0626497 0.0457033 0.0521149 0.0496717 0.0907065 0.0216819 0.0000000 0.0487580 0.1338866 0.0202786 0.0693033 0.0802094 0.0079941 0.0678059 0.0789404 0.0686774 0.0802478 0.0448981 0.0470432 0.0829844 0.0700778 0.0730119 0.0495361 0.0483288 0.0452167 0.0432045 0.0859578 0.0773502 0.0172311 0.1014987 0.0869438 0.0366559 0.0392320 0.0647646 
Potoroidae_Aepyprymnus_rufescens             0.0510151 0.0694331 0.0536099 0.0104352 0.0087911 0.0952501 0.0540125 0.0487580 0.0000000 0.1459465 0.0538780 0.0750277 0.0831518 0.0485644 0.0760433 0.0844073 0.0728119 0.0925060 0.0162881 0.0549123 0.0922598 0.0809845 0.0762127 0.0296630 0.0553155 0.0501570 0.0163925 0.0866775 0.0773758 0.0563199 0.1104950 0.0909021 0.0421495 0.0477747 0.0692505 
Peramelidae_Perameles_nasuta                 0.1481824 0.1756836 0.1375736 0.1450093 0.1431488 0.1847603 0.1435800 0.1338866 0.1459465 0.0000000 0.1516997 0.1590793 0.1619860 0.1350859 0.1556326 0.1660046 0.1643042 0.0848647 0.1392353 0.1493863 0.1698790 0.1708824 0.1639441 0.1429116 0.1361873 0.1393690 0.1367935 0.1531941 0.1363978 0.1442711 0.0744766 0.1797561 0.0712100 0.0795518 0.0024875 
Phalangeridae_Strigocuscus_pelengensis       0.0462800 0.0717289 0.0593350 0.0584182 0.0568929 0.1005442 0.0364797 0.0202786 0.0538780 0.1516997 0.0000000 0.0808279 0.0946285 0.0216688 0.0806859 0.0876578 0.0777065 0.0908960 0.0547610 0.0590597 0.0985914 0.0833022 0.0860781 0.0573816 0.0587636 0.0567533 0.0527110 0.1018047 0.0916495 0.0107047 0.1142958 0.0977647 0.0523374 0.0583551 0.0758534 
Dasyuridae_Phascogale_tapoatafa              0.0651595 0.0726853 0.0656234 0.0776512 0.0747524 0.0251297 0.0788581 0.0693033 0.0750277 0.1590793 0.0808279 0.0000000 0.0207168 0.0727120 0.0041509 0.0176842 0.0140960 0.0994251 0.0703786 0.0757720 0.0921537 0.0816126 0.0093912 0.0752573 0.0617038 0.0683435 0.0674268 0.1037666 0.1039979 0.0787884 0.1256639 0.0245107 0.0617083 0.0656959 0.0699828 
Dasyuridae_Sminthopsis_macroura              0.0753277 0.0822059 0.0718254 0.0870103 0.0847176 0.0355617 0.0887179 0.0802094 0.0831518 0.1619860 0.0946285 0.0207168 0.0000000 0.0828679 0.0225964 0.0296218 0.0174623 0.1062685 0.0805097 0.0839843 0.1017248 0.0907623 0.0220235 0.0863466 0.0713320 0.0767944 0.0786971 0.1148643 0.1098822 0.0891442 0.1304341 0.0344164 0.0715838 0.0797153 0.0791179 
Phalangeridae_Phalanger_orientalis           0.0389994 0.0633627 0.0458412 0.0529100 0.0504688 0.0940731 0.0233215 0.0079941 0.0485644 0.1350859 0.0216688 0.0727120 0.0828679 0.0000000 0.0718159 0.0814203 0.0715386 0.0842907 0.0461207 0.0477695 0.0819318 0.0717350 0.0760408 0.0507221 0.0486202 0.0460102 0.0444458 0.0867745 0.0758729 0.0137706 0.1055930 0.0898197 0.0396043 0.0428940 0.0679433 
Dasyuridae_Phascogale_calura                 0.0639812 0.0724154 0.0670432 0.0787023 0.0757616 0.0285364 0.0789052 0.0678059 0.0760433 0.1556326 0.0806859 0.0041509 0.0225964 0.0718159 0.0000000 0.0196283 0.0159882 0.0956785 0.0717358 0.0757222 0.0931468 0.0836362 0.0102747 0.0772243 0.0629207 0.0694029 0.0687491 0.1022683 0.1053030 0.0779293 0.1214598 0.0271052 0.0600898 0.0620065 0.0683956 
Dasyuridae_Sarcophilus_harrisii              0.0751633 0.0850230 0.0747902 0.0877593 0.0853870 0.0205410 0.0862346 0.0789404 0.0844073 0.1660046 0.0876578 0.0176842 0.0296218 0.0814203 0.0196283 0.0000000 0.0221510 0.1095061 0.0814281 0.0860933 0.0956672 0.0883049 0.0208053 0.0843468 0.0723577 0.0770201 0.0783636 0.1174347 0.1114731 0.0868370 0.1348473 0.0191220 0.0712030 0.0768493 0.0779729 
Dasyuridae_Planigale_tenuirostris            0.0617283 0.0963039 0.0634376 0.0725191 0.0718993 0.0306265 0.0771952 0.0686774 0.0728119 0.1643042 0.0777065 0.0140960 0.0174623 0.0715386 0.0159882 0.0221510 0.0000000 0.0975181 0.0694186 0.0723399 0.0879573 0.0821184 0.0166515 0.0757098 0.0642970 0.0690519 0.0688573 0.0994428 0.1072392 0.0777239 0.1302386 0.0284788 0.0808869 0.0928434 0.0960035 
Peramelidae_Echymipera_kalubu                0.0874583 0.0985357 0.0848125 0.0963038 0.0934675 0.1223300 0.0887350 0.0802478 0.0925060 0.0848647 0.0908960 0.0994251 0.1062685 0.0842907 0.0956785 0.1095061 0.0975181 0.0000000 0.0875405 0.0906359 0.1211266 0.1124517 0.1037529 0.0905815 0.0765822 0.0823154 0.0835349 0.1248578 0.1189601 0.0922791 0.0437919 0.1195739 0.0657265 0.0737055 0.0208049 
Macropodidae_Dorcopsulus_vanheurni           0.0459942 0.0629224 0.0499965 0.0196750 0.0179586 0.0911219 0.0500358 0.0448981 0.0162881 0.1392353 0.0547610 0.0703786 0.0805097 0.0461207 0.0717358 0.0814281 0.0694186 0.0875405 0.0000000 0.0542640 0.0897136 0.0774119 0.0726840 0.0277929 0.0515590 0.0465362 0.0055679 0.0844552 0.0747097 0.0537974 0.1051695 0.0878143 0.0437196 0.0489091 0.0689411 
Pseudochiridae_Pseudochirulus_forbesi        0.0499823 0.0733465 0.0525883 0.0572574 0.0562662 0.0972626 0.0550317 0.0470432 0.0549123 0.1493863 0.0590597 0.0757720 0.0839843 0.0477695 0.0757222 0.0860933 0.0723399 0.0906359 0.0542640 0.0000000 0.0925662 0.0774563 0.0786804 0.0545638 0.0537759 0.0292852 0.0505883 0.0741395 0.0814478 0.0552628 0.1134914 0.0956227 0.0450380 0.0142918 0.0774072 
Didelphidae_Didelphis_virginiana             0.0803023 0.0966502 0.0808720 0.0948016 0.0924560 0.1087733 0.0915219 0.0829844 0.0922598 0.1698790 0.0985914 0.0921537 0.1017248 0.0819318 0.0931468 0.0956672 0.0879573 0.1211266 0.0897136 0.0925662 0.0000000 0.0399556 0.0918940 0.0922464 0.0804694 0.0869124 0.0884877 0.1236027 0.1207603 0.0903295 0.1393640 0.1069585 0.0851357 0.0942382 0.0959537 
Marmosidae_Monodelphis_domestica             0.0666164 0.0746081 0.0706093 0.0842169 0.0814243 0.1015319 0.0791289 0.0700778 0.0809845 0.1708824 0.0833022 0.0816126 0.0907623 0.0717350 0.0836362 0.0883049 0.0821184 0.1124517 0.0774119 0.0774563 0.0399556 0.0000000 0.0867046 0.0790424 0.0633101 0.0722120 0.0759903 0.1195605 0.1104004 0.0794044 0.1365913 0.1004561 0.0698070 0.0788843 0.0869842 
Dasyuridae_Antechinus_stuartii               0.0677155 0.0719938 0.0683341 0.0801907 0.0785190 0.0294287 0.0818798 0.0730119 0.0762127 0.1639441 0.0860781 0.0093912 0.0220235 0.0760408 0.0102747 0.0208053 0.0166515 0.1037529 0.0726840 0.0786804 0.0918940 0.0867046 0.0000000 0.0763528 0.0689497 0.0726255 0.0706039 0.1064557 0.1118205 0.0826085 0.1307925 0.0278143 0.0625041 0.0692043 0.0707360 
Hypsiprymnodontidae_Hypsiprymnodon_moschatus 0.0504356 0.0623045 0.0515149 0.0332208 0.0314018 0.0960456 0.0552818 0.0495361 0.0296630 0.1429116 0.0573816 0.0752573 0.0863466 0.0507221 0.0772243 0.0843468 0.0757098 0.0905815 0.0277929 0.0545638 0.0922464 0.0790424 0.0763528 0.0000000 0.0562181 0.0480767 0.0252661 0.0888065 0.0820322 0.0573992 0.1114525 0.0943831 0.0438025 0.0476273 0.0737496 
Microbiotheriidae_Dromiciops_gliroides       0.0494485 0.0606426 0.0448088 0.0578029 0.0556728 0.0835996 0.0555323 0.0483288 0.0553155 0.1361873 0.0587636 0.0617038 0.0713320 0.0486202 0.0629207 0.0723577 0.0642970 0.0765822 0.0515590 0.0537759 0.0804694 0.0633101 0.0689497 0.0562181 0.0000000 0.0478947 0.0483753 0.0893683 0.0854102 0.0552938 0.1026737 0.0826162 0.0445133 0.0529479 0.0610343 
Pseudochiridae_Petauroides_volans            0.0449023 0.0603381 0.0492365 0.0529733 0.0509209 0.0882819 0.0531573 0.0452167 0.0501570 0.1393690 0.0567533 0.0683435 0.0767944 0.0460102 0.0694029 0.0770201 0.0690519 0.0823154 0.0465362 0.0292852 0.0869124 0.0722120 0.0726255 0.0480767 0.0478947 0.0000000 0.0429138 0.0724259 0.0741854 0.0534712 0.1061114 0.0864853 0.0367693 0.0243782 0.0661471 
Macropodidae_Wallabia_bicolor                0.0442662 0.0598813 0.0487945 0.0180636 0.0163508 0.0880169 0.0483560 0.0432045 0.0163925 0.1367935 0.0527110 0.0674268 0.0786971 0.0444458 0.0687491 0.0783636 0.0688573 0.0835349 0.0055679 0.0505883 0.0884877 0.0759903 0.0706039 0.0252661 0.0483753 0.0429138 0.0000000 0.0827044 0.0709199 0.0530460 0.1016876 0.0859947 0.0393921 0.0438149 0.0635952 
Tarsipedidae_Tarsipes_rostratus              0.0859300 0.1136738 0.0886831 0.0884250 0.0865267 0.1298996 0.0954059 0.0859578 0.0866775 0.1531941 0.1018047 0.1037666 0.1148643 0.0867745 0.1022683 0.1174347 0.0994428 0.1248578 0.0844552 0.0741395 0.1236027 0.1195605 0.1064557 0.0888065 0.0893683 0.0724259 0.0827044 0.0000000 0.0974099 0.0940401 0.1295277 0.1292457 0.0659125 0.0629962 0.0913983 
Acrobatidae_Distoechurus_pennatus            0.0819080 0.1056658 0.0811971 0.0760631 0.0756422 0.1296593 0.0826351 0.0773502 0.0773758 0.1363978 0.0916495 0.1039979 0.1098822 0.0758729 0.1053030 0.1114731 0.1072392 0.1189601 0.0747097 0.0814478 0.1207603 0.1104004 0.1118205 0.0820322 0.0854102 0.0741854 0.0709199 0.0974099 0.0000000 0.0857304 0.1183054 0.1251083 0.0228360 0.0405459 0.0683602 
Phalangeridae_Phalanger_carmelitae           0.0429590 0.0735400 0.0543765 0.0612810 0.0587631 0.0981368 0.0314749 0.0172311 0.0563199 0.1442711 0.0107047 0.0787884 0.0891442 0.0137706 0.0779293 0.0868370 0.0777239 0.0922791 0.0537974 0.0552628 0.0903295 0.0794044 0.0826085 0.0573992 0.0552938 0.0534712 0.0530460 0.0940401 0.0857304 0.0000000 0.1143738 0.0937127 0.0517220 0.0541112 0.0801565 
Peramelidae_Peroryctes_raffrayana            0.1100391 0.1227649 0.1087522 0.1107808 0.1082114 0.1518990 0.1110883 0.1014987 0.1104950 0.0744766 0.1142958 0.1256639 0.1304341 0.1055930 0.1214598 0.1348473 0.1302386 0.0437919 0.1051695 0.1134914 0.1393640 0.1365913 0.1307925 0.1114525 0.1026737 0.1061114 0.1016876 0.1295277 0.1183054 0.1143738 0.0000000 0.1466576 0.0686218 0.0704838 0.0186474 
Dasyuridae_Dasyurus_geffroii                 0.0834091 0.0981330 0.0837089 0.0959657 0.0935157 0.0079430 0.0958375 0.0869438 0.0909021 0.1797561 0.0977647 0.0245107 0.0344164 0.0898197 0.0271052 0.0191220 0.0284788 0.1195739 0.0878143 0.0956227 0.1069585 0.1004561 0.0278143 0.0943831 0.0826162 0.0864853 0.0859947 0.1292457 0.1251083 0.0937127 0.1466576 0.0000000 0.0897051 0.0950623 0.1002190 
Acrobatidae_Acrobates_pygmaeus               0.0460207 0.0996995 0.0405234 0.0441527 0.0426581 0.0902294 0.0468567 0.0366559 0.0421495 0.0712100 0.0523374 0.0617083 0.0715838 0.0396043 0.0600898 0.0712030 0.0808869 0.0657265 0.0437196 0.0450380 0.0851357 0.0698070 0.0625041 0.0438025 0.0445133 0.0367693 0.0393921 0.0659125 0.0228360 0.0517220 0.0686218 0.0897051 0.0000000 0.0439815 0.0738592 
Pseudochiridae_Pseudocheirus_occidentalis    0.0479258 0.0957568 0.0448670 0.0459700 0.0441253 0.0994009 0.0531566 0.0392320 0.0477747 0.0795518 0.0583551 0.0656959 0.0797153 0.0428940 0.0620065 0.0768493 0.0928434 0.0737055 0.0489091 0.0142918 0.0942382 0.0788843 0.0692043 0.0476273 0.0529479 0.0243782 0.0438149 0.0629962 0.0405459 0.0541112 0.0704838 0.0950623 0.0439815 0.0000000 0.0825750 
Peramelidae_Perameles_gunnii                 0.0746034 0.1443542 0.0596485 0.0706077 0.0673680 0.0975617 0.0658766 0.0647646 0.0692505 0.0024875 0.0758534 0.0699828 0.0791179 0.0679433 0.0683956 0.0779729 0.0960035 0.0208049 0.0689411 0.0774072 0.0959537 0.0869842 0.0707360 0.0737496 0.0610343 0.0661471 0.0635952 0.0913983 0.0683602 0.0801565 0.0186474 0.1002190 0.0738592 0.0825750 0.0000000 
