35
Burramyidae_Burramys_parvus                  0.0000000 0.0757052 0.0588449 0.0570774 0.0549646 0.0850933 0.0449241 0.0497791 0.0653021 0.0702366 0.0499466 0.0953760 0.0947806 0.0483397 0.0553926 0.0952664 0.0915755 0.0813307 0.0738492 0.0587089 0.0577914 0.0945638 0.0965843 0.0942651 0.0508847 0.0670573 0.0606019 0.0562453 0.0582549 0.0760581 0.0837790 0.0479071 0.0688641 0.0937997 0.0740171 
Notoryctidae_Notoryctes_typhlops             0.0757052 0.0000000 0.0718478 0.0777883 0.0773487 0.0807003 0.0676155 0.0728835 0.0860833 0.0668161 0.0706299 0.0894227 0.0923271 0.0712210 0.0722556 0.0888002 0.0871628 0.0860469 0.0716819 0.0805792 0.0796967 0.0915500 0.0888957 0.0912016 0.0666526 0.0656240 0.0768931 0.0833716 0.0769152 0.0941619 0.0819122 0.0695744 0.0659430 0.0907904 0.0700453 
Vombatidae_Lasiorhinus_latifrons             0.0588449 0.0718478 0.0000000 0.0578218 0.0570182 0.0782669 0.0474787 0.0503553 0.0676744 0.0629751 0.0507565 0.0859520 0.0826236 0.0540330 0.0536706 0.0848637 0.0816276 0.0780486 0.0677514 0.0608330 0.0586664 0.0867888 0.0834223 0.0854284 0.0508773 0.0590606 0.0559669 0.0622599 0.0511578 0.0760140 0.0886063 0.0513764 0.0604159 0.0843606 0.0653599 
Potoroidae_Bettongia_penicillata             0.0570774 0.0777883 0.0578218 0.0000000 0.0022433 0.0852428 0.0449512 0.0487793 0.0211693 0.0615340 0.0507098 0.0949123 0.0948713 0.0518151 0.0504641 0.0927578 0.0937547 0.0847896 0.0685767 0.0204927 0.0533204 0.0893570 0.0903978 0.0946582 0.0230338 0.0593815 0.0517283 0.0275991 0.0453365 0.0766042 0.0625008 0.0498362 0.0600247 0.0963618 0.0650257 
Potoroidae_Bettongia_lesueur                 0.0549646 0.0773487 0.0570182 0.0022433 0.0000000 0.0834630 0.0425150 0.0459135 0.0172487 0.0618146 0.0481730 0.0915981 0.0923799 0.0471350 0.0526698 0.0907357 0.0913636 0.0829397 0.0679654 0.0179314 0.0556604 0.0914486 0.0921102 0.0905684 0.0238138 0.0614195 0.0529879 0.0241878 0.0481246 0.0783881 0.0616709 0.0466036 0.0614526 0.0935951 0.0648051 
Dasyuridae_Dasyurus_maculatus                0.0850933 0.0807003 0.0782669 0.0852428 0.0834630 0.0000000 0.0666091 0.0689434 0.0959213 0.0855388 0.0707287 0.0161414 0.0161120 0.0707875 0.0750979 0.0156350 0.0031524 0.0167844 0.0814463 0.0874565 0.0887828 0.0957348 0.0932920 0.0148606 0.0713412 0.0669076 0.0875248 0.0893107 0.0848303 0.0876109 0.0678207 0.0670142 0.0808028 0.0031409 0.0869813 
Phalangeridae_Trichosurus_vulpecula          0.0449241 0.0676155 0.0474787 0.0449512 0.0425150 0.0666091 0.0000000 0.0130386 0.0523142 0.0556751 0.0135531 0.0718151 0.0727946 0.0129735 0.0475725 0.0700139 0.0730570 0.0669122 0.0587586 0.0451225 0.0491955 0.0826242 0.0809362 0.0717560 0.0354562 0.0470512 0.0469686 0.0480168 0.0453761 0.0649357 0.0558271 0.0117737 0.0547600 0.0744336 0.0587528 
Phalangeridae_Spilocuscus_maculatus          0.0497791 0.0728835 0.0503553 0.0487793 0.0459135 0.0689434 0.0130386 0.0000000 0.0568631 0.0630022 0.0094655 0.0789239 0.0737911 0.0094190 0.0504258 0.0787288 0.0774122 0.0723503 0.0643317 0.0493551 0.0568023 0.0828313 0.0840508 0.0780876 0.0385266 0.0530373 0.0542274 0.0524007 0.0501597 0.0691953 0.0674527 0.0074357 0.0596220 0.0786041 0.0659345 
Potoroidae_Aepyprymnus_rufescens             0.0653021 0.0860833 0.0676744 0.0211693 0.0172487 0.0959213 0.0523142 0.0568631 0.0000000 0.0716964 0.0581355 0.1018675 0.1026827 0.0581229 0.0610845 0.0998492 0.1021041 0.0945213 0.0773755 0.0278103 0.0635742 0.1022680 0.1038688 0.1002237 0.0356409 0.0695876 0.0625612 0.0186174 0.0586070 0.0887598 0.0807515 0.0575134 0.0714293 0.1043757 0.0753168 
Peramelidae_Perameles_nasuta                 0.0702366 0.0668161 0.0629751 0.0615340 0.0618146 0.0855388 0.0556751 0.0630022 0.0716964 0.0000000 0.0601591 0.0883703 0.0846819 0.0617003 0.0629305 0.0869006 0.0880347 0.0832380 0.0086060 0.0659086 0.0709152 0.0848327 0.0845610 0.0861071 0.0594963 0.0578113 0.0672676 0.0664166 0.0672500 0.0899359 0.0646377 0.0604845 0.0077152 0.0913070 0.0010936 
Phalangeridae_Strigocuscus_pelengensis       0.0499466 0.0706299 0.0507565 0.0507098 0.0481730 0.0707287 0.0135531 0.0094655 0.0581355 0.0601591 0.0000000 0.0777979 0.0730835 0.0070448 0.0501295 0.0772142 0.0774759 0.0697171 0.0613499 0.0497238 0.0527866 0.0815045 0.0780414 0.0785345 0.0388464 0.0515100 0.0512561 0.0517800 0.0488090 0.0677719 0.0577958 0.0055710 0.0558842 0.0788315 0.0605792 
Dasyuridae_Phascogale_tapoatafa              0.0953760 0.0894227 0.0859520 0.0949123 0.0915981 0.0161414 0.0718151 0.0789239 0.1018675 0.0883703 0.0777979 0.0000000 0.0206165 0.0785262 0.0833280 0.0027629 0.0162061 0.0174554 0.0836662 0.0939507 0.0939481 0.1019411 0.0988441 0.0078500 0.0740941 0.0761783 0.0922136 0.0980176 0.0852184 0.0933514 0.0854310 0.0766401 0.0826629 0.0177179 0.0899744 
Dasyuridae_Sminthopsis_macroura              0.0947806 0.0923271 0.0826236 0.0948713 0.0923799 0.0161120 0.0727946 0.0737911 0.1026827 0.0846819 0.0730835 0.0206165 0.0000000 0.0771430 0.0787562 0.0193089 0.0171941 0.0154385 0.0846898 0.0934350 0.0951485 0.1013386 0.1017211 0.0226680 0.0719780 0.0754868 0.0890388 0.0964835 0.0850683 0.0925882 0.0843978 0.0744609 0.0819877 0.0192544 0.0880171 
Phalangeridae_Phalanger_orientalis           0.0483397 0.0712210 0.0540330 0.0518151 0.0471350 0.0707875 0.0129735 0.0094190 0.0581229 0.0617003 0.0070448 0.0785262 0.0771430 0.0000000 0.0527703 0.0779147 0.0790339 0.0730155 0.0640196 0.0509477 0.0545802 0.0854152 0.0837345 0.0780885 0.0389623 0.0554035 0.0539463 0.0532736 0.0506821 0.0697687 0.0653610 0.0016324 0.0593117 0.0803847 0.0640458 
Acrobatidae_Acrobates_pygmaeus               0.0553926 0.0722556 0.0536706 0.0504641 0.0526698 0.0750979 0.0475725 0.0504258 0.0610845 0.0629305 0.0501295 0.0833280 0.0787562 0.0527703 0.0000000 0.0823519 0.0804920 0.0752593 0.0648369 0.0578555 0.0497061 0.0877593 0.0876437 0.0838111 0.0500851 0.0581249 0.0444681 0.0568093 0.0449525 0.0673072 0.0388368 0.0496590 0.0626132 0.0822885 0.0644341 
Dasyuridae_Phascogale_calura                 0.0952664 0.0888002 0.0848637 0.0927578 0.0907357 0.0156350 0.0700139 0.0787288 0.0998492 0.0869006 0.0772142 0.0027629 0.0193089 0.0779147 0.0823519 0.0000000 0.0149805 0.0158540 0.0826970 0.0930809 0.0929748 0.1022665 0.0986913 0.0063738 0.0747371 0.0764001 0.0903571 0.0968284 0.0859569 0.0945444 0.0845561 0.0760605 0.0824689 0.0164639 0.0881333 
Dasyuridae_Sarcophilus_harrisii              0.0915755 0.0871628 0.0816276 0.0937547 0.0913636 0.0031524 0.0730570 0.0774122 0.1021041 0.0880347 0.0774759 0.0162061 0.0171941 0.0790339 0.0804920 0.0149805 0.0000000 0.0161147 0.0850123 0.0950633 0.0928317 0.1009912 0.0974787 0.0173187 0.0757901 0.0773686 0.0901779 0.0968800 0.0849560 0.0934125 0.0771806 0.0763154 0.0832277 0.0041392 0.0905360 
Dasyuridae_Planigale_tenuirostris            0.0813307 0.0860469 0.0780486 0.0847896 0.0829397 0.0167844 0.0669122 0.0723503 0.0945213 0.0832380 0.0697171 0.0174554 0.0154385 0.0730155 0.0752593 0.0158540 0.0161147 0.0000000 0.0817982 0.0883714 0.0809391 0.0981239 0.0980503 0.0200000 0.0697255 0.0740870 0.0813303 0.0873280 0.0776101 0.0875784 0.0878807 0.0708103 0.0807828 0.0185432 0.0839413 
Peramelidae_Echymipera_kalubu                0.0738492 0.0716819 0.0677514 0.0685767 0.0679654 0.0814463 0.0587586 0.0643317 0.0773755 0.0086060 0.0613499 0.0836662 0.0846898 0.0640196 0.0648369 0.0826970 0.0850123 0.0817982 0.0000000 0.0717934 0.0724470 0.0837217 0.0839482 0.0830593 0.0612934 0.0587438 0.0706171 0.0713623 0.0679112 0.0919044 0.0662127 0.0630563 0.0057504 0.0881118 0.0095105 
Macropodidae_Dorcopsulus_vanheurni           0.0587089 0.0805792 0.0608330 0.0204927 0.0179314 0.0874565 0.0451225 0.0493551 0.0278103 0.0659086 0.0497238 0.0939507 0.0934350 0.0509477 0.0578555 0.0930809 0.0950633 0.0883714 0.0717934 0.0000000 0.0612823 0.0945943 0.0948306 0.0941081 0.0243327 0.0601033 0.0569858 0.0194985 0.0529665 0.0805575 0.0789955 0.0489947 0.0651943 0.0960162 0.0689388 
Pseudochiridae_Pseudochirulus_forbesi        0.0577914 0.0796967 0.0586664 0.0533204 0.0556604 0.0887828 0.0491955 0.0568023 0.0635742 0.0709152 0.0527866 0.0939481 0.0951485 0.0545802 0.0497061 0.0929748 0.0928317 0.0809391 0.0724470 0.0612823 0.0000000 0.0906055 0.0953837 0.0955018 0.0522389 0.0627118 0.0305065 0.0583434 0.0173863 0.0660961 0.0657546 0.0548399 0.0678504 0.0950719 0.0736929 
Didelphidae_Didelphis_virginiana             0.0945638 0.0915500 0.0867888 0.0893570 0.0914486 0.0957348 0.0826242 0.0828313 0.1022680 0.0848327 0.0815045 0.1019411 0.1013386 0.0854152 0.0877593 0.1022665 0.1009912 0.0981239 0.0837217 0.0945943 0.0906055 0.0000000 0.0260304 0.1060807 0.0813979 0.0820271 0.0923195 0.0924122 0.0813930 0.1115970 0.1020608 0.0833734 0.0806782 0.1060042 0.0843149 
Marmosidae_Monodelphis_domestica             0.0965843 0.0888957 0.0834223 0.0903978 0.0921102 0.0932920 0.0809362 0.0840508 0.1038688 0.0845610 0.0780414 0.0988441 0.1017211 0.0837345 0.0876437 0.0986913 0.0974787 0.0980503 0.0839482 0.0948306 0.0953837 0.0260304 0.0000000 0.1018178 0.0821552 0.0803221 0.0916199 0.0972211 0.0861182 0.1090964 0.0960975 0.0814076 0.0792715 0.1042873 0.0853404 
Dasyuridae_Antechinus_stuartii               0.0942651 0.0912016 0.0854284 0.0946582 0.0905684 0.0148606 0.0717560 0.0780876 0.1002237 0.0861071 0.0785345 0.0078500 0.0226680 0.0780885 0.0838111 0.0063738 0.0173187 0.0200000 0.0830593 0.0941081 0.0955018 0.1060807 0.1018178 0.0000000 0.0738821 0.0760013 0.0909335 0.0989391 0.0857644 0.0944352 0.0939700 0.0758277 0.0821648 0.0183294 0.0888063 
Hypsiprymnodontidae_Hypsiprymnodon_moschatus 0.0508847 0.0666526 0.0508773 0.0230338 0.0238138 0.0713412 0.0354562 0.0385266 0.0356409 0.0594963 0.0388464 0.0740941 0.0719780 0.0389623 0.0500851 0.0747371 0.0757901 0.0697255 0.0612934 0.0243327 0.0522389 0.0813979 0.0821552 0.0738821 0.0000000 0.0525318 0.0500956 0.0294868 0.0509039 0.0709496 0.0470559 0.0363016 0.0601374 0.0757687 0.0612044 
Microbiotheriidae_Dromiciops_gliroides       0.0670573 0.0656240 0.0590606 0.0593815 0.0614195 0.0669076 0.0470512 0.0530373 0.0695876 0.0578113 0.0515100 0.0761783 0.0754868 0.0554035 0.0581249 0.0764001 0.0773686 0.0740870 0.0587438 0.0601033 0.0627118 0.0820271 0.0803221 0.0760013 0.0525318 0.0000000 0.0603829 0.0623030 0.0577574 0.0753551 0.0634903 0.0526708 0.0568300 0.0783278 0.0590786 
Pseudochiridae_Petauroides_volans            0.0606019 0.0768931 0.0559669 0.0517283 0.0529879 0.0875248 0.0469686 0.0542274 0.0625612 0.0672676 0.0512561 0.0922136 0.0890388 0.0539463 0.0444681 0.0903571 0.0901779 0.0813303 0.0706171 0.0569858 0.0305065 0.0923195 0.0916199 0.0909335 0.0500956 0.0603829 0.0000000 0.0568804 0.0271450 0.0600908 0.0599115 0.0519599 0.0674807 0.0915630 0.0694111 
Macropodidae_Wallabia_bicolor                0.0562453 0.0833716 0.0622599 0.0275991 0.0241878 0.0893107 0.0480168 0.0524007 0.0186174 0.0664166 0.0517800 0.0980176 0.0964835 0.0532736 0.0568093 0.0968284 0.0968800 0.0873280 0.0713623 0.0194985 0.0583434 0.0924122 0.0972211 0.0989391 0.0294868 0.0623030 0.0568804 0.0000000 0.0553202 0.0818699 0.0817911 0.0509214 0.0642575 0.0987364 0.0688864 
Pseudochiridae_Pseudocheirus_occidentalis    0.0582549 0.0769152 0.0511578 0.0453365 0.0481246 0.0848303 0.0453761 0.0501597 0.0586070 0.0672500 0.0488090 0.0852184 0.0850683 0.0506821 0.0449525 0.0859569 0.0849560 0.0776101 0.0679112 0.0529665 0.0173863 0.0813930 0.0861182 0.0857644 0.0509039 0.0577574 0.0271450 0.0553202 0.0000000 0.0595682 0.0574598 0.0490079 0.0652937 0.0887141 0.0683072 
Tarsipedidae_Tarsipes_rostratus              0.0760581 0.0941619 0.0760140 0.0766042 0.0783881 0.0876109 0.0649357 0.0691953 0.0887598 0.0899359 0.0677719 0.0933514 0.0925882 0.0697687 0.0673072 0.0945444 0.0934125 0.0875784 0.0919044 0.0805575 0.0660961 0.1115970 0.1090964 0.0944352 0.0709496 0.0753551 0.0600908 0.0818699 0.0595682 0.0000000 0.0632681 0.0682564 0.0882325 0.0952133 0.0910634 
Acrobatidae_Distoechurus_pennatus            0.0837790 0.0819122 0.0886063 0.0625008 0.0616709 0.0678207 0.0558271 0.0674527 0.0807515 0.0646377 0.0577958 0.0854310 0.0843978 0.0653610 0.0388368 0.0845561 0.0771806 0.0878807 0.0662127 0.0789955 0.0657546 0.1020608 0.0960975 0.0939700 0.0470559 0.0634903 0.0599115 0.0817911 0.0574598 0.0632681 0.0000000 0.0648047 0.0614262 0.0776692 0.0685118 
Phalangeridae_Phalanger_carmelitae           0.0479071 0.0695744 0.0513764 0.0498362 0.0466036 0.0670142 0.0117737 0.0074357 0.0575134 0.0604845 0.0055710 0.0766401 0.0744609 0.0016324 0.0496590 0.0760605 0.0763154 0.0708103 0.0630563 0.0489947 0.0548399 0.0833734 0.0814076 0.0758277 0.0363016 0.0526708 0.0519599 0.0509214 0.0490079 0.0682564 0.0648047 0.0000000 0.0576728 0.0776602 0.0630796 
Peramelidae_Peroryctes_raffrayana            0.0688641 0.0659430 0.0604159 0.0600247 0.0614526 0.0808028 0.0547600 0.0596220 0.0714293 0.0077152 0.0558842 0.0826629 0.0819877 0.0593117 0.0626132 0.0824689 0.0832277 0.0807828 0.0057504 0.0651943 0.0678504 0.0806782 0.0792715 0.0821648 0.0601374 0.0568300 0.0674807 0.0642575 0.0652937 0.0882325 0.0614262 0.0576728 0.0000000 0.0870171 0.0085878 
Dasyuridae_Dasyurus_geffroii                 0.0937997 0.0907904 0.0843606 0.0963618 0.0935951 0.0031409 0.0744336 0.0786041 0.1043757 0.0913070 0.0788315 0.0177179 0.0192544 0.0803847 0.0822885 0.0164639 0.0041392 0.0185432 0.0881118 0.0960162 0.0950719 0.1060042 0.1042873 0.0183294 0.0757687 0.0783278 0.0915630 0.0987364 0.0887141 0.0952133 0.0776692 0.0776602 0.0870171 0.0000000 0.0932136 
Peramelidae_Perameles_gunnii                 0.0740171 0.0700453 0.0653599 0.0650257 0.0648051 0.0869813 0.0587528 0.0659345 0.0753168 0.0010936 0.0605792 0.0899744 0.0880171 0.0640458 0.0644341 0.0881333 0.0905360 0.0839413 0.0095105 0.0689388 0.0736929 0.0843149 0.0853404 0.0888063 0.0612044 0.0590786 0.0694111 0.0688864 0.0683072 0.0910634 0.0685118 0.0630796 0.0085878 0.0932136 0.0000000 
