35
Burramyidae_Burramys_parvus                  0.0000000 0.1083498 0.0643021 0.0669114 0.0660808 0.1052844 0.0711469 0.0668576 0.0719539 0.1037780 0.0689441 0.1205691 0.1065020 0.0672403 0.0726507 0.1157170 0.1052200 0.1078977 0.1108571 0.0742495 0.0792571 0.1361234 0.1255090 0.1144218 0.0815144 0.0883707 0.0721515 0.0777129 0.0983816 0.0692492 0.0661377 0.1074555 0.1107919 0.0571573 0.0800698 
Notoryctidae_Notoryctes_typhlops             0.1083498 0.0000000 0.1076383 0.1176059 0.1158383 0.1291293 0.1143480 0.1136220 0.1221515 0.1156242 0.1177284 0.1378025 0.1333946 0.1156847 0.1160813 0.1377016 0.1297370 0.1340924 0.1249574 0.1179333 0.1188990 0.1535545 0.1470818 0.1319224 0.1192087 0.1072824 0.1132223 0.1215487 0.1395985 0.1023781 0.1149419 0.1320434 0.1239256 0.0727372 0.0882423 
Vombatidae_Lasiorhinus_latifrons             0.0643021 0.1076383 0.0000000 0.0722762 0.0708551 0.1006983 0.0754662 0.0684054 0.0745001 0.1005984 0.0722896 0.1143380 0.1010070 0.0703973 0.0723232 0.1115723 0.1006799 0.1015741 0.1087862 0.0765335 0.0842575 0.1293328 0.1234452 0.1117138 0.0805415 0.0821331 0.0750032 0.0733400 0.0999501 0.0729630 0.0697759 0.1028417 0.1082603 0.0577167 0.0747476 
Potoroidae_Bettongia_penicillata             0.0669114 0.1176059 0.0722762 0.0000000 0.0033188 0.1117485 0.0764279 0.0693285 0.0162398 0.1041531 0.0710184 0.1220396 0.1175503 0.0707709 0.0796969 0.1201171 0.1096902 0.1131289 0.1203612 0.0326894 0.0846533 0.1371175 0.1233482 0.1188058 0.0643778 0.0930384 0.0814406 0.0346161 0.1013289 0.0749163 0.0685159 0.1132391 0.1158042 0.0510023 0.0763130 
Potoroidae_Bettongia_lesueur                 0.0660808 0.1158383 0.0708551 0.0033188 0.0000000 0.1119447 0.0749462 0.0679378 0.0143927 0.1043369 0.0696153 0.1222152 0.1177285 0.0693612 0.0775448 0.1202913 0.1098921 0.1125850 0.1205301 0.0316242 0.0835860 0.1356589 0.1227202 0.1190447 0.0635330 0.0926230 0.0798904 0.0339987 0.0995376 0.0742272 0.0671281 0.1134311 0.1173170 0.0521271 0.0773615 
Dasyuridae_Dasyurus_maculatus                0.1052844 0.1291293 0.1006983 0.1117485 0.1119447 0.0000000 0.1178577 0.1074348 0.1193489 0.1263988 0.1104167 0.0231394 0.0241622 0.1102422 0.1052940 0.0227250 0.0066743 0.0251853 0.1300776 0.1143610 0.1179357 0.1520427 0.1402897 0.0203957 0.1211806 0.0957375 0.1104230 0.1174323 0.1307742 0.0952773 0.1089085 0.0054284 0.1331400 0.0832476 0.0931040 
Phalangeridae_Trichosurus_vulpecula          0.0711469 0.1143480 0.0754662 0.0764279 0.0749462 0.1178577 0.0000000 0.0277068 0.0803570 0.1082812 0.0325400 0.1279689 0.1211458 0.0305574 0.0791778 0.1273382 0.1171299 0.1228171 0.1178257 0.0801772 0.0885353 0.1400427 0.1358485 0.1227909 0.0824237 0.0986313 0.0824862 0.0808197 0.1060318 0.0763741 0.0291520 0.1188304 0.1158892 0.0618627 0.0850236 
Phalangeridae_Spilocuscus_maculatus          0.0668576 0.1136220 0.0684054 0.0693285 0.0679378 0.1074348 0.0277068 0.0000000 0.0766425 0.1017929 0.0151829 0.1174388 0.1094373 0.0105465 0.0752903 0.1146327 0.1067294 0.1119169 0.1132131 0.0741541 0.0822401 0.1332600 0.1298091 0.1135041 0.0792387 0.0954354 0.0786377 0.0748766 0.0988022 0.0691254 0.0118441 0.1083632 0.1087439 0.0497781 0.0733362 
Potoroidae_Aepyprymnus_rufescens             0.0719539 0.1221515 0.0745001 0.0162398 0.0143927 0.1193489 0.0803570 0.0766425 0.0000000 0.1098039 0.0779472 0.1289351 0.1239608 0.0770198 0.0856673 0.1274294 0.1173191 0.1216558 0.1229019 0.0372802 0.0886377 0.1476257 0.1333450 0.1267710 0.0671671 0.0998628 0.0836899 0.0406862 0.1054225 0.0826508 0.0747310 0.1210162 0.1231334 0.0553070 0.0811740 
Peramelidae_Perameles_nasuta                 0.1037780 0.1156242 0.1005984 0.1041531 0.1043369 0.1263988 0.1082812 0.1017929 0.1098039 0.0000000 0.1035335 0.1373129 0.1272714 0.1036406 0.1021885 0.1331276 0.1258739 0.1293992 0.0237237 0.1145756 0.1075207 0.1424723 0.1375475 0.1285215 0.1182397 0.1063747 0.1117701 0.1128275 0.1341923 0.0944904 0.1015002 0.1242970 0.0018368 0.0688176 0.0241403 
Phalangeridae_Strigocuscus_pelengensis       0.0689441 0.1177284 0.0722896 0.0710184 0.0696153 0.1104167 0.0325400 0.0151829 0.0779472 0.1035335 0.0000000 0.1168200 0.1118061 0.0165892 0.0743150 0.1162113 0.1090298 0.1136517 0.1123969 0.0730424 0.0837338 0.1351251 0.1305744 0.1135876 0.0800044 0.0960608 0.0822547 0.0772970 0.1019189 0.0719645 0.0179363 0.1111573 0.1098306 0.0518452 0.0745185 
Dasyuridae_Phascogale_tapoatafa              0.1205691 0.1378025 0.1143380 0.1220396 0.1222152 0.0231394 0.1279689 0.1174388 0.1289351 0.1373129 0.1168200 0.0000000 0.0293469 0.1200465 0.1190259 0.0085025 0.0236283 0.0293106 0.1407284 0.1250702 0.1319758 0.1642781 0.1514664 0.0093311 0.1337737 0.1064934 0.1233236 0.1311050 0.1416351 0.1062771 0.1171311 0.0217462 0.1445305 0.0990903 0.1087791 
Dasyuridae_Sminthopsis_macroura              0.1065020 0.1333946 0.1010070 0.1175503 0.1177285 0.0241622 0.1211458 0.1094373 0.1239608 0.1272714 0.1118061 0.0293469 0.0000000 0.1135246 0.1055876 0.0305882 0.0241619 0.0202366 0.1286874 0.1212016 0.1184189 0.1519129 0.1484971 0.0258582 0.1256090 0.0994458 0.1146006 0.1243717 0.1324672 0.0975499 0.1121113 0.0228472 0.1331039 0.0846526 0.0965732 
Phalangeridae_Phalanger_orientalis           0.0672403 0.1156847 0.0703973 0.0707709 0.0693612 0.1102422 0.0305574 0.0105465 0.0770198 0.1036406 0.0165892 0.1200465 0.1135246 0.0000000 0.0767875 0.1182430 0.1095276 0.1152161 0.1134378 0.0753236 0.0824673 0.1397280 0.1331748 0.1165354 0.0811340 0.0952130 0.0808808 0.0756342 0.1015380 0.0706131 0.0045774 0.1112437 0.1103348 0.0474155 0.0748162 
Acrobatidae_Acrobates_pygmaeus               0.0726507 0.1160813 0.0723232 0.0796969 0.0775448 0.1052940 0.0791778 0.0752903 0.0856673 0.1021885 0.0743150 0.1190259 0.1055876 0.0767875 0.0000000 0.1144661 0.1058593 0.1068399 0.1115288 0.0849495 0.0655834 0.1402951 0.1313028 0.1114584 0.0862537 0.0936570 0.0714299 0.0840889 0.0866642 0.0472046 0.0750495 0.1075089 0.1098377 0.0452507 0.0694703 
Dasyuridae_Phascogale_calura                 0.1157170 0.1377016 0.1115723 0.1201171 0.1202913 0.0227250 0.1273382 0.1146327 0.1274294 0.1331276 0.1162113 0.0085025 0.0305882 0.1182430 0.1144661 0.0000000 0.0222908 0.0316334 0.1354065 0.1230883 0.1303220 0.1599366 0.1507799 0.0099329 0.1301293 0.1050573 0.1222262 0.1267549 0.1338687 0.1032808 0.1155416 0.0213946 0.1393428 0.0935531 0.0938736 
Dasyuridae_Sarcophilus_harrisii              0.1052200 0.1297370 0.1006799 0.1096902 0.1098921 0.0066743 0.1171299 0.1067294 0.1173191 0.1258739 0.1090298 0.0236283 0.0241619 0.1095276 0.1058593 0.0222908 0.0000000 0.0242160 0.1294772 0.1123848 0.1166643 0.1504264 0.1383936 0.0208690 0.1190628 0.0944464 0.1119652 0.1154249 0.1299333 0.0930256 0.1081315 0.0066881 0.1339198 0.0815263 0.0888211 
Dasyuridae_Planigale_tenuirostris            0.1078977 0.1340924 0.1015741 0.1131289 0.1125850 0.0251853 0.1228171 0.1119169 0.1216558 0.1293992 0.1136517 0.0293106 0.0202366 0.1152161 0.1068399 0.0316334 0.0242160 0.0000000 0.1340510 0.1158615 0.1196307 0.1604195 0.1502743 0.0277150 0.1222190 0.0991682 0.1143482 0.1218655 0.1347103 0.0974658 0.1144275 0.0246967 0.1358922 0.0742008 0.0888529 
Peramelidae_Echymipera_kalubu                0.1108571 0.1249574 0.1087862 0.1203612 0.1205301 0.1300776 0.1178257 0.1132131 0.1229019 0.0237237 0.1123969 0.1407284 0.1286874 0.1134378 0.1115288 0.1354065 0.1294772 0.1340510 0.0000000 0.1239615 0.1133365 0.1584657 0.1439598 0.1349814 0.1272023 0.1109385 0.1190607 0.1250720 0.1388920 0.1074838 0.1126907 0.1302436 0.0231971 0.0651453 0.0199446 
Macropodidae_Dorcopsulus_vanheurni           0.0742495 0.1179333 0.0765335 0.0326894 0.0316242 0.1143610 0.0801772 0.0741541 0.0372802 0.1145756 0.0730424 0.1250702 0.1212016 0.0753236 0.0849495 0.1230883 0.1123848 0.1158615 0.1239615 0.0000000 0.0871042 0.1421014 0.1300799 0.1217112 0.0695718 0.0957019 0.0844261 0.0233242 0.1032985 0.0776745 0.0741967 0.1159152 0.1254330 0.0619287 0.0830436 
Pseudochiridae_Pseudochirulus_forbesi        0.0792571 0.1188990 0.0842575 0.0846533 0.0835860 0.1179357 0.0885353 0.0822401 0.0886377 0.1075207 0.0837338 0.1319758 0.1184189 0.0824673 0.0655834 0.1303220 0.1166643 0.1196307 0.1133365 0.0871042 0.0000000 0.1469760 0.1357947 0.1279797 0.0926849 0.1008314 0.0521816 0.0898758 0.0918888 0.0612253 0.0811091 0.1190331 0.1173760 0.0187349 0.0732377 
Didelphidae_Didelphis_virginiana             0.1361234 0.1535545 0.1293328 0.1371175 0.1356589 0.1520427 0.1400427 0.1332600 0.1476257 0.1424723 0.1351251 0.1642781 0.1519129 0.1397280 0.1402951 0.1599366 0.1504264 0.1604195 0.1584657 0.1421014 0.1469760 0.0000000 0.0388391 0.1604401 0.1483557 0.1229334 0.1375423 0.1416932 0.1709777 0.1240986 0.1384398 0.1519109 0.1553146 0.0919013 0.0964535 
Marmosidae_Monodelphis_domestica             0.1255090 0.1470818 0.1234452 0.1233482 0.1227202 0.1402897 0.1358485 0.1298091 0.1333450 0.1375475 0.1305744 0.1514664 0.1484971 0.1331748 0.1313028 0.1507799 0.1383936 0.1502743 0.1439598 0.1300799 0.1357947 0.0388391 0.0000000 0.1535208 0.1391143 0.1132842 0.1314191 0.1295252 0.1583181 0.1137647 0.1319818 0.1405497 0.1435733 0.0856699 0.0920819 
Dasyuridae_Antechinus_stuartii               0.1144218 0.1319224 0.1117138 0.1188058 0.1190447 0.0203957 0.1227909 0.1135041 0.1267710 0.1285215 0.1135876 0.0093311 0.0258582 0.1165354 0.1114584 0.0099329 0.0208690 0.0277150 0.1349814 0.1217112 0.1279797 0.1604401 0.1535208 0.0000000 0.1309734 0.1057696 0.1190422 0.1260972 0.1343729 0.0985560 0.1138526 0.0199618 0.1368011 0.0888275 0.0972197 
Hypsiprymnodontidae_Hypsiprymnodon_moschatus 0.0815144 0.1192087 0.0805415 0.0643778 0.0635330 0.1211806 0.0824237 0.0792387 0.0671671 0.1182397 0.0800044 0.1337737 0.1256090 0.0811340 0.0862537 0.1301293 0.1190628 0.1222190 0.1272023 0.0695718 0.0926849 0.1483557 0.1391143 0.1309734 0.0000000 0.0990913 0.0882678 0.0740190 0.1100290 0.0822676 0.0810706 0.1227069 0.1283982 0.0765115 0.1010589 
Microbiotheriidae_Dromiciops_gliroides       0.0883707 0.1072824 0.0821331 0.0930384 0.0926230 0.0957375 0.0986313 0.0954354 0.0998628 0.1063747 0.0960608 0.1064934 0.0994458 0.0952130 0.0936570 0.1050573 0.0944464 0.0991682 0.1109385 0.0957019 0.1008314 0.1229334 0.1132842 0.1057696 0.0990913 0.0000000 0.0956539 0.0977889 0.1176734 0.0817048 0.0939562 0.0964346 0.1095562 0.0583837 0.0688969 
Pseudochiridae_Petauroides_volans            0.0721515 0.1132223 0.0750032 0.0814406 0.0798904 0.1104230 0.0824862 0.0786377 0.0836899 0.1117701 0.0822547 0.1233236 0.1146006 0.0808808 0.0714299 0.1222262 0.1119652 0.1143482 0.1190607 0.0844261 0.0521816 0.1375423 0.1314191 0.1190422 0.0882678 0.0956539 0.0000000 0.0876454 0.0864249 0.0630657 0.0779968 0.1119745 0.1186177 0.0187958 0.0673585 
Macropodidae_Wallabia_bicolor                0.0777129 0.1215487 0.0733400 0.0346161 0.0339987 0.1174323 0.0808197 0.0748766 0.0406862 0.1128275 0.0772970 0.1311050 0.1243717 0.0756342 0.0840889 0.1267549 0.1154249 0.1218655 0.1250720 0.0233242 0.0898758 0.1416932 0.1295252 0.1260972 0.0740190 0.0977889 0.0876454 0.0000000 0.1058381 0.0745053 0.0745008 0.1190159 0.1246422 0.0502438 0.0765515 
Tarsipedidae_Tarsipes_rostratus              0.0983816 0.1395985 0.0999501 0.1013289 0.0995376 0.1307742 0.1060318 0.0988022 0.1054225 0.1341923 0.1019189 0.1416351 0.1324672 0.1015380 0.0866642 0.1338687 0.1299333 0.1347103 0.1388920 0.1032985 0.0918888 0.1709777 0.1583181 0.1343729 0.1100290 0.1176734 0.0864249 0.1058381 0.0000000 0.0806222 0.0989754 0.1338393 0.1420216 0.0631266 0.0972391 
Acrobatidae_Distoechurus_pennatus            0.0692492 0.1023781 0.0729630 0.0749163 0.0742272 0.0952773 0.0763741 0.0691254 0.0826508 0.0944904 0.0719645 0.1062771 0.0975499 0.0706131 0.0472046 0.1032808 0.0930256 0.0974658 0.1074838 0.0776745 0.0612253 0.1240986 0.1137647 0.0985560 0.0822676 0.0817048 0.0630657 0.0745053 0.0806222 0.0000000 0.0699437 0.0962948 0.1006745 0.0430538 0.0796198 
Phalangeridae_Phalanger_carmelitae           0.0661377 0.1149419 0.0697759 0.0685159 0.0671281 0.1089085 0.0291520 0.0118441 0.0747310 0.1015002 0.0179363 0.1171311 0.1121113 0.0045774 0.0750495 0.1155416 0.1081315 0.1144275 0.1126907 0.0741967 0.0811091 0.1384398 0.1319818 0.1138526 0.0810706 0.0939562 0.0779968 0.0745008 0.0989754 0.0699437 0.0000000 0.1098335 0.1095929 0.0451840 0.0718730 
Dasyuridae_Dasyurus_geffroii                 0.1074555 0.1320434 0.1028417 0.1132391 0.1134311 0.0054284 0.1188304 0.1083632 0.1210162 0.1242970 0.1111573 0.0217462 0.0228472 0.1112437 0.1075089 0.0213946 0.0066881 0.0246967 0.1302436 0.1159152 0.1190331 0.1519109 0.1405497 0.0199618 0.1227069 0.0964346 0.1119745 0.1190159 0.1338393 0.0962948 0.1098335 0.0000000 0.1319248 0.0852592 0.0920190 
Peramelidae_Perameles_gunnii                 0.1107919 0.1239256 0.1082603 0.1158042 0.1173170 0.1331400 0.1158892 0.1087439 0.1231334 0.0018368 0.1098306 0.1445305 0.1331039 0.1103348 0.1098377 0.1393428 0.1339198 0.1358922 0.0231971 0.1254330 0.1173760 0.1553146 0.1435733 0.1368011 0.1283982 0.1095562 0.1186177 0.1246422 0.1420216 0.1006745 0.1095929 0.1319248 0.0000000 0.0689542 0.0239215 
Pseudochiridae_Pseudocheirus_occidentalis    0.0571573 0.0727372 0.0577167 0.0510023 0.0521271 0.0832476 0.0618627 0.0497781 0.0553070 0.0688176 0.0518452 0.0990903 0.0846526 0.0474155 0.0452507 0.0935531 0.0815263 0.0742008 0.0651453 0.0619287 0.0187349 0.0919013 0.0856699 0.0888275 0.0765115 0.0583837 0.0187958 0.0502438 0.0631266 0.0430538 0.0451840 0.0852592 0.0689542 0.0000000 0.0683400 
Peramelidae_Peroryctes_raffrayana            0.0800698 0.0882423 0.0747476 0.0763130 0.0773615 0.0931040 0.0850236 0.0733362 0.0811740 0.0241403 0.0745185 0.1087791 0.0965732 0.0748162 0.0694703 0.0938736 0.0888211 0.0888529 0.0199446 0.0830436 0.0732377 0.0964535 0.0920819 0.0972197 0.1010589 0.0688969 0.0673585 0.0765515 0.0972391 0.0796198 0.0718730 0.0920190 0.0239215 0.0683400 0.0000000 
