35
Burramyidae_Burramys_parvus                  0.0000000 0.1090339 0.0341140 0.0424368 0.0444629 0.0478447 0.0410758 0.0375417 0.0414003 0.0442759 0.0400323 0.0472389 0.0537779 0.0349471 0.0278092 0.0524211 0.0479868 0.0486732 0.0476859 0.0438565 0.0583398 0.0515404 0.0539171 0.0583901 0.0539112 0.0370264 0.0505022 0.0435018 0.0386912 0.0419079 0.0354751 0.0294942 0.0459885 0.0488340 0.0453798 
Notoryctidae_Notoryctes_typhlops             0.1090339 0.0000000 0.1081736 0.1278332 0.1265268 0.1167056 0.1266942 0.1242357 0.1261597 0.1092991 0.1127160 0.1158780 0.1322187 0.1267008 0.1072641 0.1246723 0.1156595 0.1197827 0.1134942 0.1331642 0.1503475 0.1237585 0.1241823 0.1288028 0.1464383 0.0982589 0.1222669 0.1292423 0.1168579 0.1237820 0.1154602 0.1160477 0.1100335 0.1190724 0.1091569 
Vombatidae_Lasiorhinus_latifrons             0.0341140 0.1081736 0.0000000 0.0438791 0.0448084 0.0459286 0.0446275 0.0405158 0.0420486 0.0428596 0.0464856 0.0456788 0.0489944 0.0472832 0.0325781 0.0526175 0.0466907 0.0499296 0.0468890 0.0472163 0.0618117 0.0484460 0.0500427 0.0572174 0.0623994 0.0355983 0.0523905 0.0440229 0.0448963 0.0466719 0.0357008 0.0393463 0.0438760 0.0477961 0.0443189 
Potoroidae_Bettongia_penicillata             0.0424368 0.1278332 0.0438791 0.0000000 0.0045549 0.0551835 0.0556175 0.0505795 0.0080321 0.0563717 0.0555686 0.0522211 0.0515593 0.0559326 0.0409999 0.0610210 0.0542404 0.0567209 0.0600088 0.0254740 0.0743484 0.0563925 0.0585223 0.0662505 0.0466856 0.0482357 0.0647069 0.0253629 0.0547578 0.0561888 0.0473334 0.0467238 0.0567328 0.0564065 0.0579016 
Potoroidae_Bettongia_lesueur                 0.0444629 0.1265268 0.0448084 0.0045549 0.0000000 0.0558413 0.0563136 0.0509939 0.0101149 0.0577392 0.0573789 0.0528543 0.0532916 0.0573446 0.0415560 0.0617232 0.0548882 0.0569007 0.0596053 0.0280815 0.0736922 0.0573995 0.0588137 0.0662339 0.0495914 0.0488875 0.0655869 0.0276944 0.0551508 0.0572300 0.0472763 0.0476421 0.0570503 0.0570730 0.0585805 
Dasyuridae_Dasyurus_maculatus                0.0478447 0.1167056 0.0459286 0.0551835 0.0558413 0.0000000 0.0607505 0.0556386 0.0553887 0.0501486 0.0570134 0.0114057 0.0168672 0.0597528 0.0463029 0.0196352 0.0043130 0.0187873 0.0528650 0.0605880 0.0781771 0.0506420 0.0523496 0.0245295 0.0711960 0.0380865 0.0658247 0.0568518 0.0564553 0.0587336 0.0519182 0.0499753 0.0508571 0.0034476 0.0508564 
Phalangeridae_Trichosurus_vulpecula          0.0410758 0.1266942 0.0446275 0.0556175 0.0563136 0.0607505 0.0000000 0.0237387 0.0534030 0.0553125 0.0334699 0.0590022 0.0553466 0.0376867 0.0418548 0.0678661 0.0604619 0.0619003 0.0596674 0.0603928 0.0686117 0.0651210 0.0648566 0.0710741 0.0719372 0.0501437 0.0633066 0.0573468 0.0542653 0.0559604 0.0480405 0.0293813 0.0550482 0.0616432 0.0554973 
Phalangeridae_Spilocuscus_maculatus          0.0375417 0.1242357 0.0405158 0.0505795 0.0509939 0.0556386 0.0237387 0.0000000 0.0494571 0.0532818 0.0202637 0.0550348 0.0614032 0.0214777 0.0318284 0.0632353 0.0551461 0.0569770 0.0542074 0.0551481 0.0540961 0.0599237 0.0608981 0.0664596 0.0733222 0.0428395 0.0529351 0.0499310 0.0418099 0.0528294 0.0428282 0.0129622 0.0512028 0.0569332 0.0522729 
Potoroidae_Aepyprymnus_rufescens             0.0414003 0.1261597 0.0420486 0.0080321 0.0101149 0.0553887 0.0534030 0.0494571 0.0000000 0.0545628 0.0526573 0.0524125 0.0489380 0.0554558 0.0417036 0.0602065 0.0544405 0.0568178 0.0587806 0.0236301 0.0738221 0.0558562 0.0586754 0.0654445 0.0468156 0.0471992 0.0641515 0.0241357 0.0544500 0.0539110 0.0470787 0.0461786 0.0551023 0.0565916 0.0560761 
Peramelidae_Perameles_nasuta                 0.0442759 0.1092991 0.0428596 0.0563717 0.0577392 0.0501486 0.0553125 0.0532818 0.0545628 0.0000000 0.0544294 0.0483499 0.0531213 0.0447526 0.0426915 0.0506573 0.0499387 0.0521034 0.0112265 0.0555941 0.0725679 0.0517641 0.0538757 0.0577422 0.0617340 0.0377972 0.0671005 0.0563340 0.0544131 0.0582102 0.0488499 0.0438398 0.0074087 0.0511767 0.0009719 
Phalangeridae_Strigocuscus_pelengensis       0.0400323 0.1127160 0.0464856 0.0555686 0.0573789 0.0570134 0.0334699 0.0202637 0.0526573 0.0544294 0.0000000 0.0585346 0.0515527 0.0293347 0.0412315 0.0650202 0.0573715 0.0619766 0.0598623 0.0564374 0.0617598 0.0663415 0.0661405 0.0684502 0.0752623 0.0507982 0.0612730 0.0540142 0.0455235 0.0612731 0.0509722 0.0171702 0.0569521 0.0583418 0.0579480 
Dasyuridae_Phascogale_tapoatafa              0.0472389 0.1158780 0.0456788 0.0522211 0.0528543 0.0114057 0.0590022 0.0550348 0.0524125 0.0483499 0.0585346 0.0000000 0.0154331 0.0576749 0.0451110 0.0102025 0.0104674 0.0173233 0.0512175 0.0564826 0.0788974 0.0512033 0.0510573 0.0187974 0.0690344 0.0380365 0.0653742 0.0541486 0.0567881 0.0574140 0.0521294 0.0486845 0.0491143 0.0119767 0.0495888 
Dasyuridae_Sminthopsis_macroura              0.0537779 0.1322187 0.0489944 0.0515593 0.0532916 0.0168672 0.0553466 0.0614032 0.0489380 0.0531213 0.0515527 0.0154331 0.0000000 0.0545352 0.0553343 0.0149334 0.0159214 0.0208444 0.0535611 0.0528596 0.0596381 0.0605045 0.0630258 0.0141642 0.0577141 0.0431356 0.0680215 0.0538743 0.0649426 0.0743012 0.0672432 0.0539323 0.0530043 0.0168868 0.0550439 
Phalangeridae_Phalanger_orientalis           0.0349471 0.1267008 0.0472832 0.0559326 0.0573446 0.0597528 0.0376867 0.0214777 0.0554558 0.0447526 0.0293347 0.0576749 0.0545352 0.0000000 0.0404705 0.0630969 0.0587692 0.0608255 0.0596151 0.0574390 0.0732827 0.0658170 0.0642452 0.0685729 0.0736115 0.0519446 0.0628951 0.0558832 0.0512044 0.0552581 0.0466823 0.0154583 0.0533178 0.0610112 0.0561865 
Acrobatidae_Acrobates_pygmaeus               0.0278092 0.1072641 0.0325781 0.0409999 0.0415560 0.0463029 0.0418548 0.0318284 0.0417036 0.0426915 0.0412315 0.0451110 0.0553343 0.0404705 0.0000000 0.0524840 0.0454180 0.0497256 0.0455680 0.0446088 0.0518097 0.0480577 0.0474300 0.0566327 0.0581074 0.0326230 0.0409878 0.0421000 0.0308780 0.0354624 0.0208687 0.0333727 0.0417064 0.0475235 0.0426621 
Dasyuridae_Phascogale_calura                 0.0524211 0.1246723 0.0526175 0.0610210 0.0617232 0.0196352 0.0678661 0.0632353 0.0602065 0.0506573 0.0650202 0.0102025 0.0149334 0.0630969 0.0524840 0.0000000 0.0180237 0.0242609 0.0570367 0.0637169 0.0839534 0.0593226 0.0588903 0.0200065 0.0771355 0.0460250 0.0738135 0.0620365 0.0615443 0.0649140 0.0589083 0.0553630 0.0561786 0.0202070 0.0553372 
Dasyuridae_Sarcophilus_harrisii              0.0479868 0.1156595 0.0466907 0.0542404 0.0548882 0.0043130 0.0604619 0.0551461 0.0544405 0.0499387 0.0573715 0.0104674 0.0159214 0.0587692 0.0454180 0.0180237 0.0000000 0.0173516 0.0522616 0.0589204 0.0781185 0.0526337 0.0517729 0.0228557 0.0704591 0.0387607 0.0656771 0.0558866 0.0568672 0.0577108 0.0510085 0.0497414 0.0502514 0.0048824 0.0502845 
Dasyuridae_Planigale_tenuirostris            0.0486732 0.1197827 0.0499296 0.0567209 0.0569007 0.0187873 0.0619003 0.0569770 0.0568178 0.0521034 0.0619766 0.0173233 0.0208444 0.0608255 0.0497256 0.0242609 0.0173516 0.0000000 0.0542817 0.0607223 0.0841466 0.0511411 0.0503614 0.0307125 0.0735291 0.0417698 0.0666890 0.0591810 0.0561835 0.0617690 0.0568027 0.0492955 0.0514658 0.0194191 0.0520915 
Peramelidae_Echymipera_kalubu                0.0476859 0.1134942 0.0468890 0.0600088 0.0596053 0.0528650 0.0596674 0.0542074 0.0587806 0.0112265 0.0598623 0.0512175 0.0535611 0.0596151 0.0455680 0.0570367 0.0522616 0.0542817 0.0000000 0.0624024 0.0755315 0.0535135 0.0563716 0.0611188 0.0766039 0.0406312 0.0677524 0.0613422 0.0561639 0.0600546 0.0513147 0.0515239 0.0088825 0.0537416 0.0102552 
Macropodidae_Dorcopsulus_vanheurni           0.0438565 0.1331642 0.0472163 0.0254740 0.0280815 0.0605880 0.0603928 0.0551481 0.0236301 0.0555941 0.0564374 0.0564826 0.0528596 0.0574390 0.0446088 0.0637169 0.0589204 0.0607223 0.0624024 0.0000000 0.0768176 0.0614958 0.0611821 0.0687283 0.0537736 0.0543465 0.0667056 0.0113511 0.0570088 0.0605068 0.0507195 0.0495247 0.0588263 0.0611587 0.0592079 
Pseudochiridae_Pseudochirulus_forbesi        0.0583398 0.1503475 0.0618117 0.0743484 0.0736922 0.0781771 0.0686117 0.0540961 0.0738221 0.0725679 0.0617598 0.0788974 0.0596381 0.0732827 0.0518097 0.0839534 0.0781185 0.0841466 0.0755315 0.0768176 0.0000000 0.0797849 0.0807567 0.0883530 0.0948216 0.0694932 0.0614996 0.0761764 0.0355408 0.0638026 0.0600523 0.0642497 0.0731139 0.0798875 0.0749426 
Didelphidae_Didelphis_virginiana             0.0515404 0.1237585 0.0484460 0.0563925 0.0573995 0.0506420 0.0651210 0.0599237 0.0558562 0.0517641 0.0663415 0.0512033 0.0605045 0.0658170 0.0480577 0.0593226 0.0526337 0.0511411 0.0535135 0.0614958 0.0797849 0.0000000 0.0161128 0.0638478 0.0725449 0.0429542 0.0693161 0.0600190 0.0600803 0.0629017 0.0544771 0.0551224 0.0517078 0.0527452 0.0522463 
Marmosidae_Monodelphis_domestica             0.0539171 0.1241823 0.0500427 0.0585223 0.0588137 0.0523496 0.0648566 0.0608981 0.0586754 0.0538757 0.0661405 0.0510573 0.0630258 0.0642452 0.0474300 0.0588903 0.0517729 0.0503614 0.0563716 0.0611821 0.0807567 0.0161128 0.0000000 0.0651257 0.0737044 0.0443404 0.0698067 0.0607700 0.0619308 0.0615959 0.0559296 0.0540053 0.0530121 0.0535835 0.0540093 
Dasyuridae_Antechinus_stuartii               0.0583901 0.1288028 0.0572174 0.0662505 0.0662339 0.0245295 0.0710741 0.0664596 0.0654445 0.0577422 0.0684502 0.0187974 0.0141642 0.0685729 0.0566327 0.0200065 0.0228557 0.0307125 0.0611188 0.0687283 0.0883530 0.0638478 0.0651257 0.0000000 0.0827745 0.0520724 0.0795072 0.0669619 0.0701893 0.0705654 0.0647970 0.0604832 0.0597372 0.0251062 0.0597854 
Hypsiprymnodontidae_Hypsiprymnodon_moschatus 0.0539112 0.1464383 0.0623994 0.0466856 0.0495914 0.0711960 0.0719372 0.0733222 0.0468156 0.0617340 0.0752623 0.0690344 0.0577141 0.0736115 0.0581074 0.0771355 0.0704591 0.0735291 0.0766039 0.0537736 0.0948216 0.0725449 0.0737044 0.0827745 0.0000000 0.0635683 0.0831597 0.0516328 0.0707346 0.0737061 0.0662321 0.0652954 0.0702861 0.0731154 0.0746468 
Microbiotheriidae_Dromiciops_gliroides       0.0370264 0.0982589 0.0355983 0.0482357 0.0488875 0.0380865 0.0501437 0.0428395 0.0471992 0.0377972 0.0507982 0.0380365 0.0431356 0.0519446 0.0326230 0.0460250 0.0387607 0.0417698 0.0406312 0.0543465 0.0694932 0.0429542 0.0443404 0.0520724 0.0635683 0.0000000 0.0547747 0.0516363 0.0449037 0.0463878 0.0405427 0.0432298 0.0386169 0.0395117 0.0386199 
Pseudochiridae_Petauroides_volans            0.0505022 0.1222669 0.0523905 0.0647069 0.0655869 0.0658247 0.0633066 0.0529351 0.0641515 0.0671005 0.0612730 0.0653742 0.0680215 0.0628951 0.0409878 0.0738135 0.0656771 0.0666890 0.0677524 0.0667056 0.0614996 0.0693161 0.0698067 0.0795072 0.0831597 0.0547747 0.0000000 0.0651627 0.0400967 0.0560530 0.0479244 0.0538124 0.0657688 0.0682491 0.0646892 
Macropodidae_Wallabia_bicolor                0.0435018 0.1292423 0.0440229 0.0253629 0.0276944 0.0568518 0.0573468 0.0499310 0.0241357 0.0563340 0.0540142 0.0541486 0.0538743 0.0558832 0.0421000 0.0620365 0.0558866 0.0591810 0.0613422 0.0113511 0.0761764 0.0600190 0.0607700 0.0669619 0.0516328 0.0516363 0.0651627 0.0000000 0.0545568 0.0578411 0.0482015 0.0476043 0.0583268 0.0580638 0.0577567 
Pseudochiridae_Pseudocheirus_occidentalis    0.0386912 0.1168579 0.0448963 0.0547578 0.0551508 0.0564553 0.0542653 0.0418099 0.0544500 0.0544131 0.0455235 0.0567881 0.0649426 0.0512044 0.0308780 0.0615443 0.0568672 0.0561835 0.0561639 0.0570088 0.0355408 0.0600803 0.0619308 0.0701893 0.0707346 0.0449037 0.0400967 0.0545568 0.0000000 0.0444763 0.0394248 0.0444019 0.0563035 0.0584742 0.0536961 
Tarsipedidae_Tarsipes_rostratus              0.0419079 0.1237820 0.0466719 0.0561888 0.0572300 0.0587336 0.0559604 0.0528294 0.0539110 0.0582102 0.0612731 0.0574140 0.0743012 0.0552581 0.0354624 0.0649140 0.0577108 0.0617690 0.0600546 0.0605068 0.0638026 0.0629017 0.0615959 0.0705654 0.0737061 0.0463878 0.0560530 0.0578411 0.0444763 0.0000000 0.0421003 0.0481829 0.0581834 0.0603201 0.0572112 
Acrobatidae_Distoechurus_pennatus            0.0354751 0.1154602 0.0357008 0.0473334 0.0472763 0.0519182 0.0480405 0.0428282 0.0470787 0.0488499 0.0509722 0.0521294 0.0672432 0.0466823 0.0208687 0.0589083 0.0510085 0.0568027 0.0513147 0.0507195 0.0600523 0.0544771 0.0559296 0.0647970 0.0662321 0.0405427 0.0479244 0.0482015 0.0394248 0.0421003 0.0000000 0.0404109 0.0483817 0.0531407 0.0493017 
Phalangeridae_Phalanger_carmelitae           0.0294942 0.1160477 0.0393463 0.0467238 0.0476421 0.0499753 0.0293813 0.0129622 0.0461786 0.0438398 0.0171702 0.0486845 0.0539323 0.0154583 0.0333727 0.0553630 0.0497414 0.0492955 0.0515239 0.0495247 0.0642497 0.0551224 0.0540053 0.0604832 0.0652954 0.0432298 0.0538124 0.0476043 0.0444019 0.0481829 0.0404109 0.0000000 0.0470240 0.0512051 0.0482424 
Peramelidae_Peroryctes_raffrayana            0.0459885 0.1100335 0.0438760 0.0567328 0.0570503 0.0508571 0.0550482 0.0512028 0.0551023 0.0074087 0.0569521 0.0491143 0.0530043 0.0533178 0.0417064 0.0561786 0.0502514 0.0514658 0.0088825 0.0588263 0.0731139 0.0517078 0.0530121 0.0597372 0.0702861 0.0386169 0.0657688 0.0583268 0.0563035 0.0581834 0.0483817 0.0470240 0.0000000 0.0521249 0.0070083 
Dasyuridae_Dasyurus_geffroii                 0.0488340 0.1190724 0.0477961 0.0564065 0.0570730 0.0034476 0.0616432 0.0569332 0.0565916 0.0511767 0.0583418 0.0119767 0.0168868 0.0610112 0.0475235 0.0202070 0.0048824 0.0194191 0.0537416 0.0611587 0.0798875 0.0527452 0.0535835 0.0251062 0.0731154 0.0395117 0.0682491 0.0580638 0.0584742 0.0603201 0.0531407 0.0512051 0.0521249 0.0000000 0.0520838 
Peramelidae_Perameles_gunnii                 0.0453798 0.1091569 0.0443189 0.0579016 0.0585805 0.0508564 0.0554973 0.0522729 0.0560761 0.0009719 0.0579480 0.0495888 0.0550439 0.0561865 0.0426621 0.0553372 0.0502845 0.0520915 0.0102552 0.0592079 0.0749426 0.0522463 0.0540093 0.0597854 0.0746468 0.0386199 0.0646892 0.0577567 0.0536961 0.0572112 0.0493017 0.0482424 0.0070083 0.0520838 0.0000000 
