35
Burramyidae_Burramys_parvus                  0.0000000 0.0598754 0.0422381 0.0417105 0.0421146 0.0582821 0.0338239 0.0350318 0.0402992 0.0684699 0.0339456 0.0572970 0.0560182 0.0344243 0.0414018 0.0587125 0.0569174 0.0599486 0.0622235 0.0403253 0.0429313 0.0654963 0.0650201 0.0585864 0.0415627 0.0551954 0.0379379 0.0401090 0.0435409 0.0497239 0.0428021 0.0352198 0.0687561 0.0571382 0.0695352 
Notoryctidae_Notoryctes_typhlops             0.0598754 0.0000000 0.0608034 0.0654996 0.0660486 0.0756969 0.0618057 0.0635542 0.0638295 0.0791993 0.0612350 0.0710934 0.0730403 0.0637185 0.0676491 0.0730338 0.0742581 0.0744738 0.0724603 0.0657581 0.0673454 0.0772677 0.0703564 0.0724176 0.0675541 0.0624629 0.0611199 0.0655012 0.0682775 0.0759412 0.0661676 0.0631844 0.0755284 0.0740912 0.0797968 
Vombatidae_Lasiorhinus_latifrons             0.0422381 0.0608034 0.0000000 0.0430429 0.0432011 0.0560189 0.0389950 0.0385345 0.0420650 0.0635090 0.0391545 0.0550362 0.0548885 0.0396354 0.0468109 0.0562506 0.0549237 0.0588363 0.0579566 0.0425707 0.0477595 0.0624780 0.0606481 0.0568240 0.0431339 0.0510351 0.0427443 0.0416455 0.0470462 0.0586729 0.0459868 0.0393585 0.0623528 0.0551423 0.0648581 
Potoroidae_Bettongia_penicillata             0.0417105 0.0654996 0.0430429 0.0000000 0.0018590 0.0651474 0.0379708 0.0392397 0.0072429 0.0705202 0.0378542 0.0654473 0.0638842 0.0396638 0.0438021 0.0667449 0.0643235 0.0644610 0.0631531 0.0157362 0.0431171 0.0686792 0.0600331 0.0675839 0.0278971 0.0621691 0.0394096 0.0143432 0.0430037 0.0560139 0.0424004 0.0398382 0.0708470 0.0629463 0.0713286 
Potoroidae_Bettongia_lesueur                 0.0421146 0.0660486 0.0432011 0.0018590 0.0000000 0.0656225 0.0381313 0.0398785 0.0074144 0.0693043 0.0385170 0.0650718 0.0638295 0.0400964 0.0435446 0.0663349 0.0647964 0.0646425 0.0627439 0.0161040 0.0432817 0.0680574 0.0596029 0.0672989 0.0282854 0.0624319 0.0400578 0.0147064 0.0431702 0.0566377 0.0429548 0.0404783 0.0696620 0.0636840 0.0701427 
Dasyuridae_Dasyurus_maculatus                0.0582821 0.0756969 0.0560189 0.0651474 0.0656225 0.0000000 0.0565073 0.0598202 0.0632572 0.0732136 0.0622760 0.0142869 0.0178782 0.0610690 0.0668680 0.0136544 0.0055244 0.0222102 0.0671112 0.0621813 0.0691651 0.0708971 0.0639091 0.0138401 0.0657554 0.0694352 0.0653699 0.0636974 0.0691832 0.0759363 0.0668792 0.0612352 0.0723232 0.0060489 0.0749422 
Phalangeridae_Trichosurus_vulpecula          0.0338239 0.0618057 0.0389950 0.0379708 0.0381313 0.0565073 0.0000000 0.0128267 0.0359876 0.0632163 0.0132407 0.0560652 0.0538556 0.0137493 0.0394355 0.0568342 0.0552242 0.0549699 0.0602607 0.0353600 0.0402980 0.0663042 0.0608005 0.0583589 0.0352605 0.0546768 0.0355713 0.0349436 0.0417953 0.0535571 0.0403589 0.0131781 0.0667146 0.0549170 0.0650942 
Phalangeridae_Spilocuscus_maculatus          0.0350318 0.0635542 0.0385345 0.0392397 0.0398785 0.0598202 0.0128267 0.0000000 0.0374838 0.0632204 0.0064506 0.0581014 0.0563187 0.0065156 0.0405278 0.0581987 0.0582104 0.0579861 0.0609781 0.0385871 0.0411505 0.0659349 0.0593786 0.0612333 0.0369365 0.0565580 0.0377035 0.0377095 0.0417073 0.0544657 0.0412303 0.0068579 0.0655870 0.0586597 0.0650511 
Potoroidae_Aepyprymnus_rufescens             0.0402992 0.0638295 0.0420650 0.0072429 0.0074144 0.0632572 0.0359876 0.0374838 0.0000000 0.0676354 0.0366900 0.0644202 0.0611812 0.0374541 0.0430590 0.0650556 0.0624703 0.0618123 0.0614343 0.0136600 0.0416355 0.0661095 0.0578999 0.0654460 0.0268289 0.0598092 0.0371192 0.0121138 0.0401759 0.0547072 0.0409832 0.0384751 0.0672031 0.0621194 0.0684647 
Peramelidae_Perameles_nasuta                 0.0684699 0.0791993 0.0635090 0.0705202 0.0693043 0.0732136 0.0632163 0.0632204 0.0676354 0.0000000 0.0634903 0.0740264 0.0714834 0.0645152 0.0704024 0.0732766 0.0730571 0.0758618 0.0132147 0.0684690 0.0674617 0.0816232 0.0796676 0.0738631 0.0676271 0.0736129 0.0644278 0.0669575 0.0685798 0.0828511 0.0697335 0.0639001 0.0165990 0.0718640 0.0012021 
Phalangeridae_Strigocuscus_pelengensis       0.0339456 0.0612350 0.0391545 0.0378542 0.0385170 0.0622760 0.0132407 0.0064506 0.0366900 0.0634903 0.0000000 0.0612707 0.0594438 0.0066394 0.0391362 0.0619079 0.0609128 0.0583994 0.0608896 0.0380488 0.0407163 0.0665932 0.0583439 0.0634305 0.0375158 0.0556348 0.0372358 0.0364033 0.0415477 0.0545661 0.0396785 0.0070010 0.0667196 0.0605858 0.0654090 
Dasyuridae_Phascogale_tapoatafa              0.0572970 0.0710934 0.0550362 0.0654473 0.0650718 0.0142869 0.0560652 0.0581014 0.0644202 0.0740264 0.0612707 0.0000000 0.0177025 0.0603867 0.0658382 0.0042698 0.0146562 0.0198488 0.0669270 0.0612114 0.0681270 0.0724596 0.0665302 0.0071121 0.0645028 0.0636736 0.0640474 0.0632469 0.0679546 0.0727915 0.0663264 0.0605532 0.0723643 0.0144641 0.0757626 
Dasyuridae_Sminthopsis_macroura              0.0560182 0.0730403 0.0548885 0.0638842 0.0638295 0.0178782 0.0538556 0.0563187 0.0611812 0.0714834 0.0594438 0.0177025 0.0000000 0.0580326 0.0632766 0.0171229 0.0172753 0.0157562 0.0668765 0.0606975 0.0651692 0.0731260 0.0688404 0.0171462 0.0632111 0.0665741 0.0616422 0.0619422 0.0646416 0.0736647 0.0640474 0.0581980 0.0720036 0.0170736 0.0731820 
Phalangeridae_Phalanger_orientalis           0.0344243 0.0637185 0.0396354 0.0396638 0.0400964 0.0610690 0.0137493 0.0065156 0.0374541 0.0645152 0.0066394 0.0603867 0.0580326 0.0000000 0.0407076 0.0607035 0.0597328 0.0588049 0.0617363 0.0385711 0.0424741 0.0672818 0.0610373 0.0625665 0.0382088 0.0570452 0.0379121 0.0372593 0.0426083 0.0546786 0.0403374 0.0037324 0.0677068 0.0588799 0.0658688 
Acrobatidae_Acrobates_pygmaeus               0.0414018 0.0676491 0.0468109 0.0438021 0.0435446 0.0668680 0.0394355 0.0405278 0.0430590 0.0704024 0.0391362 0.0658382 0.0632766 0.0407076 0.0000000 0.0677831 0.0652018 0.0637660 0.0658092 0.0424104 0.0396044 0.0706130 0.0638423 0.0672861 0.0436163 0.0606787 0.0363728 0.0410298 0.0412833 0.0471473 0.0253866 0.0404422 0.0686989 0.0643435 0.0715743 
Dasyuridae_Phascogale_calura                 0.0587125 0.0730338 0.0562506 0.0667449 0.0663349 0.0136544 0.0568342 0.0581987 0.0650556 0.0732766 0.0619079 0.0042698 0.0171229 0.0607035 0.0677831 0.0000000 0.0138520 0.0192856 0.0657287 0.0623696 0.0676607 0.0737713 0.0676668 0.0066709 0.0648674 0.0639214 0.0646858 0.0643334 0.0686180 0.0774206 0.0651491 0.0611560 0.0712277 0.0146647 0.0747787 
Dasyuridae_Sarcophilus_harrisii              0.0569174 0.0742581 0.0549237 0.0643235 0.0647964 0.0055244 0.0552242 0.0582104 0.0624703 0.0730571 0.0609128 0.0146562 0.0172753 0.0597328 0.0652018 0.0138520 0.0000000 0.0208998 0.0664405 0.0608190 0.0668775 0.0689532 0.0634523 0.0132887 0.0649596 0.0689386 0.0625969 0.0623266 0.0664282 0.0729035 0.0638919 0.0598991 0.0717530 0.0056911 0.0747813 
Dasyuridae_Planigale_tenuirostris            0.0599486 0.0744738 0.0588363 0.0644610 0.0646425 0.0222102 0.0549699 0.0579861 0.0618123 0.0758618 0.0583994 0.0198488 0.0157562 0.0588049 0.0637660 0.0192856 0.0208998 0.0000000 0.0688274 0.0607640 0.0662700 0.0742712 0.0683993 0.0203541 0.0645910 0.0680703 0.0601750 0.0615491 0.0661254 0.0758101 0.0645990 0.0596036 0.0735676 0.0217551 0.0777034 
Peramelidae_Echymipera_kalubu                0.0622235 0.0724603 0.0579566 0.0631531 0.0627439 0.0671112 0.0602607 0.0609781 0.0614343 0.0132147 0.0608896 0.0669270 0.0668765 0.0617363 0.0658092 0.0657287 0.0664405 0.0688274 0.0000000 0.0621717 0.0643706 0.0754041 0.0698393 0.0676695 0.0629794 0.0663674 0.0621310 0.0602639 0.0651188 0.0782921 0.0664996 0.0613868 0.0112715 0.0650460 0.0143464 
Macropodidae_Dorcopsulus_vanheurni           0.0403253 0.0657581 0.0425707 0.0157362 0.0161040 0.0621813 0.0353600 0.0385871 0.0136600 0.0684690 0.0380488 0.0612114 0.0606975 0.0385711 0.0424104 0.0623696 0.0608190 0.0607640 0.0621717 0.0000000 0.0439147 0.0689931 0.0596909 0.0637934 0.0246096 0.0625500 0.0398334 0.0048181 0.0427367 0.0546182 0.0412672 0.0385301 0.0684943 0.0595059 0.0693083 
Pseudochiridae_Pseudochirulus_forbesi        0.0429313 0.0673454 0.0477595 0.0431171 0.0432817 0.0691651 0.0402980 0.0411505 0.0416355 0.0674617 0.0407163 0.0681270 0.0651692 0.0424741 0.0396044 0.0676607 0.0668775 0.0662700 0.0643706 0.0439147 0.0000000 0.0706084 0.0664351 0.0686920 0.0433821 0.0595013 0.0172495 0.0423204 0.0129865 0.0448014 0.0387184 0.0422075 0.0687547 0.0674169 0.0677443 
Didelphidae_Didelphis_virginiana             0.0654963 0.0772677 0.0624780 0.0686792 0.0680574 0.0708971 0.0663042 0.0659349 0.0661095 0.0816232 0.0665932 0.0724596 0.0731260 0.0672818 0.0706130 0.0737713 0.0689532 0.0742712 0.0754041 0.0689931 0.0706084 0.0000000 0.0163327 0.0734634 0.0699839 0.0715889 0.0665720 0.0677891 0.0706426 0.0825610 0.0709793 0.0661158 0.0817016 0.0694389 0.0831473 
Marmosidae_Monodelphis_domestica             0.0650201 0.0703564 0.0606481 0.0600331 0.0596029 0.0639091 0.0608005 0.0593786 0.0578999 0.0796676 0.0583439 0.0665302 0.0688404 0.0610373 0.0638423 0.0676668 0.0634523 0.0683993 0.0698393 0.0596909 0.0664351 0.0163327 0.0000000 0.0671473 0.0624979 0.0686547 0.0624801 0.0580760 0.0691653 0.0762661 0.0658326 0.0599880 0.0767539 0.0624038 0.0808013 
Dasyuridae_Antechinus_stuartii               0.0585864 0.0724176 0.0568240 0.0675839 0.0672989 0.0138401 0.0583589 0.0612333 0.0654460 0.0738631 0.0634305 0.0071121 0.0171462 0.0625665 0.0672861 0.0066709 0.0132887 0.0203541 0.0676695 0.0637934 0.0686920 0.0734634 0.0671473 0.0000000 0.0655288 0.0643996 0.0646028 0.0649597 0.0686137 0.0752508 0.0655216 0.0627364 0.0727238 0.0138454 0.0755381 
Hypsiprymnodontidae_Hypsiprymnodon_moschatus 0.0415627 0.0675541 0.0431339 0.0278971 0.0282854 0.0657554 0.0352605 0.0369365 0.0268289 0.0676271 0.0375158 0.0645028 0.0632111 0.0382088 0.0436163 0.0648674 0.0649596 0.0645910 0.0629794 0.0246096 0.0433821 0.0699839 0.0624979 0.0655288 0.0000000 0.0637108 0.0408433 0.0246697 0.0432961 0.0566958 0.0435430 0.0373007 0.0679386 0.0641191 0.0684568 
Microbiotheriidae_Dromiciops_gliroides       0.0551954 0.0624629 0.0510351 0.0621691 0.0624319 0.0694352 0.0546768 0.0565580 0.0598092 0.0736129 0.0556348 0.0636736 0.0665741 0.0570452 0.0606787 0.0639214 0.0689386 0.0680703 0.0663674 0.0625500 0.0595013 0.0715889 0.0686547 0.0643996 0.0637108 0.0000000 0.0574529 0.0602318 0.0615327 0.0674173 0.0589734 0.0565237 0.0694346 0.0672458 0.0744752 
Pseudochiridae_Petauroides_volans            0.0379379 0.0611199 0.0427443 0.0394096 0.0400578 0.0653699 0.0355713 0.0377035 0.0371192 0.0644278 0.0372358 0.0640474 0.0616422 0.0379121 0.0363728 0.0646858 0.0625969 0.0601750 0.0621310 0.0398334 0.0172495 0.0665720 0.0624801 0.0646028 0.0408433 0.0574529 0.0000000 0.0386849 0.0190575 0.0419449 0.0346534 0.0376976 0.0645004 0.0633935 0.0654714 
Macropodidae_Wallabia_bicolor                0.0401090 0.0655012 0.0416455 0.0143432 0.0147064 0.0636974 0.0349436 0.0377095 0.0121138 0.0669575 0.0364033 0.0632469 0.0619422 0.0372593 0.0410298 0.0643334 0.0623266 0.0615491 0.0602639 0.0048181 0.0423204 0.0677891 0.0580760 0.0649597 0.0246697 0.0602318 0.0386849 0.0000000 0.0409038 0.0539423 0.0403605 0.0372200 0.0670075 0.0609948 0.0672405 
Pseudochiridae_Pseudocheirus_occidentalis    0.0435409 0.0682775 0.0470462 0.0430037 0.0431702 0.0691832 0.0417953 0.0417073 0.0401759 0.0685798 0.0415477 0.0679546 0.0646416 0.0426083 0.0412833 0.0686180 0.0664282 0.0661254 0.0651188 0.0427367 0.0129865 0.0706426 0.0691653 0.0686137 0.0432961 0.0615327 0.0190575 0.0409038 0.0000000 0.0468776 0.0390375 0.0423380 0.0693584 0.0663743 0.0693722 
Tarsipedidae_Tarsipes_rostratus              0.0497239 0.0759412 0.0586729 0.0560139 0.0566377 0.0759363 0.0535571 0.0544657 0.0547072 0.0828511 0.0545661 0.0727915 0.0736647 0.0546786 0.0471473 0.0774206 0.0729035 0.0758101 0.0782921 0.0546182 0.0448014 0.0825610 0.0762661 0.0752508 0.0566958 0.0674173 0.0419449 0.0539423 0.0468776 0.0000000 0.0484882 0.0543768 0.0816380 0.0724051 0.0843771 
Acrobatidae_Distoechurus_pennatus            0.0428021 0.0661676 0.0459868 0.0424004 0.0429548 0.0668792 0.0403589 0.0412303 0.0409832 0.0697335 0.0396785 0.0663264 0.0640474 0.0403374 0.0253866 0.0651491 0.0638919 0.0645990 0.0664996 0.0412672 0.0387184 0.0709793 0.0658326 0.0655216 0.0435430 0.0589734 0.0346534 0.0403605 0.0390375 0.0484882 0.0000000 0.0393999 0.0702314 0.0643845 0.0708472 
Phalangeridae_Phalanger_carmelitae           0.0352198 0.0631844 0.0393585 0.0398382 0.0404783 0.0612352 0.0131781 0.0068579 0.0384751 0.0639001 0.0070010 0.0605532 0.0581980 0.0037324 0.0404422 0.0611560 0.0598991 0.0596036 0.0613868 0.0385301 0.0422075 0.0661158 0.0599880 0.0627364 0.0373007 0.0565237 0.0376976 0.0372200 0.0423380 0.0543768 0.0393999 0.0000000 0.0673430 0.0595533 0.0657827 
Peramelidae_Peroryctes_raffrayana            0.0687561 0.0755284 0.0623528 0.0708470 0.0696620 0.0723232 0.0667146 0.0655870 0.0672031 0.0165990 0.0667196 0.0723643 0.0720036 0.0677068 0.0686989 0.0712277 0.0717530 0.0735676 0.0112715 0.0684943 0.0687547 0.0817016 0.0767539 0.0727238 0.0679386 0.0694346 0.0645004 0.0670075 0.0693584 0.0816380 0.0702314 0.0673430 0.0000000 0.0713375 0.0173724 
Dasyuridae_Dasyurus_geffroii                 0.0571382 0.0740912 0.0551423 0.0629463 0.0636840 0.0060489 0.0549170 0.0586597 0.0621194 0.0718640 0.0605858 0.0144641 0.0170736 0.0588799 0.0643435 0.0146647 0.0056911 0.0217551 0.0650460 0.0595059 0.0674169 0.0694389 0.0624038 0.0138454 0.0641191 0.0672458 0.0633935 0.0609948 0.0663743 0.0724051 0.0643845 0.0595533 0.0713375 0.0000000 0.0735740 
Peramelidae_Perameles_gunnii                 0.0695352 0.0797968 0.0648581 0.0713286 0.0701427 0.0749422 0.0650942 0.0650511 0.0684647 0.0012021 0.0654090 0.0757626 0.0731820 0.0658688 0.0715743 0.0747787 0.0747813 0.0777034 0.0143464 0.0693083 0.0677443 0.0831473 0.0808013 0.0755381 0.0684568 0.0744752 0.0654714 0.0672405 0.0693722 0.0843771 0.0708472 0.0657827 0.0173724 0.0735740 0.0000000 
