35
Burramyidae_Burramys_parvus                  0.0000000 0.0481391 0.0517180 0.1170994 0.1096971 0.0803506 0.0595292 0.0589573 0.0965936 0.1112180 0.0545857 0.0820920 0.0911206 0.0654979 0.0555722 0.0828910 0.0778994 0.0806437 0.1015619 0.0926835 0.0404610 0.1748752 0.1034430 0.0838393 0.0875228 0.0679978 0.0708531 0.0999485 0.0302864 0.0896304 0.0562082 0.0627998 0.1077072 0.0813197 0.1120031 
Notoryctidae_Notoryctes_typhlops             0.0481391 0.0000000 0.0445504 0.0832109 0.0783394 0.0556656 0.0506826 0.0516106 0.0753519 0.0908754 0.0493614 0.0572098 0.0606463 0.0542347 0.0502365 0.0570913 0.0558125 0.0591603 0.0751719 0.0731071 0.0608944 0.1198794 0.0700217 0.0572466 0.0695934 0.0524543 0.0568746 0.0760558 0.0538211 0.0729070 0.0497361 0.0510468 0.0864498 0.0547861 0.0903729 
Vombatidae_Lasiorhinus_latifrons             0.0517180 0.0445504 0.0000000 0.1008509 0.0936032 0.0709090 0.0550596 0.0543012 0.0947535 0.1161041 0.0510904 0.0708351 0.0770604 0.0588042 0.0637290 0.0715988 0.0692050 0.0747178 0.1045379 0.0935224 0.0420801 0.1596418 0.0930529 0.0728593 0.0810294 0.0627696 0.0787241 0.0979507 0.0336590 0.0871034 0.0456014 0.0713289 0.1199747 0.0704654 0.1163710 
Potoroidae_Bettongia_penicillata             0.1170994 0.0832109 0.1008509 0.0000000 0.0099448 0.1254333 0.1053115 0.1090933 0.0229119 0.1362038 0.1036457 0.1309185 0.1291361 0.1122802 0.1075280 0.1311260 0.1234088 0.1426698 0.1318879 0.0614083 0.0768068 0.1649994 0.1584075 0.1316866 0.0715893 0.1288933 0.1038040 0.0644115 0.0708951 0.1195031 0.1095306 0.1103487 0.1305140 0.1298958 0.1369702 
Potoroidae_Bettongia_lesueur                 0.1096971 0.0783394 0.0936032 0.0099448 0.0000000 0.1145938 0.0986178 0.1008888 0.0166666 0.1275660 0.0956207 0.1213030 0.1186313 0.1043890 0.0999094 0.1216276 0.1126438 0.1306787 0.1228567 0.0578439 0.0704578 0.1523271 0.1455202 0.1215278 0.0667584 0.1185040 0.0941812 0.0589348 0.0656333 0.1145134 0.1027537 0.1021088 0.1239590 0.1188621 0.1284529 
Dasyuridae_Dasyurus_maculatus                0.0803506 0.0556656 0.0709090 0.1254333 0.1145938 0.0000000 0.0816117 0.0828172 0.1153769 0.1419472 0.0789552 0.0211332 0.0368391 0.0900839 0.0919948 0.0209330 0.0054896 0.0273671 0.1299092 0.1133848 0.0634266 0.1803139 0.1167723 0.0196137 0.1069236 0.0833402 0.1058248 0.1190964 0.0568398 0.1073228 0.0763965 0.0962936 0.1505954 0.0077560 0.1415998 
Phalangeridae_Trichosurus_vulpecula          0.0595292 0.0506826 0.0550596 0.1053115 0.0986178 0.0816117 0.0000000 0.0279710 0.0934481 0.1301606 0.0283701 0.0762154 0.0857954 0.0253811 0.0707363 0.0787211 0.0787837 0.0811600 0.1210223 0.0861371 0.0498508 0.1750181 0.1041905 0.0784377 0.0785102 0.0769773 0.0898007 0.0892189 0.0425067 0.0895859 0.0530115 0.0366809 0.1451602 0.0819481 0.1303839 
Phalangeridae_Spilocuscus_maculatus          0.0589573 0.0516106 0.0543012 0.1090933 0.1008888 0.0828172 0.0279710 0.0000000 0.0896797 0.1300628 0.0077550 0.0792887 0.0891242 0.0217153 0.0688704 0.0806457 0.0823988 0.0827632 0.1260318 0.0831446 0.0488626 0.1710847 0.1084702 0.0813520 0.0797869 0.0746743 0.0858169 0.0881163 0.0419647 0.0960082 0.0559734 0.0323946 0.1438429 0.0838343 0.1303293 
Potoroidae_Aepyprymnus_rufescens             0.0965936 0.0753519 0.0947535 0.0229119 0.0166666 0.1153769 0.0934481 0.0896797 0.0000000 0.1455248 0.0871674 0.1197922 0.1214428 0.1008043 0.0968820 0.1215019 0.1135343 0.1282464 0.1442699 0.0514440 0.0726384 0.1617195 0.1480243 0.1196784 0.0592734 0.1111895 0.0952321 0.0541307 0.0688529 0.1248197 0.0891087 0.0972123 0.1409361 0.1195362 0.1457524 
Peramelidae_Perameles_nasuta                 0.1112180 0.0908754 0.1161041 0.1362038 0.1275660 0.1419472 0.1301606 0.1300628 0.1455248 0.0000000 0.1280843 0.1482377 0.1582338 0.1319240 0.1415216 0.1474655 0.1412337 0.1521579 0.0379926 0.1458610 0.0976975 0.1729403 0.1517027 0.1500111 0.1447910 0.1030871 0.1413434 0.1454314 0.0933861 0.1406885 0.1219434 0.1408742 0.0604732 0.1425168 0.0012773 
Phalangeridae_Strigocuscus_pelengensis       0.0545857 0.0493614 0.0510904 0.1036457 0.0956207 0.0789552 0.0283701 0.0077550 0.0871674 0.1280843 0.0000000 0.0759077 0.0838155 0.0245718 0.0644044 0.0771583 0.0767233 0.0803329 0.1208616 0.0811067 0.0452220 0.1649289 0.1059049 0.0768347 0.0755732 0.0740578 0.0862402 0.0846996 0.0399619 0.0920042 0.0503995 0.0353631 0.1409899 0.0786434 0.1283137 
Dasyuridae_Phascogale_tapoatafa              0.0820920 0.0572098 0.0708351 0.1309185 0.1213030 0.0211332 0.0762154 0.0792887 0.1197922 0.1482377 0.0759077 0.0000000 0.0370860 0.0858662 0.0917302 0.0016918 0.0170439 0.0281657 0.1325900 0.1201121 0.0602957 0.1786153 0.1168058 0.0094845 0.1121178 0.0852945 0.1050405 0.1242705 0.0536660 0.1075179 0.0787170 0.0926809 0.1513660 0.0182650 0.1473709 
Dasyuridae_Sminthopsis_macroura              0.0911206 0.0606463 0.0770604 0.1291361 0.1186313 0.0368391 0.0857954 0.0891242 0.1214428 0.1582338 0.0838155 0.0370860 0.0000000 0.0934910 0.1018961 0.0362223 0.0335005 0.0319309 0.1380449 0.1171869 0.0675215 0.1841549 0.1228006 0.0381730 0.1102879 0.0923836 0.1063237 0.1232606 0.0619129 0.1145204 0.0906111 0.1030032 0.1637076 0.0374789 0.1585221 
Phalangeridae_Phalanger_orientalis           0.0654979 0.0542347 0.0588042 0.1122802 0.1043890 0.0900839 0.0253811 0.0217153 0.1008043 0.1319240 0.0245718 0.0858662 0.0934910 0.0000000 0.0736070 0.0876300 0.0871641 0.0891097 0.1264208 0.0910683 0.0521110 0.1756234 0.1129130 0.0883539 0.0862060 0.0803773 0.0889710 0.0924094 0.0460179 0.0984881 0.0634277 0.0176696 0.1487677 0.0905530 0.1322108 
Acrobatidae_Acrobates_pygmaeus               0.0555722 0.0502365 0.0637290 0.1075280 0.0999094 0.0919948 0.0707363 0.0688704 0.0968820 0.1415216 0.0644044 0.0917302 0.1018961 0.0736070 0.0000000 0.0937157 0.0908489 0.0905759 0.1309661 0.1070754 0.0496111 0.1726496 0.1131980 0.0909904 0.1005875 0.0691932 0.0674225 0.1105215 0.0454521 0.1021941 0.0349264 0.0615388 0.1319451 0.0924262 0.1396060 
Dasyuridae_Phascogale_calura                 0.0828910 0.0570913 0.0715988 0.1311260 0.1216276 0.0209330 0.0787211 0.0806457 0.1215019 0.1474655 0.0771583 0.0016918 0.0362223 0.0876300 0.0937157 0.0000000 0.0168841 0.0280601 0.1324041 0.1212967 0.0621473 0.1818357 0.1178325 0.0094034 0.1120259 0.0842563 0.1079698 0.1249644 0.0540571 0.1088755 0.0802044 0.0950821 0.1514012 0.0185337 0.1464785 
Dasyuridae_Sarcophilus_harrisii              0.0778994 0.0558125 0.0692050 0.1234088 0.1126438 0.0054896 0.0787837 0.0823988 0.1135343 0.1412337 0.0767233 0.0170439 0.0335005 0.0871641 0.0908489 0.0168841 0.0000000 0.0263739 0.1263370 0.1130567 0.0620741 0.1767752 0.1123300 0.0155763 0.1056483 0.0828319 0.1053018 0.1172713 0.0554442 0.1047705 0.0764689 0.0946610 0.1478352 0.0055828 0.1408883 
Dasyuridae_Planigale_tenuirostris            0.0806437 0.0591603 0.0747178 0.1426698 0.1306787 0.0273671 0.0811600 0.0827632 0.1282464 0.1521579 0.0803329 0.0281657 0.0319309 0.0891097 0.0905759 0.0280601 0.0263739 0.0000000 0.1364360 0.1227220 0.0629431 0.1941279 0.1174767 0.0295841 0.1143709 0.0928209 0.1091039 0.1269874 0.0548742 0.1115459 0.0803723 0.0981564 0.1609850 0.0295246 0.1517477 
Peramelidae_Echymipera_kalubu                0.1015619 0.0751719 0.1045379 0.1318879 0.1228567 0.1299092 0.1210223 0.1260318 0.1442699 0.0379926 0.1208616 0.1325900 0.1380449 0.1264208 0.1309661 0.1324041 0.1263370 0.1364360 0.0000000 0.1501140 0.0817420 0.1785574 0.1382689 0.1353232 0.1438721 0.0903990 0.1351482 0.1543143 0.0782628 0.1402778 0.1147761 0.1370250 0.0445029 0.1270178 0.0361974 
Macropodidae_Dorcopsulus_vanheurni           0.0926835 0.0731071 0.0935224 0.0614083 0.0578439 0.1133848 0.0861371 0.0831446 0.0514440 0.1458610 0.0811067 0.1201121 0.1171869 0.0910683 0.1070754 0.1212967 0.1130567 0.1227220 0.1501140 0.0000000 0.0704901 0.1657600 0.1473988 0.1214654 0.0624094 0.1099642 0.1024615 0.0127756 0.0670396 0.1201981 0.0930053 0.1050129 0.1542597 0.1177429 0.1454732 
Pseudochiridae_Pseudochirulus_forbesi        0.0404610 0.0608944 0.0420801 0.0768068 0.0704578 0.0634266 0.0498508 0.0488626 0.0726384 0.0976975 0.0452220 0.0602957 0.0675215 0.0521110 0.0496111 0.0621473 0.0620741 0.0629431 0.0817420 0.0704901 0.0000000 0.1298854 0.0753137 0.0634211 0.0640109 0.0539379 0.0532482 0.0736726 0.0155625 0.0658981 0.0393743 0.0626689 0.1020374 0.0616239 0.0970630 
Didelphidae_Didelphis_virginiana             0.1748752 0.1198794 0.1596418 0.1649994 0.1523271 0.1803139 0.1750181 0.1710847 0.1617195 0.1729403 0.1649289 0.1786153 0.1841549 0.1756234 0.1726496 0.1818357 0.1767752 0.1941279 0.1785574 0.1657600 0.1298854 0.0000000 0.1180542 0.1840356 0.1756700 0.1645520 0.1780563 0.1710378 0.1263483 0.1882895 0.1735929 0.1647331 0.1863974 0.1778407 0.1723271 
Marmosidae_Monodelphis_domestica             0.1034430 0.0700217 0.0930529 0.1584075 0.1455202 0.1167723 0.1041905 0.1084702 0.1480243 0.1517027 0.1059049 0.1168058 0.1228006 0.1129130 0.1131980 0.1178325 0.1123300 0.1174767 0.1382689 0.1473988 0.0753137 0.1180542 0.0000000 0.1175157 0.1353847 0.0956014 0.1318719 0.1520843 0.0682907 0.1390142 0.1022286 0.1190583 0.1605204 0.1151680 0.1513097 
Dasyuridae_Antechinus_stuartii               0.0838393 0.0572466 0.0728593 0.1316866 0.1215278 0.0196137 0.0784377 0.0813520 0.1196784 0.1500111 0.0768347 0.0094845 0.0381730 0.0883539 0.0909904 0.0094034 0.0155763 0.0295841 0.1353232 0.1214654 0.0634211 0.1840356 0.1175157 0.0000000 0.1107406 0.0837627 0.1098408 0.1253128 0.0569526 0.1070918 0.0806914 0.0953707 0.1561051 0.0180992 0.1490908 
Hypsiprymnodontidae_Hypsiprymnodon_moschatus 0.0875228 0.0695934 0.0810294 0.0715893 0.0667584 0.1069236 0.0785102 0.0797869 0.0592734 0.1447910 0.0755732 0.1121178 0.1102879 0.0862060 0.1005875 0.1120259 0.1056483 0.1143709 0.1438721 0.0624094 0.0640109 0.1756700 0.1353847 0.1107406 0.0000000 0.1011330 0.0980635 0.0660639 0.0595077 0.1153537 0.0797544 0.1008889 0.1524771 0.1120793 0.1470971 
Microbiotheriidae_Dromiciops_gliroides       0.0679978 0.0524543 0.0627696 0.1288933 0.1185040 0.0833402 0.0769773 0.0746743 0.1111895 0.1030871 0.0740578 0.0852945 0.0923836 0.0803773 0.0691932 0.0842563 0.0828319 0.0928209 0.0903990 0.1099642 0.0539379 0.1645520 0.0956014 0.0837627 0.1011330 0.0000000 0.0869685 0.1149679 0.0461293 0.1068616 0.0774817 0.0760321 0.0991064 0.0863238 0.1039457 
Pseudochiridae_Petauroides_volans            0.0708531 0.0568746 0.0787241 0.1038040 0.0941812 0.1058248 0.0898007 0.0858169 0.0952321 0.1413434 0.0862402 0.1050405 0.1063237 0.0889710 0.0674225 0.1079698 0.1053018 0.1091039 0.1351482 0.1024615 0.0532482 0.1780563 0.1318719 0.1098408 0.0980635 0.0869685 0.0000000 0.1043741 0.0464714 0.0956586 0.0634404 0.0745311 0.1201683 0.1078595 0.1395182 
Macropodidae_Wallabia_bicolor                0.0999485 0.0760558 0.0979507 0.0644115 0.0589348 0.1190964 0.0892189 0.0881163 0.0541307 0.1454314 0.0846996 0.1242705 0.1232606 0.0924094 0.1105215 0.1249644 0.1172713 0.1269874 0.1543143 0.0127756 0.0736726 0.1710378 0.1520843 0.1253128 0.0660639 0.1149679 0.1043741 0.0000000 0.0696758 0.1231679 0.0991096 0.1064274 0.1599413 0.1205658 0.1450416 
Pseudochiridae_Pseudocheirus_occidentalis    0.0302864 0.0538211 0.0336590 0.0708951 0.0656333 0.0568398 0.0425067 0.0419647 0.0688529 0.0933861 0.0399619 0.0536660 0.0619129 0.0460179 0.0454521 0.0540571 0.0554442 0.0548742 0.0782628 0.0670396 0.0155625 0.1263483 0.0682907 0.0569526 0.0595077 0.0461293 0.0464714 0.0696758 0.0000000 0.0603598 0.0309157 0.0574756 0.0991160 0.0549314 0.0922684 
Tarsipedidae_Tarsipes_rostratus              0.0896304 0.0729070 0.0871034 0.1195031 0.1145134 0.1073228 0.0895859 0.0960082 0.1248197 0.1406885 0.0920042 0.1075179 0.1145204 0.0984881 0.1021941 0.1088755 0.1047705 0.1115459 0.1402778 0.1201981 0.0658981 0.1882895 0.1390142 0.1070918 0.1153537 0.1068616 0.0956586 0.1231679 0.0603598 0.0000000 0.0878685 0.1104924 0.1571483 0.1062865 0.1408453 
Acrobatidae_Distoechurus_pennatus            0.0562082 0.0497361 0.0456014 0.1095306 0.1027537 0.0763965 0.0530115 0.0559734 0.0891087 0.1219434 0.0503995 0.0787170 0.0906111 0.0634277 0.0349264 0.0802044 0.0764689 0.0803723 0.1147761 0.0930053 0.0393743 0.1735929 0.1022286 0.0806914 0.0797544 0.0774817 0.0634404 0.0991096 0.0309157 0.0878685 0.0000000 0.0601382 0.1184396 0.0772473 0.1228037 
Phalangeridae_Phalanger_carmelitae           0.0627998 0.0510468 0.0713289 0.1103487 0.1021088 0.0962936 0.0366809 0.0323946 0.0972123 0.1408742 0.0353631 0.0926809 0.1030032 0.0176696 0.0615388 0.0950821 0.0946610 0.0981564 0.1370250 0.1050129 0.0626689 0.1647331 0.1190583 0.0953707 0.1008889 0.0760321 0.0745311 0.1064274 0.0574756 0.1104924 0.0601382 0.0000000 0.1330244 0.0981044 0.1404743 
Peramelidae_Peroryctes_raffrayana            0.1077072 0.0864498 0.1199747 0.1305140 0.1239590 0.1505954 0.1451602 0.1438429 0.1409361 0.0604732 0.1409899 0.1513660 0.1637076 0.1487677 0.1319451 0.1514012 0.1478352 0.1609850 0.0445029 0.1542597 0.1020374 0.1863974 0.1605204 0.1561051 0.1524771 0.0991064 0.1201683 0.1599413 0.0991160 0.1571483 0.1184396 0.1330244 0.0000000 0.1484350 0.0597098 
Dasyuridae_Dasyurus_geffroii                 0.0813197 0.0547861 0.0704654 0.1298958 0.1188621 0.0077560 0.0819481 0.0838343 0.1195362 0.1425168 0.0786434 0.0182650 0.0374789 0.0905530 0.0924262 0.0185337 0.0055828 0.0295246 0.1270178 0.1177429 0.0616239 0.1778407 0.1151680 0.0180992 0.1120793 0.0863238 0.1078595 0.1205658 0.0549314 0.1062865 0.0772473 0.0981044 0.1484350 0.0000000 0.1419062 
Peramelidae_Perameles_gunnii                 0.1120031 0.0903729 0.1163710 0.1369702 0.1284529 0.1415998 0.1303839 0.1303293 0.1457524 0.0012773 0.1283137 0.1473709 0.1585221 0.1322108 0.1396060 0.1464785 0.1408883 0.1517477 0.0361974 0.1454732 0.0970630 0.1723271 0.1513097 0.1490908 0.1470971 0.1039457 0.1395182 0.1450416 0.0922684 0.1408453 0.1228037 0.1404743 0.0597098 0.1419062 0.0000000 
