43
croc_TJD307_ND4 0.0000000 0.0803984 0.0803984 0.0833856 0.0811300 0.0789043 0.0927811 0.0927811 0.0910016 0.0841535 0.0897862 0.0904911 0.0882975 0.0893956 0.0894289 0.0812102 0.0812102 0.0792369 0.0792369 0.0893321 0.0893321 0.0901930 0.0854232 0.0859561 0.0859561 0.0851801 0.0851801 0.0851801 0.0851801 0.0851801 0.0851801 0.0851801 0.0882025 0.0882025 0.0851801 0.0857518 0.0837825 0.0916324 0.0916324 0.0936372 0.0864033 0.0864033 0.0900842 
MVZ229220_ND4   0.0803984 0.0000000 0.0000010 0.0024543 0.0414742 0.0396453 0.0439044 0.0439044 0.0406874 0.0390253 0.0416261 0.0408935 0.0391198 0.0414761 0.0414895 0.0398429 0.0398429 0.0415287 0.0415287 0.0416324 0.0416324 0.0390548 0.0382470 0.0391198 0.0391198 0.0398053 0.0381305 0.0381305 0.0381305 0.0382380 0.0371230 0.0371230 0.0409213 0.0409213 0.0381305 0.0390483 0.0373612 0.0491902 0.0491902 0.0509658 0.0454825 0.0454825 0.0454614 
SDFIELD1167_ND4 0.0803984 0.0000010 0.0000000 0.0024543 0.0414742 0.0396453 0.0439044 0.0439044 0.0406874 0.0390253 0.0416261 0.0408935 0.0391198 0.0414761 0.0414895 0.0398429 0.0398429 0.0415287 0.0415287 0.0416324 0.0416324 0.0390548 0.0382470 0.0391198 0.0391198 0.0398053 0.0381305 0.0381305 0.0381305 0.0382380 0.0371230 0.0371230 0.0409213 0.0409213 0.0381305 0.0390483 0.0373612 0.0491902 0.0491902 0.0509658 0.0454825 0.0454825 0.0454614 
SDFIELD1343_ND4 0.0833856 0.0024543 0.0024543 0.0000000 0.0442792 0.0424346 0.0467891 0.0467891 0.0435127 0.0417717 0.0444238 0.0436606 0.0418740 0.0442626 0.0442770 0.0426296 0.0426296 0.0443188 0.0443188 0.0444305 0.0444305 0.0418036 0.0410310 0.0418740 0.0418740 0.0425895 0.0409107 0.0409107 0.0409107 0.0410256 0.0399309 0.0399309 0.0436905 0.0436905 0.0409107 0.0417965 0.0401018 0.0519851 0.0519851 0.0537671 0.0482495 0.0482495 0.0482925 
TJD273_ND4      0.0811300 0.0414742 0.0414742 0.0442792 0.0000000 0.0012082 0.0458662 0.0458662 0.0413388 0.0368246 0.0359631 0.0358658 0.0340768 0.0341426 0.0341536 0.0340147 0.0340147 0.0356980 0.0356980 0.0357854 0.0357854 0.0404921 0.0359989 0.0369148 0.0369148 0.0341536 0.0358832 0.0358832 0.0358832 0.0359867 0.0348315 0.0348315 0.0387399 0.0387399 0.0387260 0.0404860 0.0387341 0.0436266 0.0436266 0.0454113 0.0399321 0.0399321 0.0397700 
TJD300_ND4      0.0789043 0.0396453 0.0396453 0.0424346 0.0012082 0.0000000 0.0477964 0.0477964 0.0394649 0.0350311 0.0341486 0.0340538 0.0322898 0.0323549 0.0323652 0.0322358 0.0322358 0.0339008 0.0339008 0.0375882 0.0375882 0.0386473 0.0341862 0.0351154 0.0351154 0.0323652 0.0340740 0.0340740 0.0340740 0.0341717 0.0330118 0.0330118 0.0369148 0.0369148 0.0369053 0.0386415 0.0369093 0.0417533 0.0417533 0.0435190 0.0381086 0.0381086 0.0378988 
SDFIELD573_ND4  0.0927811 0.0439044 0.0439044 0.0467891 0.0458662 0.0477964 0.0000000 0.0000010 0.0306618 0.0293041 0.0283310 0.0311089 0.0293725 0.0282329 0.0282418 0.0299674 0.0299674 0.0282685 0.0282685 0.0281967 0.0281967 0.0260374 0.0317615 0.0293725 0.0293725 0.0265890 0.0282710 0.0282710 0.0282710 0.0266924 0.0271447 0.0271447 0.0311296 0.0311296 0.0282710 0.0310585 0.0293725 0.0359221 0.0359221 0.0376624 0.0323588 0.0323588 0.0319853 
SDFIELD574_ND4  0.0927811 0.0439044 0.0439044 0.0467891 0.0458662 0.0477964 0.0000010 0.0000000 0.0306618 0.0293041 0.0283310 0.0311089 0.0293725 0.0282329 0.0282418 0.0299674 0.0299674 0.0282685 0.0282685 0.0281967 0.0281967 0.0260374 0.0317615 0.0293725 0.0293725 0.0265890 0.0282710 0.0282710 0.0282710 0.0266924 0.0271447 0.0271447 0.0311296 0.0311296 0.0282710 0.0310585 0.0293725 0.0359221 0.0359221 0.0376624 0.0323588 0.0323588 0.0319853 
SDFIELD1158_ND4 0.0910016 0.0406874 0.0406874 0.0435127 0.0413388 0.0394649 0.0306618 0.0306618 0.0000000 0.0076853 0.0092627 0.0090787 0.0076989 0.0092367 0.0092391 0.0078574 0.0078574 0.0092467 0.0092467 0.0092638 0.0092638 0.0104790 0.0092925 0.0076989 0.0076989 0.0078510 0.0064851 0.0064851 0.0064851 0.0065011 0.0078902 0.0078902 0.0063470 0.0063470 0.0064851 0.0104778 0.0090825 0.0217935 0.0217935 0.0233390 0.0160275 0.0160275 0.0121143 
TJD458_ND4      0.0841535 0.0390253 0.0390253 0.0417717 0.0368246 0.0350311 0.0293041 0.0293041 0.0076853 0.0000000 0.0088567 0.0061854 0.0048951 0.0088329 0.0088351 0.0049188 0.0049188 0.0062030 0.0062030 0.0088577 0.0088577 0.0100258 0.0088844 0.0073689 0.0073689 0.0075088 0.0062034 0.0062034 0.0062034 0.0062181 0.0075449 0.0075449 0.0086920 0.0086920 0.0062034 0.0100247 0.0086911 0.0208684 0.0208684 0.0223500 0.0153394 0.0153394 0.0145090 
TJD434_ND4      0.0897862 0.0416261 0.0416261 0.0444238 0.0359631 0.0341486 0.0283310 0.0283310 0.0092627 0.0088567 0.0000000 0.0049926 0.0037029 0.0051007 0.0051020 0.0064463 0.0064463 0.0078052 0.0078052 0.0078193 0.0078193 0.0090330 0.0078445 0.0063175 0.0063175 0.0037913 0.0051063 0.0051063 0.0051063 0.0051187 0.0064738 0.0064738 0.0076682 0.0076682 0.0076860 0.0090319 0.0076673 0.0172116 0.0172116 0.0186933 0.0116559 0.0116559 0.0106939 
TJD455_ND4      0.0904911 0.0408935 0.0408935 0.0436606 0.0358658 0.0340538 0.0311089 0.0311089 0.0090787 0.0061854 0.0049926 0.0000000 0.0012050 0.0076436 0.0076455 0.0063199 0.0063199 0.0076515 0.0076515 0.0076651 0.0076651 0.0088573 0.0076895 0.0061959 0.0061959 0.0063150 0.0050067 0.0050067 0.0050067 0.0050186 0.0063464 0.0063464 0.0075196 0.0075196 0.0075369 0.0088563 0.0075188 0.0197935 0.0197935 0.0212872 0.0142130 0.0142130 0.0133360 
TJD457_ND4      0.0882975 0.0391198 0.0391198 0.0418740 0.0340768 0.0322898 0.0293725 0.0293725 0.0076989 0.0048951 0.0037029 0.0012050 0.0000000 0.0063008 0.0063024 0.0050007 0.0050007 0.0063073 0.0063073 0.0063182 0.0063182 0.0075109 0.0063390 0.0049031 0.0049031 0.0049969 0.0037128 0.0037128 0.0037128 0.0037214 0.0050221 0.0050221 0.0061989 0.0061989 0.0062140 0.0075100 0.0061983 0.0182957 0.0182957 0.0197666 0.0127899 0.0127899 0.0118766 
TJD438_ND4      0.0893956 0.0414761 0.0414761 0.0442626 0.0341426 0.0323549 0.0282329 0.0282329 0.0092367 0.0088329 0.0051007 0.0076436 0.0063008 0.0000000 0.0024956 0.0064290 0.0064290 0.0077838 0.0077838 0.0077978 0.0077978 0.0090081 0.0078229 0.0063008 0.0063008 0.0037815 0.0050928 0.0050928 0.0050928 0.0051051 0.0064563 0.0064563 0.0076475 0.0076475 0.0076652 0.0090071 0.0076467 0.0171606 0.0171606 0.0186371 0.0116231 0.0116231 0.0106632 
TJD439_ND4      0.0894289 0.0414895 0.0414895 0.0442770 0.0341536 0.0323652 0.0282418 0.0282418 0.0092391 0.0088351 0.0051020 0.0076455 0.0063024 0.0024956 0.0000000 0.0064306 0.0064306 0.0077858 0.0077858 0.0077998 0.0077998 0.0090105 0.0078249 0.0063024 0.0063024 0.0037824 0.0050941 0.0050941 0.0050941 0.0051064 0.0064580 0.0064580 0.0076495 0.0076495 0.0076672 0.0090095 0.0076486 0.0171653 0.0171653 0.0186423 0.0116262 0.0116262 0.0106661 
TJD358_ND4      0.0812102 0.0398429 0.0398429 0.0426296 0.0340147 0.0322358 0.0299674 0.0299674 0.0078574 0.0049188 0.0064463 0.0063199 0.0050007 0.0064290 0.0064306 0.0000000 0.0000010 0.0012338 0.0012338 0.0064470 0.0064470 0.0076620 0.0064686 0.0050007 0.0050007 0.0050981 0.0037885 0.0037885 0.0037885 0.0037975 0.0051243 0.0051243 0.0063231 0.0063231 0.0063386 0.0076612 0.0063224 0.0186581 0.0186581 0.0201585 0.0130463 0.0130463 0.0121230 
TJD359_ND4      0.0812102 0.0398429 0.0398429 0.0426296 0.0340147 0.0322358 0.0299674 0.0299674 0.0078574 0.0049188 0.0064463 0.0063199 0.0050007 0.0064290 0.0064306 0.0000010 0.0000000 0.0012338 0.0012338 0.0064470 0.0064470 0.0076620 0.0064686 0.0050007 0.0050007 0.0050981 0.0037885 0.0037885 0.0037885 0.0037975 0.0051243 0.0051243 0.0063231 0.0063231 0.0063386 0.0076612 0.0063224 0.0186581 0.0186581 0.0201585 0.0130463 0.0130463 0.0121230 
TJD369_ND4      0.0792369 0.0415287 0.0415287 0.0443188 0.0356980 0.0339008 0.0282685 0.0282685 0.0092467 0.0062030 0.0078052 0.0076515 0.0063073 0.0077838 0.0077858 0.0012338 0.0012338 0.0000000 0.0000010 0.0078061 0.0078061 0.0090177 0.0078312 0.0063073 0.0063073 0.0064306 0.0050981 0.0050981 0.0050981 0.0051104 0.0064631 0.0064631 0.0076555 0.0076555 0.0076732 0.0090166 0.0076546 0.0201397 0.0201397 0.0216580 0.0144667 0.0144667 0.0135841 
TJD377_ND4      0.0792369 0.0415287 0.0415287 0.0443188 0.0356980 0.0339008 0.0282685 0.0282685 0.0092467 0.0062030 0.0078052 0.0076515 0.0063073 0.0077838 0.0077858 0.0012338 0.0012338 0.0000010 0.0000000 0.0078061 0.0078061 0.0090177 0.0078312 0.0063073 0.0063073 0.0064306 0.0050981 0.0050981 0.0050981 0.0051104 0.0064631 0.0064631 0.0076555 0.0076555 0.0076732 0.0090166 0.0076546 0.0201397 0.0201397 0.0216580 0.0144667 0.0144667 0.0135841 
TJD460_ND4      0.0893321 0.0416324 0.0416324 0.0444305 0.0357854 0.0375882 0.0281967 0.0281967 0.0092638 0.0088577 0.0078193 0.0076651 0.0063182 0.0077978 0.0077998 0.0064470 0.0064470 0.0078061 0.0078061 0.0000000 0.0000010 0.0063060 0.0051104 0.0037033 0.0037033 0.0037753 0.0024936 0.0024936 0.0024936 0.0024995 0.0037950 0.0037950 0.0049955 0.0049955 0.0050085 0.0063053 0.0049950 0.0201810 0.0201810 0.0217032 0.0144946 0.0144946 0.0136110 
TJD462_ND4      0.0893321 0.0416324 0.0416324 0.0444305 0.0357854 0.0375882 0.0281967 0.0281967 0.0092638 0.0088577 0.0078193 0.0076651 0.0063182 0.0077978 0.0077998 0.0064470 0.0064470 0.0078061 0.0078061 0.0000010 0.0000000 0.0063060 0.0051104 0.0037033 0.0037033 0.0037753 0.0024936 0.0024936 0.0024936 0.0024995 0.0037950 0.0037950 0.0049955 0.0049955 0.0050085 0.0063053 0.0049950 0.0201810 0.0201810 0.0217032 0.0144946 0.0144946 0.0136110 
MVZ236191_ND4   0.0901930 0.0390548 0.0390548 0.0418036 0.0404921 0.0386473 0.0260374 0.0260374 0.0104790 0.0100258 0.0090330 0.0088573 0.0075109 0.0090081 0.0090105 0.0076620 0.0076620 0.0090177 0.0090177 0.0063060 0.0063060 0.0000000 0.0063268 0.0024360 0.0024360 0.0049875 0.0037062 0.0037062 0.0037062 0.0037147 0.0050126 0.0050126 0.0061872 0.0061872 0.0062022 0.0074955 0.0061865 0.0212995 0.0212995 0.0228155 0.0156509 0.0156509 0.0148133 
TJD459_ND4      0.0854232 0.0382470 0.0382470 0.0410310 0.0359989 0.0341862 0.0317615 0.0317615 0.0092925 0.0088844 0.0078445 0.0076895 0.0063390 0.0078229 0.0078249 0.0064686 0.0064686 0.0078312 0.0078312 0.0051104 0.0051104 0.0063268 0.0000000 0.0037159 0.0037159 0.0037889 0.0025029 0.0025029 0.0025029 0.0025087 0.0038087 0.0038087 0.0050126 0.0050126 0.0050256 0.0063261 0.0050121 0.0202206 0.0202206 0.0217429 0.0145308 0.0145308 0.0136475 
TJD464_ND4      0.0859561 0.0391198 0.0391198 0.0418740 0.0369148 0.0351154 0.0293725 0.0293725 0.0076989 0.0073689 0.0063175 0.0061959 0.0049031 0.0063008 0.0063024 0.0050007 0.0050007 0.0063073 0.0063073 0.0037033 0.0037033 0.0024360 0.0037159 0.0000000 0.0000010 0.0024410 0.0012092 0.0012092 0.0012092 0.0012120 0.0024535 0.0024535 0.0036348 0.0036348 0.0036446 0.0048936 0.0036344 0.0182957 0.0182957 0.0197666 0.0127899 0.0127899 0.0118766 
TJD465_ND4      0.0859561 0.0391198 0.0391198 0.0418740 0.0369148 0.0351154 0.0293725 0.0293725 0.0076989 0.0073689 0.0063175 0.0061959 0.0049031 0.0063008 0.0063024 0.0050007 0.0050007 0.0063073 0.0063073 0.0037033 0.0037033 0.0024360 0.0037159 0.0000010 0.0000000 0.0024410 0.0012092 0.0012092 0.0012092 0.0012120 0.0024535 0.0024535 0.0036348 0.0036348 0.0036446 0.0048936 0.0036344 0.0182957 0.0182957 0.0197666 0.0127899 0.0127899 0.0118766 
MVZ207642_ND4   0.0851801 0.0398053 0.0398053 0.0425895 0.0341536 0.0323652 0.0265890 0.0265890 0.0078510 0.0075088 0.0037913 0.0063150 0.0049969 0.0037815 0.0037824 0.0050981 0.0050981 0.0064306 0.0064306 0.0037753 0.0037753 0.0049875 0.0037889 0.0024410 0.0024410 0.0000000 0.0012321 0.0012321 0.0012321 0.0012349 0.0025008 0.0025008 0.0037033 0.0037033 0.0037130 0.0049869 0.0037029 0.0157236 0.0157236 0.0171810 0.0102486 0.0102486 0.0092521 
MVZ195628_ND4   0.0851801 0.0381305 0.0381305 0.0409107 0.0358832 0.0340740 0.0282710 0.0282710 0.0064851 0.0062034 0.0051063 0.0050067 0.0037128 0.0050928 0.0050941 0.0037885 0.0037885 0.0050981 0.0050981 0.0024936 0.0024936 0.0037062 0.0025029 0.0012092 0.0012092 0.0012321 0.0000000 0.0000010 0.0000010 0.0000010 0.0012385 0.0012385 0.0024466 0.0024466 0.0024535 0.0037058 0.0024464 0.0171810 0.0171810 0.0186595 0.0116364 0.0116364 0.0106757 
MVZ207643_ND4   0.0851801 0.0381305 0.0381305 0.0409107 0.0358832 0.0340740 0.0282710 0.0282710 0.0064851 0.0062034 0.0051063 0.0050067 0.0037128 0.0050928 0.0050941 0.0037885 0.0037885 0.0050981 0.0050981 0.0024936 0.0024936 0.0037062 0.0025029 0.0012092 0.0012092 0.0012321 0.0000010 0.0000000 0.0000010 0.0000010 0.0012385 0.0012385 0.0024466 0.0024466 0.0024535 0.0037058 0.0024464 0.0171810 0.0171810 0.0186595 0.0116364 0.0116364 0.0106757 
TJD454_ND4      0.0851801 0.0381305 0.0381305 0.0409107 0.0358832 0.0340740 0.0282710 0.0282710 0.0064851 0.0062034 0.0051063 0.0050067 0.0037128 0.0050928 0.0050941 0.0037885 0.0037885 0.0050981 0.0050981 0.0024936 0.0024936 0.0037062 0.0025029 0.0012092 0.0012092 0.0012321 0.0000010 0.0000010 0.0000000 0.0000010 0.0012374 0.0012385 0.0024466 0.0024466 0.0024535 0.0037058 0.0024464 0.0171810 0.0171810 0.0186595 0.0116364 0.0116364 0.0106757 
TJD456_ND4      0.0851801 0.0382380 0.0382380 0.0410256 0.0359867 0.0341717 0.0266924 0.0266924 0.0065011 0.0062181 0.0051187 0.0050186 0.0037214 0.0051051 0.0051064 0.0037975 0.0037975 0.0051104 0.0051104 0.0024995 0.0024995 0.0037147 0.0025087 0.0012120 0.0012120 0.0012349 0.0000010 0.0000010 0.0000010 0.0000000 0.0012413 0.0012413 0.0024522 0.0024522 0.0024591 0.0037144 0.0024520 0.0172253 0.0172253 0.0187081 0.0116655 0.0116655 0.0107032 
TJD452_ND4      0.0851801 0.0371230 0.0371230 0.0399309 0.0348315 0.0330118 0.0271447 0.0271447 0.0078902 0.0075449 0.0064738 0.0063464 0.0050221 0.0064563 0.0064580 0.0051243 0.0051243 0.0064631 0.0064631 0.0037950 0.0037950 0.0050126 0.0038087 0.0024535 0.0024535 0.0025008 0.0012385 0.0012385 0.0012374 0.0012413 0.0000000 0.0000010 0.0037228 0.0037228 0.0037329 0.0050121 0.0037224 0.0160418 0.0160418 0.0175296 0.0130937 0.0130937 0.0121707 
TJD453_ND4      0.0851801 0.0371230 0.0371230 0.0399309 0.0348315 0.0330118 0.0271447 0.0271447 0.0078902 0.0075449 0.0064738 0.0063464 0.0050221 0.0064563 0.0064580 0.0051243 0.0051243 0.0064631 0.0064631 0.0037950 0.0037950 0.0050126 0.0038087 0.0024535 0.0024535 0.0025008 0.0012385 0.0012385 0.0012385 0.0012413 0.0000010 0.0000000 0.0037228 0.0037228 0.0037329 0.0050121 0.0037224 0.0160418 0.0160418 0.0175296 0.0130937 0.0130937 0.0121707 
TJD445_ND4      0.0882025 0.0409213 0.0409213 0.0436905 0.0387399 0.0369148 0.0311296 0.0311296 0.0063470 0.0086920 0.0076682 0.0075196 0.0061989 0.0076475 0.0076495 0.0063231 0.0063231 0.0076555 0.0076555 0.0049955 0.0049955 0.0061872 0.0050126 0.0036348 0.0036348 0.0037033 0.0024466 0.0024466 0.0024466 0.0024522 0.0037228 0.0037228 0.0000000 0.0000010 0.0024466 0.0036961 0.0024395 0.0198048 0.0198048 0.0212995 0.0142207 0.0142207 0.0133435 
TJD497_ND4      0.0882025 0.0409213 0.0409213 0.0436905 0.0387399 0.0369148 0.0311296 0.0311296 0.0063470 0.0086920 0.0076682 0.0075196 0.0061989 0.0076475 0.0076495 0.0063231 0.0063231 0.0076555 0.0076555 0.0049955 0.0049955 0.0061872 0.0050126 0.0036348 0.0036348 0.0037033 0.0024466 0.0024466 0.0024466 0.0024522 0.0037228 0.0037228 0.0000010 0.0000000 0.0024466 0.0036961 0.0024395 0.0198048 0.0198048 0.0212995 0.0142207 0.0142207 0.0133435 
TJD447_ND4      0.0851801 0.0381305 0.0381305 0.0409107 0.0387260 0.0369053 0.0282710 0.0282710 0.0064851 0.0062034 0.0076860 0.0075369 0.0062140 0.0076652 0.0076672 0.0063386 0.0063386 0.0076732 0.0076732 0.0050085 0.0050085 0.0062022 0.0050256 0.0036446 0.0036446 0.0037130 0.0024535 0.0024535 0.0024535 0.0024591 0.0037329 0.0037329 0.0024466 0.0024466 0.0000000 0.0037058 0.0024464 0.0198254 0.0198254 0.0213188 0.0142433 0.0142433 0.0133666 
TJD444_ND4      0.0857518 0.0390483 0.0390483 0.0417965 0.0404860 0.0386415 0.0310585 0.0310585 0.0104778 0.0100247 0.0090319 0.0088563 0.0075100 0.0090071 0.0090095 0.0076612 0.0076612 0.0090166 0.0090166 0.0063053 0.0063053 0.0074955 0.0063261 0.0048936 0.0048936 0.0049869 0.0037058 0.0037058 0.0037058 0.0037144 0.0050121 0.0050121 0.0036961 0.0036961 0.0037058 0.0000000 0.0012041 0.0212968 0.0212968 0.0228125 0.0156490 0.0156490 0.0148115 
TJD449_ND4      0.0837825 0.0373612 0.0373612 0.0401018 0.0387341 0.0369093 0.0293725 0.0293725 0.0090825 0.0086911 0.0076673 0.0075188 0.0061983 0.0076467 0.0076486 0.0063224 0.0063224 0.0076546 0.0076546 0.0049950 0.0049950 0.0061865 0.0050121 0.0036344 0.0036344 0.0037029 0.0024464 0.0024464 0.0024464 0.0024520 0.0037224 0.0037224 0.0024395 0.0024395 0.0024464 0.0012041 0.0000000 0.0198024 0.0198024 0.0212968 0.0142190 0.0142190 0.0133419 
TJD433_ND4      0.0916324 0.0491902 0.0491902 0.0519851 0.0436266 0.0417533 0.0359221 0.0359221 0.0217935 0.0208684 0.0172116 0.0197935 0.0182957 0.0171606 0.0171653 0.0186581 0.0186581 0.0201397 0.0201397 0.0201810 0.0201810 0.0212995 0.0202206 0.0182957 0.0182957 0.0157236 0.0171810 0.0171810 0.0171810 0.0172253 0.0160418 0.0160418 0.0198048 0.0198048 0.0198254 0.0212968 0.0198024 0.0000000 0.0000010 0.0012038 0.0073759 0.0073759 0.0114582 
TJD436_ND4      0.0916324 0.0491902 0.0491902 0.0519851 0.0436266 0.0417533 0.0359221 0.0359221 0.0217935 0.0208684 0.0172116 0.0197935 0.0182957 0.0171606 0.0171653 0.0186581 0.0186581 0.0201397 0.0201397 0.0201810 0.0201810 0.0212995 0.0202206 0.0182957 0.0182957 0.0157236 0.0171810 0.0171810 0.0171810 0.0172253 0.0160418 0.0160418 0.0198048 0.0198048 0.0198254 0.0212968 0.0198024 0.0000010 0.0000000 0.0012038 0.0073759 0.0073759 0.0114582 
TJD430_ND4      0.0936372 0.0509658 0.0509658 0.0537671 0.0454113 0.0435190 0.0376624 0.0376624 0.0233390 0.0223500 0.0186933 0.0212872 0.0197666 0.0186371 0.0186423 0.0201585 0.0201585 0.0216580 0.0216580 0.0217032 0.0217032 0.0228155 0.0217429 0.0197666 0.0197666 0.0171810 0.0186595 0.0186595 0.0186595 0.0187081 0.0175296 0.0175296 0.0212995 0.0212995 0.0213188 0.0228125 0.0212968 0.0012038 0.0012038 0.0000000 0.0086860 0.0086860 0.0128452 
TJD431_ND4      0.0864033 0.0454825 0.0454825 0.0482495 0.0399321 0.0381086 0.0323588 0.0323588 0.0160275 0.0153394 0.0116559 0.0142130 0.0127899 0.0116231 0.0116262 0.0130463 0.0130463 0.0144667 0.0144667 0.0144946 0.0144946 0.0156509 0.0145308 0.0127899 0.0127899 0.0102486 0.0116364 0.0116364 0.0116364 0.0116655 0.0130937 0.0130937 0.0142207 0.0142207 0.0142433 0.0156490 0.0142190 0.0073759 0.0073759 0.0086860 0.0000000 0.0000010 0.0062151 
TJD432_ND4      0.0864033 0.0454825 0.0454825 0.0482495 0.0399321 0.0381086 0.0323588 0.0323588 0.0160275 0.0153394 0.0116559 0.0142130 0.0127899 0.0116231 0.0116262 0.0130463 0.0130463 0.0144667 0.0144667 0.0144946 0.0144946 0.0156509 0.0145308 0.0127899 0.0127899 0.0102486 0.0116364 0.0116364 0.0116364 0.0116655 0.0130937 0.0130937 0.0142207 0.0142207 0.0142433 0.0156490 0.0142190 0.0073759 0.0073759 0.0086860 0.0000010 0.0000000 0.0062151 
JFP_517_ND4     0.0900842 0.0454614 0.0454614 0.0482925 0.0397700 0.0378988 0.0319853 0.0319853 0.0121143 0.0145090 0.0106939 0.0133360 0.0118766 0.0106632 0.0106661 0.0121230 0.0121230 0.0135841 0.0135841 0.0136110 0.0136110 0.0148133 0.0136475 0.0118766 0.0118766 0.0092521 0.0106757 0.0106757 0.0106757 0.0107032 0.0121707 0.0121707 0.0133435 0.0133435 0.0133666 0.0148115 0.0133419 0.0114582 0.0114582 0.0128452 0.0062151 0.0062151 0.0000000 
