35
Burramyidae_Burramys_parvus                  0.0000000 0.0536321 0.0426743 0.0498752 0.0530931 0.0886478 0.0371168 0.0496066 0.0481606 0.0516509 0.0408428 0.0844837 0.0863805 0.0429562 0.0447796 0.0847177 0.0903670 0.0853524 0.0519029 0.0486043 0.0440461 0.0691345 0.0681917 0.0855616 0.0489590 0.0549518 0.0446713 0.0482959 0.0436876 0.0488680 0.0434965 0.0400237 0.0555400 0.0894737 0.0529589 
Notoryctidae_Notoryctes_typhlops             0.0536321 0.0000000 0.0538255 0.0686152 0.0725260 0.0938565 0.0539125 0.0710518 0.0661796 0.0624150 0.0618156 0.0937941 0.0940031 0.0608367 0.0605854 0.0932157 0.0931228 0.0939853 0.0652869 0.0655645 0.0561971 0.0750250 0.0790198 0.0931105 0.0653279 0.0635789 0.0618113 0.0662681 0.0594700 0.0642055 0.0627923 0.0581923 0.0653116 0.0939899 0.0633406 
Vombatidae_Lasiorhinus_latifrons             0.0426743 0.0538255 0.0000000 0.0551800 0.0591102 0.0799043 0.0412077 0.0560230 0.0561029 0.0536544 0.0437939 0.0760564 0.0799314 0.0465110 0.0476869 0.0747787 0.0803492 0.0776693 0.0550483 0.0530417 0.0490683 0.0647745 0.0671565 0.0775693 0.0548949 0.0515736 0.0474554 0.0547716 0.0447644 0.0501285 0.0484626 0.0434179 0.0541648 0.0813030 0.0551354 
Potoroidae_Bettongia_penicillata             0.0498752 0.0686152 0.0551800 0.0000000 0.0064844 0.1028976 0.0471745 0.0627110 0.0122193 0.0655445 0.0525769 0.1000490 0.1024446 0.0547494 0.0545919 0.0987968 0.1024042 0.0989784 0.0656251 0.0223708 0.0559410 0.0826571 0.0830249 0.1020459 0.0361431 0.0654034 0.0585605 0.0227197 0.0539628 0.0625326 0.0569297 0.0529475 0.0681282 0.1044198 0.0673250 
Potoroidae_Bettongia_lesueur                 0.0530931 0.0725260 0.0591102 0.0064844 0.0000000 0.1053729 0.0494596 0.0651063 0.0150366 0.0687133 0.0549946 0.1029378 0.1044669 0.0572729 0.0585135 0.1016736 0.1048868 0.1015952 0.0688120 0.0266954 0.0610705 0.0870391 0.0855261 0.1035627 0.0403373 0.0685288 0.0627013 0.0258298 0.0588196 0.0658606 0.0602957 0.0554354 0.0725543 0.1069714 0.0704886 
Dasyuridae_Dasyurus_maculatus                0.0886478 0.0938565 0.0799043 0.1028976 0.1053729 0.0000000 0.0855682 0.0991137 0.1017872 0.0948715 0.0869126 0.0176073 0.0201791 0.0897501 0.0881899 0.0182807 0.0061008 0.0222872 0.0975326 0.1000223 0.0887081 0.1027125 0.1066662 0.0163173 0.0974154 0.0881380 0.0859045 0.1011336 0.0838623 0.0937406 0.0880363 0.0856647 0.0977104 0.0079098 0.0968782 
Phalangeridae_Trichosurus_vulpecula          0.0371168 0.0539125 0.0412077 0.0471745 0.0494596 0.0855682 0.0000000 0.0245689 0.0456201 0.0516699 0.0157645 0.0823718 0.0847968 0.0170649 0.0428496 0.0827940 0.0860407 0.0826375 0.0520341 0.0443718 0.0435463 0.0680653 0.0696096 0.0825901 0.0473258 0.0519504 0.0463852 0.0463635 0.0436068 0.0516633 0.0439217 0.0149867 0.0534315 0.0868114 0.0521176 
Phalangeridae_Spilocuscus_maculatus          0.0496066 0.0710518 0.0560230 0.0627110 0.0651063 0.0991137 0.0245689 0.0000000 0.0615796 0.0658620 0.0189706 0.0979372 0.0997527 0.0212183 0.0558857 0.0977449 0.1003505 0.0958253 0.0692897 0.0596880 0.0577434 0.0816801 0.0829681 0.0955128 0.0640848 0.0681841 0.0617994 0.0590936 0.0538221 0.0681864 0.0595003 0.0214510 0.0697970 0.1004817 0.0681067 
Potoroidae_Aepyprymnus_rufescens             0.0481606 0.0661796 0.0561029 0.0122193 0.0150366 0.1017872 0.0456201 0.0615796 0.0000000 0.0645855 0.0509228 0.0999110 0.1023426 0.0541860 0.0533168 0.0990548 0.1012928 0.0995222 0.0641303 0.0227051 0.0538507 0.0797215 0.0811696 0.1003472 0.0346849 0.0640365 0.0571706 0.0218687 0.0525402 0.0600974 0.0546777 0.0517070 0.0687483 0.1027300 0.0659998 
Peramelidae_Perameles_nasuta                 0.0516509 0.0624150 0.0536544 0.0655445 0.0687133 0.0948715 0.0516699 0.0658620 0.0645855 0.0000000 0.0544543 0.0954672 0.0931068 0.0575918 0.0586099 0.0954784 0.0945250 0.0924132 0.0127286 0.0631407 0.0584205 0.0721079 0.0765455 0.0952099 0.0662051 0.0554231 0.0575914 0.0638183 0.0594517 0.0671295 0.0579564 0.0548775 0.0125860 0.0946383 0.0012228 
Phalangeridae_Strigocuscus_pelengensis       0.0408428 0.0618156 0.0437939 0.0525769 0.0549946 0.0869126 0.0157645 0.0189706 0.0509228 0.0544543 0.0000000 0.0843940 0.0854416 0.0141391 0.0474431 0.0851522 0.0867545 0.0844702 0.0561345 0.0499047 0.0493149 0.0702938 0.0700599 0.0828974 0.0528662 0.0579620 0.0517745 0.0498907 0.0473668 0.0553419 0.0500303 0.0116963 0.0573334 0.0888217 0.0553585 
Dasyuridae_Phascogale_tapoatafa              0.0844837 0.0937941 0.0760564 0.1000490 0.1029378 0.0176073 0.0823718 0.0979372 0.0999110 0.0954672 0.0843940 0.0000000 0.0170597 0.0865877 0.0884402 0.0048520 0.0152744 0.0180576 0.0972647 0.0949658 0.0852140 0.0980163 0.1004056 0.0097117 0.0933427 0.0855365 0.0836464 0.0951217 0.0811892 0.0911299 0.0876353 0.0825502 0.0965121 0.0200382 0.0948915 
Dasyuridae_Sminthopsis_macroura              0.0863805 0.0940031 0.0799314 0.1024446 0.1044669 0.0201791 0.0847968 0.0997527 0.1023426 0.0931068 0.0854416 0.0170597 0.0000000 0.0874331 0.0893475 0.0180517 0.0188816 0.0156199 0.0959316 0.1018621 0.0862774 0.0986520 0.1031508 0.0180993 0.0952056 0.0875412 0.0852948 0.1029845 0.0832478 0.0948529 0.0907683 0.0833674 0.0960828 0.0235078 0.0938036 
Phalangeridae_Phalanger_orientalis           0.0429562 0.0608367 0.0465110 0.0547494 0.0572729 0.0897501 0.0170649 0.0212183 0.0541860 0.0575918 0.0141391 0.0865877 0.0874331 0.0000000 0.0475937 0.0882204 0.0902703 0.0888175 0.0597444 0.0521932 0.0480533 0.0733719 0.0741662 0.0864772 0.0560550 0.0585073 0.0522967 0.0523091 0.0475135 0.0568754 0.0506199 0.0020007 0.0601026 0.0916718 0.0582865 
Acrobatidae_Acrobates_pygmaeus               0.0447796 0.0605854 0.0476869 0.0545919 0.0585135 0.0881899 0.0428496 0.0558857 0.0533168 0.0586099 0.0474431 0.0884402 0.0893475 0.0475937 0.0000000 0.0882164 0.0887003 0.0911850 0.0585772 0.0503950 0.0376466 0.0756495 0.0752472 0.0898609 0.0521410 0.0516962 0.0383720 0.0515252 0.0370031 0.0485242 0.0252283 0.0452140 0.0580778 0.0896834 0.0596325 
Dasyuridae_Phascogale_calura                 0.0847177 0.0932157 0.0747787 0.0987968 0.1016736 0.0182807 0.0827940 0.0977449 0.0990548 0.0954784 0.0851522 0.0048520 0.0180517 0.0882204 0.0882164 0.0000000 0.0153865 0.0195581 0.0982272 0.0958462 0.0844319 0.0963457 0.0995897 0.0100476 0.0927412 0.0870413 0.0825615 0.0969410 0.0803609 0.0902327 0.0887508 0.0841478 0.0970753 0.0207362 0.0962255 
Dasyuridae_Sarcophilus_harrisii              0.0903670 0.0931228 0.0803492 0.1024042 0.1048868 0.0061008 0.0860407 0.1003505 0.1012928 0.0945250 0.0867545 0.0152744 0.0188816 0.0902703 0.0887003 0.0153865 0.0000000 0.0200961 0.0982283 0.1010706 0.0887320 0.1023426 0.1049644 0.0145427 0.0978023 0.0881945 0.0855118 0.1021879 0.0845309 0.0936467 0.0883151 0.0861439 0.0971414 0.0085178 0.0956781 
Dasyuridae_Planigale_tenuirostris            0.0853524 0.0939853 0.0776693 0.0989784 0.1015952 0.0222872 0.0826375 0.0958253 0.0995222 0.0924132 0.0844702 0.0180576 0.0156199 0.0888175 0.0911850 0.0195581 0.0200961 0.0000000 0.0942262 0.0983430 0.0855869 0.0983195 0.1008604 0.0205276 0.0950629 0.0895090 0.0859956 0.1000153 0.0825993 0.0914726 0.0902952 0.0844006 0.0952921 0.0251610 0.0927028 
Peramelidae_Echymipera_kalubu                0.0519029 0.0652869 0.0550483 0.0656251 0.0688120 0.0975326 0.0520341 0.0692897 0.0641303 0.0127286 0.0561345 0.0972647 0.0959316 0.0597444 0.0585772 0.0982272 0.0982283 0.0942262 0.0000000 0.0627593 0.0572102 0.0707103 0.0763514 0.0967107 0.0663717 0.0541578 0.0605931 0.0647896 0.0601620 0.0674932 0.0566033 0.0567560 0.0122022 0.0983388 0.0129056 
Macropodidae_Dorcopsulus_vanheurni           0.0486043 0.0655645 0.0530417 0.0223708 0.0266954 0.1000223 0.0443718 0.0596880 0.0227051 0.0631407 0.0499047 0.0949658 0.1018621 0.0521932 0.0503950 0.0958462 0.1010706 0.0983430 0.0627593 0.0000000 0.0549902 0.0757823 0.0789409 0.0989557 0.0319886 0.0624564 0.0548013 0.0098814 0.0524365 0.0611056 0.0530576 0.0500770 0.0651196 0.1012338 0.0649019 
Pseudochiridae_Pseudochirulus_forbesi        0.0440461 0.0561971 0.0490683 0.0559410 0.0610705 0.0887081 0.0435463 0.0577434 0.0538507 0.0584205 0.0493149 0.0852140 0.0862774 0.0480533 0.0376466 0.0844319 0.0887320 0.0855869 0.0572102 0.0549902 0.0000000 0.0722592 0.0742511 0.0836690 0.0553423 0.0584763 0.0273063 0.0534017 0.0149157 0.0478628 0.0400808 0.0463898 0.0590033 0.0907230 0.0586415 
Didelphidae_Didelphis_virginiana             0.0691345 0.0750250 0.0647745 0.0826571 0.0870391 0.1027125 0.0680653 0.0816801 0.0797215 0.0721079 0.0702938 0.0980163 0.0986520 0.0733719 0.0756495 0.0963457 0.1023426 0.0983195 0.0707103 0.0757823 0.0722592 0.0000000 0.0237084 0.1004426 0.0831661 0.0695686 0.0742812 0.0787404 0.0693814 0.0761199 0.0752182 0.0704558 0.0689968 0.1021200 0.0718076 
Marmosidae_Monodelphis_domestica             0.0681917 0.0790198 0.0671565 0.0830249 0.0855261 0.1066662 0.0696096 0.0829681 0.0811696 0.0765455 0.0700599 0.1004056 0.1031508 0.0741662 0.0752472 0.0995897 0.1049644 0.1008604 0.0763514 0.0789409 0.0742511 0.0237084 0.0000000 0.1015199 0.0852203 0.0722511 0.0741123 0.0822221 0.0723341 0.0791991 0.0744164 0.0711907 0.0740427 0.1064081 0.0760264 
Dasyuridae_Antechinus_stuartii               0.0855616 0.0931105 0.0775693 0.1020459 0.1035627 0.0163173 0.0825901 0.0955128 0.1003472 0.0952099 0.0828974 0.0097117 0.0180993 0.0864772 0.0898609 0.0100476 0.0145427 0.0205276 0.0967107 0.0989557 0.0836690 0.1004426 0.1015199 0.0000000 0.0966464 0.0864183 0.0825679 0.1000930 0.0812128 0.0900075 0.0865287 0.0824303 0.0987401 0.0184497 0.0951552 
Hypsiprymnodontidae_Hypsiprymnodon_moschatus 0.0489590 0.0653279 0.0548949 0.0361431 0.0403373 0.0974154 0.0473258 0.0640848 0.0346849 0.0662051 0.0528662 0.0933427 0.0952056 0.0560550 0.0521410 0.0927412 0.0978023 0.0950629 0.0663717 0.0319886 0.0553423 0.0831661 0.0852203 0.0966464 0.0000000 0.0634368 0.0545292 0.0338343 0.0529871 0.0605232 0.0551844 0.0531672 0.0691630 0.0966615 0.0664744 
Microbiotheriidae_Dromiciops_gliroides       0.0549518 0.0635789 0.0515736 0.0654034 0.0685288 0.0881380 0.0519504 0.0681841 0.0640365 0.0554231 0.0579620 0.0855365 0.0875412 0.0585073 0.0516962 0.0870413 0.0881945 0.0895090 0.0541578 0.0624564 0.0584763 0.0695686 0.0722511 0.0864183 0.0634368 0.0000000 0.0579994 0.0641168 0.0519883 0.0629848 0.0541845 0.0558420 0.0563703 0.0896243 0.0557201 
Pseudochiridae_Petauroides_volans            0.0446713 0.0618113 0.0474554 0.0585605 0.0627013 0.0859045 0.0463852 0.0617994 0.0571706 0.0575914 0.0517745 0.0836464 0.0852948 0.0522967 0.0383720 0.0825615 0.0855118 0.0859956 0.0605931 0.0548013 0.0273063 0.0742812 0.0741123 0.0825679 0.0545292 0.0579994 0.0000000 0.0545576 0.0237152 0.0428795 0.0397532 0.0497755 0.0594696 0.0866438 0.0581546 
Macropodidae_Wallabia_bicolor                0.0482959 0.0662681 0.0547716 0.0227197 0.0258298 0.1011336 0.0463635 0.0590936 0.0218687 0.0638183 0.0498907 0.0951217 0.1029845 0.0523091 0.0515252 0.0969410 0.1021879 0.1000153 0.0647896 0.0098814 0.0534017 0.0787404 0.0822221 0.1000930 0.0338343 0.0641168 0.0545576 0.0000000 0.0508866 0.0607976 0.0538320 0.0502092 0.0669803 0.1017624 0.0655770 
Pseudochiridae_Pseudocheirus_occidentalis    0.0436876 0.0594700 0.0447644 0.0539628 0.0588196 0.0838623 0.0436068 0.0538221 0.0525402 0.0594517 0.0473668 0.0811892 0.0832478 0.0475135 0.0370031 0.0803609 0.0845309 0.0825993 0.0601620 0.0524365 0.0149157 0.0693814 0.0723341 0.0812128 0.0529871 0.0519883 0.0237152 0.0508866 0.0000000 0.0433730 0.0386168 0.0450998 0.0601851 0.0859275 0.0586953 
Tarsipedidae_Tarsipes_rostratus              0.0488680 0.0642055 0.0501285 0.0625326 0.0658606 0.0937406 0.0516633 0.0681864 0.0600974 0.0671295 0.0553419 0.0911299 0.0948529 0.0568754 0.0485242 0.0902327 0.0936467 0.0914726 0.0674932 0.0611056 0.0478628 0.0761199 0.0791991 0.0900075 0.0605232 0.0629848 0.0428795 0.0607976 0.0433730 0.0000000 0.0500124 0.0550300 0.0677114 0.0948052 0.0684122 
Acrobatidae_Distoechurus_pennatus            0.0434965 0.0627923 0.0484626 0.0569297 0.0602957 0.0880363 0.0439217 0.0595003 0.0546777 0.0579564 0.0500303 0.0876353 0.0907683 0.0506199 0.0252283 0.0887508 0.0883151 0.0902952 0.0566033 0.0530576 0.0400808 0.0752182 0.0744164 0.0865287 0.0551844 0.0541845 0.0397532 0.0538320 0.0386168 0.0500124 0.0000000 0.0481642 0.0563103 0.0889889 0.0589639 
Phalangeridae_Phalanger_carmelitae           0.0400237 0.0581923 0.0434179 0.0529475 0.0554354 0.0856647 0.0149867 0.0214510 0.0517070 0.0548775 0.0116963 0.0825502 0.0833674 0.0020007 0.0452140 0.0841478 0.0861439 0.0844006 0.0567560 0.0500770 0.0463898 0.0704558 0.0711907 0.0824303 0.0531672 0.0558420 0.0497755 0.0502092 0.0450998 0.0550300 0.0481642 0.0000000 0.0569749 0.0875307 0.0556542 
Peramelidae_Peroryctes_raffrayana            0.0555400 0.0653116 0.0541648 0.0681282 0.0725543 0.0977104 0.0534315 0.0697970 0.0687483 0.0125860 0.0573334 0.0965121 0.0960828 0.0601026 0.0580778 0.0970753 0.0971414 0.0952921 0.0122022 0.0651196 0.0590033 0.0689968 0.0740427 0.0987401 0.0691630 0.0563703 0.0594696 0.0669803 0.0601851 0.0677114 0.0563103 0.0569749 0.0000000 0.0978228 0.0127945 
Dasyuridae_Dasyurus_geffroii                 0.0894737 0.0939899 0.0813030 0.1044198 0.1069714 0.0079098 0.0868114 0.1004817 0.1027300 0.0946383 0.0888217 0.0200382 0.0235078 0.0916718 0.0896834 0.0207362 0.0085178 0.0251610 0.0983388 0.1012338 0.0907230 0.1021200 0.1064081 0.0184497 0.0966615 0.0896243 0.0866438 0.1017624 0.0859275 0.0948052 0.0889889 0.0875307 0.0978228 0.0000000 0.0957901 
Peramelidae_Perameles_gunnii                 0.0529589 0.0633406 0.0551354 0.0673250 0.0704886 0.0968782 0.0521176 0.0681067 0.0659998 0.0012228 0.0553585 0.0948915 0.0938036 0.0582865 0.0596325 0.0962255 0.0956781 0.0927028 0.0129056 0.0649019 0.0586415 0.0718076 0.0760264 0.0951552 0.0664744 0.0557201 0.0581546 0.0655770 0.0586953 0.0684122 0.0589639 0.0556542 0.0127945 0.0957901 0.0000000 
