35
Burramyidae_Burramys_parvus                  0.0000000 0.0995409 0.0701495 0.0753698 0.0838973 0.1157808 0.0636985 0.0666616 0.0760566 0.0687969 0.0658294 0.1161238 0.1155113 0.0665356 0.0815334 0.1154548 0.1120567 0.1070881 0.0967413 0.0715461 0.0824684 0.0661081 0.0680420 0.1096285 0.1016176 0.0882090 0.0728736 0.0766996 0.1080865 0.0877923 0.0675228 0.1098036 0.1138301 0.0675828 0.0460477 
Notoryctidae_Notoryctes_typhlops             0.0995409 0.0000000 0.0675473 0.0688782 0.0734569 0.0793231 0.0641221 0.0672784 0.0682657 0.0694089 0.0641018 0.0796744 0.0824733 0.0654441 0.1112519 0.0799613 0.0793088 0.0787434 0.0746720 0.0679450 0.0724125 0.1117092 0.1203528 0.0774807 0.0797566 0.0783010 0.0688066 0.0864516 0.0909213 0.0786010 0.0659127 0.0794676 0.0791792 0.0685907 0.0867781 
Vombatidae_Lasiorhinus_latifrons             0.0701495 0.0675473 0.0000000 0.0495358 0.0525756 0.0687506 0.0410287 0.0444766 0.0499724 0.0746870 0.0413343 0.0700161 0.0694781 0.0438265 0.0794791 0.0691849 0.0669106 0.0653618 0.0712088 0.0474891 0.0480642 0.0892419 0.0944269 0.0659370 0.0673631 0.0495257 0.0489947 0.0643140 0.0707823 0.0590706 0.0441888 0.0737404 0.0686394 0.0737815 0.0594484 
Potoroidae_Bettongia_penicillata             0.0753698 0.0688782 0.0495358 0.0000000 0.0059234 0.0741424 0.0474836 0.0491242 0.0095442 0.0755728 0.0475119 0.0726014 0.0762807 0.0495099 0.0825669 0.0731726 0.0739266 0.0723624 0.0726740 0.0164842 0.0560009 0.0844140 0.0923688 0.0704936 0.0697475 0.0578291 0.0180780 0.0797601 0.0723888 0.0616407 0.0501584 0.0719107 0.0748048 0.0765588 0.0382487 
Potoroidae_Bettongia_lesueur                 0.0838973 0.0734569 0.0525756 0.0059234 0.0000000 0.0789674 0.0515944 0.0537532 0.0141061 0.0832235 0.0520528 0.0779816 0.0814884 0.0544653 0.0908699 0.0788724 0.0782706 0.0767968 0.0775724 0.0214879 0.0601726 0.0861268 0.0956112 0.0757282 0.0746501 0.0622973 0.0231509 0.0865077 0.0771331 0.0670812 0.0551190 0.0757042 0.0791255 0.0849350 0.0440377 
Dasyuridae_Dasyurus_maculatus                0.1157808 0.0793231 0.0687506 0.0741424 0.0789674 0.0000000 0.0656986 0.0697911 0.0749222 0.0850719 0.0681385 0.0169498 0.0262132 0.0693286 0.1213189 0.0169438 0.0060508 0.0197483 0.0775347 0.0723945 0.0767709 0.1292154 0.1357954 0.0177481 0.0818437 0.0750493 0.0735685 0.0830617 0.0970469 0.0844101 0.0696634 0.0887825 0.0056533 0.0845618 0.0900763 
Phalangeridae_Trichosurus_vulpecula          0.0636985 0.0641221 0.0410287 0.0474836 0.0515944 0.0656986 0.0000000 0.0175536 0.0479108 0.0692151 0.0169951 0.0657900 0.0655415 0.0173984 0.0767359 0.0662371 0.0651028 0.0597924 0.0662533 0.0463448 0.0500747 0.0964119 0.0992553 0.0630892 0.0606058 0.0509748 0.0469035 0.0659292 0.0689298 0.0574201 0.0175884 0.0675413 0.0663954 0.0701837 0.0585914 
Phalangeridae_Spilocuscus_maculatus          0.0666616 0.0672784 0.0444766 0.0491242 0.0537532 0.0697911 0.0175536 0.0000000 0.0491119 0.0737848 0.0112507 0.0695103 0.0700218 0.0118487 0.0784174 0.0694673 0.0683935 0.0658598 0.0697786 0.0461600 0.0507659 0.0960977 0.0972262 0.0651586 0.0605539 0.0519322 0.0481558 0.0660640 0.0678677 0.0583527 0.0118134 0.0711446 0.0686403 0.0734142 0.0575703 
Potoroidae_Aepyprymnus_rufescens             0.0760566 0.0682657 0.0499724 0.0095442 0.0141061 0.0749222 0.0479108 0.0491119 0.0000000 0.0764801 0.0482187 0.0735378 0.0759467 0.0500138 0.0852024 0.0740705 0.0747104 0.0723986 0.0736703 0.0166024 0.0541357 0.0858559 0.0922879 0.0720002 0.0700210 0.0569287 0.0175860 0.0740501 0.0717325 0.0622489 0.0506599 0.0722156 0.0755828 0.0760281 0.0392729 
Peramelidae_Perameles_nasuta                 0.0687969 0.0694089 0.0746870 0.0755728 0.0832235 0.0850719 0.0692151 0.0737848 0.0764801 0.0000000 0.0641915 0.0789339 0.0790889 0.0721735 0.0943108 0.0790161 0.0819222 0.0746321 0.0120086 0.0697351 0.0926269 0.0831655 0.0875639 0.0783606 0.0658294 0.0861761 0.0690874 0.0926023 0.1110489 0.0994206 0.0719654 0.0119488 0.0844499 0.0012288 0.0547857 
Phalangeridae_Strigocuscus_pelengensis       0.0658294 0.0641018 0.0413343 0.0475119 0.0520528 0.0681385 0.0169951 0.0112507 0.0482187 0.0641915 0.0000000 0.0682789 0.0663452 0.0089241 0.0777871 0.0682350 0.0658791 0.0646697 0.0678028 0.0449028 0.0502038 0.0989323 0.1008124 0.0643995 0.0580432 0.0525381 0.0459168 0.0648934 0.0675631 0.0568234 0.0089170 0.0682560 0.0672001 0.0639823 0.0586093 
Dasyuridae_Phascogale_tapoatafa              0.1161238 0.0796744 0.0700161 0.0726014 0.0779816 0.0169498 0.0657900 0.0695103 0.0735378 0.0789339 0.0682789 0.0000000 0.0231860 0.0692146 0.1185692 0.0034972 0.0157189 0.0183843 0.0745249 0.0703931 0.0778406 0.1293445 0.1379328 0.0097849 0.0796183 0.0750537 0.0724305 0.0827840 0.0978498 0.0828140 0.0695503 0.0856589 0.0169851 0.0785237 0.0924655 
Dasyuridae_Sminthopsis_macroura              0.1155113 0.0824733 0.0694781 0.0762807 0.0814884 0.0262132 0.0655415 0.0700218 0.0759467 0.0790889 0.0663452 0.0231860 0.0000000 0.0692284 0.1172038 0.0227569 0.0238906 0.0167494 0.0768519 0.0738241 0.0788069 0.1337035 0.1395063 0.0203909 0.0823092 0.0787420 0.0754109 0.0863758 0.0978851 0.0812503 0.0690137 0.0873732 0.0250011 0.0786109 0.0912747 
Phalangeridae_Phalanger_orientalis           0.0665356 0.0654441 0.0438265 0.0495099 0.0544653 0.0693286 0.0173984 0.0118487 0.0500138 0.0721735 0.0089241 0.0692146 0.0692284 0.0000000 0.0802197 0.0697234 0.0679352 0.0649987 0.0700155 0.0470240 0.0512262 0.0984063 0.1009066 0.0650704 0.0610007 0.0516604 0.0481393 0.0661831 0.0688324 0.0584946 0.0011681 0.0714949 0.0686647 0.0717900 0.0612476 
Acrobatidae_Acrobates_pygmaeus               0.0815334 0.1112519 0.0794791 0.0825669 0.0908699 0.1213189 0.0767359 0.0784174 0.0852024 0.0943108 0.0777871 0.1185692 0.1172038 0.0802197 0.0000000 0.1179126 0.1187518 0.1118586 0.1107274 0.0805058 0.0626376 0.0610648 0.0652670 0.1141781 0.1111828 0.0670450 0.0814185 0.0659904 0.0827632 0.0360157 0.0811975 0.1173682 0.1207795 0.0927602 0.0474314 
Dasyuridae_Phascogale_calura                 0.1154548 0.0799613 0.0691849 0.0731726 0.0788724 0.0169438 0.0662371 0.0694673 0.0740705 0.0790161 0.0682350 0.0034972 0.0227569 0.0697234 0.1179126 0.0000000 0.0153027 0.0181944 0.0747765 0.0714750 0.0781152 0.1298646 0.1389694 0.0087623 0.0793649 0.0761642 0.0735248 0.0822102 0.0973434 0.0828725 0.0700584 0.0863013 0.0165666 0.0785362 0.0921841 
Dasyuridae_Sarcophilus_harrisii              0.1120567 0.0793088 0.0669106 0.0739266 0.0782706 0.0060508 0.0651028 0.0683935 0.0747104 0.0819222 0.0658791 0.0157189 0.0238906 0.0679352 0.1187518 0.0153027 0.0000000 0.0182707 0.0758044 0.0716577 0.0740401 0.1299679 0.1377260 0.0154668 0.0788763 0.0741273 0.0717132 0.0797474 0.0956470 0.0822538 0.0682728 0.0854214 0.0058689 0.0813981 0.0911696 
Dasyuridae_Planigale_tenuirostris            0.1070881 0.0787434 0.0653618 0.0723624 0.0767968 0.0197483 0.0597924 0.0658598 0.0723986 0.0746321 0.0646697 0.0183843 0.0167494 0.0649987 0.1118586 0.0181944 0.0182707 0.0000000 0.0740083 0.0701190 0.0721508 0.1246935 0.1309605 0.0167593 0.0797415 0.0739010 0.0717372 0.0737625 0.0921065 0.0777284 0.0654615 0.0850273 0.0195955 0.0752875 0.0891015 
Peramelidae_Echymipera_kalubu                0.0967413 0.0746720 0.0712088 0.0726740 0.0775724 0.0775347 0.0662533 0.0697786 0.0736703 0.0120086 0.0678028 0.0745249 0.0768519 0.0700155 0.1107274 0.0747765 0.0758044 0.0740083 0.0000000 0.0700496 0.0793925 0.1147857 0.1220284 0.0731525 0.0796473 0.0748752 0.0695630 0.0948598 0.0905813 0.0811527 0.0707231 0.0121780 0.0763365 0.0123254 0.0825605 
Macropodidae_Dorcopsulus_vanheurni           0.0715461 0.0679450 0.0474891 0.0164842 0.0214879 0.0723945 0.0463448 0.0461600 0.0166024 0.0697351 0.0449028 0.0703931 0.0738241 0.0470240 0.0805058 0.0714750 0.0716577 0.0701190 0.0700496 0.0000000 0.0523917 0.0831958 0.0890660 0.0684881 0.0672532 0.0536398 0.0081598 0.0681663 0.0683957 0.0598597 0.0471861 0.0697305 0.0719559 0.0694306 0.0372850 
Pseudochiridae_Pseudochirulus_forbesi        0.0824684 0.0724125 0.0480642 0.0560009 0.0601726 0.0767709 0.0500747 0.0507659 0.0541357 0.0926269 0.0502038 0.0778406 0.0788069 0.0512262 0.0626376 0.0781152 0.0740401 0.0721508 0.0793925 0.0523917 0.0000000 0.0962458 0.1045691 0.0751465 0.0713587 0.0245613 0.0517259 0.0175215 0.0534776 0.0464421 0.0515817 0.0807420 0.0762344 0.0926224 0.0646821 
Didelphidae_Didelphis_virginiana             0.0661081 0.1117092 0.0892419 0.0844140 0.0861268 0.1292154 0.0964119 0.0960977 0.0858559 0.0831655 0.0989323 0.1293445 0.1337035 0.0984063 0.0610648 0.1298646 0.1299679 0.1246935 0.1147857 0.0831958 0.0962458 0.0000000 0.0376120 0.1224534 0.1151419 0.1018190 0.0886436 0.0730006 0.1223891 0.1067266 0.0992094 0.1194695 0.1288509 0.0860895 0.0552672 
Marmosidae_Monodelphis_domestica             0.0680420 0.1203528 0.0944269 0.0923688 0.0956112 0.1357954 0.0992553 0.0972262 0.0922879 0.0875639 0.1008124 0.1379328 0.1395063 0.1009066 0.0652670 0.1389694 0.1377260 0.1309605 0.1220284 0.0890660 0.1045691 0.0376120 0.0000000 0.1316683 0.1211027 0.1078839 0.0936569 0.0811499 0.1282726 0.1137275 0.1014613 0.1234944 0.1354513 0.0854606 0.0599751 
Dasyuridae_Antechinus_stuartii               0.1096285 0.0774807 0.0659370 0.0704936 0.0757282 0.0177481 0.0630892 0.0651586 0.0720002 0.0783606 0.0643995 0.0097849 0.0203909 0.0650704 0.1141781 0.0087623 0.0154668 0.0167593 0.0731525 0.0684881 0.0751465 0.1224534 0.1316683 0.0000000 0.0765166 0.0728343 0.0707200 0.0806009 0.0932553 0.0805371 0.0648676 0.0843338 0.0167289 0.0778873 0.0879994 
Microbiotheriidae_Dromiciops_gliroides       0.1016176 0.0797566 0.0673631 0.0697475 0.0746501 0.0818437 0.0606058 0.0605539 0.0700210 0.0658294 0.0580432 0.0796183 0.0823092 0.0610007 0.1111828 0.0793649 0.0788763 0.0797415 0.0796473 0.0672532 0.0713587 0.1151419 0.1211027 0.0765166 0.0000000 0.0733590 0.0674923 0.0738257 0.0926135 0.0770080 0.0614902 0.0795958 0.0812039 0.0662072 0.0873259 
Pseudochiridae_Petauroides_volans            0.0882090 0.0783010 0.0495257 0.0578291 0.0622973 0.0750493 0.0509748 0.0519322 0.0569287 0.0861761 0.0525381 0.0750537 0.0787420 0.0516604 0.0670450 0.0761642 0.0741273 0.0739010 0.0748752 0.0536398 0.0245613 0.1018190 0.1078839 0.0728343 0.0733590 0.0000000 0.0538458 0.0248525 0.0543229 0.0483567 0.0520169 0.0792621 0.0755008 0.0856262 0.0697624 
Macropodidae_Wallabia_bicolor                0.0728736 0.0688066 0.0489947 0.0180780 0.0231509 0.0735685 0.0469035 0.0481558 0.0175860 0.0690874 0.0459168 0.0724305 0.0754109 0.0481393 0.0814185 0.0735248 0.0717132 0.0717372 0.0695630 0.0081598 0.0517259 0.0886436 0.0936569 0.0707200 0.0674923 0.0538458 0.0000000 0.0691050 0.0681513 0.0597620 0.0483014 0.0697803 0.0736859 0.0687872 0.0379529 
Pseudochiridae_Pseudocheirus_occidentalis    0.0766996 0.0864516 0.0643140 0.0797601 0.0865077 0.0830617 0.0659292 0.0660640 0.0740501 0.0926023 0.0648934 0.0827840 0.0863758 0.0661831 0.0659904 0.0822102 0.0797474 0.0737625 0.0948598 0.0681663 0.0175215 0.0730006 0.0811499 0.0806009 0.0738257 0.0248525 0.0691050 0.0000000 0.0847316 0.0608395 0.0654398 0.0944562 0.0825590 0.0931865 0.0509398 
Tarsipedidae_Tarsipes_rostratus              0.1080865 0.0909213 0.0707823 0.0723888 0.0771331 0.0970469 0.0689298 0.0678677 0.0717325 0.1110489 0.0675631 0.0978498 0.0978851 0.0688324 0.0827632 0.0973434 0.0956470 0.0921065 0.0905813 0.0683957 0.0534776 0.1223891 0.1282726 0.0932553 0.0926135 0.0543229 0.0681513 0.0847316 0.0000000 0.0657840 0.0692759 0.0880197 0.0957230 0.1109170 0.0933445 
Acrobatidae_Distoechurus_pennatus            0.0877923 0.0786010 0.0590706 0.0616407 0.0670812 0.0844101 0.0574201 0.0583527 0.0622489 0.0994206 0.0568234 0.0828140 0.0812503 0.0584946 0.0360157 0.0828725 0.0822538 0.0777284 0.0811527 0.0598597 0.0464421 0.1067266 0.1137275 0.0805371 0.0770080 0.0483567 0.0597620 0.0608395 0.0657840 0.0000000 0.0589102 0.0824182 0.0830283 0.0986756 0.0724979 
Phalangeridae_Phalanger_carmelitae           0.0675228 0.0659127 0.0441888 0.0501584 0.0551190 0.0696634 0.0175884 0.0118134 0.0506599 0.0719654 0.0089170 0.0695503 0.0690137 0.0011681 0.0811975 0.0700584 0.0682728 0.0654615 0.0707231 0.0471861 0.0515817 0.0992094 0.1014613 0.0648676 0.0614902 0.0520169 0.0483014 0.0654398 0.0692759 0.0589102 0.0000000 0.0722509 0.0690009 0.0715857 0.0622723 
Peramelidae_Peroryctes_raffrayana            0.1098036 0.0794676 0.0737404 0.0719107 0.0757042 0.0887825 0.0675413 0.0711446 0.0722156 0.0119488 0.0682560 0.0856589 0.0873732 0.0714949 0.1173682 0.0863013 0.0854214 0.0850273 0.0121780 0.0697305 0.0807420 0.1194695 0.1234944 0.0843338 0.0795958 0.0792621 0.0697803 0.0944562 0.0880197 0.0824182 0.0722509 0.0000000 0.0866122 0.0128478 0.0918486 
Dasyuridae_Dasyurus_geffroii                 0.1138301 0.0791792 0.0686394 0.0748048 0.0791255 0.0056533 0.0663954 0.0686403 0.0755828 0.0844499 0.0672001 0.0169851 0.0250011 0.0686647 0.1207795 0.0165666 0.0058689 0.0195955 0.0763365 0.0719559 0.0762344 0.1288509 0.1354513 0.0167289 0.0812039 0.0755008 0.0736859 0.0825590 0.0957230 0.0830283 0.0690009 0.0866122 0.0000000 0.0839451 0.0912370 
Peramelidae_Perameles_gunnii                 0.0675828 0.0685907 0.0737815 0.0765588 0.0849350 0.0845618 0.0701837 0.0734142 0.0760281 0.0012288 0.0639823 0.0785237 0.0786109 0.0717900 0.0927602 0.0785362 0.0813981 0.0752875 0.0123254 0.0694306 0.0926224 0.0860895 0.0854606 0.0778873 0.0662072 0.0856262 0.0687872 0.0931865 0.1109170 0.0986756 0.0715857 0.0128478 0.0839451 0.0000000 0.0544281 
Hypsiprymnodontidae_Hypsiprymnodon_moschatus 0.0460477 0.0867781 0.0594484 0.0382487 0.0440377 0.0900763 0.0585914 0.0575703 0.0392729 0.0547857 0.0586093 0.0924655 0.0912747 0.0612476 0.0474314 0.0921841 0.0911696 0.0891015 0.0825605 0.0372850 0.0646821 0.0552672 0.0599751 0.0879994 0.0873259 0.0697624 0.0379529 0.0509398 0.0933445 0.0724979 0.0622723 0.0918486 0.0912370 0.0544281 0.0000000 
