35
Burramyidae_Burramys_parvus                  0.0000000 0.0910454 0.0794088 0.0648447 0.0621868 0.1258918 0.0567334 0.0627408 0.0614795 0.0552176 0.0641279 0.1028372 0.1000046 0.0624903 0.0672464 0.1048806 0.1101936 0.1055498 0.0743884 0.0901367 0.0684826 0.1730704 0.0953574 0.1160123 0.0636206 0.0845974 0.0622639 0.0631906 0.0614043 0.0769252 0.0715420 0.0724407 0.0653695 0.1240463 0.0756393 
Notoryctidae_Notoryctes_typhlops             0.0910454 0.0000000 0.1211284 0.1084233 0.0840165 0.1064149 0.1001833 0.1065079 0.1012695 0.0962786 0.1090652 0.0929557 0.1164685 0.1068887 0.1078464 0.0952498 0.1205202 0.1313210 0.1081142 0.1439280 0.1058977 0.1469827 0.1142472 0.0975911 0.1071014 0.0905774 0.0995654 0.0835166 0.0950916 0.1115853 0.1100027 0.1090411 0.0966595 0.1067177 0.1047140 
Vombatidae_Lasiorhinus_latifrons             0.0794088 0.1211284 0.0000000 0.0895284 0.0890423 0.1549695 0.0916162 0.0942750 0.0864292 0.0693571 0.0963110 0.1247949 0.1240375 0.0934493 0.0888440 0.1285048 0.1338512 0.1296092 0.0917580 0.1202340 0.0934136 0.1924899 0.1089181 0.1397741 0.0914818 0.1015577 0.0935010 0.0854383 0.0867144 0.1084529 0.0973528 0.1014741 0.0855807 0.1510406 0.0936645 
Potoroidae_Bettongia_penicillata             0.0648447 0.1084233 0.0895284 0.0000000 0.0095444 0.1472154 0.0679619 0.0722049 0.0139160 0.0756799 0.0720161 0.1199856 0.1157074 0.0700494 0.0743500 0.1228039 0.1294265 0.1231044 0.0874225 0.0565855 0.0836171 0.1912584 0.1037824 0.1312221 0.0452323 0.0927153 0.0752527 0.0368971 0.0764896 0.0911702 0.0805222 0.0831794 0.0811754 0.1452949 0.0872327 
Potoroidae_Bettongia_lesueur                 0.0621868 0.0840165 0.0890423 0.0095444 0.0000000 0.1027447 0.0653222 0.0695183 0.0117233 0.0704305 0.0705549 0.0890245 0.1103847 0.0673648 0.0722003 0.0906824 0.1261409 0.1166834 0.0839847 0.0559805 0.0814289 0.1244611 0.1004694 0.0919133 0.0409879 0.0687846 0.0718015 0.0296809 0.0735538 0.0867436 0.0798667 0.0802427 0.0773076 0.1034076 0.0838040 
Dasyuridae_Dasyurus_maculatus                0.1258918 0.1064149 0.1549695 0.1472154 0.1027447 0.0000000 0.1338080 0.1386819 0.1428713 0.1261626 0.1190589 0.0283107 0.0541828 0.1361636 0.1470615 0.0304966 0.0277995 0.0483872 0.1350876 0.1713275 0.1470639 0.1337352 0.1159551 0.0192106 0.1377968 0.0892785 0.1526176 0.0986326 0.1447382 0.1577881 0.1537014 0.1374200 0.1270053 0.0053760 0.1284985 
Phalangeridae_Trichosurus_vulpecula          0.0567334 0.1001833 0.0916162 0.0679619 0.0653222 0.1338080 0.0000000 0.0256444 0.0654251 0.0618078 0.0273001 0.1067035 0.1047212 0.0258226 0.0687164 0.1101907 0.1173144 0.1104625 0.0836333 0.0924767 0.0675963 0.1852662 0.1005217 0.1189819 0.0650907 0.0932221 0.0663368 0.0650469 0.0626905 0.0845833 0.0675360 0.0357225 0.0712720 0.1311578 0.0848084 
Phalangeridae_Spilocuscus_maculatus          0.0627408 0.1065079 0.0942750 0.0722049 0.0695183 0.1386819 0.0256444 0.0000000 0.0709213 0.0714942 0.0185245 0.1125473 0.1081038 0.0140413 0.0732177 0.1160927 0.1218703 0.1138573 0.0896113 0.0985445 0.0788839 0.1914933 0.1036432 0.1266540 0.0732138 0.0967045 0.0747405 0.0705771 0.0706767 0.0900441 0.0750866 0.0259497 0.0815875 0.1359760 0.0901305 
Potoroidae_Aepyprymnus_rufescens             0.0614795 0.1012695 0.0864292 0.0139160 0.0117233 0.1428713 0.0654251 0.0709213 0.0000000 0.0672280 0.0713499 0.1159951 0.1111870 0.0687653 0.0709547 0.1187884 0.1253207 0.1164907 0.0827992 0.0554670 0.0795081 0.1874447 0.1003034 0.1270665 0.0404671 0.0903190 0.0692087 0.0333971 0.0722676 0.0854517 0.0778656 0.0786690 0.0744328 0.1409818 0.0826213 
Peramelidae_Perameles_nasuta                 0.0552176 0.0962786 0.0693571 0.0756799 0.0704305 0.1261626 0.0618078 0.0714942 0.0672280 0.0000000 0.0643984 0.0969130 0.0989517 0.0692794 0.0641901 0.0986013 0.1093492 0.1017667 0.0154286 0.1054051 0.0764486 0.1855985 0.0833665 0.1100514 0.0749025 0.0671676 0.0683254 0.0660232 0.0672458 0.0825800 0.0661956 0.0760321 0.0083336 0.1299715 0.0006807 
Phalangeridae_Strigocuscus_pelengensis       0.0641279 0.1090652 0.0963110 0.0720161 0.0705549 0.1190589 0.0273001 0.0185245 0.0713499 0.0643984 0.0000000 0.1113798 0.1092963 0.0128479 0.0714713 0.1150544 0.1199642 0.1017539 0.0885430 0.0981380 0.0795334 0.1792647 0.1049890 0.1099649 0.0731075 0.0981032 0.0770280 0.0722352 0.0712331 0.0887429 0.0784624 0.0295454 0.0780499 0.1172788 0.0890542 
Dasyuridae_Phascogale_tapoatafa              0.1028372 0.0929557 0.1247949 0.1199856 0.0890245 0.0283107 0.1067035 0.1125473 0.1159951 0.0969130 0.1113798 0.0000000 0.0289180 0.1101898 0.1137584 0.0041304 0.0236488 0.0519822 0.1110905 0.1425694 0.1189562 0.1350672 0.1109484 0.0163691 0.1102547 0.0826306 0.1236771 0.0852364 0.1160054 0.1346317 0.1199881 0.1110334 0.1011698 0.0282681 0.1042526 
Dasyuridae_Sminthopsis_macroura              0.1000046 0.1164685 0.1240375 0.1157074 0.1103847 0.0541828 0.1047212 0.1081038 0.1111870 0.0989517 0.1092963 0.0289180 0.0000000 0.1068579 0.1147521 0.0329543 0.0383650 0.0410364 0.1113660 0.1404564 0.1173437 0.2035223 0.1122589 0.0429963 0.1112962 0.1123210 0.1189844 0.1113190 0.1110644 0.1263807 0.1168958 0.1126642 0.1004064 0.0509759 0.1052284 
Phalangeridae_Phalanger_orientalis           0.0624903 0.1068887 0.0934493 0.0700494 0.0673648 0.1361636 0.0258226 0.0140413 0.0687653 0.0692794 0.0128479 0.1101898 0.1068579 0.0000000 0.0727995 0.1137367 0.1210093 0.1099358 0.0888285 0.0977266 0.0780256 0.1889943 0.1022830 0.1195943 0.0716311 0.0933929 0.0738672 0.0697136 0.0715792 0.0885161 0.0775619 0.0171263 0.0796197 0.1341588 0.0900194 
Acrobatidae_Acrobates_pygmaeus               0.0672464 0.1078464 0.0888440 0.0743500 0.0722003 0.1470615 0.0687164 0.0732177 0.0709547 0.0641901 0.0714713 0.1137584 0.1147521 0.0727995 0.0000000 0.1174545 0.1272533 0.1162409 0.0867075 0.1036552 0.0716619 0.1966764 0.1082490 0.1254569 0.0751624 0.0846923 0.0637747 0.0746731 0.0645814 0.0792565 0.0435854 0.0871233 0.0776009 0.1449910 0.0853246 
Dasyuridae_Phascogale_calura                 0.1048806 0.0952498 0.1285048 0.1228039 0.0906824 0.0304966 0.1101907 0.1160927 0.1187884 0.0986013 0.1150544 0.0041304 0.0329543 0.1137367 0.1174545 0.0000000 0.0264730 0.0564752 0.1146258 0.1462570 0.1226317 0.1374616 0.1159824 0.0179062 0.1137618 0.0857330 0.1250510 0.0866284 0.1190222 0.1385084 0.1251789 0.1162926 0.1043272 0.0304508 0.1077376 
Dasyuridae_Sarcophilus_harrisii              0.1101936 0.1205202 0.1338512 0.1294265 0.1261409 0.0277995 0.1173144 0.1218703 0.1253207 0.1093492 0.1199642 0.0236488 0.0383650 0.1210093 0.1272533 0.0264730 0.0000000 0.0597616 0.1218516 0.1517406 0.1252229 0.2051282 0.1177864 0.0390998 0.1202470 0.1202096 0.1315734 0.1189357 0.1233267 0.1395962 0.1324383 0.1231423 0.1124053 0.0260288 0.1155503 
Dasyuridae_Planigale_tenuirostris            0.1055498 0.1313210 0.1296092 0.1231044 0.1166834 0.0483872 0.1104625 0.1138573 0.1164907 0.1017667 0.1017539 0.0519822 0.0410364 0.1099358 0.1162409 0.0564752 0.0597616 0.0000000 0.1156429 0.1505101 0.1176206 0.1952263 0.1157248 0.0434153 0.1137535 0.1079017 0.1247329 0.1159477 0.1191226 0.1338379 0.1233948 0.1261808 0.1089586 0.0457143 0.1132643 
Peramelidae_Echymipera_kalubu                0.0743884 0.1081142 0.0917580 0.0874225 0.0839847 0.1350876 0.0836333 0.0896113 0.0827992 0.0154286 0.0885430 0.1110905 0.1113660 0.0888285 0.0867075 0.1146258 0.1218516 0.1156429 0.0000000 0.1125070 0.0978998 0.1879623 0.1062305 0.1208473 0.0826446 0.0900989 0.0933020 0.0832150 0.0894274 0.1047464 0.0881276 0.0965317 0.0148607 0.1339600 0.0172739 
Macropodidae_Dorcopsulus_vanheurni           0.0901367 0.1439280 0.1202340 0.0565855 0.0559805 0.1713275 0.0924767 0.0985445 0.0554670 0.1054051 0.0981380 0.1425694 0.1404564 0.0977266 0.1036552 0.1462570 0.1517406 0.1505101 0.1125070 0.0000000 0.1080890 0.2244980 0.1330911 0.1560791 0.0683720 0.1210529 0.0983290 0.0420407 0.0986842 0.1193840 0.1053373 0.1102493 0.1042814 0.1699777 0.1100554 
Pseudochiridae_Pseudochirulus_forbesi        0.0684826 0.1058977 0.0934136 0.0836171 0.0814289 0.1470639 0.0675963 0.0788839 0.0795081 0.0764486 0.0795334 0.1189562 0.1173437 0.0780256 0.0716619 0.1226317 0.1252229 0.1176206 0.0978998 0.1080890 0.0000000 0.1973984 0.1123243 0.1320996 0.0865310 0.1000198 0.0514197 0.0791843 0.0283082 0.0798322 0.0731744 0.0880124 0.0892599 0.1433994 0.0962365 
Didelphidae_Didelphis_virginiana             0.1730704 0.1469827 0.1924899 0.1912584 0.1244611 0.1337352 0.1852662 0.1914933 0.1874447 0.1855985 0.1792647 0.1350672 0.2035223 0.1889943 0.1966764 0.1374616 0.2051282 0.1952263 0.1879623 0.2244980 0.1973984 0.0000000 0.0430307 0.1284852 0.1944426 0.1044276 0.1976654 0.1262216 0.1820998 0.2066442 0.2041615 0.1464936 0.1836838 0.1359688 0.1854390 
Marmosidae_Monodelphis_domestica             0.0953574 0.1142472 0.1089181 0.1037824 0.1004694 0.1159551 0.1005217 0.1036432 0.1003034 0.0833665 0.1049890 0.1109484 0.1122589 0.1022830 0.1082490 0.1159824 0.1177864 0.1157248 0.1062305 0.1330911 0.1123243 0.0430307 0.0000000 0.1085216 0.1060747 0.1056657 0.0996868 0.1041498 0.1049028 0.1090727 0.1185978 0.1061765 0.0966811 0.1167798 0.1029809 
Dasyuridae_Antechinus_stuartii               0.1160123 0.0975911 0.1397741 0.1312221 0.0919133 0.0192106 0.1189819 0.1266540 0.1270665 0.1100514 0.1099649 0.0163691 0.0429963 0.1195943 0.1254569 0.0179062 0.0390998 0.0434153 0.1208473 0.1560791 0.1320996 0.1284852 0.1085216 0.0000000 0.1243442 0.0810708 0.1336158 0.0886050 0.1260077 0.1418917 0.1354500 0.1224718 0.1118570 0.0195305 0.1152503 
Hypsiprymnodontidae_Hypsiprymnodon_moschatus 0.0636206 0.1071014 0.0914818 0.0452323 0.0409879 0.1377968 0.0650907 0.0732138 0.0404671 0.0749025 0.0731075 0.1102547 0.1112962 0.0716311 0.0751624 0.1137618 0.1202470 0.1137535 0.0826446 0.0683720 0.0865310 0.1944426 0.1060747 0.1243442 0.0000000 0.0929122 0.0753700 0.0442951 0.0801810 0.0906040 0.0781932 0.0806253 0.0805656 0.1351138 0.0839843 
Microbiotheriidae_Dromiciops_gliroides       0.0845974 0.0905774 0.1015577 0.0927153 0.0687846 0.0892785 0.0932221 0.0967045 0.0903190 0.0671676 0.0981032 0.0826306 0.1123210 0.0933929 0.0846923 0.0857330 0.1202096 0.1079017 0.0900989 0.1210529 0.1000198 0.1044276 0.1056657 0.0810708 0.0929122 0.0000000 0.1001499 0.0652631 0.0963188 0.1039679 0.1013539 0.1008946 0.0830698 0.0895503 0.0885194 
Pseudochiridae_Petauroides_volans            0.0622639 0.0995654 0.0935010 0.0752527 0.0718015 0.1526176 0.0663368 0.0747405 0.0692087 0.0683254 0.0770280 0.1236771 0.1189844 0.0738672 0.0637747 0.1250510 0.1315734 0.1247329 0.0933020 0.0983290 0.0514197 0.1976654 0.0996868 0.1336158 0.0753700 0.1001499 0.0000000 0.0684007 0.0396308 0.0661349 0.0654680 0.0849529 0.0815880 0.1489425 0.0916697 
Macropodidae_Wallabia_bicolor                0.0631906 0.0835166 0.0854383 0.0368971 0.0296809 0.0986326 0.0650469 0.0705771 0.0333971 0.0660232 0.0722352 0.0852364 0.1113190 0.0697136 0.0746731 0.0866284 0.1189357 0.1159477 0.0832150 0.0420407 0.0791843 0.1262216 0.1041498 0.0886050 0.0442951 0.0652631 0.0684007 0.0000000 0.0694316 0.0832731 0.0776296 0.0815534 0.0718149 0.0989540 0.0809827 
Pseudochiridae_Pseudocheirus_occidentalis    0.0614043 0.0950916 0.0867144 0.0764896 0.0735538 0.1447382 0.0626905 0.0706767 0.0722676 0.0672458 0.0712331 0.1160054 0.1110644 0.0715792 0.0645814 0.1190222 0.1233267 0.1191226 0.0894274 0.0986842 0.0283082 0.1820998 0.1049028 0.1260077 0.0801810 0.0963188 0.0396308 0.0694316 0.0000000 0.0700074 0.0669789 0.0810104 0.0786988 0.1409529 0.0861561 
Tarsipedidae_Tarsipes_rostratus              0.0769252 0.1115853 0.1084529 0.0911702 0.0867436 0.1577881 0.0845833 0.0900441 0.0854517 0.0825800 0.0887429 0.1346317 0.1263807 0.0885161 0.0792565 0.1385084 0.1395962 0.1338379 0.1047464 0.1193840 0.0798322 0.2066442 0.1090727 0.1418917 0.0906040 0.1039679 0.0661349 0.0832731 0.0700074 0.0000000 0.0871322 0.1028917 0.0983320 0.1554181 0.1062653 
Acrobatidae_Distoechurus_pennatus            0.0715420 0.1100027 0.0973528 0.0805222 0.0798667 0.1537014 0.0675360 0.0750866 0.0778656 0.0661956 0.0784624 0.1199881 0.1168958 0.0775619 0.0435854 0.1251789 0.1324383 0.1233948 0.0881276 0.1053373 0.0731744 0.2041615 0.1185978 0.1354500 0.0781932 0.1013539 0.0654680 0.0776296 0.0669789 0.0871322 0.0000000 0.0895037 0.0794724 0.1508265 0.0868213 
Phalangeridae_Phalanger_carmelitae           0.0724407 0.1090411 0.1014741 0.0831794 0.0802427 0.1374200 0.0357225 0.0259497 0.0786690 0.0760321 0.0295454 0.1110334 0.1126642 0.0171263 0.0871233 0.1162926 0.1231423 0.1261808 0.0965317 0.1102493 0.0880124 0.1464936 0.1061765 0.1224718 0.0806253 0.1008946 0.0849529 0.0815534 0.0810104 0.1028917 0.0895037 0.0000000 0.0897745 0.1362296 0.0979025 
Peramelidae_Peroryctes_raffrayana            0.0653695 0.0966595 0.0855807 0.0811754 0.0773076 0.1270053 0.0712720 0.0815875 0.0744328 0.0083336 0.0780499 0.1011698 0.1004064 0.0796197 0.0776009 0.1043272 0.1124053 0.1089586 0.0148607 0.1042814 0.0892599 0.1836838 0.0966811 0.1118570 0.0805656 0.0830698 0.0815880 0.0718149 0.0786988 0.0983320 0.0794724 0.0897745 0.0000000 0.1293965 0.0123061 
Dasyuridae_Dasyurus_geffroii                 0.1240463 0.1067177 0.1510406 0.1452949 0.1034076 0.0053760 0.1311578 0.1359760 0.1409818 0.1299715 0.1172788 0.0282681 0.0509759 0.1341588 0.1449910 0.0304508 0.0260288 0.0457143 0.1339600 0.1699777 0.1433994 0.1359688 0.1167798 0.0195305 0.1351138 0.0895503 0.1489425 0.0989540 0.1409529 0.1554181 0.1508265 0.1362296 0.1293965 0.0000000 0.1289413 
Peramelidae_Perameles_gunnii                 0.0756393 0.1047140 0.0936645 0.0872327 0.0838040 0.1284985 0.0848084 0.0901305 0.0826213 0.0006807 0.0890542 0.1042526 0.1052284 0.0900194 0.0853246 0.1077376 0.1155503 0.1132643 0.0172739 0.1100554 0.0962365 0.1854390 0.1029809 0.1152503 0.0839843 0.0885194 0.0916697 0.0809827 0.0861561 0.1062653 0.0868213 0.0979025 0.0123061 0.1289413 0.0000000 
