35
Burramyidae_Burramys_parvus                  0.0000000 0.0703500 0.0497253 0.0491540 0.0496284 0.0684650 0.0399882 0.0414087 0.0474887 0.0800736 0.0401404 0.0673376 0.0657670 0.0407684 0.0488966 0.0689231 0.0668342 0.0701745 0.0729789 0.0475343 0.0505821 0.0765137 0.0758487 0.0687057 0.0489441 0.0646366 0.0448985 0.0472791 0.0512617 0.0586023 0.0506052 0.0416848 0.0805290 0.0670800 0.0812590 
Notoryctidae_Notoryctes_typhlops             0.0703500 0.0000000 0.0711249 0.0765129 0.0771297 0.0879280 0.0721592 0.0741345 0.0746195 0.0920450 0.0714324 0.0828047 0.0846970 0.0744731 0.0788174 0.0849193 0.0861562 0.0864677 0.0844889 0.0767024 0.0786525 0.0896702 0.0819934 0.0841202 0.0786217 0.0729039 0.0718337 0.0764437 0.0797400 0.0885223 0.0774768 0.0738597 0.0882722 0.0860422 0.0927524 
Vombatidae_Lasiorhinus_latifrons             0.0497253 0.0711249 0.0000000 0.0505696 0.0507345 0.0656754 0.0458299 0.0453911 0.0493978 0.0743089 0.0460421 0.0646775 0.0642375 0.0466982 0.0549436 0.0659990 0.0644249 0.0688166 0.0680214 0.0499911 0.0559251 0.0732112 0.0708232 0.0666011 0.0506161 0.0600437 0.0502385 0.0489326 0.0551256 0.0685469 0.0541024 0.0463874 0.0732608 0.0646704 0.0758283 
Potoroidae_Bettongia_penicillata             0.0491540 0.0765129 0.0505696 0.0000000 0.0022363 0.0761296 0.0447691 0.0462449 0.0086846 0.0823046 0.0446579 0.0763860 0.0744940 0.0468068 0.0515657 0.0778125 0.0751233 0.0754077 0.0741125 0.0187681 0.0507026 0.0801254 0.0701610 0.0786688 0.0330019 0.0725976 0.0465228 0.0171259 0.0506047 0.0656075 0.0501349 0.0469936 0.0829760 0.0736464 0.0832450 
Potoroidae_Bettongia_lesueur                 0.0496284 0.0771297 0.0507345 0.0022363 0.0000000 0.0766590 0.0449355 0.0469653 0.0088914 0.0809596 0.0454075 0.0759563 0.0744540 0.0472797 0.0512818 0.0773451 0.0756505 0.0755610 0.0736865 0.0192008 0.0509271 0.0793908 0.0696521 0.0783194 0.0334525 0.0728393 0.0472641 0.0175543 0.0508319 0.0663888 0.0507446 0.0477158 0.0816647 0.0744527 0.0819252 
Dasyuridae_Dasyurus_maculatus                0.0684650 0.0879280 0.0656754 0.0761296 0.0766590 0.0000000 0.0663344 0.0701525 0.0739426 0.0852344 0.0727606 0.0170391 0.0212682 0.0716355 0.0779684 0.0163002 0.0066145 0.0263750 0.0782813 0.0725935 0.0805777 0.0827604 0.0744741 0.0165130 0.0767022 0.0807615 0.0763559 0.0742869 0.0806147 0.0884958 0.0782462 0.0718128 0.0843853 0.0072446 0.0871292 
Phalangeridae_Trichosurus_vulpecula          0.0399882 0.0721592 0.0458299 0.0447691 0.0449355 0.0663344 0.0000000 0.0152857 0.0424169 0.0739048 0.0157775 0.0657760 0.0631045 0.0163878 0.0463572 0.0665976 0.0647966 0.0645014 0.0705183 0.0417371 0.0473545 0.0772762 0.0709784 0.0682093 0.0416500 0.0639331 0.0419862 0.0412456 0.0490294 0.0627367 0.0476064 0.0157182 0.0779202 0.0644747 0.0759902 
Phalangeridae_Spilocuscus_maculatus          0.0414087 0.0741345 0.0453911 0.0462449 0.0469653 0.0701525 0.0152857 0.0000000 0.0441240 0.0740589 0.0077325 0.0681825 0.0659710 0.0078124 0.0476109 0.0682787 0.0682558 0.0679300 0.0714389 0.0454276 0.0483600 0.0769330 0.0694786 0.0715200 0.0435929 0.0661693 0.0444316 0.0444171 0.0489818 0.0638076 0.0486612 0.0082239 0.0767971 0.0687529 0.0760853 
Potoroidae_Aepyprymnus_rufescens             0.0474887 0.0746195 0.0493978 0.0086846 0.0088914 0.0739426 0.0424169 0.0441240 0.0000000 0.0790486 0.0432271 0.0751793 0.0714139 0.0441721 0.0506136 0.0758885 0.0729736 0.0722905 0.0721504 0.0162936 0.0490217 0.0771967 0.0677149 0.0762131 0.0317290 0.0699206 0.0438350 0.0144695 0.0473756 0.0641843 0.0484529 0.0453427 0.0788782 0.0726104 0.0800049 
Peramelidae_Perameles_nasuta                 0.0800736 0.0920450 0.0743089 0.0823046 0.0809596 0.0852344 0.0739048 0.0740589 0.0790486 0.0000000 0.0742078 0.0860955 0.0832278 0.0755854 0.0823736 0.0853307 0.0848910 0.0880394 0.0157910 0.0798334 0.0789897 0.0950057 0.0925576 0.0857373 0.0790293 0.0854205 0.0756789 0.0781940 0.0801623 0.0964161 0.0817666 0.0749288 0.0198643 0.0836278 0.0014467 
Phalangeridae_Strigocuscus_pelengensis       0.0401404 0.0714324 0.0460421 0.0446579 0.0454075 0.0727606 0.0157775 0.0077325 0.0432271 0.0742078 0.0000000 0.0715829 0.0693136 0.0079637 0.0460600 0.0722811 0.0711301 0.0683163 0.0712155 0.0447862 0.0478437 0.0776143 0.0682496 0.0737922 0.0442041 0.0650616 0.0438785 0.0429043 0.0488029 0.0638953 0.0468802 0.0083948 0.0779314 0.0707810 0.0763241 
Dasyuridae_Phascogale_tapoatafa              0.0673376 0.0828047 0.0646775 0.0763860 0.0759563 0.0170391 0.0657760 0.0681825 0.0751793 0.0860955 0.0715829 0.0000000 0.0210633 0.0707934 0.0767320 0.0051136 0.0174427 0.0235883 0.0780624 0.0715342 0.0794030 0.0843894 0.0772666 0.0085078 0.0752927 0.0745530 0.0748869 0.0737917 0.0792348 0.0850083 0.0775386 0.0709713 0.0844194 0.0172296 0.0879954 
Dasyuridae_Sminthopsis_macroura              0.0657670 0.0846970 0.0642375 0.0744940 0.0744540 0.0212682 0.0631045 0.0659710 0.0714139 0.0832278 0.0693136 0.0210633 0.0000000 0.0679590 0.0737461 0.0203893 0.0205430 0.0187612 0.0779498 0.0707750 0.0759647 0.0849594 0.0797239 0.0204090 0.0736645 0.0774379 0.0719934 0.0721692 0.0754093 0.0857186 0.0748719 0.0681367 0.0838840 0.0203005 0.0850924 
Phalangeridae_Phalanger_orientalis           0.0407684 0.0744731 0.0466982 0.0468068 0.0472797 0.0716355 0.0163878 0.0078124 0.0441721 0.0755854 0.0079637 0.0707934 0.0679590 0.0000000 0.0478999 0.0711526 0.0700226 0.0688277 0.0723878 0.0454914 0.0499273 0.0784699 0.0713323 0.0731045 0.0451152 0.0667679 0.0447459 0.0439873 0.0500565 0.0641747 0.0476696 0.0044831 0.0792960 0.0691126 0.0771087 
Acrobatidae_Acrobates_pygmaeus               0.0488966 0.0788174 0.0549436 0.0515657 0.0512818 0.0779684 0.0463572 0.0476109 0.0506136 0.0823736 0.0460600 0.0767320 0.0737461 0.0478999 0.0000000 0.0788394 0.0759926 0.0745348 0.0771556 0.0499403 0.0466341 0.0822077 0.0744570 0.0782507 0.0513024 0.0710125 0.0429902 0.0483632 0.0486061 0.0556121 0.0302239 0.0475835 0.0806822 0.0750975 0.0837086 
Dasyuridae_Phascogale_calura                 0.0689231 0.0849193 0.0659990 0.0778125 0.0773451 0.0163002 0.0665976 0.0682787 0.0758885 0.0853307 0.0722811 0.0051136 0.0203893 0.0711526 0.0788394 0.0000000 0.0165072 0.0229260 0.0767831 0.0728034 0.0788749 0.0858501 0.0785338 0.0079868 0.0756631 0.0748390 0.0754776 0.0749807 0.0799292 0.0900767 0.0762766 0.0716415 0.0832027 0.0174723 0.0869702 
Dasyuridae_Sarcophilus_harrisii              0.0668342 0.0861562 0.0644249 0.0751233 0.0756505 0.0066145 0.0647966 0.0682558 0.0729736 0.0848910 0.0711301 0.0174427 0.0205430 0.0700226 0.0759926 0.0165072 0.0000000 0.0248170 0.0774083 0.0710155 0.0779061 0.0805394 0.0738233 0.0158277 0.0757206 0.0801228 0.0731517 0.0727017 0.0774242 0.0850156 0.0748354 0.0702006 0.0835711 0.0068082 0.0867764 
Dasyuridae_Planigale_tenuirostris            0.0701745 0.0864677 0.0688166 0.0754077 0.0755610 0.0263750 0.0645014 0.0679300 0.0722905 0.0880394 0.0683163 0.0235883 0.0187612 0.0688277 0.0745348 0.0229260 0.0248170 0.0000000 0.0803344 0.0711244 0.0772904 0.0865404 0.0791854 0.0241618 0.0754465 0.0793975 0.0705015 0.0719499 0.0771262 0.0881755 0.0756090 0.0697825 0.0858639 0.0257929 0.0900283 
Peramelidae_Echymipera_kalubu                0.0729789 0.0844889 0.0680214 0.0741125 0.0736865 0.0782813 0.0705183 0.0714389 0.0721504 0.0157910 0.0712155 0.0780624 0.0779498 0.0723878 0.0771556 0.0767831 0.0774083 0.0803344 0.0000000 0.0728651 0.0754750 0.0879609 0.0815583 0.0787392 0.0738219 0.0773117 0.0729961 0.0707677 0.0762832 0.0912462 0.0780403 0.0720055 0.0135092 0.0759038 0.0171308 
Macropodidae_Dorcopsulus_vanheurni           0.0475343 0.0767024 0.0499911 0.0187681 0.0192008 0.0725935 0.0417371 0.0454276 0.0162936 0.0798334 0.0447862 0.0715342 0.0707750 0.0454914 0.0499403 0.0728034 0.0710155 0.0711244 0.0728651 0.0000000 0.0516033 0.0802798 0.0695081 0.0742671 0.0291722 0.0729891 0.0469574 0.0057764 0.0503180 0.0641132 0.0488058 0.0454305 0.0800812 0.0695863 0.0807978 
Pseudochiridae_Pseudochirulus_forbesi        0.0505821 0.0786525 0.0559251 0.0507026 0.0509271 0.0805777 0.0473545 0.0483600 0.0490217 0.0789897 0.0478437 0.0794030 0.0759647 0.0499273 0.0466341 0.0788749 0.0779061 0.0772904 0.0754750 0.0516033 0.0000000 0.0824001 0.0774789 0.0799227 0.0509899 0.0696799 0.0205809 0.0498119 0.0155421 0.0528884 0.0457837 0.0496110 0.0806040 0.0785451 0.0793606 
Didelphidae_Didelphis_virginiana             0.0765137 0.0896702 0.0732112 0.0801254 0.0793908 0.0827604 0.0772762 0.0769330 0.0771967 0.0950057 0.0776143 0.0843894 0.0849594 0.0784699 0.0822077 0.0858501 0.0805394 0.0865404 0.0879609 0.0802798 0.0824001 0.0000000 0.0194458 0.0853698 0.0814653 0.0832572 0.0778885 0.0789731 0.0823173 0.0959711 0.0827670 0.0772105 0.0953371 0.0811579 0.0966920 
Marmosidae_Monodelphis_domestica             0.0758487 0.0819934 0.0708232 0.0701610 0.0696521 0.0744741 0.0709784 0.0694786 0.0677149 0.0925576 0.0682496 0.0772666 0.0797239 0.0713323 0.0744570 0.0785338 0.0738233 0.0791854 0.0815583 0.0695081 0.0774789 0.0194458 0.0000000 0.0777615 0.0727044 0.0798337 0.0729107 0.0677846 0.0803347 0.0887318 0.0766355 0.0701781 0.0897315 0.0728033 0.0938495 
Dasyuridae_Antechinus_stuartii               0.0687057 0.0841202 0.0666011 0.0786688 0.0783194 0.0165130 0.0682093 0.0715200 0.0762131 0.0857373 0.0737922 0.0085078 0.0204090 0.0731045 0.0782507 0.0079868 0.0158277 0.0241618 0.0787392 0.0742671 0.0799227 0.0853698 0.0777615 0.0000000 0.0763282 0.0752426 0.0753289 0.0755446 0.0798811 0.0877097 0.0765682 0.0732846 0.0846403 0.0165026 0.0875607 
Hypsiprymnodontidae_Hypsiprymnodon_moschatus 0.0489441 0.0786217 0.0506161 0.0330019 0.0334525 0.0767022 0.0416500 0.0435929 0.0317290 0.0790293 0.0442041 0.0752927 0.0736645 0.0451152 0.0513024 0.0756631 0.0757206 0.0754465 0.0738219 0.0291722 0.0509899 0.0814653 0.0727044 0.0763282 0.0000000 0.0741635 0.0480724 0.0292343 0.0508865 0.0663125 0.0513845 0.0440721 0.0796498 0.0747868 0.0799855 
Microbiotheriidae_Dromiciops_gliroides       0.0646366 0.0729039 0.0600437 0.0725976 0.0728393 0.0807615 0.0639331 0.0661693 0.0699206 0.0854205 0.0650616 0.0745530 0.0774379 0.0667679 0.0710125 0.0748390 0.0801228 0.0793975 0.0773117 0.0729891 0.0696799 0.0832572 0.0798337 0.0752426 0.0741635 0.0000000 0.0673938 0.0704440 0.0720400 0.0786605 0.0691730 0.0662078 0.0810620 0.0782362 0.0864190 
Pseudochiridae_Petauroides_volans            0.0448985 0.0718337 0.0502385 0.0465228 0.0472641 0.0763559 0.0419862 0.0444316 0.0438350 0.0756789 0.0438785 0.0748869 0.0719934 0.0447459 0.0429902 0.0754776 0.0731517 0.0705015 0.0729961 0.0469574 0.0205809 0.0778885 0.0729107 0.0753289 0.0480724 0.0673938 0.0000000 0.0456434 0.0227112 0.0496368 0.0411145 0.0444878 0.0759627 0.0740737 0.0768395 
Macropodidae_Wallabia_bicolor                0.0472791 0.0764437 0.0489326 0.0171259 0.0175543 0.0742869 0.0412456 0.0444171 0.0144695 0.0781940 0.0429043 0.0737917 0.0721692 0.0439873 0.0483632 0.0749807 0.0727017 0.0719499 0.0707677 0.0057764 0.0498119 0.0789731 0.0677846 0.0755446 0.0292343 0.0704440 0.0456434 0.0000000 0.0482326 0.0633384 0.0477562 0.0439289 0.0784579 0.0712686 0.0785636 
Pseudochiridae_Pseudocheirus_occidentalis    0.0512617 0.0797400 0.0551256 0.0506047 0.0508319 0.0806147 0.0490294 0.0489818 0.0473756 0.0801623 0.0488029 0.0792348 0.0754093 0.0500565 0.0486061 0.0799292 0.0774242 0.0771262 0.0762832 0.0503180 0.0155421 0.0823173 0.0803347 0.0798811 0.0508865 0.0720400 0.0227112 0.0482326 0.0000000 0.0552013 0.0461850 0.0497362 0.0812710 0.0774360 0.0810647 
Tarsipedidae_Tarsipes_rostratus              0.0586023 0.0885223 0.0685469 0.0656075 0.0663888 0.0884958 0.0627367 0.0638076 0.0641843 0.0964161 0.0638953 0.0850083 0.0857186 0.0641747 0.0556121 0.0900767 0.0850156 0.0881755 0.0912462 0.0641132 0.0528884 0.0959711 0.0887318 0.0877097 0.0663125 0.0786605 0.0496368 0.0633384 0.0552013 0.0000000 0.0572361 0.0638143 0.0954898 0.0844947 0.0981033 
Acrobatidae_Distoechurus_pennatus            0.0506052 0.0774768 0.0541024 0.0501349 0.0507446 0.0782462 0.0476064 0.0486612 0.0484529 0.0817666 0.0468802 0.0775386 0.0748719 0.0476696 0.0302239 0.0762766 0.0748354 0.0756090 0.0780403 0.0488058 0.0457837 0.0827670 0.0766355 0.0765682 0.0513845 0.0691730 0.0411145 0.0477562 0.0461850 0.0572361 0.0000000 0.0466098 0.0826756 0.0754532 0.0830410 
Phalangeridae_Phalanger_carmelitae           0.0416848 0.0738597 0.0463874 0.0469936 0.0477158 0.0718128 0.0157182 0.0082239 0.0453427 0.0749288 0.0083948 0.0709713 0.0681367 0.0044831 0.0475835 0.0716415 0.0702006 0.0697825 0.0720055 0.0454305 0.0496110 0.0772105 0.0701781 0.0732846 0.0440721 0.0662078 0.0444878 0.0439289 0.0497362 0.0638143 0.0466098 0.0000000 0.0788974 0.0698453 0.0770268 
Peramelidae_Peroryctes_raffrayana            0.0805290 0.0882722 0.0732608 0.0829760 0.0816647 0.0843853 0.0779202 0.0767971 0.0788782 0.0198643 0.0779314 0.0844194 0.0838840 0.0792960 0.0806822 0.0832027 0.0835711 0.0858639 0.0135092 0.0800812 0.0806040 0.0953371 0.0897315 0.0846403 0.0796498 0.0810620 0.0759627 0.0784579 0.0812710 0.0954898 0.0826756 0.0788974 0.0000000 0.0831465 0.0207703 
Dasyuridae_Dasyurus_geffroii                 0.0670800 0.0860422 0.0646704 0.0736464 0.0744527 0.0072446 0.0644747 0.0687529 0.0726104 0.0836278 0.0707810 0.0172296 0.0203005 0.0691126 0.0750975 0.0174723 0.0068082 0.0257929 0.0759038 0.0695863 0.0785451 0.0811579 0.0728033 0.0165026 0.0747868 0.0782362 0.0740737 0.0712686 0.0774360 0.0844947 0.0754532 0.0698453 0.0831465 0.0000000 0.0855033 
Peramelidae_Perameles_gunnii                 0.0812590 0.0927524 0.0758283 0.0832450 0.0819252 0.0871292 0.0759902 0.0760853 0.0800049 0.0014467 0.0763241 0.0879954 0.0850924 0.0771087 0.0837086 0.0869702 0.0867764 0.0900283 0.0171308 0.0807978 0.0793606 0.0966920 0.0938495 0.0875607 0.0799855 0.0864190 0.0768395 0.0785636 0.0810647 0.0981033 0.0830410 0.0770268 0.0207703 0.0855033 0.0000000 
