35
Burramyidae_Burramys_parvus                  0.0000000 0.0639555 0.0558428 0.0513065 0.0547893 0.0794949 0.0441754 0.0451402 0.0517122 0.0881941 0.0432672 0.0734401 0.0811728 0.0434379 0.0482190 0.0731278 0.0752648 0.0751602 0.0871394 0.0502866 0.0543505 0.1060807 0.0938877 0.0674934 0.0541840 0.0732971 0.0489528 0.0518386 0.0582872 0.0649264 0.0526569 0.0423612 0.0840239 0.0750976 0.0916648 
Notoryctidae_Notoryctes_typhlops             0.0639555 0.0000000 0.0626124 0.0712644 0.0738292 0.0765048 0.0688747 0.0730342 0.0727059 0.0934370 0.0722366 0.0708939 0.0779637 0.0756047 0.0690976 0.0683029 0.0720606 0.0705465 0.0918380 0.0748783 0.0732225 0.1193667 0.1121842 0.0658151 0.0718404 0.0608349 0.0636853 0.0755623 0.0809433 0.0924717 0.0763403 0.0738642 0.0803416 0.0703166 0.0939747 
Vombatidae_Lasiorhinus_latifrons             0.0558428 0.0626124 0.0000000 0.0597214 0.0632322 0.0770189 0.0524803 0.0565849 0.0637106 0.0879649 0.0522246 0.0726751 0.0837851 0.0571301 0.0658344 0.0701860 0.0746304 0.0656549 0.0873442 0.0647428 0.0604639 0.1133663 0.1029138 0.0654408 0.0616650 0.0749458 0.0576606 0.0657752 0.0684126 0.0719240 0.0704346 0.0577747 0.0801951 0.0738870 0.0913056 
Potoroidae_Bettongia_penicillata             0.0513065 0.0712644 0.0597214 0.0000000 0.0062724 0.0827937 0.0538582 0.0593879 0.0101844 0.1049788 0.0555249 0.0791113 0.0876606 0.0593150 0.0601327 0.0764102 0.0812204 0.0742191 0.1021568 0.0235683 0.0613121 0.1150967 0.1059681 0.0739806 0.0388757 0.0794549 0.0599779 0.0237608 0.0698166 0.0734769 0.0622836 0.0582621 0.0939194 0.0815061 0.1093530 
Potoroidae_Bettongia_lesueur                 0.0547893 0.0738292 0.0632322 0.0062724 0.0000000 0.0878689 0.0578997 0.0640612 0.0126265 0.1098439 0.0598761 0.0847415 0.0934779 0.0634321 0.0636451 0.0798519 0.0869803 0.0784713 0.1066049 0.0256233 0.0648243 0.1190516 0.1102316 0.0767308 0.0432418 0.0839698 0.0635464 0.0263647 0.0724522 0.0784210 0.0669912 0.0623289 0.0975687 0.0865631 0.1142301 
Dasyuridae_Dasyurus_maculatus                0.0794949 0.0765048 0.0770189 0.0827937 0.0878689 0.0000000 0.0811555 0.0838769 0.0823933 0.1078047 0.0841882 0.0208593 0.0397957 0.0844326 0.0920670 0.0228811 0.0133226 0.0277960 0.1055988 0.0795824 0.0945151 0.1338879 0.1213916 0.0214686 0.0852137 0.0881385 0.0872094 0.0830442 0.1037046 0.1023586 0.0965594 0.0858261 0.0991859 0.0101770 0.1111892 
Phalangeridae_Trichosurus_vulpecula          0.0441754 0.0688747 0.0524803 0.0538582 0.0578997 0.0811555 0.0000000 0.0298291 0.0576886 0.0944658 0.0295995 0.0775100 0.0891949 0.0292804 0.0601618 0.0748266 0.0781148 0.0766072 0.0922476 0.0546661 0.0585717 0.1164305 0.1056953 0.0712174 0.0608319 0.0784172 0.0537512 0.0574508 0.0629787 0.0723760 0.0597881 0.0272026 0.0852151 0.0747447 0.0984253 
Phalangeridae_Spilocuscus_maculatus          0.0451402 0.0730342 0.0565849 0.0593879 0.0640612 0.0838769 0.0298291 0.0000000 0.0626400 0.1000560 0.0132807 0.0795212 0.0898592 0.0126617 0.0563390 0.0789897 0.0814681 0.0798283 0.0967994 0.0603111 0.0613520 0.1145905 0.1035144 0.0753697 0.0618265 0.0798331 0.0535050 0.0626462 0.0632437 0.0728245 0.0619734 0.0131752 0.0887560 0.0800529 0.1034810 
Potoroidae_Aepyprymnus_rufescens             0.0517122 0.0727059 0.0637106 0.0101844 0.0126265 0.0823933 0.0576886 0.0626400 0.0000000 0.1093787 0.0584233 0.0774839 0.0885280 0.0620166 0.0604570 0.0755000 0.0827470 0.0718380 0.1060982 0.0229415 0.0633938 0.1156098 0.1090561 0.0724486 0.0414535 0.0835943 0.0609275 0.0231305 0.0721436 0.0766975 0.0637699 0.0609202 0.0979689 0.0811127 0.1137383 
Peramelidae_Perameles_nasuta                 0.0881941 0.0934370 0.0879649 0.1049788 0.1098439 0.1078047 0.0944658 0.1000560 0.1093787 0.0000000 0.0999443 0.1029499 0.1083980 0.0986636 0.1062750 0.1016415 0.1040335 0.0988032 0.0187962 0.1006693 0.1046748 0.1409577 0.1237465 0.0995366 0.1031349 0.1051273 0.0974499 0.1063561 0.1158720 0.1050759 0.1097236 0.0987587 0.0210011 0.1050611 0.0024203 
Phalangeridae_Strigocuscus_pelengensis       0.0432672 0.0722366 0.0522246 0.0555249 0.0598761 0.0841882 0.0295995 0.0132807 0.0584233 0.0999443 0.0000000 0.0804234 0.0924954 0.0153531 0.0561620 0.0801988 0.0810375 0.0799688 0.0982380 0.0594755 0.0581884 0.1134333 0.1069936 0.0758518 0.0593468 0.0790500 0.0543842 0.0622297 0.0639550 0.0760784 0.0596447 0.0153817 0.0898823 0.0808099 0.1036404 
Dasyuridae_Phascogale_tapoatafa              0.0734401 0.0708939 0.0726751 0.0791113 0.0847415 0.0208593 0.0775100 0.0795212 0.0774839 0.1029499 0.0804234 0.0000000 0.0347488 0.0794538 0.0869217 0.0087692 0.0210913 0.0229965 0.0997815 0.0760842 0.0939507 0.1302019 0.1179395 0.0126057 0.0834743 0.0830018 0.0828075 0.0807650 0.0999630 0.1003714 0.0954655 0.0808149 0.0907515 0.0183022 0.1062466 
Dasyuridae_Sminthopsis_macroura              0.0811728 0.0779637 0.0837851 0.0876606 0.0934779 0.0397957 0.0891949 0.0898592 0.0885280 0.1083980 0.0924954 0.0347488 0.0000000 0.0923899 0.0937741 0.0338327 0.0369411 0.0301024 0.1084428 0.0865590 0.0930640 0.1349753 0.1238931 0.0301796 0.0947687 0.0897368 0.0863465 0.0901397 0.1027561 0.1111022 0.1021325 0.0931637 0.1040177 0.0332779 0.1109564 
Phalangeridae_Phalanger_orientalis           0.0434379 0.0756047 0.0571301 0.0593150 0.0634321 0.0844326 0.0292804 0.0126617 0.0620166 0.0986636 0.0153531 0.0794538 0.0923899 0.0000000 0.0574819 0.0801038 0.0820277 0.0787355 0.0951393 0.0602239 0.0612954 0.1151096 0.1054229 0.0764840 0.0600029 0.0785104 0.0534191 0.0608145 0.0607581 0.0727372 0.0631147 0.0057760 0.0873464 0.0806072 0.1027278 
Acrobatidae_Acrobates_pygmaeus               0.0482190 0.0690976 0.0658344 0.0601327 0.0636451 0.0920670 0.0601618 0.0563390 0.0604570 0.1062750 0.0561620 0.0869217 0.0937741 0.0574819 0.0000000 0.0834796 0.0876824 0.0842067 0.0999237 0.0596994 0.0596497 0.1215503 0.1142485 0.0789314 0.0647363 0.0847509 0.0623384 0.0625363 0.0656050 0.0690033 0.0412969 0.0552093 0.0950985 0.0874902 0.1112900 
Dasyuridae_Phascogale_calura                 0.0731278 0.0683029 0.0701860 0.0764102 0.0798519 0.0228811 0.0748266 0.0789897 0.0755000 0.1016415 0.0801988 0.0087692 0.0338327 0.0801038 0.0834796 0.0000000 0.0245667 0.0223989 0.0986908 0.0732180 0.0865260 0.1301759 0.1160337 0.0101670 0.0810356 0.0807951 0.0795831 0.0768381 0.0931921 0.1027602 0.0883527 0.0796073 0.0918703 0.0195865 0.1049607 
Dasyuridae_Sarcophilus_harrisii              0.0752648 0.0720606 0.0746304 0.0812204 0.0869803 0.0133226 0.0781148 0.0814681 0.0827470 0.1040335 0.0810375 0.0210913 0.0369411 0.0820277 0.0876824 0.0245667 0.0000000 0.0288551 0.1025522 0.0793223 0.0901479 0.1300063 0.1183424 0.0220902 0.0831061 0.0836208 0.0821629 0.0821239 0.0976108 0.1008562 0.0941618 0.0834217 0.0951860 0.0108120 0.1072972 
Dasyuridae_Planigale_tenuirostris            0.0751602 0.0705465 0.0656549 0.0742191 0.0784713 0.0277960 0.0766072 0.0798283 0.0718380 0.0988032 0.0799688 0.0229965 0.0301024 0.0787355 0.0842067 0.0223989 0.0288551 0.0000000 0.0956711 0.0718252 0.0799188 0.1200119 0.1127226 0.0245044 0.0741851 0.0806025 0.0842206 0.0731533 0.0955767 0.0964927 0.0899693 0.0797529 0.0843785 0.0217848 0.1017713 
Peramelidae_Echymipera_kalubu                0.0871394 0.0918380 0.0873442 0.1021568 0.1066049 0.1055988 0.0922476 0.0967994 0.1060982 0.0187962 0.0982380 0.0997815 0.1084428 0.0951393 0.0999237 0.0986908 0.1025522 0.0956711 0.0000000 0.0944867 0.1024465 0.1354230 0.1214327 0.0977683 0.0999677 0.0989470 0.0974074 0.0997645 0.1109707 0.0998608 0.1041441 0.0953199 0.0135134 0.1041802 0.0205300 
Macropodidae_Dorcopsulus_vanheurni           0.0502866 0.0748783 0.0647428 0.0235683 0.0256233 0.0795824 0.0546661 0.0603111 0.0229415 0.1006693 0.0594755 0.0760842 0.0865590 0.0602239 0.0596994 0.0732180 0.0793223 0.0718252 0.0944867 0.0000000 0.0620041 0.1164485 0.1078928 0.0700197 0.0378968 0.0790923 0.0589045 0.0093371 0.0673251 0.0757896 0.0636818 0.0615217 0.0859341 0.0783071 0.1054019 
Pseudochiridae_Pseudochirulus_forbesi        0.0543505 0.0732225 0.0604639 0.0613121 0.0648243 0.0945151 0.0585717 0.0613520 0.0633938 0.1046748 0.0581884 0.0939507 0.0930640 0.0612954 0.0596497 0.0865260 0.0901479 0.0799188 0.1024465 0.0620041 0.0000000 0.1162782 0.1106083 0.0817084 0.0635619 0.0861192 0.0344728 0.0644024 0.0249569 0.0580986 0.0606807 0.0613763 0.0956336 0.0918909 0.1087301 
Didelphidae_Didelphis_virginiana             0.1060807 0.1193667 0.1133663 0.1150967 0.1190516 0.1338879 0.1164305 0.1145905 0.1156098 0.1409577 0.1134333 0.1302019 0.1349753 0.1151096 0.1215503 0.1301759 0.1300063 0.1200119 0.1354230 0.1164485 0.1162782 0.0000000 0.0434997 0.1254737 0.1191045 0.1200447 0.1174588 0.1152692 0.1269729 0.1346842 0.1206597 0.1168548 0.1287055 0.1284267 0.1423228 
Marmosidae_Monodelphis_domestica             0.0938877 0.1121842 0.1029138 0.1059681 0.1102316 0.1213916 0.1056953 0.1035144 0.1090561 0.1237465 0.1069936 0.1179395 0.1238931 0.1054229 0.1142485 0.1160337 0.1183424 0.1127226 0.1214327 0.1078928 0.1106083 0.0434997 0.0000000 0.1112514 0.1144700 0.1115361 0.1115649 0.1065133 0.1179924 0.1255923 0.1154739 0.1049438 0.1160615 0.1184542 0.1258698 
Dasyuridae_Antechinus_stuartii               0.0674934 0.0658151 0.0654408 0.0739806 0.0767308 0.0214686 0.0712174 0.0753697 0.0724486 0.0995366 0.0758518 0.0126057 0.0301796 0.0764840 0.0789314 0.0101670 0.0220902 0.0245044 0.0977683 0.0700197 0.0817084 0.1254737 0.1112514 0.0000000 0.0765786 0.0754832 0.0764164 0.0746211 0.0907039 0.1009956 0.0833814 0.0766554 0.0900211 0.0181651 0.1015485 
Hypsiprymnodontidae_Hypsiprymnodon_moschatus 0.0541840 0.0718404 0.0616650 0.0388757 0.0432418 0.0852137 0.0608319 0.0618265 0.0414535 0.1031349 0.0593468 0.0834743 0.0947687 0.0600029 0.0647363 0.0810356 0.0831061 0.0741851 0.0999677 0.0378968 0.0635619 0.1191045 0.1144700 0.0765786 0.0000000 0.0812958 0.0615923 0.0393233 0.0690383 0.0746371 0.0610834 0.0606927 0.0931695 0.0839376 0.1080718 
Microbiotheriidae_Dromiciops_gliroides       0.0732971 0.0608349 0.0749458 0.0794549 0.0839698 0.0881385 0.0784172 0.0798331 0.0835943 0.1051273 0.0790500 0.0830018 0.0897368 0.0785104 0.0847509 0.0807951 0.0836208 0.0806025 0.0989470 0.0790923 0.0861192 0.1200447 0.1115361 0.0754832 0.0812958 0.0000000 0.0811405 0.0844603 0.0987164 0.1070590 0.0829525 0.0818005 0.0923629 0.0841903 0.1072786 
Pseudochiridae_Petauroides_volans            0.0489528 0.0636853 0.0576606 0.0599779 0.0635464 0.0872094 0.0537512 0.0535050 0.0609275 0.0974499 0.0543842 0.0828075 0.0863465 0.0534191 0.0623384 0.0795831 0.0821629 0.0842206 0.0974074 0.0589045 0.0344728 0.1174588 0.1115649 0.0764164 0.0615923 0.0811405 0.0000000 0.0612066 0.0422652 0.0629518 0.0618945 0.0535275 0.0894074 0.0833241 0.0995117 
Macropodidae_Wallabia_bicolor                0.0518386 0.0755623 0.0657752 0.0237608 0.0263647 0.0830442 0.0574508 0.0626462 0.0231305 0.1063561 0.0622297 0.0807650 0.0901397 0.0608145 0.0625363 0.0768381 0.0821239 0.0731533 0.0997645 0.0093371 0.0644024 0.1152692 0.1065133 0.0746211 0.0393233 0.0844603 0.0612066 0.0000000 0.0705032 0.0763418 0.0660717 0.0620818 0.0925761 0.0817430 0.1110278 
Pseudochiridae_Pseudocheirus_occidentalis    0.0582872 0.0809433 0.0684126 0.0698166 0.0724522 0.1037046 0.0629787 0.0632437 0.0721436 0.1158720 0.0639550 0.0999630 0.1027561 0.0607581 0.0656050 0.0931921 0.0976108 0.0955767 0.1109707 0.0673251 0.0249569 0.1269729 0.1179924 0.0907039 0.0690383 0.0987164 0.0422652 0.0705032 0.0000000 0.0712434 0.0679699 0.0620971 0.1034808 0.0994381 0.1194711 
Tarsipedidae_Tarsipes_rostratus              0.0649264 0.0924717 0.0719240 0.0734769 0.0784210 0.1023586 0.0723760 0.0728245 0.0766975 0.1050759 0.0760784 0.1003714 0.1111022 0.0727372 0.0690033 0.1027602 0.1008562 0.0964927 0.0998608 0.0757896 0.0580986 0.1346842 0.1255923 0.1009956 0.0746371 0.1070590 0.0629518 0.0763418 0.0712434 0.0000000 0.0771829 0.0715332 0.0926142 0.1023516 0.1088019 
Acrobatidae_Distoechurus_pennatus            0.0526569 0.0763403 0.0704346 0.0622836 0.0669912 0.0965594 0.0597881 0.0619734 0.0637699 0.1097236 0.0596447 0.0954655 0.1021325 0.0631147 0.0412969 0.0883527 0.0941618 0.0899693 0.1041441 0.0636818 0.0606807 0.1206597 0.1154739 0.0833814 0.0610834 0.0829525 0.0618945 0.0660717 0.0679699 0.0771829 0.0000000 0.0620074 0.0988536 0.0939131 0.1141300 
Phalangeridae_Phalanger_carmelitae           0.0423612 0.0738642 0.0577747 0.0582621 0.0623289 0.0858261 0.0272026 0.0131752 0.0609202 0.0987587 0.0153817 0.0808149 0.0931637 0.0057760 0.0552093 0.0796073 0.0834217 0.0797529 0.0953199 0.0615217 0.0613763 0.1168548 0.1049438 0.0766554 0.0606927 0.0818005 0.0535275 0.0620818 0.0620971 0.0715332 0.0620074 0.0000000 0.0889366 0.0819825 0.1028278 
Peramelidae_Peroryctes_raffrayana            0.0840239 0.0803416 0.0801951 0.0939194 0.0975687 0.0991859 0.0852151 0.0887560 0.0979689 0.0210011 0.0898823 0.0907515 0.1040177 0.0873464 0.0950985 0.0918703 0.0951860 0.0843785 0.0135134 0.0859341 0.0956336 0.1287055 0.1160615 0.0900211 0.0931695 0.0923629 0.0894074 0.0925761 0.1034808 0.0926142 0.0988536 0.0889366 0.0000000 0.0976270 0.0229529 
Dasyuridae_Dasyurus_geffroii                 0.0750976 0.0703166 0.0738870 0.0815061 0.0865631 0.0101770 0.0747447 0.0800529 0.0811127 0.1050611 0.0808099 0.0183022 0.0332779 0.0806072 0.0874902 0.0195865 0.0108120 0.0217848 0.1041802 0.0783071 0.0918909 0.1284267 0.1184542 0.0181651 0.0839376 0.0841903 0.0833241 0.0817430 0.0994381 0.1023516 0.0939131 0.0819825 0.0976270 0.0000000 0.1084090 
Peramelidae_Perameles_gunnii                 0.0916648 0.0939747 0.0913056 0.1093530 0.1142301 0.1111892 0.0984253 0.1034810 0.1137383 0.0024203 0.1036404 0.1062466 0.1109564 0.1027278 0.1112900 0.1049607 0.1072972 0.1017713 0.0205300 0.1054019 0.1087301 0.1423228 0.1258698 0.1015485 0.1080718 0.1072786 0.0995117 0.1110278 0.1194711 0.1088019 0.1141300 0.1028278 0.0229529 0.1084090 0.0000000 
