35
Burramyidae_Burramys_parvus                  0.0000000 0.0790499 0.0599660 0.0749009 0.0741112 0.0863661 0.0526653 0.0581019 0.0682583 0.0915996 0.0585470 0.0876145 0.0864584 0.0550554 0.0584463 0.0857934 0.0847765 0.0826550 0.0855312 0.0649094 0.0653623 0.1104712 0.1298195 0.0888834 0.0562862 0.0765147 0.0591888 0.0633081 0.0667627 0.0816184 0.0634501 0.0562038 0.0953920 0.0894641 0.0895052 
Notoryctidae_Notoryctes_typhlops             0.0790499 0.0000000 0.0806172 0.0927525 0.0919175 0.0963332 0.0746914 0.0817526 0.0859337 0.0992702 0.0841802 0.0961469 0.0959081 0.0793057 0.0801129 0.0966843 0.0939150 0.0900222 0.0910174 0.0842450 0.0885426 0.1200709 0.1428952 0.1009451 0.0822690 0.0833868 0.0847032 0.0861234 0.0922684 0.1113749 0.0857586 0.0804375 0.1042229 0.0989763 0.0969257 
Vombatidae_Lasiorhinus_latifrons             0.0599660 0.0806172 0.0000000 0.0737719 0.0729390 0.0922003 0.0579236 0.0610785 0.0678766 0.0892138 0.0626402 0.0914530 0.0909048 0.0601827 0.0579016 0.0891866 0.0879768 0.0869041 0.0827417 0.0653791 0.0722706 0.1111493 0.1230952 0.0903857 0.0644171 0.0785074 0.0637980 0.0649502 0.0753583 0.0813275 0.0667529 0.0617058 0.0937064 0.0931520 0.0875458 
Potoroidae_Bettongia_penicillata             0.0749009 0.0927525 0.0737719 0.0000000 0.0041750 0.0988643 0.0716030 0.0745971 0.0153177 0.1077852 0.0784563 0.1040549 0.1054342 0.0740689 0.0702725 0.1018928 0.0959369 0.1032968 0.1019862 0.0304757 0.0816950 0.1267546 0.1349503 0.1036551 0.0494748 0.0873084 0.0765999 0.0298051 0.0850197 0.0922598 0.0750592 0.0763274 0.1153923 0.0990798 0.1048345 
Potoroidae_Bettongia_lesueur                 0.0741112 0.0919175 0.0729390 0.0041750 0.0000000 0.0988441 0.0723516 0.0757525 0.0146908 0.1080525 0.0796414 0.1027192 0.1045814 0.0752203 0.0686051 0.0997465 0.0959171 0.1012292 0.1018073 0.0284684 0.0808999 0.1257242 0.1354161 0.1032342 0.0512624 0.0863592 0.0762101 0.0304785 0.0850752 0.0922403 0.0737693 0.0767082 0.1156805 0.0990596 0.1050952 
Dasyuridae_Dasyurus_maculatus                0.0863661 0.0963332 0.0922003 0.0988643 0.0988441 0.0000000 0.0802085 0.0854715 0.0941469 0.1033453 0.0878284 0.0211247 0.0309941 0.0828062 0.0873348 0.0204086 0.0080631 0.0268812 0.0930451 0.0909345 0.0943624 0.1291381 0.1393346 0.0220427 0.0856276 0.0909908 0.0894254 0.0914180 0.0989327 0.1129650 0.0942523 0.0849493 0.1130661 0.0074318 0.1010763 
Phalangeridae_Trichosurus_vulpecula          0.0526653 0.0746914 0.0579236 0.0716030 0.0723516 0.0802085 0.0000000 0.0276366 0.0673971 0.0879150 0.0260432 0.0800256 0.0841945 0.0226454 0.0539881 0.0789798 0.0773978 0.0764158 0.0847976 0.0628820 0.0640569 0.1054511 0.1267125 0.0800739 0.0578732 0.0762201 0.0596586 0.0614187 0.0669662 0.0857516 0.0611407 0.0221944 0.0920227 0.0815845 0.0880703 
Phalangeridae_Spilocuscus_maculatus          0.0581019 0.0817526 0.0610785 0.0745971 0.0757525 0.0854715 0.0276366 0.0000000 0.0707301 0.0900546 0.0247951 0.0877128 0.0889920 0.0188330 0.0572000 0.0865765 0.0843828 0.0813935 0.0854059 0.0681223 0.0674295 0.1083366 0.1304055 0.0887570 0.0598469 0.0823691 0.0628279 0.0661977 0.0711091 0.0853898 0.0636577 0.0200022 0.0935266 0.0886904 0.0877950 
Potoroidae_Aepyprymnus_rufescens             0.0682583 0.0859337 0.0678766 0.0153177 0.0146908 0.0941469 0.0673971 0.0707301 0.0000000 0.1067805 0.0739575 0.0980450 0.0997925 0.0685914 0.0684600 0.0967544 0.0912857 0.0962200 0.1002494 0.0269909 0.0781228 0.1200933 0.1309016 0.0986785 0.0477959 0.0809055 0.0731206 0.0273001 0.0802195 0.0906480 0.0732677 0.0700876 0.1121282 0.0943718 0.1038848 
Peramelidae_Perameles_nasuta                 0.0915996 0.0992702 0.0892138 0.1077852 0.1080525 0.1033453 0.0879150 0.0900546 0.1067805 0.0000000 0.0917366 0.1022687 0.1036407 0.0886898 0.0978127 0.1019449 0.1016704 0.0984167 0.0165250 0.1006323 0.0966620 0.1299851 0.1504366 0.1052450 0.0954369 0.0997686 0.0936829 0.1003272 0.0975266 0.1190171 0.0981622 0.0891893 0.0175323 0.1052695 0.0009012 
Phalangeridae_Strigocuscus_pelengensis       0.0585470 0.0841802 0.0626402 0.0784563 0.0796414 0.0878284 0.0260432 0.0247951 0.0739575 0.0917366 0.0000000 0.0888207 0.0926114 0.0167807 0.0584721 0.0885928 0.0867418 0.0868780 0.0878461 0.0714005 0.0691757 0.1142188 0.1338249 0.0894937 0.0624348 0.0828505 0.0638368 0.0690259 0.0743143 0.0934072 0.0652242 0.0164127 0.0961987 0.0919675 0.0904855 
Dasyuridae_Phascogale_tapoatafa              0.0876145 0.0961469 0.0914530 0.1040549 0.1027192 0.0211247 0.0800256 0.0877128 0.0980450 0.1022687 0.0888207 0.0000000 0.0308152 0.0841784 0.0910134 0.0059577 0.0224394 0.0266752 0.0922038 0.0962129 0.0963494 0.1247161 0.1440042 0.0136081 0.0853716 0.0918459 0.0909985 0.0970954 0.1015254 0.1149110 0.0950098 0.0847604 0.1121922 0.0240857 0.1005897 
Dasyuridae_Sminthopsis_macroura              0.0864584 0.0959081 0.0909048 0.1054342 0.1045814 0.0309941 0.0841945 0.0889920 0.0997925 0.1036407 0.0926114 0.0308152 0.0000000 0.0875606 0.0889543 0.0280493 0.0303659 0.0189214 0.0931229 0.0956323 0.0974206 0.1253258 0.1446154 0.0312228 0.0883495 0.0927916 0.0898230 0.0965405 0.1012584 0.1122735 0.0966560 0.0881894 0.1070635 0.0323967 0.1020702 
Phalangeridae_Phalanger_orientalis           0.0550554 0.0793057 0.0601827 0.0740689 0.0752203 0.0828062 0.0226454 0.0188330 0.0685914 0.0886898 0.0167807 0.0841784 0.0875606 0.0000000 0.0558995 0.0838344 0.0817069 0.0816335 0.0843435 0.0680222 0.0649693 0.1064630 0.1270896 0.0847543 0.0586685 0.0781314 0.0605700 0.0645942 0.0699327 0.0861667 0.0623748 0.0056677 0.0922511 0.0867549 0.0879834 
Acrobatidae_Acrobates_pygmaeus               0.0584463 0.0801129 0.0579016 0.0702725 0.0686051 0.0873348 0.0539881 0.0572000 0.0684600 0.0978127 0.0584721 0.0910134 0.0889543 0.0558995 0.0000000 0.0887031 0.0848556 0.0869082 0.0917318 0.0646989 0.0581450 0.1090315 0.1248315 0.0912572 0.0603092 0.0797009 0.0548972 0.0635876 0.0637567 0.0712812 0.0372334 0.0555582 0.1014056 0.0888162 0.0959094 
Dasyuridae_Phascogale_calura                 0.0857934 0.0966843 0.0891866 0.1018928 0.0997465 0.0204086 0.0789798 0.0865765 0.0967544 0.1019449 0.0885928 0.0059577 0.0280493 0.0838344 0.0887031 0.0000000 0.0204335 0.0247413 0.0914813 0.0929103 0.0946769 0.1234116 0.1394963 0.0113724 0.0851170 0.0935329 0.0893398 0.0941951 0.0998416 0.1133083 0.0934009 0.0844378 0.1104797 0.0220619 0.1002832 
Dasyuridae_Sarcophilus_harrisii              0.0847765 0.0939150 0.0879768 0.0959369 0.0959171 0.0080631 0.0773978 0.0843828 0.0912857 0.1016704 0.0867418 0.0224394 0.0303659 0.0817069 0.0848556 0.0204335 0.0000000 0.0261984 0.0910959 0.0880794 0.0931701 0.1259133 0.1370353 0.0214119 0.0836023 0.0897583 0.0862472 0.0885583 0.0974406 0.1096842 0.0897909 0.0838548 0.1104031 0.0095958 0.0990709 
Dasyuridae_Planigale_tenuirostris            0.0826550 0.0900222 0.0869041 0.1032968 0.1012292 0.0268812 0.0764158 0.0813935 0.0962200 0.0984167 0.0868780 0.0266752 0.0189214 0.0816335 0.0869082 0.0247413 0.0261984 0.0000000 0.0872116 0.0924276 0.0848510 0.1229804 0.1476261 0.0276616 0.0825582 0.0864441 0.0772975 0.0924234 0.0857895 0.1132055 0.0881146 0.0830797 0.1000111 0.0276609 0.0978976 
Peramelidae_Echymipera_kalubu                0.0855312 0.0910174 0.0827417 0.1019862 0.1018073 0.0930451 0.0847976 0.0854059 0.1002494 0.0165250 0.0878461 0.0922038 0.0931229 0.0843435 0.0917318 0.0914813 0.0910959 0.0872116 0.0000000 0.0953798 0.0939329 0.1208518 0.1415217 0.0956052 0.0906157 0.0926120 0.0915742 0.0944446 0.0971039 0.1153456 0.0914390 0.0858089 0.0170336 0.0958173 0.0163264 
Macropodidae_Dorcopsulus_vanheurni           0.0649094 0.0842450 0.0653791 0.0304757 0.0284684 0.0909345 0.0628820 0.0681223 0.0269909 0.1006323 0.0714005 0.0962129 0.0956323 0.0680222 0.0646989 0.0929103 0.0880794 0.0924276 0.0953798 0.0000000 0.0744994 0.1165377 0.1279477 0.0955878 0.0415770 0.0821109 0.0670539 0.0121778 0.0761617 0.0909866 0.0664963 0.0694633 0.1072813 0.0920087 0.0980668 
Pseudochiridae_Pseudochirulus_forbesi        0.0653623 0.0885426 0.0722706 0.0816950 0.0808999 0.0943624 0.0640569 0.0674295 0.0781228 0.0966620 0.0691757 0.0963494 0.0974206 0.0649693 0.0581450 0.0946769 0.0931701 0.0848510 0.0939329 0.0744994 0.0000000 0.1190395 0.1372205 0.0957946 0.0684175 0.0893853 0.0354780 0.0747549 0.0266015 0.0759094 0.0650148 0.0676061 0.0960790 0.0970702 0.0958742 
Didelphidae_Didelphis_virginiana             0.1104712 0.1200709 0.1111493 0.1267546 0.1257242 0.1291381 0.1054511 0.1083366 0.1200933 0.1299851 0.1142188 0.1247161 0.1253258 0.1064630 0.1090315 0.1234116 0.1259133 0.1229804 0.1208518 0.1165377 0.1190395 0.0000000 0.0686423 0.1275764 0.1111988 0.1224357 0.1121504 0.1157860 0.1192080 0.1329947 0.1221189 0.1095009 0.1366257 0.1298832 0.1270934 
Marmosidae_Monodelphis_domestica             0.1298195 0.1428952 0.1230952 0.1349503 0.1354161 0.1393346 0.1267125 0.1304055 0.1309016 0.1504366 0.1338249 0.1440042 0.1446154 0.1270896 0.1248315 0.1394963 0.1370353 0.1476261 0.1415217 0.1279477 0.1372205 0.0686423 0.0000000 0.1408654 0.1255251 0.1288529 0.1299439 0.1266352 0.1398303 0.1476849 0.1386357 0.1310209 0.1666291 0.1421846 0.1468902 
Dasyuridae_Antechinus_stuartii               0.0888834 0.1009451 0.0903857 0.1036551 0.1032342 0.0220427 0.0800739 0.0887570 0.0986785 0.1052450 0.0894937 0.0136081 0.0312228 0.0847543 0.0912572 0.0113724 0.0214119 0.0276616 0.0956052 0.0955878 0.0957946 0.1275764 0.1408654 0.0000000 0.0877901 0.0968099 0.0932336 0.0970397 0.1017521 0.1126928 0.0979966 0.0853573 0.1145100 0.0234033 0.1036380 
Hypsiprymnodontidae_Hypsiprymnodon_moschatus 0.0562862 0.0822690 0.0644171 0.0494748 0.0512624 0.0856276 0.0578732 0.0598469 0.0477959 0.0954369 0.0624348 0.0853716 0.0883495 0.0586685 0.0603092 0.0851170 0.0836023 0.0825582 0.0906157 0.0415770 0.0684175 0.1111988 0.1255251 0.0877901 0.0000000 0.0792368 0.0617238 0.0423231 0.0728987 0.0872611 0.0618805 0.0609112 0.1020094 0.0874616 0.0934954 
Microbiotheriidae_Dromiciops_gliroides       0.0765147 0.0833868 0.0785074 0.0873084 0.0863592 0.0909908 0.0762201 0.0823691 0.0809055 0.0997686 0.0828505 0.0918459 0.0927916 0.0781314 0.0797009 0.0935329 0.0897583 0.0864441 0.0926120 0.0821109 0.0893853 0.1224357 0.1288529 0.0968099 0.0792368 0.0000000 0.0844518 0.0784272 0.0886055 0.1045625 0.0873538 0.0792012 0.1046344 0.0936970 0.0988858 
Pseudochiridae_Petauroides_volans            0.0591888 0.0847032 0.0637980 0.0765999 0.0762101 0.0894254 0.0596586 0.0628279 0.0731206 0.0936829 0.0638368 0.0909985 0.0898230 0.0605700 0.0548972 0.0893398 0.0862472 0.0772975 0.0915742 0.0670539 0.0354780 0.1121504 0.1299439 0.0932336 0.0617238 0.0844518 0.0000000 0.0647905 0.0358165 0.0700352 0.0582039 0.0624833 0.0940462 0.0920937 0.0951112 
Macropodidae_Wallabia_bicolor                0.0633081 0.0861234 0.0649502 0.0298051 0.0304785 0.0914180 0.0614187 0.0661977 0.0273001 0.1003272 0.0690259 0.0970954 0.0965405 0.0645942 0.0635876 0.0941951 0.0885583 0.0924234 0.0944446 0.0121778 0.0747549 0.1157860 0.1266352 0.0970397 0.0423231 0.0784272 0.0647905 0.0000000 0.0758741 0.0880932 0.0654743 0.0657161 0.1064211 0.0924956 0.0968930 
Pseudochiridae_Pseudocheirus_occidentalis    0.0667627 0.0922684 0.0753583 0.0850197 0.0850752 0.0989327 0.0669662 0.0711091 0.0802195 0.0975266 0.0743143 0.1015254 0.1012584 0.0699327 0.0637567 0.0998416 0.0974406 0.0857895 0.0971039 0.0761617 0.0266015 0.1192080 0.1398303 0.1017521 0.0728987 0.0886055 0.0358165 0.0758741 0.0000000 0.0790099 0.0666021 0.0714465 0.0953829 0.1012120 0.0999548 
Tarsipedidae_Tarsipes_rostratus              0.0816184 0.1113749 0.0813275 0.0922598 0.0922403 0.1129650 0.0857516 0.0853898 0.0906480 0.1190171 0.0934072 0.1149110 0.1122735 0.0861667 0.0712812 0.1133083 0.1096842 0.1132055 0.1153456 0.0909866 0.0759094 0.1329947 0.1476849 0.1126928 0.0872611 0.1045625 0.0700352 0.0880932 0.0790099 0.0000000 0.0777055 0.0871488 0.1254538 0.1159422 0.1171864 
Acrobatidae_Distoechurus_pennatus            0.0634501 0.0857586 0.0667529 0.0750592 0.0737693 0.0942523 0.0611407 0.0636577 0.0732677 0.0981622 0.0652242 0.0950098 0.0966560 0.0623748 0.0372334 0.0934009 0.0897909 0.0881146 0.0914390 0.0664963 0.0650148 0.1221189 0.1386357 0.0979966 0.0618805 0.0873538 0.0582039 0.0654743 0.0666021 0.0777055 0.0000000 0.0616323 0.1008524 0.0961498 0.0956893 
Phalangeridae_Phalanger_carmelitae           0.0562038 0.0804375 0.0617058 0.0763274 0.0767082 0.0849493 0.0221944 0.0200022 0.0700876 0.0891893 0.0164127 0.0847604 0.0881894 0.0056677 0.0555582 0.0844378 0.0838548 0.0830797 0.0858089 0.0694633 0.0676061 0.1095009 0.1310209 0.0853573 0.0609112 0.0792012 0.0624833 0.0657161 0.0714465 0.0871488 0.0616323 0.0000000 0.0937082 0.0888951 0.0884055 
Peramelidae_Peroryctes_raffrayana            0.0953920 0.1042229 0.0937064 0.1153923 0.1156805 0.1130661 0.0920227 0.0935266 0.1121282 0.0175323 0.0961987 0.1121922 0.1070635 0.0922511 0.1014056 0.1104797 0.1104031 0.1000111 0.0170336 0.1072813 0.0960790 0.1366257 0.1666291 0.1145100 0.1020094 0.1046344 0.0940462 0.1064211 0.0953829 0.1254538 0.1008524 0.0937082 0.0000000 0.1154319 0.0171970 
Dasyuridae_Dasyurus_geffroii                 0.0894641 0.0989763 0.0931520 0.0990798 0.0990596 0.0074318 0.0815845 0.0886904 0.0943718 0.1052695 0.0919675 0.0240857 0.0323967 0.0867549 0.0888162 0.0220619 0.0095958 0.0276609 0.0958173 0.0920087 0.0970702 0.1298832 0.1421846 0.0234033 0.0874616 0.0936970 0.0920937 0.0924956 0.1012120 0.1159422 0.0961498 0.0888951 0.1154319 0.0000000 0.1034025 
Peramelidae_Perameles_gunnii                 0.0895052 0.0969257 0.0875458 0.1048345 0.1050952 0.1010763 0.0880703 0.0877950 0.1038848 0.0009012 0.0904855 0.1005897 0.1020702 0.0879834 0.0959094 0.1002832 0.0990709 0.0978976 0.0163264 0.0980668 0.0958742 0.1270934 0.1468902 0.1036380 0.0934954 0.0988858 0.0951112 0.0968930 0.0999548 0.1171864 0.0956893 0.0884055 0.0171970 0.1034025 0.0000000 
