37
Burramyidae_Burramys_parvus                  0.0000000 0.0914983 0.0627202 0.0685579 0.0649091 0.0755587 0.0511318 0.0480398 0.0677195 0.0921066 0.0795180 0.0477082 0.0729486 0.0720020 0.0484855 0.0632138 0.0709217 0.0744007 0.0733253 0.1095865 0.0641946 0.0637385 0.0832775 0.0844916 0.0678178 0.0701278 0.0681347 0.0636784 0.0603247 0.0550614 0.0909503 0.0769719 0.0795180 0.0475060 0.0910325 0.0783856 0.0870043 
Notoryctidae_Notoryctes_typhlops             0.0914983 0.0000000 0.0841019 0.1268237 0.1204182 0.0951251 0.1025519 0.1102484 0.1229150 0.0961113 0.1350375 0.1044158 0.0935864 0.0927172 0.1075065 0.1174256 0.0921036 0.0955150 0.0919840 0.1112779 0.1229308 0.0993689 0.1035948 0.1032957 0.0863399 0.1218801 0.0759688 0.1162845 0.1171606 0.0970107 0.1344214 0.1250294 0.1350375 0.1072483 0.0995554 0.0967316 0.1001707 
Vombatidae_Lasiorhinus_latifrons             0.0627202 0.0841019 0.0000000 0.0922134 0.0883083 0.0819757 0.0749160 0.0749999 0.0850962 0.0933450 0.0956309 0.0738171 0.0833786 0.0808753 0.0742034 0.0807730 0.0827618 0.0826900 0.0798888 0.1108596 0.0881397 0.0796935 0.0860474 0.0889260 0.0783721 0.0943052 0.0684647 0.0857355 0.0845695 0.0722228 0.1195651 0.0920125 0.0956309 0.0740481 0.0891841 0.0831844 0.0895844 
Potoroidae_Bettongia_penicillata             0.0685579 0.1268237 0.0922134 0.0000000 0.0052243 0.1056320 0.0848602 0.0818007 0.0149953 0.1296053 0.1049418 0.0821734 0.1021755 0.1067875 0.0814560 0.0869392 0.1003316 0.1051449 0.1054073 0.1408573 0.0225712 0.0863037 0.1126954 0.1146779 0.0981713 0.0454395 0.0889979 0.0814260 0.0224216 0.0753533 0.1165791 0.0979973 0.1049418 0.0811382 0.1243971 0.1089642 0.1196498 
Potoroidae_Bettongia_lesueur                 0.0649091 0.1204182 0.0883083 0.0052243 0.0000000 0.1030083 0.0816572 0.0782481 0.0134961 0.1248088 0.0975976 0.0788745 0.0995309 0.1041856 0.0776294 0.0836419 0.0977683 0.1025619 0.1041447 0.1360358 0.0210231 0.0807964 0.1085470 0.1105061 0.0956273 0.0437426 0.0864370 0.0793902 0.0208502 0.0717116 0.1100616 0.0940243 0.0975976 0.0773545 0.1202997 0.1075988 0.1166897 
Dasyuridae_Dasyurus_maculatus                0.0755587 0.0951251 0.0819757 0.1056320 0.1030083 0.0000000 0.0947599 0.0914578 0.1041036 0.0946445 0.0404433 0.0924028 0.0187417 0.0245688 0.0963459 0.1015392 0.0178928 0.0053424 0.0240080 0.1119847 0.1051656 0.0978902 0.0914622 0.0906978 0.0143185 0.1066809 0.0646248 0.1073677 0.0993989 0.0858670 0.1307222 0.1081983 0.0404433 0.0965987 0.0878806 0.0069272 0.0907469 
Phalangeridae_Trichosurus_vulpecula          0.0511318 0.1025519 0.0749160 0.0848602 0.0816572 0.0947599 0.0000000 0.0491426 0.0845329 0.1104798 0.0727028 0.0401019 0.0925180 0.0871070 0.0498562 0.0718570 0.0890629 0.0945399 0.0853533 0.1291041 0.0814998 0.0747926 0.0963855 0.0978233 0.0870118 0.0869231 0.0737958 0.0760733 0.0761858 0.0679907 0.1123280 0.0877832 0.0727028 0.0477479 0.1085086 0.0972950 0.1025381 
Phalangeridae_Spilocuscus_maculatus          0.0480398 0.1102484 0.0749999 0.0818007 0.0782481 0.0914578 0.0491426 0.0000000 0.0815680 0.1066793 0.0733164 0.0232304 0.0920610 0.0892617 0.0130743 0.0726579 0.0907346 0.0918239 0.0900762 0.1265470 0.0801789 0.0702317 0.0986054 0.0999563 0.0871260 0.0827963 0.0753714 0.0720961 0.0732682 0.0644368 0.1052073 0.0822653 0.0733164 0.0118599 0.1030042 0.0903940 0.0976922 
Potoroidae_Aepyprymnus_rufescens             0.0677195 0.1229150 0.0850962 0.0149953 0.0134961 0.1041036 0.0845329 0.0815680 0.0000000 0.1280372 0.1061750 0.0820126 0.1011690 0.1052704 0.0800738 0.0853017 0.0994248 0.1030013 0.1045592 0.1384517 0.0230090 0.0823204 0.1098605 0.1137670 0.0972772 0.0469143 0.0881729 0.0786486 0.0218299 0.0707870 0.1134121 0.0988011 0.1061750 0.0810613 0.1191236 0.1080438 0.1162470 
Peramelidae_Perameles_nasuta                 0.0921066 0.0961113 0.0933450 0.1296053 0.1248088 0.0946445 0.1104798 0.1066793 0.1280372 0.0000000 0.0978499 0.1005603 0.0903532 0.0906462 0.1063467 0.1187957 0.0932243 0.0931622 0.0901892 0.0205251 0.1277100 0.1045843 0.1015122 0.0958615 0.0873020 0.1168211 0.0792144 0.1198454 0.1236398 0.0971008 0.1357708 0.1189980 0.0978499 0.1084685 0.0133770 0.0941575 0.0000010 
Myrmecobiidae_Myrmecobius_fasciatus1         0.0795180 0.1350375 0.0956309 0.1049418 0.0975976 0.0404433 0.0727028 0.0733164 0.1061750 0.0978499 0.0000000 0.0675106 0.0470097 0.0597182 0.0809642 0.1227196 0.0473248 0.0413981 0.0369808 0.1191421 0.1109926 0.0881893 0.1403053 0.1303528 0.0475791 0.1024093 0.0433683 0.0893835 0.1242742 0.0927763 0.1363934 0.1112668 0.0000010 0.1150467 0.1068613 0.0469486 0.0978499 
Phalangeridae_Strigocuscus_pelengensis       0.0477082 0.1044158 0.0738171 0.0821734 0.0788745 0.0924028 0.0401019 0.0232304 0.0820126 0.1005603 0.0675106 0.0000000 0.0913297 0.0872174 0.0256217 0.0704273 0.0892010 0.0923806 0.0876094 0.1201582 0.0800391 0.0745385 0.0920731 0.0939917 0.0858637 0.0838206 0.0761772 0.0771273 0.0754213 0.0659027 0.1084895 0.0825181 0.0675106 0.0245229 0.1003489 0.0954207 0.0942123 
Dasyuridae_Phascogale_tapoatafa              0.0729486 0.0935864 0.0833786 0.1021755 0.0995309 0.0187417 0.0925180 0.0920610 0.1011690 0.0903532 0.0470097 0.0913297 0.0000000 0.0233037 0.0953947 0.1027561 0.0054025 0.0181224 0.0225427 0.1080149 0.1004167 0.0882237 0.0917338 0.0915948 0.0104323 0.1025895 0.0692803 0.0991439 0.0951965 0.0857355 0.1249555 0.1093291 0.0470097 0.0956601 0.0904682 0.0203063 0.0882103 
Dasyuridae_Sminthopsis_macroura              0.0720020 0.0927172 0.0808753 0.1067875 0.1041856 0.0245688 0.0871070 0.0892617 0.1052704 0.0906462 0.0597182 0.0872174 0.0233037 0.0000000 0.0903667 0.0982198 0.0216031 0.0236552 0.0164092 0.1073291 0.1037643 0.0972338 0.0901508 0.0887173 0.0175494 0.1046118 0.0675127 0.1020154 0.0985432 0.0856346 0.1326259 0.1080474 0.0597182 0.0906686 0.0861507 0.0274402 0.0875078 
Phalangeridae_Phalanger_orientalis           0.0484855 0.1075065 0.0742034 0.0814560 0.0776294 0.0963459 0.0498562 0.0130743 0.0800738 0.1063467 0.0809642 0.0256217 0.0953947 0.0903667 0.0000000 0.0740291 0.0929614 0.0961053 0.0948421 0.1264761 0.0805961 0.0726950 0.0960351 0.0978115 0.0895960 0.0837323 0.0774247 0.0768783 0.0750086 0.0626248 0.1080955 0.0870574 0.0809642 0.0063063 0.1051024 0.0995283 0.0988073 
Acrobatidae_Acrobates_pygmaeus               0.0632138 0.1174256 0.0807730 0.0869392 0.0836419 0.1015392 0.0718570 0.0726579 0.0853017 0.1187957 0.1227196 0.0704273 0.1027561 0.0982198 0.0740291 0.0000000 0.1006384 0.0992375 0.0965313 0.1382615 0.0834573 0.0654921 0.1054240 0.1021726 0.0971729 0.0897848 0.0802658 0.0635437 0.0794026 0.0523655 0.0961535 0.0419884 0.1227196 0.0721293 0.1106544 0.1023486 0.1084551 
Dasyuridae_Phascogale_calura                 0.0709217 0.0921036 0.0827618 0.1003316 0.0977683 0.0178928 0.0890629 0.0907346 0.0994248 0.0932243 0.0473248 0.0892010 0.0054025 0.0216031 0.0929614 0.1006384 0.0000000 0.0165992 0.0197000 0.1102427 0.0986343 0.0922268 0.0902939 0.0900957 0.0086531 0.1026334 0.0689272 0.1016725 0.0938683 0.0856704 0.1256092 0.1088175 0.0473248 0.0932993 0.0892001 0.0201134 0.0896243 
Dasyuridae_Sarcophilus_harrisii              0.0744007 0.0955150 0.0826900 0.1051449 0.1025619 0.0053424 0.0945399 0.0918239 0.1030013 0.0931622 0.0413981 0.0923806 0.0181224 0.0236552 0.0961053 0.0992375 0.0165992 0.0000000 0.0229970 0.1124622 0.1040479 0.0959001 0.0924733 0.0910306 0.0130833 0.1068107 0.0679808 0.1063914 0.0994452 0.0844356 0.1301440 0.1066257 0.0413981 0.0963568 0.0853111 0.0078776 0.0894369 
Dasyuridae_Planigale_tenuirostris            0.0733253 0.0919840 0.0798888 0.1054073 0.1041447 0.0240080 0.0853533 0.0900762 0.1045592 0.0901892 0.0369808 0.0876094 0.0225427 0.0164092 0.0948421 0.0965313 0.0197000 0.0229970 0.0000000 0.1046482 0.1044947 0.0947728 0.0877856 0.0891088 0.0169404 0.1060300 0.0668093 0.0990487 0.0984831 0.0865627 0.1259637 0.1071500 0.0369808 0.0921885 0.0830043 0.0248594 0.0864391 
Peramelidae_Echymipera_kalubu                0.1095865 0.1112779 0.1108596 0.1408573 0.1360358 0.1119847 0.1291041 0.1265470 0.1384517 0.0205251 0.1191421 0.1201582 0.1080149 0.1073291 0.1264761 0.1382615 0.1102427 0.1124622 0.1046482 0.0000000 0.1399861 0.1239688 0.1193586 0.1095002 0.1043263 0.1285883 0.0947229 0.1359787 0.1361327 0.1193959 0.1533079 0.1368646 0.1191421 0.1281284 0.0209238 0.1132930 0.0199581 
Macropodidae_Dorcopsulus_vanheurni           0.0641946 0.1229308 0.0881397 0.0225712 0.0210231 0.1051656 0.0814998 0.0801789 0.0230090 0.1277100 0.1109926 0.0800391 0.1004167 0.1037643 0.0805961 0.0834573 0.0986343 0.1040479 0.1044947 0.1399861 0.0000000 0.0837724 0.1126703 0.1133354 0.0964957 0.0414473 0.0868867 0.0782281 0.0057829 0.0700889 0.1163061 0.0950625 0.1109926 0.0803643 0.1200198 0.1091186 0.1168519 
Pseudochiridae_Pseudochirulus_forbesi        0.0637385 0.0993689 0.0796935 0.0863037 0.0807964 0.0978902 0.0747926 0.0702317 0.0823204 0.1045843 0.0881893 0.0745385 0.0882237 0.0972338 0.0726950 0.0654921 0.0922268 0.0959001 0.0947728 0.1239688 0.0837724 0.0000000 0.1057865 0.1018818 0.0897366 0.0851525 0.0748010 0.0497211 0.0804489 0.0233553 0.0666101 0.0715240 0.0881893 0.0733466 0.1023384 0.0959366 0.1051369 
Didelphidae_Didelphis_virginiana             0.0832775 0.1035948 0.0860474 0.1126954 0.1085470 0.0914622 0.0963855 0.0986054 0.1098605 0.1015122 0.1403053 0.0920731 0.0917338 0.0901508 0.0960351 0.1054240 0.0902939 0.0924733 0.0877856 0.1193586 0.1126703 0.1057865 0.0000000 0.0320334 0.0856756 0.1133202 0.0823161 0.1060044 0.1088176 0.0945256 0.1372333 0.1094885 0.1403053 0.0976191 0.0965564 0.0945917 0.0927754 
Marmosidae_Monodelphis_domestica             0.0844916 0.1032957 0.0889260 0.1146779 0.1105061 0.0906978 0.0978233 0.0999563 0.1137670 0.0958615 0.1303528 0.0939917 0.0915948 0.0887173 0.0978115 0.1021726 0.0900957 0.0910306 0.0891088 0.1095002 0.1133354 0.1018818 0.0320334 0.0000000 0.0854886 0.1139910 0.0806174 0.1060469 0.1101577 0.0990172 0.1336209 0.1089659 0.1303528 0.0975041 0.0937101 0.0957209 0.0933872 
Dasyuridae_Antechinus_stuartii               0.0678178 0.0863399 0.0783721 0.0981713 0.0956273 0.0143185 0.0870118 0.0871260 0.0972772 0.0873020 0.0475791 0.0858637 0.0104323 0.0175494 0.0895960 0.0971729 0.0086531 0.0130833 0.0169404 0.1043263 0.0964957 0.0897366 0.0856756 0.0854886 0.0000000 0.0992029 0.0663312 0.0967907 0.0917337 0.0817135 0.1225131 0.1053115 0.0475791 0.0899592 0.0827816 0.0164966 0.0838430 
Hypsiprymnodontidae_Hypsiprymnodon_moschatus 0.0701278 0.1218801 0.0943052 0.0454395 0.0437426 0.1066809 0.0869231 0.0827963 0.0469143 0.1168211 0.1024093 0.0838206 0.1025895 0.1046118 0.0837323 0.0897848 0.1026334 0.1068107 0.1060300 0.1285883 0.0414473 0.0851525 0.1133202 0.1139910 0.0992029 0.0000000 0.0887392 0.0838040 0.0410451 0.0756131 0.1216297 0.0994172 0.1024093 0.0834690 0.1192947 0.1084736 0.1117337 
Microbiotheriidae_Dromiciops_gliroides       0.0681347 0.0759688 0.0684647 0.0889979 0.0864370 0.0646248 0.0737958 0.0753714 0.0881729 0.0792144 0.0433683 0.0761772 0.0692803 0.0675127 0.0774247 0.0802658 0.0689272 0.0679808 0.0668093 0.0947229 0.0868867 0.0748010 0.0823161 0.0806174 0.0663312 0.0887392 0.0000000 0.0841110 0.0832221 0.0642576 0.1078518 0.0905522 0.0433683 0.0767496 0.0773384 0.0697420 0.0831813 
Pseudochiridae_Petauroides_volans            0.0636784 0.1162845 0.0857355 0.0814260 0.0793902 0.1073677 0.0760733 0.0720961 0.0786486 0.1198454 0.0893835 0.0771273 0.0991439 0.1020154 0.0768783 0.0635437 0.1016725 0.1063914 0.0990487 0.1359787 0.0782281 0.0497211 0.1060044 0.1060469 0.0967907 0.0838040 0.0841110 0.0000000 0.0755813 0.0372525 0.0878531 0.0730036 0.0893835 0.0755232 0.1061553 0.1072492 0.1114843 
Macropodidae_Wallabia_bicolor                0.0603247 0.1171606 0.0845695 0.0224216 0.0208502 0.0993989 0.0761858 0.0732682 0.0218299 0.1236398 0.1242742 0.0754213 0.0951965 0.0985432 0.0750086 0.0794026 0.0938683 0.0994452 0.0984831 0.1361327 0.0057829 0.0804489 0.1088176 0.1101577 0.0917337 0.0410451 0.0832221 0.0755813 0.0000000 0.0667965 0.1113244 0.0923097 0.1242742 0.0738673 0.1170158 0.1026460 0.1134748 
Pseudochiridae_Pseudocheirus_occidentalis    0.0550614 0.0970107 0.0722228 0.0753533 0.0717116 0.0858670 0.0679907 0.0644368 0.0707870 0.0971008 0.0927763 0.0659027 0.0857355 0.0856346 0.0626248 0.0523655 0.0856704 0.0844356 0.0865627 0.1193959 0.0700889 0.0233553 0.0945256 0.0990172 0.0817135 0.0756131 0.0642576 0.0372525 0.0667965 0.0000000 0.0745326 0.0645585 0.0927763 0.0625249 0.0944424 0.0854332 0.0887898 
Tarsipedidae_Tarsipes_rostratus              0.0909503 0.1344214 0.1195651 0.1165791 0.1100616 0.1307222 0.1123280 0.1052073 0.1134121 0.1357708 0.1363934 0.1084895 0.1249555 0.1326259 0.1080955 0.0961535 0.1256092 0.1301440 0.1259637 0.1533079 0.1163061 0.0666101 0.1372333 0.1336209 0.1225131 0.1216297 0.1078518 0.0878531 0.1113244 0.0745326 0.0000000 0.1119744 0.1363934 0.1072233 0.1433659 0.1288922 0.1423133 
Acrobatidae_Distoechurus_pennatus            0.0769719 0.1250294 0.0920125 0.0979973 0.0940243 0.1081983 0.0877832 0.0822653 0.0988011 0.1189980 0.1112668 0.0825181 0.1093291 0.1080474 0.0870574 0.0419884 0.1088175 0.1066257 0.1071500 0.1368646 0.0950625 0.0715240 0.1094885 0.1089659 0.1053115 0.0994172 0.0905522 0.0730036 0.0923097 0.0645585 0.1119744 0.0000000 0.1112668 0.0843787 0.1138266 0.1093391 0.1138422 
Myrmecobiidae_Myrmecobius_fasciatus2         0.0795180 0.1350375 0.0956309 0.1049418 0.0975976 0.0404433 0.0727028 0.0733164 0.1061750 0.0978499 0.0000010 0.0675106 0.0470097 0.0597182 0.0809642 0.1227196 0.0473248 0.0413981 0.0369808 0.1191421 0.1109926 0.0881893 0.1403053 0.1303528 0.0475791 0.1024093 0.0433683 0.0893835 0.1242742 0.0927763 0.1363934 0.1112668 0.0000000 0.1150467 0.1068613 0.0469486 0.0978499 
Phalangeridae_Phalanger_carmelitae           0.0475060 0.1072483 0.0740481 0.0811382 0.0773545 0.0965987 0.0477479 0.0118599 0.0810613 0.1084685 0.1150467 0.0245229 0.0956601 0.0906686 0.0063063 0.0721293 0.0932993 0.0963568 0.0921885 0.1281284 0.0803643 0.0733466 0.0976191 0.0975041 0.0899592 0.0834690 0.0767496 0.0755232 0.0738673 0.0625249 0.1072233 0.0843787 0.1150467 0.0000000 0.1052954 0.0984449 0.0990367 
Peramelidae_Peroryctes_raffrayana            0.0910325 0.0995554 0.0891841 0.1243971 0.1202997 0.0878806 0.1085086 0.1030042 0.1191236 0.0133770 0.1068613 0.1003489 0.0904682 0.0861507 0.1051024 0.1106544 0.0892001 0.0853111 0.0830043 0.0209238 0.1200198 0.1023384 0.0965564 0.0937101 0.0827816 0.1192947 0.0773384 0.1061553 0.1170158 0.0944424 0.1433659 0.1138266 0.1068613 0.1052954 0.0000000 0.0866480 0.0123524 
Dasyuridae_Dasyurus_geffroii                 0.0783856 0.0967316 0.0831844 0.1089642 0.1075988 0.0069272 0.0972950 0.0903940 0.1080438 0.0941575 0.0469486 0.0954207 0.0203063 0.0274402 0.0995283 0.1023486 0.0201134 0.0078776 0.0248594 0.1132930 0.1091186 0.0959366 0.0945917 0.0957209 0.0164966 0.1084736 0.0697420 0.1072492 0.1026460 0.0854332 0.1288922 0.1093391 0.0469486 0.0984449 0.0866480 0.0000000 0.0903389 
Peramelidae_Perameles_gunnii                 0.0870043 0.1001707 0.0895844 0.1196498 0.1166897 0.0907469 0.1025381 0.0976922 0.1162470 0.0000010 0.0978499 0.0942123 0.0882103 0.0875078 0.0988073 0.1084551 0.0896243 0.0894369 0.0864391 0.0199581 0.1168519 0.1051369 0.0927754 0.0933872 0.0838430 0.1117337 0.0831813 0.1114843 0.1134748 0.0887898 0.1423133 0.1138422 0.0978499 0.0990367 0.0123524 0.0903389 0.0000000 
