35
Burramyidae_Burramys_parvus                  0.0000000 0.0367051 0.0256659 0.0311310 0.0301928 0.0541366 0.0230570 0.0277576 0.0341534 0.0663522 0.0326025 0.0628876 0.0300441 0.0288592 0.0610650 0.0588881 0.0510950 0.0304181 0.0434028 0.0816591 0.0781374 0.0575394 0.0321526 0.0547079 0.0292847 0.0317017 0.0472177 0.0502616 0.0226680 0.0703910 0.0723322 0.0457055 0.0689363 0.0199143 0.0486479 
Notoryctidae_Notoryctes_typhlops             0.0367051 0.0000000 0.0370139 0.0479156 0.0479431 0.0483168 0.0359122 0.0375422 0.0524052 0.0646120 0.0466038 0.0590977 0.0431788 0.0398266 0.0589959 0.0539637 0.0498019 0.0398092 0.0606986 0.0808920 0.0767125 0.0526316 0.0423713 0.0456592 0.0494455 0.0455235 0.0646984 0.0668339 0.0456920 0.0583586 0.0696914 0.0387504 0.0566471 0.0283037 0.0439625 
Vombatidae_Lasiorhinus_latifrons             0.0256659 0.0370139 0.0000000 0.0369310 0.0361185 0.0496311 0.0224787 0.0259788 0.0415474 0.0662322 0.0285978 0.0629282 0.0278612 0.0260528 0.0618759 0.0551182 0.0473692 0.0362710 0.0450073 0.0801376 0.0708043 0.0574224 0.0359326 0.0448395 0.0316550 0.0373812 0.0441561 0.0501902 0.0293319 0.0689847 0.0723888 0.0447791 0.0754164 0.0258760 0.0473369 
Potoroidae_Bettongia_penicillata             0.0311310 0.0479156 0.0369310 0.0000000 0.0013646 0.0608965 0.0305140 0.0332233 0.0042751 0.0747333 0.0370360 0.0732889 0.0371686 0.0325494 0.0714707 0.0697707 0.0628939 0.0085933 0.0528146 0.0860405 0.0851388 0.0660893 0.0153842 0.0606895 0.0347896 0.0071071 0.0542529 0.0561601 0.0341422 0.0764555 0.0804838 0.0593707 0.0859494 0.0303284 0.0574827 
Potoroidae_Bettongia_lesueur                 0.0301928 0.0479431 0.0361185 0.0013646 0.0000000 0.0585050 0.0296407 0.0323740 0.0039276 0.0741767 0.0362026 0.0709279 0.0362928 0.0315758 0.0691110 0.0665665 0.0598412 0.0078136 0.0520705 0.0879642 0.0853447 0.0630013 0.0135120 0.0598113 0.0368970 0.0068784 0.0542800 0.0553983 0.0322909 0.0765233 0.0806679 0.0552036 0.0850024 0.0279360 0.0532659 
Dasyuridae_Dasyurus_maculatus                0.0541366 0.0483168 0.0496311 0.0608965 0.0585050 0.0000000 0.0552716 0.0563501 0.0618057 0.0795332 0.0591337 0.0086659 0.0595254 0.0573539 0.0071320 0.0024750 0.0056841 0.0620030 0.0771993 0.0962141 0.0894018 0.0056157 0.0600519 0.0668060 0.0651072 0.0588036 0.0832114 0.0712845 0.0565060 0.0748461 0.0819163 0.0061809 0.0783858 0.0491453 0.0010149 
Phalangeridae_Trichosurus_vulpecula          0.0230570 0.0359122 0.0224787 0.0305140 0.0296407 0.0552716 0.0000000 0.0052149 0.0343554 0.0635642 0.0060299 0.0650711 0.0051874 0.0276638 0.0632787 0.0616015 0.0480430 0.0327829 0.0389677 0.0758211 0.0698233 0.0604482 0.0268900 0.0484797 0.0228320 0.0301238 0.0401736 0.0480112 0.0266191 0.0690867 0.0727301 0.0430916 0.0793560 0.0046991 0.0502548 
Phalangeridae_Spilocuscus_maculatus          0.0277576 0.0375422 0.0259788 0.0332233 0.0323740 0.0563501 0.0052149 0.0000000 0.0370736 0.0696545 0.0036109 0.0686852 0.0029497 0.0301356 0.0668641 0.0636285 0.0555599 0.0344353 0.0396567 0.0786565 0.0734356 0.0597547 0.0301750 0.0510267 0.0240457 0.0337200 0.0372361 0.0480004 0.0280169 0.0721105 0.0715053 0.0488970 0.0700799 0.0026118 0.0503886 
Potoroidae_Aepyprymnus_rufescens             0.0341534 0.0524052 0.0415474 0.0042751 0.0039276 0.0618057 0.0343554 0.0370736 0.0000000 0.0766738 0.0389076 0.0739837 0.0409745 0.0356440 0.0721712 0.0706672 0.0636836 0.0097639 0.0553868 0.0974672 0.0896852 0.0661386 0.0144215 0.0650605 0.0397507 0.0083690 0.0579800 0.0581539 0.0380244 0.0771833 0.0794017 0.0582926 0.0812064 0.0329273 0.0575112 
Peramelidae_Perameles_nasuta                 0.0663522 0.0646120 0.0662322 0.0747333 0.0741767 0.0795332 0.0635642 0.0696545 0.0766738 0.0000000 0.0705050 0.0936420 0.0708329 0.0704093 0.0905849 0.0821662 0.0863074 0.0718039 0.0901458 0.1100398 0.1081096 0.0846374 0.0761138 0.0750521 0.0734581 0.0732434 0.0888619 0.0905223 0.0700186 0.0052985 0.0004897 0.0609840 0.0043136 0.0572381 0.0614873 
Phalangeridae_Strigocuscus_pelengensis       0.0326025 0.0466038 0.0285978 0.0370360 0.0362026 0.0591337 0.0060299 0.0036109 0.0389076 0.0705050 0.0000000 0.0715604 0.0029542 0.0368898 0.0697103 0.0664840 0.0567335 0.0401055 0.0442388 0.0874083 0.0772639 0.0632472 0.0312325 0.0559855 0.0275377 0.0373948 0.0397995 0.0556233 0.0363685 0.0789735 0.0773468 0.0492194 0.0792239 0.0023000 0.0540739 
Dasyuridae_Phascogale_tapoatafa              0.0628876 0.0590977 0.0629282 0.0732889 0.0709279 0.0086659 0.0650711 0.0686852 0.0739837 0.0936420 0.0715604 0.0000000 0.0726518 0.0698852 0.0015000 0.0094707 0.0091276 0.0725533 0.0829159 0.1085734 0.1016792 0.0050322 0.0741161 0.0784641 0.0710659 0.0738062 0.0850498 0.0828286 0.0671443 0.0911217 0.0956828 0.0074298 0.0886908 0.0640072 0.0076945 
Phalangeridae_Phalanger_orientalis           0.0300441 0.0431788 0.0278612 0.0371686 0.0362928 0.0595254 0.0051874 0.0029497 0.0409745 0.0708329 0.0029542 0.0726518 0.0000000 0.0361134 0.0708497 0.0658336 0.0566367 0.0402693 0.0415465 0.0847584 0.0771239 0.0663946 0.0322307 0.0537101 0.0287659 0.0375785 0.0389138 0.0522226 0.0328302 0.0773049 0.0788100 0.0488073 0.0826514 0.0008799 0.0536033 
Acrobatidae_Acrobates_pygmaeus               0.0288592 0.0398266 0.0260528 0.0325494 0.0315758 0.0573539 0.0276638 0.0301356 0.0356440 0.0704093 0.0368898 0.0698852 0.0361134 0.0000000 0.0680437 0.0629611 0.0593294 0.0318916 0.0352380 0.0836650 0.0785575 0.0565700 0.0333671 0.0537118 0.0262589 0.0301605 0.0440187 0.0480996 0.0074398 0.0721803 0.0727111 0.0368990 0.0649130 0.0210060 0.0397275 
Dasyuridae_Phascogale_calura                 0.0610650 0.0589959 0.0618759 0.0714707 0.0691110 0.0071320 0.0632787 0.0668641 0.0721712 0.0905849 0.0697103 0.0015000 0.0708497 0.0680437 0.0000000 0.0083463 0.0071283 0.0707335 0.0834070 0.1066055 0.0997633 0.0042893 0.0722991 0.0765800 0.0698808 0.0719765 0.0863708 0.0800499 0.0653369 0.0883646 0.0940130 0.0066689 0.0854493 0.0606346 0.0064314 
Dasyuridae_Sarcophilus_harrisii              0.0588881 0.0539637 0.0551182 0.0697707 0.0665665 0.0024750 0.0616015 0.0636285 0.0706672 0.0821662 0.0664840 0.0094707 0.0658336 0.0629611 0.0083463 0.0000000 0.0068226 0.0692154 0.0844751 0.0987975 0.0911809 0.0066563 0.0689157 0.0724853 0.0715895 0.0685689 0.0866237 0.0784684 0.0603258 0.0771638 0.0875597 0.0071113 0.0834867 0.0563361 0.0029097 
Dasyuridae_Planigale_tenuirostris            0.0510950 0.0498019 0.0473692 0.0628939 0.0598412 0.0056841 0.0480430 0.0555599 0.0636836 0.0863074 0.0567335 0.0091276 0.0566367 0.0593294 0.0071283 0.0068226 0.0000000 0.0554403 0.0713218 0.0954489 0.0810242 0.0066415 0.0554528 0.0593283 0.0555908 0.0621037 0.0742061 0.0626626 0.0543433 0.0797646 0.0830037 0.0029706 0.0720521 0.0469347 0.0055803 
Macropodidae_Dorcopsulus_vanheurni           0.0304181 0.0398092 0.0362710 0.0085933 0.0078136 0.0620030 0.0327829 0.0344353 0.0097639 0.0718039 0.0401055 0.0725533 0.0402693 0.0318916 0.0707335 0.0692154 0.0554403 0.0000000 0.0520675 0.0868743 0.0840162 0.0646564 0.0137729 0.0599075 0.0340821 0.0041056 0.0543649 0.0555280 0.0363211 0.0755343 0.0796373 0.0562474 0.0850645 0.0282528 0.0555391 
Pseudochiridae_Pseudochirulus_forbesi        0.0434028 0.0606986 0.0450073 0.0528146 0.0520705 0.0771993 0.0389677 0.0396567 0.0553868 0.0901458 0.0442388 0.0829159 0.0415465 0.0352380 0.0834070 0.0844751 0.0713218 0.0520675 0.0000000 0.0945468 0.0949645 0.0770753 0.0536519 0.0751177 0.0073798 0.0532157 0.0061250 0.0492664 0.0356265 0.0922449 0.0903867 0.0661686 0.0954169 0.0378686 0.0729455 
Didelphidae_Didelphis_virginiana             0.0816591 0.0808920 0.0801376 0.0860405 0.0879642 0.0962141 0.0758211 0.0786565 0.0974672 0.1100398 0.0874083 0.1085734 0.0847584 0.0836650 0.1066055 0.0987975 0.0954489 0.0868743 0.0945468 0.0000000 0.0132384 0.1053757 0.0807648 0.0856592 0.0894297 0.0862086 0.1031080 0.0996747 0.0797283 0.0993764 0.1162672 0.0880287 0.1152028 0.0785411 0.0904269 
Marmosidae_Monodelphis_domestica             0.0781374 0.0767125 0.0708043 0.0851388 0.0853447 0.0894018 0.0698233 0.0734356 0.0896852 0.1081096 0.0772639 0.1016792 0.0771239 0.0785575 0.0997633 0.0911809 0.0810242 0.0840162 0.0949645 0.0132384 0.0000000 0.0944192 0.0770076 0.0793943 0.0858268 0.0817140 0.1028411 0.0982782 0.0756225 0.0943362 0.1116732 0.0780728 0.1099412 0.0683427 0.0834988 
Dasyuridae_Antechinus_stuartii               0.0575394 0.0526316 0.0574224 0.0660893 0.0630013 0.0056157 0.0604482 0.0597547 0.0661386 0.0846374 0.0632472 0.0050322 0.0663946 0.0565700 0.0042893 0.0066563 0.0066415 0.0646564 0.0770753 0.1053757 0.0944192 0.0000000 0.0670437 0.0735001 0.0650724 0.0666825 0.0830505 0.0753732 0.0592759 0.0813551 0.0873297 0.0059803 0.0772943 0.0535264 0.0053326 
Hypsiprymnodontidae_Hypsiprymnodon_moschatus 0.0321526 0.0423713 0.0359326 0.0153842 0.0135120 0.0600519 0.0268900 0.0301750 0.0144215 0.0761138 0.0312325 0.0741161 0.0322307 0.0333671 0.0722991 0.0689157 0.0554528 0.0137729 0.0536519 0.0807648 0.0770076 0.0670437 0.0000000 0.0572061 0.0377569 0.0129692 0.0543304 0.0569950 0.0358428 0.0711866 0.0850075 0.0538717 0.0841809 0.0222028 0.0543358 
Microbiotheriidae_Dromiciops_gliroides       0.0547079 0.0456592 0.0448395 0.0606895 0.0598113 0.0668060 0.0484797 0.0510267 0.0650605 0.0750521 0.0559855 0.0784641 0.0537101 0.0537118 0.0765800 0.0724853 0.0593283 0.0599075 0.0751177 0.0856592 0.0793943 0.0735001 0.0572061 0.0000000 0.0609492 0.0592601 0.0779079 0.0725464 0.0529431 0.0762254 0.0834405 0.0560996 0.0815582 0.0424273 0.0588909 
Pseudochiridae_Petauroides_volans            0.0292847 0.0494455 0.0316550 0.0347896 0.0368970 0.0651072 0.0228320 0.0240457 0.0397507 0.0734581 0.0275377 0.0710659 0.0287659 0.0262589 0.0698808 0.0715895 0.0555908 0.0340821 0.0073798 0.0894297 0.0858268 0.0650724 0.0377569 0.0609492 0.0000000 0.0361280 0.0073648 0.0318073 0.0254833 0.0802599 0.0781871 0.0566833 0.0844611 0.0234418 0.0637246 
Macropodidae_Wallabia_bicolor                0.0317017 0.0455235 0.0373812 0.0071071 0.0068784 0.0588036 0.0301238 0.0337200 0.0083690 0.0732434 0.0373948 0.0738062 0.0375785 0.0301605 0.0719765 0.0685689 0.0621037 0.0041056 0.0532157 0.0862086 0.0817140 0.0666825 0.0129692 0.0592601 0.0361280 0.0000000 0.0548107 0.0567368 0.0345098 0.0748960 0.0799728 0.0584708 0.0841477 0.0283700 0.0534688 
Pseudochiridae_Pseudocheirus_occidentalis    0.0472177 0.0646984 0.0441561 0.0542529 0.0542800 0.0832114 0.0401736 0.0372361 0.0579800 0.0888619 0.0397995 0.0850498 0.0389138 0.0440187 0.0863708 0.0866237 0.0742061 0.0543649 0.0061250 0.1031080 0.1028411 0.0830505 0.0543304 0.0779079 0.0073648 0.0548107 0.0000000 0.0446706 0.0405495 0.0974023 0.0927000 0.0726143 0.1001952 0.0362712 0.0808681 
Tarsipedidae_Tarsipes_rostratus              0.0502616 0.0668339 0.0501902 0.0561601 0.0553983 0.0712845 0.0480112 0.0480004 0.0581539 0.0905223 0.0556233 0.0828286 0.0522226 0.0480996 0.0800499 0.0784684 0.0626626 0.0555280 0.0492664 0.0996747 0.0982782 0.0753732 0.0569950 0.0725464 0.0318073 0.0567368 0.0446706 0.0000000 0.0486847 0.1000104 0.1022046 0.0608007 0.1047610 0.0433257 0.0636684 
Acrobatidae_Distoechurus_pennatus            0.0226680 0.0456920 0.0293319 0.0341422 0.0322909 0.0565060 0.0266191 0.0280169 0.0380244 0.0700186 0.0363685 0.0671443 0.0328302 0.0074398 0.0653369 0.0603258 0.0543433 0.0363211 0.0356265 0.0797283 0.0756225 0.0592759 0.0358428 0.0529431 0.0254833 0.0345098 0.0405495 0.0486847 0.0000000 0.0722134 0.0741521 0.0423342 0.0725579 0.0274266 0.0462085 
Peramelidae_Peroryctes_raffrayana            0.0703910 0.0583586 0.0689847 0.0764555 0.0765233 0.0748461 0.0690867 0.0721105 0.0771833 0.0052985 0.0789735 0.0911217 0.0773049 0.0721803 0.0883646 0.0771638 0.0797646 0.0755343 0.0922449 0.0993764 0.0943362 0.0813551 0.0711866 0.0762254 0.0802599 0.0748960 0.0974023 0.1000104 0.0722134 0.0000000 0.0068592 0.0640432 0.0057097 0.0652567 0.0609138 
Peramelidae_Perameles_gunnii                 0.0723322 0.0696914 0.0723888 0.0804838 0.0806679 0.0819163 0.0727301 0.0715053 0.0794017 0.0004897 0.0773468 0.0956828 0.0788100 0.0727111 0.0940130 0.0875597 0.0830037 0.0796373 0.0903867 0.1162672 0.1116732 0.0873297 0.0850075 0.0834405 0.0781871 0.0799728 0.0927000 0.1022046 0.0741521 0.0068592 0.0000000 0.0687435 0.0077004 0.0693011 0.0692089 
Dasyuridae_Sminthopsis_macroura              0.0457055 0.0387504 0.0447791 0.0593707 0.0552036 0.0061809 0.0430916 0.0488970 0.0582926 0.0609840 0.0492194 0.0074298 0.0488073 0.0368990 0.0066689 0.0071113 0.0029706 0.0562474 0.0661686 0.0880287 0.0780728 0.0059803 0.0538717 0.0560996 0.0566833 0.0584708 0.0726143 0.0608007 0.0423342 0.0640432 0.0687435 0.0000000 0.0833749 0.0510098 0.0066514 
Peramelidae_Echymipera_kalubu                0.0689363 0.0566471 0.0754164 0.0859494 0.0850024 0.0783858 0.0793560 0.0700799 0.0812064 0.0043136 0.0792239 0.0886908 0.0826514 0.0649130 0.0854493 0.0834867 0.0720521 0.0850645 0.0954169 0.1152028 0.1099412 0.0772943 0.0841809 0.0815582 0.0844611 0.0841477 0.1001952 0.1047610 0.0725579 0.0057097 0.0077004 0.0833749 0.0000000 0.0826431 0.0805834 
Phalangeridae_Phalanger_carmelitae           0.0199143 0.0283037 0.0258760 0.0303284 0.0279360 0.0491453 0.0046991 0.0026118 0.0329273 0.0572381 0.0023000 0.0640072 0.0008799 0.0210060 0.0606346 0.0563361 0.0469347 0.0282528 0.0378686 0.0785411 0.0683427 0.0535264 0.0222028 0.0424273 0.0234418 0.0283700 0.0362712 0.0433257 0.0274266 0.0652567 0.0693011 0.0510098 0.0826431 0.0000000 0.0536003 
Dasyuridae_Dasyurus_geffroii                 0.0486479 0.0439625 0.0473369 0.0574827 0.0532659 0.0010149 0.0502548 0.0503886 0.0575112 0.0614873 0.0540739 0.0076945 0.0536033 0.0397275 0.0064314 0.0029097 0.0055803 0.0555391 0.0729455 0.0904269 0.0834988 0.0053326 0.0543358 0.0588909 0.0637246 0.0534688 0.0808681 0.0636684 0.0462085 0.0609138 0.0692089 0.0066514 0.0805834 0.0536003 0.0000000 
