35
Burramyidae_Burramys_parvus                  0.0000000 0.1105534 0.0572141 0.0654070 0.0711087 0.1036483 0.0467567 0.0411509 0.0627071 0.1040285 0.0414130 0.0965420 0.0952514 0.0448679 0.0509976 0.0961643 0.0992689 0.0856679 0.1093924 0.0635571 0.0542500 0.1234763 0.1317876 0.0985250 0.0616608 0.1058713 0.0511239 0.0551050 0.0575857 0.0885958 0.0574181 0.0445725 0.0955367 0.1010594 0.1055924 
Notoryctidae_Notoryctes_typhlops             0.1105534 0.0000000 0.0803735 0.1047196 0.1098907 0.1158653 0.0919958 0.0876441 0.0991235 0.0982091 0.0889831 0.1108848 0.1070454 0.0835519 0.0873958 0.1114738 0.1144989 0.0980526 0.1014727 0.0969054 0.0932646 0.1189536 0.1225972 0.1189633 0.1048752 0.1096468 0.0953148 0.0894532 0.1074367 0.1276533 0.0853708 0.0870518 0.0916982 0.1155353 0.1009783 
Vombatidae_Lasiorhinus_latifrons             0.0572141 0.0803735 0.0000000 0.0699172 0.0741260 0.0901378 0.0438285 0.0424500 0.0666268 0.0758201 0.0453776 0.0791615 0.0783174 0.0439635 0.0446564 0.0816755 0.0851669 0.0754523 0.0877889 0.0627965 0.0505166 0.1042013 0.1112228 0.0841988 0.0646132 0.0880645 0.0502320 0.0573854 0.0580426 0.0832736 0.0498454 0.0456747 0.0792604 0.0935949 0.0809319 
Potoroidae_Bettongia_penicillata             0.0654070 0.1047196 0.0699172 0.0000000 0.0036619 0.1039549 0.0456200 0.0452821 0.0074906 0.1079082 0.0456899 0.0973380 0.0910893 0.0499094 0.0569364 0.0986388 0.1009767 0.0817707 0.1126205 0.0167086 0.0679642 0.1286423 0.1239348 0.0991237 0.0277718 0.1033944 0.0615186 0.0141338 0.0731759 0.0876605 0.0585665 0.0512677 0.1031547 0.1012182 0.1117201 
Potoroidae_Bettongia_lesueur                 0.0711087 0.1098907 0.0741260 0.0036619 0.0000000 0.1090379 0.0507860 0.0513860 0.0092545 0.1110866 0.0526241 0.1043467 0.0974319 0.0563653 0.0628345 0.1043767 0.1074064 0.0900232 0.1150547 0.0195810 0.0741681 0.1346278 0.1272665 0.1049719 0.0326315 0.1103580 0.0658088 0.0159674 0.0745775 0.0926167 0.0664344 0.0577515 0.1075038 0.1062988 0.1141783 
Dasyuridae_Dasyurus_maculatus                0.1036483 0.1158653 0.0901378 0.1039549 0.1090379 0.0000000 0.0885003 0.0835504 0.1020039 0.1152454 0.0865343 0.0111795 0.0198454 0.0827785 0.0806074 0.0110024 0.0040052 0.0175435 0.1176732 0.0999451 0.0951770 0.1369661 0.1382270 0.0122131 0.1018918 0.1105283 0.0887558 0.0954025 0.1009778 0.1126791 0.0906520 0.0841704 0.1073512 0.0050292 0.1200536 
Phalangeridae_Trichosurus_vulpecula          0.0467567 0.0919958 0.0438285 0.0456200 0.0507860 0.0885003 0.0000000 0.0109306 0.0428715 0.0801001 0.0108864 0.0719379 0.0710977 0.0112551 0.0403306 0.0736490 0.0837858 0.0636048 0.0900543 0.0408130 0.0408635 0.1055632 0.1142707 0.0771498 0.0421336 0.0883882 0.0393188 0.0372566 0.0436833 0.0624622 0.0435338 0.0121855 0.0797664 0.0907480 0.0840146 
Phalangeridae_Spilocuscus_maculatus          0.0411509 0.0876441 0.0424500 0.0452821 0.0513860 0.0835504 0.0109306 0.0000000 0.0441028 0.0839275 0.0048812 0.0684610 0.0676097 0.0048652 0.0365014 0.0692438 0.0790534 0.0577178 0.0902062 0.0404370 0.0368371 0.1047586 0.1099232 0.0716084 0.0393798 0.0802220 0.0341076 0.0362603 0.0409258 0.0541267 0.0437014 0.0051664 0.0782344 0.0829938 0.0877634 
Potoroidae_Aepyprymnus_rufescens             0.0627071 0.0991235 0.0666268 0.0074906 0.0092545 0.1020039 0.0428715 0.0441028 0.0000000 0.1033091 0.0459525 0.0998622 0.0916413 0.0464811 0.0558115 0.1011654 0.1028872 0.0828216 0.1073294 0.0163736 0.0637430 0.1217313 0.1170792 0.1007824 0.0291551 0.1033905 0.0599828 0.0134447 0.0680309 0.0879527 0.0538482 0.0477781 0.0992314 0.1033657 0.1071378 
Peramelidae_Perameles_nasuta                 0.1040285 0.0982091 0.0758201 0.1079082 0.1110866 0.1152454 0.0801001 0.0839275 0.1033091 0.0000000 0.0849193 0.1003322 0.0979899 0.0830788 0.0830080 0.0996684 0.1042440 0.0926373 0.0074821 0.1031619 0.0911087 0.1262803 0.1341659 0.1063766 0.1055953 0.1126066 0.0888478 0.0924640 0.0929000 0.1175287 0.0871806 0.0831822 0.0066866 0.1116046 0.0003728 
Phalangeridae_Strigocuscus_pelengensis       0.0414130 0.0889831 0.0453776 0.0456899 0.0526241 0.0865343 0.0108864 0.0048812 0.0459525 0.0849193 0.0000000 0.0726423 0.0710086 0.0054554 0.0392231 0.0744176 0.0822547 0.0597945 0.0920093 0.0412365 0.0407774 0.1060977 0.1133383 0.0755898 0.0399941 0.0825933 0.0370669 0.0382932 0.0434954 0.0555551 0.0429108 0.0053040 0.0795630 0.0844076 0.0891594 
Dasyuridae_Phascogale_tapoatafa              0.0965420 0.1108848 0.0791615 0.0973380 0.1043467 0.0111795 0.0719379 0.0684610 0.0998622 0.1003322 0.0726423 0.0000000 0.0149270 0.0712871 0.0801459 0.0018702 0.0110199 0.0127250 0.1073560 0.0977425 0.0894185 0.1235601 0.1278526 0.0062473 0.0978389 0.1018753 0.0857660 0.0934556 0.0922880 0.1042055 0.0877569 0.0728275 0.0982114 0.0122684 0.1060345 
Dasyuridae_Sminthopsis_macroura              0.0952514 0.1070454 0.0783174 0.0910893 0.0974319 0.0198454 0.0710977 0.0676097 0.0916413 0.0979899 0.0710086 0.0149270 0.0000000 0.0711239 0.0754745 0.0145106 0.0174807 0.0090388 0.1022254 0.0867921 0.0843517 0.1250162 0.1282570 0.0167015 0.0829190 0.1063021 0.0813330 0.0826804 0.0862729 0.1008380 0.0810226 0.0731090 0.0924181 0.0189701 0.1020956 
Phalangeridae_Phalanger_orientalis           0.0448679 0.0835519 0.0439635 0.0499094 0.0563653 0.0827785 0.0112551 0.0048652 0.0464811 0.0830788 0.0054554 0.0712871 0.0711239 0.0000000 0.0380494 0.0727969 0.0811303 0.0599771 0.0925953 0.0402668 0.0393259 0.1024389 0.1119152 0.0718290 0.0398096 0.0863297 0.0359690 0.0388356 0.0415568 0.0572382 0.0418723 0.0017753 0.0791060 0.0837064 0.0869227 
Acrobatidae_Acrobates_pygmaeus               0.0509976 0.0873958 0.0446564 0.0569364 0.0628345 0.0806074 0.0403306 0.0365014 0.0558115 0.0830080 0.0392231 0.0801459 0.0754745 0.0380494 0.0000000 0.0799070 0.0793990 0.0646691 0.0909845 0.0496573 0.0353085 0.1097222 0.1161119 0.0853324 0.0531206 0.0854802 0.0346450 0.0455928 0.0381743 0.0569065 0.0208791 0.0391504 0.0809401 0.0819409 0.0867366 
Dasyuridae_Phascogale_calura                 0.0961643 0.1114738 0.0816755 0.0986388 0.1043767 0.0110024 0.0736490 0.0692438 0.1011654 0.0996684 0.0744176 0.0018702 0.0145106 0.0727969 0.0799070 0.0000000 0.0098892 0.0125613 0.1058702 0.1001634 0.0864379 0.1195513 0.1235726 0.0050928 0.0983852 0.1043485 0.0855398 0.0927283 0.0904700 0.1044421 0.0888191 0.0736043 0.0986481 0.0103097 0.1054033 
Dasyuridae_Sarcophilus_harrisii              0.0992689 0.1144989 0.0851669 0.1009767 0.1074064 0.0040052 0.0837858 0.0790534 0.1028872 0.1042440 0.0822547 0.0110199 0.0174807 0.0811303 0.0793990 0.0098892 0.0000000 0.0156131 0.1077861 0.1021351 0.0937241 0.1295797 0.1320916 0.0114237 0.0989959 0.1092368 0.0884784 0.0948986 0.0989056 0.1105114 0.0888752 0.0818993 0.1022109 0.0035853 0.1090620 
Dasyuridae_Planigale_tenuirostris            0.0856679 0.0980526 0.0754523 0.0817707 0.0900232 0.0175435 0.0636048 0.0577178 0.0828216 0.0926373 0.0597945 0.0127250 0.0090388 0.0599771 0.0646691 0.0125613 0.0156131 0.0000000 0.0976139 0.0773104 0.0805534 0.1156720 0.1202031 0.0144491 0.0753040 0.0985921 0.0790614 0.0724349 0.0830282 0.0967458 0.0676942 0.0594839 0.0864040 0.0181699 0.0970310 
Peramelidae_Echymipera_kalubu                0.1093924 0.1014727 0.0877889 0.1126205 0.1150547 0.1176732 0.0900543 0.0902062 0.1073294 0.0074821 0.0920093 0.1073560 0.1022254 0.0925953 0.0909845 0.1058702 0.1077861 0.0976139 0.0000000 0.1062095 0.0988356 0.1244665 0.1295738 0.1100843 0.1098415 0.1201381 0.0967363 0.0940196 0.0993173 0.1266393 0.0944353 0.0926619 0.0064511 0.1140442 0.0071550 
Macropodidae_Dorcopsulus_vanheurni           0.0635571 0.0969054 0.0627965 0.0167086 0.0195810 0.0999451 0.0408130 0.0404370 0.0163736 0.1031619 0.0412365 0.0977425 0.0867921 0.0402668 0.0496573 0.1001634 0.1021351 0.0773104 0.1062095 0.0000000 0.0631498 0.1229034 0.1229556 0.1019796 0.0292095 0.1010108 0.0601661 0.0054002 0.0629468 0.0823996 0.0541303 0.0425013 0.0926707 0.0998841 0.1069346 
Pseudochiridae_Pseudochirulus_forbesi        0.0542500 0.0932646 0.0505166 0.0679642 0.0741681 0.0951770 0.0408635 0.0368371 0.0637430 0.0911087 0.0407774 0.0894185 0.0843517 0.0393259 0.0353085 0.0864379 0.0937241 0.0805534 0.0988356 0.0631498 0.0000000 0.1146626 0.1227014 0.0892422 0.0595261 0.1024281 0.0219004 0.0539438 0.0119251 0.0591177 0.0419486 0.0395659 0.0845992 0.0965834 0.0948555 
Didelphidae_Didelphis_virginiana             0.1234763 0.1189536 0.1042013 0.1286423 0.1346278 0.1369661 0.1055632 0.1047586 0.1217313 0.1262803 0.1060977 0.1235601 0.1250162 0.1024389 0.1097222 0.1195513 0.1295797 0.1156720 0.1244665 0.1229034 0.1146626 0.0000000 0.0184055 0.1236775 0.1246699 0.1157340 0.1144530 0.1197463 0.1272317 0.1423182 0.1104889 0.1030964 0.1184817 0.1361206 0.1293465 
Marmosidae_Monodelphis_domestica             0.1317876 0.1225972 0.1112228 0.1239348 0.1272665 0.1382270 0.1142707 0.1099232 0.1170792 0.1341659 0.1133383 0.1278526 0.1282570 0.1119152 0.1161119 0.1235726 0.1320916 0.1202031 0.1295738 0.1229556 0.1227014 0.0184055 0.0000000 0.1287670 0.1257359 0.1280607 0.1190954 0.1191898 0.1268323 0.1509832 0.1189797 0.1123312 0.1261193 0.1345168 0.1366344 
Dasyuridae_Antechinus_stuartii               0.0985250 0.1189633 0.0841988 0.0991237 0.1049719 0.0122131 0.0771498 0.0716084 0.1007824 0.1063766 0.0755898 0.0062473 0.0167015 0.0718290 0.0853324 0.0050928 0.0114237 0.0144491 0.1100843 0.1019796 0.0892422 0.1236775 0.1287670 0.0000000 0.1019783 0.1158042 0.0847144 0.0930136 0.0929083 0.1022693 0.0853749 0.0726737 0.1020450 0.0118782 0.1123186 
Hypsiprymnodontidae_Hypsiprymnodon_moschatus 0.0616608 0.1048752 0.0646132 0.0277718 0.0326315 0.1018918 0.0421336 0.0393798 0.0291551 0.1055953 0.0399941 0.0978389 0.0829190 0.0398096 0.0531206 0.0983852 0.0989959 0.0753040 0.1098415 0.0292095 0.0595261 0.1246699 0.1257359 0.1019783 0.0000000 0.0975938 0.0529293 0.0246642 0.0581899 0.0860602 0.0511422 0.0424342 0.1013041 0.1012670 0.1093141 
Microbiotheriidae_Dromiciops_gliroides       0.1058713 0.1096468 0.0880645 0.1033944 0.1103580 0.1105283 0.0883882 0.0802220 0.1033905 0.1126066 0.0825933 0.1018753 0.1063021 0.0863297 0.0854802 0.1043485 0.1092368 0.0985921 0.1201381 0.1010108 0.1024281 0.1157340 0.1280607 0.1158042 0.0975938 0.0000000 0.0936377 0.0930399 0.1076701 0.1187934 0.0896369 0.0839802 0.1079973 0.1102860 0.1178548 
Pseudochiridae_Petauroides_volans            0.0511239 0.0953148 0.0502320 0.0615186 0.0658088 0.0887558 0.0393188 0.0341076 0.0599828 0.0888478 0.0370669 0.0857660 0.0813330 0.0359690 0.0346450 0.0855398 0.0884784 0.0790614 0.0967363 0.0601661 0.0219004 0.1144530 0.1190954 0.0847144 0.0529293 0.0936377 0.0000000 0.0546400 0.0194660 0.0468932 0.0389362 0.0397721 0.0874071 0.0901998 0.0939326 
Macropodidae_Wallabia_bicolor                0.0551050 0.0894532 0.0573854 0.0141338 0.0159674 0.0954025 0.0372566 0.0362603 0.0134447 0.0924640 0.0382932 0.0934556 0.0826804 0.0388356 0.0455928 0.0927283 0.0948986 0.0724349 0.0940196 0.0054002 0.0539438 0.1197463 0.1191898 0.0930136 0.0246642 0.0930399 0.0546400 0.0000000 0.0574418 0.0827758 0.0476183 0.0385882 0.0846425 0.0923743 0.0963534 
Pseudochiridae_Pseudocheirus_occidentalis    0.0575857 0.1074367 0.0580426 0.0731759 0.0745775 0.1009778 0.0436833 0.0409258 0.0680309 0.0929000 0.0434954 0.0922880 0.0862729 0.0415568 0.0381743 0.0904700 0.0989056 0.0830282 0.0993173 0.0629468 0.0119251 0.1272317 0.1268323 0.0929083 0.0581899 0.1076701 0.0194660 0.0574418 0.0000000 0.0610935 0.0452808 0.0461190 0.0933736 0.1040053 0.0920157 
Tarsipedidae_Tarsipes_rostratus              0.0885958 0.1276533 0.0832736 0.0876605 0.0926167 0.1126791 0.0624622 0.0541267 0.0879527 0.1175287 0.0555551 0.1042055 0.1008380 0.0572382 0.0569065 0.1044421 0.1105114 0.0967458 0.1266393 0.0823996 0.0591177 0.1423182 0.1509832 0.1022693 0.0860602 0.1187934 0.0468932 0.0827758 0.0610935 0.0000000 0.0697426 0.0593580 0.1173887 0.1102275 0.1231918 
Acrobatidae_Distoechurus_pennatus            0.0574181 0.0853708 0.0498454 0.0585665 0.0664344 0.0906520 0.0435338 0.0437014 0.0538482 0.0871806 0.0429108 0.0877569 0.0810226 0.0418723 0.0208791 0.0888191 0.0888752 0.0676942 0.0944353 0.0541303 0.0419486 0.1104889 0.1189797 0.0853749 0.0511422 0.0896369 0.0389362 0.0476183 0.0452808 0.0697426 0.0000000 0.0445895 0.0807165 0.0918575 0.0915585 
Phalangeridae_Phalanger_carmelitae           0.0445725 0.0870518 0.0456747 0.0512677 0.0577515 0.0841704 0.0121855 0.0051664 0.0477781 0.0831822 0.0053040 0.0728275 0.0731090 0.0017753 0.0391504 0.0736043 0.0818993 0.0594839 0.0926619 0.0425013 0.0395659 0.1030964 0.1123312 0.0726737 0.0424342 0.0839802 0.0397721 0.0385882 0.0461190 0.0593580 0.0445895 0.0000000 0.0792859 0.0856522 0.0870107 
Peramelidae_Peroryctes_raffrayana            0.0955367 0.0916982 0.0792604 0.1031547 0.1075038 0.1073512 0.0797664 0.0782344 0.0992314 0.0066866 0.0795630 0.0982114 0.0924181 0.0791060 0.0809401 0.0986481 0.1022109 0.0864040 0.0064511 0.0926707 0.0845992 0.1184817 0.1261193 0.1020450 0.1013041 0.1079973 0.0874071 0.0846425 0.0933736 0.1173887 0.0807165 0.0792859 0.0000000 0.1050360 0.0064927 
Dasyuridae_Dasyurus_geffroii                 0.1010594 0.1155353 0.0935949 0.1012182 0.1062988 0.0050292 0.0907480 0.0829938 0.1033657 0.1116046 0.0844076 0.0122684 0.0189701 0.0837064 0.0819409 0.0103097 0.0035853 0.0181699 0.1140442 0.0998841 0.0965834 0.1361206 0.1345168 0.0118782 0.1012670 0.1102860 0.0901998 0.0923743 0.1040053 0.1102275 0.0918575 0.0856522 0.1050360 0.0000000 0.1163327 
Peramelidae_Perameles_gunnii                 0.1055924 0.1009783 0.0809319 0.1117201 0.1141783 0.1200536 0.0840146 0.0877634 0.1071378 0.0003728 0.0891594 0.1060345 0.1020956 0.0869227 0.0867366 0.1054033 0.1090620 0.0970310 0.0071550 0.1069346 0.0948555 0.1293465 0.1366344 0.1123186 0.1093141 0.1178548 0.0939326 0.0963534 0.0920157 0.1231918 0.0915585 0.0870107 0.0064927 0.1163327 0.0000000 
