37
Burramyidae_Burramys_parvus                  0.0000000 0.1292757 0.0998505 0.0931881 0.1063124 0.1659612 0.0915238 0.0846418 0.0982632 0.1548491 0.0821958 0.1012271 0.1051689 0.0966369 0.0764833 0.1737403 0.0881980 0.0992604 0.0939205 0.0908612 0.1337068 0.1177164 0.1698044 0.0897935 0.0860150 0.0724110 0.0808417 0.0856409 0.1026254 0.0776172 0.0948497 0.0883603 0.1636419 0.1606690 0.1516286 0.2635381 0.2635381 
Notoryctidae_Notoryctes_typhlops             0.1292757 0.0000000 0.1281643 0.1254600 0.1339510 0.1710339 0.1374248 0.1279239 0.1323451 0.1691115 0.1159559 0.1037783 0.1129764 0.1330645 0.1089141 0.1760809 0.0943501 0.1099892 0.1352502 0.1201658 0.1528288 0.1275869 0.1707264 0.1284093 0.1036120 0.1106338 0.1136063 0.1244781 0.1301004 0.1080163 0.1346940 0.0971319 0.1714224 0.1726887 0.1701065 0.3038865 0.3038865 
Vombatidae_Lasiorhinus_latifrons             0.0998505 0.1281643 0.0000000 0.1001983 0.1115485 0.1648198 0.0957556 0.0975436 0.0992715 0.1502100 0.0923691 0.0954932 0.1017865 0.1057191 0.0846590 0.1687370 0.0924192 0.0916242 0.1005400 0.0966848 0.1347585 0.1195749 0.1592722 0.1039191 0.0870363 0.0780037 0.0842678 0.1016240 0.1139939 0.0843380 0.0977282 0.0760167 0.1575187 0.1589826 0.1422765 0.2613811 0.2613811 
Potoroidae_Bettongia_penicillata             0.0931881 0.1254600 0.1001983 0.0000000 0.0012948 0.1739972 0.0984446 0.0890139 0.0256623 0.1436548 0.0783046 0.0977132 0.1058697 0.0950684 0.0729642 0.1756931 0.0890664 0.0856294 0.0425646 0.0872788 0.1337696 0.1080968 0.1550007 0.0563225 0.0747503 0.0724133 0.0375902 0.0871583 0.0956577 0.0755578 0.0952766 0.0679647 0.1680186 0.1829300 0.1566578 0.3435031 0.3435031 
Potoroidae_Bettongia_lesueur                 0.1063124 0.1339510 0.1115485 0.0012948 0.0000000 0.1802990 0.1058291 0.0968413 0.0354634 0.1478709 0.0834895 0.1063770 0.1141929 0.1048252 0.0809433 0.1811095 0.0984237 0.0956646 0.0469270 0.0960785 0.1374807 0.1149721 0.1643523 0.0603386 0.0849110 0.0810200 0.0394481 0.1008517 0.1036470 0.0818935 0.1048642 0.0742177 0.1738251 0.1883159 0.1615246 0.3226604 0.3226604 
Dasyuridae_Dasyurus_maculatus                0.1659612 0.1710339 0.1648198 0.1739972 0.1802990 0.0000000 0.1705975 0.1624268 0.1646092 0.0558487 0.1338596 0.0750439 0.0735212 0.1653586 0.1404813 0.0014066 0.0802364 0.1465851 0.1720858 0.1575811 0.1774812 0.1573779 0.0012882 0.1643203 0.1472819 0.1363251 0.1583958 0.1669586 0.1605847 0.1406757 0.1654551 0.1189673 0.0003483 0.0005028 0.0551340 0.2137598 0.2137598 
Phalangeridae_Trichosurus_vulpecula          0.0915238 0.1374248 0.0957556 0.0984446 0.1058291 0.1705975 0.0000000 0.0726747 0.1028703 0.1627522 0.0543511 0.1065544 0.0947972 0.0748563 0.0792442 0.1788156 0.0941931 0.1033936 0.1042460 0.0891857 0.1330663 0.1225302 0.1627521 0.0963216 0.0970042 0.0712166 0.0891890 0.0935447 0.0912787 0.0821888 0.0799208 0.0664798 0.1706169 0.1882057 0.1733258 0.3076498 0.3076498 
Phalangeridae_Spilocuscus_maculatus          0.0846418 0.1279239 0.0975436 0.0890139 0.0968413 0.1624268 0.0726747 0.0000000 0.0909504 0.1470208 0.0391879 0.0956313 0.0975520 0.0527074 0.0712555 0.1686296 0.0847022 0.0861186 0.0911481 0.0793182 0.1238684 0.1067637 0.1569464 0.0834974 0.0791932 0.0636006 0.0718589 0.0837439 0.0921899 0.0701810 0.0233175 0.0749160 0.1565594 0.1598407 0.1410257 0.2990440 0.2990440 
Potoroidae_Aepyprymnus_rufescens             0.0982632 0.1323451 0.0992715 0.0256623 0.0354634 0.1646092 0.1028703 0.0909504 0.0000000 0.1409310 0.0858321 0.1042651 0.1066444 0.0993846 0.0795852 0.1732733 0.0919954 0.0895591 0.0541538 0.0981408 0.1293520 0.1087835 0.1532606 0.0603782 0.0784740 0.0777643 0.0464954 0.0971285 0.1047541 0.0801028 0.0973004 0.0707732 0.1608494 0.1753147 0.1564415 0.3566206 0.3566206 
Peramelidae_Perameles_nasuta                 0.1548491 0.1691115 0.1502100 0.1436548 0.1478709 0.0558487 0.1627522 0.1470208 0.1409310 0.0000000 0.1222659 0.1381053 0.1254782 0.1514847 0.1311798 0.0578018 0.1339923 0.0900449 0.1494545 0.1356331 0.1607157 0.1463575 0.0555093 0.1399433 0.1316972 0.1260387 0.1322127 0.1515138 0.1454165 0.1291390 0.1516835 0.0681539 0.0527429 0.0543936 0.0001310 9.0000000 9.0000000 
Phalangeridae_Strigocuscus_pelengensis       0.0821958 0.1159559 0.0923691 0.0783046 0.0834895 0.1338596 0.0543511 0.0391879 0.0858321 0.1222659 0.0000000 0.0860250 0.0847226 0.0408991 0.0602422 0.1407223 0.0740307 0.0759504 0.0867206 0.0777562 0.1040568 0.0978097 0.1280237 0.0779489 0.0709297 0.0610627 0.0755556 0.0844800 0.0860107 0.0718349 0.0420083 0.0641683 0.1344037 0.1496867 0.1323389 0.3073316 0.3073316 
Dasyuridae_Phascogale_tapoatafa              0.1012271 0.1037783 0.0954932 0.0977132 0.1063770 0.0750439 0.1065544 0.0956313 0.1042651 0.1381053 0.0860250 0.0000000 0.0034198 0.1019339 0.0816941 0.0625120 0.0020904 0.0781842 0.1076821 0.0937182 0.1188389 0.0968607 0.0785515 0.0957571 0.0713797 0.0748397 0.0863853 0.0945583 0.0989087 0.0828487 0.1030438 0.0642864 0.0714889 0.0812606 0.1468784 0.2318640 0.2318640 
Dasyuridae_Sminthopsis_macroura              0.1051689 0.1129764 0.1017865 0.1058697 0.1141929 0.0735212 0.0947972 0.0975520 0.1066444 0.1254782 0.0847226 0.0034198 0.0000000 0.1026681 0.0846241 0.0768713 0.0021041 0.0763324 0.1101508 0.0965333 0.1131605 0.1000695 0.0787439 0.0983206 0.0777035 0.0814998 0.0956060 0.0969464 0.1052917 0.0918801 0.1048575 0.0674465 0.0713548 0.0774949 0.1373446 0.2483768 0.2483768 
Phalangeridae_Phalanger_orientalis           0.0966369 0.1330645 0.1057191 0.0950684 0.1048252 0.1653586 0.0748563 0.0527074 0.0993846 0.1514847 0.0408991 0.1019339 0.1026681 0.0000000 0.0787549 0.1740762 0.0934798 0.0953748 0.1056895 0.0901928 0.1379560 0.1159951 0.1577323 0.0881627 0.0873806 0.0716363 0.0900822 0.0969458 0.1014222 0.0780942 0.0531893 0.0789053 0.1637536 0.1802210 0.1638945 0.3098669 0.3098669 
Acrobatidae_Acrobates_pygmaeus               0.0764833 0.1089141 0.0846590 0.0729642 0.0809433 0.1404813 0.0792442 0.0712555 0.0795852 0.1311798 0.0602422 0.0816941 0.0846241 0.0787549 0.0000000 0.1482014 0.0718029 0.0751286 0.0865664 0.0716177 0.1164630 0.1015322 0.1331056 0.0698814 0.0684422 0.0529538 0.0708486 0.0755111 0.0731121 0.0415426 0.0762429 0.0597514 0.1394223 0.1534453 0.1404713 0.3166635 0.3166635 
Dasyuridae_Phascogale_calura                 0.1737403 0.1760809 0.1687370 0.1756931 0.1811095 0.0014066 0.1788156 0.1686296 0.1732733 0.0578018 0.1407223 0.0625120 0.0768713 0.1740762 0.1482014 0.0000000 0.0860967 0.1522997 0.1775651 0.1573189 0.1852654 0.1662838 0.0006026 0.1714206 0.1481946 0.1438995 0.1644150 0.1698379 0.1714423 0.1462994 0.1735955 0.1284396 0.0011524 0.0011632 0.0580799 0.2312831 0.2312831 
Dasyuridae_Planigale_tenuirostris            0.0881980 0.0943501 0.0924192 0.0890664 0.0984237 0.0802364 0.0941931 0.0847022 0.0919954 0.1339923 0.0740307 0.0020904 0.0021041 0.0934798 0.0718029 0.0860967 0.0000000 0.0706915 0.0962830 0.0802921 0.1101354 0.0891011 0.0909717 0.0903777 0.0655880 0.0603248 0.0786055 0.0797246 0.0826260 0.0724498 0.0939082 0.0545541 0.0761589 0.0889648 0.1471771 0.2825668 0.2825668 
Peramelidae_Echymipera_kalubu                0.0992604 0.1099892 0.0916242 0.0856294 0.0956646 0.1465851 0.1033936 0.0861186 0.0895591 0.0900449 0.0759504 0.0781842 0.0763324 0.0953748 0.0751286 0.1522997 0.0706915 0.0000000 0.0955169 0.0795660 0.1075581 0.0930121 0.1441332 0.0868202 0.0795014 0.0692504 0.0793308 0.0863390 0.0913837 0.0752469 0.0954320 0.0025788 0.1442684 0.1596941 0.1000784 9.0000000 9.0000000 
Macropodidae_Dorcopsulus_vanheurni           0.0939205 0.1352502 0.1005400 0.0425646 0.0469270 0.1720858 0.1042460 0.0911481 0.0541538 0.1494545 0.0867206 0.1076821 0.1101508 0.1056895 0.0865664 0.1775651 0.0962830 0.0955169 0.0000000 0.0981461 0.1398998 0.1099785 0.1597559 0.0632298 0.0839950 0.0777340 0.0040208 0.0945962 0.1080285 0.0824611 0.0990363 0.0794215 0.1652761 0.1767012 0.1577939 0.3353265 0.3353265 
Pseudochiridae_Pseudochirulus_forbesi        0.0908612 0.1201658 0.0966848 0.0872788 0.0960785 0.1575811 0.0891857 0.0793182 0.0981408 0.1356331 0.0777562 0.0937182 0.0965333 0.0901928 0.0716177 0.1573189 0.0802921 0.0795660 0.0981461 0.0000000 0.1318363 0.1114874 0.1427426 0.0834503 0.0734874 0.0392532 0.0811702 0.0425211 0.0748016 0.0729511 0.0876349 0.0600805 0.1536991 0.1647997 0.1396168 0.3606220 0.3606220 
Didelphidae_Didelphis_virginiana             0.1337068 0.1528288 0.1347585 0.1337696 0.1374807 0.1774812 0.1330663 0.1238684 0.1293520 0.1607157 0.1040568 0.1188389 0.1131605 0.1379560 0.1164630 0.1852654 0.1101354 0.1075581 0.1398998 0.1318363 0.0000000 0.0486329 0.1736926 0.1262118 0.0960167 0.1099207 0.1244622 0.1339815 0.1394215 0.1163218 0.1389795 0.0862066 0.1797893 0.1918446 0.1726832 0.3135957 0.3135957 
Marmosidae_Monodelphis_domestica             0.1177164 0.1275869 0.1195749 0.1080968 0.1149721 0.1573779 0.1225302 0.1067637 0.1087835 0.1463575 0.0978097 0.0968607 0.1000695 0.1159951 0.1015322 0.1662838 0.0891011 0.0930121 0.1099785 0.1114874 0.0486329 0.0000000 0.1534383 0.1073170 0.0752491 0.0937497 0.0965042 0.1158583 0.1158428 0.0995752 0.1195929 0.0805444 0.1594245 0.1709439 0.1544998 0.2665575 0.2665575 
Dasyuridae_Antechinus_stuartii               0.1698044 0.1707264 0.1592722 0.1550007 0.1643523 0.0012882 0.1627521 0.1569464 0.1532606 0.0555093 0.1280237 0.0785515 0.0787439 0.1577323 0.1331056 0.0006026 0.0909717 0.1441332 0.1597559 0.1427426 0.1736926 0.1534383 0.0000000 0.1553724 0.1450302 0.1314187 0.1450809 0.1610974 0.1541546 0.1350235 0.1624469 0.1221478 0.0011024 0.0011135 0.0561924 9.0000000 9.0000000 
Hypsiprymnodontidae_Hypsiprymnodon_moschatus 0.0897935 0.1284093 0.1039191 0.0563225 0.0603386 0.1643203 0.0963216 0.0834974 0.0603782 0.1399433 0.0779489 0.0957571 0.0983206 0.0881627 0.0698814 0.1714206 0.0903777 0.0868202 0.0632298 0.0834503 0.1262118 0.1073170 0.1553724 0.0000000 0.0785435 0.0718644 0.0506257 0.0862767 0.0948496 0.0738002 0.0894550 0.0678785 0.1593031 0.1800512 0.1544416 0.3152405 0.3152405 
Microbiotheriidae_Dromiciops_gliroides       0.0860150 0.1036120 0.0870363 0.0747503 0.0849110 0.1472819 0.0970042 0.0791932 0.0784740 0.1316972 0.0709297 0.0713797 0.0777035 0.0873806 0.0684422 0.1481946 0.0655880 0.0795014 0.0839950 0.0734874 0.0960167 0.0752491 0.1450302 0.0785435 0.0000000 0.0611257 0.0685811 0.0788690 0.0846105 0.0699159 0.0901157 0.0664433 0.1444165 0.1577383 0.1446230 9.0000000 9.0000000 
Pseudochiridae_Petauroides_volans            0.0724110 0.1106338 0.0780037 0.0724133 0.0810200 0.1363251 0.0712166 0.0636006 0.0777643 0.1260387 0.0610627 0.0748397 0.0814998 0.0716363 0.0529538 0.1438995 0.0603248 0.0692504 0.0777340 0.0392532 0.1099207 0.0937497 0.1314187 0.0718644 0.0611257 0.0000000 0.0655859 0.0439188 0.0585596 0.0562782 0.0736796 0.0547279 0.1337355 0.1463798 0.1321301 0.3359518 0.3359518 
Macropodidae_Wallabia_bicolor                0.0808417 0.1136063 0.0842678 0.0375902 0.0394481 0.1583958 0.0891890 0.0718589 0.0464954 0.1322127 0.0755556 0.0863853 0.0956060 0.0900822 0.0708486 0.1644150 0.0786055 0.0793308 0.0040208 0.0811702 0.1244622 0.0965042 0.1450809 0.0506257 0.0685811 0.0655859 0.0000000 0.0801536 0.0957792 0.0654458 0.0827759 0.0608383 0.1522950 0.1642323 0.1393531 0.3242908 0.3242908 
Pseudochiridae_Pseudocheirus_occidentalis    0.0856409 0.1244781 0.1016240 0.0871583 0.1008517 0.1669586 0.0935447 0.0837439 0.0971285 0.1515138 0.0844800 0.0945583 0.0969464 0.0969458 0.0755111 0.1698379 0.0797246 0.0863390 0.0945962 0.0425211 0.1339815 0.1158583 0.1610974 0.0862767 0.0788690 0.0439188 0.0801536 0.0000000 0.0823102 0.0795974 0.0957963 0.0712802 0.1637490 0.1674031 0.1492447 0.3759585 0.3759585 
Tarsipedidae_Tarsipes_rostratus              0.1026254 0.1301004 0.1139939 0.0956577 0.1036470 0.1605847 0.0912787 0.0921899 0.1047541 0.1454165 0.0860107 0.0989087 0.1052917 0.1014222 0.0731121 0.1714423 0.0826260 0.0913837 0.1080285 0.0748016 0.1394215 0.1158428 0.1541546 0.0948496 0.0846105 0.0585596 0.0957792 0.0823102 0.0000000 0.0809394 0.0990794 0.0737605 0.1596563 0.1792562 0.1574401 0.3597014 0.3597014 
Acrobatidae_Distoechurus_pennatus            0.0776172 0.1080163 0.0843380 0.0755578 0.0818935 0.1406757 0.0821888 0.0701810 0.0801028 0.1291390 0.0718349 0.0828487 0.0918801 0.0780942 0.0415426 0.1462994 0.0724498 0.0752469 0.0824611 0.0729511 0.1163218 0.0995752 0.1350235 0.0738002 0.0699159 0.0562782 0.0654458 0.0795974 0.0809394 0.0000000 0.0760682 0.0653127 0.1371185 0.1474642 0.1346503 0.2929222 0.2929222 
Phalangeridae_Phalanger_carmelitae           0.0948497 0.1346940 0.0977282 0.0952766 0.1048642 0.1654551 0.0799208 0.0233175 0.0973004 0.1516835 0.0420083 0.1030438 0.1048575 0.0531893 0.0762429 0.1735955 0.0939082 0.0954320 0.0990363 0.0876349 0.1389795 0.1195929 0.1624469 0.0894550 0.0901157 0.0736796 0.0827759 0.0957963 0.0990794 0.0760682 0.0000000 0.0809780 0.1612495 0.1640263 0.1469460 0.2861844 0.2861844 
Peramelidae_Peroryctes_raffrayana            0.0883603 0.0971319 0.0760167 0.0679647 0.0742177 0.1189673 0.0664798 0.0749160 0.0707732 0.0681539 0.0641683 0.0642864 0.0674465 0.0789053 0.0597514 0.1284396 0.0545541 0.0025788 0.0794215 0.0600805 0.0862066 0.0805444 0.1221478 0.0678785 0.0664433 0.0547279 0.0608383 0.0712802 0.0737605 0.0653127 0.0809780 0.0000000 0.1177439 0.1274311 0.0754527 9.0000000 9.0000000 
Dasyuridae_Dasyurus_geffroii                 0.1636419 0.1714224 0.1575187 0.1680186 0.1738251 0.0003483 0.1706169 0.1565594 0.1608494 0.0527429 0.1344037 0.0714889 0.0713548 0.1637536 0.1394223 0.0011524 0.0761589 0.1442684 0.1652761 0.1536991 0.1797893 0.1594245 0.0011024 0.1593031 0.1444165 0.1337355 0.1522950 0.1637490 0.1596563 0.1371185 0.1612495 0.1177439 0.0000000 0.0003505 0.0518748 0.2127453 0.2127453 
Dasyuridae_Sarcophilus_harrisii              0.1606690 0.1726887 0.1589826 0.1829300 0.1883159 0.0005028 0.1882057 0.1598407 0.1753147 0.0543936 0.1496867 0.0812606 0.0774949 0.1802210 0.1534453 0.0011632 0.0889648 0.1596941 0.1767012 0.1647997 0.1918446 0.1709439 0.0011135 0.1800512 0.1577383 0.1463798 0.1642323 0.1674031 0.1792562 0.1474642 0.1640263 0.1274311 0.0003505 0.0000000 0.0544900 0.2050827 0.2050827 
Peramelidae_Perameles_gunnii                 0.1516286 0.1701065 0.1422765 0.1566578 0.1615246 0.0551340 0.1733258 0.1410257 0.1564415 0.0001310 0.1323389 0.1468784 0.1373446 0.1638945 0.1404713 0.0580799 0.1471771 0.1000784 0.1577939 0.1396168 0.1726832 0.1544998 0.0561924 0.1544416 0.1446230 0.1321301 0.1393531 0.1492447 0.1574401 0.1346503 0.1469460 0.0754527 0.0518748 0.0544900 0.0000000 9.0000000 9.0000000 
Peramelidae_Isoodon_obesulus1                0.2635381 0.3038865 0.2613811 0.3435031 0.3226604 0.2137598 0.3076498 0.2990440 0.3566206 9.0000000 0.3073316 0.2318640 0.2483768 0.3098669 0.3166635 0.2312831 0.2825668 9.0000000 0.3353265 0.3606220 0.3135957 0.2665575 9.0000000 0.3152405 9.0000000 0.3359518 0.3242908 0.3759585 0.3597014 0.2929222 0.2861844 9.0000000 0.2127453 0.2050827 9.0000000 0.0000000 0.0000010 
Peramelidae_Isoodon_obesulus2                0.2635381 0.3038865 0.2613811 0.3435031 0.3226604 0.2137598 0.3076498 0.2990440 0.3566206 9.0000000 0.3073316 0.2318640 0.2483768 0.3098669 0.3166635 0.2312831 0.2825668 9.0000000 0.3353265 0.3606220 0.3135957 0.2665575 9.0000000 0.3152405 9.0000000 0.3359518 0.3242908 0.3759585 0.3597014 0.2929222 0.2861844 9.0000000 0.2127453 0.2050827 9.0000000 0.0000010 0.0000000 
