35
Burramyidae_Burramys_parvus                  0.0000000 0.0610288 0.0383386 0.0326228 0.0342863 0.0464258 0.0228303 0.0323655 0.0327246 0.0417831 0.0317536 0.0457491 0.0484290 0.0282473 0.0314381 0.0464515 0.0463332 0.0447050 0.0457233 0.0274040 0.0297889 0.0551533 0.0514321 0.0437391 0.0355795 0.0403511 0.0410033 0.0285037 0.0333573 0.0381117 0.0336000 0.0324312 0.0439264 0.0460265 0.0443583 
Notoryctidae_Notoryctes_typhlops             0.0610288 0.0000000 0.0670542 0.0629116 0.0633785 0.0613870 0.0542088 0.0647903 0.0602556 0.0605635 0.0634165 0.0622275 0.0664940 0.0591839 0.0622411 0.0622220 0.0624503 0.0612057 0.0586870 0.0586526 0.0637444 0.0759534 0.0681802 0.0597009 0.0637304 0.0600561 0.0704001 0.0581822 0.0610507 0.0698053 0.0637720 0.0645019 0.0588749 0.0621221 0.0595387 
Vombatidae_Lasiorhinus_latifrons             0.0383386 0.0670542 0.0000000 0.0410349 0.0421304 0.0520670 0.0308013 0.0381498 0.0408164 0.0458046 0.0377284 0.0508778 0.0539973 0.0369638 0.0377888 0.0510160 0.0512380 0.0485564 0.0498585 0.0375100 0.0411340 0.0602929 0.0608723 0.0492467 0.0435062 0.0437834 0.0530008 0.0369610 0.0410329 0.0469050 0.0392100 0.0383623 0.0506992 0.0516372 0.0480653 
Potoroidae_Bettongia_penicillata             0.0326228 0.0629116 0.0410349 0.0000000 0.0020048 0.0485900 0.0292257 0.0393092 0.0084215 0.0418383 0.0380575 0.0482579 0.0513921 0.0346615 0.0357021 0.0482484 0.0478167 0.0460330 0.0452593 0.0146695 0.0349033 0.0609872 0.0589459 0.0456026 0.0273855 0.0430907 0.0432170 0.0153328 0.0342145 0.0422213 0.0355211 0.0372886 0.0431792 0.0481899 0.0445952 
Potoroidae_Bettongia_lesueur                 0.0342863 0.0633785 0.0421304 0.0020048 0.0000000 0.0486528 0.0302035 0.0403621 0.0099077 0.0433692 0.0390873 0.0483202 0.0514590 0.0356762 0.0367320 0.0483418 0.0478783 0.0464703 0.0463203 0.0155892 0.0359168 0.0621277 0.0600725 0.0456612 0.0283621 0.0441471 0.0436182 0.0162588 0.0360016 0.0432764 0.0365363 0.0383151 0.0439847 0.0482520 0.0456536 
Dasyuridae_Dasyurus_maculatus                0.0464258 0.0613870 0.0520670 0.0485900 0.0486528 0.0000000 0.0403711 0.0484235 0.0494565 0.0459312 0.0477860 0.0096635 0.0175401 0.0440702 0.0483224 0.0108647 0.0023067 0.0149553 0.0486585 0.0451266 0.0480849 0.0610817 0.0569356 0.0096845 0.0489443 0.0450177 0.0575423 0.0442395 0.0497645 0.0527426 0.0503608 0.0470911 0.0442213 0.0023071 0.0479608 
Phalangeridae_Trichosurus_vulpecula          0.0228303 0.0542088 0.0308013 0.0292257 0.0302035 0.0403711 0.0000000 0.0132521 0.0280370 0.0320892 0.0120224 0.0393805 0.0427932 0.0106120 0.0235013 0.0394178 0.0403127 0.0371920 0.0358346 0.0234974 0.0263949 0.0527423 0.0498238 0.0360671 0.0289293 0.0323976 0.0356304 0.0238463 0.0246185 0.0322189 0.0270062 0.0130133 0.0341730 0.0399888 0.0345343 
Phalangeridae_Spilocuscus_maculatus          0.0323655 0.0647903 0.0381498 0.0393092 0.0403621 0.0484235 0.0132521 0.0000000 0.0380570 0.0386690 0.0096988 0.0480844 0.0523459 0.0116686 0.0323782 0.0486846 0.0483253 0.0450008 0.0435640 0.0335839 0.0347147 0.0612075 0.0577893 0.0456265 0.0370157 0.0416230 0.0469284 0.0340637 0.0356445 0.0395143 0.0346902 0.0110454 0.0428669 0.0480144 0.0422083 
Potoroidae_Aepyprymnus_rufescens             0.0327246 0.0602556 0.0408164 0.0084215 0.0099077 0.0494565 0.0280370 0.0380570 0.0000000 0.0419629 0.0375218 0.0491225 0.0529676 0.0334699 0.0351381 0.0491192 0.0486769 0.0469334 0.0447282 0.0144183 0.0343605 0.0621607 0.0576543 0.0457747 0.0271669 0.0435883 0.0422457 0.0144772 0.0343552 0.0403493 0.0356276 0.0367473 0.0429434 0.0490529 0.0443967 
Peramelidae_Perameles_nasuta                 0.0417831 0.0605635 0.0458046 0.0418383 0.0433692 0.0459312 0.0320892 0.0386690 0.0419629 0.0000000 0.0397002 0.0459383 0.0489395 0.0354892 0.0427455 0.0458052 0.0447440 0.0461419 0.0121003 0.0378192 0.0422916 0.0563343 0.0549898 0.0440627 0.0407502 0.0427833 0.0536005 0.0372892 0.0435018 0.0466957 0.0432631 0.0388034 0.0130025 0.0455049 0.0006212 
Phalangeridae_Strigocuscus_pelengensis       0.0317536 0.0634165 0.0377284 0.0380575 0.0390873 0.0477860 0.0120224 0.0096988 0.0375218 0.0397002 0.0000000 0.0470995 0.0510020 0.0107577 0.0316338 0.0478146 0.0476891 0.0443206 0.0446934 0.0320453 0.0334918 0.0587703 0.0553742 0.0447101 0.0364381 0.0398395 0.0448042 0.0328450 0.0351616 0.0395536 0.0337690 0.0098459 0.0430438 0.0473780 0.0426532 
Dasyuridae_Phascogale_tapoatafa              0.0457491 0.0622275 0.0508778 0.0482579 0.0483202 0.0096635 0.0393805 0.0480844 0.0491225 0.0459383 0.0470995 0.0000000 0.0172186 0.0444141 0.0455826 0.0023140 0.0096510 0.0142615 0.0496863 0.0441283 0.0480913 0.0618417 0.0562440 0.0034839 0.0486124 0.0450255 0.0591697 0.0442473 0.0488236 0.0520528 0.0483236 0.0457413 0.0449763 0.0096528 0.0483062 
Dasyuridae_Sminthopsis_macroura              0.0484290 0.0664940 0.0539973 0.0513921 0.0514590 0.0175401 0.0427932 0.0523459 0.0529676 0.0489395 0.0510020 0.0172186 0.0000000 0.0482056 0.0522036 0.0184484 0.0175083 0.0115336 0.0521551 0.0468792 0.0522645 0.0647196 0.0608273 0.0160162 0.0524380 0.0489272 0.0620205 0.0466905 0.0558666 0.0567554 0.0549109 0.0498927 0.0500079 0.0169102 0.0504193 
Phalangeridae_Phalanger_orientalis           0.0282473 0.0591839 0.0369638 0.0346615 0.0356762 0.0440702 0.0106120 0.0116686 0.0334699 0.0354892 0.0107577 0.0444141 0.0482056 0.0000000 0.0292624 0.0450889 0.0439834 0.0412514 0.0421104 0.0301269 0.0305804 0.0583557 0.0543333 0.0417729 0.0337570 0.0378934 0.0412458 0.0305883 0.0313863 0.0354211 0.0311601 0.0084572 0.0403866 0.0440159 0.0394629 
Acrobatidae_Acrobates_pygmaeus               0.0314381 0.0622411 0.0377888 0.0357021 0.0367320 0.0483224 0.0235013 0.0323782 0.0351381 0.0427455 0.0316338 0.0455826 0.0522036 0.0292624 0.0000000 0.0469725 0.0485681 0.0470928 0.0468845 0.0304375 0.0308921 0.0567051 0.0532987 0.0442661 0.0363640 0.0416079 0.0404029 0.0305558 0.0339162 0.0341432 0.0192948 0.0321610 0.0455762 0.0482598 0.0462699 
Dasyuridae_Phascogale_calura                 0.0464515 0.0622220 0.0510160 0.0482484 0.0483418 0.0108647 0.0394178 0.0486846 0.0491192 0.0458052 0.0478146 0.0023140 0.0184484 0.0450889 0.0469725 0.0000000 0.0108454 0.0152516 0.0497122 0.0441287 0.0487941 0.0615165 0.0562736 0.0040719 0.0486341 0.0454150 0.0600232 0.0442896 0.0500461 0.0517314 0.0497068 0.0467802 0.0452259 0.0108527 0.0483314 
Dasyuridae_Sarcophilus_harrisii              0.0463332 0.0624503 0.0512380 0.0478167 0.0478783 0.0023067 0.0403127 0.0483253 0.0486769 0.0447440 0.0476891 0.0096510 0.0175083 0.0439834 0.0485681 0.0108454 0.0000000 0.0149332 0.0485619 0.0443690 0.0479894 0.0606444 0.0568196 0.0096719 0.0488472 0.0449505 0.0578819 0.0428376 0.0487364 0.0526356 0.0506006 0.0469977 0.0437799 0.0023042 0.0471893 
Dasyuridae_Planigale_tenuirostris            0.0447050 0.0612057 0.0485564 0.0460330 0.0464703 0.0149553 0.0371920 0.0450008 0.0469334 0.0461419 0.0443206 0.0142615 0.0115336 0.0412514 0.0470928 0.0152516 0.0149332 0.0000000 0.0487580 0.0432801 0.0460769 0.0603427 0.0572247 0.0128728 0.0464343 0.0461158 0.0576156 0.0429068 0.0498916 0.0499952 0.0503070 0.0451664 0.0458584 0.0149359 0.0472374 
Peramelidae_Echymipera_kalubu                0.0457233 0.0586870 0.0498585 0.0452593 0.0463203 0.0486585 0.0358346 0.0435640 0.0447282 0.0121003 0.0446934 0.0496863 0.0521551 0.0421104 0.0468845 0.0497122 0.0485619 0.0487580 0.0000000 0.0411919 0.0473712 0.0593462 0.0552938 0.0476965 0.0456267 0.0441108 0.0567796 0.0420359 0.0485294 0.0491423 0.0482527 0.0427580 0.0121145 0.0482577 0.0116967 
Macropodidae_Dorcopsulus_vanheurni           0.0274040 0.0586526 0.0375100 0.0146695 0.0155892 0.0451266 0.0234974 0.0335839 0.0144183 0.0378192 0.0320453 0.0441283 0.0468792 0.0301269 0.0304375 0.0441287 0.0443690 0.0432801 0.0411919 0.0000000 0.0306580 0.0580160 0.0535999 0.0418187 0.0248395 0.0376209 0.0386975 0.0057994 0.0294462 0.0372592 0.0322410 0.0323658 0.0404908 0.0447354 0.0405361 
Pseudochiridae_Pseudochirulus_forbesi        0.0297889 0.0637444 0.0411340 0.0349033 0.0359168 0.0480849 0.0263949 0.0347147 0.0343605 0.0422916 0.0334918 0.0480913 0.0522645 0.0305804 0.0308921 0.0487941 0.0479894 0.0460769 0.0473712 0.0306580 0.0000000 0.0568565 0.0517602 0.0453863 0.0366007 0.0422157 0.0267716 0.0314837 0.0096969 0.0336858 0.0320473 0.0347599 0.0470284 0.0476846 0.0443528 
Didelphidae_Didelphis_virginiana             0.0551533 0.0759534 0.0602929 0.0609872 0.0621277 0.0610817 0.0527423 0.0612075 0.0621607 0.0563343 0.0587703 0.0618417 0.0647196 0.0583557 0.0567051 0.0615165 0.0606444 0.0603427 0.0593462 0.0580160 0.0568565 0.0000000 0.0228167 0.0615126 0.0628023 0.0575922 0.0721076 0.0572655 0.0636465 0.0608245 0.0598117 0.0614630 0.0601109 0.0603352 0.0576074 
Marmosidae_Monodelphis_domestica             0.0514321 0.0681802 0.0608723 0.0589459 0.0600725 0.0569356 0.0498238 0.0577893 0.0576543 0.0549898 0.0553742 0.0562440 0.0608273 0.0543333 0.0532987 0.0562736 0.0568196 0.0572247 0.0552938 0.0535999 0.0517602 0.0228167 0.0000000 0.0552221 0.0589176 0.0539138 0.0676209 0.0528409 0.0571596 0.0572822 0.0560620 0.0584493 0.0551755 0.0558143 0.0556526 
Dasyuridae_Antechinus_stuartii               0.0437391 0.0597009 0.0492467 0.0456026 0.0456612 0.0096845 0.0360671 0.0456265 0.0457747 0.0440627 0.0447101 0.0034839 0.0160162 0.0417729 0.0442661 0.0040719 0.0096719 0.0128728 0.0476965 0.0418187 0.0453863 0.0615126 0.0552221 0.0000000 0.0452801 0.0422319 0.0548981 0.0415429 0.0451553 0.0500271 0.0473551 0.0441039 0.0438211 0.0096737 0.0463032 
Hypsiprymnodontidae_Hypsiprymnodon_moschatus 0.0355795 0.0637304 0.0435062 0.0273855 0.0283621 0.0489443 0.0289293 0.0370157 0.0271669 0.0407502 0.0364381 0.0486124 0.0524380 0.0337570 0.0363640 0.0486341 0.0488472 0.0464343 0.0456267 0.0248395 0.0366007 0.0628023 0.0589176 0.0452801 0.0000000 0.0445450 0.0432936 0.0255682 0.0377810 0.0427445 0.0394507 0.0360119 0.0451228 0.0485433 0.0442932 
Microbiotheriidae_Dromiciops_gliroides       0.0403511 0.0600561 0.0437834 0.0430907 0.0441471 0.0450177 0.0323976 0.0416230 0.0435883 0.0427833 0.0398395 0.0450255 0.0489272 0.0378934 0.0416079 0.0454150 0.0449505 0.0461158 0.0441108 0.0376209 0.0422157 0.0575922 0.0539138 0.0422319 0.0445450 0.0000000 0.0513700 0.0382571 0.0411000 0.0465517 0.0428030 0.0398802 0.0438093 0.0446165 0.0444388 
Pseudochiridae_Petauroides_volans            0.0410033 0.0704001 0.0530008 0.0432170 0.0436182 0.0575423 0.0356304 0.0469284 0.0422457 0.0536005 0.0448042 0.0591697 0.0620205 0.0412458 0.0404029 0.0600232 0.0578819 0.0576156 0.0567796 0.0386975 0.0267716 0.0721076 0.0676209 0.0548981 0.0432936 0.0513700 0.0000000 0.0395901 0.0200560 0.0427876 0.0425670 0.0457158 0.0566841 0.0575047 0.0568792 
Macropodidae_Wallabia_bicolor                0.0285037 0.0581822 0.0369610 0.0153328 0.0162588 0.0442395 0.0238463 0.0340637 0.0144772 0.0372892 0.0328450 0.0442473 0.0466905 0.0305883 0.0305558 0.0442896 0.0428376 0.0429068 0.0420359 0.0057994 0.0314837 0.0572655 0.0528409 0.0415429 0.0255682 0.0382571 0.0395901 0.0000000 0.0300675 0.0374233 0.0326994 0.0328264 0.0406929 0.0438494 0.0400530 
Pseudochiridae_Pseudocheirus_occidentalis    0.0333573 0.0610507 0.0410329 0.0342145 0.0360016 0.0497645 0.0246185 0.0356445 0.0343552 0.0435018 0.0351616 0.0488236 0.0558666 0.0313863 0.0339162 0.0500461 0.0487364 0.0498916 0.0485294 0.0294462 0.0096969 0.0636465 0.0571596 0.0451553 0.0377810 0.0411000 0.0200560 0.0300675 0.0000000 0.0354788 0.0321282 0.0371341 0.0479371 0.0492272 0.0454477 
Tarsipedidae_Tarsipes_rostratus              0.0381117 0.0698053 0.0469050 0.0422213 0.0432764 0.0527426 0.0322189 0.0395143 0.0403493 0.0466957 0.0395536 0.0520528 0.0567554 0.0354211 0.0341432 0.0517314 0.0526356 0.0499952 0.0491423 0.0372592 0.0336858 0.0608245 0.0572822 0.0500271 0.0427445 0.0465517 0.0427876 0.0374233 0.0354788 0.0000000 0.0387153 0.0401449 0.0490471 0.0523271 0.0481880 
Acrobatidae_Distoechurus_pennatus            0.0336000 0.0637720 0.0392100 0.0355211 0.0365363 0.0503608 0.0270062 0.0346902 0.0356276 0.0432631 0.0337690 0.0483236 0.0549109 0.0311601 0.0192948 0.0497068 0.0506006 0.0503070 0.0482527 0.0322410 0.0320473 0.0598117 0.0560620 0.0473551 0.0394507 0.0428030 0.0425670 0.0326994 0.0321282 0.0387153 0.0000000 0.0340405 0.0473352 0.0502962 0.0475834 
Phalangeridae_Phalanger_carmelitae           0.0324312 0.0645019 0.0383623 0.0372886 0.0383151 0.0470911 0.0130133 0.0110454 0.0367473 0.0388034 0.0098459 0.0457413 0.0498927 0.0084572 0.0321610 0.0467802 0.0469977 0.0451664 0.0427580 0.0323658 0.0347599 0.0614630 0.0584493 0.0441039 0.0360119 0.0398802 0.0457158 0.0328264 0.0371341 0.0401449 0.0340405 0.0000000 0.0430197 0.0470326 0.0420958 
Peramelidae_Peroryctes_raffrayana            0.0439264 0.0588749 0.0506992 0.0431792 0.0439847 0.0442213 0.0341730 0.0428669 0.0429434 0.0130025 0.0430438 0.0449763 0.0500079 0.0403866 0.0455762 0.0452259 0.0437799 0.0458584 0.0121145 0.0404908 0.0470284 0.0601109 0.0551755 0.0438211 0.0451228 0.0438093 0.0566841 0.0406929 0.0479371 0.0490471 0.0473352 0.0430197 0.0000000 0.0441882 0.0128125 
Dasyuridae_Dasyurus_geffroii                 0.0460265 0.0621221 0.0516372 0.0481899 0.0482520 0.0023071 0.0399888 0.0480144 0.0490529 0.0455049 0.0473780 0.0096528 0.0169102 0.0440159 0.0482598 0.0108527 0.0023042 0.0149359 0.0482577 0.0447354 0.0476846 0.0603352 0.0558143 0.0096737 0.0485433 0.0446165 0.0575047 0.0438494 0.0492272 0.0523271 0.0502962 0.0470326 0.0441882 0.0000000 0.0475618 
Peramelidae_Perameles_gunnii                 0.0443583 0.0595387 0.0480653 0.0445952 0.0456536 0.0479608 0.0345343 0.0422083 0.0443967 0.0006212 0.0426532 0.0483062 0.0504193 0.0394629 0.0462699 0.0483314 0.0471893 0.0472374 0.0116967 0.0405361 0.0443528 0.0576074 0.0556526 0.0463032 0.0442932 0.0444388 0.0568792 0.0400530 0.0454477 0.0481880 0.0475834 0.0420958 0.0128125 0.0475618 0.0000000 
