35
Notoryctidae_Notoryctes_typhlops             0.0000000 0.1221182 0.1363361 0.1392933 0.1694844 0.1255144 0.1310660 0.1358768 0.1735052 0.1365634 0.1785265 0.1800602 0.1307057 0.1363190 0.1824228 0.1739830 0.1811465 0.1639318 0.1294360 0.1314718 0.1799130 0.1756001 0.2055918 0.1341428 0.1393584 0.1318566 0.1321652 0.1327803 0.1674335 0.1464721 0.1305057 0.1826586 0.1743625 0.1761536 0.1294036 
Vombatidae_Lasiorhinus_latifrons             0.1221182 0.0000000 0.0886695 0.0903406 0.1287858 0.0766910 0.0803057 0.0912246 0.1429288 0.0882594 0.1386890 0.1400610 0.0810011 0.0870657 0.1416095 0.1304015 0.1386821 0.1274073 0.0858741 0.0863251 0.1380885 0.1410843 0.1516336 0.0844971 0.0987293 0.0797366 0.0872013 0.0819862 0.1218278 0.0968209 0.0820395 0.1451749 0.1329383 0.1445541 0.0797675 
Potoroidae_Bettongia_penicillata             0.1363361 0.0886695 0.0000000 0.0097676 0.1488353 0.0814207 0.0856746 0.0172955 0.1466530 0.0917964 0.1596594 0.1577001 0.0854608 0.0934870 0.1629885 0.1496261 0.1546566 0.1323655 0.0283909 0.0956210 0.1554287 0.1582133 0.1792096 0.0589015 0.1192926 0.0896501 0.0299159 0.0894827 0.1286126 0.1052294 0.0878560 0.1513931 0.1503110 0.1464455 0.0846190 
Potoroidae_Bettongia_lesueur                 0.1392933 0.0903406 0.0097676 0.0000000 0.1473626 0.0819890 0.0866721 0.0182951 0.1471541 0.0925818 0.1588569 0.1594091 0.0877809 0.0938086 0.1621135 0.1491745 0.1555238 0.1351612 0.0309861 0.0958520 0.1532684 0.1596208 0.1770933 0.0605534 0.1196095 0.0905350 0.0317202 0.0904286 0.1275401 0.1033572 0.0891957 0.1540754 0.1498189 0.1471826 0.0854174 
Dasyuridae_Dasyurus_maculatus                0.1694844 0.1287858 0.1488353 0.1473626 0.0000000 0.1367728 0.1401138 0.1488120 0.1690303 0.1487633 0.0358931 0.0542504 0.1406778 0.1498825 0.0389108 0.0176213 0.0509838 0.1507982 0.1363260 0.1374035 0.1858529 0.1817153 0.0353333 0.1436996 0.1442025 0.1349937 0.1407644 0.1351811 0.1772983 0.1599853 0.1383536 0.1745524 0.0114618 0.1718296 0.1321864 
Phalangeridae_Trichosurus_vulpecula          0.1255144 0.0766910 0.0814207 0.0819890 0.1367728 0.0000000 0.0190707 0.0823884 0.1400142 0.0264259 0.1480502 0.1508418 0.0208675 0.0879221 0.1524718 0.1384111 0.1498071 0.1237431 0.0778574 0.0889879 0.1348686 0.1383882 0.1575411 0.0797432 0.1043556 0.0814716 0.0767139 0.0814342 0.1151338 0.0945310 0.0215338 0.1429110 0.1393955 0.1438776 0.0730525 
Phalangeridae_Spilocuscus_maculatus          0.1310660 0.0803057 0.0856746 0.0866721 0.1401138 0.0190707 0.0000000 0.0879740 0.1397025 0.0181431 0.1534482 0.1568310 0.0143956 0.0911636 0.1579417 0.1417643 0.1558005 0.1230794 0.0820724 0.0930851 0.1433387 0.1438825 0.1645954 0.0840176 0.1088732 0.0834739 0.0809789 0.0843130 0.1157551 0.0943073 0.0143652 0.1426110 0.1428022 0.1437218 0.0790429 
Potoroidae_Aepyprymnus_rufescens             0.1358768 0.0912246 0.0172955 0.0182951 0.1488120 0.0823884 0.0879740 0.0000000 0.1456669 0.0942205 0.1592810 0.1614755 0.0900374 0.0920895 0.1625371 0.1516141 0.1595394 0.1372577 0.0314048 0.0950039 0.1559693 0.1558265 0.1788226 0.0571669 0.1206340 0.0907921 0.0325545 0.0892301 0.1274512 0.1038457 0.0914532 0.1544965 0.1522402 0.1473388 0.0867764 
Peramelidae_Perameles_nasuta                 0.1735052 0.1429288 0.1466530 0.1471541 0.1690303 0.1400142 0.1397025 0.1456669 0.0000000 0.1445902 0.1838798 0.1881884 0.1418638 0.1496159 0.1874886 0.1687412 0.1832335 0.0314902 0.1396556 0.1445568 0.1896666 0.1866451 0.2026741 0.1455180 0.1512620 0.1394699 0.1378300 0.1414205 0.1738300 0.1608519 0.1430272 0.0484434 0.1675539 0.0000010 0.1385691 
Phalangeridae_Strigocuscus_pelengensis       0.1365634 0.0882594 0.0917964 0.0925818 0.1487633 0.0264259 0.0181431 0.0942205 0.1445902 0.0000000 0.1621130 0.1649136 0.0192503 0.0950708 0.1652625 0.1493936 0.1594599 0.1273218 0.0889082 0.1016603 0.1513696 0.1506545 0.1705122 0.0907467 0.1143473 0.0925020 0.0882713 0.0904965 0.1256782 0.1016198 0.0192271 0.1461722 0.1497215 0.1486576 0.0848739 
Dasyuridae_Phascogale_tapoatafa              0.1785265 0.1386890 0.1596594 0.1588569 0.0358931 0.1480502 0.1534482 0.1592810 0.1838798 0.1621130 0.0000000 0.0574078 0.1541599 0.1590860 0.0088866 0.0365609 0.0538120 0.1628857 0.1489448 0.1478075 0.1908736 0.1936972 0.0209624 0.1549325 0.1489886 0.1413153 0.1525487 0.1441881 0.1848769 0.1668905 0.1531998 0.1890511 0.0396386 0.1855158 0.1422462 
Dasyuridae_Sminthopsis_macroura              0.1800602 0.1400610 0.1577001 0.1594091 0.0542504 0.1508418 0.1568310 0.1614755 0.1881884 0.1649136 0.0574078 0.0000000 0.1534591 0.1622914 0.0570245 0.0552903 0.0412626 0.1681556 0.1501462 0.1485748 0.1976217 0.2035701 0.0610577 0.1591267 0.1530623 0.1463414 0.1544213 0.1430909 0.1886863 0.1718889 0.1544455 0.1907591 0.0569000 0.1898627 0.1411320 
Phalangeridae_Phalanger_orientalis           0.1307057 0.0810011 0.0854608 0.0877809 0.1406778 0.0208675 0.0143956 0.0900374 0.1418638 0.0192503 0.1541599 0.1534591 0.0000000 0.0916810 0.1575427 0.1426854 0.1535882 0.1264357 0.0852373 0.0946804 0.1436465 0.1450868 0.1626650 0.0866932 0.1106846 0.0872985 0.0836895 0.0867074 0.1204876 0.0961995 0.0043899 0.1452728 0.1438506 0.1458140 0.0812248 
Acrobatidae_Acrobates_pygmaeus               0.1363190 0.0870657 0.0934870 0.0938086 0.1498825 0.0879221 0.0911636 0.0920895 0.1496159 0.0950708 0.1590860 0.1622914 0.0916810 0.0000000 0.1651597 0.1524908 0.1601383 0.1386941 0.0880239 0.0849805 0.1571290 0.1592944 0.1763177 0.0946143 0.1204180 0.0822570 0.0878854 0.0815288 0.1206293 0.0531068 0.0928747 0.1584160 0.1511021 0.1526293 0.0890270 
Dasyuridae_Phascogale_calura                 0.1824228 0.1416095 0.1629885 0.1621135 0.0389108 0.1524718 0.1579417 0.1625371 0.1874886 0.1652625 0.0088866 0.0570245 0.1575427 0.1651597 0.0000000 0.0391623 0.0546296 0.1668776 0.1516237 0.1500547 0.1949978 0.1973926 0.0244682 0.1586467 0.1521861 0.1450887 0.1552539 0.1469058 0.1894859 0.1721110 0.1565684 0.1921777 0.0434813 0.1891424 0.1485222 
Dasyuridae_Sarcophilus_harrisii              0.1739830 0.1304015 0.1496261 0.1491745 0.0176213 0.1384111 0.1417643 0.1516141 0.1687412 0.1493936 0.0365609 0.0552903 0.1426854 0.1524908 0.0391623 0.0000000 0.0516248 0.1515220 0.1387031 0.1377775 0.1875118 0.1836914 0.0334147 0.1467503 0.1460613 0.1353341 0.1440045 0.1364332 0.1793475 0.1611558 0.1428194 0.1753021 0.0181531 0.1709252 0.1320329 
Dasyuridae_Planigale_tenuirostris            0.1811465 0.1386821 0.1546566 0.1555238 0.0509838 0.1498071 0.1558005 0.1595394 0.1832335 0.1594599 0.0538120 0.0412626 0.1535882 0.1601383 0.0546296 0.0516248 0.0000000 0.1630354 0.1448497 0.1445923 0.2016654 0.2023813 0.0586584 0.1527649 0.1529114 0.1464789 0.1497096 0.1441795 0.1902522 0.1705711 0.1528173 0.1864725 0.0538546 0.1848354 0.1409881 
Peramelidae_Echymipera_kalubu                0.1639318 0.1274073 0.1323655 0.1351612 0.1507982 0.1237431 0.1230794 0.1372577 0.0314902 0.1273218 0.1628857 0.1681556 0.1264357 0.1386941 0.1668776 0.1515220 0.1630354 0.0000000 0.1262042 0.1331322 0.1728258 0.1741857 0.1726534 0.1367870 0.1343242 0.1274485 0.1274210 0.1274064 0.1597177 0.1463778 0.1269896 0.0352395 0.1498166 0.0320389 0.1312440 
Macropodidae_Dorcopsulus_vanheurni           0.1294360 0.0858741 0.0283909 0.0309861 0.1363260 0.0778574 0.0820724 0.0314048 0.1396556 0.0889082 0.1489448 0.1501462 0.0852373 0.0880239 0.1516237 0.1387031 0.1448497 0.1262042 0.0000000 0.0887634 0.1500700 0.1519739 0.1691102 0.0533451 0.1117409 0.0830045 0.0134293 0.0841494 0.1219112 0.0966546 0.0858670 0.1460119 0.1386081 0.1412111 0.0798226 
Pseudochiridae_Pseudochirulus_forbesi        0.1314718 0.0863251 0.0956210 0.0958520 0.1374035 0.0889879 0.0930851 0.0950039 0.1445568 0.1016603 0.1478075 0.1485748 0.0946804 0.0849805 0.1500547 0.1377775 0.1445923 0.1331322 0.0887634 0.0000000 0.1449291 0.1530725 0.1708282 0.0909001 0.1199941 0.0396367 0.0901148 0.0174801 0.1109119 0.0942314 0.0958538 0.1578188 0.1371838 0.1470509 0.0887190 
Didelphidae_Didelphis_virginiana             0.1799130 0.1380885 0.1554287 0.1532684 0.1858529 0.1348686 0.1433387 0.1559693 0.1896666 0.1513696 0.1908736 0.1976217 0.1436465 0.1571290 0.1949978 0.1875118 0.2016654 0.1728258 0.1500700 0.1449291 0.0000000 0.0624002 0.2212336 0.1589878 0.1419199 0.1441717 0.1516832 0.1368962 0.1807957 0.1619797 0.1476293 0.1853985 0.1875802 0.1922530 0.1366489 
Marmosidae_Monodelphis_domestica             0.1756001 0.1410843 0.1582133 0.1596208 0.1817153 0.1383882 0.1438825 0.1558265 0.1866451 0.1506545 0.1936972 0.2035701 0.1450868 0.1592944 0.1973926 0.1836914 0.2023813 0.1741857 0.1519739 0.1530725 0.0624002 0.0000000 0.2225260 0.1575507 0.1495416 0.1453157 0.1531441 0.1446632 0.1930874 0.1651877 0.1456546 0.1916764 0.1839816 0.1919711 0.1397587 
Dasyuridae_Antechinus_stuartii               0.2055918 0.1516336 0.1792096 0.1770933 0.0353333 0.1575411 0.1645954 0.1788226 0.2026741 0.1705122 0.0209624 0.0610577 0.1626650 0.1763177 0.0244682 0.0334147 0.0586584 0.1726534 0.1691102 0.1708282 0.2212336 0.2225260 0.0000000 0.1772800 0.1634461 0.1641852 0.1710598 0.1663910 0.1906984 0.1956599 0.1623297 0.2016120 0.0393170 0.2024479 0.1167433 
Hypsiprymnodontidae_Hypsiprymnodon_moschatus 0.1341428 0.0844971 0.0589015 0.0605534 0.1436996 0.0797432 0.0840176 0.0571669 0.1455180 0.0907467 0.1549325 0.1591267 0.0866932 0.0946143 0.1586467 0.1467503 0.1527649 0.1367870 0.0533451 0.0909001 0.1589878 0.1575507 0.1772800 0.0000000 0.1162637 0.0920596 0.0526343 0.0888526 0.1312800 0.1048918 0.0873168 0.1553523 0.1461710 0.1453558 0.0789555 
Microbiotheriidae_Dromiciops_gliroides       0.1393584 0.0987293 0.1192926 0.1196095 0.1442025 0.1043556 0.1088732 0.1206340 0.1512620 0.1143473 0.1489886 0.1530623 0.1106846 0.1204180 0.1521861 0.1460613 0.1529114 0.1343242 0.1117409 0.1199941 0.1419199 0.1495416 0.1634461 0.1162637 0.0000000 0.1101493 0.1122928 0.1095512 0.1514141 0.1354251 0.1115001 0.1547601 0.1458295 0.1515836 0.1101348 
Pseudochiridae_Petauroides_volans            0.1318566 0.0797366 0.0896501 0.0905350 0.1349937 0.0814716 0.0834739 0.0907921 0.1394699 0.0925020 0.1413153 0.1463414 0.0872985 0.0822570 0.1450887 0.1353341 0.1464789 0.1274485 0.0830045 0.0396367 0.1441717 0.1453157 0.1641852 0.0920596 0.1101493 0.0000000 0.0844186 0.0347573 0.1010047 0.0966690 0.0879537 0.1442399 0.1332063 0.1410104 0.0790347 
Macropodidae_Wallabia_bicolor                0.1321652 0.0872013 0.0299159 0.0317202 0.1407644 0.0767139 0.0809789 0.0325545 0.1378300 0.0882713 0.1525487 0.1544213 0.0836895 0.0878854 0.1552539 0.1440045 0.1497096 0.1274210 0.0134293 0.0901148 0.1516832 0.1531441 0.1710598 0.0526343 0.1122928 0.0844186 0.0000000 0.0841733 0.1218360 0.0952622 0.0843218 0.1446081 0.1430049 0.1404561 0.0778869 
Pseudochiridae_Pseudocheirus_occidentalis    0.1327803 0.0819862 0.0894827 0.0904286 0.1351811 0.0814342 0.0843130 0.0892301 0.1414205 0.0904965 0.1441881 0.1430909 0.0867074 0.0815288 0.1469058 0.1364332 0.1441795 0.1274064 0.0841494 0.0174801 0.1368962 0.1446632 0.1663910 0.0888526 0.1095512 0.0347573 0.0841733 0.0000000 0.0993565 0.0922914 0.0873545 0.1480255 0.1353509 0.1423295 0.0836804 
Tarsipedidae_Tarsipes_rostratus              0.1674335 0.1218278 0.1286126 0.1275401 0.1772983 0.1151338 0.1157551 0.1274512 0.1738300 0.1256782 0.1848769 0.1886863 0.1204876 0.1206293 0.1894859 0.1793475 0.1902522 0.1597177 0.1219112 0.1109119 0.1807957 0.1930874 0.1906984 0.1312800 0.1514141 0.1010047 0.1218360 0.0993565 0.0000000 0.1347682 0.1211193 0.1739128 0.1794705 0.1792784 0.1295512 
Acrobatidae_Distoechurus_pennatus            0.1464721 0.0968209 0.1052294 0.1033572 0.1599853 0.0945310 0.0943073 0.1038457 0.1608519 0.1016198 0.1668905 0.1718889 0.0961995 0.0531068 0.1721110 0.1611558 0.1705711 0.1463778 0.0966546 0.0942314 0.1619797 0.1651877 0.1956599 0.1048918 0.1354251 0.0966690 0.0952622 0.0922914 0.1347682 0.0000000 0.0969924 0.1696285 0.1605291 0.1638776 0.0892541 
Phalangeridae_Phalanger_carmelitae           0.1305057 0.0820395 0.0878560 0.0891957 0.1383536 0.0215338 0.0143652 0.0914532 0.1430272 0.0192271 0.1531998 0.1544455 0.0043899 0.0928747 0.1565684 0.1428194 0.1528173 0.1269896 0.0858670 0.0958538 0.1476293 0.1456546 0.1623297 0.0873168 0.1115001 0.0879537 0.0843218 0.0873545 0.1211193 0.0969924 0.0000000 0.1464284 0.1438703 0.1469285 0.0822712 
Peramelidae_Peroryctes_raffrayana            0.1826586 0.1451749 0.1513931 0.1540754 0.1745524 0.1429110 0.1426110 0.1544965 0.0484434 0.1461722 0.1890511 0.1907591 0.1452728 0.1584160 0.1921777 0.1753021 0.1864725 0.0352395 0.1460119 0.1578188 0.1853985 0.1916764 0.2016120 0.1553523 0.1547601 0.1442399 0.1446081 0.1480255 0.1739128 0.1696285 0.1464284 0.0000000 0.1735841 0.0483518 0.1675265 
Dasyuridae_Dasyurus_geffroii                 0.1743625 0.1329383 0.1503110 0.1498189 0.0114618 0.1393955 0.1428022 0.1522402 0.1675539 0.1497215 0.0396386 0.0569000 0.1438506 0.1511021 0.0434813 0.0181531 0.0538546 0.1498166 0.1386081 0.1371838 0.1875802 0.1839816 0.0393170 0.1461710 0.1458295 0.1332063 0.1430049 0.1353509 0.1794705 0.1605291 0.1438703 0.1735841 0.0000000 0.1693550 0.1315658 
Peramelidae_Perameles_gunnii                 0.1761536 0.1445541 0.1464455 0.1471826 0.1718296 0.1438776 0.1437218 0.1473388 0.0000010 0.1486576 0.1855158 0.1898627 0.1458140 0.1526293 0.1891424 0.1709252 0.1848354 0.0320389 0.1412111 0.1470509 0.1922530 0.1919711 0.2024479 0.1453558 0.1515836 0.1410104 0.1404561 0.1423295 0.1792784 0.1638776 0.1469285 0.0483518 0.1693550 0.0000000 0.1393912 
Burramyidae_Burramys_parvus                  0.1294036 0.0797675 0.0846190 0.0854174 0.1321864 0.0730525 0.0790429 0.0867764 0.1385691 0.0848739 0.1422462 0.1411320 0.0812248 0.0890270 0.1485222 0.1320329 0.1409881 0.1312440 0.0798226 0.0887190 0.1366489 0.1397587 0.1167433 0.0789555 0.1101348 0.0790347 0.0778869 0.0836804 0.1295512 0.0892541 0.0822712 0.1675265 0.1315658 0.1393912 0.0000000 
