35
Burramyidae_Burramys_parvus                  0.0000000 0.0743187 0.0435260 0.0575312 0.0578390 0.0781462 0.0444013 0.0453647 0.0550890 0.0762993 0.0451941 0.0769446 0.0795559 0.0469218 0.0524601 0.0789455 0.0757332 0.0784877 0.0756316 0.0450044 0.0548242 0.0873034 0.0820183 0.0734262 0.0563140 0.0548712 0.0549709 0.0448213 0.0503351 0.0611636 0.0573721 0.0457770 0.0800646 0.0766189 0.0750233 
Notoryctidae_Notoryctes_typhlops             0.0743187 0.0000000 0.0680301 0.0928059 0.0948816 0.0972865 0.0752475 0.0780981 0.0900558 0.0980799 0.0770965 0.0927243 0.0971733 0.0763027 0.0821916 0.0917070 0.0936553 0.0998158 0.0983708 0.0748493 0.0829608 0.1075487 0.1020045 0.0849499 0.0870799 0.0717044 0.0831431 0.0812661 0.0768038 0.0824816 0.0891752 0.0756368 0.1009487 0.0933870 0.0977276 
Vombatidae_Lasiorhinus_latifrons             0.0435260 0.0680301 0.0000000 0.0592963 0.0607828 0.0656706 0.0435355 0.0430050 0.0530892 0.0685552 0.0425788 0.0651927 0.0686572 0.0440380 0.0497054 0.0628884 0.0656387 0.0666493 0.0687350 0.0435548 0.0521726 0.0730511 0.0730930 0.0605499 0.0580442 0.0488831 0.0472322 0.0485261 0.0481096 0.0540009 0.0543627 0.0439416 0.0707103 0.0629435 0.0687816 
Potoroidae_Bettongia_penicillata             0.0575312 0.0928059 0.0592963 0.0000000 0.0071739 0.0898821 0.0617159 0.0617029 0.0173974 0.0853716 0.0613047 0.0911518 0.0909516 0.0612048 0.0688529 0.0919741 0.0876911 0.0912963 0.0858306 0.0189452 0.0692127 0.0966720 0.0949465 0.0855769 0.0486695 0.0678187 0.0691310 0.0209290 0.0610641 0.0736762 0.0717734 0.0621067 0.0903068 0.0878357 0.0842522 
Potoroidae_Bettongia_lesueur                 0.0578390 0.0948816 0.0607828 0.0071739 0.0000000 0.0925628 0.0625749 0.0615925 0.0203028 0.0856437 0.0621732 0.0925885 0.0928896 0.0620649 0.0697018 0.0934229 0.0902183 0.0929366 0.0849705 0.0210652 0.0700650 0.0946829 0.0952399 0.0870339 0.0505826 0.0670345 0.0710945 0.0228374 0.0620807 0.0745412 0.0720732 0.0629629 0.0905650 0.0905175 0.0845224 
Dasyuridae_Dasyurus_maculatus                0.0781462 0.0972865 0.0656706 0.0898821 0.0925628 0.0000000 0.0728043 0.0797957 0.0901253 0.0948025 0.0774494 0.0273261 0.0355533 0.0792931 0.0855055 0.0270273 0.0122831 0.0319057 0.0944266 0.0771135 0.0843424 0.1022011 0.1022831 0.0230989 0.0905196 0.0713156 0.0835669 0.0788256 0.0801166 0.0870217 0.0904989 0.0791131 0.0945917 0.0083044 0.0923881 
Phalangeridae_Trichosurus_vulpecula          0.0444013 0.0752475 0.0435355 0.0617159 0.0625749 0.0728043 0.0000000 0.0204712 0.0607924 0.0747128 0.0176850 0.0750863 0.0769102 0.0189930 0.0528988 0.0746311 0.0753853 0.0757485 0.0748776 0.0467262 0.0529968 0.0843948 0.0821400 0.0715036 0.0606893 0.0547652 0.0533154 0.0501229 0.0476588 0.0547543 0.0567088 0.0189297 0.0782939 0.0729369 0.0732248 
Phalangeridae_Spilocuscus_maculatus          0.0453647 0.0780981 0.0430050 0.0617029 0.0615925 0.0797957 0.0204712 0.0000000 0.0590292 0.0784463 0.0107528 0.0799632 0.0806464 0.0101618 0.0518222 0.0795472 0.0802491 0.0824857 0.0801384 0.0514105 0.0546895 0.0854113 0.0794819 0.0758760 0.0595508 0.0552659 0.0554469 0.0500811 0.0499960 0.0569608 0.0561608 0.0101284 0.0795819 0.0782588 0.0768502 
Potoroidae_Aepyprymnus_rufescens             0.0550890 0.0900558 0.0530892 0.0173974 0.0203028 0.0901253 0.0607924 0.0590292 0.0000000 0.0834788 0.0602864 0.0902843 0.0915861 0.0606989 0.0662350 0.0888015 0.0890224 0.0891863 0.0838312 0.0211511 0.0678538 0.0946182 0.0922127 0.0852632 0.0507432 0.0668477 0.0659735 0.0229131 0.0623572 0.0738525 0.0686050 0.0605668 0.0889367 0.0880727 0.0840282 
Peramelidae_Perameles_nasuta                 0.0762993 0.0980799 0.0685552 0.0853716 0.0856437 0.0948025 0.0747128 0.0784463 0.0834788 0.0000000 0.0779447 0.0917712 0.0953418 0.0788405 0.0858675 0.0952237 0.0940935 0.0893770 0.0189023 0.0705150 0.0862338 0.1118211 0.1028431 0.0895159 0.0914006 0.0766767 0.0860387 0.0778606 0.0809204 0.0907921 0.0901423 0.0787474 0.0202607 0.0932920 0.0029458 
Phalangeridae_Strigocuscus_pelengensis       0.0451941 0.0770965 0.0425788 0.0613047 0.0621732 0.0774494 0.0176850 0.0107528 0.0602864 0.0779447 0.0000000 0.0773901 0.0792276 0.0073070 0.0533879 0.0759299 0.0772583 0.0792151 0.0797404 0.0513429 0.0546795 0.0855193 0.0793640 0.0736018 0.0601721 0.0551523 0.0551367 0.0494964 0.0504748 0.0576589 0.0566721 0.0072829 0.0797128 0.0759055 0.0769209 
Dasyuridae_Phascogale_tapoatafa              0.0769446 0.0927243 0.0651927 0.0911518 0.0925885 0.0273261 0.0750863 0.0799632 0.0902843 0.0917712 0.0773901 0.0000000 0.0315496 0.0788092 0.0849278 0.0059059 0.0213200 0.0292192 0.0915905 0.0746332 0.0809077 0.1010933 0.1005810 0.0109473 0.0933078 0.0696388 0.0835534 0.0804000 0.0781839 0.0853014 0.0876135 0.0786304 0.0921207 0.0228127 0.0895499 
Dasyuridae_Sminthopsis_macroura              0.0795559 0.0971733 0.0686572 0.0909516 0.0928896 0.0355533 0.0769102 0.0806464 0.0915861 0.0953418 0.0792276 0.0315496 0.0000000 0.0806121 0.0873578 0.0318149 0.0313879 0.0302269 0.0956239 0.0783856 0.0861697 0.1047638 0.1007102 0.0283304 0.0910090 0.0694484 0.0865183 0.0799156 0.0799018 0.0895145 0.0923053 0.0803910 0.0958089 0.0319951 0.0936190 
Phalangeridae_Phalanger_orientalis           0.0469218 0.0763027 0.0440380 0.0612048 0.0620649 0.0792931 0.0189930 0.0101618 0.0606989 0.0788405 0.0073070 0.0788092 0.0806121 0.0000000 0.0522787 0.0772545 0.0790979 0.0807351 0.0801038 0.0524245 0.0535595 0.0865822 0.0800015 0.0736264 0.0606180 0.0557039 0.0558709 0.0495322 0.0505016 0.0574479 0.0565949 0.0038326 0.0802514 0.0777550 0.0763106 
Acrobatidae_Acrobates_pygmaeus               0.0524601 0.0821916 0.0497054 0.0688529 0.0697018 0.0855055 0.0528988 0.0518222 0.0662350 0.0858675 0.0533879 0.0849278 0.0873578 0.0522787 0.0000000 0.0851227 0.0837026 0.0864899 0.0853045 0.0545075 0.0494886 0.0864092 0.0876655 0.0817159 0.0683486 0.0629779 0.0491070 0.0570619 0.0477615 0.0533038 0.0314885 0.0527236 0.0885561 0.0823477 0.0848285 
Dasyuridae_Phascogale_calura                 0.0789455 0.0917070 0.0628884 0.0919741 0.0934229 0.0270273 0.0746311 0.0795472 0.0888015 0.0952237 0.0759299 0.0059059 0.0318149 0.0772545 0.0851227 0.0000000 0.0209508 0.0305907 0.0936694 0.0758915 0.0806143 0.0995002 0.0991246 0.0100058 0.0929935 0.0687034 0.0825396 0.0811161 0.0784536 0.0843394 0.0884455 0.0770787 0.0950097 0.0219399 0.0927749 
Dasyuridae_Sarcophilus_harrisii              0.0757332 0.0936553 0.0656387 0.0876911 0.0902183 0.0122831 0.0753853 0.0802491 0.0890224 0.0940935 0.0772583 0.0213200 0.0313879 0.0790979 0.0837026 0.0209508 0.0000000 0.0281453 0.0937841 0.0720823 0.0818906 0.0984234 0.0987885 0.0185679 0.0904313 0.0684103 0.0816701 0.0769882 0.0769360 0.0845535 0.0869334 0.0789189 0.0938844 0.0088325 0.0917468 
Dasyuridae_Planigale_tenuirostris            0.0784877 0.0998158 0.0666493 0.0912963 0.0929366 0.0319057 0.0757485 0.0824857 0.0891863 0.0893770 0.0792151 0.0292192 0.0302269 0.0807351 0.0864899 0.0305907 0.0281453 0.0000000 0.0891856 0.0754117 0.0865226 0.0999502 0.0996472 0.0269054 0.0925317 0.0708857 0.0854080 0.0807035 0.0804949 0.0908213 0.0900560 0.0807040 0.0887578 0.0276046 0.0875551 
Peramelidae_Echymipera_kalubu                0.0756316 0.0983708 0.0687350 0.0858306 0.0849705 0.0944266 0.0748776 0.0801384 0.0838312 0.0189023 0.0797404 0.0915905 0.0956239 0.0801038 0.0853045 0.0936694 0.0937841 0.0891856 0.0000000 0.0721139 0.0851720 0.1099228 0.1017007 0.0891607 0.0900872 0.0751338 0.0835480 0.0766969 0.0783753 0.0904624 0.0910967 0.0815448 0.0153563 0.0935115 0.0185521 
Macropodidae_Dorcopsulus_vanheurni           0.0450044 0.0748493 0.0435548 0.0189452 0.0210652 0.0771135 0.0467262 0.0514105 0.0211511 0.0705150 0.0513429 0.0746332 0.0783856 0.0524245 0.0545075 0.0758915 0.0720823 0.0754117 0.0721139 0.0000000 0.0551893 0.0832042 0.0795270 0.0696549 0.0406835 0.0516330 0.0536204 0.0080535 0.0480091 0.0614163 0.0592667 0.0518054 0.0754934 0.0742365 0.0715012 
Pseudochiridae_Pseudochirulus_forbesi        0.0548242 0.0829608 0.0521726 0.0692127 0.0700650 0.0843424 0.0529968 0.0546895 0.0678538 0.0862338 0.0546795 0.0809077 0.0861697 0.0535595 0.0494886 0.0806143 0.0818906 0.0865226 0.0851720 0.0551893 0.0000000 0.0959795 0.0910591 0.0769914 0.0680798 0.0626650 0.0389598 0.0583120 0.0218294 0.0517467 0.0586221 0.0550478 0.0894816 0.0816641 0.0851693 
Didelphidae_Didelphis_virginiana             0.0873034 0.1075487 0.0730511 0.0966720 0.0946829 0.1022011 0.0843948 0.0854113 0.0946182 0.1118211 0.0855193 0.1010933 0.1047638 0.0865822 0.0864092 0.0995002 0.0984234 0.0999502 0.1099228 0.0832042 0.0959795 0.0000000 0.0436000 0.1000978 0.0917696 0.0831833 0.0893295 0.0860039 0.0937499 0.0931346 0.0956797 0.0863779 0.1157292 0.0966725 0.1100070 
Marmosidae_Monodelphis_domestica             0.0820183 0.1020045 0.0730930 0.0949465 0.0952399 0.1022831 0.0821400 0.0794819 0.0922127 0.1028431 0.0793640 0.1005810 0.1007102 0.0800015 0.0876655 0.0991246 0.0987885 0.0996472 0.1017007 0.0795270 0.0910591 0.0436000 0.0000000 0.0942797 0.0937749 0.0805018 0.0867017 0.0836402 0.0889055 0.0933543 0.0944450 0.0787570 0.1072740 0.0979301 0.1019409 
Dasyuridae_Antechinus_stuartii               0.0734262 0.0849499 0.0605499 0.0855769 0.0870339 0.0230989 0.0715036 0.0758760 0.0852632 0.0895159 0.0736018 0.0109473 0.0283304 0.0736264 0.0817159 0.0100058 0.0185679 0.0269054 0.0891607 0.0696549 0.0769914 0.1000978 0.0942797 0.0000000 0.0873526 0.0647623 0.0788623 0.0759257 0.0734311 0.0839934 0.0848177 0.0734601 0.0873339 0.0185179 0.0875630 
Hypsiprymnodontidae_Hypsiprymnodon_moschatus 0.0563140 0.0870799 0.0580442 0.0486695 0.0505826 0.0905196 0.0606893 0.0595508 0.0507432 0.0914006 0.0601721 0.0933078 0.0910090 0.0606180 0.0683486 0.0929935 0.0904313 0.0925317 0.0900872 0.0406835 0.0680798 0.0917696 0.0937749 0.0873526 0.0000000 0.0677635 0.0702818 0.0368703 0.0658423 0.0719611 0.0706772 0.0615200 0.0945654 0.0867551 0.0896053 
Microbiotheriidae_Dromiciops_gliroides       0.0548712 0.0717044 0.0488831 0.0678187 0.0670345 0.0713156 0.0547652 0.0552659 0.0668477 0.0766767 0.0551523 0.0696388 0.0694484 0.0557039 0.0629779 0.0687034 0.0684103 0.0708857 0.0751338 0.0516330 0.0626650 0.0831833 0.0805018 0.0647623 0.0677635 0.0000000 0.0605317 0.0564592 0.0584920 0.0684674 0.0692599 0.0567025 0.0804729 0.0675555 0.0757047 
Pseudochiridae_Petauroides_volans            0.0549709 0.0831431 0.0472322 0.0691310 0.0710945 0.0835669 0.0533154 0.0554469 0.0659735 0.0860387 0.0551367 0.0835534 0.0865183 0.0558709 0.0491070 0.0825396 0.0816701 0.0854080 0.0835480 0.0536204 0.0389598 0.0893295 0.0867017 0.0788623 0.0702818 0.0605317 0.0000000 0.0580060 0.0342500 0.0462883 0.0578187 0.0558507 0.0877252 0.0809191 0.0845359 
Macropodidae_Wallabia_bicolor                0.0448213 0.0812661 0.0485261 0.0209290 0.0228374 0.0788256 0.0501229 0.0500811 0.0229131 0.0778606 0.0494964 0.0804000 0.0799156 0.0495322 0.0570619 0.0811161 0.0769882 0.0807035 0.0766969 0.0080535 0.0583120 0.0860039 0.0836402 0.0759257 0.0368703 0.0564592 0.0580060 0.0000000 0.0511011 0.0631023 0.0599302 0.0504484 0.0810301 0.0767829 0.0779811 
Pseudochiridae_Pseudocheirus_occidentalis    0.0503351 0.0768038 0.0481096 0.0610641 0.0620807 0.0801166 0.0476588 0.0499960 0.0623572 0.0809204 0.0504748 0.0781839 0.0799018 0.0505016 0.0477615 0.0784536 0.0769360 0.0804949 0.0783753 0.0480091 0.0218294 0.0937499 0.0889055 0.0734311 0.0658423 0.0584920 0.0342500 0.0511011 0.0000000 0.0441844 0.0525027 0.0510497 0.0814729 0.0766667 0.0797379 
Tarsipedidae_Tarsipes_rostratus              0.0611636 0.0824816 0.0540009 0.0736762 0.0745412 0.0870217 0.0547543 0.0569608 0.0738525 0.0907921 0.0576589 0.0853014 0.0895145 0.0574479 0.0533038 0.0843394 0.0845535 0.0908213 0.0904624 0.0614163 0.0517467 0.0931346 0.0933543 0.0839934 0.0719611 0.0684674 0.0462883 0.0631023 0.0441844 0.0000000 0.0588679 0.0578922 0.0948922 0.0860879 0.0907415 
Acrobatidae_Distoechurus_pennatus            0.0573721 0.0891752 0.0543627 0.0717734 0.0720732 0.0904989 0.0567088 0.0561608 0.0686050 0.0901423 0.0566721 0.0876135 0.0923053 0.0565949 0.0314885 0.0884455 0.0869334 0.0900560 0.0910967 0.0592667 0.0586221 0.0956797 0.0944450 0.0848177 0.0706772 0.0692599 0.0578187 0.0599302 0.0525027 0.0588679 0.0000000 0.0559791 0.0933866 0.0861969 0.0896137 
Phalangeridae_Phalanger_carmelitae           0.0457770 0.0756368 0.0439416 0.0621067 0.0629629 0.0791131 0.0189297 0.0101284 0.0605668 0.0787474 0.0072829 0.0786304 0.0803910 0.0038326 0.0527236 0.0770787 0.0789189 0.0807040 0.0815448 0.0518054 0.0550478 0.0863779 0.0787570 0.0734601 0.0615200 0.0567025 0.0558507 0.0504484 0.0510497 0.0578922 0.0559791 0.0000000 0.0799100 0.0775791 0.0766458 
Peramelidae_Peroryctes_raffrayana            0.0800646 0.1009487 0.0707103 0.0903068 0.0905650 0.0945917 0.0782939 0.0795819 0.0889367 0.0202607 0.0797128 0.0921207 0.0958089 0.0802514 0.0885561 0.0950097 0.0938844 0.0887578 0.0153563 0.0754934 0.0894816 0.1157292 0.1072740 0.0873339 0.0945654 0.0804729 0.0877252 0.0810301 0.0814729 0.0948922 0.0933866 0.0799100 0.0000000 0.0936594 0.0199613 
Dasyuridae_Dasyurus_geffroii                 0.0766189 0.0933870 0.0629435 0.0878357 0.0905175 0.0083044 0.0729369 0.0782588 0.0880727 0.0932920 0.0759055 0.0228127 0.0319951 0.0777550 0.0823477 0.0219399 0.0088325 0.0276046 0.0935115 0.0742365 0.0816641 0.0966725 0.0979301 0.0185179 0.0867551 0.0675555 0.0809191 0.0767829 0.0766667 0.0860879 0.0861969 0.0775791 0.0936594 0.0000000 0.0914675 
Peramelidae_Perameles_gunnii                 0.0750233 0.0977276 0.0687816 0.0842522 0.0845224 0.0923881 0.0732248 0.0768502 0.0840282 0.0029458 0.0769209 0.0895499 0.0936190 0.0763106 0.0848285 0.0927749 0.0917468 0.0875551 0.0185521 0.0715012 0.0851693 0.1100070 0.1019409 0.0875630 0.0896053 0.0757047 0.0845359 0.0779811 0.0797379 0.0907415 0.0896137 0.0766458 0.0199613 0.0914675 0.0000000 
