35
Burramyidae_Burramys_parvus                  0.0000000 0.0555093 0.0503247 0.0520358 0.0500334 0.0670681 0.0339298 0.0458155 0.0464450 0.0673694 0.0412574 0.0676597 0.0728544 0.0447615 0.0420004 0.0671701 0.0724154 0.0558595 0.0675318 0.0453333 0.0435121 0.0753564 0.0718993 0.0677335 0.0493830 0.0545707 0.0440163 0.0429482 0.0447115 0.0498039 0.0421325 0.0496421 0.0651999 0.0657391 0.0667734 
Notoryctidae_Notoryctes_typhlops             0.0555093 0.0000000 0.0547936 0.0629395 0.0600628 0.0627078 0.0483785 0.0550785 0.0601912 0.0667334 0.0532261 0.0613633 0.0723002 0.0578135 0.0540342 0.0611475 0.0754759 0.0509871 0.0665604 0.0614689 0.0570850 0.0881370 0.0696740 0.0597793 0.0604622 0.0504317 0.0627726 0.0592533 0.0571716 0.0679961 0.0531827 0.0704320 0.0664676 0.0595175 0.0657802 
Vombatidae_Lasiorhinus_latifrons             0.0503247 0.0547936 0.0000000 0.0562366 0.0589004 0.0581555 0.0471188 0.0563542 0.0574713 0.0659311 0.0544061 0.0548191 0.0617417 0.0587434 0.0520770 0.0545915 0.0698980 0.0571732 0.0648575 0.0601135 0.0525910 0.0920275 0.0720626 0.0552624 0.0564405 0.0571169 0.0503186 0.0575399 0.0516032 0.0632291 0.0513980 0.0693850 0.0626151 0.0543379 0.0647690 
Potoroidae_Bettongia_penicillata             0.0520358 0.0629395 0.0562366 0.0000000 0.0061844 0.0766718 0.0499932 0.0593473 0.0119222 0.0820985 0.0592944 0.0757873 0.0836835 0.0634570 0.0550236 0.0735436 0.0913698 0.0656855 0.0807483 0.0223477 0.0504584 0.0978209 0.0790044 0.0761231 0.0461648 0.0682010 0.0567557 0.0223529 0.0519342 0.0721631 0.0559943 0.0734521 0.0795215 0.0729512 0.0808633 
Potoroidae_Bettongia_lesueur                 0.0500334 0.0600628 0.0589004 0.0061844 0.0000000 0.0790189 0.0465512 0.0561271 0.0133085 0.0779424 0.0559029 0.0790588 0.0854436 0.0601180 0.0530039 0.0767879 0.0952633 0.0637060 0.0770653 0.0204220 0.0498403 0.0926012 0.0771062 0.0792191 0.0499151 0.0620040 0.0525419 0.0204043 0.0504505 0.0675224 0.0534704 0.0701174 0.0757351 0.0759081 0.0767307 
Dasyuridae_Dasyurus_maculatus                0.0670681 0.0627078 0.0581555 0.0766718 0.0790189 0.0000000 0.0634487 0.0716768 0.0744067 0.0800666 0.0678995 0.0142574 0.0221989 0.0706139 0.0665516 0.0127501 0.0035350 0.0191781 0.0735140 0.0762502 0.0692110 0.0988145 0.0856560 0.0130586 0.0710384 0.0660201 0.0704855 0.0730083 0.0717162 0.0804540 0.0686856 0.0824169 0.0757500 0.0043255 0.0787166 
Phalangeridae_Trichosurus_vulpecula          0.0339298 0.0483785 0.0471188 0.0499932 0.0465512 0.0634487 0.0000000 0.0200865 0.0448908 0.0626060 0.0189112 0.0617585 0.0673473 0.0217214 0.0387772 0.0606914 0.0760143 0.0527879 0.0623336 0.0430343 0.0391890 0.0825575 0.0668533 0.0611419 0.0478671 0.0524340 0.0424585 0.0429754 0.0383035 0.0481230 0.0382175 0.0324928 0.0606802 0.0614196 0.0620153 
Phalangeridae_Spilocuscus_maculatus          0.0458155 0.0550785 0.0563542 0.0593473 0.0561271 0.0716768 0.0200865 0.0000000 0.0536213 0.0737476 0.0114886 0.0708951 0.0769550 0.0148854 0.0475480 0.0695284 0.0817987 0.0582880 0.0723163 0.0512014 0.0475092 0.0893260 0.0759184 0.0695096 0.0561218 0.0640222 0.0529058 0.0511590 0.0493800 0.0584825 0.0490561 0.0250707 0.0699461 0.0690020 0.0731423 
Potoroidae_Aepyprymnus_rufescens             0.0464450 0.0601912 0.0574713 0.0119222 0.0133085 0.0744067 0.0448908 0.0536213 0.0000000 0.0758846 0.0531740 0.0743295 0.0825506 0.0566268 0.0482742 0.0723949 0.0889990 0.0646049 0.0744295 0.0174197 0.0472963 0.0927589 0.0765623 0.0758853 0.0440336 0.0652846 0.0519572 0.0174047 0.0479386 0.0651203 0.0487980 0.0661013 0.0725354 0.0714819 0.0746722 
Peramelidae_Perameles_nasuta                 0.0673694 0.0667334 0.0659311 0.0820985 0.0779424 0.0800666 0.0626060 0.0737476 0.0758846 0.0000000 0.0745791 0.0749578 0.0826590 0.0784258 0.0746475 0.0744673 0.0895786 0.0674857 0.0158465 0.0757813 0.0696380 0.1043648 0.0908779 0.0750969 0.0743847 0.0649392 0.0717950 0.0732588 0.0679061 0.0846610 0.0710339 0.0910346 0.0134516 0.0762652 0.0013054 
Phalangeridae_Strigocuscus_pelengensis       0.0412574 0.0532261 0.0544061 0.0592944 0.0559029 0.0678995 0.0189112 0.0114886 0.0531740 0.0745791 0.0000000 0.0675383 0.0732695 0.0106113 0.0428167 0.0661087 0.0810073 0.0552363 0.0729055 0.0492617 0.0464321 0.0896264 0.0725500 0.0669025 0.0535270 0.0605116 0.0506947 0.0506118 0.0481826 0.0577144 0.0460965 0.0225119 0.0682288 0.0652776 0.0732675 
Dasyuridae_Phascogale_tapoatafa              0.0676597 0.0613633 0.0548191 0.0757873 0.0790588 0.0142574 0.0617585 0.0708951 0.0743295 0.0749578 0.0675383 0.0000000 0.0171976 0.0732898 0.0653470 0.0021738 0.0154688 0.0206123 0.0704960 0.0765753 0.0672484 0.1021533 0.0810885 0.0055068 0.0695610 0.0635302 0.0652921 0.0741777 0.0672538 0.0806185 0.0657264 0.0857750 0.0705839 0.0140549 0.0731717 
Dasyuridae_Sminthopsis_macroura              0.0728544 0.0723002 0.0617417 0.0836835 0.0854436 0.0221989 0.0673473 0.0769550 0.0825506 0.0826590 0.0732695 0.0171976 0.0000000 0.0768588 0.0720261 0.0161940 0.0232586 0.0252905 0.0792681 0.0820097 0.0745520 0.1085818 0.0919208 0.0160208 0.0787834 0.0707001 0.0730993 0.0801818 0.0752157 0.0867652 0.0731490 0.0882003 0.0788236 0.0221241 0.0813292 
Phalangeridae_Phalanger_orientalis           0.0447615 0.0578135 0.0587434 0.0634570 0.0601180 0.0706139 0.0217214 0.0148854 0.0566268 0.0784258 0.0106113 0.0732898 0.0768588 0.0000000 0.0499690 0.0718898 0.0818469 0.0602713 0.0772104 0.0532130 0.0511301 0.0891621 0.0768749 0.0721645 0.0559937 0.0651484 0.0530250 0.0534710 0.0536128 0.0577732 0.0494486 0.0214924 0.0741604 0.0704215 0.0771758 
Acrobatidae_Acrobates_pygmaeus               0.0420004 0.0540342 0.0520770 0.0550236 0.0530039 0.0665516 0.0387772 0.0475480 0.0482742 0.0746475 0.0428167 0.0653470 0.0720261 0.0499690 0.0000000 0.0645441 0.0810956 0.0523089 0.0712446 0.0491872 0.0414669 0.0870428 0.0702807 0.0647942 0.0492781 0.0596801 0.0448451 0.0475638 0.0410031 0.0569803 0.0270604 0.0592580 0.0686379 0.0628275 0.0737085 
Dasyuridae_Phascogale_calura                 0.0671701 0.0611475 0.0545915 0.0735436 0.0767879 0.0127501 0.0606914 0.0695284 0.0723949 0.0744673 0.0661087 0.0021738 0.0161940 0.0718898 0.0645441 0.0000000 0.0133301 0.0191618 0.0700090 0.0751950 0.0661812 0.1000891 0.0799792 0.0046204 0.0685042 0.0621618 0.0644277 0.0725155 0.0658759 0.0783088 0.0640964 0.0842755 0.0700963 0.0126912 0.0726818 
Dasyuridae_Sarcophilus_harrisii              0.0724154 0.0754759 0.0698980 0.0913698 0.0952633 0.0035350 0.0760143 0.0817987 0.0889990 0.0895786 0.0810073 0.0154688 0.0232586 0.0818469 0.0810956 0.0133301 0.0000000 0.0232452 0.0800708 0.0917492 0.0810141 0.1000585 0.1014270 0.0137297 0.0871082 0.0758123 0.0795740 0.0883718 0.0820285 0.0804539 0.0811536 0.0787855 0.0822578 0.0049315 0.0870755 
Dasyuridae_Planigale_tenuirostris            0.0558595 0.0509871 0.0571732 0.0656855 0.0637060 0.0191781 0.0527879 0.0582880 0.0646049 0.0674857 0.0552363 0.0206123 0.0252905 0.0602713 0.0523089 0.0191618 0.0232452 0.0000000 0.0649218 0.0632224 0.0575498 0.0912691 0.0728539 0.0197351 0.0638144 0.0532205 0.0626695 0.0604496 0.0602108 0.0736293 0.0545859 0.0733743 0.0636992 0.0186416 0.0656473 
Peramelidae_Echymipera_kalubu                0.0675318 0.0665604 0.0648575 0.0807483 0.0770653 0.0735140 0.0623336 0.0723163 0.0744295 0.0158465 0.0729055 0.0704960 0.0792681 0.0772104 0.0712446 0.0700090 0.0800708 0.0649218 0.0000000 0.0752581 0.0694540 0.0984121 0.0879581 0.0700363 0.0713792 0.0648579 0.0731710 0.0732946 0.0674456 0.0826299 0.0688965 0.0896624 0.0118792 0.0708250 0.0149068 
Macropodidae_Dorcopsulus_vanheurni           0.0453333 0.0614689 0.0601135 0.0223477 0.0204220 0.0762502 0.0430343 0.0512014 0.0174197 0.0757813 0.0492617 0.0765753 0.0820097 0.0532130 0.0491872 0.0751950 0.0917492 0.0632224 0.0752581 0.0000000 0.0457036 0.0887012 0.0723945 0.0762237 0.0463316 0.0652241 0.0490358 0.0053044 0.0446960 0.0623674 0.0488483 0.0618620 0.0726545 0.0734221 0.0745746 
Pseudochiridae_Pseudochirulus_forbesi        0.0435121 0.0570850 0.0525910 0.0504584 0.0498403 0.0692110 0.0391890 0.0475092 0.0472963 0.0696380 0.0464321 0.0672484 0.0745520 0.0511301 0.0414669 0.0661812 0.0810141 0.0575498 0.0694540 0.0457036 0.0000000 0.0942073 0.0722168 0.0667305 0.0534707 0.0604921 0.0282937 0.0427389 0.0126565 0.0495588 0.0415522 0.0603153 0.0671990 0.0648129 0.0690403 
Didelphidae_Didelphis_virginiana             0.0753564 0.0881370 0.0920275 0.0978209 0.0926012 0.0988145 0.0825575 0.0893260 0.0927589 0.1043648 0.0896264 0.1021533 0.1085818 0.0891621 0.0870428 0.1000891 0.1000585 0.0912691 0.0984121 0.0887012 0.0942073 0.0000000 0.0351711 0.1041428 0.1040404 0.0860200 0.0910412 0.0866507 0.0953786 0.0889438 0.0889884 0.0896723 0.0965775 0.0996982 0.1034668 
Marmosidae_Monodelphis_domestica             0.0718993 0.0696740 0.0720626 0.0790044 0.0771062 0.0856560 0.0668533 0.0759184 0.0765623 0.0908779 0.0725500 0.0810885 0.0919208 0.0768749 0.0702807 0.0799792 0.1014270 0.0728539 0.0879581 0.0723945 0.0722168 0.0351711 0.0000000 0.0814791 0.0835925 0.0783122 0.0775249 0.0710459 0.0735460 0.0889008 0.0725240 0.0894164 0.0857975 0.0808271 0.0902287 
Dasyuridae_Antechinus_stuartii               0.0677335 0.0597793 0.0552624 0.0761231 0.0792191 0.0130586 0.0611419 0.0695096 0.0758853 0.0750969 0.0669025 0.0055068 0.0160208 0.0721645 0.0647942 0.0046204 0.0137297 0.0197351 0.0700363 0.0762237 0.0667305 0.1041428 0.0814791 0.0000000 0.0710905 0.0625068 0.0659688 0.0739028 0.0669913 0.0807123 0.0657545 0.0849493 0.0721423 0.0127691 0.0732946 
Hypsiprymnodontidae_Hypsiprymnodon_moschatus 0.0493830 0.0604622 0.0564405 0.0461648 0.0499151 0.0710384 0.0478671 0.0561218 0.0440336 0.0743847 0.0535270 0.0695610 0.0787834 0.0559937 0.0492781 0.0685042 0.0871082 0.0638144 0.0713792 0.0463316 0.0534707 0.1040404 0.0835925 0.0710905 0.0000000 0.0675709 0.0602999 0.0449953 0.0549792 0.0736734 0.0507864 0.0670876 0.0712072 0.0694361 0.0731724 
Microbiotheriidae_Dromiciops_gliroides       0.0545707 0.0504317 0.0571169 0.0682010 0.0620040 0.0660201 0.0524340 0.0640222 0.0652846 0.0649392 0.0605116 0.0635302 0.0707001 0.0651484 0.0596801 0.0621618 0.0758123 0.0532205 0.0648579 0.0652241 0.0604921 0.0860200 0.0783122 0.0625068 0.0675709 0.0000000 0.0627146 0.0622064 0.0610102 0.0707726 0.0590466 0.0784567 0.0637474 0.0629034 0.0637284 
Pseudochiridae_Petauroides_volans            0.0440163 0.0627726 0.0503186 0.0567557 0.0525419 0.0704855 0.0424585 0.0529058 0.0519572 0.0717950 0.0506947 0.0652921 0.0730993 0.0530250 0.0448451 0.0644277 0.0795740 0.0626695 0.0731710 0.0490358 0.0282937 0.0910412 0.0775249 0.0659688 0.0602999 0.0627146 0.0000000 0.0470466 0.0280313 0.0533264 0.0429198 0.0629509 0.0697152 0.0684719 0.0711112 
Macropodidae_Wallabia_bicolor                0.0429482 0.0592533 0.0575399 0.0223529 0.0204043 0.0730083 0.0429754 0.0511590 0.0174047 0.0732588 0.0506118 0.0741777 0.0801818 0.0534710 0.0475638 0.0725155 0.0883718 0.0604496 0.0732946 0.0053044 0.0427389 0.0866507 0.0710459 0.0739028 0.0449953 0.0622064 0.0470466 0.0000000 0.0422765 0.0623772 0.0467221 0.0629941 0.0698594 0.0699058 0.0720285 
Pseudochiridae_Pseudocheirus_occidentalis    0.0447115 0.0571716 0.0516032 0.0519342 0.0504505 0.0717162 0.0383035 0.0493800 0.0479386 0.0679061 0.0481826 0.0672538 0.0752157 0.0536128 0.0410031 0.0658759 0.0820285 0.0602108 0.0674456 0.0446960 0.0126565 0.0953786 0.0735460 0.0669913 0.0549792 0.0610102 0.0280313 0.0422765 0.0000000 0.0483343 0.0405442 0.0630684 0.0654963 0.0664853 0.0673140 
Tarsipedidae_Tarsipes_rostratus              0.0498039 0.0679961 0.0632291 0.0721631 0.0675224 0.0804540 0.0481230 0.0584825 0.0651203 0.0846610 0.0577144 0.0806185 0.0867652 0.0577732 0.0569803 0.0783088 0.0804539 0.0736293 0.0826299 0.0623674 0.0495588 0.0889438 0.0889008 0.0807123 0.0736734 0.0707726 0.0533264 0.0623772 0.0483343 0.0000000 0.0582021 0.0572062 0.0810432 0.0822074 0.0838136 
Acrobatidae_Distoechurus_pennatus            0.0421325 0.0531827 0.0513980 0.0559943 0.0534704 0.0686856 0.0382175 0.0490561 0.0487980 0.0710339 0.0460965 0.0657264 0.0731490 0.0494486 0.0270604 0.0640964 0.0811536 0.0545859 0.0688965 0.0488483 0.0415522 0.0889884 0.0725240 0.0657545 0.0507864 0.0590466 0.0429198 0.0467221 0.0405442 0.0582021 0.0000000 0.0585521 0.0674926 0.0638795 0.0704036 
Phalangeridae_Phalanger_carmelitae           0.0496421 0.0704320 0.0693850 0.0734521 0.0701174 0.0824169 0.0324928 0.0250707 0.0661013 0.0910346 0.0225119 0.0857750 0.0882003 0.0214924 0.0592580 0.0842755 0.0787855 0.0733743 0.0896624 0.0618620 0.0603153 0.0896723 0.0894164 0.0849493 0.0670876 0.0784567 0.0629509 0.0629941 0.0630684 0.0572062 0.0585521 0.0000000 0.0860607 0.0830036 0.0896817 
Peramelidae_Peroryctes_raffrayana            0.0651999 0.0664676 0.0626151 0.0795215 0.0757351 0.0757500 0.0606802 0.0699461 0.0725354 0.0134516 0.0682288 0.0705839 0.0788236 0.0741604 0.0686379 0.0700963 0.0822578 0.0636992 0.0118792 0.0726545 0.0671990 0.0965775 0.0857975 0.0721423 0.0712072 0.0637474 0.0697152 0.0698594 0.0654963 0.0810432 0.0674926 0.0860607 0.0000000 0.0701459 0.0120737 
Dasyuridae_Dasyurus_geffroii                 0.0657391 0.0595175 0.0543379 0.0729512 0.0759081 0.0043255 0.0614196 0.0690020 0.0714819 0.0762652 0.0652776 0.0140549 0.0221241 0.0704215 0.0628275 0.0126912 0.0049315 0.0186416 0.0708250 0.0734221 0.0648129 0.0996982 0.0808271 0.0127691 0.0694361 0.0629034 0.0684719 0.0699058 0.0664853 0.0822074 0.0638795 0.0830036 0.0701459 0.0000000 0.0744760 
Peramelidae_Perameles_gunnii                 0.0667734 0.0657802 0.0647690 0.0808633 0.0767307 0.0787166 0.0620153 0.0731423 0.0746722 0.0013054 0.0732675 0.0731717 0.0813292 0.0771758 0.0737085 0.0726818 0.0870755 0.0656473 0.0149068 0.0745746 0.0690403 0.1034668 0.0902287 0.0732946 0.0731724 0.0637284 0.0711112 0.0720285 0.0673140 0.0838136 0.0704036 0.0896817 0.0120737 0.0744760 0.0000000 
