37
Burramyidae_Burramys_parvus                  0.0000000 0.0550527 0.0404967 0.0664476 0.0641228 0.0669367 0.0397686 0.0337465 0.0640974 0.0580066 0.0999092 0.0325087 0.0711897 0.0715749 0.0415443 0.0347320 0.0709955 0.0688507 0.0517570 0.0318983 0.0624804 0.0579009 0.0551406 0.0417273 0.0343231 0.0528950 0.0371741 0.0559285 0.0368469 0.0999092 0.0390127 0.0558908 0.0697946 0.0594230 0.0674732 0.0554325 0.0727626 
Notoryctidae_Notoryctes_typhlops             0.0550527 0.0000000 0.0659054 0.0949311 0.0911838 0.0852489 0.0689428 0.0624038 0.0892442 0.0774946 0.1710288 0.0574369 0.0893676 0.0910599 0.0728905 0.0594448 0.0871303 0.0880845 0.0809571 0.0569867 0.0836627 0.0792441 0.0827180 0.0613948 0.0601313 0.0803135 0.0763033 0.0841851 0.0640221 0.1710288 0.0687475 0.0704037 0.0900308 0.0787424 0.0853082 0.0680091 0.0881566 
Vombatidae_Lasiorhinus_latifrons             0.0404967 0.0659054 0.0000000 0.0729704 0.0699337 0.0740628 0.0521441 0.0446646 0.0719618 0.0641624 0.1008545 0.0446154 0.0799173 0.0822165 0.0555781 0.0480548 0.0783233 0.0771250 0.0588080 0.0372626 0.0685273 0.0631403 0.0624011 0.0470783 0.0429788 0.0604095 0.0477874 0.0669224 0.0494273 0.1008545 0.0496978 0.0581140 0.0775851 0.0658452 0.0744903 0.0573257 0.0812036 
Potoroidae_Bettongia_penicillata             0.0664476 0.0949311 0.0729704 0.0000000 0.0080657 0.1019140 0.0761245 0.0683015 0.0284907 0.0869278 0.1012080 0.0711700 0.1073775 0.1134409 0.0792917 0.0723144 0.1076070 0.1031161 0.0361952 0.0660081 0.0982426 0.0946867 0.0579104 0.0774895 0.0681513 0.0341174 0.0507094 0.0827051 0.0721769 0.1012080 0.0762070 0.0849990 0.1050154 0.0890437 0.1068136 0.0851622 0.1123321 
Potoroidae_Bettongia_lesueur                 0.0641228 0.0911838 0.0699337 0.0080657 0.0000000 0.0991364 0.0739723 0.0654811 0.0251230 0.0855065 0.1174414 0.0676750 0.1048748 0.1102986 0.0763996 0.0696484 0.1050385 0.1003036 0.0332556 0.0628821 0.0947299 0.0898330 0.0557182 0.0763346 0.0660963 0.0312891 0.0522565 0.0799042 0.0695402 0.1174414 0.0727364 0.0835390 0.1021411 0.0878863 0.1035878 0.0840144 0.1095383 
Dasyuridae_Dasyurus_maculatus                0.0669367 0.0852489 0.0740628 0.1019140 0.0991364 0.0000000 0.0775099 0.0697591 0.0987262 0.0815728 0.0727601 0.0659596 0.0145842 0.0283279 0.0791766 0.0731822 0.0138263 0.0050786 0.0820623 0.0655979 0.0866866 0.0818522 0.0886527 0.0697471 0.0698073 0.0823297 0.1039816 0.0939868 0.0765773 0.0727601 0.0760922 0.0773719 0.0044817 0.0827868 0.0247900 0.0779931 0.0155084 
Phalangeridae_Trichosurus_vulpecula          0.0397686 0.0689428 0.0521441 0.0761245 0.0739723 0.0775099 0.0000000 0.0236508 0.0747405 0.0688778 0.1008100 0.0247827 0.0819890 0.0859221 0.0320679 0.0473872 0.0836530 0.0796146 0.0620577 0.0418972 0.0742427 0.0703174 0.0679562 0.0536552 0.0453103 0.0643099 0.0411936 0.0650105 0.0524120 0.1008100 0.0286093 0.0654933 0.0815836 0.0708679 0.0831377 0.0648117 0.0864715 
Phalangeridae_Spilocuscus_maculatus          0.0337465 0.0624038 0.0446646 0.0683015 0.0654811 0.0697591 0.0236508 0.0000000 0.0651894 0.0631016 0.0746430 0.0083578 0.0721624 0.0756969 0.0171225 0.0425169 0.0719673 0.0709450 0.0530688 0.0351175 0.0689869 0.0646287 0.0595634 0.0474025 0.0375488 0.0556407 0.0417360 0.0596724 0.0449225 0.0746430 0.0120675 0.0585311 0.0729056 0.0644985 0.0712713 0.0580521 0.0745594 
Potoroidae_Aepyprymnus_rufescens             0.0640974 0.0892442 0.0719618 0.0284907 0.0251230 0.0987262 0.0747405 0.0651894 0.0000000 0.0899825 0.1466857 0.0681743 0.1046443 0.1107234 0.0772269 0.0705894 0.1048382 0.1003213 0.0298243 0.0644547 0.0968940 0.0923013 0.0560817 0.0749794 0.0675888 0.0291434 0.0675855 0.0854177 0.0692348 0.1466857 0.0730526 0.0873127 0.1018861 0.0920402 0.1033124 0.0875251 0.1078290 
Peramelidae_Perameles_nasuta                 0.0580066 0.0774946 0.0641624 0.0869278 0.0855065 0.0815728 0.0688778 0.0631016 0.0899825 0.0000000 0.1033817 0.0534035 0.0855650 0.0858993 0.0679172 0.0617842 0.0864411 0.0817452 0.0774155 0.0596053 0.0753549 0.0738673 0.0781015 0.0616088 0.0629011 0.0775923 0.0817368 0.0803372 0.0631364 0.1033817 0.0689164 0.0178025 0.0847470 0.0005847 0.0811574 0.0168273 0.0866746 
Myrmecobiidae_Myrmecobius_fasciatus1         0.0999092 0.1710288 0.1008545 0.1012080 0.1174414 0.0727601 0.1008100 0.0746430 0.1466857 0.1033817 0.0000000 0.1057798 0.0727601 0.0532797 0.1188936 0.1530112 0.0512347 0.0446441 0.1174414 0.0595361 0.1813580 0.2360889 0.1466857 0.1123268 0.0746430 0.1174414 0.0576290 0.0891720 0.1186581 0.0000010 0.1188936 0.0720868 0.0727601 0.1033817 9.0000000 9.0000000 9.0000000 
Phalangeridae_Strigocuscus_pelengensis       0.0325087 0.0574369 0.0446154 0.0711700 0.0676750 0.0659596 0.0247827 0.0083578 0.0681743 0.0534035 0.1057798 0.0000000 0.0674301 0.0719769 0.0086507 0.0401492 0.0678652 0.0675932 0.0546985 0.0348459 0.0596180 0.0520973 0.0567264 0.0446102 0.0361082 0.0552194 0.0412494 0.0619985 0.0424082 0.1057798 0.0092862 0.0540250 0.0685147 0.0551449 0.0692004 0.0540168 0.0711785 
Dasyuridae_Phascogale_tapoatafa              0.0711897 0.0893676 0.0799173 0.1073775 0.1048748 0.0145842 0.0819890 0.0721624 0.1046443 0.0855650 0.0727601 0.0674301 0.0000000 0.0280222 0.0820204 0.0778691 0.0014989 0.0137030 0.0869474 0.0714100 0.0893425 0.0852447 0.0928549 0.0721269 0.0733039 0.0875408 0.1115385 0.0980094 0.0805925 0.0727601 0.0784894 0.0818677 0.0155624 0.0867363 0.0244449 0.0840202 0.0087347 
Dasyuridae_Sminthopsis_macroura              0.0715749 0.0910599 0.0822165 0.1134409 0.1102986 0.0283279 0.0859221 0.0756969 0.1107234 0.0858993 0.0532797 0.0719769 0.0280222 0.0000000 0.0857601 0.0797968 0.0279726 0.0280821 0.0932767 0.0721464 0.0916683 0.0886888 0.0969889 0.0757053 0.0771658 0.0925256 0.1130463 0.0972431 0.0837436 0.0532797 0.0821141 0.0837046 0.0294856 0.0874001 0.0228945 0.0867420 0.0314147 
Phalangeridae_Phalanger_orientalis           0.0415443 0.0728905 0.0555781 0.0792917 0.0763996 0.0791766 0.0320679 0.0171225 0.0772269 0.0679172 0.1188936 0.0086507 0.0820204 0.0857601 0.0000000 0.0510873 0.0831631 0.0811961 0.0635548 0.0442923 0.0726061 0.0693316 0.0682460 0.0571288 0.0474753 0.0650266 0.0571895 0.0690191 0.0520780 0.1188936 0.0100211 0.0698500 0.0822846 0.0695572 0.0820959 0.0691865 0.0863215 
Acrobatidae_Acrobates_pygmaeus               0.0347320 0.0594448 0.0480548 0.0723144 0.0696484 0.0731822 0.0473872 0.0425169 0.0705894 0.0617842 0.1530112 0.0401492 0.0778691 0.0797968 0.0510873 0.0000000 0.0774834 0.0755121 0.0586507 0.0341259 0.0708535 0.0653641 0.0614556 0.0483993 0.0388590 0.0583237 0.0458924 0.0585952 0.0264366 0.1530112 0.0472667 0.0588413 0.0756608 0.0634227 0.0745486 0.0568676 0.0784871 
Dasyuridae_Phascogale_calura                 0.0709955 0.0871303 0.0783233 0.1076070 0.1050385 0.0138263 0.0836530 0.0719673 0.1048382 0.0864411 0.0512347 0.0678652 0.0014989 0.0279726 0.0831631 0.0774834 0.0000000 0.0132518 0.0870322 0.0715999 0.0893908 0.0852037 0.0921906 0.0726329 0.0731594 0.0868805 0.1141198 0.0992956 0.0813463 0.0512347 0.0787838 0.0821418 0.0148861 0.0876314 0.0255075 0.0844865 0.0084262 
Dasyuridae_Sarcophilus_harrisii              0.0688507 0.0880845 0.0771250 0.1031161 0.1003036 0.0050786 0.0796146 0.0709450 0.1003213 0.0817452 0.0446441 0.0675932 0.0137030 0.0280821 0.0811961 0.0755121 0.0132518 0.0000000 0.0835591 0.0678578 0.0880165 0.0831429 0.0894807 0.0709156 0.0713651 0.0838128 0.1079754 0.0960812 0.0782368 0.0446441 0.0776833 0.0767604 0.0063208 0.0829608 0.0258471 0.0789029 0.0152276 
Macropodidae_Dorcopsulus_vanheurni           0.0517570 0.0809571 0.0588080 0.0361952 0.0332556 0.0820623 0.0620577 0.0530688 0.0298243 0.0774155 0.1174414 0.0546985 0.0869474 0.0932767 0.0635548 0.0586507 0.0870322 0.0835591 0.0000000 0.0515395 0.0804303 0.0765466 0.0460625 0.0622647 0.0566858 0.0076460 0.0580559 0.0731745 0.0577938 0.1174414 0.0604978 0.0740839 0.0862898 0.0798479 0.0842709 0.0738951 0.0904542 
Pseudochiridae_Pseudochirulus_forbesi        0.0318983 0.0569867 0.0372626 0.0660081 0.0628821 0.0655979 0.0418972 0.0351175 0.0644547 0.0596053 0.0595361 0.0348459 0.0714100 0.0721464 0.0442923 0.0341259 0.0715999 0.0678578 0.0515395 0.0000000 0.0617366 0.0579330 0.0514107 0.0404349 0.0210769 0.0513325 0.0130607 0.0469169 0.0367926 0.0595361 0.0407246 0.0543413 0.0673145 0.0606489 0.0696210 0.0559954 0.0757030 
Didelphidae_Didelphis_virginiana             0.0624804 0.0836627 0.0685273 0.0982426 0.0947299 0.0866866 0.0742427 0.0689869 0.0968940 0.0753549 0.1813580 0.0596180 0.0893425 0.0916683 0.0726061 0.0708535 0.0893908 0.0880165 0.0804303 0.0617366 0.0000000 0.0219965 0.0852171 0.0640627 0.0616460 0.0816357 0.0820067 0.0815357 0.0714732 0.1813580 0.0751175 0.0707554 0.0891104 0.0758785 0.0830476 0.0693362 0.0898333 
Marmosidae_Monodelphis_domestica             0.0579009 0.0792441 0.0631403 0.0946867 0.0898330 0.0818522 0.0703174 0.0646287 0.0923013 0.0738673 0.2360889 0.0520973 0.0852447 0.0886888 0.0693316 0.0653641 0.0852037 0.0831429 0.0765466 0.0579330 0.0219965 0.0000000 0.0802810 0.0602824 0.0582082 0.0785736 0.0787320 0.0787060 0.0674858 0.2360889 0.0710391 0.0709211 0.0850104 0.0747719 0.0797058 0.0674342 0.0859106 
Hypsiprymnodontidae_Hypsiprymnodon_moschatus 0.0551406 0.0827180 0.0624011 0.0579104 0.0557182 0.0886527 0.0679562 0.0595634 0.0560817 0.0781015 0.1466857 0.0567264 0.0928549 0.0969889 0.0682460 0.0614556 0.0921906 0.0894807 0.0460625 0.0514107 0.0852171 0.0802810 0.0000000 0.0661480 0.0567786 0.0438716 0.0566238 0.0789058 0.0595948 0.1466857 0.0655930 0.0777445 0.0926254 0.0797333 0.0906276 0.0772831 0.0969998 
Microbiotheriidae_Dromiciops_gliroides       0.0417273 0.0613948 0.0470783 0.0774895 0.0763346 0.0697471 0.0536552 0.0474025 0.0749794 0.0616088 0.1123268 0.0446102 0.0721269 0.0757053 0.0571288 0.0483993 0.0726329 0.0709156 0.0622647 0.0404349 0.0640627 0.0602824 0.0661480 0.0000000 0.0439655 0.0629735 0.0512976 0.0658885 0.0486915 0.1123268 0.0539578 0.0565129 0.0719983 0.0626397 0.0673642 0.0554821 0.0735624 
Pseudochiridae_Petauroides_volans            0.0343231 0.0601313 0.0429788 0.0681513 0.0660963 0.0698073 0.0453103 0.0375488 0.0675888 0.0629011 0.0746430 0.0361082 0.0733039 0.0771658 0.0474753 0.0388590 0.0731594 0.0713651 0.0566858 0.0210769 0.0616460 0.0582082 0.0567786 0.0439655 0.0000000 0.0574257 0.0280579 0.0515296 0.0405246 0.0746430 0.0435193 0.0581366 0.0710959 0.0638754 0.0709258 0.0594598 0.0766149 
Macropodidae_Wallabia_bicolor                0.0528950 0.0803135 0.0604095 0.0341174 0.0312891 0.0823297 0.0643099 0.0556407 0.0291434 0.0775923 0.1174414 0.0552194 0.0875408 0.0925256 0.0650266 0.0583237 0.0868805 0.0838128 0.0076460 0.0513325 0.0816357 0.0785736 0.0438716 0.0629735 0.0574257 0.0000000 0.0545113 0.0721647 0.0571579 0.1174414 0.0615980 0.0750292 0.0862201 0.0800277 0.0831453 0.0742364 0.0898541 
Pseudochiridae_Pseudocheirus_occidentalis    0.0371741 0.0763033 0.0477874 0.0507094 0.0522565 0.1039816 0.0411936 0.0417360 0.0675855 0.0817368 0.0576290 0.0412494 0.1115385 0.1130463 0.0571895 0.0458924 0.1141198 0.1079754 0.0580559 0.0130607 0.0820067 0.0787320 0.0566238 0.0512976 0.0280579 0.0545113 0.0000000 0.0390099 0.0456517 0.0576290 0.0501924 0.0719646 0.1068082 0.0807929 0.1133411 0.0715395 0.1229588 
Tarsipedidae_Tarsipes_rostratus              0.0559285 0.0841851 0.0669224 0.0827051 0.0799042 0.0939868 0.0650105 0.0596724 0.0854177 0.0803372 0.0891720 0.0619985 0.0980094 0.0972431 0.0690191 0.0585952 0.0992956 0.0960812 0.0731745 0.0469169 0.0815357 0.0787060 0.0789058 0.0658885 0.0515296 0.0721647 0.0390099 0.0000000 0.0614239 0.0891720 0.0655647 0.0750647 0.0970065 0.0819421 0.0953987 0.0765957 0.1000378 
Acrobatidae_Distoechurus_pennatus            0.0368469 0.0640221 0.0494273 0.0721769 0.0695402 0.0765773 0.0524120 0.0449225 0.0692348 0.0631364 0.1186581 0.0424082 0.0805925 0.0837436 0.0520780 0.0264366 0.0813463 0.0782368 0.0577938 0.0367926 0.0714732 0.0674858 0.0595948 0.0486915 0.0405246 0.0571579 0.0456517 0.0614239 0.0000000 0.1186581 0.0493279 0.0603408 0.0797751 0.0648279 0.0752241 0.0592272 0.0810374 
Myrmecobiidae_Myrmecobius_fasciatus2         0.0999092 0.1710288 0.1008545 0.1012080 0.1174414 0.0727601 0.1008100 0.0746430 0.1466857 0.1033817 0.0000010 0.1057798 0.0727601 0.0532797 0.1188936 0.1530112 0.0512347 0.0446441 0.1174414 0.0595361 0.1813580 0.2360889 0.1466857 0.1123268 0.0746430 0.1174414 0.0576290 0.0891720 0.1186581 0.0000000 0.1188936 0.0720868 0.0727601 0.1033817 9.0000000 9.0000000 9.0000000 
Phalangeridae_Phalanger_carmelitae           0.0390127 0.0687475 0.0496978 0.0762070 0.0727364 0.0760922 0.0286093 0.0120675 0.0730526 0.0689164 0.1188936 0.0092862 0.0784894 0.0821141 0.0100211 0.0472667 0.0787838 0.0776833 0.0604978 0.0407246 0.0751175 0.0710391 0.0655930 0.0539578 0.0435193 0.0615980 0.0501924 0.0655647 0.0493279 0.1188936 0.0000000 0.0647654 0.0792356 0.0709416 0.0776000 0.0647768 0.0813245 
Peramelidae_Peroryctes_raffrayana            0.0558908 0.0704037 0.0581140 0.0849990 0.0835390 0.0773719 0.0654933 0.0585311 0.0873127 0.0178025 0.0720868 0.0540250 0.0818677 0.0837046 0.0698500 0.0588413 0.0821418 0.0767604 0.0740839 0.0543413 0.0707554 0.0709211 0.0777445 0.0565129 0.0581366 0.0750292 0.0719646 0.0750647 0.0603408 0.0720868 0.0647654 0.0000000 0.0804801 0.0173372 0.0773628 0.0076129 0.0839000 
Dasyuridae_Dasyurus_geffroii                 0.0697946 0.0900308 0.0775851 0.1050154 0.1021411 0.0044817 0.0815836 0.0729056 0.1018861 0.0847470 0.0727601 0.0685147 0.0155624 0.0294856 0.0822846 0.0756608 0.0148861 0.0063208 0.0862898 0.0673145 0.0891104 0.0850104 0.0926254 0.0719983 0.0710959 0.0862201 0.1068082 0.0970065 0.0797751 0.0727601 0.0792356 0.0804801 0.0000000 0.0858860 0.0262025 0.0804384 0.0166173 
Peramelidae_Perameles_gunnii                 0.0594230 0.0787424 0.0658452 0.0890437 0.0878863 0.0827868 0.0708679 0.0644985 0.0920402 0.0005847 0.1033817 0.0551449 0.0867363 0.0874001 0.0695572 0.0634227 0.0876314 0.0829608 0.0798479 0.0606489 0.0758785 0.0747719 0.0797333 0.0626397 0.0638754 0.0800277 0.0807929 0.0819421 0.0648279 0.1033817 0.0709416 0.0173372 0.0858860 0.0000000 0.0825403 0.0159653 0.0883665 
Dasyuridae_Planigale_tenuirostris            0.0674732 0.0853082 0.0744903 0.1068136 0.1035878 0.0247900 0.0831377 0.0712713 0.1033124 0.0811574 9.0000000 0.0692004 0.0244449 0.0228945 0.0820959 0.0745486 0.0255075 0.0258471 0.0842709 0.0696210 0.0830476 0.0797058 0.0906276 0.0673642 0.0709258 0.0831453 0.1133411 0.0953987 0.0752241 9.0000000 0.0776000 0.0773628 0.0262025 0.0825403 0.0000000 0.0791698 0.0280962 
Peramelidae_Echymipera_kalubu                0.0554325 0.0680091 0.0573257 0.0851622 0.0840144 0.0779931 0.0648117 0.0580521 0.0875251 0.0168273 9.0000000 0.0540168 0.0840202 0.0867420 0.0691865 0.0568676 0.0844865 0.0789029 0.0738951 0.0559954 0.0693362 0.0674342 0.0772831 0.0554821 0.0594598 0.0742364 0.0715395 0.0765957 0.0592272 9.0000000 0.0647768 0.0076129 0.0804384 0.0159653 0.0791698 0.0000000 0.0855707 
Dasyuridae_Antechinus_stuartii               0.0727626 0.0881566 0.0812036 0.1123321 0.1095383 0.0155084 0.0864715 0.0745594 0.1078290 0.0866746 9.0000000 0.0711785 0.0087347 0.0314147 0.0863215 0.0784871 0.0084262 0.0152276 0.0904542 0.0757030 0.0898333 0.0859106 0.0969998 0.0735624 0.0766149 0.0898541 0.1229588 0.1000378 0.0810374 9.0000000 0.0813245 0.0839000 0.0166173 0.0883665 0.0280962 0.0855707 0.0000000 
