35
Burramyidae_Burramys_parvus                  0.0000000 0.0599997 0.0410125 0.0504320 0.0518259 0.0582968 0.0414838 0.0358463 0.0521004 0.0656352 0.0363237 0.0581431 0.0564789 0.0366886 0.0395661 0.0593651 0.0588594 0.0560221 0.0650105 0.0507390 0.0481749 0.0984156 0.0858259 0.0572300 0.0519077 0.0634111 0.0455833 0.0444500 0.0416507 0.0545741 0.0376767 0.0363360 0.0653096 0.0580217 0.0660584 
Notoryctidae_Notoryctes_typhlops             0.0599997 0.0000000 0.0584442 0.0749854 0.0756300 0.0732037 0.0592342 0.0595585 0.0763266 0.0695071 0.0618179 0.0721364 0.0718050 0.0599799 0.0634691 0.0726825 0.0729170 0.0717282 0.0705710 0.0747293 0.0749218 0.1031624 0.0917083 0.0717249 0.0759709 0.0733959 0.0704468 0.0689494 0.0647639 0.0771453 0.0581828 0.0591630 0.0702904 0.0726075 0.0699264 
Vombatidae_Lasiorhinus_latifrons             0.0410125 0.0584442 0.0000000 0.0517569 0.0531947 0.0577774 0.0404159 0.0411688 0.0545804 0.0651351 0.0428739 0.0591369 0.0575708 0.0406314 0.0420821 0.0591367 0.0598838 0.0572806 0.0650419 0.0533980 0.0520427 0.0916391 0.0874403 0.0574445 0.0563603 0.0603201 0.0499812 0.0476134 0.0460903 0.0578090 0.0404943 0.0396524 0.0665923 0.0581051 0.0655557 
Potoroidae_Bettongia_penicillata             0.0504320 0.0749854 0.0517569 0.0000000 0.0063088 0.0772808 0.0487757 0.0494290 0.0149028 0.0814120 0.0527538 0.0764561 0.0746686 0.0510211 0.0535632 0.0759752 0.0783348 0.0761714 0.0829463 0.0244386 0.0633731 0.1082493 0.0971906 0.0743197 0.0450149 0.0719295 0.0567736 0.0192362 0.0570573 0.0696802 0.0504716 0.0512059 0.0830890 0.0770094 0.0818139 
Potoroidae_Bettongia_lesueur                 0.0518259 0.0756300 0.0531947 0.0063088 0.0000000 0.0785436 0.0488226 0.0507855 0.0141167 0.0820147 0.0545238 0.0777442 0.0758854 0.0524088 0.0556403 0.0772163 0.0796175 0.0777542 0.0833007 0.0253767 0.0653196 0.1078747 0.0973864 0.0755392 0.0451661 0.0734329 0.0583149 0.0200487 0.0579301 0.0704888 0.0510476 0.0525946 0.0835056 0.0782684 0.0825447 
Dasyuridae_Dasyurus_maculatus                0.0582968 0.0732037 0.0577774 0.0772808 0.0785436 0.0000000 0.0571844 0.0592424 0.0782925 0.0771295 0.0596975 0.0185600 0.0241663 0.0582226 0.0608302 0.0193421 0.0083551 0.0235550 0.0761271 0.0743102 0.0702384 0.1047013 0.0957326 0.0177238 0.0741206 0.0742824 0.0688208 0.0693552 0.0634968 0.0756970 0.0551237 0.0583861 0.0798550 0.0037775 0.0778541 
Phalangeridae_Trichosurus_vulpecula          0.0414838 0.0592342 0.0404159 0.0487757 0.0488226 0.0571844 0.0000000 0.0228789 0.0476298 0.0634502 0.0232681 0.0671249 0.0543069 0.0232032 0.0384161 0.0591988 0.0577652 0.0549926 0.0628291 0.0484910 0.0480352 0.0785788 0.0802178 0.0580050 0.0512429 0.0600969 0.0414708 0.0437757 0.0411801 0.0446405 0.0463735 0.0229014 0.0651459 0.0574273 0.0635878 
Phalangeridae_Spilocuscus_maculatus          0.0358463 0.0595585 0.0411688 0.0494290 0.0507855 0.0592424 0.0228789 0.0000000 0.0507647 0.0643693 0.0116481 0.0600676 0.0574537 0.0102952 0.0405891 0.0594014 0.0586742 0.0576421 0.0631186 0.0495668 0.0481115 0.0984257 0.0863518 0.0578142 0.0535250 0.0597450 0.0439035 0.0435631 0.0416542 0.0514697 0.0392115 0.0097800 0.0643729 0.0589705 0.0644416 
Potoroidae_Aepyprymnus_rufescens             0.0521004 0.0763266 0.0545804 0.0149028 0.0141167 0.0782925 0.0476298 0.0507647 0.0000000 0.0829609 0.0523196 0.0781218 0.0752375 0.0507117 0.0543062 0.0776871 0.0790430 0.0773616 0.0841990 0.0258938 0.0657334 0.1100005 0.0999530 0.0769849 0.0449219 0.0746915 0.0593540 0.0221532 0.0587772 0.0696613 0.0517968 0.0508707 0.0839436 0.0774127 0.0833617 
Peramelidae_Perameles_nasuta                 0.0656352 0.0695071 0.0651351 0.0814120 0.0820147 0.0771295 0.0634502 0.0643693 0.0829609 0.0000000 0.0633965 0.0785503 0.0750037 0.0646538 0.0693413 0.0773421 0.0793516 0.0765759 0.0139246 0.0847617 0.0793540 0.1176702 0.1025031 0.0760877 0.0855365 0.0794956 0.0740641 0.0773823 0.0684332 0.0812106 0.0616955 0.0642279 0.0149942 0.0781379 0.0000010 
Phalangeridae_Strigocuscus_pelengensis       0.0363237 0.0618179 0.0428739 0.0527538 0.0545238 0.0596975 0.0232681 0.0116481 0.0523196 0.0633965 0.0000000 0.0615716 0.0583217 0.0099470 0.0418491 0.0602268 0.0594682 0.0583962 0.0618376 0.0528791 0.0494412 0.0985924 0.0890256 0.0593959 0.0542458 0.0624673 0.0459402 0.0465087 0.0419875 0.0512525 0.0372869 0.0096738 0.0642710 0.0593920 0.0634646 
Dasyuridae_Phascogale_tapoatafa              0.0581431 0.0721364 0.0591369 0.0764561 0.0777442 0.0185600 0.0671249 0.0600676 0.0781218 0.0785503 0.0615716 0.0000000 0.0233967 0.0601905 0.0620529 0.0070836 0.0196130 0.0236041 0.0768572 0.0750573 0.0700902 0.1064130 0.0958470 0.0103835 0.0765283 0.0760388 0.0691001 0.0701600 0.0641360 0.0775242 0.0631684 0.0594505 0.0804133 0.0177895 0.0792967 
Dasyuridae_Sminthopsis_macroura              0.0564789 0.0718050 0.0575708 0.0746686 0.0758854 0.0241663 0.0543069 0.0574537 0.0752375 0.0750037 0.0583217 0.0233967 0.0000000 0.0583427 0.0575153 0.0232908 0.0249484 0.0164929 0.0743601 0.0727847 0.0674791 0.1079906 0.0980045 0.0227188 0.0751542 0.0718075 0.0669886 0.0669049 0.0614085 0.0716429 0.0538804 0.0579230 0.0780558 0.0236534 0.0757302 
Phalangeridae_Phalanger_orientalis           0.0366886 0.0599799 0.0406314 0.0510211 0.0524088 0.0582226 0.0232032 0.0102952 0.0507117 0.0646538 0.0099470 0.0601905 0.0583427 0.0000000 0.0405925 0.0586191 0.0588755 0.0572757 0.0637175 0.0510650 0.0476009 0.0948371 0.0853151 0.0582022 0.0526842 0.0609894 0.0437002 0.0447362 0.0410375 0.0494939 0.0369308 0.0035391 0.0652689 0.0582310 0.0650411 
Acrobatidae_Acrobates_pygmaeus               0.0395661 0.0634691 0.0420821 0.0535632 0.0556403 0.0608302 0.0384161 0.0405891 0.0543062 0.0693413 0.0418491 0.0620529 0.0575153 0.0405925 0.0000000 0.0602762 0.0615396 0.0600164 0.0687186 0.0529390 0.0440099 0.0974480 0.0854656 0.0612817 0.0567742 0.0658641 0.0399410 0.0473397 0.0376621 0.0506351 0.0237205 0.0407903 0.0680213 0.0602575 0.0698863 
Dasyuridae_Phascogale_calura                 0.0593651 0.0726825 0.0591367 0.0759752 0.0772163 0.0193421 0.0591988 0.0594014 0.0776871 0.0773421 0.0602268 0.0070836 0.0232908 0.0586191 0.0602762 0.0000000 0.0201148 0.0231945 0.0757102 0.0748979 0.0700628 0.1053402 0.0960196 0.0103620 0.0769479 0.0752145 0.0690932 0.0695309 0.0640022 0.0769409 0.0547965 0.0584915 0.0797776 0.0183315 0.0780665 
Dasyuridae_Sarcophilus_harrisii              0.0588594 0.0729170 0.0598838 0.0783348 0.0796175 0.0083551 0.0577652 0.0586742 0.0790430 0.0793516 0.0594682 0.0196130 0.0249484 0.0588755 0.0615396 0.0201148 0.0000000 0.0257420 0.0783365 0.0753576 0.0712247 0.1060900 0.0963240 0.0184973 0.0748180 0.0755625 0.0691718 0.0703688 0.0632676 0.0773433 0.0553393 0.0584541 0.0814510 0.0078725 0.0801331 
Dasyuridae_Planigale_tenuirostris            0.0560221 0.0717282 0.0572806 0.0761714 0.0777542 0.0235550 0.0549926 0.0576421 0.0773616 0.0765759 0.0583962 0.0236041 0.0164929 0.0572757 0.0600164 0.0231945 0.0257420 0.0000000 0.0753340 0.0733726 0.0690289 0.1079526 0.0959428 0.0215673 0.0759994 0.0745327 0.0673924 0.0669197 0.0635584 0.0711637 0.0559586 0.0574892 0.0798341 0.0227341 0.0773835 
Peramelidae_Echymipera_kalubu                0.0650105 0.0705710 0.0650419 0.0829463 0.0833007 0.0761271 0.0628291 0.0631186 0.0841990 0.0139246 0.0618376 0.0768572 0.0743601 0.0637175 0.0687186 0.0757102 0.0783365 0.0753340 0.0000000 0.0835970 0.0768786 0.1165957 0.1032431 0.0744426 0.0853993 0.0796229 0.0732273 0.0778175 0.0680082 0.0828508 0.0612676 0.0632957 0.0141821 0.0764710 0.0138693 
Macropodidae_Dorcopsulus_vanheurni           0.0507390 0.0747293 0.0533980 0.0244386 0.0253767 0.0743102 0.0484910 0.0495668 0.0258938 0.0847617 0.0528791 0.0750573 0.0727847 0.0510650 0.0529390 0.0748979 0.0753576 0.0733726 0.0835970 0.0000000 0.0634238 0.1090138 0.0969092 0.0740660 0.0415214 0.0716906 0.0601255 0.0149627 0.0587018 0.0713396 0.0495361 0.0512511 0.0830058 0.0740377 0.0851645 
Pseudochiridae_Pseudochirulus_forbesi        0.0481749 0.0749218 0.0520427 0.0633731 0.0653196 0.0702384 0.0480352 0.0481115 0.0657334 0.0793540 0.0494412 0.0700902 0.0674791 0.0476009 0.0440099 0.0700628 0.0712247 0.0690289 0.0768786 0.0634238 0.0000000 0.1085891 0.0953637 0.0687614 0.0656183 0.0735489 0.0320891 0.0564055 0.0210632 0.0526424 0.0402759 0.0483481 0.0787609 0.0699584 0.0794227 
Didelphidae_Didelphis_virginiana             0.0984156 0.1031624 0.0916391 0.1082493 0.1078747 0.1047013 0.0785788 0.0984257 0.1100005 0.1176702 0.0985924 0.1064130 0.1079906 0.0948371 0.0974480 0.1053402 0.1060900 0.1079526 0.1165957 0.1090138 0.1085891 0.0000000 0.0407181 0.1045988 0.1142024 0.1078446 0.1049717 0.1033145 0.1030200 0.1070468 0.0783762 0.0946841 0.1183303 0.1055503 0.1180784 
Marmosidae_Monodelphis_domestica             0.0858259 0.0917083 0.0874403 0.0971906 0.0973864 0.0957326 0.0802178 0.0863518 0.0999530 0.1025031 0.0890256 0.0958470 0.0980045 0.0853151 0.0854656 0.0960196 0.0963240 0.0959428 0.1032431 0.0969092 0.0953637 0.0407181 0.0000000 0.0950294 0.1030793 0.0944081 0.0930939 0.0887204 0.0891104 0.0995995 0.0763269 0.0855392 0.1028349 0.0950249 0.1025351 
Dasyuridae_Antechinus_stuartii               0.0572300 0.0717249 0.0574445 0.0743197 0.0755392 0.0177238 0.0580050 0.0578142 0.0769849 0.0760877 0.0593959 0.0103835 0.0227188 0.0582022 0.0612817 0.0103620 0.0184973 0.0215673 0.0744426 0.0740660 0.0687614 0.1045988 0.0950294 0.0000000 0.0746487 0.0729695 0.0665058 0.0681413 0.0617674 0.0769728 0.0565602 0.0577999 0.0781154 0.0167052 0.0768190 
Hypsiprymnodontidae_Hypsiprymnodon_moschatus 0.0519077 0.0759709 0.0563603 0.0450149 0.0451661 0.0741206 0.0512429 0.0535250 0.0449219 0.0855365 0.0542458 0.0765283 0.0751542 0.0526842 0.0567742 0.0769479 0.0748180 0.0759994 0.0853993 0.0415214 0.0656183 0.1142024 0.1030793 0.0746487 0.0000000 0.0781771 0.0619223 0.0390085 0.0605802 0.0735172 0.0520753 0.0519164 0.0865429 0.0741706 0.0859352 
Microbiotheriidae_Dromiciops_gliroides       0.0634111 0.0733959 0.0603201 0.0719295 0.0734329 0.0742824 0.0600969 0.0597450 0.0746915 0.0794956 0.0624673 0.0760388 0.0718075 0.0609894 0.0658641 0.0752145 0.0755625 0.0745327 0.0796229 0.0716906 0.0735489 0.1078446 0.0944081 0.0729695 0.0781771 0.0000000 0.0700747 0.0654827 0.0660427 0.0765405 0.0568953 0.0614528 0.0795229 0.0730629 0.0800226 
Pseudochiridae_Petauroides_volans            0.0455833 0.0704468 0.0499812 0.0567736 0.0583149 0.0688208 0.0414708 0.0439035 0.0593540 0.0740641 0.0459402 0.0691001 0.0669886 0.0437002 0.0399410 0.0690932 0.0691718 0.0673924 0.0732273 0.0601255 0.0320891 0.1049717 0.0930939 0.0665058 0.0619223 0.0700747 0.0000000 0.0511183 0.0225988 0.0462039 0.0373726 0.0442183 0.0756915 0.0685410 0.0747969 
Macropodidae_Wallabia_bicolor                0.0444500 0.0689494 0.0476134 0.0192362 0.0200487 0.0693552 0.0437757 0.0435631 0.0221532 0.0773823 0.0465087 0.0701600 0.0669049 0.0447362 0.0473397 0.0695309 0.0703688 0.0669197 0.0778175 0.0149627 0.0564055 0.1033145 0.0887204 0.0681413 0.0390085 0.0654827 0.0511183 0.0000000 0.0510244 0.0621017 0.0439364 0.0449267 0.0770019 0.0690775 0.0777254 
Pseudochiridae_Pseudocheirus_occidentalis    0.0416507 0.0647639 0.0460903 0.0570573 0.0579301 0.0634968 0.0411801 0.0416542 0.0587772 0.0684332 0.0419875 0.0641360 0.0614085 0.0410375 0.0376621 0.0640022 0.0632676 0.0635584 0.0680082 0.0587018 0.0210632 0.1030200 0.0891104 0.0617674 0.0605802 0.0660427 0.0225988 0.0510244 0.0000000 0.0450099 0.0351406 0.0418775 0.0691786 0.0632586 0.0689656 
Tarsipedidae_Tarsipes_rostratus              0.0545741 0.0771453 0.0578090 0.0696802 0.0704888 0.0756970 0.0446405 0.0514697 0.0696613 0.0812106 0.0512525 0.0775242 0.0716429 0.0494939 0.0506351 0.0769409 0.0773433 0.0711637 0.0828508 0.0713396 0.0526424 0.1070468 0.0995995 0.0769728 0.0735172 0.0765405 0.0462039 0.0621017 0.0450099 0.0000000 0.0402190 0.0509407 0.0832498 0.0747903 0.0815524 
Acrobatidae_Distoechurus_pennatus            0.0376767 0.0581828 0.0404943 0.0504716 0.0510476 0.0551237 0.0463735 0.0392115 0.0517968 0.0616955 0.0372869 0.0631684 0.0538804 0.0369308 0.0237205 0.0547965 0.0553393 0.0559586 0.0612676 0.0495361 0.0402759 0.0783762 0.0763269 0.0565602 0.0520753 0.0568953 0.0373726 0.0439364 0.0351406 0.0402190 0.0000000 0.0379281 0.0621841 0.0553600 0.0621508 
Phalangeridae_Phalanger_carmelitae           0.0363360 0.0591630 0.0396524 0.0512059 0.0525946 0.0583861 0.0229014 0.0097800 0.0508707 0.0642279 0.0096738 0.0594505 0.0579230 0.0035391 0.0407903 0.0584915 0.0584541 0.0574892 0.0632957 0.0512511 0.0483481 0.0946841 0.0855392 0.0577999 0.0519164 0.0614528 0.0442183 0.0449267 0.0418775 0.0509407 0.0379281 0.0000000 0.0648408 0.0581155 0.0643008 
Peramelidae_Peroryctes_raffrayana            0.0653096 0.0702904 0.0665923 0.0830890 0.0835056 0.0798550 0.0651459 0.0643729 0.0839436 0.0149942 0.0642710 0.0804133 0.0780558 0.0652689 0.0680213 0.0797776 0.0814510 0.0798341 0.0141821 0.0830058 0.0787609 0.1183303 0.1028349 0.0781154 0.0865429 0.0795229 0.0756915 0.0770019 0.0691786 0.0832498 0.0621841 0.0648408 0.0000000 0.0796106 0.0149649 
Dasyuridae_Dasyurus_geffroii                 0.0580217 0.0726075 0.0581051 0.0770094 0.0782684 0.0037775 0.0574273 0.0589705 0.0774127 0.0781379 0.0593920 0.0177895 0.0236534 0.0582310 0.0602575 0.0183315 0.0078725 0.0227341 0.0764710 0.0740377 0.0699584 0.1055503 0.0950249 0.0167052 0.0741706 0.0730629 0.0685410 0.0690775 0.0632586 0.0747903 0.0553600 0.0581155 0.0796106 0.0000000 0.0788517 
Peramelidae_Perameles_gunnii                 0.0660584 0.0699264 0.0655557 0.0818139 0.0825447 0.0778541 0.0635878 0.0644416 0.0833617 0.0000010 0.0634646 0.0792967 0.0757302 0.0650411 0.0698863 0.0780665 0.0801331 0.0773835 0.0138693 0.0851645 0.0794227 0.1180784 0.1025351 0.0768190 0.0859352 0.0800226 0.0747969 0.0777254 0.0689656 0.0815524 0.0621508 0.0643008 0.0149649 0.0788517 0.0000000 
