35
Burramyidae_Burramys_parvus                  0.0000000 0.0990927 0.0716438 0.0730211 0.0743622 0.1041506 0.0505480 0.0710913 0.0689542 0.0990875 0.0749240 0.1001880 0.1115185 0.0824744 0.0814483 0.1021746 0.1019346 0.1179121 0.0940778 0.0750083 0.0638437 0.1110043 0.1238195 0.0984270 0.0709068 0.1027928 0.0689843 0.0699039 0.0731410 0.0787891 0.0754491 0.0783341 0.0934461 0.1009273 0.0996348 
Notoryctidae_Notoryctes_typhlops             0.0990927 0.0000000 0.0943077 0.1047451 0.1061405 0.1198537 0.0724845 0.1008837 0.1010022 0.1087153 0.1029997 0.1183525 0.1320743 0.1099665 0.1132303 0.1198148 0.1169894 0.1338811 0.1128804 0.1056266 0.0855373 0.1307200 0.1403623 0.1153320 0.0955678 0.1126660 0.1021239 0.1007872 0.1027046 0.1139723 0.1081568 0.1063364 0.1097842 0.1172897 0.1092950 
Vombatidae_Lasiorhinus_latifrons             0.0716438 0.0943077 0.0000000 0.0852222 0.0854241 0.0976047 0.0610625 0.0733550 0.0810851 0.0969785 0.0798395 0.0998028 0.1169314 0.0889263 0.0951633 0.1018371 0.0961583 0.1123167 0.0989482 0.0848223 0.0743172 0.1146561 0.1237520 0.0987013 0.0762433 0.1017636 0.0755089 0.0790197 0.0823998 0.0947020 0.0908250 0.0838059 0.0997950 0.0951473 0.0969096 
Potoroidae_Bettongia_penicillata             0.0730211 0.1047451 0.0852222 0.0000000 0.0042022 0.1052101 0.0525145 0.0815554 0.0152785 0.1088226 0.0854180 0.1042078 0.1192264 0.0919792 0.0911448 0.1081859 0.1032067 0.1214253 0.1138826 0.0319305 0.0663412 0.1177659 0.1240394 0.1030632 0.0500787 0.1004321 0.0749301 0.0273672 0.0828287 0.0950810 0.0785649 0.0866890 0.1097795 0.1018432 0.1111533 
Potoroidae_Bettongia_lesueur                 0.0743622 0.1061405 0.0854241 0.0042022 0.0000000 0.1054621 0.0533151 0.0830545 0.0148085 0.1089064 0.0871060 0.1045233 0.1202589 0.0930085 0.0923826 0.1085145 0.1034535 0.1224448 0.1119374 0.0319449 0.0655440 0.1173273 0.1229444 0.1020957 0.0501917 0.1004787 0.0744015 0.0269213 0.0836307 0.0950647 0.0763823 0.0876633 0.1083501 0.1021484 0.1107182 
Dasyuridae_Dasyurus_maculatus                0.1041506 0.1198537 0.0976047 0.1052101 0.1054621 0.0000000 0.0788584 0.1047271 0.0971630 0.1115935 0.1085220 0.0261781 0.0461859 0.1195041 0.1195791 0.0282193 0.0088846 0.0457111 0.1181874 0.1081012 0.0952039 0.1226422 0.1296619 0.0232125 0.0984201 0.1144083 0.1025504 0.0999219 0.1107582 0.1222518 0.1127468 0.1127104 0.1120247 0.0060507 0.1140395 
Phalangeridae_Trichosurus_vulpecula          0.0505480 0.0724845 0.0610625 0.0525145 0.0533151 0.0788584 0.0000000 0.0189688 0.0552524 0.0691705 0.0184438 0.0790830 0.0989570 0.0262871 0.0609428 0.0826928 0.0768841 0.0973019 0.0744104 0.0582687 0.0609668 0.0813143 0.0863266 0.0793442 0.0563852 0.0776184 0.0558643 0.0568703 0.0584352 0.0681952 0.0583332 0.0240595 0.0720010 0.0778769 0.0674133 
Phalangeridae_Spilocuscus_maculatus          0.0710913 0.1008837 0.0733550 0.0815554 0.0830545 0.1047271 0.0189688 0.0000000 0.0806399 0.1022021 0.0207541 0.1082121 0.1179474 0.0270805 0.0866440 0.1109081 0.1032344 0.1196829 0.1052884 0.0866645 0.0578242 0.1185422 0.1259170 0.1064085 0.0764423 0.1018035 0.0755842 0.0820436 0.0702085 0.0941607 0.0791268 0.0210401 0.1014953 0.1015437 0.1039408 
Potoroidae_Aepyprymnus_rufescens             0.0689542 0.1010022 0.0810851 0.0152785 0.0148085 0.0971630 0.0552524 0.0806399 0.0000000 0.1051411 0.0837486 0.0972555 0.1126496 0.0903048 0.0883195 0.1011654 0.0943975 0.1137510 0.1107345 0.0288889 0.0667339 0.1121033 0.1195820 0.0967122 0.0453185 0.0966042 0.0703445 0.0238998 0.0801596 0.0894982 0.0771220 0.0850614 0.1053432 0.0952174 0.1056131 
Peramelidae_Perameles_nasuta                 0.0990875 0.1087153 0.0969785 0.1088226 0.1089064 0.1115935 0.0691705 0.1022021 0.1051411 0.0000000 0.1060444 0.1151539 0.1281307 0.1142622 0.1201613 0.1146101 0.1119985 0.1253374 0.0233283 0.1136564 0.0888835 0.1268915 0.1387800 0.1119747 0.1049277 0.1243094 0.1067300 0.1074062 0.1090758 0.1272056 0.1097437 0.1076356 0.0168925 0.1116307 0.0009317 
Phalangeridae_Strigocuscus_pelengensis       0.0749240 0.1029997 0.0798395 0.0854180 0.0871060 0.1085220 0.0184438 0.0207541 0.0837486 0.1060444 0.0000000 0.1115558 0.1185410 0.0221953 0.0872548 0.1143638 0.1064246 0.1193337 0.1080651 0.0860432 0.0632087 0.1253790 0.1298738 0.1096238 0.0776993 0.1119651 0.0765829 0.0833594 0.0765653 0.0993667 0.0866773 0.0191603 0.1041999 0.1046068 0.1077042 
Dasyuridae_Phascogale_tapoatafa              0.1001880 0.1183525 0.0998028 0.1042078 0.1045233 0.0261781 0.0790830 0.1082121 0.0972555 0.1151539 0.1115558 0.0000000 0.0435210 0.1211980 0.1240668 0.0046302 0.0241345 0.0386052 0.1217055 0.1076281 0.0918129 0.1241461 0.1326792 0.0103616 0.0971703 0.1143896 0.1012518 0.1027152 0.1104209 0.1214872 0.1150571 0.1142869 0.1162268 0.0236739 0.1176165 
Dasyuridae_Sminthopsis_macroura              0.1115185 0.1320743 0.1169314 0.1192264 0.1202589 0.0461859 0.0989570 0.1179474 0.1126496 0.1281307 0.1185410 0.0435210 0.0000000 0.1300755 0.1333299 0.0440908 0.0466319 0.0386283 0.1335759 0.1174457 0.1058116 0.1346821 0.1429255 0.0404507 0.1089443 0.1218881 0.1148747 0.1105338 0.1198523 0.1358927 0.1272973 0.1248948 0.1268961 0.0456410 0.1298956 
Phalangeridae_Phalanger_orientalis           0.0824744 0.1099665 0.0889263 0.0919792 0.0930085 0.1195041 0.0262871 0.0270805 0.0903048 0.1142622 0.0221953 0.1211980 0.1300755 0.0000000 0.0918147 0.1233726 0.1178934 0.1330382 0.1174412 0.0955387 0.0777777 0.1342435 0.1398899 0.1208220 0.0884634 0.1165109 0.0845913 0.0900881 0.0848926 0.1082362 0.0956771 0.0085823 0.1129946 0.1161333 0.1160793 
Acrobatidae_Acrobates_pygmaeus               0.0814483 0.1132303 0.0951633 0.0911448 0.0923826 0.1195791 0.0609428 0.0866440 0.0883195 0.1201613 0.0872548 0.1240668 0.1333299 0.0918147 0.0000000 0.1248913 0.1172342 0.1278597 0.1207129 0.0859108 0.0771383 0.1409213 0.1477717 0.1207303 0.0870966 0.1195337 0.0753765 0.0838407 0.0720254 0.0964491 0.0591119 0.0964051 0.1187779 0.1188046 0.1212252 
Dasyuridae_Phascogale_calura                 0.1021746 0.1198148 0.1018371 0.1081859 0.1085145 0.0282193 0.0826928 0.1109081 0.1011654 0.1146101 0.1143638 0.0046302 0.0440908 0.1233726 0.1248913 0.0000000 0.0271666 0.0396947 0.1218304 0.1116454 0.0953506 0.1235471 0.1348366 0.0118075 0.0972630 0.1165606 0.1026360 0.1066906 0.1131532 0.1257315 0.1151727 0.1176987 0.1149919 0.0267067 0.1177359 
Dasyuridae_Sarcophilus_harrisii              0.1019346 0.1169894 0.0961583 0.1032067 0.1034535 0.0088846 0.0768841 0.1032344 0.0943975 0.1119985 0.1064246 0.0241345 0.0466319 0.1178934 0.1172342 0.0271666 0.0000000 0.0423603 0.1184585 0.1085692 0.0932090 0.1215629 0.1267295 0.0211754 0.0980968 0.1121641 0.1004065 0.0996507 0.1079311 0.1223283 0.1104372 0.1111707 0.1123183 0.0069904 0.1144395 
Dasyuridae_Planigale_tenuirostris            0.1179121 0.1338811 0.1123167 0.1214253 0.1224448 0.0457111 0.0973019 0.1196829 0.1137510 0.1253374 0.1193337 0.0386052 0.0386283 0.1330382 0.1278597 0.0396947 0.0423603 0.0000000 0.1308316 0.1241045 0.1130630 0.1366542 0.1445304 0.0392841 0.1118691 0.1224118 0.1152185 0.1178001 0.1223441 0.1382114 0.1254943 0.1273546 0.1259213 0.0418846 0.1271077 
Peramelidae_Echymipera_kalubu                0.0940778 0.1128804 0.0989482 0.1138826 0.1119374 0.1181874 0.0744104 0.1052884 0.1107345 0.0233283 0.1080651 0.1217055 0.1335759 0.1174412 0.1207129 0.1218304 0.1184585 0.1308316 0.0000000 0.1194518 0.0881506 0.1369831 0.1483409 0.1178477 0.1080312 0.1254189 0.1070985 0.1124831 0.1081909 0.1277946 0.1096198 0.1113888 0.0177676 0.1181031 0.0236497 
Macropodidae_Dorcopsulus_vanheurni           0.0750083 0.1056266 0.0848223 0.0319305 0.0319449 0.1081012 0.0582687 0.0866645 0.0288889 0.1136564 0.0860432 0.1076281 0.1174457 0.0955387 0.0859108 0.1116454 0.1085692 0.1241045 0.1194518 0.0000000 0.0729719 0.1251406 0.1299437 0.1078337 0.0529885 0.1071109 0.0791089 0.0153745 0.0854835 0.0951138 0.0830281 0.0918965 0.1148420 0.1055775 0.1159829 
Pseudochiridae_Pseudochirulus_forbesi        0.0638437 0.0855373 0.0743172 0.0663412 0.0655440 0.0952039 0.0609668 0.0578242 0.0667339 0.0888835 0.0632087 0.0918129 0.1058116 0.0777777 0.0771383 0.0953506 0.0932090 0.1130630 0.0881506 0.0729719 0.0000000 0.0937278 0.0967667 0.0921739 0.0716340 0.0914183 0.0388325 0.0707517 0.0198241 0.0604010 0.0660991 0.0696088 0.0898827 0.0942119 0.0880185 
Didelphidae_Didelphis_virginiana             0.1110043 0.1307200 0.1146561 0.1177659 0.1173273 0.1226422 0.0813143 0.1185422 0.1121033 0.1268915 0.1253790 0.1241461 0.1346821 0.1342435 0.1409213 0.1235471 0.1215629 0.1366542 0.1369831 0.1251406 0.0937278 0.0000000 0.0391987 0.1205787 0.1134039 0.1256726 0.1148128 0.1200707 0.1205986 0.1291718 0.1294003 0.1267564 0.1225236 0.1192043 0.1280014 
Marmosidae_Monodelphis_domestica             0.1238195 0.1403623 0.1237520 0.1240394 0.1229444 0.1296619 0.0863266 0.1259170 0.1195820 0.1387800 0.1298738 0.1326792 0.1429255 0.1398899 0.1477717 0.1348366 0.1267295 0.1445304 0.1483409 0.1299437 0.0967667 0.0391987 0.0000000 0.1314215 0.1146032 0.1295395 0.1211447 0.1224341 0.1240273 0.1398634 0.1399067 0.1314727 0.1376962 0.1257068 0.1412558 
Dasyuridae_Antechinus_stuartii               0.0984270 0.1153320 0.0987013 0.1030632 0.1020957 0.0232125 0.0793442 0.1064085 0.0967122 0.1119747 0.1096238 0.0103616 0.0404507 0.1208220 0.1207303 0.0118075 0.0211754 0.0392841 0.1178477 0.1078337 0.0921739 0.1205787 0.1314215 0.0000000 0.0941647 0.1126897 0.0982328 0.1022046 0.1080094 0.1200354 0.1112699 0.1139117 0.1123015 0.0207023 0.1142402 
Hypsiprymnodontidae_Hypsiprymnodon_moschatus 0.0709068 0.0955678 0.0762433 0.0500787 0.0501917 0.0984201 0.0563852 0.0764423 0.0453185 0.1049277 0.0776993 0.0971703 0.1089443 0.0884634 0.0870966 0.0972630 0.0980968 0.1118691 0.1080312 0.0529885 0.0716340 0.1134039 0.1146032 0.0941647 0.0000000 0.0980195 0.0710770 0.0454713 0.0776328 0.0903129 0.0742811 0.0838873 0.1058043 0.0983355 0.1060897 
Microbiotheriidae_Dromiciops_gliroides       0.1027928 0.1126660 0.1017636 0.1004321 0.1004787 0.1144083 0.0776184 0.1018035 0.0966042 0.1243094 0.1119651 0.1143896 0.1218881 0.1165109 0.1195337 0.1165606 0.1121641 0.1224118 0.1254189 0.1071109 0.0914183 0.1256726 0.1295395 0.1126897 0.0980195 0.0000000 0.1015477 0.0986632 0.1078007 0.1193303 0.1124040 0.1103648 0.1246909 0.1110311 0.1236793 
Pseudochiridae_Petauroides_volans            0.0689843 0.1021239 0.0755089 0.0749301 0.0744015 0.1025504 0.0558643 0.0755842 0.0703445 0.1067300 0.0765829 0.1012518 0.1148747 0.0845913 0.0753765 0.1026360 0.1004065 0.1152185 0.1070985 0.0791089 0.0388325 0.1148128 0.1211447 0.0982328 0.0710770 0.1015477 0.0000000 0.0719039 0.0387428 0.0698384 0.0659992 0.0788739 0.1058317 0.1000117 0.1085988 
Macropodidae_Wallabia_bicolor                0.0699039 0.1007872 0.0790197 0.0273672 0.0269213 0.0999219 0.0568703 0.0820436 0.0238998 0.1074062 0.0833594 0.1027152 0.1105338 0.0900881 0.0838407 0.1066906 0.0996507 0.1178001 0.1124831 0.0153745 0.0707517 0.1200707 0.1224341 0.1022046 0.0454713 0.0986632 0.0719039 0.0000000 0.0807813 0.0898465 0.0766386 0.0860426 0.1082613 0.0992255 0.1097527 
Pseudochiridae_Pseudocheirus_occidentalis    0.0731410 0.1027046 0.0823998 0.0828287 0.0836307 0.1107582 0.0584352 0.0702085 0.0801596 0.1090758 0.0765653 0.1104209 0.1198523 0.0848926 0.0720254 0.1131532 0.1079311 0.1223441 0.1081909 0.0854835 0.0198241 0.1205986 0.1240273 0.1080094 0.0776328 0.1078007 0.0387428 0.0807813 0.0000000 0.0731822 0.0711469 0.0775140 0.1094438 0.1087313 0.1103113 
Tarsipedidae_Tarsipes_rostratus              0.0787891 0.1139723 0.0947020 0.0950810 0.0950647 0.1222518 0.0681952 0.0941607 0.0894982 0.1272056 0.0993667 0.1214872 0.1358927 0.1082362 0.0964491 0.1257315 0.1223283 0.1382114 0.1277946 0.0951138 0.0604010 0.1291718 0.1398634 0.1200354 0.0903129 0.1193303 0.0698384 0.0898465 0.0731822 0.0000000 0.0881375 0.1022613 0.1239805 0.1225687 0.1282096 
Acrobatidae_Distoechurus_pennatus            0.0754491 0.1081568 0.0908250 0.0785649 0.0763823 0.1127468 0.0583332 0.0791268 0.0771220 0.1097437 0.0866773 0.1150571 0.1272973 0.0956771 0.0591119 0.1151727 0.1104372 0.1254943 0.1096198 0.0830281 0.0660991 0.1294003 0.1399067 0.1112699 0.0742811 0.1124040 0.0659992 0.0766386 0.0711469 0.0881375 0.0000000 0.0908618 0.1053532 0.1107120 0.1121930 
Phalangeridae_Phalanger_carmelitae           0.0783341 0.1063364 0.0838059 0.0866890 0.0876633 0.1127104 0.0240595 0.0210401 0.0850614 0.1076356 0.0191603 0.1142869 0.1248948 0.0085823 0.0964051 0.1176987 0.1111707 0.1273546 0.1113888 0.0918965 0.0696088 0.1267564 0.1314727 0.1139117 0.0838873 0.1103648 0.0788739 0.0860426 0.0775140 0.1022613 0.0908618 0.0000000 0.1054605 0.1094605 0.1094301 
Peramelidae_Peroryctes_raffrayana            0.0934461 0.1097842 0.0997950 0.1097795 0.1083501 0.1120247 0.0720010 0.1014953 0.1053432 0.0168925 0.1041999 0.1162268 0.1268961 0.1129946 0.1187779 0.1149919 0.1123183 0.1259213 0.0177676 0.1148420 0.0898827 0.1225236 0.1376962 0.1123015 0.1058043 0.1246909 0.1058317 0.1082613 0.1094438 0.1239805 0.1053532 0.1054605 0.0000000 0.1119428 0.0172985 
Dasyuridae_Dasyurus_geffroii                 0.1009273 0.1172897 0.0951473 0.1018432 0.1021484 0.0060507 0.0778769 0.1015437 0.0952174 0.1116307 0.1046068 0.0236739 0.0456410 0.1161333 0.1188046 0.0267067 0.0069904 0.0418846 0.1181031 0.1055775 0.0942119 0.1192043 0.1257068 0.0207023 0.0983355 0.1110311 0.1000117 0.0992255 0.1087313 0.1225687 0.1107120 0.1094605 0.1119428 0.0000000 0.1140074 
Peramelidae_Perameles_gunnii                 0.0996348 0.1092950 0.0969096 0.1111533 0.1107182 0.1140395 0.0674133 0.1039408 0.1056131 0.0009317 0.1077042 0.1176165 0.1298956 0.1160793 0.1212252 0.1177359 0.1144395 0.1271077 0.0236497 0.1159829 0.0880185 0.1280014 0.1412558 0.1142402 0.1060897 0.1236793 0.1085988 0.1097527 0.1103113 0.1282096 0.1121930 0.1094301 0.0172985 0.1140074 0.0000000 
