37
Burramyidae_Burramys_parvus                  0.0000000 0.0663624 0.0633836 0.0539757 0.0508432 0.0957236 0.0430454 0.0326264 0.0472697 0.0745888 0.0379141 0.0938046 0.0965317 0.0328969 0.0667151 0.0935762 0.1012447 0.0883543 0.0939275 0.0538536 0.0506541 0.1083432 0.0871798 0.0955778 0.0630132 0.0545669 0.0520301 0.0556745 0.0768880 0.0517336 0.0329188 0.0790620 0.0974478 0.0624406 0.0572347 0.1175615 0.1175615 
Notoryctidae_Notoryctes_typhlops             0.0663624 0.0000000 0.0826746 0.0793159 0.0763318 0.1092875 0.0688056 0.0569997 0.0736272 0.0771873 0.0615719 0.1041385 0.1163782 0.0572025 0.0956017 0.1038900 0.1110951 0.0910524 0.0956642 0.0783262 0.0762080 0.1278621 0.1030257 0.1137616 0.0860742 0.0598342 0.0836182 0.0778538 0.1088313 0.0796130 0.0572577 0.0844479 0.1123557 0.0706388 0.0788968 0.1804890 0.1804890 
Vombatidae_Lasiorhinus_latifrons             0.0633836 0.0826746 0.0000000 0.0707286 0.0640589 0.1095109 0.0584255 0.0494245 0.0616028 0.0929577 0.0486227 0.1002510 0.1043897 0.0482294 0.0869900 0.0960712 0.1112099 0.1018718 0.1102679 0.0656622 0.0639306 0.1167705 0.1046919 0.1009537 0.0733085 0.0634819 0.0705850 0.0670020 0.0916830 0.0636784 0.0483004 0.0978953 0.1127372 0.0800167 0.0684278 0.1880807 0.1880807 
Potoroidae_Bettongia_penicillata             0.0539757 0.0793159 0.0707286 0.0000000 0.0036956 0.1102285 0.0525583 0.0457413 0.0090523 0.0923086 0.0479315 0.1041757 0.1117661 0.0457335 0.0764422 0.1058754 0.1175473 0.1022772 0.1100756 0.0175868 0.0579793 0.1178899 0.1025790 0.1051811 0.0370831 0.0631106 0.0583365 0.0195899 0.0875790 0.0567863 0.0457737 0.0908894 0.1113004 0.0883282 0.0706602 0.2083480 0.2083480 
Potoroidae_Bettongia_lesueur                 0.0508432 0.0763318 0.0640589 0.0036956 0.0000000 0.1039160 0.0483039 0.0430191 0.0079772 0.0899634 0.0438055 0.0978910 0.1102550 0.0424678 0.0718829 0.0995530 0.1106540 0.0986296 0.1041601 0.0159293 0.0534736 0.1143435 0.0991345 0.0998892 0.0358377 0.0612241 0.0558539 0.0178424 0.0820106 0.0528076 0.0425031 0.0854029 0.1047087 0.0835335 0.0651607 0.2138252 0.2138252 
Dasyuridae_Dasyurus_maculatus                0.0957236 0.1092875 0.1095109 0.1102285 0.1039160 0.0000000 0.1067687 0.0896689 0.0997372 0.0964445 0.0948229 0.0249317 0.0334317 0.0886973 0.1010551 0.0229996 0.0068366 0.0257781 0.1212925 0.1056930 0.0975375 0.1471256 0.1199947 0.0234668 0.1140504 0.0809537 0.1031659 0.1087885 0.1227056 0.0995282 0.0898461 0.1047789 0.0057110 0.0893762 0.1141420 0.1121197 0.1121197 
Phalangeridae_Trichosurus_vulpecula          0.0430454 0.0688056 0.0584255 0.0525583 0.0483039 0.1067687 0.0000000 0.0163398 0.0459813 0.0829579 0.0178554 0.1047034 0.1103277 0.0162623 0.0671091 0.1015007 0.1062442 0.0961710 0.0995937 0.0532510 0.0534821 0.1045271 0.0850316 0.1092857 0.0608757 0.0582032 0.0513692 0.0535342 0.0803067 0.0501600 0.0162695 0.0858815 0.1097932 0.0719565 0.0604142 0.1855912 0.1855912 
Phalangeridae_Spilocuscus_maculatus          0.0326264 0.0569997 0.0494245 0.0457413 0.0430191 0.0896689 0.0163398 0.0000000 0.0417375 0.0654652 0.0083371 0.0879919 0.0900506 0.0063108 0.0578755 0.0868501 0.0925828 0.0816395 0.0820250 0.0450430 0.0445289 0.0958453 0.0791902 0.0911377 0.0511989 0.0458910 0.0471913 0.0459881 0.0673593 0.0402784 0.0063128 0.0722420 0.0943063 0.0555760 0.0536093 0.1445812 0.1445812 
Potoroidae_Aepyprymnus_rufescens             0.0472697 0.0736272 0.0616028 0.0090523 0.0079772 0.0997372 0.0459813 0.0417375 0.0000000 0.0862348 0.0406078 0.0956733 0.1048555 0.0394169 0.0708455 0.0954413 0.1061428 0.0918774 0.1015408 0.0151162 0.0493205 0.1117496 0.0959579 0.0966712 0.0352141 0.0565850 0.0536577 0.0165969 0.0739003 0.0513354 0.0394478 0.0803227 0.1004159 0.0781439 0.0599738 0.1972271 0.1972271 
Peramelidae_Perameles_nasuta                 0.0745888 0.0771873 0.0929577 0.0923086 0.0899634 0.0964445 0.0829579 0.0654652 0.0862348 0.0000000 0.0709574 0.1012833 0.1117418 0.0665389 0.0974028 0.1010928 0.1040741 0.1033460 0.0273750 0.0934366 0.0898859 0.1304791 0.1009960 0.1027277 0.0960682 0.0630187 0.0953077 0.0896552 0.1164872 0.0871015 0.0656804 0.0222473 0.0982944 0.0076446 0.1064458 0.1568402 0.1568402 
Phalangeridae_Strigocuscus_pelengensis       0.0379141 0.0615719 0.0486227 0.0479315 0.0438055 0.0948229 0.0178554 0.0083371 0.0406078 0.0709574 0.0000000 0.0932827 0.0975922 0.0082988 0.0526505 0.0900168 0.0962857 0.0857352 0.0829326 0.0437351 0.0454692 0.0970479 0.0777096 0.0923813 0.0522589 0.0482143 0.0461574 0.0448789 0.0688783 0.0443375 0.0079414 0.0715456 0.1000964 0.0567719 0.0485365 0.1799506 0.1799506 
Dasyuridae_Phascogale_tapoatafa              0.0938046 0.1041385 0.1002510 0.1041757 0.0978910 0.0249317 0.1047034 0.0879919 0.0956733 0.1012833 0.0932827 0.0000000 0.0324701 0.0833503 0.1011398 0.0053012 0.0251915 0.0261109 0.1201669 0.1017695 0.0918156 0.1511255 0.1246525 0.0093744 0.1070365 0.0805343 0.0982027 0.1055404 0.1243499 0.0983199 0.0826071 0.1017144 0.0260274 0.0936569 0.1020856 0.1221148 0.1221148 
Dasyuridae_Sminthopsis_macroura              0.0965317 0.1163782 0.1043897 0.1117661 0.1102550 0.0334317 0.1103277 0.0900506 0.1048555 0.1117418 0.0975922 0.0324701 0.0000000 0.0880627 0.1124661 0.0323699 0.0321890 0.0209507 0.1354361 0.1110889 0.0946773 0.1681656 0.1317765 0.0319602 0.1219774 0.0877043 0.1063241 0.1130486 0.1249481 0.1024063 0.0892185 0.1141437 0.0341917 0.1139032 0.1047429 0.1127935 0.1127935 
Phalangeridae_Phalanger_orientalis           0.0328969 0.0572025 0.0482294 0.0457335 0.0424678 0.0886973 0.0162623 0.0063108 0.0394169 0.0665389 0.0082988 0.0833503 0.0880627 0.0000000 0.0544194 0.0840263 0.0907031 0.0784566 0.0824009 0.0443630 0.0393380 0.0933951 0.0765480 0.0884477 0.0519520 0.0474423 0.0448595 0.0459643 0.0641302 0.0405390 0.0011981 0.0716955 0.0912900 0.0531731 0.0509155 0.1442973 0.1442973 
Acrobatidae_Acrobates_pygmaeus               0.0667151 0.0956017 0.0869900 0.0764422 0.0718829 0.1010551 0.0671091 0.0578755 0.0708455 0.0974028 0.0526505 0.1011398 0.1124661 0.0544194 0.0000000 0.1002858 0.1095841 0.1045055 0.1130290 0.0714466 0.0657125 0.1228586 0.1166704 0.1072122 0.0812939 0.0811560 0.0753542 0.0751927 0.0989680 0.0376912 0.0544707 0.1008159 0.0998955 0.0895084 0.0714657 0.2156312 0.2156312 
Dasyuridae_Phascogale_calura                 0.0935762 0.1038900 0.0960712 0.1058754 0.0995530 0.0229996 0.1015007 0.0868501 0.0954413 0.1010928 0.0900168 0.0053012 0.0323699 0.0840263 0.1002858 0.0000000 0.0236884 0.0254954 0.1188755 0.0996232 0.0897660 0.1516315 0.1199615 0.0089898 0.1025337 0.0750499 0.0960634 0.1014029 0.1219672 0.0938728 0.0832899 0.1004409 0.0240456 0.0946000 0.1017336 0.1252942 0.1252942 
Dasyuridae_Sarcophilus_harrisii              0.1012447 0.1110951 0.1112099 0.1175473 0.1106540 0.0068366 0.1062442 0.0925828 0.1061428 0.1040741 0.0962857 0.0251915 0.0321890 0.0907031 0.1095841 0.0236884 0.0000000 0.0265074 0.1309393 0.1136801 0.1005446 0.1533617 0.1269888 0.0250220 0.1227730 0.0866759 0.1087165 0.1156359 0.1247930 0.1074544 0.0919048 0.1138837 0.0083202 0.0949624 0.1201768 0.1199080 0.1199080 
Dasyuridae_Planigale_tenuirostris            0.0883543 0.0910524 0.1018718 0.1022772 0.0986296 0.0257781 0.0961710 0.0816395 0.0918774 0.1033460 0.0857352 0.0261109 0.0209507 0.0784566 0.1045055 0.0254954 0.0265074 0.0000000 0.1214756 0.0989471 0.0840879 0.1473029 0.1227764 0.0258452 0.1093991 0.0720069 0.0948540 0.0960698 0.1098369 0.0895449 0.0787056 0.1112518 0.0268993 0.0980295 0.0944571 0.1194174 0.1194174 
Peramelidae_Echymipera_kalubu                0.0939275 0.0956642 0.1102679 0.1100756 0.1041601 0.1212925 0.0995937 0.0820250 0.1015408 0.0273750 0.0829326 0.1201669 0.1354361 0.0824009 0.1130290 0.1188755 0.1309393 0.1214756 0.0000000 0.1072709 0.1018740 0.1461409 0.1248818 0.1226062 0.1153930 0.0777133 0.1069723 0.1107468 0.1225627 0.1015861 0.0815346 0.0258264 0.1264685 0.0182185 0.1106845 0.1616463 0.1616463 
Macropodidae_Dorcopsulus_vanheurni           0.0538536 0.0783262 0.0656622 0.0175868 0.0159293 0.1056930 0.0532510 0.0450430 0.0151162 0.0934366 0.0437351 0.1017695 0.1110889 0.0443630 0.0714466 0.0996232 0.1136801 0.0989471 0.1072709 0.0000000 0.0557567 0.1091166 0.0965952 0.1015414 0.0382246 0.0597896 0.0568593 0.0095607 0.0838927 0.0524472 0.0450677 0.0891765 0.1076444 0.0841630 0.0697077 0.1986590 0.1986590 
Pseudochiridae_Pseudochirulus_forbesi        0.0506541 0.0762080 0.0639306 0.0579793 0.0534736 0.0975375 0.0534821 0.0445289 0.0493205 0.0898859 0.0454692 0.0918156 0.0946773 0.0393380 0.0657125 0.0897660 0.1005446 0.0840879 0.1018740 0.0557567 0.0000000 0.1263876 0.0982323 0.0907646 0.0621125 0.0594906 0.0296805 0.0575909 0.0615198 0.0511700 0.0405351 0.0903181 0.1002746 0.0761982 0.0250651 0.1830866 0.1830866 
Didelphidae_Didelphis_virginiana             0.1083432 0.1278621 0.1167705 0.1178899 0.1143435 0.1471256 0.1045271 0.0958453 0.1117496 0.1304791 0.0970479 0.1511255 0.1681656 0.0933951 0.1228586 0.1516315 0.1533617 0.1473029 0.1461409 0.1091166 0.1263876 0.0000000 0.0367102 0.1485819 0.1331618 0.1054462 0.1279820 0.1143450 0.1497027 0.1149773 0.0945718 0.1270817 0.1515903 0.1176763 0.1290083 0.2517743 0.2517743 
Marmosidae_Monodelphis_domestica             0.0871798 0.1030257 0.1046919 0.1025790 0.0991345 0.1199947 0.0850316 0.0791902 0.0959579 0.1009960 0.0777096 0.1246525 0.1317765 0.0765480 0.1166704 0.1199615 0.1269888 0.1227764 0.1248818 0.0965952 0.0982323 0.0367102 0.0000000 0.1226615 0.1137216 0.0814718 0.0965019 0.1016273 0.1210201 0.0957053 0.0758398 0.1059568 0.1272216 0.0994005 0.1063173 0.2317214 0.2317214 
Dasyuridae_Antechinus_stuartii               0.0955778 0.1137616 0.1009537 0.1051811 0.0998892 0.0234668 0.1092857 0.0911377 0.0966712 0.1027277 0.0923813 0.0093744 0.0319602 0.0884477 0.1072122 0.0089898 0.0250220 0.0258452 0.1226062 0.1015414 0.0907646 0.1485819 0.1226615 0.0000000 0.1093583 0.0822169 0.0992375 0.1027649 0.1244378 0.1015585 0.0876843 0.1028428 0.0250282 0.1018231 0.1051170 0.1235442 0.1235442 
Hypsiprymnodontidae_Hypsiprymnodon_moschatus 0.0630132 0.0860742 0.0733085 0.0370831 0.0358377 0.1140504 0.0608757 0.0511989 0.0352141 0.0960682 0.0522589 0.1070365 0.1219774 0.0519520 0.0812939 0.1025337 0.1227730 0.1093991 0.1153930 0.0382246 0.0621125 0.1331618 0.1137216 0.1093583 0.0000000 0.0703571 0.0577180 0.0397587 0.0899119 0.0584671 0.0512793 0.0976571 0.1132049 0.0841241 0.0695617 0.1941150 0.1941150 
Microbiotheriidae_Dromiciops_gliroides       0.0545669 0.0598342 0.0634819 0.0631106 0.0612241 0.0809537 0.0582032 0.0458910 0.0565850 0.0630187 0.0482143 0.0805343 0.0877043 0.0474423 0.0811560 0.0750499 0.0866759 0.0720069 0.0777133 0.0597896 0.0594906 0.1054462 0.0814718 0.0822169 0.0703571 0.0000000 0.0661554 0.0633121 0.0840019 0.0649476 0.0475502 0.0706569 0.0827141 0.0533435 0.0669092 0.1522215 0.1522215 
Pseudochiridae_Petauroides_volans            0.0520301 0.0836182 0.0705850 0.0583365 0.0558539 0.1031659 0.0513692 0.0471913 0.0536577 0.0953077 0.0461574 0.0982027 0.1063241 0.0448595 0.0753542 0.0960634 0.1087165 0.0948540 0.1069723 0.0568593 0.0296805 0.1279820 0.0965019 0.0992375 0.0577180 0.0661554 0.0000000 0.0592938 0.0698706 0.0507559 0.0455402 0.0975198 0.1061640 0.0863272 0.0369106 0.2121077 0.2121077 
Macropodidae_Wallabia_bicolor                0.0556745 0.0778538 0.0670020 0.0195899 0.0178424 0.1087885 0.0535342 0.0459881 0.0165969 0.0896552 0.0448789 0.1055404 0.1130486 0.0459643 0.0751927 0.1014029 0.1156359 0.0960698 0.1107468 0.0095607 0.0575909 0.1143450 0.1016273 0.1027649 0.0397587 0.0633121 0.0592938 0.0000000 0.0878423 0.0544500 0.0460050 0.0885326 0.1094923 0.0863798 0.0628409 0.2040894 0.2040894 
Tarsipedidae_Tarsipes_rostratus              0.0768880 0.1088313 0.0916830 0.0875790 0.0820106 0.1227056 0.0803067 0.0673593 0.0739003 0.1164872 0.0688783 0.1243499 0.1249481 0.0641302 0.0989680 0.1219672 0.1247930 0.1098369 0.1225627 0.0838927 0.0615198 0.1497027 0.1210201 0.1244378 0.0899119 0.0840019 0.0698706 0.0878423 0.0000000 0.0785974 0.0650965 0.1126716 0.1280903 0.0942726 0.0743384 0.1758712 0.1758712 
Acrobatidae_Distoechurus_pennatus            0.0517336 0.0796130 0.0636784 0.0567863 0.0528076 0.0995282 0.0501600 0.0402784 0.0513354 0.0871015 0.0443375 0.0983199 0.1024063 0.0405390 0.0376912 0.0938728 0.1074544 0.0895449 0.1015861 0.0524472 0.0511700 0.1149773 0.0957053 0.1015585 0.0584671 0.0649476 0.0507559 0.0544500 0.0785974 0.0000000 0.0406246 0.0812299 0.1025302 0.0792055 0.0500842 0.2101734 0.2101734 
Phalangeridae_Phalanger_carmelitae           0.0329188 0.0572577 0.0483004 0.0457737 0.0425031 0.0898461 0.0162695 0.0063128 0.0394478 0.0656804 0.0079414 0.0826071 0.0892185 0.0011981 0.0544707 0.0832899 0.0919048 0.0787056 0.0815346 0.0450677 0.0405351 0.0945718 0.0758398 0.0876843 0.0512793 0.0475502 0.0455402 0.0460050 0.0650965 0.0406246 0.0000000 0.0708296 0.0924708 0.0539988 0.0501171 0.1480413 0.1480413 
Peramelidae_Peroryctes_raffrayana            0.0790620 0.0844479 0.0978953 0.0908894 0.0854029 0.1047789 0.0858815 0.0722420 0.0803227 0.0222473 0.0715456 0.1017144 0.1141437 0.0716955 0.1008159 0.1004409 0.1138837 0.1112518 0.0258264 0.0891765 0.0903181 0.1270817 0.1059568 0.1028428 0.0976571 0.0706569 0.0975198 0.0885326 0.1126716 0.0812299 0.0708296 0.0000000 0.1090520 0.0143683 0.1138074 0.1680930 0.1680930 
Dasyuridae_Dasyurus_geffroii                 0.0974478 0.1123557 0.1127372 0.1113004 0.1047087 0.0057110 0.1097932 0.0943063 0.1004159 0.0982944 0.1000964 0.0260274 0.0341917 0.0912900 0.0998955 0.0240456 0.0083202 0.0268993 0.1264685 0.1076444 0.1002746 0.1515903 0.1272216 0.0250282 0.1132049 0.0827141 0.1061640 0.1094923 0.1280903 0.1025302 0.0924708 0.1090520 0.0000000 0.0910697 0.1181555 0.1158277 0.1158277 
Peramelidae_Perameles_gunnii                 0.0624406 0.0706388 0.0800167 0.0883282 0.0835335 0.0893762 0.0719565 0.0555760 0.0781439 0.0076446 0.0567719 0.0936569 0.1139032 0.0531731 0.0895084 0.0946000 0.0949624 0.0980295 0.0182185 0.0841630 0.0761982 0.1176763 0.0994005 0.1018231 0.0841241 0.0533435 0.0863272 0.0863798 0.0942726 0.0792055 0.0539988 0.0143683 0.0910697 0.0000000 0.0903426 0.1620431 0.1620431 
Pseudochiridae_Pseudocheirus_occidentalis    0.0572347 0.0788968 0.0684278 0.0706602 0.0651607 0.1141420 0.0604142 0.0536093 0.0599738 0.1064458 0.0485365 0.1020856 0.1047429 0.0509155 0.0714657 0.1017336 0.1201768 0.0944571 0.1106845 0.0697077 0.0250651 0.1290083 0.1063173 0.1051170 0.0695617 0.0669092 0.0369106 0.0628409 0.0743384 0.0500842 0.0501171 0.1138074 0.1181555 0.0903426 0.0000000 0.1836464 0.1836464 
Myrmecobiidae_Myrmecobius_fasciatus1         0.1175615 0.1804890 0.1880807 0.2083480 0.2138252 0.1121197 0.1855912 0.1445812 0.1972271 0.1568402 0.1799506 0.1221148 0.1127935 0.1442973 0.2156312 0.1252942 0.1199080 0.1194174 0.1616463 0.1986590 0.1830866 0.2517743 0.2317214 0.1235442 0.1941150 0.1522215 0.2121077 0.2040894 0.1758712 0.2101734 0.1480413 0.1680930 0.1158277 0.1620431 0.1836464 0.0000000 0.0000010 
Myrmecobiidae_Myrmecobius_fasciatus2         0.1175615 0.1804890 0.1880807 0.2083480 0.2138252 0.1121197 0.1855912 0.1445812 0.1972271 0.1568402 0.1799506 0.1221148 0.1127935 0.1442973 0.2156312 0.1252942 0.1199080 0.1194174 0.1616463 0.1986590 0.1830866 0.2517743 0.2317214 0.1235442 0.1941150 0.1522215 0.2121077 0.2040894 0.1758712 0.2101734 0.1480413 0.1680930 0.1158277 0.1620431 0.1836464 0.0000010 0.0000000 
