35
Burramyidae_Burramys_parvus                  0.0000000 0.0537005 0.0261267 0.0302429 0.0292628 0.0495533 0.0223634 0.0268574 0.0266353 0.0604700 0.0232742 0.0475326 0.0529032 0.0246859 0.0301914 0.0484499 0.0494190 0.0438903 0.0583206 0.0283270 0.0371162 0.0605239 0.0618762 0.0487487 0.0309298 0.0380730 0.0323755 0.0253414 0.0434847 0.0435523 0.0308754 0.0235989 0.0632356 0.0491925 0.0588461 
Notoryctidae_Notoryctes_typhlops             0.0537005 0.0000000 0.0558508 0.0636683 0.0621892 0.0754646 0.0581666 0.0597897 0.0591803 0.0757251 0.0510896 0.0728281 0.0799564 0.0592378 0.0580184 0.0747311 0.0721096 0.0690797 0.0776590 0.0587343 0.0660727 0.0850214 0.0852929 0.0752481 0.0627396 0.0600886 0.0668644 0.0571571 0.0783115 0.0712583 0.0571836 0.0560871 0.0802906 0.0738350 0.0740254 
Vombatidae_Lasiorhinus_latifrons             0.0261267 0.0558508 0.0000000 0.0334804 0.0324827 0.0538454 0.0297563 0.0306831 0.0305022 0.0588195 0.0313322 0.0499927 0.0570417 0.0329337 0.0348674 0.0511669 0.0522688 0.0475403 0.0548770 0.0325148 0.0407619 0.0608369 0.0631781 0.0522721 0.0342713 0.0392266 0.0380772 0.0304438 0.0472195 0.0465965 0.0355611 0.0317533 0.0604641 0.0520460 0.0572001 
Potoroidae_Bettongia_penicillata             0.0302429 0.0636683 0.0334804 0.0000000 0.0035205 0.0584221 0.0342590 0.0406894 0.0071045 0.0695736 0.0362182 0.0581699 0.0598259 0.0370282 0.0376618 0.0584728 0.0572057 0.0499563 0.0675309 0.0141491 0.0448250 0.0655835 0.0668105 0.0592061 0.0285625 0.0470972 0.0419314 0.0132007 0.0513509 0.0543195 0.0394164 0.0352160 0.0734461 0.0573245 0.0684370 
Potoroidae_Bettongia_lesueur                 0.0292628 0.0621892 0.0324827 0.0035205 0.0000000 0.0580592 0.0329342 0.0397677 0.0077051 0.0688055 0.0350608 0.0578087 0.0580090 0.0363215 0.0363210 0.0581095 0.0561239 0.0488485 0.0667837 0.0147658 0.0448250 0.0648214 0.0664295 0.0588400 0.0282377 0.0463840 0.0402264 0.0144293 0.0509828 0.0528574 0.0387406 0.0338888 0.0726806 0.0562402 0.0676864 
Dasyuridae_Dasyurus_maculatus                0.0495533 0.0754646 0.0538454 0.0584221 0.0580592 0.0000000 0.0542731 0.0633885 0.0566209 0.0824981 0.0527695 0.0162967 0.0233176 0.0565162 0.0620718 0.0166641 0.0068066 0.0171992 0.0814798 0.0581095 0.0601703 0.0817650 0.0818309 0.0167471 0.0574338 0.0594591 0.0597935 0.0558124 0.0691735 0.0751067 0.0618239 0.0546403 0.0850429 0.0059206 0.0820654 
Phalangeridae_Trichosurus_vulpecula          0.0223634 0.0581666 0.0297563 0.0342590 0.0329342 0.0542731 0.0000000 0.0126284 0.0316209 0.0624784 0.0116836 0.0526204 0.0567371 0.0116776 0.0331814 0.0520185 0.0545093 0.0472608 0.0595558 0.0333140 0.0370966 0.0610712 0.0607571 0.0542700 0.0356717 0.0416800 0.0363945 0.0305912 0.0437826 0.0477417 0.0331327 0.0107438 0.0659303 0.0539061 0.0607813 
Phalangeridae_Spilocuscus_maculatus          0.0268574 0.0597897 0.0306831 0.0406894 0.0397677 0.0633885 0.0126284 0.0000000 0.0378905 0.0639324 0.0087332 0.0614018 0.0677921 0.0097961 0.0395837 0.0618398 0.0631926 0.0557929 0.0621460 0.0388322 0.0469362 0.0677317 0.0687632 0.0637977 0.0435103 0.0435792 0.0459199 0.0355669 0.0547542 0.0497670 0.0396454 0.0072356 0.0686405 0.0618115 0.0622052 
Potoroidae_Aepyprymnus_rufescens             0.0266353 0.0591803 0.0305022 0.0071045 0.0077051 0.0566209 0.0316209 0.0378905 0.0000000 0.0664505 0.0335009 0.0556589 0.0558507 0.0338670 0.0349924 0.0559474 0.0546964 0.0473942 0.0641914 0.0120098 0.0408204 0.0636119 0.0648508 0.0566613 0.0269380 0.0467491 0.0392150 0.0116812 0.0487917 0.0508587 0.0373631 0.0325733 0.0695714 0.0548094 0.0646419 
Peramelidae_Perameles_nasuta                 0.0604700 0.0757251 0.0588195 0.0695736 0.0688055 0.0824981 0.0624784 0.0639324 0.0664505 0.0000000 0.0643653 0.0795619 0.0827818 0.0643608 0.0627802 0.0809305 0.0812106 0.0731193 0.0119416 0.0677663 0.0689952 0.0886534 0.0828161 0.0803244 0.0700094 0.0671285 0.0677776 0.0648946 0.0734729 0.0769576 0.0667111 0.0615017 0.0145715 0.0825939 0.0008998 
Phalangeridae_Strigocuscus_pelengensis       0.0232742 0.0510896 0.0313322 0.0362182 0.0350608 0.0527695 0.0116836 0.0087332 0.0335009 0.0643653 0.0000000 0.0484296 0.0570058 0.0071494 0.0338047 0.0503950 0.0545020 0.0468815 0.0617115 0.0354761 0.0413574 0.0598011 0.0645969 0.0513704 0.0346888 0.0427571 0.0386235 0.0326045 0.0464425 0.0466212 0.0343010 0.0055927 0.0669303 0.0524332 0.0623659 
Dasyuridae_Phascogale_tapoatafa              0.0475326 0.0728281 0.0499927 0.0581699 0.0578087 0.0162967 0.0526204 0.0614018 0.0556589 0.0795619 0.0484296 0.0000000 0.0238321 0.0554635 0.0584505 0.0050292 0.0159355 0.0170863 0.0776230 0.0564161 0.0591262 0.0801706 0.0816335 0.0062638 0.0567860 0.0576980 0.0569135 0.0530745 0.0672996 0.0718815 0.0581999 0.0532667 0.0812491 0.0162736 0.0781918 
Dasyuridae_Sminthopsis_macroura              0.0529032 0.0799564 0.0570417 0.0598259 0.0580090 0.0233176 0.0567371 0.0677921 0.0558507 0.0827818 0.0570058 0.0238321 0.0000000 0.0598598 0.0612002 0.0245839 0.0229236 0.0171189 0.0803556 0.0558507 0.0625678 0.0857034 0.0826818 0.0228188 0.0584322 0.0635874 0.0649001 0.0561241 0.0708063 0.0786541 0.0631523 0.0577489 0.0848368 0.0239208 0.0809374 
Phalangeridae_Phalanger_orientalis           0.0246859 0.0592378 0.0329337 0.0370282 0.0363215 0.0565162 0.0116776 0.0097961 0.0338670 0.0643608 0.0071494 0.0554635 0.0598598 0.0000000 0.0359214 0.0565265 0.0567625 0.0505266 0.0608164 0.0342408 0.0430412 0.0608837 0.0623016 0.0574458 0.0364107 0.0427671 0.0399683 0.0320714 0.0485230 0.0496490 0.0359703 0.0024778 0.0679016 0.0560847 0.0625123 
Acrobatidae_Acrobates_pygmaeus               0.0301914 0.0580184 0.0348674 0.0376618 0.0363210 0.0620718 0.0331814 0.0395837 0.0349924 0.0627802 0.0338047 0.0584505 0.0612002 0.0359214 0.0000000 0.0575569 0.0611684 0.0535981 0.0602101 0.0350375 0.0406216 0.0664505 0.0673276 0.0605253 0.0357356 0.0469683 0.0356326 0.0332828 0.0443841 0.0457394 0.0235680 0.0341610 0.0660127 0.0616948 0.0611959 
Dasyuridae_Phascogale_calura                 0.0484499 0.0747311 0.0511669 0.0584728 0.0581095 0.0166641 0.0520185 0.0618398 0.0559474 0.0809305 0.0503950 0.0050292 0.0245839 0.0565265 0.0575569 0.0000000 0.0162924 0.0174860 0.0794125 0.0563474 0.0582549 0.0834324 0.0845074 0.0071937 0.0578066 0.0587155 0.0579373 0.0540640 0.0671869 0.0726870 0.0568742 0.0542268 0.0830774 0.0166404 0.0800330 
Dasyuridae_Sarcophilus_harrisii              0.0494190 0.0721096 0.0522688 0.0572057 0.0561239 0.0068066 0.0545093 0.0631926 0.0546964 0.0812106 0.0545020 0.0159355 0.0229236 0.0567625 0.0611684 0.0162924 0.0000000 0.0158480 0.0796875 0.0561724 0.0616551 0.0826273 0.0820945 0.0170289 0.0562598 0.0586118 0.0603894 0.0538970 0.0710559 0.0753930 0.0594924 0.0548478 0.0849328 0.0059019 0.0803084 
Dasyuridae_Planigale_tenuirostris            0.0438903 0.0690797 0.0475403 0.0499563 0.0488485 0.0171992 0.0472608 0.0557929 0.0473942 0.0731193 0.0468815 0.0170863 0.0171189 0.0505266 0.0535981 0.0174860 0.0158480 0.0000000 0.0726950 0.0477361 0.0552724 0.0800281 0.0792573 0.0191065 0.0489796 0.0538789 0.0549761 0.0458241 0.0643331 0.0689241 0.0541269 0.0490960 0.0770609 0.0165307 0.0724726 
Peramelidae_Echymipera_kalubu                0.0583206 0.0776590 0.0548770 0.0675309 0.0667837 0.0814798 0.0595558 0.0621460 0.0641914 0.0119416 0.0617115 0.0776230 0.0803556 0.0608164 0.0602101 0.0794125 0.0796875 0.0726950 0.0000000 0.0657699 0.0648316 0.0853401 0.0800703 0.0785514 0.0680615 0.0648284 0.0643948 0.0626130 0.0696686 0.0709093 0.0637091 0.0585715 0.0155170 0.0810769 0.0117112 
Macropodidae_Dorcopsulus_vanheurni           0.0283270 0.0587343 0.0325148 0.0141491 0.0147658 0.0581095 0.0333140 0.0388322 0.0120098 0.0677663 0.0354761 0.0564161 0.0558507 0.0342408 0.0350375 0.0563474 0.0561724 0.0477361 0.0657699 0.0000000 0.0430642 0.0660009 0.0673008 0.0574094 0.0279540 0.0467647 0.0398740 0.0068187 0.0495934 0.0489664 0.0381230 0.0342707 0.0708497 0.0562889 0.0662950 
Pseudochiridae_Pseudochirulus_forbesi        0.0371162 0.0660727 0.0407619 0.0448250 0.0448250 0.0601703 0.0370966 0.0469362 0.0408204 0.0689952 0.0413574 0.0591262 0.0625678 0.0430412 0.0406216 0.0582549 0.0616551 0.0552724 0.0648316 0.0430642 0.0000000 0.0696839 0.0734114 0.0600580 0.0442340 0.0532325 0.0288205 0.0396366 0.0141063 0.0425843 0.0424598 0.0410820 0.0697614 0.0618282 0.0670274 
Didelphidae_Didelphis_virginiana             0.0605239 0.0850214 0.0608369 0.0655835 0.0648214 0.0817650 0.0610712 0.0677317 0.0636119 0.0886534 0.0598011 0.0801706 0.0857034 0.0608837 0.0664505 0.0834324 0.0826273 0.0800281 0.0853401 0.0660009 0.0696839 0.0000000 0.0216072 0.0819263 0.0674087 0.0608802 0.0678653 0.0624206 0.0789079 0.0806235 0.0646797 0.0595019 0.0887652 0.0824139 0.0871842 
Marmosidae_Monodelphis_domestica             0.0618762 0.0852929 0.0631781 0.0668105 0.0664295 0.0818309 0.0607571 0.0687632 0.0648508 0.0828161 0.0645969 0.0816335 0.0826818 0.0623016 0.0673276 0.0845074 0.0820945 0.0792573 0.0800703 0.0673008 0.0734114 0.0216072 0.0000000 0.0826386 0.0690658 0.0625868 0.0708325 0.0633043 0.0797884 0.0822113 0.0650648 0.0603099 0.0833546 0.0826818 0.0805304 
Dasyuridae_Antechinus_stuartii               0.0487487 0.0752481 0.0522721 0.0592061 0.0588400 0.0167471 0.0542700 0.0637977 0.0566613 0.0803244 0.0513704 0.0062638 0.0228188 0.0574458 0.0605253 0.0071937 0.0170289 0.0191065 0.0785514 0.0574094 0.0600580 0.0819263 0.0826386 0.0000000 0.0578044 0.0583546 0.0588502 0.0540128 0.0679266 0.0743175 0.0592369 0.0549524 0.0812765 0.0173735 0.0795220 
Hypsiprymnodontidae_Hypsiprymnodon_moschatus 0.0309298 0.0627396 0.0342713 0.0285625 0.0282377 0.0574338 0.0356717 0.0435103 0.0269380 0.0700094 0.0346888 0.0567860 0.0584322 0.0364107 0.0357356 0.0578066 0.0562598 0.0489796 0.0680615 0.0279540 0.0442340 0.0674087 0.0690658 0.0578044 0.0000000 0.0456896 0.0402944 0.0266035 0.0518486 0.0568103 0.0398082 0.0356311 0.0732204 0.0574637 0.0681463 
Microbiotheriidae_Dromiciops_gliroides       0.0380730 0.0600886 0.0392266 0.0470972 0.0463840 0.0594591 0.0416800 0.0435792 0.0467491 0.0671285 0.0427571 0.0576980 0.0635874 0.0427671 0.0469683 0.0587155 0.0586118 0.0538789 0.0648284 0.0467647 0.0532325 0.0608802 0.0625868 0.0583546 0.0456896 0.0000000 0.0482288 0.0458398 0.0592291 0.0612778 0.0467734 0.0405616 0.0695435 0.0591397 0.0661627 
Pseudochiridae_Petauroides_volans            0.0323755 0.0668644 0.0380772 0.0419314 0.0402264 0.0597935 0.0363945 0.0459199 0.0392150 0.0677776 0.0386235 0.0569135 0.0649001 0.0399683 0.0356326 0.0579373 0.0603894 0.0549761 0.0643948 0.0398740 0.0288205 0.0678653 0.0708325 0.0588502 0.0402944 0.0482288 0.0000000 0.0370656 0.0326443 0.0427915 0.0370543 0.0376949 0.0698698 0.0601496 0.0660369 
Macropodidae_Wallabia_bicolor                0.0253414 0.0571571 0.0304438 0.0132007 0.0144293 0.0558124 0.0305912 0.0355669 0.0116812 0.0648946 0.0326045 0.0530745 0.0561241 0.0320714 0.0332828 0.0540640 0.0538970 0.0458241 0.0626130 0.0068187 0.0396366 0.0624206 0.0633043 0.0540128 0.0266035 0.0458398 0.0370656 0.0000000 0.0457441 0.0472879 0.0343384 0.0315405 0.0683989 0.0540079 0.0631253 
Pseudochiridae_Pseudocheirus_occidentalis    0.0434847 0.0783115 0.0472195 0.0513509 0.0509828 0.0691735 0.0437826 0.0547542 0.0487917 0.0734729 0.0464425 0.0672996 0.0708063 0.0485230 0.0443841 0.0671869 0.0710559 0.0643331 0.0696686 0.0495934 0.0141063 0.0789079 0.0797884 0.0679266 0.0518486 0.0592291 0.0326443 0.0457441 0.0000000 0.0503849 0.0459217 0.0456087 0.0747144 0.0708596 0.0723719 
Tarsipedidae_Tarsipes_rostratus              0.0435523 0.0712583 0.0465965 0.0543195 0.0528574 0.0751067 0.0477417 0.0497670 0.0508587 0.0769576 0.0466212 0.0718815 0.0786541 0.0496490 0.0457394 0.0726870 0.0753930 0.0689241 0.0709093 0.0489664 0.0425843 0.0806235 0.0822113 0.0743175 0.0568103 0.0612778 0.0427915 0.0472879 0.0503849 0.0000000 0.0481194 0.0481968 0.0778318 0.0755443 0.0741131 
Acrobatidae_Distoechurus_pennatus            0.0308754 0.0571836 0.0355611 0.0394164 0.0387406 0.0618239 0.0331327 0.0396454 0.0373631 0.0667111 0.0343010 0.0581999 0.0631523 0.0359703 0.0235680 0.0568742 0.0594924 0.0541269 0.0637091 0.0381230 0.0424598 0.0646797 0.0650648 0.0592369 0.0398082 0.0467734 0.0370543 0.0343384 0.0459217 0.0481194 0.0000000 0.0352349 0.0690694 0.0610798 0.0648991 
Phalangeridae_Phalanger_carmelitae           0.0235989 0.0560871 0.0317533 0.0352160 0.0338888 0.0546403 0.0107438 0.0072356 0.0325733 0.0615017 0.0055927 0.0532667 0.0577489 0.0024778 0.0341610 0.0542268 0.0548478 0.0490960 0.0585715 0.0342707 0.0410820 0.0595019 0.0603099 0.0549524 0.0356311 0.0405616 0.0376949 0.0315405 0.0456087 0.0481968 0.0352349 0.0000000 0.0649655 0.0546307 0.0598246 
Peramelidae_Peroryctes_raffrayana            0.0632356 0.0802906 0.0604641 0.0734461 0.0726806 0.0850429 0.0659303 0.0686405 0.0695714 0.0145715 0.0669303 0.0812491 0.0848368 0.0679016 0.0660127 0.0830774 0.0849328 0.0770609 0.0155170 0.0708497 0.0697614 0.0887652 0.0833546 0.0812765 0.0732204 0.0695435 0.0698698 0.0683989 0.0747144 0.0778318 0.0690694 0.0649655 0.0000000 0.0851704 0.0139826 
Dasyuridae_Dasyurus_geffroii                 0.0491925 0.0738350 0.0520460 0.0573245 0.0562402 0.0059206 0.0539061 0.0618115 0.0548094 0.0825939 0.0524332 0.0162736 0.0239208 0.0560847 0.0616948 0.0166404 0.0059019 0.0165307 0.0810769 0.0562889 0.0618282 0.0824139 0.0826818 0.0173735 0.0574637 0.0591397 0.0601496 0.0540079 0.0708596 0.0755443 0.0610798 0.0546307 0.0851704 0.0000000 0.0816609 
Peramelidae_Perameles_gunnii                 0.0588461 0.0740254 0.0572001 0.0684370 0.0676864 0.0820654 0.0607813 0.0622052 0.0646419 0.0008998 0.0623659 0.0781918 0.0809374 0.0625123 0.0611959 0.0800330 0.0803084 0.0724726 0.0117112 0.0662950 0.0670274 0.0871842 0.0805304 0.0795220 0.0681463 0.0661627 0.0660369 0.0631253 0.0723719 0.0741131 0.0648991 0.0598246 0.0139826 0.0816609 0.0000000 
