37
Burramyidae_Burramys_parvus                  0.0000000 0.0705335 0.0423448 0.0480076 0.0499040 0.0666833 0.0328210 0.0365711 0.0451222 0.0738745 0.0344156 0.0654693 0.0658937 0.0391981 0.0427293 0.0680295 0.0664681 0.0618099 0.0631971 0.0511651 0.0577925 0.0827721 0.0717870 0.0613362 0.0449655 0.0475692 0.0438844 0.0501875 0.0498959 0.0607477 0.0492236 0.0365253 0.0686690 0.0689785 0.0734513 0.0789091 0.0789091 
Notoryctidae_Notoryctes_typhlops             0.0705335 0.0000000 0.0629938 0.0763814 0.0771291 0.0854159 0.0605115 0.0670933 0.0750755 0.0821566 0.0642657 0.0807077 0.0825508 0.0699672 0.0716420 0.0818911 0.0884676 0.0737565 0.0775785 0.0770037 0.0846772 0.0988146 0.0933116 0.0821681 0.0748806 0.0694392 0.0679599 0.0758377 0.0737771 0.0850302 0.0808974 0.0651586 0.0820311 0.0887005 0.0847219 0.0896475 0.0896475 
Vombatidae_Lasiorhinus_latifrons             0.0423448 0.0629938 0.0000000 0.0536372 0.0541832 0.0570450 0.0370632 0.0400959 0.0474309 0.0702629 0.0402032 0.0539485 0.0567252 0.0454401 0.0477598 0.0552652 0.0568662 0.0531279 0.0641989 0.0527586 0.0591516 0.0780342 0.0705358 0.0542100 0.0460277 0.0485841 0.0399864 0.0507134 0.0488162 0.0657054 0.0530128 0.0434525 0.0633370 0.0585476 0.0701684 0.0081125 0.0081125 
Potoroidae_Bettongia_penicillata             0.0480076 0.0763814 0.0536372 0.0000000 0.0032726 0.0738990 0.0443673 0.0449967 0.0090524 0.0874133 0.0478058 0.0708139 0.0713741 0.0511985 0.0497706 0.0719592 0.0745021 0.0672627 0.0810684 0.0259073 0.0657271 0.1010043 0.0896625 0.0705345 0.0337246 0.0566399 0.0490837 0.0229150 0.0599729 0.0687148 0.0582260 0.0482945 0.0821333 0.0761891 0.0847985 0.0761204 0.0761204 
Potoroidae_Bettongia_lesueur                 0.0499040 0.0771291 0.0541832 0.0032726 0.0000000 0.0738752 0.0448959 0.0459651 0.0111672 0.0890625 0.0483973 0.0708866 0.0714466 0.0522405 0.0517072 0.0720322 0.0745792 0.0679750 0.0818569 0.0275286 0.0667472 0.1026505 0.0900548 0.0705370 0.0354399 0.0561933 0.0500687 0.0244864 0.0605802 0.0692933 0.0602328 0.0492905 0.0827910 0.0762671 0.0848869 0.0724242 0.0724242 
Dasyuridae_Dasyurus_maculatus                0.0666833 0.0854159 0.0570450 0.0738990 0.0738752 0.0000000 0.0609195 0.0625915 0.0716900 0.0896893 0.0632083 0.0122562 0.0163834 0.0685710 0.0687437 0.0129914 0.0040471 0.0196621 0.0814945 0.0750525 0.0803921 0.1011359 0.0919557 0.0124413 0.0714482 0.0720564 0.0647612 0.0735026 0.0675155 0.0834589 0.0746486 0.0654341 0.0849205 0.0026748 0.0870095 0.0710498 0.0710498 
Phalangeridae_Trichosurus_vulpecula          0.0328210 0.0605115 0.0370632 0.0443673 0.0448959 0.0609195 0.0000000 0.0161610 0.0394532 0.0684819 0.0184044 0.0595627 0.0599234 0.0201054 0.0389279 0.0614009 0.0609614 0.0530455 0.0619866 0.0457812 0.0516334 0.0784850 0.0689927 0.0578517 0.0391127 0.0428351 0.0379551 0.0438923 0.0452117 0.0531241 0.0463210 0.0181495 0.0644553 0.0622978 0.0664389 0.0744813 0.0744813 
Phalangeridae_Spilocuscus_maculatus          0.0365711 0.0670933 0.0400959 0.0449967 0.0459651 0.0625915 0.0161610 0.0000000 0.0400070 0.0754177 0.0124238 0.0624246 0.0634137 0.0128538 0.0398845 0.0641511 0.0641886 0.0536102 0.0669456 0.0473561 0.0570594 0.0848941 0.0763930 0.0606649 0.0421920 0.0471261 0.0387651 0.0458730 0.0492592 0.0532530 0.0475039 0.0106333 0.0713414 0.0648563 0.0721583 0.0765879 0.0765879 
Potoroidae_Aepyprymnus_rufescens             0.0451222 0.0750755 0.0474309 0.0090524 0.0111672 0.0716900 0.0394532 0.0400070 0.0000000 0.0869780 0.0427041 0.0686467 0.0703491 0.0452368 0.0482378 0.0698070 0.0718403 0.0652545 0.0794515 0.0231468 0.0626283 0.0994972 0.0887013 0.0684224 0.0307564 0.0549946 0.0462427 0.0209852 0.0547562 0.0633293 0.0542434 0.0424389 0.0812460 0.0739816 0.0838354 0.0720001 0.0720001 
Peramelidae_Perameles_nasuta                 0.0738745 0.0821566 0.0702629 0.0874133 0.0890625 0.0896893 0.0684819 0.0754177 0.0869780 0.0000000 0.0719492 0.0893883 0.0888733 0.0753596 0.0741062 0.0886251 0.0900124 0.0889241 0.0169238 0.0916744 0.0887545 0.1058339 0.1027648 0.0859812 0.0834672 0.0745635 0.0742573 0.0884723 0.0824406 0.0949753 0.0873387 0.0729179 0.0178414 0.0924047 0.0012574 0.0705980 0.0705980 
Phalangeridae_Strigocuscus_pelengensis       0.0344156 0.0642657 0.0402032 0.0478058 0.0483973 0.0632083 0.0184044 0.0124238 0.0427041 0.0719492 0.0000000 0.0631447 0.0635247 0.0137913 0.0422517 0.0647518 0.0642275 0.0557644 0.0644887 0.0498717 0.0586744 0.0858419 0.0793707 0.0617243 0.0423479 0.0485574 0.0419085 0.0491797 0.0472810 0.0556384 0.0492719 0.0119311 0.0672506 0.0655766 0.0696943 0.0689260 0.0689260 
Dasyuridae_Phascogale_tapoatafa              0.0654693 0.0807077 0.0539485 0.0708139 0.0708866 0.0122562 0.0595627 0.0624246 0.0686467 0.0893883 0.0631447 0.0000000 0.0148574 0.0677868 0.0668139 0.0006616 0.0123033 0.0174675 0.0814360 0.0719008 0.0797904 0.0978999 0.0867901 0.0073032 0.0694974 0.0671319 0.0636770 0.0709864 0.0678316 0.0847627 0.0723151 0.0650798 0.0854497 0.0129998 0.0868483 0.0703608 0.0703608 
Dasyuridae_Sminthopsis_macroura              0.0658937 0.0825508 0.0567252 0.0713741 0.0714466 0.0163834 0.0599234 0.0634137 0.0703491 0.0888733 0.0635247 0.0148574 0.0000000 0.0683372 0.0675319 0.0158620 0.0172001 0.0135868 0.0829146 0.0735430 0.0802641 0.0978815 0.0873256 0.0170619 0.0695304 0.0678477 0.0634602 0.0732670 0.0687656 0.0861675 0.0725116 0.0660944 0.0876969 0.0177842 0.0871510 0.0754310 0.0754310 
Phalangeridae_Phalanger_orientalis           0.0391981 0.0699672 0.0454401 0.0511985 0.0522405 0.0685710 0.0201054 0.0128538 0.0452368 0.0753596 0.0137913 0.0677868 0.0683372 0.0000000 0.0437701 0.0694704 0.0695871 0.0572613 0.0696362 0.0508229 0.0602367 0.0882635 0.0799542 0.0664793 0.0456384 0.0524536 0.0432289 0.0493946 0.0519350 0.0591775 0.0513475 0.0049606 0.0737552 0.0703631 0.0741170 0.0693575 0.0693575 
Acrobatidae_Acrobates_pygmaeus               0.0427293 0.0716420 0.0477598 0.0497706 0.0517072 0.0687437 0.0389279 0.0398845 0.0482378 0.0741062 0.0422517 0.0668139 0.0675319 0.0437701 0.0000000 0.0680870 0.0700128 0.0580318 0.0676091 0.0535830 0.0532264 0.0861019 0.0786561 0.0640358 0.0466255 0.0549232 0.0411699 0.0510995 0.0444701 0.0560935 0.0258176 0.0418911 0.0755078 0.0710836 0.0733068 0.0843492 0.0843492 
Dasyuridae_Phascogale_calura                 0.0680295 0.0818911 0.0552652 0.0719592 0.0720322 0.0129914 0.0614009 0.0641511 0.0698070 0.0886251 0.0647518 0.0006616 0.0158620 0.0694704 0.0680870 0.0000000 0.0130420 0.0178950 0.0820800 0.0730393 0.0818753 0.0971887 0.0872448 0.0080209 0.0711633 0.0680956 0.0650139 0.0721403 0.0692941 0.0858199 0.0739982 0.0672142 0.0851298 0.0136545 0.0868425 0.0677548 0.0677548 
Dasyuridae_Sarcophilus_harrisii              0.0664681 0.0884676 0.0568662 0.0745021 0.0745792 0.0040471 0.0609614 0.0641886 0.0718403 0.0900124 0.0642275 0.0123033 0.0172001 0.0695871 0.0700128 0.0130420 0.0000000 0.0201117 0.0817443 0.0767454 0.0806965 0.1008744 0.0930976 0.0132054 0.0720398 0.0713222 0.0651208 0.0752965 0.0684290 0.0843933 0.0749093 0.0664713 0.0847831 0.0047469 0.0872743 0.0643856 0.0643856 
Dasyuridae_Planigale_tenuirostris            0.0618099 0.0737565 0.0531279 0.0672627 0.0679750 0.0196621 0.0530455 0.0536102 0.0652545 0.0889241 0.0557644 0.0174675 0.0135868 0.0572613 0.0580318 0.0178950 0.0201117 0.0000000 0.0802613 0.0681840 0.0718698 0.0953451 0.0886188 0.0179729 0.0653087 0.0606821 0.0549966 0.0666554 0.0580510 0.0777557 0.0680611 0.0538603 0.0838952 0.0196697 0.0818543 9.0000000 9.0000000 
Peramelidae_Echymipera_kalubu                0.0631971 0.0775785 0.0641989 0.0810684 0.0818569 0.0814945 0.0619866 0.0669456 0.0794515 0.0169238 0.0644887 0.0814360 0.0829146 0.0696362 0.0676091 0.0820800 0.0817443 0.0802613 0.0000000 0.0834268 0.0819053 0.0957713 0.0909897 0.0796447 0.0739034 0.0690752 0.0662803 0.0807992 0.0733219 0.0894351 0.0768492 0.0668808 0.0114843 0.0845112 0.0143121 0.0660283 0.0660283 
Macropodidae_Dorcopsulus_vanheurni           0.0511651 0.0770037 0.0527586 0.0259073 0.0275286 0.0750525 0.0457812 0.0473561 0.0231468 0.0916744 0.0498717 0.0719008 0.0735430 0.0508229 0.0535830 0.0730393 0.0767454 0.0681840 0.0834268 0.0000000 0.0668117 0.0993685 0.0897577 0.0726742 0.0346985 0.0581130 0.0476230 0.0073574 0.0591250 0.0698177 0.0578693 0.0488614 0.0842811 0.0779703 0.0881961 0.0797135 0.0797135 
Pseudochiridae_Pseudochirulus_forbesi        0.0577925 0.0846772 0.0591516 0.0657271 0.0667472 0.0803921 0.0516334 0.0570594 0.0626283 0.0887545 0.0586744 0.0797904 0.0802641 0.0602367 0.0532264 0.0818753 0.0806965 0.0718698 0.0819053 0.0668117 0.0000000 0.0989766 0.0869894 0.0796763 0.0604142 0.0704391 0.0275210 0.0647470 0.0179956 0.0674601 0.0601612 0.0572021 0.0861520 0.0823731 0.0891827 0.0909720 0.0909720 
Didelphidae_Didelphis_virginiana             0.0827721 0.0988146 0.0780342 0.1010043 0.1026505 0.1011359 0.0784850 0.0848941 0.0994972 0.1058339 0.0858419 0.0978999 0.0978815 0.0882635 0.0861019 0.0971887 0.1008744 0.0953451 0.0957713 0.0993685 0.0989766 0.0000000 0.0231291 0.0989289 0.0902855 0.0843671 0.0844160 0.0996044 0.0922319 0.1045468 0.0969141 0.0855559 0.1002502 0.1024162 0.1034757 0.0878767 0.0878767 
Marmosidae_Monodelphis_domestica             0.0717870 0.0933116 0.0705358 0.0896625 0.0900548 0.0919557 0.0689927 0.0763930 0.0887013 0.1027648 0.0793707 0.0867901 0.0873256 0.0799542 0.0786561 0.0872448 0.0930976 0.0886188 0.0909897 0.0897577 0.0869894 0.0231291 0.0000000 0.0886290 0.0824162 0.0766749 0.0772121 0.0897365 0.0808998 0.0947473 0.0871194 0.0772545 0.0943308 0.0945384 0.0997627 0.0782708 0.0782708 
Dasyuridae_Antechinus_stuartii               0.0613362 0.0821681 0.0542100 0.0705345 0.0705370 0.0124413 0.0578517 0.0606649 0.0684224 0.0859812 0.0617243 0.0073032 0.0170619 0.0664793 0.0640358 0.0080209 0.0132054 0.0179729 0.0796447 0.0726742 0.0796763 0.0989289 0.0886290 0.0000000 0.0690870 0.0671724 0.0623809 0.0710273 0.0681121 0.0808809 0.0701448 0.0633897 0.0819641 0.0139851 0.0840389 0.0719264 0.0719264 
Hypsiprymnodontidae_Hypsiprymnodon_moschatus 0.0449655 0.0748806 0.0460277 0.0337246 0.0354399 0.0714482 0.0391127 0.0421920 0.0307564 0.0834672 0.0423479 0.0694974 0.0695304 0.0456384 0.0466255 0.0711633 0.0720398 0.0653087 0.0739034 0.0346985 0.0604142 0.0902855 0.0824162 0.0690870 0.0000000 0.0523906 0.0468572 0.0337127 0.0529661 0.0614465 0.0510236 0.0446148 0.0780730 0.0726315 0.0800451 0.0772176 0.0772176 
Microbiotheriidae_Dromiciops_gliroides       0.0475692 0.0694392 0.0485841 0.0566399 0.0561933 0.0720564 0.0428351 0.0471261 0.0549946 0.0745635 0.0485574 0.0671319 0.0678477 0.0524536 0.0549232 0.0680956 0.0713222 0.0606821 0.0690752 0.0581130 0.0704391 0.0843671 0.0766749 0.0671724 0.0523906 0.0000000 0.0524917 0.0566677 0.0591776 0.0727225 0.0606967 0.0504401 0.0736550 0.0736104 0.0727588 0.0841718 0.0841718 
Pseudochiridae_Petauroides_volans            0.0438844 0.0679599 0.0399864 0.0490837 0.0500687 0.0647612 0.0379551 0.0387651 0.0462427 0.0742573 0.0419085 0.0636770 0.0634602 0.0432289 0.0411699 0.0650139 0.0651208 0.0549966 0.0662803 0.0476230 0.0275210 0.0844160 0.0772121 0.0623809 0.0468572 0.0524917 0.0000000 0.0469503 0.0208805 0.0484574 0.0472443 0.0417068 0.0697370 0.0663592 0.0747608 0.0740862 0.0740862 
Macropodidae_Wallabia_bicolor                0.0501875 0.0758377 0.0507134 0.0229150 0.0244864 0.0735026 0.0438923 0.0458730 0.0209852 0.0884723 0.0491797 0.0709864 0.0732670 0.0493946 0.0510995 0.0721403 0.0752965 0.0666554 0.0807992 0.0073574 0.0647470 0.0996044 0.0897365 0.0710273 0.0337127 0.0566677 0.0469503 0.0000000 0.0592180 0.0656095 0.0564968 0.0474150 0.0817072 0.0769944 0.0851086 0.0839613 0.0839613 
Pseudochiridae_Pseudocheirus_occidentalis    0.0498959 0.0737771 0.0488162 0.0599729 0.0605802 0.0675155 0.0452117 0.0492592 0.0547562 0.0824406 0.0472810 0.0678316 0.0687656 0.0519350 0.0444701 0.0692941 0.0684290 0.0580510 0.0733219 0.0591250 0.0179956 0.0922319 0.0808998 0.0681121 0.0529661 0.0591776 0.0208805 0.0592180 0.0000000 0.0559178 0.0529468 0.0472886 0.0749180 0.0703962 0.0823811 0.1047813 0.1047813 
Tarsipedidae_Tarsipes_rostratus              0.0607477 0.0850302 0.0657054 0.0687148 0.0692933 0.0834589 0.0531241 0.0532530 0.0633293 0.0949753 0.0556384 0.0847627 0.0861675 0.0591775 0.0560935 0.0858199 0.0843933 0.0777557 0.0894351 0.0698177 0.0674601 0.1045468 0.0947473 0.0808809 0.0614465 0.0727225 0.0484574 0.0656095 0.0559178 0.0000000 0.0670733 0.0575165 0.0881424 0.0851366 0.0954076 0.0792437 0.0792437 
Acrobatidae_Distoechurus_pennatus            0.0492236 0.0808974 0.0530128 0.0582260 0.0602328 0.0746486 0.0463210 0.0475039 0.0542434 0.0873387 0.0492719 0.0723151 0.0725116 0.0513475 0.0258176 0.0739982 0.0749093 0.0680611 0.0768492 0.0578693 0.0601612 0.0969141 0.0871194 0.0701448 0.0510236 0.0606967 0.0472443 0.0564968 0.0529468 0.0670733 0.0000000 0.0493825 0.0831995 0.0763785 0.0848521 0.0748381 0.0748381 
Phalangeridae_Phalanger_carmelitae           0.0365253 0.0651586 0.0434525 0.0482945 0.0492905 0.0654341 0.0181495 0.0106333 0.0424389 0.0729179 0.0119311 0.0650798 0.0660944 0.0049606 0.0418911 0.0672142 0.0664713 0.0538603 0.0668808 0.0488614 0.0572021 0.0855559 0.0772545 0.0633897 0.0446148 0.0504401 0.0417068 0.0474150 0.0472886 0.0575165 0.0493825 0.0000000 0.0696630 0.0680857 0.0708989 0.0765973 0.0765973 
Peramelidae_Peroryctes_raffrayana            0.0686690 0.0820311 0.0633370 0.0821333 0.0827910 0.0849205 0.0644553 0.0713414 0.0812460 0.0178414 0.0672506 0.0854497 0.0876969 0.0737552 0.0755078 0.0851298 0.0847831 0.0838952 0.0114843 0.0842811 0.0861520 0.1002502 0.0943308 0.0819641 0.0780730 0.0736550 0.0697370 0.0817072 0.0749180 0.0881424 0.0831995 0.0696630 0.0000000 0.0883560 0.0164582 0.0574102 0.0574102 
Dasyuridae_Dasyurus_geffroii                 0.0689785 0.0887005 0.0585476 0.0761891 0.0762671 0.0026748 0.0622978 0.0648563 0.0739816 0.0924047 0.0655766 0.0129998 0.0177842 0.0703631 0.0710836 0.0136545 0.0047469 0.0196697 0.0845112 0.0779703 0.0823731 0.1024162 0.0945384 0.0139851 0.0726315 0.0736104 0.0663592 0.0769944 0.0703962 0.0851366 0.0763785 0.0680857 0.0883560 0.0000000 0.0899922 0.0641697 0.0641697 
Peramelidae_Perameles_gunnii                 0.0734513 0.0847219 0.0701684 0.0847985 0.0848869 0.0870095 0.0664389 0.0721583 0.0838354 0.0012574 0.0696943 0.0868483 0.0871510 0.0741170 0.0733068 0.0868425 0.0872743 0.0818543 0.0143121 0.0881961 0.0891827 0.1034757 0.0997627 0.0840389 0.0800451 0.0727588 0.0747608 0.0851086 0.0823811 0.0954076 0.0848521 0.0708989 0.0164582 0.0899922 0.0000000 0.0709936 0.0709936 
Vombatidae_Vombatus_ursinus1                 0.0789091 0.0896475 0.0081125 0.0761204 0.0724242 0.0710498 0.0744813 0.0765879 0.0720001 0.0705980 0.0689260 0.0703608 0.0754310 0.0693575 0.0843492 0.0677548 0.0643856 9.0000000 0.0660283 0.0797135 0.0909720 0.0878767 0.0782708 0.0719264 0.0772176 0.0841718 0.0740862 0.0839613 0.1047813 0.0792437 0.0748381 0.0765973 0.0574102 0.0641697 0.0709936 0.0000000 0.0000010 
Vombatidae_Vombatus_ursinus2                 0.0789091 0.0896475 0.0081125 0.0761204 0.0724242 0.0710498 0.0744813 0.0765879 0.0720001 0.0705980 0.0689260 0.0703608 0.0754310 0.0693575 0.0843492 0.0677548 0.0643856 9.0000000 0.0660283 0.0797135 0.0909720 0.0878767 0.0782708 0.0719264 0.0772176 0.0841718 0.0740862 0.0839613 0.1047813 0.0792437 0.0748381 0.0765973 0.0574102 0.0641697 0.0709936 0.0000010 0.0000000 
