35
Burramyidae_Burramys_parvus                  0.0000000 0.0529343 0.0341169 0.0400105 0.0395452 0.0682689 0.0386945 0.0357982 0.0400288 0.0713178 0.0374683 0.0660495 0.0664551 0.0355870 0.0361018 0.0643627 0.0685517 0.0597998 0.0687546 0.0405479 0.0412023 0.0708602 0.0646876 0.0595588 0.0439899 0.0513875 0.0360897 0.0410050 0.0333912 0.0544619 0.0353574 0.0366175 0.0664130 0.0689275 0.0702728 
Notoryctidae_Notoryctes_typhlops             0.0529343 0.0000000 0.0536892 0.0647787 0.0644406 0.0726256 0.0605942 0.0600806 0.0653905 0.0769130 0.0603592 0.0710047 0.0721853 0.0600869 0.0620476 0.0690418 0.0724750 0.0640906 0.0731007 0.0652872 0.0647432 0.0803441 0.0715940 0.0652275 0.0660358 0.0582633 0.0627133 0.0653665 0.0587815 0.0796826 0.0599651 0.0610271 0.0695405 0.0738159 0.0769552 
Vombatidae_Lasiorhinus_latifrons             0.0341169 0.0536892 0.0000000 0.0456728 0.0447430 0.0689408 0.0461444 0.0445704 0.0454540 0.0692078 0.0453547 0.0684047 0.0710405 0.0434409 0.0432549 0.0662401 0.0692234 0.0617014 0.0672390 0.0474082 0.0560310 0.0724196 0.0659600 0.0596089 0.0462209 0.0533127 0.0414915 0.0456654 0.0413433 0.0597480 0.0418658 0.0442694 0.0647795 0.0691433 0.0691210 
Potoroidae_Bettongia_penicillata             0.0400105 0.0647787 0.0456728 0.0000000 0.0030126 0.0797922 0.0496481 0.0478473 0.0087807 0.0815774 0.0494677 0.0772110 0.0797274 0.0485007 0.0482810 0.0754627 0.0791047 0.0708912 0.0808138 0.0157154 0.0541237 0.0822376 0.0785532 0.0707767 0.0312780 0.0623543 0.0492827 0.0158502 0.0458993 0.0670089 0.0472811 0.0488788 0.0776687 0.0804380 0.0801908 
Potoroidae_Bettongia_lesueur                 0.0395452 0.0644406 0.0447430 0.0030126 0.0000000 0.0786757 0.0484919 0.0473575 0.0083841 0.0806254 0.0484902 0.0761412 0.0783881 0.0477938 0.0477705 0.0743761 0.0779905 0.0706376 0.0797633 0.0148978 0.0535825 0.0811255 0.0779284 0.0699310 0.0304587 0.0616152 0.0488407 0.0150366 0.0452155 0.0667829 0.0460886 0.0481865 0.0765437 0.0793457 0.0790740 
Dasyuridae_Dasyurus_maculatus                0.0682689 0.0726256 0.0689408 0.0797922 0.0786757 0.0000000 0.0792729 0.0774579 0.0795189 0.0893112 0.0782543 0.0146667 0.0256833 0.0764122 0.0722226 0.0134815 0.0049108 0.0193343 0.0875766 0.0797796 0.0900148 0.0970800 0.0871701 0.0147897 0.0817456 0.0704167 0.0756431 0.0806810 0.0732100 0.0888187 0.0722095 0.0768393 0.0835535 0.0054762 0.0894042 
Phalangeridae_Trichosurus_vulpecula          0.0386945 0.0605942 0.0461444 0.0496481 0.0484919 0.0792729 0.0000000 0.0205557 0.0509872 0.0772004 0.0224795 0.0774416 0.0769376 0.0207427 0.0481655 0.0752045 0.0788069 0.0716318 0.0757924 0.0502541 0.0549872 0.0803638 0.0779154 0.0710694 0.0521030 0.0599137 0.0485560 0.0511686 0.0459372 0.0687869 0.0476976 0.0217396 0.0753589 0.0796373 0.0769947 
Phalangeridae_Spilocuscus_maculatus          0.0357982 0.0600806 0.0445704 0.0478473 0.0473575 0.0774579 0.0205557 0.0000000 0.0489491 0.0797739 0.0078642 0.0738365 0.0741432 0.0072432 0.0461647 0.0726096 0.0767738 0.0672911 0.0763546 0.0488781 0.0542001 0.0818596 0.0764582 0.0675438 0.0510352 0.0596223 0.0471637 0.0489147 0.0435551 0.0665026 0.0456796 0.0074287 0.0744267 0.0776026 0.0792546 
Potoroidae_Aepyprymnus_rufescens             0.0400288 0.0653905 0.0454540 0.0087807 0.0083841 0.0795189 0.0509872 0.0489491 0.0000000 0.0813648 0.0503694 0.0774294 0.0801696 0.0498423 0.0499159 0.0761676 0.0793245 0.0731753 0.0794368 0.0156965 0.0544175 0.0818358 0.0786408 0.0721138 0.0321890 0.0624120 0.0495797 0.0164496 0.0459430 0.0678478 0.0475403 0.0504438 0.0768001 0.0801906 0.0800452 
Peramelidae_Perameles_nasuta                 0.0713178 0.0769130 0.0692078 0.0815774 0.0806254 0.0893112 0.0772004 0.0797739 0.0813648 0.0000000 0.0816466 0.0881078 0.0904487 0.0781238 0.0779919 0.0859795 0.0889311 0.0851833 0.0164328 0.0803924 0.0928217 0.1021113 0.0967202 0.0831704 0.0822834 0.0800249 0.0785826 0.0811943 0.0786516 0.0974885 0.0769709 0.0798369 0.0143298 0.0892816 0.0007677 
Phalangeridae_Strigocuscus_pelengensis       0.0374683 0.0603592 0.0453547 0.0494677 0.0484902 0.0782543 0.0224795 0.0078642 0.0503694 0.0816466 0.0000000 0.0753015 0.0755473 0.0070734 0.0483623 0.0740194 0.0783062 0.0682384 0.0788176 0.0496384 0.0570372 0.0805871 0.0766146 0.0690291 0.0511394 0.0593427 0.0492772 0.0501015 0.0450030 0.0684208 0.0488696 0.0076669 0.0771768 0.0784031 0.0812574 
Dasyuridae_Phascogale_tapoatafa              0.0660495 0.0710047 0.0684047 0.0772110 0.0761412 0.0146667 0.0774416 0.0738365 0.0774294 0.0881078 0.0753015 0.0000000 0.0242221 0.0738899 0.0717350 0.0018806 0.0148659 0.0175575 0.0856100 0.0775570 0.0913200 0.0947976 0.0866327 0.0081067 0.0803537 0.0683158 0.0768419 0.0773983 0.0731829 0.0885112 0.0714845 0.0740724 0.0822924 0.0148533 0.0871754 
Dasyuridae_Sminthopsis_macroura              0.0664551 0.0721853 0.0710405 0.0797274 0.0783881 0.0256833 0.0769376 0.0741432 0.0801696 0.0904487 0.0755473 0.0242221 0.0000000 0.0750605 0.0743356 0.0225865 0.0252840 0.0151816 0.0869464 0.0813563 0.0897565 0.0956346 0.0886222 0.0212798 0.0796260 0.0706206 0.0772355 0.0804099 0.0740546 0.0919410 0.0734080 0.0754792 0.0835056 0.0264946 0.0894105 
Phalangeridae_Phalanger_orientalis           0.0355870 0.0600869 0.0434409 0.0485007 0.0477938 0.0764122 0.0207427 0.0072432 0.0498423 0.0781238 0.0070734 0.0738899 0.0750605 0.0000000 0.0458981 0.0724106 0.0762179 0.0676065 0.0750126 0.0492889 0.0534563 0.0799990 0.0755121 0.0671248 0.0501231 0.0582588 0.0478176 0.0497920 0.0433992 0.0663339 0.0463258 0.0026378 0.0743019 0.0765576 0.0776354 
Acrobatidae_Acrobates_pygmaeus               0.0361018 0.0620476 0.0432549 0.0482810 0.0477705 0.0722226 0.0481655 0.0461647 0.0499159 0.0779919 0.0483623 0.0717350 0.0743356 0.0458981 0.0000000 0.0704974 0.0725640 0.0661203 0.0760163 0.0494889 0.0449114 0.0792550 0.0726026 0.0660173 0.0510729 0.0625231 0.0404730 0.0492715 0.0371506 0.0598892 0.0217238 0.0465048 0.0736209 0.0731948 0.0768867 
Dasyuridae_Phascogale_calura                 0.0643627 0.0690418 0.0662401 0.0754627 0.0743761 0.0134815 0.0752045 0.0726096 0.0761676 0.0859795 0.0740194 0.0018806 0.0225865 0.0724106 0.0704974 0.0000000 0.0136797 0.0166744 0.0833101 0.0762896 0.0879279 0.0934137 0.0853258 0.0064595 0.0780751 0.0659965 0.0748145 0.0758277 0.0709075 0.0861049 0.0695336 0.0725935 0.0801817 0.0136682 0.0850326 
Dasyuridae_Sarcophilus_harrisii              0.0685517 0.0724750 0.0692234 0.0791047 0.0779905 0.0049108 0.0788069 0.0767738 0.0793245 0.0889311 0.0783062 0.0148659 0.0252840 0.0762179 0.0725640 0.0136797 0.0000000 0.0195654 0.0866966 0.0796417 0.0917330 0.0963295 0.0867100 0.0145808 0.0815280 0.0702168 0.0761924 0.0804869 0.0735089 0.0904833 0.0725476 0.0771340 0.0836884 0.0066229 0.0885152 
Dasyuridae_Planigale_tenuirostris            0.0597998 0.0640906 0.0617014 0.0708912 0.0706376 0.0193343 0.0716318 0.0672911 0.0731753 0.0851833 0.0682384 0.0175575 0.0151816 0.0676065 0.0661203 0.0166744 0.0195654 0.0000000 0.0821492 0.0729154 0.0809867 0.0908833 0.0806767 0.0177872 0.0731342 0.0630781 0.0699082 0.0716116 0.0676900 0.0864524 0.0650476 0.0680679 0.0766833 0.0197659 0.0844990 
Peramelidae_Echymipera_kalubu                0.0687546 0.0731007 0.0672390 0.0808138 0.0797633 0.0875766 0.0757924 0.0763546 0.0794368 0.0164328 0.0788176 0.0856100 0.0869464 0.0750126 0.0760163 0.0833101 0.0866966 0.0821492 0.0000000 0.0790605 0.0917836 0.0997572 0.0927302 0.0804500 0.0792496 0.0766902 0.0753008 0.0805982 0.0765169 0.0964358 0.0733737 0.0764824 0.0110668 0.0870689 0.0165537 
Macropodidae_Dorcopsulus_vanheurni           0.0405479 0.0652872 0.0474082 0.0157154 0.0148978 0.0797796 0.0502541 0.0488781 0.0156965 0.0803924 0.0496384 0.0775570 0.0813563 0.0492889 0.0494889 0.0762896 0.0796417 0.0729154 0.0790605 0.0000000 0.0540691 0.0834353 0.0778135 0.0716477 0.0324890 0.0625792 0.0499638 0.0082230 0.0452085 0.0682904 0.0476128 0.0499288 0.0764069 0.0800158 0.0785902 
Pseudochiridae_Pseudochirulus_forbesi        0.0412023 0.0647432 0.0560310 0.0541237 0.0535825 0.0900148 0.0549872 0.0542001 0.0544175 0.0928217 0.0570372 0.0913200 0.0897565 0.0534563 0.0449114 0.0879279 0.0917330 0.0809867 0.0917836 0.0540691 0.0000000 0.0953268 0.0928333 0.0820705 0.0605522 0.0734361 0.0273982 0.0532908 0.0094673 0.0694044 0.0448953 0.0541706 0.0926516 0.0902579 0.0915256 
Didelphidae_Didelphis_virginiana             0.0708602 0.0803441 0.0724196 0.0822376 0.0811255 0.0970800 0.0803638 0.0818596 0.0818358 0.1021113 0.0805871 0.0947976 0.0956346 0.0799990 0.0792550 0.0934137 0.0963295 0.0908833 0.0997572 0.0834353 0.0953268 0.0000000 0.0320874 0.0869720 0.0828269 0.0776403 0.0797647 0.0823773 0.0767843 0.0979501 0.0807270 0.0807870 0.0984058 0.0966669 0.1013880 
Marmosidae_Monodelphis_domestica             0.0646876 0.0715940 0.0659600 0.0785532 0.0779284 0.0871701 0.0779154 0.0764582 0.0786408 0.0967202 0.0766146 0.0866327 0.0886222 0.0755121 0.0726026 0.0853258 0.0867100 0.0806767 0.0927302 0.0778135 0.0928333 0.0320874 0.0000000 0.0811028 0.0809648 0.0739492 0.0752117 0.0791730 0.0727246 0.0929938 0.0730640 0.0766643 0.0907166 0.0875888 0.0961972 
Dasyuridae_Antechinus_stuartii               0.0595588 0.0652275 0.0596089 0.0707767 0.0699310 0.0147897 0.0710694 0.0675438 0.0721138 0.0831704 0.0690291 0.0081067 0.0212798 0.0671248 0.0660173 0.0064595 0.0145808 0.0177872 0.0804500 0.0716477 0.0820705 0.0869720 0.0811028 0.0000000 0.0732684 0.0617972 0.0689954 0.0714678 0.0666238 0.0845422 0.0651310 0.0675752 0.0765691 0.0156188 0.0826357 
Hypsiprymnodontidae_Hypsiprymnodon_moschatus 0.0439899 0.0660358 0.0462209 0.0312780 0.0304587 0.0817456 0.0521030 0.0510352 0.0321890 0.0822834 0.0511394 0.0803537 0.0796260 0.0501231 0.0510729 0.0780751 0.0815280 0.0731342 0.0792496 0.0324890 0.0605522 0.0828269 0.0809648 0.0732684 0.0000000 0.0626297 0.0508567 0.0325591 0.0491930 0.0678812 0.0477000 0.0509392 0.0772365 0.0816637 0.0817649 
Microbiotheriidae_Dromiciops_gliroides       0.0513875 0.0582633 0.0533127 0.0623543 0.0616152 0.0704167 0.0599137 0.0596223 0.0624120 0.0800249 0.0593427 0.0683158 0.0706206 0.0582588 0.0625231 0.0659965 0.0702168 0.0630781 0.0766902 0.0625792 0.0734361 0.0776403 0.0739492 0.0617972 0.0626297 0.0000000 0.0580085 0.0629532 0.0578032 0.0745885 0.0605821 0.0579837 0.0757768 0.0703460 0.0792100 
Pseudochiridae_Petauroides_volans            0.0360897 0.0627133 0.0414915 0.0492827 0.0488407 0.0756431 0.0485560 0.0471637 0.0495797 0.0785826 0.0492772 0.0768419 0.0772355 0.0478176 0.0404730 0.0748145 0.0761924 0.0699082 0.0753008 0.0499638 0.0273982 0.0797647 0.0752117 0.0689954 0.0508567 0.0580085 0.0000000 0.0495179 0.0207584 0.0492873 0.0397659 0.0484522 0.0735019 0.0765005 0.0779528 
Macropodidae_Wallabia_bicolor                0.0410050 0.0653665 0.0456654 0.0158502 0.0150366 0.0806810 0.0511686 0.0489147 0.0164496 0.0811943 0.0501015 0.0773983 0.0804099 0.0497920 0.0492715 0.0758277 0.0804869 0.0716116 0.0805982 0.0082230 0.0532908 0.0823773 0.0791730 0.0714678 0.0325591 0.0629532 0.0495179 0.0000000 0.0456492 0.0683992 0.0465454 0.0504150 0.0782415 0.0808589 0.0793858 
Pseudochiridae_Pseudocheirus_occidentalis    0.0333912 0.0587815 0.0413433 0.0458993 0.0452155 0.0732100 0.0459372 0.0435551 0.0459430 0.0786516 0.0450030 0.0731829 0.0740546 0.0433992 0.0371506 0.0709075 0.0735089 0.0676900 0.0765169 0.0452085 0.0094673 0.0767843 0.0727246 0.0666238 0.0491930 0.0578032 0.0207584 0.0456492 0.0000000 0.0492237 0.0362004 0.0444671 0.0739351 0.0738706 0.0781792 
Tarsipedidae_Tarsipes_rostratus              0.0544619 0.0796826 0.0597480 0.0670089 0.0667829 0.0888187 0.0687869 0.0665026 0.0678478 0.0974885 0.0684208 0.0885112 0.0919410 0.0663339 0.0598892 0.0861049 0.0904833 0.0864524 0.0964358 0.0682904 0.0694044 0.0979501 0.0929938 0.0845422 0.0678812 0.0745885 0.0492873 0.0683992 0.0492237 0.0000000 0.0583206 0.0662459 0.0905477 0.0908495 0.0981737 
Acrobatidae_Distoechurus_pennatus            0.0353574 0.0599651 0.0418658 0.0472811 0.0460886 0.0722095 0.0476976 0.0456796 0.0475403 0.0769709 0.0488696 0.0714845 0.0734080 0.0463258 0.0217238 0.0695336 0.0725476 0.0650476 0.0733737 0.0476128 0.0448953 0.0807270 0.0730640 0.0651310 0.0477000 0.0605821 0.0397659 0.0465454 0.0362004 0.0583206 0.0000000 0.0462707 0.0704898 0.0729215 0.0762541 
Phalangeridae_Phalanger_carmelitae           0.0366175 0.0610271 0.0442694 0.0488788 0.0481865 0.0768393 0.0217396 0.0074287 0.0504438 0.0798369 0.0076669 0.0740724 0.0754792 0.0026378 0.0465048 0.0725935 0.0771340 0.0680679 0.0764824 0.0499288 0.0541706 0.0807870 0.0766643 0.0675752 0.0509392 0.0579837 0.0484522 0.0504150 0.0444671 0.0662459 0.0462707 0.0000000 0.0748170 0.0769593 0.0791230 
Peramelidae_Peroryctes_raffrayana            0.0664130 0.0695405 0.0647795 0.0776687 0.0765437 0.0835535 0.0753589 0.0744267 0.0768001 0.0143298 0.0771768 0.0822924 0.0835056 0.0743019 0.0736209 0.0801817 0.0836884 0.0766833 0.0110668 0.0764069 0.0926516 0.0984058 0.0907166 0.0765691 0.0772365 0.0757768 0.0735019 0.0782415 0.0739351 0.0905477 0.0704898 0.0748170 0.0000000 0.0835543 0.0142378 
Dasyuridae_Dasyurus_geffroii                 0.0689275 0.0738159 0.0691433 0.0804380 0.0793457 0.0054762 0.0796373 0.0776026 0.0801906 0.0892816 0.0784031 0.0148533 0.0264946 0.0765576 0.0731948 0.0136682 0.0066229 0.0197659 0.0870689 0.0800158 0.0902579 0.0966669 0.0875888 0.0156188 0.0816637 0.0703460 0.0765005 0.0808589 0.0738706 0.0908495 0.0729215 0.0769593 0.0835543 0.0000000 0.0888898 
Peramelidae_Perameles_gunnii                 0.0702728 0.0769552 0.0691210 0.0801908 0.0790740 0.0894042 0.0769947 0.0792546 0.0800452 0.0007677 0.0812574 0.0871754 0.0894105 0.0776354 0.0768867 0.0850326 0.0885152 0.0844990 0.0165537 0.0785902 0.0915256 0.1013880 0.0961972 0.0826357 0.0817649 0.0792100 0.0779528 0.0793858 0.0781792 0.0981737 0.0762541 0.0791230 0.0142378 0.0888898 0.0000000 
