35
Burramyidae_Burramys_parvus                  0.0000000 0.0391579 0.0222639 0.0261391 0.0247803 0.0546719 0.0201395 0.0161910 0.0255922 0.1007823 0.0207259 0.0377256 0.0463118 0.0162793 0.0363295 0.0455850 0.0341342 0.0539166 0.0215208 0.0250003 0.0505560 0.0391278 0.0385787 0.0252966 0.0250428 0.0205137 0.0198684 0.0520333 0.0512368 0.0194245 0.0724747 0.0523522 0.0337464 0.0336107 0.0639400 
Notoryctidae_Notoryctes_typhlops             0.0391579 0.0000000 0.0323101 0.0445214 0.0431451 0.0639818 0.0414307 0.0391081 0.0426810 0.1188666 0.0451767 0.0459617 0.0532310 0.0395513 0.0463552 0.0547932 0.0487979 0.0623345 0.0385430 0.0456174 0.0628987 0.0486276 0.0472969 0.0381064 0.0373055 0.0374231 0.0362615 0.0720261 0.0683200 0.0466317 0.0794438 0.0616954 0.0507306 0.0485034 0.0693841 
Vombatidae_Lasiorhinus_latifrons             0.0222639 0.0323101 0.0000000 0.0302651 0.0284804 0.0541919 0.0273255 0.0226256 0.0274936 0.0914937 0.0326948 0.0370326 0.0423516 0.0218677 0.0383822 0.0444478 0.0350846 0.0513299 0.0246239 0.0267720 0.0505793 0.0422005 0.0386958 0.0258468 0.0205988 0.0238747 0.0233674 0.0531849 0.0500151 0.0294913 0.0710787 0.0514669 0.0231806 0.0295162 0.0488561 
Potoroidae_Bettongia_penicillata             0.0261391 0.0445214 0.0302651 0.0000000 0.0007309 0.0623570 0.0317048 0.0279853 0.0026076 0.0978491 0.0317117 0.0464278 0.0543097 0.0277780 0.0469781 0.0543360 0.0415618 0.0605094 0.0055945 0.0302276 0.0603603 0.0516649 0.0471384 0.0119056 0.0309953 0.0265805 0.0049997 0.0525028 0.0466739 0.0349996 0.0733607 0.0604645 0.0314602 0.0310719 0.0605636 
Potoroidae_Bettongia_lesueur                 0.0247803 0.0431451 0.0284804 0.0007309 0.0000000 0.0610202 0.0290425 0.0258205 0.0021568 0.0963102 0.0301422 0.0441855 0.0525391 0.0255751 0.0447199 0.0525239 0.0410750 0.0582949 0.0049812 0.0293677 0.0585394 0.0494617 0.0458172 0.0108335 0.0292002 0.0248446 0.0044199 0.0511564 0.0462952 0.0328103 0.0714131 0.0586518 0.0285033 0.0282892 0.0571912 
Dasyuridae_Dasyurus_maculatus                0.0546719 0.0639818 0.0541919 0.0623570 0.0610202 0.0000000 0.0628639 0.0582673 0.0596675 0.1288301 0.0645037 0.0077717 0.0134964 0.0605361 0.0094799 0.0060552 0.0111962 0.0777201 0.0567540 0.0610001 0.0713200 0.0655517 0.0099896 0.0600743 0.0515486 0.0540694 0.0540655 0.0842024 0.0859771 0.0636429 0.1032772 0.0019662 0.0836186 0.0838169 0.0889446 
Phalangeridae_Trichosurus_vulpecula          0.0201395 0.0414307 0.0273255 0.0317048 0.0290425 0.0628639 0.0000000 0.0066528 0.0281053 0.0959099 0.0126118 0.0479855 0.0564948 0.0069341 0.0480213 0.0537492 0.0456028 0.0541407 0.0248724 0.0284430 0.0586696 0.0480880 0.0492582 0.0292098 0.0294922 0.0268827 0.0232008 0.0584467 0.0512460 0.0108509 0.0727514 0.0612848 0.0357012 0.0402869 0.0558272 
Phalangeridae_Spilocuscus_maculatus          0.0161910 0.0391081 0.0226256 0.0279853 0.0258205 0.0582673 0.0066528 0.0000000 0.0248343 0.0903018 0.0055904 0.0417046 0.0510580 0.0020638 0.0403120 0.0492538 0.0402733 0.0497616 0.0216421 0.0230316 0.0529860 0.0422110 0.0436387 0.0254214 0.0246781 0.0217170 0.0200222 0.0522670 0.0483475 0.0050104 0.0668968 0.0558282 0.0164486 0.0207903 0.0544351 
Potoroidae_Aepyprymnus_rufescens             0.0255922 0.0426810 0.0274936 0.0026076 0.0021568 0.0596675 0.0281053 0.0248343 0.0000000 0.0989937 0.0280193 0.0441693 0.0511420 0.0237450 0.0447063 0.0515964 0.0418683 0.0573961 0.0043916 0.0287809 0.0579703 0.0494789 0.0442768 0.0098042 0.0287103 0.0238906 0.0044110 0.0511193 0.0470911 0.0305417 0.0726489 0.0564097 0.0254962 0.0325401 0.0580279 
Peramelidae_Perameles_nasuta                 0.1007823 0.1188666 0.0914937 0.0978491 0.0963102 0.1288301 0.0959099 0.0903018 0.0989937 0.0000000 0.1018431 0.1078842 0.1109748 0.0902028 0.1053261 0.1139015 0.1085062 0.0538195 0.0941922 0.0995156 0.1165725 0.1185602 0.1110663 0.0962033 0.0896798 0.0939927 0.0916941 0.0980779 0.0877572 0.0973259 0.0454573 0.1247652 0.0596289 0.0639471 0.0004762 
Phalangeridae_Strigocuscus_pelengensis       0.0207259 0.0451767 0.0326948 0.0317117 0.0301422 0.0645037 0.0126118 0.0055904 0.0280193 0.1018431 0.0000000 0.0493878 0.0604838 0.0057362 0.0489638 0.0546112 0.0462455 0.0554234 0.0280609 0.0327401 0.0636922 0.0522610 0.0527150 0.0304822 0.0319768 0.0297795 0.0260137 0.0623258 0.0581173 0.0024659 0.0754308 0.0625511 0.0425518 0.0453157 0.0646530 
Dasyuridae_Phascogale_tapoatafa              0.0377256 0.0459617 0.0370326 0.0464278 0.0441855 0.0077717 0.0479855 0.0417046 0.0441693 0.1078842 0.0493878 0.0000000 0.0059686 0.0439012 0.0009896 0.0049983 0.0040654 0.0614294 0.0408923 0.0448113 0.0584363 0.0501192 0.0024207 0.0447446 0.0339580 0.0387957 0.0382696 0.0645977 0.0661291 0.0485593 0.0836362 0.0074613 0.0563514 0.0552730 0.0623395 
Dasyuridae_Sminthopsis_macroura              0.0463118 0.0532310 0.0423516 0.0543097 0.0525391 0.0134964 0.0564948 0.0510580 0.0511420 0.1109748 0.0604838 0.0059686 0.0000000 0.0527911 0.0068274 0.0102415 0.0053003 0.0672346 0.0496432 0.0515656 0.0663216 0.0579036 0.0067406 0.0540743 0.0424633 0.0459151 0.0479337 0.0737186 0.0712921 0.0575431 0.0875615 0.0126647 0.0663112 0.0676167 0.0713354 
Phalangeridae_Phalanger_orientalis           0.0162793 0.0395513 0.0218677 0.0277780 0.0255751 0.0605361 0.0069341 0.0020638 0.0237450 0.0902028 0.0057362 0.0439012 0.0527911 0.0000000 0.0430206 0.0509491 0.0420712 0.0517572 0.0217515 0.0227786 0.0515689 0.0430581 0.0454705 0.0255959 0.0239853 0.0211654 0.0201300 0.0522305 0.0465510 0.0036105 0.0697223 0.0575764 0.0212497 0.0268245 0.0576883 
Dasyuridae_Phascogale_calura                 0.0363295 0.0463552 0.0383822 0.0469781 0.0447199 0.0094799 0.0480213 0.0403120 0.0447063 0.1053261 0.0489638 0.0009896 0.0068274 0.0430206 0.0000000 0.0057128 0.0047448 0.0586596 0.0418540 0.0448113 0.0592575 0.0520240 0.0026902 0.0461784 0.0351873 0.0396992 0.0392216 0.0632093 0.0665397 0.0476983 0.0801559 0.0087155 0.0557421 0.0525615 0.0625734 
Dasyuridae_Sarcophilus_harrisii              0.0455850 0.0547932 0.0444478 0.0543360 0.0525239 0.0060552 0.0537492 0.0492538 0.0515964 0.1139015 0.0546112 0.0049983 0.0102415 0.0509491 0.0057128 0.0000000 0.0071237 0.0690933 0.0496982 0.0528516 0.0613387 0.0556774 0.0063220 0.0518141 0.0430813 0.0457959 0.0470352 0.0748686 0.0720123 0.0548559 0.0901099 0.0054962 0.0653911 0.0657898 0.0703786 
Dasyuridae_Planigale_tenuirostris            0.0341342 0.0487979 0.0350846 0.0415618 0.0410750 0.0111962 0.0456028 0.0402733 0.0418683 0.1085062 0.0462455 0.0040654 0.0053003 0.0420712 0.0047448 0.0071237 0.0000000 0.0580232 0.0392968 0.0411899 0.0539556 0.0497904 0.0049330 0.0440096 0.0358260 0.0384320 0.0388162 0.0594437 0.0664873 0.0466377 0.0842022 0.0100475 0.0536225 0.0544580 0.0613846 
Peramelidae_Echymipera_kalubu                0.0539166 0.0623345 0.0513299 0.0605094 0.0582949 0.0777201 0.0541407 0.0497616 0.0573961 0.0538195 0.0554234 0.0614294 0.0672346 0.0517572 0.0586596 0.0690933 0.0580232 0.0000000 0.0540396 0.0550811 0.0788013 0.0716678 0.0634357 0.0558955 0.0446124 0.0495958 0.0505783 0.0782653 0.0765427 0.0577272 0.0220057 0.0763873 0.0557264 0.0595543 0.0049569 
Macropodidae_Dorcopsulus_vanheurni           0.0215208 0.0385430 0.0246239 0.0055945 0.0049812 0.0567540 0.0248724 0.0216421 0.0043916 0.0941922 0.0280609 0.0408923 0.0496432 0.0217515 0.0418540 0.0496982 0.0392968 0.0540396 0.0000000 0.0278310 0.0568321 0.0465600 0.0417685 0.0089588 0.0257797 0.0211731 0.0013251 0.0497171 0.0457469 0.0284783 0.0693762 0.0544874 0.0299032 0.0346754 0.0585699 
Pseudochiridae_Pseudochirulus_forbesi        0.0250003 0.0456174 0.0267720 0.0302276 0.0293677 0.0610001 0.0284430 0.0230316 0.0287809 0.0995156 0.0327401 0.0448113 0.0515656 0.0227786 0.0448113 0.0528516 0.0411899 0.0550811 0.0278310 0.0000000 0.0586572 0.0468346 0.0460014 0.0277319 0.0275323 0.0097108 0.0244188 0.0434718 0.0502063 0.0293993 0.0741059 0.0603554 0.0309544 0.0034376 0.0650231 
Didelphidae_Didelphis_virginiana             0.0505560 0.0628987 0.0505793 0.0603603 0.0585394 0.0713200 0.0586696 0.0529860 0.0579703 0.1165725 0.0636922 0.0584363 0.0663216 0.0515689 0.0592575 0.0613387 0.0539556 0.0788013 0.0568321 0.0586572 0.0000000 0.0166549 0.0572813 0.0582618 0.0501782 0.0538560 0.0555217 0.0808991 0.0805542 0.0581940 0.0937802 0.0697930 0.0774484 0.0786331 0.0849421 
Marmosidae_Monodelphis_domestica             0.0391278 0.0486276 0.0422005 0.0516649 0.0494617 0.0655517 0.0480880 0.0422110 0.0494789 0.1185602 0.0522610 0.0501192 0.0579036 0.0430581 0.0520240 0.0556774 0.0497904 0.0716678 0.0465600 0.0468346 0.0166549 0.0000000 0.0533794 0.0473814 0.0362867 0.0421659 0.0452151 0.0776299 0.0717793 0.0490920 0.0925331 0.0649397 0.0657671 0.0693790 0.0815931 
Dasyuridae_Antechinus_stuartii               0.0385787 0.0472969 0.0386958 0.0471384 0.0458172 0.0099896 0.0492582 0.0436387 0.0442768 0.1110663 0.0527150 0.0024207 0.0067406 0.0454705 0.0026902 0.0063220 0.0049330 0.0634357 0.0417685 0.0460014 0.0572813 0.0533794 0.0000000 0.0444643 0.0394863 0.0410595 0.0399880 0.0647445 0.0703854 0.0503904 0.0858512 0.0091998 0.0621953 0.0633691 0.0690324 
Hypsiprymnodontidae_Hypsiprymnodon_moschatus 0.0252966 0.0381064 0.0258468 0.0119056 0.0108335 0.0600743 0.0292098 0.0254214 0.0098042 0.0962033 0.0304822 0.0447446 0.0540743 0.0255959 0.0461784 0.0518141 0.0440096 0.0558955 0.0089588 0.0277319 0.0582618 0.0473814 0.0444643 0.0000000 0.0296745 0.0223141 0.0077468 0.0530579 0.0508729 0.0314851 0.0731753 0.0594197 0.0290241 0.0325222 0.0622757 
Microbiotheriidae_Dromiciops_gliroides       0.0250428 0.0373055 0.0205988 0.0309953 0.0292002 0.0515486 0.0294922 0.0246781 0.0287103 0.0896798 0.0319768 0.0339580 0.0424633 0.0239853 0.0351873 0.0430813 0.0358260 0.0446124 0.0257797 0.0275323 0.0501782 0.0362867 0.0394863 0.0296745 0.0000000 0.0223914 0.0227359 0.0534033 0.0530606 0.0299227 0.0659728 0.0511393 0.0311062 0.0396586 0.0496434 
Pseudochiridae_Petauroides_volans            0.0205137 0.0374231 0.0238747 0.0265805 0.0248446 0.0540694 0.0268827 0.0217170 0.0238906 0.0939927 0.0297795 0.0387957 0.0459151 0.0211654 0.0396992 0.0457959 0.0384320 0.0495958 0.0211731 0.0097108 0.0538560 0.0421659 0.0410595 0.0223141 0.0223914 0.0000000 0.0180328 0.0418367 0.0446132 0.0277110 0.0693996 0.0531754 0.0146135 0.0071675 0.0564216 
Macropodidae_Wallabia_bicolor                0.0198684 0.0362615 0.0233674 0.0049997 0.0044199 0.0540655 0.0232008 0.0200222 0.0044110 0.0916941 0.0260137 0.0382696 0.0479337 0.0201300 0.0392216 0.0470352 0.0388162 0.0505783 0.0013251 0.0244188 0.0555217 0.0452151 0.0399880 0.0077468 0.0227359 0.0180328 0.0000000 0.0480533 0.0423427 0.0276454 0.0661575 0.0527865 0.0199266 0.0271017 0.0526933 
Tarsipedidae_Tarsipes_rostratus              0.0520333 0.0720261 0.0531849 0.0525028 0.0511564 0.0842024 0.0584467 0.0522670 0.0511193 0.0980779 0.0623258 0.0645977 0.0737186 0.0522305 0.0632093 0.0748686 0.0594437 0.0782653 0.0497171 0.0434718 0.0808991 0.0776299 0.0647445 0.0530579 0.0534033 0.0418367 0.0480533 0.0000000 0.0597205 0.0577296 0.0821321 0.0828667 0.0539164 0.0484751 0.0744878 
Acrobatidae_Distoechurus_pennatus            0.0512368 0.0683200 0.0500151 0.0466739 0.0462952 0.0859771 0.0512460 0.0483475 0.0470911 0.0877572 0.0581173 0.0661291 0.0712921 0.0465510 0.0665397 0.0720123 0.0664873 0.0765427 0.0457469 0.0502063 0.0805542 0.0717793 0.0703854 0.0508729 0.0530606 0.0446132 0.0423427 0.0597205 0.0000000 0.0543623 0.0777141 0.0824838 0.0057776 0.0234300 0.0579418 
Phalangeridae_Phalanger_carmelitae           0.0194245 0.0466317 0.0294913 0.0349996 0.0328103 0.0636429 0.0108509 0.0050104 0.0305417 0.0973259 0.0024659 0.0485593 0.0575431 0.0036105 0.0476983 0.0548559 0.0466377 0.0577272 0.0284783 0.0293993 0.0581940 0.0490920 0.0503904 0.0314851 0.0299227 0.0277110 0.0276454 0.0577296 0.0543623 0.0000000 0.0763475 0.0605525 0.0426093 0.0416354 0.0693528 
Peramelidae_Peroryctes_raffrayana            0.0724747 0.0794438 0.0710787 0.0733607 0.0714131 0.1032772 0.0727514 0.0668968 0.0726489 0.0454573 0.0754308 0.0836362 0.0875615 0.0697223 0.0801559 0.0901099 0.0842022 0.0220057 0.0693762 0.0741059 0.0937802 0.0925331 0.0858512 0.0731753 0.0659728 0.0693996 0.0661575 0.0821321 0.0777141 0.0763475 0.0000000 0.0990984 0.0559494 0.0569877 0.0046859 
Dasyuridae_Dasyurus_geffroii                 0.0523522 0.0616954 0.0514669 0.0604645 0.0586518 0.0019662 0.0612848 0.0558282 0.0564097 0.1247652 0.0625511 0.0074613 0.0126647 0.0575764 0.0087155 0.0054962 0.0100475 0.0763873 0.0544874 0.0603554 0.0697930 0.0649397 0.0091998 0.0594197 0.0511393 0.0531754 0.0527865 0.0828667 0.0824838 0.0605525 0.0990984 0.0000000 0.0800969 0.0774283 0.0869393 
Acrobatidae_Acrobates_pygmaeus               0.0337464 0.0507306 0.0231806 0.0314602 0.0285033 0.0836186 0.0357012 0.0164486 0.0254962 0.0596289 0.0425518 0.0563514 0.0663112 0.0212497 0.0557421 0.0653911 0.0536225 0.0557264 0.0299032 0.0309544 0.0774484 0.0657671 0.0621953 0.0290241 0.0311062 0.0146135 0.0199266 0.0539164 0.0057776 0.0426093 0.0559494 0.0800969 0.0000000 0.0287355 0.0627790 
Pseudochiridae_Pseudocheirus_occidentalis    0.0336107 0.0485034 0.0295162 0.0310719 0.0282892 0.0838169 0.0402869 0.0207903 0.0325401 0.0639471 0.0453157 0.0552730 0.0676167 0.0268245 0.0525615 0.0657898 0.0544580 0.0595543 0.0346754 0.0034376 0.0786331 0.0693790 0.0633691 0.0325222 0.0396586 0.0071675 0.0271017 0.0484751 0.0234300 0.0416354 0.0569877 0.0774283 0.0287355 0.0000000 0.0663922 
Peramelidae_Perameles_gunnii                 0.0639400 0.0693841 0.0488561 0.0605636 0.0571912 0.0889446 0.0558272 0.0544351 0.0580279 0.0004762 0.0646530 0.0623395 0.0713354 0.0576883 0.0625734 0.0703786 0.0613846 0.0049569 0.0585699 0.0650231 0.0849421 0.0815931 0.0690324 0.0622757 0.0496434 0.0564216 0.0526933 0.0744878 0.0579418 0.0693528 0.0046859 0.0869393 0.0627790 0.0663922 0.0000000 
