194
I0185_86_Accipitridae_Buteo_jamaicensis                0.0000000 0.0449384 0.0431699 0.0410667 0.0492414 0.0430740 0.0515017 0.0336321 0.0435989 0.0568359 0.0561226 0.0317744 0.0511040 0.0406702 0.0482764 0.0488065 0.0347956 0.0193316 0.0483717 0.0241910 0.0465580 0.0305467 0.0513726 0.0254370 0.0272254 0.0236625 0.0444234 0.0290576 0.0567636 0.0577987 0.0623690 0.0276515 0.0481455 0.0471324 0.0468857 0.0477493 0.0427657 0.0596837 0.0487945 0.0536050 0.0489862 0.0641267 0.0496042 0.0468115 0.0800640 0.0799983 0.0766112 0.0581857 0.0555552 0.0416060 0.0465182 0.0332412 0.0502803 0.0472642 0.0265260 0.0422514 0.0471786 0.0490820 0.0442674 0.0334816 0.0284884 0.0487149 0.0426175 0.0291911 0.0302439 0.0652354 0.0475707 0.0530125 0.0428547 0.0279216 0.0340316 0.0578175 0.0515074 0.0357121 0.0544528 0.0556727 0.0518313 0.0471189 0.0327258 0.0290895 0.0453498 0.0536508 0.0351387 0.0067751 0.0298375 0.0409133 0.0442129 0.0496467 0.0516586 0.0253358 0.0213986 0.0496688 0.0651294 0.0435343 0.0396891 0.0338682 0.0235931 0.0472022 0.0347799 0.0503413 0.0550044 0.0251406 0.0547738 0.0276269 0.0221157 0.0268742 0.0514257 0.0414233 0.0538548 0.0308506 0.0289125 0.0350586 0.0433583 0.0627824 0.0307841 0.0442728 0.0610161 0.0300638 0.0229447 0.0537860 0.0476076 0.0275353 0.0553454 0.0577289 0.0420681 0.0254752 0.0172559 0.0255467 0.0488128 0.0405835 0.0393984 0.0548643 0.0254225 0.0565869 0.0316967 0.0360902 0.0243572 0.0403402 0.0563877 0.0568230 0.0318879 0.0550021 0.0318755 0.0425082 0.0364104 0.0242169 0.0279291 0.0442406 0.0300065 0.0794459 0.0478285 0.0358735 0.0255849 0.0506515 0.0640121 0.0478615 0.0476810 0.0217933 0.0284265 0.0302314 0.0312652 0.0288250 0.0335083 0.0408429 0.0457758 0.0444761 0.0340427 0.0434358 0.0489901 0.0489438 0.0329298 0.0834381 0.0284268 0.0409703 0.0502979 0.0576749 0.0260840 0.0169764 0.0240706 0.0295527 0.0615208 0.0277774 0.0571851 0.0565083 0.0499740 0.0469462 0.1242636 0.1175144 0.0510722 0.0629206 0.0577769 0.0416028 0.0360218 0.0515599 
I0186_111_Momotidae_Momotus_lessonii                   0.0449384 0.0000000 0.0601547 0.0594356 0.0658116 0.0598533 0.0676112 0.0524086 0.0610209 0.0600029 0.0719886 0.0502441 0.0703873 0.0568389 0.0594599 0.0663914 0.0546358 0.0397322 0.0676699 0.0449594 0.0654851 0.0505694 0.0677258 0.0460193 0.0475296 0.0433821 0.0620629 0.0475187 0.0732583 0.0755820 0.0781192 0.0476905 0.0667451 0.0650501 0.0628559 0.0633281 0.0602312 0.0778908 0.0672553 0.0715717 0.0680324 0.0814617 0.0675705 0.0658538 0.0958344 0.0964915 0.0942082 0.0748652 0.0699968 0.0444318 0.0659896 0.0523432 0.0670537 0.0662887 0.0468869 0.0608337 0.0669602 0.0677121 0.0618552 0.0512787 0.0478192 0.0673563 0.0614435 0.0489794 0.0496708 0.0821846 0.0662857 0.0714511 0.0623070 0.0489191 0.0520646 0.0755517 0.0702109 0.0526921 0.0694400 0.0740298 0.0693813 0.0656108 0.0527438 0.0484660 0.0646199 0.0687173 0.0509051 0.0461826 0.0502472 0.0589769 0.0454560 0.0636992 0.0645746 0.0457641 0.0422610 0.0652352 0.0826209 0.0616041 0.0579908 0.0527141 0.0434490 0.0668941 0.0462718 0.0692302 0.0702934 0.0443116 0.0729007 0.0479965 0.0459319 0.0446736 0.0688158 0.0492685 0.0705570 0.0495214 0.0490923 0.0533011 0.0615597 0.0789841 0.0514398 0.0643898 0.0788481 0.0506495 0.0429831 0.0711464 0.0659734 0.0482915 0.0750169 0.0763804 0.0596013 0.0463578 0.0487217 0.0451665 0.0664539 0.0583261 0.0576687 0.0751082 0.0452537 0.0705234 0.0519797 0.0529312 0.0445179 0.0602274 0.0681139 0.0746278 0.0509357 0.0714653 0.0520896 0.0604778 0.0551607 0.0446673 0.0483210 0.0627579 0.0494641 0.0955741 0.0652359 0.0557278 0.0444535 0.0665914 0.0820007 0.0655651 0.0670110 0.0422720 0.0482099 0.0498281 0.0504182 0.0492674 0.0524927 0.0611109 0.0641027 0.0626971 0.0539473 0.0601817 0.0666580 0.0680561 0.0525433 0.1018428 0.0489675 0.0587304 0.0676182 0.0746633 0.0464979 0.0474546 0.0441660 0.0499927 0.0791209 0.0487385 0.0745714 0.0742180 0.0687088 0.0642718 0.1402978 0.1314425 0.0700301 0.0795006 0.0753322 0.0597469 0.0517106 0.0690096 
I0187_115_Trogonidae_Trogon_elegans                    0.0431699 0.0601547 0.0000000 0.0562357 0.0623915 0.0188301 0.0656820 0.0508003 0.0577219 0.0722244 0.0694587 0.0479896 0.0663330 0.0565950 0.0625906 0.0636408 0.0513189 0.0372403 0.0635310 0.0429424 0.0613619 0.0482669 0.0664740 0.0438779 0.0451433 0.0413486 0.0576205 0.0458375 0.0706579 0.0717937 0.0757666 0.0455017 0.0639363 0.0616160 0.0606171 0.0615483 0.0563059 0.0731680 0.0640123 0.0694783 0.0644876 0.0805804 0.0651045 0.0614510 0.0944603 0.0929001 0.0913571 0.0718255 0.0702769 0.0554597 0.0622135 0.0499033 0.0649638 0.0625356 0.0445319 0.0588690 0.0624966 0.0633723 0.0585456 0.0499736 0.0457594 0.0636419 0.0589184 0.0460073 0.0474715 0.0808521 0.0626472 0.0687257 0.0596766 0.0468356 0.0516475 0.0724900 0.0681509 0.0516485 0.0677503 0.0718615 0.0667765 0.0617714 0.0497222 0.0468232 0.0599570 0.0662209 0.0484710 0.0439568 0.0467359 0.0567110 0.0594129 0.0645049 0.0652157 0.0434090 0.0404822 0.0645416 0.0808004 0.0594582 0.0560307 0.0505123 0.0410346 0.0646940 0.0515319 0.0669768 0.0676433 0.0435775 0.0700020 0.0450756 0.0447116 0.0440538 0.0640638 0.0568079 0.0651722 0.0470310 0.0454846 0.0509949 0.0595240 0.0782085 0.0491527 0.0622230 0.0763665 0.0494356 0.0407519 0.0676139 0.0623000 0.0462617 0.0693781 0.0740622 0.0574871 0.0446484 0.0472309 0.0425756 0.0628091 0.0556528 0.0555194 0.0714319 0.0431779 0.0703542 0.0490889 0.0510619 0.0426737 0.0570720 0.0696668 0.0730820 0.0493825 0.0686060 0.0497620 0.0588214 0.0521474 0.0423701 0.0458795 0.0592269 0.0473040 0.0932276 0.0617685 0.0520542 0.0436558 0.0638393 0.0802476 0.0631730 0.0628552 0.0399983 0.0461656 0.0468377 0.0477827 0.0470078 0.0513015 0.0574734 0.0638210 0.0595377 0.0506364 0.0584095 0.0636653 0.0640440 0.0494062 0.0985534 0.0464750 0.0546860 0.0653475 0.0736159 0.0441187 0.0455119 0.0428185 0.0471024 0.0773012 0.0466867 0.0689604 0.0717259 0.0641093 0.0609849 0.1378684 0.1301061 0.0655906 0.0752737 0.0716100 0.0571062 0.0516656 0.0647933 
I0188_135_Apodidae_Streptoprocne_zonaris               0.0410667 0.0594356 0.0562357 0.0000000 0.0601451 0.0564887 0.0639500 0.0473188 0.0543300 0.0706925 0.0698496 0.0447276 0.0654397 0.0566814 0.0604565 0.0610147 0.0470997 0.0350852 0.0611398 0.0377276 0.0591705 0.0436671 0.0625165 0.0408550 0.0411390 0.0385950 0.0555263 0.0422137 0.0684935 0.0718250 0.0741404 0.0427166 0.0603743 0.0584478 0.0485460 0.0490957 0.0542410 0.0722002 0.0613110 0.0669848 0.0602665 0.0763985 0.0626141 0.0583685 0.0920707 0.0932287 0.0902959 0.0709522 0.0687114 0.0542740 0.0574453 0.0483482 0.0620656 0.0588016 0.0403890 0.0562730 0.0603952 0.0601495 0.0552487 0.0446174 0.0422254 0.0617863 0.0216768 0.0442560 0.0412972 0.0772633 0.0596763 0.0667509 0.0567838 0.0421031 0.0470742 0.0706028 0.0659388 0.0469540 0.0661429 0.0689016 0.0637469 0.0587588 0.0469563 0.0438673 0.0579579 0.0658597 0.0460356 0.0419154 0.0429830 0.0555627 0.0585507 0.0642557 0.0617946 0.0402986 0.0378943 0.0511157 0.0762341 0.0545609 0.0537152 0.0470052 0.0386148 0.0622956 0.0498806 0.0648009 0.0669037 0.0402173 0.0684982 0.0421890 0.0424523 0.0410486 0.0621660 0.0555399 0.0649134 0.0454605 0.0424125 0.0482077 0.0576524 0.0737051 0.0452896 0.0587523 0.0728301 0.0436898 0.0381649 0.0654239 0.0599551 0.0419493 0.0682351 0.0715614 0.0552789 0.0407765 0.0440728 0.0387737 0.0607767 0.0232805 0.0544602 0.0684673 0.0405958 0.0695138 0.0455266 0.0426877 0.0385191 0.0539578 0.0691406 0.0688769 0.0438895 0.0658531 0.0454006 0.0536928 0.0484304 0.0385828 0.0430253 0.0568822 0.0436510 0.0884732 0.0604709 0.0485256 0.0402889 0.0627189 0.0765943 0.0606972 0.0603438 0.0364465 0.0425920 0.0445848 0.0439456 0.0442179 0.0473431 0.0534796 0.0586553 0.0574855 0.0467300 0.0558339 0.0621218 0.0614469 0.0452876 0.0963293 0.0440044 0.0518566 0.0616932 0.0710100 0.0400831 0.0426002 0.0388489 0.0451776 0.0742095 0.0435496 0.0695129 0.0694951 0.0633770 0.0589386 0.1347933 0.1265159 0.0644665 0.0759538 0.0709991 0.0527613 0.0505860 0.0627713 
I0189_225_Eurylaimidae_Smithornis_rufolateralis        0.0492414 0.0658116 0.0623915 0.0601451 0.0000000 0.0632447 0.0695714 0.0556163 0.0628393 0.0765887 0.0718672 0.0527715 0.0470663 0.0618337 0.0674338 0.0377750 0.0567295 0.0422139 0.0375861 0.0485865 0.0364824 0.0532895 0.0407062 0.0490941 0.0519876 0.0476803 0.0641952 0.0513766 0.0724218 0.0532940 0.0557561 0.0500678 0.0378398 0.0358203 0.0654124 0.0655666 0.0614064 0.0542283 0.0380738 0.0727961 0.0383683 0.0826402 0.0391112 0.0354906 0.0984496 0.0977831 0.0967518 0.0520668 0.0720240 0.0609120 0.0666728 0.0551683 0.0388979 0.0368915 0.0490160 0.0607543 0.0364088 0.0381087 0.0624304 0.0549834 0.0514234 0.0378843 0.0610380 0.0508322 0.0512102 0.0839538 0.0368606 0.0713680 0.0651513 0.0512660 0.0564565 0.0757067 0.0708277 0.0551348 0.0715493 0.0764309 0.0414526 0.0368567 0.0547451 0.0506314 0.0348584 0.0694951 0.0533704 0.0497261 0.0521967 0.0600677 0.0659763 0.0695506 0.0687989 0.0500417 0.0463189 0.0673589 0.0826034 0.0636408 0.0582940 0.0560284 0.0474692 0.0666358 0.0554697 0.0693270 0.0716125 0.0477520 0.0731189 0.0508427 0.0506272 0.0504635 0.0682556 0.0600749 0.0700858 0.0521433 0.0519105 0.0573578 0.0619055 0.0790049 0.0532666 0.0670923 0.0784133 0.0543349 0.0475729 0.0431198 0.0665879 0.0506245 0.0483696 0.0788926 0.0596779 0.0501490 0.0518164 0.0484780 0.0289508 0.0592105 0.0585955 0.0769248 0.0489032 0.0718506 0.0542779 0.0557738 0.0480653 0.0627396 0.0732450 0.0767913 0.0538925 0.0333479 0.0552218 0.0656085 0.0570204 0.0479722 0.0510197 0.0626063 0.0529822 0.0981074 0.0668314 0.0569603 0.0500406 0.0695239 0.0846477 0.0420935 0.0367036 0.0459718 0.0528638 0.0526538 0.0519787 0.0508185 0.0558108 0.0621718 0.0673858 0.0636701 0.0556851 0.0619149 0.0396827 0.0377309 0.0549536 0.1027979 0.0518724 0.0598751 0.0296771 0.0760267 0.0497450 0.0508478 0.0486047 0.0531425 0.0825913 0.0502902 0.0504272 0.0509717 0.0442296 0.0206440 0.1385322 0.1299511 0.0447118 0.0563657 0.0525340 0.0624070 0.0571568 0.0512204 
I0190_295_Trogonidae_Apaloderma_aequatoriale           0.0430740 0.0598533 0.0188301 0.0564887 0.0632447 0.0000000 0.0657614 0.0522674 0.0582448 0.0721643 0.0686479 0.0492656 0.0674501 0.0572182 0.0624757 0.0642959 0.0516367 0.0379137 0.0634042 0.0437488 0.0617118 0.0487772 0.0679500 0.0442764 0.0457077 0.0422142 0.0580823 0.0457961 0.0702664 0.0727978 0.0774342 0.0459940 0.0639241 0.0617092 0.0609898 0.0620385 0.0563867 0.0738440 0.0642042 0.0705443 0.0643748 0.0807910 0.0647905 0.0617781 0.0947496 0.0926108 0.0913724 0.0727940 0.0712930 0.0566797 0.0623259 0.0503839 0.0656013 0.0631621 0.0447967 0.0589025 0.0627647 0.0639731 0.0585783 0.0513282 0.0468376 0.0636940 0.0595400 0.0464737 0.0482453 0.0810924 0.0629042 0.0698143 0.0613002 0.0467570 0.0524481 0.0728901 0.0689302 0.0524626 0.0674966 0.0730117 0.0672212 0.0616097 0.0500133 0.0467768 0.0604281 0.0664151 0.0493892 0.0439675 0.0474977 0.0574429 0.0590851 0.0656517 0.0659424 0.0439342 0.0411043 0.0646130 0.0811072 0.0602711 0.0559741 0.0511858 0.0417383 0.0647487 0.0514644 0.0682263 0.0677126 0.0438698 0.0710430 0.0458925 0.0456138 0.0450296 0.0642871 0.0571751 0.0646593 0.0477089 0.0462997 0.0521292 0.0599975 0.0790960 0.0505769 0.0632485 0.0773861 0.0493567 0.0418547 0.0684998 0.0625768 0.0473369 0.0708596 0.0754510 0.0576972 0.0457587 0.0476352 0.0434255 0.0633336 0.0559899 0.0557622 0.0725698 0.0435348 0.0717387 0.0497379 0.0514730 0.0434819 0.0572737 0.0688429 0.0729936 0.0508411 0.0684944 0.0503354 0.0599136 0.0516827 0.0434327 0.0461162 0.0595315 0.0479598 0.0940669 0.0619360 0.0523795 0.0443999 0.0648130 0.0815767 0.0642742 0.0626339 0.0410467 0.0462832 0.0474048 0.0485095 0.0473574 0.0522097 0.0583538 0.0635345 0.0604236 0.0511463 0.0592817 0.0640869 0.0642463 0.0499601 0.0986352 0.0474295 0.0555264 0.0657043 0.0750265 0.0441075 0.0464327 0.0433353 0.0478890 0.0788972 0.0467789 0.0700726 0.0726169 0.0645904 0.0614925 0.1391029 0.1316615 0.0661821 0.0773777 0.0721015 0.0577960 0.0525382 0.0645948 
I0191_344_Indicatoridae_Indicator_exilis               0.0515017 0.0676112 0.0656820 0.0639500 0.0695714 0.0657614 0.0000000 0.0588457 0.0644389 0.0765551 0.0375088 0.0555841 0.0728141 0.0631847 0.0673617 0.0697853 0.0594187 0.0459784 0.0692988 0.0503518 0.0679002 0.0556177 0.0711224 0.0514574 0.0535632 0.0495666 0.0647128 0.0539432 0.0270618 0.0788744 0.0828789 0.0528155 0.0700170 0.0674233 0.0678752 0.0671076 0.0646413 0.0793221 0.0701999 0.0753091 0.0697688 0.0849061 0.0716436 0.0670801 0.0966580 0.0982439 0.0941425 0.0780374 0.0742177 0.0609196 0.0678572 0.0581193 0.0715902 0.0689798 0.0515722 0.0648239 0.0691695 0.0713677 0.0646114 0.0577744 0.0522120 0.0697601 0.0650985 0.0538118 0.0538312 0.0867999 0.0683588 0.0764637 0.0669517 0.0551270 0.0581046 0.0806707 0.0742554 0.0589455 0.0243163 0.0774274 0.0716146 0.0681696 0.0574505 0.0542390 0.0672689 0.0363502 0.0508868 0.0517740 0.0541551 0.0635164 0.0638452 0.0645007 0.0635853 0.0519574 0.0494595 0.0700423 0.0851513 0.0656127 0.0623670 0.0584431 0.0502822 0.0707960 0.0557783 0.0740988 0.0356488 0.0526884 0.0774490 0.0531792 0.0525333 0.0522989 0.0731671 0.0599503 0.0735602 0.0545038 0.0543199 0.0589177 0.0657780 0.0812093 0.0572835 0.0682332 0.0810184 0.0552453 0.0498366 0.0735846 0.0697279 0.0541290 0.0772589 0.0791216 0.0643997 0.0525970 0.0544600 0.0519137 0.0694463 0.0615087 0.0629095 0.0783270 0.0520030 0.0737899 0.0572178 0.0575819 0.0515168 0.0644837 0.0386418 0.0794190 0.0571794 0.0758991 0.0565739 0.0649272 0.0586838 0.0511606 0.0538264 0.0652233 0.0558038 0.0955785 0.0680865 0.0598240 0.0526119 0.0698300 0.0851113 0.0705693 0.0691605 0.0488819 0.0546193 0.0549823 0.0535127 0.0548446 0.0583559 0.0645458 0.0685009 0.0646051 0.0582153 0.0641283 0.0702842 0.0702381 0.0580827 0.0991035 0.0553838 0.0636063 0.0715784 0.0799720 0.0531900 0.0521954 0.0505555 0.0552673 0.0829836 0.0540055 0.0766657 0.0765382 0.0703436 0.0678006 0.1378548 0.1315963 0.0722018 0.0834334 0.0774541 0.0623528 0.0587811 0.0720827 
I0192_375_Musophagidae_Tauraco_macrorhynchus           0.0336321 0.0524086 0.0508003 0.0473188 0.0556163 0.0522674 0.0588457 0.0000000 0.0481506 0.0650099 0.0635844 0.0199112 0.0593609 0.0492187 0.0562635 0.0552824 0.0420509 0.0283699 0.0547049 0.0316515 0.0535946 0.0367547 0.0568182 0.0347706 0.0346977 0.0318969 0.0488166 0.0357464 0.0642385 0.0651023 0.0681895 0.0367641 0.0548808 0.0538033 0.0522405 0.0522388 0.0478553 0.0657409 0.0553158 0.0606432 0.0561735 0.0709681 0.0566987 0.0535902 0.0865441 0.0865165 0.0835014 0.0643365 0.0647658 0.0480856 0.0537528 0.0420338 0.0561318 0.0537560 0.0345853 0.0506142 0.0541863 0.0544931 0.0492026 0.0397757 0.0359164 0.0548299 0.0491345 0.0379907 0.0370111 0.0723335 0.0535040 0.0601533 0.0499973 0.0373196 0.0412667 0.0645174 0.0593932 0.0418903 0.0619723 0.0634680 0.0572908 0.0539666 0.0395538 0.0383284 0.0522273 0.0596305 0.0406827 0.0343258 0.0362711 0.0491463 0.0523639 0.0570627 0.0578866 0.0331594 0.0313111 0.0550554 0.0710021 0.0493802 0.0472284 0.0406136 0.0326350 0.0560710 0.0431131 0.0580654 0.0617454 0.0330141 0.0620526 0.0349726 0.0365017 0.0350356 0.0561554 0.0490765 0.0582841 0.0392007 0.0358707 0.0423404 0.0517726 0.0680467 0.0396837 0.0530221 0.0672619 0.0385503 0.0315585 0.0596488 0.0540783 0.0362211 0.0623289 0.0652069 0.0504763 0.0350381 0.0375537 0.0337032 0.0543997 0.0462222 0.0474155 0.0642577 0.0335357 0.0646569 0.0381247 0.0410962 0.0325954 0.0472566 0.0627569 0.0629012 0.0388863 0.0610470 0.0393010 0.0480365 0.0433014 0.0319767 0.0351604 0.0504297 0.0369995 0.0829136 0.0540092 0.0426553 0.0344643 0.0558905 0.0711310 0.0545573 0.0543431 0.0308707 0.0363135 0.0365137 0.0382623 0.0369414 0.0403160 0.0490000 0.0532893 0.0506498 0.0404999 0.0489548 0.0556891 0.0551614 0.0394431 0.0913375 0.0359457 0.0452262 0.0575725 0.0639596 0.0343042 0.0355707 0.0316085 0.0386335 0.0682629 0.0366544 0.0632033 0.0640933 0.0565334 0.0532334 0.1301570 0.1236239 0.0572481 0.0692519 0.0650886 0.0473340 0.0439725 0.0583340 
I0193_447_Columbidae_Treron_calvus                     0.0435989 0.0610209 0.0577219 0.0543300 0.0628393 0.0582448 0.0644389 0.0481506 0.0000000 0.0721315 0.0700860 0.0459495 0.0648998 0.0569125 0.0617989 0.0626170 0.0484712 0.0300960 0.0619072 0.0405906 0.0600731 0.0453191 0.0651972 0.0427479 0.0433844 0.0409674 0.0211501 0.0435316 0.0684276 0.0718190 0.0746940 0.0451891 0.0620826 0.0604334 0.0609216 0.0611225 0.0196625 0.0718511 0.0636374 0.0679067 0.0616781 0.0777344 0.0637160 0.0606592 0.0935723 0.0920961 0.0903411 0.0706519 0.0674527 0.0567330 0.0606354 0.0510991 0.0646285 0.0604446 0.0428175 0.0573418 0.0614704 0.0629386 0.0208447 0.0489653 0.0449447 0.0629052 0.0557329 0.0478175 0.0446024 0.0783817 0.0611939 0.0683100 0.0577491 0.0458353 0.0493088 0.0708809 0.0674287 0.0496618 0.0666184 0.0708326 0.0654816 0.0611128 0.0475915 0.0477565 0.0593787 0.0656621 0.0381028 0.0440140 0.0444657 0.0556984 0.0603882 0.0651134 0.0633653 0.0418470 0.0404133 0.0634057 0.0775667 0.0560744 0.0551032 0.0493218 0.0405595 0.0632212 0.0517990 0.0653704 0.0673847 0.0406819 0.0694203 0.0440502 0.0451421 0.0428947 0.0604020 0.0559787 0.0634072 0.0467877 0.0449231 0.0494240 0.0584820 0.0747381 0.0480663 0.0603164 0.0739123 0.0468005 0.0401607 0.0662331 0.0618264 0.0444524 0.0684244 0.0725190 0.0553269 0.0426595 0.0471229 0.0418021 0.0624987 0.0531832 0.0547235 0.0710774 0.0417884 0.0686832 0.0470025 0.0511733 0.0410326 0.0551033 0.0685598 0.0712893 0.0489046 0.0686380 0.0472784 0.0552400 0.0510022 0.0408524 0.0447476 0.0584626 0.0455671 0.0894518 0.0617180 0.0505034 0.0428401 0.0635758 0.0798211 0.0608838 0.0615083 0.0391105 0.0449493 0.0454000 0.0466110 0.0468770 0.0495720 0.0575090 0.0611487 0.0594749 0.0479572 0.0576448 0.0634486 0.0623925 0.0462655 0.0976509 0.0452267 0.0173171 0.0645348 0.0709358 0.0421980 0.0456129 0.0408525 0.0470142 0.0764748 0.0462874 0.0686529 0.0703922 0.0628948 0.0614549 0.1365041 0.1294330 0.0644769 0.0746442 0.0706770 0.0531889 0.0525050 0.0642709 
I0194_495_Alcedinidae_Alcedo_quadribrachys             0.0568359 0.0600029 0.0722244 0.0706925 0.0765887 0.0721643 0.0765551 0.0650099 0.0721315 0.0000000 0.0809340 0.0625727 0.0775670 0.0692064 0.0669778 0.0748202 0.0650531 0.0525308 0.0748879 0.0563524 0.0728831 0.0622095 0.0772166 0.0581149 0.0598195 0.0559042 0.0726084 0.0580947 0.0811561 0.0829782 0.0852843 0.0587391 0.0758852 0.0729884 0.0742941 0.0746347 0.0710108 0.0838970 0.0745083 0.0820208 0.0759983 0.0891854 0.0768535 0.0746533 0.1058922 0.1057072 0.1040710 0.0808340 0.0834418 0.0589164 0.0728561 0.0641071 0.0753646 0.0745681 0.0585821 0.0716796 0.0755512 0.0741232 0.0729504 0.0641355 0.0606822 0.0742220 0.0714113 0.0609449 0.0604673 0.0907529 0.0731289 0.0809474 0.0736502 0.0606799 0.0637655 0.0846122 0.0797427 0.0642049 0.0787423 0.0870761 0.0771675 0.0749960 0.0631067 0.0612847 0.0735478 0.0781626 0.0590057 0.0575814 0.0612824 0.0704414 0.0456385 0.0746422 0.0753071 0.0581371 0.0557196 0.0762044 0.0903647 0.0702286 0.0692087 0.0658800 0.0563569 0.0772577 0.0576095 0.0798667 0.0794819 0.0579168 0.0822343 0.0598627 0.0582584 0.0591662 0.0808877 0.0621733 0.0822097 0.0613313 0.0594389 0.0655070 0.0722576 0.0886673 0.0635742 0.0758807 0.0870156 0.0635416 0.0554484 0.0776315 0.0749696 0.0613967 0.0798692 0.0887784 0.0711458 0.0590164 0.0603699 0.0576511 0.0749811 0.0702399 0.0690299 0.0859019 0.0574697 0.0836343 0.0632308 0.0634922 0.0571488 0.0696442 0.0779942 0.0823134 0.0630485 0.0813328 0.0642402 0.0707804 0.0659027 0.0571557 0.0605086 0.0724999 0.0622585 0.1030940 0.0746505 0.0662228 0.0592104 0.0746399 0.0954790 0.0737593 0.0751819 0.0552760 0.0614555 0.0613993 0.0627289 0.0609494 0.0640323 0.0708594 0.0744740 0.0732832 0.0629465 0.0710146 0.0740801 0.0753850 0.0627883 0.1110343 0.0614017 0.0691713 0.0771861 0.0848861 0.0591445 0.0578040 0.0574199 0.0624437 0.0909499 0.0604273 0.0799469 0.0823057 0.0751605 0.0748409 0.1473614 0.1396897 0.0777136 0.0858551 0.0822167 0.0702420 0.0640911 0.0785249 
I0195_522_Ramphastidae_Buccanodon_duchaillui           0.0561226 0.0719886 0.0694587 0.0698496 0.0718672 0.0686479 0.0375088 0.0635844 0.0700860 0.0809340 0.0000000 0.0609917 0.0759410 0.0675529 0.0722233 0.0715702 0.0637373 0.0516635 0.0725301 0.0560169 0.0702276 0.0604241 0.0748058 0.0569371 0.0583246 0.0553927 0.0693220 0.0591061 0.0405919 0.0820452 0.0852152 0.0595013 0.0721662 0.0696049 0.0722859 0.0724149 0.0690251 0.0827213 0.0730266 0.0799420 0.0729300 0.0886988 0.0736318 0.0701617 0.1007256 0.1015315 0.0974161 0.0804761 0.0761671 0.0664390 0.0741313 0.0634415 0.0748860 0.0709157 0.0561151 0.0700774 0.0708654 0.0733379 0.0699664 0.0635649 0.0587281 0.0724011 0.0693433 0.0604749 0.0593819 0.0905397 0.0716339 0.0798195 0.0732150 0.0608183 0.0622054 0.0846693 0.0795424 0.0628591 0.0383215 0.0838589 0.0757095 0.0710768 0.0626164 0.0604500 0.0698695 0.0279824 0.0553682 0.0562653 0.0601028 0.0679698 0.0691905 0.0681502 0.0676185 0.0569936 0.0545679 0.0742787 0.0893448 0.0705037 0.0670694 0.0643058 0.0549358 0.0758607 0.0610893 0.0782794 0.0263842 0.0573807 0.0813892 0.0591284 0.0591200 0.0577848 0.0777676 0.0640161 0.0777534 0.0596794 0.0599911 0.0636554 0.0713159 0.0860926 0.0622667 0.0747281 0.0851072 0.0611198 0.0551997 0.0769386 0.0742251 0.0597956 0.0795222 0.0837478 0.0688020 0.0574787 0.0592839 0.0567402 0.0737577 0.0669604 0.0681431 0.0825065 0.0569909 0.0782950 0.0620487 0.0620657 0.0561198 0.0695393 0.0319356 0.0848869 0.0625671 0.0784094 0.0623579 0.0696100 0.0638043 0.0561799 0.0596511 0.0698761 0.0603809 0.0989657 0.0720306 0.0649565 0.0575346 0.0734029 0.0900815 0.0728053 0.0709387 0.0541168 0.0592443 0.0605776 0.0590937 0.0604854 0.0634059 0.0711727 0.0748072 0.0696858 0.0629998 0.0693532 0.0724689 0.0726099 0.0623080 0.1030501 0.0603128 0.0688875 0.0744792 0.0832767 0.0575563 0.0582580 0.0563832 0.0603494 0.0881009 0.0592352 0.0792560 0.0805809 0.0726885 0.0712160 0.1426609 0.1365509 0.0751279 0.0857116 0.0807059 0.0677632 0.0636149 0.0765407 
I0196_523_Musophagidae_Corythaeola_cristata            0.0317744 0.0502441 0.0479896 0.0447276 0.0527715 0.0492656 0.0555841 0.0199112 0.0459495 0.0625727 0.0609917 0.0000000 0.0579409 0.0465757 0.0529942 0.0532410 0.0392991 0.0255900 0.0537880 0.0291664 0.0521018 0.0345095 0.0551170 0.0309460 0.0323818 0.0289571 0.0464535 0.0336021 0.0607900 0.0643135 0.0670887 0.0338067 0.0527317 0.0519101 0.0490614 0.0495504 0.0461350 0.0645229 0.0532567 0.0586773 0.0538887 0.0690645 0.0546557 0.0522409 0.0833655 0.0846641 0.0812815 0.0632675 0.0612297 0.0458901 0.0501748 0.0398416 0.0546043 0.0522046 0.0319060 0.0482307 0.0527520 0.0531754 0.0475945 0.0377333 0.0336572 0.0539409 0.0463707 0.0352240 0.0344084 0.0706730 0.0522958 0.0577500 0.0475299 0.0332607 0.0384875 0.0624345 0.0564197 0.0397597 0.0580702 0.0603110 0.0560775 0.0516836 0.0369948 0.0358017 0.0500235 0.0567826 0.0374481 0.0323579 0.0337175 0.0463469 0.0486785 0.0543328 0.0541966 0.0304353 0.0282963 0.0522108 0.0694134 0.0474512 0.0448990 0.0375590 0.0287911 0.0529637 0.0404366 0.0548419 0.0578435 0.0295462 0.0588802 0.0321959 0.0328767 0.0312612 0.0536207 0.0462254 0.0550412 0.0356131 0.0331700 0.0396261 0.0493843 0.0664112 0.0369577 0.0502038 0.0651649 0.0350833 0.0284489 0.0569971 0.0509518 0.0336816 0.0601057 0.0625349 0.0478630 0.0319067 0.0346830 0.0303243 0.0527488 0.0439207 0.0445723 0.0607601 0.0306959 0.0612563 0.0364522 0.0381798 0.0292850 0.0440682 0.0598566 0.0601507 0.0371945 0.0588115 0.0376192 0.0456383 0.0405480 0.0288136 0.0322215 0.0466651 0.0344504 0.0817087 0.0513710 0.0401523 0.0312383 0.0538458 0.0681245 0.0523755 0.0532985 0.0275982 0.0336125 0.0342054 0.0355344 0.0340032 0.0370089 0.0455446 0.0495790 0.0477236 0.0387521 0.0459156 0.0537803 0.0542484 0.0376270 0.0880860 0.0327180 0.0436369 0.0553813 0.0614836 0.0309108 0.0333752 0.0287988 0.0364073 0.0657557 0.0337597 0.0618745 0.0625205 0.0555751 0.0519237 0.1255856 0.1201063 0.0564355 0.0679793 0.0625861 0.0441731 0.0412124 0.0555159 
I0197_832_Corvidae_Corvus_albus                        0.0511040 0.0703873 0.0663330 0.0654397 0.0470663 0.0674501 0.0728141 0.0593609 0.0648998 0.0775670 0.0759410 0.0579409 0.0000000 0.0666973 0.0705412 0.0469192 0.0597541 0.0465518 0.0453103 0.0514609 0.0442407 0.0567101 0.0489805 0.0528105 0.0557029 0.0517918 0.0666559 0.0548166 0.0749578 0.0301801 0.0337687 0.0534739 0.0453290 0.0432799 0.0707708 0.0707365 0.0642399 0.0313946 0.0469293 0.0762801 0.0461012 0.0865185 0.0466639 0.0428013 0.1032287 0.1015302 0.1000418 0.0300300 0.0773406 0.0635840 0.0685839 0.0577664 0.0482317 0.0439290 0.0532289 0.0639552 0.0432014 0.0464629 0.0658329 0.0582063 0.0545973 0.0458424 0.0652993 0.0546105 0.0554531 0.0878479 0.0438801 0.0757098 0.0698439 0.0562831 0.0600411 0.0795952 0.0747557 0.0581953 0.0742792 0.0809538 0.0497902 0.0440778 0.0598132 0.0544150 0.0422780 0.0735169 0.0547968 0.0520499 0.0562055 0.0623211 0.0681870 0.0730205 0.0715557 0.0536704 0.0502758 0.0730442 0.0863416 0.0665050 0.0616838 0.0600375 0.0514351 0.0716033 0.0597982 0.0726500 0.0753892 0.0522162 0.0781365 0.0541555 0.0535465 0.0540208 0.0719208 0.0622870 0.0733929 0.0569209 0.0552445 0.0609487 0.0645944 0.0826581 0.0580091 0.0712232 0.0822958 0.0588555 0.0514962 0.0510056 0.0709524 0.0550599 0.0351309 0.0835138 0.0630189 0.0541470 0.0561907 0.0525740 0.0495794 0.0643278 0.0634179 0.0810809 0.0525655 0.0777459 0.0583851 0.0603355 0.0521790 0.0672695 0.0757460 0.0806648 0.0581289 0.0560628 0.0577664 0.0658236 0.0602721 0.0520622 0.0554459 0.0674595 0.0567229 0.0976368 0.0698216 0.0602212 0.0541105 0.0718818 0.0894797 0.0323931 0.0437262 0.0500819 0.0556133 0.0568123 0.0564045 0.0561286 0.0602602 0.0663716 0.0707192 0.0681782 0.0589000 0.0665813 0.0476762 0.0457014 0.0588916 0.1055889 0.0560861 0.0629487 0.0495965 0.0804425 0.0539915 0.0547404 0.0521837 0.0566414 0.0872088 0.0555104 0.0295690 0.0283966 0.0135818 0.0468082 0.1430017 0.1355942 0.0323713 0.0348205 0.0298072 0.0655929 0.0617268 0.0538698 
I0198_937_Bucerotidae_Tockus_camurus                   0.0406702 0.0568389 0.0565950 0.0566814 0.0618337 0.0572182 0.0631847 0.0492187 0.0569125 0.0692064 0.0675529 0.0465757 0.0666973 0.0000000 0.0612992 0.0602750 0.0509920 0.0364260 0.0621240 0.0406021 0.0602861 0.0442019 0.0632747 0.0411114 0.0441376 0.0389400 0.0584326 0.0438082 0.0680834 0.0736258 0.0751554 0.0441424 0.0620138 0.0609073 0.0602697 0.0599475 0.0572638 0.0721527 0.0613861 0.0682950 0.0624129 0.0790433 0.0636235 0.0606923 0.0927860 0.0915386 0.0895288 0.0709610 0.0628399 0.0535311 0.0601511 0.0480044 0.0631376 0.0615613 0.0418041 0.0573753 0.0610921 0.0616406 0.0579621 0.0472648 0.0428228 0.0632577 0.0579999 0.0448314 0.0452378 0.0796442 0.0609493 0.0679120 0.0586013 0.0437854 0.0495182 0.0710536 0.0657064 0.0499148 0.0651567 0.0698858 0.0644738 0.0607530 0.0480548 0.0447847 0.0591284 0.0648574 0.0471151 0.0417696 0.0441687 0.0561956 0.0552675 0.0619859 0.0625978 0.0408652 0.0390561 0.0621205 0.0784876 0.0571000 0.0549383 0.0487799 0.0397238 0.0617383 0.0479059 0.0643935 0.0659169 0.0405535 0.0687252 0.0432650 0.0425719 0.0421867 0.0661133 0.0540779 0.0690181 0.0452798 0.0438198 0.0506735 0.0583775 0.0757843 0.0467345 0.0605281 0.0754149 0.0465543 0.0389914 0.0663500 0.0626998 0.0438373 0.0704536 0.0727144 0.0570959 0.0425179 0.0445612 0.0410442 0.0627447 0.0548904 0.0548954 0.0696429 0.0416387 0.0637506 0.0462940 0.0497209 0.0398919 0.0563039 0.0676515 0.0703133 0.0478169 0.0674707 0.0466186 0.0568602 0.0506561 0.0397473 0.0442185 0.0589910 0.0447364 0.0937404 0.0616009 0.0511570 0.0414868 0.0642393 0.0770173 0.0616364 0.0617596 0.0381360 0.0449136 0.0463149 0.0443727 0.0441299 0.0487008 0.0555122 0.0591672 0.0591363 0.0495987 0.0576883 0.0615687 0.0628714 0.0486054 0.0967825 0.0441976 0.0553071 0.0639926 0.0723923 0.0421610 0.0426958 0.0406607 0.0457715 0.0737287 0.0439816 0.0713306 0.0705199 0.0651400 0.0606793 0.1326300 0.1265086 0.0657414 0.0770510 0.0716512 0.0560590 0.0224280 0.0646977 
I0199_955_Meropidae_Merops_muelleri                    0.0482764 0.0594599 0.0625906 0.0604565 0.0674338 0.0624757 0.0673617 0.0562635 0.0617989 0.0669778 0.0722233 0.0529942 0.0705412 0.0612992 0.0000000 0.0652322 0.0555487 0.0428372 0.0670750 0.0472779 0.0653364 0.0513382 0.0678817 0.0482772 0.0509251 0.0472308 0.0625421 0.0510681 0.0717380 0.0764103 0.0790865 0.0503197 0.0668265 0.0657453 0.0662414 0.0646276 0.0614751 0.0771475 0.0671820 0.0733734 0.0679995 0.0837893 0.0691729 0.0659029 0.0981246 0.0989250 0.0961003 0.0752868 0.0736749 0.0528952 0.0652994 0.0545980 0.0675108 0.0665911 0.0493800 0.0629407 0.0661588 0.0667943 0.0637193 0.0548777 0.0510931 0.0668461 0.0620646 0.0520820 0.0519253 0.0841978 0.0659195 0.0727687 0.0648383 0.0516814 0.0563146 0.0761993 0.0721649 0.0557171 0.0696494 0.0767780 0.0694342 0.0655176 0.0549068 0.0523157 0.0642056 0.0694611 0.0512157 0.0491942 0.0513846 0.0622021 0.0570744 0.0666455 0.0644683 0.0484164 0.0455726 0.0682444 0.0841309 0.0635767 0.0592191 0.0565320 0.0461800 0.0682244 0.0488135 0.0706432 0.0710587 0.0482014 0.0740537 0.0507209 0.0500337 0.0495206 0.0709832 0.0521061 0.0727452 0.0530738 0.0519422 0.0561271 0.0641081 0.0804144 0.0543174 0.0654880 0.0799204 0.0543083 0.0466696 0.0698713 0.0679947 0.0512514 0.0727529 0.0786820 0.0621582 0.0494887 0.0522375 0.0483326 0.0662014 0.0586349 0.0611530 0.0767023 0.0483234 0.0737597 0.0528351 0.0560115 0.0474663 0.0608163 0.0705721 0.0756893 0.0545302 0.0728285 0.0537069 0.0621261 0.0572310 0.0475446 0.0505650 0.0649603 0.0519864 0.0964392 0.0661121 0.0576179 0.0490693 0.0678772 0.0835242 0.0653539 0.0668586 0.0453534 0.0511922 0.0523210 0.0527411 0.0515449 0.0550590 0.0618316 0.0665794 0.0657787 0.0548071 0.0626151 0.0655643 0.0666757 0.0540484 0.1029018 0.0515302 0.0594443 0.0689862 0.0775907 0.0494701 0.0499670 0.0470057 0.0518227 0.0806900 0.0510698 0.0737701 0.0751211 0.0680896 0.0655229 0.1414186 0.1328210 0.0687311 0.0795360 0.0745562 0.0613105 0.0563705 0.0685620 
I0200_988_Furnariidae_Furnarius_rufus                  0.0488065 0.0663914 0.0636408 0.0610147 0.0377750 0.0642959 0.0697853 0.0552824 0.0626170 0.0748202 0.0715702 0.0532410 0.0469192 0.0602750 0.0652322 0.0000000 0.0569886 0.0424725 0.0340236 0.0466438 0.0323636 0.0533125 0.0305514 0.0487662 0.0508062 0.0475061 0.0634424 0.0506343 0.0742792 0.0536467 0.0554367 0.0492460 0.0345579 0.0332601 0.0660957 0.0664255 0.0614974 0.0541015 0.0168921 0.0717519 0.0337763 0.0807353 0.0357480 0.0324002 0.0981736 0.0979321 0.0971947 0.0521189 0.0719930 0.0592442 0.0642822 0.0539665 0.0289710 0.0332095 0.0487436 0.0613658 0.0319526 0.0151100 0.0621487 0.0544507 0.0507150 0.0342785 0.0615982 0.0504412 0.0505202 0.0809042 0.0326391 0.0718546 0.0639618 0.0510035 0.0558432 0.0753665 0.0710454 0.0554796 0.0721751 0.0761957 0.0311196 0.0333447 0.0541255 0.0502881 0.0318598 0.0697307 0.0527106 0.0493533 0.0521215 0.0598752 0.0645132 0.0693502 0.0689186 0.0495229 0.0458542 0.0683352 0.0816802 0.0627611 0.0586350 0.0549886 0.0473324 0.0666537 0.0557218 0.0686526 0.0714659 0.0482263 0.0730601 0.0496635 0.0507917 0.0488860 0.0679372 0.0591332 0.0702633 0.0515730 0.0503100 0.0566918 0.0619752 0.0781764 0.0536891 0.0661640 0.0776839 0.0544669 0.0469047 0.0328109 0.0666810 0.0507445 0.0486849 0.0788017 0.0601596 0.0497981 0.0507747 0.0481404 0.0397624 0.0593790 0.0591412 0.0768779 0.0490401 0.0726186 0.0542540 0.0561963 0.0476107 0.0615326 0.0714200 0.0756866 0.0538245 0.0441932 0.0548627 0.0633343 0.0559675 0.0478039 0.0512662 0.0629253 0.0529005 0.0983213 0.0658306 0.0563205 0.0492827 0.0681654 0.0830840 0.0415497 0.0324320 0.0451616 0.0504072 0.0523433 0.0517754 0.0512410 0.0559349 0.0610656 0.0647885 0.0632765 0.0558888 0.0620393 0.0276793 0.0344438 0.0550383 0.1028088 0.0518352 0.0599068 0.0395435 0.0747401 0.0493428 0.0505379 0.0475082 0.0521865 0.0824162 0.0505085 0.0498470 0.0513077 0.0445577 0.0368636 0.1371930 0.1295938 0.0455347 0.0567012 0.0522908 0.0620457 0.0563619 0.0508561 
I0201_999_Scolopacidae_Tringa_solitaria                0.0347956 0.0546358 0.0513189 0.0470997 0.0567295 0.0516367 0.0594187 0.0420509 0.0484712 0.0650531 0.0637373 0.0392991 0.0597541 0.0509920 0.0555487 0.0569886 0.0000000 0.0296231 0.0563532 0.0328112 0.0543463 0.0302509 0.0591606 0.0353325 0.0300408 0.0328898 0.0496771 0.0313410 0.0622051 0.0657220 0.0693940 0.0375375 0.0569628 0.0543852 0.0519408 0.0527163 0.0479401 0.0672695 0.0572113 0.0608919 0.0568961 0.0706382 0.0575864 0.0550149 0.0845647 0.0862084 0.0838316 0.0646784 0.0647484 0.0485669 0.0526093 0.0422885 0.0581433 0.0554202 0.0348596 0.0505443 0.0558191 0.0574396 0.0494945 0.0420011 0.0360329 0.0564597 0.0485566 0.0391526 0.0370649 0.0719688 0.0555451 0.0609192 0.0503864 0.0365697 0.0414400 0.0642026 0.0594980 0.0434427 0.0610710 0.0641213 0.0595878 0.0550611 0.0410422 0.0390570 0.0538300 0.0605040 0.0419101 0.0354493 0.0291811 0.0493100 0.0528013 0.0581129 0.0581237 0.0334384 0.0324010 0.0544885 0.0700377 0.0301523 0.0477213 0.0421469 0.0321462 0.0561857 0.0440156 0.0582695 0.0617552 0.0327943 0.0620764 0.0309897 0.0366956 0.0348544 0.0567725 0.0502932 0.0580718 0.0398164 0.0312515 0.0419285 0.0519794 0.0675015 0.0389263 0.0533782 0.0663352 0.0379265 0.0321724 0.0606580 0.0545951 0.0367187 0.0619415 0.0665754 0.0496095 0.0352455 0.0383782 0.0338859 0.0565409 0.0457279 0.0482791 0.0644259 0.0339791 0.0653522 0.0313609 0.0417105 0.0331558 0.0486757 0.0629908 0.0638309 0.0407971 0.0630558 0.0309815 0.0303375 0.0434406 0.0329959 0.0364466 0.0506641 0.0294656 0.0759100 0.0553663 0.0422574 0.0347956 0.0568091 0.0734598 0.0551083 0.0563340 0.0309294 0.0369119 0.0384041 0.0381226 0.0389369 0.0411587 0.0490754 0.0525587 0.0514541 0.0122635 0.0497291 0.0566995 0.0565031 0.0132566 0.0900253 0.0371374 0.0460591 0.0581977 0.0635126 0.0348778 0.0364851 0.0329271 0.0403029 0.0694456 0.0385103 0.0641169 0.0649714 0.0578102 0.0542543 0.1306383 0.1231650 0.0591316 0.0685293 0.0646887 0.0292719 0.0461177 0.0575670 
I0202_1066_Cathartidae_Cathartes_burrovianus           0.0193316 0.0397322 0.0372403 0.0350852 0.0422139 0.0379137 0.0459784 0.0283699 0.0300960 0.0525308 0.0516635 0.0255900 0.0465518 0.0364260 0.0428372 0.0424725 0.0296231 0.0000000 0.0432194 0.0182814 0.0414199 0.0249014 0.0445774 0.0207736 0.0214869 0.0180304 0.0330658 0.0234528 0.0520180 0.0526081 0.0563840 0.0224794 0.0433378 0.0413895 0.0401153 0.0403548 0.0322401 0.0542723 0.0430039 0.0477735 0.0428686 0.0592717 0.0442787 0.0413916 0.0748008 0.0745736 0.0717993 0.0523540 0.0496927 0.0352814 0.0404494 0.0275181 0.0440920 0.0420757 0.0215367 0.0365462 0.0421523 0.0426747 0.0338060 0.0271307 0.0232922 0.0433945 0.0368510 0.0239961 0.0246746 0.0599524 0.0423999 0.0479818 0.0364244 0.0222018 0.0289045 0.0520306 0.0465474 0.0292187 0.0492119 0.0504944 0.0454256 0.0415539 0.0270595 0.0237622 0.0402096 0.0485269 0.0295587 0.0200021 0.0244563 0.0355009 0.0387786 0.0433934 0.0450368 0.0196827 0.0050896 0.0422598 0.0592740 0.0378384 0.0341284 0.0284595 0.0180807 0.0422915 0.0297899 0.0450983 0.0490377 0.0196697 0.0486796 0.0221240 0.0205313 0.0207402 0.0442795 0.0367151 0.0473324 0.0251123 0.0231759 0.0288797 0.0383560 0.0568292 0.0252682 0.0389477 0.0554977 0.0241000 0.0172771 0.0475203 0.0418532 0.0218887 0.0495076 0.0526283 0.0362282 0.0207767 0.0232224 0.0194417 0.0438322 0.0337538 0.0343741 0.0510022 0.0201796 0.0511929 0.0264314 0.0297875 0.0185385 0.0348034 0.0513634 0.0500488 0.0268420 0.0486732 0.0263318 0.0361824 0.0303569 0.0180060 0.0226152 0.0376648 0.0248709 0.0745377 0.0416199 0.0295807 0.0201603 0.0437331 0.0597025 0.0417936 0.0427532 0.0163145 0.0227947 0.0246079 0.0251338 0.0227247 0.0277653 0.0348226 0.0386520 0.0381426 0.0286213 0.0368438 0.0434967 0.0435229 0.0272481 0.0799684 0.0231110 0.0303131 0.0447762 0.0518528 0.0200077 0.0209510 0.0179915 0.0245868 0.0551872 0.0222423 0.0512640 0.0515960 0.0448903 0.0418203 0.1167114 0.1106745 0.0461750 0.0565108 0.0521446 0.0354427 0.0306018 0.0451059 
I0203_1087_Tyrannidae_Hymenops_perspicillatus          0.0483717 0.0676699 0.0635310 0.0611398 0.0375861 0.0634042 0.0692988 0.0547049 0.0619072 0.0748879 0.0725301 0.0537880 0.0453103 0.0621240 0.0670750 0.0340236 0.0563532 0.0432194 0.0000000 0.0477330 0.0121735 0.0537943 0.0369544 0.0491928 0.0515024 0.0479193 0.0631683 0.0508690 0.0728463 0.0513504 0.0519243 0.0494193 0.0228212 0.0206605 0.0669953 0.0664608 0.0614701 0.0515803 0.0337868 0.0736275 0.0204298 0.0834607 0.0199007 0.0205784 0.0986661 0.0971491 0.0964517 0.0498245 0.0733150 0.0605805 0.0661994 0.0552252 0.0347977 0.0207446 0.0490859 0.0608879 0.0211009 0.0338979 0.0616454 0.0559122 0.0509225 0.0096407 0.0619985 0.0511164 0.0509355 0.0840724 0.0201810 0.0729251 0.0658912 0.0526507 0.0554891 0.0774570 0.0718398 0.0562983 0.0709185 0.0779184 0.0373460 0.0193215 0.0547909 0.0511960 0.0186532 0.0704813 0.0535711 0.0488386 0.0524116 0.0595562 0.0653032 0.0696434 0.0699566 0.0492910 0.0463078 0.0685550 0.0822353 0.0643687 0.0581923 0.0548338 0.0471613 0.0681807 0.0569956 0.0702424 0.0725528 0.0487258 0.0742018 0.0511645 0.0504856 0.0503775 0.0693482 0.0603303 0.0705556 0.0527978 0.0521399 0.0568526 0.0615295 0.0797647 0.0539990 0.0683110 0.0796641 0.0543361 0.0478473 0.0371632 0.0665938 0.0516013 0.0471611 0.0806251 0.0586408 0.0502388 0.0516559 0.0479403 0.0391431 0.0597088 0.0588190 0.0780921 0.0493973 0.0742210 0.0550374 0.0567095 0.0478511 0.0629923 0.0734900 0.0741558 0.0547983 0.0446423 0.0553946 0.0637567 0.0570732 0.0475869 0.0508595 0.0635920 0.0532939 0.0958918 0.0645687 0.0568576 0.0502405 0.0673225 0.0858612 0.0403083 0.0211759 0.0462483 0.0525408 0.0516421 0.0524457 0.0512301 0.0558236 0.0615114 0.0670230 0.0639722 0.0559362 0.0624995 0.0355422 0.0116102 0.0551746 0.1018423 0.0519676 0.0589145 0.0390943 0.0774665 0.0494137 0.0513516 0.0481535 0.0529279 0.0836476 0.0503037 0.0484441 0.0498209 0.0424557 0.0361921 0.1378468 0.1306171 0.0431440 0.0539706 0.0508989 0.0623616 0.0576849 0.0499614 
I0204_1174_Threskiornithidae_Harpiprion_caerulescens   0.0241910 0.0449594 0.0429424 0.0377276 0.0485865 0.0437488 0.0503518 0.0316515 0.0405906 0.0563524 0.0560169 0.0291664 0.0514609 0.0406021 0.0472779 0.0466438 0.0328112 0.0182814 0.0477330 0.0000000 0.0453865 0.0278009 0.0488725 0.0249551 0.0245127 0.0203165 0.0406998 0.0263149 0.0556635 0.0578458 0.0619386 0.0268510 0.0471616 0.0458751 0.0438267 0.0444069 0.0404273 0.0600623 0.0478877 0.0522716 0.0474701 0.0618011 0.0489007 0.0462975 0.0776764 0.0770339 0.0755761 0.0579494 0.0543755 0.0406534 0.0436869 0.0327686 0.0485984 0.0465400 0.0219736 0.0412171 0.0472205 0.0477064 0.0413826 0.0296768 0.0242550 0.0476578 0.0403425 0.0282967 0.0271733 0.0632496 0.0468659 0.0515548 0.0401991 0.0243007 0.0320455 0.0563399 0.0490501 0.0317294 0.0536619 0.0538270 0.0504443 0.0461657 0.0296722 0.0287102 0.0447173 0.0518614 0.0340880 0.0253213 0.0276179 0.0396476 0.0436856 0.0490540 0.0509567 0.0213268 0.0204221 0.0468041 0.0633073 0.0409011 0.0382746 0.0313102 0.0213206 0.0451977 0.0343121 0.0484419 0.0535473 0.0228673 0.0530327 0.0255285 0.0258280 0.0231858 0.0484747 0.0414426 0.0516734 0.0288491 0.0268149 0.0325140 0.0424157 0.0605993 0.0270229 0.0430928 0.0593943 0.0279752 0.0197776 0.0521957 0.0461237 0.0237612 0.0554491 0.0558751 0.0404122 0.0223918 0.0276257 0.0216992 0.0475358 0.0371439 0.0379381 0.0537281 0.0214715 0.0555046 0.0292787 0.0323263 0.0207711 0.0381424 0.0562679 0.0547942 0.0296166 0.0530884 0.0293749 0.0394745 0.0338364 0.0205052 0.0260451 0.0424874 0.0282881 0.0769138 0.0449773 0.0329982 0.0228622 0.0477004 0.0623412 0.0462237 0.0473652 0.0185671 0.0246062 0.0274324 0.0262819 0.0274366 0.0306609 0.0381044 0.0432955 0.0426613 0.0317387 0.0413704 0.0480715 0.0478812 0.0301724 0.0830393 0.0266759 0.0376113 0.0489236 0.0560241 0.0227156 0.0264740 0.0204899 0.0288636 0.0588045 0.0271395 0.0563510 0.0565125 0.0502415 0.0456055 0.1222037 0.1162921 0.0518577 0.0622129 0.0569185 0.0381078 0.0351648 0.0500179 
