35
Burramyidae_Burramys_parvus                  0.0000000 0.0715783 0.0389140 0.0397126 0.0430503 0.0865567 0.0361826 0.0387515 0.0370585 0.0773908 0.0389491 0.0813864 0.0812241 0.0409533 0.0544482 0.0832836 0.0810394 0.0786164 0.0798897 0.0345629 0.0521627 0.0943800 0.0840947 0.0820897 0.0398965 0.0617975 0.0428157 0.0369817 0.0392023 0.0700953 0.0547026 0.0421634 0.0775761 0.0874862 0.0770095 
Notoryctidae_Notoryctes_typhlops             0.0715783 0.0000000 0.0625497 0.0607301 0.0660099 0.1067400 0.0646276 0.0665570 0.0583062 0.0735445 0.0669744 0.1044291 0.1050753 0.0720979 0.0802663 0.1049564 0.1030799 0.1056862 0.0734298 0.0573783 0.0843294 0.1028674 0.0970945 0.1054307 0.0711213 0.0638553 0.0741533 0.0578059 0.0664654 0.1010069 0.0931331 0.0745874 0.0734184 0.1062554 0.0740574 
Vombatidae_Lasiorhinus_latifrons             0.0389140 0.0625497 0.0000000 0.0393560 0.0413620 0.0842233 0.0353718 0.0402278 0.0362445 0.0735601 0.0357989 0.0793858 0.0783474 0.0415640 0.0529985 0.0832041 0.0801877 0.0771228 0.0751010 0.0352580 0.0510242 0.0795115 0.0755266 0.0824723 0.0427115 0.0610511 0.0414209 0.0359455 0.0389521 0.0618488 0.0569144 0.0427594 0.0722808 0.0841912 0.0741706 
Potoroidae_Bettongia_penicillata             0.0397126 0.0607301 0.0393560 0.0000000 0.0025584 0.0809793 0.0384016 0.0375277 0.0030803 0.0752029 0.0364152 0.0769012 0.0778759 0.0409849 0.0538580 0.0796614 0.0784746 0.0777459 0.0781793 0.0079762 0.0501839 0.0891566 0.0827101 0.0794962 0.0198273 0.0600871 0.0415968 0.0079930 0.0397475 0.0640227 0.0534185 0.0412988 0.0734627 0.0814207 0.0761815 
Potoroidae_Bettongia_lesueur                 0.0430503 0.0660099 0.0413620 0.0025584 0.0000000 0.0839837 0.0412701 0.0386379 0.0038923 0.0782017 0.0362280 0.0798649 0.0818279 0.0447601 0.0528094 0.0826461 0.0804971 0.0794807 0.0812101 0.0089880 0.0522329 0.0906994 0.0836760 0.0825355 0.0236394 0.0616467 0.0416647 0.0090089 0.0426214 0.0655091 0.0540672 0.0450633 0.0765163 0.0844275 0.0787799 
Dasyuridae_Dasyurus_maculatus                0.0865567 0.1067400 0.0842233 0.0809793 0.0839837 0.0000000 0.0832119 0.0827656 0.0794372 0.1066859 0.0818253 0.0077710 0.0141253 0.0814262 0.1015160 0.0085919 0.0037749 0.0120510 0.1109923 0.0792689 0.0942959 0.1397071 0.1390921 0.0084116 0.0841538 0.0884211 0.0946304 0.0813190 0.0883660 0.1243805 0.1055573 0.0826949 0.1095248 0.0025694 0.1083916 
Phalangeridae_Trichosurus_vulpecula          0.0361826 0.0646276 0.0353718 0.0384016 0.0412701 0.0832119 0.0000000 0.0109131 0.0344238 0.0745838 0.0120574 0.0772057 0.0801085 0.0129589 0.0572179 0.0790594 0.0807193 0.0725599 0.0784680 0.0371038 0.0497907 0.0920076 0.0788250 0.0802514 0.0377249 0.0647651 0.0360657 0.0377222 0.0393103 0.0659669 0.0601175 0.0138111 0.0752284 0.0846462 0.0751756 
Phalangeridae_Spilocuscus_maculatus          0.0387515 0.0665570 0.0402278 0.0375277 0.0386379 0.0827656 0.0109131 0.0000000 0.0365546 0.0773986 0.0044495 0.0800446 0.0786176 0.0060776 0.0548616 0.0818561 0.0791144 0.0742402 0.0817464 0.0374838 0.0483091 0.1007435 0.0904956 0.0812142 0.0385170 0.0609809 0.0379720 0.0367784 0.0392488 0.0708219 0.0581908 0.0064223 0.0780529 0.0841994 0.0779989 
Potoroidae_Aepyprymnus_rufescens             0.0370585 0.0583062 0.0362445 0.0030803 0.0038923 0.0794372 0.0344238 0.0365546 0.0000000 0.0731267 0.0332657 0.0763358 0.0782670 0.0392256 0.0485923 0.0781843 0.0779018 0.0772827 0.0775428 0.0066262 0.0478543 0.0841041 0.0787821 0.0789703 0.0179432 0.0570727 0.0350536 0.0070106 0.0360525 0.0624644 0.0488644 0.0395272 0.0732771 0.0808693 0.0733839 
Peramelidae_Perameles_nasuta                 0.0773908 0.0735445 0.0735601 0.0752029 0.0782017 0.1066859 0.0745838 0.0773986 0.0731267 0.0000000 0.0750037 0.1037871 0.1058923 0.0792015 0.0919022 0.1057280 0.1029307 0.0986535 0.0059328 0.0727213 0.0972944 0.1066025 0.1028130 0.1056793 0.0778707 0.0731254 0.0817604 0.0744604 0.0868577 0.1110068 0.0989844 0.0804099 0.0052896 0.1071790 0.0000995 
Phalangeridae_Strigocuscus_pelengensis       0.0389491 0.0669744 0.0357989 0.0364152 0.0362280 0.0818253 0.0120574 0.0044495 0.0332657 0.0750037 0.0000000 0.0776202 0.0772663 0.0055290 0.0543201 0.0814423 0.0761270 0.0718448 0.0760957 0.0336381 0.0491804 0.0987257 0.0892633 0.0806460 0.0348305 0.0601820 0.0424271 0.0329505 0.0404544 0.0701250 0.0569575 0.0053630 0.0721180 0.0827589 0.0758561 
Dasyuridae_Phascogale_tapoatafa              0.0813864 0.1044291 0.0793858 0.0769012 0.0798649 0.0077710 0.0772057 0.0800446 0.0763358 0.1037871 0.0776202 0.0000000 0.0124872 0.0783269 0.1017556 0.0010400 0.0066367 0.0105411 0.1102119 0.0751713 0.0895304 0.1385293 0.1366058 0.0033615 0.0776617 0.0796483 0.0947827 0.0767354 0.0846719 0.1199290 0.1042152 0.0790674 0.1087694 0.0081913 0.1054956 
Dasyuridae_Sminthopsis_macroura              0.0812241 0.1050753 0.0783474 0.0778759 0.0818279 0.0141253 0.0801085 0.0786176 0.0782670 0.1058923 0.0772663 0.0124872 0.0000000 0.0781699 0.0989552 0.0142548 0.0135332 0.0075741 0.1080963 0.0781728 0.0912105 0.1379218 0.1409690 0.0140221 0.0786407 0.0851178 0.0956311 0.0797386 0.0828958 0.1241161 0.1042735 0.0793535 0.1081403 0.0138635 0.1070848 
Phalangeridae_Phalanger_orientalis           0.0409533 0.0720979 0.0415640 0.0409849 0.0447601 0.0814262 0.0129589 0.0060776 0.0392256 0.0792015 0.0055290 0.0783269 0.0781699 0.0000000 0.0585868 0.0811116 0.0778341 0.0722023 0.0826365 0.0392583 0.0493588 0.1019459 0.0875447 0.0804659 0.0398424 0.0647910 0.0396152 0.0394576 0.0389499 0.0754015 0.0597755 0.0014878 0.0793858 0.0838408 0.0788169 
Acrobatidae_Acrobates_pygmaeus               0.0544482 0.0802663 0.0529985 0.0538580 0.0528094 0.1015160 0.0572179 0.0548616 0.0485923 0.0919022 0.0543201 0.1017556 0.0989552 0.0585868 0.0000000 0.1016729 0.1020561 0.0934000 0.0945107 0.0467787 0.0554857 0.1072795 0.1005947 0.1030394 0.0501535 0.0711503 0.0434653 0.0478908 0.0444264 0.0667043 0.0269130 0.0601711 0.0910749 0.1051454 0.0929455 
Dasyuridae_Phascogale_calura                 0.0832836 0.1049564 0.0832041 0.0796614 0.0826461 0.0085919 0.0790594 0.0818561 0.0781843 0.1057280 0.0814423 0.0010400 0.0142548 0.0811116 0.1016729 0.0000000 0.0081854 0.0116151 0.1112367 0.0779318 0.0916538 0.1378815 0.1370859 0.0042107 0.0795180 0.0815766 0.0941320 0.0795005 0.0853609 0.1216604 0.1057201 0.0828240 0.1107458 0.0097250 0.1074468 
Dasyuridae_Sarcophilus_harrisii              0.0810394 0.1030799 0.0801877 0.0784746 0.0804971 0.0037749 0.0807193 0.0791144 0.0779018 0.1029307 0.0761270 0.0066367 0.0135332 0.0778341 0.1020561 0.0081854 0.0000000 0.0109386 0.1055411 0.0767571 0.0905134 0.1373608 0.1383520 0.0080091 0.0811546 0.0845379 0.0884253 0.0783234 0.0841894 0.1203760 0.1028979 0.0781324 0.1040898 0.0040666 0.1046433 
Dasyuridae_Planigale_tenuirostris            0.0786164 0.1056862 0.0771228 0.0777459 0.0794807 0.0120510 0.0725599 0.0742402 0.0772827 0.0986535 0.0718448 0.0105411 0.0075741 0.0722023 0.0934000 0.0116151 0.0109386 0.0000000 0.1016143 0.0752723 0.0885748 0.1325029 0.1355267 0.0119194 0.0747257 0.0833187 0.0895903 0.0749288 0.0810626 0.1120082 0.0967732 0.0735927 0.1014572 0.0129798 0.0997284 
Peramelidae_Echymipera_kalubu                0.0798897 0.0734298 0.0751010 0.0781793 0.0812101 0.1109923 0.0784680 0.0817464 0.0775428 0.0059328 0.0760957 0.1102119 0.1080963 0.0826365 0.0945107 0.1112367 0.1055411 0.1016143 0.0000000 0.0761735 0.0962263 0.1160270 0.1099352 0.1105396 0.0808186 0.0764076 0.0823484 0.0774172 0.0854905 0.1107744 0.1025310 0.0838655 0.0051297 0.1114895 0.0061222 
Macropodidae_Dorcopsulus_vanheurni           0.0345629 0.0573783 0.0352580 0.0079762 0.0089880 0.0792689 0.0371038 0.0374838 0.0066262 0.0727213 0.0336381 0.0751713 0.0781728 0.0392583 0.0467787 0.0779318 0.0767571 0.0752723 0.0761735 0.0000000 0.0461297 0.0848901 0.0772538 0.0777593 0.0176223 0.0567332 0.0323555 0.0018382 0.0369951 0.0608361 0.0480356 0.0395781 0.0705842 0.0807086 0.0733195 
Pseudochiridae_Pseudochirulus_forbesi        0.0521627 0.0843294 0.0510242 0.0501839 0.0522329 0.0942959 0.0497907 0.0483091 0.0478543 0.0972944 0.0491804 0.0895304 0.0912105 0.0493588 0.0554857 0.0916538 0.0905134 0.0885748 0.0962263 0.0461297 0.0000000 0.1123433 0.1033538 0.0927031 0.0504360 0.0648282 0.0209656 0.0479637 0.0074246 0.0666132 0.0582785 0.0496592 0.0923795 0.0963406 0.0979179 
Didelphidae_Didelphis_virginiana             0.0943800 0.1028674 0.0795115 0.0891566 0.0906994 0.1397071 0.0920076 0.1007435 0.0841041 0.1066025 0.0987257 0.1385293 0.1379218 0.1019459 0.1072795 0.1378815 0.1373608 0.1325029 0.1160270 0.0848901 0.1123433 0.0000000 0.0293929 0.1352236 0.0968759 0.0954863 0.0997269 0.0840987 0.0976189 0.1208752 0.1109986 0.1035717 0.1110211 0.1388151 0.1079968 
Marmosidae_Monodelphis_domestica             0.0840947 0.0970945 0.0755266 0.0827101 0.0836760 0.1390921 0.0788250 0.0904956 0.0787821 0.1028130 0.0892633 0.1366058 0.1409690 0.0875447 0.1005947 0.1370859 0.1383520 0.1355267 0.1099352 0.0772538 0.1033538 0.0293929 0.0000000 0.1321759 0.0884478 0.0837039 0.0948667 0.0774838 0.0895989 0.1242896 0.1021526 0.0895121 0.1069546 0.1378220 0.1036042 
Dasyuridae_Antechinus_stuartii               0.0820897 0.1054307 0.0824723 0.0794962 0.0825355 0.0084116 0.0802514 0.0812142 0.0789703 0.1056793 0.0806460 0.0033615 0.0140221 0.0804659 0.1030394 0.0042107 0.0080091 0.0119194 0.1105396 0.0777593 0.0927031 0.1352236 0.1321759 0.0000000 0.0812230 0.0843550 0.0967459 0.0790681 0.0858420 0.1211990 0.1044747 0.0821806 0.1089670 0.0090779 0.1073798 
Hypsiprymnodontidae_Hypsiprymnodon_moschatus 0.0398965 0.0711213 0.0427115 0.0198273 0.0236394 0.0841538 0.0377249 0.0385170 0.0179432 0.0778707 0.0348305 0.0776617 0.0786407 0.0398424 0.0501535 0.0795180 0.0811546 0.0747257 0.0808186 0.0176223 0.0504360 0.0968759 0.0884478 0.0812230 0.0000000 0.0594045 0.0465536 0.0170165 0.0413095 0.0698553 0.0508885 0.0401610 0.0776294 0.0856339 0.0770453 
Microbiotheriidae_Dromiciops_gliroides       0.0617975 0.0638553 0.0610511 0.0600871 0.0616467 0.0884211 0.0647651 0.0609809 0.0570727 0.0731254 0.0601820 0.0796483 0.0851178 0.0647910 0.0711503 0.0815766 0.0845379 0.0833187 0.0764076 0.0567332 0.0648282 0.0954863 0.0837039 0.0843550 0.0594045 0.0000000 0.0646496 0.0551213 0.0598807 0.0955395 0.0775205 0.0649951 0.0741851 0.0893070 0.0738527 
Pseudochiridae_Petauroides_volans            0.0428157 0.0741533 0.0414209 0.0415968 0.0416647 0.0946304 0.0360657 0.0379720 0.0350536 0.0817604 0.0424271 0.0947827 0.0956311 0.0396152 0.0434653 0.0941320 0.0884253 0.0895903 0.0823484 0.0323555 0.0209656 0.0997269 0.0948667 0.0967459 0.0465536 0.0646496 0.0000000 0.0339551 0.0135025 0.0580472 0.0531623 0.0426932 0.0782420 0.0971127 0.0816687 
Macropodidae_Wallabia_bicolor                0.0369817 0.0578059 0.0359455 0.0079930 0.0090089 0.0813190 0.0377222 0.0367784 0.0070106 0.0744604 0.0329505 0.0767354 0.0797386 0.0394576 0.0478908 0.0795005 0.0783234 0.0749288 0.0774172 0.0018382 0.0479637 0.0840987 0.0774838 0.0790681 0.0170165 0.0551213 0.0339551 0.0000000 0.0380417 0.0612091 0.0509052 0.0397776 0.0727647 0.0817617 0.0750289 
Pseudochiridae_Pseudocheirus_occidentalis    0.0392023 0.0664654 0.0389521 0.0397475 0.0426214 0.0883660 0.0393103 0.0392488 0.0360525 0.0868577 0.0404544 0.0846719 0.0828958 0.0389499 0.0444264 0.0853609 0.0841894 0.0810626 0.0854905 0.0369951 0.0074246 0.0976189 0.0895989 0.0858420 0.0413095 0.0598807 0.0135025 0.0380417 0.0000000 0.0522826 0.0475682 0.0401623 0.0833386 0.0903463 0.0865952 
Tarsipedidae_Tarsipes_rostratus              0.0700953 0.1010069 0.0618488 0.0640227 0.0655091 0.1243805 0.0659669 0.0708219 0.0624644 0.1110068 0.0701250 0.1199290 0.1241161 0.0754015 0.0667043 0.1216604 0.1203760 0.1120082 0.1107744 0.0608361 0.0666132 0.1208752 0.1242896 0.1211990 0.0698553 0.0955395 0.0580472 0.0612091 0.0522826 0.0000000 0.0747863 0.0776919 0.1105638 0.1221804 0.1110442 
Acrobatidae_Distoechurus_pennatus            0.0547026 0.0931331 0.0569144 0.0534185 0.0540672 0.1055573 0.0601175 0.0581908 0.0488644 0.0989844 0.0569575 0.1042152 0.1042735 0.0597755 0.0269130 0.1057201 0.1028979 0.0967732 0.1025310 0.0480356 0.0582785 0.1109986 0.1021526 0.1044747 0.0508885 0.0775205 0.0531623 0.0509052 0.0475682 0.0747863 0.0000000 0.0618035 0.0992155 0.1059086 0.0980617 
Phalangeridae_Phalanger_carmelitae           0.0421634 0.0745874 0.0427594 0.0412988 0.0450633 0.0826949 0.0138111 0.0064223 0.0395272 0.0804099 0.0053630 0.0790674 0.0793535 0.0014878 0.0601711 0.0828240 0.0781324 0.0735927 0.0838655 0.0395781 0.0496592 0.1035717 0.0895121 0.0821806 0.0401610 0.0649951 0.0426932 0.0397776 0.0401623 0.0776919 0.0618035 0.0000000 0.0806184 0.0846221 0.0800641 
Peramelidae_Peroryctes_raffrayana            0.0775761 0.0734184 0.0722808 0.0734627 0.0765163 0.1095248 0.0752284 0.0780529 0.0732771 0.0052896 0.0721180 0.1087694 0.1081403 0.0793858 0.0910749 0.1107458 0.1040898 0.1014572 0.0051297 0.0705842 0.0923795 0.1110211 0.1069546 0.1089670 0.0776294 0.0741851 0.0782420 0.0727647 0.0833386 0.1105638 0.0992155 0.0806184 0.0000000 0.1100231 0.0053010 
Dasyuridae_Dasyurus_geffroii                 0.0874862 0.1062554 0.0841912 0.0814207 0.0844275 0.0025694 0.0846462 0.0841994 0.0808693 0.1071790 0.0827589 0.0081913 0.0138635 0.0838408 0.1051454 0.0097250 0.0040666 0.0129798 0.1114895 0.0807086 0.0963406 0.1388151 0.1378220 0.0090779 0.0856339 0.0893070 0.0971127 0.0817617 0.0903463 0.1221804 0.1059086 0.0846221 0.1100231 0.0000000 0.1088866 
Peramelidae_Perameles_gunnii                 0.0770095 0.0740574 0.0741706 0.0761815 0.0787799 0.1083916 0.0751756 0.0779989 0.0733839 0.0000995 0.0758561 0.1054956 0.1070848 0.0788169 0.0929455 0.1074468 0.1046433 0.0997284 0.0061222 0.0733195 0.0979179 0.1079968 0.1036042 0.1073798 0.0770453 0.0738527 0.0816687 0.0750289 0.0865952 0.1110442 0.0980617 0.0800641 0.0053010 0.1088866 0.0000000 
