35
Burramyidae_Burramys_parvus                  0.0000000 0.0846967 0.0587464 0.0711281 0.0680315 0.0894180 0.0748167 0.0600985 0.0676052 0.0778060 0.0659127 0.0928349 0.0926003 0.0643946 0.0941940 0.0882013 0.0878377 0.1101944 0.0898415 0.0766825 0.0705941 0.1143581 0.1079179 0.0845615 0.0599946 0.0661988 0.0718296 0.0762232 0.0950441 0.0755672 0.0914558 0.0631854 0.0842838 0.0899855 0.0771206 
Notoryctidae_Notoryctes_typhlops             0.0846967 0.0000000 0.0938384 0.1088190 0.1049182 0.1037646 0.1023501 0.0901495 0.1040221 0.0967790 0.1019067 0.1006730 0.1085333 0.1001325 0.1117711 0.0956957 0.0964237 0.1262283 0.0985169 0.1083606 0.1111794 0.1297682 0.1110079 0.0943671 0.0992735 0.0894343 0.1026528 0.1095355 0.1212685 0.1094649 0.1045760 0.1011050 0.0856924 0.1040412 0.0955991 
Vombatidae_Lasiorhinus_latifrons             0.0587464 0.0938384 0.0000000 0.0855250 0.0823870 0.0943759 0.0865085 0.0789046 0.0840791 0.0813234 0.0843931 0.0914746 0.0979353 0.0786985 0.0956637 0.0866636 0.0871791 0.1181039 0.0883587 0.0844148 0.0894857 0.1190719 0.0979368 0.0865062 0.0728463 0.0726181 0.0762017 0.0856521 0.1077689 0.0911049 0.0948514 0.0788443 0.0796928 0.0947453 0.0788353 
Potoroidae_Bettongia_penicillata             0.0711281 0.1088190 0.0855250 0.0000000 0.0126301 0.1018631 0.0920157 0.0788418 0.0213086 0.0944816 0.0892611 0.1064648 0.1067553 0.0847004 0.1067731 0.1052370 0.0987149 0.1181605 0.1023282 0.0458377 0.0849487 0.1359914 0.1222561 0.1004794 0.0439008 0.0823727 0.0834218 0.0460536 0.1096514 0.0847048 0.0971733 0.0856344 0.1060956 0.0996224 0.0946201 
Potoroidae_Bettongia_lesueur                 0.0680315 0.1049182 0.0823870 0.0126301 0.0000000 0.1009575 0.0895199 0.0766259 0.0210712 0.0925754 0.0880557 0.1038119 0.1041198 0.0834935 0.1058026 0.1026077 0.0962230 0.1137022 0.1017536 0.0455469 0.0888716 0.1319165 0.1217675 0.0966558 0.0462863 0.0803508 0.0813894 0.0475198 0.1125264 0.0876092 0.0999276 0.0844143 0.1043265 0.0984243 0.0913980 
Dasyuridae_Dasyurus_maculatus                0.0894180 0.1037646 0.0943759 0.1018631 0.1009575 0.0000000 0.1102480 0.1039600 0.1018446 0.0989262 0.1140808 0.0244231 0.0333631 0.1063615 0.1280652 0.0235592 0.0101683 0.0416866 0.1025645 0.1070761 0.1122645 0.1238488 0.1054465 0.0193273 0.1014170 0.0829617 0.1102470 0.1038800 0.1443043 0.1037447 0.1256022 0.1075549 0.1046354 0.0109606 0.0968268 
Phalangeridae_Trichosurus_vulpecula          0.0748167 0.1023501 0.0865085 0.0920157 0.0895199 0.1102480 0.0000000 0.0615396 0.0914447 0.0938988 0.0725104 0.1129021 0.1154209 0.0649153 0.1013556 0.1116267 0.1074033 0.1269228 0.1158711 0.1004143 0.1043421 0.1465066 0.1223116 0.1080339 0.0786969 0.0888682 0.0833329 0.0988213 0.1166588 0.1028327 0.1100303 0.0636040 0.0985008 0.1122685 0.0910707 
Phalangeridae_Spilocuscus_maculatus          0.0600985 0.0901495 0.0789046 0.0788418 0.0766259 0.1039600 0.0615396 0.0000000 0.0752971 0.0895373 0.0129499 0.1046457 0.1022871 0.0118088 0.1080072 0.1009756 0.0981103 0.1213284 0.1007734 0.0838240 0.0937987 0.1398484 0.1167635 0.0986636 0.0752352 0.0788101 0.0848201 0.0839815 0.1149864 0.0866172 0.1075684 0.0142057 0.0985922 0.1027810 0.0860025 
Potoroidae_Aepyprymnus_rufescens             0.0676052 0.1040221 0.0840791 0.0213086 0.0210712 0.1018446 0.0914447 0.0752971 0.0000000 0.0922540 0.0856778 0.1035905 0.1011251 0.0833523 0.1110512 0.0999611 0.0970624 0.1120924 0.1018189 0.0440348 0.0892454 0.1327224 0.1147874 0.0988019 0.0467773 0.0838941 0.0811729 0.0440859 0.1099619 0.0839591 0.0975008 0.0842829 0.1067679 0.0992843 0.0910680 
Peramelidae_Perameles_nasuta                 0.0778060 0.0967790 0.0813234 0.0944816 0.0925754 0.0989262 0.0938988 0.0895373 0.0922540 0.0000000 0.1012299 0.0997829 0.1048028 0.0929269 0.1179272 0.0949599 0.0923059 0.1197355 0.0214845 0.0968491 0.1039840 0.1313562 0.1179794 0.0936743 0.0875780 0.0824609 0.0835336 0.1051442 0.1249775 0.1123415 0.1053223 0.0930412 0.0206442 0.0981060 0.0007718 
Phalangeridae_Strigocuscus_pelengensis       0.0659127 0.1019067 0.0843931 0.0892611 0.0880557 0.1140808 0.0725104 0.0129499 0.0856778 0.1012299 0.0000000 0.1148747 0.1138179 0.0113197 0.1156888 0.1109935 0.1079059 0.1259432 0.1092054 0.0946132 0.0990263 0.1483052 0.1260005 0.1082133 0.0806947 0.0816748 0.0950378 0.0923097 0.1200513 0.0929089 0.1131396 0.0112858 0.1086980 0.1128347 0.0976905 
Dasyuridae_Phascogale_tapoatafa              0.0928349 0.1006730 0.0914746 0.1064648 0.1038119 0.0244231 0.1129021 0.1046457 0.1035905 0.0997829 0.1148747 0.0000000 0.0305745 0.1070664 0.1343422 0.0038101 0.0158726 0.0408195 0.1089060 0.1067445 0.1203851 0.1273339 0.1023296 0.0077661 0.1027793 0.0843800 0.1167503 0.1035226 0.1496759 0.1041418 0.1241361 0.1082697 0.1063172 0.0217865 0.0976643 
Dasyuridae_Sminthopsis_macroura              0.0926003 0.1085333 0.0979353 0.1067553 0.1041198 0.0333631 0.1154209 0.1022871 0.1011251 0.1048028 0.1138179 0.0305745 0.0000000 0.1046686 0.1385932 0.0296856 0.0305385 0.0481611 0.1087665 0.1120865 0.1170194 0.1348038 0.1201160 0.0262218 0.1014490 0.0897651 0.1143898 0.1088642 0.1471316 0.1078722 0.1282397 0.1058516 0.1094599 0.0331867 0.1026929 
Phalangeridae_Phalanger_orientalis           0.0643946 0.1001325 0.0786985 0.0847004 0.0834935 0.1063615 0.0649153 0.0118088 0.0833523 0.0929269 0.0113197 0.1070664 0.1046686 0.0000000 0.1145506 0.1033764 0.1004822 0.1256882 0.1066665 0.0920668 0.1034438 0.1439976 0.1233145 0.1010516 0.0753703 0.0811661 0.0966411 0.0899053 0.1204158 0.0939475 0.1139123 0.0054212 0.1048596 0.1051763 0.0893668 
Acrobatidae_Acrobates_pygmaeus               0.0941940 0.1117711 0.0956637 0.1067731 0.1058026 0.1280652 0.1013556 0.1080072 0.1110512 0.1179272 0.1156888 0.1343422 0.1385932 0.1145506 0.0000000 0.1290492 0.1270846 0.1340150 0.1373461 0.1201292 0.0975956 0.1521245 0.1309819 0.1263551 0.0958144 0.1034999 0.0657526 0.1108584 0.0932187 0.1134626 0.0940512 0.1166566 0.1255350 0.1295954 0.1167474 
Dasyuridae_Phascogale_calura                 0.0882013 0.0956957 0.0866636 0.1052370 0.1026077 0.0235592 0.1116267 0.1009756 0.0999611 0.0949599 0.1109935 0.0038101 0.0296856 0.1033764 0.1290492 0.0000000 0.0150474 0.0397569 0.1052179 0.1055251 0.1166218 0.1232321 0.0985470 0.0061872 0.0991392 0.0796517 0.1125178 0.1023087 0.1440760 0.1004920 0.1228559 0.1045686 0.1012236 0.0209353 0.0940509 
Dasyuridae_Sarcophilus_harrisii              0.0878377 0.0964237 0.0871791 0.0987149 0.0962230 0.0101683 0.1074033 0.0981103 0.0970624 0.0923059 0.1079059 0.0158726 0.0305385 0.1004822 0.1270846 0.0150474 0.0000000 0.0406284 0.0993741 0.1000098 0.1109528 0.1198929 0.0995045 0.0118025 0.0954774 0.0805159 0.1106338 0.0968431 0.1431812 0.0964510 0.1234382 0.1016590 0.0966504 0.0077541 0.0902138 
Dasyuridae_Planigale_tenuirostris            0.1101944 0.1262283 0.1181039 0.1181605 0.1137022 0.0416866 0.1269228 0.1213284 0.1120924 0.1197355 0.1259432 0.0408195 0.0481611 0.1256882 0.1340150 0.0397569 0.0406284 0.0000000 0.1262086 0.1275243 0.1281735 0.1450242 0.1302616 0.0354265 0.1090565 0.1013030 0.1167271 0.1199344 0.1562618 0.1245924 0.1373691 0.1284024 0.1202292 0.0438310 0.1186387 
Peramelidae_Echymipera_kalubu                0.0898415 0.0985169 0.0883587 0.1023282 0.1017536 0.1025645 0.1158711 0.1007734 0.1018189 0.0214845 0.1092054 0.1089060 0.1087665 0.1066665 0.1373461 0.1052179 0.0993741 0.1262086 0.0000000 0.1049696 0.1068936 0.1447998 0.1250963 0.1033694 0.0987123 0.0865192 0.0963689 0.1092808 0.1415450 0.1172300 0.1227112 0.1068100 0.0252311 0.1051424 0.0206201 
Macropodidae_Dorcopsulus_vanheurni           0.0766825 0.1083606 0.0844148 0.0458377 0.0455469 0.1070761 0.1004143 0.0838240 0.0440348 0.0968491 0.0946132 0.1067445 0.1120865 0.0920668 0.1201292 0.1055251 0.1000098 0.1275243 0.1049696 0.0000000 0.0941983 0.1406848 0.1325414 0.1032132 0.0605087 0.0864609 0.0904126 0.0217159 0.1234003 0.0943722 0.1046667 0.0929979 0.1043630 0.1072253 0.0960469 
Pseudochiridae_Pseudochirulus_forbesi        0.0705941 0.1111794 0.0894857 0.0849487 0.0888716 0.1122645 0.1043421 0.0937987 0.0892454 0.1039840 0.0990263 0.1203851 0.1170194 0.1034438 0.0975956 0.1166218 0.1109528 0.1281735 0.1068936 0.0941983 0.0000000 0.1320940 0.1136907 0.1130074 0.0738282 0.0836408 0.0477750 0.0967979 0.0594090 0.0673897 0.0917512 0.1019836 0.1045246 0.1095560 0.1019476 
Didelphidae_Didelphis_virginiana             0.1143581 0.1297682 0.1190719 0.1359914 0.1319165 0.1238488 0.1465066 0.1398484 0.1327224 0.1313562 0.1483052 0.1273339 0.1348038 0.1439976 0.1521245 0.1232321 0.1198929 0.1450242 0.1447998 0.1406848 0.1320940 0.0000000 0.0452371 0.1160212 0.1181623 0.1121933 0.1194240 0.1386779 0.1664751 0.1302463 0.1481502 0.1453809 0.1436581 0.1253170 0.1283563 
Marmosidae_Monodelphis_domestica             0.1079179 0.1110079 0.0979368 0.1222561 0.1217675 0.1054465 0.1223116 0.1167635 0.1147874 0.1179794 0.1260005 0.1023296 0.1201160 0.1233145 0.1309819 0.0985470 0.0995045 0.1302616 0.1250963 0.1325414 0.1136907 0.0452371 0.0000000 0.0960030 0.1048067 0.0883316 0.1015212 0.1279257 0.1405451 0.1007318 0.1298944 0.1246126 0.1117587 0.1058777 0.1149072 
Dasyuridae_Antechinus_stuartii               0.0845615 0.0943671 0.0865062 0.1004794 0.0966558 0.0193273 0.1080339 0.0986636 0.0988019 0.0936743 0.1082133 0.0077661 0.0262218 0.1010516 0.1263551 0.0061872 0.0118025 0.0354265 0.1033694 0.1032132 0.1130074 0.1160212 0.0960030 0.0000000 0.0967230 0.0758223 0.1051523 0.1000075 0.1362394 0.0981921 0.1191560 0.1022367 0.0971874 0.0167626 0.0917745 
Hypsiprymnodontidae_Hypsiprymnodon_moschatus 0.0599946 0.0992735 0.0728463 0.0439008 0.0462863 0.1014170 0.0786969 0.0752352 0.0467773 0.0875780 0.0806947 0.1027793 0.1014490 0.0753703 0.0958144 0.0991392 0.0954774 0.1090565 0.0987123 0.0605087 0.0738282 0.1181623 0.1048067 0.0967230 0.0000000 0.0752471 0.0696205 0.0535700 0.0939251 0.0766006 0.1012858 0.0785386 0.0950773 0.0986964 0.0855653 
Microbiotheriidae_Dromiciops_gliroides       0.0661988 0.0894343 0.0726181 0.0823727 0.0803508 0.0829617 0.0888682 0.0788101 0.0838941 0.0824609 0.0816748 0.0843800 0.0897651 0.0811661 0.1034999 0.0796517 0.0805159 0.1013030 0.0865192 0.0864609 0.0836408 0.1121933 0.0883316 0.0758223 0.0752471 0.0000000 0.0845515 0.0846434 0.1158847 0.0932480 0.0923350 0.0810690 0.0878867 0.0800778 0.0806888 
Pseudochiridae_Petauroides_volans            0.0718296 0.1026528 0.0762017 0.0834218 0.0813894 0.1102470 0.0833329 0.0848201 0.0811729 0.0835336 0.0950378 0.1167503 0.1143898 0.0966411 0.0657526 0.1125178 0.1106338 0.1167271 0.0963689 0.0904126 0.0477750 0.1194240 0.1015212 0.1051523 0.0696205 0.0845515 0.0000000 0.0917727 0.0373519 0.0676565 0.0867645 0.0965141 0.0842141 0.1116539 0.0822438 
Macropodidae_Wallabia_bicolor                0.0762232 0.1095355 0.0856521 0.0460536 0.0475198 0.1038800 0.0988213 0.0839815 0.0440859 0.1051442 0.0923097 0.1035226 0.1088642 0.0899053 0.1108584 0.1023087 0.0968431 0.1199344 0.1092808 0.0217159 0.0967979 0.1386779 0.1279257 0.1000075 0.0535700 0.0846434 0.0917727 0.0000000 0.1146166 0.0956870 0.1067053 0.0908368 0.1089887 0.1040229 0.1030017 
Pseudochiridae_Pseudocheirus_occidentalis    0.0950441 0.1212685 0.1077689 0.1096514 0.1125264 0.1443043 0.1166588 0.1149864 0.1099619 0.1249775 0.1200513 0.1496759 0.1471316 0.1204158 0.0932187 0.1440760 0.1431812 0.1562618 0.1415450 0.1234003 0.0594090 0.1664751 0.1405451 0.1362394 0.0939251 0.1158847 0.0373519 0.1146166 0.0000000 0.1066335 0.1170363 0.1213927 0.1401000 0.1447098 0.1242047 
Tarsipedidae_Tarsipes_rostratus              0.0755672 0.1094649 0.0911049 0.0847048 0.0876092 0.1037447 0.1028327 0.0866172 0.0839591 0.1123415 0.0929089 0.1041418 0.1078722 0.0939475 0.1134626 0.1004920 0.0964510 0.1245924 0.1172300 0.0943722 0.0673897 0.1302463 0.1007318 0.0981921 0.0766006 0.0932480 0.0676565 0.0956870 0.1066335 0.0000000 0.1063155 0.0936243 0.1098197 0.0973582 0.1102219 
Acrobatidae_Distoechurus_pennatus            0.0914558 0.1045760 0.0948514 0.0971733 0.0999276 0.1256022 0.1100303 0.1075684 0.0975008 0.1053223 0.1131396 0.1241361 0.1282397 0.1139123 0.0940512 0.1228559 0.1234382 0.1373691 0.1227112 0.1046667 0.0917512 0.1481502 0.1298944 0.1191560 0.1012858 0.0923350 0.0867645 0.1067053 0.1170363 0.1063155 0.0000000 0.1123830 0.1178606 0.1257942 0.1025850 
Phalangeridae_Phalanger_carmelitae           0.0631854 0.1011050 0.0788443 0.0856344 0.0844143 0.1075549 0.0636040 0.0142057 0.0842829 0.0930412 0.0112858 0.1082697 0.1058516 0.0054212 0.1166566 0.1045686 0.1016590 0.1284024 0.1068100 0.0929979 0.1019836 0.1453809 0.1246126 0.1022367 0.0785386 0.0810690 0.0965141 0.0908368 0.1213927 0.0936243 0.1123830 0.0000000 0.1036239 0.1063662 0.0894739 
Peramelidae_Peroryctes_raffrayana            0.0842838 0.0856924 0.0796928 0.1060956 0.1043265 0.1046354 0.0985008 0.0985922 0.1067679 0.0206442 0.1086980 0.1063172 0.1094599 0.1048596 0.1255350 0.1012236 0.0966504 0.1202292 0.0252311 0.1043630 0.1045246 0.1436581 0.1117587 0.0971874 0.0950773 0.0878867 0.0842141 0.1089887 0.1401000 0.1098197 0.1178606 0.1036239 0.0000000 0.1059204 0.0198045 
Dasyuridae_Dasyurus_geffroii                 0.0899855 0.1040412 0.0947453 0.0996224 0.0984243 0.0109606 0.1122685 0.1027810 0.0992843 0.0981060 0.1128347 0.0217865 0.0331867 0.1051763 0.1295954 0.0209353 0.0077541 0.0438310 0.1051424 0.1072253 0.1095560 0.1253170 0.1058777 0.0167626 0.0986964 0.0800778 0.1116539 0.1040229 0.1447098 0.0973582 0.1257942 0.1063662 0.1059204 0.0000000 0.0970756 
Peramelidae_Perameles_gunnii                 0.0771206 0.0955991 0.0788353 0.0946201 0.0913980 0.0968268 0.0910707 0.0860025 0.0910680 0.0007718 0.0976905 0.0976643 0.1026929 0.0893668 0.1167474 0.0940509 0.0902138 0.1186387 0.0206201 0.0960469 0.1019476 0.1283563 0.1149072 0.0917745 0.0855653 0.0806888 0.0822438 0.1030017 0.1242047 0.1102219 0.1025850 0.0894739 0.0198045 0.0970756 0.0000000 
