37
Burramyidae_Burramys_parvus                  0.0000000 0.0740255 0.0923271 0.0722520 0.0687130 0.1197620 0.0539557 0.0454253 0.0755095 0.1082951 0.0429909 0.0650837 0.1269054 0.0514251 0.0674089 0.0671914 0.1284750 0.0535646 0.1109327 0.0671801 0.1183997 0.1254866 0.1186154 0.0441103 0.0812253 0.1016650 0.0608287 0.0636788 0.0678507 0.0787088 0.0690343 0.0506864 0.1032565 0.0837849 0.1067803 0.4178481 0.4178481 
Notoryctidae_Notoryctes_typhlops             0.0740255 0.0000000 0.1041837 0.1019924 0.0957107 0.1369877 0.0677375 0.0614692 0.1034943 0.1070025 0.0844817 0.0653327 0.1193717 0.0637779 0.0778418 0.0653560 0.1180347 0.1404296 0.1120822 0.0975523 0.1318523 0.1170821 0.1067967 0.0326258 0.1088543 0.0996973 0.0779042 0.0952819 0.0815813 0.1014785 0.1045786 0.0664082 0.1016838 0.0842841 0.1015436 0.4058662 0.4058662 
Vombatidae_Lasiorhinus_latifrons             0.0923271 0.1041837 0.0000000 0.1229841 0.1162947 0.1520991 0.0696321 0.0874016 0.1245951 0.1388337 0.0992016 0.1336624 0.1452032 0.0738844 0.1016094 0.1314594 0.1346302 0.1863041 0.1451530 0.1171867 0.1409067 0.1451033 0.1412604 0.0469309 0.1270380 0.1238735 0.1046087 0.1114738 0.0946918 0.1284572 0.1267016 0.0730838 0.1241672 0.1434655 0.1344357 0.6826311 0.6826311 
Potoroidae_Bettongia_penicillata             0.0722520 0.1019924 0.1229841 0.0000000 0.0114609 0.1632567 0.0814933 0.0673134 0.0181664 0.1347103 0.0872156 0.1058921 0.1485203 0.0791248 0.0885593 0.1082350 0.1414759 0.1889018 0.1373084 0.0263809 0.1416006 0.1394780 0.1411896 0.0546680 0.0588765 0.1153658 0.0804321 0.0314592 0.0784753 0.0989505 0.1135992 0.0785578 0.1275894 0.1104106 0.1298921 0.3958981 0.3958981 
Potoroidae_Bettongia_lesueur                 0.0687130 0.0957107 0.1162947 0.0114609 0.0000000 0.1468613 0.0798606 0.0606120 0.0224034 0.1265505 0.0720124 0.0897010 0.1429743 0.0760431 0.0807658 0.0921992 0.1356988 0.1381394 0.1326022 0.0303580 0.1355199 0.1331216 0.1372896 0.0567943 0.0587184 0.1112770 0.0756600 0.0279916 0.0754199 0.0939171 0.0985843 0.0753030 0.1231517 0.1060107 0.1215066 0.3657050 0.3657050 
Dasyuridae_Dasyurus_maculatus                0.1197620 0.1369877 0.1520991 0.1632567 0.1468613 0.0000000 0.1212023 0.1334740 0.1674485 0.1686802 0.1331139 0.0434639 0.0749662 0.1196983 0.1390339 0.0450835 0.0380910 0.0595628 0.1772699 0.1652450 0.2005204 0.1440997 0.1521215 0.0094580 0.1758665 0.1387352 0.1444822 0.1530930 0.1168252 0.1602027 0.1553703 0.1191361 0.1301583 0.0127637 0.1617694 0.4077906 0.4077906 
Phalangeridae_Trichosurus_vulpecula          0.0539557 0.0677375 0.0696321 0.0814933 0.0798606 0.1212023 0.0000000 0.0201586 0.0751934 0.1148149 0.0185823 0.0246456 0.1378891 0.0187249 0.0597072 0.0246630 0.1289516 0.0232516 0.1140529 0.0677505 0.1044871 0.1442342 0.1276309 0.0301213 0.0810166 0.1072562 0.0636352 0.0716185 0.0651854 0.0765014 0.0650379 0.0180317 0.1164983 0.0324115 0.1160158 9.0000000 9.0000000 
Phalangeridae_Spilocuscus_maculatus          0.0454253 0.0614692 0.0874016 0.0673134 0.0606120 0.1334740 0.0201586 0.0000000 0.0674684 0.1010156 0.0287998 0.0534073 0.1076415 0.0067004 0.0501806 0.0551907 0.1017675 0.1286792 0.1037035 0.0629181 0.1016557 0.1124231 0.1086160 0.0356490 0.0738873 0.0839457 0.0471201 0.0563498 0.0535695 0.0689892 0.0786247 0.0060297 0.0956118 0.0684174 0.0949634 0.3427867 0.3427867 
Potoroidae_Aepyprymnus_rufescens             0.0755095 0.1034943 0.1245951 0.0181664 0.0224034 0.1674485 0.0751934 0.0674684 0.0000000 0.1372485 0.0829944 0.1124843 0.1481075 0.0730606 0.0883808 0.1148508 0.1441318 0.1902077 0.1349073 0.0285833 0.1287574 0.1379288 0.1389509 0.0533646 0.0595058 0.1177759 0.0798807 0.0361532 0.0785958 0.0998981 0.1142330 0.0723155 0.1270336 0.1216271 0.1315840 0.4287407 0.4287407 
Peramelidae_Perameles_nasuta                 0.1082951 0.1070025 0.1388337 0.1347103 0.1265505 0.1686802 0.1148149 0.1010156 0.1372485 0.0000000 0.1208234 0.1212050 0.1551522 0.1095276 0.1189152 0.1190531 0.1490031 0.1710668 0.0462880 0.1284312 0.1758836 0.1560702 0.1466307 0.0597906 0.1396300 0.1253903 0.1072410 0.1219668 0.1218884 0.1361452 0.1547140 0.1114969 0.0254034 0.1310409 0.0015011 0.5500694 0.5500694 
Phalangeridae_Strigocuscus_pelengensis       0.0429909 0.0844817 0.0992016 0.0872156 0.0720124 0.1331139 0.0185823 0.0287998 0.0829944 0.1208234 0.0000000 0.1196937 0.1385848 0.0076073 0.0706023 0.1270870 0.1299733 0.0609626 0.1219551 0.0822474 0.0973456 0.1283405 0.1297599 0.0308758 0.0943028 0.1089594 0.0695304 0.0755748 0.0473488 0.0854595 0.0543839 0.0069273 0.0884397 0.0968122 0.1161872 0.5477409 0.5477409 
Dasyuridae_Phascogale_tapoatafa              0.0650837 0.0653327 0.1336624 0.1058921 0.0897010 0.0434639 0.0246456 0.0534073 0.1124843 0.1212050 0.1196937 0.0000000 0.0147573 0.0272689 0.0641307 0.0014727 0.0080469 0.0546924 0.1272136 0.1136470 0.1056518 0.0954178 0.0913107 0.0049606 0.1167977 0.0814390 0.0696688 0.0833890 0.0601448 0.0833481 0.1401089 0.0269140 0.0854062 0.0081096 0.1016769 0.2196021 0.2196021 
Dasyuridae_Sminthopsis_macroura              0.1269054 0.1193717 0.1452032 0.1485203 0.1429743 0.0749662 0.1378891 0.1076415 0.1481075 0.1551522 0.1385848 0.0147573 0.0000000 0.1335637 0.1127495 0.0126138 0.0406197 0.0445986 0.1545830 0.1412307 0.2033922 0.1342611 0.1380618 0.0144653 0.1446540 0.1201537 0.1206354 0.1318687 0.1297140 0.1370397 0.1579383 0.1314059 0.1563869 0.0156372 0.1487603 0.1522752 0.1522752 
Phalangeridae_Phalanger_orientalis           0.0514251 0.0637779 0.0738844 0.0791248 0.0760431 0.1196983 0.0187249 0.0067004 0.0730606 0.1095276 0.0076073 0.0272689 0.1335637 0.0000000 0.0539486 0.0272898 0.1220185 0.0259240 0.1093578 0.0631758 0.1023751 0.1400328 0.1232204 0.0329062 0.0783703 0.1071532 0.0591721 0.0677216 0.0620407 0.0753532 0.0606791 0.0033347 0.1118449 0.0357461 0.1096516 9.0000000 9.0000000 
Acrobatidae_Acrobates_pygmaeus               0.0674089 0.0778418 0.1016094 0.0885593 0.0807658 0.1390339 0.0597072 0.0501806 0.0883808 0.1189152 0.0706023 0.0641307 0.1127495 0.0539486 0.0000000 0.0622316 0.1183991 0.1261907 0.1214193 0.0843951 0.1004050 0.1180094 0.1117506 0.0428892 0.0930627 0.1005762 0.0475876 0.0753474 0.0540695 0.0700241 0.0540294 0.0564860 0.1137752 0.0786178 0.1140949 0.3385228 0.3385228 
Dasyuridae_Phascogale_calura                 0.0671914 0.0653560 0.1314594 0.1082350 0.0921992 0.0450835 0.0246630 0.0551907 0.1148508 0.1190531 0.1270870 0.0014727 0.0126138 0.0272898 0.0622316 0.0000000 0.0062798 0.0526631 0.1294291 0.1160322 0.1058319 0.1024694 0.0977602 0.0037922 0.1191775 0.0793265 0.0677339 0.0856249 0.0622723 0.0853764 0.1474499 0.0269343 0.0877544 0.0063309 0.1017004 0.2116101 0.2116101 
Dasyuridae_Sarcophilus_harrisii              0.1284750 0.1180347 0.1346302 0.1414759 0.1356988 0.0380910 0.1289516 0.1017675 0.1441318 0.1490031 0.1299733 0.0080469 0.0406197 0.1220185 0.1183991 0.0062798 0.0000000 0.0609110 0.1580669 0.1384629 0.1995042 0.1364400 0.1316353 0.0068046 0.1445421 0.1155091 0.1189321 0.1302545 0.1246681 0.1370885 0.1603802 0.1206545 0.1487840 0.0030145 0.1424107 0.2312914 0.2312914 
Dasyuridae_Planigale_tenuirostris            0.0535646 0.1404296 0.1863041 0.1889018 0.1381394 0.0595628 0.0232516 0.1286792 0.1902077 0.1710668 0.0609626 0.0546924 0.0445986 0.0259240 0.1261907 0.0526631 0.0609110 0.0000000 0.1791292 0.1959647 0.0938751 0.1629533 0.1897217 0.0104743 0.1817365 0.1618993 0.1472542 0.1503811 0.0522661 0.1413794 0.0814338 0.0244796 0.0555935 0.0324411 0.1599628 0.4407795 0.4407795 
Peramelidae_Echymipera_kalubu                0.1109327 0.1120822 0.1451530 0.1373084 0.1326022 0.1772699 0.1140529 0.1037035 0.1349073 0.0462880 0.1219551 0.1272136 0.1545830 0.1093578 0.1214193 0.1294291 0.1580669 0.1791292 0.0000000 0.1304518 0.1696583 0.1568567 0.1521827 0.0550955 0.1370554 0.1287789 0.1077427 0.1257068 0.1237234 0.1429030 0.1533573 0.1125624 0.0319056 0.1395176 0.0421573 0.5002104 0.5002104 
Macropodidae_Dorcopsulus_vanheurni           0.0671801 0.0975523 0.1171867 0.0263809 0.0303580 0.1652450 0.0677505 0.0629181 0.0285833 0.1284312 0.0822474 0.1136470 0.1412307 0.0631758 0.0843951 0.1160322 0.1384629 0.1959647 0.1304518 0.0000000 0.1256883 0.1389238 0.1370611 0.0474562 0.0558260 0.1134777 0.0770388 0.0188006 0.0728517 0.0949994 0.1097794 0.0640645 0.1217759 0.1252281 0.1245663 0.4628487 0.4628487 
Pseudochiridae_Pseudochirulus_forbesi        0.1183997 0.1318523 0.1409067 0.1416006 0.1355199 0.2005204 0.1044871 0.1016557 0.1287574 0.1758836 0.0973456 0.1056518 0.2033922 0.1023751 0.1004050 0.1058319 0.1995042 0.0938751 0.1696583 0.1256883 0.0000000 0.1969879 0.1862496 0.1190909 0.1417999 0.1873932 0.0658688 0.1350598 0.0471374 0.1134559 0.1026163 0.1016073 0.1825942 0.1149327 0.1773679 9.0000000 9.0000000 
Didelphidae_Didelphis_virginiana             0.1254866 0.1170821 0.1451033 0.1394780 0.1331216 0.1440997 0.1442342 0.1124231 0.1379288 0.1560702 0.1283405 0.0954178 0.1342611 0.1400328 0.1180094 0.1024694 0.1364400 0.1629533 0.1568567 0.1389238 0.1969879 0.0000000 0.0481532 0.0696250 0.1465281 0.1346037 0.1166406 0.1258057 0.1236562 0.1423218 0.1450663 0.1410063 0.1480693 0.1212786 0.1505218 0.3492001 0.3492001 
Marmosidae_Monodelphis_domestica             0.1186154 0.1067967 0.1412604 0.1411896 0.1372896 0.1521215 0.1276309 0.1086160 0.1389509 0.1466307 0.1297599 0.0913107 0.1380618 0.1232204 0.1117506 0.0977602 0.1316353 0.1897217 0.1521827 0.1370611 0.1862496 0.0481532 0.0000000 0.0547159 0.1443353 0.1261703 0.1124724 0.1252450 0.1217872 0.1417196 0.1515712 0.1240128 0.1424992 0.1140978 0.1413499 0.4247874 0.4247874 
Dasyuridae_Antechinus_stuartii               0.0441103 0.0326258 0.0469309 0.0546680 0.0567943 0.0094580 0.0301213 0.0356490 0.0533646 0.0597906 0.0308758 0.0049606 0.0144653 0.0329062 0.0428892 0.0037922 0.0068046 0.0104743 0.0550955 0.0474562 0.1190909 0.0696250 0.0547159 0.0000000 0.0504119 0.0607660 0.0516136 0.0518175 0.0458554 0.0509784 0.0444751 0.0328565 0.0576597 0.0081155 0.0599280 9.0000000 9.0000000 
Hypsiprymnodontidae_Hypsiprymnodon_moschatus 0.0812253 0.1088543 0.1270380 0.0588765 0.0587184 0.1758665 0.0810166 0.0738873 0.0595058 0.1396300 0.0943028 0.1167977 0.1446540 0.0783703 0.0930627 0.1191775 0.1445421 0.1817365 0.1370554 0.0558260 0.1417999 0.1465281 0.1443353 0.0504119 0.0000000 0.1254718 0.0894086 0.0539448 0.0915430 0.1096710 0.1169952 0.0765778 0.1346099 0.1330969 0.1331226 0.5312250 0.5312250 
Microbiotheriidae_Dromiciops_gliroides       0.1016650 0.0996973 0.1238735 0.1153658 0.1112770 0.1387352 0.1072562 0.0839457 0.1177759 0.1253903 0.1089594 0.0814390 0.1201537 0.1071532 0.1005762 0.0793265 0.1155091 0.1618993 0.1287789 0.1134777 0.1873932 0.1346037 0.1261703 0.0607660 0.1254718 0.0000000 0.1002740 0.1051984 0.1092203 0.1252436 0.1356923 0.1063705 0.1205846 0.0948041 0.1195520 0.3418788 0.3418788 
Pseudochiridae_Petauroides_volans            0.0608287 0.0779042 0.1046087 0.0804321 0.0756600 0.1444822 0.0636352 0.0471201 0.0798807 0.1072410 0.0695304 0.0696688 0.1206354 0.0591721 0.0475876 0.0677339 0.1189321 0.1472542 0.1077427 0.0770388 0.0658688 0.1166406 0.1124724 0.0516136 0.0894086 0.1002740 0.0000000 0.0692775 0.0314659 0.0684494 0.0796977 0.0585450 0.1034832 0.0846497 0.1017406 0.3207296 0.3207296 
Macropodidae_Wallabia_bicolor                0.0636788 0.0952819 0.1114738 0.0314592 0.0279916 0.1530930 0.0716185 0.0563498 0.0361532 0.1219668 0.0755748 0.0833890 0.1318687 0.0677216 0.0753474 0.0856249 0.1302545 0.1503811 0.1257068 0.0188006 0.1350598 0.1258057 0.1252450 0.0518175 0.0539448 0.1051984 0.0692775 0.0000000 0.0690969 0.0888278 0.0983012 0.0687762 0.1160821 0.0943821 0.1163327 0.3092449 0.3092449 
Pseudochiridae_Pseudocheirus_occidentalis    0.0678507 0.0815813 0.0946918 0.0784753 0.0754199 0.1168252 0.0651854 0.0535695 0.0785958 0.1218884 0.0473488 0.0601448 0.1297140 0.0620407 0.0540695 0.0622723 0.1246681 0.0522661 0.1237234 0.0728517 0.0471374 0.1236562 0.1217872 0.0458554 0.0915430 0.1092203 0.0314659 0.0690969 0.0000000 0.0687603 0.0582899 0.0629474 0.1098491 0.0754589 0.1189113 0.3741576 0.3741576 
Tarsipedidae_Tarsipes_rostratus              0.0787088 0.1014785 0.1284572 0.0989505 0.0939171 0.1602027 0.0765014 0.0689892 0.0998981 0.1361452 0.0854595 0.0833481 0.1370397 0.0753532 0.0700241 0.0853764 0.1370885 0.1413794 0.1429030 0.0949994 0.1134559 0.1423218 0.1417196 0.0509784 0.1096710 0.1252436 0.0684494 0.0888278 0.0687603 0.0000000 0.0933258 0.0755522 0.1306218 0.1014120 0.1308730 0.4130962 0.4130962 
Acrobatidae_Distoechurus_pennatus            0.0690343 0.1045786 0.1267016 0.1135992 0.0985843 0.1553703 0.0650379 0.0786247 0.1142330 0.1547140 0.0543839 0.1401089 0.1579383 0.0606791 0.0540294 0.1474499 0.1603802 0.0814338 0.1533573 0.1097794 0.1026163 0.1450663 0.1515712 0.0444751 0.1169952 0.1356923 0.0796977 0.0983012 0.0582899 0.0933258 0.0000000 0.0642491 0.1209631 0.1236472 0.1499953 0.5675420 0.5675420 
Phalangeridae_Phalanger_carmelitae           0.0506864 0.0664082 0.0730838 0.0785578 0.0753030 0.1191361 0.0180317 0.0060297 0.0723155 0.1114969 0.0069273 0.0269140 0.1314059 0.0033347 0.0564860 0.0269343 0.1206545 0.0244796 0.1125624 0.0640645 0.1016073 0.1410063 0.1240128 0.0328565 0.0765778 0.1063705 0.0585450 0.0687762 0.0629474 0.0755522 0.0642491 0.0000000 0.1139409 0.0352379 0.1116236 9.0000000 9.0000000 
Peramelidae_Peroryctes_raffrayana            0.1032565 0.1016838 0.1241672 0.1275894 0.1231517 0.1301583 0.1164983 0.0956118 0.1270336 0.0254034 0.0884397 0.0854062 0.1563869 0.1118449 0.1137752 0.0877544 0.1487840 0.0555935 0.0319056 0.1217759 0.1825942 0.1480693 0.1424992 0.0576597 0.1346099 0.1205846 0.1034832 0.1160821 0.1098491 0.1306218 0.1209631 0.1139409 0.0000000 0.0996575 0.0224911 0.4402918 0.4402918 
Dasyuridae_Dasyurus_geffroii                 0.0837849 0.0842841 0.1434655 0.1104106 0.1060107 0.0127637 0.0324115 0.0684174 0.1216271 0.1310409 0.0968122 0.0081096 0.0156372 0.0357461 0.0786178 0.0063309 0.0030145 0.0324411 0.1395176 0.1252281 0.1149327 0.1212786 0.1140978 0.0081155 0.1330969 0.0948041 0.0846497 0.0943821 0.0754589 0.1014120 0.1236472 0.0352379 0.0996575 0.0000000 0.1177659 0.2105313 0.2105313 
Peramelidae_Perameles_gunnii                 0.1067803 0.1015436 0.1344357 0.1298921 0.1215066 0.1617694 0.1160158 0.0949634 0.1315840 0.0015011 0.1161872 0.1016769 0.1487603 0.1096516 0.1140949 0.1017004 0.1424107 0.1599628 0.0421573 0.1245663 0.1773679 0.1505218 0.1413499 0.0599280 0.1331226 0.1195520 0.1017406 0.1163327 0.1189113 0.1308730 0.1499953 0.1116236 0.0224911 0.1177659 0.0000000 0.4740082 0.4740082 
Myrmecobiidae_Myrmecobius_fasciatus1         0.4178481 0.4058662 0.6826311 0.3958981 0.3657050 0.4077906 9.0000000 0.3427867 0.4287407 0.5500694 0.5477409 0.2196021 0.1522752 9.0000000 0.3385228 0.2116101 0.2312914 0.4407795 0.5002104 0.4628487 9.0000000 0.3492001 0.4247874 9.0000000 0.5312250 0.3418788 0.3207296 0.3092449 0.3741576 0.4130962 0.5675420 9.0000000 0.4402918 0.2105313 0.4740082 0.0000000 0.0000010 
Myrmecobiidae_Myrmecobius_fasciatus2         0.4178481 0.4058662 0.6826311 0.3958981 0.3657050 0.4077906 9.0000000 0.3427867 0.4287407 0.5500694 0.5477409 0.2196021 0.1522752 9.0000000 0.3385228 0.2116101 0.2312914 0.4407795 0.5002104 0.4628487 9.0000000 0.3492001 0.4247874 9.0000000 0.5312250 0.3418788 0.3207296 0.3092449 0.3741576 0.4130962 0.5675420 9.0000000 0.4402918 0.2105313 0.4740082 0.0000010 0.0000000 
