191
I0185_86_Accipitridae_Buteo_jamaicensis                   0.0000000 0.0314678 0.0312237 0.0301882 0.0418568 0.0307959 0.0408361 0.0231445 0.0304220 0.0393469 0.0424623 0.0220541 0.0455280 0.0299893 0.0328207 0.0396827 0.0269805 0.0148754 0.0428300 0.0206351 0.0400907 0.0208334 0.0419753 0.0186815 0.0216350 0.0197372 0.0297517 0.0225569 0.0445510 0.0521813 0.0545137 0.0220839 0.0389299 0.0418040 0.0369390 0.0374615 0.0293090 0.0514016 0.0395057 0.0402731 0.0404987 0.0486717 0.0417669 0.0401221 0.0636407 0.0584829 0.0513122 0.0434935 0.0299834 0.0348522 0.0273613 0.0415530 0.0375163 0.0212560 0.0320259 0.0391580 0.0415256 0.0313298 0.0247092 0.0227784 0.0411458 0.0322715 0.0234047 0.0217148 0.0484603 0.0374950 0.0385178 0.0343516 0.0209475 0.0252946 0.0398176 0.0252151 0.0439409 0.0429361 0.0414688 0.0396920 0.0257746 0.0236576 0.0389581 0.0436422 0.0230786 0.0061704 0.0220559 0.0307644 0.0307159 0.0311597 0.0323061 0.0194785 0.0166055 0.0398939 0.0477970 0.0308744 0.0299132 0.0246351 0.0202172 0.0273273 0.0382022 0.0412331 0.0403475 0.0216253 0.0178449 0.0204473 0.0290536 0.0289194 0.0384515 0.0293025 0.0236219 0.0221762 0.0299025 0.0339186 0.0465142 0.0240656 0.0341813 0.0465621 0.0217925 0.0190130 0.0471660 0.0339488 0.0220823 0.0480899 0.0443991 0.0327488 0.0192836 0.0147641 0.0186863 0.0418508 0.0297240 0.0295036 0.0402397 0.0216948 0.0426232 0.0230848 0.0257342 0.0180531 0.0280919 0.0422272 0.0372440 0.0233121 0.0449467 0.0245480 0.0315448 0.0262844 0.0183493 0.0207086 0.0176435 0.0303491 0.0225187 0.0441375 0.0389421 0.0257506 0.0195159 0.0411647 0.0388226 0.0390473 0.0184353 0.0227262 0.0231607 0.0243801 0.0225927 0.0315271 0.0330213 0.0300736 0.0401979 0.0254398 0.0297983 0.0424241 0.0430761 0.0253259 0.0615293 0.0223106 0.0295825 0.0424327 0.0442623 0.0426033 0.0188811 0.0140171 0.0191890 0.0235597 0.0439741 0.0217714 0.0528655 0.0503481 0.0437829 0.0399705 0.0897100 0.0446883 0.0539959 0.0533090 0.0299992 0.0275295 0.0404319 
I0186_111_Momotidae_Momotus_lessonii                      0.0314678 0.0000000 0.0409920 0.0394860 0.0505680 0.0406951 0.0470321 0.0328769 0.0396227 0.0399221 0.0481980 0.0319733 0.0538343 0.0384135 0.0377980 0.0479722 0.0347314 0.0253470 0.0514114 0.0319257 0.0491784 0.0303543 0.0506183 0.0281017 0.0318087 0.0302140 0.0385333 0.0328181 0.0503541 0.0603347 0.0631739 0.0318156 0.0479048 0.0508098 0.0460286 0.0469804 0.0372123 0.0596970 0.0494176 0.0507532 0.0499164 0.0584312 0.0510427 0.0494261 0.0717810 0.0682542 0.0600901 0.0513015 0.0311129 0.0444752 0.0372331 0.0499069 0.0465616 0.0310999 0.0406560 0.0481686 0.0501740 0.0404041 0.0347613 0.0329788 0.0504302 0.0416004 0.0340479 0.0317395 0.0579753 0.0461585 0.0487580 0.0445229 0.0317067 0.0340922 0.0493799 0.0343578 0.0498404 0.0522618 0.0500395 0.0489846 0.0349112 0.0333869 0.0484796 0.0493972 0.0312337 0.0318171 0.0319440 0.0391739 0.0311220 0.0407565 0.0395789 0.0289757 0.0270036 0.0501231 0.0563116 0.0388343 0.0379022 0.0352315 0.0309373 0.0326616 0.0486408 0.0474690 0.0504590 0.0323167 0.0314104 0.0312966 0.0383101 0.0328250 0.0460906 0.0391038 0.0330481 0.0326735 0.0391351 0.0423152 0.0555980 0.0348352 0.0442958 0.0561460 0.0317262 0.0297234 0.0551286 0.0422141 0.0322686 0.0563997 0.0523534 0.0411409 0.0296854 0.0333453 0.0296124 0.0506819 0.0391566 0.0384212 0.0495815 0.0313931 0.0509387 0.0330628 0.0345247 0.0297422 0.0391709 0.0472040 0.0467216 0.0329681 0.0540405 0.0338763 0.0403278 0.0343027 0.0289135 0.0307185 0.0287916 0.0392800 0.0317795 0.0517019 0.0470626 0.0358691 0.0306124 0.0498169 0.0472815 0.0486166 0.0295071 0.0332813 0.0333373 0.0336201 0.0325092 0.0415225 0.0422345 0.0382319 0.0505228 0.0340909 0.0382746 0.0516323 0.0522249 0.0341543 0.0713506 0.0318692 0.0386799 0.0510668 0.0532563 0.0526232 0.0293676 0.0313598 0.0296367 0.0329226 0.0524169 0.0314712 0.0600425 0.0584067 0.0523372 0.0479555 0.0948556 0.0533916 0.0616852 0.0603781 0.0392459 0.0358334 0.0501981 
I0187_115_Trogonidae_Trogon_elegans                       0.0312237 0.0409920 0.0000000 0.0399716 0.0501517 0.0134772 0.0494187 0.0338241 0.0394567 0.0481611 0.0520291 0.0322183 0.0519083 0.0407600 0.0422140 0.0477055 0.0360270 0.0260738 0.0503362 0.0310064 0.0485435 0.0328208 0.0502977 0.0293747 0.0329882 0.0306854 0.0391665 0.0327353 0.0526541 0.0581027 0.0612145 0.0331728 0.0472388 0.0501093 0.0466456 0.0473303 0.0376039 0.0584627 0.0472686 0.0509957 0.0488496 0.0584254 0.0496287 0.0490356 0.0729040 0.0685420 0.0587319 0.0528158 0.0390841 0.0439933 0.0383629 0.0492169 0.0462322 0.0316844 0.0417954 0.0481157 0.0494635 0.0398921 0.0353942 0.0331762 0.0491196 0.0414939 0.0351329 0.0313310 0.0584357 0.0452283 0.0490082 0.0439713 0.0324197 0.0344870 0.0502743 0.0356096 0.0528701 0.0525906 0.0491847 0.0476319 0.0358236 0.0346092 0.0467385 0.0522152 0.0317270 0.0319384 0.0330043 0.0403250 0.0409489 0.0407877 0.0413231 0.0307247 0.0279574 0.0495804 0.0585058 0.0398715 0.0398375 0.0348218 0.0310239 0.0368487 0.0489707 0.0502658 0.0510125 0.0326157 0.0322808 0.0319971 0.0385960 0.0373636 0.0460099 0.0389946 0.0337856 0.0326510 0.0402162 0.0431518 0.0566305 0.0354104 0.0443158 0.0570626 0.0329353 0.0305110 0.0537636 0.0422560 0.0332482 0.0552214 0.0542788 0.0424286 0.0305705 0.0339781 0.0306974 0.0500986 0.0394485 0.0393338 0.0501792 0.0324333 0.0515266 0.0345356 0.0362000 0.0300123 0.0386945 0.0508310 0.0463769 0.0338387 0.0523413 0.0349350 0.0418873 0.0348940 0.0299304 0.0317768 0.0294614 0.0406473 0.0335477 0.0519395 0.0474933 0.0355160 0.0307951 0.0488881 0.0474708 0.0483276 0.0303552 0.0344789 0.0341264 0.0343065 0.0336859 0.0422561 0.0438116 0.0405622 0.0509496 0.0354171 0.0399698 0.0506998 0.0511276 0.0356072 0.0709290 0.0330653 0.0388221 0.0504325 0.0520830 0.0537768 0.0303903 0.0314639 0.0302864 0.0345733 0.0524083 0.0328693 0.0592902 0.0562870 0.0506271 0.0477818 0.0984498 0.0525620 0.0604219 0.0599212 0.0403892 0.0381213 0.0489467 
I0188_135_Apodidae_Streptoprocne_zonaris                  0.0301882 0.0394860 0.0399716 0.0000000 0.0489583 0.0393472 0.0485635 0.0320415 0.0378459 0.0463612 0.0497068 0.0309879 0.0521723 0.0381380 0.0414548 0.0456295 0.0339430 0.0251595 0.0504671 0.0306732 0.0477208 0.0307041 0.0498982 0.0282098 0.0301945 0.0291592 0.0378363 0.0313037 0.0508421 0.0586687 0.0624418 0.0315042 0.0466949 0.0493400 0.0375217 0.0380694 0.0366155 0.0577642 0.0458266 0.0486645 0.0473958 0.0566481 0.0492964 0.0484994 0.0704740 0.0654653 0.0583452 0.0516964 0.0377135 0.0406096 0.0366392 0.0486549 0.0451105 0.0303904 0.0400780 0.0477321 0.0479280 0.0383238 0.0332486 0.0320034 0.0493787 0.0159404 0.0333690 0.0295624 0.0566156 0.0454048 0.0469243 0.0418217 0.0300744 0.0310128 0.0474550 0.0330305 0.0512930 0.0510792 0.0489008 0.0468320 0.0347713 0.0331758 0.0468952 0.0504362 0.0303822 0.0304291 0.0314206 0.0387909 0.0385680 0.0387048 0.0388934 0.0290041 0.0263630 0.0406233 0.0569082 0.0383314 0.0369669 0.0331471 0.0298104 0.0354299 0.0465703 0.0481170 0.0481743 0.0307941 0.0298189 0.0296930 0.0356667 0.0360140 0.0434735 0.0368530 0.0329471 0.0307427 0.0396784 0.0409438 0.0552614 0.0339400 0.0422181 0.0560055 0.0307870 0.0287918 0.0537132 0.0402503 0.0316617 0.0550496 0.0521527 0.0405222 0.0293502 0.0319370 0.0281651 0.0476997 0.0170395 0.0380232 0.0481487 0.0309988 0.0504404 0.0324577 0.0300768 0.0281112 0.0376008 0.0483593 0.0441305 0.0313526 0.0510331 0.0329369 0.0404831 0.0329184 0.0286954 0.0301210 0.0278036 0.0379288 0.0310051 0.0499876 0.0459901 0.0335101 0.0295765 0.0478676 0.0463585 0.0475335 0.0284401 0.0323858 0.0317969 0.0331215 0.0315710 0.0391250 0.0407005 0.0372010 0.0484534 0.0334741 0.0379730 0.0495051 0.0510204 0.0332331 0.0687745 0.0308793 0.0370593 0.0486531 0.0518461 0.0513841 0.0288887 0.0301335 0.0288052 0.0329946 0.0503707 0.0303964 0.0579539 0.0570951 0.0508966 0.0460442 0.0947838 0.0523385 0.0592509 0.0592846 0.0379475 0.0366633 0.0478556 
I0189_225_Eurylaimidae_Smithornis_rufolateralis           0.0418568 0.0505680 0.0501517 0.0489583 0.0000000 0.0501824 0.0595041 0.0427934 0.0492167 0.0555142 0.0597395 0.0425338 0.0388259 0.0506966 0.0525626 0.0311069 0.0454904 0.0360951 0.0324009 0.0419319 0.0302989 0.0416457 0.0323441 0.0399166 0.0419399 0.0406257 0.0483412 0.0421631 0.0619467 0.0450596 0.0468961 0.0419208 0.0303887 0.0318020 0.0552127 0.0563564 0.0483119 0.0439149 0.0305786 0.0610214 0.0326974 0.0670350 0.0324171 0.0309123 0.0784424 0.0757839 0.0448681 0.0609835 0.0485729 0.0525363 0.0473535 0.0311667 0.0287690 0.0426132 0.0505531 0.0301556 0.0315773 0.0499882 0.0451555 0.0436219 0.0313185 0.0506529 0.0434877 0.0414507 0.0670954 0.0286200 0.0571723 0.0537038 0.0417295 0.0443908 0.0589406 0.0456232 0.0611393 0.0612184 0.0316552 0.0302547 0.0460162 0.0434917 0.0303921 0.0604930 0.0409706 0.0428899 0.0425954 0.0492107 0.0511583 0.0497402 0.0513088 0.0409683 0.0378103 0.0586433 0.0669105 0.0494975 0.0482977 0.0442324 0.0416642 0.0460817 0.0578191 0.0587154 0.0592118 0.0421586 0.0432658 0.0424553 0.0484321 0.0462698 0.0559658 0.0483966 0.0446249 0.0427173 0.0504251 0.0525135 0.0653513 0.0454840 0.0544049 0.0658480 0.0431900 0.0403742 0.0360442 0.0528225 0.0430829 0.0418858 0.0626835 0.0513992 0.0415508 0.0446220 0.0412399 0.0230888 0.0496298 0.0487283 0.0591446 0.0427129 0.0615124 0.0439298 0.0444388 0.0404711 0.0490641 0.0591111 0.0560597 0.0430486 0.0256586 0.0455502 0.0518099 0.0447632 0.0405935 0.0424475 0.0403770 0.0490255 0.0434760 0.0609377 0.0559120 0.0452015 0.0412184 0.0589833 0.0354022 0.0305149 0.0410213 0.0438670 0.0446496 0.0450922 0.0440372 0.0508392 0.0533557 0.0490834 0.0604069 0.0448516 0.0480974 0.0325535 0.0331526 0.0454176 0.0801355 0.0433006 0.0481983 0.0234184 0.0383141 0.0631601 0.0406101 0.0427868 0.0412899 0.0433156 0.0609099 0.0426398 0.0455713 0.0419929 0.0372173 0.0178047 0.1030555 0.0386463 0.0471621 0.0451507 0.0503974 0.0484142 0.0410284 
I0190_295_Trogonidae_Apaloderma_aequatoriale              0.0307959 0.0406951 0.0134772 0.0393472 0.0501824 0.0000000 0.0492457 0.0336114 0.0390717 0.0480095 0.0513710 0.0317896 0.0521149 0.0394104 0.0409325 0.0469164 0.0359578 0.0257617 0.0496651 0.0309565 0.0482304 0.0323029 0.0499684 0.0287536 0.0332032 0.0300869 0.0387235 0.0330324 0.0523239 0.0580310 0.0609442 0.0321841 0.0465369 0.0495974 0.0465769 0.0475214 0.0378688 0.0577960 0.0468401 0.0505204 0.0483283 0.0587326 0.0490899 0.0485616 0.0736002 0.0688116 0.0581595 0.0531223 0.0387814 0.0444833 0.0370835 0.0491315 0.0455158 0.0312237 0.0418505 0.0476502 0.0487647 0.0397433 0.0341867 0.0324878 0.0489772 0.0408639 0.0341171 0.0310335 0.0583757 0.0444405 0.0491059 0.0439926 0.0320774 0.0339422 0.0504286 0.0347561 0.0518572 0.0524247 0.0490051 0.0473455 0.0353964 0.0338477 0.0461598 0.0523107 0.0313847 0.0316400 0.0325912 0.0401898 0.0413406 0.0402197 0.0412410 0.0297140 0.0275818 0.0491462 0.0587052 0.0401021 0.0392974 0.0348440 0.0304228 0.0370830 0.0490557 0.0499855 0.0517113 0.0321541 0.0323436 0.0313451 0.0380053 0.0376946 0.0455023 0.0381121 0.0332115 0.0321311 0.0402665 0.0425857 0.0567423 0.0347362 0.0442788 0.0568898 0.0324187 0.0297243 0.0536197 0.0422442 0.0326402 0.0543903 0.0538159 0.0421841 0.0302713 0.0334074 0.0297694 0.0499024 0.0387895 0.0388761 0.0499207 0.0316838 0.0514844 0.0343017 0.0353090 0.0291583 0.0380590 0.0505259 0.0461180 0.0331684 0.0523360 0.0346190 0.0416008 0.0342057 0.0291023 0.0311741 0.0286854 0.0403492 0.0330378 0.0522925 0.0471212 0.0353190 0.0303904 0.0486421 0.0465291 0.0479430 0.0294982 0.0332464 0.0336035 0.0339568 0.0330246 0.0416312 0.0436411 0.0401767 0.0504700 0.0353186 0.0398652 0.0504223 0.0501993 0.0351009 0.0708637 0.0331340 0.0381278 0.0503507 0.0512956 0.0537718 0.0296453 0.0312290 0.0298349 0.0336439 0.0523004 0.0322117 0.0588986 0.0563929 0.0502876 0.0474317 0.0977849 0.0520539 0.0601170 0.0590705 0.0401030 0.0372313 0.0481291 
I0191_344_Indicatoridae_Indicator_exilis                  0.0408361 0.0470321 0.0494187 0.0485635 0.0595041 0.0492457 0.0000000 0.0420059 0.0483136 0.0522223 0.0305555 0.0417407 0.0628696 0.0481850 0.0494095 0.0574178 0.0437264 0.0353400 0.0603865 0.0409387 0.0575457 0.0400944 0.0597255 0.0372072 0.0417463 0.0399291 0.0484419 0.0417271 0.0216917 0.0687975 0.0719496 0.0416181 0.0571026 0.0591474 0.0553420 0.0557832 0.0459800 0.0688000 0.0569013 0.0588270 0.0581530 0.0660301 0.0594749 0.0592882 0.0792013 0.0763608 0.0690541 0.0581826 0.0467243 0.0531296 0.0469003 0.0587938 0.0554386 0.0404387 0.0495031 0.0583256 0.0590082 0.0494107 0.0435552 0.0421401 0.0589485 0.0505070 0.0441078 0.0406661 0.0664529 0.0547349 0.0567866 0.0516095 0.0401220 0.0435668 0.0585587 0.0428724 0.0211888 0.0623748 0.0586761 0.0573661 0.0454993 0.0435749 0.0567711 0.0309078 0.0389831 0.0414722 0.0418749 0.0477885 0.0482929 0.0468884 0.0460900 0.0390194 0.0366031 0.0570869 0.0653936 0.0479062 0.0469683 0.0445446 0.0401506 0.0437935 0.0570791 0.0295120 0.0591891 0.0419977 0.0415011 0.0400282 0.0469881 0.0446188 0.0539506 0.0467156 0.0424001 0.0417401 0.0501125 0.0514932 0.0647096 0.0416317 0.0522364 0.0645528 0.0416016 0.0388428 0.0638766 0.0516083 0.0409825 0.0664934 0.0632197 0.0496647 0.0391091 0.0427552 0.0388764 0.0584861 0.0476381 0.0468638 0.0586734 0.0413026 0.0567377 0.0421264 0.0438805 0.0387437 0.0468228 0.0301785 0.0551181 0.0413248 0.0623217 0.0434904 0.0485749 0.0440672 0.0384556 0.0410359 0.0385135 0.0488586 0.0419738 0.0591896 0.0559325 0.0443613 0.0390222 0.0581000 0.0562383 0.0585709 0.0379948 0.0421776 0.0434932 0.0431777 0.0421873 0.0497256 0.0509062 0.0479151 0.0579186 0.0435665 0.0479450 0.0601037 0.0606510 0.0434383 0.0805347 0.0425642 0.0479182 0.0601064 0.0626341 0.0619496 0.0377780 0.0404342 0.0395273 0.0431631 0.0612579 0.0417587 0.0692466 0.0668390 0.0609368 0.0565286 0.1048320 0.0623652 0.0721111 0.0702166 0.0469704 0.0449074 0.0590004 
I0192_375_Musophagidae_Tauraco_macrorhynchus              0.0231445 0.0328769 0.0338241 0.0320415 0.0427934 0.0336114 0.0420059 0.0000000 0.0300367 0.0414257 0.0440573 0.0124115 0.0464002 0.0319227 0.0345548 0.0411570 0.0281941 0.0176058 0.0440466 0.0225358 0.0410709 0.0246684 0.0427230 0.0222858 0.0232018 0.0209368 0.0301682 0.0242305 0.0459186 0.0531218 0.0555336 0.0240113 0.0411907 0.0430825 0.0382311 0.0382510 0.0293759 0.0531852 0.0407550 0.0394805 0.0425224 0.0477345 0.0430328 0.0424721 0.0643001 0.0578037 0.0528012 0.0454106 0.0321984 0.0366814 0.0297441 0.0421727 0.0400756 0.0230040 0.0330744 0.0412305 0.0424204 0.0312704 0.0256197 0.0240016 0.0425806 0.0343431 0.0258079 0.0227779 0.0481651 0.0391417 0.0388522 0.0325995 0.0234067 0.0259290 0.0399103 0.0262186 0.0460035 0.0427905 0.0420596 0.0406733 0.0266562 0.0256069 0.0410146 0.0446503 0.0242151 0.0227560 0.0244165 0.0319411 0.0326169 0.0338221 0.0356180 0.0213905 0.0202084 0.0402708 0.0470330 0.0316851 0.0305238 0.0255228 0.0222098 0.0300945 0.0376454 0.0424911 0.0395245 0.0233590 0.0238573 0.0221010 0.0289830 0.0304472 0.0378983 0.0294766 0.0250166 0.0242800 0.0295973 0.0339304 0.0460353 0.0267900 0.0338641 0.0461837 0.0238738 0.0205093 0.0473464 0.0342667 0.0239813 0.0497911 0.0440583 0.0331881 0.0212990 0.0253940 0.0213321 0.0432696 0.0309747 0.0312056 0.0426574 0.0235848 0.0449335 0.0258404 0.0264704 0.0208555 0.0291407 0.0425869 0.0379829 0.0250726 0.0465481 0.0260277 0.0335798 0.0271084 0.0211759 0.0215697 0.0206544 0.0314024 0.0242985 0.0455328 0.0404117 0.0264876 0.0213643 0.0418791 0.0404920 0.0417207 0.0202647 0.0251693 0.0242439 0.0258555 0.0250455 0.0325361 0.0337321 0.0309037 0.0395856 0.0275810 0.0316820 0.0441034 0.0450091 0.0274211 0.0621790 0.0238217 0.0296271 0.0435607 0.0464946 0.0428149 0.0204664 0.0236048 0.0215427 0.0251780 0.0453428 0.0244357 0.0542181 0.0511741 0.0449189 0.0411237 0.0910253 0.0467544 0.0544828 0.0535754 0.0320004 0.0297552 0.0426377 
I0193_447_Columbidae_Treron_calvus                        0.0304220 0.0396227 0.0394567 0.0378459 0.0492167 0.0390717 0.0483136 0.0300367 0.0000000 0.0467656 0.0502579 0.0296706 0.0505824 0.0387702 0.0392457 0.0450211 0.0327637 0.0198659 0.0486236 0.0285058 0.0462790 0.0286881 0.0477639 0.0278796 0.0298049 0.0283183 0.0140920 0.0301659 0.0527935 0.0568128 0.0592649 0.0306791 0.0456808 0.0480473 0.0443575 0.0451073 0.0145674 0.0565141 0.0450550 0.0479266 0.0469916 0.0566684 0.0482662 0.0472400 0.0698435 0.0658941 0.0569809 0.0521840 0.0379133 0.0419323 0.0352624 0.0469447 0.0448219 0.0298812 0.0399187 0.0462184 0.0466419 0.0148712 0.0326417 0.0310682 0.0476233 0.0396818 0.0317536 0.0289936 0.0568043 0.0442778 0.0461078 0.0408619 0.0298489 0.0319658 0.0469156 0.0329339 0.0515755 0.0504596 0.0474905 0.0462083 0.0327935 0.0317426 0.0456289 0.0503339 0.0218316 0.0307858 0.0299013 0.0379599 0.0394816 0.0403494 0.0410049 0.0283703 0.0248352 0.0479736 0.0557721 0.0372742 0.0362575 0.0325521 0.0281562 0.0356119 0.0454453 0.0486800 0.0476440 0.0298226 0.0303281 0.0279622 0.0351380 0.0359040 0.0445440 0.0357702 0.0319905 0.0298125 0.0375330 0.0416029 0.0546752 0.0325365 0.0430019 0.0549957 0.0303677 0.0271321 0.0506617 0.0408068 0.0304000 0.0532049 0.0513247 0.0393966 0.0277176 0.0328056 0.0269876 0.0488686 0.0380982 0.0367898 0.0478550 0.0301599 0.0506894 0.0313815 0.0332048 0.0268299 0.0359785 0.0492546 0.0446922 0.0311327 0.0521091 0.0315670 0.0391640 0.0319792 0.0267892 0.0286029 0.0260313 0.0383955 0.0300952 0.0504862 0.0453441 0.0319792 0.0275917 0.0471619 0.0444506 0.0468583 0.0272538 0.0313048 0.0306437 0.0327695 0.0318402 0.0394202 0.0415129 0.0375633 0.0480247 0.0321389 0.0374384 0.0484243 0.0491288 0.0319626 0.0684776 0.0304366 0.0122304 0.0498609 0.0497528 0.0522726 0.0273047 0.0314778 0.0274900 0.0322389 0.0502447 0.0309911 0.0572659 0.0552749 0.0492323 0.0459323 0.0960481 0.0499186 0.0581633 0.0574828 0.0379303 0.0370036 0.0472306 
I0194_495_Alcedinidae_Alcedo_quadribrachys                0.0393469 0.0399221 0.0481611 0.0463612 0.0555142 0.0480095 0.0522223 0.0414257 0.0467656 0.0000000 0.0552434 0.0405560 0.0587414 0.0463164 0.0444970 0.0515329 0.0427541 0.0328110 0.0552235 0.0392518 0.0525666 0.0386638 0.0562275 0.0370994 0.0402493 0.0382992 0.0454345 0.0405819 0.0554646 0.0636359 0.0672054 0.0399061 0.0522284 0.0547745 0.0517424 0.0516285 0.0450267 0.0639644 0.0529738 0.0559644 0.0539433 0.0635199 0.0547128 0.0543028 0.0760343 0.0743915 0.0639152 0.0568388 0.0395730 0.0497764 0.0451515 0.0542714 0.0511865 0.0397015 0.0481820 0.0519298 0.0545654 0.0471406 0.0428971 0.0414275 0.0541419 0.0481589 0.0414674 0.0397832 0.0634159 0.0502042 0.0551567 0.0520862 0.0396454 0.0419555 0.0573498 0.0426630 0.0560474 0.0601605 0.0544101 0.0524170 0.0437676 0.0417027 0.0524205 0.0559433 0.0384883 0.0394039 0.0397774 0.0470710 0.0332251 0.0469038 0.0476751 0.0380182 0.0351078 0.0539689 0.0634511 0.0470178 0.0455425 0.0429488 0.0390987 0.0412211 0.0552419 0.0539371 0.0568347 0.0391423 0.0395327 0.0385586 0.0451511 0.0418168 0.0516059 0.0456775 0.0411141 0.0397449 0.0485493 0.0499839 0.0619251 0.0429032 0.0520436 0.0606378 0.0405820 0.0384224 0.0598306 0.0493090 0.0407616 0.0608613 0.0610479 0.0480438 0.0363623 0.0418040 0.0378462 0.0555987 0.0458184 0.0465469 0.0568995 0.0397515 0.0573286 0.0404028 0.0423243 0.0377149 0.0447791 0.0532891 0.0527702 0.0421125 0.0583224 0.0418602 0.0480983 0.0428860 0.0374399 0.0391209 0.0369516 0.0458114 0.0400384 0.0576899 0.0532750 0.0436553 0.0371671 0.0549035 0.0526732 0.0532486 0.0374388 0.0419734 0.0415806 0.0422700 0.0404299 0.0477388 0.0497617 0.0452026 0.0552302 0.0425413 0.0451213 0.0564470 0.0560506 0.0429150 0.0763942 0.0404861 0.0450275 0.0556245 0.0586034 0.0585904 0.0377301 0.0387434 0.0381815 0.0403773 0.0584248 0.0396899 0.0632148 0.0631837 0.0570324 0.0532339 0.1022857 0.0588220 0.0651445 0.0648468 0.0473523 0.0438319 0.0555024 
I0195_522_Ramphastidae_Buccanodon_duchaillui              0.0424623 0.0481980 0.0520291 0.0497068 0.0597395 0.0513710 0.0305555 0.0440573 0.0502579 0.0552434 0.0000000 0.0434762 0.0634224 0.0499485 0.0518407 0.0572509 0.0461735 0.0364804 0.0607903 0.0421045 0.0577766 0.0419320 0.0598370 0.0391796 0.0432608 0.0417104 0.0503593 0.0432346 0.0330799 0.0691054 0.0732842 0.0427368 0.0574011 0.0590930 0.0570642 0.0576246 0.0471053 0.0695565 0.0571366 0.0599630 0.0590838 0.0675142 0.0606629 0.0590383 0.0821264 0.0780210 0.0693524 0.0606604 0.0485173 0.0539835 0.0480847 0.0590539 0.0557514 0.0424847 0.0498798 0.0576052 0.0592252 0.0505991 0.0452324 0.0440579 0.0591876 0.0516276 0.0441202 0.0425327 0.0675371 0.0554655 0.0573661 0.0532158 0.0423032 0.0451786 0.0586915 0.0449599 0.0334997 0.0636942 0.0596109 0.0574871 0.0474204 0.0439852 0.0579349 0.0235849 0.0401034 0.0429655 0.0429913 0.0479407 0.0498879 0.0484862 0.0471615 0.0408891 0.0382522 0.0596863 0.0665622 0.0489745 0.0475547 0.0451526 0.0417936 0.0459174 0.0574870 0.0216033 0.0599415 0.0432483 0.0425643 0.0414108 0.0488316 0.0460689 0.0554593 0.0490169 0.0437711 0.0430037 0.0519901 0.0518577 0.0656312 0.0439288 0.0542422 0.0651987 0.0432569 0.0409567 0.0650929 0.0528762 0.0425526 0.0663949 0.0647711 0.0502244 0.0412464 0.0449072 0.0400843 0.0586874 0.0488682 0.0477006 0.0600396 0.0430288 0.0597069 0.0438020 0.0456449 0.0406119 0.0493737 0.0252703 0.0577678 0.0436666 0.0629189 0.0449742 0.0503051 0.0455988 0.0400595 0.0430080 0.0398381 0.0505244 0.0438053 0.0611270 0.0576733 0.0467991 0.0410218 0.0604075 0.0577155 0.0582733 0.0402586 0.0436384 0.0450098 0.0447061 0.0437865 0.0509780 0.0525536 0.0493141 0.0592319 0.0463382 0.0491809 0.0607488 0.0607705 0.0457895 0.0825880 0.0435961 0.0500976 0.0594557 0.0638993 0.0623249 0.0403680 0.0419060 0.0413238 0.0448219 0.0625952 0.0430502 0.0693038 0.0676617 0.0618041 0.0565306 0.1043609 0.0636015 0.0711939 0.0711127 0.0484202 0.0469920 0.0590496 
I0196_523_Musophagidae_Corythaeola_cristata               0.0220541 0.0319733 0.0322183 0.0309879 0.0425338 0.0317896 0.0417407 0.0124115 0.0296706 0.0405560 0.0434762 0.0000000 0.0458988 0.0304640 0.0332102 0.0401311 0.0270880 0.0170334 0.0426235 0.0218591 0.0403339 0.0235323 0.0427072 0.0213948 0.0225642 0.0205345 0.0295807 0.0234193 0.0455531 0.0528779 0.0559399 0.0232545 0.0402758 0.0421851 0.0375490 0.0369179 0.0278085 0.0530770 0.0399735 0.0404197 0.0411784 0.0469430 0.0422763 0.0412413 0.0638417 0.0575211 0.0530453 0.0439789 0.0310497 0.0349989 0.0290663 0.0418412 0.0392208 0.0223589 0.0317844 0.0402894 0.0417463 0.0306175 0.0250290 0.0231770 0.0417411 0.0326488 0.0249888 0.0220534 0.0471764 0.0379427 0.0382910 0.0323054 0.0223161 0.0252004 0.0390611 0.0254938 0.0454814 0.0423061 0.0419252 0.0398462 0.0254773 0.0247678 0.0396092 0.0444519 0.0231017 0.0221211 0.0234299 0.0301798 0.0315824 0.0327559 0.0341884 0.0209755 0.0198265 0.0393206 0.0468148 0.0313526 0.0289229 0.0247396 0.0213136 0.0287273 0.0373065 0.0417035 0.0391113 0.0225716 0.0224778 0.0213593 0.0285125 0.0288493 0.0377091 0.0288248 0.0241818 0.0231254 0.0299873 0.0327609 0.0451005 0.0258697 0.0337712 0.0451487 0.0228927 0.0203885 0.0473695 0.0336222 0.0230163 0.0494773 0.0438159 0.0319526 0.0207622 0.0237735 0.0207310 0.0424168 0.0301287 0.0293802 0.0425687 0.0231232 0.0432459 0.0250313 0.0263230 0.0204898 0.0291261 0.0427751 0.0376485 0.0244208 0.0454653 0.0252126 0.0327309 0.0264101 0.0204500 0.0212482 0.0197658 0.0305679 0.0237653 0.0443351 0.0397840 0.0261689 0.0206200 0.0413439 0.0402283 0.0405567 0.0196996 0.0240298 0.0235111 0.0249440 0.0241489 0.0321199 0.0332991 0.0300167 0.0401153 0.0264539 0.0309736 0.0431203 0.0438778 0.0261520 0.0614591 0.0229603 0.0285088 0.0430461 0.0463877 0.0421206 0.0199447 0.0224009 0.0209193 0.0248061 0.0454221 0.0234730 0.0542672 0.0511131 0.0446241 0.0403572 0.0911412 0.0465116 0.0547220 0.0540224 0.0308799 0.0286110 0.0417322 
I0197_832_Corvidae_Corvus_albus                           0.0455280 0.0538343 0.0519083 0.0521723 0.0388259 0.0521149 0.0628696 0.0464002 0.0505824 0.0587414 0.0634224 0.0458988 0.0000000 0.0534054 0.0548480 0.0367030 0.0490235 0.0390275 0.0381729 0.0445160 0.0367535 0.0444628 0.0396228 0.0430852 0.0451245 0.0448091 0.0500398 0.0449625 0.0669988 0.0257778 0.0279323 0.0458343 0.0376414 0.0377600 0.0585198 0.0595428 0.0490681 0.0252796 0.0372740 0.0639999 0.0379436 0.0709215 0.0389886 0.0375419 0.0831595 0.0800803 0.0256397 0.0655702 0.0520740 0.0555846 0.0506520 0.0393178 0.0359115 0.0456771 0.0532839 0.0362669 0.0386069 0.0510150 0.0476540 0.0472536 0.0377067 0.0536380 0.0469875 0.0441325 0.0704440 0.0348528 0.0607671 0.0570372 0.0448269 0.0480192 0.0634353 0.0480728 0.0655617 0.0653722 0.0391149 0.0369905 0.0487415 0.0470734 0.0369401 0.0649012 0.0420718 0.0464117 0.0456345 0.0520954 0.0532873 0.0523512 0.0546161 0.0434990 0.0413782 0.0607043 0.0701677 0.0533931 0.0508632 0.0475166 0.0439368 0.0509345 0.0610774 0.0626129 0.0624321 0.0454549 0.0458384 0.0441038 0.0499871 0.0506811 0.0588137 0.0506683 0.0469706 0.0455414 0.0535787 0.0544880 0.0681134 0.0486307 0.0577714 0.0681111 0.0464825 0.0440883 0.0403702 0.0545950 0.0453972 0.0294015 0.0668523 0.0534725 0.0442540 0.0478448 0.0436336 0.0395078 0.0522848 0.0516550 0.0634037 0.0451784 0.0637989 0.0464230 0.0477597 0.0431946 0.0515343 0.0624464 0.0588774 0.0466652 0.0404890 0.0472770 0.0545357 0.0474830 0.0431867 0.0446100 0.0424831 0.0523168 0.0459992 0.0649131 0.0595489 0.0480389 0.0436575 0.0622254 0.0254166 0.0370213 0.0433356 0.0475297 0.0463250 0.0481977 0.0459851 0.0547214 0.0567536 0.0521604 0.0637772 0.0479545 0.0523469 0.0399197 0.0382466 0.0485502 0.0836247 0.0455458 0.0488044 0.0390537 0.0253994 0.0648760 0.0432203 0.0463352 0.0437440 0.0471436 0.0651279 0.0453322 0.0283738 0.0232424 0.0105132 0.0371125 0.1058874 0.0258900 0.0281180 0.0263885 0.0533026 0.0514545 0.0424762 
I0198_937_Bucerotidae_Tockus_camurus                      0.0299893 0.0384135 0.0407600 0.0381380 0.0506966 0.0394104 0.0481850 0.0319227 0.0387702 0.0463164 0.0499485 0.0304640 0.0534054 0.0000000 0.0408183 0.0477998 0.0350736 0.0243708 0.0516992 0.0304393 0.0492178 0.0302822 0.0506206 0.0273657 0.0307122 0.0286468 0.0376538 0.0317790 0.0507089 0.0607797 0.0629129 0.0308561 0.0474096 0.0508666 0.0470521 0.0478075 0.0368784 0.0596534 0.0477776 0.0495852 0.0493263 0.0568254 0.0507674 0.0489797 0.0716625 0.0663456 0.0606547 0.0464758 0.0375998 0.0439308 0.0368756 0.0499303 0.0463216 0.0314196 0.0406558 0.0483144 0.0492346 0.0393075 0.0330382 0.0319973 0.0501905 0.0400221 0.0329210 0.0298535 0.0570736 0.0460042 0.0478348 0.0428700 0.0297985 0.0327485 0.0481191 0.0335281 0.0501729 0.0507990 0.0492865 0.0480048 0.0347642 0.0327717 0.0472770 0.0502072 0.0298919 0.0302218 0.0320507 0.0383858 0.0388795 0.0385582 0.0396206 0.0290382 0.0260119 0.0500172 0.0563560 0.0381324 0.0373516 0.0339569 0.0305538 0.0353798 0.0475686 0.0483308 0.0496958 0.0314686 0.0309791 0.0300351 0.0379963 0.0356520 0.0442071 0.0381968 0.0325903 0.0313794 0.0405734 0.0411598 0.0547968 0.0332637 0.0437483 0.0552176 0.0312978 0.0284876 0.0550373 0.0418089 0.0309678 0.0563253 0.0516029 0.0410135 0.0292568 0.0321975 0.0287472 0.0499264 0.0370492 0.0384690 0.0475922 0.0315794 0.0456310 0.0326601 0.0340929 0.0287274 0.0377639 0.0481001 0.0448992 0.0312718 0.0531310 0.0338738 0.0409373 0.0344691 0.0285336 0.0304184 0.0281520 0.0387385 0.0319636 0.0500256 0.0467731 0.0342907 0.0296393 0.0498706 0.0472827 0.0485729 0.0275935 0.0327401 0.0319226 0.0338394 0.0321405 0.0403227 0.0407182 0.0375585 0.0493999 0.0351752 0.0375192 0.0513366 0.0520279 0.0343379 0.0698484 0.0313817 0.0374737 0.0502252 0.0527577 0.0521313 0.0282263 0.0311486 0.0288311 0.0327721 0.0503358 0.0313243 0.0596048 0.0580751 0.0523376 0.0476432 0.0947034 0.0531171 0.0620189 0.0613401 0.0388469 0.0153778 0.0491335 
I0199_955_Meropidae_Merops_muelleri                       0.0328207 0.0377980 0.0422140 0.0414548 0.0525626 0.0409325 0.0494095 0.0345548 0.0392457 0.0444970 0.0518407 0.0332102 0.0548480 0.0408183 0.0000000 0.0480987 0.0374700 0.0272420 0.0516910 0.0321911 0.0496245 0.0314351 0.0504508 0.0297588 0.0337145 0.0315421 0.0408513 0.0341538 0.0517685 0.0612192 0.0643566 0.0344254 0.0488187 0.0515251 0.0474592 0.0478346 0.0385629 0.0609590 0.0474808 0.0507403 0.0501553 0.0578312 0.0515116 0.0501796 0.0700467 0.0676715 0.0604836 0.0527182 0.0371232 0.0444780 0.0387775 0.0506754 0.0470548 0.0324492 0.0428734 0.0494056 0.0492484 0.0408272 0.0368589 0.0344565 0.0509275 0.0432322 0.0357063 0.0328498 0.0579455 0.0470234 0.0496316 0.0441202 0.0333832 0.0359824 0.0501945 0.0369374 0.0523272 0.0514733 0.0499388 0.0497618 0.0366674 0.0351456 0.0483453 0.0521636 0.0334312 0.0332176 0.0337986 0.0416624 0.0380139 0.0420792 0.0414735 0.0311751 0.0283710 0.0493854 0.0572497 0.0414841 0.0396395 0.0364972 0.0329154 0.0338603 0.0479683 0.0504668 0.0504620 0.0342338 0.0342660 0.0327970 0.0395170 0.0341127 0.0470334 0.0403741 0.0349328 0.0343454 0.0398986 0.0440396 0.0563520 0.0370351 0.0454328 0.0566010 0.0344861 0.0312605 0.0560472 0.0438450 0.0335641 0.0582874 0.0522177 0.0419433 0.0314934 0.0354342 0.0316693 0.0521301 0.0405919 0.0395895 0.0484355 0.0329878 0.0515790 0.0344038 0.0370115 0.0309467 0.0406837 0.0504125 0.0481913 0.0339476 0.0545572 0.0352746 0.0424700 0.0362573 0.0307449 0.0333662 0.0308060 0.0410898 0.0335533 0.0526844 0.0471138 0.0375609 0.0315776 0.0499814 0.0488996 0.0492044 0.0312938 0.0349560 0.0357042 0.0356756 0.0346172 0.0431088 0.0439850 0.0406582 0.0501849 0.0367761 0.0389872 0.0507251 0.0521628 0.0366495 0.0685880 0.0348687 0.0388831 0.0530628 0.0545416 0.0533859 0.0309605 0.0333304 0.0316374 0.0343141 0.0508108 0.0338941 0.0612156 0.0597865 0.0538584 0.0504188 0.0965184 0.0547118 0.0620858 0.0616582 0.0413833 0.0382167 0.0501075 
I0200_988_Furnariidae_Furnarius_rufus                     0.0396827 0.0479722 0.0477055 0.0456295 0.0311069 0.0469164 0.0574178 0.0411570 0.0450211 0.0515329 0.0572509 0.0401311 0.0367030 0.0477998 0.0480987 0.0000000 0.0429847 0.0328971 0.0291544 0.0390377 0.0273012 0.0387322 0.0243140 0.0366036 0.0395303 0.0382384 0.0451561 0.0404163 0.0596008 0.0440358 0.0458637 0.0394747 0.0265702 0.0287294 0.0532984 0.0537279 0.0444279 0.0421360 0.0138618 0.0579610 0.0287254 0.0653094 0.0291459 0.0282733 0.0762515 0.0741911 0.0435310 0.0583712 0.0456773 0.0501102 0.0440999 0.0223695 0.0255592 0.0402927 0.0467856 0.0272028 0.0141288 0.0460891 0.0419110 0.0413238 0.0283718 0.0467323 0.0404888 0.0386937 0.0657629 0.0255327 0.0544005 0.0515644 0.0392152 0.0422817 0.0559522 0.0421048 0.0588216 0.0585794 0.0233617 0.0266488 0.0435228 0.0404259 0.0265496 0.0583913 0.0377808 0.0406760 0.0396908 0.0456986 0.0468244 0.0465811 0.0475093 0.0387025 0.0352996 0.0560489 0.0641267 0.0465973 0.0450266 0.0412954 0.0390040 0.0441510 0.0550708 0.0565303 0.0562397 0.0400768 0.0405723 0.0394259 0.0451892 0.0433076 0.0520245 0.0459558 0.0418537 0.0405190 0.0486109 0.0485621 0.0620458 0.0431289 0.0521082 0.0623981 0.0399523 0.0381596 0.0283034 0.0494269 0.0405760 0.0390674 0.0599393 0.0478640 0.0390125 0.0421260 0.0376286 0.0305913 0.0453989 0.0444996 0.0557648 0.0409738 0.0579019 0.0403679 0.0417991 0.0371623 0.0468235 0.0563089 0.0526816 0.0398629 0.0327741 0.0416253 0.0478746 0.0423312 0.0376042 0.0395402 0.0366104 0.0453149 0.0403390 0.0576249 0.0535975 0.0422922 0.0387857 0.0560657 0.0344111 0.0276604 0.0374287 0.0419960 0.0411520 0.0434815 0.0405923 0.0489186 0.0494871 0.0450364 0.0574044 0.0427889 0.0447305 0.0241203 0.0293626 0.0429251 0.0764943 0.0398166 0.0442228 0.0314983 0.0372304 0.0604063 0.0374700 0.0400509 0.0381063 0.0409481 0.0577049 0.0399521 0.0449483 0.0410547 0.0354746 0.0289473 0.1010754 0.0373570 0.0455553 0.0440815 0.0472940 0.0457203 0.0382055 
I0201_999_Scolopacidae_Tringa_solitaria                   0.0269805 0.0347314 0.0360270 0.0339430 0.0454904 0.0359578 0.0437264 0.0281941 0.0327637 0.0427541 0.0461735 0.0270880 0.0490235 0.0350736 0.0374700 0.0429847 0.0000000 0.0198692 0.0453239 0.0249972 0.0434414 0.0194412 0.0452733 0.0226573 0.0226650 0.0238435 0.0332766 0.0219073 0.0476393 0.0550008 0.0574869 0.0269978 0.0421372 0.0453732 0.0403478 0.0412329 0.0321301 0.0545343 0.0425313 0.0456076 0.0433255 0.0524156 0.0445973 0.0437407 0.0657627 0.0628172 0.0548582 0.0477248 0.0337197 0.0382262 0.0322816 0.0444833 0.0404112 0.0250883 0.0352451 0.0428209 0.0449317 0.0335315 0.0298058 0.0267396 0.0445165 0.0366764 0.0287212 0.0249827 0.0527434 0.0406556 0.0413044 0.0374316 0.0252133 0.0289024 0.0420849 0.0297606 0.0470407 0.0466259 0.0445723 0.0423414 0.0294515 0.0279334 0.0420461 0.0466139 0.0258008 0.0269593 0.0200013 0.0342505 0.0348770 0.0355525 0.0358474 0.0230322 0.0211358 0.0429420 0.0513105 0.0216889 0.0326629 0.0283692 0.0238648 0.0317093 0.0409670 0.0442245 0.0433144 0.0219746 0.0259631 0.0242019 0.0320737 0.0316288 0.0409669 0.0325340 0.0277983 0.0216508 0.0338911 0.0370834 0.0509719 0.0282450 0.0376444 0.0500316 0.0261092 0.0233489 0.0498174 0.0370606 0.0266391 0.0514974 0.0472123 0.0355414 0.0239597 0.0283776 0.0235550 0.0452780 0.0337329 0.0331602 0.0437485 0.0251617 0.0462081 0.0214244 0.0296287 0.0229506 0.0330676 0.0452083 0.0417821 0.0269377 0.0485646 0.0223015 0.0231917 0.0293732 0.0226449 0.0245501 0.0227824 0.0339864 0.0205437 0.0401719 0.0420520 0.0298016 0.0237170 0.0441870 0.0422441 0.0427473 0.0230199 0.0269256 0.0269551 0.0280150 0.0268586 0.0358633 0.0370906 0.0332874 0.0449163 0.0094567 0.0333497 0.0455357 0.0463391 0.0109429 0.0649597 0.0262834 0.0327265 0.0455501 0.0480955 0.0465619 0.0231983 0.0265336 0.0230748 0.0281630 0.0463968 0.0258691 0.0544661 0.0537332 0.0473425 0.0430310 0.0922577 0.0481310 0.0568434 0.0553538 0.0219517 0.0322604 0.0446542 
I0202_1066_Cathartidae_Cathartes_burrovianus              0.0148754 0.0253470 0.0260738 0.0251595 0.0360951 0.0257617 0.0353400 0.0176058 0.0198659 0.0328110 0.0364804 0.0170334 0.0390275 0.0243708 0.0272420 0.0328971 0.0198692 0.0000000 0.0362102 0.0149303 0.0341130 0.0156735 0.0358468 0.0133018 0.0155152 0.0140460 0.0215068 0.0164184 0.0389441 0.0457123 0.0484827 0.0156588 0.0323547 0.0356537 0.0324016 0.0322512 0.0210770 0.0450620 0.0330979 0.0361313 0.0344399 0.0441903 0.0356803 0.0340749 0.0597419 0.0542051 0.0456176 0.0379493 0.0237247 0.0300822 0.0216247 0.0352432 0.0315095 0.0155801 0.0264497 0.0328744 0.0351320 0.0224566 0.0191355 0.0171281 0.0353270 0.0269334 0.0176877 0.0153259 0.0446204 0.0311463 0.0344327 0.0285333 0.0156909 0.0186082 0.0351583 0.0195076 0.0385032 0.0381340 0.0351946 0.0327526 0.0196314 0.0176139 0.0328253 0.0375586 0.0169367 0.0154254 0.0159450 0.0247315 0.0253421 0.0264305 0.0269532 0.0141696 0.0028136 0.0350093 0.0435623 0.0242318 0.0235104 0.0191339 0.0141862 0.0213637 0.0332001 0.0355570 0.0356161 0.0160840 0.0149627 0.0143021 0.0227966 0.0222697 0.0314591 0.0237699 0.0175222 0.0162818 0.0247207 0.0276945 0.0418757 0.0186340 0.0291203 0.0421282 0.0159256 0.0132751 0.0404747 0.0278912 0.0160310 0.0414231 0.0392949 0.0262695 0.0136829 0.0172436 0.0131135 0.0358843 0.0241712 0.0235840 0.0357712 0.0157128 0.0368869 0.0170203 0.0202932 0.0127136 0.0224988 0.0357641 0.0319166 0.0172065 0.0389294 0.0182192 0.0259549 0.0198969 0.0126088 0.0147930 0.0120937 0.0251242 0.0159553 0.0378928 0.0335762 0.0198329 0.0133291 0.0354300 0.0321831 0.0332241 0.0125087 0.0173031 0.0176901 0.0189749 0.0169490 0.0271190 0.0278588 0.0240351 0.0360280 0.0192523 0.0239180 0.0366690 0.0368499 0.0188152 0.0581725 0.0164592 0.0208795 0.0365570 0.0384147 0.0386575 0.0133578 0.0155849 0.0132397 0.0180269 0.0378015 0.0162032 0.0463133 0.0435524 0.0373349 0.0335652 0.0848033 0.0387470 0.0473428 0.0468532 0.0245585 0.0219980 0.0352817 
I0203_1087_Tyrannidae_Hymenops_perspicillatus             0.0428300 0.0514114 0.0503362 0.0504671 0.0324009 0.0496651 0.0603865 0.0440466 0.0486236 0.0552235 0.0607903 0.0426235 0.0381729 0.0516992 0.0516910 0.0291544 0.0453239 0.0362102 0.0000000 0.0424137 0.0111341 0.0420801 0.0300900 0.0398621 0.0428776 0.0407113 0.0483918 0.0429070 0.0638543 0.0419252 0.0448235 0.0422669 0.0190527 0.0187643 0.0551678 0.0565835 0.0472491 0.0422060 0.0285141 0.0610478 0.0172638 0.0678483 0.0166585 0.0178128 0.0793781 0.0753123 0.0431443 0.0631820 0.0488937 0.0535797 0.0479515 0.0288797 0.0179104 0.0430781 0.0502792 0.0171026 0.0296033 0.0490625 0.0459209 0.0429589 0.0073538 0.0513987 0.0442543 0.0413735 0.0677195 0.0167266 0.0570684 0.0539119 0.0419900 0.0453302 0.0584184 0.0460401 0.0628046 0.0622506 0.0293888 0.0180242 0.0457327 0.0442698 0.0175300 0.0623426 0.0411493 0.0434101 0.0427359 0.0499124 0.0500043 0.0503311 0.0524827 0.0410083 0.0386419 0.0593788 0.0678778 0.0490651 0.0490154 0.0454315 0.0416870 0.0472881 0.0569718 0.0596493 0.0580078 0.0427161 0.0435492 0.0416262 0.0474428 0.0469316 0.0548198 0.0475022 0.0435646 0.0426569 0.0504701 0.0520414 0.0659371 0.0459286 0.0546055 0.0658260 0.0432215 0.0404270 0.0322575 0.0531301 0.0428686 0.0404943 0.0627541 0.0510735 0.0415696 0.0450563 0.0414664 0.0330779 0.0500765 0.0484433 0.0586239 0.0429495 0.0619184 0.0438509 0.0455921 0.0405348 0.0494826 0.0596183 0.0565639 0.0440716 0.0324738 0.0442048 0.0515368 0.0461083 0.0406177 0.0421374 0.0401443 0.0485845 0.0429731 0.0623822 0.0554059 0.0461038 0.0411767 0.0565566 0.0342089 0.0178016 0.0409054 0.0443049 0.0445417 0.0451381 0.0435816 0.0524338 0.0534037 0.0486911 0.0608605 0.0446711 0.0485832 0.0298001 0.0098863 0.0454324 0.0790096 0.0430873 0.0471653 0.0328440 0.0368300 0.0631555 0.0406753 0.0428364 0.0411378 0.0452993 0.0608119 0.0427019 0.0433265 0.0399397 0.0359116 0.0293835 0.1044358 0.0374387 0.0443558 0.0418484 0.0495306 0.0488645 0.0399833 
I0204_1174_Threskiornithidae_Harpiprion_caerulescens      0.0206351 0.0319257 0.0310064 0.0306732 0.0419319 0.0309565 0.0409387 0.0225358 0.0285058 0.0392518 0.0421045 0.0218591 0.0445160 0.0304393 0.0321911 0.0390377 0.0249972 0.0149303 0.0424137 0.0000000 0.0398213 0.0201913 0.0416588 0.0189520 0.0202533 0.0172185 0.0289118 0.0214433 0.0445912 0.0518238 0.0539707 0.0217201 0.0390017 0.0415478 0.0374164 0.0375222 0.0281680 0.0509758 0.0386750 0.0409426 0.0404318 0.0487530 0.0409802 0.0405647 0.0627537 0.0567403 0.0522585 0.0437579 0.0291498 0.0339928 0.0265938 0.0407605 0.0375881 0.0188661 0.0314152 0.0389454 0.0408294 0.0294838 0.0240055 0.0204474 0.0412183 0.0327840 0.0232715 0.0204151 0.0490995 0.0371779 0.0390316 0.0330001 0.0182493 0.0244039 0.0397348 0.0240194 0.0442399 0.0431715 0.0413468 0.0391003 0.0243684 0.0230906 0.0386310 0.0433337 0.0223004 0.0210378 0.0209163 0.0297905 0.0312613 0.0315838 0.0320552 0.0167356 0.0162381 0.0400202 0.0487778 0.0295803 0.0285386 0.0233983 0.0176757 0.0268059 0.0381613 0.0414995 0.0401644 0.0205898 0.0209300 0.0181079 0.0273986 0.0278393 0.0367074 0.0278431 0.0234901 0.0208171 0.0291928 0.0324445 0.0472869 0.0220322 0.0337276 0.0467291 0.0210759 0.0165952 0.0458860 0.0318395 0.0193374 0.0477653 0.0443462 0.0313608 0.0166526 0.0228510 0.0174921 0.0412327 0.0303833 0.0289300 0.0394725 0.0193260 0.0425591 0.0217709 0.0250701 0.0165703 0.0273134 0.0419430 0.0362197 0.0218880 0.0447775 0.0231370 0.0310051 0.0246736 0.0166974 0.0200754 0.0164230 0.0296636 0.0207524 0.0433472 0.0391539 0.0251821 0.0173064 0.0408485 0.0376585 0.0392135 0.0165105 0.0207281 0.0221766 0.0224742 0.0220636 0.0315159 0.0329592 0.0289560 0.0407465 0.0238870 0.0288368 0.0417957 0.0429890 0.0236972 0.0615712 0.0214795 0.0281080 0.0418113 0.0442748 0.0432815 0.0176206 0.0203834 0.0169368 0.0234876 0.0423800 0.0213310 0.0521096 0.0496092 0.0426935 0.0388411 0.0895298 0.0445215 0.0540139 0.0529828 0.0296991 0.0279819 0.0404505 
