39
Peramelidae_Isoodon_obesulus1                0.0000000 0.0741507 0.0867596 0.0765980 0.0740497 0.0766402 0.0816528 0.0708835 0.0940094 0.0868117 0.0067772 0.0943122 0.0916793 0.0889078 0.0913566 0.0810992 0.0866966 0.0866138 0.0945242 0.0182641 0.0737092 0.0898679 0.0819227 0.0837036 0.0842802 0.0717131 0.0728516 0.0787161 0.0741408 0.0919861 0.0922733 0.0831527 0.0913566 0.0000010 0.0251168 0.0841313 0.0045136 9.0000000 9.0000000 
Burramyidae_Burramys_parvus                  0.0741507 0.0000000 0.0757057 0.0600278 0.0567006 0.0565192 0.0719116 0.0439868 0.0482073 0.0620769 0.1342806 0.0540481 0.0708299 0.0737543 0.0596459 0.0620568 0.0695775 0.0728035 0.0675205 0.1309581 0.0532026 0.0668373 0.0882601 0.0925669 0.0672157 0.0547746 0.0612707 0.0468026 0.0516167 0.0533161 0.0533409 0.0596832 0.0595723 0.0741507 0.0762363 0.0724038 0.1380796 0.1941707 0.1941707 
Notoryctidae_Notoryctes_typhlops             0.0867596 0.0757057 0.0000000 0.0820501 0.0788454 0.0801718 0.0864620 0.0738369 0.0780533 0.0839389 0.1398870 0.0832198 0.0847166 0.0871738 0.0845545 0.0815855 0.0831105 0.0878280 0.0760548 0.1371427 0.0774442 0.0908136 0.0964448 0.1013745 0.0766669 0.0803387 0.0705798 0.0660913 0.0770176 0.0821365 0.0692905 0.0844919 0.0889278 0.0867596 0.0953559 0.0856040 0.1433663 0.2828790 0.2828790 
Vombatidae_Lasiorhinus_latifrons             0.0765980 0.0600278 0.0820501 0.0000000 0.0704571 0.0704752 0.0835209 0.0589824 0.0625219 0.0749982 0.1396552 0.0666605 0.0807580 0.0814122 0.0736611 0.0725953 0.0795603 0.0845687 0.0758142 0.1374073 0.0688743 0.0816901 0.0938972 0.0965494 0.0777697 0.0672510 0.0681063 0.0476963 0.0672939 0.0554964 0.0524049 0.0730901 0.0741925 0.0765980 0.0815033 0.0822395 0.1429703 0.2150609 0.2150609 
Potoroidae_Bettongia_penicillata             0.0740497 0.0567006 0.0788454 0.0704571 0.0000000 0.0039008 0.0783229 0.0587949 0.0629306 0.0153868 0.1373898 0.0688753 0.0800666 0.0810814 0.0728460 0.0697677 0.0777446 0.0785471 0.0723689 0.1336734 0.0204215 0.0757051 0.0906411 0.0977482 0.0742606 0.0418169 0.0663497 0.0584759 0.0191023 0.0611010 0.0587129 0.0698727 0.0749679 0.0740497 0.0871986 0.0780386 0.1401917 0.2274370 0.2274370 
Potoroidae_Bettongia_lesueur                 0.0766402 0.0565192 0.0801718 0.0704752 0.0039008 0.0000000 0.0797626 0.0592097 0.0631208 0.0149906 0.1390483 0.0693709 0.0803883 0.0815936 0.0730094 0.0704762 0.0784517 0.0799760 0.0735325 0.1352824 0.0204258 0.0760999 0.0918177 0.0989514 0.0753702 0.0422167 0.0665416 0.0593643 0.0187076 0.0621595 0.0602633 0.0711689 0.0751411 0.0766402 0.0898700 0.0787340 0.1418114 0.2218076 0.2218076 
Dasyuridae_Dasyurus_maculatus                0.0816528 0.0719116 0.0864620 0.0835209 0.0783229 0.0797626 0.0000000 0.0716613 0.0780209 0.0812772 0.1447304 0.0822294 0.0197693 0.0240809 0.0885279 0.0864004 0.0201148 0.0061489 0.0235794 0.1425369 0.0774649 0.0887566 0.0967129 0.0974288 0.0193656 0.0797716 0.0749429 0.0744160 0.0760270 0.0772493 0.0732559 0.0828020 0.0893182 0.0816528 0.0938318 0.0033437 0.1475627 0.0923903 0.0923903 
Phalangeridae_Trichosurus_vulpecula          0.0708835 0.0439868 0.0738369 0.0589824 0.0587949 0.0592097 0.0716613 0.0000000 0.0219776 0.0610257 0.1292630 0.0258846 0.0679516 0.0714868 0.0324191 0.0592173 0.0683080 0.0722575 0.0652676 0.1262392 0.0578936 0.0664690 0.0852269 0.0917470 0.0637963 0.0554283 0.0609952 0.0429717 0.0552366 0.0532993 0.0492245 0.0583153 0.0317114 0.0708835 0.0802278 0.0706733 0.1325458 0.1842167 0.1842167 
Phalangeridae_Spilocuscus_maculatus          0.0940094 0.0482073 0.0780533 0.0625219 0.0629306 0.0631208 0.0780209 0.0219776 0.0000000 0.0658924 0.1392958 0.0146744 0.0754337 0.0766445 0.0236431 0.0639801 0.0745182 0.0783826 0.0708870 0.1358239 0.0611441 0.0705885 0.0904611 0.0960390 0.0705513 0.0595706 0.0645354 0.0507205 0.0582030 0.0569040 0.0550027 0.0635803 0.0194003 0.0940094 0.0909510 0.0765340 0.1422521 0.1743211 0.1743211 
Potoroidae_Aepyprymnus_rufescens             0.0868117 0.0620769 0.0839389 0.0749982 0.0153868 0.0149906 0.0812772 0.0610257 0.0658924 0.0000000 0.1420600 0.0715851 0.0829541 0.0830999 0.0757769 0.0745804 0.0808467 0.0817000 0.0745209 0.1388637 0.0252722 0.0780693 0.0973526 0.1024610 0.0765349 0.0464295 0.0721075 0.0659756 0.0239623 0.0671062 0.0658912 0.0744910 0.0787766 0.0868117 0.0945136 0.0809145 0.1447026 0.2588999 0.2588999 
Peramelidae_Perameles_nasuta                 0.0067772 0.1342806 0.1398870 0.1396552 0.1373898 0.1390483 0.1447304 0.1292630 0.1392958 0.1420600 0.0000000 0.1489288 0.1423099 0.1437931 0.1484154 0.1416215 0.1399375 0.1461572 0.1397512 0.0201442 0.1389999 0.1447825 0.1449025 0.1506383 0.1316784 0.1394594 0.1247510 0.0764941 0.1382557 0.0857895 0.0757685 0.1435187 0.1536337 0.0067772 0.0185579 0.1444890 0.0016140 0.2729342 0.2729342 
Phalangeridae_Strigocuscus_pelengensis       0.0943122 0.0540481 0.0832198 0.0666605 0.0688753 0.0693709 0.0822294 0.0258846 0.0146744 0.0715851 0.1489288 0.0000000 0.0795732 0.0804882 0.0224729 0.0699580 0.0789721 0.0826241 0.0781921 0.1461674 0.0673959 0.0776211 0.0994364 0.1048568 0.0771456 0.0641750 0.0705665 0.0615542 0.0640358 0.0654152 0.0631908 0.0691712 0.0197664 0.0943122 0.0967294 0.0817213 0.1520618 0.1401862 0.1401862 
Dasyuridae_Phascogale_tapoatafa              0.0916793 0.0708299 0.0847166 0.0807580 0.0800666 0.0803883 0.0197693 0.0679516 0.0754337 0.0829541 0.1423099 0.0795732 0.0000000 0.0244240 0.0856722 0.0835777 0.0049094 0.0213783 0.0231206 0.1392568 0.0777600 0.0857334 0.0939694 0.0955825 0.0101373 0.0786637 0.0731799 0.0681402 0.0763598 0.0757096 0.0692371 0.0790020 0.0863869 0.0916793 0.0897783 0.0201731 0.1455436 0.0786004 0.0786004 
Dasyuridae_Sminthopsis_macroura              0.0889078 0.0737543 0.0871738 0.0814122 0.0810814 0.0815936 0.0240809 0.0714868 0.0766445 0.0830999 0.1437931 0.0804882 0.0244240 0.0000000 0.0869673 0.0856689 0.0239045 0.0252522 0.0220501 0.1419653 0.0795190 0.0882231 0.0959447 0.0945599 0.0242386 0.0803889 0.0722137 0.0752527 0.0772225 0.0781344 0.0718329 0.0810195 0.0876717 0.0889078 0.0955649 0.0228758 0.1478107 0.0918885 0.0918885 
Phalangeridae_Phalanger_orientalis           0.0913566 0.0596459 0.0845545 0.0736611 0.0728460 0.0730094 0.0885279 0.0324191 0.0236431 0.0757769 0.1484154 0.0224729 0.0856722 0.0869673 0.0000000 0.0710867 0.0852415 0.0879067 0.0848086 0.1467851 0.0712262 0.0798937 0.1063438 0.1060944 0.0846512 0.0707278 0.0750371 0.0698986 0.0683913 0.0751955 0.0809834 0.0728774 0.0215099 0.0913566 0.1038697 0.0871494 0.1509074 0.1406777 0.1406777 
Acrobatidae_Acrobates_pygmaeus               0.0810992 0.0620568 0.0815855 0.0725953 0.0697677 0.0704762 0.0864004 0.0592173 0.0639801 0.0745804 0.1416215 0.0699580 0.0835777 0.0856689 0.0710867 0.0000000 0.0832612 0.0870097 0.0760404 0.1393484 0.0666587 0.0660827 0.0966821 0.1015857 0.0775003 0.0687283 0.0719268 0.0375566 0.0666062 0.0541699 0.0462072 0.0419139 0.0745858 0.0810992 0.0846565 0.0853741 0.1454309 0.2300284 0.2300284 
Dasyuridae_Phascogale_calura                 0.0866966 0.0695775 0.0831105 0.0795603 0.0777446 0.0784517 0.0201148 0.0683080 0.0745182 0.0808467 0.1399375 0.0789721 0.0049094 0.0239045 0.0852415 0.0832612 0.0000000 0.0217043 0.0225664 0.1373088 0.0760928 0.0847040 0.0913816 0.0943426 0.0098221 0.0767642 0.0709590 0.0668593 0.0751840 0.0725228 0.0669495 0.0791556 0.0855001 0.0866966 0.0880557 0.0193083 0.1425987 0.0831540 0.0831540 
Dasyuridae_Sarcophilus_harrisii              0.0866138 0.0728035 0.0878280 0.0845687 0.0785471 0.0799760 0.0061489 0.0722575 0.0783826 0.0817000 0.1461572 0.0826241 0.0213783 0.0252522 0.0879067 0.0870097 0.0217043 0.0000000 0.0235914 0.1439407 0.0776901 0.0883405 0.0957899 0.0971952 0.0201877 0.0801656 0.0756278 0.0787259 0.0762557 0.0782369 0.0758797 0.0830580 0.0893665 0.0866138 0.0962321 0.0069096 0.1492398 0.0965237 0.0965237 
Dasyuridae_Planigale_tenuirostris            0.0945242 0.0675205 0.0760548 0.0758142 0.0723689 0.0735325 0.0235794 0.0652676 0.0708870 0.0745209 0.1397512 0.0781921 0.0231206 0.0220501 0.0848086 0.0760404 0.0225664 0.0235914 0.0000000 0.1376661 0.0711062 0.0805048 0.0940162 0.0895194 0.0242026 0.0719174 0.0680971 0.0634638 0.0699517 0.0671326 0.0741307 0.0761522 0.0825919 0.0945242 0.0803256 0.0229457 0.1416248 0.0684666 0.0684666 
Peramelidae_Echymipera_kalubu                0.0182641 0.1309581 0.1371427 0.1374073 0.1336734 0.1352824 0.1425369 0.1262392 0.1358239 0.1388637 0.0201442 0.1461674 0.1392568 0.1419653 0.1467851 0.1393484 0.1373088 0.1439407 0.1376661 0.0000000 0.1357664 0.1435883 0.1456221 0.1507377 0.1314635 0.1366727 0.1278343 0.0757064 0.1347685 0.0860501 0.0755770 0.1412187 0.1494433 0.0182641 0.0185649 0.1425877 0.0201878 0.2926275 0.2926275 
Macropodidae_Dorcopsulus_vanheurni           0.0737092 0.0532026 0.0774442 0.0688743 0.0204215 0.0204258 0.0774649 0.0578936 0.0611441 0.0252722 0.1389999 0.0673959 0.0777600 0.0795190 0.0712262 0.0666587 0.0760928 0.0776901 0.0711062 0.1357664 0.0000000 0.0730982 0.0924035 0.0993830 0.0728145 0.0394171 0.0652692 0.0587175 0.0109481 0.0601173 0.0585306 0.0678116 0.0742667 0.0737092 0.0926200 0.0769166 0.1416897 0.2309952 0.2309952 
Pseudochiridae_Pseudochirulus_forbesi        0.0898679 0.0668373 0.0908136 0.0816901 0.0757051 0.0760999 0.0887566 0.0664690 0.0705885 0.0780693 0.1447825 0.0776211 0.0857334 0.0882231 0.0798937 0.0660827 0.0847040 0.0883405 0.0805048 0.1435883 0.0730982 0.0000000 0.1005271 0.1075947 0.0790815 0.0723919 0.0800501 0.0290781 0.0711431 0.0185452 0.0481182 0.0681490 0.0829633 0.0898679 0.0907085 0.0875277 0.1484967 0.2889828 0.2889828 
Didelphidae_Didelphis_virginiana             0.0819227 0.0882601 0.0964448 0.0938972 0.0906411 0.0918177 0.0967129 0.0852269 0.0904611 0.0973526 0.1449025 0.0994364 0.0939694 0.0959447 0.1063438 0.0966821 0.0913816 0.0957899 0.0940162 0.1456221 0.0924035 0.1005271 0.0000000 0.0359331 0.0950701 0.0922104 0.0827447 0.0597191 0.0904143 0.0655142 0.0702442 0.0965888 0.1047728 0.0819227 0.0741586 0.0942928 0.1509702 0.2555555 0.2555555 
Marmosidae_Monodelphis_domestica             0.0837036 0.0925669 0.1013745 0.0965494 0.0977482 0.0989514 0.0974288 0.0917470 0.0960390 0.1024610 0.1506383 0.1048568 0.0955825 0.0945599 0.1060944 0.1015857 0.0943426 0.0971952 0.0895194 0.1507377 0.0993830 0.1075947 0.0359331 0.0000000 0.0908184 0.0964939 0.0878274 0.0776188 0.0978416 0.0858765 0.0738511 0.1011515 0.1095929 0.0837036 0.0965048 0.0951335 0.1573203 0.2887016 0.2887016 
Dasyuridae_Antechinus_stuartii               0.0842802 0.0672157 0.0766669 0.0777697 0.0742606 0.0753702 0.0193656 0.0637963 0.0705513 0.0765349 0.1316784 0.0771456 0.0101373 0.0242386 0.0846512 0.0775003 0.0098221 0.0201877 0.0242026 0.1314635 0.0728145 0.0790815 0.0950701 0.0908184 0.0000000 0.0737906 0.0679919 0.0578716 0.0711724 0.0607364 0.0674822 0.0761210 0.0814113 0.0842802 0.0693606 0.0181382 0.1346273 0.0554089 0.0554089 
Hypsiprymnodontidae_Hypsiprymnodon_moschatus 0.0717131 0.0547746 0.0803387 0.0672510 0.0418169 0.0422167 0.0797716 0.0554283 0.0595706 0.0464295 0.1394594 0.0641750 0.0786637 0.0803889 0.0707278 0.0687283 0.0767642 0.0801656 0.0719174 0.1366727 0.0394171 0.0723919 0.0922104 0.0964939 0.0737906 0.0000000 0.0661776 0.0567332 0.0382418 0.0613848 0.0566361 0.0671093 0.0724522 0.0717131 0.0946845 0.0785188 0.1421769 0.2359898 0.2359898 
Microbiotheriidae_Dromiciops_gliroides       0.0728516 0.0612707 0.0705798 0.0681063 0.0663497 0.0665416 0.0749429 0.0609952 0.0645354 0.0721075 0.1247510 0.0705665 0.0731799 0.0722137 0.0750371 0.0719268 0.0709590 0.0756278 0.0680971 0.1278343 0.0652692 0.0800501 0.0827447 0.0878274 0.0679919 0.0661776 0.0000000 0.0529935 0.0640833 0.0603006 0.0589643 0.0685954 0.0769773 0.0728516 0.0775363 0.0741703 0.1295284 0.1819602 0.1819602 
Pseudochiridae_Petauroides_volans            0.0787161 0.0468026 0.0660913 0.0476963 0.0584759 0.0593643 0.0744160 0.0429717 0.0507205 0.0659756 0.0764941 0.0615542 0.0681402 0.0752527 0.0698986 0.0375566 0.0668593 0.0787259 0.0634638 0.0757064 0.0587175 0.0290781 0.0597191 0.0776188 0.0578716 0.0567332 0.0529935 0.0000000 0.0547511 0.0311476 0.0425272 0.0463040 0.0733476 0.0787161 0.0759274 0.0743511 0.0755904 0.2213371 0.2213371 
Macropodidae_Wallabia_bicolor                0.0741408 0.0516167 0.0770176 0.0672939 0.0191023 0.0187076 0.0760270 0.0552366 0.0582030 0.0239623 0.1382557 0.0640358 0.0763598 0.0772225 0.0683913 0.0666062 0.0751840 0.0762557 0.0699517 0.1347685 0.0109481 0.0711431 0.0904143 0.0978416 0.0711724 0.0382418 0.0640833 0.0547511 0.0000000 0.0574967 0.0582954 0.0655269 0.0706286 0.0741408 0.0897044 0.0757230 0.1411947 0.2227525 0.2227525 
Pseudochiridae_Pseudocheirus_occidentalis    0.0919861 0.0533161 0.0821365 0.0554964 0.0611010 0.0621595 0.0772493 0.0532993 0.0569040 0.0671062 0.0857895 0.0654152 0.0757096 0.0781344 0.0751955 0.0541699 0.0725228 0.0782369 0.0671326 0.0860501 0.0601173 0.0185452 0.0655142 0.0858765 0.0607364 0.0613848 0.0603006 0.0311476 0.0574967 0.0000000 0.0462081 0.0488757 0.0799300 0.0919861 0.0845637 0.0787651 0.0859986 0.2674770 0.2674770 
Tarsipedidae_Tarsipes_rostratus              0.0922733 0.0533409 0.0692905 0.0524049 0.0587129 0.0602633 0.0732559 0.0492245 0.0550027 0.0658912 0.0757685 0.0631908 0.0692371 0.0718329 0.0809834 0.0462072 0.0669495 0.0758797 0.0741307 0.0755770 0.0585306 0.0481182 0.0702442 0.0738511 0.0674822 0.0566361 0.0589643 0.0425272 0.0582954 0.0462081 0.0000000 0.0500494 0.0783189 0.0922733 0.0748431 0.0712115 0.0753552 0.1787602 0.1787602 
Acrobatidae_Distoechurus_pennatus            0.0831527 0.0596832 0.0844919 0.0730901 0.0698727 0.0711689 0.0828020 0.0583153 0.0635803 0.0744910 0.1435187 0.0691712 0.0790020 0.0810195 0.0728774 0.0419139 0.0791556 0.0830580 0.0761522 0.1412187 0.0678116 0.0681490 0.0965888 0.1011515 0.0761210 0.0671093 0.0685954 0.0463040 0.0655269 0.0488757 0.0500494 0.0000000 0.0754484 0.0831527 0.0852913 0.0818300 0.1478888 0.2043657 0.2043657 
Phalangeridae_Phalanger_carmelitae           0.0913566 0.0595723 0.0889278 0.0741925 0.0749679 0.0751411 0.0893182 0.0317114 0.0194003 0.0787766 0.1536337 0.0197664 0.0863869 0.0876717 0.0215099 0.0745858 0.0855001 0.0893665 0.0825919 0.1494433 0.0742667 0.0829633 0.1047728 0.1095929 0.0814113 0.0724522 0.0769773 0.0733476 0.0706286 0.0799300 0.0783189 0.0754484 0.0000000 0.0913566 0.1151874 0.0877794 0.1570070 0.1871069 0.1871069 
Peramelidae_Isoodon_obesulus2                0.0000010 0.0741507 0.0867596 0.0765980 0.0740497 0.0766402 0.0816528 0.0708835 0.0940094 0.0868117 0.0067772 0.0943122 0.0916793 0.0889078 0.0913566 0.0810992 0.0866966 0.0866138 0.0945242 0.0182641 0.0737092 0.0898679 0.0819227 0.0837036 0.0842802 0.0717131 0.0728516 0.0787161 0.0741408 0.0919861 0.0922733 0.0831527 0.0913566 0.0000000 0.0251168 0.0841313 0.0045136 9.0000000 9.0000000 
Peramelidae_Peroryctes_raffrayana            0.0251168 0.0762363 0.0953559 0.0815033 0.0871986 0.0898700 0.0938318 0.0802278 0.0909510 0.0945136 0.0185579 0.0967294 0.0897783 0.0955649 0.1038697 0.0846565 0.0880557 0.0962321 0.0803256 0.0185649 0.0926200 0.0907085 0.0741586 0.0965048 0.0693606 0.0946845 0.0775363 0.0759274 0.0897044 0.0845637 0.0748431 0.0852913 0.1151874 0.0251168 0.0000000 0.0946163 0.0168347 0.2923421 0.2923421 
Dasyuridae_Dasyurus_geffroii                 0.0841313 0.0724038 0.0856040 0.0822395 0.0780386 0.0787340 0.0033437 0.0706733 0.0765340 0.0809145 0.1444890 0.0817213 0.0201731 0.0228758 0.0871494 0.0853741 0.0193083 0.0069096 0.0229457 0.1425877 0.0769166 0.0875277 0.0942928 0.0951335 0.0181382 0.0785188 0.0741703 0.0743511 0.0757230 0.0787651 0.0712115 0.0818300 0.0877794 0.0841313 0.0946163 0.0000000 0.1476582 0.0969782 0.0969782 
Peramelidae_Perameles_gunnii                 0.0045136 0.1380796 0.1433663 0.1429703 0.1401917 0.1418114 0.1475627 0.1325458 0.1422521 0.1447026 0.0016140 0.1520618 0.1455436 0.1478107 0.1509074 0.1454309 0.1425987 0.1492398 0.1416248 0.0201878 0.1416897 0.1484967 0.1509702 0.1573203 0.1346273 0.1421769 0.1295284 0.0755904 0.1411947 0.0859986 0.0753552 0.1478888 0.1570070 0.0045136 0.0168347 0.1476582 0.0000000 0.2699879 0.2699879 
Myrmecobiidae_Myrmecobius_fasciatus1         9.0000000 0.1941707 0.2828790 0.2150609 0.2274370 0.2218076 0.0923903 0.1842167 0.1743211 0.2588999 0.2729342 0.1401862 0.0786004 0.0918885 0.1406777 0.2300284 0.0831540 0.0965237 0.0684666 0.2926275 0.2309952 0.2889828 0.2555555 0.2887016 0.0554089 0.2359898 0.1819602 0.2213371 0.2227525 0.2674770 0.1787602 0.2043657 0.1871069 9.0000000 0.2923421 0.0969782 0.2699879 0.0000000 0.0000010 
Myrmecobiidae_Myrmecobius_fasciatus2         9.0000000 0.1941707 0.2828790 0.2150609 0.2274370 0.2218076 0.0923903 0.1842167 0.1743211 0.2588999 0.2729342 0.1401862 0.0786004 0.0918885 0.1406777 0.2300284 0.0831540 0.0965237 0.0684666 0.2926275 0.2309952 0.2889828 0.2555555 0.2887016 0.0554089 0.2359898 0.1819602 0.2213371 0.2227525 0.2674770 0.1787602 0.2043657 0.1871069 9.0000000 0.2923421 0.0969782 0.2699879 0.0000010 0.0000000 
