39
Burramyidae_Burramys_parvus                  0.0000000 0.1033271 0.0765051 0.0614171 0.0613947 0.0965892 0.0514223 0.0549417 0.0638665 0.1160989 0.0524009 0.0925030 0.1042995 0.0520599 0.0775425 0.0949879 0.0965987 0.1012009 0.1155581 0.0582161 0.0792272 0.1170490 0.1025475 0.0915472 0.0630086 0.0927750 0.0787376 0.0598740 0.0647235 0.0852190 0.0674018 0.0574432 0.1152075 0.0955648 0.1179508 0.1738178 0.1738178 0.7536680 0.7536680 
Notoryctidae_Notoryctes_typhlops             0.1033271 0.0000000 0.0978326 0.1081708 0.1058951 0.1152484 0.0988724 0.1044671 0.1029812 0.1250330 0.1008412 0.1133771 0.1194396 0.1076373 0.1208978 0.1137042 0.1129821 0.1215215 0.1184299 0.0971928 0.1191215 0.1325403 0.1206446 0.1115016 0.1126218 0.1048562 0.1212084 0.1022133 0.1121330 0.1247778 0.1110587 0.1100380 0.1241600 0.1160493 0.1261949 0.1180359 0.1180359 0.7240535 0.7240535 
Vombatidae_Lasiorhinus_latifrons             0.0765051 0.0978326 0.0000000 0.0818069 0.0796511 0.0996401 0.0712515 0.0737253 0.0793812 0.1231090 0.0737062 0.0980003 0.1076461 0.0736218 0.0919720 0.1031469 0.0957516 0.1023685 0.1224853 0.0727781 0.0947406 0.1156972 0.1046605 0.0974219 0.0877193 0.0939494 0.0945840 0.0766801 0.0779907 0.1013009 0.0838680 0.0767314 0.1253222 0.1001367 0.1242708 0.0925195 0.0925195 0.8082548 0.8082548 
Potoroidae_Bettongia_penicillata             0.0614171 0.1081708 0.0818069 0.0000000 0.0020087 0.1041191 0.0613690 0.0626790 0.0138172 0.1124141 0.0648664 0.0959943 0.1088593 0.0634013 0.0847108 0.1027523 0.1041750 0.1090893 0.1095024 0.0267256 0.0806818 0.1233901 0.1131845 0.0984252 0.0529159 0.1026622 0.0773030 0.0280836 0.0689470 0.0848882 0.0736606 0.0664922 0.1163815 0.1055478 0.1130986 0.1652413 0.1652413 0.6659205 0.6659205 
Potoroidae_Bettongia_lesueur                 0.0613947 0.1058951 0.0796511 0.0020087 0.0000000 0.1030028 0.0602070 0.0604272 0.0127387 0.1150163 0.0635548 0.0956149 0.1065109 0.0621544 0.0823527 0.1022423 0.1029623 0.1084012 0.1110520 0.0249171 0.0820703 0.1239486 0.1115978 0.0968285 0.0520765 0.1016685 0.0780069 0.0253865 0.0727406 0.0853050 0.0715021 0.0651317 0.1170839 0.1038095 0.1155166 0.1489411 0.1489411 0.6336430 0.6336430 
Dasyuridae_Dasyurus_maculatus                0.0965892 0.1152484 0.0996401 0.1041191 0.1030028 0.0000000 0.0910748 0.0947857 0.1048503 0.1133526 0.0929954 0.0206036 0.0337392 0.0963074 0.1215285 0.0218762 0.0090302 0.0314770 0.1094247 0.0927637 0.1222324 0.1303018 0.1210792 0.0228432 0.1068786 0.0973773 0.1172290 0.1016773 0.1029012 0.1270031 0.1072739 0.1008623 0.1113934 0.0097920 0.1145275 0.0346073 0.0346073 0.6176418 0.6176418 
Phalangeridae_Trichosurus_vulpecula          0.0514223 0.0988724 0.0712515 0.0613690 0.0602070 0.0910748 0.0000000 0.0225361 0.0628518 0.1105305 0.0220330 0.0879307 0.0987225 0.0220900 0.0762712 0.0911937 0.0905937 0.0963710 0.1075614 0.0585721 0.0782724 0.1229555 0.1073059 0.0884728 0.0699581 0.0930006 0.0768135 0.0603791 0.0695791 0.0817817 0.0649045 0.0251378 0.1114241 0.0931024 0.1103280 0.1356575 0.1356575 0.6397404 0.6397404 
Phalangeridae_Spilocuscus_maculatus          0.0549417 0.1044671 0.0737253 0.0626790 0.0604272 0.0947857 0.0225361 0.0000000 0.0646989 0.1173402 0.0126093 0.0954760 0.1037426 0.0140897 0.0773755 0.0981355 0.0943091 0.1031291 0.1147555 0.0573535 0.0793127 0.1226641 0.1039213 0.0953860 0.0668723 0.0949916 0.0787528 0.0592174 0.0714064 0.0852265 0.0661039 0.0165717 0.1178919 0.0964322 0.1176978 0.1014688 0.1014688 0.6526916 0.6526916 
Potoroidae_Aepyprymnus_rufescens             0.0638665 0.1029812 0.0793812 0.0138172 0.0127387 0.1048503 0.0628518 0.0646989 0.0000000 0.1153863 0.0657546 0.0972214 0.1078645 0.0642512 0.0816353 0.1031276 0.1044291 0.1061815 0.1145397 0.0265168 0.0829984 0.1281965 0.1134573 0.0987584 0.0519202 0.1032711 0.0821916 0.0297255 0.0730996 0.0853541 0.0729822 0.0672986 0.1181999 0.1046178 0.1161714 0.1589503 0.1589503 0.6799320 0.6799320 
Peramelidae_Perameles_nasuta                 0.1160989 0.1250330 0.1231090 0.1124141 0.1150163 0.1133526 0.1105305 0.1173402 0.1153863 0.0000000 0.1147313 0.1127910 0.1259945 0.1158156 0.1409506 0.1147161 0.1138463 0.1171615 0.0197217 0.1077962 0.1424696 0.1404546 0.1308675 0.1129508 0.1252291 0.1158124 0.1371513 0.1149821 0.1245984 0.1427939 0.1172774 0.1190202 0.0206617 0.1122015 0.0011997 0.1505143 0.1505143 0.1498343 0.1498343 
Phalangeridae_Strigocuscus_pelengensis       0.0524009 0.1008412 0.0737062 0.0648664 0.0635548 0.0929954 0.0220330 0.0126093 0.0657546 0.1147313 0.0000000 0.0917146 0.1003103 0.0113576 0.0758960 0.0937487 0.0909729 0.0990745 0.1130177 0.0596034 0.0809458 0.1175218 0.1028010 0.0918104 0.0716518 0.0935298 0.0784346 0.0615187 0.0690868 0.0825974 0.0671128 0.0138580 0.1172437 0.0943361 0.1155077 0.1019354 0.1019354 0.7472093 0.7472093 
Dasyuridae_Phascogale_tapoatafa              0.0925030 0.1133771 0.0980003 0.0959943 0.0956149 0.0206036 0.0879307 0.0954760 0.0972214 0.1127910 0.0917146 0.0000000 0.0301335 0.0951600 0.1173226 0.0082174 0.0210296 0.0254054 0.1081727 0.0874350 0.1194314 0.1273123 0.1150879 0.0112334 0.1006214 0.0952114 0.1107076 0.0960271 0.0946082 0.1215785 0.1044671 0.0998930 0.1114408 0.0219032 0.1133059 0.0346073 0.0346073 0.5565194 0.5565194 
Dasyuridae_Sminthopsis_macroura              0.1042995 0.1194396 0.1076461 0.1088593 0.1065109 0.0337392 0.0987225 0.1037426 0.1078645 0.1259945 0.1003103 0.0301335 0.0000000 0.1052810 0.1254626 0.0311740 0.0329130 0.0283014 0.1230070 0.0938854 0.1219488 0.1354235 0.1272955 0.0309069 0.1107088 0.1068480 0.1204740 0.1028423 0.1031267 0.1238606 0.1108981 0.1099701 0.1266535 0.0360424 0.1273933 0.0628295 0.0628295 0.6762297 0.6762297 
Phalangeridae_Phalanger_orientalis           0.0520599 0.1076373 0.0736218 0.0634013 0.0621544 0.0963074 0.0220900 0.0140897 0.0642512 0.1158156 0.0113576 0.0951600 0.1052810 0.0000000 0.0777931 0.0975864 0.0947921 0.1027329 0.1152320 0.0583764 0.0802213 0.1201653 0.1068368 0.0948208 0.0678845 0.0977402 0.0793366 0.0612132 0.0714812 0.0827963 0.0660496 0.0059083 0.1177063 0.0968679 0.1164368 0.1128231 0.1128231 0.6746546 0.6746546 
Acrobatidae_Acrobates_pygmaeus               0.0775425 0.1208978 0.0919720 0.0847108 0.0823527 0.1215285 0.0762712 0.0773755 0.0816353 0.1409506 0.0758960 0.1173226 0.1254626 0.0777931 0.0000000 0.1197609 0.1199251 0.1301365 0.1390798 0.0795174 0.0901809 0.1452758 0.1283548 0.1160519 0.0885633 0.1119367 0.0856516 0.0815257 0.0846885 0.0903633 0.0511375 0.0799776 0.1449093 0.1190225 0.1417113 0.1390341 0.1390341 0.7675430 0.7675430 
Dasyuridae_Phascogale_calura                 0.0949879 0.1137042 0.1031469 0.1027523 0.1022423 0.0218762 0.0911937 0.0981355 0.1031276 0.1147161 0.0937487 0.0082174 0.0311740 0.0975864 0.1197609 0.0000000 0.0222868 0.0280968 0.1102521 0.0924171 0.1223185 0.1309956 0.1188053 0.0132396 0.1065165 0.0946899 0.1161849 0.1013005 0.1011808 0.1252385 0.1072364 0.1021684 0.1137916 0.0218732 0.1156847 0.0346073 0.0346073 0.6057757 0.6057757 
Dasyuridae_Sarcophilus_harrisii              0.0965987 0.1129821 0.0957516 0.1041750 0.1029623 0.0090302 0.0905937 0.0943091 0.1044291 0.1138463 0.0909729 0.0210296 0.0329130 0.0947921 0.1199251 0.0222868 0.0000000 0.0290751 0.1110008 0.0932920 0.1222068 0.1270865 0.1179953 0.0224120 0.1057852 0.0972719 0.1160995 0.1005860 0.1046085 0.1234896 0.1094524 0.0993450 0.1142291 0.0085485 0.1149205 0.0260062 0.0260062 0.5749112 0.5749112 
Dasyuridae_Planigale_tenuirostris            0.1012009 0.1215215 0.1023685 0.1090893 0.1084012 0.0314770 0.0963710 0.1031291 0.1061815 0.1171615 0.0990745 0.0254054 0.0283014 0.1027329 0.1301365 0.0280968 0.0290751 0.0000000 0.1146892 0.0973386 0.1209618 0.1293390 0.1208908 0.0277873 0.1100108 0.1017816 0.1171597 0.1043649 0.0969767 0.1267573 0.1114494 0.1080580 0.1122837 0.0317285 0.1181386 0.0342840 0.0342840 0.8051709 0.8051709 
Peramelidae_Echymipera_kalubu                0.1155581 0.1184299 0.1224853 0.1095024 0.1110520 0.1094247 0.1075614 0.1147555 0.1145397 0.0197217 0.1130177 0.1081727 0.1230070 0.1152320 0.1390798 0.1102521 0.1110008 0.1146892 0.0000000 0.1071927 0.1385129 0.1422727 0.1265240 0.1090216 0.1239686 0.1138356 0.1309760 0.1121739 0.1203251 0.1353382 0.1146695 0.1184218 0.0173962 0.1096709 0.0205006 0.1051069 0.1051069 0.1571385 0.1571385 
Macropodidae_Dorcopsulus_vanheurni           0.0582161 0.0971928 0.0727781 0.0267256 0.0249171 0.0927637 0.0585721 0.0573535 0.0265168 0.1077962 0.0596034 0.0874350 0.0938854 0.0583764 0.0795174 0.0924171 0.0932920 0.0973386 0.1071927 0.0000000 0.0741157 0.1139438 0.1027315 0.0863160 0.0426182 0.0961993 0.0769462 0.0122506 0.0680472 0.0876476 0.0663700 0.0612753 0.1115801 0.0925421 0.1085729 0.0833939 0.0833939 0.6614320 0.6614320 
Pseudochiridae_Pseudochirulus_forbesi        0.0792272 0.1191215 0.0947406 0.0806818 0.0820703 0.1222324 0.0782724 0.0793127 0.0829984 0.1424696 0.0809458 0.1194314 0.1219488 0.0802213 0.0901809 0.1223185 0.1222068 0.1209618 0.1385129 0.0741157 0.0000000 0.1404614 0.1296778 0.1148668 0.0877386 0.1192378 0.0435277 0.0755133 0.0183504 0.0803630 0.0797530 0.0850309 0.1433503 0.1208262 0.1428005 0.1975203 0.1975203 1.2322358 1.2322358 
Didelphidae_Didelphis_virginiana             0.1170490 0.1325403 0.1156972 0.1233901 0.1239486 0.1303018 0.1229555 0.1226641 0.1281965 0.1404546 0.1175218 0.1273123 0.1354235 0.1201653 0.1452758 0.1309956 0.1270865 0.1293390 0.1422727 0.1139438 0.1404614 0.0000000 0.0395935 0.1262327 0.1315067 0.1126779 0.1389644 0.1196098 0.1146735 0.1461454 0.1236020 0.1246949 0.1475138 0.1271802 0.1418318 0.1559783 0.1559783 0.9649521 0.9649521 
Marmosidae_Monodelphis_domestica             0.1025475 0.1206446 0.1046605 0.1131845 0.1115978 0.1210792 0.1073059 0.1039213 0.1134573 0.1308675 0.1028010 0.1150879 0.1272955 0.1068368 0.1283548 0.1188053 0.1179953 0.1208908 0.1265240 0.1027315 0.1296778 0.0395935 0.0000000 0.1163374 0.1151670 0.1036102 0.1228718 0.1068397 0.1085890 0.1310689 0.1096632 0.1098341 0.1337832 0.1158558 0.1321941 0.1362193 0.1362193 0.8825517 0.8825517 
Dasyuridae_Antechinus_stuartii               0.0915472 0.1115016 0.0974219 0.0984252 0.0968285 0.0228432 0.0884728 0.0953860 0.0987584 0.1129508 0.0918104 0.0112334 0.0309069 0.0948208 0.1160519 0.0132396 0.0224120 0.0277873 0.1090216 0.0863160 0.1148668 0.1262327 0.1163374 0.0000000 0.1007966 0.0918755 0.1080350 0.0954884 0.0941797 0.1206489 0.1042996 0.0993949 0.1119003 0.0233070 0.1135409 0.0446941 0.0446941 0.5705240 0.5705240 
Hypsiprymnodontidae_Hypsiprymnodon_moschatus 0.0630086 0.1126218 0.0877193 0.0529159 0.0520765 0.1068786 0.0699581 0.0668723 0.0519202 0.1252291 0.0716518 0.1006214 0.1107088 0.0678845 0.0885633 0.1065165 0.1057852 0.1100108 0.1239686 0.0426182 0.0877386 0.1315067 0.1151670 0.1007966 0.0000000 0.1115576 0.0914477 0.0450557 0.0797512 0.0943091 0.0752882 0.0716396 0.1277442 0.1047880 0.1241582 0.3091768 0.3091768 0.6315378 0.6315378 
Microbiotheriidae_Dromiciops_gliroides       0.0927750 0.1048562 0.0939494 0.1026622 0.1016685 0.0973773 0.0930006 0.0949916 0.1032711 0.1158124 0.0935298 0.0952114 0.1068480 0.0977402 0.1119367 0.0946899 0.0972719 0.1017816 0.1138356 0.0961993 0.1192378 0.1126779 0.1036102 0.0918755 0.1115576 0.0000000 0.1130852 0.1036921 0.1009069 0.1222042 0.1020774 0.0998660 0.1096150 0.0968383 0.1183596 0.1179310 0.1179310 0.7154496 0.7154496 
Pseudochiridae_Petauroides_volans            0.0787376 0.1212084 0.0945840 0.0773030 0.0780069 0.1172290 0.0768135 0.0787528 0.0821916 0.1371513 0.0784346 0.1107076 0.1204740 0.0793366 0.0856516 0.1161849 0.1160995 0.1171597 0.1309760 0.0769462 0.0435277 0.1389644 0.1228718 0.1080350 0.0914477 0.1130852 0.0000000 0.0779637 0.0324533 0.0794945 0.0731532 0.0821925 0.1373973 0.1171598 0.1370021 0.1868913 0.1868913 1.0777075 1.0777075 
Macropodidae_Wallabia_bicolor                0.0598740 0.1022133 0.0766801 0.0280836 0.0253865 0.1016773 0.0603791 0.0592174 0.0297255 0.1149821 0.0615187 0.0960271 0.1028423 0.0612132 0.0815257 0.1013005 0.1005860 0.1043649 0.1121739 0.0122506 0.0755133 0.1196098 0.1068397 0.0954884 0.0450557 0.1036921 0.0779637 0.0000000 0.0685303 0.0880853 0.0677554 0.0641432 0.1173835 0.1005164 0.1159095 0.0742996 0.0742996 0.6941677 0.6941677 
Pseudochiridae_Pseudocheirus_occidentalis    0.0647235 0.1121330 0.0779907 0.0689470 0.0727406 0.1029012 0.0695791 0.0714064 0.0730996 0.1245984 0.0690868 0.0946082 0.1031267 0.0714812 0.0846885 0.1011808 0.1046085 0.0969767 0.1203251 0.0680472 0.0183504 0.1146735 0.1085890 0.0941797 0.0797512 0.1009069 0.0324533 0.0685303 0.0000000 0.0726916 0.0645828 0.0744892 0.1218006 0.1028417 0.1257446 0.1963374 0.1963374 9.0000000 9.0000000 
Tarsipedidae_Tarsipes_rostratus              0.0852190 0.1247778 0.1013009 0.0848882 0.0853050 0.1270031 0.0817817 0.0852265 0.0853541 0.1427939 0.0825974 0.1215785 0.1238606 0.0827963 0.0903633 0.1252385 0.1234896 0.1267573 0.1353382 0.0876476 0.0803630 0.1461454 0.1310689 0.1206489 0.0943091 0.1222042 0.0794945 0.0880853 0.0726916 0.0000000 0.0792354 0.0864467 0.1474131 0.1267707 0.1427027 0.1908549 0.1908549 0.8696538 0.8696538 
Acrobatidae_Distoechurus_pennatus            0.0674018 0.1110587 0.0838680 0.0736606 0.0715021 0.1072739 0.0649045 0.0661039 0.0729822 0.1172774 0.0671128 0.1044671 0.1108981 0.0660496 0.0511375 0.1072364 0.1094524 0.1114494 0.1146695 0.0663700 0.0797530 0.1236020 0.1096632 0.1042996 0.0752882 0.1020774 0.0731532 0.0677554 0.0645828 0.0792354 0.0000000 0.0675956 0.1170591 0.1087491 0.1163991 0.1378214 0.1378214 0.8303807 0.8303807 
Phalangeridae_Phalanger_carmelitae           0.0574432 0.1100380 0.0767314 0.0664922 0.0651317 0.1008623 0.0251378 0.0165717 0.0672986 0.1190202 0.0138580 0.0998930 0.1099701 0.0059083 0.0799776 0.1021684 0.0993450 0.1080580 0.1184218 0.0612753 0.0850309 0.1246949 0.1098341 0.0993949 0.0716396 0.0998660 0.0821925 0.0641432 0.0744892 0.0864467 0.0675956 0.0000000 0.1211525 0.1010730 0.1197285 0.1117382 0.1117382 0.7035872 0.7035872 
Peramelidae_Peroryctes_raffrayana            0.1152075 0.1241600 0.1253222 0.1163815 0.1170839 0.1113934 0.1114241 0.1178919 0.1181999 0.0206617 0.1172437 0.1114408 0.1266535 0.1177063 0.1449093 0.1137916 0.1142291 0.1122837 0.0173962 0.1115801 0.1433503 0.1475138 0.1337832 0.1119003 0.1277442 0.1096150 0.1373973 0.1173835 0.1218006 0.1474131 0.1170591 0.1211525 0.0000000 0.1111291 0.0205702 0.0834313 0.0834313 0.1950680 0.1950680 
Dasyuridae_Dasyurus_geffroii                 0.0955648 0.1160493 0.1001367 0.1055478 0.1038095 0.0097920 0.0931024 0.0964322 0.1046178 0.1122015 0.0943361 0.0219032 0.0360424 0.0968679 0.1190225 0.0218732 0.0085485 0.0317285 0.1096709 0.0925421 0.1208262 0.1271802 0.1158558 0.0233070 0.1047880 0.0968383 0.1171598 0.1005164 0.1028417 0.1267707 0.1087491 0.1010730 0.1111291 0.0000000 0.1135323 0.0346073 0.0346073 0.5504960 0.5504960 
Peramelidae_Perameles_gunnii                 0.1179508 0.1261949 0.1242708 0.1130986 0.1155166 0.1145275 0.1103280 0.1176978 0.1161714 0.0011997 0.1155077 0.1133059 0.1273933 0.1164368 0.1417113 0.1156847 0.1149205 0.1181386 0.0205006 0.1085729 0.1428005 0.1418318 0.1321941 0.1135409 0.1241582 0.1183596 0.1370021 0.1159095 0.1257446 0.1427027 0.1163991 0.1197285 0.0205702 0.1135323 0.0000000 0.1530007 0.1530007 0.1491828 0.1491828 
Myrmecobiidae_Myrmecobius_fasciatus1         0.1738178 0.1180359 0.0925195 0.1652413 0.1489411 0.0346073 0.1356575 0.1014688 0.1589503 0.1505143 0.1019354 0.0346073 0.0628295 0.1128231 0.1390341 0.0346073 0.0260062 0.0342840 0.1051069 0.0833939 0.1975203 0.1559783 0.1362193 0.0446941 0.3091768 0.1179310 0.1868913 0.0742996 0.1963374 0.1908549 0.1378214 0.1117382 0.0834313 0.0346073 0.1530007 0.0000000 0.0000010 9.0000000 9.0000000 
Myrmecobiidae_Myrmecobius_fasciatus2         0.1738178 0.1180359 0.0925195 0.1652413 0.1489411 0.0346073 0.1356575 0.1014688 0.1589503 0.1505143 0.1019354 0.0346073 0.0628295 0.1128231 0.1390341 0.0346073 0.0260062 0.0342840 0.1051069 0.0833939 0.1975203 0.1559783 0.1362193 0.0446941 0.3091768 0.1179310 0.1868913 0.0742996 0.1963374 0.1908549 0.1378214 0.1117382 0.0834313 0.0346073 0.1530007 0.0000010 0.0000000 9.0000000 9.0000000 
Thylacomyidae_Macrotis_lagotis1              0.7536680 0.7240535 0.8082548 0.6659205 0.6336430 0.6176418 0.6397404 0.6526916 0.6799320 0.1498343 0.7472093 0.5565194 0.6762297 0.6746546 0.7675430 0.6057757 0.5749112 0.8051709 0.1571385 0.6614320 1.2322358 0.9649521 0.8825517 0.5705240 0.6315378 0.7154496 1.0777075 0.6941677 9.0000000 0.8696538 0.8303807 0.7035872 0.1950680 0.5504960 0.1491828 9.0000000 9.0000000 0.0000000 0.0000010 
Thylacomyidae_Macrotis_lagotis2              0.7536680 0.7240535 0.8082548 0.6659205 0.6336430 0.6176418 0.6397404 0.6526916 0.6799320 0.1498343 0.7472093 0.5565194 0.6762297 0.6746546 0.7675430 0.6057757 0.5749112 0.8051709 0.1571385 0.6614320 1.2322358 0.9649521 0.8825517 0.5705240 0.6315378 0.7154496 1.0777075 0.6941677 9.0000000 0.8696538 0.8303807 0.7035872 0.1950680 0.5504960 0.1491828 9.0000000 9.0000000 0.0000010 0.0000000 
