35
Burramyidae_Burramys_parvus                  0.0000000 0.1072590 0.0714276 0.0693429 0.0691860 0.1100535 0.0730372 0.0810144 0.0897067 0.1269968 0.0692952 0.1165948 0.1194886 0.0913458 0.0775687 0.1143322 0.1135398 0.1157630 0.1012720 0.0636533 0.0666022 0.1360973 0.1241144 0.1192957 0.0769696 0.0917071 0.0665867 0.0649772 0.0639212 0.0996328 0.0747684 0.0886525 0.0988778 0.1131444 0.1220055 
Notoryctidae_Notoryctes_typhlops             0.1072590 0.0000000 0.0894845 0.1067693 0.1070073 0.1216164 0.1089991 0.1166904 0.1219786 0.1232744 0.1028921 0.1286567 0.1255880 0.1263921 0.1069486 0.1273571 0.1226101 0.1226717 0.1015734 0.1038095 0.1034911 0.1413971 0.1272676 0.1295969 0.1140440 0.0973258 0.1042127 0.0975476 0.0979632 0.1267379 0.1149199 0.1212884 0.0976568 0.1230654 0.1216844 
Vombatidae_Lasiorhinus_latifrons             0.0714276 0.0894845 0.0000000 0.0726481 0.0736277 0.1041863 0.0818059 0.0896645 0.0845072 0.1108690 0.0674709 0.1035126 0.1087201 0.0907222 0.0777426 0.1017513 0.1075885 0.1032753 0.0812805 0.0681232 0.0695139 0.1230536 0.1131438 0.1044177 0.0766720 0.0821764 0.0693567 0.0572466 0.0641525 0.0945180 0.0784132 0.0876945 0.0797456 0.1082366 0.1061026 
Potoroidae_Bettongia_penicillata             0.0693429 0.1067693 0.0726481 0.0000000 0.0043982 0.1227300 0.0770584 0.0858353 0.0327597 0.1224044 0.0740414 0.1257847 0.1312856 0.0980400 0.0705567 0.1241859 0.1262294 0.1228196 0.0962411 0.0244009 0.0617295 0.1371165 0.1271851 0.1260235 0.0458789 0.0929096 0.0614639 0.0185976 0.0554417 0.0950503 0.0696240 0.0923076 0.0919466 0.1242960 0.1188043 
Potoroidae_Bettongia_lesueur                 0.0691860 0.1070073 0.0736277 0.0043982 0.0000000 0.1231712 0.0775936 0.0864812 0.0333280 0.1214208 0.0753687 0.1262190 0.1317186 0.0981993 0.0719041 0.1241458 0.1266639 0.1226472 0.0971318 0.0236444 0.0635040 0.1374803 0.1290399 0.1259765 0.0461205 0.0919379 0.0592856 0.0179571 0.0553580 0.0949230 0.0701728 0.0933505 0.0913700 0.1247487 0.1173928 
Dasyuridae_Dasyurus_maculatus                0.1100535 0.1216164 0.1041863 0.1227300 0.1231712 0.0000000 0.1128353 0.1155953 0.1293262 0.1267524 0.1005189 0.0217613 0.0304163 0.1250303 0.1102816 0.0195894 0.0061391 0.0251593 0.1028392 0.1190701 0.1212276 0.1383607 0.1330760 0.0208415 0.1321438 0.1191133 0.1171904 0.1065912 0.1128327 0.1289295 0.1278974 0.1207128 0.1026960 0.0051331 0.1220952 
Phalangeridae_Trichosurus_vulpecula          0.0730372 0.1089991 0.0818059 0.0770584 0.0775936 0.1128353 0.0000000 0.0356747 0.0935942 0.1236563 0.0336713 0.1196710 0.1215153 0.0388492 0.0767709 0.1183736 0.1174463 0.1185422 0.0957200 0.0769681 0.0709767 0.1406759 0.1256955 0.1186246 0.0880179 0.1016116 0.0740302 0.0711666 0.0676634 0.0992401 0.0821665 0.0351098 0.0954801 0.1159165 0.1184936 
Phalangeridae_Spilocuscus_maculatus          0.0810144 0.1166904 0.0896645 0.0858353 0.0864812 0.1155953 0.0356747 0.0000000 0.0937832 0.1245399 0.0229505 0.1228502 0.1238436 0.0243891 0.0789695 0.1203577 0.1198697 0.1231544 0.1015636 0.0875342 0.0820029 0.1454837 0.1320678 0.1234994 0.0986254 0.1124130 0.0821969 0.0770499 0.0764569 0.1063594 0.0857580 0.0219318 0.0986938 0.1174733 0.1203319 
Potoroidae_Aepyprymnus_rufescens             0.0897067 0.1219786 0.0845072 0.0327597 0.0333280 0.1293262 0.0935942 0.0937832 0.0000000 0.1256858 0.0762327 0.1297704 0.1383792 0.1035295 0.0787012 0.1278283 0.1333011 0.1298720 0.0984844 0.0427654 0.0849404 0.1435923 0.1361998 0.1286991 0.0670406 0.1145417 0.0823769 0.0205687 0.0760929 0.0955978 0.0904370 0.1001340 0.0937041 0.1303081 0.1219581 
Peramelidae_Perameles_nasuta                 0.1269968 0.1232744 0.1108690 0.1224044 0.1214208 0.1267524 0.1236563 0.1245399 0.1256858 0.0000000 0.1040741 0.1332369 0.1310095 0.1375465 0.1169572 0.1280412 0.1285877 0.1233989 0.0207712 0.1176171 0.1188726 0.1522074 0.1446175 0.1292383 0.1239822 0.1230707 0.1197723 0.0919799 0.1113018 0.1280231 0.1347107 0.1334045 0.0208240 0.1283920 0.0061401 
Phalangeridae_Strigocuscus_pelengensis       0.0692952 0.1028921 0.0674709 0.0740414 0.0753687 0.1005189 0.0336713 0.0229505 0.0762327 0.1040741 0.0000000 0.1072739 0.1084333 0.0240252 0.0698613 0.1045698 0.1039895 0.0999709 0.0949114 0.0758132 0.0700974 0.1231025 0.1059705 0.1079077 0.0809557 0.0958867 0.0689263 0.0744351 0.0650732 0.0961528 0.0742828 0.0218002 0.0942997 0.1027510 0.0972642 
Dasyuridae_Phascogale_tapoatafa              0.1165948 0.1286567 0.1035126 0.1257847 0.1262190 0.0217613 0.1196710 0.1228502 0.1297704 0.1332369 0.1072739 0.0000000 0.0355109 0.1312224 0.1102739 0.0064170 0.0242460 0.0282720 0.1062198 0.1214844 0.1273729 0.1423359 0.1384549 0.0169922 0.1342541 0.1199686 0.1210232 0.1078186 0.1163926 0.1327512 0.1316285 0.1267861 0.1098138 0.0251707 0.1283039 
Dasyuridae_Sminthopsis_macroura              0.1194886 0.1255880 0.1087201 0.1312856 0.1317186 0.0304163 0.1215153 0.1238436 0.1383792 0.1310095 0.1084333 0.0355109 0.0000000 0.1325960 0.1189536 0.0332329 0.0320441 0.0235075 0.1056670 0.1251405 0.1281211 0.1484740 0.1405729 0.0349833 0.1373634 0.1232345 0.1240323 0.1124047 0.1219928 0.1395241 0.1354695 0.1279353 0.1088481 0.0322279 0.1263208 
Phalangeridae_Phalanger_orientalis           0.0913458 0.1263921 0.0907222 0.0980400 0.0981993 0.1250303 0.0388492 0.0243891 0.1035295 0.1375465 0.0240252 0.1312224 0.1325960 0.0000000 0.0872157 0.1279974 0.1290956 0.1267737 0.1068760 0.0977883 0.0909821 0.1505575 0.1379289 0.1314103 0.1055646 0.1193639 0.0900743 0.0792326 0.0853749 0.1084708 0.0946696 0.0069908 0.1034617 0.1279355 0.1313619 
Acrobatidae_Acrobates_pygmaeus               0.0775687 0.1069486 0.0777426 0.0705567 0.0719041 0.1102816 0.0767709 0.0789695 0.0787012 0.1169572 0.0698613 0.1102739 0.1189536 0.0872157 0.0000000 0.1070217 0.1141995 0.1095769 0.0945132 0.0697992 0.0673435 0.1371425 0.1237486 0.1099479 0.0809941 0.1016453 0.0655474 0.0564033 0.0593420 0.0880560 0.0490652 0.0854343 0.0912724 0.1118331 0.1110820 
Dasyuridae_Phascogale_calura                 0.1143322 0.1273571 0.1017513 0.1241859 0.1241458 0.0195894 0.1183736 0.1203577 0.1278283 0.1280412 0.1045698 0.0064170 0.0332329 0.1279974 0.1070217 0.0000000 0.0214534 0.0249115 0.1026313 0.1198502 0.1237321 0.1422020 0.1361141 0.0154408 0.1316328 0.1165540 0.1187798 0.1062721 0.1132612 0.1312863 0.1283921 0.1236746 0.1061324 0.0222850 0.1233691 
Dasyuridae_Sarcophilus_harrisii              0.1135398 0.1226101 0.1075885 0.1262294 0.1266639 0.0061391 0.1174463 0.1198697 0.1333011 0.1285877 0.1039895 0.0242460 0.0320441 0.1290956 0.1141995 0.0214534 0.0000000 0.0255700 0.1062888 0.1222036 0.1236170 0.1406049 0.1354158 0.0239326 0.1357129 0.1220294 0.1209201 0.1082024 0.1155209 0.1319329 0.1323561 0.1246849 0.1056004 0.0083414 0.1237878 
Dasyuridae_Planigale_tenuirostris            0.1157630 0.1226717 0.1032753 0.1228196 0.1226472 0.0251593 0.1185422 0.1231544 0.1298720 0.1233989 0.0999709 0.0282720 0.0235075 0.1267737 0.1095769 0.0249115 0.0255700 0.0000000 0.0980001 0.1206439 0.1209841 0.1452917 0.1358310 0.0259142 0.1327708 0.1127655 0.1177918 0.1057604 0.1116987 0.1299585 0.1261950 0.1235988 0.1001570 0.0255496 0.1179196 
Peramelidae_Echymipera_kalubu                0.1012720 0.1015734 0.0812805 0.0962411 0.0971318 0.1028392 0.0957200 0.1015636 0.0984844 0.0207712 0.0949114 0.1062198 0.1056670 0.1068760 0.0945132 0.1026313 0.1062888 0.0980001 0.0000000 0.0937607 0.0978361 0.1182425 0.1156319 0.1045103 0.1020963 0.0943196 0.0926360 0.0897241 0.0862723 0.1223701 0.1084992 0.1025834 0.0120779 0.1048005 0.0160693 
Macropodidae_Dorcopsulus_vanheurni           0.0636533 0.1038095 0.0681232 0.0244009 0.0236444 0.1190701 0.0769681 0.0875342 0.0427654 0.1176171 0.0758132 0.1214844 0.1251405 0.0977883 0.0697992 0.1198502 0.1222036 0.1206439 0.0937607 0.0000000 0.0599875 0.1335645 0.1239247 0.1223000 0.0416540 0.0911224 0.0609901 0.0093105 0.0559296 0.0938500 0.0692492 0.0934830 0.0894525 0.1200931 0.1155008 
Pseudochiridae_Pseudochirulus_forbesi        0.0666022 0.1034911 0.0695139 0.0617295 0.0635040 0.1212276 0.0709767 0.0820029 0.0849404 0.1188726 0.0700974 0.1273729 0.1281211 0.0909821 0.0673435 0.1237321 0.1236170 0.1209841 0.0978361 0.0599875 0.0000000 0.1386209 0.1284700 0.1245649 0.0724441 0.0962531 0.0324822 0.0581408 0.0170692 0.0817078 0.0685940 0.0878261 0.0924119 0.1211054 0.1161266 
Didelphidae_Didelphis_virginiana             0.1360973 0.1413971 0.1230536 0.1371165 0.1374803 0.1383607 0.1406759 0.1454837 0.1435923 0.1522074 0.1231025 0.1423359 0.1484740 0.1505575 0.1371425 0.1422020 0.1406049 0.1452917 0.1182425 0.1335645 0.1386209 0.0000000 0.0564278 0.1449783 0.1451466 0.1291804 0.1360444 0.1100257 0.1285660 0.1368319 0.1487819 0.1465127 0.1168089 0.1409682 0.1484642 
Marmosidae_Monodelphis_domestica             0.1241144 0.1272676 0.1131438 0.1271851 0.1290399 0.1330760 0.1256955 0.1320678 0.1361998 0.1446175 0.1059705 0.1384549 0.1405729 0.1379289 0.1237486 0.1361141 0.1354158 0.1358310 0.1156319 0.1239247 0.1284700 0.0564278 0.0000000 0.1407472 0.1343761 0.1187565 0.1273443 0.0957191 0.1182083 0.1246465 0.1369600 0.1346484 0.1114315 0.1359737 0.1395816 
Dasyuridae_Antechinus_stuartii               0.1192957 0.1295969 0.1044177 0.1260235 0.1259765 0.0208415 0.1186246 0.1234994 0.1286991 0.1292383 0.1079077 0.0169922 0.0349833 0.1314103 0.1099479 0.0154408 0.0239326 0.0259142 0.1045103 0.1223000 0.1245649 0.1449783 0.1407472 0.0000000 0.1338140 0.1222219 0.1206554 0.1076359 0.1155524 0.1348934 0.1279981 0.1269990 0.1071007 0.0251421 0.1249939 
Hypsiprymnodontidae_Hypsiprymnodon_moschatus 0.0769696 0.1140440 0.0766720 0.0458789 0.0461205 0.1321438 0.0880179 0.0986254 0.0670406 0.1239822 0.0809557 0.1342541 0.1373634 0.1055646 0.0809941 0.1316328 0.1357129 0.1327708 0.1020963 0.0416540 0.0724441 0.1451466 0.1343761 0.1338140 0.0000000 0.1020373 0.0701038 0.0376601 0.0665788 0.0997582 0.0806641 0.1013336 0.0976057 0.1350477 0.1203164 
Microbiotheriidae_Dromiciops_gliroides       0.0917071 0.0973258 0.0821764 0.0929096 0.0919379 0.1191133 0.1016116 0.1124130 0.1145417 0.1230707 0.0958867 0.1199686 0.1232345 0.1193639 0.1016453 0.1165540 0.1220294 0.1127655 0.0943196 0.0911224 0.0962531 0.1291804 0.1187565 0.1222219 0.1020373 0.0000000 0.0921857 0.0901095 0.0866332 0.1162430 0.1049642 0.1167742 0.0951210 0.1204015 0.1186570 
Pseudochiridae_Petauroides_volans            0.0665867 0.1042127 0.0693567 0.0614639 0.0592856 0.1171904 0.0740302 0.0821969 0.0823769 0.1197723 0.0689263 0.1210232 0.1240323 0.0900743 0.0655474 0.1187798 0.1209201 0.1177918 0.0926360 0.0609901 0.0324822 0.1360444 0.1273443 0.1206554 0.0701038 0.0921857 0.0000000 0.0591131 0.0282390 0.0791717 0.0659947 0.0863563 0.0894517 0.1201065 0.1141775 
Macropodidae_Wallabia_bicolor                0.0649772 0.0975476 0.0572466 0.0185976 0.0179571 0.1065912 0.0711666 0.0770499 0.0205687 0.0919799 0.0744351 0.1078186 0.1124047 0.0792326 0.0564033 0.1062721 0.1082024 0.1057604 0.0897241 0.0093105 0.0581408 0.1100257 0.0957191 0.1076359 0.0376601 0.0901095 0.0591131 0.0000000 0.0546714 0.0900789 0.0665534 0.0757533 0.0843873 0.1062725 0.0893437 
Pseudochiridae_Pseudocheirus_occidentalis    0.0639212 0.0979632 0.0641525 0.0554417 0.0553580 0.1128327 0.0676634 0.0764569 0.0760929 0.1113018 0.0650732 0.1163926 0.1219928 0.0853749 0.0593420 0.1132612 0.1155209 0.1116987 0.0862723 0.0559296 0.0170692 0.1285660 0.1182083 0.1155524 0.0665788 0.0866332 0.0282390 0.0546714 0.0000000 0.0720219 0.0593546 0.0825882 0.0821411 0.1135874 0.1078129 
Tarsipedidae_Tarsipes_rostratus              0.0996328 0.1267379 0.0945180 0.0950503 0.0949230 0.1289295 0.0992401 0.1063594 0.0955978 0.1280231 0.0961528 0.1327512 0.1395241 0.1084708 0.0880560 0.1312863 0.1319329 0.1299585 0.1223701 0.0938500 0.0817078 0.1368319 0.1246465 0.1348934 0.0997582 0.1162430 0.0791717 0.0900789 0.0720219 0.0000000 0.0974825 0.1051827 0.1183257 0.1272971 0.1209980 
Acrobatidae_Distoechurus_pennatus            0.0747684 0.1149199 0.0784132 0.0696240 0.0701728 0.1278974 0.0821665 0.0857580 0.0904370 0.1347107 0.0742828 0.1316285 0.1354695 0.0946696 0.0490652 0.1283921 0.1323561 0.1261950 0.1084992 0.0692492 0.0685940 0.1487819 0.1369600 0.1279981 0.0806641 0.1049642 0.0659947 0.0665534 0.0593546 0.0974825 0.0000000 0.0916149 0.1029730 0.1314746 0.1275055 
Phalangeridae_Phalanger_carmelitae           0.0886525 0.1212884 0.0876945 0.0923076 0.0933505 0.1207128 0.0351098 0.0219318 0.1001340 0.1334045 0.0218002 0.1267861 0.1279353 0.0069908 0.0854343 0.1236746 0.1246849 0.1235988 0.1025834 0.0934830 0.0878261 0.1465127 0.1346484 0.1269990 0.1013336 0.1167742 0.0863563 0.0757533 0.0825882 0.1051827 0.0916149 0.0000000 0.0997414 0.1233999 0.1274577 
Peramelidae_Peroryctes_raffrayana            0.0988778 0.0976568 0.0797456 0.0919466 0.0913700 0.1026960 0.0954801 0.0986938 0.0937041 0.0208240 0.0942997 0.1098138 0.1088481 0.1034617 0.0912724 0.1061324 0.1056004 0.1001570 0.0120779 0.0894525 0.0924119 0.1168089 0.1114315 0.1071007 0.0976057 0.0951210 0.0894517 0.0843873 0.0821411 0.1183257 0.1029730 0.0997414 0.0000000 0.1034636 0.0157736 
Dasyuridae_Dasyurus_geffroii                 0.1131444 0.1230654 0.1082366 0.1242960 0.1247487 0.0051331 0.1159165 0.1174733 0.1303081 0.1283920 0.1027510 0.0251707 0.0322279 0.1279355 0.1118331 0.0222850 0.0083414 0.0255496 0.1048005 0.1200931 0.1211054 0.1409682 0.1359737 0.0251421 0.1350477 0.1204015 0.1201065 0.1062725 0.1135874 0.1272971 0.1314746 0.1233999 0.1034636 0.0000000 0.1239858 
Peramelidae_Perameles_gunnii                 0.1220055 0.1216844 0.1061026 0.1188043 0.1173928 0.1220952 0.1184936 0.1203319 0.1219581 0.0061401 0.0972642 0.1283039 0.1263208 0.1313619 0.1110820 0.1233691 0.1237878 0.1179196 0.0160693 0.1155008 0.1161266 0.1484642 0.1395816 0.1249939 0.1203164 0.1186570 0.1141775 0.0893437 0.1078129 0.1209980 0.1275055 0.1274577 0.0157736 0.1239858 0.0000000 
