37
Burramyidae_Burramys_parvus                  0.0000000 0.0757237 0.0667919 0.0681403 0.0646759 0.0922635 0.0596993 0.0528583 0.0578541 0.0553363 0.0999410 0.1013810 0.0683505 0.0619660 0.0988650 0.0961688 0.0882702 0.0978758 0.0522130 0.0597119 0.1330151 0.1132098 0.0953146 0.0550119 0.0753805 0.0577189 0.0504913 0.0625762 0.0793472 0.0759359 0.0664735 0.0963492 0.0900380 0.0723178 0.1204746 0.1204746 0.0788877 
Notoryctidae_Notoryctes_typhlops             0.0757237 0.0000000 0.0767539 0.0954568 0.0950732 0.0912634 0.0815962 0.0713034 0.0763095 0.0794750 0.0959856 0.0965736 0.0858241 0.0783193 0.0945469 0.0950756 0.0926500 0.0925357 0.0718528 0.0856430 0.1178948 0.1132739 0.0913966 0.0753321 0.0775995 0.0761628 0.0719514 0.0809332 0.0897472 0.0810000 0.0845433 0.0934258 0.0965164 0.0712444 0.1040223 0.1040223 0.0710156 
Vombatidae_Lasiorhinus_latifrons             0.0667919 0.0767539 0.0000000 0.0714074 0.0704938 0.0994027 0.0730782 0.0629209 0.0713864 0.0660962 0.1049187 0.1061645 0.0706025 0.0662896 0.1049300 0.1013054 0.0876499 0.0959784 0.0672095 0.0760745 0.1353745 0.1265033 0.0947026 0.0697813 0.0784063 0.0639001 0.0651910 0.0687639 0.0876135 0.0799961 0.0760728 0.1006835 0.1006110 0.0895016 0.1743273 0.1743273 0.0917650 
Potoroidae_Bettongia_penicillata             0.0681403 0.0954568 0.0714074 0.0000000 0.0033234 0.1006834 0.0692147 0.0612980 0.0193878 0.0638625 0.1088924 0.1067815 0.0752559 0.0734220 0.1064412 0.1047256 0.0836667 0.1147685 0.0293987 0.0759468 0.1366939 0.1221912 0.0844995 0.0410918 0.0863120 0.0672540 0.0265715 0.0708807 0.0823923 0.0791531 0.0737567 0.1021239 0.1149326 0.0990137 0.2866453 0.2866453 0.0956110 
Potoroidae_Bettongia_lesueur                 0.0646759 0.0950732 0.0704938 0.0033234 0.0000000 0.1015700 0.0663049 0.0582932 0.0166607 0.0598236 0.1103798 0.1075087 0.0723427 0.0700846 0.1082400 0.1049725 0.0835673 0.1140110 0.0273188 0.0752048 0.1377178 0.1198909 0.0845167 0.0399238 0.0829602 0.0657233 0.0252061 0.0697984 0.0811312 0.0787962 0.0716486 0.1026300 0.1143165 0.0935318 0.2739846 0.2739846 0.0894835 
Dasyuridae_Dasyurus_maculatus                0.0922635 0.0912634 0.0994027 0.1006834 0.1015700 0.0000000 0.0992468 0.0925064 0.1016729 0.0977578 0.0192005 0.0203167 0.1042429 0.0855210 0.0174923 0.0068287 0.0160344 0.1246387 0.0949035 0.0922510 0.1493691 0.1358580 0.0178622 0.0962671 0.0815103 0.0968856 0.0938420 0.0931113 0.1140456 0.1006232 0.1041177 0.0070216 0.1247147 0.1014097 0.0328533 0.0328533 0.1058266 
Phalangeridae_Trichosurus_vulpecula          0.0596993 0.0815962 0.0730782 0.0692147 0.0663049 0.0992468 0.0000000 0.0213036 0.0661346 0.0311102 0.1069428 0.1039289 0.0360744 0.0588225 0.1073249 0.0992804 0.0881471 0.1147229 0.0597602 0.0729960 0.1376790 0.1381645 0.0963523 0.0581162 0.0802343 0.0642036 0.0602072 0.0688369 0.0828389 0.0794965 0.0283882 0.1026076 0.1059565 0.1011095 0.1165136 0.1165136 0.1101877 
Phalangeridae_Spilocuscus_maculatus          0.0528583 0.0713034 0.0629209 0.0612980 0.0582932 0.0925064 0.0213036 0.0000000 0.0591045 0.0137469 0.1015507 0.0994419 0.0241347 0.0545251 0.1009763 0.0928701 0.0840118 0.1055676 0.0536186 0.0672133 0.1275716 0.1254987 0.0907686 0.0511334 0.0659576 0.0614359 0.0530342 0.0639710 0.0810705 0.0687592 0.0171012 0.0941582 0.0994071 0.0904526 0.1320950 0.1320950 0.0958406 
Potoroidae_Aepyprymnus_rufescens             0.0578541 0.0763095 0.0713864 0.0193878 0.0166607 0.1016729 0.0661346 0.0591045 0.0000000 0.0605896 0.1074459 0.1064093 0.0735507 0.0644474 0.1032615 0.1006008 0.0971098 0.1034495 0.0179781 0.0694354 0.1313495 0.1209243 0.1087195 0.0385175 0.0737645 0.0749007 0.0165862 0.0747221 0.0877233 0.0770530 0.0729929 0.0999864 0.1031790 0.0814254 0.0745500 0.0745500 0.0784019 
Phalangeridae_Strigocuscus_pelengensis       0.0553363 0.0794750 0.0660962 0.0638625 0.0598236 0.0977578 0.0311102 0.0137469 0.0605896 0.0000000 0.1091490 0.1031378 0.0282865 0.0617135 0.1056016 0.0991430 0.0880759 0.1132423 0.0564831 0.0684757 0.1343937 0.1304975 0.1012711 0.0603325 0.0743077 0.0680259 0.0554887 0.0703615 0.0838096 0.0729965 0.0243505 0.0999133 0.1013907 0.0822253 0.1595485 0.1595485 0.0871955 
Dasyuridae_Phascogale_tapoatafa              0.0999410 0.0959856 0.1049187 0.1088924 0.1103798 0.0192005 0.1069428 0.1015507 0.1074459 0.1091490 0.0000000 0.0275345 0.1139331 0.0917149 0.0097736 0.0199747 0.0241823 0.1266277 0.1044182 0.1048518 0.1513995 0.1458601 0.0146986 0.1032987 0.0896668 0.1069628 0.1023681 0.1034889 0.1155129 0.1085890 0.1143992 0.0224103 0.1246286 0.1000255 0.0244288 0.0244288 0.1034646 
Dasyuridae_Sminthopsis_macroura              0.1013810 0.0965736 0.1061645 0.1067815 0.1075087 0.0203167 0.1039289 0.0994419 0.1064093 0.1031378 0.0275345 0.0000000 0.1125028 0.0871806 0.0254092 0.0220055 0.0150292 0.1295631 0.1017040 0.1018854 0.1621911 0.1467853 0.0255747 0.1059989 0.0956200 0.1072056 0.0988825 0.1019245 0.1147285 0.1095718 0.1118564 0.0224887 0.1299019 0.1070048 0.0285248 0.0285248 0.1112209 
Phalangeridae_Phalanger_orientalis           0.0683505 0.0858241 0.0706025 0.0752559 0.0723427 0.1042429 0.0360744 0.0241347 0.0735507 0.0282865 0.1139331 0.1125028 0.0000000 0.0664976 0.1147788 0.1046612 0.0929905 0.1095454 0.0684596 0.0771603 0.1438961 0.1399918 0.1036664 0.0693037 0.0828945 0.0636096 0.0671688 0.0680060 0.0882396 0.0793792 0.0085181 0.1065597 0.1105278 0.1014482 0.2088238 0.2088238 0.1066428 
Acrobatidae_Acrobates_pygmaeus               0.0619660 0.0783193 0.0662896 0.0734220 0.0700846 0.0855210 0.0588225 0.0545251 0.0644474 0.0617135 0.0917149 0.0871806 0.0664976 0.0000000 0.0913447 0.0870404 0.0672165 0.1010934 0.0588313 0.0496149 0.1200230 0.1116248 0.0838114 0.0617263 0.0789971 0.0474036 0.0592235 0.0466829 0.0550296 0.0322513 0.0649338 0.0876943 0.0957216 0.0718219 0.0921140 0.0921140 0.0788347 
Dasyuridae_Phascogale_calura                 0.0988650 0.0945469 0.1049300 0.1064412 0.1082400 0.0174923 0.1073249 0.1009763 0.1032615 0.1056016 0.0097736 0.0254092 0.1147788 0.0913447 0.0000000 0.0189002 0.0221466 0.1284170 0.1015979 0.1043696 0.1517936 0.1427536 0.0175734 0.1048697 0.0870563 0.1071969 0.0987280 0.1036703 0.1167855 0.1116869 0.1145351 0.0203569 0.1258703 0.1058046 0.0204217 0.0204217 0.1101164 
Dasyuridae_Sarcophilus_harrisii              0.0961688 0.0950756 0.1013054 0.1047256 0.1049725 0.0068287 0.0992804 0.0928701 0.1006008 0.0991430 0.0199747 0.0220055 0.1046612 0.0870404 0.0189002 0.0000000 0.0165819 0.1267383 0.0946562 0.0948388 0.1510022 0.1391077 0.0195096 0.0975853 0.0810431 0.1010237 0.0928333 0.0960902 0.1150494 0.1056340 0.1048984 0.0062996 0.1281660 0.1043641 0.0244288 0.0244288 0.1078873 
Dasyuridae_Planigale_tenuirostris            0.0882702 0.0926500 0.0876499 0.0836667 0.0835673 0.0160344 0.0881471 0.0840118 0.0971098 0.0880759 0.0241823 0.0150292 0.0929905 0.0672165 0.0221466 0.0165819 0.0000000 0.1222684 0.0938343 0.0840333 0.1513456 0.1333575 0.0210080 0.0974168 0.0777822 0.0863682 0.0902031 0.0835375 0.1024547 0.0876359 0.0915775 0.0182268 0.1234769 0.0836437 9.0000000 9.0000000 0.0855190 
Peramelidae_Echymipera_kalubu                0.0978758 0.0925357 0.0959784 0.1147685 0.1140110 0.1246387 0.1147229 0.1055676 0.1034495 0.1132423 0.1266277 0.1295631 0.1095454 0.1010934 0.1284170 0.1267383 0.1222684 0.0000000 0.0998733 0.1150498 0.1577372 0.1500712 0.1338802 0.1058633 0.0955985 0.1064393 0.0981596 0.1120914 0.1240505 0.1167968 0.1185590 0.1244546 0.0253688 0.0259266 0.0694538 0.0694538 0.0213466 
Macropodidae_Dorcopsulus_vanheurni           0.0522130 0.0718528 0.0672095 0.0293987 0.0273188 0.0949035 0.0597602 0.0536186 0.0179781 0.0564831 0.1044182 0.1017040 0.0684596 0.0588313 0.1015979 0.0946562 0.0938343 0.0998733 0.0000000 0.0645267 0.1261757 0.1146159 0.1029289 0.0335816 0.0671141 0.0689785 0.0059229 0.0692404 0.0824810 0.0739510 0.0660808 0.0948372 0.0969350 0.0737187 0.0646196 0.0646196 0.0743059 
Pseudochiridae_Pseudochirulus_forbesi        0.0597119 0.0856430 0.0760745 0.0759468 0.0752048 0.0922510 0.0729960 0.0672133 0.0694354 0.0684757 0.1048518 0.1018854 0.0771603 0.0496149 0.1043696 0.0948388 0.0840333 0.1150498 0.0645267 0.0000000 0.1329870 0.1190205 0.0970455 0.0731533 0.0815566 0.0300512 0.0623795 0.0192129 0.0577194 0.0615463 0.0768453 0.0935705 0.1066486 0.0877891 0.1059242 0.1059242 0.0917035 
Didelphidae_Didelphis_virginiana             0.1330151 0.1178948 0.1353745 0.1366939 0.1377178 0.1493691 0.1376790 0.1275716 0.1313495 0.1343937 0.1513995 0.1621911 0.1438961 0.1200230 0.1517936 0.1510022 0.1513456 0.1577372 0.1261757 0.1329870 0.0000000 0.0485855 0.1536097 0.1261542 0.1084919 0.1361867 0.1255128 0.1348171 0.1452710 0.1363702 0.1425764 0.1480277 0.1627788 0.1319938 0.1002058 0.1002058 0.1241974 
Marmosidae_Monodelphis_domestica             0.1132098 0.1132739 0.1265033 0.1221912 0.1198909 0.1358580 0.1381645 0.1254987 0.1209243 0.1304975 0.1458601 0.1467853 0.1399918 0.1116248 0.1427536 0.1391077 0.1333575 0.1500712 0.1146159 0.1190205 0.0485855 0.0000000 0.1456036 0.1224984 0.0948688 0.1235219 0.1119261 0.1216613 0.1349328 0.1157982 0.1394203 0.1369108 0.1547390 0.1331513 0.0940461 0.0940461 0.1262669 
Dasyuridae_Antechinus_stuartii               0.0953146 0.0913966 0.0947026 0.0844995 0.0845167 0.0178622 0.0963523 0.0907686 0.1087195 0.1012711 0.0146986 0.0255747 0.1036664 0.0838114 0.0175734 0.0195096 0.0210080 0.1338802 0.1029289 0.0970455 0.1536097 0.1456036 0.0000000 0.1034828 0.0808351 0.0971245 0.0992752 0.0992125 0.1122604 0.1108182 0.0994947 0.0210562 0.1372375 0.1201407 9.0000000 9.0000000 0.1243638 
Hypsiprymnodontidae_Hypsiprymnodon_moschatus 0.0550119 0.0753321 0.0697813 0.0410918 0.0399238 0.0962671 0.0581162 0.0511334 0.0385175 0.0603325 0.1032987 0.1059989 0.0693037 0.0617263 0.1048697 0.0975853 0.0974168 0.1058633 0.0335816 0.0731533 0.1261542 0.1224984 0.1034828 0.0000000 0.0745288 0.0640581 0.0337902 0.0676578 0.0826391 0.0798152 0.0630345 0.0981715 0.1039189 0.0857680 0.0619422 0.0619422 0.0853654 
Microbiotheriidae_Dromiciops_gliroides       0.0753805 0.0775995 0.0784063 0.0863120 0.0829602 0.0815103 0.0802343 0.0659576 0.0737645 0.0743077 0.0896668 0.0956200 0.0828945 0.0789971 0.0870563 0.0810431 0.0777822 0.0955985 0.0671141 0.0815566 0.1084919 0.0948688 0.0808351 0.0745288 0.0000000 0.0815550 0.0641760 0.0780399 0.0980348 0.0826566 0.0820142 0.0801324 0.0999059 0.0779490 0.0872241 0.0872241 0.0728034 
Pseudochiridae_Petauroides_volans            0.0577189 0.0761628 0.0639001 0.0672540 0.0657233 0.0968856 0.0642036 0.0614359 0.0749007 0.0680259 0.1069628 0.1072056 0.0636096 0.0474036 0.1071969 0.1010237 0.0863682 0.1064393 0.0689785 0.0300512 0.1361867 0.1235219 0.0971245 0.0640581 0.0815550 0.0000000 0.0676496 0.0223336 0.0567877 0.0698148 0.0687519 0.1010622 0.1050683 0.0970913 0.1614497 0.1614497 0.1028994 
Macropodidae_Wallabia_bicolor                0.0504913 0.0719514 0.0651910 0.0265715 0.0252061 0.0938420 0.0602072 0.0530342 0.0165862 0.0554887 0.1023681 0.0988825 0.0671688 0.0592235 0.0987280 0.0928333 0.0902031 0.0981596 0.0059229 0.0623795 0.1255128 0.1119261 0.0992752 0.0337902 0.0641760 0.0676496 0.0000000 0.0664473 0.0821675 0.0742424 0.0654674 0.0914837 0.0950023 0.0757978 0.0689608 0.0689608 0.0764858 
Pseudochiridae_Pseudocheirus_occidentalis    0.0625762 0.0809332 0.0687639 0.0708807 0.0697984 0.0931113 0.0688369 0.0639710 0.0747221 0.0703615 0.1034889 0.1019245 0.0680060 0.0466829 0.1036703 0.0960902 0.0835375 0.1120914 0.0692404 0.0192129 0.1348171 0.1216613 0.0992125 0.0676578 0.0780399 0.0223336 0.0664473 0.0000000 0.0532190 0.0654591 0.0758505 0.0964490 0.1061666 0.0932885 0.1007299 0.1007299 0.0973870 
Tarsipedidae_Tarsipes_rostratus              0.0793472 0.0897472 0.0876135 0.0823923 0.0811312 0.1140456 0.0828389 0.0810705 0.0877233 0.0838096 0.1155129 0.1147285 0.0882396 0.0550296 0.1167855 0.1150494 0.1024547 0.1240505 0.0824810 0.0577194 0.1452710 0.1349328 0.1122604 0.0826391 0.0980348 0.0567877 0.0821675 0.0532190 0.0000000 0.0724747 0.0885523 0.1164099 0.1176387 0.1082677 0.0996525 0.0996525 0.1023961 
Acrobatidae_Distoechurus_pennatus            0.0759359 0.0810000 0.0799961 0.0791531 0.0787962 0.1006232 0.0794965 0.0687592 0.0770530 0.0729965 0.1085890 0.1095718 0.0793792 0.0322513 0.1116869 0.1056340 0.0876359 0.1167968 0.0739510 0.0615463 0.1363702 0.1157982 0.1108182 0.0798152 0.0826566 0.0698148 0.0742424 0.0654591 0.0724747 0.0000000 0.0783101 0.1059031 0.1113144 0.0896064 0.0783658 0.0783658 0.0982289 
Phalangeridae_Phalanger_carmelitae           0.0664735 0.0845433 0.0760728 0.0737567 0.0716486 0.1041177 0.0283882 0.0171012 0.0729929 0.0243505 0.1143992 0.1118564 0.0085181 0.0649338 0.1145351 0.1048984 0.0915775 0.1185590 0.0660808 0.0768453 0.1425764 0.1394203 0.0994947 0.0630345 0.0820142 0.0687519 0.0654674 0.0758505 0.0885523 0.0783101 0.0000000 0.1071807 0.1127799 0.1055739 0.2165564 0.2165564 0.1110329 
Dasyuridae_Dasyurus_geffroii                 0.0963492 0.0934258 0.1006835 0.1021239 0.1026300 0.0070216 0.1026076 0.0941582 0.0999864 0.0999133 0.0224103 0.0224887 0.1065597 0.0876943 0.0203569 0.0062996 0.0182268 0.1244546 0.0948372 0.0935705 0.1480277 0.1369108 0.0210562 0.0981715 0.0801324 0.1010622 0.0914837 0.0964490 0.1164099 0.1059031 0.1071807 0.0000000 0.1266566 0.1047212 0.0327186 0.0327186 0.1081074 
Peramelidae_Perameles_gunnii                 0.0900380 0.0965164 0.1006110 0.1149326 0.1143165 0.1247147 0.1059565 0.0994071 0.1031790 0.1013907 0.1246286 0.1299019 0.1105278 0.0957216 0.1258703 0.1281660 0.1234769 0.0253688 0.0969350 0.1066486 0.1627788 0.1547390 0.1372375 0.1039189 0.0999059 0.1050683 0.0950023 0.1061666 0.1176387 0.1113144 0.1127799 0.1266566 0.0000000 0.0007401 0.0735907 0.0735907 0.0128779 
Peramelidae_Perameles_nasuta                 0.0723178 0.0712444 0.0895016 0.0990137 0.0935318 0.1014097 0.1011095 0.0904526 0.0814254 0.0822253 0.1000255 0.1070048 0.1014482 0.0718219 0.1058046 0.1043641 0.0836437 0.0259266 0.0737187 0.0877891 0.1319938 0.1331513 0.1201407 0.0857680 0.0779490 0.0970913 0.0757978 0.0932885 0.1082677 0.0896064 0.1055739 0.1047212 0.0007401 0.0000000 0.0739339 0.0739339 0.0131623 
Myrmecobiidae_Myrmecobius_fasciatus1         0.1204746 0.1040223 0.1743273 0.2866453 0.2739846 0.0328533 0.1165136 0.1320950 0.0745500 0.1595485 0.0244288 0.0285248 0.2088238 0.0921140 0.0204217 0.0244288 9.0000000 0.0694538 0.0646196 0.1059242 0.1002058 0.0940461 9.0000000 0.0619422 0.0872241 0.1614497 0.0689608 0.1007299 0.0996525 0.0783658 0.2165564 0.0327186 0.0735907 0.0739339 0.0000000 0.0000010 0.0605168 
Myrmecobiidae_Myrmecobius_fasciatus2         0.1204746 0.1040223 0.1743273 0.2866453 0.2739846 0.0328533 0.1165136 0.1320950 0.0745500 0.1595485 0.0244288 0.0285248 0.2088238 0.0921140 0.0204217 0.0244288 9.0000000 0.0694538 0.0646196 0.1059242 0.1002058 0.0940461 9.0000000 0.0619422 0.0872241 0.1614497 0.0689608 0.1007299 0.0996525 0.0783658 0.2165564 0.0327186 0.0735907 0.0739339 0.0000010 0.0000000 0.0605168 
Peramelidae_Peroryctes_raffrayana            0.0788877 0.0710156 0.0917650 0.0956110 0.0894835 0.1058266 0.1101877 0.0958406 0.0784019 0.0871955 0.1034646 0.1112209 0.1066428 0.0788347 0.1101164 0.1078873 0.0855190 0.0213466 0.0743059 0.0917035 0.1241974 0.1262669 0.1243638 0.0853654 0.0728034 0.1028994 0.0764858 0.0973870 0.1023961 0.0982289 0.1110329 0.1081074 0.0128779 0.0131623 0.0605168 0.0605168 0.0000000 
