35
Burramyidae_Burramys_parvus                  0.0000000 0.0907461 0.1197789 0.0596622 0.0603588 0.0759008 0.0529432 0.0560856 0.0582788 0.1029257 0.0572296 0.0786193 0.0949605 0.0518922 0.0563963 0.0773241 0.0766383 0.0804604 0.1020858 0.0561698 0.0519837 0.1003177 0.1031005 0.0779781 0.0622206 0.0667995 0.0474702 0.0563428 0.0522958 0.0949046 0.0607760 0.0575876 0.0998137 0.0812465 0.1033942 
Notoryctidae_Notoryctes_typhlops             0.0907461 0.0000000 0.1405120 0.0837464 0.0860376 0.0912459 0.0803356 0.0841956 0.0829999 0.1078943 0.0867310 0.0888261 0.1001585 0.0809255 0.0760864 0.0888052 0.0886896 0.0902119 0.1098909 0.0826355 0.0772710 0.1132546 0.1179219 0.0879767 0.0850955 0.0828082 0.0775012 0.0832995 0.0765662 0.1347545 0.0828328 0.0853279 0.1058469 0.0933631 0.1084017 
Vombatidae_Lasiorhinus_latifrons             0.1197789 0.1405120 0.0000000 0.1130799 0.1151407 0.1263473 0.1099774 0.1128465 0.1128186 0.1401843 0.0720054 0.1314441 0.1310921 0.1086198 0.1110364 0.1308246 0.1273871 0.1325260 0.1458547 0.1122991 0.1055062 0.1439187 0.1489013 0.1258139 0.1192701 0.1182872 0.1031189 0.1121852 0.1086580 0.1428790 0.1139160 0.1162751 0.1421038 0.1340751 0.1408325 
Potoroidae_Bettongia_penicillata             0.0596622 0.0837464 0.1130799 0.0000000 0.0034806 0.0690398 0.0485862 0.0516231 0.0064686 0.0960177 0.0502985 0.0729792 0.0881428 0.0485443 0.0486459 0.0729821 0.0691357 0.0746156 0.0958914 0.0163481 0.0483833 0.0959091 0.0960147 0.0727844 0.0300861 0.0691940 0.0468685 0.0153478 0.0492302 0.0918153 0.0561945 0.0518143 0.0912289 0.0740923 0.0964454 
Potoroidae_Bettongia_lesueur                 0.0603588 0.0860376 0.1151407 0.0034806 0.0000000 0.0716634 0.0504646 0.0535086 0.0079961 0.0967697 0.0517283 0.0756506 0.0909562 0.0504737 0.0510721 0.0756216 0.0717641 0.0774293 0.0974325 0.0179614 0.0508188 0.0989637 0.0988196 0.0755376 0.0317886 0.0719914 0.0480947 0.0169590 0.0517154 0.0941217 0.0587101 0.0537082 0.0927093 0.0754248 0.0972015 
Dasyuridae_Dasyurus_maculatus                0.0759008 0.0912459 0.1263473 0.0690398 0.0716634 0.0000000 0.0648330 0.0696884 0.0694476 0.0947366 0.0715009 0.0156780 0.0383806 0.0667440 0.0620127 0.0146457 0.0049600 0.0250498 0.0926208 0.0682177 0.0648340 0.0859865 0.0908913 0.0153970 0.0737287 0.0656801 0.0607792 0.0684882 0.0641375 0.1108190 0.0694361 0.0713015 0.0924820 0.0095703 0.0944610 
Phalangeridae_Trichosurus_vulpecula          0.0529432 0.0803356 0.1099774 0.0485862 0.0504646 0.0648330 0.0000000 0.0182522 0.0495655 0.0907304 0.0199868 0.0699813 0.0809312 0.0178711 0.0481943 0.0693239 0.0649220 0.0686439 0.0955474 0.0473573 0.0449813 0.0929828 0.0923521 0.0686718 0.0568037 0.0610627 0.0457337 0.0459366 0.0492526 0.0916524 0.0503996 0.0214751 0.0913142 0.0703980 0.0911340 
Phalangeridae_Spilocuscus_maculatus          0.0560856 0.0841956 0.1128465 0.0516231 0.0535086 0.0696884 0.0182522 0.0000000 0.0536709 0.0964636 0.0175315 0.0743218 0.0846181 0.0135983 0.0511374 0.0736598 0.0697848 0.0727042 0.1013165 0.0508950 0.0492112 0.0959801 0.0951347 0.0724553 0.0610555 0.0656069 0.0492637 0.0511949 0.0528497 0.0981583 0.0531217 0.0171470 0.0971254 0.0753219 0.0968903 
Potoroidae_Aepyprymnus_rufescens             0.0582788 0.0829999 0.1128186 0.0064686 0.0079961 0.0694476 0.0495655 0.0536709 0.0000000 0.0935692 0.0514844 0.0734486 0.0885215 0.0501794 0.0479323 0.0733855 0.0695440 0.0751734 0.0934399 0.0157859 0.0476867 0.0936863 0.0950276 0.0733392 0.0294383 0.0698467 0.0461557 0.0137475 0.0484981 0.0915549 0.0559814 0.0533947 0.0888992 0.0744963 0.0939834 
Peramelidae_Perameles_nasuta                 0.1029257 0.1078943 0.1401843 0.0960177 0.0967697 0.0947366 0.0907304 0.0964636 0.0935692 0.0000000 0.0963837 0.0954121 0.0884691 0.0926357 0.0895636 0.0955098 0.0934641 0.0991468 0.0206658 0.0939493 0.0901169 0.1116909 0.1073785 0.0957845 0.0982066 0.0985894 0.0893288 0.0942252 0.0936136 0.1356710 0.0982926 0.0974492 0.0133109 0.0976983 0.0009971 
Phalangeridae_Strigocuscus_pelengensis       0.0572296 0.0867310 0.0720054 0.0502985 0.0517283 0.0715009 0.0199868 0.0175315 0.0514844 0.0963837 0.0000000 0.0771594 0.0878991 0.0148200 0.0493980 0.0750654 0.0716093 0.0719427 0.0995704 0.0520856 0.0474656 0.0997165 0.1006677 0.0753623 0.0621600 0.0668232 0.0491736 0.0505369 0.0519155 0.0980371 0.0553197 0.0176229 0.0949575 0.0773995 0.0963031 
Dasyuridae_Phascogale_tapoatafa              0.0786193 0.0888261 0.1314441 0.0729792 0.0756506 0.0156780 0.0699813 0.0743218 0.0734486 0.0954121 0.0771594 0.0000000 0.0384287 0.0695023 0.0676624 0.0019787 0.0125795 0.0262138 0.0944460 0.0722282 0.0687000 0.0903027 0.0971761 0.0096414 0.0753509 0.0683260 0.0645714 0.0717293 0.0687101 0.1162616 0.0734484 0.0753510 0.0930706 0.0184192 0.0958372 
Dasyuridae_Sminthopsis_macroura              0.0949605 0.1001585 0.1310921 0.0881428 0.0909562 0.0383806 0.0809312 0.0846181 0.0885215 0.0884691 0.0878991 0.0384287 0.0000000 0.0829808 0.0832380 0.0373236 0.0350469 0.0304060 0.0894036 0.0877925 0.0818002 0.1019926 0.0885160 0.0368125 0.0912607 0.0819056 0.0801627 0.0883702 0.0833234 0.1355944 0.0897203 0.0876628 0.0873489 0.0397835 0.0888602 
Phalangeridae_Phalanger_orientalis           0.0518922 0.0809255 0.1086198 0.0485443 0.0504737 0.0667440 0.0178711 0.0135983 0.0501794 0.0926357 0.0148200 0.0695023 0.0829808 0.0000000 0.0505049 0.0682919 0.0668363 0.0718730 0.0940702 0.0479119 0.0472016 0.0945520 0.0941778 0.0686668 0.0568305 0.0621035 0.0468636 0.0475761 0.0510145 0.0941302 0.0515238 0.0049940 0.0925213 0.0723614 0.0930478 
Acrobatidae_Acrobates_pygmaeus               0.0563963 0.0760864 0.1110364 0.0486459 0.0510721 0.0620127 0.0481943 0.0511374 0.0479323 0.0895636 0.0493980 0.0676624 0.0832380 0.0505049 0.0000000 0.0670534 0.0620964 0.0658462 0.0874362 0.0449617 0.0426174 0.0860386 0.0867639 0.0657178 0.0512828 0.0590885 0.0375805 0.0485044 0.0414724 0.0892235 0.0302825 0.0549173 0.0872135 0.0668806 0.0899606 
Dasyuridae_Phascogale_calura                 0.0773241 0.0888052 0.1308246 0.0729821 0.0756216 0.0146457 0.0693239 0.0736598 0.0733855 0.0955098 0.0750654 0.0019787 0.0373236 0.0682919 0.0670534 0.0000000 0.0115567 0.0244903 0.0945424 0.0715566 0.0681571 0.0896598 0.0965761 0.0086134 0.0752853 0.0670969 0.0652594 0.0724570 0.0680859 0.1155818 0.0747136 0.0741287 0.0932126 0.0173535 0.0959358 
Dasyuridae_Sarcophilus_harrisii              0.0766383 0.0886896 0.1273871 0.0691357 0.0717641 0.0049600 0.0649220 0.0697848 0.0695440 0.0934641 0.0716093 0.0125795 0.0350469 0.0668363 0.0620964 0.0115567 0.0000000 0.0222246 0.0925029 0.0683126 0.0655488 0.0861163 0.0910280 0.0132981 0.0738332 0.0651621 0.0614618 0.0685840 0.0654768 0.1110041 0.0695039 0.0714012 0.0912115 0.0075244 0.0931849 
Dasyuridae_Planigale_tenuirostris            0.0804604 0.0902119 0.1325260 0.0746156 0.0774293 0.0250498 0.0686439 0.0727042 0.0751734 0.0991468 0.0719427 0.0262138 0.0304060 0.0718730 0.0658462 0.0244903 0.0222246 0.0000000 0.0979775 0.0752479 0.0700141 0.0929860 0.0951403 0.0264615 0.0797232 0.0698849 0.0655050 0.0737587 0.0685257 0.1202062 0.0739182 0.0749152 0.0975727 0.0268847 0.0989639 
Peramelidae_Echymipera_kalubu                0.1020858 0.1098909 0.1458547 0.0958914 0.0974325 0.0926208 0.0955474 0.1013165 0.0934399 0.0206658 0.0995704 0.0944460 0.0894036 0.0940702 0.0874362 0.0945424 0.0925029 0.0979775 0.0000000 0.0940039 0.0892930 0.1159436 0.1034614 0.0940645 0.0981814 0.0949350 0.0865227 0.0933631 0.0935453 0.1410987 0.0967959 0.1003124 0.0169675 0.0967175 0.0207503 
Macropodidae_Dorcopsulus_vanheurni           0.0561698 0.0826355 0.1122991 0.0163481 0.0179614 0.0682177 0.0473573 0.0508950 0.0157859 0.0939493 0.0520856 0.0722282 0.0877925 0.0479119 0.0449617 0.0715566 0.0683126 0.0752479 0.0940039 0.0000000 0.0492088 0.0963499 0.0955839 0.0725671 0.0280470 0.0682452 0.0470865 0.0101047 0.0500002 0.0919650 0.0527810 0.0511214 0.0913961 0.0733207 0.0943668 
Pseudochiridae_Pseudochirulus_forbesi        0.0519837 0.0772710 0.1055062 0.0483833 0.0508188 0.0648340 0.0449813 0.0492112 0.0476867 0.0901169 0.0474656 0.0687000 0.0818002 0.0472016 0.0426174 0.0681571 0.0655488 0.0700141 0.0892930 0.0492088 0.0000000 0.0869006 0.0910040 0.0692652 0.0516096 0.0585620 0.0169271 0.0483378 0.0145183 0.0803453 0.0442735 0.0515949 0.0867521 0.0698115 0.0905187 
Didelphidae_Didelphis_virginiana             0.1003177 0.1132546 0.1439187 0.0959091 0.0989637 0.0859865 0.0929828 0.0959801 0.0936863 0.1116909 0.0997165 0.0903027 0.1019926 0.0945520 0.0860386 0.0896598 0.0861163 0.0929860 0.1159436 0.0963499 0.0869006 0.0000000 0.0439842 0.0892073 0.0982940 0.0848061 0.0851796 0.0969226 0.0890346 0.1303998 0.0893980 0.0982787 0.1102779 0.0918513 0.1111562 
Marmosidae_Monodelphis_domestica             0.1031005 0.1179219 0.1489013 0.0960147 0.0988196 0.0908913 0.0923521 0.0951347 0.0950276 0.1073785 0.1006677 0.0971761 0.0885160 0.0941778 0.0867639 0.0965761 0.0910280 0.0951403 0.1034614 0.0955839 0.0910040 0.0439842 0.0000000 0.0953991 0.1009661 0.0901965 0.0862702 0.0976498 0.0930270 0.1437907 0.0913840 0.0976309 0.1017178 0.0944862 0.1063921 
Dasyuridae_Antechinus_stuartii               0.0779781 0.0879767 0.1258139 0.0727844 0.0755376 0.0153970 0.0686718 0.0724553 0.0733392 0.0957845 0.0753623 0.0096414 0.0368125 0.0686668 0.0657178 0.0086134 0.0132981 0.0264615 0.0940645 0.0725671 0.0692652 0.0892073 0.0953991 0.0000000 0.0765544 0.0691021 0.0669326 0.0726995 0.0698671 0.1148543 0.0735301 0.0734750 0.0932518 0.0192275 0.0962178 
Hypsiprymnodontidae_Hypsiprymnodon_moschatus 0.0622206 0.0850955 0.1192701 0.0300861 0.0317886 0.0737287 0.0568037 0.0610555 0.0294383 0.0982066 0.0621600 0.0753509 0.0912607 0.0568305 0.0512828 0.0752853 0.0738332 0.0797232 0.0981814 0.0280470 0.0516096 0.0982940 0.1009661 0.0765544 0.0000000 0.0709266 0.0510727 0.0276367 0.0531196 0.1007524 0.0559078 0.0600826 0.0930411 0.0776034 0.0994523 
Microbiotheriidae_Dromiciops_gliroides       0.0667995 0.0828082 0.1182872 0.0691940 0.0719914 0.0656801 0.0610627 0.0656069 0.0698467 0.0985894 0.0668232 0.0683260 0.0819056 0.0621035 0.0590885 0.0670969 0.0651621 0.0698849 0.0949350 0.0682452 0.0585620 0.0848061 0.0901965 0.0691021 0.0709266 0.0000000 0.0576571 0.0703832 0.0577994 0.1111557 0.0638827 0.0687729 0.0956566 0.0716951 0.0984133 
Pseudochiridae_Petauroides_volans            0.0474702 0.0775012 0.1031189 0.0468685 0.0480947 0.0607792 0.0457337 0.0492637 0.0461557 0.0893288 0.0491736 0.0645714 0.0801627 0.0468636 0.0375805 0.0652594 0.0614618 0.0655050 0.0865227 0.0470865 0.0169271 0.0851796 0.0862702 0.0669326 0.0510727 0.0576571 0.0000000 0.0484630 0.0166285 0.0780415 0.0387807 0.0512822 0.0853777 0.0650259 0.0897294 
Macropodidae_Wallabia_bicolor                0.0563428 0.0832995 0.1121852 0.0153478 0.0169590 0.0684882 0.0459366 0.0511949 0.0137475 0.0942252 0.0505369 0.0717293 0.0883702 0.0475761 0.0485044 0.0724570 0.0685840 0.0737587 0.0933631 0.0101047 0.0483378 0.0969226 0.0976498 0.0726995 0.0276367 0.0703832 0.0484630 0.0000000 0.0486026 0.0917604 0.0554812 0.0507998 0.0906046 0.0735721 0.0946476 
Pseudochiridae_Pseudocheirus_occidentalis    0.0522958 0.0765662 0.1086580 0.0492302 0.0517154 0.0641375 0.0492526 0.0528497 0.0484981 0.0936136 0.0519155 0.0687101 0.0833234 0.0510145 0.0414724 0.0680859 0.0654768 0.0685257 0.0935453 0.0500002 0.0145183 0.0890346 0.0930270 0.0698671 0.0531196 0.0577994 0.0166285 0.0486026 0.0000000 0.0795346 0.0463336 0.0555187 0.0901356 0.0697671 0.0940385 
Tarsipedidae_Tarsipes_rostratus              0.0949046 0.1347545 0.1428790 0.0918153 0.0941217 0.1108190 0.0916524 0.0981583 0.0915549 0.1356710 0.0980371 0.1162616 0.1355944 0.0941302 0.0892235 0.1155818 0.1110041 0.1202062 0.1410987 0.0919650 0.0803453 0.1303998 0.1437907 0.1148543 0.1007524 0.1111557 0.0780415 0.0917604 0.0795346 0.0000000 0.0923656 0.0994009 0.1314657 0.1173174 0.1354039 
Acrobatidae_Distoechurus_pennatus            0.0607760 0.0828328 0.1139160 0.0561945 0.0587101 0.0694361 0.0503996 0.0531217 0.0559814 0.0982926 0.0553197 0.0734484 0.0897203 0.0515238 0.0302825 0.0747136 0.0695039 0.0739182 0.0967959 0.0527810 0.0442735 0.0893980 0.0913840 0.0735301 0.0559078 0.0638827 0.0387807 0.0554812 0.0463336 0.0923656 0.0000000 0.0559699 0.0946710 0.0743924 0.0985516 
Phalangeridae_Phalanger_carmelitae           0.0575876 0.0853279 0.1162751 0.0518143 0.0537082 0.0713015 0.0214751 0.0171470 0.0533947 0.0974492 0.0176229 0.0753510 0.0876628 0.0049940 0.0549173 0.0741287 0.0714012 0.0749152 0.1003124 0.0511214 0.0515949 0.0982787 0.0976309 0.0734750 0.0600826 0.0687729 0.0512822 0.0507998 0.0555187 0.0994009 0.0559699 0.0000000 0.0973535 0.0770065 0.0978825 
Peramelidae_Peroryctes_raffrayana            0.0998137 0.1058469 0.1421038 0.0912289 0.0927093 0.0924820 0.0913142 0.0971254 0.0888992 0.0133109 0.0949575 0.0930706 0.0873489 0.0925213 0.0872135 0.0932126 0.0912115 0.0975727 0.0169675 0.0913961 0.0867521 0.1102779 0.1017178 0.0932518 0.0930411 0.0956566 0.0853777 0.0906046 0.0901356 0.1314657 0.0946710 0.0973535 0.0000000 0.0939820 0.0133651 
Dasyuridae_Dasyurus_geffroii                 0.0812465 0.0933631 0.1340751 0.0740923 0.0754248 0.0095703 0.0703980 0.0753219 0.0744963 0.0976983 0.0773995 0.0184192 0.0397835 0.0723614 0.0668806 0.0173535 0.0075244 0.0268847 0.0967175 0.0733207 0.0698115 0.0918513 0.0944862 0.0192275 0.0776034 0.0716951 0.0650259 0.0735721 0.0697671 0.1173174 0.0743924 0.0770065 0.0939820 0.0000000 0.0972490 
Peramelidae_Perameles_gunnii                 0.1033942 0.1084017 0.1408325 0.0964454 0.0972015 0.0944610 0.0911340 0.0968903 0.0939834 0.0009971 0.0963031 0.0958372 0.0888602 0.0930478 0.0899606 0.0959358 0.0931849 0.0989639 0.0207503 0.0943668 0.0905187 0.1111562 0.1063921 0.0962178 0.0994523 0.0984133 0.0897294 0.0946476 0.0940385 0.1354039 0.0985516 0.0978825 0.0133651 0.0972490 0.0000000 
