35
Burramyidae_Burramys_parvus                  0.0000000 0.1596664 0.0852891 0.0886507 0.0893920 0.1213480 0.0800020 0.0782647 0.0911424 0.1261868 0.0924507 0.1254064 0.1345351 0.0860616 0.0976904 0.1299998 0.1207065 0.1166843 0.1266918 0.1047225 0.0877473 0.1802530 0.1685608 0.1283928 0.0909121 0.1162755 0.0753832 0.0904391 0.0665734 0.0990931 0.0894881 0.1036167 0.1304350 0.1184883 0.1277295 
Notoryctidae_Notoryctes_typhlops             0.1596664 0.0000000 0.1273133 0.1412070 0.1413903 0.1518843 0.1415819 0.1393285 0.1385441 0.1670372 0.1659853 0.1564092 0.1591831 0.1566409 0.1503928 0.1528268 0.1512060 0.1382584 0.1649489 0.1735115 0.1457412 0.2311352 0.2182996 0.1432718 0.1364630 0.1481812 0.1368159 0.1390985 0.1412402 0.1554089 0.1395067 0.1747786 0.1702995 0.1489599 0.1585038 
Vombatidae_Lasiorhinus_latifrons             0.0852891 0.1273133 0.0000000 0.0741517 0.0748384 0.1032308 0.0694743 0.0695429 0.0738148 0.1093269 0.0924132 0.1096285 0.1108042 0.0791721 0.0824786 0.1099932 0.1009930 0.1031565 0.1131890 0.0853609 0.0780451 0.1688903 0.1673144 0.1120992 0.0797323 0.0920977 0.0704742 0.0729435 0.0643787 0.1029799 0.0788418 0.0948341 0.1129634 0.0986085 0.1058814 
Potoroidae_Bettongia_penicillata             0.0886507 0.1412070 0.0741517 0.0000000 0.0019025 0.1107818 0.0716401 0.0667262 0.0137653 0.1123489 0.0899055 0.1115957 0.1258457 0.0740505 0.0818179 0.1201911 0.1109777 0.1084366 0.1245848 0.0295295 0.0801550 0.1769408 0.1615815 0.1223405 0.0417199 0.1025982 0.0672162 0.0187959 0.0572067 0.0889993 0.0783752 0.0899516 0.1274592 0.1077311 0.1174516 
Potoroidae_Bettongia_lesueur                 0.0893920 0.1413903 0.0748384 0.0019025 0.0000000 0.1096190 0.0723243 0.0673976 0.0137653 0.1124998 0.0906161 0.1117467 0.1253114 0.0752982 0.0825459 0.1196602 0.1104476 0.1100263 0.1254215 0.0310365 0.0808643 0.1775406 0.1636089 0.1217693 0.0417716 0.1032749 0.0678931 0.0188169 0.0572821 0.0900174 0.0796001 0.0906923 0.1276296 0.1072005 0.1182594 
Dasyuridae_Dasyurus_maculatus                0.1213480 0.1518843 0.1032308 0.1107818 0.1096190 0.0000000 0.1056298 0.1053674 0.1113396 0.1254746 0.1338283 0.0173790 0.0259196 0.1123512 0.1213146 0.0205360 0.0087845 0.0220027 0.1295748 0.1293980 0.1143550 0.1981129 0.1715526 0.0261853 0.1119181 0.1114212 0.1043331 0.1108013 0.0997848 0.1115563 0.1153440 0.1281887 0.1334272 0.0092734 0.1243536 
Phalangeridae_Trichosurus_vulpecula          0.0800020 0.1415819 0.0694743 0.0716401 0.0723243 0.1056298 0.0000000 0.0231533 0.0745356 0.1130295 0.0411633 0.1014650 0.1127276 0.0278276 0.0728966 0.1117985 0.1028016 0.1006400 0.1296652 0.0899700 0.0733418 0.1689274 0.1629096 0.1076404 0.0720886 0.1013934 0.0633922 0.0747238 0.0500975 0.0748742 0.0709649 0.0418848 0.1242826 0.1041228 0.1217463 
Phalangeridae_Spilocuscus_maculatus          0.0782647 0.1393285 0.0695429 0.0667262 0.0673976 0.1053674 0.0231533 0.0000000 0.0689131 0.1107230 0.0348944 0.1023596 0.1145159 0.0228367 0.0715946 0.1115182 0.1022872 0.1021977 0.1208087 0.0824552 0.0709917 0.1719679 0.1607229 0.1098057 0.0702049 0.1006580 0.0605261 0.0672236 0.0498992 0.0818311 0.0700454 0.0362973 0.1153919 0.1038650 0.1158160 
Potoroidae_Aepyprymnus_rufescens             0.0911424 0.1385441 0.0738148 0.0137653 0.0137653 0.1113396 0.0745356 0.0689131 0.0000000 0.1172954 0.0932463 0.1148948 0.1264982 0.0783706 0.0808311 0.1208060 0.1115376 0.1113065 0.1276516 0.0288408 0.0818518 0.1793175 0.1640266 0.1221437 0.0447413 0.1045354 0.0687951 0.0199053 0.0624572 0.0883346 0.0787025 0.0932528 0.1301314 0.1082543 0.1195264 
Peramelidae_Perameles_nasuta                 0.1261868 0.1670372 0.1093269 0.1123489 0.1124998 0.1254746 0.1130295 0.1107230 0.1172954 0.0000000 0.1428324 0.1269681 0.1238368 0.1223749 0.1224815 0.1297484 0.1209948 0.1271264 0.0350435 0.1213702 0.1159243 0.1817345 0.1759883 0.1321125 0.1128656 0.1134159 0.1044986 0.1112277 0.1020355 0.1185985 0.1138423 0.1448815 0.0408461 0.1220437 0.0032681 
Phalangeridae_Strigocuscus_pelengensis       0.0924507 0.1659853 0.0924132 0.0899055 0.0906161 0.1338283 0.0411633 0.0348944 0.0932463 0.1428324 0.0000000 0.1310272 0.1433664 0.0300031 0.1017919 0.1383031 0.1301045 0.1238611 0.1523228 0.0843131 0.0944749 0.1906964 0.1854309 0.1366748 0.0913340 0.1313010 0.0830765 0.0926491 0.0731869 0.1119091 0.0988730 0.0477746 0.1503527 0.1295485 0.1444855 
Dasyuridae_Phascogale_tapoatafa              0.1254064 0.1564092 0.1096285 0.1115957 0.1117467 0.0173790 0.1014650 0.1023596 0.1148948 0.1269681 0.1310272 0.0000000 0.0318923 0.1097004 0.1259507 0.0021642 0.0138643 0.0268434 0.1311987 0.1245818 0.1173622 0.1993715 0.1803251 0.0146898 0.1184814 0.1131170 0.1036191 0.1134069 0.1004414 0.1086365 0.1189560 0.1275852 0.1370145 0.0156510 0.1251674 
Dasyuridae_Sminthopsis_macroura              0.1345351 0.1591831 0.1108042 0.1258457 0.1253114 0.0259196 0.1127276 0.1145159 0.1264982 0.1238368 0.1433664 0.0318923 0.0000000 0.1200624 0.1316665 0.0340872 0.0216840 0.0305174 0.1320301 0.1472088 0.1219404 0.2012016 0.1831097 0.0351192 0.1276521 0.1140491 0.1143401 0.1265385 0.1130430 0.1138063 0.1252572 0.1372717 0.1386075 0.0227689 0.1245657 
Phalangeridae_Phalanger_orientalis           0.0860616 0.1566409 0.0791721 0.0740505 0.0752982 0.1123512 0.0278276 0.0228367 0.0783706 0.1223749 0.0300031 0.1097004 0.1200624 0.0000000 0.0843410 0.1174226 0.1080119 0.1075435 0.1360285 0.0802332 0.0826166 0.1783233 0.1668275 0.1158275 0.0789820 0.1132325 0.0689255 0.0777727 0.0598834 0.0975196 0.0807994 0.0313434 0.1303489 0.1093152 0.1268132 
Acrobatidae_Acrobates_pygmaeus               0.0976904 0.1503928 0.0824786 0.0818179 0.0825459 0.1213146 0.0728966 0.0715946 0.0808311 0.1224815 0.1017919 0.1259507 0.1316665 0.0843410 0.0000000 0.1296248 0.1200105 0.1214636 0.1316608 0.0990689 0.0744867 0.1801713 0.1657714 0.1303431 0.0851519 0.1133467 0.0604143 0.0804331 0.0626267 0.0837695 0.0500214 0.0969889 0.1349077 0.1184089 0.1237477 
Dasyuridae_Phascogale_calura                 0.1299998 0.1528268 0.1099932 0.1201911 0.1196602 0.0205360 0.1117985 0.1115182 0.1208060 0.1297484 0.1383031 0.0021642 0.0340872 0.1174226 0.1296248 0.0000000 0.0184457 0.0290029 0.1345493 0.1399061 0.1209154 0.2029949 0.1831865 0.0182602 0.1233291 0.1167165 0.1073675 0.1208669 0.1041035 0.1192953 0.1222981 0.1321219 0.1380552 0.0194992 0.1300788 
Dasyuridae_Sarcophilus_harrisii              0.1207065 0.1512060 0.1009930 0.1109777 0.1104476 0.0087845 0.1028016 0.1022872 0.1115376 0.1209948 0.1301045 0.0138643 0.0216840 0.1080119 0.1200105 0.0184457 0.0000000 0.0199526 0.1257119 0.1251272 0.1107478 0.1976291 0.1741407 0.0238102 0.1114252 0.1115618 0.1010765 0.1115099 0.0953474 0.1144476 0.1140695 0.1244553 0.1308928 0.0082914 0.1200936 
Dasyuridae_Planigale_tenuirostris            0.1166843 0.1382584 0.1031565 0.1084366 0.1100263 0.0220027 0.1006400 0.1021977 0.1113065 0.1271264 0.1238611 0.0268434 0.0305174 0.1075435 0.1214636 0.0290029 0.0199526 0.0000000 0.1310047 0.1235531 0.1122720 0.1992504 0.1788289 0.0325171 0.1149252 0.1108919 0.1045385 0.1090419 0.1026383 0.0984439 0.1138991 0.1261184 0.1296017 0.0187574 0.1239813 
Peramelidae_Echymipera_kalubu                0.1266918 0.1649489 0.1131890 0.1245848 0.1254215 0.1295748 0.1296652 0.1208087 0.1276516 0.0350435 0.1523228 0.1311987 0.1320301 0.1360285 0.1316608 0.1345493 0.1257119 0.1310047 0.0000000 0.1441155 0.1169660 0.1890739 0.1820583 0.1369515 0.1245592 0.1151710 0.1070276 0.1223500 0.1065702 0.1402511 0.1240548 0.1518545 0.0381766 0.1253876 0.0330087 
Macropodidae_Dorcopsulus_vanheurni           0.1047225 0.1735115 0.0853609 0.0295295 0.0310365 0.1293980 0.0899700 0.0824552 0.0288408 0.1213702 0.0843131 0.1245818 0.1472088 0.0802332 0.0990689 0.1399061 0.1251272 0.1235531 0.1441155 0.0000000 0.0993834 0.1798807 0.1597914 0.1451159 0.0600840 0.1352069 0.0821732 0.0196813 0.0657735 0.1287470 0.0897997 0.0853345 0.1362377 0.1229763 0.1329387 
Pseudochiridae_Pseudochirulus_forbesi        0.0877473 0.1457412 0.0780451 0.0801550 0.0808643 0.1143550 0.0733418 0.0709917 0.0818518 0.1159243 0.0944749 0.1173622 0.1219404 0.0826166 0.0744867 0.1209154 0.1107478 0.1122720 0.1169660 0.0993834 0.0000000 0.1700423 0.1711523 0.1172612 0.0782687 0.1106713 0.0304713 0.0806929 0.0236991 0.0684341 0.0672341 0.0963187 0.1256951 0.1100609 0.1148513 
Didelphidae_Didelphis_virginiana             0.1802530 0.2311352 0.1688903 0.1769408 0.1775406 0.1981129 0.1689274 0.1719679 0.1793175 0.1817345 0.1906964 0.1993715 0.2012016 0.1783233 0.1801713 0.2029949 0.1976291 0.1992504 0.1890739 0.1798807 0.1700423 0.0000000 0.0743600 0.1963833 0.1774015 0.1962268 0.1580884 0.1776905 0.1557303 0.2042224 0.1625657 0.2014203 0.1871081 0.1994151 0.1868165 
Marmosidae_Monodelphis_domestica             0.1685608 0.2182996 0.1673144 0.1615815 0.1636089 0.1715526 0.1629096 0.1607229 0.1640266 0.1759883 0.1854309 0.1803251 0.1831097 0.1668275 0.1657714 0.1831865 0.1741407 0.1788289 0.1820583 0.1597914 0.1711523 0.0743600 0.0000000 0.1733449 0.1639610 0.1746695 0.1502286 0.1636852 0.1530038 0.1863854 0.1575929 0.1897400 0.1808228 0.1727263 0.1782983 
Dasyuridae_Antechinus_stuartii               0.1283928 0.1432718 0.1120992 0.1223405 0.1217693 0.0261853 0.1076404 0.1098057 0.1221437 0.1321125 0.1366748 0.0146898 0.0351192 0.1158275 0.1303431 0.0182602 0.0238102 0.0325171 0.1369515 0.1451159 0.1172612 0.1963833 0.1733449 0.0000000 0.1188978 0.1101361 0.1067145 0.1202171 0.1076161 0.1119553 0.1192462 0.1338080 0.1460188 0.0238719 0.1301392 
Hypsiprymnodontidae_Hypsiprymnodon_moschatus 0.0909121 0.1364630 0.0797323 0.0417199 0.0417716 0.1119181 0.0720886 0.0702049 0.0447413 0.1128656 0.0913340 0.1184814 0.1276521 0.0789820 0.0851519 0.1233291 0.1114252 0.1149252 0.1245592 0.0600840 0.0782687 0.1774015 0.1639610 0.1188978 0.0000000 0.1024997 0.0676792 0.0450410 0.0586072 0.0883552 0.0819812 0.0954132 0.1287463 0.1117029 0.1163982 
Microbiotheriidae_Dromiciops_gliroides       0.1162755 0.1481812 0.0920977 0.1025982 0.1032749 0.1114212 0.1013934 0.1006580 0.1045354 0.1134159 0.1313010 0.1131170 0.1140491 0.1132325 0.1133467 0.1167165 0.1115618 0.1108919 0.1151710 0.1352069 0.1106713 0.1962268 0.1746695 0.1101361 0.1024997 0.0000000 0.0970416 0.1037188 0.0932465 0.0936386 0.1047479 0.1310753 0.1240364 0.1093998 0.1156541 
Pseudochiridae_Petauroides_volans            0.0753832 0.1368159 0.0704742 0.0672162 0.0678931 0.1043331 0.0633922 0.0605261 0.0687951 0.1044986 0.0830765 0.1036191 0.1143401 0.0689255 0.0604143 0.1073675 0.1010765 0.1045385 0.1070276 0.0821732 0.0304713 0.1580884 0.1502286 0.1067145 0.0676792 0.0970416 0.0000000 0.0687775 0.0236603 0.0598299 0.0554760 0.0841608 0.1138906 0.1015752 0.1047959 
Macropodidae_Wallabia_bicolor                0.0904391 0.1390985 0.0729435 0.0187959 0.0188169 0.1108013 0.0747238 0.0672236 0.0199053 0.1112277 0.0926491 0.1134069 0.1265385 0.0777727 0.0804331 0.1208669 0.1115099 0.1090419 0.1223500 0.0196813 0.0806929 0.1776905 0.1636852 0.1202171 0.0450410 0.1037188 0.0687775 0.0000000 0.0618007 0.0865934 0.0789903 0.0947069 0.1238104 0.1082124 0.1163042 
Pseudochiridae_Pseudocheirus_occidentalis    0.0665734 0.1412402 0.0643787 0.0572067 0.0572821 0.0997848 0.0500975 0.0498992 0.0624572 0.1020355 0.0731869 0.1004414 0.1130430 0.0598834 0.0626267 0.1041035 0.0953474 0.1026383 0.1065702 0.0657735 0.0236991 0.1557303 0.1530038 0.1076161 0.0586072 0.0932465 0.0236603 0.0618007 0.0000000 0.0481252 0.0570328 0.0763226 0.1132753 0.0959475 0.0988894 
Tarsipedidae_Tarsipes_rostratus              0.0990931 0.1554089 0.1029799 0.0889993 0.0900174 0.1115563 0.0748742 0.0818311 0.0883346 0.1185985 0.1119091 0.1086365 0.1138063 0.0975196 0.0837695 0.1192953 0.1144476 0.0984439 0.1402511 0.1287470 0.0684341 0.2042224 0.1863854 0.1119553 0.0883552 0.0936386 0.0598299 0.0865934 0.0481252 0.0000000 0.0784136 0.1234040 0.1287355 0.1161524 0.1341253 
Acrobatidae_Distoechurus_pennatus            0.0894881 0.1395067 0.0788418 0.0783752 0.0796001 0.1153440 0.0709649 0.0700454 0.0787025 0.1138423 0.0988730 0.1189560 0.1252572 0.0807994 0.0500214 0.1222981 0.1140695 0.1138991 0.1240548 0.0897997 0.0672341 0.1625657 0.1575929 0.1192462 0.0819812 0.1047479 0.0554760 0.0789903 0.0570328 0.0784136 0.0000000 0.0971463 0.1266931 0.1133791 0.1165052 
Phalangeridae_Phalanger_carmelitae           0.1036167 0.1747786 0.0948341 0.0899516 0.0906923 0.1281887 0.0418848 0.0362973 0.0932528 0.1448815 0.0477746 0.1275852 0.1372717 0.0313434 0.0969889 0.1321219 0.1244553 0.1261184 0.1518545 0.0853345 0.0963187 0.2014203 0.1897400 0.1338080 0.0954132 0.1310753 0.0841608 0.0947069 0.0763226 0.1234040 0.0971463 0.0000000 0.1501448 0.1237842 0.1467952 
Peramelidae_Peroryctes_raffrayana            0.1304350 0.1702995 0.1129634 0.1274592 0.1276296 0.1334272 0.1242826 0.1153919 0.1301314 0.0408461 0.1503527 0.1370145 0.1386075 0.1303489 0.1349077 0.1380552 0.1308928 0.1296017 0.0381766 0.1362377 0.1256951 0.1871081 0.1808228 0.1460188 0.1287463 0.1240364 0.1138906 0.1238104 0.1132753 0.1287355 0.1266931 0.1501448 0.0000000 0.1319836 0.0408676 
Dasyuridae_Dasyurus_geffroii                 0.1184883 0.1489599 0.0986085 0.1077311 0.1072005 0.0092734 0.1041228 0.1038650 0.1082543 0.1220437 0.1295485 0.0156510 0.0227689 0.1093152 0.1184089 0.0194992 0.0082914 0.0187574 0.1253876 0.1229763 0.1100609 0.1994151 0.1727263 0.0238719 0.1117029 0.1093998 0.1015752 0.1082124 0.0959475 0.1161524 0.1133791 0.1237842 0.1319836 0.0000000 0.1205168 
Peramelidae_Perameles_gunnii                 0.1277295 0.1585038 0.1058814 0.1174516 0.1182594 0.1243536 0.1217463 0.1158160 0.1195264 0.0032681 0.1444855 0.1251674 0.1245657 0.1268132 0.1237477 0.1300788 0.1200936 0.1239813 0.0330087 0.1329387 0.1148513 0.1868165 0.1782983 0.1301392 0.1163982 0.1156541 0.1047959 0.1163042 0.0988894 0.1341253 0.1165052 0.1467952 0.0408676 0.1205168 0.0000000 
