35
Burramyidae_Burramys_parvus                  0.0000000 0.0464251 0.0344017 0.0423752 0.0392860 0.0466365 0.0265461 0.0289099 0.0406160 0.0500204 0.0287487 0.0471912 0.0458201 0.0274996 0.0316165 0.0434249 0.0443754 0.0425316 0.0495108 0.0402024 0.0384272 0.0517656 0.0474953 0.0456711 0.0379466 0.0427433 0.0286341 0.0413064 0.0350427 0.0392938 0.0318975 0.0270809 0.0499069 0.0471492 0.0503154 
Notoryctidae_Notoryctes_typhlops             0.0464251 0.0000000 0.0482102 0.0554927 0.0535285 0.0490036 0.0419672 0.0435732 0.0518051 0.0520327 0.0429586 0.0487441 0.0510660 0.0430986 0.0402692 0.0500476 0.0513825 0.0412065 0.0525902 0.0498288 0.0481437 0.0585857 0.0544790 0.0505073 0.0493088 0.0462973 0.0423226 0.0521846 0.0435141 0.0485377 0.0412666 0.0423815 0.0519895 0.0489824 0.0513231 
Vombatidae_Lasiorhinus_latifrons             0.0344017 0.0482102 0.0000000 0.0442003 0.0409381 0.0467856 0.0298288 0.0326694 0.0400867 0.0496093 0.0325549 0.0466221 0.0482598 0.0314988 0.0308614 0.0448833 0.0464856 0.0435294 0.0493023 0.0406452 0.0377379 0.0512691 0.0461222 0.0462303 0.0398376 0.0421384 0.0299582 0.0420000 0.0342282 0.0419641 0.0307757 0.0317020 0.0490296 0.0472929 0.0493575 
Potoroidae_Bettongia_penicillata             0.0423752 0.0554927 0.0442003 0.0000000 0.0069822 0.0541588 0.0364762 0.0371154 0.0102769 0.0561826 0.0368880 0.0532154 0.0530788 0.0373242 0.0371438 0.0528655 0.0545565 0.0489658 0.0573008 0.0233536 0.0451246 0.0614226 0.0558722 0.0534310 0.0303615 0.0528920 0.0356804 0.0227876 0.0402499 0.0482753 0.0384601 0.0368272 0.0566625 0.0546876 0.0578293 
Potoroidae_Bettongia_lesueur                 0.0392860 0.0535285 0.0409381 0.0069822 0.0000000 0.0494727 0.0328415 0.0334794 0.0079230 0.0520740 0.0326477 0.0497853 0.0503268 0.0336790 0.0353320 0.0504496 0.0518020 0.0447806 0.0527499 0.0199791 0.0421272 0.0556882 0.0511027 0.0473737 0.0266280 0.0483411 0.0336469 0.0193990 0.0379107 0.0446468 0.0352642 0.0329665 0.0534014 0.0499644 0.0525192 
Dasyuridae_Dasyurus_maculatus                0.0466365 0.0490036 0.0467856 0.0541588 0.0494727 0.0000000 0.0409705 0.0445487 0.0502465 0.0501488 0.0428771 0.0119319 0.0181532 0.0430432 0.0423297 0.0105361 0.0032687 0.0162739 0.0514395 0.0471418 0.0463766 0.0582718 0.0515158 0.0118102 0.0495332 0.0469353 0.0417871 0.0503605 0.0427376 0.0504788 0.0415440 0.0422481 0.0506183 0.0030501 0.0504064 
Phalangeridae_Trichosurus_vulpecula          0.0265461 0.0419672 0.0298288 0.0364762 0.0328415 0.0409705 0.0000000 0.0077606 0.0336694 0.0432183 0.0080520 0.0395631 0.0417582 0.0067624 0.0267928 0.0362787 0.0384658 0.0369934 0.0444357 0.0328980 0.0296022 0.0456752 0.0403059 0.0393773 0.0334980 0.0385312 0.0227142 0.0332738 0.0275633 0.0312273 0.0260818 0.0065661 0.0445790 0.0416752 0.0434732 
Phalangeridae_Spilocuscus_maculatus          0.0289099 0.0435732 0.0326694 0.0371154 0.0334794 0.0445487 0.0077606 0.0000000 0.0343524 0.0458279 0.0072489 0.0416585 0.0431376 0.0053996 0.0289312 0.0379052 0.0407551 0.0405936 0.0461047 0.0351413 0.0315844 0.0475829 0.0424287 0.0413824 0.0333912 0.0413922 0.0237052 0.0349703 0.0283774 0.0353522 0.0291045 0.0050075 0.0475277 0.0452910 0.0463719 
Potoroidae_Aepyprymnus_rufescens             0.0406160 0.0518051 0.0400867 0.0102769 0.0079230 0.0502465 0.0336694 0.0343524 0.0000000 0.0531575 0.0332350 0.0494947 0.0499657 0.0343244 0.0368642 0.0504749 0.0519386 0.0461167 0.0540005 0.0175925 0.0413540 0.0581206 0.0528605 0.0488611 0.0257994 0.0485043 0.0337991 0.0183272 0.0367294 0.0461582 0.0367826 0.0337908 0.0550197 0.0507748 0.0537525 
Peramelidae_Perameles_nasuta                 0.0500204 0.0520327 0.0496093 0.0561826 0.0520740 0.0501488 0.0432183 0.0458279 0.0531575 0.0000000 0.0446242 0.0498045 0.0527639 0.0448096 0.0475771 0.0496247 0.0514773 0.0423372 0.0099792 0.0510562 0.0506615 0.0550455 0.0520032 0.0478840 0.0514422 0.0459073 0.0446703 0.0517564 0.0472335 0.0509869 0.0455953 0.0445344 0.0095909 0.0504247 0.0011442 
Phalangeridae_Strigocuscus_pelengensis       0.0287487 0.0429586 0.0325549 0.0368880 0.0326477 0.0428771 0.0080520 0.0072489 0.0332350 0.0446242 0.0000000 0.0413947 0.0444578 0.0062138 0.0288744 0.0389452 0.0418970 0.0370826 0.0459380 0.0346440 0.0318829 0.0467257 0.0414482 0.0400634 0.0330726 0.0398554 0.0243915 0.0342392 0.0282239 0.0350611 0.0293430 0.0058091 0.0463429 0.0436411 0.0448727 
Dasyuridae_Phascogale_tapoatafa              0.0471912 0.0487441 0.0466221 0.0532154 0.0497853 0.0119319 0.0395631 0.0416585 0.0494947 0.0498045 0.0413947 0.0000000 0.0176180 0.0406626 0.0409882 0.0027615 0.0132228 0.0137938 0.0507928 0.0472311 0.0456870 0.0566280 0.0512647 0.0067922 0.0488530 0.0453523 0.0406021 0.0506398 0.0420538 0.0484724 0.0413552 0.0406176 0.0497249 0.0127480 0.0490359 
Dasyuridae_Sminthopsis_macroura              0.0458201 0.0510660 0.0482598 0.0530788 0.0503268 0.0181532 0.0417582 0.0431376 0.0499657 0.0527639 0.0444578 0.0176180 0.0000000 0.0435108 0.0443008 0.0159473 0.0178798 0.0158143 0.0527478 0.0499079 0.0510160 0.0613032 0.0549935 0.0168299 0.0462216 0.0457997 0.0441728 0.0537781 0.0455609 0.0536015 0.0456133 0.0430732 0.0523680 0.0195760 0.0523323 
Phalangeridae_Phalanger_orientalis           0.0274996 0.0430986 0.0314988 0.0373242 0.0336790 0.0430432 0.0067624 0.0053996 0.0343244 0.0448096 0.0062138 0.0406626 0.0435108 0.0000000 0.0282136 0.0379576 0.0408121 0.0384179 0.0460341 0.0344088 0.0313016 0.0475915 0.0416877 0.0404730 0.0338270 0.0405975 0.0230130 0.0340807 0.0278761 0.0348380 0.0286260 0.0030568 0.0462253 0.0437794 0.0450831 
Acrobatidae_Acrobates_pygmaeus               0.0316165 0.0402692 0.0308614 0.0371438 0.0353320 0.0423297 0.0267928 0.0289312 0.0368642 0.0475771 0.0288744 0.0409882 0.0443008 0.0282136 0.0000000 0.0403639 0.0435316 0.0387355 0.0461466 0.0374837 0.0306607 0.0491575 0.0438181 0.0412657 0.0364344 0.0392533 0.0241171 0.0386020 0.0269228 0.0311092 0.0164123 0.0279918 0.0472601 0.0428276 0.0474051 
Dasyuridae_Phascogale_calura                 0.0434249 0.0500476 0.0448833 0.0528655 0.0504496 0.0105361 0.0362787 0.0379052 0.0504749 0.0496247 0.0389452 0.0027615 0.0159473 0.0379576 0.0403639 0.0000000 0.0108043 0.0126760 0.0496209 0.0486862 0.0455020 0.0565257 0.0507666 0.0063626 0.0493233 0.0439561 0.0398305 0.0518274 0.0408184 0.0476009 0.0412039 0.0375469 0.0478775 0.0118846 0.0492229 
Dasyuridae_Sarcophilus_harrisii              0.0443754 0.0513825 0.0464856 0.0545565 0.0518020 0.0032687 0.0384658 0.0407551 0.0519386 0.0514773 0.0418970 0.0132228 0.0178798 0.0408121 0.0435316 0.0108043 0.0000000 0.0166011 0.0521889 0.0493430 0.0484722 0.0601427 0.0531596 0.0121731 0.0500091 0.0469765 0.0417885 0.0518629 0.0437415 0.0516130 0.0440860 0.0403882 0.0517743 0.0045497 0.0517410 
Dasyuridae_Planigale_tenuirostris            0.0425316 0.0412065 0.0435294 0.0489658 0.0447806 0.0162739 0.0369934 0.0405936 0.0461167 0.0423372 0.0370826 0.0137938 0.0158143 0.0384179 0.0387355 0.0126760 0.0166011 0.0000000 0.0427277 0.0399853 0.0442724 0.0510834 0.0459551 0.0135699 0.0433653 0.0423297 0.0347988 0.0445353 0.0381867 0.0445511 0.0376705 0.0380745 0.0434843 0.0160019 0.0421602 
Peramelidae_Echymipera_kalubu                0.0495108 0.0525902 0.0493023 0.0573008 0.0527499 0.0514395 0.0444357 0.0461047 0.0540005 0.0099792 0.0459380 0.0507928 0.0527478 0.0460341 0.0461466 0.0496209 0.0521889 0.0427277 0.0000000 0.0508073 0.0516633 0.0568787 0.0522135 0.0491241 0.0512421 0.0474434 0.0441996 0.0522679 0.0479863 0.0524880 0.0460877 0.0452581 0.0087677 0.0516886 0.0105372 
Macropodidae_Dorcopsulus_vanheurni           0.0402024 0.0498288 0.0406452 0.0233536 0.0199791 0.0471418 0.0328980 0.0351413 0.0175925 0.0510562 0.0346440 0.0472311 0.0499079 0.0344088 0.0374837 0.0486862 0.0493430 0.0399853 0.0508073 0.0000000 0.0418502 0.0547826 0.0497032 0.0473696 0.0287008 0.0480724 0.0328493 0.0081400 0.0375761 0.0416152 0.0369083 0.0343904 0.0520699 0.0476511 0.0510526 
Pseudochiridae_Pseudochirulus_forbesi        0.0384272 0.0481437 0.0377379 0.0451246 0.0421272 0.0463766 0.0296022 0.0315844 0.0413540 0.0506615 0.0318829 0.0456870 0.0510160 0.0313016 0.0306607 0.0455020 0.0484722 0.0442724 0.0516633 0.0418502 0.0000000 0.0535751 0.0469806 0.0478285 0.0413086 0.0466603 0.0209396 0.0425369 0.0155553 0.0385558 0.0321881 0.0303697 0.0503151 0.0468837 0.0509162 
Didelphidae_Didelphis_virginiana             0.0517656 0.0585857 0.0512691 0.0614226 0.0556882 0.0582718 0.0456752 0.0475829 0.0581206 0.0550455 0.0467257 0.0566280 0.0613032 0.0475915 0.0491575 0.0565257 0.0601427 0.0510834 0.0568787 0.0547826 0.0535751 0.0000000 0.0198050 0.0546530 0.0549319 0.0517788 0.0472470 0.0544387 0.0490129 0.0560700 0.0490900 0.0468457 0.0559410 0.0596435 0.0560746 
Marmosidae_Monodelphis_domestica             0.0474953 0.0544790 0.0461222 0.0558722 0.0511027 0.0515158 0.0403059 0.0424287 0.0528605 0.0520032 0.0414482 0.0512647 0.0549935 0.0416877 0.0438181 0.0507666 0.0531596 0.0459551 0.0522135 0.0497032 0.0469806 0.0198050 0.0000000 0.0503917 0.0488345 0.0471309 0.0405769 0.0504601 0.0433542 0.0514445 0.0439220 0.0414469 0.0510441 0.0528052 0.0529858 
Dasyuridae_Antechinus_stuartii               0.0456711 0.0505073 0.0462303 0.0534310 0.0473737 0.0118102 0.0393773 0.0413824 0.0488611 0.0478840 0.0400634 0.0067922 0.0168299 0.0404730 0.0412657 0.0063626 0.0121731 0.0135699 0.0491241 0.0473696 0.0478285 0.0546530 0.0503917 0.0000000 0.0474646 0.0443018 0.0416064 0.0507582 0.0431387 0.0493344 0.0404489 0.0404373 0.0485675 0.0126310 0.0475641 
Hypsiprymnodontidae_Hypsiprymnodon_moschatus 0.0379466 0.0493088 0.0398376 0.0303615 0.0266280 0.0495332 0.0334980 0.0333912 0.0257994 0.0514422 0.0330726 0.0488530 0.0462216 0.0338270 0.0364344 0.0493233 0.0500091 0.0433653 0.0512421 0.0287008 0.0413086 0.0549319 0.0488345 0.0474646 0.0000000 0.0446487 0.0343970 0.0274451 0.0361200 0.0445770 0.0352642 0.0338091 0.0535001 0.0495383 0.0514642 
Microbiotheriidae_Dromiciops_gliroides       0.0427433 0.0462973 0.0421384 0.0528920 0.0483411 0.0469353 0.0385312 0.0413922 0.0485043 0.0459073 0.0398554 0.0453523 0.0457997 0.0405975 0.0392533 0.0439561 0.0469765 0.0423297 0.0474434 0.0480724 0.0466603 0.0517788 0.0471309 0.0443018 0.0446487 0.0000000 0.0384059 0.0510536 0.0406174 0.0469591 0.0382638 0.0403647 0.0460171 0.0474336 0.0456479 
Pseudochiridae_Petauroides_volans            0.0286341 0.0423226 0.0299582 0.0356804 0.0336469 0.0417871 0.0227142 0.0237052 0.0337991 0.0446703 0.0243915 0.0406021 0.0441728 0.0230130 0.0241171 0.0398305 0.0417885 0.0347988 0.0441996 0.0328493 0.0209396 0.0472470 0.0405769 0.0416064 0.0343970 0.0384059 0.0000000 0.0336667 0.0182394 0.0294317 0.0238496 0.0230116 0.0451083 0.0422683 0.0447362 
Macropodidae_Wallabia_bicolor                0.0413064 0.0521846 0.0420000 0.0227876 0.0193990 0.0503605 0.0332738 0.0349703 0.0183272 0.0517564 0.0342392 0.0506398 0.0537781 0.0340807 0.0386020 0.0518274 0.0518629 0.0445353 0.0522679 0.0081400 0.0425369 0.0544387 0.0504601 0.0507582 0.0274451 0.0510536 0.0336667 0.0000000 0.0370205 0.0432364 0.0380092 0.0340625 0.0543857 0.0508799 0.0525596 
Pseudochiridae_Pseudocheirus_occidentalis    0.0350427 0.0435141 0.0342282 0.0402499 0.0379107 0.0427376 0.0275633 0.0283774 0.0367294 0.0472335 0.0282239 0.0420538 0.0455609 0.0278761 0.0269228 0.0408184 0.0437415 0.0381867 0.0479863 0.0375761 0.0155553 0.0490129 0.0433542 0.0431387 0.0361200 0.0406174 0.0182394 0.0370205 0.0000000 0.0357300 0.0282942 0.0274155 0.0478604 0.0432379 0.0477933 
Tarsipedidae_Tarsipes_rostratus              0.0392938 0.0485377 0.0419641 0.0482753 0.0446468 0.0504788 0.0312273 0.0353522 0.0461582 0.0509869 0.0350611 0.0484724 0.0536015 0.0348380 0.0311092 0.0476009 0.0516130 0.0445511 0.0524880 0.0416152 0.0385558 0.0560700 0.0514445 0.0493344 0.0445770 0.0469591 0.0294317 0.0432364 0.0357300 0.0000000 0.0317687 0.0336516 0.0519893 0.0507566 0.0509934 
Acrobatidae_Distoechurus_pennatus            0.0318975 0.0412666 0.0307757 0.0384601 0.0352642 0.0415440 0.0260818 0.0291045 0.0367826 0.0455953 0.0293430 0.0413552 0.0456133 0.0286260 0.0164123 0.0412039 0.0440860 0.0376705 0.0460877 0.0369083 0.0321881 0.0490900 0.0439220 0.0404489 0.0352642 0.0382638 0.0238496 0.0380092 0.0282942 0.0317687 0.0000000 0.0283917 0.0462653 0.0420380 0.0455920 
Phalangeridae_Phalanger_carmelitae           0.0270809 0.0423815 0.0317020 0.0368272 0.0329665 0.0422481 0.0065661 0.0050075 0.0337908 0.0445344 0.0058091 0.0406176 0.0430732 0.0030568 0.0279918 0.0375469 0.0403882 0.0380745 0.0452581 0.0343904 0.0303697 0.0468457 0.0414469 0.0404373 0.0338091 0.0403647 0.0230116 0.0340625 0.0274155 0.0336516 0.0283917 0.0000000 0.0454643 0.0429803 0.0448086 
Peramelidae_Peroryctes_raffrayana            0.0499069 0.0519895 0.0490296 0.0566625 0.0534014 0.0506183 0.0445790 0.0475277 0.0550197 0.0095909 0.0463429 0.0497249 0.0523680 0.0462253 0.0472601 0.0478775 0.0517743 0.0434843 0.0087677 0.0520699 0.0503151 0.0559410 0.0510441 0.0485675 0.0535001 0.0460171 0.0451083 0.0543857 0.0478604 0.0519893 0.0462653 0.0454643 0.0000000 0.0508676 0.0095639 
Dasyuridae_Dasyurus_geffroii                 0.0471492 0.0489824 0.0472929 0.0546876 0.0499644 0.0030501 0.0416752 0.0452910 0.0507748 0.0504247 0.0436411 0.0127480 0.0195760 0.0437794 0.0428276 0.0118846 0.0045497 0.0160019 0.0516886 0.0476511 0.0468837 0.0596435 0.0528052 0.0126310 0.0495383 0.0474336 0.0422683 0.0508799 0.0432379 0.0507566 0.0420380 0.0429803 0.0508676 0.0000000 0.0506545 
Peramelidae_Perameles_gunnii                 0.0503154 0.0513231 0.0493575 0.0578293 0.0525192 0.0504064 0.0434732 0.0463719 0.0537525 0.0011442 0.0448727 0.0490359 0.0523323 0.0450831 0.0474051 0.0492229 0.0517410 0.0421602 0.0105372 0.0510526 0.0509162 0.0560746 0.0529858 0.0475641 0.0514642 0.0456479 0.0447362 0.0525596 0.0477933 0.0509934 0.0455920 0.0448086 0.0095639 0.0506545 0.0000000 
