35
Burramyidae_Burramys_parvus                  0.0000000 0.0878784 0.0688773 0.0750459 0.0745035 0.0996787 0.0504212 0.0552125 0.0699531 0.0849571 0.0535565 0.0989849 0.1081375 0.0570402 0.0628800 0.1017198 0.0987300 0.1022950 0.1073909 0.0697013 0.0738908 0.1314095 0.1331448 0.1031492 0.0688892 0.0885822 0.0688337 0.0710340 0.0504153 0.0835327 0.0722572 0.0566958 0.0863381 0.0997035 0.1040035 
Notoryctidae_Notoryctes_typhlops             0.0878784 0.0000000 0.0853353 0.1008024 0.1014745 0.1028145 0.0824642 0.0877983 0.0961466 0.0969846 0.0842487 0.0966710 0.1099006 0.0873327 0.0866449 0.1004474 0.0994504 0.1012802 0.1146460 0.0930780 0.0985452 0.1407964 0.1395865 0.1025153 0.0925466 0.0900823 0.0987063 0.0950251 0.0734277 0.1052816 0.0964372 0.0885501 0.0998694 0.1020692 0.1118148 
Vombatidae_Lasiorhinus_latifrons             0.0688773 0.0853353 0.0000000 0.0803294 0.0787033 0.1063371 0.0582976 0.0634088 0.0767658 0.0845632 0.0621762 0.1058948 0.1115901 0.0680581 0.0741991 0.1066553 0.1054725 0.1019300 0.1054427 0.0760187 0.0779671 0.1357044 0.1355120 0.1085919 0.0736219 0.0816557 0.0739351 0.0770945 0.0621838 0.0846847 0.0818106 0.0687512 0.0901782 0.1055374 0.0998883 
Potoroidae_Bettongia_penicillata             0.0750459 0.1008024 0.0803294 0.0000000 0.0043619 0.1259252 0.0665262 0.0699044 0.0129909 0.1057951 0.0683045 0.1240513 0.1306198 0.0690111 0.0847156 0.1254490 0.1245825 0.1223658 0.1271750 0.0282741 0.0868939 0.1464685 0.1495382 0.1256053 0.0525754 0.0967176 0.0824427 0.0292326 0.0665815 0.0987862 0.0892524 0.0715736 0.1101278 0.1255278 0.1226961 
Potoroidae_Bettongia_lesueur                 0.0745035 0.1014745 0.0787033 0.0043619 0.0000000 0.1249069 0.0656999 0.0691027 0.0132852 0.1034540 0.0675548 0.1226615 0.1291003 0.0682213 0.0842347 0.1243853 0.1235674 0.1207331 0.1243154 0.0266137 0.0851482 0.1464974 0.1477376 0.1253732 0.0500205 0.0965334 0.0795901 0.0278743 0.0655131 0.0970688 0.0895579 0.0707781 0.1089432 0.1248525 0.1198901 
Dasyuridae_Dasyurus_maculatus                0.0996787 0.1028145 0.1063371 0.1259252 0.1249069 0.0000000 0.0966592 0.0994454 0.1200575 0.1066806 0.0993551 0.0266325 0.0354584 0.1041978 0.1068078 0.0246491 0.0082968 0.0325203 0.1345650 0.1162837 0.1189856 0.1483431 0.1390252 0.0249942 0.1162916 0.1061315 0.1135883 0.1188483 0.0912678 0.1260773 0.1192177 0.1035688 0.1085934 0.0048623 0.1271633 
Phalangeridae_Trichosurus_vulpecula          0.0504212 0.0824642 0.0582976 0.0665262 0.0656999 0.0966592 0.0000000 0.0192663 0.0638145 0.0839043 0.0187835 0.0945225 0.1017159 0.0221963 0.0574979 0.0959456 0.0954148 0.0956134 0.0987673 0.0611691 0.0659729 0.1287721 0.1325222 0.0961111 0.0619573 0.0809930 0.0640218 0.0607404 0.0522459 0.0758373 0.0660073 0.0224786 0.0840290 0.0957563 0.0972159 
Phalangeridae_Spilocuscus_maculatus          0.0552125 0.0877983 0.0634088 0.0699044 0.0691027 0.0994454 0.0192663 0.0000000 0.0661074 0.0895197 0.0123893 0.1001691 0.1037556 0.0141997 0.0624642 0.1019075 0.1001046 0.0988087 0.1042222 0.0648752 0.0722967 0.1341947 0.1385237 0.1017560 0.0664654 0.0863555 0.0672850 0.0666684 0.0560927 0.0796278 0.0697361 0.0138801 0.0880284 0.1006800 0.1030207 
Potoroidae_Aepyprymnus_rufescens             0.0699531 0.0961466 0.0767658 0.0129909 0.0132852 0.1200575 0.0638145 0.0661074 0.0000000 0.1026033 0.0642054 0.1179204 0.1244536 0.0652270 0.0787731 0.1202236 0.1191864 0.1168520 0.1216336 0.0217414 0.0828374 0.1413876 0.1457484 0.1199967 0.0475413 0.0926400 0.0759350 0.0230242 0.0638470 0.0913089 0.0855426 0.0666178 0.1091513 0.1204971 0.1176259 
Peramelidae_Perameles_nasuta                 0.0849571 0.0969846 0.0845632 0.1057951 0.1034540 0.1066806 0.0839043 0.0895197 0.1026033 0.0000000 0.0877551 0.1049511 0.1103798 0.0897634 0.0864058 0.1084840 0.1016094 0.1078778 0.0187848 0.1013220 0.0914839 0.1381528 0.1356054 0.1080014 0.0947334 0.0882806 0.0894237 0.0992624 0.0876433 0.0913857 0.0977116 0.0897473 0.0183289 0.1057944 0.0011182 
Phalangeridae_Strigocuscus_pelengensis       0.0535565 0.0842487 0.0621762 0.0683045 0.0675548 0.0993551 0.0187835 0.0123893 0.0642054 0.0877551 0.0000000 0.1012163 0.1043301 0.0134728 0.0573546 0.1018630 0.0996017 0.0982839 0.1020612 0.0618620 0.0686058 0.1318325 0.1349608 0.0999487 0.0610231 0.0802679 0.0646860 0.0632989 0.0527958 0.0784192 0.0681651 0.0134746 0.0863127 0.0997968 0.1009852 
Dasyuridae_Phascogale_tapoatafa              0.0989849 0.0966710 0.1058948 0.1240513 0.1226615 0.0266325 0.0945225 0.1001691 0.1179204 0.1049511 0.1012163 0.0000000 0.0381964 0.1053948 0.1079514 0.0103079 0.0250512 0.0365689 0.1272592 0.1176861 0.1189866 0.1453633 0.1411781 0.0181819 0.1124827 0.1030088 0.1104615 0.1170711 0.0931985 0.1274370 0.1173042 0.1051841 0.1057125 0.0257885 0.1219579 
Dasyuridae_Sminthopsis_macroura              0.1081375 0.1099006 0.1115901 0.1306198 0.1291003 0.0354584 0.1017159 0.1037556 0.1244536 0.1103798 0.1043301 0.0381964 0.0000000 0.1084967 0.1142777 0.0336069 0.0337696 0.0281908 0.1346003 0.1225571 0.1208663 0.1565176 0.1471278 0.0353665 0.1196028 0.1137725 0.1172754 0.1245583 0.0973893 0.1316892 0.1223943 0.1086084 0.1108663 0.0350067 0.1287236 
Phalangeridae_Phalanger_orientalis           0.0570402 0.0873327 0.0680581 0.0690111 0.0682213 0.1041978 0.0221963 0.0141997 0.0652270 0.0897634 0.0134728 0.1053948 0.1084967 0.0000000 0.0639342 0.1054507 0.1036834 0.1038831 0.1050953 0.0651373 0.0727939 0.1359157 0.1414422 0.1052020 0.0649190 0.0867043 0.0671939 0.0651417 0.0576242 0.0838559 0.0706317 0.0067585 0.0900581 0.1049625 0.1028039 
Acrobatidae_Acrobates_pygmaeus               0.0628800 0.0866449 0.0741991 0.0847156 0.0842347 0.1068078 0.0574979 0.0624642 0.0787731 0.0864058 0.0573546 0.1079514 0.1142777 0.0639342 0.0000000 0.1091413 0.1059450 0.1091406 0.1103242 0.0785088 0.0613731 0.1359211 0.1371015 0.1086066 0.0725069 0.0874613 0.0601794 0.0802742 0.0459604 0.0692382 0.0400169 0.0642284 0.0901140 0.1084830 0.1057159 
Dasyuridae_Phascogale_calura                 0.1017198 0.1004474 0.1066553 0.1254490 0.1243853 0.0246491 0.0959456 0.1019075 0.1202236 0.1084840 0.1018630 0.0103079 0.0336069 0.1054507 0.1091413 0.0000000 0.0216668 0.0333857 0.1291656 0.1181124 0.1178544 0.1452834 0.1395636 0.0157429 0.1155628 0.1026695 0.1110639 0.1179837 0.0962817 0.1252403 0.1190069 0.1048157 0.1083781 0.0235901 0.1224552 
Dasyuridae_Sarcophilus_harrisii              0.0987300 0.0994504 0.1054725 0.1245825 0.1235674 0.0082968 0.0954148 0.1001046 0.1191864 0.1016094 0.0996017 0.0250512 0.0337696 0.1036834 0.1059450 0.0216668 0.0000000 0.0310826 0.1302734 0.1149522 0.1171982 0.1485082 0.1385271 0.0247004 0.1149624 0.1042258 0.1106856 0.1167340 0.0899067 0.1239628 0.1166679 0.1038102 0.1045901 0.0073447 0.1232870 
Dasyuridae_Planigale_tenuirostris            0.1022950 0.1012802 0.1019300 0.1223658 0.1207331 0.0325203 0.0956134 0.0988087 0.1168520 0.1078778 0.0982839 0.0365689 0.0281908 0.1038831 0.1091406 0.0333857 0.0310826 0.0000000 0.1279559 0.1135176 0.1159331 0.1470533 0.1373708 0.0345086 0.1116059 0.1041806 0.1076232 0.1167634 0.0933816 0.1248845 0.1196594 0.1031843 0.1071208 0.0324266 0.1246283 
Peramelidae_Echymipera_kalubu                0.1073909 0.1146460 0.1054427 0.1271750 0.1243154 0.1345650 0.0987673 0.1042222 0.1216336 0.0187848 0.1020612 0.1272592 0.1346003 0.1050953 0.1103242 0.1291656 0.1302734 0.1279559 0.0000000 0.1182006 0.1177683 0.1679695 0.1637422 0.1297199 0.1163440 0.1091080 0.1151015 0.1197584 0.0922898 0.1183339 0.1217505 0.1050769 0.0168300 0.1322971 0.0189387 
Macropodidae_Dorcopsulus_vanheurni           0.0697013 0.0930780 0.0760187 0.0282741 0.0266137 0.1162837 0.0611691 0.0648752 0.0217414 0.1013220 0.0618620 0.1176861 0.1225571 0.0651373 0.0785088 0.1181124 0.1149522 0.1135176 0.1182006 0.0000000 0.0811916 0.1420597 0.1394610 0.1183618 0.0465465 0.0879941 0.0757369 0.0116757 0.0640508 0.0890271 0.0853185 0.0661926 0.1083377 0.1162560 0.1129643 
Pseudochiridae_Pseudochirulus_forbesi        0.0738908 0.0985452 0.0779671 0.0868939 0.0851482 0.1189856 0.0659729 0.0722967 0.0828374 0.0914839 0.0686058 0.1189866 0.1208663 0.0727939 0.0613731 0.1178544 0.1171982 0.1159331 0.1177683 0.0811916 0.0000000 0.1463758 0.1441745 0.1175537 0.0812393 0.0968757 0.0385285 0.0829469 0.0175913 0.0730796 0.0699118 0.0723641 0.0974527 0.1181744 0.1125303 
Didelphidae_Didelphis_virginiana             0.1314095 0.1407964 0.1357044 0.1464685 0.1464974 0.1483431 0.1287721 0.1341947 0.1413876 0.1381528 0.1318325 0.1453633 0.1565176 0.1359157 0.1359211 0.1452834 0.1485082 0.1470533 0.1679695 0.1420597 0.1463758 0.0000000 0.0593332 0.1483695 0.1404809 0.1314305 0.1431405 0.1378898 0.1163000 0.1666039 0.1469104 0.1366002 0.1370488 0.1492055 0.1614633 
Marmosidae_Monodelphis_domestica             0.1331448 0.1395865 0.1355120 0.1495382 0.1477376 0.1390252 0.1325222 0.1385237 0.1457484 0.1356054 0.1349608 0.1411781 0.1471278 0.1414422 0.1371015 0.1395636 0.1385271 0.1373708 0.1637422 0.1394610 0.1441745 0.0593332 0.0000000 0.1432540 0.1456889 0.1341757 0.1373036 0.1405442 0.1142597 0.1637194 0.1474043 0.1383817 0.1363378 0.1398951 0.1570674 
Dasyuridae_Antechinus_stuartii               0.1031492 0.1025153 0.1085919 0.1256053 0.1253732 0.0249942 0.0961111 0.1017560 0.1199967 0.1080014 0.0999487 0.0181819 0.0353665 0.1052020 0.1086066 0.0157429 0.0247004 0.0345086 0.1297199 0.1183618 0.1175537 0.1483695 0.1432540 0.0000000 0.1151827 0.1019481 0.1114722 0.1189259 0.0918010 0.1231711 0.1198869 0.1038078 0.1063472 0.0246465 0.1251472 
Hypsiprymnodontidae_Hypsiprymnodon_moschatus 0.0688892 0.0925466 0.0736219 0.0525754 0.0500205 0.1162916 0.0619573 0.0664654 0.0475413 0.0947334 0.0610231 0.1124827 0.1196028 0.0649190 0.0725069 0.1155628 0.1149624 0.1116059 0.1163440 0.0465465 0.0812393 0.1404809 0.1456889 0.1151827 0.0000000 0.0902253 0.0778722 0.0481754 0.0643574 0.0924102 0.0803653 0.0667558 0.1015371 0.1162639 0.1116826 
Microbiotheriidae_Dromiciops_gliroides       0.0885822 0.0900823 0.0816557 0.0967176 0.0965334 0.1061315 0.0809930 0.0863555 0.0926400 0.0882806 0.0802679 0.1030088 0.1137725 0.0867043 0.0874613 0.1026695 0.1042258 0.1041806 0.1091080 0.0879941 0.0968757 0.1314305 0.1341757 0.1019481 0.0902253 0.0000000 0.0918178 0.0897458 0.0791045 0.1034024 0.0977740 0.0870879 0.0933220 0.1062462 0.1010953 
Pseudochiridae_Petauroides_volans            0.0688337 0.0987063 0.0739351 0.0824427 0.0795901 0.1135883 0.0640218 0.0672850 0.0759350 0.0894237 0.0646860 0.1104615 0.1172754 0.0671939 0.0601794 0.1110639 0.1106856 0.1076232 0.1151015 0.0757369 0.0385285 0.1431405 0.1373036 0.1114722 0.0778722 0.0918178 0.0000000 0.0754685 0.0267616 0.0660757 0.0652563 0.0675400 0.0956711 0.1128144 0.1111369 
Macropodidae_Wallabia_bicolor                0.0710340 0.0950251 0.0770945 0.0292326 0.0278743 0.1188483 0.0607404 0.0666684 0.0230242 0.0992624 0.0632989 0.1170711 0.1245583 0.0651417 0.0802742 0.1179837 0.1167340 0.1167634 0.1197584 0.0116757 0.0829469 0.1378898 0.1405442 0.1189259 0.0481754 0.0897458 0.0754685 0.0000000 0.0655124 0.0917238 0.0859250 0.0676417 0.1081500 0.1180327 0.1145073 
Pseudochiridae_Pseudocheirus_occidentalis    0.0504153 0.0734277 0.0621838 0.0665815 0.0655131 0.0912678 0.0522459 0.0560927 0.0638470 0.0876433 0.0527958 0.0931985 0.0973893 0.0576242 0.0459604 0.0962817 0.0899067 0.0933816 0.0922898 0.0640508 0.0175913 0.1163000 0.1142597 0.0918010 0.0643574 0.0791045 0.0267616 0.0655124 0.0000000 0.0514489 0.0527599 0.0571912 0.0919026 0.0920601 0.0873358 
Tarsipedidae_Tarsipes_rostratus              0.0835327 0.1052816 0.0846847 0.0987862 0.0970688 0.1260773 0.0758373 0.0796278 0.0913089 0.0913857 0.0784192 0.1274370 0.1316892 0.0838559 0.0692382 0.1252403 0.1239628 0.1248845 0.1183339 0.0890271 0.0730796 0.1666039 0.1637194 0.1231711 0.0924102 0.1034024 0.0660757 0.0917238 0.0514489 0.0000000 0.0811470 0.0822366 0.0960476 0.1268618 0.1139849 
Acrobatidae_Distoechurus_pennatus            0.0722572 0.0964372 0.0818106 0.0892524 0.0895579 0.1192177 0.0660073 0.0697361 0.0855426 0.0977116 0.0681651 0.1173042 0.1223943 0.0706317 0.0400169 0.1190069 0.1166679 0.1196594 0.1217505 0.0853185 0.0699118 0.1469104 0.1474043 0.1198869 0.0803653 0.0977740 0.0652563 0.0859250 0.0527599 0.0811470 0.0000000 0.0724738 0.1012915 0.1204455 0.1179307 
Phalangeridae_Phalanger_carmelitae           0.0566958 0.0885501 0.0687512 0.0715736 0.0707781 0.1035688 0.0224786 0.0138801 0.0666178 0.0897473 0.0134746 0.1051841 0.1086084 0.0067585 0.0642284 0.1048157 0.1038102 0.1031843 0.1050769 0.0661926 0.0723641 0.1366002 0.1383817 0.1038078 0.0667558 0.0870879 0.0675400 0.0676417 0.0571912 0.0822366 0.0724738 0.0000000 0.0890846 0.1043335 0.1026822 
Peramelidae_Peroryctes_raffrayana            0.0863381 0.0998694 0.0901782 0.1101278 0.1089432 0.1085934 0.0840290 0.0880284 0.1091513 0.0183289 0.0863127 0.1057125 0.1108663 0.0900581 0.0901140 0.1083781 0.1045901 0.1071208 0.0168300 0.1083377 0.0974527 0.1370488 0.1363378 0.1063472 0.1015371 0.0933220 0.0956711 0.1081500 0.0919026 0.0960476 0.1012915 0.0890846 0.0000000 0.1076939 0.0179498 
Dasyuridae_Dasyurus_geffroii                 0.0997035 0.1020692 0.1055374 0.1255278 0.1248525 0.0048623 0.0957563 0.1006800 0.1204971 0.1057944 0.0997968 0.0257885 0.0350067 0.1049625 0.1084830 0.0235901 0.0073447 0.0324266 0.1322971 0.1162560 0.1181744 0.1492055 0.1398951 0.0246465 0.1162639 0.1062462 0.1128144 0.1180327 0.0920601 0.1268618 0.1204455 0.1043335 0.1076939 0.0000000 0.1249575 
Peramelidae_Perameles_gunnii                 0.1040035 0.1118148 0.0998883 0.1226961 0.1198901 0.1271633 0.0972159 0.1030207 0.1176259 0.0011182 0.1009852 0.1219579 0.1287236 0.1028039 0.1057159 0.1224552 0.1232870 0.1246283 0.0189387 0.1129643 0.1125303 0.1614633 0.1570674 0.1251472 0.1116826 0.1010953 0.1111369 0.1145073 0.0873358 0.1139849 0.1179307 0.1026822 0.0179498 0.1249575 0.0000000 
