35
Burramyidae_Burramys_parvus                  0.0000000 0.1064707 0.0712021 0.0703472 0.0744402 0.0998627 0.0590615 0.0605860 0.0735444 0.1288299 0.0579110 0.1026795 0.1101270 0.0631500 0.0675905 0.0988692 0.0984608 0.1128851 0.1193845 0.0681838 0.0715660 0.1166431 0.1224290 0.1030855 0.0745962 0.0916079 0.0721205 0.0732509 0.0781443 0.0758350 0.0644161 0.0623780 0.1307941 0.0999354 0.1228863 
Notoryctidae_Notoryctes_typhlops             0.1064707 0.0000000 0.0981732 0.1056025 0.1061656 0.1043078 0.0884921 0.0932791 0.1034152 0.1339204 0.0979457 0.1071435 0.1141558 0.1005128 0.0981238 0.1039428 0.1031938 0.1124395 0.1282545 0.1084513 0.1123975 0.1334904 0.1302206 0.1083906 0.1104625 0.0945309 0.1148437 0.1066185 0.1152602 0.1017071 0.0995484 0.0997455 0.1371876 0.1057289 0.1307130 
Vombatidae_Lasiorhinus_latifrons             0.0712021 0.0981732 0.0000000 0.0761083 0.0733609 0.0971586 0.0629472 0.0634601 0.0736544 0.1196866 0.0631783 0.0974083 0.1057931 0.0688388 0.0732167 0.0927045 0.0950997 0.0977239 0.1189182 0.0754390 0.0804823 0.1123628 0.1145537 0.0950324 0.0751665 0.0837721 0.0769165 0.0754001 0.0809603 0.0901527 0.0755625 0.0661161 0.1206365 0.0972622 0.1158809 
Potoroidae_Bettongia_penicillata             0.0703472 0.1056025 0.0761083 0.0000000 0.0173494 0.1110036 0.0714570 0.0704299 0.0253815 0.1336467 0.0645637 0.1142721 0.1220165 0.0712631 0.0753237 0.1109770 0.1106535 0.1231806 0.1292616 0.0345936 0.0795397 0.1228956 0.1288070 0.1135649 0.0545101 0.0903418 0.0796228 0.0355869 0.0857845 0.0798096 0.0717251 0.0706189 0.1371637 0.1105979 0.1265269 
Potoroidae_Bettongia_lesueur                 0.0744402 0.1061656 0.0733609 0.0173494 0.0000000 0.1069441 0.0703429 0.0677632 0.0166489 0.1305142 0.0624093 0.1115990 0.1215707 0.0714104 0.0735501 0.1083224 0.1080006 0.1212311 0.1276502 0.0326901 0.0790839 0.1204971 0.1264815 0.1123092 0.0514700 0.0856416 0.0780407 0.0290781 0.0841749 0.0749585 0.0715504 0.0702129 0.1338237 0.1079397 0.1234786 
Dasyuridae_Dasyurus_maculatus                0.0998627 0.1043078 0.0971586 0.1110036 0.1069441 0.0000000 0.0941353 0.0950545 0.1053068 0.1401805 0.0897568 0.0241351 0.0406288 0.1013225 0.0972659 0.0221036 0.0105537 0.0373326 0.1378337 0.1051412 0.1101046 0.1271941 0.1286935 0.0250366 0.1097141 0.0977112 0.1078459 0.1082086 0.1105821 0.0923927 0.0990280 0.0991229 0.1432979 0.0057207 0.1352550 
Phalangeridae_Trichosurus_vulpecula          0.0590615 0.0884921 0.0629472 0.0714570 0.0703429 0.0941353 0.0000000 0.0228180 0.0690963 0.1156164 0.0242818 0.0977104 0.1037989 0.0323626 0.0584049 0.0935463 0.0927424 0.1011142 0.1118024 0.0698308 0.0706153 0.1132596 0.1183813 0.0957275 0.0709984 0.0821276 0.0681666 0.0681360 0.0736066 0.0693526 0.0593106 0.0269734 0.1207187 0.0935740 0.1130738 
Phalangeridae_Spilocuscus_maculatus          0.0605860 0.0932791 0.0634601 0.0704299 0.0677632 0.0950545 0.0228180 0.0000000 0.0677045 0.1175471 0.0131750 0.1003322 0.1055695 0.0182062 0.0615844 0.0957630 0.0946244 0.1015276 0.1154839 0.0686010 0.0723033 0.1137448 0.1195995 0.0989745 0.0699242 0.0822595 0.0694026 0.0691516 0.0734205 0.0729491 0.0629156 0.0161832 0.1239775 0.0945354 0.1145715 
Potoroidae_Aepyprymnus_rufescens             0.0735444 0.1034152 0.0736544 0.0253815 0.0166489 0.1053068 0.0690963 0.0677045 0.0000000 0.1303518 0.0637821 0.1102616 0.1191955 0.0717377 0.0702675 0.1069856 0.1063420 0.1164214 0.1267248 0.0300695 0.0757017 0.1206290 0.1255681 0.1113352 0.0514377 0.0857845 0.0767266 0.0296359 0.0803260 0.0766141 0.0712268 0.0708096 0.1307717 0.1055950 0.1224007 
Peramelidae_Perameles_nasuta                 0.1288299 0.1339204 0.1196866 0.1336467 0.1305142 0.1401805 0.1156164 0.1175471 0.1303518 0.0000000 0.1138991 0.1410194 0.1491986 0.1231351 0.1208981 0.1369993 0.1372700 0.1429488 0.0295260 0.1259437 0.1386595 0.1474988 0.1536145 0.1392235 0.1384638 0.1191228 0.1311992 0.1307818 0.1392378 0.1127769 0.1260041 0.1190976 0.0318040 0.1403368 0.0019850 
Phalangeridae_Strigocuscus_pelengensis       0.0579110 0.0979457 0.0631783 0.0645637 0.0624093 0.0897568 0.0242818 0.0131750 0.0637821 0.1138991 0.0000000 0.0941671 0.1003234 0.0207305 0.0606073 0.0894532 0.0886910 0.0982952 0.1124852 0.0656265 0.0709406 0.1151457 0.1185378 0.0906719 0.0679556 0.0826522 0.0705690 0.0643295 0.0730352 0.0720141 0.0600055 0.0161345 0.1201457 0.0876236 0.1100938 
Dasyuridae_Phascogale_tapoatafa              0.1026795 0.1071435 0.0974083 0.1142721 0.1115990 0.0241351 0.0977104 0.1003322 0.1102616 0.1410194 0.0941671 0.0000000 0.0436916 0.1057531 0.1018220 0.0054843 0.0218149 0.0393879 0.1373495 0.1087762 0.1172652 0.1305849 0.1305569 0.0176044 0.1153510 0.1023259 0.1158480 0.1106222 0.1180299 0.1030705 0.1052114 0.1030875 0.1429214 0.0231507 0.1363850 
Dasyuridae_Sminthopsis_macroura              0.1101270 0.1141558 0.1057931 0.1220165 0.1215707 0.0406288 0.1037989 0.1055695 0.1191955 0.1491986 0.1003234 0.0436916 0.0000000 0.1112422 0.1050904 0.0407041 0.0392774 0.0393193 0.1461921 0.1178098 0.1221394 0.1332771 0.1372363 0.0439616 0.1225106 0.1105911 0.1204234 0.1198135 0.1268868 0.1088173 0.1144187 0.1107222 0.1494898 0.0401634 0.1453410 
Phalangeridae_Phalanger_orientalis           0.0631500 0.1005128 0.0688388 0.0712631 0.0714104 0.1013225 0.0323626 0.0182062 0.0717377 0.1231351 0.0207305 0.1057531 0.1112422 0.0000000 0.0686328 0.1013625 0.1008596 0.1083394 0.1198213 0.0687316 0.0792073 0.1188751 0.1241302 0.1046615 0.0754590 0.0846341 0.0767041 0.0730679 0.0819822 0.0788410 0.0669937 0.0141797 0.1272861 0.1006432 0.1205276 
Acrobatidae_Acrobates_pygmaeus               0.0675905 0.0981238 0.0732167 0.0753237 0.0735501 0.0972659 0.0584049 0.0615844 0.0702675 0.1208981 0.0606073 0.1018220 0.1050904 0.0686328 0.0000000 0.0970426 0.0984198 0.1048508 0.1141257 0.0697239 0.0628782 0.1212754 0.1262179 0.0997866 0.0760924 0.0901688 0.0629451 0.0708619 0.0647356 0.0646053 0.0400011 0.0681014 0.1232284 0.0963016 0.1145385 
Dasyuridae_Phascogale_calura                 0.0988692 0.1039428 0.0927045 0.1109770 0.1083224 0.0221036 0.0935463 0.0957630 0.1069856 0.1369993 0.0894532 0.0054843 0.0407041 0.1013625 0.0970426 0.0000000 0.0197993 0.0373481 0.1327488 0.1051734 0.1128915 0.1283394 0.1266378 0.0148280 0.1118442 0.0995623 0.1114091 0.1074676 0.1143077 0.0983004 0.1009630 0.0987856 0.1385611 0.0211218 0.1322282 
Dasyuridae_Sarcophilus_harrisii              0.0984608 0.1031938 0.0950997 0.1106535 0.1080006 0.0105537 0.0927424 0.0946244 0.1063420 0.1372700 0.0886910 0.0218149 0.0392774 0.1008596 0.0984198 0.0197993 0.0000000 0.0379309 0.1359794 0.1031080 0.1107344 0.1276758 0.1265467 0.0234794 0.1107950 0.0958053 0.1074068 0.1078730 0.1107911 0.0923504 0.0999678 0.0983686 0.1408858 0.0105718 0.1331289 
Dasyuridae_Planigale_tenuirostris            0.1128851 0.1124395 0.0977239 0.1231806 0.1212311 0.0373326 0.1011142 0.1015276 0.1164214 0.1429488 0.0982952 0.0393879 0.0393193 0.1083394 0.1048508 0.0373481 0.0379309 0.0000000 0.1428191 0.1163416 0.1218151 0.1437929 0.1429981 0.0404384 0.1224173 0.1083508 0.1200732 0.1157433 0.1242526 0.1003167 0.1117807 0.1065450 0.1484810 0.0367535 0.1405934 
Peramelidae_Echymipera_kalubu                0.1193845 0.1282545 0.1189182 0.1292616 0.1276502 0.1378337 0.1118024 0.1154839 0.1267248 0.0295260 0.1124852 0.1373495 0.1461921 0.1198213 0.1141257 0.1327488 0.1359794 0.1428191 0.0000000 0.1248432 0.1328246 0.1506153 0.1555073 0.1352639 0.1362211 0.1168963 0.1275838 0.1297981 0.1360911 0.1113970 0.1212918 0.1154617 0.0289674 0.1388158 0.0281367 
Macropodidae_Dorcopsulus_vanheurni           0.0681838 0.1084513 0.0754390 0.0345936 0.0326901 0.1051412 0.0698308 0.0686010 0.0300695 0.1259437 0.0656265 0.1087762 0.1178098 0.0687316 0.0697239 0.1051734 0.1031080 0.1163416 0.1248432 0.0000000 0.0752406 0.1154617 0.1238846 0.1092017 0.0491414 0.0871864 0.0752581 0.0256342 0.0761291 0.0827067 0.0672040 0.0710363 0.1288046 0.1056769 0.1188173 
Pseudochiridae_Pseudochirulus_forbesi        0.0715660 0.1123975 0.0804823 0.0795397 0.0790839 0.1101046 0.0706153 0.0723033 0.0757017 0.1386595 0.0709406 0.1172652 0.1221394 0.0792073 0.0628782 0.1128915 0.1107344 0.1218151 0.1328246 0.0752406 0.0000000 0.1305694 0.1362727 0.1172587 0.0785540 0.1021988 0.0452688 0.0798174 0.0369375 0.0731004 0.0592919 0.0764891 0.1425417 0.1099721 0.1319457 
Didelphidae_Didelphis_virginiana             0.1166431 0.1334904 0.1123628 0.1228956 0.1204971 0.1271941 0.1132596 0.1137448 0.1206290 0.1474988 0.1151457 0.1305849 0.1332771 0.1188751 0.1212754 0.1283394 0.1276758 0.1437929 0.1506153 0.1154617 0.1305694 0.0000000 0.0539922 0.1334556 0.1223775 0.1176216 0.1237666 0.1226419 0.1345762 0.1218396 0.1199183 0.1181342 0.1473495 0.1282372 0.1435818 
Marmosidae_Monodelphis_domestica             0.1224290 0.1302206 0.1145537 0.1288070 0.1264815 0.1286935 0.1183813 0.1195995 0.1255681 0.1536145 0.1185378 0.1305569 0.1372363 0.1241302 0.1262179 0.1266378 0.1265467 0.1429981 0.1555073 0.1238846 0.1362727 0.0539922 0.0000000 0.1332569 0.1306388 0.1191212 0.1272235 0.1290650 0.1397212 0.1151779 0.1264484 0.1243904 0.1574824 0.1285770 0.1499777 
Dasyuridae_Antechinus_stuartii               0.1030855 0.1083906 0.0950324 0.1135649 0.1123092 0.0250366 0.0957275 0.0989745 0.1113352 0.1392235 0.0906719 0.0176044 0.0439616 0.1046615 0.0997866 0.0148280 0.0234794 0.0404384 0.1352639 0.1092017 0.1172587 0.1334556 0.1332569 0.0000000 0.1154199 0.1003258 0.1131526 0.1118879 0.1167666 0.1022116 0.1035502 0.1020048 0.1412545 0.0235298 0.1351247 
Hypsiprymnodontidae_Hypsiprymnodon_moschatus 0.0745962 0.1104625 0.0751665 0.0545101 0.0514700 0.1097141 0.0709984 0.0699242 0.0514377 0.1384638 0.0679556 0.1153510 0.1225106 0.0754590 0.0760924 0.1118442 0.1107950 0.1224173 0.1362211 0.0491414 0.0785540 0.1223775 0.1306388 0.1154199 0.0000000 0.0917333 0.0789699 0.0460236 0.0793839 0.0798221 0.0718008 0.0742122 0.1391266 0.1107670 0.1327731 
Microbiotheriidae_Dromiciops_gliroides       0.0916079 0.0945309 0.0837721 0.0903418 0.0856416 0.0977112 0.0821276 0.0822595 0.0857845 0.1191228 0.0826522 0.1023259 0.1105911 0.0846341 0.0901688 0.0995623 0.0958053 0.1083508 0.1168963 0.0871864 0.1021988 0.1176216 0.1191212 0.1003258 0.0917333 0.0000000 0.0993169 0.0893005 0.1042090 0.0940704 0.0891690 0.0852418 0.1210104 0.0985202 0.1154138 
Pseudochiridae_Petauroides_volans            0.0721205 0.1148437 0.0769165 0.0796228 0.0780407 0.1078459 0.0681666 0.0694026 0.0767266 0.1311992 0.0705690 0.1158480 0.1204234 0.0767041 0.0629451 0.1114091 0.1074068 0.1200732 0.1275838 0.0752581 0.0452688 0.1237666 0.1272235 0.1131526 0.0789699 0.0993169 0.0000000 0.0784177 0.0336756 0.0664669 0.0576570 0.0778581 0.1358080 0.1086978 0.1269782 
Macropodidae_Wallabia_bicolor                0.0732509 0.1066185 0.0754001 0.0355869 0.0290781 0.1082086 0.0681360 0.0691516 0.0296359 0.1307818 0.0643295 0.1106222 0.1198135 0.0730679 0.0708619 0.1074676 0.1078730 0.1157433 0.1297981 0.0256342 0.0798174 0.1226419 0.1290650 0.1118879 0.0460236 0.0893005 0.0784177 0.0000000 0.0802460 0.0809196 0.0714770 0.0714211 0.1340318 0.1088756 0.1243439 
Pseudochiridae_Pseudocheirus_occidentalis    0.0781443 0.1152602 0.0809603 0.0857845 0.0841749 0.1105821 0.0736066 0.0734205 0.0803260 0.1392378 0.0730352 0.1180299 0.1268868 0.0819822 0.0647356 0.1143077 0.1107911 0.1242526 0.1360911 0.0761291 0.0369375 0.1345762 0.1397212 0.1167666 0.0793839 0.1042090 0.0336756 0.0802460 0.0000000 0.0808637 0.0606414 0.0826380 0.1461793 0.1099759 0.1347352 
Tarsipedidae_Tarsipes_rostratus              0.0758350 0.1017071 0.0901527 0.0798096 0.0749585 0.0923927 0.0693526 0.0729491 0.0766141 0.1127769 0.0720141 0.1030705 0.1088173 0.0788410 0.0646053 0.0983004 0.0923504 0.1003167 0.1113970 0.0827067 0.0731004 0.1218396 0.1151779 0.1022116 0.0798221 0.0940704 0.0664669 0.0809196 0.0808637 0.0000000 0.0724283 0.0763613 0.1098739 0.0939236 0.1091863 
Acrobatidae_Distoechurus_pennatus            0.0644161 0.0995484 0.0755625 0.0717251 0.0715504 0.0990280 0.0593106 0.0629156 0.0712268 0.1260041 0.0600055 0.1052114 0.1144187 0.0669937 0.0400011 0.1009630 0.0999678 0.1117807 0.1212918 0.0672040 0.0592919 0.1199183 0.1264484 0.1035502 0.0718008 0.0891690 0.0576570 0.0714770 0.0606414 0.0724283 0.0000000 0.0671712 0.1251441 0.0988295 0.1208057 
Phalangeridae_Phalanger_carmelitae           0.0623780 0.0997455 0.0661161 0.0706189 0.0702129 0.0991229 0.0269734 0.0161832 0.0708096 0.1190976 0.0161345 0.1030875 0.1107222 0.0141797 0.0681014 0.0987856 0.0983686 0.1065450 0.1154617 0.0710363 0.0764891 0.1181342 0.1243904 0.1020048 0.0742122 0.0852418 0.0778581 0.0714211 0.0826380 0.0763613 0.0671712 0.0000000 0.1233545 0.0991270 0.1157562 
Peramelidae_Peroryctes_raffrayana            0.1307941 0.1371876 0.1206365 0.1371637 0.1338237 0.1432979 0.1207187 0.1239775 0.1307717 0.0318040 0.1201457 0.1429214 0.1494898 0.1272861 0.1232284 0.1385611 0.1408858 0.1484810 0.0289674 0.1288046 0.1425417 0.1473495 0.1574824 0.1412545 0.1391266 0.1210104 0.1358080 0.1340318 0.1461793 0.1098739 0.1251441 0.1233545 0.0000000 0.1430562 0.0307739 
Dasyuridae_Dasyurus_geffroii                 0.0999354 0.1057289 0.0972622 0.1105979 0.1079397 0.0057207 0.0935740 0.0945354 0.1055950 0.1403368 0.0876236 0.0231507 0.0401634 0.1006432 0.0963016 0.0211218 0.0105718 0.0367535 0.1388158 0.1056769 0.1099721 0.1282372 0.1285770 0.0235298 0.1107670 0.0985202 0.1086978 0.1088756 0.1099759 0.0939236 0.0988295 0.0991270 0.1430562 0.0000000 0.1353035 
Peramelidae_Perameles_gunnii                 0.1228863 0.1307130 0.1158809 0.1265269 0.1234786 0.1352550 0.1130738 0.1145715 0.1224007 0.0019850 0.1100938 0.1363850 0.1453410 0.1205276 0.1145385 0.1322282 0.1331289 0.1405934 0.0281367 0.1188173 0.1319457 0.1435818 0.1499777 0.1351247 0.1327731 0.1154138 0.1269782 0.1243439 0.1347352 0.1091863 0.1208057 0.1157562 0.0307739 0.1353035 0.0000000 
