35
Burramyidae_Burramys_parvus                  0.0000000 0.0970351 0.0629469 0.0745597 0.0766347 0.1048092 0.0548500 0.0607616 0.0747215 0.1272661 0.0632978 0.0969564 0.1042993 0.0688793 0.0601184 0.1004173 0.1056650 0.0981897 0.1165434 0.0711645 0.0928789 0.1287046 0.1228785 0.0994966 0.0916081 0.1117484 0.0825016 0.0779444 0.0784142 0.1030850 0.0638480 0.0671347 0.1204223 0.1023281 0.1143515 
Notoryctidae_Notoryctes_typhlops             0.0970351 0.0000000 0.0998606 0.1192073 0.1179343 0.1138993 0.0948158 0.1022778 0.1245193 0.1511499 0.1055613 0.1101372 0.1155462 0.1142888 0.1035286 0.1149849 0.1141163 0.1065433 0.1332612 0.1201065 0.1302050 0.1412358 0.1402067 0.1089109 0.1306706 0.1344468 0.1181454 0.1222038 0.1218994 0.1481137 0.1041783 0.1109078 0.1481153 0.1120063 0.1360351 
Vombatidae_Lasiorhinus_latifrons             0.0629469 0.0998606 0.0000000 0.0795584 0.0822972 0.1120837 0.0645612 0.0659941 0.0798707 0.1319071 0.0700169 0.1033464 0.1056866 0.0752129 0.0694117 0.1072837 0.1109935 0.1014459 0.1253451 0.0759523 0.0942297 0.1301530 0.1202471 0.1039886 0.0968257 0.1104749 0.0838278 0.0829426 0.0843978 0.1142762 0.0706546 0.0734120 0.1294638 0.1076457 0.1233381 
Potoroidae_Bettongia_penicillata             0.0745597 0.1192073 0.0795584 0.0000000 0.0059827 0.1213616 0.0767179 0.0828090 0.0155654 0.1481108 0.0868719 0.1150492 0.1175881 0.0864690 0.0742064 0.1171646 0.1209350 0.1093924 0.1348265 0.0290586 0.0998359 0.1418854 0.1389444 0.1141718 0.0637345 0.1305432 0.0918435 0.0301049 0.0846989 0.1144099 0.0764713 0.0859177 0.1394302 0.1175558 0.1367115 
Potoroidae_Bettongia_lesueur                 0.0766347 0.1179343 0.0822972 0.0059827 0.0000000 0.1232759 0.0788092 0.0845508 0.0138699 0.1509836 0.0885892 0.1176473 0.1172420 0.0892480 0.0757487 0.1204098 0.1244023 0.1105772 0.1365548 0.0268040 0.1009488 0.1425258 0.1397341 0.1172682 0.0616022 0.1289883 0.0934946 0.0319447 0.0851604 0.1144652 0.0773472 0.0876279 0.1408184 0.1208463 0.1394601 
Dasyuridae_Dasyurus_maculatus                0.1048092 0.1138993 0.1120837 0.1213616 0.1232759 0.0000000 0.1049151 0.1085939 0.1228976 0.1562873 0.1123758 0.0198681 0.0297129 0.1183844 0.1165541 0.0230711 0.0088489 0.0208002 0.1423402 0.1217002 0.1356807 0.1500430 0.1512328 0.0174211 0.1392999 0.1460973 0.1259530 0.1224983 0.1233727 0.1600971 0.1141761 0.1143855 0.1590801 0.0035516 0.1403028 
Phalangeridae_Trichosurus_vulpecula          0.0548500 0.0948158 0.0645612 0.0767179 0.0788092 0.1049151 0.0000000 0.0251117 0.0806295 0.1331997 0.0272590 0.0980523 0.1032307 0.0304936 0.0677366 0.1026127 0.1037551 0.0952131 0.1195671 0.0783948 0.0868662 0.1303122 0.1228425 0.0989197 0.0948574 0.1129327 0.0771316 0.0829138 0.0736041 0.0984780 0.0694344 0.0299909 0.1213111 0.1024169 0.1170244 
Phalangeridae_Spilocuscus_maculatus          0.0607616 0.1022778 0.0659941 0.0828090 0.0845508 0.1085939 0.0251117 0.0000000 0.0856146 0.1373267 0.0164626 0.1061313 0.1093353 0.0200606 0.0726621 0.1102502 0.1073916 0.1005293 0.1242371 0.0835379 0.0893602 0.1350152 0.1326587 0.1052904 0.1034188 0.1197536 0.0782477 0.0901546 0.0789331 0.1115076 0.0743737 0.0186924 0.1279869 0.1060508 0.1187113 
Potoroidae_Aepyprymnus_rufescens             0.0747215 0.1245193 0.0798707 0.0155654 0.0138699 0.1228976 0.0806295 0.0856146 0.0000000 0.1555121 0.0881838 0.1196030 0.1139737 0.0896539 0.0761892 0.1188202 0.1237218 0.1091858 0.1432438 0.0286786 0.1031064 0.1472320 0.1435265 0.1157370 0.0611155 0.1298165 0.0928544 0.0343678 0.0898509 0.1180543 0.0761624 0.0901681 0.1470612 0.1189236 0.1446469 
Peramelidae_Perameles_nasuta                 0.1272661 0.1511499 0.1319071 0.1481108 0.1509836 0.1562873 0.1331997 0.1373267 0.1555121 0.0000000 0.1392663 0.1543780 0.1573789 0.1534983 0.1291319 0.1523179 0.1560988 0.1542042 0.0235505 0.1419109 0.1709185 0.1692506 0.1570878 0.1528712 0.1588377 0.1540447 0.1585043 0.1533300 0.1435322 0.1660240 0.1372194 0.1501894 0.0254447 0.1505706 0.0009593 
Phalangeridae_Strigocuscus_pelengensis       0.0632978 0.1055613 0.0700169 0.0868719 0.0885892 0.1123758 0.0272590 0.0164626 0.0881838 0.1392663 0.0000000 0.1074943 0.1113986 0.0205731 0.0749071 0.1123623 0.1112970 0.1036518 0.1276956 0.0888107 0.0946558 0.1399226 0.1305871 0.1082459 0.1079439 0.1238144 0.0801157 0.0952343 0.0821111 0.1121955 0.0772740 0.0192604 0.1265586 0.1099250 0.1255923 
Dasyuridae_Phascogale_tapoatafa              0.0969564 0.1101372 0.1033464 0.1150492 0.1176473 0.0198681 0.0980523 0.1061313 0.1196030 0.1543780 0.1074943 0.0000000 0.0223999 0.1122941 0.1098193 0.0028668 0.0190363 0.0179138 0.1375849 0.1152632 0.1334942 0.1416570 0.1430193 0.0086382 0.1348485 0.1417324 0.1180570 0.1187651 0.1228089 0.1530597 0.1071202 0.1082787 0.1536038 0.0167655 0.1354521 
Dasyuridae_Sminthopsis_macroura              0.1042993 0.1155462 0.1056866 0.1175881 0.1172420 0.0297129 0.1032307 0.1093353 0.1139737 0.1573789 0.1113986 0.0223999 0.0000000 0.1180751 0.1143236 0.0280646 0.0284101 0.0157124 0.1411429 0.1154825 0.1407487 0.1486297 0.1474043 0.0230035 0.1362235 0.1412105 0.1215248 0.1233124 0.1289190 0.1612184 0.1114126 0.1140656 0.1565418 0.0264827 0.1410587 
Phalangeridae_Phalanger_orientalis           0.0688793 0.1142888 0.0752129 0.0864690 0.0892480 0.1183844 0.0304936 0.0200606 0.0896539 0.1534983 0.0205731 0.1122941 0.1180751 0.0000000 0.0819668 0.1171453 0.1172936 0.1085241 0.1391807 0.0882900 0.0985692 0.1469911 0.1384609 0.1136129 0.1082300 0.1296969 0.0869754 0.0948154 0.0855598 0.1198826 0.0831596 0.0071251 0.1443775 0.1158908 0.1348790 
Acrobatidae_Acrobates_pygmaeus               0.0601184 0.1035286 0.0694117 0.0742064 0.0757487 0.1165541 0.0677366 0.0726621 0.0761892 0.1291319 0.0749071 0.1098193 0.1143236 0.0819668 0.0000000 0.1126734 0.1136029 0.1085213 0.1259918 0.0724098 0.0909872 0.1306103 0.1293643 0.1096518 0.0922493 0.1187872 0.0741675 0.0779683 0.0748096 0.1019115 0.0356707 0.0801181 0.1312802 0.1132664 0.1233986 
Dasyuridae_Phascogale_calura                 0.1004173 0.1149849 0.1072837 0.1171646 0.1204098 0.0230711 0.1026127 0.1102502 0.1188202 0.1523179 0.1123623 0.0028668 0.0280646 0.1171453 0.1126734 0.0000000 0.0217847 0.0222305 0.1382628 0.1148410 0.1377429 0.1430774 0.1445801 0.0111958 0.1361992 0.1397141 0.1218870 0.1184953 0.1238317 0.1534026 0.1085609 0.1136913 0.1541995 0.0199098 0.1365795 
Dasyuridae_Sarcophilus_harrisii              0.1056650 0.1141163 0.1109935 0.1209350 0.1244023 0.0088489 0.1037551 0.1073916 0.1237218 0.1560988 0.1112970 0.0190363 0.0284101 0.1172936 0.1136029 0.0217847 0.0000000 0.0204097 0.1430473 0.1220697 0.1396697 0.1506807 0.1517973 0.0166030 0.1413904 0.1459035 0.1250009 0.1237115 0.1275210 0.1591187 0.1145373 0.1133019 0.1576706 0.0067986 0.1391351 
Dasyuridae_Planigale_tenuirostris            0.0981897 0.1065433 0.1014459 0.1093924 0.1105772 0.0208002 0.0952131 0.1005293 0.1091858 0.1542042 0.1036518 0.0179138 0.0157124 0.1085241 0.1085213 0.0222305 0.0204097 0.0000000 0.1386107 0.1070556 0.1362469 0.1432438 0.1444474 0.0166785 0.1270092 0.1347554 0.1172080 0.1129745 0.1257116 0.1498428 0.1099769 0.1045740 0.1464997 0.0180252 0.1343426 
Peramelidae_Echymipera_kalubu                0.1165434 0.1332612 0.1253451 0.1348265 0.1365548 0.1423402 0.1195671 0.1242371 0.1432438 0.0235505 0.1276956 0.1375849 0.1411429 0.1391807 0.1259918 0.1382628 0.1430473 0.1386107 0.0000000 0.1340093 0.1563176 0.1502931 0.1469200 0.1359817 0.1426202 0.1582254 0.1425379 0.1417996 0.1344376 0.1689321 0.1286561 0.1367079 0.0211757 0.1369084 0.0232188 
Macropodidae_Dorcopsulus_vanheurni           0.0711645 0.1201065 0.0759523 0.0290586 0.0268040 0.1217002 0.0783948 0.0835379 0.0286786 0.1419109 0.0888107 0.1152632 0.1154825 0.0882900 0.0724098 0.1148410 0.1220697 0.1070556 0.1340093 0.0000000 0.1040270 0.1384273 0.1375545 0.1133346 0.0548804 0.1219161 0.0908322 0.0153921 0.0863423 0.1155627 0.0728677 0.0866613 0.1340805 0.1178485 0.1325189 
Pseudochiridae_Pseudochirulus_forbesi        0.0928789 0.1302050 0.0942297 0.0998359 0.1009488 0.1356807 0.0868662 0.0893602 0.1031064 0.1709185 0.0946558 0.1334942 0.1407487 0.0985692 0.0909872 0.1377429 0.1396697 0.1362469 0.1563176 0.1040270 0.0000000 0.1611946 0.1515360 0.1328246 0.1182330 0.1438306 0.0577620 0.1074168 0.0271636 0.1163133 0.0860117 0.0984226 0.1768586 0.1337880 0.1620095 
Didelphidae_Didelphis_virginiana             0.1287046 0.1412358 0.1301530 0.1418854 0.1425258 0.1500430 0.1303122 0.1350152 0.1472320 0.1692506 0.1399226 0.1416570 0.1486297 0.1469911 0.1306103 0.1430774 0.1506807 0.1432438 0.1502931 0.1384273 0.1611946 0.0000000 0.0503216 0.1387094 0.1508210 0.1516026 0.1497406 0.1442441 0.1457027 0.1683398 0.1256396 0.1441357 0.1616578 0.1481629 0.1635658 
Marmosidae_Monodelphis_domestica             0.1228785 0.1402067 0.1202471 0.1389444 0.1397341 0.1512328 0.1228425 0.1326587 0.1435265 0.1570878 0.1305871 0.1430193 0.1474043 0.1384609 0.1293643 0.1445801 0.1517973 0.1444474 0.1469200 0.1375545 0.1515360 0.0503216 0.0000000 0.1431644 0.1558616 0.1447914 0.1435769 0.1413703 0.1365675 0.1725744 0.1245235 0.1356966 0.1527518 0.1493126 0.1532928 
Dasyuridae_Antechinus_stuartii               0.0994966 0.1089109 0.1039886 0.1141718 0.1172682 0.0174211 0.0989197 0.1052904 0.1157370 0.1528712 0.1082459 0.0086382 0.0230035 0.1136129 0.1096518 0.0111958 0.0166030 0.0166785 0.1359817 0.1133346 0.1328246 0.1387094 0.1431644 0.0000000 0.1304168 0.1381099 0.1194240 0.1174787 0.1233297 0.1527328 0.1058163 0.1102510 0.1494996 0.0143969 0.1331638 
Hypsiprymnodontidae_Hypsiprymnodon_moschatus 0.0916081 0.1306706 0.0968257 0.0637345 0.0616022 0.1392999 0.0948574 0.1034188 0.0611155 0.1588377 0.1079439 0.1348485 0.1362235 0.1082300 0.0922493 0.1361992 0.1413904 0.1270092 0.1426202 0.0548804 0.1182330 0.1508210 0.1558616 0.1304168 0.0000000 0.1397691 0.1084297 0.0676034 0.1058796 0.1303408 0.0919708 0.1047305 0.1601553 0.1380522 0.1450096 
Microbiotheriidae_Dromiciops_gliroides       0.1117484 0.1344468 0.1104749 0.1305432 0.1289883 0.1460973 0.1129327 0.1197536 0.1298165 0.1540447 0.1238144 0.1417324 0.1412105 0.1296969 0.1187872 0.1397141 0.1459035 0.1347554 0.1582254 0.1219161 0.1438306 0.1516026 0.1447914 0.1381099 0.1397691 0.0000000 0.1411035 0.1278678 0.1327610 0.1649924 0.1216321 0.1268453 0.1692379 0.1441166 0.1481992 
Pseudochiridae_Petauroides_volans            0.0825016 0.1181454 0.0838278 0.0918435 0.0934946 0.1259530 0.0771316 0.0782477 0.0928544 0.1585043 0.0801157 0.1180570 0.1215248 0.0869754 0.0741675 0.1218870 0.1250009 0.1172080 0.1425379 0.0908322 0.0577620 0.1497406 0.1435769 0.1194240 0.1084297 0.1411035 0.0000000 0.0969925 0.0417781 0.0999172 0.0760997 0.0850334 0.1633406 0.1219591 0.1425085 
Macropodidae_Wallabia_bicolor                0.0779444 0.1222038 0.0829426 0.0301049 0.0319447 0.1224983 0.0829138 0.0901546 0.0343678 0.1533300 0.0952343 0.1187651 0.1233124 0.0948154 0.0779683 0.1184953 0.1237115 0.1129745 0.1417996 0.0153921 0.1074168 0.1442441 0.1413703 0.1174787 0.0676034 0.1278678 0.0969925 0.0000000 0.0903728 0.1200938 0.0808785 0.0930626 0.1413701 0.1186501 0.1428566 
Pseudochiridae_Pseudocheirus_occidentalis    0.0784142 0.1218994 0.0843978 0.0846989 0.0851604 0.1233727 0.0736041 0.0789331 0.0898509 0.1435322 0.0821111 0.1228089 0.1289190 0.0855598 0.0748096 0.1238317 0.1275210 0.1257116 0.1344376 0.0863423 0.0271636 0.1457027 0.1365675 0.1233297 0.1058796 0.1327610 0.0417781 0.0903728 0.0000000 0.0981785 0.0719650 0.0860401 0.1639199 0.1207135 0.1399570 
Tarsipedidae_Tarsipes_rostratus              0.1030850 0.1481137 0.1142762 0.1144099 0.1144652 0.1600971 0.0984780 0.1115076 0.1180543 0.1660240 0.1121955 0.1530597 0.1612184 0.1198826 0.1019115 0.1534026 0.1591187 0.1498428 0.1689321 0.1155627 0.1163133 0.1683398 0.1725744 0.1527328 0.1303408 0.1649924 0.0999172 0.1200938 0.0981785 0.0000000 0.0997081 0.1157011 0.1872375 0.1561945 0.1630943 
Acrobatidae_Distoechurus_pennatus            0.0638480 0.1041783 0.0706546 0.0764713 0.0773472 0.1141761 0.0694344 0.0743737 0.0761624 0.1372194 0.0772740 0.1071202 0.1114126 0.0831596 0.0356707 0.1085609 0.1145373 0.1099769 0.1286561 0.0728677 0.0860117 0.1256396 0.1245235 0.1058163 0.0919708 0.1216321 0.0760997 0.0808785 0.0719650 0.0997081 0.0000000 0.0807799 0.1418788 0.1116951 0.1273984 
Phalangeridae_Phalanger_carmelitae           0.0671347 0.1109078 0.0734120 0.0859177 0.0876279 0.1143855 0.0299909 0.0186924 0.0901681 0.1501894 0.0192604 0.1082787 0.1140656 0.0071251 0.0801181 0.1136913 0.1133019 0.1045740 0.1367079 0.0866613 0.0984226 0.1441357 0.1356966 0.1102510 0.1047305 0.1268453 0.0850334 0.0930626 0.0860401 0.1157011 0.0807799 0.0000000 0.1408930 0.1119187 0.1312890 
Peramelidae_Peroryctes_raffrayana            0.1204223 0.1481153 0.1294638 0.1394302 0.1408184 0.1590801 0.1213111 0.1279869 0.1470612 0.0254447 0.1265586 0.1536038 0.1565418 0.1443775 0.1312802 0.1541995 0.1576706 0.1464997 0.0211757 0.1340805 0.1768586 0.1616578 0.1527518 0.1494996 0.1601553 0.1692379 0.1633406 0.1413701 0.1639199 0.1872375 0.1418788 0.1408930 0.0000000 0.1514211 0.0244531 
Dasyuridae_Dasyurus_geffroii                 0.1023281 0.1120063 0.1076457 0.1175558 0.1208463 0.0035516 0.1024169 0.1060508 0.1189236 0.1505706 0.1099250 0.0167655 0.0264827 0.1158908 0.1132664 0.0199098 0.0067986 0.0180252 0.1369084 0.1178485 0.1337880 0.1481629 0.1493126 0.0143969 0.1380522 0.1441166 0.1219591 0.1186501 0.1207135 0.1561945 0.1116951 0.1119187 0.1514211 0.0000000 0.1360719 
Peramelidae_Perameles_gunnii                 0.1143515 0.1360351 0.1233381 0.1367115 0.1394601 0.1403028 0.1170244 0.1187113 0.1446469 0.0009593 0.1255923 0.1354521 0.1410587 0.1348790 0.1233986 0.1365795 0.1391351 0.1343426 0.0232188 0.1325189 0.1620095 0.1635658 0.1532928 0.1331638 0.1450096 0.1481992 0.1425085 0.1428566 0.1399570 0.1630943 0.1273984 0.1312890 0.0244531 0.1360719 0.0000000 
