35
Burramyidae_Burramys_parvus                  0.0000000 0.1027364 0.0698098 0.0937529 0.0782595 0.0613667 0.0595020 0.0791858 0.1245050 0.0582236 0.0985978 0.0993252 0.0622829 0.0673626 0.0967280 0.0932716 0.1152988 0.0724558 0.0805324 0.3405173 0.1351126 0.0823158 0.0711704 0.0797472 0.0740440 0.0773891 0.0685392 0.1089418 0.0758374 0.0614241 0.1134496 0.1255125 0.1655044 0.1509079 0.1675073 
Notoryctidae_Notoryctes_typhlops             0.1027364 0.0000000 0.1023238 0.1504957 0.1223571 0.1046471 0.1025956 0.1227318 0.1570304 0.1083105 0.1350080 0.1483280 0.1072446 0.1098044 0.1334405 0.1347597 0.1463229 0.1212684 0.1220711 0.3335468 0.1654391 0.1159870 0.1163349 0.1231073 0.1089947 0.1249088 0.1023332 0.1594604 0.1283991 0.1100218 0.1437791 0.1558221 0.2482451 0.2275182 0.2374541 
Vombatidae_Lasiorhinus_latifrons             0.0698098 0.1023238 0.0000000 0.1106173 0.0870604 0.0684798 0.0700838 0.0901285 0.1344294 0.0738870 0.1083754 0.1141511 0.0738778 0.0753028 0.1088551 0.1057890 0.1219260 0.0832357 0.0895378 0.2952343 0.1414299 0.0960354 0.0844929 0.0977718 0.0852297 0.0857595 0.0770139 0.1316115 0.0897092 0.0752764 0.1252601 0.1345181 0.1757433 0.1710784 0.1739107 
Potoroidae_Bettongia_penicillata             0.0937529 0.1504957 0.1106173 0.0000000 0.0071374 0.1126584 0.1011190 0.0256642 0.1523662 0.1121166 0.1575603 0.1602339 0.1150358 0.1017175 0.1446048 0.1492269 0.1524947 0.0440732 0.1346018 0.1781461 0.1677538 0.1219201 0.0757150 0.0684663 0.1026208 0.0454930 0.0981829 0.1407911 0.1556415 0.1082371 0.1538965 0.1527848 0.1911499 0.2045312 0.1864023 
Potoroidae_Bettongia_lesueur                 0.0782595 0.1223571 0.0870604 0.0071374 0.0000000 0.0841478 0.0803756 0.0185776 0.1398489 0.0871515 0.1218138 0.1259938 0.0885094 0.0911377 0.1178170 0.1164686 0.1341483 0.0328763 0.1029976 0.2930537 0.1573264 0.1024750 0.0586096 0.1027984 0.0923711 0.0358735 0.0888865 0.1441526 0.1143192 0.0838348 0.1305298 0.1400829 0.1985465 0.1851114 0.1939213 
Phalangeridae_Trichosurus_vulpecula          0.0613667 0.1046471 0.0684798 0.1126584 0.0841478 0.0000000 0.0221525 0.0916518 0.1242596 0.0310113 0.1057531 0.1143690 0.0295775 0.0703088 0.0945425 0.1000084 0.1153006 0.0881437 0.0909934 0.2865630 0.1375027 0.0867414 0.0852769 0.0858791 0.0733369 0.0912249 0.0697310 0.1176439 0.0975768 0.0255068 0.1127577 0.1244610 0.1912266 0.1762898 0.1905378 
Phalangeridae_Spilocuscus_maculatus          0.0595020 0.1025956 0.0700838 0.1011190 0.0803756 0.0221525 0.0000000 0.0869291 0.1249058 0.0188647 0.1058244 0.1137813 0.0182024 0.0628791 0.0957175 0.1024878 0.1182791 0.0840148 0.0849133 0.2798109 0.1371122 0.0867616 0.0774404 0.0807634 0.0695893 0.0844217 0.0654566 0.1182049 0.0928217 0.0139690 0.1112008 0.1251078 0.1944067 0.1752156 0.1937233 
Potoroidae_Aepyprymnus_rufescens             0.0791858 0.1227318 0.0901285 0.0256642 0.0185776 0.0916518 0.0869291 0.0000000 0.1432230 0.0957421 0.1232706 0.1317485 0.0957629 0.0943211 0.1233416 0.1203766 0.1391432 0.0356289 0.1069563 0.3021326 0.1584162 0.1051633 0.0623577 0.1075645 0.0960350 0.0405040 0.0899909 0.1420270 0.1218611 0.0915442 0.1341152 0.1434622 0.2049186 0.1881108 0.2003976 
Peramelidae_Perameles_nasuta                 0.1245050 0.1570304 0.1344294 0.1523662 0.1398489 0.1242596 0.1249058 0.1432230 0.0000000 0.1269702 0.1529148 0.1567505 0.1298660 0.1317897 0.1424586 0.1462152 0.0408657 0.1455930 0.1554158 0.4662381 0.1788374 0.1252543 0.1373083 0.1639892 0.1410919 0.1474739 0.1357699 0.1664119 0.1632395 0.1275054 0.0437001 0.0013931 0.2964559 0.2926080 0.3037869 
Phalangeridae_Strigocuscus_pelengensis       0.0582236 0.1083105 0.0738870 0.1121166 0.0871515 0.0310113 0.0188647 0.0957421 0.1269702 0.0000000 0.1065152 0.1133830 0.0260562 0.0658267 0.0969473 0.1005168 0.1153762 0.0890741 0.0865897 0.3076365 0.1366974 0.0812250 0.0875305 0.0938747 0.0776264 0.0921199 0.0685585 0.1316840 0.0981034 0.0197820 0.1138857 0.1270901 0.1843248 0.1675315 0.1834234 
Dasyuridae_Phascogale_tapoatafa              0.0985978 0.1350080 0.1083754 0.1575603 0.1218138 0.1057531 0.1058244 0.1232706 0.1529148 0.1065152 0.0000000 0.0542514 0.1081425 0.1167220 0.0230469 0.0364568 0.1476650 0.1229208 0.1246497 0.3558357 0.1834154 0.0296294 0.1166231 0.1447369 0.1182815 0.1260371 0.1146466 0.1818902 0.1308609 0.1089321 0.1434460 0.1529460 0.0256720 0.0386376 0.0238780 
Dasyuridae_Sminthopsis_macroura              0.0993252 0.1483280 0.1141511 0.1602339 0.1259938 0.1143690 0.1137813 0.1317485 0.1567505 0.1133830 0.0542514 0.0000000 0.1223927 0.1243186 0.0536282 0.0462607 0.1486405 0.1262540 0.1368049 0.2953239 0.1862236 0.0448584 0.1212377 0.1557550 0.1260368 0.1308351 0.1221852 0.1902353 0.1331540 0.1193313 0.1488855 0.1582353 0.0479627 0.0375368 0.0481702 
Phalangeridae_Phalanger_orientalis           0.0622829 0.1072446 0.0738778 0.1150358 0.0885094 0.0295775 0.0182024 0.0957629 0.1298660 0.0260562 0.1081425 0.1223927 0.0000000 0.0742278 0.1035803 0.1074515 0.1221452 0.0905645 0.0853597 0.3081854 0.1481991 0.0919209 0.0857461 0.0955862 0.0791124 0.0916199 0.0703847 0.1283584 0.0968587 0.0081639 0.1240167 0.1300770 0.1933621 0.1757479 0.1928342 
Acrobatidae_Acrobates_pygmaeus               0.0673626 0.1098044 0.0753028 0.1017175 0.0911377 0.0703088 0.0628791 0.0943211 0.1317897 0.0658267 0.1167220 0.1243186 0.0742278 0.0000000 0.1049340 0.1056850 0.1204696 0.0857863 0.0869452 0.2861363 0.1367572 0.0918050 0.0941758 0.0957677 0.0731121 0.0878958 0.0661128 0.1083871 0.0656515 0.0679402 0.1225929 0.1329203 0.1994722 0.1961605 0.1974225 
Dasyuridae_Phascogale_calura                 0.0967280 0.1334405 0.1088551 0.1446048 0.1178170 0.0945425 0.0957175 0.1233416 0.1424586 0.0969473 0.0230469 0.0536282 0.1035803 0.1049340 0.0000000 0.0233077 0.1365223 0.1206467 0.1170004 0.2786035 0.1677338 0.0162123 0.1166628 0.1286159 0.1045510 0.1244581 0.1079471 0.1651069 0.1217326 0.1011382 0.1264000 0.1432356 0.0308627 0.0433747 0.0289771 
Dasyuridae_Sarcophilus_harrisii              0.0932716 0.1347597 0.1057890 0.1492269 0.1164686 0.1000084 0.1024878 0.1203766 0.1462152 0.1005168 0.0364568 0.0462607 0.1074515 0.1056850 0.0233077 0.0000000 0.1394362 0.1130973 0.1166457 0.3163843 0.1703464 0.0236659 0.1117080 0.1228058 0.1086855 0.1169361 0.1092351 0.1644690 0.1195527 0.1037293 0.1340515 0.1470593 0.0154038 0.0386637 0.0132695 
Peramelidae_Echymipera_kalubu                0.1152988 0.1463229 0.1219260 0.1524947 0.1341483 0.1153006 0.1182791 0.1391432 0.0408657 0.1153762 0.1476650 0.1486405 0.1221452 0.1204696 0.1365223 0.1394362 0.0000000 0.1336956 0.1522499 0.5206645 0.1712551 0.1207914 0.1311181 0.1496617 0.1377467 0.1383971 0.1256897 0.1618129 0.1395728 0.1213063 0.0301329 0.0421009 0.3034050 0.2979930 0.3092737 
Macropodidae_Dorcopsulus_vanheurni           0.0724558 0.1212684 0.0832357 0.0440732 0.0328763 0.0881437 0.0840148 0.0356289 0.1455930 0.0890741 0.1229208 0.1262540 0.0905645 0.0857863 0.1206467 0.1130973 0.1336956 0.0000000 0.1017072 0.2884297 0.1525070 0.1006045 0.0576902 0.1084740 0.0914627 0.0124783 0.0846220 0.1277552 0.1103943 0.0868628 0.1348767 0.1467690 0.1902159 0.1774221 0.1883713 
Pseudochiridae_Pseudochirulus_forbesi        0.0805324 0.1220711 0.0895378 0.1346018 0.1029976 0.0909934 0.0849133 0.1069563 0.1554158 0.0865897 0.1246497 0.1368049 0.0853597 0.0869452 0.1170004 0.1166457 0.1522499 0.1017072 0.0000000 0.2960098 0.1619908 0.1075342 0.1006958 0.1288080 0.0515872 0.1050213 0.0258567 0.1318601 0.0947139 0.0873499 0.1509693 0.1570277 0.2123838 0.2085888 0.2091824 
Didelphidae_Didelphis_virginiana             0.3405173 0.3335468 0.2952343 0.1781461 0.2930537 0.2865630 0.2798109 0.3021326 0.4662381 0.3076365 0.3558357 0.2953239 0.3081854 0.2861363 0.2786035 0.3163843 0.5206645 0.2884297 0.2960098 0.0000000 0.1662003 0.3175359 0.2861320 0.2535954 0.2840687 0.2896184 0.3349075 0.2629268 0.3277756 0.2970473 0.3406890 0.4649048 0.1469338 0.1457344 0.1468217 
Marmosidae_Monodelphis_domestica             0.1351126 0.1654391 0.1414299 0.1677538 0.1573264 0.1375027 0.1371122 0.1584162 0.1788374 0.1366974 0.1834154 0.1862236 0.1481991 0.1367572 0.1677338 0.1703464 0.1712551 0.1525070 0.1619908 0.1662003 0.0000000 0.1458069 0.1539739 0.1371478 0.1434246 0.1545653 0.1454315 0.1787296 0.1726685 0.1402551 0.1655276 0.1800450 0.3655875 0.3537498 0.3574727 
Dasyuridae_Antechinus_stuartii               0.0823158 0.1159870 0.0960354 0.1219201 0.1024750 0.0867414 0.0867616 0.1051633 0.1252543 0.0812250 0.0296294 0.0448584 0.0919209 0.0918050 0.0162123 0.0236659 0.1207914 0.1006045 0.1075342 0.3175359 0.1458069 0.0000000 0.0982940 0.1038019 0.0971362 0.1045256 0.0895418 0.1320733 0.1196283 0.0900031 0.1153743 0.1255852 0.0284038 0.0338733 0.0265530 
Hypsiprymnodontidae_Hypsiprymnodon_moschatus 0.0711704 0.1163349 0.0844929 0.0757150 0.0586096 0.0852769 0.0774404 0.0623577 0.1373083 0.0875305 0.1166231 0.1212377 0.0857461 0.0941758 0.1166628 0.1117080 0.1311181 0.0576902 0.1006958 0.2861320 0.1539739 0.0982940 0.0000000 0.1067654 0.0949970 0.0625297 0.0864192 0.1346014 0.1161851 0.0835775 0.1276406 0.1380396 0.1914470 0.1763745 0.1870478 
Microbiotheriidae_Dromiciops_gliroides       0.0797472 0.1231073 0.0977718 0.0684663 0.1027984 0.0858791 0.0807634 0.1075645 0.1639892 0.0938747 0.1447369 0.1557550 0.0955862 0.0957677 0.1286159 0.1228058 0.1496617 0.1084740 0.1288080 0.2535954 0.1371478 0.1038019 0.1067654 0.0000000 0.1003564 0.1134940 0.0952410 0.1026999 0.1489517 0.0896574 0.1262160 0.1660203 0.0780332 0.0785597 0.0786977 
Pseudochiridae_Petauroides_volans            0.0740440 0.1089947 0.0852297 0.1026208 0.0923711 0.0733369 0.0695893 0.0960350 0.1410919 0.0776264 0.1182815 0.1260368 0.0791124 0.0731121 0.1045510 0.1086855 0.1377467 0.0914627 0.0515872 0.2840687 0.1434246 0.0971362 0.0949970 0.1003564 0.0000000 0.0933696 0.0385600 0.1008961 0.0958061 0.0758201 0.1269090 0.1421178 0.2061433 0.2023601 0.1997820 
Macropodidae_Wallabia_bicolor                0.0773891 0.1249088 0.0857595 0.0454930 0.0358735 0.0912249 0.0844217 0.0405040 0.1474739 0.0921199 0.1260371 0.1308351 0.0916199 0.0878958 0.1244581 0.1169361 0.1383971 0.0124783 0.1050213 0.2896184 0.1545653 0.1045256 0.0625297 0.1134940 0.0933696 0.0000000 0.0865486 0.1276324 0.1109548 0.0898455 0.1373561 0.1486811 0.2002312 0.1899679 0.1970283 
Pseudochiridae_Pseudocheirus_occidentalis    0.0685392 0.1023332 0.0770139 0.0981829 0.0888865 0.0697310 0.0654566 0.0899909 0.1357699 0.0685585 0.1146466 0.1221852 0.0703847 0.0661128 0.1079471 0.1092351 0.1256897 0.0846220 0.0258567 0.3349075 0.1454315 0.0895418 0.0864192 0.0952410 0.0385600 0.0865486 0.0000000 0.0908900 0.0795238 0.0703808 0.1225512 0.1375383 0.2080655 0.1960171 0.2071500 
Tarsipedidae_Tarsipes_rostratus              0.1089418 0.1594604 0.1316115 0.1407911 0.1441526 0.1176439 0.1182049 0.1420270 0.1664119 0.1316840 0.1818902 0.1902353 0.1283584 0.1083871 0.1651069 0.1644690 0.1618129 0.1277552 0.1318601 0.2629268 0.1787296 0.1320733 0.1346014 0.1026999 0.1008961 0.1276324 0.0908900 0.0000000 0.1530083 0.1249663 0.1752959 0.1663807 0.1950384 0.1966904 0.1872875 
Acrobatidae_Distoechurus_pennatus            0.0758374 0.1283991 0.0897092 0.1556415 0.1143192 0.0975768 0.0928217 0.1218611 0.1632395 0.0981034 0.1308609 0.1331540 0.0968587 0.0656515 0.1217326 0.1195527 0.1395728 0.1103943 0.0947139 0.3277756 0.1726685 0.1196283 0.1161851 0.1489517 0.0958061 0.1109548 0.0795238 0.1530083 0.0000000 0.0985531 0.1491132 0.1659482 0.1879769 0.1746220 0.1873952 
Phalangeridae_Phalanger_carmelitae           0.0614241 0.1100218 0.0752764 0.1082371 0.0838348 0.0255068 0.0139690 0.0915442 0.1275054 0.0197820 0.1089321 0.1193313 0.0081639 0.0679402 0.1011382 0.1037293 0.1213063 0.0868628 0.0873499 0.2970473 0.1402551 0.0900031 0.0835775 0.0896574 0.0758201 0.0898455 0.0703808 0.1249663 0.0985531 0.0000000 0.1189165 0.1277106 0.1964040 0.1779052 0.1958742 
Peramelidae_Peroryctes_raffrayana            0.1134496 0.1437791 0.1252601 0.1538965 0.1305298 0.1127577 0.1112008 0.1341152 0.0437001 0.1138857 0.1434460 0.1488855 0.1240167 0.1225929 0.1264000 0.1340515 0.0301329 0.1348767 0.1509693 0.3406890 0.1655276 0.1153743 0.1276406 0.1262160 0.1269090 0.1373561 0.1225512 0.1752959 0.1491132 0.1189165 0.0000000 0.0446031 0.2602032 0.2717183 0.2699485 
Peramelidae_Perameles_gunnii                 0.1255125 0.1558221 0.1345181 0.1527848 0.1400829 0.1244610 0.1251078 0.1434622 0.0013931 0.1270901 0.1529460 0.1582353 0.1300770 0.1329203 0.1432356 0.1470593 0.0421009 0.1467690 0.1570277 0.4649048 0.1800450 0.1255852 0.1380396 0.1660203 0.1421178 0.1486811 0.1375383 0.1663807 0.1659482 0.1277106 0.0446031 0.0000000 0.2986703 0.2900653 0.3060262 
Dasyuridae_Dasyurus_maculatus                0.1655044 0.2482451 0.1757433 0.1911499 0.1985465 0.1912266 0.1944067 0.2049186 0.2964559 0.1843248 0.0256720 0.0479627 0.1933621 0.1994722 0.0308627 0.0154038 0.3034050 0.1902159 0.2123838 0.1469338 0.3655875 0.0284038 0.1914470 0.0780332 0.2061433 0.2002312 0.2080655 0.1950384 0.1879769 0.1964040 0.2602032 0.2986703 0.0000000 0.0376429 0.0101699 
Dasyuridae_Planigale_tenuirostris            0.1509079 0.2275182 0.1710784 0.2045312 0.1851114 0.1762898 0.1752156 0.1881108 0.2926080 0.1675315 0.0386376 0.0375368 0.1757479 0.1961605 0.0433747 0.0386637 0.2979930 0.1774221 0.2085888 0.1457344 0.3537498 0.0338733 0.1763745 0.0785597 0.2023601 0.1899679 0.1960171 0.1966904 0.1746220 0.1779052 0.2717183 0.2900653 0.0376429 0.0000000 0.0353607 
Dasyuridae_Dasyurus_geffroii                 0.1675073 0.2374541 0.1739107 0.1864023 0.1939213 0.1905378 0.1937233 0.2003976 0.3037869 0.1834234 0.0238780 0.0481702 0.1928342 0.1974225 0.0289771 0.0132695 0.3092737 0.1883713 0.2091824 0.1468217 0.3574727 0.0265530 0.1870478 0.0786977 0.1997820 0.1970283 0.2071500 0.1872875 0.1873952 0.1958742 0.2699485 0.3060262 0.0101699 0.0353607 0.0000000 
