35
Burramyidae_Burramys_parvus                  0.0000000 0.1431242 0.0813560 0.0946370 0.0974158 0.1544615 0.0695343 0.0808641 0.0973938 0.1285931 0.0816149 0.1609737 0.1403143 0.0858960 0.0698222 0.1574363 0.1516430 0.1493306 0.1330142 0.0981708 0.0826009 0.1743505 0.1528306 0.1589594 0.0982222 0.0862669 0.0793562 0.0944707 0.1032415 0.0768578 0.0854682 0.1348315 0.1514394 0.1278370 0.0678525 
Notoryctidae_Notoryctes_typhlops             0.1431242 0.0000000 0.1376166 0.1535376 0.1548407 0.1751724 0.1470315 0.1559129 0.1576104 0.1638676 0.1545322 0.1846533 0.1660666 0.1642434 0.1380091 0.1697443 0.1711086 0.1767456 0.1651334 0.1601571 0.1616853 0.2061076 0.1644145 0.1779467 0.1657123 0.1221455 0.1542560 0.1597699 0.1769086 0.1541489 0.1595130 0.1744123 0.1720060 0.1705219 0.1602142 
Vombatidae_Lasiorhinus_latifrons             0.0813560 0.1376166 0.0000000 0.0980064 0.0998363 0.1533205 0.0908522 0.0955656 0.0980454 0.1145318 0.0955375 0.1557570 0.1365542 0.1016467 0.0824836 0.1680800 0.1515330 0.1476163 0.1224219 0.0998926 0.0948791 0.1581231 0.1396009 0.1492642 0.1067644 0.0885570 0.0920827 0.0976007 0.1208415 0.0889480 0.0992395 0.1190002 0.1524051 0.1222356 0.0772416 
Potoroidae_Bettongia_penicillata             0.0946370 0.1535376 0.0980064 0.0000000 0.0033683 0.1623026 0.0959779 0.1021592 0.0107072 0.1319542 0.0983233 0.1668439 0.1443909 0.1032065 0.0787318 0.1703355 0.1604713 0.1425589 0.1417122 0.0266634 0.0831961 0.1760275 0.1614380 0.1571638 0.0566966 0.0944791 0.0827716 0.0227573 0.1146699 0.0940758 0.1010396 0.1424192 0.1592292 0.1345787 0.0711925 
Potoroidae_Bettongia_lesueur                 0.0974158 0.1548407 0.0998363 0.0033683 0.0000000 0.1614135 0.0996868 0.1031533 0.0112119 0.1321470 0.1020487 0.1691732 0.1435235 0.1061942 0.0788102 0.1716528 0.1595821 0.1417226 0.1417431 0.0267253 0.0841589 0.1785730 0.1628300 0.1597254 0.0584207 0.0970838 0.0819093 0.0240223 0.1167027 0.0941521 0.1039316 0.1416362 0.1583417 0.1346104 0.0745183 
Dasyuridae_Dasyurus_maculatus                0.1544615 0.1751724 0.1533205 0.1623026 0.1614135 0.0000000 0.1605278 0.1735450 0.1626771 0.1768733 0.1684827 0.0291998 0.0307799 0.1810387 0.1554347 0.0234025 0.0045431 0.0380384 0.1802032 0.1653606 0.1637289 0.2205518 0.1829717 0.0272205 0.1770578 0.1252112 0.1527649 0.1630804 0.1715415 0.1620034 0.1777915 0.1913702 0.0033443 0.1783958 0.1632543 
Phalangeridae_Trichosurus_vulpecula          0.0695343 0.1470315 0.0908522 0.0959779 0.0996868 0.1605278 0.0000000 0.0187897 0.1015830 0.1317227 0.0209984 0.1671314 0.1408965 0.0267300 0.0836341 0.1631265 0.1564871 0.1479132 0.1412907 0.1008983 0.0895024 0.1833295 0.1636058 0.1609575 0.1000167 0.1017536 0.0816834 0.0959574 0.1178195 0.0873571 0.0233876 0.1412639 0.1552451 0.1330168 0.0739193 
Phalangeridae_Spilocuscus_maculatus          0.0808641 0.1559129 0.0955656 0.1021592 0.1031533 0.1735450 0.0187897 0.0000000 0.1088362 0.1347625 0.0158714 0.1801199 0.1541336 0.0193249 0.0859905 0.1828581 0.1706759 0.1613360 0.1428760 0.1087855 0.0948590 0.1877202 0.1651016 0.1713247 0.1096808 0.1114980 0.0920431 0.1023989 0.1223248 0.0947928 0.0164834 0.1439659 0.1683146 0.1386763 0.0802128 
Potoroidae_Aepyprymnus_rufescens             0.0973938 0.1576104 0.0980454 0.0107072 0.0112119 0.1626771 0.1015830 0.1088362 0.0000000 0.1289087 0.1061492 0.1692590 0.1405795 0.1100584 0.0814679 0.1763851 0.1608406 0.1493121 0.1399033 0.0266441 0.0859430 0.1845320 0.1711631 0.1630559 0.0567553 0.0983039 0.0808982 0.0252578 0.1156063 0.0950561 0.1077657 0.1393293 0.1617549 0.1307483 0.0727018 
Peramelidae_Perameles_nasuta                 0.1285931 0.1638676 0.1145318 0.1319542 0.1321470 0.1768733 0.1317227 0.1347625 0.1289087 0.0000000 0.1355570 0.1752930 0.1602918 0.1320952 0.1115760 0.1901742 0.1739702 0.1652910 0.0179361 0.1360468 0.1244909 0.1877098 0.1608399 0.1734469 0.1456531 0.1120683 0.1149915 0.1292329 0.1508913 0.1303728 0.1298796 0.0161254 0.1748184 0.0023065 0.0880488 
Phalangeridae_Strigocuscus_pelengensis       0.0816149 0.1545322 0.0955375 0.0983233 0.1020487 0.1684827 0.0209984 0.0158714 0.1061492 0.1355570 0.0000000 0.1729439 0.1516094 0.0204225 0.0840661 0.1730564 0.1644959 0.1558684 0.1437450 0.1076776 0.1000699 0.1870950 0.1679939 0.1657741 0.1114708 0.1125793 0.0941461 0.1013950 0.1290841 0.0906532 0.0174389 0.1427658 0.1652866 0.1383291 0.0805106 
Dasyuridae_Phascogale_tapoatafa              0.1609737 0.1846533 0.1557570 0.1668439 0.1691732 0.0291998 0.1671314 0.1801199 0.1692590 0.1752930 0.1729439 0.0000000 0.0389975 0.1866878 0.1598978 0.0022698 0.0279225 0.0402409 0.1743502 0.1715709 0.1692276 0.2248169 0.1828543 0.0123382 0.1842813 0.1269567 0.1612012 0.1666041 0.1813305 0.1693420 0.1821700 0.1893311 0.0272199 0.1768542 0.1672273 
Dasyuridae_Sminthopsis_macroura              0.1403143 0.1660666 0.1365542 0.1443909 0.1435235 0.0307799 0.1408965 0.1541336 0.1405795 0.1602918 0.1516094 0.0389975 0.0000000 0.1613152 0.1406061 0.0277296 0.0281329 0.0277661 0.1637816 0.1431371 0.1465000 0.2068531 0.1647039 0.0376050 0.1612482 0.1082198 0.1378799 0.1449815 0.1656998 0.1508926 0.1584016 0.1710595 0.0301107 0.1651192 0.1532066 
Phalangeridae_Phalanger_orientalis           0.0858960 0.1642434 0.1016467 0.1032065 0.1061942 0.1810387 0.0267300 0.0193249 0.1100584 0.1320952 0.0204225 0.1866878 0.1613152 0.0000000 0.0867901 0.1839070 0.1781319 0.1648579 0.1367427 0.1110078 0.0985417 0.1802616 0.1676116 0.1766308 0.1143782 0.1088050 0.0967676 0.1041203 0.1287498 0.0949005 0.0033622 0.1378323 0.1757208 0.1362365 0.0868636 
Acrobatidae_Acrobates_pygmaeus               0.0698222 0.1380091 0.0824836 0.0787318 0.0788102 0.1554347 0.0836341 0.0859905 0.0814679 0.1115760 0.0840661 0.1598978 0.1406061 0.0867901 0.0000000 0.1705497 0.1526083 0.1513589 0.1188540 0.0833407 0.0767084 0.1635958 0.1449075 0.1502950 0.0987734 0.0862055 0.0748906 0.0792289 0.0992203 0.0368043 0.0856147 0.1189412 0.1524357 0.1167316 0.0470788 
Dasyuridae_Phascogale_calura                 0.1574363 0.1697443 0.1680800 0.1703355 0.1716528 0.0234025 0.1631265 0.1828581 0.1763851 0.1901742 0.1730564 0.0022698 0.0277296 0.1839070 0.1705497 0.0000000 0.0216991 0.0290444 0.1882413 0.1804106 0.1783971 0.2288231 0.1862845 0.0106119 0.1763619 0.0984552 0.1594591 0.1741849 0.1825331 0.1649360 0.1791956 0.2033414 0.0217010 0.1911609 0.2033132 
Dasyuridae_Sarcophilus_harrisii              0.1516430 0.1711086 0.1515330 0.1604713 0.1595821 0.0045431 0.1564871 0.1706759 0.1608406 0.1739702 0.1644959 0.0279225 0.0281329 0.1781319 0.1526083 0.0216991 0.0000000 0.0350167 0.1760612 0.1634773 0.1608745 0.2225899 0.1820846 0.0266027 0.1730521 0.1230878 0.1518015 0.1612285 0.1708493 0.1621441 0.1749055 0.1852635 0.0041420 0.1754992 0.1621107 
Dasyuridae_Planigale_tenuirostris            0.1493306 0.1767456 0.1476163 0.1425589 0.1417226 0.0380384 0.1479132 0.1613360 0.1493121 0.1652910 0.1558684 0.0402409 0.0277661 0.1648579 0.1513589 0.0290444 0.0350167 0.0000000 0.1634387 0.1537129 0.1546164 0.2115579 0.1624462 0.0389540 0.1640741 0.1114241 0.1511289 0.1494977 0.1676777 0.1605505 0.1617808 0.1754851 0.0357175 0.1695465 0.1538757 
Peramelidae_Echymipera_kalubu                0.1330142 0.1651334 0.1224219 0.1417122 0.1417431 0.1802032 0.1412907 0.1428760 0.1399033 0.0179361 0.1437450 0.1743502 0.1637816 0.1367427 0.1188540 0.1882413 0.1760612 0.1634387 0.0000000 0.1442213 0.1306395 0.1836437 0.1678616 0.1720729 0.1604035 0.1107393 0.1238971 0.1362978 0.1557913 0.1358761 0.1355209 0.0170437 0.1770863 0.0190533 0.0996141 
Macropodidae_Dorcopsulus_vanheurni           0.0981708 0.1601571 0.0998926 0.0266634 0.0267253 0.1653606 0.1008983 0.1087855 0.0266441 0.1360468 0.1076776 0.1715709 0.1431371 0.1110078 0.0833407 0.1804106 0.1634773 0.1537129 0.1442213 0.0000000 0.0817269 0.1854258 0.1659735 0.1666093 0.0659474 0.1010818 0.0840947 0.0117108 0.1220486 0.0990952 0.1084005 0.1396841 0.1620294 0.1368819 0.0744163 
Pseudochiridae_Pseudochirulus_forbesi        0.0826009 0.1616853 0.0948791 0.0831961 0.0841589 0.1637289 0.0895024 0.0948590 0.0859430 0.1244909 0.1000699 0.1692276 0.1465000 0.0985417 0.0767084 0.1783971 0.1608745 0.1546164 0.1306395 0.0817269 0.0000000 0.1724996 0.1596926 0.1609531 0.1008404 0.1001890 0.0487151 0.0834838 0.0922613 0.0819726 0.0982280 0.1321469 0.1585497 0.1265357 0.0275590 
Didelphidae_Didelphis_virginiana             0.1743505 0.2061076 0.1581231 0.1760275 0.1785730 0.2205518 0.1833295 0.1877202 0.1845320 0.1877098 0.1870950 0.2248169 0.2068531 0.1802616 0.1635958 0.2288231 0.2225899 0.2115579 0.1836437 0.1854258 0.1724996 0.0000000 0.0412424 0.2204830 0.1972626 0.1298080 0.1702790 0.1824208 0.2071961 0.1807315 0.1785515 0.1938085 0.2198312 0.1981080 0.1768609 
Marmosidae_Monodelphis_domestica             0.1528306 0.1644145 0.1396009 0.1614380 0.1628300 0.1829717 0.1636058 0.1651016 0.1711631 0.1608399 0.1679939 0.1828543 0.1647039 0.1676116 0.1449075 0.1862845 0.1820846 0.1624462 0.1678616 0.1659735 0.1596926 0.0412424 0.0000000 0.1795315 0.1763702 0.1301352 0.1570921 0.1593137 0.1844207 0.1620694 0.1655044 0.1657451 0.1775758 0.1778868 0.1249547 
Dasyuridae_Antechinus_stuartii               0.1589594 0.1779467 0.1492642 0.1571638 0.1597254 0.0272205 0.1609575 0.1713247 0.1630559 0.1734469 0.1657741 0.0123382 0.0376050 0.1766308 0.1502950 0.0106119 0.0266027 0.0389540 0.1720729 0.1666093 0.1609531 0.2204830 0.1795315 0.0000000 0.1769758 0.1281609 0.1525859 0.1597553 0.1727468 0.1653330 0.1722460 0.1876947 0.0259200 0.1755656 0.1647849 
Hypsiprymnodontidae_Hypsiprymnodon_moschatus 0.0982222 0.1657123 0.1067644 0.0566966 0.0584207 0.1770578 0.1000167 0.1096808 0.0567553 0.1456531 0.1114708 0.1842813 0.1612482 0.1143782 0.0987734 0.1763619 0.1730521 0.1640741 0.1604035 0.0659474 0.1008404 0.1972626 0.1763702 0.1769758 0.0000000 0.1181367 0.0893090 0.0604995 0.1364579 0.1059876 0.1138428 0.1634019 0.1717774 0.1482778 0.0894694 
Microbiotheriidae_Dromiciops_gliroides       0.0862669 0.1221455 0.0885570 0.0944791 0.0970838 0.1252112 0.1017536 0.1114980 0.0983039 0.1120683 0.1125793 0.1269567 0.1082198 0.1088050 0.0862055 0.0984552 0.1230878 0.1114241 0.1107393 0.1010818 0.1001890 0.1298080 0.1301352 0.1281609 0.1181367 0.0000000 0.0889482 0.0996784 0.1321729 0.1013014 0.1062103 0.1193134 0.1241197 0.1173262 0.0912457 
Pseudochiridae_Petauroides_volans            0.0793562 0.1542560 0.0920827 0.0827716 0.0819093 0.1527649 0.0816834 0.0920431 0.0808982 0.1149915 0.0941461 0.1612012 0.1378799 0.0967676 0.0748906 0.1594591 0.1518015 0.1511289 0.1238971 0.0840947 0.0487151 0.1702790 0.1570921 0.1525859 0.0893090 0.0889482 0.0000000 0.0867023 0.0904867 0.0797165 0.0954668 0.1273607 0.1494760 0.1198206 0.0282262 
Macropodidae_Wallabia_bicolor                0.0944707 0.1597699 0.0976007 0.0227573 0.0240223 0.1630804 0.0959574 0.1023989 0.0252578 0.1292329 0.1013950 0.1666041 0.1449815 0.1041203 0.0792289 0.1741849 0.1612285 0.1494977 0.1362978 0.0117108 0.0834838 0.1824208 0.1593137 0.1597553 0.0604995 0.0996784 0.0867023 0.0000000 0.1190842 0.0946611 0.1018574 0.1361263 0.1621505 0.1291354 0.0760540 
Tarsipedidae_Tarsipes_rostratus              0.1032415 0.1769086 0.1208415 0.1146699 0.1167027 0.1715415 0.1178195 0.1223248 0.1156063 0.1508913 0.1290841 0.1813305 0.1656998 0.1287498 0.0992203 0.1825331 0.1708493 0.1676777 0.1557913 0.1220486 0.0922613 0.2071961 0.1844207 0.1727468 0.1364579 0.1321729 0.0904867 0.1190842 0.0000000 0.1077567 0.1281657 0.1651460 0.1728178 0.1597200 0.0656140 
Acrobatidae_Distoechurus_pennatus            0.0768578 0.1541489 0.0889480 0.0940758 0.0941521 0.1620034 0.0873571 0.0947928 0.0950561 0.1303728 0.0906532 0.1693420 0.1508926 0.0949005 0.0368043 0.1649360 0.1621441 0.1605505 0.1358761 0.0990952 0.0819726 0.1807315 0.1620694 0.1653330 0.1059876 0.1013014 0.0797165 0.0946611 0.1077567 0.0000000 0.0944391 0.1390604 0.1576684 0.1357952 0.0621116 
Phalangeridae_Phalanger_carmelitae           0.0854682 0.1595130 0.0992395 0.1010396 0.1039316 0.1777915 0.0233876 0.0164834 0.1077657 0.1298796 0.0174389 0.1821700 0.1584016 0.0033622 0.0856147 0.1791956 0.1749055 0.1617808 0.1355209 0.1084005 0.0982280 0.1785515 0.1655044 0.1722460 0.1138428 0.1062103 0.0954668 0.1018574 0.1281657 0.0944391 0.0000000 0.1357610 0.1725197 0.1350210 0.0895900 
Peramelidae_Peroryctes_raffrayana            0.1348315 0.1744123 0.1190002 0.1424192 0.1416362 0.1913702 0.1412639 0.1439659 0.1393293 0.0161254 0.1427658 0.1893311 0.1710595 0.1378323 0.1189412 0.2033414 0.1852635 0.1754851 0.0170437 0.1396841 0.1321469 0.1938085 0.1657451 0.1876947 0.1634019 0.1193134 0.1273607 0.1361263 0.1651460 0.1390604 0.1357610 0.0000000 0.1890764 0.0187779 0.0958930 
Dasyuridae_Dasyurus_geffroii                 0.1514394 0.1720060 0.1524051 0.1592292 0.1583417 0.0033443 0.1552451 0.1683146 0.1617549 0.1748184 0.1652866 0.0272199 0.0301107 0.1757208 0.1524357 0.0217010 0.0041420 0.0357175 0.1770863 0.1620294 0.1585497 0.2198312 0.1775758 0.0259200 0.1717774 0.1241197 0.1494760 0.1621505 0.1728178 0.1576684 0.1725197 0.1890764 0.0000000 0.1765199 0.1509781 
Peramelidae_Perameles_gunnii                 0.1278370 0.1705219 0.1222356 0.1345787 0.1346104 0.1783958 0.1330168 0.1386763 0.1307483 0.0023065 0.1383291 0.1768542 0.1651192 0.1362365 0.1167316 0.1911609 0.1754992 0.1695465 0.0190533 0.1368819 0.1265357 0.1981080 0.1778868 0.1755656 0.1482778 0.1173262 0.1198206 0.1291354 0.1597200 0.1357952 0.1350210 0.0187779 0.1765199 0.0000000 0.0897219 
Pseudochiridae_Pseudocheirus_occidentalis    0.0678525 0.1602142 0.0772416 0.0711925 0.0745183 0.1632543 0.0739193 0.0802128 0.0727018 0.0880488 0.0805106 0.1672273 0.1532066 0.0868636 0.0470788 0.2033132 0.1621107 0.1538757 0.0996141 0.0744163 0.0275590 0.1768609 0.1249547 0.1647849 0.0894694 0.0912457 0.0282262 0.0760540 0.0656140 0.0621116 0.0895900 0.0958930 0.1509781 0.0897219 0.0000000 
