35
Burramyidae_Burramys_parvus                  0.0000000 0.0838021 0.0671732 0.0760106 0.0777038 0.0856639 0.0507653 0.0523131 0.0778504 0.0838409 0.0652667 0.0836682 0.0918456 0.0558711 0.0592210 0.0826534 0.0850109 0.0919192 0.0746537 0.0704541 0.0612055 0.0867385 0.0982441 0.0756455 0.0736634 0.0868702 0.0573077 0.0711627 0.0577185 0.0769649 0.0649162 0.0540666 0.0807537 0.0839844 0.0889545 
Notoryctidae_Notoryctes_typhlops             0.0838021 0.0000000 0.0952335 0.1095812 0.1100896 0.1065563 0.0874167 0.0927301 0.1102370 0.1027619 0.0984106 0.1096210 0.1119331 0.0946267 0.1056371 0.1060130 0.1088851 0.1088693 0.0974766 0.1033666 0.0982766 0.1217749 0.1273481 0.1032633 0.1056967 0.1050503 0.1002463 0.1046366 0.0977845 0.1261872 0.1082659 0.0923326 0.1029605 0.1057828 0.1059144 
Vombatidae_Lasiorhinus_latifrons             0.0671732 0.0952335 0.0000000 0.0901843 0.0920824 0.0933890 0.0653509 0.0703383 0.0903094 0.0917507 0.0817595 0.0934862 0.0976939 0.0715734 0.0757910 0.0923424 0.0937769 0.0995185 0.0862908 0.0814727 0.0764811 0.0969679 0.0971151 0.0866196 0.0831328 0.0852649 0.0725751 0.0801069 0.0646280 0.0954647 0.0846180 0.0705678 0.0927033 0.0916899 0.0946779 
Potoroidae_Bettongia_penicillata             0.0760106 0.1095812 0.0901843 0.0000000 0.0024304 0.1242508 0.0763249 0.0742083 0.0093765 0.1071232 0.0855827 0.1221368 0.1230690 0.0791200 0.0831167 0.1208442 0.1215618 0.1292604 0.1051510 0.0208769 0.0948133 0.1301808 0.1211366 0.1124605 0.0547127 0.1113861 0.0851883 0.0216752 0.0792563 0.0948273 0.0911020 0.0800752 0.1116652 0.1214925 0.1128629 
Potoroidae_Bettongia_lesueur                 0.0777038 0.1100896 0.0920824 0.0024304 0.0000000 0.1273633 0.0790572 0.0752937 0.0106698 0.1102635 0.0873945 0.1252428 0.1261768 0.0808731 0.0869228 0.1239373 0.1247913 0.1318639 0.1080935 0.0222972 0.0965741 0.1334756 0.1242693 0.1146625 0.0572829 0.1122367 0.0874416 0.0231094 0.0833770 0.0967025 0.0950103 0.0818348 0.1149710 0.1246060 0.1158892 
Dasyuridae_Dasyurus_maculatus                0.0856639 0.1065563 0.0933890 0.1242508 0.1273633 0.0000000 0.0899019 0.0980253 0.1250085 0.1109886 0.1027556 0.0179507 0.0276179 0.0996477 0.1009508 0.0159027 0.0067865 0.0271095 0.1006174 0.1183103 0.0878601 0.1316294 0.1447940 0.0162495 0.1177411 0.1098859 0.0931468 0.1180308 0.0850518 0.1161595 0.1042928 0.0986784 0.1029359 0.0049023 0.1127714 
Phalangeridae_Trichosurus_vulpecula          0.0507653 0.0874167 0.0653509 0.0763249 0.0790572 0.0899019 0.0000000 0.0175938 0.0770782 0.0862840 0.0299571 0.0901828 0.0986259 0.0216062 0.0625608 0.0891266 0.0871709 0.1018362 0.0772426 0.0670224 0.0668621 0.0888248 0.1004372 0.0837437 0.0689782 0.0934114 0.0603596 0.0646210 0.0579511 0.0729115 0.0689389 0.0194527 0.0827984 0.0883446 0.0904427 
Phalangeridae_Spilocuscus_maculatus          0.0523131 0.0927301 0.0703383 0.0742083 0.0752937 0.0980253 0.0175938 0.0000000 0.0733650 0.0902607 0.0191602 0.0960730 0.1051021 0.0141258 0.0686862 0.0949832 0.0961433 0.1063365 0.0810542 0.0650115 0.0741972 0.1023976 0.1059854 0.0904298 0.0710976 0.0970998 0.0673306 0.0645422 0.0631836 0.0810332 0.0723381 0.0107659 0.0870263 0.0963081 0.0956480 
Potoroidae_Aepyprymnus_rufescens             0.0778504 0.1102370 0.0903094 0.0093765 0.0106698 0.1250085 0.0770782 0.0733650 0.0000000 0.1100524 0.0872764 0.1230649 0.1239962 0.0799314 0.0837974 0.1217704 0.1223325 0.1294050 0.1078893 0.0237887 0.0942936 0.1311412 0.1244014 0.1126097 0.0548636 0.1183680 0.0819591 0.0238449 0.0780807 0.0920851 0.0897184 0.0809555 0.1124708 0.1224238 0.1156642 
Peramelidae_Perameles_nasuta                 0.0838409 0.1027619 0.0917507 0.1071232 0.1102635 0.1109886 0.0862840 0.0902607 0.1100524 0.0000000 0.1033903 0.1083855 0.1138180 0.0931224 0.0909853 0.1049546 0.1091978 0.1089191 0.0179887 0.1044322 0.0970905 0.1184813 0.1200945 0.1006097 0.0983718 0.0872893 0.0871625 0.1063714 0.0894122 0.1168444 0.0984273 0.0920338 0.0240705 0.1094324 0.0036892 
Phalangeridae_Strigocuscus_pelengensis       0.0652667 0.0984106 0.0817595 0.0855827 0.0873945 0.1027556 0.0299571 0.0191602 0.0872764 0.1033903 0.0000000 0.0992770 0.1060964 0.0239302 0.0819450 0.0981641 0.1007844 0.1141186 0.0974688 0.0756097 0.0805971 0.1106760 0.1190502 0.0962809 0.0876573 0.1110004 0.0745073 0.0752227 0.0715111 0.0853524 0.0858630 0.0203612 0.1010496 0.1021975 0.1085938 
Dasyuridae_Phascogale_tapoatafa              0.0836682 0.1096210 0.0934862 0.1221368 0.1252428 0.0179507 0.0901828 0.0960730 0.1230649 0.1083855 0.0992770 0.0000000 0.0277120 0.0998256 0.0985317 0.0030400 0.0166963 0.0297666 0.0989429 0.1161231 0.0926445 0.1298414 0.1402365 0.0069474 0.1158088 0.1079984 0.0970159 0.1155630 0.0935810 0.1162741 0.1040822 0.0988531 0.1019677 0.0166202 0.1101759 
Dasyuridae_Sminthopsis_macroura              0.0918456 0.1119331 0.0976939 0.1230690 0.1261768 0.0276179 0.0986259 0.1051021 0.1239962 0.1138180 0.1060964 0.0277120 0.0000000 0.1043501 0.1097320 0.0241097 0.0263503 0.0247499 0.1064087 0.1179595 0.0970884 0.1372749 0.1425391 0.0246958 0.1220745 0.1147265 0.0994416 0.1183192 0.0993821 0.1278410 0.1075554 0.1033780 0.1067153 0.0262333 0.1155991 
Phalangeridae_Phalanger_orientalis           0.0558711 0.0946267 0.0715734 0.0791200 0.0808731 0.0996477 0.0216062 0.0141258 0.0799314 0.0931224 0.0239302 0.0998256 0.1043501 0.0000000 0.0725089 0.0987356 0.0977893 0.1120369 0.0857620 0.0697562 0.0771627 0.0997879 0.1055604 0.0944234 0.0775241 0.1004814 0.0696371 0.0702973 0.0684935 0.0851940 0.0791533 0.0055592 0.0888337 0.0979539 0.0982119 
Acrobatidae_Acrobates_pygmaeus               0.0592210 0.1056371 0.0757910 0.0831167 0.0869228 0.1009508 0.0625608 0.0686862 0.0837974 0.0909853 0.0819450 0.0985317 0.1097320 0.0725089 0.0000000 0.0996472 0.1022968 0.1099336 0.0877296 0.0743875 0.0637881 0.0991136 0.1004294 0.0954531 0.0748245 0.0897446 0.0607773 0.0780593 0.0528767 0.0729520 0.0379070 0.0714995 0.0872394 0.1012324 0.0983827 
Dasyuridae_Phascogale_calura                 0.0826534 0.1060130 0.0923424 0.1208442 0.1239373 0.0159027 0.0891266 0.0949832 0.1217704 0.1049546 0.0981641 0.0030400 0.0241097 0.0987356 0.0996472 0.0000000 0.0146546 0.0272793 0.0956935 0.1149706 0.0894577 0.1260032 0.1364716 0.0050137 0.1145451 0.1044173 0.0948254 0.1142946 0.0912847 0.1161539 0.1029677 0.0977650 0.0984460 0.0145876 0.1067364 
Dasyuridae_Sarcophilus_harrisii              0.0850109 0.1088851 0.0937769 0.1215618 0.1247913 0.0067865 0.0871709 0.0961433 0.1223325 0.1091978 0.1007844 0.0166963 0.0263503 0.0977893 0.1022968 0.0146546 0.0000000 0.0264404 0.0989676 0.1155502 0.0903204 0.1306731 0.1427121 0.0149549 0.1160526 0.1068545 0.0986724 0.1171680 0.0912391 0.1151051 0.1056615 0.0968108 0.0999117 0.0061806 0.1110894 
Dasyuridae_Planigale_tenuirostris            0.0919192 0.1088693 0.0995185 0.1292604 0.1318639 0.0271095 0.1018362 0.1063365 0.1294050 0.1089191 0.1141186 0.0297666 0.0247499 0.1120369 0.1099336 0.0272793 0.0264404 0.0000000 0.1010954 0.1212846 0.0939796 0.1383837 0.1495308 0.0276516 0.1190110 0.1169846 0.0979607 0.1208415 0.0929519 0.1316155 0.1116147 0.1107953 0.1059811 0.0264027 0.1113656 
Peramelidae_Echymipera_kalubu                0.0746537 0.0974766 0.0862908 0.1051510 0.1080935 0.1006174 0.0772426 0.0810542 0.1078893 0.0179887 0.0974688 0.0989429 0.1064087 0.0857620 0.0877296 0.0956935 0.0989676 0.1010954 0.0000000 0.0999372 0.0875603 0.1153719 0.1216494 0.0944425 0.0962343 0.0875559 0.0786546 0.1007255 0.0817132 0.1098726 0.0916154 0.0847146 0.0171238 0.0990805 0.0193380 
Macropodidae_Dorcopsulus_vanheurni           0.0704541 0.1033666 0.0814727 0.0208769 0.0222972 0.1183103 0.0670224 0.0650115 0.0237887 0.1044322 0.0756097 0.1161231 0.1179595 0.0697562 0.0743875 0.1149706 0.1155502 0.1212846 0.0999372 0.0000000 0.0898762 0.1205070 0.1121035 0.1084329 0.0534212 0.1068633 0.0813167 0.0101304 0.0751917 0.0905960 0.0811355 0.0706286 0.1044008 0.1166069 0.1101331 
Pseudochiridae_Pseudochirulus_forbesi        0.0612055 0.0982766 0.0764811 0.0948133 0.0965741 0.0878601 0.0668621 0.0741972 0.0942936 0.0970905 0.0805971 0.0926445 0.0970884 0.0771627 0.0637881 0.0894577 0.0903204 0.0939796 0.0875603 0.0898762 0.0000000 0.1108410 0.1203392 0.0859200 0.0892217 0.0924669 0.0409084 0.0856953 0.0261390 0.0691528 0.0729883 0.0760687 0.0967984 0.0923342 0.1034123 
Didelphidae_Didelphis_virginiana             0.0867385 0.1217749 0.0969679 0.1301808 0.1334756 0.1316294 0.0888248 0.1023976 0.1311412 0.1184813 0.1106760 0.1298414 0.1372749 0.0997879 0.0991136 0.1260032 0.1306731 0.1383837 0.1153719 0.1205070 0.1108410 0.0000000 0.0521860 0.1246154 0.1206952 0.1240889 0.1057869 0.1189349 0.0906284 0.1349991 0.1094208 0.0995834 0.1136531 0.1289322 0.1232721 
Marmosidae_Monodelphis_domestica             0.0982441 0.1273481 0.0971151 0.1211366 0.1242693 0.1447940 0.1004372 0.1059854 0.1244014 0.1200945 0.1190502 0.1402365 0.1425391 0.1055604 0.1004294 0.1364716 0.1427121 0.1495308 0.1216494 0.1121035 0.1203392 0.0521860 0.0000000 0.1318605 0.1202701 0.1247137 0.1123085 0.1154568 0.1025567 0.1426555 0.1238880 0.1052712 0.1174856 0.1419562 0.1248442 
Dasyuridae_Antechinus_stuartii               0.0756455 0.1032633 0.0866196 0.1124605 0.1146625 0.0162495 0.0837437 0.0904298 0.1126097 0.1006097 0.0962809 0.0069474 0.0246958 0.0944234 0.0954531 0.0050137 0.0149549 0.0276516 0.0944425 0.1084329 0.0859200 0.1246154 0.1318605 0.0000000 0.1069729 0.1031619 0.0917865 0.1073171 0.0876946 0.1118860 0.1009812 0.0923945 0.0971943 0.0149334 0.1038442 
Hypsiprymnodontidae_Hypsiprymnodon_moschatus 0.0736634 0.1056967 0.0831328 0.0547127 0.0572829 0.1177411 0.0689782 0.0710976 0.0548636 0.0983718 0.0876573 0.1158088 0.1220745 0.0775241 0.0748245 0.1145451 0.1160526 0.1190110 0.0962343 0.0534212 0.0892217 0.1206952 0.1202701 0.1069729 0.0000000 0.1116851 0.0770766 0.0526876 0.0750671 0.0933246 0.0825602 0.0784744 0.0970079 0.1161889 0.1048984 
Microbiotheriidae_Dromiciops_gliroides       0.0868702 0.1050503 0.0852649 0.1113861 0.1122367 0.1098859 0.0934114 0.0970998 0.1183680 0.0872893 0.1110004 0.1079984 0.1147265 0.1004814 0.0897446 0.1044173 0.1068545 0.1169846 0.0875559 0.1068633 0.0924669 0.1240889 0.1247137 0.1031619 0.1116851 0.0000000 0.0898821 0.1078066 0.0815550 0.1132602 0.0999917 0.1005809 0.0942382 0.1082538 0.0921732 
Pseudochiridae_Petauroides_volans            0.0573077 0.1002463 0.0725751 0.0851883 0.0874416 0.0931468 0.0603596 0.0673306 0.0819591 0.0871625 0.0745073 0.0970159 0.0994416 0.0696371 0.0607773 0.0948254 0.0986724 0.0979607 0.0786546 0.0813167 0.0409084 0.1057869 0.1123085 0.0917865 0.0770766 0.0898821 0.0000000 0.0819980 0.0349725 0.0711120 0.0682706 0.0677798 0.0856506 0.0954414 0.0918126 
Macropodidae_Wallabia_bicolor                0.0711627 0.1046366 0.0801069 0.0216752 0.0231094 0.1180308 0.0646210 0.0645422 0.0238449 0.1063714 0.0752227 0.1155630 0.1183192 0.0702973 0.0780593 0.1142946 0.1171680 0.1208415 0.1007255 0.0101304 0.0856953 0.1189349 0.1154568 0.1073171 0.0526876 0.1078066 0.0819980 0.0000000 0.0775410 0.0923721 0.0849764 0.0711386 0.1044611 0.1177481 0.1123817 
Pseudochiridae_Pseudocheirus_occidentalis    0.0577185 0.0977845 0.0646280 0.0792563 0.0833770 0.0850518 0.0579511 0.0631836 0.0780807 0.0894122 0.0715111 0.0935810 0.0993821 0.0684935 0.0528767 0.0912847 0.0912391 0.0929519 0.0817132 0.0751917 0.0261390 0.0906284 0.1025567 0.0876946 0.0750671 0.0815550 0.0349725 0.0775410 0.0000000 0.0684219 0.0619199 0.0644684 0.0902077 0.0895147 0.0950525 
Tarsipedidae_Tarsipes_rostratus              0.0769649 0.1261872 0.0954647 0.0948273 0.0967025 0.1161595 0.0729115 0.0810332 0.0920851 0.1168444 0.0853524 0.1162741 0.1278410 0.0851940 0.0729520 0.1161539 0.1151051 0.1316155 0.1098726 0.0905960 0.0691528 0.1349991 0.1426555 0.1118860 0.0933246 0.1132602 0.0711120 0.0923721 0.0684219 0.0000000 0.0817802 0.0849947 0.1092725 0.1154857 0.1240425 
Acrobatidae_Distoechurus_pennatus            0.0649162 0.1082659 0.0846180 0.0911020 0.0950103 0.1042928 0.0689389 0.0723381 0.0897184 0.0984273 0.0858630 0.1040822 0.1075554 0.0791533 0.0379070 0.1029677 0.1056615 0.1116147 0.0916154 0.0811355 0.0729883 0.1094208 0.1238880 0.1009812 0.0825602 0.0999917 0.0682706 0.0849764 0.0619199 0.0817802 0.0000000 0.0751918 0.0906696 0.1045912 0.1039038 
Phalangeridae_Phalanger_carmelitae           0.0540666 0.0923326 0.0705678 0.0800752 0.0818348 0.0986784 0.0194527 0.0107659 0.0809555 0.0920338 0.0203612 0.0988531 0.1033780 0.0055592 0.0714995 0.0977650 0.0968108 0.1107953 0.0847146 0.0706286 0.0760687 0.0995834 0.1052712 0.0923945 0.0784744 0.1005809 0.0677798 0.0711386 0.0644684 0.0849947 0.0751918 0.0000000 0.0899254 0.0969822 0.0962711 
Peramelidae_Peroryctes_raffrayana            0.0807537 0.1029605 0.0927033 0.1116652 0.1149710 0.1029359 0.0827984 0.0870263 0.1124708 0.0240705 0.1010496 0.1019677 0.1067153 0.0888337 0.0872394 0.0984460 0.0999117 0.1059811 0.0171238 0.1044008 0.0967984 0.1136531 0.1174856 0.0971943 0.0970079 0.0942382 0.0856506 0.1044611 0.0902077 0.1092725 0.0906696 0.0899254 0.0000000 0.1010830 0.0271298 
Dasyuridae_Dasyurus_geffroii                 0.0839844 0.1057828 0.0916899 0.1214925 0.1246060 0.0049023 0.0883446 0.0963081 0.1224238 0.1094324 0.1021975 0.0166202 0.0262333 0.0979539 0.1012324 0.0145876 0.0061806 0.0264027 0.0990805 0.1166069 0.0923342 0.1289322 0.1419562 0.0149334 0.1161889 0.1082538 0.0954414 0.1177481 0.0895147 0.1154857 0.1045912 0.0969822 0.1010830 0.0000000 0.1112235 
Peramelidae_Perameles_gunnii                 0.0889545 0.1059144 0.0946779 0.1128629 0.1158892 0.1127714 0.0904427 0.0956480 0.1156642 0.0036892 0.1085938 0.1101759 0.1155991 0.0982119 0.0983827 0.1067364 0.1110894 0.1113656 0.0193380 0.1101331 0.1034123 0.1232721 0.1248442 0.1038442 0.1048984 0.0921732 0.0918126 0.1123817 0.0950525 0.1240425 0.1039038 0.0962711 0.0271298 0.1112235 0.0000000 
