35
Burramyidae_Burramys_parvus                  0.0000000 0.1715576 0.0865511 0.0906948 0.1018236 0.0922718 0.0775020 0.0833352 0.1016773 0.0892992 0.0877266 0.1078410 0.0965282 0.0815071 0.1004395 0.0956129 0.0950207 0.0785752 0.1176168 0.0883076 0.0987215 0.1306490 0.1636013 0.0932283 0.0796341 0.0888159 0.0909020 0.0872539 0.0814912 0.1372253 0.1034577 0.0570983 0.0991861 0.0847415 0.1227514 
Notoryctidae_Notoryctes_typhlops             0.1715576 0.0000000 0.1671790 0.1572644 0.1664842 0.1775199 0.1507201 0.1609622 0.1758196 0.1754244 0.1713797 0.2191899 0.1737895 0.1558778 0.1728192 0.2210277 0.1951085 0.1869101 0.1754377 0.1421545 0.1531613 0.1773722 0.1916415 0.2171691 0.1601536 0.1181921 0.1577151 0.1494483 0.1308010 0.1973413 0.1726115 0.1715025 0.1594753 0.1725683 0.1689502 
Vombatidae_Lasiorhinus_latifrons             0.0865511 0.1671790 0.0000000 0.0930662 0.0933823 0.1266780 0.0684501 0.0684795 0.0936433 0.1443983 0.1211891 0.1869411 0.1303762 0.0720232 0.0847460 0.1971934 0.1400940 0.1346750 0.1219947 0.0900989 0.0943021 0.1239704 0.1437788 0.1922035 0.0826708 0.0850089 0.1370708 0.0851095 0.0780974 0.1249222 0.0915355 0.0827556 0.1042398 0.1234154 0.1298527 
Potoroidae_Bettongia_penicillata             0.0906948 0.1572644 0.0930662 0.0000000 0.0078993 0.1408042 0.0804323 0.0836721 0.0196334 0.1496055 0.1387120 0.2062630 0.1405998 0.0864201 0.0975944 0.2222056 0.1571129 0.1444916 0.1338807 0.0344068 0.0954881 0.1300392 0.1454099 0.2106688 0.0521774 0.0877003 0.1503228 0.0297447 0.0781004 0.1378219 0.1035517 0.0999595 0.1162067 0.1351740 0.1289796 
Potoroidae_Bettongia_lesueur                 0.1018236 0.1664842 0.0933823 0.0078993 0.0000000 0.1456861 0.0803953 0.0835438 0.0183762 0.1655461 0.1419913 0.2113368 0.1504775 0.0887411 0.0969446 0.2279123 0.1635313 0.1524551 0.1364624 0.0341670 0.1036791 0.1435129 0.1498196 0.2178745 0.0601464 0.0899304 0.1559791 0.0321918 0.0863418 0.1443830 0.1066395 0.1019682 0.1197344 0.1382022 0.1432710 
Dasyuridae_Dasyurus_maculatus                0.0922718 0.1775199 0.1266780 0.1408042 0.1456861 0.0000000 0.1194960 0.1192517 0.1461995 0.1271765 0.1700043 0.1028817 0.0397311 0.1205277 0.1367159 0.1158723 0.0346758 0.0512102 0.1637035 0.1362876 0.1287661 0.1477739 0.1669068 0.1110539 0.1196536 0.1109755 0.1718637 0.1300811 0.0989407 0.1750686 0.1344787 0.0911400 0.1339038 0.0231055 0.1585733 
Phalangeridae_Trichosurus_vulpecula          0.0775020 0.1507201 0.0684501 0.0804323 0.0803953 0.1194960 0.0000000 0.0228476 0.0842977 0.1321162 0.0726759 0.1719227 0.1202687 0.0251976 0.0768063 0.1817646 0.1313092 0.1249438 0.1149281 0.0740140 0.0774847 0.1271394 0.1426615 0.1781750 0.0717280 0.0759562 0.1207314 0.0670323 0.0658276 0.1201615 0.0802774 0.0396290 0.0935904 0.1150805 0.1205490 
Phalangeridae_Spilocuscus_maculatus          0.0833352 0.1609622 0.0684795 0.0836721 0.0835438 0.1192517 0.0228476 0.0000000 0.0882856 0.1403927 0.0536007 0.1787244 0.1219049 0.0099544 0.0830728 0.1917086 0.1336987 0.1283242 0.1182757 0.0740341 0.0861754 0.1287166 0.1443516 0.1865972 0.0720322 0.0797613 0.1311975 0.0723626 0.0715526 0.1213388 0.0803043 0.0309447 0.0982131 0.1161902 0.1190084 
Potoroidae_Aepyprymnus_rufescens             0.1016773 0.1758196 0.0936433 0.0196334 0.0183762 0.1461995 0.0842977 0.0882856 0.0000000 0.1588302 0.1450610 0.2196260 0.1519921 0.0916975 0.1037294 0.2349761 0.1662080 0.1496529 0.1416251 0.0374825 0.1070649 0.1494517 0.1592339 0.2206732 0.0656807 0.0925982 0.1577521 0.0347658 0.0872725 0.1428419 0.1091081 0.1007542 0.1197278 0.1412137 0.1399315 
Peramelidae_Perameles_nasuta                 0.0892992 0.1754244 0.1443983 0.1496055 0.1655461 0.1271765 0.1321162 0.1403927 0.1588302 0.0000000 0.1179257 0.1330055 0.1101654 0.1354042 0.1566372 0.1294084 0.1374852 0.1326706 0.0985587 0.1335308 0.1485945 0.1749555 0.1921224 0.1333134 0.1531389 0.0979828 0.1332988 0.1431545 0.1177118 0.1782615 0.1580318 0.0953897 0.0630340 0.1164751 0.0355223 
Phalangeridae_Strigocuscus_pelengensis       0.0877266 0.1713797 0.1211891 0.1387120 0.1419913 0.1700043 0.0726759 0.0536007 0.1450610 0.1179257 0.0000000 0.1452015 0.1296641 0.0540035 0.1354307 0.1448730 0.1732760 0.2002984 0.1778729 0.1287648 0.1446705 0.1956034 0.2159851 0.1380536 0.1247786 0.1359944 0.1045004 0.1298504 0.0938521 0.1692275 0.1417125 0.0393277 0.1078945 0.1647608 0.1697731 
Dasyuridae_Phascogale_tapoatafa              0.1078410 0.2191899 0.1869411 0.2062630 0.2113368 0.1028817 0.1719227 0.1787244 0.2196260 0.1330055 0.1452015 0.0000000 0.0775847 0.1772413 0.1968261 0.0267081 0.0943956 0.1213919 0.2058526 0.1904580 0.2021054 0.2144714 0.2353777 0.0323485 0.1849111 0.1680562 0.1480970 0.1975471 0.1438459 0.2339546 0.1981025 0.1174058 0.1491373 0.0834544 0.2154113 
Dasyuridae_Sminthopsis_macroura              0.0965282 0.1737895 0.1303762 0.1405998 0.1504775 0.0397311 0.1202687 0.1219049 0.1519921 0.1101654 0.1296641 0.0775847 0.0000000 0.1213121 0.1410105 0.0780050 0.0608899 0.0412832 0.1490414 0.1226609 0.1360415 0.1460487 0.1681616 0.0773072 0.1339535 0.0947141 0.1372820 0.1290379 0.1086405 0.1656963 0.1379370 0.0965173 0.1393510 0.0446473 0.1445199 
Phalangeridae_Phalanger_orientalis           0.0815071 0.1558778 0.0720232 0.0864201 0.0887411 0.1205277 0.0251976 0.0099544 0.0916975 0.1354042 0.0540035 0.1772413 0.1213121 0.0000000 0.0834444 0.1906631 0.1340340 0.1318105 0.1173770 0.0750327 0.0864759 0.1253163 0.1455804 0.1886036 0.0767141 0.0756476 0.1257305 0.0714563 0.0728897 0.1205143 0.0839477 0.0235444 0.0984685 0.1154935 0.1165076 
Acrobatidae_Acrobates_pygmaeus               0.1004395 0.1728192 0.0847460 0.0975944 0.0969446 0.1367159 0.0768063 0.0830728 0.1037294 0.1566372 0.1354307 0.1968261 0.1410105 0.0834444 0.0000000 0.2171366 0.1405587 0.1506648 0.1259063 0.0941778 0.0902169 0.1391285 0.1478748 0.2086957 0.0838115 0.0903366 0.1316928 0.0943509 0.0687948 0.1251063 0.0525832 0.0818608 0.1098252 0.1301636 0.1369276 
Dasyuridae_Phascogale_calura                 0.0956129 0.2210277 0.1971934 0.2222056 0.2279123 0.1158723 0.1817646 0.1917086 0.2349761 0.1294084 0.1448730 0.0267081 0.0780050 0.1906631 0.2171366 0.0000000 0.1016711 0.1230817 0.2353282 0.2045352 0.2264597 0.2300758 0.2606885 0.0275810 0.2030259 0.1816241 0.1528985 0.2123183 0.1551129 0.2526818 0.2077255 0.1004683 0.1594701 0.0903033 0.2537038 
Dasyuridae_Sarcophilus_harrisii              0.0950207 0.1951085 0.1400940 0.1571129 0.1635313 0.0346758 0.1313092 0.1336987 0.1662080 0.1374852 0.1732760 0.0943956 0.0608899 0.1340340 0.1405587 0.1016711 0.0000000 0.0560831 0.1602539 0.1475680 0.1513756 0.1687111 0.1838604 0.1010327 0.1424114 0.1220983 0.1670488 0.1457685 0.1034402 0.1857110 0.1529315 0.0946475 0.1307727 0.0214584 0.1728089 
Dasyuridae_Planigale_tenuirostris            0.0785752 0.1869101 0.1346750 0.1444916 0.1524551 0.0512102 0.1249438 0.1283242 0.1496529 0.1326706 0.2002984 0.1213919 0.0412832 0.1318105 0.1506648 0.1230817 0.0560831 0.0000000 0.1692467 0.1207994 0.1387113 0.1477009 0.1483543 0.1171955 0.1302741 0.1117892 0.1934946 0.1304945 0.0963370 0.1667103 0.1421380 0.0906744 0.1330434 0.0358529 0.1777779 
Peramelidae_Echymipera_kalubu                0.1176168 0.1754377 0.1219947 0.1338807 0.1364624 0.1637035 0.1149281 0.1182757 0.1416251 0.0985587 0.1778729 0.2058526 0.1490414 0.1173770 0.1259063 0.2353282 0.1602539 0.1692467 0.0000000 0.1190623 0.1289206 0.1585613 0.1625763 0.2267484 0.1206999 0.1012918 0.1693308 0.1244724 0.1029374 0.1641566 0.1295690 0.1248076 0.0341828 0.1425821 0.0503201 
Macropodidae_Dorcopsulus_vanheurni           0.0883076 0.1421545 0.0900989 0.0344068 0.0341670 0.1362876 0.0740140 0.0740341 0.0374825 0.1335308 0.1287648 0.1904580 0.1226609 0.0750327 0.0941778 0.2045352 0.1475680 0.1207994 0.1190623 0.0000000 0.0835246 0.1214145 0.1251566 0.1911223 0.0498578 0.0847204 0.1297446 0.0167458 0.0696113 0.1147140 0.0999239 0.0891004 0.1075164 0.1251063 0.1158750 
Pseudochiridae_Pseudochirulus_forbesi        0.0987215 0.1531613 0.0943021 0.0954881 0.1036791 0.1287661 0.0774847 0.0861754 0.1070649 0.1485945 0.1446705 0.2021054 0.1360415 0.0864759 0.0902169 0.2264597 0.1513756 0.1387113 0.1289206 0.0835246 0.0000000 0.1434977 0.1509455 0.2287192 0.0868240 0.0880617 0.1020404 0.0892382 0.0242761 0.1083331 0.0910420 0.0977513 0.1183408 0.1256998 0.1297377 
Didelphidae_Didelphis_virginiana             0.1306490 0.1773722 0.1239704 0.1300392 0.1435129 0.1477739 0.1271394 0.1287166 0.1494517 0.1749555 0.1956034 0.2144714 0.1460487 0.1253163 0.1391285 0.2300758 0.1687111 0.1477009 0.1585613 0.1214145 0.1434977 0.0000000 0.0756277 0.2303554 0.1243694 0.1010592 0.1858313 0.1202597 0.1153995 0.1762420 0.1379742 0.1363962 0.1357649 0.1404202 0.1597051 
Marmosidae_Monodelphis_domestica             0.1636013 0.1916415 0.1437788 0.1454099 0.1498196 0.1669068 0.1426615 0.1443516 0.1592339 0.1921224 0.2159851 0.2353777 0.1681616 0.1455804 0.1478748 0.2606885 0.1838604 0.1483543 0.1625763 0.1251566 0.1509455 0.0756277 0.0000000 0.2551631 0.1460643 0.1037500 0.2123701 0.1511101 0.1251391 0.1810926 0.1514870 0.1634464 0.1583550 0.1489299 0.1750075 
Dasyuridae_Antechinus_stuartii               0.0932283 0.2171691 0.1922035 0.2106688 0.2178745 0.1110539 0.1781750 0.1865972 0.2206732 0.1333134 0.1380536 0.0323485 0.0773072 0.1886036 0.2086957 0.0275810 0.1010327 0.1171955 0.2267484 0.1911223 0.2287192 0.2303554 0.2551631 0.0000000 0.1928344 0.1745583 0.1483393 0.1959710 0.1433081 0.2461508 0.2031927 0.0988612 0.1480494 0.0881252 0.2514700 
Hypsiprymnodontidae_Hypsiprymnodon_moschatus 0.0796341 0.1601536 0.0826708 0.0521774 0.0601464 0.1196536 0.0717280 0.0720322 0.0656807 0.1531389 0.1247786 0.1849111 0.1339535 0.0767141 0.0838115 0.2030259 0.1424114 0.1302741 0.1206999 0.0498578 0.0868240 0.1243694 0.1460643 0.1928344 0.0000000 0.0853117 0.1329902 0.0443793 0.0726631 0.1367963 0.0860780 0.0868075 0.1052991 0.1178315 0.1291514 
Microbiotheriidae_Dromiciops_gliroides       0.0888159 0.1181921 0.0850089 0.0877003 0.0899304 0.1109755 0.0759562 0.0797613 0.0925982 0.0979828 0.1359944 0.1680562 0.0947141 0.0756476 0.0903366 0.1816241 0.1220983 0.1117892 0.1012918 0.0847204 0.0880617 0.1010592 0.1037500 0.1745583 0.0853117 0.0000000 0.1284794 0.0785255 0.0721515 0.1075289 0.0958305 0.0835297 0.0874482 0.1020570 0.0993328 
Pseudochiridae_Petauroides_volans            0.0909020 0.1577151 0.1370708 0.1503228 0.1559791 0.1718637 0.1207314 0.1311975 0.1577521 0.1332988 0.1045004 0.1480970 0.1372820 0.1257305 0.1316928 0.1528985 0.1670488 0.1934946 0.1693308 0.1297446 0.1020404 0.1858313 0.2123701 0.1483393 0.1329902 0.1284794 0.0000000 0.1381233 0.0587165 0.1454421 0.1398436 0.0975602 0.1106093 0.1577475 0.1793535 
Macropodidae_Wallabia_bicolor                0.0872539 0.1494483 0.0851095 0.0297447 0.0321918 0.1300811 0.0670323 0.0723626 0.0347658 0.1431545 0.1298504 0.1975471 0.1290379 0.0714563 0.0943509 0.2123183 0.1457685 0.1304945 0.1244724 0.0167458 0.0892382 0.1202597 0.1511101 0.1959710 0.0443793 0.0785255 0.1381233 0.0000000 0.0681913 0.1337779 0.0949312 0.0888751 0.1039369 0.1245607 0.1222416 
Pseudochiridae_Pseudocheirus_occidentalis    0.0814912 0.1308010 0.0780974 0.0781004 0.0863418 0.0989407 0.0658276 0.0715526 0.0872725 0.1177118 0.0938521 0.1438459 0.1086405 0.0728897 0.0687948 0.1551129 0.1034402 0.0963370 0.1029374 0.0696113 0.0242761 0.1153995 0.1251391 0.1433081 0.0726631 0.0721515 0.0587165 0.0681913 0.0000000 0.0863369 0.0766568 0.0818271 0.0944433 0.0911810 0.1016566 
Tarsipedidae_Tarsipes_rostratus              0.1372253 0.1973413 0.1249222 0.1378219 0.1443830 0.1750686 0.1201615 0.1213388 0.1428419 0.1782615 0.1692275 0.2339546 0.1656963 0.1205143 0.1251063 0.2526818 0.1857110 0.1667103 0.1641566 0.1147140 0.1083331 0.1762420 0.1810926 0.2461508 0.1367963 0.1075289 0.1454421 0.1337779 0.0863369 0.0000000 0.1325838 0.1284040 0.1541814 0.1643132 0.1658968 
Acrobatidae_Distoechurus_pennatus            0.1034577 0.1726115 0.0915355 0.1035517 0.1066395 0.1344787 0.0802774 0.0803043 0.1091081 0.1580318 0.1417125 0.1981025 0.1379370 0.0839477 0.0525832 0.2077255 0.1529315 0.1421380 0.1295690 0.0999239 0.0910420 0.1379742 0.1514870 0.2031927 0.0860780 0.0958305 0.1398436 0.0949312 0.0766568 0.1325838 0.0000000 0.0868506 0.1152848 0.1327504 0.1384677 
Phalangeridae_Phalanger_carmelitae           0.0570983 0.1715025 0.0827556 0.0999595 0.1019682 0.0911400 0.0396290 0.0309447 0.1007542 0.0953897 0.0393277 0.1174058 0.0965173 0.0235444 0.0818608 0.1004683 0.0946475 0.0906744 0.1248076 0.0891004 0.0977513 0.1363962 0.1634464 0.0988612 0.0868075 0.0835297 0.0975602 0.0888751 0.0818271 0.1284040 0.0868506 0.0000000 0.1089005 0.0869274 0.1208558 
Peramelidae_Peroryctes_raffrayana            0.0991861 0.1594753 0.1042398 0.1162067 0.1197344 0.1339038 0.0935904 0.0982131 0.1197278 0.0630340 0.1078945 0.1491373 0.1393510 0.0984685 0.1098252 0.1594701 0.1307727 0.1330434 0.0341828 0.1075164 0.1183408 0.1357649 0.1583550 0.1480494 0.1052991 0.0874482 0.1106093 0.1039369 0.0944433 0.1541814 0.1152848 0.1089005 0.0000000 0.1176197 0.0452550 
Dasyuridae_Dasyurus_geffroii                 0.0847415 0.1725683 0.1234154 0.1351740 0.1382022 0.0231055 0.1150805 0.1161902 0.1412137 0.1164751 0.1647608 0.0834544 0.0446473 0.1154935 0.1301636 0.0903033 0.0214584 0.0358529 0.1425821 0.1251063 0.1256998 0.1404202 0.1489299 0.0881252 0.1178315 0.1020570 0.1577475 0.1245607 0.0911810 0.1643132 0.1327504 0.0869274 0.1176197 0.0000000 0.1466935 
Peramelidae_Perameles_gunnii                 0.1227514 0.1689502 0.1298527 0.1289796 0.1432710 0.1585733 0.1205490 0.1190084 0.1399315 0.0355223 0.1697731 0.2154113 0.1445199 0.1165076 0.1369276 0.2537038 0.1728089 0.1777779 0.0503201 0.1158750 0.1297377 0.1597051 0.1750075 0.2514700 0.1291514 0.0993328 0.1793535 0.1222416 0.1016566 0.1658968 0.1384677 0.1208558 0.0452550 0.1466935 0.0000000 
