35
Burramyidae_Burramys_parvus                  0.0000000 0.0774483 0.0651823 0.0623248 0.0660158 0.1031372 0.0540254 0.0579376 0.0684725 0.0986187 0.0604457 0.0961435 0.1040715 0.0555177 0.0668381 0.1002333 0.1033072 0.0895235 0.1011111 0.0671300 0.0681018 0.1203432 0.1155060 0.1024416 0.0643585 0.0956559 0.0753671 0.0679425 0.0561347 0.1058392 0.0660752 0.0548041 0.0936068 0.0915890 0.0974166 
Notoryctidae_Notoryctes_typhlops             0.0774483 0.0000000 0.0896220 0.0935679 0.0907336 0.1149637 0.0887332 0.0897619 0.0902410 0.1145886 0.0811797 0.1107500 0.1259784 0.0841920 0.0953724 0.1123261 0.1156398 0.1155731 0.1116707 0.0879533 0.0918059 0.1355556 0.1319587 0.1140532 0.0960964 0.1006518 0.0955359 0.0886171 0.0890520 0.1154536 0.1018280 0.0879650 0.1132179 0.1147451 0.1118140 
Vombatidae_Lasiorhinus_latifrons             0.0651823 0.0896220 0.0000000 0.0747637 0.0750158 0.1224449 0.0667697 0.0762695 0.0820146 0.1155663 0.0743443 0.1141244 0.1292249 0.0729550 0.0742908 0.1222309 0.1223503 0.1183791 0.1144729 0.0782564 0.0807097 0.1412941 0.1364036 0.1164577 0.0752041 0.1172696 0.0827069 0.0763662 0.0746184 0.1141300 0.0787620 0.0751764 0.1134551 0.1107833 0.1143463 
Potoroidae_Bettongia_penicillata             0.0623248 0.0935679 0.0747637 0.0000000 0.0045250 0.1239743 0.0720074 0.0779498 0.0136570 0.1133649 0.0742881 0.1140323 0.1314948 0.0753997 0.0774890 0.1204157 0.1278166 0.1192976 0.1127609 0.0186493 0.0757036 0.1435362 0.1401813 0.1160903 0.0417367 0.1124265 0.0819239 0.0180610 0.0691187 0.1089101 0.0758003 0.0779741 0.1098143 0.1127092 0.1120837 
Potoroidae_Bettongia_lesueur                 0.0660158 0.0907336 0.0750158 0.0045250 0.0000000 0.1236017 0.0728294 0.0782684 0.0147786 0.1142917 0.0744540 0.1130021 0.1298883 0.0752806 0.0761652 0.1194349 0.1255485 0.1224841 0.1116660 0.0201075 0.0762949 0.1457795 0.1429477 0.1159313 0.0425629 0.1168232 0.0817630 0.0198342 0.0684937 0.1111794 0.0742619 0.0783122 0.1105091 0.1105724 0.1122989 
Dasyuridae_Dasyurus_maculatus                0.1031372 0.1149637 0.1224449 0.1239743 0.1236017 0.0000000 0.1161498 0.1153060 0.1156856 0.1349852 0.1093148 0.0165963 0.0327444 0.1096689 0.1197013 0.0187987 0.0083842 0.0336910 0.1366851 0.1159144 0.1236740 0.1439472 0.1442481 0.0184764 0.1246550 0.1114063 0.1193223 0.1179850 0.1105645 0.1499698 0.1121232 0.1141075 0.1335263 0.0124355 0.1320431 
Phalangeridae_Trichosurus_vulpecula          0.0540254 0.0887332 0.0667697 0.0720074 0.0728294 0.1161498 0.0000000 0.0215179 0.0699624 0.1006143 0.0195125 0.1136587 0.1247567 0.0177287 0.0634121 0.1143603 0.1162390 0.1131475 0.1039802 0.0684785 0.0677015 0.1261319 0.1212089 0.1142292 0.0738054 0.1021075 0.0752703 0.0661521 0.0595445 0.0867793 0.0706034 0.0204224 0.1044007 0.1065571 0.0973034 
Phalangeridae_Spilocuscus_maculatus          0.0579376 0.0897619 0.0762695 0.0779498 0.0782684 0.1153060 0.0215179 0.0000000 0.0750325 0.1098806 0.0086237 0.1097914 0.1233463 0.0062588 0.0748973 0.1157726 0.1167645 0.1213095 0.1098239 0.0723415 0.0727033 0.1390798 0.1450270 0.1149487 0.0792371 0.1063787 0.0799717 0.0717229 0.0647400 0.1054323 0.0754246 0.0095449 0.1091854 0.1063489 0.1071669 
Potoroidae_Aepyprymnus_rufescens             0.0684725 0.0902410 0.0820146 0.0136570 0.0147786 0.1156856 0.0699624 0.0750325 0.0000000 0.1106665 0.0704019 0.1117330 0.1238495 0.0707698 0.0693674 0.1121631 0.1195225 0.1249187 0.1096338 0.0136942 0.0710306 0.1433982 0.1450620 0.1154524 0.0382669 0.1084776 0.0761900 0.0131190 0.0622650 0.1025854 0.0744683 0.0732462 0.1096677 0.1034131 0.1093539 
Peramelidae_Perameles_nasuta                 0.0986187 0.1145886 0.1155663 0.1133649 0.1142917 0.1349852 0.1006143 0.1098806 0.1106665 0.0000000 0.1097468 0.1234827 0.1280510 0.1108189 0.1123070 0.1284999 0.1289823 0.1318967 0.0234465 0.1092822 0.1166289 0.1472318 0.1406553 0.1268363 0.1200290 0.1248906 0.1129888 0.1093841 0.1021653 0.1487389 0.1058216 0.1133370 0.0296002 0.1232296 0.0009492 
Phalangeridae_Strigocuscus_pelengensis       0.0604457 0.0811797 0.0743443 0.0742881 0.0744540 0.1093148 0.0195125 0.0086237 0.0704019 0.1097468 0.0000000 0.1008777 0.1148872 0.0052221 0.0718106 0.1088639 0.1081758 0.1164338 0.1117251 0.0692731 0.0720017 0.1318431 0.1409883 0.1066340 0.0758593 0.1090487 0.0751632 0.0672322 0.0631666 0.1018187 0.0742070 0.0083565 0.1107696 0.0990920 0.1082332 
Dasyuridae_Phascogale_tapoatafa              0.0961435 0.1107500 0.1141244 0.1140323 0.1130021 0.0165963 0.1136587 0.1097914 0.1117330 0.1234827 0.1008777 0.0000000 0.0290804 0.1030057 0.1157618 0.0032714 0.0163006 0.0240482 0.1270977 0.1150482 0.1165250 0.1374084 0.1281379 0.0082330 0.1205784 0.0952926 0.1176200 0.1117768 0.1086647 0.1338694 0.1093000 0.1077198 0.1262235 0.0236535 0.1206207 
Dasyuridae_Sminthopsis_macroura              0.1040715 0.1259784 0.1292249 0.1314948 0.1298883 0.0327444 0.1247567 0.1233463 0.1238495 0.1280510 0.1148872 0.0290804 0.0000000 0.1177001 0.1187933 0.0284704 0.0322660 0.0248208 0.1331872 0.1251811 0.1298739 0.1515294 0.1530487 0.0314166 0.1355625 0.1138195 0.1285568 0.1250310 0.1153842 0.1667184 0.1179138 0.1217512 0.1300981 0.0404173 0.1247302 
Phalangeridae_Phalanger_orientalis           0.0555177 0.0841920 0.0729550 0.0753997 0.0752806 0.1096689 0.0177287 0.0062588 0.0707698 0.1108189 0.0052221 0.1030057 0.1177001 0.0000000 0.0690845 0.1094157 0.1091974 0.1173374 0.1107027 0.0694769 0.0680160 0.1347886 0.1388670 0.1116163 0.0752676 0.1059598 0.0774283 0.0687507 0.0617682 0.1021809 0.0719572 0.0038017 0.1089384 0.0991341 0.1070794 
Acrobatidae_Acrobates_pygmaeus               0.0668381 0.0953724 0.0742908 0.0774890 0.0761652 0.1197013 0.0634121 0.0748973 0.0693674 0.1123070 0.0718106 0.1157618 0.1187933 0.0690845 0.0000000 0.1150307 0.1201412 0.1233589 0.1132244 0.0712529 0.0646776 0.1360883 0.1381652 0.1213202 0.0729189 0.1064659 0.0687063 0.0691895 0.0518007 0.0938301 0.0375610 0.0733404 0.1142326 0.1070542 0.1117601 
Dasyuridae_Phascogale_calura                 0.1002333 0.1123261 0.1222309 0.1204157 0.1194349 0.0187987 0.1143603 0.1157726 0.1121631 0.1284999 0.1088639 0.0032714 0.0284704 0.1094157 0.1150307 0.0000000 0.0178750 0.0299387 0.1334634 0.1131660 0.1215407 0.1430241 0.1443246 0.0102351 0.1209180 0.1135382 0.1164545 0.1118560 0.1085333 0.1533025 0.1094306 0.1133858 0.1289908 0.0247327 0.1257403 
Dasyuridae_Sarcophilus_harrisii              0.1033072 0.1156398 0.1223503 0.1278166 0.1255485 0.0083842 0.1162390 0.1167645 0.1195225 0.1289823 0.1081758 0.0163006 0.0322660 0.1091974 0.1201412 0.0178750 0.0000000 0.0337087 0.1328923 0.1178091 0.1239210 0.1427068 0.1451927 0.0197513 0.1257359 0.1093824 0.1190852 0.1196728 0.1086272 0.1559911 0.1131910 0.1129842 0.1297767 0.0143671 0.1262127 
Dasyuridae_Planigale_tenuirostris            0.0895235 0.1155731 0.1183791 0.1192976 0.1224841 0.0336910 0.1131475 0.1213095 0.1249187 0.1318967 0.1164338 0.0240482 0.0248208 0.1173374 0.1233589 0.0299387 0.0337087 0.0000000 0.1403577 0.1254817 0.1320568 0.1495940 0.1444270 0.0279393 0.1243200 0.1248256 0.1340403 0.1231938 0.1185527 0.1653485 0.1244650 0.1217263 0.1321312 0.0381539 0.1321819 
Peramelidae_Echymipera_kalubu                0.1011111 0.1116707 0.1144729 0.1127609 0.1116660 0.1366851 0.1039802 0.1098239 0.1096338 0.0234465 0.1117251 0.1270977 0.1331872 0.1107027 0.1132244 0.1334634 0.1328923 0.1403577 0.0000000 0.1064845 0.1101614 0.1447526 0.1424242 0.1313080 0.1199605 0.1272497 0.1080369 0.1080339 0.0992565 0.1456875 0.1063067 0.1132016 0.0211190 0.1236450 0.0227895 
Macropodidae_Dorcopsulus_vanheurni           0.0671300 0.0879533 0.0782564 0.0186493 0.0201075 0.1159144 0.0684785 0.0723415 0.0136942 0.1092822 0.0692731 0.1150482 0.1251811 0.0694769 0.0712529 0.1131660 0.1178091 0.1254817 0.1064845 0.0000000 0.0716728 0.1364031 0.1460399 0.1156982 0.0362014 0.1076356 0.0738504 0.0070070 0.0615797 0.1039401 0.0728935 0.0719213 0.1078105 0.1041105 0.1079108 
Pseudochiridae_Pseudochirulus_forbesi        0.0681018 0.0918059 0.0807097 0.0757036 0.0762949 0.1236740 0.0677015 0.0727033 0.0710306 0.1166289 0.0720017 0.1165250 0.1298739 0.0680160 0.0646776 0.1215407 0.1239210 0.1320568 0.1101614 0.0716728 0.0000000 0.1376412 0.1424307 0.1250354 0.0793397 0.1004081 0.0381144 0.0700729 0.0149010 0.0854169 0.0652987 0.0708405 0.1077750 0.1106135 0.1139770 
Didelphidae_Didelphis_virginiana             0.1203432 0.1355556 0.1412941 0.1435362 0.1457795 0.1439472 0.1261319 0.1390798 0.1433982 0.1472318 0.1318431 0.1374084 0.1515294 0.1347886 0.1360883 0.1430241 0.1427068 0.1495940 0.1447526 0.1364031 0.1376412 0.0000000 0.0430358 0.1528286 0.1414988 0.1343393 0.1374016 0.1374506 0.1271269 0.1708478 0.1315950 0.1350601 0.1426184 0.1405814 0.1461380 
Marmosidae_Monodelphis_domestica             0.1155060 0.1319587 0.1364036 0.1401813 0.1429477 0.1442481 0.1212089 0.1450270 0.1450620 0.1406553 0.1409883 0.1281379 0.1530487 0.1388670 0.1381652 0.1443246 0.1451927 0.1444270 0.1424242 0.1460399 0.1424307 0.0430358 0.0000000 0.1445237 0.1523508 0.1435903 0.1448117 0.1487283 0.1335791 0.1770188 0.1385665 0.1405028 0.1363328 0.1465470 0.1403485 
Dasyuridae_Antechinus_stuartii               0.1024416 0.1140532 0.1164577 0.1160903 0.1159313 0.0184764 0.1142292 0.1149487 0.1154524 0.1268363 0.1066340 0.0082330 0.0314166 0.1116163 0.1213202 0.0102351 0.0197513 0.0279393 0.1313080 0.1156982 0.1250354 0.1528286 0.1445237 0.0000000 0.1222108 0.1159876 0.1192119 0.1130479 0.1128432 0.1538892 0.1092373 0.1163529 0.1304978 0.0257711 0.1240956 
Hypsiprymnodontidae_Hypsiprymnodon_moschatus 0.0643585 0.0960964 0.0752041 0.0417367 0.0425629 0.1246550 0.0738054 0.0792371 0.0382669 0.1200290 0.0758593 0.1205784 0.1355625 0.0752676 0.0729189 0.1209180 0.1257359 0.1243200 0.1199605 0.0362014 0.0793397 0.1414988 0.1523508 0.1222108 0.0000000 0.1131127 0.0813876 0.0344776 0.0695589 0.1108848 0.0759000 0.0778187 0.1151306 0.1111501 0.1199595 
Microbiotheriidae_Dromiciops_gliroides       0.0956559 0.1006518 0.1172696 0.1124265 0.1168232 0.1114063 0.1021075 0.1063787 0.1084776 0.1248906 0.1090487 0.0952926 0.1138195 0.1059598 0.1064659 0.1135382 0.1093824 0.1248256 0.1272497 0.1076356 0.1004081 0.1343393 0.1435903 0.1159876 0.1131127 0.0000000 0.1121712 0.1069038 0.0983797 0.1564046 0.1176160 0.1048662 0.1225147 0.1092056 0.1266071 
Pseudochiridae_Petauroides_volans            0.0753671 0.0955359 0.0827069 0.0819239 0.0817630 0.1193223 0.0752703 0.0799717 0.0761900 0.1129888 0.0751632 0.1176200 0.1285568 0.0774283 0.0687063 0.1164545 0.1190852 0.1340403 0.1080369 0.0738504 0.0381144 0.1374016 0.1448117 0.1192119 0.0813876 0.1121712 0.0000000 0.0732047 0.0302372 0.0807239 0.0590266 0.0800401 0.1094758 0.1194150 0.1104095 
Macropodidae_Wallabia_bicolor                0.0679425 0.0886171 0.0763662 0.0180610 0.0198342 0.1179850 0.0661521 0.0717229 0.0131190 0.1093841 0.0672322 0.1117768 0.1250310 0.0687507 0.0691895 0.1118560 0.1196728 0.1231938 0.1080339 0.0070070 0.0700729 0.1374506 0.1487283 0.1130479 0.0344776 0.1069038 0.0732047 0.0000000 0.0601146 0.1017981 0.0730511 0.0699658 0.1086761 0.1038490 0.1074804 
Pseudochiridae_Pseudocheirus_occidentalis    0.0561347 0.0890520 0.0746184 0.0691187 0.0684937 0.1105645 0.0595445 0.0647400 0.0622650 0.1021653 0.0631666 0.1086647 0.1153842 0.0617682 0.0518007 0.1085333 0.1086272 0.1185527 0.0992565 0.0615797 0.0149010 0.1271269 0.1335791 0.1128432 0.0695589 0.0983797 0.0302372 0.0601146 0.0000000 0.0726828 0.0511686 0.0640787 0.0961532 0.0984763 0.1007932 
Tarsipedidae_Tarsipes_rostratus              0.1058392 0.1154536 0.1141300 0.1089101 0.1111794 0.1499698 0.0867793 0.1054323 0.1025854 0.1487389 0.1018187 0.1338694 0.1667184 0.1021809 0.0938301 0.1533025 0.1559911 0.1653485 0.1456875 0.1039401 0.0854169 0.1708478 0.1770188 0.1538892 0.1108848 0.1564046 0.0807239 0.1017981 0.0726828 0.0000000 0.0901186 0.1054609 0.1473534 0.1529403 0.1496230 
Acrobatidae_Distoechurus_pennatus            0.0660752 0.1018280 0.0787620 0.0758003 0.0742619 0.1121232 0.0706034 0.0754246 0.0744683 0.1058216 0.0742070 0.1093000 0.1179138 0.0719572 0.0375610 0.1094306 0.1131910 0.1244650 0.1063067 0.0728935 0.0652987 0.1315950 0.1385665 0.1092373 0.0759000 0.1176160 0.0590266 0.0730511 0.0511686 0.0901186 0.0000000 0.0762135 0.1084869 0.1101258 0.1029944 
Phalangeridae_Phalanger_carmelitae           0.0548041 0.0879650 0.0751764 0.0779741 0.0783122 0.1141075 0.0204224 0.0095449 0.0732462 0.1133370 0.0083565 0.1077198 0.1217512 0.0038017 0.0733404 0.1133858 0.1129842 0.1217263 0.1132016 0.0719213 0.0708405 0.1350601 0.1405028 0.1163529 0.0778187 0.1048662 0.0800401 0.0699658 0.0640787 0.1054609 0.0762135 0.0000000 0.1113430 0.1031628 0.1095078 
Peramelidae_Peroryctes_raffrayana            0.0936068 0.1132179 0.1134551 0.1098143 0.1105091 0.1335263 0.1044007 0.1091854 0.1096677 0.0296002 0.1107696 0.1262235 0.1300981 0.1089384 0.1142326 0.1289908 0.1297767 0.1321312 0.0211190 0.1078105 0.1077750 0.1426184 0.1363328 0.1304978 0.1151306 0.1225147 0.1094758 0.1086761 0.0961532 0.1473534 0.1084869 0.1113430 0.0000000 0.1205967 0.0297105 
Dasyuridae_Dasyurus_geffroii                 0.0915890 0.1147451 0.1107833 0.1127092 0.1105724 0.0124355 0.1065571 0.1063489 0.1034131 0.1232296 0.0990920 0.0236535 0.0404173 0.0991341 0.1070542 0.0247327 0.0143671 0.0381539 0.1236450 0.1041105 0.1106135 0.1405814 0.1465470 0.0257711 0.1111501 0.1092056 0.1194150 0.1038490 0.0984763 0.1529403 0.1101258 0.1031628 0.1205967 0.0000000 0.1205533 
Peramelidae_Perameles_gunnii                 0.0974166 0.1118140 0.1143463 0.1120837 0.1122989 0.1320431 0.0973034 0.1071669 0.1093539 0.0009492 0.1082332 0.1206207 0.1247302 0.1070794 0.1117601 0.1257403 0.1262127 0.1321819 0.0227895 0.1079108 0.1139770 0.1461380 0.1403485 0.1240956 0.1199595 0.1266071 0.1104095 0.1074804 0.1007932 0.1496230 0.1029944 0.1095078 0.0297105 0.1205533 0.0000000 
