35
Burramyidae_Burramys_parvus                  0.0000000 0.1198171 0.1014424 0.0602970 0.0935072 0.0820180 0.0695215 0.0737214 0.0907752 0.1188619 0.0673792 0.0838575 0.1400427 0.0761168 0.0573247 0.0829980 0.1305376 0.0901046 0.1166306 0.0578908 0.0903185 0.1066396 0.1155619 0.0875206 0.0888102 0.0928395 0.0777629 0.0561557 0.0873019 0.1112871 0.0857409 0.0785404 0.1129743 0.1297375 0.1175503 
Notoryctidae_Notoryctes_typhlops             0.1198171 0.0000000 0.1230733 0.0927206 0.1319682 0.0868553 0.1161307 0.1176837 0.1346872 0.1147206 0.1137918 0.0897751 0.1430787 0.1242295 0.0951388 0.0875489 0.1404550 0.0926312 0.1201728 0.0909254 0.1281310 0.1021499 0.1316448 0.0907302 0.1279119 0.1118454 0.1218200 0.0903682 0.1287965 0.1482420 0.1236496 0.1235709 0.1122513 0.1375321 0.1148221 
Vombatidae_Lasiorhinus_latifrons             0.1014424 0.1230733 0.0000000 0.0706596 0.1088262 0.0802019 0.0873125 0.0911549 0.1094074 0.1190506 0.0812961 0.0842658 0.1395054 0.0949071 0.0735747 0.0833562 0.1365701 0.0858494 0.1156993 0.0689841 0.1051209 0.1084361 0.1238967 0.0882031 0.1042023 0.0989935 0.0967207 0.0679254 0.1037622 0.1298010 0.0939465 0.0958592 0.1117644 0.1287140 0.1188861 
Potoroidae_Bettongia_penicillata             0.0602970 0.0927206 0.0706596 0.0000000 0.0041887 0.0752400 0.0509042 0.0542239 0.0095424 0.0857962 0.0513382 0.0774832 0.1082823 0.0556439 0.0690871 0.0763979 0.1032521 0.0832901 0.0852858 0.0210715 0.0664312 0.0822175 0.0889126 0.0818598 0.0342053 0.0768018 0.0645672 0.0199456 0.0673981 0.0851017 0.0655537 0.0541233 0.0814060 0.1035681 0.0845647 
Potoroidae_Bettongia_lesueur                 0.0935072 0.1319682 0.1088262 0.0041887 0.0000000 0.0891845 0.0747396 0.0774114 0.0147629 0.1249104 0.0777000 0.0905828 0.1530253 0.0815737 0.0672466 0.0904528 0.1451440 0.0955238 0.1222968 0.0202226 0.0991732 0.1105189 0.1260425 0.0973414 0.0486310 0.1089352 0.0968189 0.0191255 0.1001156 0.1277486 0.0962080 0.0772750 0.1184909 0.1446786 0.1240201 
Dasyuridae_Dasyurus_maculatus                0.0820180 0.0868553 0.0802019 0.0752400 0.0891845 0.0000000 0.0746814 0.0786949 0.0898698 0.0819538 0.0715895 0.0183525 0.0294238 0.0801427 0.0789187 0.0174127 0.0105534 0.0284562 0.0794127 0.0747802 0.0831079 0.0856366 0.1019576 0.0207349 0.0839083 0.0678163 0.0829169 0.0716567 0.0823339 0.1079841 0.0842254 0.0826263 0.0765470 0.0069434 0.0821934 
Phalangeridae_Trichosurus_vulpecula          0.0695215 0.1161307 0.0873125 0.0509042 0.0747396 0.0746814 0.0000000 0.0276483 0.0734434 0.1081431 0.0399615 0.0805561 0.1361576 0.0308059 0.0521891 0.0796860 0.1278892 0.0861103 0.1084496 0.0502621 0.0774422 0.0964693 0.1008191 0.0814032 0.0682383 0.0892612 0.0747751 0.0494358 0.0779377 0.1071945 0.0780023 0.0305689 0.1030886 0.1259640 0.1078116 
Phalangeridae_Spilocuscus_maculatus          0.0737214 0.1176837 0.0911549 0.0542239 0.0774114 0.0786949 0.0276483 0.0000000 0.0789946 0.1115622 0.0267900 0.0841413 0.1439962 0.0178515 0.0582148 0.0832749 0.1317869 0.0896430 0.1103474 0.0522087 0.0816163 0.0982024 0.1081825 0.0850381 0.0730536 0.0940214 0.0758122 0.0528526 0.0812313 0.1111130 0.0814340 0.0160951 0.1062653 0.1315045 0.1102724 
Potoroidae_Aepyprymnus_rufescens             0.0907752 0.1346872 0.1094074 0.0095424 0.0147629 0.0898698 0.0734434 0.0789946 0.0000000 0.1248826 0.0787431 0.0899182 0.1519244 0.0814755 0.0660490 0.0897907 0.1444471 0.0947155 0.1205778 0.0205195 0.0992265 0.1086939 0.1240939 0.0959754 0.0491653 0.1098227 0.0951308 0.0196478 0.0989120 0.1262910 0.0973319 0.0771634 0.1180533 0.1439648 0.1240078 
Peramelidae_Perameles_nasuta                 0.1188619 0.1147206 0.1190506 0.0857962 0.1249104 0.0819538 0.1081431 0.1115622 0.1248826 0.0000000 0.1064249 0.0890811 0.1444478 0.1147861 0.0903997 0.0886610 0.1336719 0.0934563 0.0199599 0.0856949 0.1204836 0.0908472 0.1236113 0.0925837 0.1226531 0.1082653 0.1165756 0.0850539 0.1212218 0.1504400 0.1175620 0.1156671 0.0151886 0.1301976 0.0005941 
Phalangeridae_Strigocuscus_pelengensis       0.0673792 0.1137918 0.0812961 0.0513382 0.0777000 0.0715895 0.0399615 0.0267900 0.0787431 0.1064249 0.0000000 0.0754936 0.1335355 0.0325450 0.0555495 0.0747424 0.1265783 0.0825427 0.1033943 0.0503429 0.0708443 0.0897092 0.1048911 0.0780896 0.0791885 0.0866921 0.0636374 0.0508682 0.0701896 0.0974904 0.0732872 0.0325819 0.1005208 0.1230404 0.1063826 
Dasyuridae_Phascogale_tapoatafa              0.0838575 0.0897751 0.0842658 0.0774832 0.0905828 0.0183525 0.0805561 0.0841413 0.0899182 0.0890811 0.0754936 0.0000000 0.0294968 0.0856804 0.0780217 0.0037164 0.0222368 0.0281883 0.0864998 0.0779185 0.0877852 0.0920328 0.1029532 0.0117760 0.0898022 0.0715802 0.0835353 0.0734245 0.0852283 0.1078139 0.0840355 0.0881746 0.0835001 0.0183403 0.0897254 
Dasyuridae_Sminthopsis_macroura              0.1400427 0.1430787 0.1395054 0.1082823 0.1530253 0.0294238 0.1361576 0.1439962 0.1519244 0.1444478 0.1335355 0.0294968 0.0000000 0.1496543 0.1151739 0.0284939 0.0496833 0.0309037 0.1425834 0.1088766 0.1510598 0.1300040 0.1557445 0.0324461 0.1391787 0.1204758 0.1466715 0.1043238 0.1473111 0.1794024 0.1475756 0.1494238 0.1373215 0.0444383 0.1449398 
Phalangeridae_Phalanger_orientalis           0.0761168 0.1242295 0.0949071 0.0556439 0.0815737 0.0801427 0.0308059 0.0178515 0.0814755 0.1147861 0.0325450 0.0856804 0.1496543 0.0000000 0.0581227 0.0847903 0.1381681 0.0942580 0.1151150 0.0549338 0.0849254 0.1051993 0.1119242 0.0870069 0.0753484 0.0993032 0.0805143 0.0539167 0.0849280 0.1152613 0.0849368 0.0091912 0.1105912 0.1354824 0.1143032 
Acrobatidae_Acrobates_pygmaeus               0.0573247 0.0951388 0.0735747 0.0690871 0.0672466 0.0789187 0.0521891 0.0582148 0.0660490 0.0903997 0.0555495 0.0780217 0.1151739 0.0581227 0.0000000 0.0774214 0.1058338 0.0865496 0.0893662 0.0668318 0.0554398 0.1060439 0.0903148 0.0815452 0.0574513 0.0798755 0.0505633 0.0626865 0.0561296 0.0720103 0.0362557 0.0591638 0.0860116 0.1061989 0.0903269 
Dasyuridae_Phascogale_calura                 0.0829980 0.0875489 0.0833562 0.0763979 0.0904528 0.0174127 0.0796860 0.0832749 0.0897907 0.0886610 0.0747424 0.0037164 0.0284939 0.0847903 0.0774214 0.0000000 0.0209605 0.0264966 0.0860809 0.0768308 0.0868327 0.0889885 0.1024601 0.0108695 0.0884137 0.0694915 0.0835465 0.0726128 0.0843795 0.1063935 0.0831302 0.0872844 0.0830876 0.0180277 0.0893039 
Dasyuridae_Sarcophilus_harrisii              0.1305376 0.1404550 0.1365701 0.1032521 0.1451440 0.0105534 0.1278892 0.1317869 0.1444471 0.1336719 0.1265783 0.0222368 0.0496833 0.1381681 0.1058338 0.0209605 0.0000000 0.0299209 0.1291345 0.1029395 0.1405002 0.1356829 0.1540867 0.0240493 0.1318300 0.1153143 0.1369213 0.1004652 0.1431574 0.1732777 0.1367599 0.1388367 0.1291989 0.0170501 0.1336697 
Dasyuridae_Planigale_tenuirostris            0.0901046 0.0926312 0.0858494 0.0832901 0.0955238 0.0284562 0.0861103 0.0896430 0.0947155 0.0934563 0.0825427 0.0281883 0.0309037 0.0942580 0.0865496 0.0264966 0.0299209 0.0000000 0.0916398 0.0818203 0.0965106 0.0890264 0.1111973 0.0297176 0.0946499 0.0765369 0.0893533 0.0806854 0.0921150 0.1108675 0.0875895 0.0954812 0.0880428 0.0264279 0.0935816 
Peramelidae_Echymipera_kalubu                0.1166306 0.1201728 0.1156993 0.0852858 0.1222968 0.0794127 0.1084496 0.1103474 0.1205778 0.0199599 0.1033943 0.0864998 0.1425834 0.1151150 0.0893662 0.0860809 0.1291345 0.0916398 0.0000000 0.0841145 0.1194322 0.0945885 0.1214979 0.0899667 0.1206789 0.1049655 0.1189477 0.0853228 0.1206273 0.1472780 0.1158839 0.1160131 0.0163937 0.1269003 0.0207238 
Macropodidae_Dorcopsulus_vanheurni           0.0578908 0.0909254 0.0689841 0.0210715 0.0202226 0.0747802 0.0502621 0.0522087 0.0205195 0.0856949 0.0503429 0.0779185 0.1088766 0.0549338 0.0668318 0.0768308 0.1029395 0.0818203 0.0841145 0.0000000 0.0615325 0.0856771 0.0896072 0.0832305 0.0337824 0.0757158 0.0585195 0.0108741 0.0614894 0.0836006 0.0662010 0.0534133 0.0821009 0.1045970 0.0844592 
Pseudochiridae_Pseudochirulus_forbesi        0.0903185 0.1281310 0.1051209 0.0664312 0.0991732 0.0831079 0.0774422 0.0816163 0.0992265 0.1204836 0.0708443 0.0877852 0.1510598 0.0849254 0.0554398 0.0868327 0.1405002 0.0965106 0.1194322 0.0615325 0.0000000 0.1009701 0.1190273 0.0890117 0.0911484 0.1048228 0.0414020 0.0621737 0.0239706 0.0899261 0.0718339 0.0859987 0.1152542 0.1396135 0.1210645 
Didelphidae_Didelphis_virginiana             0.1066396 0.1021499 0.1084361 0.0822175 0.1105189 0.0856366 0.0964693 0.0982024 0.1086939 0.0908472 0.0897092 0.0920328 0.1300040 0.1051993 0.1060439 0.0889885 0.1356829 0.0890264 0.0945885 0.0856771 0.1009701 0.0000000 0.0187633 0.0881846 0.1014741 0.0783222 0.0870254 0.0861971 0.0988022 0.1154979 0.0886920 0.1036512 0.0924457 0.1296740 0.0913816 
Marmosidae_Monodelphis_domestica             0.1155619 0.1316448 0.1238967 0.0889126 0.1260425 0.1019576 0.1008191 0.1081825 0.1240939 0.1236113 0.1048911 0.1029532 0.1557445 0.1119242 0.0903148 0.1024601 0.1540867 0.1111973 0.1214979 0.0896072 0.1190273 0.0187633 0.0000000 0.1081913 0.1094679 0.1108615 0.1115009 0.0874169 0.1172669 0.1524778 0.1180186 0.1132950 0.1184464 0.1477128 0.1242455 
Dasyuridae_Antechinus_stuartii               0.0875206 0.0907302 0.0882031 0.0818598 0.0973414 0.0207349 0.0814032 0.0850381 0.0959754 0.0925837 0.0780896 0.0117760 0.0324461 0.0870069 0.0815452 0.0108695 0.0240493 0.0297176 0.0899667 0.0832305 0.0890117 0.0881846 0.1081913 0.0000000 0.0934072 0.0743814 0.0869451 0.0789984 0.0882491 0.1062371 0.0865967 0.0886627 0.0868817 0.0207209 0.0931821 
Hypsiprymnodontidae_Hypsiprymnodon_moschatus 0.0888102 0.1279119 0.1042023 0.0342053 0.0486310 0.0839083 0.0682383 0.0730536 0.0491653 0.1226531 0.0791885 0.0898022 0.1391787 0.0753484 0.0574513 0.0884137 0.1318300 0.0946499 0.1206789 0.0337824 0.0911484 0.1014741 0.1094679 0.0934072 0.0000000 0.1012995 0.0894263 0.0319659 0.0912285 0.1243716 0.0899941 0.0746224 0.1163281 0.1320985 0.1220610 
Microbiotheriidae_Dromiciops_gliroides       0.0928395 0.1118454 0.0989935 0.0768018 0.1089352 0.0678163 0.0892612 0.0940214 0.1098227 0.1082653 0.0866921 0.0715802 0.1204758 0.0993032 0.0798755 0.0694915 0.1153143 0.0765369 0.1049655 0.0757158 0.1048228 0.0783222 0.1108615 0.0743814 0.1012995 0.0000000 0.0963575 0.0740345 0.1023737 0.1260116 0.0983399 0.0986059 0.1002333 0.1132858 0.1086023 
Pseudochiridae_Petauroides_volans            0.0777629 0.1218200 0.0967207 0.0645672 0.0968189 0.0829169 0.0747751 0.0758122 0.0951308 0.1165756 0.0636374 0.0835353 0.1466715 0.0805143 0.0505633 0.0835465 0.1369213 0.0893533 0.1189477 0.0585195 0.0414020 0.0870254 0.1115009 0.0869451 0.0894263 0.0963575 0.0000000 0.0579500 0.0368393 0.0825040 0.0655825 0.0805589 0.1130703 0.1343007 0.1173156 
Macropodidae_Wallabia_bicolor                0.0561557 0.0903682 0.0679254 0.0199456 0.0191255 0.0716567 0.0494358 0.0528526 0.0196478 0.0850539 0.0508682 0.0734245 0.1043238 0.0539167 0.0626865 0.0726128 0.1004652 0.0806854 0.0853228 0.0108741 0.0621737 0.0861971 0.0874169 0.0789984 0.0319659 0.0740345 0.0579500 0.0000000 0.0621426 0.0817369 0.0645428 0.0524302 0.0819218 0.0998773 0.0845600 
Pseudochiridae_Pseudocheirus_occidentalis    0.0873019 0.1287965 0.1037622 0.0673981 0.1001156 0.0823339 0.0779377 0.0812313 0.0989120 0.1212218 0.0701896 0.0852283 0.1473111 0.0849280 0.0561296 0.0843795 0.1431574 0.0921150 0.1206273 0.0614894 0.0239706 0.0988022 0.1172669 0.0882491 0.0912285 0.1023737 0.0368393 0.0621426 0.0000000 0.0884544 0.0708083 0.0855598 0.1175106 0.1399093 0.1217944 
Tarsipedidae_Tarsipes_rostratus              0.1112871 0.1482420 0.1298010 0.0851017 0.1277486 0.1079841 0.1071945 0.1111130 0.1262910 0.1504400 0.0974904 0.1078139 0.1794024 0.1152613 0.0720103 0.1063935 0.1732777 0.1108675 0.1472780 0.0836006 0.0899261 0.1154979 0.1524778 0.1062371 0.1243716 0.1260116 0.0825040 0.0817369 0.0884544 0.0000000 0.1014837 0.1138504 0.1428345 0.1652851 0.1494685 
Acrobatidae_Distoechurus_pennatus            0.0857409 0.1236496 0.0939465 0.0655537 0.0962080 0.0842254 0.0780023 0.0814340 0.0973319 0.1175620 0.0732872 0.0840355 0.1475756 0.0849368 0.0362557 0.0831302 0.1367599 0.0875895 0.1158839 0.0662010 0.0718339 0.0886920 0.1180186 0.0865967 0.0899941 0.0983399 0.0655825 0.0645428 0.0708083 0.1014837 0.0000000 0.0859842 0.1111770 0.1355943 0.1181249 
Phalangeridae_Phalanger_carmelitae           0.0785404 0.1235709 0.0958592 0.0541233 0.0772750 0.0826263 0.0305689 0.0160951 0.0771634 0.1156671 0.0325819 0.0881746 0.1494238 0.0091912 0.0591638 0.0872844 0.1388367 0.0954812 0.1160131 0.0534133 0.0859987 0.1036512 0.1132950 0.0886627 0.0746224 0.0986059 0.0805589 0.0524302 0.0855598 0.1138504 0.0859842 0.0000000 0.1101525 0.1361528 0.1143667 
Peramelidae_Peroryctes_raffrayana            0.1129743 0.1122513 0.1117644 0.0814060 0.1184909 0.0765470 0.1030886 0.1062653 0.1180533 0.0151886 0.1005208 0.0835001 0.1373215 0.1105912 0.0860116 0.0830876 0.1291989 0.0880428 0.0163937 0.0821009 0.1152542 0.0924457 0.1184464 0.0868817 0.1163281 0.1002333 0.1130703 0.0819218 0.1175106 0.1428345 0.1111770 0.1101525 0.0000000 0.1230462 0.0155534 
Dasyuridae_Dasyurus_geffroii                 0.1297375 0.1375321 0.1287140 0.1035681 0.1446786 0.0069434 0.1259640 0.1315045 0.1439648 0.1301976 0.1230404 0.0183403 0.0444383 0.1354824 0.1061989 0.0180277 0.0170501 0.0264279 0.1269003 0.1045970 0.1396135 0.1296740 0.1477128 0.0207209 0.1320985 0.1132858 0.1343007 0.0998773 0.1399093 0.1652851 0.1355943 0.1361528 0.1230462 0.0000000 0.1291662 
Peramelidae_Perameles_gunnii                 0.1175503 0.1148221 0.1188861 0.0845647 0.1240201 0.0821934 0.1078116 0.1102724 0.1240078 0.0005941 0.1063826 0.0897254 0.1449398 0.1143032 0.0903269 0.0893039 0.1336697 0.0935816 0.0207238 0.0844592 0.1210645 0.0913816 0.1242455 0.0931821 0.1220610 0.1086023 0.1173156 0.0845600 0.1217944 0.1494685 0.1181249 0.1143667 0.0155534 0.1291662 0.0000000 
