35
Burramyidae_Burramys_parvus                  0.0000000 0.1213029 0.0795133 0.0574024 0.0605327 0.1050331 0.0550940 0.0678852 0.0579854 0.1164775 0.0550843 0.0965198 0.0989442 0.0524546 0.0670762 0.0963788 0.0980918 0.0892621 0.1260614 0.0609237 0.0813132 0.1653281 0.2009672 0.0945484 0.0733829 0.1056933 0.0825303 0.0592792 0.0933882 0.1063529 0.0684898 0.0569914 0.1203965 0.1022998 0.1200827 
Notoryctidae_Notoryctes_typhlops             0.1213029 0.0000000 0.1261277 0.1255888 0.1301716 0.1336029 0.1164175 0.1248016 0.1203363 0.1265971 0.1264816 0.1201199 0.1274955 0.1200006 0.1245691 0.1264829 0.1255236 0.1220496 0.1328585 0.1240236 0.1429009 0.1832966 0.2238355 0.1242339 0.1386933 0.1299877 0.1369063 0.1235422 0.1379580 0.1704956 0.1218717 0.1244026 0.1266663 0.1322509 0.1268992 
Vombatidae_Lasiorhinus_latifrons             0.0795133 0.1261277 0.0000000 0.0785043 0.0816631 0.1161658 0.0759739 0.0828944 0.0742383 0.1098837 0.0767047 0.1022294 0.1081044 0.0736369 0.0845875 0.1031833 0.1104671 0.0980491 0.1247136 0.0832337 0.1063378 0.1745959 0.2095797 0.1001425 0.0859678 0.1051389 0.1031742 0.0785061 0.1087484 0.1194107 0.0880536 0.0797351 0.1083029 0.1139375 0.1173838 
Potoroidae_Bettongia_penicillata             0.0574024 0.1255888 0.0785043 0.0000000 0.0044027 0.1026208 0.0566024 0.0634100 0.0121692 0.1150361 0.0556301 0.0961940 0.0952172 0.0578623 0.0616996 0.0918332 0.0953207 0.0912727 0.1204746 0.0216642 0.0752446 0.1624267 0.2009657 0.0928984 0.0455105 0.1007012 0.0769208 0.0187273 0.0836487 0.0896127 0.0594132 0.0625806 0.1104788 0.0993879 0.1156429 
Potoroidae_Bettongia_lesueur                 0.0605327 0.1301716 0.0816631 0.0044027 0.0000000 0.1088336 0.0602820 0.0706086 0.0144819 0.1181081 0.0605321 0.1020934 0.1004660 0.0627081 0.0643038 0.0971416 0.1016857 0.0970243 0.1230136 0.0243338 0.0791351 0.1678346 0.2058137 0.0983278 0.0494598 0.1033841 0.0816171 0.0217941 0.0885091 0.0952695 0.0619403 0.0674681 0.1158867 0.1042528 0.1183034 
Dasyuridae_Dasyurus_maculatus                0.1050331 0.1336029 0.1161658 0.1026208 0.1088336 0.0000000 0.1101262 0.1306949 0.1087740 0.1437889 0.1080002 0.0169425 0.0184367 0.1039250 0.1191593 0.0155318 0.0049575 0.0188380 0.1461956 0.1106736 0.1317012 0.1707001 0.2082090 0.0133804 0.1253591 0.1238138 0.1317714 0.1058275 0.1508223 0.1472543 0.1247417 0.1114939 0.1501085 0.0055694 0.1369834 
Phalangeridae_Trichosurus_vulpecula          0.0550940 0.1164175 0.0759739 0.0566024 0.0602820 0.1101262 0.0000000 0.0240785 0.0570016 0.1168556 0.0220774 0.1007166 0.1022534 0.0187224 0.0663167 0.0994604 0.1029299 0.0941859 0.1224422 0.0547357 0.0785736 0.1716040 0.2066436 0.0978887 0.0710944 0.1002540 0.0826340 0.0507597 0.0874737 0.0932531 0.0674826 0.0242569 0.1185796 0.1073695 0.1165403 
Phalangeridae_Spilocuscus_maculatus          0.0678852 0.1248016 0.0828944 0.0634100 0.0706086 0.1306949 0.0240785 0.0000000 0.0641640 0.1116050 0.0145033 0.1215181 0.1195186 0.0088523 0.0814780 0.1212265 0.1207692 0.1246026 0.1123194 0.0641558 0.0989180 0.1321372 0.1890828 0.1184737 0.0805457 0.1315303 0.1050648 0.0599296 0.0879025 0.1098231 0.0767679 0.0094132 0.1138257 0.1272309 0.1109699 
Potoroidae_Aepyprymnus_rufescens             0.0579854 0.1203363 0.0742383 0.0121692 0.0144819 0.1087740 0.0570016 0.0641640 0.0000000 0.1093527 0.0555795 0.1008066 0.0999333 0.0566071 0.0609412 0.0944782 0.1035016 0.0953083 0.1163689 0.0229013 0.0746535 0.1642449 0.2028314 0.0960729 0.0461324 0.1008497 0.0768810 0.0203903 0.0827184 0.0888524 0.0587263 0.0613573 0.1108941 0.1054106 0.1103723 
Peramelidae_Perameles_nasuta                 0.1164775 0.1265971 0.1098837 0.1150361 0.1181081 0.1437889 0.1168556 0.1116050 0.1093527 0.0000000 0.1178680 0.1278338 0.1364001 0.1169599 0.1247566 0.1320360 0.1322681 0.1225746 0.0166721 0.1076407 0.1425281 0.1693814 0.2279291 0.1252274 0.1297514 0.1252747 0.1510841 0.1084007 0.1300845 0.1524865 0.1175152 0.1198530 0.0159740 0.1409355 0.0030424 
Phalangeridae_Strigocuscus_pelengensis       0.0550843 0.1264816 0.0767047 0.0556301 0.0605321 0.1080002 0.0220774 0.0145033 0.0555795 0.1178680 0.0000000 0.1001279 0.1034373 0.0109395 0.0710749 0.0981818 0.1024851 0.0978827 0.1242047 0.0585275 0.0822281 0.1673339 0.2061409 0.0971852 0.0821143 0.0984692 0.0858413 0.0556020 0.0936665 0.0978386 0.0708627 0.0155170 0.1193699 0.1052131 0.1175592 
Dasyuridae_Phascogale_tapoatafa              0.0965198 0.1201199 0.1022294 0.0961940 0.1020934 0.0169425 0.1007166 0.1215181 0.1008066 0.1278338 0.1001279 0.0000000 0.0151921 0.0952971 0.1106716 0.0014950 0.0160078 0.0134482 0.1263324 0.0977257 0.1204762 0.1468307 0.1785461 0.0049757 0.1167161 0.1175396 0.1239586 0.0956046 0.1383466 0.1392298 0.1096353 0.0996031 0.1341217 0.0181146 0.1163924 
Dasyuridae_Sminthopsis_macroura              0.0989442 0.1274955 0.1081044 0.0952172 0.1004660 0.0184367 0.1022534 0.1195186 0.0999333 0.1364001 0.1034373 0.0151921 0.0000000 0.0982972 0.1128974 0.0165890 0.0184140 0.0104524 0.1374211 0.0984996 0.1187165 0.1744890 0.2074062 0.0151590 0.1173692 0.1159866 0.1228488 0.0959459 0.1281767 0.1414065 0.1140378 0.1055835 0.1405996 0.0183962 0.1290872 
Phalangeridae_Phalanger_orientalis           0.0524546 0.1200006 0.0736369 0.0578623 0.0627081 0.1039250 0.0187224 0.0088523 0.0566071 0.1169599 0.0109395 0.0952971 0.0982972 0.0000000 0.0676178 0.0930829 0.0996962 0.0928682 0.1224786 0.0588680 0.0780857 0.1660630 0.2017962 0.0933511 0.0762252 0.0987302 0.0834624 0.0548271 0.0873848 0.0974720 0.0694204 0.0066401 0.1175218 0.1024560 0.1160178 
Acrobatidae_Acrobates_pygmaeus               0.0670762 0.1245691 0.0845875 0.0616996 0.0643038 0.1191593 0.0663167 0.0814780 0.0609412 0.1247566 0.0710749 0.1106716 0.1128974 0.0676178 0.0000000 0.1088984 0.1143734 0.1009888 0.1264634 0.0646378 0.0750025 0.1706343 0.2089950 0.1062555 0.0765792 0.1076552 0.0783970 0.0611934 0.0846069 0.0969387 0.0338516 0.0737480 0.1205567 0.1169669 0.1230592 
Dasyuridae_Phascogale_calura                 0.0963788 0.1264829 0.1031833 0.0918332 0.0971416 0.0155318 0.0994604 0.1212265 0.0944782 0.1320360 0.0981818 0.0014950 0.0165890 0.0930829 0.1088984 0.0000000 0.0154299 0.0136793 0.1329393 0.0958779 0.1150551 0.1625858 0.1945788 0.0045973 0.1124489 0.1106936 0.1193973 0.0945352 0.1371110 0.1397211 0.1067632 0.1004326 0.1353340 0.0165819 0.1243803 
Dasyuridae_Sarcophilus_harrisii              0.0980918 0.1255236 0.1104671 0.0953207 0.1016857 0.0049575 0.1029299 0.1207692 0.1035016 0.1322681 0.1024851 0.0160078 0.0184140 0.0996962 0.1143734 0.0154299 0.0000000 0.0177879 0.1376480 0.1036030 0.1304183 0.1634301 0.1988367 0.0138250 0.1181657 0.1199770 0.1304492 0.0992547 0.1399146 0.1483128 0.1184547 0.1062384 0.1377296 0.0045775 0.1283138 
Dasyuridae_Planigale_tenuirostris            0.0892621 0.1220496 0.0980491 0.0912727 0.0970243 0.0188380 0.0941859 0.1246026 0.0953083 0.1225746 0.0978827 0.0134482 0.0104524 0.0928682 0.1009888 0.0136793 0.0177879 0.0000000 0.1162285 0.0876254 0.1147733 0.1617290 0.1955547 0.0123349 0.1051024 0.0947095 0.1220600 0.0893794 0.1374305 0.1356148 0.1028669 0.1021461 0.1133818 0.0174712 0.1124805 
Peramelidae_Echymipera_kalubu                0.1260614 0.1328585 0.1247136 0.1204746 0.1230136 0.1461956 0.1224422 0.1123194 0.1163689 0.0166721 0.1242047 0.1263324 0.1374211 0.1224786 0.1264634 0.1329393 0.1376480 0.1162285 0.0000000 0.1156814 0.1439127 0.1998610 0.2394389 0.1245040 0.1332636 0.1261746 0.1511193 0.1145737 0.1328934 0.1599396 0.1208270 0.1295437 0.0121776 0.1431442 0.0186827 
Macropodidae_Dorcopsulus_vanheurni           0.0609237 0.1240236 0.0832337 0.0216642 0.0243338 0.1106736 0.0547357 0.0641558 0.0229013 0.1076407 0.0585275 0.0977257 0.0984996 0.0588680 0.0646378 0.0958779 0.1036030 0.0876254 0.1156814 0.0000000 0.0761928 0.1680382 0.2052113 0.0918504 0.0508025 0.1020976 0.0804835 0.0059170 0.0870016 0.0879289 0.0611252 0.0647489 0.1069611 0.1073412 0.1094871 
Pseudochiridae_Pseudochirulus_forbesi        0.0813132 0.1429009 0.1063378 0.0752446 0.0791351 0.1317012 0.0785736 0.0989180 0.0746535 0.1425281 0.0822281 0.1204762 0.1187165 0.0780857 0.0750025 0.1150551 0.1304183 0.1147733 0.1439127 0.0761928 0.0000000 0.1951059 0.2240139 0.1160116 0.0955636 0.1235566 0.0792595 0.0740679 0.0374747 0.1173555 0.0786903 0.0839922 0.1416441 0.1321911 0.1374738 
Didelphidae_Didelphis_virginiana             0.1653281 0.1832966 0.1745959 0.1624267 0.1678346 0.1707001 0.1716040 0.1321372 0.1642449 0.1693814 0.1673339 0.1468307 0.1744890 0.1660630 0.1706343 0.1625858 0.1634301 0.1617290 0.1998610 0.1680382 0.1951059 0.0000000 0.0646414 0.1719838 0.1652529 0.1651015 0.1992829 0.1656894 0.1569285 0.2004809 0.1663156 0.1701590 0.1484817 0.1758156 0.1935154 
Marmosidae_Monodelphis_domestica             0.2009672 0.2238355 0.2095797 0.2009657 0.2058137 0.2082090 0.2066436 0.1890828 0.2028314 0.2279291 0.2061409 0.1785461 0.2074062 0.2017962 0.2089950 0.1945788 0.1988367 0.1955547 0.2394389 0.2052113 0.2240139 0.0646414 0.0000000 0.2043334 0.2127627 0.2068079 0.2163832 0.2039863 0.2104412 0.2374523 0.2033656 0.2069914 0.2161601 0.2114155 0.2362570 
Dasyuridae_Antechinus_stuartii               0.0945484 0.1242339 0.1001425 0.0928984 0.0983278 0.0133804 0.0978887 0.1184737 0.0960729 0.1252274 0.0971852 0.0049757 0.0151590 0.0933511 0.1062555 0.0045973 0.0138250 0.0123349 0.1245040 0.0918504 0.1160116 0.1719838 0.2043334 0.0000000 0.1048486 0.0951447 0.1219076 0.0916877 0.1421444 0.1357407 0.1066130 0.1017522 0.1094482 0.0133988 0.1174044 
Hypsiprymnodontidae_Hypsiprymnodon_moschatus 0.0733829 0.1386933 0.0859678 0.0455105 0.0494598 0.1253591 0.0710944 0.0805457 0.0461324 0.1297514 0.0821143 0.1167161 0.1173692 0.0762252 0.0765792 0.1124489 0.1181657 0.1051024 0.1332636 0.0508025 0.0955636 0.1652529 0.2127627 0.1048486 0.0000000 0.1204888 0.1055362 0.0456568 0.0999290 0.1107097 0.0769836 0.0794871 0.1312150 0.1242568 0.1281261 
Microbiotheriidae_Dromiciops_gliroides       0.1056933 0.1299877 0.1051389 0.1007012 0.1033841 0.1238138 0.1002540 0.1315303 0.1008497 0.1252747 0.0984692 0.1175396 0.1159866 0.0987302 0.1076552 0.1106936 0.1199770 0.0947095 0.1261746 0.1020976 0.1235566 0.1651015 0.2068079 0.0951447 0.1204888 0.0000000 0.1268774 0.1019553 0.1370282 0.1511221 0.1117418 0.1053968 0.1290537 0.1207255 0.1127980 
Pseudochiridae_Petauroides_volans            0.0825303 0.1369063 0.1031742 0.0769208 0.0816171 0.1317714 0.0826340 0.1050648 0.0768810 0.1510841 0.0858413 0.1239586 0.1228488 0.0834624 0.0783970 0.1193973 0.1304492 0.1220600 0.1511193 0.0804835 0.0792595 0.1992829 0.2163832 0.1219076 0.1055362 0.1268774 0.0000000 0.0773474 0.0900924 0.1139881 0.0797986 0.0913789 0.1539962 0.1286206 0.1458973 
Macropodidae_Wallabia_bicolor                0.0592792 0.1235422 0.0785061 0.0187273 0.0217941 0.1058275 0.0507597 0.0599296 0.0203903 0.1084007 0.0556020 0.0956046 0.0959459 0.0548271 0.0611934 0.0945352 0.0992547 0.0893794 0.1145737 0.0059170 0.0740679 0.1656894 0.2039863 0.0916877 0.0456568 0.1019553 0.0773474 0.0000000 0.0846628 0.0880552 0.0577108 0.0607390 0.1053969 0.1031213 0.1092406 
Pseudochiridae_Pseudocheirus_occidentalis    0.0933882 0.1379580 0.1087484 0.0836487 0.0885091 0.1508223 0.0874737 0.0879025 0.0827184 0.1300845 0.0936665 0.1383466 0.1281767 0.0873848 0.0846069 0.1371110 0.1399146 0.1374305 0.1328934 0.0870016 0.0374747 0.1569285 0.2104412 0.1421444 0.0999290 0.1370282 0.0900924 0.0846628 0.0000000 0.1322724 0.0819792 0.0866838 0.1339998 0.1421583 0.1285127 
Tarsipedidae_Tarsipes_rostratus              0.1063529 0.1704956 0.1194107 0.0896127 0.0952695 0.1472543 0.0932531 0.1098231 0.0888524 0.1524865 0.0978386 0.1392298 0.1414065 0.0974720 0.0969387 0.1397211 0.1483128 0.1356148 0.1599396 0.0879289 0.1173555 0.2004809 0.2374523 0.1357407 0.1107097 0.1511221 0.1139881 0.0880552 0.1322724 0.0000000 0.1003058 0.1051082 0.1555988 0.1479063 0.1558135 
Acrobatidae_Distoechurus_pennatus            0.0684898 0.1218717 0.0880536 0.0594132 0.0619403 0.1247417 0.0674826 0.0767679 0.0587263 0.1175152 0.0708627 0.1096353 0.1140378 0.0694204 0.0338516 0.1067632 0.1184547 0.1028669 0.1208270 0.0611252 0.0786903 0.1663156 0.2033656 0.1066130 0.0769836 0.1117418 0.0797986 0.0577108 0.0819792 0.1003058 0.0000000 0.0742805 0.1086844 0.1199361 0.1200252 
Phalangeridae_Phalanger_carmelitae           0.0569914 0.1244026 0.0797351 0.0625806 0.0674681 0.1114939 0.0242569 0.0094132 0.0613573 0.1198530 0.0155170 0.0996031 0.1055835 0.0066401 0.0737480 0.1004326 0.1062384 0.1021461 0.1295437 0.0647489 0.0839922 0.1701590 0.2069914 0.1017522 0.0794871 0.1053968 0.0913789 0.0607390 0.0866838 0.1051082 0.0742805 0.0000000 0.1170768 0.1087262 0.1230721 
Peramelidae_Peroryctes_raffrayana            0.1203965 0.1266663 0.1083029 0.1104788 0.1158867 0.1501085 0.1185796 0.1138257 0.1108941 0.0159740 0.1193699 0.1341217 0.1405996 0.1175218 0.1205567 0.1353340 0.1377296 0.1133818 0.0121776 0.1069611 0.1416441 0.1484817 0.2161601 0.1094482 0.1312150 0.1290537 0.1539962 0.1053969 0.1339998 0.1555988 0.1086844 0.1170768 0.0000000 0.1490652 0.0160707 
Dasyuridae_Dasyurus_geffroii                 0.1022998 0.1322509 0.1139375 0.0993879 0.1042528 0.0055694 0.1073695 0.1272309 0.1054106 0.1409355 0.1052131 0.0181146 0.0183962 0.1024560 0.1169669 0.0165819 0.0045775 0.0174712 0.1431442 0.1073412 0.1321911 0.1758156 0.2114155 0.0133988 0.1242568 0.1207255 0.1286206 0.1031213 0.1421583 0.1479063 0.1199361 0.1087262 0.1490652 0.0000000 0.1347017 
Peramelidae_Perameles_gunnii                 0.1200827 0.1268992 0.1173838 0.1156429 0.1183034 0.1369834 0.1165403 0.1109699 0.1103723 0.0030424 0.1175592 0.1163924 0.1290872 0.1160178 0.1230592 0.1243803 0.1283138 0.1124805 0.0186827 0.1094871 0.1374738 0.1935154 0.2362570 0.1174044 0.1281261 0.1127980 0.1458973 0.1092406 0.1285127 0.1558135 0.1200252 0.1230721 0.0160707 0.1347017 0.0000000 
