37
Burramyidae_Burramys_parvus                  0.0000000 0.0962259 0.0837007 0.1002652 0.1043207 0.1388704 0.0669062 0.0762167 0.1013668 0.1487248 0.1746294 0.0791649 0.1529472 0.1616588 0.0734140 0.0880898 0.1501088 0.1428725 0.1528352 0.0973680 0.0933090 0.1394576 0.1671536 0.1482860 0.1056473 0.1163793 0.0966947 0.0926953 0.0931040 0.1488713 0.0904759 0.1746294 0.0738823 0.1573794 0.1379494 0.1487805 0.1537005 
Notoryctidae_Notoryctes_typhlops             0.0962259 0.0000000 0.0869615 0.0998945 0.1089452 0.1292975 0.0746583 0.0811866 0.0959200 0.1521490 0.1982867 0.0823227 0.1422997 0.1552650 0.0817705 0.0783373 0.1376891 0.1297738 0.1570993 0.0932418 0.0870659 0.1502767 0.1814826 0.1347207 0.1048820 0.1069878 0.0914589 0.0857509 0.0779129 0.1280112 0.0855280 0.1982867 0.0828742 0.1565004 0.1311491 0.1498381 0.1304113 
Vombatidae_Lasiorhinus_latifrons             0.0837007 0.0869615 0.0000000 0.0995686 0.1047936 0.1346970 0.0734614 0.0806091 0.1014131 0.1454232 0.2575354 0.0810029 0.1413546 0.1585147 0.0767462 0.0803746 0.1353627 0.1325132 0.1537822 0.0979527 0.0871017 0.1443705 0.1629153 0.1318210 0.1013112 0.1129520 0.0831028 0.0901718 0.0806362 0.1357614 0.0802464 0.2575354 0.0762013 0.1550624 0.1350765 0.1479942 0.1339695 
Potoroidae_Bettongia_penicillata             0.1002652 0.0998945 0.0995686 0.0000000 0.0066465 0.1442663 0.0878961 0.1008505 0.0172468 0.1566929 0.2398636 0.0972545 0.1530508 0.1605457 0.0974298 0.0925153 0.1498536 0.1453862 0.1616429 0.0350728 0.1001788 0.1508432 0.1635927 0.1473959 0.0748036 0.1322509 0.1095761 0.0297077 0.1008460 0.1512890 0.0968606 0.2398636 0.0961714 0.1610602 0.1462150 0.1561854 0.1512805 
Potoroidae_Bettongia_lesueur                 0.1043207 0.1089452 0.1047936 0.0066465 0.0000000 0.1480235 0.0925398 0.1057363 0.0188672 0.1648198 0.2331993 0.1004275 0.1569499 0.1647219 0.1014248 0.0983955 0.1525306 0.1481313 0.1658012 0.0378320 0.1040750 0.1516766 0.1654718 0.1495508 0.0762354 0.1360173 0.1114487 0.0334882 0.1050016 0.1562292 0.1041274 0.2331993 0.1010766 0.1663974 0.1499947 0.1643350 0.1547105 
Dasyuridae_Dasyurus_maculatus                0.1388704 0.1292975 0.1346970 0.1442663 0.1480235 0.0000000 0.1189287 0.1265557 0.1435090 0.1621768 0.0697110 0.1230869 0.0238750 0.0410018 0.1237916 0.1293571 0.0215826 0.0134742 0.1644466 0.1428918 0.1290052 0.1625757 0.1744597 0.0215672 0.1540112 0.1434993 0.1452419 0.1401466 0.1299516 0.1804996 0.1331569 0.0697110 0.1227810 0.1697879 0.0080301 0.1586468 0.0309657 
Phalangeridae_Trichosurus_vulpecula          0.0669062 0.0746583 0.0734614 0.0878961 0.0925398 0.1189287 0.0000000 0.0203241 0.0888628 0.1306265 0.1890381 0.0220308 0.1277455 0.1384905 0.0186406 0.0787456 0.1235340 0.1199764 0.1360648 0.0787272 0.0797586 0.1377190 0.1500913 0.1202855 0.0938186 0.1078522 0.0843290 0.0747608 0.0767938 0.1289009 0.0790888 0.1890381 0.0183138 0.1355862 0.1191174 0.1321377 0.1239246 
Phalangeridae_Spilocuscus_maculatus          0.0762167 0.0811866 0.0806091 0.1008505 0.1057363 0.1265557 0.0203241 0.0000000 0.1010496 0.1386093 0.2118910 0.0149539 0.1370002 0.1485471 0.0111794 0.0840727 0.1339271 0.1286549 0.1456682 0.0920362 0.0859873 0.1368235 0.1555303 0.1297154 0.1033396 0.1198116 0.0953118 0.0863941 0.0861900 0.1414770 0.0836544 0.2118910 0.0117337 0.1467750 0.1267519 0.1401725 0.1351370 
Potoroidae_Aepyprymnus_rufescens             0.1013668 0.0959200 0.1014131 0.0172468 0.0188672 0.1435090 0.0888628 0.1010496 0.0000000 0.1549540 0.2251104 0.0973498 0.1565859 0.1635873 0.0980538 0.0947786 0.1534894 0.1451844 0.1627556 0.0354476 0.1011175 0.1497850 0.1640628 0.1507829 0.0731896 0.1333401 0.1129329 0.0305437 0.0983913 0.1482819 0.0972433 0.2251104 0.0976679 0.1592926 0.1454527 0.1521465 0.1556573 
Peramelidae_Perameles_nasuta                 0.1487248 0.1521490 0.1454232 0.1566929 0.1648198 0.1621768 0.1306265 0.1386093 0.1549540 0.0000000 0.2310250 0.1411683 0.1618870 0.1779841 0.1355139 0.1482633 0.1612749 0.1600045 0.0220453 0.1565031 0.1434733 0.1758280 0.2099691 0.1561396 0.1624962 0.1562731 0.1513875 0.1496370 0.1425764 0.1955555 0.1443884 0.2310250 0.1365502 0.0263308 0.1611902 0.0024463 0.1648571 
Myrmecobiidae_Myrmecobius_fasciatus1         0.1746294 0.1982867 0.2575354 0.2398636 0.2331993 0.0697110 0.1890381 0.2118910 0.2251104 0.2310250 0.0000000 0.1140869 0.0865353 0.0485903 0.1834791 0.2477757 0.0676145 0.0601353 0.2099289 0.2149395 0.2779083 0.1708159 0.2068501 0.0468391 0.1828749 0.1450865 0.2908297 0.1935693 0.2241380 0.2363060 0.2054796 0.0000010 0.2070548 0.3334133 0.0794902 0.2120315 9.0000000 
Phalangeridae_Strigocuscus_pelengensis       0.0791649 0.0823227 0.0810029 0.0972545 0.1004275 0.1230869 0.0220308 0.0149539 0.0973498 0.1411683 0.1140869 0.0000000 0.1319969 0.1459429 0.0108041 0.0880848 0.1311008 0.1276706 0.1451647 0.0876349 0.0851105 0.1429336 0.1531165 0.1308273 0.0969829 0.1197394 0.0929770 0.0816343 0.0847481 0.1391114 0.0854859 0.1140869 0.0108006 0.1471870 0.1250674 0.1422712 0.1359825 
Dasyuridae_Phascogale_tapoatafa              0.1529472 0.1422997 0.1413546 0.1530508 0.1569499 0.0238750 0.1277455 0.1370002 0.1565859 0.1618870 0.0865353 0.1319969 0.0000000 0.0397527 0.1352481 0.1371545 0.0046075 0.0248859 0.1647159 0.1557099 0.1369509 0.1730268 0.1848727 0.0102494 0.1586493 0.1449983 0.1472047 0.1528045 0.1348357 0.1890001 0.1415386 0.0865353 0.1332420 0.1693187 0.0265067 0.1592142 0.0226529 
Dasyuridae_Sminthopsis_macroura              0.1616588 0.1552650 0.1585147 0.1605457 0.1647219 0.0410018 0.1384905 0.1485471 0.1635873 0.1779841 0.0485903 0.1459429 0.0397527 0.0000000 0.1472911 0.1511800 0.0381108 0.0429804 0.1802596 0.1606542 0.1515762 0.2042052 0.2043148 0.0383244 0.1721438 0.1616317 0.1585136 0.1574895 0.1513805 0.2005569 0.1533268 0.0485903 0.1461523 0.1894705 0.0461490 0.1763682 0.0346771 
Phalangeridae_Phalanger_orientalis           0.0734140 0.0817705 0.0767462 0.0974298 0.1014248 0.1237916 0.0186406 0.0111794 0.0980538 0.1355139 0.1834791 0.0108041 0.1352481 0.1472911 0.0000000 0.0826088 0.1321943 0.1269617 0.1420315 0.0859938 0.0844590 0.1389509 0.1515678 0.1274124 0.0983433 0.1130012 0.0895039 0.0830127 0.0814749 0.1372501 0.0806670 0.1834791 0.0028447 0.1442190 0.1249374 0.1380704 0.1341842 
Acrobatidae_Acrobates_pygmaeus               0.0880898 0.0783373 0.0803746 0.0925153 0.0983955 0.1293571 0.0787456 0.0840727 0.0947786 0.1482633 0.2477757 0.0880848 0.1371545 0.1511800 0.0826088 0.0000000 0.1333323 0.1312200 0.1526853 0.0940389 0.0710471 0.1407326 0.1555515 0.1300312 0.0994441 0.1099911 0.0770747 0.0864151 0.0663518 0.1190252 0.0375000 0.2477757 0.0824970 0.1514106 0.1294458 0.1452968 0.1329113 
Dasyuridae_Phascogale_calura                 0.1501088 0.1376891 0.1353627 0.1498536 0.1525306 0.0215826 0.1235340 0.1339271 0.1534894 0.1612749 0.0676145 0.1311008 0.0046075 0.0381108 0.1321943 0.1333323 0.0000000 0.0220307 0.1602715 0.1510662 0.1331516 0.1708868 0.1771711 0.0085526 0.1544967 0.1413273 0.1428641 0.1475748 0.1300405 0.1843300 0.1391171 0.0676145 0.1300063 0.1647130 0.0241465 0.1591977 0.0226190 
Dasyuridae_Sarcophilus_harrisii              0.1428725 0.1297738 0.1325132 0.1453862 0.1481313 0.0134742 0.1199764 0.1286549 0.1451844 0.1600045 0.0601353 0.1276706 0.0248859 0.0429804 0.1269617 0.1312200 0.0220307 0.0000000 0.1613338 0.1461131 0.1277109 0.1654477 0.1699389 0.0223354 0.1580058 0.1442275 0.1437429 0.1442949 0.1268381 0.1803736 0.1344453 0.0601353 0.1259317 0.1641901 0.0134595 0.1578495 0.0339798 
Peramelidae_Echymipera_kalubu                0.1528352 0.1570993 0.1537822 0.1616429 0.1658012 0.1644466 0.1360648 0.1456682 0.1627556 0.0220453 0.2099289 0.1451647 0.1647159 0.1802596 0.1420315 0.1526853 0.1602715 0.1613338 0.0000000 0.1627994 0.1481441 0.1887614 0.2239489 0.1592074 0.1622555 0.1593618 0.1551649 0.1552244 0.1463108 0.2025414 0.1497052 0.2099289 0.1430787 0.0237624 0.1629733 0.0220297 0.1688109 
Macropodidae_Dorcopsulus_vanheurni           0.0973680 0.0932418 0.0979527 0.0350728 0.0378320 0.1428918 0.0787272 0.0920362 0.0354476 0.1565031 0.2149395 0.0876349 0.1557099 0.1606542 0.0859938 0.0940389 0.1510662 0.1461131 0.1627994 0.0000000 0.0972625 0.1402977 0.1567823 0.1468970 0.0696635 0.1280948 0.1059255 0.0134438 0.0939976 0.1474907 0.0996093 0.2149395 0.0863778 0.1592153 0.1437524 0.1582737 0.1530248 
Pseudochiridae_Pseudochirulus_forbesi        0.0933090 0.0870659 0.0871017 0.1001788 0.1040750 0.1290052 0.0797586 0.0859873 0.1011175 0.1434733 0.2779083 0.0851105 0.1369509 0.1515762 0.0844590 0.0710471 0.1331516 0.1277109 0.1481441 0.0972625 0.0000000 0.1361319 0.1575215 0.1278564 0.1024365 0.1142725 0.0455116 0.0926388 0.0209886 0.1084797 0.0719997 0.2779083 0.0840391 0.1478724 0.1281932 0.1422582 0.1311047 
Didelphidae_Didelphis_virginiana             0.1394576 0.1502767 0.1443705 0.1508432 0.1516766 0.1625757 0.1377190 0.1368235 0.1497850 0.1758280 0.1708159 0.1429336 0.1730268 0.2042052 0.1389509 0.1407326 0.1708868 0.1654477 0.1887614 0.1402977 0.1361319 0.0000000 0.0453427 0.1670887 0.1562685 0.1325037 0.1409493 0.1416932 0.1395411 0.1471155 0.1429881 0.1708159 0.1400231 0.1916747 0.1629667 0.1770783 0.1786368 
Marmosidae_Monodelphis_domestica             0.1671536 0.1814826 0.1629153 0.1635927 0.1654718 0.1744597 0.1500913 0.1555303 0.1640628 0.2099691 0.2068501 0.1531165 0.1848727 0.2043148 0.1515678 0.1555515 0.1771711 0.1699389 0.2239489 0.1567823 0.1575215 0.0453427 0.0000000 0.1753004 0.1741020 0.1611862 0.1694178 0.1573568 0.1588664 0.1712416 0.1633656 0.2068501 0.1504138 0.2189824 0.1726726 0.2106459 0.1857033 
Dasyuridae_Antechinus_stuartii               0.1482860 0.1347207 0.1318210 0.1473959 0.1495508 0.0215672 0.1202855 0.1297154 0.1507829 0.1561396 0.0468391 0.1308273 0.0102494 0.0383244 0.1274124 0.1300312 0.0085526 0.0223354 0.1592074 0.1468970 0.1278564 0.1670887 0.1753004 0.0000000 0.1520256 0.1430727 0.1360935 0.1452000 0.1255261 0.1788611 0.1359201 0.0468391 0.1275516 0.1610732 0.0240999 0.1550979 0.0238026 
Hypsiprymnodontidae_Hypsiprymnodon_moschatus 0.1056473 0.1048820 0.1013112 0.0748036 0.0762354 0.1540112 0.0938186 0.1033396 0.0731896 0.1624962 0.1828749 0.0969829 0.1586493 0.1721438 0.0983433 0.0994441 0.1544967 0.1580058 0.1622555 0.0696635 0.1024365 0.1562685 0.1741020 0.1520256 0.0000000 0.1302528 0.1118888 0.0662382 0.1046339 0.1541226 0.1014523 0.1828749 0.0983768 0.1648502 0.1556930 0.1612884 0.1590893 
Microbiotheriidae_Dromiciops_gliroides       0.1163793 0.1069878 0.1129520 0.1322509 0.1360173 0.1434993 0.1078522 0.1198116 0.1333401 0.1562731 0.1450865 0.1197394 0.1449983 0.1616317 0.1130012 0.1099911 0.1413273 0.1442275 0.1593618 0.1280948 0.1142725 0.1325037 0.1611862 0.1430727 0.1302528 0.0000000 0.1180913 0.1209093 0.1115602 0.1636687 0.1123982 0.1450865 0.1121333 0.1694135 0.1433054 0.1567442 0.1458497 
Pseudochiridae_Petauroides_volans            0.0966947 0.0914589 0.0831028 0.1095761 0.1114487 0.1452419 0.0843290 0.0953118 0.1129329 0.1513875 0.2908297 0.0929770 0.1472047 0.1585136 0.0895039 0.0770747 0.1428641 0.1437429 0.1551649 0.1059255 0.0455116 0.1409493 0.1694178 0.1360935 0.1118888 0.1180913 0.0000000 0.1017526 0.0408772 0.1145062 0.0720982 0.2908297 0.0884410 0.1564412 0.1418933 0.1512219 0.1377112 
Macropodidae_Wallabia_bicolor                0.0926953 0.0857509 0.0901718 0.0297077 0.0334882 0.1401466 0.0747608 0.0863941 0.0305437 0.1496370 0.1935693 0.0816343 0.1528045 0.1574895 0.0830127 0.0864151 0.1475748 0.1442949 0.1552244 0.0134438 0.0926388 0.1416932 0.1573568 0.1452000 0.0662382 0.1209093 0.1017526 0.0000000 0.0924949 0.1422596 0.0928846 0.1935693 0.0816727 0.1540023 0.1405682 0.1480921 0.1488114 
Pseudochiridae_Pseudocheirus_occidentalis    0.0931040 0.0779129 0.0806362 0.1008460 0.1050016 0.1299516 0.0767938 0.0861900 0.0983913 0.1425764 0.2241380 0.0847481 0.1348357 0.1513805 0.0814749 0.0663518 0.1300405 0.1268381 0.1463108 0.0939976 0.0209886 0.1395411 0.1588664 0.1255261 0.1046339 0.1115602 0.0408772 0.0924949 0.0000000 0.1061817 0.0684572 0.2241380 0.0823220 0.1433087 0.1287661 0.1421855 0.1303490 
Tarsipedidae_Tarsipes_rostratus              0.1488713 0.1280112 0.1357614 0.1512890 0.1562292 0.1804996 0.1289009 0.1414770 0.1482819 0.1955555 0.2363060 0.1391114 0.1890001 0.2005569 0.1372501 0.1190252 0.1843300 0.1803736 0.2025414 0.1474907 0.1084797 0.1471155 0.1712416 0.1788611 0.1541226 0.1636687 0.1145062 0.1422596 0.1061817 0.0000000 0.1213176 0.2363060 0.1360892 0.2118303 0.1791555 0.1963008 0.1903847 
Acrobatidae_Distoechurus_pennatus            0.0904759 0.0855280 0.0802464 0.0968606 0.1041274 0.1331569 0.0790888 0.0836544 0.0972433 0.1443884 0.2054796 0.0854859 0.1415386 0.1533268 0.0806670 0.0375000 0.1391171 0.1344453 0.1497052 0.0996093 0.0719997 0.1429881 0.1633656 0.1359201 0.1014523 0.1123982 0.0720982 0.0928846 0.0684572 0.1213176 0.0000000 0.2054796 0.0801152 0.1486347 0.1339162 0.1423489 0.1406665 
Myrmecobiidae_Myrmecobius_fasciatus2         0.1746294 0.1982867 0.2575354 0.2398636 0.2331993 0.0697110 0.1890381 0.2118910 0.2251104 0.2310250 0.0000010 0.1140869 0.0865353 0.0485903 0.1834791 0.2477757 0.0676145 0.0601353 0.2099289 0.2149395 0.2779083 0.1708159 0.2068501 0.0468391 0.1828749 0.1450865 0.2908297 0.1935693 0.2241380 0.2363060 0.2054796 0.0000000 0.2070548 0.3334133 0.0794902 0.2120315 9.0000000 
Phalangeridae_Phalanger_carmelitae           0.0738823 0.0828742 0.0762013 0.0961714 0.1010766 0.1227810 0.0183138 0.0117337 0.0976679 0.1365502 0.2070548 0.0108006 0.1332420 0.1461523 0.0028447 0.0824970 0.1300063 0.1259317 0.1430787 0.0863778 0.0840391 0.1400231 0.1504138 0.1275516 0.0983768 0.1121333 0.0884410 0.0816727 0.0823220 0.1360892 0.0801152 0.2070548 0.0000000 0.1456667 0.1239245 0.1381010 0.1337585 
Peramelidae_Peroryctes_raffrayana            0.1573794 0.1565004 0.1550624 0.1610602 0.1663974 0.1697879 0.1355862 0.1467750 0.1592926 0.0263308 0.3334133 0.1471870 0.1693187 0.1894705 0.1442190 0.1514106 0.1647130 0.1641901 0.0237624 0.1592153 0.1478724 0.1916747 0.2189824 0.1610732 0.1648502 0.1694135 0.1564412 0.1540023 0.1433087 0.2118303 0.1486347 0.3334133 0.1456667 0.0000000 0.1704890 0.0250137 0.1614849 
Dasyuridae_Dasyurus_geffroii                 0.1379494 0.1311491 0.1350765 0.1462150 0.1499947 0.0080301 0.1191174 0.1267519 0.1454527 0.1611902 0.0794902 0.1250674 0.0265067 0.0461490 0.1249374 0.1294458 0.0241465 0.0134595 0.1629733 0.1437524 0.1281932 0.1629667 0.1726726 0.0240999 0.1556930 0.1433054 0.1418933 0.1405682 0.1287661 0.1791555 0.1339162 0.0794902 0.1239245 0.1704890 0.0000000 0.1587022 0.0343657 
Peramelidae_Perameles_gunnii                 0.1487805 0.1498381 0.1479942 0.1561854 0.1643350 0.1586468 0.1321377 0.1401725 0.1521465 0.0024463 0.2120315 0.1422712 0.1592142 0.1763682 0.1380704 0.1452968 0.1591977 0.1578495 0.0220297 0.1582737 0.1422582 0.1770783 0.2106459 0.1550979 0.1612884 0.1567442 0.1512219 0.1480921 0.1421855 0.1963008 0.1423489 0.2120315 0.1381010 0.0250137 0.1587022 0.0000000 0.1644414 
Dasyuridae_Planigale_tenuirostris            0.1537005 0.1304113 0.1339695 0.1512805 0.1547105 0.0309657 0.1239246 0.1351370 0.1556573 0.1648571 9.0000000 0.1359825 0.0226529 0.0346771 0.1341842 0.1329113 0.0226190 0.0339798 0.1688109 0.1530248 0.1311047 0.1786368 0.1857033 0.0238026 0.1590893 0.1458497 0.1377112 0.1488114 0.1303490 0.1903847 0.1406665 9.0000000 0.1337585 0.1614849 0.0343657 0.1644414 0.0000000 
