37
Peramelidae_Isoodon_obesulus1                0.0000000 0.1699398 0.1687074 0.1444519 0.1690242 0.1686988 0.1706528 0.1556082 0.1671057 0.1744177 0.0155656 0.1720884 0.1720465 0.1787222 0.1666130 0.1637180 0.1706510 0.1723480 0.1820242 0.0278319 0.1714887 0.1802392 0.2138306 0.2015135 0.1657127 0.1674709 0.1718602 0.1724155 0.1733745 0.1748657 0.1826884 0.1727416 0.1678946 0.0000010 0.0332451 0.1728701 0.0187780 
Burramyidae_Burramys_parvus                  0.1699398 0.0000000 0.0918785 0.0476115 0.0728835 0.0762148 0.0891941 0.0430867 0.0550933 0.0750192 0.1490416 0.0510181 0.0890868 0.0970201 0.0561168 0.0563951 0.0811667 0.0892564 0.0909868 0.1418341 0.0695509 0.0641804 0.1102695 0.1066248 0.0861160 0.0631720 0.0824272 0.0517591 0.0710932 0.0687967 0.0763143 0.0539601 0.0559408 0.1699398 0.1485590 0.0913070 0.1464360 
Notoryctidae_Notoryctes_typhlops             0.1687074 0.0918785 0.0000000 0.0760906 0.1247020 0.1265686 0.1164136 0.0887230 0.0988211 0.1257210 0.1581270 0.0950377 0.1111891 0.1288742 0.1003494 0.1124644 0.1058079 0.1148854 0.1214611 0.1516770 0.1176246 0.1111138 0.1309424 0.1269214 0.1100507 0.0996776 0.1056018 0.1035095 0.1198682 0.1174131 0.1238600 0.1085930 0.0984328 0.1687074 0.1574825 0.1134957 0.1552263 
Vombatidae_Lasiorhinus_latifrons             0.1444519 0.0476115 0.0760906 0.0000000 0.0699591 0.0727681 0.0843158 0.0405753 0.0496643 0.0751206 0.1363159 0.0464986 0.0889474 0.0979339 0.0507154 0.0562621 0.0789736 0.0852570 0.0887501 0.1337122 0.0681989 0.0581168 0.0957016 0.0905785 0.0812233 0.0610861 0.0690132 0.0543097 0.0707172 0.0709872 0.0758925 0.0537447 0.0492348 0.1444519 0.1391944 0.0865461 0.1344951 
Potoroidae_Bettongia_penicillata             0.1690242 0.0728835 0.1247020 0.0699591 0.0000000 0.0022767 0.1144302 0.0650441 0.0780370 0.0120333 0.1692923 0.0716255 0.1174660 0.1268911 0.0774691 0.0812308 0.1094620 0.1164176 0.1197381 0.1629166 0.0173297 0.0869380 0.1275372 0.1297053 0.1174301 0.0408553 0.1056750 0.0805905 0.0168038 0.1007865 0.1042963 0.0746043 0.0777977 0.1690242 0.1771813 0.1213933 0.1670600 
Potoroidae_Bettongia_lesueur                 0.1686988 0.0762148 0.1265686 0.0727681 0.0022767 0.0000000 0.1174529 0.0678532 0.0788182 0.0133828 0.1707325 0.0741275 0.1204955 0.1297158 0.0793697 0.0835789 0.1125351 0.1200355 0.1218527 0.1644008 0.0184485 0.0899393 0.1300688 0.1308954 0.1199055 0.0429794 0.1092909 0.0836181 0.0179264 0.1050002 0.1071256 0.0769338 0.0796958 0.1686988 0.1772093 0.1244470 0.1701078 
Dasyuridae_Dasyurus_maculatus                0.1706528 0.0891941 0.1164136 0.0843158 0.1144302 0.1174529 0.0000000 0.0844461 0.0980429 0.1166150 0.1631612 0.0893555 0.0160314 0.0356592 0.1010031 0.0950535 0.0137471 0.0046514 0.0328666 0.1622990 0.1087640 0.1067562 0.1273972 0.1153306 0.0129412 0.1036908 0.1066981 0.0968180 0.1100369 0.1161870 0.1255170 0.0937687 0.0994833 0.1706528 0.1698639 0.0033729 0.1581127 
Phalangeridae_Trichosurus_vulpecula          0.1556082 0.0430867 0.0887230 0.0405753 0.0650441 0.0678532 0.0844461 0.0000000 0.0216797 0.0670911 0.1391167 0.0185318 0.0864923 0.0963696 0.0229210 0.0548891 0.0792966 0.0832821 0.0888573 0.1349019 0.0622886 0.0636958 0.0977609 0.0984585 0.0827457 0.0559841 0.0732597 0.0525364 0.0633376 0.0723703 0.0750213 0.0517976 0.0221702 0.1556082 0.1389279 0.0877651 0.1372844 
Phalangeridae_Spilocuscus_maculatus          0.1671057 0.0550933 0.0988211 0.0496643 0.0780370 0.0788182 0.0980429 0.0216797 0.0000000 0.0783411 0.1470993 0.0139263 0.1017977 0.1105916 0.0113217 0.0630326 0.0943242 0.0977117 0.1021065 0.1424138 0.0726664 0.0741723 0.1084615 0.1097297 0.0961935 0.0646192 0.0855320 0.0623680 0.0728587 0.0794638 0.0896818 0.0627664 0.0107280 0.1671057 0.1488460 0.1008491 0.1452526 
Potoroidae_Aepyprymnus_rufescens             0.1744177 0.0750192 0.1257210 0.0751206 0.0120333 0.0133828 0.1166150 0.0670911 0.0783411 0.0000000 0.1668739 0.0741784 0.1227957 0.1271600 0.0788304 0.0805183 0.1119447 0.1179381 0.1180334 0.1616210 0.0186939 0.0861631 0.1241491 0.1296586 0.1183799 0.0424285 0.1037104 0.0790657 0.0181789 0.0978279 0.1042918 0.0744950 0.0797337 0.1744177 0.1751741 0.1208391 0.1639647 
Peramelidae_Perameles_nasuta                 0.0155656 0.1490416 0.1581270 0.1363159 0.1692923 0.1707325 0.1631612 0.1391167 0.1470993 0.1668739 0.0000000 0.1387551 0.1748642 0.1680880 0.1465264 0.1504755 0.1529272 0.1691274 0.1644346 0.0234957 0.1666267 0.1614067 0.1846540 0.1718575 0.1665747 0.1693116 0.1657667 0.1581022 0.1698225 0.1799485 0.1797436 0.1519292 0.1467632 0.0155656 0.0270632 0.1715329 0.0020491 
Phalangeridae_Strigocuscus_pelengensis       0.1720884 0.0510181 0.0950377 0.0464986 0.0716255 0.0741275 0.0893555 0.0185318 0.0139263 0.0741784 0.1387551 0.0000000 0.0919015 0.1027513 0.0129833 0.0578975 0.0879015 0.0891503 0.0962666 0.1346279 0.0695667 0.0726933 0.1042915 0.1027342 0.0874376 0.0593073 0.0838647 0.0571140 0.0706616 0.0721153 0.0844820 0.0590962 0.0123776 0.1720884 0.1401478 0.0905276 0.1368966 
Dasyuridae_Phascogale_tapoatafa              0.1720465 0.0890868 0.1111891 0.0889474 0.1174660 0.1204955 0.0160314 0.0864923 0.1017977 0.1227957 0.1748642 0.0919015 0.0000000 0.0368352 0.1010248 0.0970753 0.0048545 0.0157223 0.0320758 0.1685164 0.1160372 0.1060957 0.1220390 0.1154265 0.0096022 0.1082625 0.1079671 0.0956740 0.1186248 0.1157327 0.1230237 0.0947521 0.1002225 0.1720465 0.1747520 0.0177224 0.1697152 
Dasyuridae_Sminthopsis_macroura              0.1787222 0.0970201 0.1288742 0.0979339 0.1268911 0.1297158 0.0356592 0.0963696 0.1105916 0.1271600 0.1680880 0.1027513 0.0368352 0.0000000 0.1078970 0.1034114 0.0305548 0.0348509 0.0244317 0.1576883 0.1206722 0.1185916 0.1340823 0.1270209 0.0340146 0.1154003 0.1141087 0.1071607 0.1223935 0.1225878 0.1391736 0.1021381 0.1069146 0.1787222 0.1651989 0.0380128 0.1637260 
Phalangeridae_Phalanger_orientalis           0.1666130 0.0561168 0.1003494 0.0507154 0.0774691 0.0793697 0.1010031 0.0229210 0.0113217 0.0788304 0.1465264 0.0129833 0.1010248 0.1078970 0.0000000 0.0634257 0.0949656 0.1001256 0.1045094 0.1433485 0.0759735 0.0742047 0.1075289 0.1081230 0.0970465 0.0651367 0.0875251 0.0610050 0.0756597 0.0800099 0.0902277 0.0636641 0.0025344 0.1666130 0.1489571 0.1032326 0.1462137 
Acrobatidae_Acrobates_pygmaeus               0.1637180 0.0563951 0.1124644 0.0562621 0.0812308 0.0835789 0.0950535 0.0548891 0.0630326 0.0805183 0.1504755 0.0578975 0.0970753 0.1034114 0.0634257 0.0000000 0.0906490 0.0944912 0.0916163 0.1430176 0.0776150 0.0636968 0.1222459 0.1150528 0.0918914 0.0751698 0.0924853 0.0553941 0.0765832 0.0696738 0.0803549 0.0368026 0.0636858 0.1637180 0.1514240 0.0990626 0.1487295 
Dasyuridae_Phascogale_calura                 0.1706510 0.0811667 0.1058079 0.0789736 0.1094620 0.1125351 0.0137471 0.0792966 0.0943242 0.1119447 0.1529272 0.0879015 0.0048545 0.0305548 0.0949656 0.0906490 0.0000000 0.0131339 0.0273368 0.1459713 0.1049401 0.1010055 0.1117755 0.1063275 0.0089293 0.0942986 0.0998371 0.0890219 0.1098939 0.1043803 0.1189806 0.0911452 0.0934556 0.1706510 0.1487155 0.0153699 0.1476365 
Dasyuridae_Sarcophilus_harrisii              0.1723480 0.0892564 0.1148854 0.0852570 0.1164176 0.1200355 0.0046514 0.0832821 0.0977117 0.1179381 0.1691274 0.0891503 0.0157223 0.0348509 0.1001256 0.0944912 0.0131339 0.0000000 0.0312713 0.1659759 0.1112889 0.1055132 0.1254241 0.1158080 0.0115144 0.1046994 0.1089862 0.0956944 0.1125844 0.1149690 0.1255065 0.0937704 0.0985973 0.1723480 0.1698011 0.0053928 0.1640282 
Dasyuridae_Planigale_tenuirostris            0.1820242 0.0909868 0.1214611 0.0887501 0.1197381 0.1218527 0.0328666 0.0888573 0.1021065 0.1180334 0.1644346 0.0962666 0.0320758 0.0244317 0.1045094 0.0916163 0.0273368 0.0312713 0.0000000 0.1579732 0.1159479 0.1067446 0.1224684 0.1180296 0.0297356 0.1046619 0.1047730 0.0942338 0.1179122 0.1101677 0.1187779 0.0940240 0.1023478 0.1820242 0.1679491 0.0332035 0.1597972 
Peramelidae_Echymipera_kalubu                0.0278319 0.1418341 0.1516770 0.1337122 0.1629166 0.1644008 0.1622990 0.1349019 0.1424138 0.1616210 0.0234957 0.1346279 0.1685164 0.1576883 0.1433485 0.1430176 0.1459713 0.1659759 0.1579732 0.0000000 0.1632482 0.1520835 0.1756996 0.1622422 0.1619391 0.1672568 0.1601586 0.1475691 0.1649293 0.1727736 0.1709137 0.1439651 0.1421342 0.0278319 0.0171147 0.1667737 0.0253708 
Macropodidae_Dorcopsulus_vanheurni           0.1714887 0.0695509 0.1176246 0.0681989 0.0173297 0.0184485 0.1087640 0.0622886 0.0726664 0.0186939 0.1666267 0.0695667 0.1160372 0.1206722 0.0759735 0.0776150 0.1049401 0.1112889 0.1159479 0.1632482 0.0000000 0.0811763 0.1228372 0.1238695 0.1114790 0.0401272 0.1002601 0.0775751 0.0084823 0.0950101 0.1023082 0.0710474 0.0752411 0.1714887 0.1756026 0.1152857 0.1636659 
Pseudochiridae_Pseudochirulus_forbesi        0.1802392 0.0641804 0.1111138 0.0581168 0.0869380 0.0899393 0.1067562 0.0636958 0.0741723 0.0861631 0.1614067 0.0726933 0.1060957 0.1185916 0.0742047 0.0636968 0.1010055 0.1055132 0.1067446 0.1520835 0.0811763 0.0000000 0.1186803 0.1196225 0.1006228 0.0746889 0.0942663 0.0327391 0.0829495 0.0312774 0.0722312 0.0585608 0.0739363 0.1802392 0.1616808 0.1047639 0.1575062 
Didelphidae_Didelphis_virginiana             0.2138306 0.1102695 0.1309424 0.0957016 0.1275372 0.1300688 0.1273972 0.0977609 0.1084615 0.1241491 0.1846540 0.1042915 0.1220390 0.1340823 0.1075289 0.1222459 0.1117755 0.1254241 0.1224684 0.1756996 0.1228372 0.1186803 0.0000000 0.0355589 0.1164612 0.1180673 0.1074350 0.1180391 0.1251680 0.1352207 0.1408882 0.1146155 0.1075562 0.2138306 0.1891066 0.1287801 0.1806692 
Marmosidae_Monodelphis_domestica             0.2015135 0.1066248 0.1269214 0.0905785 0.1297053 0.1308954 0.1153306 0.0984585 0.1097297 0.1296586 0.1718575 0.1027342 0.1154265 0.1270209 0.1081230 0.1150528 0.1063275 0.1158080 0.1180296 0.1622422 0.1238695 0.1196225 0.0355589 0.0000000 0.1091441 0.1200583 0.1044567 0.1181819 0.1264903 0.1301559 0.1363647 0.1088151 0.1079790 0.2015135 0.1692679 0.1183504 0.1698586 
Dasyuridae_Antechinus_stuartii               0.1657127 0.0861160 0.1100507 0.0812233 0.1174301 0.1199055 0.0129412 0.0827457 0.0961935 0.1183799 0.1665747 0.0874376 0.0096022 0.0340146 0.0970465 0.0918914 0.0089293 0.0115144 0.0297356 0.1619391 0.1114790 0.1006228 0.1164612 0.1091441 0.0000000 0.1015105 0.1053234 0.0926212 0.1125532 0.1114553 0.1192855 0.0896439 0.0962962 0.1657127 0.1654676 0.0135640 0.1617175 
Hypsiprymnodontidae_Hypsiprymnodon_moschatus 0.1674709 0.0631720 0.0996776 0.0610861 0.0408553 0.0429794 0.1036908 0.0559841 0.0646192 0.0424285 0.1693116 0.0593073 0.1082625 0.1154003 0.0651367 0.0751698 0.0942986 0.1046994 0.1046619 0.1672568 0.0401272 0.0746889 0.1180673 0.1200583 0.1015105 0.0000000 0.0980310 0.0705409 0.0424513 0.0844717 0.0886513 0.0701248 0.0649389 0.1674709 0.1710376 0.1060602 0.1668072 
Microbiotheriidae_Dromiciops_gliroides       0.1718602 0.0824272 0.1056018 0.0690132 0.1056750 0.1092909 0.1066981 0.0732597 0.0855320 0.1037104 0.1657667 0.0838647 0.1079671 0.1141087 0.0875251 0.0924853 0.0998371 0.1089862 0.1047730 0.1601586 0.1002601 0.0942663 0.1074350 0.1044567 0.1053234 0.0980310 0.0000000 0.0899726 0.1016405 0.1038052 0.1139477 0.0887727 0.0874207 0.1718602 0.1694247 0.1097577 0.1631899 
Pseudochiridae_Petauroides_volans            0.1724155 0.0517591 0.1035095 0.0543097 0.0805905 0.0836181 0.0968180 0.0525364 0.0623680 0.0790657 0.1581022 0.0571140 0.0956740 0.1071607 0.0610050 0.0553941 0.0890219 0.0956944 0.0942338 0.1475691 0.0775751 0.0327391 0.1180391 0.1181819 0.0926212 0.0705409 0.0899726 0.0000000 0.0791034 0.0358787 0.0587304 0.0514783 0.0613028 0.1724155 0.1586825 0.0961819 0.1522002 
Macropodidae_Wallabia_bicolor                0.1733745 0.0710932 0.1198682 0.0707172 0.0168038 0.0179264 0.1100369 0.0633376 0.0728587 0.0181789 0.1698225 0.0706616 0.1186248 0.1223935 0.0756597 0.0765832 0.1098939 0.1125844 0.1179122 0.1649293 0.0084823 0.0829495 0.1251680 0.1264903 0.1125532 0.0424513 0.1016405 0.0791034 0.0000000 0.0955766 0.1038680 0.0710348 0.0754530 0.1733745 0.1780907 0.1160830 0.1691881 
Pseudochiridae_Pseudocheirus_occidentalis    0.1748657 0.0687967 0.1174131 0.0709872 0.1007865 0.1050002 0.1161870 0.0723703 0.0794638 0.0978279 0.1799485 0.0721153 0.1157327 0.1225878 0.0800099 0.0696738 0.1043803 0.1149690 0.1101677 0.1727736 0.0950101 0.0312774 0.1352207 0.1301559 0.1114553 0.0844717 0.1038052 0.0358787 0.0955766 0.0000000 0.0741964 0.0659992 0.0796576 0.1748657 0.1793671 0.1148515 0.1765851 
Tarsipedidae_Tarsipes_rostratus              0.1826884 0.0763143 0.1238600 0.0758925 0.1042963 0.1071256 0.1255170 0.0750213 0.0896818 0.1042918 0.1797436 0.0844820 0.1230237 0.1391736 0.0902277 0.0803549 0.1189806 0.1255065 0.1187779 0.1709137 0.1023082 0.0722312 0.1408882 0.1363647 0.1192855 0.0886513 0.1139477 0.0587304 0.1038680 0.0741964 0.0000000 0.0781268 0.0900988 0.1826884 0.1841398 0.1225470 0.1781682 
Acrobatidae_Distoechurus_pennatus            0.1727416 0.0539601 0.1085930 0.0537447 0.0746043 0.0769338 0.0937687 0.0517976 0.0627664 0.0744950 0.1519292 0.0590962 0.0947521 0.1021381 0.0636641 0.0368026 0.0911452 0.0937704 0.0940240 0.1439651 0.0710474 0.0585608 0.1146155 0.1088151 0.0896439 0.0701248 0.0887727 0.0514783 0.0710348 0.0659992 0.0781268 0.0000000 0.0645185 0.1727416 0.1491741 0.0966488 0.1487139 
Phalangeridae_Phalanger_carmelitae           0.1678946 0.0559408 0.0984328 0.0492348 0.0777977 0.0796958 0.0994833 0.0221702 0.0107280 0.0797337 0.1467632 0.0123776 0.1002225 0.1069146 0.0025344 0.0636858 0.0934556 0.0985973 0.1023478 0.1421342 0.0752411 0.0739363 0.1075562 0.1079790 0.0962962 0.0649389 0.0874207 0.0613028 0.0754530 0.0796576 0.0900988 0.0645185 0.0000000 0.1678946 0.1479401 0.1022499 0.1449402 
Peramelidae_Isoodon_obesulus2                0.0000010 0.1699398 0.1687074 0.1444519 0.1690242 0.1686988 0.1706528 0.1556082 0.1671057 0.1744177 0.0155656 0.1720884 0.1720465 0.1787222 0.1666130 0.1637180 0.1706510 0.1723480 0.1820242 0.0278319 0.1714887 0.1802392 0.2138306 0.2015135 0.1657127 0.1674709 0.1718602 0.1724155 0.1733745 0.1748657 0.1826884 0.1727416 0.1678946 0.0000000 0.0332451 0.1728701 0.0187780 
Peramelidae_Peroryctes_raffrayana            0.0332451 0.1485590 0.1574825 0.1391944 0.1771813 0.1772093 0.1698639 0.1389279 0.1488460 0.1751741 0.0270632 0.1401478 0.1747520 0.1651989 0.1489571 0.1514240 0.1487155 0.1698011 0.1679491 0.0171147 0.1756026 0.1616808 0.1891066 0.1692679 0.1654676 0.1710376 0.1694247 0.1586825 0.1780907 0.1793671 0.1841398 0.1491741 0.1479401 0.0332451 0.0000000 0.1748265 0.0289927 
Dasyuridae_Dasyurus_geffroii                 0.1728701 0.0913070 0.1134957 0.0865461 0.1213933 0.1244470 0.0033729 0.0877651 0.1008491 0.1208391 0.1715329 0.0905276 0.0177224 0.0380128 0.1032326 0.0990626 0.0153699 0.0053928 0.0332035 0.1667737 0.1152857 0.1047639 0.1287801 0.1183504 0.0135640 0.1060602 0.1097577 0.0961819 0.1160830 0.1148515 0.1225470 0.0966488 0.1022499 0.1728701 0.1748265 0.0000000 0.1662821 
Peramelidae_Perameles_gunnii                 0.0187780 0.1464360 0.1552263 0.1344951 0.1670600 0.1701078 0.1581127 0.1372844 0.1452526 0.1639647 0.0020491 0.1368966 0.1697152 0.1637260 0.1462137 0.1487295 0.1476365 0.1640282 0.1597972 0.0253708 0.1636659 0.1575062 0.1806692 0.1698586 0.1617175 0.1668072 0.1631899 0.1522002 0.1691881 0.1765851 0.1781682 0.1487139 0.1449402 0.0187780 0.0289927 0.1662821 0.0000000 
