35
Burramyidae_Burramys_parvus                  0.0000000 0.0589860 0.0401080 0.0482064 0.0487680 0.0645129 0.0373606 0.0367381 0.0522793 0.0673735 0.0389276 0.0666980 0.0647215 0.0383713 0.0454955 0.0681535 0.0637061 0.0663022 0.0598763 0.0532774 0.0482987 0.0718562 0.0716057 0.0632328 0.0538330 0.0540991 0.0435616 0.0506155 0.0440467 0.0662751 0.0411502 0.0393355 0.0619417 0.0636714 0.0671595 
Notoryctidae_Notoryctes_typhlops             0.0589860 0.0000000 0.0572529 0.0696943 0.0703201 0.0692424 0.0603377 0.0617478 0.0764641 0.0744586 0.0647588 0.0703674 0.0693527 0.0621257 0.0667087 0.0701498 0.0677722 0.0677804 0.0663959 0.0750305 0.0664349 0.0765701 0.0717829 0.0682863 0.0748087 0.0623949 0.0612757 0.0730303 0.0647815 0.0780121 0.0637792 0.0651707 0.0689588 0.0665107 0.0739198 
Vombatidae_Lasiorhinus_latifrons             0.0401080 0.0572529 0.0000000 0.0513746 0.0517412 0.0605016 0.0438117 0.0427733 0.0550863 0.0709475 0.0447164 0.0648834 0.0621160 0.0429560 0.0479085 0.0644176 0.0606315 0.0634328 0.0606792 0.0556132 0.0495832 0.0711887 0.0677093 0.0605009 0.0545082 0.0535280 0.0441290 0.0544347 0.0462130 0.0674674 0.0464432 0.0436766 0.0657352 0.0607880 0.0708541 
Potoroidae_Bettongia_penicillata             0.0482064 0.0696943 0.0513746 0.0000000 0.0021185 0.0781456 0.0462894 0.0496519 0.0148178 0.0721587 0.0478067 0.0822705 0.0841033 0.0460624 0.0469288 0.0846552 0.0775546 0.0830754 0.0632591 0.0222382 0.0485286 0.0790162 0.0777169 0.0793112 0.0275041 0.0643995 0.0462490 0.0206742 0.0453434 0.0769731 0.0471276 0.0483141 0.0676764 0.0775992 0.0717293 
Potoroidae_Bettongia_lesueur                 0.0487680 0.0703201 0.0517412 0.0021185 0.0000000 0.0792594 0.0470196 0.0498254 0.0152728 0.0725991 0.0483701 0.0833980 0.0852388 0.0466071 0.0476762 0.0855725 0.0782197 0.0834000 0.0638652 0.0223988 0.0494902 0.0796968 0.0791643 0.0802770 0.0278269 0.0656790 0.0466124 0.0209914 0.0464744 0.0781306 0.0482474 0.0486872 0.0681122 0.0784997 0.0721699 
Dasyuridae_Dasyurus_maculatus                0.0645129 0.0692424 0.0605016 0.0781456 0.0792594 0.0000000 0.0707858 0.0703398 0.0837261 0.0920366 0.0738504 0.0139592 0.0185146 0.0711743 0.0732595 0.0141198 0.0076310 0.0165138 0.0806673 0.0832832 0.0759347 0.0830762 0.0794843 0.0121325 0.0833868 0.0594434 0.0677015 0.0821612 0.0721707 0.0823986 0.0710403 0.0728516 0.0859877 0.0066903 0.0916445 
Phalangeridae_Trichosurus_vulpecula          0.0373606 0.0603377 0.0438117 0.0462894 0.0470196 0.0707858 0.0000000 0.0168889 0.0495961 0.0694332 0.0190527 0.0742678 0.0745197 0.0162249 0.0461354 0.0753388 0.0707386 0.0738867 0.0616439 0.0517273 0.0458846 0.0740794 0.0742489 0.0731388 0.0512495 0.0589327 0.0426455 0.0487556 0.0431036 0.0722269 0.0432295 0.0166387 0.0645621 0.0704308 0.0690337 
Phalangeridae_Spilocuscus_maculatus          0.0367381 0.0617478 0.0427733 0.0496519 0.0498254 0.0703398 0.0168889 0.0000000 0.0534728 0.0720003 0.0152812 0.0723022 0.0722925 0.0123836 0.0466866 0.0743317 0.0685015 0.0729130 0.0610231 0.0522499 0.0463235 0.0736101 0.0748769 0.0702197 0.0528269 0.0614145 0.0408158 0.0505096 0.0430936 0.0716212 0.0420673 0.0102045 0.0643173 0.0686961 0.0715855 
Potoroidae_Aepyprymnus_rufescens             0.0522793 0.0764641 0.0550863 0.0148178 0.0152728 0.0837261 0.0495961 0.0534728 0.0000000 0.0762504 0.0518186 0.0868002 0.0881900 0.0506688 0.0536041 0.0881002 0.0822182 0.0881833 0.0672019 0.0182236 0.0541139 0.0868683 0.0850845 0.0848975 0.0289444 0.0710893 0.0530709 0.0172854 0.0506460 0.0786033 0.0524571 0.0522290 0.0725852 0.0822859 0.0753754 
Peramelidae_Perameles_nasuta                 0.0673735 0.0744586 0.0709475 0.0721587 0.0725991 0.0920366 0.0694332 0.0720003 0.0762504 0.0000000 0.0725921 0.0935730 0.0919968 0.0713264 0.0700175 0.0971923 0.0913920 0.0955544 0.0190720 0.0774520 0.0739045 0.0908231 0.0925708 0.0935721 0.0767951 0.0810523 0.0720869 0.0747328 0.0696431 0.0934769 0.0669696 0.0728790 0.0206931 0.0908552 0.0008856 
Phalangeridae_Strigocuscus_pelengensis       0.0389276 0.0647588 0.0447164 0.0478067 0.0483701 0.0738504 0.0190527 0.0152812 0.0518186 0.0725921 0.0000000 0.0775569 0.0774013 0.0127516 0.0462156 0.0795751 0.0735095 0.0781580 0.0626430 0.0534030 0.0473204 0.0764929 0.0765230 0.0753558 0.0521287 0.0617688 0.0438157 0.0512897 0.0433358 0.0737661 0.0419545 0.0136337 0.0662315 0.0736232 0.0719405 
Dasyuridae_Phascogale_tapoatafa              0.0666980 0.0703674 0.0648834 0.0822705 0.0833980 0.0139592 0.0742678 0.0723022 0.0868002 0.0935730 0.0775569 0.0000000 0.0150993 0.0731525 0.0782873 0.0057628 0.0116270 0.0136334 0.0823735 0.0884197 0.0781711 0.0868550 0.0814273 0.0074136 0.0862599 0.0616710 0.0695061 0.0854414 0.0739719 0.0831365 0.0758476 0.0746269 0.0878366 0.0140367 0.0931706 
Dasyuridae_Sminthopsis_macroura              0.0647215 0.0693527 0.0621160 0.0841033 0.0852388 0.0185146 0.0745197 0.0722925 0.0881900 0.0919968 0.0774013 0.0150993 0.0000000 0.0741005 0.0787749 0.0155474 0.0156560 0.0104930 0.0822546 0.0902802 0.0784288 0.0851102 0.0799380 0.0143213 0.0878272 0.0608579 0.0687568 0.0865773 0.0746673 0.0832785 0.0750727 0.0751301 0.0869690 0.0170107 0.0913691 
Phalangeridae_Phalanger_orientalis           0.0383713 0.0621257 0.0429560 0.0460624 0.0466071 0.0711743 0.0162249 0.0123836 0.0506688 0.0713264 0.0127516 0.0731525 0.0741005 0.0000000 0.0446208 0.0759485 0.0694473 0.0715575 0.0617794 0.0503572 0.0452898 0.0714059 0.0731596 0.0707337 0.0526842 0.0594599 0.0413310 0.0487413 0.0417555 0.0736522 0.0410494 0.0066035 0.0637368 0.0695719 0.0706829 
Acrobatidae_Acrobates_pygmaeus               0.0454955 0.0667087 0.0479085 0.0469288 0.0476762 0.0732595 0.0461354 0.0466866 0.0536041 0.0700175 0.0462156 0.0782873 0.0787749 0.0446208 0.0000000 0.0804520 0.0719015 0.0775811 0.0628792 0.0553318 0.0460112 0.0775943 0.0782443 0.0773419 0.0542212 0.0618481 0.0416904 0.0528338 0.0443128 0.0714369 0.0274176 0.0461101 0.0654643 0.0726053 0.0704804 
Dasyuridae_Phascogale_calura                 0.0681535 0.0701498 0.0644176 0.0846552 0.0855725 0.0141198 0.0753388 0.0743317 0.0881002 0.0971923 0.0795751 0.0057628 0.0155474 0.0759485 0.0804520 0.0000000 0.0125575 0.0145846 0.0856847 0.0913868 0.0802721 0.0880956 0.0831793 0.0074211 0.0891572 0.0625718 0.0701168 0.0883549 0.0766947 0.0842010 0.0773443 0.0765662 0.0912100 0.0143511 0.0965652 
Dasyuridae_Sarcophilus_harrisii              0.0637061 0.0677722 0.0606315 0.0775546 0.0782197 0.0076310 0.0707386 0.0685015 0.0822182 0.0913920 0.0735095 0.0116270 0.0156560 0.0694473 0.0719015 0.0125575 0.0000000 0.0138529 0.0798887 0.0824781 0.0751622 0.0822522 0.0805189 0.0094268 0.0802891 0.0589350 0.0666853 0.0797734 0.0699110 0.0827849 0.0696871 0.0710952 0.0851201 0.0071413 0.0909996 
Dasyuridae_Planigale_tenuirostris            0.0663022 0.0677804 0.0634328 0.0830754 0.0834000 0.0165138 0.0738867 0.0729130 0.0881833 0.0955544 0.0781580 0.0136334 0.0104930 0.0715575 0.0775811 0.0145846 0.0138529 0.0000000 0.0810788 0.0897906 0.0787188 0.0844390 0.0775597 0.0135315 0.0868653 0.0608526 0.0701235 0.0851807 0.0759932 0.0817025 0.0767483 0.0723327 0.0899171 0.0159434 0.0939051 
Peramelidae_Echymipera_kalubu                0.0598763 0.0663959 0.0606792 0.0632591 0.0638652 0.0806673 0.0616439 0.0610231 0.0672019 0.0190720 0.0626430 0.0823735 0.0822546 0.0617794 0.0628792 0.0856847 0.0798887 0.0810788 0.0000000 0.0670768 0.0633457 0.0841110 0.0827658 0.0804049 0.0677421 0.0711261 0.0626639 0.0654107 0.0608445 0.0870203 0.0606049 0.0625765 0.0132557 0.0792264 0.0192777 
Macropodidae_Dorcopsulus_vanheurni           0.0532774 0.0750305 0.0556132 0.0222382 0.0223988 0.0832832 0.0517273 0.0522499 0.0182236 0.0774520 0.0534030 0.0884197 0.0902802 0.0503572 0.0553318 0.0913868 0.0824781 0.0897906 0.0670768 0.0000000 0.0523770 0.0845864 0.0850623 0.0867570 0.0286022 0.0702465 0.0526851 0.0085193 0.0501006 0.0775868 0.0537031 0.0519460 0.0713147 0.0830039 0.0767956 
Pseudochiridae_Pseudochirulus_forbesi        0.0482987 0.0664349 0.0495832 0.0485286 0.0494902 0.0759347 0.0458846 0.0463235 0.0541139 0.0739045 0.0473204 0.0781711 0.0784288 0.0452898 0.0460112 0.0802721 0.0751622 0.0787188 0.0633457 0.0523770 0.0000000 0.0796369 0.0798812 0.0777748 0.0546114 0.0643195 0.0252176 0.0514326 0.0119218 0.0718680 0.0411353 0.0460277 0.0688337 0.0758994 0.0748295 
Didelphidae_Didelphis_virginiana             0.0718562 0.0765701 0.0711887 0.0790162 0.0796968 0.0830762 0.0740794 0.0736101 0.0868683 0.0908231 0.0764929 0.0868550 0.0851102 0.0714059 0.0775943 0.0880956 0.0822522 0.0844390 0.0841110 0.0845864 0.0796369 0.0000000 0.0219556 0.0851233 0.0862072 0.0715538 0.0746683 0.0826332 0.0759395 0.1005522 0.0740447 0.0741978 0.0842622 0.0819996 0.0909230 
Marmosidae_Monodelphis_domestica             0.0716057 0.0717829 0.0677093 0.0777169 0.0791643 0.0794843 0.0742489 0.0748769 0.0850845 0.0925708 0.0765230 0.0814273 0.0799380 0.0731596 0.0782443 0.0831793 0.0805189 0.0775597 0.0827658 0.0850623 0.0798812 0.0219556 0.0000000 0.0805735 0.0864579 0.0697276 0.0735781 0.0819461 0.0763162 0.0984906 0.0748909 0.0760686 0.0886677 0.0807269 0.0928828 
Dasyuridae_Antechinus_stuartii               0.0632328 0.0682863 0.0605009 0.0793112 0.0802770 0.0121325 0.0731388 0.0702197 0.0848975 0.0935721 0.0753558 0.0074136 0.0143213 0.0707337 0.0773419 0.0074211 0.0094268 0.0135315 0.0804049 0.0867570 0.0777748 0.0851233 0.0805735 0.0000000 0.0849238 0.0583130 0.0668997 0.0844382 0.0721419 0.0854730 0.0735330 0.0730697 0.0874486 0.0114490 0.0928705 
Hypsiprymnodontidae_Hypsiprymnodon_moschatus 0.0538330 0.0748087 0.0545082 0.0275041 0.0278269 0.0833868 0.0512495 0.0528269 0.0289444 0.0767951 0.0521287 0.0862599 0.0878272 0.0526842 0.0542212 0.0891572 0.0802891 0.0868653 0.0677421 0.0286022 0.0546114 0.0862072 0.0864579 0.0849238 0.0000000 0.0704246 0.0520121 0.0273212 0.0505934 0.0766508 0.0498035 0.0540734 0.0730810 0.0826189 0.0768440 
Microbiotheriidae_Dromiciops_gliroides       0.0540991 0.0623949 0.0535280 0.0643995 0.0656790 0.0594434 0.0589327 0.0614145 0.0710893 0.0810523 0.0617688 0.0616710 0.0608579 0.0594599 0.0618481 0.0625718 0.0589350 0.0608526 0.0711261 0.0702465 0.0643195 0.0715538 0.0697276 0.0583130 0.0704246 0.0000000 0.0584200 0.0678468 0.0604959 0.0706793 0.0619848 0.0613265 0.0761949 0.0591601 0.0801492 
Pseudochiridae_Petauroides_volans            0.0435616 0.0612757 0.0441290 0.0462490 0.0466124 0.0677015 0.0426455 0.0408158 0.0530709 0.0720869 0.0438157 0.0695061 0.0687568 0.0413310 0.0416904 0.0701168 0.0666853 0.0701235 0.0626639 0.0526851 0.0252176 0.0746683 0.0735781 0.0668997 0.0520121 0.0584200 0.0000000 0.0507833 0.0208620 0.0590173 0.0394131 0.0428138 0.0668781 0.0683034 0.0732129 
Macropodidae_Wallabia_bicolor                0.0506155 0.0730303 0.0544347 0.0206742 0.0209914 0.0821612 0.0487556 0.0505096 0.0172854 0.0747328 0.0512897 0.0854414 0.0865773 0.0487413 0.0528338 0.0883549 0.0797734 0.0851807 0.0654107 0.0085193 0.0514326 0.0826332 0.0819461 0.0844382 0.0273212 0.0678468 0.0507833 0.0000000 0.0491598 0.0749306 0.0496998 0.0500980 0.0688921 0.0811880 0.0736536 
Pseudochiridae_Pseudocheirus_occidentalis    0.0440467 0.0647815 0.0462130 0.0453434 0.0464744 0.0721707 0.0431036 0.0430936 0.0506460 0.0696431 0.0433358 0.0739719 0.0746673 0.0417555 0.0443128 0.0766947 0.0699110 0.0759932 0.0608445 0.0501006 0.0119218 0.0759395 0.0763162 0.0721419 0.0505934 0.0604959 0.0208620 0.0491598 0.0000000 0.0658705 0.0377096 0.0434317 0.0646326 0.0715132 0.0701041 
Tarsipedidae_Tarsipes_rostratus              0.0662751 0.0780121 0.0674674 0.0769731 0.0781306 0.0823986 0.0722269 0.0716212 0.0786033 0.0934769 0.0737661 0.0831365 0.0832785 0.0736522 0.0714369 0.0842010 0.0827849 0.0817025 0.0870203 0.0775868 0.0718680 0.1005522 0.0984906 0.0854730 0.0766508 0.0706793 0.0590173 0.0749306 0.0658705 0.0000000 0.0652744 0.0735160 0.0866325 0.0824055 0.0940201 
Acrobatidae_Distoechurus_pennatus            0.0411502 0.0637792 0.0464432 0.0471276 0.0482474 0.0710403 0.0432295 0.0420673 0.0524571 0.0669696 0.0419545 0.0758476 0.0750727 0.0410494 0.0274176 0.0773443 0.0696871 0.0767483 0.0606049 0.0537031 0.0411353 0.0740447 0.0748909 0.0735330 0.0498035 0.0619848 0.0394131 0.0496998 0.0377096 0.0652744 0.0000000 0.0424851 0.0641489 0.0712964 0.0677977 
Phalangeridae_Phalanger_carmelitae           0.0393355 0.0651707 0.0436766 0.0483141 0.0486872 0.0728516 0.0166387 0.0102045 0.0522290 0.0728790 0.0136337 0.0746269 0.0751301 0.0066035 0.0461101 0.0765662 0.0710952 0.0723327 0.0625765 0.0519460 0.0460277 0.0741978 0.0760686 0.0730697 0.0540734 0.0613265 0.0428138 0.0500980 0.0434317 0.0735160 0.0424851 0.0000000 0.0662084 0.0720633 0.0722365 
Peramelidae_Peroryctes_raffrayana            0.0619417 0.0689588 0.0657352 0.0676764 0.0681122 0.0859877 0.0645621 0.0643173 0.0725852 0.0206931 0.0662315 0.0878366 0.0869690 0.0637368 0.0654643 0.0912100 0.0851201 0.0899171 0.0132557 0.0713147 0.0688337 0.0842622 0.0886677 0.0874486 0.0730810 0.0761949 0.0668781 0.0688921 0.0646326 0.0866325 0.0641489 0.0662084 0.0000000 0.0836539 0.0210510 
Dasyuridae_Dasyurus_geffroii                 0.0636714 0.0665107 0.0607880 0.0775992 0.0784997 0.0066903 0.0704308 0.0686961 0.0822859 0.0908552 0.0736232 0.0140367 0.0170107 0.0695719 0.0726053 0.0143511 0.0071413 0.0159434 0.0792264 0.0830039 0.0758994 0.0819996 0.0807269 0.0114490 0.0826189 0.0591601 0.0683034 0.0811880 0.0715132 0.0824055 0.0712964 0.0720633 0.0836539 0.0000000 0.0904641 
Peramelidae_Perameles_gunnii                 0.0671595 0.0739198 0.0708541 0.0717293 0.0721699 0.0916445 0.0690337 0.0715855 0.0753754 0.0008856 0.0719405 0.0931706 0.0913691 0.0706829 0.0704804 0.0965652 0.0909996 0.0939051 0.0192777 0.0767956 0.0748295 0.0909230 0.0928828 0.0928705 0.0768440 0.0801492 0.0732129 0.0736536 0.0701041 0.0940201 0.0677977 0.0722365 0.0210510 0.0904641 0.0000000 
