35
Burramyidae_Burramys_parvus                  0.0000000 0.0657254 0.0395372 0.0456899 0.0471566 0.0514699 0.0253431 0.0289309 0.0435519 0.0603239 0.0280363 0.0529382 0.0594737 0.0254381 0.0376494 0.0536713 0.0522402 0.0513238 0.0627643 0.0437425 0.0496743 0.0643144 0.0726924 0.0523518 0.0427032 0.0429452 0.0351563 0.0468692 0.0411382 0.0518139 0.0411706 0.0302742 0.0582467 0.0508006 0.0626674 
Notoryctidae_Notoryctes_typhlops             0.0657254 0.0000000 0.0782349 0.0880506 0.0903419 0.0956677 0.0819082 0.0860809 0.0929498 0.1335903 0.0948327 0.0922432 0.1158381 0.0827536 0.1185050 0.0954997 0.0976576 0.0991751 0.1121379 0.0897924 0.1130632 0.1068310 0.1101169 0.0944924 0.0924065 0.0905090 0.1038359 0.0927528 0.0882635 0.1182987 0.1219135 0.0883427 0.0939947 0.0981251 0.1051639 
Vombatidae_Lasiorhinus_latifrons             0.0395372 0.0782349 0.0000000 0.0641894 0.0663794 0.0705712 0.0372388 0.0460374 0.0679245 0.1006900 0.0488600 0.0646706 0.0867691 0.0420556 0.0722836 0.0667923 0.0725092 0.0772119 0.0910982 0.0662037 0.0708587 0.0918546 0.1020290 0.0663935 0.0618258 0.0673257 0.0625605 0.0710497 0.0518229 0.0778802 0.0781198 0.0472269 0.0858510 0.0718133 0.0861841 
Potoroidae_Bettongia_penicillata             0.0456899 0.0880506 0.0641894 0.0000000 0.0016692 0.0689077 0.0473684 0.0519385 0.0112693 0.0877277 0.0516536 0.0713223 0.0796321 0.0467231 0.0648295 0.0720171 0.0700920 0.0741944 0.0800180 0.0217662 0.0675321 0.0767134 0.0800405 0.0700418 0.0308245 0.0643918 0.0577613 0.0243902 0.0524594 0.0713629 0.0671142 0.0512482 0.0687241 0.0716362 0.0758499 
Potoroidae_Bettongia_lesueur                 0.0471566 0.0903419 0.0663794 0.0016692 0.0000000 0.0709459 0.0486420 0.0532580 0.0118484 0.0893102 0.0529633 0.0733628 0.0817044 0.0479957 0.0653986 0.0740605 0.0721321 0.0765419 0.0821954 0.0223949 0.0688441 0.0781627 0.0815013 0.0715364 0.0314650 0.0657833 0.0590579 0.0250466 0.0539811 0.0727196 0.0684490 0.0525309 0.0703371 0.0736693 0.0772968 
Dasyuridae_Dasyurus_maculatus                0.0514699 0.0956677 0.0705712 0.0689077 0.0709459 0.0000000 0.0550851 0.0565189 0.0708295 0.0831900 0.0563521 0.0144357 0.0285413 0.0531615 0.0638654 0.0144191 0.0062569 0.0195451 0.0766283 0.0656325 0.0706031 0.0766349 0.0853493 0.0159484 0.0689516 0.0616716 0.0630394 0.0696608 0.0674899 0.0761811 0.0672803 0.0578030 0.0729593 0.0067969 0.0793810 
Phalangeridae_Trichosurus_vulpecula          0.0253431 0.0819082 0.0372388 0.0473684 0.0486420 0.0550851 0.0000000 0.0131630 0.0478460 0.0765782 0.0128132 0.0554817 0.0671072 0.0090891 0.0455109 0.0561545 0.0562029 0.0578896 0.0662413 0.0468821 0.0531129 0.0574672 0.0637002 0.0540610 0.0466785 0.0474437 0.0429393 0.0479791 0.0386195 0.0558458 0.0483476 0.0131541 0.0596058 0.0552349 0.0638800 
Phalangeridae_Spilocuscus_maculatus          0.0289309 0.0860809 0.0460374 0.0519385 0.0532580 0.0565189 0.0131630 0.0000000 0.0518213 0.0773149 0.0098514 0.0569117 0.0672617 0.0056505 0.0499801 0.0575882 0.0563645 0.0563313 0.0675367 0.0508159 0.0577399 0.0595147 0.0656595 0.0567490 0.0505422 0.0501596 0.0480630 0.0538295 0.0424228 0.0565479 0.0551005 0.0102546 0.0577064 0.0566578 0.0616091 
Potoroidae_Aepyprymnus_rufescens             0.0435519 0.0929498 0.0679245 0.0112693 0.0118484 0.0708295 0.0478460 0.0518213 0.0000000 0.0875822 0.0515005 0.0732431 0.0836325 0.0465883 0.0675068 0.0739397 0.0720141 0.0762727 0.0792741 0.0217534 0.0694099 0.0775477 0.0816443 0.0721322 0.0295474 0.0654585 0.0582650 0.0243888 0.0517719 0.0724755 0.0690216 0.0510993 0.0679274 0.0735496 0.0742963 
Peramelidae_Perameles_nasuta                 0.0603239 0.1335903 0.1006900 0.0877277 0.0893102 0.0831900 0.0765782 0.0773149 0.0875822 0.0000000 0.0770203 0.0836339 0.0877253 0.0759469 0.0785975 0.0857357 0.0845189 0.0837386 0.0174848 0.0886859 0.0802685 0.0811658 0.0918325 0.0817396 0.0870353 0.0805389 0.0711352 0.0918804 0.0628405 0.0791777 0.0817868 0.0809443 0.0142811 0.0827509 0.0012900 
Phalangeridae_Strigocuscus_pelengensis       0.0280363 0.0948327 0.0488600 0.0516536 0.0529633 0.0563521 0.0128132 0.0098514 0.0515005 0.0770203 0.0000000 0.0565982 0.0670911 0.0063411 0.0471614 0.0573255 0.0574949 0.0578011 0.0685530 0.0511657 0.0547210 0.0603376 0.0667755 0.0547969 0.0489581 0.0507477 0.0448501 0.0534715 0.0420043 0.0573860 0.0539511 0.0110452 0.0602500 0.0571602 0.0647519 
Dasyuridae_Phascogale_tapoatafa              0.0529382 0.0922432 0.0646706 0.0713223 0.0733628 0.0144357 0.0554817 0.0569117 0.0732431 0.0836339 0.0565982 0.0000000 0.0274339 0.0548903 0.0653704 0.0028270 0.0151111 0.0202997 0.0761150 0.0680465 0.0724955 0.0782578 0.0854694 0.0081701 0.0708259 0.0627617 0.0655893 0.0707543 0.0669688 0.0742334 0.0709678 0.0581906 0.0738114 0.0144398 0.0788576 
Dasyuridae_Sminthopsis_macroura              0.0594737 0.1158381 0.0867691 0.0796321 0.0817044 0.0285413 0.0671072 0.0672617 0.0836325 0.0877253 0.0670911 0.0274339 0.0000000 0.0665216 0.0752397 0.0274004 0.0292705 0.0208747 0.0820240 0.0791084 0.0777593 0.0843158 0.0923790 0.0267180 0.0774026 0.0726038 0.0695232 0.0840845 0.0697549 0.0791185 0.0749281 0.0699091 0.0810482 0.0285165 0.0839985 
Phalangeridae_Phalanger_orientalis           0.0254381 0.0827536 0.0420556 0.0467231 0.0479957 0.0531615 0.0090891 0.0056505 0.0465883 0.0759469 0.0063411 0.0548903 0.0665216 0.0000000 0.0453262 0.0555633 0.0542819 0.0562962 0.0652054 0.0462354 0.0550618 0.0585562 0.0632188 0.0547965 0.0446960 0.0481477 0.0435638 0.0479875 0.0409383 0.0551087 0.0517583 0.0039368 0.0575246 0.0546458 0.0628022 
Acrobatidae_Acrobates_pygmaeus               0.0376494 0.1185050 0.0722836 0.0648295 0.0653986 0.0638654 0.0455109 0.0499801 0.0675068 0.0785975 0.0471614 0.0653704 0.0752397 0.0453262 0.0000000 0.0660818 0.0661347 0.0655127 0.0716112 0.0657533 0.0577719 0.0680799 0.0746079 0.0594169 0.0620827 0.0638828 0.0492682 0.0661403 0.0418743 0.0590957 0.0311254 0.0486516 0.0652443 0.0627622 0.0694765 
Dasyuridae_Phascogale_calura                 0.0536713 0.0954997 0.0667923 0.0720171 0.0740605 0.0144191 0.0561545 0.0575882 0.0739397 0.0857357 0.0573255 0.0028270 0.0274004 0.0555633 0.0660818 0.0000000 0.0162867 0.0196058 0.0775106 0.0687375 0.0732020 0.0767413 0.0839819 0.0075833 0.0701521 0.0613793 0.0662796 0.0714558 0.0684435 0.0749611 0.0716742 0.0588688 0.0760967 0.0144232 0.0802975 
Dasyuridae_Sarcophilus_harrisii              0.0522402 0.0976576 0.0725092 0.0700920 0.0721321 0.0062569 0.0562029 0.0563645 0.0720141 0.0845189 0.0574949 0.0151111 0.0292705 0.0542819 0.0661347 0.0162867 0.0000000 0.0202962 0.0783030 0.0674674 0.0717703 0.0753221 0.0840303 0.0178745 0.0721623 0.0635343 0.0642110 0.0715195 0.0675700 0.0764352 0.0674983 0.0589201 0.0738674 0.0085664 0.0802592 
Dasyuridae_Planigale_tenuirostris            0.0513238 0.0991751 0.0772119 0.0741944 0.0765419 0.0195451 0.0578896 0.0563313 0.0762727 0.0837386 0.0578011 0.0202997 0.0208747 0.0562962 0.0655127 0.0196058 0.0202962 0.0000000 0.0739535 0.0715397 0.0715352 0.0752652 0.0839030 0.0211885 0.0693235 0.0600979 0.0630811 0.0762464 0.0667324 0.0755921 0.0651388 0.0593566 0.0729888 0.0209735 0.0770327 
Peramelidae_Echymipera_kalubu                0.0627643 0.1121379 0.0910982 0.0800180 0.0821954 0.0766283 0.0662413 0.0675367 0.0792741 0.0174848 0.0685530 0.0761150 0.0820240 0.0652054 0.0716112 0.0775106 0.0783030 0.0739535 0.0000000 0.0818073 0.0730198 0.0831484 0.0915928 0.0759893 0.0813224 0.0718450 0.0673515 0.0819250 0.0639792 0.0782140 0.0755868 0.0701829 0.0135982 0.0773922 0.0175487 
Macropodidae_Dorcopsulus_vanheurni           0.0437425 0.0897924 0.0662037 0.0217662 0.0223949 0.0656325 0.0468821 0.0508159 0.0217534 0.0886859 0.0511657 0.0680465 0.0791084 0.0462354 0.0657533 0.0687375 0.0674674 0.0715397 0.0818073 0.0000000 0.0695089 0.0764125 0.0807153 0.0653254 0.0285225 0.0670292 0.0571231 0.0102907 0.0546497 0.0723306 0.0670713 0.0507691 0.0703810 0.0669699 0.0768466 
Pseudochiridae_Pseudochirulus_forbesi        0.0496743 0.1130632 0.0708587 0.0675321 0.0688441 0.0706031 0.0531129 0.0577399 0.0694099 0.0802685 0.0547210 0.0724955 0.0777593 0.0550618 0.0577719 0.0732020 0.0717703 0.0715352 0.0730198 0.0695089 0.0000000 0.0802176 0.0838414 0.0688090 0.0686358 0.0707671 0.0354947 0.0716766 0.0236937 0.0604754 0.0655141 0.0583285 0.0715143 0.0687930 0.0731903 
Didelphidae_Didelphis_virginiana             0.0643144 0.1068310 0.0918546 0.0767134 0.0781627 0.0766349 0.0574672 0.0595147 0.0775477 0.0811658 0.0603376 0.0782578 0.0843158 0.0585562 0.0680799 0.0767413 0.0753221 0.0752652 0.0831484 0.0764125 0.0802176 0.0000000 0.0285381 0.0751992 0.0763272 0.0672689 0.0647735 0.0816634 0.0740815 0.0759844 0.0748859 0.0643910 0.0762846 0.0774227 0.0836062 
Marmosidae_Monodelphis_domestica             0.0726924 0.1101169 0.1020290 0.0800405 0.0815013 0.0853493 0.0637002 0.0656595 0.0816443 0.0918325 0.0667755 0.0854694 0.0923790 0.0632188 0.0746079 0.0839819 0.0840303 0.0839030 0.0915928 0.0807153 0.0838414 0.0285381 0.0000000 0.0840310 0.0821907 0.0712523 0.0704123 0.0861964 0.0801151 0.0796392 0.0790986 0.0691785 0.0846552 0.0861563 0.0942350 
Dasyuridae_Antechinus_stuartii               0.0523518 0.0944924 0.0663935 0.0700418 0.0715364 0.0159484 0.0540610 0.0567490 0.0721322 0.0817396 0.0547969 0.0081701 0.0267180 0.0547965 0.0594169 0.0075833 0.0178745 0.0211885 0.0759893 0.0653254 0.0688090 0.0751992 0.0840310 0.0000000 0.0667823 0.0594338 0.0634955 0.0683092 0.0638892 0.0684484 0.0660392 0.0581660 0.0748629 0.0148020 0.0774390 
Hypsiprymnodontidae_Hypsiprymnodon_moschatus 0.0427032 0.0924065 0.0618258 0.0308245 0.0314650 0.0689516 0.0466785 0.0505422 0.0295474 0.0870353 0.0489581 0.0708259 0.0774026 0.0446960 0.0620827 0.0701521 0.0721623 0.0693235 0.0813224 0.0285225 0.0686358 0.0763272 0.0821907 0.0667823 0.0000000 0.0639556 0.0556010 0.0324864 0.0513947 0.0697715 0.0629330 0.0491926 0.0722707 0.0703542 0.0756198 
Microbiotheriidae_Dromiciops_gliroides       0.0429452 0.0905090 0.0673257 0.0643918 0.0657833 0.0616716 0.0474437 0.0501596 0.0654585 0.0805389 0.0507477 0.0627617 0.0726038 0.0481477 0.0638828 0.0613793 0.0635343 0.0600979 0.0718450 0.0670292 0.0707671 0.0672689 0.0712523 0.0594338 0.0639556 0.0000000 0.0588196 0.0683930 0.0553523 0.0707605 0.0723810 0.0501468 0.0651951 0.0617718 0.0710073 
Pseudochiridae_Petauroides_volans            0.0351563 0.1038359 0.0625605 0.0577613 0.0590579 0.0630394 0.0429393 0.0480630 0.0582650 0.0711352 0.0448501 0.0655893 0.0695232 0.0435638 0.0492682 0.0662796 0.0642110 0.0630811 0.0673515 0.0571231 0.0354947 0.0647735 0.0704123 0.0634955 0.0556010 0.0588196 0.0000000 0.0596764 0.0253454 0.0499898 0.0538779 0.0467875 0.0591211 0.0636454 0.0605888 
Macropodidae_Wallabia_bicolor                0.0468692 0.0927528 0.0710497 0.0243902 0.0250466 0.0696608 0.0479791 0.0538295 0.0243888 0.0918804 0.0534715 0.0707543 0.0840845 0.0479875 0.0661403 0.0714558 0.0715195 0.0762464 0.0819250 0.0102907 0.0716766 0.0816634 0.0861964 0.0683092 0.0324864 0.0683930 0.0596764 0.0000000 0.0555932 0.0724538 0.0712159 0.0525810 0.0738637 0.0696700 0.0798324 
Pseudochiridae_Pseudocheirus_occidentalis    0.0411382 0.0882635 0.0518229 0.0524594 0.0539811 0.0674899 0.0386195 0.0424228 0.0517719 0.0628405 0.0420043 0.0669688 0.0697549 0.0409383 0.0418743 0.0684435 0.0675700 0.0667324 0.0639792 0.0546497 0.0236937 0.0740815 0.0801151 0.0638892 0.0513947 0.0553523 0.0253454 0.0555932 0.0000000 0.0494375 0.0471379 0.0445667 0.0635684 0.0652954 0.0661680 
Tarsipedidae_Tarsipes_rostratus              0.0518139 0.1182987 0.0778802 0.0713629 0.0727196 0.0761811 0.0558458 0.0565479 0.0724755 0.0791777 0.0573860 0.0742334 0.0791185 0.0551087 0.0590957 0.0749611 0.0764352 0.0755921 0.0782140 0.0723306 0.0604754 0.0759844 0.0796392 0.0684484 0.0697715 0.0707605 0.0499898 0.0724538 0.0494375 0.0000000 0.0612999 0.0578087 0.0694589 0.0731512 0.0750238 
Acrobatidae_Distoechurus_pennatus            0.0411706 0.1219135 0.0781198 0.0671142 0.0684490 0.0672803 0.0483476 0.0551005 0.0690216 0.0817868 0.0539511 0.0709678 0.0749281 0.0517583 0.0311254 0.0716742 0.0674983 0.0651388 0.0755868 0.0670713 0.0655141 0.0748859 0.0790986 0.0660392 0.0629330 0.0723810 0.0538779 0.0712159 0.0471379 0.0612999 0.0000000 0.0564082 0.0664532 0.0669506 0.0711289 
Phalangeridae_Phalanger_carmelitae           0.0302742 0.0883427 0.0472269 0.0512482 0.0525309 0.0578030 0.0131541 0.0102546 0.0510993 0.0809443 0.0110452 0.0581906 0.0699091 0.0039368 0.0486516 0.0588688 0.0589201 0.0593566 0.0701829 0.0507691 0.0583285 0.0643910 0.0691785 0.0581660 0.0491926 0.0501468 0.0467875 0.0525810 0.0445667 0.0578087 0.0564082 0.0000000 0.0605942 0.0579310 0.0679120 
Peramelidae_Peroryctes_raffrayana            0.0582467 0.0939947 0.0858510 0.0687241 0.0703371 0.0729593 0.0596058 0.0577064 0.0679274 0.0142811 0.0602500 0.0738114 0.0810482 0.0575246 0.0652443 0.0760967 0.0738674 0.0729888 0.0135982 0.0703810 0.0715143 0.0762846 0.0846552 0.0748629 0.0722707 0.0651951 0.0591211 0.0738637 0.0635684 0.0694589 0.0664532 0.0605942 0.0000000 0.0737823 0.0169784 
Dasyuridae_Dasyurus_geffroii                 0.0508006 0.0981251 0.0718133 0.0716362 0.0736693 0.0067969 0.0552349 0.0566578 0.0735496 0.0827509 0.0571602 0.0144398 0.0285165 0.0546458 0.0627622 0.0144232 0.0085664 0.0209735 0.0773922 0.0669699 0.0687930 0.0774227 0.0861563 0.0148020 0.0703542 0.0617718 0.0636454 0.0696700 0.0652954 0.0731512 0.0669506 0.0579310 0.0737823 0.0000000 0.0801716 
Peramelidae_Perameles_gunnii                 0.0626674 0.1051639 0.0861841 0.0758499 0.0772968 0.0793810 0.0638800 0.0616091 0.0742963 0.0012900 0.0647519 0.0788576 0.0839985 0.0628022 0.0694765 0.0802975 0.0802592 0.0770327 0.0175487 0.0768466 0.0731903 0.0836062 0.0942350 0.0774390 0.0756198 0.0710073 0.0605888 0.0798324 0.0661680 0.0750238 0.0711289 0.0679120 0.0169784 0.0801716 0.0000000 
