35
Burramyidae_Burramys_parvus                  0.0000000 0.0709348 0.0489371 0.0568537 0.0568148 0.0618860 0.0398209 0.0443461 0.0556723 0.0619525 0.0414732 0.0608199 0.0603533 0.0386889 0.0522418 0.0611015 0.0618538 0.0648109 0.0663644 0.0570438 0.0486728 0.0792604 0.0771246 0.0610412 0.0476905 0.0576228 0.0531331 0.0528508 0.0470312 0.0613246 0.0598810 0.0402956 0.0631780 0.0752446 0.0657960 
Notoryctidae_Notoryctes_typhlops             0.0709348 0.0000000 0.0651153 0.0731478 0.0738279 0.0696737 0.0606473 0.0679166 0.0716614 0.0736644 0.0614438 0.0707764 0.0711685 0.0614948 0.0702087 0.0706982 0.0682182 0.0723702 0.0786209 0.0742330 0.0684382 0.0931206 0.0919876 0.0696253 0.0633810 0.0663287 0.0745448 0.0713298 0.0644961 0.0812780 0.0760629 0.0639696 0.0726343 0.0858638 0.0779297 
Vombatidae_Lasiorhinus_latifrons             0.0489371 0.0651153 0.0000000 0.0528408 0.0537608 0.0591070 0.0376492 0.0435298 0.0516866 0.0628745 0.0374946 0.0581221 0.0590052 0.0368968 0.0514061 0.0583976 0.0573632 0.0615652 0.0661264 0.0500400 0.0490476 0.0801273 0.0805162 0.0584193 0.0440362 0.0552121 0.0527089 0.0482993 0.0432598 0.0616687 0.0522955 0.0390809 0.0602352 0.0701171 0.0648715 
Potoroidae_Bettongia_penicillata             0.0568537 0.0731478 0.0528408 0.0000000 0.0071207 0.0676221 0.0464122 0.0510262 0.0134916 0.0724946 0.0472749 0.0694749 0.0686056 0.0479418 0.0498986 0.0686288 0.0676523 0.0719452 0.0755904 0.0246457 0.0530178 0.0806960 0.0852634 0.0684273 0.0215255 0.0662498 0.0532060 0.0218585 0.0479773 0.0565153 0.0621101 0.0486076 0.0684397 0.0859253 0.0763638 
Potoroidae_Bettongia_lesueur                 0.0568148 0.0738279 0.0537608 0.0071207 0.0000000 0.0675064 0.0464072 0.0505968 0.0126034 0.0732111 0.0458445 0.0697338 0.0684928 0.0468569 0.0502449 0.0688880 0.0686253 0.0699596 0.0755533 0.0246328 0.0512406 0.0789684 0.0828519 0.0686885 0.0233118 0.0651457 0.0517105 0.0220109 0.0484243 0.0550018 0.0614686 0.0475194 0.0693430 0.0861861 0.0767246 
Dasyuridae_Dasyurus_maculatus                0.0618860 0.0696737 0.0591070 0.0676221 0.0675064 0.0000000 0.0580191 0.0656429 0.0680714 0.0643097 0.0605130 0.0111690 0.0151971 0.0566653 0.0579239 0.0120256 0.0058105 0.0159995 0.0674820 0.0674182 0.0629272 0.0754308 0.0754064 0.0097971 0.0514925 0.0568469 0.0687920 0.0649928 0.0577212 0.0655428 0.0725804 0.0590682 0.0682305 0.0050948 0.0682275 
Phalangeridae_Trichosurus_vulpecula          0.0398209 0.0606473 0.0376492 0.0464122 0.0464072 0.0580191 0.0000000 0.0182265 0.0455588 0.0554509 0.0119696 0.0565134 0.0544049 0.0115399 0.0470208 0.0572114 0.0567876 0.0589299 0.0600368 0.0466962 0.0430731 0.0792750 0.0790088 0.0556929 0.0415861 0.0485682 0.0481512 0.0426130 0.0384359 0.0568780 0.0507130 0.0118248 0.0532375 0.0711817 0.0597237 
Phalangeridae_Spilocuscus_maculatus          0.0443461 0.0679166 0.0435298 0.0510262 0.0505968 0.0656429 0.0182265 0.0000000 0.0484537 0.0665891 0.0164518 0.0656142 0.0625698 0.0162687 0.0451956 0.0662822 0.0648413 0.0656917 0.0674654 0.0491811 0.0495431 0.0872192 0.0838062 0.0655707 0.0386381 0.0545779 0.0551156 0.0451047 0.0481990 0.0543656 0.0551308 0.0150358 0.0653399 0.0808484 0.0679107 
Potoroidae_Aepyprymnus_rufescens             0.0556723 0.0716614 0.0516866 0.0134916 0.0126034 0.0680714 0.0455588 0.0484537 0.0000000 0.0702198 0.0437588 0.0684419 0.0675732 0.0454863 0.0516250 0.0676077 0.0666305 0.0701141 0.0734726 0.0229211 0.0494964 0.0808307 0.0839151 0.0677663 0.0247388 0.0620815 0.0513121 0.0189342 0.0449130 0.0577564 0.0605234 0.0461411 0.0673829 0.0846784 0.0739279 
Peramelidae_Perameles_nasuta                 0.0619525 0.0736644 0.0628745 0.0724946 0.0732111 0.0643097 0.0554509 0.0665891 0.0702198 0.0000000 0.0614582 0.0662100 0.0631632 0.0594864 0.0558300 0.0661261 0.0630930 0.0664377 0.0135247 0.0668463 0.0666517 0.0751440 0.0735133 0.0654784 0.0496766 0.0523011 0.0705236 0.0650231 0.0646544 0.0647435 0.0759588 0.0612972 0.0122503 0.0879275 0.0002990 
Phalangeridae_Strigocuscus_pelengensis       0.0414732 0.0614438 0.0374946 0.0472749 0.0458445 0.0605130 0.0119696 0.0164518 0.0437588 0.0614582 0.0000000 0.0594713 0.0581779 0.0073921 0.0456872 0.0601171 0.0591107 0.0607657 0.0634591 0.0457534 0.0429165 0.0812532 0.0776515 0.0601055 0.0425054 0.0492904 0.0478677 0.0422145 0.0406585 0.0561420 0.0509887 0.0070922 0.0593088 0.0740527 0.0646013 
Dasyuridae_Phascogale_tapoatafa              0.0608199 0.0707764 0.0581221 0.0694749 0.0697338 0.0111690 0.0565134 0.0656142 0.0684419 0.0662100 0.0594713 0.0000000 0.0154812 0.0576826 0.0564958 0.0030212 0.0120278 0.0163035 0.0681283 0.0677763 0.0626249 0.0735028 0.0749364 0.0063893 0.0528864 0.0575933 0.0684847 0.0664775 0.0591155 0.0704257 0.0725014 0.0593583 0.0693304 0.0139876 0.0688716 
Dasyuridae_Sminthopsis_macroura              0.0603533 0.0711685 0.0590052 0.0686056 0.0684928 0.0151971 0.0544049 0.0625698 0.0675732 0.0631632 0.0581779 0.0154812 0.0000000 0.0561203 0.0557098 0.0163308 0.0163426 0.0165469 0.0670795 0.0662486 0.0618348 0.0733414 0.0722792 0.0141125 0.0517634 0.0541765 0.0669549 0.0649402 0.0559029 0.0672588 0.0718914 0.0574225 0.0669564 0.0185277 0.0671448 
Phalangeridae_Phalanger_orientalis           0.0386889 0.0614948 0.0368968 0.0479418 0.0468569 0.0566653 0.0115399 0.0162687 0.0454863 0.0594864 0.0073921 0.0576826 0.0561203 0.0000000 0.0453691 0.0583188 0.0563299 0.0596896 0.0626486 0.0451540 0.0433413 0.0813343 0.0782014 0.0580036 0.0421777 0.0492462 0.0473206 0.0403960 0.0392487 0.0570179 0.0499994 0.0036053 0.0581213 0.0677855 0.0630942 
Acrobatidae_Acrobates_pygmaeus               0.0522418 0.0702087 0.0514061 0.0498986 0.0502449 0.0579239 0.0470208 0.0451956 0.0516250 0.0558300 0.0456872 0.0564958 0.0557098 0.0453691 0.0000000 0.0581601 0.0572971 0.0613783 0.0658752 0.0524768 0.0410699 0.0744603 0.0684442 0.0549904 0.0501636 0.0665009 0.0441196 0.0500215 0.0374872 0.0597647 0.0279391 0.0457883 0.0581023 0.0700120 0.0625651 
Dasyuridae_Phascogale_calura                 0.0611015 0.0706982 0.0583976 0.0686288 0.0688880 0.0120256 0.0572114 0.0662822 0.0676077 0.0661261 0.0601171 0.0030212 0.0163308 0.0583188 0.0581601 0.0000000 0.0128710 0.0171987 0.0680336 0.0669444 0.0625778 0.0746629 0.0760983 0.0072341 0.0514317 0.0571933 0.0687642 0.0656141 0.0594846 0.0687858 0.0724454 0.0599961 0.0689234 0.0152210 0.0687762 
Dasyuridae_Sarcophilus_harrisii              0.0618538 0.0682182 0.0573632 0.0676523 0.0686253 0.0058105 0.0567876 0.0648413 0.0666305 0.0630930 0.0591107 0.0120278 0.0163426 0.0563299 0.0572971 0.0128710 0.0000000 0.0166006 0.0653012 0.0652473 0.0608413 0.0733507 0.0740912 0.0106596 0.0522758 0.0542143 0.0666467 0.0632250 0.0564084 0.0668454 0.0710822 0.0583164 0.0657700 0.0075043 0.0660508 
Dasyuridae_Planigale_tenuirostris            0.0648109 0.0723702 0.0615652 0.0719452 0.0699596 0.0159995 0.0589299 0.0656917 0.0701141 0.0664377 0.0607657 0.0163035 0.0165469 0.0596896 0.0613783 0.0171987 0.0166006 0.0000000 0.0693118 0.0687281 0.0630114 0.0749135 0.0764272 0.0163067 0.0542692 0.0574402 0.0681216 0.0661173 0.0560615 0.0690912 0.0754088 0.0614073 0.0692848 0.0218815 0.0700967 
Peramelidae_Echymipera_kalubu                0.0663644 0.0786209 0.0661264 0.0755904 0.0755533 0.0674820 0.0600368 0.0674654 0.0734726 0.0135247 0.0634591 0.0681283 0.0670795 0.0626486 0.0658752 0.0680336 0.0653012 0.0693118 0.0000000 0.0716116 0.0712333 0.0815578 0.0788354 0.0671226 0.0615736 0.0582545 0.0748543 0.0688923 0.0621077 0.0721617 0.0798943 0.0643509 0.0120316 0.0887801 0.0143607 
Macropodidae_Dorcopsulus_vanheurni           0.0570438 0.0742330 0.0500400 0.0246457 0.0246328 0.0674182 0.0466962 0.0491811 0.0229211 0.0668463 0.0457534 0.0677763 0.0662486 0.0451540 0.0524768 0.0669444 0.0652473 0.0687281 0.0716116 0.0000000 0.0495143 0.0838615 0.0851480 0.0671099 0.0226663 0.0617492 0.0539902 0.0074209 0.0420762 0.0577550 0.0589345 0.0461467 0.0653844 0.0859027 0.0713892 
Pseudochiridae_Pseudochirulus_forbesi        0.0486728 0.0684382 0.0490476 0.0530178 0.0512406 0.0629272 0.0430731 0.0495431 0.0494964 0.0666517 0.0429165 0.0626249 0.0618348 0.0433413 0.0410699 0.0625778 0.0608413 0.0630114 0.0712333 0.0495143 0.0000000 0.0838525 0.0821743 0.0609250 0.0437454 0.0562295 0.0257053 0.0464163 0.0126791 0.0435732 0.0495020 0.0449500 0.0668304 0.0787498 0.0719329 
Didelphidae_Didelphis_virginiana             0.0792604 0.0931206 0.0801273 0.0806960 0.0789684 0.0754308 0.0792750 0.0872192 0.0808307 0.0751440 0.0812532 0.0735028 0.0733414 0.0813343 0.0744603 0.0746629 0.0733507 0.0749135 0.0815578 0.0838615 0.0838525 0.0000000 0.0362423 0.0729484 0.0694788 0.0751513 0.0891771 0.0812652 0.0791959 0.0864017 0.0985373 0.0827634 0.0740665 0.1032315 0.0802957 
Marmosidae_Monodelphis_domestica             0.0771246 0.0919876 0.0805162 0.0852634 0.0828519 0.0754064 0.0790088 0.0838062 0.0839151 0.0735133 0.0776515 0.0749364 0.0722792 0.0782014 0.0684442 0.0760983 0.0740912 0.0764272 0.0788354 0.0851480 0.0821743 0.0362423 0.0000000 0.0736317 0.0680311 0.0764308 0.0837372 0.0816414 0.0780095 0.0810235 0.0950660 0.0791817 0.0733935 0.1059321 0.0788982 
Dasyuridae_Antechinus_stuartii               0.0610412 0.0696253 0.0584193 0.0684273 0.0686885 0.0097971 0.0556929 0.0655707 0.0677663 0.0654784 0.0601055 0.0063893 0.0141125 0.0580036 0.0549904 0.0072341 0.0106596 0.0163067 0.0671226 0.0671099 0.0609250 0.0729484 0.0736317 0.0000000 0.0500345 0.0563391 0.0660076 0.0646947 0.0577514 0.0655484 0.0715041 0.0596894 0.0685871 0.0128367 0.0678723 
Hypsiprymnodontidae_Hypsiprymnodon_moschatus 0.0476905 0.0633810 0.0440362 0.0215255 0.0233118 0.0514925 0.0415861 0.0386381 0.0247388 0.0496766 0.0425054 0.0528864 0.0517634 0.0421777 0.0501636 0.0514317 0.0522758 0.0542692 0.0615736 0.0226663 0.0437454 0.0694788 0.0680311 0.0500345 0.0000000 0.0596360 0.0437193 0.0197385 0.0327426 0.0590825 0.0575272 0.0425935 0.0485202 0.0674873 0.0598410 
Microbiotheriidae_Dromiciops_gliroides       0.0576228 0.0663287 0.0552121 0.0662498 0.0651457 0.0568469 0.0485682 0.0545779 0.0620815 0.0523011 0.0492904 0.0575933 0.0541765 0.0492462 0.0665009 0.0571933 0.0542143 0.0574402 0.0582545 0.0617492 0.0562295 0.0751513 0.0764308 0.0563391 0.0596360 0.0000000 0.0596771 0.0581856 0.0445717 0.0749728 0.0666097 0.0502634 0.0506614 0.0746299 0.0583439 
Pseudochiridae_Petauroides_volans            0.0531331 0.0745448 0.0527089 0.0532060 0.0517105 0.0687920 0.0481512 0.0551156 0.0513121 0.0705236 0.0478677 0.0684847 0.0669549 0.0473206 0.0441196 0.0687642 0.0666467 0.0681216 0.0748543 0.0539902 0.0257053 0.0891771 0.0837372 0.0660076 0.0437193 0.0596771 0.0000000 0.0487525 0.0243114 0.0449503 0.0562584 0.0492923 0.0693096 0.0872420 0.0766342 
Macropodidae_Wallabia_bicolor                0.0528508 0.0713298 0.0482993 0.0218585 0.0220109 0.0649928 0.0426130 0.0451047 0.0189342 0.0650231 0.0422145 0.0664775 0.0649402 0.0403960 0.0500215 0.0656141 0.0632250 0.0661173 0.0688923 0.0074209 0.0464163 0.0812652 0.0816414 0.0646947 0.0197385 0.0581856 0.0487525 0.0000000 0.0372596 0.0566098 0.0560000 0.0427088 0.0625804 0.0829307 0.0701323 
Pseudochiridae_Pseudocheirus_occidentalis    0.0470312 0.0644961 0.0432598 0.0479773 0.0484243 0.0577212 0.0384359 0.0481990 0.0449130 0.0646544 0.0406585 0.0591155 0.0559029 0.0392487 0.0374872 0.0594846 0.0564084 0.0560615 0.0621077 0.0420762 0.0126791 0.0791959 0.0780095 0.0577514 0.0327426 0.0445717 0.0243114 0.0372596 0.0000000 0.0399033 0.0508885 0.0420440 0.0644962 0.0747658 0.0646476 
Tarsipedidae_Tarsipes_rostratus              0.0613246 0.0812780 0.0616687 0.0565153 0.0550018 0.0655428 0.0568780 0.0543656 0.0577564 0.0647435 0.0561420 0.0704257 0.0672588 0.0570179 0.0597647 0.0687858 0.0668454 0.0690912 0.0721617 0.0577550 0.0435732 0.0864017 0.0810235 0.0655484 0.0590825 0.0749728 0.0449503 0.0566098 0.0399033 0.0000000 0.0649992 0.0574518 0.0660239 0.0805677 0.0717802 
Acrobatidae_Distoechurus_pennatus            0.0598810 0.0760629 0.0522955 0.0621101 0.0614686 0.0725804 0.0507130 0.0551308 0.0605234 0.0759588 0.0509887 0.0725014 0.0718914 0.0499994 0.0279391 0.0724454 0.0710822 0.0754088 0.0798943 0.0589345 0.0495020 0.0985373 0.0950660 0.0715041 0.0575272 0.0666097 0.0562584 0.0560000 0.0508885 0.0649992 0.0000000 0.0516707 0.0767622 0.0840629 0.0791955 
Phalangeridae_Phalanger_carmelitae           0.0402956 0.0639696 0.0390809 0.0486076 0.0475194 0.0590682 0.0118248 0.0150358 0.0461411 0.0612972 0.0070922 0.0593583 0.0574225 0.0036053 0.0457883 0.0599961 0.0583164 0.0614073 0.0643509 0.0461467 0.0449500 0.0827634 0.0791817 0.0596894 0.0425935 0.0502634 0.0492923 0.0427088 0.0420440 0.0574518 0.0516707 0.0000000 0.0603676 0.0703825 0.0651400 
Peramelidae_Peroryctes_raffrayana            0.0631780 0.0726343 0.0602352 0.0684397 0.0693430 0.0682305 0.0532375 0.0653399 0.0673829 0.0122503 0.0593088 0.0693304 0.0669564 0.0581213 0.0581023 0.0689234 0.0657700 0.0692848 0.0120316 0.0653844 0.0668304 0.0740665 0.0733935 0.0685871 0.0485202 0.0506614 0.0693096 0.0625804 0.0644962 0.0660239 0.0767622 0.0603676 0.0000000 0.0955055 0.0120329 
Dasyuridae_Dasyurus_geffroii                 0.0752446 0.0858638 0.0701171 0.0859253 0.0861861 0.0050948 0.0711817 0.0808484 0.0846784 0.0879275 0.0740527 0.0139876 0.0185277 0.0677855 0.0700120 0.0152210 0.0075043 0.0218815 0.0887801 0.0859027 0.0787498 0.1032315 0.1059321 0.0128367 0.0674873 0.0746299 0.0872420 0.0829307 0.0747658 0.0805677 0.0840629 0.0703825 0.0955055 0.0000000 0.0915389 
Peramelidae_Perameles_gunnii                 0.0657960 0.0779297 0.0648715 0.0763638 0.0767246 0.0682275 0.0597237 0.0679107 0.0739279 0.0002990 0.0646013 0.0688716 0.0671448 0.0630942 0.0625651 0.0687762 0.0660508 0.0700967 0.0143607 0.0713892 0.0719329 0.0802957 0.0788982 0.0678723 0.0598410 0.0583439 0.0766342 0.0701323 0.0646476 0.0717802 0.0791955 0.0651400 0.0120329 0.0915389 0.0000000 
