35
Notoryctidae_Notoryctes_typhlops             0.0000000 0.0844863 0.0929144 0.0911645 0.1022339 0.0926962 0.1003437 0.0930411 0.1078548 0.0976482 0.0991906 0.1153504 0.1017597 0.1010646 0.0987698 0.0959437 0.0898711 0.1080410 0.1331007 0.1349095 0.1032496 0.0959349 0.0813738 0.1038200 0.0840888 0.1017308 0.0906124 0.0871930 0.0961321 0.1054166 0.1021753 0.1133403 0.0668800 0.0625088 0.1058995 
Vombatidae_Lasiorhinus_latifrons             0.0844863 0.0000000 0.0487554 0.0495743 0.0674781 0.0424148 0.0546767 0.0531819 0.0756744 0.0537500 0.0644165 0.0809126 0.0517950 0.0666572 0.0648378 0.0558384 0.0494739 0.0575559 0.0930538 0.0881131 0.0721736 0.0556715 0.0523319 0.0584595 0.0379592 0.0490564 0.0430889 0.0490535 0.0485332 0.0715611 0.0668758 0.0795944 0.0382698 0.0450436 0.0934553 
Potoroidae_Bettongia_penicillata             0.0929144 0.0487554 0.0000000 0.0004381 0.0660061 0.0431474 0.0540367 0.0128038 0.0702158 0.0540318 0.0640968 0.0791865 0.0538903 0.0663423 0.0644555 0.0632170 0.0171566 0.0647248 0.0962111 0.0906127 0.0689874 0.0354723 0.0557677 0.0609483 0.0142832 0.0478366 0.0459439 0.0501792 0.0495963 0.0606131 0.0674401 0.0736198 0.0485685 0.0478961 0.0927069 
Potoroidae_Bettongia_lesueur                 0.0911645 0.0495743 0.0004381 0.0000000 0.0691986 0.0428724 0.0516462 0.0107707 0.0723315 0.0526085 0.0653937 0.0823689 0.0533981 0.0684908 0.0646991 0.0632170 0.0140558 0.0670708 0.0960246 0.0904393 0.0703971 0.0353722 0.0548241 0.0585074 0.0121384 0.0487750 0.0446384 0.0517029 0.0501254 0.0634630 0.0677037 0.0752683 0.0482872 0.0503598 0.0934887 
Dasyuridae_Dasyurus_maculatus                0.1022339 0.0674781 0.0660061 0.0691986 0.0000000 0.0709343 0.0791031 0.0784151 0.0862015 0.0767376 0.0108284 0.0315049 0.0814768 0.0096720 0.0043401 0.0085106 0.0705778 0.0887469 0.1027410 0.0989877 0.0140352 0.0820231 0.0703557 0.0858531 0.0603700 0.0722487 0.0704192 0.0783613 0.0766003 0.0830511 0.0043788 0.0900082 0.0685352 0.0769642 0.1095364 
Phalangeridae_Trichosurus_vulpecula          0.0926962 0.0424148 0.0431474 0.0428724 0.0709343 0.0000000 0.0192681 0.0483152 0.0790777 0.0197345 0.0654126 0.0831463 0.0196704 0.0674642 0.0665071 0.0597049 0.0428134 0.0612975 0.0958789 0.0922476 0.0740646 0.0546056 0.0557479 0.0555528 0.0332349 0.0444948 0.0393268 0.0499145 0.0163342 0.0761878 0.0694880 0.0820474 0.0332205 0.0449393 0.0915989 
Phalangeridae_Spilocuscus_maculatus          0.1003437 0.0546767 0.0540367 0.0516462 0.0791031 0.0192681 0.0000000 0.0572336 0.0859321 0.0132469 0.0735619 0.0867937 0.0157706 0.0756766 0.0746478 0.0724105 0.0523795 0.0705994 0.1093636 0.1063368 0.0815323 0.0625812 0.0621299 0.0627419 0.0434201 0.0522854 0.0431685 0.0568597 0.0145916 0.0840038 0.0776451 0.0889014 0.0265523 0.0351100 0.0878231 
Potoroidae_Aepyprymnus_rufescens             0.0930411 0.0531819 0.0128038 0.0107707 0.0784151 0.0483152 0.0572336 0.0000000 0.0780847 0.0580993 0.0747656 0.0917277 0.0579404 0.0777660 0.0739903 0.0706871 0.0179613 0.0670164 0.0984223 0.0951718 0.0819044 0.0370855 0.0557188 0.0622638 0.0132769 0.0498908 0.0503203 0.0562780 0.0537954 0.0725688 0.0770724 0.0809404 0.0533522 0.0542000 0.1010249 
Peramelidae_Perameles_nasuta                 0.1078548 0.0756744 0.0702158 0.0723315 0.0862015 0.0790777 0.0859321 0.0780847 0.0000000 0.0835336 0.0856308 0.0990593 0.0881554 0.0857071 0.0825706 0.0834820 0.0707150 0.0926161 0.1164001 0.1149120 0.0936899 0.0827505 0.0707712 0.0920249 0.0671373 0.0769799 0.0739912 0.0836114 0.0812147 0.0064476 0.0846204 0.0000010 0.0861626 0.0787697 0.0148290 
Phalangeridae_Strigocuscus_pelengensis       0.0976482 0.0537500 0.0540318 0.0526085 0.0767376 0.0197345 0.0132469 0.0580993 0.0835336 0.0000000 0.0712393 0.0892479 0.0149907 0.0733387 0.0723405 0.0686604 0.0526053 0.0684211 0.0999335 0.0983067 0.0781385 0.0624837 0.0609087 0.0625764 0.0427025 0.0527995 0.0414516 0.0577771 0.0151287 0.0879735 0.0743028 0.0854241 0.0274927 0.0361259 0.0882493 
Dasyuridae_Phascogale_tapoatafa              0.0991906 0.0644165 0.0640968 0.0653937 0.0108284 0.0654126 0.0735619 0.0747656 0.0856308 0.0712393 0.0000000 0.0262553 0.0761875 0.0023113 0.0092118 0.0118057 0.0655130 0.0873266 0.1022858 0.0994935 0.0054551 0.0773860 0.0689312 0.0834038 0.0553015 0.0700302 0.0645868 0.0739438 0.0730880 0.0821295 0.0093064 0.0895373 0.0685724 0.0756784 0.1095133 
Dasyuridae_Sminthopsis_macroura              0.1153504 0.0809126 0.0791865 0.0823689 0.0315049 0.0831463 0.0867937 0.0917277 0.0990593 0.0892479 0.0262553 0.0000000 0.0924671 0.0252670 0.0289895 0.0252264 0.0800198 0.1055974 0.1170079 0.1102390 0.0322396 0.0955316 0.0856166 0.0981323 0.0714789 0.0845290 0.0841326 0.0891329 0.0904259 0.1033496 0.0294964 0.1037688 0.0912825 0.0922224 0.1276384 
Phalangeridae_Phalanger_orientalis           0.1017597 0.0517950 0.0538903 0.0533981 0.0814768 0.0196704 0.0157706 0.0579404 0.0881554 0.0149907 0.0761875 0.0924671 0.0000000 0.0781341 0.0771072 0.0726844 0.0543756 0.0729331 0.1059734 0.0984563 0.0832393 0.0641636 0.0636981 0.0642545 0.0425534 0.0539372 0.0442349 0.0567141 0.0071833 0.0892645 0.0782816 0.0929739 0.0285054 0.0412162 0.0956572 
Dasyuridae_Phascogale_calura                 0.1010646 0.0666572 0.0663423 0.0684908 0.0096720 0.0674642 0.0756766 0.0777660 0.0857071 0.0733387 0.0023113 0.0252670 0.0781341 0.0000000 0.0081281 0.0117671 0.0687646 0.0901734 0.1032473 0.1002524 0.0054276 0.0803755 0.0704478 0.0852645 0.0594684 0.0735840 0.0687798 0.0759565 0.0750842 0.0836458 0.0082146 0.0895752 0.0727242 0.0798717 0.1119671 
Dasyuridae_Sarcophilus_harrisii              0.0987698 0.0648378 0.0644555 0.0646991 0.0043401 0.0665071 0.0746478 0.0739903 0.0825706 0.0723405 0.0092118 0.0289895 0.0771072 0.0081281 0.0000000 0.0107013 0.0660178 0.0862076 0.1028392 0.0990807 0.0122147 0.0770568 0.0657814 0.0795050 0.0557750 0.0713276 0.0658789 0.0739854 0.0721574 0.0754208 0.0022930 0.0855909 0.0648833 0.0670089 0.1024646 
Dasyuridae_Planigale_tenuirostris            0.0959437 0.0558384 0.0632170 0.0632170 0.0085106 0.0597049 0.0724105 0.0706871 0.0834820 0.0686604 0.0118057 0.0252264 0.0726844 0.0117671 0.0107013 0.0000000 0.0684081 0.0787296 0.0998700 0.0955238 0.0150927 0.0751079 0.0662144 0.0849026 0.0569380 0.0630559 0.0714568 0.0700736 0.0670726 0.0763314 0.0117844 0.0901275 0.0666241 0.0764543 0.1079980 
Macropodidae_Dorcopsulus_vanheurni           0.0898711 0.0494739 0.0171566 0.0140558 0.0705778 0.0428134 0.0523795 0.0179613 0.0707150 0.0526053 0.0655130 0.0800198 0.0543756 0.0687646 0.0660178 0.0684081 0.0000000 0.0635270 0.0872195 0.0879451 0.0751245 0.0307737 0.0516879 0.0587232 0.0078169 0.0447434 0.0397920 0.0469825 0.0510815 0.0618084 0.0689189 0.0739910 0.0480432 0.0432562 0.0997407 
Pseudochiridae_Pseudochirulus_forbesi        0.1080410 0.0575559 0.0647248 0.0670708 0.0887469 0.0612975 0.0705994 0.0670164 0.0926161 0.0684211 0.0873266 0.1055974 0.0729331 0.0901734 0.0862076 0.0787296 0.0635270 0.0000000 0.1170763 0.1158387 0.0974144 0.0667382 0.0650583 0.0539466 0.0523320 0.0173317 0.0499193 0.0519327 0.0678627 0.0815501 0.0894271 0.0944967 0.0493215 0.0366432 0.1018757 
Didelphidae_Didelphis_virginiana             0.1331007 0.0930538 0.0962111 0.0960246 0.1027410 0.0958789 0.1093636 0.0984223 0.1164001 0.0999335 0.1022858 0.1170079 0.1059734 0.1032473 0.1028392 0.0998700 0.0872195 0.1170763 0.0000000 0.0563831 0.1074147 0.0989887 0.0891584 0.1163960 0.0859896 0.0977842 0.1013148 0.0998537 0.1023578 0.0924875 0.1061966 0.1207112 0.0917629 0.0947189 0.1363463 
Marmosidae_Monodelphis_domestica             0.1349095 0.0881131 0.0906127 0.0904393 0.0989877 0.0922476 0.1063368 0.0951718 0.1149120 0.0983067 0.0994935 0.1102390 0.0984563 0.1002524 0.0990807 0.0955238 0.0879451 0.1158387 0.0563831 0.0000000 0.1051708 0.0976818 0.0918498 0.1172556 0.0803310 0.0964724 0.0965152 0.0976158 0.0974360 0.1095651 0.1023391 0.1191907 0.0891798 0.0872821 0.1413776 
Dasyuridae_Antechinus_stuartii               0.1032496 0.0721736 0.0689874 0.0703971 0.0140352 0.0740646 0.0815323 0.0819044 0.0936899 0.0781385 0.0054551 0.0322396 0.0832393 0.0054276 0.0122147 0.0150927 0.0751245 0.0974144 0.1074147 0.1051708 0.0000000 0.0865835 0.0758870 0.0892450 0.0647527 0.0819469 0.0733402 0.0818261 0.0810615 0.0911582 0.0123374 0.0977927 0.0797707 0.0849948 0.1195379 
Hypsiprymnodontidae_Hypsiprymnodon_moschatus 0.0959349 0.0556715 0.0354723 0.0353722 0.0820231 0.0546056 0.0625812 0.0370855 0.0827505 0.0624837 0.0773860 0.0955316 0.0641636 0.0803755 0.0770568 0.0751079 0.0307737 0.0667382 0.0989887 0.0976818 0.0865835 0.0000000 0.0602526 0.0649226 0.0230723 0.0478833 0.0519349 0.0531649 0.0600804 0.0763630 0.0807300 0.0857149 0.0523108 0.0506317 0.1054834 
Microbiotheriidae_Dromiciops_gliroides       0.0813738 0.0523319 0.0557677 0.0548241 0.0703557 0.0557479 0.0621299 0.0557188 0.0707712 0.0609087 0.0689312 0.0856166 0.0636981 0.0704478 0.0657814 0.0662144 0.0516879 0.0650583 0.0891584 0.0918498 0.0758870 0.0602526 0.0000000 0.0699601 0.0461446 0.0527781 0.0578685 0.0597984 0.0594752 0.0592211 0.0686878 0.0732226 0.0534146 0.0470614 0.0845056 
Pseudochiridae_Petauroides_volans            0.1038200 0.0584595 0.0609483 0.0585074 0.0858531 0.0555528 0.0627419 0.0622638 0.0920249 0.0625764 0.0834038 0.0981323 0.0642545 0.0852645 0.0795050 0.0849026 0.0587232 0.0539466 0.1163960 0.1172556 0.0892450 0.0649226 0.0699601 0.0000000 0.0494583 0.0346843 0.0469369 0.0510790 0.0619729 0.0830952 0.0846138 0.0947140 0.0481302 0.0403048 0.1000508 
Macropodidae_Wallabia_bicolor                0.0840888 0.0379592 0.0142832 0.0121384 0.0603700 0.0332349 0.0434201 0.0132769 0.0671373 0.0427025 0.0553015 0.0714789 0.0425534 0.0594684 0.0557750 0.0569380 0.0078169 0.0523320 0.0859896 0.0803310 0.0647527 0.0230723 0.0461446 0.0494583 0.0000000 0.0362897 0.0337432 0.0408409 0.0392131 0.0579273 0.0587096 0.0704836 0.0370175 0.0375175 0.0919324 
Pseudochiridae_Pseudocheirus_occidentalis    0.1017308 0.0490564 0.0478366 0.0487750 0.0722487 0.0444948 0.0522854 0.0498908 0.0769799 0.0527995 0.0700302 0.0845290 0.0539372 0.0735840 0.0713276 0.0630559 0.0447434 0.0173317 0.0977842 0.0964724 0.0819469 0.0478833 0.0527781 0.0346843 0.0362897 0.0000000 0.0287703 0.0387371 0.0476611 0.0703303 0.0738466 0.0770976 0.0283679 0.0178792 0.0825348 
Tarsipedidae_Tarsipes_rostratus              0.0906124 0.0430889 0.0459439 0.0446384 0.0704192 0.0393268 0.0431685 0.0503203 0.0739912 0.0414516 0.0645868 0.0841326 0.0442349 0.0687798 0.0658789 0.0714568 0.0397920 0.0499193 0.1013148 0.0965152 0.0733402 0.0519349 0.0578685 0.0469369 0.0337432 0.0287703 0.0000000 0.0339978 0.0408577 0.0646143 0.0689277 0.0756663 0.0287975 0.0234241 0.0849628 
Acrobatidae_Distoechurus_pennatus            0.0871930 0.0490535 0.0501792 0.0517029 0.0783613 0.0499145 0.0568597 0.0562780 0.0836114 0.0577771 0.0739438 0.0891329 0.0567141 0.0759565 0.0739854 0.0700736 0.0469825 0.0519327 0.0998537 0.0976158 0.0818261 0.0531649 0.0597984 0.0510790 0.0408409 0.0387371 0.0339978 0.0000000 0.0516337 0.0701352 0.0770327 0.0836165 0.0458797 0.0232001 0.1015049 
Phalangeridae_Phalanger_carmelitae           0.0961321 0.0485332 0.0495963 0.0501254 0.0766003 0.0163342 0.0145916 0.0537954 0.0812147 0.0151287 0.0730880 0.0904259 0.0071833 0.0750842 0.0721574 0.0670726 0.0510815 0.0678627 0.1023578 0.0974360 0.0810615 0.0600804 0.0594752 0.0619729 0.0392131 0.0476611 0.0408577 0.0516337 0.0000000 0.0776395 0.0742484 0.0861730 0.0295018 0.0397270 0.0939473 
Peramelidae_Peroryctes_raffrayana            0.1054166 0.0715611 0.0606131 0.0634630 0.0830511 0.0761878 0.0840038 0.0725688 0.0064476 0.0879735 0.0821295 0.1033496 0.0892645 0.0836458 0.0754208 0.0763314 0.0618084 0.0815501 0.0924875 0.1095651 0.0911582 0.0763630 0.0592211 0.0830952 0.0579273 0.0703303 0.0646143 0.0701352 0.0776395 0.0000000 0.0779024 0.0058825 0.0748900 0.0629395 0.0080793 
Dasyuridae_Dasyurus_geffroii                 0.1021753 0.0668758 0.0674401 0.0677037 0.0043788 0.0694880 0.0776451 0.0770724 0.0846204 0.0743028 0.0093064 0.0294964 0.0782816 0.0082146 0.0022930 0.0117844 0.0689189 0.0894271 0.1061966 0.1023391 0.0123374 0.0807300 0.0686878 0.0846138 0.0587096 0.0738466 0.0689277 0.0770327 0.0742484 0.0779024 0.0000000 0.0887488 0.0686186 0.0732660 0.1063662 
Peramelidae_Perameles_gunnii                 0.1133403 0.0795944 0.0736198 0.0752683 0.0900082 0.0820474 0.0889014 0.0809404 0.0000010 0.0854241 0.0895373 0.1037688 0.0929739 0.0895752 0.0855909 0.0901275 0.0739910 0.0944967 0.1207112 0.1191907 0.0977927 0.0857149 0.0732226 0.0947140 0.0704836 0.0770976 0.0756663 0.0836165 0.0861730 0.0058825 0.0887488 0.0000000 0.0880182 0.0821526 0.0141236 
Burramyidae_Burramys_parvus                  0.0668800 0.0382698 0.0485685 0.0482872 0.0685352 0.0332205 0.0265523 0.0533522 0.0861626 0.0274927 0.0685724 0.0912825 0.0285054 0.0727242 0.0648833 0.0666241 0.0480432 0.0493215 0.0917629 0.0891798 0.0797707 0.0523108 0.0534146 0.0481302 0.0370175 0.0283679 0.0287975 0.0458797 0.0295018 0.0748900 0.0686186 0.0880182 0.0000000 0.0344374 0.0868695 
Acrobatidae_Acrobates_pygmaeus               0.0625088 0.0450436 0.0478961 0.0503598 0.0769642 0.0449393 0.0351100 0.0542000 0.0787697 0.0361259 0.0756784 0.0922224 0.0412162 0.0798717 0.0670089 0.0764543 0.0432562 0.0366432 0.0947189 0.0872821 0.0849948 0.0506317 0.0470614 0.0403048 0.0375175 0.0178792 0.0234241 0.0232001 0.0397270 0.0629395 0.0732660 0.0821526 0.0344374 0.0000000 0.0834076 
Peramelidae_Echymipera_kalubu                0.1058995 0.0934553 0.0927069 0.0934887 0.1095364 0.0915989 0.0878231 0.1010249 0.0148290 0.0882493 0.1095133 0.1276384 0.0956572 0.1119671 0.1024646 0.1079980 0.0997407 0.1018757 0.1363463 0.1413776 0.1195379 0.1054834 0.0845056 0.1000508 0.0919324 0.0825348 0.0849628 0.1015049 0.0939473 0.0080793 0.1063662 0.0141236 0.0868695 0.0834076 0.0000000 
