37
Burramyidae_Burramys_parvus                  0.0000000 0.0983777 0.0875631 0.0775604 0.0837419 0.1169438 0.0685651 0.0690210 0.0807499 0.1055741 0.0762046 0.1280418 0.1290264 0.0695200 0.0839065 0.1253826 0.1164443 0.1184700 0.1467805 0.0909637 0.1044169 0.1551467 0.1100939 0.1294256 0.0746687 0.1063991 0.0936536 0.0832852 0.1063042 0.0970626 0.0696476 0.1317583 0.1260312 0.1452433 0.0541335 9.0000000 9.0000000 
Notoryctidae_Notoryctes_typhlops             0.0983777 0.0000000 0.0827275 0.0796793 0.0865227 0.0848693 0.0721954 0.0697915 0.0815018 0.0791091 0.0749497 0.0866133 0.0858013 0.0698441 0.0805175 0.0826256 0.0808609 0.0907371 0.1014287 0.0946322 0.0987856 0.1009137 0.0629757 0.0872181 0.0776164 0.0945115 0.0919866 0.0900543 0.1052871 0.0882172 0.0703627 0.0936441 0.0884409 0.0978465 0.0870179 9.0000000 9.0000000 
Vombatidae_Lasiorhinus_latifrons             0.0875631 0.0827275 0.0000000 0.0776714 0.0836694 0.1015174 0.0672259 0.0725049 0.0850995 0.0974135 0.0772326 0.1024921 0.1016032 0.0743110 0.0814270 0.1013146 0.0992125 0.0992143 0.1342327 0.0784944 0.0993771 0.1443996 0.0885072 0.1107517 0.0858517 0.1131230 0.0820492 0.0842704 0.1001158 0.0975332 0.0747720 0.1258233 0.1080654 0.1301967 0.0706211 9.0000000 9.0000000 
Potoroidae_Bettongia_penicillata             0.0775604 0.0796793 0.0776714 0.0000000 0.0039754 0.1044219 0.0605343 0.0624043 0.0150269 0.0882451 0.0690877 0.1031940 0.1059215 0.0632629 0.0738300 0.1040231 0.1038121 0.1015771 0.1306711 0.0385504 0.0886899 0.1155561 0.0786405 0.1132244 0.0492249 0.0977642 0.0752994 0.0309829 0.0876860 0.0821169 0.0629339 0.1128384 0.1086003 0.1245428 0.0655783 9.0000000 9.0000000 
Potoroidae_Bettongia_lesueur                 0.0837419 0.0865227 0.0836694 0.0039754 0.0000000 0.1128069 0.0674718 0.0679478 0.0169782 0.0895274 0.0770950 0.1097076 0.1133801 0.0687410 0.0789608 0.1105796 0.1111503 0.1082516 0.1334657 0.0416311 0.0944486 0.1286075 0.0859025 0.1204867 0.0564085 0.1050478 0.0794497 0.0329540 0.0953691 0.0875712 0.0677182 0.1151761 0.1169116 0.1274788 0.0711852 9.0000000 9.0000000 
Dasyuridae_Dasyurus_maculatus                0.1169438 0.0848693 0.1015174 0.1044219 0.1128069 0.0000000 0.0934614 0.0920749 0.1110802 0.1020337 0.1029102 0.0165108 0.0733949 0.0949940 0.1009437 0.0165292 0.0053178 0.0217777 0.1403662 0.1181432 0.1305893 0.1367055 0.0970566 0.0227805 0.1014946 0.1085057 0.1642311 0.1160021 0.1361725 0.1172419 0.0950617 0.1306957 0.0090461 0.1365068 0.0802649 0.2273995 0.2273995 
Phalangeridae_Trichosurus_vulpecula          0.0685651 0.0721954 0.0672259 0.0605343 0.0674718 0.0934614 0.0000000 0.0190574 0.0657532 0.0839153 0.0231210 0.0928720 0.0963018 0.0170505 0.0657079 0.0889946 0.0902584 0.0882869 0.1174803 0.0744096 0.0829831 0.1140958 0.0836992 0.0968877 0.0573423 0.0857791 0.0738149 0.0673372 0.0919733 0.0722154 0.0184847 0.1052221 0.0977837 0.1181034 0.0563376 9.0000000 9.0000000 
Phalangeridae_Spilocuscus_maculatus          0.0690210 0.0697915 0.0725049 0.0624043 0.0679478 0.0920749 0.0190574 0.0000000 0.0632848 0.0850210 0.0146109 0.0904104 0.0936567 0.0090845 0.0658354 0.0872490 0.0885643 0.0885121 0.1214614 0.0718483 0.0860250 0.1159331 0.0817543 0.0951048 0.0617309 0.0903497 0.0755374 0.0678832 0.0925193 0.0771056 0.0100039 0.1089375 0.0963146 0.1186797 0.0600597 9.0000000 9.0000000 
Potoroidae_Aepyprymnus_rufescens             0.0807499 0.0815018 0.0850995 0.0150269 0.0169782 0.1110802 0.0657532 0.0632848 0.0000000 0.0847638 0.0725044 0.1108692 0.1119573 0.0634736 0.0778629 0.1100247 0.1094162 0.1050936 0.1367583 0.0424008 0.0950179 0.1223341 0.0756260 0.1192956 0.0527677 0.1059605 0.0784143 0.0336124 0.0926223 0.0876684 0.0630716 0.1166084 0.1152004 0.1306051 0.0688927 9.0000000 9.0000000 
Peramelidae_Perameles_nasuta                 0.1055741 0.0791091 0.0974135 0.0882451 0.0895274 0.1020337 0.0839153 0.0850210 0.0847638 0.0000000 0.0878447 0.1025989 0.1022168 0.0812601 0.0988888 0.1005488 0.1011420 0.1020983 0.0156554 0.1006902 0.1048561 0.1313701 0.1089089 0.1071875 0.0840121 0.1006258 0.1055734 0.0911223 0.1242521 0.0941671 0.0796464 0.0122050 0.1054287 0.0014519 0.0890535 9.0000000 9.0000000 
Phalangeridae_Strigocuscus_pelengensis       0.0762046 0.0749497 0.0772326 0.0690877 0.0770950 0.1029102 0.0231210 0.0146109 0.0725044 0.0878447 0.0000000 0.0979401 0.1565579 0.0106454 0.0714089 0.0940196 0.0960694 0.0931029 0.1261469 0.0806609 0.0941647 0.1218158 0.0874485 0.1050635 0.0689037 0.0916861 0.1336669 0.0765751 0.1024363 0.0837132 0.0120405 0.1085937 0.1044328 0.1222383 0.0613815 0.1475880 0.1475880 
Dasyuridae_Phascogale_tapoatafa              0.1280418 0.0866133 0.1024921 0.1031940 0.1097076 0.0165108 0.0928720 0.0904104 0.1108692 0.1025989 0.0979401 0.0000000 0.0233098 0.0930825 0.1018737 0.0044184 0.0155405 0.0205529 0.1380520 0.1161890 0.1294679 0.1393267 0.0951216 0.0144296 0.1016823 0.1107480 0.1154750 0.1140577 0.1405206 0.1198923 0.0931595 0.1303251 0.0227778 0.1349482 0.0860946 9.0000000 9.0000000 
Dasyuridae_Sminthopsis_macroura              0.1290264 0.0858013 0.1016032 0.1059215 0.1133801 0.0733949 0.0963018 0.0936567 0.1119573 0.1022168 0.1565579 0.0233098 0.0000000 0.0965150 0.1021586 0.0238598 0.0240179 0.0205420 0.1425371 0.1178067 0.1315309 0.1381078 0.0980152 0.0778522 0.1018160 0.1582604 0.1391915 0.1150262 0.1915880 0.1196307 0.0965754 0.1318173 0.0317494 0.1388120 0.0795071 0.6614278 0.6614278 
Phalangeridae_Phalanger_orientalis           0.0695200 0.0698441 0.0743110 0.0632629 0.0687410 0.0949940 0.0170505 0.0090845 0.0634736 0.0812601 0.0106454 0.0930825 0.0965150 0.0000000 0.0663418 0.0892041 0.0912331 0.0884313 0.1175496 0.0753156 0.0842161 0.1165836 0.0837508 0.0971007 0.0628321 0.0915762 0.0759127 0.0714571 0.0941411 0.0742817 0.0030598 0.1034560 0.0994467 0.1175279 0.0591010 9.0000000 9.0000000 
Acrobatidae_Acrobates_pygmaeus               0.0839065 0.0805175 0.0814270 0.0738300 0.0789608 0.1009437 0.0657079 0.0658354 0.0778629 0.0988888 0.0714089 0.1018737 0.1021586 0.0663418 0.0000000 0.1020249 0.0986952 0.0978748 0.1293804 0.0891132 0.0841692 0.1315768 0.0975255 0.1080536 0.0778091 0.0949634 0.0779414 0.0824378 0.0947286 0.0482152 0.0654084 0.1193601 0.1070990 0.1289889 0.0579080 9.0000000 9.0000000 
Dasyuridae_Phascogale_calura                 0.1253826 0.0826256 0.1013146 0.1040231 0.1105796 0.0165292 0.0889946 0.0872490 0.1100247 0.1005488 0.0940196 0.0044184 0.0238598 0.0892041 0.1020249 0.0000000 0.0150497 0.0200233 0.1366938 0.1137341 0.1294879 0.1401795 0.0957397 0.0134457 0.0967596 0.1083590 0.1163545 0.1116032 0.1381303 0.1159460 0.0893011 0.1284263 0.0217373 0.1352656 0.0827174 9.0000000 9.0000000 
Dasyuridae_Sarcophilus_harrisii              0.1164443 0.0808609 0.0992125 0.1038121 0.1111503 0.0053178 0.0902584 0.0885643 0.1094162 0.1011420 0.0960694 0.0155405 0.0240179 0.0912331 0.0986952 0.0150497 0.0000000 0.0217835 0.1404994 0.1153866 0.1270647 0.1364472 0.0950044 0.0181379 0.0990297 0.1081867 0.1156935 0.1137994 0.1327818 0.1132793 0.0913196 0.1299230 0.0109268 0.1366376 0.0799037 9.0000000 9.0000000 
Dasyuridae_Planigale_tenuirostris            0.1184700 0.0907371 0.0992143 0.1015771 0.1082516 0.0217777 0.0882869 0.0885121 0.1050936 0.1020983 0.0931029 0.0205529 0.0205420 0.0884313 0.0978748 0.0200233 0.0217835 0.0000000 0.1371392 0.1114804 0.1237195 0.1331834 0.0926617 0.0262200 0.0964069 0.1004893 0.1144119 0.1082844 0.1340816 0.1103301 0.0876791 0.1295869 0.0256902 0.1356261 0.0765463 9.0000000 9.0000000 
Peramelidae_Echymipera_kalubu                0.1467805 0.1014287 0.1342327 0.1306711 0.1334657 0.1403662 0.1174803 0.1214614 0.1367583 0.0156554 0.1261469 0.1380520 0.1425371 0.1175496 0.1293804 0.1366938 0.1404994 0.1371392 0.0000000 0.1430889 0.1463401 0.1672902 0.1176915 0.1428091 0.1344711 0.1373994 0.1426791 0.1349226 0.1653398 0.1380655 0.1171700 0.0164754 0.1437507 0.0196901 0.0944259 9.0000000 9.0000000 
Macropodidae_Dorcopsulus_vanheurni           0.0909637 0.0946322 0.0784944 0.0385504 0.0416311 0.1181432 0.0744096 0.0718483 0.0424008 0.1006902 0.0806609 0.1161890 0.1178067 0.0753156 0.0891132 0.1137341 0.1153866 0.1114804 0.1430889 0.0000000 0.1014240 0.1397604 0.0935809 0.1205458 0.0658493 0.1122700 0.0908973 0.0271092 0.1078399 0.0979837 0.0748475 0.1291194 0.1237231 0.1384997 0.0800282 9.0000000 9.0000000 
Pseudochiridae_Pseudochirulus_forbesi        0.1044169 0.0987856 0.0993771 0.0886899 0.0944486 0.1305893 0.0829831 0.0860250 0.0950179 0.1048561 0.0941647 0.1294679 0.1315309 0.0842161 0.0841692 0.1294879 0.1270647 0.1237195 0.1463401 0.1014240 0.0000000 0.1558852 0.1092857 0.1372728 0.0954318 0.1230185 0.0570649 0.0956899 0.0978753 0.0988757 0.0835745 0.1331553 0.1352536 0.1411919 0.0482424 9.0000000 9.0000000 
Didelphidae_Didelphis_virginiana             0.1551467 0.1009137 0.1443996 0.1155561 0.1286075 0.1367055 0.1140958 0.1159331 0.1223341 0.1313701 0.1218158 0.1393267 0.1381078 0.1165836 0.1315768 0.1401795 0.1364472 0.1331834 0.1672902 0.1397604 0.1558852 0.0000000 0.0287211 0.1499085 0.1277026 0.1412116 0.1394878 0.1372844 0.1547045 0.1400947 0.1184837 0.1469262 0.1467164 0.1605653 0.1019206 9.0000000 9.0000000 
Marmosidae_Monodelphis_domestica             0.1100939 0.0629757 0.0885072 0.0786405 0.0859025 0.0970566 0.0836992 0.0817543 0.0756260 0.1089089 0.0874485 0.0951216 0.0980152 0.0837508 0.0975255 0.0957397 0.0950044 0.0926617 0.1176915 0.0935809 0.1092857 0.0287211 0.0000000 0.1035131 0.0839660 0.0981209 0.0948971 0.0936518 0.1061572 0.1044385 0.0849681 0.1074630 0.1009700 0.1128737 0.0936919 9.0000000 9.0000000 
Dasyuridae_Antechinus_stuartii               0.1294256 0.0872181 0.1107517 0.1132244 0.1204867 0.0227805 0.0968877 0.0951048 0.1192956 0.1071875 0.1050635 0.0144296 0.0778522 0.0971007 0.1080536 0.0134457 0.0181379 0.0262200 0.1428091 0.1205458 0.1372728 0.1499085 0.1035131 0.0000000 0.1058880 0.1156062 0.1708590 0.1208377 0.1468563 0.1211454 0.0971363 0.1334383 0.0234414 0.1368789 0.0851880 0.2333022 0.2333022 
Hypsiprymnodontidae_Hypsiprymnodon_moschatus 0.0746687 0.0776164 0.0858517 0.0492249 0.0564085 0.1014946 0.0573423 0.0617309 0.0527677 0.0840121 0.0689037 0.1016823 0.1018160 0.0628321 0.0778091 0.0967596 0.0990297 0.0964069 0.1344711 0.0658493 0.0954318 0.1277026 0.0839660 0.1058880 0.0000000 0.0998921 0.0756996 0.0583788 0.0898656 0.0830304 0.0629892 0.1121934 0.1086022 0.1262163 0.0662745 9.0000000 9.0000000 
Microbiotheriidae_Dromiciops_gliroides       0.1063991 0.0945115 0.1131230 0.0977642 0.1050478 0.1085057 0.0857791 0.0903497 0.1059605 0.1006258 0.0916861 0.1107480 0.1582604 0.0915762 0.0949634 0.1083590 0.1081867 0.1004893 0.1373994 0.1122700 0.1230185 0.1412116 0.0981209 0.1156062 0.0998921 0.0000000 0.1614092 0.1065128 0.1332052 0.1161893 0.0910195 0.1317359 0.1119543 0.1383184 0.0819200 0.1744137 0.1744137 
Pseudochiridae_Petauroides_volans            0.0936536 0.0919866 0.0820492 0.0752994 0.0794497 0.1642311 0.0738149 0.0755374 0.0784143 0.1055734 0.1336669 0.1154750 0.1391915 0.0759127 0.0779414 0.1163545 0.1156935 0.1144119 0.1426791 0.0908973 0.0570649 0.1394878 0.0948971 0.1708590 0.0756996 0.1614092 0.0000000 0.0868422 0.1333957 0.0892964 0.0759855 0.1336029 0.1221184 0.1379735 0.0526310 0.6676821 0.6676821 
Macropodidae_Wallabia_bicolor                0.0832852 0.0900543 0.0842704 0.0309829 0.0329540 0.1160021 0.0673372 0.0678832 0.0336124 0.0911223 0.0765751 0.1140577 0.1150262 0.0714571 0.0824378 0.1116032 0.1137994 0.1082844 0.1349226 0.0271092 0.0956899 0.1372844 0.0936518 0.1208377 0.0583788 0.1065128 0.0868422 0.0000000 0.1019756 0.0879463 0.0704189 0.1186442 0.1216290 0.1280445 0.0699024 9.0000000 9.0000000 
Tarsipedidae_Tarsipes_rostratus              0.1063042 0.1052871 0.1001158 0.0876860 0.0953691 0.1361725 0.0919733 0.0925193 0.0926223 0.1242521 0.1024363 0.1405206 0.1915880 0.0941411 0.0947286 0.1381303 0.1327818 0.1340816 0.1653398 0.1078399 0.0978753 0.1547045 0.1061572 0.1468563 0.0898656 0.1332052 0.1333957 0.1019756 0.0000000 0.1048080 0.0950451 0.1517978 0.1448887 0.1563675 0.0689899 0.2319580 0.2319580 
Acrobatidae_Distoechurus_pennatus            0.0970626 0.0882172 0.0975332 0.0821169 0.0875712 0.1172419 0.0722154 0.0771056 0.0876684 0.0941671 0.0837132 0.1198923 0.1196307 0.0742817 0.0482152 0.1159460 0.1132793 0.1103301 0.1380655 0.0979837 0.0988757 0.1400947 0.1044385 0.1211454 0.0830304 0.1161893 0.0892964 0.0879463 0.1048080 0.0000000 0.0743638 0.1269232 0.1228860 0.1401509 0.0672711 9.0000000 9.0000000 
Phalangeridae_Phalanger_carmelitae           0.0696476 0.0703627 0.0747720 0.0629339 0.0677182 0.0950617 0.0184847 0.0100039 0.0630716 0.0796464 0.0120405 0.0931595 0.0965754 0.0030598 0.0654084 0.0893011 0.0913196 0.0876791 0.1171700 0.0748475 0.0835745 0.1184837 0.0849681 0.0971363 0.0629892 0.0910195 0.0759855 0.0704189 0.0950451 0.0743638 0.0000000 0.1031989 0.1003452 0.1154486 0.0608385 9.0000000 9.0000000 
Peramelidae_Peroryctes_raffrayana            0.1317583 0.0936441 0.1258233 0.1128384 0.1151761 0.1306957 0.1052221 0.1089375 0.1166084 0.0122050 0.1085937 0.1303251 0.1318173 0.1034560 0.1193601 0.1284263 0.1299230 0.1295869 0.0164754 0.1291194 0.1331553 0.1469262 0.1074630 0.1334383 0.1121934 0.1317359 0.1336029 0.1186442 0.1517978 0.1269232 0.1031989 0.0000000 0.1350277 0.0165483 0.0906091 9.0000000 9.0000000 
Dasyuridae_Dasyurus_geffroii                 0.1260312 0.0884409 0.1080654 0.1086003 0.1169116 0.0090461 0.0977837 0.0963146 0.1152004 0.1054287 0.1044328 0.0227778 0.0317494 0.0994467 0.1070990 0.0217373 0.0109268 0.0256902 0.1437507 0.1237231 0.1352536 0.1467164 0.1009700 0.0234414 0.1086022 0.1119543 0.1221184 0.1216290 0.1448887 0.1228860 0.1003452 0.1350277 0.0000000 0.1421584 0.0789830 9.0000000 9.0000000 
Peramelidae_Perameles_gunnii                 0.1452433 0.0978465 0.1301967 0.1245428 0.1274788 0.1365068 0.1181034 0.1186797 0.1306051 0.0014519 0.1222383 0.1349482 0.1388120 0.1175279 0.1289889 0.1352656 0.1366376 0.1356261 0.0196901 0.1384997 0.1411919 0.1605653 0.1128737 0.1368789 0.1262163 0.1383184 0.1379735 0.1280445 0.1563675 0.1401509 0.1154486 0.0165483 0.1421584 0.0000000 0.0851785 9.0000000 9.0000000 
Pseudochiridae_Pseudocheirus_occidentalis    0.0541335 0.0870179 0.0706211 0.0655783 0.0711852 0.0802649 0.0563376 0.0600597 0.0688927 0.0890535 0.0613815 0.0860946 0.0795071 0.0591010 0.0579080 0.0827174 0.0799037 0.0765463 0.0944259 0.0800282 0.0482424 0.1019206 0.0936919 0.0851880 0.0662745 0.0819200 0.0526310 0.0699024 0.0689899 0.0672711 0.0608385 0.0906091 0.0789830 0.0851785 0.0000000 9.0000000 9.0000000 
Vombatidae_Vombatus_ursinus1                 9.0000000 9.0000000 9.0000000 9.0000000 9.0000000 0.2273995 9.0000000 9.0000000 9.0000000 9.0000000 0.1475880 9.0000000 0.6614278 9.0000000 9.0000000 9.0000000 9.0000000 9.0000000 9.0000000 9.0000000 9.0000000 9.0000000 9.0000000 0.2333022 9.0000000 0.1744137 0.6676821 9.0000000 0.2319580 9.0000000 9.0000000 9.0000000 9.0000000 9.0000000 9.0000000 0.0000000 0.0000010 
Vombatidae_Vombatus_ursinus2                 9.0000000 9.0000000 9.0000000 9.0000000 9.0000000 0.2273995 9.0000000 9.0000000 9.0000000 9.0000000 0.1475880 9.0000000 0.6614278 9.0000000 9.0000000 9.0000000 9.0000000 9.0000000 9.0000000 9.0000000 9.0000000 9.0000000 9.0000000 0.2333022 9.0000000 0.1744137 0.6676821 9.0000000 0.2319580 9.0000000 9.0000000 9.0000000 9.0000000 9.0000000 9.0000000 0.0000010 0.0000000 
