37
Burramyidae_Burramys_parvus                  0.0000000 0.0971870 0.1535640 0.0971870 0.1162232 0.1194056 0.1160234 0.1802429 0.1010115 0.1003125 0.1223387 0.1703226 0.0907043 0.1626361 0.2005215 0.0949955 0.1043195 0.1792701 0.1747463 0.1809636 0.1606387 0.1199369 0.1102875 0.2055777 0.2127371 0.1831454 0.1009217 0.1559217 0.1002112 0.1216436 0.1253005 0.1400795 0.1256198 0.1023786 0.1772239 0.1803826 0.1712904 
Thylacomyidae_Macrotis_lagotis1              0.0971870 0.0000000 0.1301551 0.0000010 9.0000000 0.1497703 0.1503968 0.1511781 0.1458183 0.1383681 0.1558292 0.1201671 0.0609405 0.0682712 0.1575288 0.0627950 0.1041275 0.1510271 0.1511781 0.1168101 9.0000000 0.1717288 0.1428511 0.1718883 0.1867006 0.1547194 0.1239528 0.1492072 0.1017196 0.1580507 0.2291402 0.0971564 0.1445647 0.1376642 0.0982954 0.1590246 0.1262551 
Notoryctidae_Notoryctes_typhlops             0.1535640 0.1301551 0.0000000 0.1301551 0.1468870 0.1532454 0.1523569 0.1709448 0.1426046 0.1427530 0.1500435 0.1629603 0.1316719 0.1487395 0.1799059 0.1266399 0.1492618 0.1651640 0.1618165 0.1706813 0.1379149 0.1562470 0.1533901 0.2009614 0.1838926 0.1790647 0.1507488 0.1573551 0.1316187 0.1589039 0.1699359 0.1596948 0.1882701 0.1451377 0.1551109 0.1664523 0.1641532 
Thylacomyidae_Macrotis_lagotis2              0.0971870 0.0000010 0.1301551 0.0000000 9.0000000 0.1497703 0.1503968 0.1511781 0.1458183 0.1383681 0.1558292 0.1201671 0.0609405 0.0682712 0.1575288 0.0627950 0.1041275 0.1510271 0.1511781 0.1168101 9.0000000 0.1717288 0.1428511 0.1718883 0.1867006 0.1547194 0.1239528 0.1492072 0.1017196 0.1580507 0.2291402 0.0971564 0.1445647 0.1376642 0.0982954 0.1590246 0.1262551 
Vombatidae_Lasiorhinus_latifrons             0.1162232 9.0000000 0.1468870 9.0000000 0.0000000 0.1362562 0.1346443 0.1864492 0.1120521 0.1080996 0.1319102 0.1621721 0.1126188 0.1857033 0.2098115 0.1103655 0.1227834 0.1914351 0.1828616 0.1858025 0.1496766 0.1350684 0.1118662 0.2068278 0.1974676 0.2096802 0.1183213 0.1453059 0.1165212 0.1340971 0.1190150 0.1503107 0.1505358 0.1089925 0.1767066 0.1865001 0.1623528 
Potoroidae_Bettongia_penicillata             0.1194056 0.1497703 0.1532454 0.1497703 0.1362562 0.0000000 0.0090263 0.1469845 0.0981962 0.0990151 0.0161340 0.1868470 0.1032836 0.1530514 0.1556411 0.1153461 0.1148920 0.1462219 0.1435203 0.1364501 0.1645849 0.0436957 0.1040872 0.1949356 0.1868678 0.1475331 0.0751582 0.1544010 0.0996585 0.0490559 0.1331503 0.1420540 0.1448462 0.1009300 0.1863310 0.1453876 0.1896426 
Potoroidae_Bettongia_lesueur                 0.1160234 0.1503968 0.1523569 0.1503968 0.1346443 0.0090263 0.0000000 0.1464220 0.0975489 0.0985624 0.0200001 0.1853676 0.1028769 0.1521509 0.1537915 0.1177671 0.1084493 0.1438138 0.1413247 0.1327032 0.1609844 0.0437465 0.1021938 0.1952321 0.1866581 0.1466936 0.0746437 0.1531395 0.0976628 0.0484791 0.1327842 0.1366916 0.1407369 0.1032352 0.1834236 0.1447061 0.1881454 
Dasyuridae_Dasyurus_maculatus                0.1802429 0.1511781 0.1709448 0.1511781 0.1864492 0.1469845 0.1464220 0.0000000 0.1486943 0.1523767 0.1439975 0.2139455 0.1592776 0.0394119 0.0516532 0.1664391 0.1776307 0.0331762 0.0091822 0.0446495 0.1914511 0.1501487 0.1634487 0.1964925 0.1978613 0.0349929 0.1637887 0.1773537 0.1629838 0.1499137 0.1986167 0.1845187 0.2151208 0.1529024 0.2309313 0.0091785 0.2168201 
Phalangeridae_Trichosurus_vulpecula          0.1010115 0.1458183 0.1426046 0.1458183 0.1120521 0.0981962 0.0975489 0.1486943 0.0000000 0.0280537 0.1007212 0.1626596 0.0315326 0.1603024 0.1659830 0.0398499 0.1083779 0.1499982 0.1408303 0.1530735 0.1422623 0.0996173 0.0926548 0.1685445 0.1729784 0.1597501 0.0825338 0.1480835 0.0899560 0.1027750 0.1219836 0.1410966 0.1358034 0.0280391 0.1742817 0.1499173 0.1647723 
Phalangeridae_Spilocuscus_maculatus          0.1003125 0.1383681 0.1427530 0.1383681 0.1080996 0.0990151 0.0985624 0.1523767 0.0280537 0.0000000 0.1003017 0.1628128 0.0130457 0.1597803 0.1690863 0.0246826 0.0970963 0.1492248 0.1459791 0.1530020 0.1440050 0.0948316 0.0891862 0.1689042 0.1730596 0.1613135 0.0815614 0.1482637 0.0836664 0.0978766 0.1168563 0.1347756 0.1241030 0.0139539 0.1724788 0.1505136 0.1651710 
Potoroidae_Aepyprymnus_rufescens             0.1223387 0.1558292 0.1500435 0.1558292 0.1319102 0.0161340 0.0200001 0.1439975 0.1007212 0.1003017 0.0000000 0.1816276 0.1041240 0.1491265 0.1513019 0.1166672 0.1125885 0.1424225 0.1406210 0.1340136 0.1614079 0.0462778 0.1069640 0.1915329 0.1850573 0.1442399 0.0763438 0.1498783 0.1023317 0.0484465 0.1386213 0.1410504 0.1395624 0.1022175 0.1840509 0.1424115 0.1843516 
Peramelidae_Perameles_nasuta                 0.1703226 0.1201671 0.1629603 0.1201671 0.1621721 0.1868470 0.1853676 0.2139455 0.1626596 0.1628128 0.1816276 0.0000000 0.1540877 0.1978032 0.2375412 0.1506914 0.1646556 0.2120230 0.2085914 0.2163489 0.0380764 0.1851324 0.1734549 0.2402475 0.2344644 0.2356861 0.1753811 0.1867832 0.1661530 0.1859456 0.1832453 0.1925273 0.2038806 0.1640451 0.0550994 0.2083313 0.0053452 
Phalangeridae_Strigocuscus_pelengensis       0.0907043 0.0609405 0.1316719 0.0609405 0.1126188 0.1032836 0.1028769 0.1592776 0.0315326 0.0130457 0.1041240 0.1540877 0.0000000 0.1583207 0.1728360 0.0182732 0.1004477 0.1565921 0.1515770 0.1573339 0.1473002 0.1005388 0.0884879 0.1733202 0.1740873 0.1663090 0.0837588 0.1398398 0.0806371 0.1006982 0.1058438 0.1269096 0.1303094 0.0171080 0.1623099 0.1572946 0.1554221 
Dasyuridae_Phascogale_tapoatafa              0.1626361 0.0682712 0.1487395 0.0682712 0.1857033 0.1530514 0.1521509 0.0394119 0.1603024 0.1597803 0.1491265 0.1978032 0.1583207 0.0000000 0.0661677 0.1500090 0.1743671 0.0170127 0.0370554 0.0510425 0.1888147 0.1545389 0.1730960 0.2012990 0.2041618 0.0285716 0.1648092 0.1652874 0.1630921 0.1557765 0.1837026 0.1692093 0.2133684 0.1618847 0.2074665 0.0370577 0.1997819 
Dasyuridae_Sminthopsis_macroura              0.2005215 0.1575288 0.1799059 0.1575288 0.2098115 0.1556411 0.1537915 0.0516532 0.1659830 0.1690863 0.1513019 0.2375412 0.1728360 0.0661677 0.0000000 0.1832621 0.1818315 0.0575951 0.0480745 0.0492196 0.2152373 0.1616144 0.1733738 0.2113399 0.2082011 0.0567137 0.1761764 0.1940651 0.1681780 0.1645111 0.2069631 0.2000280 0.2353004 0.1694559 0.2320331 0.0515836 0.2423110 
Phalangeridae_Phalanger_orientalis           0.0949955 0.0627950 0.1266399 0.0627950 0.1103655 0.1153461 0.1177671 0.1664391 0.0398499 0.0246826 0.1166672 0.1506914 0.0182732 0.1500090 0.1832621 0.0000000 0.1040882 0.1632472 0.1614689 0.1631742 0.1467882 0.1117827 0.1029621 0.1842555 0.1859868 0.1773897 0.0925475 0.1379017 0.0877363 0.1135551 0.1094570 0.1235321 0.1320549 0.0173643 0.1630155 0.1646613 0.1512549 
Acrobatidae_Acrobates_pygmaeus               0.1043195 0.1041275 0.1492618 0.1041275 0.1227834 0.1148920 0.1084493 0.1776307 0.1083779 0.0970963 0.1125885 0.1646556 0.1004477 0.1743671 0.1818315 0.1040882 0.0000000 0.1783900 0.1698395 0.1648780 0.1551355 0.1143310 0.0987774 0.1982023 0.1965374 0.1826115 0.1087536 0.1558480 0.0864209 0.1140594 0.1056131 0.1234749 0.0864829 0.1033265 0.1702616 0.1749874 0.1644467 
Dasyuridae_Phascogale_calura                 0.1792701 0.1510271 0.1651640 0.1510271 0.1914351 0.1462219 0.1438138 0.0331762 0.1499982 0.1492248 0.1424225 0.2120230 0.1565921 0.0170127 0.0575951 0.1632472 0.1783900 0.0000000 0.0300744 0.0488785 0.1932788 0.1459900 0.1656882 0.1928508 0.1921260 0.0222348 0.1593771 0.1834752 0.1653898 0.1478943 0.1973526 0.1870920 0.2205328 0.1521632 0.2264480 0.0308775 0.2150464 
Dasyuridae_Sarcophilus_harrisii              0.1747463 0.1511781 0.1618165 0.1511781 0.1828616 0.1435203 0.1413247 0.0091822 0.1408303 0.1459791 0.1406210 0.2085914 0.1515770 0.0370554 0.0480745 0.1614689 0.1698395 0.0300744 0.0000000 0.0410673 0.1840927 0.1442144 0.1571679 0.1919103 0.1911270 0.0310357 0.1613434 0.1743009 0.1535095 0.1446751 0.1913440 0.1809390 0.2083856 0.1480511 0.2223250 0.0081178 0.2115729 
Dasyuridae_Planigale_tenuirostris            0.1809636 0.1168101 0.1706813 0.1168101 0.1858025 0.1364501 0.1327032 0.0446495 0.1530735 0.1530020 0.1340136 0.2163489 0.1573339 0.0510425 0.0492196 0.1631742 0.1648780 0.0488785 0.0410673 0.0000000 0.1987415 0.1415653 0.1557431 0.1974415 0.2082259 0.0504010 0.1559821 0.1729092 0.1519362 0.1450519 0.1837740 0.1790045 0.2035087 0.1548435 0.2127100 0.0438703 0.2194641 
Peramelidae_Echymipera_kalubu                0.1606387 9.0000000 0.1379149 9.0000000 0.1496766 0.1645849 0.1609844 0.1914511 0.1422623 0.1440050 0.1614079 0.0380764 0.1473002 0.1888147 0.2152373 0.1467882 0.1551355 0.1932788 0.1840927 0.1987415 0.0000000 0.1623834 0.1419132 0.2235212 0.2173972 0.2174923 0.1562178 0.1619484 0.1507247 0.1654389 0.1470956 0.1791843 0.1998963 0.1485521 0.0488600 0.1860399 0.0354037 
Macropodidae_Dorcopsulus_vanheurni           0.1199369 0.1717288 0.1562470 0.1717288 0.1350684 0.0436957 0.0437465 0.1501487 0.0996173 0.0948316 0.0462778 0.1851324 0.1005388 0.1545389 0.1616144 0.1117827 0.1143310 0.1459900 0.1442144 0.1415653 0.1623834 0.0000000 0.1064865 0.2035233 0.1917572 0.1524609 0.0842850 0.1576072 0.1041346 0.0270668 0.1356985 0.1401876 0.1397306 0.1009924 0.1871894 0.1469690 0.1903725 
Pseudochiridae_Pseudochirulus_forbesi        0.1102875 0.1428511 0.1533901 0.1428511 0.1118662 0.1040872 0.1021938 0.1634487 0.0926548 0.0891862 0.1069640 0.1734549 0.0884879 0.1730960 0.1733738 0.1029621 0.0987774 0.1656882 0.1571679 0.1557431 0.1419132 0.1064865 0.0000000 0.1820797 0.1754914 0.1685176 0.1002546 0.1576856 0.0593157 0.1042951 0.0521558 0.1302799 0.1236719 0.0944783 0.1803633 0.1617604 0.1740364 
Didelphidae_Didelphis_virginiana             0.2055777 0.1718883 0.2009614 0.1718883 0.2068278 0.1949356 0.1952321 0.1964925 0.1685445 0.1689042 0.1915329 0.2402475 0.1733202 0.2012990 0.2113399 0.1842555 0.1982023 0.1928508 0.1919103 0.1974415 0.2235212 0.2035233 0.1820797 0.0000000 0.0553623 0.2113673 0.1711010 0.2133951 0.1755376 0.2022778 0.2175031 0.2288813 0.2339433 0.1696668 0.2513592 0.1959350 0.2430554 
Marmosidae_Monodelphis_domestica             0.2127371 0.1867006 0.1838926 0.1867006 0.1974676 0.1868678 0.1866581 0.1978613 0.1729784 0.1730596 0.1850573 0.2344644 0.1740873 0.2041618 0.2082011 0.1859868 0.1965374 0.1921260 0.1911270 0.2082259 0.2173972 0.1917572 0.1754914 0.0553623 0.0000000 0.2180161 0.1732298 0.2162998 0.1760510 0.1926040 0.2113866 0.2227314 0.2367476 0.1722098 0.2581041 0.1980465 0.2372421 
Dasyuridae_Antechinus_stuartii               0.1831454 0.1547194 0.1790647 0.1547194 0.2096802 0.1475331 0.1466936 0.0349929 0.1597501 0.1613135 0.1442399 0.2356861 0.1663090 0.0285716 0.0567137 0.1773897 0.1826115 0.0222348 0.0310357 0.0504010 0.2174923 0.1524609 0.1685176 0.2113673 0.2180161 0.0000000 0.1661840 0.1864002 0.1654699 0.1547772 0.2045572 0.1954275 0.2298106 0.1637548 0.2320402 0.0323607 0.2382432 
Hypsiprymnodontidae_Hypsiprymnodon_moschatus 0.1009217 0.1239528 0.1507488 0.1239528 0.1183213 0.0751582 0.0746437 0.1637887 0.0825338 0.0815614 0.0763438 0.1753811 0.0837588 0.1648092 0.1761764 0.0925475 0.1087536 0.1593771 0.1613434 0.1559821 0.1562178 0.0842850 0.1002546 0.1711010 0.1732298 0.1661840 0.0000000 0.1566561 0.0943672 0.0878390 0.1275763 0.1353623 0.1301792 0.0848566 0.1809705 0.1642052 0.1790244 
Microbiotheriidae_Dromiciops_gliroides       0.1559217 0.1492072 0.1573551 0.1492072 0.1453059 0.1544010 0.1531395 0.1773537 0.1480835 0.1482637 0.1498783 0.1867832 0.1398398 0.1652874 0.1940651 0.1379017 0.1558480 0.1834752 0.1743009 0.1729092 0.1619484 0.1576072 0.1576856 0.2133951 0.2162998 0.1864002 0.1566561 0.0000000 0.1344060 0.1613232 0.1591989 0.1549154 0.1777063 0.1523010 0.1822237 0.1771849 0.1902229 
Pseudochiridae_Petauroides_volans            0.1002112 0.1017196 0.1316187 0.1017196 0.1165212 0.0996585 0.0976628 0.1629838 0.0899560 0.0836664 0.1023317 0.1661530 0.0806371 0.1630921 0.1681780 0.0877363 0.0864209 0.1653898 0.1535095 0.1519362 0.1507247 0.1041346 0.0593157 0.1755376 0.1760510 0.1654699 0.0943672 0.1344060 0.0000000 0.1034632 0.0721921 0.1099183 0.1097786 0.0877396 0.1616187 0.1591616 0.1666228 
Macropodidae_Wallabia_bicolor                0.1216436 0.1580507 0.1589039 0.1580507 0.1340971 0.0490559 0.0484791 0.1499137 0.1027750 0.0978766 0.0484465 0.1859456 0.1006982 0.1557765 0.1645111 0.1135551 0.1140594 0.1478943 0.1446751 0.1450519 0.1654389 0.0270668 0.1042951 0.2022778 0.1926040 0.1547772 0.0878390 0.1613232 0.1034632 0.0000000 0.1329487 0.1396839 0.1381572 0.1011668 0.1915603 0.1483720 0.1897516 
Pseudochiridae_Pseudocheirus_occidentalis    0.1253005 0.2291402 0.1699359 0.2291402 0.1190150 0.1331503 0.1327842 0.1986167 0.1219836 0.1168563 0.1386213 0.1832453 0.1058438 0.1837026 0.2069631 0.1094570 0.1056131 0.1973526 0.1913440 0.1837740 0.1470956 0.1356985 0.0521558 0.2175031 0.2113866 0.2045572 0.1275763 0.1591989 0.0721921 0.1329487 0.0000000 0.1325971 0.1304290 0.1212339 0.1828801 0.1970128 0.1826270 
Tarsipedidae_Tarsipes_rostratus              0.1400795 0.0971564 0.1596948 0.0971564 0.1503107 0.1420540 0.1366916 0.1845187 0.1410966 0.1347756 0.1410504 0.1925273 0.1269096 0.1692093 0.2000280 0.1235321 0.1234749 0.1870920 0.1809390 0.1790045 0.1791843 0.1401876 0.1302799 0.2288813 0.2227314 0.1954275 0.1353623 0.1549154 0.1099183 0.1396839 0.1325971 0.0000000 0.1629620 0.1394548 0.1890837 0.1869488 0.1961312 
Acrobatidae_Distoechurus_pennatus            0.1256198 0.1445647 0.1882701 0.1445647 0.1505358 0.1448462 0.1407369 0.2151208 0.1358034 0.1241030 0.1395624 0.2038806 0.1303094 0.2133684 0.2353004 0.1320549 0.0864829 0.2205328 0.2083856 0.2035087 0.1998963 0.1397306 0.1236719 0.2339433 0.2367476 0.2298106 0.1301792 0.1777063 0.1097786 0.1381572 0.1304290 0.1629620 0.0000000 0.1309537 0.2174463 0.2172327 0.2056280 
Phalangeridae_Phalanger_carmelitae           0.1023786 0.1376642 0.1451377 0.1376642 0.1089925 0.1009300 0.1032352 0.1529024 0.0280391 0.0139539 0.1022175 0.1640451 0.0171080 0.1618847 0.1694559 0.0173643 0.1033265 0.1521632 0.1480511 0.1548435 0.1485521 0.1009924 0.0944783 0.1696668 0.1722098 0.1637548 0.0848566 0.1523010 0.0877396 0.1011668 0.1212339 0.1394548 0.1309537 0.0000000 0.1773737 0.1510422 0.1656931 
Peramelidae_Peroryctes_raffrayana            0.1772239 0.0982954 0.1551109 0.0982954 0.1767066 0.1863310 0.1834236 0.2309313 0.1742817 0.1724788 0.1840509 0.0550994 0.1623099 0.2074665 0.2320331 0.1630155 0.1702616 0.2264480 0.2223250 0.2127100 0.0488600 0.1871894 0.1803633 0.2513592 0.2581041 0.2320402 0.1809705 0.1822237 0.1616187 0.1915603 0.1828801 0.1890837 0.2174463 0.1773737 0.0000000 0.2253143 0.0574946 
Dasyuridae_Dasyurus_geffroii                 0.1803826 0.1590246 0.1664523 0.1590246 0.1865001 0.1453876 0.1447061 0.0091785 0.1499173 0.1505136 0.1424115 0.2083313 0.1572946 0.0370577 0.0515836 0.1646613 0.1749874 0.0308775 0.0081178 0.0438703 0.1860399 0.1469690 0.1617604 0.1959350 0.1980465 0.0323607 0.1642052 0.1771849 0.1591616 0.1483720 0.1970128 0.1869488 0.2172327 0.1510422 0.2253143 0.0000000 0.2113079 
Peramelidae_Perameles_gunnii                 0.1712904 0.1262551 0.1641532 0.1262551 0.1623528 0.1896426 0.1881454 0.2168201 0.1647723 0.1651710 0.1843516 0.0053452 0.1554221 0.1997819 0.2423110 0.1512549 0.1644467 0.2150464 0.2115729 0.2194641 0.0354037 0.1903725 0.1740364 0.2430554 0.2372421 0.2382432 0.1790244 0.1902229 0.1666228 0.1897516 0.1826270 0.1961312 0.2056280 0.1656931 0.0574946 0.2113079 0.0000000 
