37
Burramyidae_Burramys_parvus                  0.0000000 0.0915615 0.0786284 0.0883108 0.0916649 0.1406126 0.0772517 0.0881471 0.0913564 0.1348986 0.0678763 0.1439560 0.1445983 0.0692591 0.0989737 0.1473203 0.1458425 0.1497263 0.1374718 0.0833317 0.0845702 0.1229335 0.1256723 0.1474329 0.0855154 0.0916843 0.0701068 0.0915306 0.0820125 0.1107227 0.0692493 0.1266583 0.1456356 0.1330352 0.0859484 9.0000000 9.0000000 
Notoryctidae_Notoryctes_typhlops             0.0915615 0.0000000 0.0779324 0.0865788 0.0933387 0.1149411 0.0809488 0.0797834 0.0873795 0.1268171 0.0798339 0.1136298 0.1254593 0.0766602 0.1118649 0.1125277 0.1141490 0.1228440 0.1278284 0.0830831 0.0853179 0.1126262 0.1128242 0.1147493 0.0909272 0.0759909 0.0784801 0.0842988 0.0826559 0.1145406 0.0776829 0.1196137 0.1185071 0.1264313 0.0818230 0.0557223 0.0557223 
Vombatidae_Lasiorhinus_latifrons             0.0786284 0.0779324 0.0000000 0.0771606 0.0811713 0.1180528 0.0721685 0.0878500 0.0755860 0.1100384 0.0627489 0.1146916 0.1206253 0.0711385 0.0942169 0.1153620 0.1168422 0.1281249 0.1116103 0.0763924 0.0781939 0.1038480 0.0998754 0.1188061 0.0711358 0.0717602 0.0703552 0.0792064 0.0786056 0.1006997 0.0710145 0.1066561 0.1188670 0.1083399 0.0762879 0.0421908 0.0421908 
Potoroidae_Bettongia_penicillata             0.0883108 0.0865788 0.0771606 0.0000000 0.0039472 0.1279624 0.0898065 0.0968268 0.0149574 0.1258567 0.0661094 0.1355701 0.1384744 0.0811328 0.1060492 0.1370202 0.1331571 0.1492467 0.1303818 0.0255425 0.0927034 0.1151318 0.1183481 0.1342148 0.0498089 0.0984579 0.0818353 0.0251224 0.0899021 0.1205195 0.0808211 0.1235428 0.1361421 0.1251198 0.0865624 0.0652295 0.0652295 
Potoroidae_Bettongia_lesueur                 0.0916649 0.0933387 0.0811713 0.0039472 0.0000000 0.1321036 0.0933924 0.1002241 0.0172862 0.1291002 0.0704940 0.1397935 0.1427328 0.0839677 0.1106859 0.1412611 0.1373657 0.1498751 0.1345782 0.0272341 0.0956593 0.1181700 0.1216303 0.1384236 0.0531475 0.1027959 0.0838704 0.0267903 0.0928791 0.1230337 0.0836426 0.1277071 0.1394868 0.1283875 0.0868882 0.0696879 0.0696879 
Dasyuridae_Dasyurus_maculatus                0.1406126 0.1149411 0.1180528 0.1279624 0.1321036 0.0000000 0.1299424 0.1433575 0.1294267 0.1457602 0.1013655 0.0267428 0.0453725 0.1246737 0.1589520 0.0262204 0.0128514 0.0515296 0.1538899 0.1232646 0.1389668 0.1378229 0.1424818 0.0262377 0.1323505 0.1238574 0.1271563 0.1246107 0.1391706 0.1656675 0.1210129 0.1480539 0.0088532 0.1466704 0.1237021 0.0416418 0.0416418 
Phalangeridae_Trichosurus_vulpecula          0.0772517 0.0809488 0.0721685 0.0898065 0.0933924 0.1299424 0.0000000 0.0416058 0.0867022 0.1178790 0.0282324 0.1261552 0.1327064 0.0316722 0.0955081 0.1275489 0.1293959 0.1314915 0.1202460 0.0830772 0.0838290 0.1101861 0.1141202 0.1290323 0.0829176 0.0844246 0.0709786 0.0885634 0.0801425 0.1055538 0.0322399 0.1118950 0.1320547 0.1174420 0.0802758 0.0511157 0.0511157 
Phalangeridae_Spilocuscus_maculatus          0.0881471 0.0797834 0.0878500 0.0968268 0.1002241 0.1433575 0.0416058 0.0000000 0.0948039 0.1437150 0.0080074 0.1391095 0.1491285 0.0191565 0.1118195 0.1391095 0.1429280 0.1493741 0.1398577 0.0913707 0.0933089 0.1281106 0.1265104 0.1465462 0.0925168 0.0988919 0.0827950 0.0947848 0.0874100 0.1177628 0.0202997 0.1364230 0.1470316 0.1436845 0.1012610 0.0552824 0.0552824 
Potoroidae_Aepyprymnus_rufescens             0.0913564 0.0873795 0.0755860 0.0149574 0.0172862 0.1294267 0.0867022 0.0948039 0.0000000 0.1298775 0.0668707 0.1362578 0.1402805 0.0790649 0.1076006 0.1378632 0.1342983 0.1518439 0.1342561 0.0248213 0.0926667 0.1199592 0.1220769 0.1362666 0.0498089 0.1038653 0.0794108 0.0254245 0.0889590 0.1171735 0.0780483 0.1262315 0.1376065 0.1290955 0.0825301 0.0691837 0.0691837 
Peramelidae_Perameles_nasuta                 0.1348986 0.1268171 0.1100384 0.1258567 0.1291002 0.1457602 0.1178790 0.1437150 0.1298775 0.0000000 0.1258486 0.1487190 0.1559054 0.1237485 0.1449888 0.1487190 0.1495211 0.1523960 0.0268777 0.1203474 0.1250577 0.1393199 0.1438093 0.1498138 0.1267383 0.1127810 0.1176953 0.1244261 0.1303366 0.1365595 0.1225499 0.0259584 0.1489692 0.0009922 0.0973749 0.0421908 0.0421908 
Phalangeridae_Strigocuscus_pelengensis       0.0678763 0.0798339 0.0627489 0.0661094 0.0704940 0.1013655 0.0282324 0.0080074 0.0668707 0.1258486 0.0000000 0.0981625 0.1019049 0.0088204 0.0984794 0.1002954 0.1047742 0.1007697 0.1220097 0.0636291 0.0738349 0.1088511 0.1123715 0.1042253 0.0626293 0.0740439 0.0565496 0.0638415 0.0687983 0.0865142 0.0087993 0.1168055 0.1071453 0.1236756 0.0597923 0.0441764 0.0441764 
Dasyuridae_Phascogale_tapoatafa              0.1439560 0.1136298 0.1146916 0.1355701 0.1397935 0.0267428 0.1261552 0.1391095 0.1362578 0.1487190 0.0981625 0.0000000 0.0441884 0.1209676 0.1577818 0.0053686 0.0246822 0.0489561 0.1551960 0.1272245 0.1358040 0.1383816 0.1415957 0.0184492 0.1328011 0.1204426 0.1231198 0.1307503 0.1345047 0.1580737 0.1187034 0.1508832 0.0278319 0.1487400 0.1251817 0.0337319 0.0337319 
Dasyuridae_Sminthopsis_macroura              0.1445983 0.1254593 0.1206253 0.1384744 0.1427328 0.0453725 0.1327064 0.1491285 0.1402805 0.1559054 0.1019049 0.0441884 0.0000000 0.1281064 0.1599007 0.0447393 0.0443139 0.0400942 0.1650295 0.1365379 0.1474351 0.1509412 0.1548824 0.0453209 0.1304356 0.1280244 0.1326249 0.1394466 0.1448546 0.1701648 0.1251213 0.1591792 0.0459979 0.1561755 0.1353660 0.0259756 0.0259756 
Phalangeridae_Phalanger_orientalis           0.0692591 0.0766602 0.0711385 0.0811328 0.0839677 0.1246737 0.0316722 0.0191565 0.0790649 0.1237485 0.0088204 0.1209676 0.1281064 0.0000000 0.0929765 0.1223358 0.1248220 0.1295278 0.1233771 0.0783100 0.0802399 0.1115670 0.1143435 0.1272379 0.0779135 0.0853909 0.0663125 0.0799148 0.0750323 0.1030038 0.0034071 0.1169812 0.1281340 0.1233466 0.0801063 0.0513174 0.0513174 
Acrobatidae_Acrobates_pygmaeus               0.0989737 0.1118649 0.0942169 0.1060492 0.1106859 0.1589520 0.0955081 0.1118195 0.1076006 0.1449888 0.0984794 0.1577818 0.1599007 0.0929765 0.0000000 0.1577818 0.1636220 0.1734049 0.1486608 0.0986143 0.0875516 0.1399673 0.1420676 0.1524133 0.1107443 0.1103068 0.0790760 0.1058459 0.0839736 0.1123074 0.0922626 0.1396311 0.1644041 0.1436434 0.0743197 0.0461122 0.0461122 
Dasyuridae_Phascogale_calura                 0.1473203 0.1125277 0.1153620 0.1370202 0.1412611 0.0262204 0.1275489 0.1391095 0.1378632 0.1487190 0.1002954 0.0053686 0.0447393 0.1223358 0.1577818 0.0000000 0.0241620 0.0495848 0.1551960 0.1286464 0.1386456 0.1412690 0.1430361 0.0174283 0.1343841 0.1218613 0.1258878 0.1321896 0.1388427 0.1580737 0.1193830 0.1508832 0.0273073 0.1487400 0.1261096 0.0376675 0.0376675 
Dasyuridae_Sarcophilus_harrisii              0.1458425 0.1141490 0.1168422 0.1331571 0.1373657 0.0128514 0.1293959 0.1429280 0.1342983 0.1495211 0.1047742 0.0246822 0.0443139 0.1248220 0.1636220 0.0241620 0.0000000 0.0490062 0.1578444 0.1283882 0.1405683 0.1387133 0.1426560 0.0241658 0.1333233 0.1231414 0.1294125 0.1281814 0.1413595 0.1656675 0.1211562 0.1525552 0.0148907 0.1505676 0.1255712 0.0416418 0.0416418 
Dasyuridae_Planigale_tenuirostris            0.1497263 0.1228440 0.1281249 0.1492467 0.1498751 0.0515296 0.1314915 0.1493741 0.1518439 0.1523960 0.1007697 0.0489561 0.0400942 0.1295278 0.1734049 0.0495848 0.0490062 0.0000000 0.1669648 0.1418359 0.1494996 0.1530468 0.1499479 0.0470759 0.1469161 0.1307794 0.1455411 0.1480846 0.1502377 0.1819325 0.1278023 0.1605020 0.0509274 0.1573373 0.1467879 0.0230934 0.0230934 
Peramelidae_Echymipera_kalubu                0.1374718 0.1278284 0.1116103 0.1303818 0.1345782 0.1538899 0.1202460 0.1398577 0.1342561 0.0268777 0.1220097 0.1551960 0.1650295 0.1233771 0.1486608 0.1551960 0.1578444 0.1669648 0.0000000 0.1203676 0.1275200 0.1418570 0.1422305 0.1565168 0.1343324 0.1126185 0.1235437 0.1261316 0.1309748 0.1433290 0.1214774 0.0249627 0.1586997 0.0284440 0.1035612 0.0421908 0.0421908 
Macropodidae_Dorcopsulus_vanheurni           0.0833317 0.0830831 0.0763924 0.0255425 0.0272341 0.1232646 0.0830772 0.0913707 0.0248213 0.1203474 0.0636291 0.1272245 0.1365379 0.0783100 0.0986143 0.1286464 0.1283882 0.1418359 0.1203676 0.0000000 0.0865737 0.1128696 0.1133837 0.1273108 0.0453670 0.0940564 0.0752827 0.0095090 0.0837205 0.1108262 0.0767757 0.1164041 0.1298978 0.1187189 0.0777740 0.0691837 0.0691837 
Pseudochiridae_Pseudochirulus_forbesi        0.0845702 0.0853179 0.0781939 0.0927034 0.0956593 0.1389668 0.0838290 0.0933089 0.0926667 0.1250577 0.0738349 0.1358040 0.1474351 0.0802399 0.0875516 0.1386456 0.1405683 0.1494996 0.1275200 0.0865737 0.0000000 0.1194417 0.1137088 0.1380248 0.0923154 0.0914714 0.0372644 0.0887048 0.0209179 0.0846443 0.0800982 0.1154592 0.1441667 0.1227022 0.0747457 0.0507171 0.0507171 
Didelphidae_Didelphis_virginiana             0.1229335 0.1126262 0.1038480 0.1151318 0.1181700 0.1378229 0.1101861 0.1281106 0.1199592 0.1393199 0.1088511 0.1383816 0.1509412 0.1115670 0.1399673 0.1412690 0.1387133 0.1530468 0.1418570 0.1128696 0.1194417 0.0000000 0.0410018 0.1437097 0.1222560 0.1021380 0.1051048 0.1189931 0.1153165 0.1387154 0.1130804 0.1387310 0.1407182 0.1408501 0.1094397 0.0591312 0.0591312 
Marmosidae_Monodelphis_domestica             0.1256723 0.1128242 0.0998754 0.1183481 0.1216303 0.1424818 0.1141202 0.1265104 0.1220769 0.1438093 0.1123715 0.1415957 0.1548824 0.1143435 0.1420676 0.1430361 0.1426560 0.1499479 0.1422305 0.1133837 0.1137088 0.0410018 0.0000000 0.1454705 0.1251425 0.1057232 0.1062791 0.1164606 0.1141171 0.1368876 0.1141332 0.1400198 0.1462793 0.1417912 0.1109842 0.0782310 0.0782310 
Dasyuridae_Antechinus_stuartii               0.1474329 0.1147493 0.1188061 0.1342148 0.1384236 0.0262377 0.1290323 0.1465462 0.1362666 0.1498138 0.1042253 0.0184492 0.0453209 0.1272379 0.1524133 0.0174283 0.0241658 0.0470759 0.1565168 0.1273108 0.1380248 0.1437097 0.1454705 0.0000000 0.1344840 0.1228650 0.1281955 0.1293236 0.1395768 0.1605928 0.1235614 0.1505011 0.0283761 0.1492825 0.1226894 0.0416418 0.0416418 
Hypsiprymnodontidae_Hypsiprymnodon_moschatus 0.0855154 0.0909272 0.0711358 0.0498089 0.0531475 0.1323505 0.0829176 0.0925168 0.0498089 0.1267383 0.0626293 0.1328011 0.1304356 0.0779135 0.1107443 0.1343841 0.1333233 0.1469161 0.1343324 0.0453670 0.0923154 0.1222560 0.1251425 0.1344840 0.0000000 0.0946269 0.0804418 0.0466694 0.0877986 0.1082676 0.0764009 0.1299908 0.1373089 0.1268039 0.0773951 0.0473935 0.0473935 
Microbiotheriidae_Dromiciops_gliroides       0.0916843 0.0759909 0.0717602 0.0984579 0.1027959 0.1238574 0.0844246 0.0988919 0.1038653 0.1127810 0.0740439 0.1204426 0.1280244 0.0853909 0.1103068 0.1218613 0.1231414 0.1307794 0.1126185 0.0940564 0.0914714 0.1021380 0.1057232 0.1228650 0.0946269 0.0000000 0.0804201 0.0972332 0.0895897 0.1149543 0.0853319 0.1088157 0.1266617 0.1127964 0.0857663 0.0431372 0.0431372 
Pseudochiridae_Petauroides_volans            0.0701068 0.0784801 0.0703552 0.0818353 0.0838704 0.1271563 0.0709786 0.0827950 0.0794108 0.1176953 0.0565496 0.1231198 0.1326249 0.0663125 0.0790760 0.1258878 0.1294125 0.1455411 0.1235437 0.0752827 0.0372644 0.1051048 0.1062791 0.1281955 0.0804418 0.0804201 0.0000000 0.0773298 0.0335068 0.0763798 0.0662682 0.1149154 0.1322305 0.1159480 0.0675168 0.0431372 0.0431372 
Macropodidae_Wallabia_bicolor                0.0915306 0.0842988 0.0792064 0.0251224 0.0267903 0.1246107 0.0885634 0.0947848 0.0254245 0.1244261 0.0638415 0.1307503 0.1394466 0.0799148 0.1058459 0.1321896 0.1281814 0.1480846 0.1261316 0.0095090 0.0887048 0.1189931 0.1164606 0.1293236 0.0466694 0.0972332 0.0773298 0.0000000 0.0857171 0.1156071 0.0783621 0.1210713 0.1304248 0.1230384 0.0807766 0.0647624 0.0647624 
Pseudochiridae_Pseudocheirus_occidentalis    0.0820125 0.0826559 0.0786056 0.0899021 0.0928791 0.1391706 0.0801425 0.0874100 0.0889590 0.1303366 0.0687983 0.1345047 0.1448546 0.0750323 0.0839736 0.1388427 0.1413595 0.1502377 0.1309748 0.0837205 0.0209179 0.1153165 0.1141171 0.1395768 0.0877986 0.0895897 0.0335068 0.0857171 0.0000000 0.0869243 0.0749815 0.1202611 0.1442919 0.1278833 0.0769405 0.0486494 0.0486494 
Tarsipedidae_Tarsipes_rostratus              0.1107227 0.1145406 0.1006997 0.1205195 0.1230337 0.1656675 0.1055538 0.1177628 0.1171735 0.1365595 0.0865142 0.1580737 0.1701648 0.1030038 0.1123074 0.1580737 0.1656675 0.1819325 0.1433290 0.1108262 0.0846443 0.1387154 0.1368876 0.1605928 0.1082676 0.1149543 0.0763798 0.1156071 0.0869243 0.0000000 0.1014755 0.1374062 0.1667748 0.1353173 0.0951517 0.0552824 0.0552824 
Phalangeridae_Phalanger_carmelitae           0.0692493 0.0776829 0.0710145 0.0808211 0.0836426 0.1210129 0.0322399 0.0202997 0.0780483 0.1225499 0.0087993 0.1187034 0.1251213 0.0034071 0.0922626 0.1193830 0.1211562 0.1278023 0.1214774 0.0767757 0.0800982 0.1130804 0.1141332 0.1235614 0.0764009 0.0853319 0.0662682 0.0783621 0.0749815 0.1014755 0.0000000 0.1137334 0.1245911 0.1222892 0.0765954 0.0507171 0.0507171 
Peramelidae_Peroryctes_raffrayana            0.1266583 0.1196137 0.1066561 0.1235428 0.1277071 0.1480539 0.1118950 0.1364230 0.1262315 0.0259584 0.1168055 0.1508832 0.1591792 0.1169812 0.1396311 0.1508832 0.1525552 0.1605020 0.0249627 0.1164041 0.1154592 0.1387310 0.1400198 0.1505011 0.1299908 0.1088157 0.1149154 0.1210713 0.1202611 0.1374062 0.1137334 0.0000000 0.1536000 0.0250753 0.0990044 0.0426357 0.0426357 
Dasyuridae_Dasyurus_geffroii                 0.1456356 0.1185071 0.1188670 0.1361421 0.1394868 0.0088532 0.1320547 0.1470316 0.1376065 0.1489692 0.1071453 0.0278319 0.0459979 0.1281340 0.1644041 0.0273073 0.0148907 0.0509274 0.1586997 0.1298978 0.1441667 0.1407182 0.1462793 0.0283761 0.1373089 0.1266617 0.1322305 0.1304248 0.1442919 0.1667748 0.1245911 0.1536000 0.0000000 0.1503794 0.1295036 0.0460046 0.0460046 
Peramelidae_Perameles_gunnii                 0.1330352 0.1264313 0.1083399 0.1251198 0.1283875 0.1466704 0.1174420 0.1436845 0.1290955 0.0009922 0.1236756 0.1487400 0.1561755 0.1233466 0.1436434 0.1487400 0.1505676 0.1573373 0.0284440 0.1187189 0.1227022 0.1408501 0.1417912 0.1492825 0.1268039 0.1127964 0.1159480 0.1230384 0.1278833 0.1353173 0.1222892 0.0250753 0.1503794 0.0000000 0.1026985 0.0387506 0.0387506 
Acrobatidae_Distoechurus_pennatus            0.0859484 0.0818230 0.0762879 0.0865624 0.0868882 0.1237021 0.0802758 0.1012610 0.0825301 0.0973749 0.0597923 0.1251817 0.1353660 0.0801063 0.0743197 0.1261096 0.1255712 0.1467879 0.1035612 0.0777740 0.0747457 0.1094397 0.1109842 0.1226894 0.0773951 0.0857663 0.0675168 0.0807766 0.0769405 0.0951517 0.0765954 0.0990044 0.1295036 0.1026985 0.0000000 0.0720743 0.0720743 
Myrmecobiidae_Myrmecobius_fasciatus1         9.0000000 0.0557223 0.0421908 0.0652295 0.0696879 0.0416418 0.0511157 0.0552824 0.0691837 0.0421908 0.0441764 0.0337319 0.0259756 0.0513174 0.0461122 0.0376675 0.0416418 0.0230934 0.0421908 0.0691837 0.0507171 0.0591312 0.0782310 0.0416418 0.0473935 0.0431372 0.0431372 0.0647624 0.0486494 0.0552824 0.0507171 0.0426357 0.0460046 0.0387506 0.0720743 0.0000000 0.0000010 
Myrmecobiidae_Myrmecobius_fasciatus2         9.0000000 0.0557223 0.0421908 0.0652295 0.0696879 0.0416418 0.0511157 0.0552824 0.0691837 0.0421908 0.0441764 0.0337319 0.0259756 0.0513174 0.0461122 0.0376675 0.0416418 0.0230934 0.0421908 0.0691837 0.0507171 0.0591312 0.0782310 0.0416418 0.0473935 0.0431372 0.0431372 0.0647624 0.0486494 0.0552824 0.0507171 0.0426357 0.0460046 0.0387506 0.0720743 0.0000010 0.0000000 
