37
Burramyidae_Burramys_parvus                  0.0000000 0.1262157 0.0863421 0.0905956 0.0899628 0.1468956 0.0708616 0.0763963 0.0890876 0.1294392 0.0704682 0.1427112 0.0722960 0.1200346 0.1396963 0.1177672 0.1033820 0.1008424 0.1843804 0.1406110 0.1058110 0.1204666 0.0955862 0.0882332 0.0981960 0.0932605 0.0732866 0.1254915 0.1417701 0.1317838 0.1524770 0.1531506 0.1531189 0.1579467 0.1208652 0.2166673 0.2166673 
Notoryctidae_Notoryctes_typhlops             0.1262157 0.0000000 0.1060123 0.1243284 0.1229799 0.1398210 0.1051172 0.1114782 0.1242539 0.1297898 0.1113922 0.1395337 0.1117710 0.1554447 0.1357722 0.1204383 0.1464943 0.1246425 0.1875971 0.1387550 0.1384679 0.1242690 0.1270186 0.1295409 0.1287080 0.1302550 0.1079177 0.1260088 0.1375489 0.1311857 0.1416082 0.1435888 0.1480535 0.1464325 0.1454582 0.2580846 0.2580846 
Vombatidae_Lasiorhinus_latifrons             0.0863421 0.1060123 0.0000000 0.0807280 0.0791203 0.1206289 0.0643654 0.0682322 0.0795320 0.1015327 0.0701023 0.1191047 0.0682362 0.1070774 0.1146489 0.0943434 0.0904410 0.0816747 0.1561273 0.1073015 0.0935267 0.0964981 0.0758807 0.0776191 0.0760206 0.0878953 0.0671304 0.1020138 0.1175447 0.1039573 0.1222543 0.1206841 0.1226320 0.1253608 0.1064163 0.1792084 0.1792084 
Potoroidae_Bettongia_penicillata             0.0905956 0.1243284 0.0807280 0.0000000 0.0074192 0.1371608 0.0673279 0.0684187 0.0176583 0.1165787 0.0718355 0.1356953 0.0691494 0.1104071 0.1315748 0.1098081 0.0444710 0.0823481 0.1735460 0.1242641 0.0591082 0.1109066 0.0826775 0.0281732 0.0831024 0.0934005 0.0712425 0.1132110 0.1341823 0.1171264 0.1432801 0.1433538 0.1435749 0.1494072 0.1196992 0.2096277 0.2096277 
Potoroidae_Bettongia_lesueur                 0.0899628 0.1229799 0.0791203 0.0074192 0.0000000 0.1361975 0.0668425 0.0694219 0.0172171 0.1134407 0.0718224 0.1350193 0.0707001 0.1096393 0.1309495 0.1086277 0.0439781 0.0873712 0.1733277 0.1270797 0.0606050 0.1106963 0.0846813 0.0290346 0.0871945 0.0939147 0.0717737 0.1126190 0.1332201 0.1139843 0.1432550 0.1416332 0.1425487 0.1493789 0.1184501 0.2096277 0.2096277 
Dasyuridae_Dasyurus_maculatus                0.1468956 0.1398210 0.1206289 0.1371608 0.1361975 0.0000000 0.1302428 0.1307123 0.1312353 0.1338459 0.1314456 0.0404856 0.1255006 0.1672777 0.0100000 0.1233572 0.1555950 0.1405894 0.1913718 0.1558036 0.1473125 0.1282839 0.1283701 0.1323115 0.1317692 0.1393041 0.1268186 0.1328436 0.0108803 0.1366198 0.0272431 0.0253244 0.0375633 0.0306615 0.1679612 0.0982454 0.0982454 
Phalangeridae_Trichosurus_vulpecula          0.0708616 0.1051172 0.0643654 0.0673279 0.0668425 0.1302428 0.0000000 0.0303044 0.0656793 0.1089536 0.0259978 0.1248205 0.0288678 0.1025605 0.1242448 0.1013196 0.0844157 0.0777319 0.1678706 0.1163826 0.0837046 0.0932872 0.0716391 0.0648055 0.0764136 0.0777421 0.0278196 0.1080302 0.1267782 0.1111989 0.1332760 0.1349864 0.1338466 0.1388935 0.0923183 0.2343350 0.2343350 
Phalangeridae_Spilocuscus_maculatus          0.0763963 0.1114782 0.0682322 0.0684187 0.0694219 0.1307123 0.0303044 0.0000000 0.0638399 0.1140824 0.0183908 0.1327304 0.0198006 0.1065470 0.1253717 0.1070495 0.0815665 0.0766776 0.1697059 0.1246076 0.0879176 0.1010350 0.0706706 0.0665028 0.0764744 0.0806458 0.0197361 0.1132621 0.1269801 0.1166309 0.1355274 0.1389408 0.1372228 0.1421530 0.0954722 0.2456303 0.2456303 
Potoroidae_Aepyprymnus_rufescens             0.0890876 0.1242539 0.0795320 0.0176583 0.0172171 0.1312353 0.0656793 0.0638399 0.0000000 0.1128131 0.0680077 0.1297155 0.0675271 0.1093126 0.1246204 0.1074797 0.0429939 0.0865375 0.1744692 0.1270549 0.0596092 0.1116723 0.0817781 0.0276594 0.0837884 0.0900810 0.0666602 0.1160655 0.1287709 0.1140972 0.1357814 0.1341776 0.1358191 0.1417398 0.1147561 0.2012956 0.2012956 
Peramelidae_Perameles_nasuta                 0.1294392 0.1297898 0.1015327 0.1165787 0.1134407 0.1338459 0.1089536 0.1140824 0.1128131 0.0000000 0.1123854 0.1309781 0.1099194 0.1595309 0.1290715 0.0239331 0.1336281 0.1333549 0.1819722 0.1308776 0.1288442 0.1161379 0.1195592 0.1174148 0.1289042 0.1339658 0.1086400 0.0309259 0.1335421 0.0037719 0.1342716 0.1332819 0.1354527 0.1426204 0.1609468 0.2034316 0.2034316 
Phalangeridae_Strigocuscus_pelengensis       0.0704682 0.1113922 0.0701023 0.0718355 0.0718224 0.1314456 0.0259978 0.0183908 0.0680077 0.1123854 0.0000000 0.1312216 0.0137861 0.0997393 0.1273157 0.1049061 0.0820235 0.0790602 0.1706023 0.1215532 0.0854490 0.0990802 0.0716496 0.0665873 0.0782347 0.0773794 0.0124100 0.1100831 0.1265942 0.1150251 0.1361557 0.1396415 0.1391691 0.1424977 0.1000041 0.2359593 0.2359593 
Dasyuridae_Sminthopsis_macroura              0.1427112 0.1395337 0.1191047 0.1356953 0.1350193 0.0404856 0.1248205 0.1327304 0.1297155 0.1309781 0.1312216 0.0000000 0.1261738 0.1608433 0.0387196 0.1202192 0.1502812 0.1346903 0.1977679 0.1503445 0.1479532 0.1308439 0.1248166 0.1353846 0.1289405 0.1380399 0.1270927 0.1341201 0.0397240 0.1345541 0.0329867 0.0335676 0.0299526 0.0378042 0.1645543 0.1056815 0.1056815 
Phalangeridae_Phalanger_orientalis           0.0722960 0.1117710 0.0682362 0.0691494 0.0707001 0.1255006 0.0288678 0.0198006 0.0675271 0.1099194 0.0137861 0.1261738 0.0000000 0.1011344 0.1203726 0.1027610 0.0784011 0.0773331 0.1650207 0.1182867 0.0863324 0.0953462 0.0725420 0.0661253 0.0769729 0.0751714 0.0075258 0.1060337 0.1184673 0.1123800 0.1275079 0.1308499 0.1304957 0.1356205 0.0973239 0.2313774 0.2313774 
Acrobatidae_Acrobates_pygmaeus               0.1200346 0.1554447 0.1070774 0.1104071 0.1096393 0.1672777 0.1025605 0.1065470 0.1093126 0.1595309 0.0997393 0.1608433 0.1011344 0.0000000 0.1640154 0.1491575 0.1309307 0.0997266 0.1936528 0.1599451 0.1266357 0.1373923 0.0949661 0.1108735 0.1015532 0.0781181 0.1009982 0.1524091 0.1617830 0.1637894 0.1448654 0.1449011 0.1454946 0.1443792 0.1113471 0.2581168 0.2581168 
Dasyuridae_Sarcophilus_harrisii              0.1396963 0.1357722 0.1146489 0.1315748 0.1309495 0.0100000 0.1242448 0.1253717 0.1246204 0.1290715 0.1273157 0.0387196 0.1203726 0.1640154 0.0000000 0.1189202 0.1486114 0.1356630 0.1938873 0.1492509 0.1390992 0.1216021 0.1230416 0.1266188 0.1267640 0.1360094 0.1207272 0.1289772 0.0096661 0.1318189 0.0252999 0.0234034 0.0321931 0.0267868 0.1640830 0.1044317 0.1044317 
Peramelidae_Echymipera_kalubu                0.1177672 0.1204383 0.0943434 0.1098081 0.1086277 0.1233572 0.1013196 0.1070495 0.1074797 0.0239331 0.1049061 0.1202192 0.1027610 0.1491575 0.1189202 0.0000000 0.1264327 0.1259054 0.1710318 0.1218634 0.1249593 0.1075342 0.1157584 0.1102104 0.1204158 0.1248650 0.1021114 0.0221051 0.1226361 0.0244483 0.1261218 0.1261836 0.1278525 0.1327535 0.1488621 0.2254044 0.2254044 
Macropodidae_Dorcopsulus_vanheurni           0.1033820 0.1464943 0.0904410 0.0444710 0.0439781 0.1555950 0.0844157 0.0815665 0.0429939 0.1336281 0.0820235 0.1502812 0.0784011 0.1309307 0.1486114 0.1264327 0.0000000 0.1036978 0.1899080 0.1432930 0.0646894 0.1249507 0.0984171 0.0303059 0.0992134 0.1045434 0.0828743 0.1338551 0.1513639 0.1344934 0.1640364 0.1642128 0.1653617 0.1754812 0.1460681 0.2259514 0.2259514 
Pseudochiridae_Pseudochirulus_forbesi        0.1008424 0.1246425 0.0816747 0.0823481 0.0873712 0.1405894 0.0777319 0.0766776 0.0865375 0.1333549 0.0790602 0.1346903 0.0773331 0.0997266 0.1356630 0.1259054 0.1036978 0.0000000 0.1780632 0.1279397 0.1047786 0.1120062 0.0475209 0.0886464 0.0207204 0.0858754 0.0788938 0.1305626 0.1326387 0.1371571 0.1450240 0.1467075 0.1433119 0.1554352 0.0992172 0.2881714 0.2881714 
Didelphidae_Didelphis_virginiana             0.1843804 0.1875971 0.1561273 0.1735460 0.1733277 0.1913718 0.1678706 0.1697059 0.1744692 0.1819722 0.1706023 0.1977679 0.1650207 0.1936528 0.1938873 0.1710318 0.1899080 0.1780632 0.0000000 0.0748742 0.1906339 0.1639997 0.1775406 0.1751713 0.1760613 0.1815143 0.1609432 0.1775381 0.1986524 0.1840208 0.1829663 0.1849051 0.1863755 0.1881852 0.1817001 0.2772187 0.2772187 
Marmosidae_Monodelphis_domestica             0.1406110 0.1387550 0.1073015 0.1242641 0.1270797 0.1558036 0.1163826 0.1246076 0.1270549 0.1308776 0.1215532 0.1503445 0.1182867 0.1599451 0.1492509 0.1218634 0.1432930 0.1279397 0.0748742 0.0000000 0.1371729 0.1238280 0.1260062 0.1256072 0.1253345 0.1369230 0.1151872 0.1314537 0.1516081 0.1335400 0.1625498 0.1661870 0.1618650 0.1693155 0.1583187 0.3152557 0.3152557 
Hypsiprymnodontidae_Hypsiprymnodon_moschatus 0.1058110 0.1384679 0.0935267 0.0591082 0.0606050 0.1473125 0.0837046 0.0879176 0.0596092 0.1288442 0.0854490 0.1479532 0.0863324 0.1266357 0.1390992 0.1249593 0.0646894 0.1047786 0.1906339 0.1371729 0.0000000 0.1289461 0.0927518 0.0534350 0.0981533 0.1028272 0.0868536 0.1318290 0.1451448 0.1308675 0.1565372 0.1540063 0.1589795 0.1620209 0.1408448 0.2292254 0.2292254 
Microbiotheriidae_Dromiciops_gliroides       0.1204666 0.1242690 0.0964981 0.1109066 0.1106963 0.1282839 0.0932872 0.1010350 0.1116723 0.1161379 0.0990802 0.1308439 0.0953462 0.1373923 0.1216021 0.1075342 0.1249507 0.1120062 0.1639997 0.1238280 0.1289461 0.0000000 0.1030991 0.1029355 0.1126653 0.1150931 0.0962440 0.1099633 0.1251554 0.1195393 0.1276173 0.1327363 0.1296333 0.1376896 0.1446478 0.2111680 0.2111680 
Pseudochiridae_Petauroides_volans            0.0955862 0.1270186 0.0758807 0.0826775 0.0846813 0.1283701 0.0716391 0.0706706 0.0817781 0.1195592 0.0716496 0.1248166 0.0725420 0.0949661 0.1230416 0.1157584 0.0984171 0.0475209 0.1775406 0.1260062 0.0927518 0.1030991 0.0000000 0.0794619 0.0436477 0.0789251 0.0702648 0.1205091 0.1235549 0.1226882 0.1323363 0.1323670 0.1382285 0.1404283 0.0913283 0.2529503 0.2529503 
Macropodidae_Wallabia_bicolor                0.0882332 0.1295409 0.0776191 0.0281732 0.0290346 0.1323115 0.0648055 0.0665028 0.0276594 0.1174148 0.0665873 0.1353846 0.0661253 0.1108735 0.1266188 0.1102104 0.0303059 0.0886464 0.1751713 0.1256072 0.0534350 0.1029355 0.0794619 0.0000000 0.0834049 0.0890731 0.0664780 0.1190978 0.1331238 0.1187352 0.1378511 0.1377162 0.1400847 0.1464090 0.1167762 0.2176290 0.2176290 
Pseudochiridae_Pseudocheirus_occidentalis    0.0981960 0.1287080 0.0760206 0.0831024 0.0871945 0.1317692 0.0764136 0.0764744 0.0837884 0.1289042 0.0782347 0.1289405 0.0769729 0.1015532 0.1267640 0.1204158 0.0992134 0.0207204 0.1760613 0.1253345 0.0981533 0.1126653 0.0436477 0.0834049 0.0000000 0.0836606 0.0786531 0.1305305 0.1280778 0.1321198 0.1395470 0.1412201 0.1428591 0.1497180 0.0998707 0.2784536 0.2784536 
Acrobatidae_Distoechurus_pennatus            0.0932605 0.1302550 0.0878953 0.0934005 0.0939147 0.1393041 0.0777421 0.0806458 0.0900810 0.1339658 0.0773794 0.1380399 0.0751714 0.0781181 0.1360094 0.1248650 0.1045434 0.0858754 0.1815143 0.1369230 0.1028272 0.1150931 0.0789251 0.0890731 0.0836606 0.0000000 0.0774417 0.1274285 0.1350412 0.1384852 0.1514388 0.1514772 0.1508819 0.1550208 0.1116457 0.2851433 0.2851433 
Phalangeridae_Phalanger_carmelitae           0.0732866 0.1079177 0.0671304 0.0712425 0.0717737 0.1268186 0.0278196 0.0197361 0.0666602 0.1086400 0.0124100 0.1270927 0.0075258 0.1009982 0.1207272 0.1021114 0.0828743 0.0788938 0.1609432 0.1151872 0.0868536 0.0962440 0.0702648 0.0664780 0.0786531 0.0774417 0.0000000 0.1088644 0.1206315 0.1100022 0.1293871 0.1327287 0.1330510 0.1360253 0.0961224 0.2400239 0.2400239 
Peramelidae_Peroryctes_raffrayana            0.1254915 0.1260088 0.1020138 0.1132110 0.1126190 0.1328436 0.1080302 0.1132621 0.1160655 0.0309259 0.1100831 0.1341201 0.1060337 0.1524091 0.1289772 0.0221051 0.1338551 0.1305626 0.1775381 0.1314537 0.1318290 0.1099633 0.1205091 0.1190978 0.1305305 0.1274285 0.1088644 0.0000000 0.1324736 0.0323806 0.1366723 0.1367416 0.1364784 0.1425760 0.1569840 0.2238755 0.2238755 
Dasyuridae_Dasyurus_geffroii                 0.1417701 0.1375489 0.1175447 0.1341823 0.1332201 0.0108803 0.1267782 0.1269801 0.1287709 0.1335421 0.1265942 0.0397240 0.1184673 0.1617830 0.0096661 0.1226361 0.1513639 0.1326387 0.1986524 0.1516081 0.1451448 0.1251554 0.1235549 0.1331238 0.1280778 0.1350412 0.1206315 0.1324736 0.0000000 0.1362540 0.0271285 0.0239812 0.0347656 0.0292675 0.1654978 0.1044317 0.1044317 
Peramelidae_Perameles_gunnii                 0.1317838 0.1311857 0.1039573 0.1171264 0.1139843 0.1366198 0.1111989 0.1166309 0.1140972 0.0037719 0.1150251 0.1345541 0.1123800 0.1637894 0.1318189 0.0244483 0.1344934 0.1371571 0.1840208 0.1335400 0.1308675 0.1195393 0.1226882 0.1187352 0.1321198 0.1384852 0.1100022 0.0323806 0.1362540 0.0000000 0.1377923 0.1367957 0.1395502 0.1462337 0.1633911 0.2034316 0.2034316 
Dasyuridae_Phascogale_tapoatafa              0.1524770 0.1416082 0.1222543 0.1432801 0.1432550 0.0272431 0.1332760 0.1355274 0.1357814 0.1342716 0.1361557 0.0329867 0.1275079 0.1448654 0.0252999 0.1261218 0.1640364 0.1450240 0.1829663 0.1625498 0.1565372 0.1276173 0.1323363 0.1378511 0.1395470 0.1514388 0.1293871 0.1366723 0.0271285 0.1377923 0.0000000 0.0052149 0.0307380 0.0118542 0.1630238 0.1315775 0.1315775 
Dasyuridae_Phascogale_calura                 0.1531506 0.1435888 0.1206841 0.1433538 0.1416332 0.0253244 0.1349864 0.1389408 0.1341776 0.1332819 0.1396415 0.0335676 0.1308499 0.1449011 0.0234034 0.1261836 0.1642128 0.1467075 0.1849051 0.1661870 0.1540063 0.1327363 0.1323670 0.1377162 0.1412201 0.1514772 0.1327287 0.1367416 0.0239812 0.1367957 0.0052149 0.0000000 0.0293908 0.0112358 0.1655505 0.1315775 0.1315775 
Dasyuridae_Planigale_tenuirostris            0.1531189 0.1480535 0.1226320 0.1435749 0.1425487 0.0375633 0.1338466 0.1372228 0.1358191 0.1354527 0.1391691 0.0299526 0.1304957 0.1454946 0.0321931 0.1278525 0.1653617 0.1433119 0.1863755 0.1618650 0.1589795 0.1296333 0.1382285 0.1400847 0.1428591 0.1508819 0.1330510 0.1364784 0.0347656 0.1395502 0.0307380 0.0293908 0.0000000 0.0322741 0.1713731 0.1073178 0.1073178 
Dasyuridae_Antechinus_stuartii               0.1579467 0.1464325 0.1253608 0.1494072 0.1493789 0.0306615 0.1388935 0.1421530 0.1417398 0.1426204 0.1424977 0.0378042 0.1356205 0.1443792 0.0267868 0.1327535 0.1754812 0.1554352 0.1881852 0.1693155 0.1620209 0.1376896 0.1404283 0.1464090 0.1497180 0.1550208 0.1360253 0.1425760 0.0292675 0.1462337 0.0118542 0.0112358 0.0322741 0.0000000 0.1716114 0.1549832 0.1549832 
Tarsipedidae_Tarsipes_rostratus              0.1208652 0.1454582 0.1064163 0.1196992 0.1184501 0.1679612 0.0923183 0.0954722 0.1147561 0.1609468 0.1000041 0.1645543 0.0973239 0.1113471 0.1640830 0.1488621 0.1460681 0.0992172 0.1817001 0.1583187 0.1408448 0.1446478 0.0913283 0.1167762 0.0998707 0.1116457 0.0961224 0.1569840 0.1654978 0.1633911 0.1630238 0.1655505 0.1713731 0.1716114 0.0000000 0.2962503 0.2962503 
Myrmecobiidae_Myrmecobius_fasciatus1         0.2166673 0.2580846 0.1792084 0.2096277 0.2096277 0.0982454 0.2343350 0.2456303 0.2012956 0.2034316 0.2359593 0.1056815 0.2313774 0.2581168 0.1044317 0.2254044 0.2259514 0.2881714 0.2772187 0.3152557 0.2292254 0.2111680 0.2529503 0.2176290 0.2784536 0.2851433 0.2400239 0.2238755 0.1044317 0.2034316 0.1315775 0.1315775 0.1073178 0.1549832 0.2962503 0.0000000 0.0000010 
Myrmecobiidae_Myrmecobius_fasciatus2         0.2166673 0.2580846 0.1792084 0.2096277 0.2096277 0.0982454 0.2343350 0.2456303 0.2012956 0.2034316 0.2359593 0.1056815 0.2313774 0.2581168 0.1044317 0.2254044 0.2259514 0.2881714 0.2772187 0.3152557 0.2292254 0.2111680 0.2529503 0.2176290 0.2784536 0.2851433 0.2400239 0.2238755 0.1044317 0.2034316 0.1315775 0.1315775 0.1073178 0.1549832 0.2962503 0.0000010 0.0000000 
