35
Burramyidae_Burramys_parvus                  0.0000000 0.0735106 0.0467288 0.0404983 0.0399815 0.0569653 0.0314423 0.0363417 0.0426952 0.0627253 0.0346983 0.0608760 0.0635159 0.0355478 0.0436680 0.0595776 0.0556387 0.0566468 0.0654405 0.0435030 0.0405317 0.0796346 0.0806840 0.0559389 0.0428241 0.0522626 0.0353180 0.0455170 0.0424166 0.0495715 0.0493437 0.0359906 0.0640301 0.0583401 0.0634994 
Notoryctidae_Notoryctes_typhlops             0.0735106 0.0000000 0.0756184 0.0741482 0.0737397 0.0673288 0.0674980 0.0750312 0.0777114 0.0826088 0.0669924 0.0742993 0.0742192 0.0718381 0.0792830 0.0740888 0.0663166 0.0709537 0.0864621 0.0800095 0.0779810 0.1030294 0.1005644 0.0734680 0.0725366 0.0744498 0.0696972 0.0804194 0.0806377 0.0850873 0.0911127 0.0706863 0.0839249 0.0673182 0.0836935 
Vombatidae_Lasiorhinus_latifrons             0.0467288 0.0756184 0.0000000 0.0461558 0.0468599 0.0564013 0.0366484 0.0437428 0.0484191 0.0595944 0.0383139 0.0609684 0.0631302 0.0432516 0.0509603 0.0588862 0.0547296 0.0575647 0.0631926 0.0533829 0.0461224 0.0785873 0.0834236 0.0581226 0.0497456 0.0486434 0.0435252 0.0515104 0.0457299 0.0523631 0.0567298 0.0415825 0.0603525 0.0577750 0.0603263 
Potoroidae_Bettongia_penicillata             0.0404983 0.0741482 0.0461558 0.0000000 0.0020937 0.0555106 0.0352585 0.0380578 0.0068070 0.0636356 0.0350689 0.0585708 0.0601258 0.0361220 0.0450457 0.0577783 0.0556978 0.0544922 0.0700403 0.0124013 0.0379213 0.0840679 0.0873466 0.0578365 0.0242910 0.0526440 0.0355377 0.0156732 0.0386809 0.0500496 0.0522649 0.0365640 0.0662290 0.0570373 0.0636228 
Potoroidae_Bettongia_lesueur                 0.0399815 0.0737397 0.0468599 0.0020937 0.0000000 0.0553060 0.0337933 0.0373046 0.0059646 0.0631170 0.0346054 0.0567627 0.0603522 0.0354159 0.0449807 0.0565895 0.0543221 0.0537858 0.0695743 0.0113128 0.0382158 0.0841410 0.0867787 0.0563389 0.0245984 0.0531976 0.0364140 0.0141357 0.0400493 0.0510875 0.0536684 0.0358532 0.0653633 0.0559468 0.0630634 
Dasyuridae_Dasyurus_maculatus                0.0569653 0.0673288 0.0564013 0.0555106 0.0553060 0.0000000 0.0491532 0.0554605 0.0587471 0.0629659 0.0520512 0.0081128 0.0144583 0.0546146 0.0605232 0.0074364 0.0022873 0.0107392 0.0666422 0.0580288 0.0571718 0.0819083 0.0819428 0.0072650 0.0539031 0.0570363 0.0531353 0.0588719 0.0614232 0.0640169 0.0685005 0.0519537 0.0649970 0.0019533 0.0637317 
Phalangeridae_Trichosurus_vulpecula          0.0314423 0.0674980 0.0366484 0.0352585 0.0337933 0.0491532 0.0000000 0.0134662 0.0365790 0.0576888 0.0125351 0.0516410 0.0578789 0.0141466 0.0389306 0.0514683 0.0478623 0.0500851 0.0612535 0.0390659 0.0341730 0.0746715 0.0750446 0.0517505 0.0357080 0.0444008 0.0314822 0.0402228 0.0327330 0.0415886 0.0466022 0.0140886 0.0589575 0.0500829 0.0584068 
Phalangeridae_Spilocuscus_maculatus          0.0363417 0.0750312 0.0437428 0.0380578 0.0373046 0.0554605 0.0134662 0.0000000 0.0395653 0.0602210 0.0084491 0.0581958 0.0639304 0.0089477 0.0442244 0.0570628 0.0541316 0.0576174 0.0655982 0.0412089 0.0379948 0.0787825 0.0787111 0.0578185 0.0391746 0.0484283 0.0340950 0.0427019 0.0393711 0.0471316 0.0529856 0.0091089 0.0630369 0.0571089 0.0607164 
Potoroidae_Aepyprymnus_rufescens             0.0426952 0.0777114 0.0484191 0.0068070 0.0059646 0.0587471 0.0365790 0.0395653 0.0000000 0.0674469 0.0371129 0.0608087 0.0634939 0.0373406 0.0474018 0.0607166 0.0570650 0.0562680 0.0734443 0.0136499 0.0420479 0.0873310 0.0913173 0.0598141 0.0260248 0.0546506 0.0393901 0.0155113 0.0444462 0.0536483 0.0566848 0.0382495 0.0697660 0.0594080 0.0683012 
Peramelidae_Perameles_nasuta                 0.0627253 0.0826088 0.0595944 0.0636356 0.0631170 0.0629659 0.0576888 0.0602210 0.0674469 0.0000000 0.0589076 0.0636861 0.0667143 0.0611349 0.0695578 0.0639549 0.0606862 0.0630990 0.0094110 0.0695357 0.0622107 0.0941579 0.0994396 0.0621857 0.0679214 0.0637058 0.0633611 0.0715255 0.0698648 0.0707790 0.0703656 0.0586751 0.0067249 0.0636551 0.0004875 
Phalangeridae_Strigocuscus_pelengensis       0.0346983 0.0669924 0.0383139 0.0350689 0.0346054 0.0520512 0.0125351 0.0084491 0.0371129 0.0589076 0.0000000 0.0555102 0.0620531 0.0084776 0.0432729 0.0547327 0.0510298 0.0534227 0.0644715 0.0385933 0.0350972 0.0765410 0.0746510 0.0558104 0.0373401 0.0460347 0.0321713 0.0411905 0.0364359 0.0442494 0.0505756 0.0084547 0.0614740 0.0534237 0.0595853 
Dasyuridae_Phascogale_tapoatafa              0.0608760 0.0742993 0.0609684 0.0585708 0.0567627 0.0081128 0.0516410 0.0581958 0.0608087 0.0636861 0.0555102 0.0000000 0.0166418 0.0558469 0.0641439 0.0044481 0.0073431 0.0127614 0.0673399 0.0592197 0.0600834 0.0879899 0.0867051 0.0073791 0.0554281 0.0600064 0.0556344 0.0599725 0.0654552 0.0678157 0.0728266 0.0539618 0.0652009 0.0083065 0.0644883 
Dasyuridae_Sminthopsis_macroura              0.0635159 0.0742192 0.0631302 0.0601258 0.0603522 0.0144583 0.0578789 0.0639304 0.0634939 0.0667143 0.0620531 0.0166418 0.0000000 0.0621252 0.0670875 0.0158545 0.0135701 0.0107234 0.0715649 0.0644423 0.0609424 0.0871068 0.0856332 0.0158343 0.0610994 0.0649625 0.0573025 0.0646671 0.0658760 0.0716921 0.0744047 0.0595306 0.0684817 0.0148963 0.0673972 
Phalangeridae_Phalanger_orientalis           0.0355478 0.0718381 0.0432516 0.0361220 0.0354159 0.0546146 0.0141466 0.0089477 0.0373406 0.0611349 0.0084776 0.0558469 0.0621252 0.0000000 0.0447096 0.0559912 0.0533167 0.0556772 0.0657642 0.0401557 0.0369471 0.0800083 0.0805382 0.0566768 0.0390363 0.0490607 0.0338326 0.0409584 0.0390048 0.0460262 0.0521406 0.0038323 0.0625768 0.0559526 0.0616148 
Acrobatidae_Acrobates_pygmaeus               0.0436680 0.0792830 0.0509603 0.0450457 0.0449807 0.0605232 0.0389306 0.0442244 0.0474018 0.0695578 0.0432729 0.0641439 0.0670875 0.0447096 0.0000000 0.0630849 0.0594565 0.0626466 0.0745822 0.0503789 0.0401939 0.0844141 0.0843566 0.0619811 0.0480557 0.0584829 0.0382081 0.0511482 0.0449638 0.0509261 0.0320929 0.0424369 0.0688016 0.0625532 0.0701419 
Dasyuridae_Phascogale_calura                 0.0595776 0.0740888 0.0588862 0.0577783 0.0565895 0.0074364 0.0514683 0.0570628 0.0607166 0.0639549 0.0547327 0.0044481 0.0158545 0.0559912 0.0630849 0.0000000 0.0066674 0.0122532 0.0687234 0.0584453 0.0590453 0.0855207 0.0868866 0.0065155 0.0564206 0.0596328 0.0549620 0.0592477 0.0662558 0.0689057 0.0715356 0.0531901 0.0671395 0.0078211 0.0646292 
Dasyuridae_Sarcophilus_harrisii              0.0556387 0.0663166 0.0547296 0.0556978 0.0543221 0.0022873 0.0478623 0.0541316 0.0570650 0.0606862 0.0510298 0.0073431 0.0135701 0.0533167 0.0594565 0.0066674 0.0000000 0.0099066 0.0643198 0.0576752 0.0557579 0.0806452 0.0807755 0.0068883 0.0535782 0.0546281 0.0517496 0.0578617 0.0609330 0.0638693 0.0676720 0.0506497 0.0627315 0.0026253 0.0614480 
Dasyuridae_Planigale_tenuirostris            0.0566468 0.0709537 0.0575647 0.0544922 0.0537858 0.0107392 0.0500851 0.0576174 0.0562680 0.0630990 0.0534227 0.0127614 0.0107234 0.0556772 0.0626466 0.0122532 0.0099066 0.0000000 0.0672057 0.0571866 0.0566541 0.0841570 0.0821020 0.0120163 0.0543223 0.0552457 0.0528268 0.0572775 0.0604419 0.0659821 0.0688530 0.0530698 0.0662618 0.0111564 0.0633737 
Peramelidae_Echymipera_kalubu                0.0654405 0.0864621 0.0631926 0.0700403 0.0695743 0.0666422 0.0612535 0.0655982 0.0734443 0.0094110 0.0644715 0.0673399 0.0715649 0.0657642 0.0745822 0.0687234 0.0643198 0.0672057 0.0000000 0.0768236 0.0661805 0.0980703 0.1027155 0.0655718 0.0724340 0.0691313 0.0672866 0.0777070 0.0742729 0.0750896 0.0741271 0.0641276 0.0067155 0.0666376 0.0097507 
Macropodidae_Dorcopsulus_vanheurni           0.0435030 0.0800095 0.0533829 0.0124013 0.0113128 0.0580288 0.0390659 0.0412089 0.0136499 0.0695357 0.0385933 0.0592197 0.0644423 0.0401557 0.0503789 0.0584453 0.0576752 0.0571866 0.0768236 0.0000000 0.0428697 0.0872972 0.0896389 0.0587440 0.0271892 0.0554957 0.0408260 0.0102458 0.0436144 0.0546084 0.0578063 0.0402259 0.0718412 0.0586516 0.0699277 
Pseudochiridae_Pseudochirulus_forbesi        0.0405317 0.0779810 0.0461224 0.0379213 0.0382158 0.0571718 0.0341730 0.0379948 0.0420479 0.0622107 0.0350972 0.0600834 0.0609424 0.0369471 0.0401939 0.0590453 0.0557579 0.0566541 0.0661805 0.0428697 0.0000000 0.0797914 0.0794767 0.0585116 0.0415479 0.0495440 0.0186595 0.0433925 0.0126327 0.0394567 0.0485264 0.0359567 0.0627039 0.0584400 0.0620289 
Didelphidae_Didelphis_virginiana             0.0796346 0.1030294 0.0785873 0.0840679 0.0841410 0.0819083 0.0746715 0.0787825 0.0873310 0.0941579 0.0765410 0.0879899 0.0871068 0.0800083 0.0844141 0.0855207 0.0806452 0.0841570 0.0980703 0.0872972 0.0797914 0.0000000 0.0221666 0.0858241 0.0807479 0.0865087 0.0797420 0.0900531 0.0802616 0.0890171 0.0940603 0.0778244 0.0964519 0.0840422 0.0957270 
Marmosidae_Monodelphis_domestica             0.0806840 0.1005644 0.0834236 0.0873466 0.0867787 0.0819428 0.0750446 0.0787111 0.0913173 0.0994396 0.0746510 0.0867051 0.0856332 0.0805382 0.0843566 0.0868866 0.0807755 0.0821020 0.1027155 0.0896389 0.0794767 0.0221666 0.0000000 0.0848901 0.0824010 0.0853381 0.0791072 0.0927753 0.0815072 0.0900478 0.0936697 0.0784241 0.0989250 0.0835380 0.1002305 
Dasyuridae_Antechinus_stuartii               0.0559389 0.0734680 0.0581226 0.0578365 0.0563389 0.0072650 0.0517505 0.0578185 0.0598141 0.0621857 0.0558104 0.0073791 0.0158343 0.0566768 0.0619811 0.0065155 0.0068883 0.0120163 0.0655718 0.0587440 0.0585116 0.0858241 0.0848901 0.0000000 0.0556016 0.0584474 0.0547230 0.0598729 0.0641503 0.0681847 0.0693576 0.0540070 0.0646635 0.0082176 0.0623567 
Hypsiprymnodontidae_Hypsiprymnodon_moschatus 0.0428241 0.0725366 0.0497456 0.0242910 0.0245984 0.0539031 0.0357080 0.0391746 0.0260248 0.0679214 0.0373401 0.0554281 0.0610994 0.0390363 0.0480557 0.0564206 0.0535782 0.0543223 0.0724340 0.0271892 0.0415479 0.0807479 0.0824010 0.0556016 0.0000000 0.0497266 0.0393965 0.0272466 0.0429195 0.0535303 0.0569279 0.0376081 0.0691848 0.0545424 0.0687846 
Microbiotheriidae_Dromiciops_gliroides       0.0522626 0.0744498 0.0486434 0.0526440 0.0531976 0.0570363 0.0444008 0.0484283 0.0546506 0.0637058 0.0460347 0.0600064 0.0649625 0.0490607 0.0584829 0.0596328 0.0546281 0.0552457 0.0691313 0.0554957 0.0495440 0.0865087 0.0853381 0.0584474 0.0497266 0.0000000 0.0446544 0.0567472 0.0553325 0.0611325 0.0666878 0.0481087 0.0668698 0.0576255 0.0650977 
Pseudochiridae_Petauroides_volans            0.0353180 0.0696972 0.0435252 0.0355377 0.0364140 0.0531353 0.0314822 0.0340950 0.0393901 0.0633611 0.0321713 0.0556344 0.0573025 0.0338326 0.0382081 0.0549620 0.0517496 0.0528268 0.0672866 0.0408260 0.0186595 0.0797420 0.0791072 0.0547230 0.0393965 0.0446544 0.0000000 0.0421695 0.0202619 0.0358989 0.0451294 0.0339978 0.0639416 0.0550784 0.0635017 
Macropodidae_Wallabia_bicolor                0.0455170 0.0804194 0.0515104 0.0156732 0.0141357 0.0588719 0.0402228 0.0427019 0.0155113 0.0715255 0.0411905 0.0599725 0.0646671 0.0409584 0.0511482 0.0592477 0.0578617 0.0572775 0.0777070 0.0102458 0.0433925 0.0900531 0.0927753 0.0598729 0.0272466 0.0567472 0.0421695 0.0000000 0.0452392 0.0572694 0.0605418 0.0411013 0.0732221 0.0595165 0.0719178 
Pseudochiridae_Pseudocheirus_occidentalis    0.0424166 0.0806377 0.0457299 0.0386809 0.0400493 0.0614232 0.0327330 0.0393711 0.0444462 0.0698648 0.0364359 0.0654552 0.0658760 0.0390048 0.0449638 0.0662558 0.0609330 0.0604419 0.0742729 0.0436144 0.0126327 0.0802616 0.0815072 0.0641503 0.0429195 0.0553325 0.0202619 0.0452392 0.0000000 0.0433042 0.0541722 0.0378225 0.0708787 0.0639171 0.0698207 
Tarsipedidae_Tarsipes_rostratus              0.0495715 0.0850873 0.0523631 0.0500496 0.0510875 0.0640169 0.0415886 0.0471316 0.0536483 0.0707790 0.0442494 0.0678157 0.0716921 0.0460262 0.0509261 0.0689057 0.0638693 0.0659821 0.0750896 0.0546084 0.0394567 0.0890171 0.0900478 0.0681847 0.0535303 0.0611325 0.0358989 0.0572694 0.0433042 0.0000000 0.0563097 0.0442409 0.0708778 0.0660319 0.0715627 
Acrobatidae_Distoechurus_pennatus            0.0493437 0.0911127 0.0567298 0.0522649 0.0536684 0.0685005 0.0466022 0.0529856 0.0566848 0.0703656 0.0505756 0.0728266 0.0744047 0.0521406 0.0320929 0.0715356 0.0676720 0.0688530 0.0741271 0.0578063 0.0485264 0.0940603 0.0936697 0.0693576 0.0569279 0.0666878 0.0451294 0.0605418 0.0541722 0.0563097 0.0000000 0.0511187 0.0703107 0.0702226 0.0713141 
Phalangeridae_Phalanger_carmelitae           0.0359906 0.0706863 0.0415825 0.0365640 0.0358532 0.0519537 0.0140886 0.0091089 0.0382495 0.0586751 0.0084547 0.0539618 0.0595306 0.0038323 0.0424369 0.0531901 0.0506497 0.0530698 0.0641276 0.0402259 0.0359567 0.0778244 0.0784241 0.0540070 0.0376081 0.0481087 0.0339978 0.0411013 0.0378225 0.0442409 0.0511187 0.0000000 0.0610950 0.0532390 0.0585853 
Peramelidae_Peroryctes_raffrayana            0.0640301 0.0839249 0.0603525 0.0662290 0.0653633 0.0649970 0.0589575 0.0630369 0.0697660 0.0067249 0.0614740 0.0652009 0.0684817 0.0625768 0.0688016 0.0671395 0.0627315 0.0662618 0.0067155 0.0718412 0.0627039 0.0964519 0.0989250 0.0646635 0.0691848 0.0668698 0.0639416 0.0732221 0.0708787 0.0708778 0.0703107 0.0610950 0.0000000 0.0653766 0.0070107 
Dasyuridae_Dasyurus_geffroii                 0.0583401 0.0673182 0.0577750 0.0570373 0.0559468 0.0019533 0.0500829 0.0571089 0.0594080 0.0636551 0.0534237 0.0083065 0.0148963 0.0559526 0.0625532 0.0078211 0.0026253 0.0111564 0.0666376 0.0586516 0.0584400 0.0840422 0.0835380 0.0082176 0.0545424 0.0576255 0.0550784 0.0595165 0.0639171 0.0660319 0.0702226 0.0532390 0.0653766 0.0000000 0.0644672 
Peramelidae_Perameles_gunnii                 0.0634994 0.0836935 0.0603263 0.0636228 0.0630634 0.0637317 0.0584068 0.0607164 0.0683012 0.0004875 0.0595853 0.0644883 0.0673972 0.0616148 0.0701419 0.0646292 0.0614480 0.0633737 0.0097507 0.0699277 0.0620289 0.0957270 0.1002305 0.0623567 0.0687846 0.0650977 0.0635017 0.0719178 0.0698207 0.0715627 0.0713141 0.0585853 0.0070107 0.0644672 0.0000000 
