35
Burramyidae_Burramys_parvus                  0.0000000 0.1068840 0.0570954 0.0663626 0.0692270 0.1019881 0.0606820 0.0622088 0.0673440 0.0993400 0.0641351 0.1037523 0.1033885 0.0597117 0.0551683 0.1046749 0.1021296 0.1020382 0.1042113 0.0680785 0.0776579 0.1270318 0.1204207 0.0988145 0.0636566 0.0894159 0.0601653 0.0658684 0.0763478 0.1194912 0.0602015 0.0608620 0.1060443 0.1034750 0.1012421 
Notoryctidae_Notoryctes_typhlops             0.1068840 0.0000000 0.0959370 0.1129005 0.1154877 0.1321387 0.1174404 0.1183460 0.1133723 0.1272029 0.1198477 0.1306289 0.1328294 0.1168905 0.1027847 0.1328464 0.1351318 0.1260873 0.1278088 0.1146877 0.1257712 0.1566224 0.1526773 0.1243350 0.1125276 0.1204614 0.1103344 0.1153843 0.1221626 0.1995702 0.1097160 0.1182264 0.1444051 0.1328613 0.1244891 
Vombatidae_Lasiorhinus_latifrons             0.0570954 0.0959370 0.0000000 0.0671419 0.0704153 0.0902515 0.0626826 0.0653824 0.0674606 0.0915857 0.0650260 0.0901222 0.0938402 0.0632336 0.0512069 0.0890549 0.0912303 0.0895521 0.0949124 0.0689012 0.0719518 0.1084897 0.1087413 0.0849260 0.0624934 0.0798613 0.0577295 0.0668021 0.0698660 0.1077366 0.0577113 0.0632362 0.0965211 0.0917349 0.0932218 
Potoroidae_Bettongia_penicillata             0.0663626 0.1129005 0.0671419 0.0000000 0.0061839 0.1113516 0.0697114 0.0709685 0.0138266 0.1028078 0.0698216 0.1111803 0.1129409 0.0680185 0.0653450 0.1116861 0.1128048 0.1085031 0.1060564 0.0280423 0.0824319 0.1356053 0.1292850 0.1056343 0.0492425 0.0965621 0.0691158 0.0269206 0.0812646 0.1353463 0.0759880 0.0698475 0.1080576 0.1119147 0.1034600 
Potoroidae_Bettongia_lesueur                 0.0692270 0.1154877 0.0704153 0.0061839 0.0000000 0.1130300 0.0698416 0.0718784 0.0164428 0.1025146 0.0699445 0.1133475 0.1155185 0.0681324 0.0673981 0.1138584 0.1144944 0.1103217 0.1058871 0.0311592 0.0830061 0.1359568 0.1286771 0.1072632 0.0519137 0.0980602 0.0716039 0.0300495 0.0814238 0.1382333 0.0781245 0.0711643 0.1108868 0.1135983 0.1036759 
Dasyuridae_Dasyurus_maculatus                0.1019881 0.1321387 0.0902515 0.1113516 0.1130300 0.0000000 0.1060607 0.1082778 0.1123748 0.1226348 0.1074317 0.0250343 0.0372060 0.1056012 0.0950496 0.0261091 0.0094230 0.0325930 0.1273487 0.1084344 0.1129470 0.1373303 0.1305152 0.0222293 0.1057320 0.1071333 0.1048368 0.1022070 0.1105166 0.1674956 0.1077594 0.1060788 0.1250130 0.0078088 0.1247948 
Phalangeridae_Trichosurus_vulpecula          0.0606820 0.1174404 0.0626826 0.0697114 0.0698416 0.1060607 0.0000000 0.0184149 0.0700422 0.1080045 0.0202239 0.1058469 0.1099784 0.0183652 0.0598719 0.1064783 0.1084285 0.1027293 0.1116456 0.0707800 0.0769790 0.1327749 0.1279945 0.1003626 0.0718185 0.0972905 0.0631828 0.0697575 0.0774746 0.1249117 0.0634527 0.0190042 0.1267713 0.1075112 0.1095488 
Phalangeridae_Spilocuscus_maculatus          0.0622088 0.1183460 0.0653824 0.0709685 0.0718784 0.1082778 0.0184149 0.0000000 0.0719155 0.1111471 0.0139699 0.1085671 0.1113196 0.0112669 0.0615222 0.1086064 0.1104515 0.1079916 0.1122171 0.0738920 0.0787751 0.1348584 0.1295946 0.1025424 0.0714581 0.0967088 0.0661816 0.0718124 0.0805262 0.1280435 0.0665481 0.0125503 0.1206535 0.1106726 0.1105952 
Potoroidae_Aepyprymnus_rufescens             0.0673440 0.1133723 0.0674606 0.0138266 0.0164428 0.1123748 0.0700422 0.0719155 0.0000000 0.1057133 0.0709198 0.1134213 0.1139787 0.0691157 0.0655876 0.1126127 0.1128673 0.1096485 0.1094884 0.0318175 0.0835187 0.1376260 0.1305644 0.1061003 0.0515042 0.0962150 0.0712961 0.0293581 0.0818249 0.1346162 0.0751374 0.0705907 0.1127730 0.1129431 0.1071092 
Peramelidae_Perameles_nasuta                 0.0993400 0.1272029 0.0915857 0.1028078 0.1025146 0.1226348 0.1080045 0.1111471 0.1057133 0.0000000 0.1066670 0.1234935 0.1270237 0.1060353 0.0997288 0.1230702 0.1256231 0.1198556 0.0183031 0.1042452 0.1188181 0.1428315 0.1374820 0.1173438 0.0977132 0.1046048 0.1030551 0.1025446 0.1132511 0.1667813 0.1068192 0.1070305 0.0192586 0.1249102 0.0013815 
Phalangeridae_Strigocuscus_pelengensis       0.0641351 0.1198477 0.0650260 0.0698216 0.0699445 0.1074317 0.0202239 0.0139699 0.0709198 0.1066670 0.0000000 0.1067707 0.1108481 0.0116861 0.0602975 0.1073512 0.1097501 0.1056070 0.1109402 0.0717021 0.0756744 0.1345012 0.1296529 0.1010073 0.0712636 0.0968146 0.0649246 0.0695704 0.0782465 0.1270075 0.0669821 0.0136258 0.1206712 0.1097667 0.1066131 
Dasyuridae_Phascogale_tapoatafa              0.1037523 0.1306289 0.0901222 0.1111803 0.1133475 0.0250343 0.1058469 0.1085671 0.1134213 0.1234935 0.1067707 0.0000000 0.0360160 0.1058246 0.0955319 0.0059884 0.0230188 0.0307251 0.1285330 0.1084367 0.1160107 0.1384100 0.1334242 0.0093280 0.1042091 0.1083389 0.1071645 0.1036902 0.1124752 0.1732765 0.1055152 0.1059156 0.1309099 0.0247293 0.1254937 
Dasyuridae_Sminthopsis_macroura              0.1033885 0.1328294 0.0938402 0.1129409 0.1155185 0.0372060 0.1099784 0.1113196 0.1139787 0.1270237 0.1108481 0.0360160 0.0000000 0.1094715 0.0970062 0.0371506 0.0372947 0.0288979 0.1299666 0.1128182 0.1204628 0.1480783 0.1412498 0.0332537 0.1096698 0.1158385 0.1070345 0.1074379 0.1167191 0.1651525 0.1065485 0.1102970 0.1339140 0.0375983 0.1293205 
Phalangeridae_Phalanger_orientalis           0.0597117 0.1168905 0.0632336 0.0680185 0.0681324 0.1056012 0.0183652 0.0112669 0.0691157 0.1060353 0.0116861 0.1058246 0.1094715 0.0000000 0.0598358 0.1063864 0.1078962 0.1040261 0.1100695 0.0717400 0.0764975 0.1338957 0.1285594 0.1002731 0.0724427 0.0941558 0.0641442 0.0681253 0.0786436 0.1224055 0.0655897 0.0061792 0.1186130 0.1078551 0.1071651 
Acrobatidae_Acrobates_pygmaeus               0.0551683 0.1027847 0.0512069 0.0653450 0.0673981 0.0950496 0.0598719 0.0615222 0.0655876 0.0997288 0.0602975 0.0955319 0.0970062 0.0598358 0.0000000 0.0949336 0.0985154 0.0941051 0.1032577 0.0695521 0.0618796 0.1180675 0.1098556 0.0894360 0.0638364 0.0801596 0.0467308 0.0668543 0.0594132 0.1023304 0.0259563 0.0612508 0.0996772 0.0964712 0.1029890 
Dasyuridae_Phascogale_calura                 0.1046749 0.1328464 0.0890549 0.1116861 0.1138584 0.0261091 0.1064783 0.1086064 0.1126127 0.1230702 0.1073512 0.0059884 0.0371506 0.1063864 0.0949336 0.0000000 0.0240726 0.0315196 0.1288223 0.1089403 0.1161594 0.1393346 0.1341221 0.0103266 0.1051478 0.1080703 0.1060221 0.1034193 0.1121594 0.1732496 0.1039855 0.1064782 0.1323401 0.0257909 0.1257756 
Dasyuridae_Sarcophilus_harrisii              0.1021296 0.1351318 0.0912303 0.1128048 0.1144944 0.0094230 0.1084285 0.1104515 0.1128673 0.1256231 0.1097501 0.0230188 0.0372947 0.1078962 0.0985154 0.0240726 0.0000000 0.0319024 0.1310669 0.1086992 0.1152108 0.1382974 0.1315722 0.0205560 0.1060819 0.1086412 0.1091260 0.1024161 0.1125250 0.1707042 0.1099410 0.1083800 0.1349920 0.0084745 0.1279284 
Dasyuridae_Planigale_tenuirostris            0.1020382 0.1260873 0.0895521 0.1085031 0.1103217 0.0325930 0.1027293 0.1079916 0.1096485 0.1198556 0.1056070 0.0307251 0.0288979 0.1040261 0.0941051 0.0315196 0.0319024 0.0000000 0.1261269 0.1053541 0.1205932 0.1458804 0.1394770 0.0273462 0.1002601 0.1071813 0.1045850 0.1009598 0.1151886 0.1721078 0.1023873 0.1032819 0.1377379 0.0319062 0.1235847 
Peramelidae_Echymipera_kalubu                0.1042113 0.1278088 0.0949124 0.1060564 0.1058871 0.1273487 0.1116456 0.1122171 0.1094884 0.0183031 0.1109402 0.1285330 0.1299666 0.1100695 0.1032577 0.1288223 0.1310669 0.1261269 0.0000000 0.1099665 0.1218923 0.1438209 0.1396387 0.1219274 0.1053513 0.1156468 0.1062718 0.1069062 0.1167183 0.1818699 0.1082147 0.1117857 0.0167896 0.1298895 0.0179386 
Macropodidae_Dorcopsulus_vanheurni           0.0680785 0.1146877 0.0689012 0.0280423 0.0311592 0.1084344 0.0707800 0.0738920 0.0318175 0.1042452 0.0717021 0.1084367 0.1128182 0.0717400 0.0695521 0.1089403 0.1086992 0.1053541 0.1099665 0.0000000 0.0845615 0.1336077 0.1315898 0.1022268 0.0491128 0.0966950 0.0727751 0.0119827 0.0812371 0.1355063 0.0791737 0.0732862 0.1165080 0.1106724 0.1077477 
Pseudochiridae_Pseudochirulus_forbesi        0.0776579 0.1257712 0.0719518 0.0824319 0.0830061 0.1129470 0.0769790 0.0787751 0.0835187 0.1188181 0.0756744 0.1160107 0.1204628 0.0764975 0.0618796 0.1161594 0.1152108 0.1205932 0.1218923 0.0845615 0.0000000 0.1390580 0.1274777 0.1125677 0.0783872 0.0991610 0.0384577 0.0820508 0.0184953 0.1130450 0.0688698 0.0755686 0.1194456 0.1165214 0.1222085 
Didelphidae_Didelphis_virginiana             0.1270318 0.1566224 0.1084897 0.1356053 0.1359568 0.1373303 0.1327749 0.1348584 0.1376260 0.1428315 0.1345012 0.1384100 0.1480783 0.1338957 0.1180675 0.1393346 0.1382974 0.1458804 0.1438209 0.1336077 0.1390580 0.0000000 0.0438260 0.1303595 0.1292942 0.1344168 0.1271857 0.1311951 0.1363146 0.2264159 0.1293482 0.1341334 0.1495114 0.1405571 0.1442417 
Marmosidae_Monodelphis_domestica             0.1204207 0.1526773 0.1087413 0.1292850 0.1286771 0.1305152 0.1279945 0.1295946 0.1305644 0.1374820 0.1296529 0.1334242 0.1412498 0.1285594 0.1098556 0.1341221 0.1315722 0.1394770 0.1396387 0.1315898 0.1274777 0.0438260 0.0000000 0.1246282 0.1217638 0.1281940 0.1195714 0.1282016 0.1230775 0.2091456 0.1214601 0.1287831 0.1448228 0.1326123 0.1401514 
Dasyuridae_Antechinus_stuartii               0.0988145 0.1243350 0.0849260 0.1056343 0.1072632 0.0222293 0.1003626 0.1025424 0.1061003 0.1173438 0.1010073 0.0093280 0.0332537 0.1002731 0.0894360 0.0103266 0.0205560 0.0273462 0.1219274 0.1022268 0.1125677 0.1303595 0.1246282 0.0000000 0.0980941 0.1020354 0.1003509 0.0960624 0.1085381 0.1649720 0.1022327 0.1004514 0.1248457 0.0219264 0.1193297 
Hypsiprymnodontidae_Hypsiprymnodon_moschatus 0.0636566 0.1125276 0.0624934 0.0492425 0.0519137 0.1057320 0.0718185 0.0714581 0.0515042 0.0977132 0.0712636 0.1042091 0.1096698 0.0724427 0.0638364 0.1051478 0.1060819 0.1002601 0.1053513 0.0491128 0.0783872 0.1292942 0.1217638 0.0980941 0.0000000 0.0938061 0.0652432 0.0491662 0.0755041 0.1291233 0.0696900 0.0716097 0.1038057 0.1076564 0.1024967 
Microbiotheriidae_Dromiciops_gliroides       0.0894159 0.1204614 0.0798613 0.0965621 0.0980602 0.1071333 0.0972905 0.0967088 0.0962150 0.1046048 0.0968146 0.1083389 0.1158385 0.0941558 0.0801596 0.1080703 0.1086412 0.1071813 0.1156468 0.0966950 0.0991610 0.1344168 0.1281940 0.1020354 0.0938061 0.0000000 0.0867543 0.0922084 0.0939320 0.1568205 0.0894556 0.0959118 0.1161481 0.1103951 0.1116469 
Pseudochiridae_Petauroides_volans            0.0601653 0.1103344 0.0577295 0.0691158 0.0716039 0.1048368 0.0631828 0.0661816 0.0712961 0.1030551 0.0649246 0.1071645 0.1070345 0.0641442 0.0467308 0.1060221 0.1091260 0.1045850 0.1062718 0.0727751 0.0384577 0.1271857 0.1195714 0.1003509 0.0652432 0.0867543 0.0000000 0.0710316 0.0393800 0.1018522 0.0576222 0.0640348 0.1089131 0.1078835 0.1065248 
Macropodidae_Wallabia_bicolor                0.0658684 0.1153843 0.0668021 0.0269206 0.0300495 0.1022070 0.0697575 0.0718124 0.0293581 0.1025446 0.0695704 0.1036902 0.1074379 0.0681253 0.0668543 0.1034193 0.1024161 0.1009598 0.1069062 0.0119827 0.0820508 0.1311951 0.1282016 0.0960624 0.0491662 0.0922084 0.0710316 0.0000000 0.0818428 0.1276074 0.0751009 0.0696696 0.1165137 0.1036298 0.1051762 
Pseudochiridae_Pseudocheirus_occidentalis    0.0763478 0.1221626 0.0698660 0.0812646 0.0814238 0.1105166 0.0774746 0.0805262 0.0818249 0.1132511 0.0782465 0.1124752 0.1167191 0.0786436 0.0594132 0.1121594 0.1125250 0.1151886 0.1167183 0.0812371 0.0184953 0.1363146 0.1230775 0.1085381 0.0755041 0.0939320 0.0393800 0.0818428 0.0000000 0.1067350 0.0697031 0.0780452 0.1179779 0.1130311 0.1160154 
Tarsipedidae_Tarsipes_rostratus              0.1194912 0.1995702 0.1077366 0.1353463 0.1382333 0.1674956 0.1249117 0.1280435 0.1346162 0.1667813 0.1270075 0.1732765 0.1651525 0.1224055 0.1023304 0.1732496 0.1707042 0.1721078 0.1818699 0.1355063 0.1130450 0.2264159 0.2091456 0.1649720 0.1291233 0.1568205 0.1018522 0.1276074 0.1067350 0.0000000 0.1161898 0.1247167 0.1300314 0.1646228 0.1860384 
Acrobatidae_Distoechurus_pennatus            0.0602015 0.1097160 0.0577113 0.0759880 0.0781245 0.1077594 0.0634527 0.0665481 0.0751374 0.1068192 0.0669821 0.1055152 0.1065485 0.0655897 0.0259563 0.1039855 0.1099410 0.1023873 0.1082147 0.0791737 0.0688698 0.1293482 0.1214601 0.1022327 0.0696900 0.0894556 0.0576222 0.0751009 0.0697031 0.1161898 0.0000000 0.0670180 0.1069208 0.1104970 0.1098681 
Phalangeridae_Phalanger_carmelitae           0.0608620 0.1182264 0.0632362 0.0698475 0.0711643 0.1060788 0.0190042 0.0125503 0.0705907 0.1070305 0.0136258 0.1059156 0.1102970 0.0061792 0.0612508 0.1064782 0.1083800 0.1032819 0.1117857 0.0732862 0.0755686 0.1341334 0.1287831 0.1004514 0.0716097 0.0959118 0.0640348 0.0696696 0.0780452 0.1247167 0.0670180 0.0000000 0.1198509 0.1074668 0.1080517 
Peramelidae_Peroryctes_raffrayana            0.1060443 0.1444051 0.0965211 0.1080576 0.1108868 0.1250130 0.1267713 0.1206535 0.1127730 0.0192586 0.1206712 0.1309099 0.1339140 0.1186130 0.0996772 0.1323401 0.1349920 0.1377379 0.0167896 0.1165080 0.1194456 0.1495114 0.1448228 0.1248457 0.1038057 0.1161481 0.1089131 0.1165137 0.1179779 0.1300314 0.1069208 0.1198509 0.0000000 0.1303024 0.0197629 
Dasyuridae_Dasyurus_geffroii                 0.1034750 0.1328613 0.0917349 0.1119147 0.1135983 0.0078088 0.1075112 0.1106726 0.1129431 0.1249102 0.1097667 0.0247293 0.0375983 0.1078551 0.0964712 0.0257909 0.0084745 0.0319062 0.1298895 0.1106724 0.1165214 0.1405571 0.1326123 0.0219264 0.1076564 0.1103951 0.1078835 0.1036298 0.1130311 0.1646228 0.1104970 0.1074668 0.1303024 0.0000000 0.1263588 
Peramelidae_Perameles_gunnii                 0.1012421 0.1244891 0.0932218 0.1034600 0.1036759 0.1247948 0.1095488 0.1105952 0.1071092 0.0013815 0.1066131 0.1254937 0.1293205 0.1071651 0.1029890 0.1257756 0.1279284 0.1235847 0.0179386 0.1077477 0.1222085 0.1442417 0.1401514 0.1193297 0.1024967 0.1116469 0.1065248 0.1051762 0.1160154 0.1860384 0.1098681 0.1080517 0.0197629 0.1263588 0.0000000 
