35
Burramyidae_Burramys_parvus                  0.0000000 0.0579367 0.0593067 0.0594396 0.0601276 0.1063988 0.0607239 0.0578262 0.0597328 0.0722742 0.0499670 0.0911309 0.1068033 0.0499688 0.0538969 0.1007152 0.1076228 0.0854007 0.0553983 0.0564203 0.1098277 0.1064322 0.1004222 0.0608637 0.0719128 0.0592684 0.0504476 0.0470619 0.0701469 0.0638794 0.0598155 0.0743937 0.1062638 0.0829339 0.0891220 
Notoryctidae_Notoryctes_typhlops             0.0579367 0.0000000 0.0480139 0.0552128 0.0539838 0.0735986 0.0596025 0.0598098 0.0518828 0.0504198 0.0518336 0.0602440 0.0717718 0.0494311 0.0437803 0.0630003 0.0735958 0.0557958 0.0498885 0.0489158 0.0840439 0.0806005 0.0649761 0.0516517 0.0496703 0.0429661 0.0466677 0.0447577 0.0567415 0.0494424 0.0508411 0.0473257 0.0721745 0.0499379 0.0538576 
Vombatidae_Lasiorhinus_latifrons             0.0593067 0.0480139 0.0000000 0.0531463 0.0560343 0.1027245 0.0664685 0.0621778 0.0572445 0.0613873 0.0512675 0.0846103 0.1027910 0.0497219 0.0523901 0.0986112 0.1001127 0.0782950 0.0549410 0.0553421 0.0940071 0.0931125 0.0981776 0.0551135 0.0643920 0.0527549 0.0476612 0.0383849 0.0651350 0.0624839 0.0643636 0.0601991 0.1025838 0.0768030 0.0890324 
Potoroidae_Bettongia_penicillata             0.0594396 0.0552128 0.0531463 0.0000000 0.0033172 0.1045119 0.0583899 0.0569106 0.0066220 0.0697161 0.0426311 0.0879027 0.1026850 0.0434033 0.0489207 0.0947894 0.1040427 0.0800905 0.0166130 0.0523537 0.0984259 0.0953190 0.0957822 0.0279441 0.0678061 0.0497417 0.0129344 0.0429908 0.0598644 0.0580152 0.0547004 0.0650889 0.1020274 0.0822593 0.0879693 
Potoroidae_Bettongia_lesueur                 0.0601276 0.0539838 0.0560343 0.0033172 0.0000000 0.1058972 0.0598308 0.0594907 0.0104292 0.0670841 0.0471699 0.0852655 0.1059141 0.0476390 0.0541179 0.0973021 0.1033244 0.0815176 0.0176485 0.0583817 0.0980539 0.0988216 0.0959164 0.0304159 0.0729276 0.0543225 0.0185489 0.0423971 0.0661266 0.0618127 0.0618684 0.0624624 0.1040910 0.0842072 0.0882708 
Dasyuridae_Dasyurus_maculatus                0.1063988 0.0735986 0.1027245 0.1045119 0.1058972 0.0000000 0.1119191 0.1051649 0.1065249 0.0872743 0.0924806 0.0130633 0.0204942 0.0951021 0.0994761 0.0145344 0.0056876 0.1069321 0.1052085 0.0938905 0.1188176 0.1143385 0.0132132 0.1071215 0.0910335 0.0963730 0.0949798 0.0820244 0.1077088 0.1045225 0.1066937 0.0799087 0.0049153 0.1048746 0.0166076 
Phalangeridae_Trichosurus_vulpecula          0.0607239 0.0596025 0.0664685 0.0583899 0.0598308 0.1119191 0.0000000 0.0177648 0.0603657 0.0752066 0.0280864 0.0940897 0.1108588 0.0314729 0.0608604 0.1065916 0.1124600 0.0873150 0.0573110 0.0597939 0.1072864 0.1054398 0.1055247 0.0606265 0.0770166 0.0595260 0.0517282 0.0489387 0.0746859 0.0667758 0.0225525 0.0726355 0.1118772 0.0883050 0.0951050 
Phalangeridae_Spilocuscus_maculatus          0.0578262 0.0598098 0.0621778 0.0569106 0.0594907 0.1051649 0.0177648 0.0000000 0.0595533 0.0786099 0.0170266 0.0910003 0.1047855 0.0190578 0.0586562 0.0999217 0.1041341 0.0906324 0.0546279 0.0595764 0.1024719 0.1031842 0.0985948 0.0639742 0.0715357 0.0559567 0.0523590 0.0523764 0.0716426 0.0656589 0.0129048 0.0743949 0.1044893 0.0901006 0.0871059 
Potoroidae_Aepyprymnus_rufescens             0.0597328 0.0518828 0.0572445 0.0066220 0.0104292 0.1065249 0.0603657 0.0595533 0.0000000 0.0679383 0.0467859 0.0846689 0.1069428 0.0461656 0.0521981 0.0962357 0.1056372 0.0827884 0.0199242 0.0545552 0.1041152 0.1027171 0.0974348 0.0321915 0.0704791 0.0538641 0.0134055 0.0408420 0.0624305 0.0594308 0.0591045 0.0632297 0.1047002 0.0838592 0.0896860 
Peramelidae_Perameles_nasuta                 0.0722742 0.0504198 0.0613873 0.0697161 0.0670841 0.0872743 0.0752066 0.0786099 0.0679383 0.0000000 0.0629166 0.0771250 0.0822610 0.0659475 0.0541337 0.0782138 0.0871337 0.0099703 0.0650911 0.0627946 0.0886300 0.0862195 0.0791162 0.0714496 0.0593409 0.0547416 0.0617831 0.0578854 0.0638729 0.0650667 0.0660866 0.0076547 0.0896249 0.0000010 0.0624195 
Phalangeridae_Strigocuscus_pelengensis       0.0499670 0.0518336 0.0512675 0.0426311 0.0471699 0.0924806 0.0280864 0.0170266 0.0467859 0.0629166 0.0000000 0.0815906 0.0929625 0.0089751 0.0488456 0.0905606 0.0924719 0.0759790 0.0445433 0.0526336 0.0895608 0.0896943 0.0865971 0.0498891 0.0624471 0.0478791 0.0413694 0.0404863 0.0616638 0.0518870 0.0172033 0.0618334 0.0921174 0.0778176 0.0803559 
Dasyuridae_Phascogale_tapoatafa              0.0911309 0.0602440 0.0846103 0.0879027 0.0852655 0.0130633 0.0940897 0.0910003 0.0846689 0.0771250 0.0815906 0.0000000 0.0153581 0.0833024 0.0820446 0.0022666 0.0133627 0.0925211 0.0821943 0.0806352 0.1111055 0.1032141 0.0053777 0.0884236 0.0742819 0.0760759 0.0781154 0.0746593 0.0891057 0.0853025 0.0901762 0.0747690 0.0130927 0.0865643 0.0152780 
Dasyuridae_Sminthopsis_macroura              0.1068033 0.0717718 0.1027910 0.1026850 0.1059141 0.0204942 0.1108588 0.1047855 0.1069428 0.0822610 0.0929625 0.0153581 0.0000000 0.0933974 0.1019015 0.0166348 0.0191823 0.1040049 0.1042311 0.0984421 0.1249788 0.1207828 0.0146938 0.1047120 0.0904028 0.0998530 0.0959519 0.0843548 0.1094654 0.1059795 0.1072824 0.0816835 0.0196976 0.1018018 0.0125999 
Phalangeridae_Phalanger_orientalis           0.0499688 0.0494311 0.0497219 0.0434033 0.0476390 0.0951021 0.0314729 0.0190578 0.0461656 0.0659475 0.0089751 0.0833024 0.0933974 0.0000000 0.0471452 0.0917438 0.0942685 0.0802714 0.0428182 0.0500425 0.0848542 0.0851166 0.0871552 0.0484542 0.0583754 0.0472229 0.0403696 0.0395146 0.0567940 0.0508986 0.0164035 0.0610716 0.0934188 0.0793310 0.0773852 
Acrobatidae_Acrobates_pygmaeus               0.0538969 0.0437803 0.0523901 0.0489207 0.0541179 0.0994761 0.0608604 0.0586562 0.0521981 0.0541337 0.0488456 0.0820446 0.1019015 0.0471452 0.0000000 0.0958464 0.0987846 0.0810428 0.0502537 0.0398204 0.0953151 0.0945682 0.0952973 0.0529759 0.0654310 0.0359647 0.0455598 0.0261854 0.0490100 0.0290584 0.0614200 0.0560811 0.0991334 0.0760411 0.0871733 
Dasyuridae_Phascogale_calura                 0.1007152 0.0630003 0.0986112 0.0947894 0.0973021 0.0145344 0.1065916 0.0999217 0.0962357 0.0782138 0.0905606 0.0022666 0.0166348 0.0917438 0.0958464 0.0000000 0.0141285 0.1025276 0.0979703 0.0901141 0.1188020 0.1146562 0.0057786 0.0985858 0.0850438 0.0932857 0.0882703 0.0757594 0.1015017 0.0982249 0.1063048 0.0766094 0.0145498 0.0968872 0.0150513 
Dasyuridae_Sarcophilus_harrisii              0.1076228 0.0735958 0.1001127 0.1040427 0.1033244 0.0056876 0.1124600 0.1041341 0.1056372 0.0871337 0.0924719 0.0133627 0.0191823 0.0942685 0.0987846 0.0141285 0.0000000 0.1026999 0.1022151 0.0958683 0.1213484 0.1150770 0.0140835 0.1058302 0.0888055 0.0950956 0.0944005 0.0836390 0.1078245 0.1049617 0.1051322 0.0816568 0.0043778 0.0994310 0.0172518 
Peramelidae_Echymipera_kalubu                0.0854007 0.0557958 0.0782950 0.0800905 0.0815176 0.1069321 0.0873150 0.0906324 0.0827884 0.0099703 0.0759790 0.0925211 0.1040049 0.0802714 0.0810428 0.1025276 0.1026999 0.0000000 0.0785239 0.0832018 0.1120405 0.1102418 0.0984761 0.0867957 0.0769611 0.0738383 0.0774672 0.0620848 0.0854700 0.0840474 0.0882394 0.0088107 0.1084975 0.0125150 0.0838089 
Macropodidae_Dorcopsulus_vanheurni           0.0553983 0.0498885 0.0549410 0.0166130 0.0176485 0.1052085 0.0573110 0.0546279 0.0199242 0.0650911 0.0445433 0.0821943 0.1042311 0.0428182 0.0502537 0.0979703 0.1022151 0.0785239 0.0000000 0.0531017 0.0979747 0.0983675 0.0959816 0.0283588 0.0643484 0.0509730 0.0127485 0.0385625 0.0608731 0.0581726 0.0564785 0.0611358 0.1029120 0.0817244 0.0844168 
Pseudochiridae_Pseudochirulus_forbesi        0.0564203 0.0489158 0.0553421 0.0523537 0.0583817 0.0938905 0.0597939 0.0595764 0.0545552 0.0627946 0.0526336 0.0806352 0.0984421 0.0500425 0.0398204 0.0901141 0.0958683 0.0832018 0.0531017 0.0000000 0.0980283 0.0970801 0.0880922 0.0575016 0.0675126 0.0230597 0.0475255 0.0096955 0.0461966 0.0463132 0.0563005 0.0634521 0.0963355 0.0842604 0.0830667 
Didelphidae_Didelphis_virginiana             0.1098277 0.0840439 0.0940071 0.0984259 0.0980539 0.1188176 0.1072864 0.1024719 0.1041152 0.0886300 0.0895608 0.1111055 0.1249788 0.0848542 0.0953151 0.1188020 0.1213484 0.1120405 0.0979747 0.0980283 0.0000000 0.0208332 0.1160958 0.1026685 0.0839936 0.0921656 0.0949506 0.0753972 0.1052969 0.1077007 0.1020073 0.0858871 0.1187294 0.1100411 0.1030438 
Marmosidae_Monodelphis_domestica             0.1064322 0.0806005 0.0931125 0.0953190 0.0988216 0.1143385 0.1054398 0.1031842 0.1027171 0.0862195 0.0896943 0.1032141 0.1207828 0.0851166 0.0945682 0.1146562 0.1150770 0.1102418 0.0983675 0.0970801 0.0208332 0.0000000 0.1121529 0.1006265 0.0858888 0.0958530 0.0930127 0.0741323 0.1049613 0.1084753 0.1037828 0.0862600 0.1158308 0.1103320 0.1000473 
Dasyuridae_Antechinus_stuartii               0.1004222 0.0649761 0.0981776 0.0957822 0.0959164 0.0132132 0.1055247 0.0985948 0.0974348 0.0791162 0.0865971 0.0053777 0.0146938 0.0871552 0.0952973 0.0057786 0.0140835 0.0984761 0.0959816 0.0880922 0.1160958 0.1121529 0.0000000 0.1003129 0.0859519 0.0918342 0.0884060 0.0751276 0.1016604 0.0978330 0.1018840 0.0757960 0.0142356 0.0964123 0.0146332 
Hypsiprymnodontidae_Hypsiprymnodon_moschatus 0.0608637 0.0516517 0.0551135 0.0279441 0.0304159 0.1071215 0.0606265 0.0639742 0.0321915 0.0714496 0.0498891 0.0884236 0.1047120 0.0484542 0.0529759 0.0985858 0.1058302 0.0867957 0.0283588 0.0575016 0.1026685 0.1006265 0.1003129 0.0000000 0.0706522 0.0560580 0.0255500 0.0436331 0.0676135 0.0601028 0.0617161 0.0691203 0.1074678 0.0902688 0.0886746 
Microbiotheriidae_Dromiciops_gliroides       0.0719128 0.0496703 0.0643920 0.0678061 0.0729276 0.0910335 0.0770166 0.0715357 0.0704791 0.0593409 0.0624471 0.0742819 0.0904028 0.0583754 0.0654310 0.0850438 0.0888055 0.0769611 0.0643484 0.0675126 0.0839936 0.0858888 0.0859519 0.0706522 0.0000000 0.0675011 0.0598190 0.0508445 0.0723194 0.0695283 0.0713584 0.0567689 0.0883699 0.0776100 0.0683780 
Pseudochiridae_Petauroides_volans            0.0592684 0.0429661 0.0527549 0.0497417 0.0543225 0.0963730 0.0595260 0.0559567 0.0538641 0.0547416 0.0478791 0.0760759 0.0998530 0.0472229 0.0359647 0.0932857 0.0950956 0.0738383 0.0509730 0.0230597 0.0921656 0.0958530 0.0918342 0.0560580 0.0675011 0.0000000 0.0458756 0.0128362 0.0448975 0.0439211 0.0560569 0.0558908 0.0972924 0.0731324 0.0848482 
Macropodidae_Wallabia_bicolor                0.0504476 0.0466677 0.0476612 0.0129344 0.0185489 0.0949798 0.0517282 0.0523590 0.0134055 0.0617831 0.0413694 0.0781154 0.0959519 0.0403696 0.0455598 0.0882703 0.0944005 0.0774672 0.0127485 0.0475255 0.0949506 0.0930127 0.0884060 0.0255500 0.0598190 0.0458756 0.0000000 0.0341584 0.0518680 0.0531033 0.0515602 0.0584205 0.0936623 0.0791042 0.0794946 
Pseudochiridae_Pseudocheirus_occidentalis    0.0470619 0.0447577 0.0383849 0.0429908 0.0423971 0.0820244 0.0489387 0.0523764 0.0408420 0.0578854 0.0404863 0.0746593 0.0843548 0.0395146 0.0261854 0.0757594 0.0836390 0.0620848 0.0385625 0.0096955 0.0753972 0.0741323 0.0751276 0.0436331 0.0508445 0.0128362 0.0341584 0.0000000 0.0339893 0.0320989 0.0403841 0.0552050 0.0850520 0.0584737 0.0676253 
Tarsipedidae_Tarsipes_rostratus              0.0701469 0.0567415 0.0651350 0.0598644 0.0661266 0.1077088 0.0746859 0.0716426 0.0624305 0.0638729 0.0616638 0.0891057 0.1094654 0.0567940 0.0490100 0.1015017 0.1078245 0.0854700 0.0608731 0.0461966 0.1052969 0.1049613 0.1016604 0.0676135 0.0723194 0.0448975 0.0518680 0.0339893 0.0000000 0.0570933 0.0678805 0.0690056 0.1069799 0.0875120 0.0913403 
Acrobatidae_Distoechurus_pennatus            0.0638794 0.0494424 0.0624839 0.0580152 0.0618127 0.1045225 0.0667758 0.0656589 0.0594308 0.0650667 0.0518870 0.0853025 0.1059795 0.0508986 0.0290584 0.0982249 0.1049617 0.0840474 0.0581726 0.0463132 0.1077007 0.1084753 0.0978330 0.0601028 0.0695283 0.0439211 0.0531033 0.0320989 0.0570933 0.0000000 0.0629217 0.0652070 0.1047836 0.0830517 0.0883153 
Phalangeridae_Phalanger_carmelitae           0.0598155 0.0508411 0.0643636 0.0547004 0.0618684 0.1066937 0.0225525 0.0129048 0.0591045 0.0660866 0.0172033 0.0901762 0.1072824 0.0164035 0.0614200 0.1063048 0.1051322 0.0882394 0.0564785 0.0563005 0.1020073 0.1037828 0.1018840 0.0617161 0.0713584 0.0560569 0.0515602 0.0403841 0.0678805 0.0629217 0.0000000 0.0620156 0.1055820 0.0866819 0.0924597 
Peramelidae_Peroryctes_raffrayana            0.0743937 0.0473257 0.0601991 0.0650889 0.0624624 0.0799087 0.0726355 0.0743949 0.0632297 0.0076547 0.0618334 0.0747690 0.0816835 0.0610716 0.0560811 0.0766094 0.0816568 0.0088107 0.0611358 0.0634521 0.0858871 0.0862600 0.0757960 0.0691203 0.0567689 0.0558908 0.0584205 0.0552050 0.0690056 0.0652070 0.0620156 0.0000000 0.0822395 0.0076547 0.0611958 
Dasyuridae_Dasyurus_geffroii                 0.1062638 0.0721745 0.1025838 0.1020274 0.1040910 0.0049153 0.1118772 0.1044893 0.1047002 0.0896249 0.0921174 0.0130927 0.0196976 0.0934188 0.0991334 0.0145498 0.0043778 0.1084975 0.1029120 0.0963355 0.1187294 0.1158308 0.0142356 0.1074678 0.0883699 0.0972924 0.0936623 0.0850520 0.1069799 0.1047836 0.1055820 0.0822395 0.0000000 0.1064332 0.0180007 
Peramelidae_Perameles_gunnii                 0.0829339 0.0499379 0.0768030 0.0822593 0.0842072 0.1048746 0.0883050 0.0901006 0.0838592 0.0000010 0.0778176 0.0865643 0.1018018 0.0793310 0.0760411 0.0968872 0.0994310 0.0125150 0.0817244 0.0842604 0.1100411 0.1103320 0.0964123 0.0902688 0.0776100 0.0731324 0.0791042 0.0584737 0.0875120 0.0830517 0.0866819 0.0076547 0.1064332 0.0000000 0.0836682 
Dasyuridae_Planigale_tenuirostris            0.0891220 0.0538576 0.0890324 0.0879693 0.0882708 0.0166076 0.0951050 0.0871059 0.0896860 0.0624195 0.0803559 0.0152780 0.0125999 0.0773852 0.0871733 0.0150513 0.0172518 0.0838089 0.0844168 0.0830667 0.1030438 0.1000473 0.0146332 0.0886746 0.0683780 0.0848482 0.0794946 0.0676253 0.0913403 0.0883153 0.0924597 0.0611958 0.0180007 0.0836682 0.0000000 
