37
Burramyidae_Burramys_parvus                  0.0000000 0.0985950 0.0550356 0.0471624 0.0385370 0.1075356 0.0353027 0.0370658 0.0559093 0.1096507 0.0316756 0.1054965 0.1447811 0.0386226 0.0528861 0.1042937 0.1112618 0.1007081 0.1139881 0.0498861 0.0944356 0.1009964 0.1131592 0.1074144 0.0544488 0.0793627 0.0581346 0.0573556 0.0719977 0.0951189 0.0545741 0.0339902 0.1122032 0.1059883 0.1100674 0.3228600 0.3228600 
Notoryctidae_Notoryctes_typhlops             0.0985950 0.0000000 0.0978809 0.1040630 0.0961234 0.1340911 0.0990309 0.1091352 0.1128126 0.1311778 0.1047402 0.1328430 0.1572234 0.1099531 0.0907932 0.1339349 0.1377595 0.1322365 0.1345110 0.1090741 0.1544674 0.1302698 0.1378107 0.1341798 0.1113175 0.1011493 0.1150967 0.1131143 0.1320396 0.1414499 0.1077176 0.1057699 0.1306799 0.1371136 0.1282662 0.3713751 0.3713751 
Vombatidae_Lasiorhinus_latifrons             0.0550356 0.0978809 0.0000000 0.0642163 0.0580514 0.1105736 0.0624555 0.0654089 0.0682381 0.1121706 0.0590532 0.1115569 0.1517820 0.0655207 0.0620804 0.1102901 0.1146761 0.1035542 0.1164266 0.0616599 0.0925687 0.1079540 0.1154275 0.1123258 0.0652212 0.0809663 0.0705450 0.0702108 0.0782458 0.1062542 0.0591736 0.0638290 0.1148740 0.1146643 0.1107884 0.2832065 0.2832065 
Potoroidae_Bettongia_penicillata             0.0471624 0.1040630 0.0642163 0.0000000 0.0008540 0.1183215 0.0583980 0.0578116 0.0045783 0.1313071 0.0539245 0.1217872 0.1534132 0.0580145 0.0593854 0.1192365 0.1203453 0.1129471 0.1337079 0.0083095 0.1052681 0.1219907 0.1274038 0.1189494 0.0262406 0.0838277 0.0666594 0.0099736 0.0861577 0.1089352 0.0652056 0.0530264 0.1283528 0.1217017 0.1297256 0.3486458 0.3486458 
Potoroidae_Bettongia_lesueur                 0.0385370 0.0961234 0.0580514 0.0008540 0.0000000 0.1081894 0.0498891 0.0490885 0.0043075 0.1174618 0.0507086 0.1112698 0.1120747 0.0562786 0.0460099 0.1081831 0.1102334 0.1001530 0.1226844 0.0074631 0.0986814 0.1084901 0.1177323 0.1086498 0.0210012 0.0787542 0.0602169 0.0093413 0.0778845 0.0941024 0.0601865 0.0513851 0.1146282 0.1075052 0.1172118 0.3502570 0.3502570 
Dasyuridae_Dasyurus_maculatus                0.1075356 0.1340911 0.1105736 0.1183215 0.1081894 0.0000000 0.1103660 0.1138277 0.1256777 0.1463746 0.1118338 0.0054623 0.0328227 0.1135577 0.0960980 0.0047404 0.0018820 0.0055477 0.1510881 0.1144904 0.1634967 0.1406341 0.1464363 0.0052476 0.1196234 0.1114486 0.1226822 0.1239011 0.1436476 0.1355194 0.1179705 0.1124912 0.1479782 0.0016831 0.1490173 0.0881759 0.0881759 
Phalangeridae_Trichosurus_vulpecula          0.0353027 0.0990309 0.0624555 0.0583980 0.0498891 0.1103660 0.0000000 0.0046531 0.0706814 0.1200914 0.0055061 0.1149924 0.1408010 0.0062348 0.0568722 0.1123942 0.1133306 0.1068514 0.1237276 0.0584113 0.0938246 0.1135079 0.1250034 0.1125950 0.0673148 0.0811307 0.0656414 0.0657948 0.0729483 0.0956204 0.0606054 0.0052279 0.1212181 0.1145120 0.1200171 0.3169868 0.3169868 
Phalangeridae_Spilocuscus_maculatus          0.0370658 0.1091352 0.0654089 0.0578116 0.0490885 0.1138277 0.0046531 0.0000000 0.0702564 0.1259807 0.0027918 0.1175797 0.1469330 0.0033372 0.0636538 0.1144971 0.1172665 0.1130390 0.1280486 0.0606863 0.0978121 0.1196726 0.1233783 0.1164998 0.0659840 0.0886258 0.0694845 0.0653580 0.0766321 0.1003735 0.0567497 0.0028231 0.1249337 0.1188741 0.1245960 0.3182792 0.3182792 
Potoroidae_Aepyprymnus_rufescens             0.0559093 0.1128126 0.0682381 0.0045783 0.0043075 0.1256777 0.0706814 0.0702564 0.0000000 0.1372179 0.0646075 0.1275404 0.1594717 0.0681558 0.0640627 0.1262884 0.1272780 0.1190364 0.1400695 0.0108958 0.1123305 0.1259776 0.1320671 0.1240453 0.0329840 0.0934303 0.0795875 0.0128346 0.0958042 0.1137856 0.0686009 0.0633252 0.1346448 0.1281660 0.1354100 0.3588840 0.3588840 
Peramelidae_Perameles_nasuta                 0.1096507 0.1311778 0.1121706 0.1313071 0.1174618 0.1463746 0.1200914 0.1259807 0.1372179 0.0000000 0.1184122 0.1432935 0.1840913 0.1241623 0.1156470 0.1443061 0.1499812 0.1399728 0.0058777 0.1291398 0.1680507 0.1430986 0.1473171 0.1489837 0.1289176 0.1208317 0.1291107 0.1355794 0.1449002 0.1544952 0.1244746 0.1209491 0.0065999 0.1448368 0.0002883 0.3681274 0.3681274 
Phalangeridae_Strigocuscus_pelengensis       0.0316756 0.1047402 0.0590532 0.0539245 0.0507086 0.1118338 0.0055061 0.0027918 0.0646075 0.1184122 0.0000000 0.1148222 0.1414197 0.0029072 0.0573933 0.1124740 0.1152561 0.1086393 0.1240782 0.0552628 0.0918042 0.1140652 0.1174515 0.1135779 0.0605458 0.0787655 0.0603025 0.0588448 0.0714368 0.0933913 0.0547453 0.0024136 0.1196517 0.1168968 0.1177461 0.3252156 0.3252156 
Dasyuridae_Phascogale_tapoatafa              0.1054965 0.1328430 0.1115569 0.1217872 0.1112698 0.0054623 0.1149924 0.1175797 0.1275404 0.1432935 0.1148222 0.0000000 0.0419093 0.1186541 0.0969519 0.0014929 0.0063264 0.0072781 0.1489026 0.1177423 0.1672685 0.1504284 0.1522903 0.0030037 0.1226114 0.1098204 0.1242631 0.1281162 0.1472561 0.1373369 0.1242910 0.1175723 0.1453762 0.0068267 0.1455955 0.0955581 0.0955581 
Dasyuridae_Sminthopsis_macroura              0.1447811 0.1572234 0.1517820 0.1534132 0.1120747 0.0328227 0.1408010 0.1469330 0.1594717 0.1840913 0.1414197 0.0419093 0.0000000 0.1465503 0.1314027 0.0399401 0.0364537 0.0224084 0.1939698 0.1475472 0.1927616 0.1748888 0.1859620 0.0441395 0.1599972 0.1488614 0.1555914 0.1601238 0.1717144 0.1697643 0.1581544 0.1453448 0.1878314 0.0365832 0.1856645 0.0880331 0.0880331 
Phalangeridae_Phalanger_orientalis           0.0386226 0.1099531 0.0655207 0.0580145 0.0562786 0.1135577 0.0062348 0.0033372 0.0681558 0.1241623 0.0029072 0.1186541 0.1465503 0.0000000 0.0608734 0.1142240 0.1169728 0.1136979 0.1252471 0.0607228 0.0934665 0.1177533 0.1224358 0.1158342 0.0659724 0.0858182 0.0654082 0.0652291 0.0737246 0.1007204 0.0614751 0.0006700 0.1200403 0.1182140 0.1230118 0.3226229 0.3226229 
Acrobatidae_Acrobates_pygmaeus               0.0528861 0.0907932 0.0620804 0.0593854 0.0460099 0.0960980 0.0568722 0.0636538 0.0640627 0.1156470 0.0573933 0.0969519 0.1314027 0.0608734 0.0000000 0.0969497 0.0956221 0.0864027 0.1155875 0.0610075 0.0901094 0.0990294 0.1136961 0.0955025 0.0663504 0.0796753 0.0519654 0.0715595 0.0615207 0.0911189 0.0110638 0.0572343 0.1126876 0.0995358 0.1163598 9.0000000 9.0000000 
Dasyuridae_Phascogale_calura                 0.1042937 0.1339349 0.1102901 0.1192365 0.1081831 0.0047404 0.1123942 0.1144971 0.1262884 0.1443061 0.1124740 0.0014929 0.0399401 0.1142240 0.0969497 0.0000000 0.0055325 0.0069929 0.1496294 0.1156119 0.1660094 0.1477856 0.1494722 0.0025606 0.1221195 0.1079686 0.1238264 0.1259884 0.1469681 0.1383524 0.1220167 0.1135838 0.1463164 0.0059102 0.1470260 0.0822519 0.0822519 
Dasyuridae_Sarcophilus_harrisii              0.1112618 0.1377595 0.1146761 0.1203453 0.1102334 0.0018820 0.1133306 0.1172665 0.1272780 0.1499812 0.1152561 0.0063264 0.0364537 0.1169728 0.0956221 0.0055325 0.0000000 0.0066280 0.1550646 0.1146441 0.1638483 0.1431728 0.1471661 0.0059304 0.1213005 0.1125183 0.1229727 0.1257930 0.1434765 0.1362182 0.1180930 0.1158964 0.1501611 0.0025514 0.1530026 0.0959641 0.0959641 
Dasyuridae_Planigale_tenuirostris            0.1007081 0.1322365 0.1035542 0.1129471 0.1001530 0.0055477 0.1068514 0.1130390 0.1190364 0.1399728 0.1086393 0.0072781 0.0224084 0.1136979 0.0864027 0.0069929 0.0066280 0.0000000 0.1508371 0.1091405 0.1559289 0.1348857 0.1437674 0.0076751 0.1141659 0.1025400 0.1141110 0.1153169 0.1324751 0.1290650 0.1127723 0.1119509 0.1432319 0.0068888 0.1449047 0.1036593 0.1036593 
Peramelidae_Echymipera_kalubu                0.1139881 0.1345110 0.1164266 0.1337079 0.1226844 0.1510881 0.1237276 0.1280486 0.1400695 0.0058777 0.1240782 0.1489026 0.1939698 0.1252471 0.1155875 0.1496294 0.1550646 0.1508371 0.0000000 0.1322327 0.1698225 0.1474781 0.1550230 0.1527638 0.1315037 0.1182939 0.1323480 0.1391360 0.1470104 0.1622908 0.1258434 0.1241160 0.0049375 0.1496071 0.0059815 0.3778437 0.3778437 
Macropodidae_Dorcopsulus_vanheurni           0.0498861 0.1090741 0.0616599 0.0083095 0.0074631 0.1144904 0.0584113 0.0606863 0.0108958 0.1291398 0.0552628 0.1177423 0.1475472 0.0607228 0.0610075 0.1156119 0.1146441 0.1091405 0.1322327 0.0000000 0.1034681 0.1215229 0.1285850 0.1158865 0.0228299 0.0826062 0.0656892 0.0042079 0.0817555 0.1045063 0.0622965 0.0561773 0.1239254 0.1155719 0.1268832 0.3192216 0.3192216 
Pseudochiridae_Pseudochirulus_forbesi        0.0944356 0.1544674 0.0925687 0.1052681 0.0986814 0.1634967 0.0938246 0.0978121 0.1123305 0.1680507 0.0918042 0.1672685 0.1927616 0.0934665 0.0901094 0.1660094 0.1638483 0.1559289 0.1698225 0.1034681 0.0000000 0.1603216 0.1700720 0.1677676 0.1113786 0.1267229 0.0458099 0.1120620 0.0128722 0.1213755 0.0876832 0.0915649 0.1701165 0.1679527 0.1680653 0.3353206 0.3353206 
Didelphidae_Didelphis_virginiana             0.1009964 0.1302698 0.1079540 0.1219907 0.1084901 0.1406341 0.1135079 0.1196726 0.1259776 0.1430986 0.1140652 0.1504284 0.1748888 0.1177533 0.0990294 0.1477856 0.1431728 0.1348857 0.1474781 0.1215229 0.1603216 0.0000000 0.0222112 0.1491684 0.1153052 0.1165806 0.1289144 0.1256093 0.1375291 0.1541737 0.1199725 0.1164367 0.1462124 0.1398604 0.1433172 0.4280839 0.4280839 
Marmosidae_Monodelphis_domestica             0.1131592 0.1378107 0.1154275 0.1274038 0.1177323 0.1464363 0.1250034 0.1233783 0.1320671 0.1473171 0.1174515 0.1522903 0.1859620 0.1224358 0.1136961 0.1494722 0.1471661 0.1437674 0.1550230 0.1285850 0.1700720 0.0222112 0.0000000 0.1516239 0.1258979 0.1262043 0.1342173 0.1353081 0.1428253 0.1648494 0.1312102 0.1204940 0.1567688 0.1480595 0.1485172 0.4183701 0.4183701 
Dasyuridae_Antechinus_stuartii               0.1074144 0.1341798 0.1123258 0.1189494 0.1086498 0.0052476 0.1125950 0.1164998 0.1240453 0.1489837 0.1135779 0.0030037 0.0441395 0.1158342 0.0955025 0.0025606 0.0059304 0.0076751 0.1527638 0.1158865 0.1677676 0.1491684 0.1516239 0.0000000 0.1238501 0.1079922 0.1239147 0.1222154 0.1438883 0.1424597 0.1220158 0.1147480 0.1478237 0.0065787 0.1501519 0.1033485 0.1033485 
Hypsiprymnodontidae_Hypsiprymnodon_moschatus 0.0544488 0.1113175 0.0652212 0.0262406 0.0210012 0.1196234 0.0673148 0.0659840 0.0329840 0.1289176 0.0605458 0.1226114 0.1599972 0.0659724 0.0663504 0.1221195 0.1213005 0.1141659 0.1315037 0.0228299 0.1113786 0.1153052 0.1258979 0.1238501 0.0000000 0.0919632 0.0771420 0.0285603 0.0921660 0.1140161 0.0649732 0.0611032 0.1286655 0.1220876 0.1269758 0.3492468 0.3492468 
Microbiotheriidae_Dromiciops_gliroides       0.0793627 0.1011493 0.0809663 0.0838277 0.0787542 0.1114486 0.0811307 0.0886258 0.0934303 0.1208317 0.0787655 0.1098204 0.1488614 0.0858182 0.0796753 0.1079686 0.1125183 0.1025400 0.1182939 0.0826062 0.1267229 0.1165806 0.1262043 0.1079922 0.0919632 0.0000000 0.0940002 0.0937889 0.1043403 0.1325433 0.0874997 0.0831641 0.1166834 0.1148656 0.1184045 0.3037060 0.3037060 
Pseudochiridae_Petauroides_volans            0.0581346 0.1150967 0.0705450 0.0666594 0.0602169 0.1226822 0.0656414 0.0694845 0.0795875 0.1291107 0.0603025 0.1242631 0.1555914 0.0654082 0.0519654 0.1238264 0.1229727 0.1141110 0.1323480 0.0656892 0.0458099 0.1289144 0.1342173 0.1239147 0.0771420 0.0940002 0.0000000 0.0718678 0.0163291 0.0888754 0.0570376 0.0605439 0.1326889 0.1256598 0.1277473 0.3387403 0.3387403 
Macropodidae_Wallabia_bicolor                0.0573556 0.1131143 0.0702108 0.0099736 0.0093413 0.1239011 0.0657948 0.0653580 0.0128346 0.1355794 0.0588448 0.1281162 0.1601238 0.0652291 0.0715595 0.1259884 0.1257930 0.1153169 0.1391360 0.0042079 0.1120620 0.1256093 0.1353081 0.1222154 0.0285603 0.0937889 0.0718678 0.0000000 0.0876487 0.1149151 0.0693389 0.0616803 0.1337017 0.1263946 0.1328347 0.3107458 0.3107458 
Pseudochiridae_Pseudocheirus_occidentalis    0.0719977 0.1320396 0.0782458 0.0861577 0.0778845 0.1436476 0.0729483 0.0766321 0.0958042 0.1449002 0.0714368 0.1472561 0.1717144 0.0737246 0.0615207 0.1469681 0.1434765 0.1324751 0.1470104 0.0817555 0.0128722 0.1375291 0.1428253 0.1438883 0.0921660 0.1043403 0.0163291 0.0876487 0.0000000 0.0996777 0.0625978 0.0691284 0.1492295 0.1475591 0.1442721 0.3285629 0.3285629 
Tarsipedidae_Tarsipes_rostratus              0.0951189 0.1414499 0.1062542 0.1089352 0.0941024 0.1355194 0.0956204 0.1003735 0.1137856 0.1544952 0.0933913 0.1373369 0.1697643 0.1007204 0.0911189 0.1383524 0.1362182 0.1290650 0.1622908 0.1045063 0.1213755 0.1541737 0.1648494 0.1424597 0.1140161 0.1325433 0.0888754 0.1149151 0.0996777 0.0000000 0.0966207 0.0998510 0.1596153 0.1396731 0.1542064 0.5254958 0.5254958 
Acrobatidae_Distoechurus_pennatus            0.0545741 0.1077176 0.0591736 0.0652056 0.0601865 0.1179705 0.0606054 0.0567497 0.0686009 0.1244746 0.0547453 0.1242910 0.1581544 0.0614751 0.0110638 0.1220167 0.1180930 0.1127723 0.1258434 0.0622965 0.0876832 0.1199725 0.1312102 0.1220158 0.0649732 0.0874997 0.0570376 0.0693389 0.0625978 0.0966207 0.0000000 0.0557003 0.1232421 0.1207131 0.1249222 0.3921635 0.3921635 
Phalangeridae_Phalanger_carmelitae           0.0339902 0.1057699 0.0638290 0.0530264 0.0513851 0.1124912 0.0052279 0.0028231 0.0633252 0.1209491 0.0024136 0.1175723 0.1453448 0.0006700 0.0572343 0.1135838 0.1158964 0.1119509 0.1241160 0.0561773 0.0915649 0.1164367 0.1204940 0.1147480 0.0611032 0.0831641 0.0605439 0.0616803 0.0691284 0.0998510 0.0557003 0.0000000 0.1207087 0.1166334 0.1197407 0.3262254 0.3262254 
Peramelidae_Peroryctes_raffrayana            0.1122032 0.1306799 0.1148740 0.1283528 0.1146282 0.1479782 0.1212181 0.1249337 0.1346448 0.0065999 0.1196517 0.1453762 0.1878314 0.1200403 0.1126876 0.1463164 0.1501611 0.1432319 0.0049375 0.1239254 0.1701165 0.1462124 0.1567688 0.1478237 0.1286655 0.1166834 0.1326889 0.1337017 0.1492295 0.1596153 0.1232421 0.1207087 0.0000000 0.1455912 0.0067097 0.3643415 0.3643415 
Dasyuridae_Dasyurus_geffroii                 0.1059883 0.1371136 0.1146643 0.1217017 0.1075052 0.0016831 0.1145120 0.1188741 0.1281660 0.1448368 0.1168968 0.0068267 0.0365832 0.1182140 0.0995358 0.0059102 0.0025514 0.0068888 0.1496071 0.1155719 0.1679527 0.1398604 0.1480595 0.0065787 0.1220876 0.1148656 0.1256598 0.1263946 0.1475591 0.1396731 0.1207131 0.1166334 0.1455912 0.0000000 0.1475271 0.0888574 0.0888574 
Peramelidae_Perameles_gunnii                 0.1100674 0.1282662 0.1107884 0.1297256 0.1172118 0.1490173 0.1200171 0.1245960 0.1354100 0.0002883 0.1177461 0.1455955 0.1856645 0.1230118 0.1163598 0.1470260 0.1530026 0.1449047 0.0059815 0.1268832 0.1680653 0.1433172 0.1485172 0.1501519 0.1269758 0.1184045 0.1277473 0.1328347 0.1442721 0.1542064 0.1249222 0.1197407 0.0067097 0.1475271 0.0000000 0.3352228 0.3352228 
Myrmecobiidae_Myrmecobius_fasciatus1         0.3228600 0.3713751 0.2832065 0.3486458 0.3502570 0.0881759 0.3169868 0.3182792 0.3588840 0.3681274 0.3252156 0.0955581 0.0880331 0.3226229 9.0000000 0.0822519 0.0959641 0.1036593 0.3778437 0.3192216 0.3353206 0.4280839 0.4183701 0.1033485 0.3492468 0.3037060 0.3387403 0.3107458 0.3285629 0.5254958 0.3921635 0.3262254 0.3643415 0.0888574 0.3352228 0.0000000 0.0000010 
Myrmecobiidae_Myrmecobius_fasciatus2         0.3228600 0.3713751 0.2832065 0.3486458 0.3502570 0.0881759 0.3169868 0.3182792 0.3588840 0.3681274 0.3252156 0.0955581 0.0880331 0.3226229 9.0000000 0.0822519 0.0959641 0.1036593 0.3778437 0.3192216 0.3353206 0.4280839 0.4183701 0.1033485 0.3492468 0.3037060 0.3387403 0.3107458 0.3285629 0.5254958 0.3921635 0.3262254 0.3643415 0.0888574 0.3352228 0.0000010 0.0000000 
