35
Burramyidae_Burramys_parvus                  0.0000000 0.1114778 0.0791812 0.0887438 0.0945161 0.1292955 0.0760159 0.0755862 0.0890837 0.1675224 0.0801939 0.1173591 0.1348321 0.0664043 0.0771639 0.1204705 0.1216677 0.1165386 0.1428843 0.0885780 0.0790750 0.1484282 0.1305907 0.1169288 0.0864171 0.1054727 0.0749447 0.0874666 0.0750044 0.1045737 0.0880720 0.0638488 0.1477563 0.1309250 0.1670026 
Notoryctidae_Notoryctes_typhlops             0.1114778 0.0000000 0.1177835 0.1181188 0.1243895 0.1519876 0.1238042 0.1254859 0.1236284 0.1693128 0.1266589 0.1359136 0.1537606 0.1159998 0.1184746 0.1388326 0.1433240 0.1362321 0.1521093 0.1245243 0.1168419 0.1742446 0.1479834 0.1366478 0.1222565 0.1213074 0.1126105 0.1194893 0.1131875 0.1491227 0.1222994 0.1086240 0.1580109 0.1516640 0.1688272 
Vombatidae_Lasiorhinus_latifrons             0.0791812 0.1177835 0.0000000 0.0968146 0.0939937 0.1279683 0.0897362 0.0888570 0.0917532 0.1601917 0.0922286 0.1158992 0.1364446 0.0810790 0.0836491 0.1187146 0.1211186 0.1210067 0.1297302 0.0928962 0.0874659 0.1543046 0.1290103 0.1161702 0.0974973 0.1058855 0.0861964 0.0885553 0.0849825 0.1124347 0.0946820 0.0774952 0.1357461 0.1300463 0.1597371 
Potoroidae_Bettongia_penicillata             0.0887438 0.1181188 0.0968146 0.0000000 0.0072295 0.1371793 0.0904809 0.0941631 0.0190897 0.1682030 0.0958891 0.1256445 0.1456294 0.0852989 0.0893891 0.1267390 0.1290276 0.1254762 0.1502874 0.0317087 0.0938531 0.1683680 0.1460498 0.1276672 0.0552572 0.1155297 0.0865186 0.0323244 0.0864241 0.1155578 0.0998082 0.0817116 0.1554129 0.1384398 0.1676511 
Potoroidae_Bettongia_lesueur                 0.0945161 0.1243895 0.0939937 0.0072295 0.0000000 0.1444252 0.0964716 0.1009467 0.0165690 0.1749614 0.1033027 0.1329833 0.1541500 0.0905723 0.0869304 0.1341141 0.1375980 0.1336725 0.1462364 0.0330392 0.0935801 0.1739220 0.1471014 0.1350926 0.0602160 0.1230197 0.0916362 0.0292834 0.0907241 0.1122850 0.1022879 0.0881168 0.1512460 0.1462682 0.1740588 
Dasyuridae_Dasyurus_maculatus                0.1292955 0.1519876 0.1279683 0.1371793 0.1444252 0.0000000 0.1392632 0.1308221 0.1415223 0.1779534 0.1350928 0.0350507 0.0664405 0.1299070 0.1373505 0.0379250 0.0139689 0.0520760 0.1672885 0.1397668 0.1348398 0.1767335 0.1545884 0.0362973 0.1438046 0.1408014 0.1296067 0.1390390 0.1321499 0.1588709 0.1461852 0.1264928 0.1689483 0.0162970 0.1771862 
Phalangeridae_Trichosurus_vulpecula          0.0760159 0.1238042 0.0897362 0.0904809 0.0964716 0.1392632 0.0000000 0.0454701 0.0972716 0.1723775 0.0491326 0.1246937 0.1466564 0.0372752 0.0869791 0.1266830 0.1314437 0.1244864 0.1519970 0.0950736 0.0913755 0.1700520 0.1445431 0.1274460 0.0944170 0.1166608 0.0848393 0.0941263 0.0859992 0.1142727 0.0955422 0.0380582 0.1574592 0.1412409 0.1723701 
Phalangeridae_Spilocuscus_maculatus          0.0755862 0.1254859 0.0888570 0.0941631 0.1009467 0.1308221 0.0454701 0.0000000 0.0996446 0.1549226 0.0200877 0.1177095 0.1285712 0.0239329 0.0870442 0.1205775 0.1295084 0.1223211 0.1511781 0.0875427 0.0897588 0.1545662 0.1296906 0.1197345 0.0989977 0.1138317 0.0845002 0.0942038 0.0867463 0.1139253 0.0946614 0.0233062 0.1560491 0.1282466 0.1552164 
Potoroidae_Aepyprymnus_rufescens             0.0890837 0.1236284 0.0917532 0.0190897 0.0165690 0.1415223 0.0972716 0.0996446 0.0000000 0.1757604 0.1025323 0.1286771 0.1476914 0.0877059 0.0853228 0.1308202 0.1327102 0.1309453 0.1457793 0.0321189 0.0925916 0.1696764 0.1425390 0.1302420 0.0591494 0.1195702 0.0912096 0.0280200 0.0900270 0.1113732 0.1011607 0.0846433 0.1500431 0.1424331 0.1748045 
Peramelidae_Perameles_nasuta                 0.1675224 0.1693128 0.1601917 0.1682030 0.1749614 0.1779534 0.1723775 0.1549226 0.1757604 0.0000000 0.1499078 0.1747996 0.1907655 0.1627714 0.1680911 0.1756760 0.1786314 0.1737709 0.0472274 0.1506646 0.1671994 0.1899252 0.1753032 0.1754348 0.1760620 0.1629366 0.1651309 0.1668477 0.1604108 0.1915193 0.1596338 0.1609828 0.0506172 0.1762516 0.0016046 
Phalangeridae_Strigocuscus_pelengensis       0.0801939 0.1266589 0.0922286 0.0958891 0.1033027 0.1350928 0.0491326 0.0200877 0.1025323 0.1499078 0.0000000 0.1230354 0.1328706 0.0257459 0.0904719 0.1260987 0.1359172 0.1272196 0.1554457 0.0832313 0.0930025 0.1516482 0.1300164 0.1249024 0.1002557 0.1139583 0.0842754 0.0961033 0.0878311 0.1167782 0.0957241 0.0249317 0.1605338 0.1356957 0.1495085 
Dasyuridae_Phascogale_tapoatafa              0.1173591 0.1359136 0.1158992 0.1256445 0.1329833 0.0350507 0.1246937 0.1177095 0.1286771 0.1747996 0.1230354 0.0000000 0.0506467 0.1163513 0.1284597 0.0050606 0.0348550 0.0393738 0.1586492 0.1290039 0.1256432 0.1698907 0.1431459 0.0120758 0.1294087 0.1318874 0.1212127 0.1293595 0.1207053 0.1545133 0.1338693 0.1132618 0.1682059 0.0384691 0.1743832 
Dasyuridae_Sminthopsis_macroura              0.1348321 0.1537606 0.1364446 0.1456294 0.1541500 0.0664405 0.1466564 0.1285712 0.1476914 0.1907655 0.1328706 0.0506467 0.0000000 0.1338161 0.1399763 0.0509600 0.0668417 0.0434148 0.1750146 0.1343967 0.1423813 0.1722879 0.1518571 0.0557192 0.1520455 0.1483114 0.1382509 0.1470903 0.1354967 0.1693253 0.1495097 0.1316008 0.1878875 0.0636000 0.1903873 
Phalangeridae_Phalanger_orientalis           0.0664043 0.1159998 0.0810790 0.0852989 0.0905723 0.1299070 0.0372752 0.0239329 0.0877059 0.1627714 0.0257459 0.1163513 0.1338161 0.0000000 0.0777951 0.1186899 0.1224864 0.1147108 0.1440253 0.0865583 0.0811139 0.1562790 0.1329112 0.1162491 0.0901747 0.1080543 0.0754393 0.0851682 0.0743636 0.1043878 0.0846442 0.0050388 0.1475649 0.1312339 0.1626905 
Acrobatidae_Acrobates_pygmaeus               0.0771639 0.1184746 0.0836491 0.0893891 0.0869304 0.1373505 0.0869791 0.0870442 0.0853228 0.1680911 0.0904719 0.1284597 0.1399763 0.0777951 0.0000000 0.1316335 0.1295874 0.1249100 0.1339484 0.0877626 0.0734760 0.1611631 0.1315000 0.1281563 0.0927438 0.1131220 0.0729669 0.0803389 0.0733380 0.0910573 0.0554902 0.0781865 0.1389076 0.1388910 0.1680079 
Dasyuridae_Phascogale_calura                 0.1204705 0.1388326 0.1187146 0.1267390 0.1341141 0.0379250 0.1266830 0.1205775 0.1308202 0.1756760 0.1260987 0.0050606 0.0509600 0.1186899 0.1316335 0.0000000 0.0372187 0.0422825 0.1600429 0.1317164 0.1280868 0.1717797 0.1440577 0.0148696 0.1319828 0.1328793 0.1240128 0.1315815 0.1233742 0.1586437 0.1352114 0.1156527 0.1690279 0.0410249 0.1752565 
Dasyuridae_Sarcophilus_harrisii              0.1216677 0.1433240 0.1211186 0.1290276 0.1375980 0.0139689 0.1314437 0.1295084 0.1327102 0.1786314 0.1359172 0.0348550 0.0668417 0.1224864 0.1295874 0.0372187 0.0000000 0.0489188 0.1615302 0.1345432 0.1294452 0.1714791 0.1501487 0.0359262 0.1351217 0.1346539 0.1223298 0.1326532 0.1234185 0.1515509 0.1383188 0.1199151 0.1629893 0.0126800 0.1792429 
Dasyuridae_Planigale_tenuirostris            0.1165386 0.1362321 0.1210067 0.1254762 0.1336725 0.0520760 0.1244864 0.1223211 0.1309453 0.1737709 0.1272196 0.0393738 0.0434148 0.1147108 0.1249100 0.0422825 0.0489188 0.0000000 0.1577986 0.1306017 0.1272891 0.1775820 0.1471018 0.0411440 0.1297732 0.1335822 0.1227123 0.1281010 0.1209758 0.1482281 0.1330879 0.1120726 0.1627314 0.0508324 0.1736167 
Peramelidae_Echymipera_kalubu                0.1428843 0.1521093 0.1297302 0.1502874 0.1462364 0.1672885 0.1519970 0.1511781 0.1457793 0.0472274 0.1554457 0.1586492 0.1750146 0.1440253 0.1339484 0.1600429 0.1615302 0.1577986 0.0000000 0.1487520 0.1408756 0.1907302 0.1651074 0.1585308 0.1557402 0.1562754 0.1433516 0.1400443 0.1384072 0.1621585 0.1413962 0.1432910 0.0280002 0.1691549 0.0466234 
Macropodidae_Dorcopsulus_vanheurni           0.0885780 0.1245243 0.0928962 0.0317087 0.0330392 0.1397668 0.0950736 0.0875427 0.0321189 0.1506646 0.0832313 0.1290039 0.1343967 0.0865583 0.0877626 0.1317164 0.1345432 0.1306017 0.1487520 0.0000000 0.0931949 0.1450444 0.1350183 0.1319967 0.0585278 0.1114131 0.0894115 0.0172422 0.0908460 0.1137171 0.0985362 0.0824859 0.1527104 0.1363604 0.1501240 
Pseudochiridae_Pseudochirulus_forbesi        0.0790750 0.1168419 0.0874659 0.0938531 0.0935801 0.1348398 0.0913755 0.0897588 0.0925916 0.1671994 0.0930025 0.1256432 0.1423813 0.0811139 0.0734760 0.1280868 0.1294452 0.1272891 0.1408756 0.0931949 0.0000000 0.1612972 0.1346410 0.1262340 0.0962712 0.1131950 0.0441281 0.0885114 0.0267972 0.0880007 0.0804414 0.0803859 0.1456793 0.1379995 0.1660549 
Didelphidae_Didelphis_virginiana             0.1484282 0.1742446 0.1543046 0.1683680 0.1739220 0.1767335 0.1700520 0.1545662 0.1696764 0.1899252 0.1516482 0.1698907 0.1722879 0.1562790 0.1611631 0.1717797 0.1714791 0.1775820 0.1907302 0.1450444 0.1612972 0.0000000 0.0652546 0.1715899 0.1732976 0.1615116 0.1530861 0.1648673 0.1529914 0.1885745 0.1637562 0.1541344 0.1976121 0.1737145 0.1897116 
Marmosidae_Monodelphis_domestica             0.1305907 0.1479834 0.1290103 0.1460498 0.1471014 0.1545884 0.1445431 0.1296906 0.1425390 0.1753032 0.1300164 0.1431459 0.1518571 0.1329112 0.1315000 0.1440577 0.1501487 0.1471018 0.1651074 0.1350183 0.1346410 0.0652546 0.0000000 0.1443682 0.1453965 0.1286548 0.1309553 0.1411499 0.1314112 0.1649781 0.1364665 0.1296044 0.1698770 0.1532123 0.1741177 
Dasyuridae_Antechinus_stuartii               0.1169288 0.1366478 0.1161702 0.1276672 0.1350926 0.0362973 0.1274460 0.1197345 0.1302420 0.1754348 0.1249024 0.0120758 0.0557192 0.1162491 0.1281563 0.0148696 0.0359262 0.0411440 0.1585308 0.1319967 0.1262340 0.1715899 0.1443682 0.0000000 0.1332040 0.1297068 0.1217533 0.1314042 0.1204396 0.1561144 0.1367542 0.1131618 0.1667635 0.0404837 0.1757957 
Hypsiprymnodontidae_Hypsiprymnodon_moschatus 0.0864171 0.1222565 0.0974973 0.0552572 0.0602160 0.1438046 0.0944170 0.0989977 0.0591494 0.1760620 0.1002557 0.1294087 0.1520455 0.0901747 0.0927438 0.1319828 0.1351217 0.1297732 0.1557402 0.0585278 0.0962712 0.1732976 0.1453965 0.1332040 0.0000000 0.1174249 0.0880964 0.0570138 0.0883857 0.1246437 0.0984569 0.0889901 0.1615582 0.1455845 0.1751042 
Microbiotheriidae_Dromiciops_gliroides       0.1054727 0.1213074 0.1058855 0.1155297 0.1230197 0.1408014 0.1166608 0.1138317 0.1195702 0.1629366 0.1139583 0.1318874 0.1483114 0.1080543 0.1131220 0.1328793 0.1346539 0.1335822 0.1562754 0.1114131 0.1131950 0.1615116 0.1286548 0.1297068 0.1174249 0.0000000 0.1075064 0.1170563 0.1066374 0.1478885 0.1140701 0.1017675 0.1620416 0.1443364 0.1622816 
Pseudochiridae_Petauroides_volans            0.0749447 0.1126105 0.0861964 0.0865186 0.0916362 0.1296067 0.0848393 0.0845002 0.0912096 0.1651309 0.0842754 0.1212127 0.1382509 0.0754393 0.0729669 0.1240128 0.1223298 0.1227123 0.1433516 0.0894115 0.0441281 0.1530861 0.1309553 0.1217533 0.0880964 0.1075064 0.0000000 0.0860114 0.0384884 0.0909394 0.0740486 0.0734794 0.1506119 0.1324388 0.1646371 
Macropodidae_Wallabia_bicolor                0.0874666 0.1194893 0.0885553 0.0323244 0.0292834 0.1390390 0.0941263 0.0942038 0.0280200 0.1668477 0.0961033 0.1293595 0.1470903 0.0851682 0.0803389 0.1315815 0.1326532 0.1281010 0.1400443 0.0172422 0.0885114 0.1648673 0.1411499 0.1314042 0.0570138 0.1170563 0.0860114 0.0000000 0.0879529 0.1044667 0.0968291 0.0823269 0.1413491 0.1398824 0.1654653 
Pseudochiridae_Pseudocheirus_occidentalis    0.0750044 0.1131875 0.0849825 0.0864241 0.0907241 0.1321499 0.0859992 0.0867463 0.0900270 0.1604108 0.0878311 0.1207053 0.1354967 0.0743636 0.0733380 0.1233742 0.1234185 0.1209758 0.1384072 0.0908460 0.0267972 0.1529914 0.1314112 0.1204396 0.0883857 0.1066374 0.0384884 0.0879529 0.0000000 0.0890315 0.0777032 0.0736643 0.1420984 0.1320727 0.1594461 
Tarsipedidae_Tarsipes_rostratus              0.1045737 0.1491227 0.1124347 0.1155578 0.1122850 0.1588709 0.1142727 0.1139253 0.1113732 0.1915193 0.1167782 0.1545133 0.1693253 0.1043878 0.0910573 0.1586437 0.1515509 0.1482281 0.1621585 0.1137171 0.0880007 0.1885745 0.1649781 0.1561144 0.1246437 0.1478885 0.0909394 0.1044667 0.0890315 0.0000000 0.1060128 0.1037621 0.1621124 0.1626526 0.1909339 
Acrobatidae_Distoechurus_pennatus            0.0880720 0.1222994 0.0946820 0.0998082 0.1022879 0.1461852 0.0955422 0.0946614 0.1011607 0.1596338 0.0957241 0.1338693 0.1495097 0.0846442 0.0554902 0.1352114 0.1383188 0.1330879 0.1413962 0.0985362 0.0804414 0.1637562 0.1364665 0.1367542 0.0984569 0.1140701 0.0740486 0.0968291 0.0777032 0.1060128 0.0000000 0.0852132 0.1457066 0.1481200 0.1585746 
Phalangeridae_Phalanger_carmelitae           0.0638488 0.1086240 0.0774952 0.0817116 0.0881168 0.1264928 0.0380582 0.0233062 0.0846433 0.1609828 0.0249317 0.1132618 0.1316008 0.0050388 0.0781865 0.1156527 0.1199151 0.1120726 0.1432910 0.0824859 0.0803859 0.1541344 0.1296044 0.1131618 0.0889901 0.1017675 0.0734794 0.0823269 0.0736643 0.1037621 0.0852132 0.0000000 0.1472083 0.1280880 0.1609008 
Peramelidae_Peroryctes_raffrayana            0.1477563 0.1580109 0.1357461 0.1554129 0.1512460 0.1689483 0.1574592 0.1560491 0.1500431 0.0506172 0.1605338 0.1682059 0.1878875 0.1475649 0.1389076 0.1690279 0.1629893 0.1627314 0.0280002 0.1527104 0.1456793 0.1976121 0.1698770 0.1667635 0.1615582 0.1620416 0.1506119 0.1413491 0.1420984 0.1621124 0.1457066 0.1472083 0.0000000 0.1684179 0.0497266 
Dasyuridae_Dasyurus_geffroii                 0.1309250 0.1516640 0.1300463 0.1384398 0.1462682 0.0162970 0.1412409 0.1282466 0.1424331 0.1762516 0.1356957 0.0384691 0.0636000 0.1312339 0.1388910 0.0410249 0.0126800 0.0508324 0.1691549 0.1363604 0.1379995 0.1737145 0.1532123 0.0404837 0.1455845 0.1443364 0.1324388 0.1398824 0.1320727 0.1626526 0.1481200 0.1280880 0.1684179 0.0000000 0.1771449 
Peramelidae_Perameles_gunnii                 0.1670026 0.1688272 0.1597371 0.1676511 0.1740588 0.1771862 0.1723701 0.1552164 0.1748045 0.0016046 0.1495085 0.1743832 0.1903873 0.1626905 0.1680079 0.1752565 0.1792429 0.1736167 0.0466234 0.1501240 0.1660549 0.1897116 0.1741177 0.1757957 0.1751042 0.1622816 0.1646371 0.1654653 0.1594461 0.1909339 0.1585746 0.1609008 0.0497266 0.1771449 0.0000000 
