35
Burramyidae_Burramys_parvus                  0.0000000 0.2922506 0.2428475 0.2322483 0.2499156 0.2816180 0.2162329 0.2048733 0.2392738 0.1801586 0.2018925 0.2771069 0.2849944 0.2097305 0.2300944 0.2714252 0.2873547 0.2908344 0.2940455 0.2397904 0.2427811 0.3387788 0.2612873 0.3199778 0.2328731 0.2751276 0.2349466 0.2330416 0.2410281 0.3370812 0.2172274 0.2129431 0.3497835 0.2893712 0.1740660 
Notoryctidae_Notoryctes_typhlops             0.2922506 0.0000000 0.1266416 0.1379630 0.1483641 0.1286547 0.1193015 0.1136156 0.1387820 0.1778945 0.1126782 0.1279077 0.1303105 0.1220300 0.1410845 0.0963139 0.1314014 0.1249179 0.1920592 0.1403291 0.1346346 0.1722146 0.1647962 0.0990441 0.1383516 0.1575339 0.1280197 0.1369521 0.1241160 0.1907826 0.1368496 0.1220177 0.1738436 0.1366247 0.1752637 
Vombatidae_Lasiorhinus_latifrons             0.2428475 0.1266416 0.0000000 0.1027303 0.1171843 0.1262410 0.0942534 0.0950798 0.1060749 0.1602341 0.0965304 0.1176926 0.1268828 0.1064426 0.0972647 0.0880811 0.1301643 0.1208427 0.1690338 0.1046215 0.1028438 0.1585401 0.1431797 0.0982479 0.1046376 0.1403407 0.0951628 0.1036721 0.0967634 0.1506729 0.0961494 0.1059438 0.1587597 0.1307487 0.1571987 
Potoroidae_Bettongia_penicillata             0.2322483 0.1379630 0.1027303 0.0000000 0.0214214 0.1425921 0.0930915 0.0905811 0.0205176 0.1763181 0.0932015 0.1335057 0.1392049 0.1017282 0.0960103 0.0939200 0.1426448 0.1266086 0.1787445 0.0328457 0.1097694 0.1639448 0.1528339 0.1076205 0.0550086 0.1629557 0.0989963 0.0319434 0.0971426 0.1600249 0.0912337 0.0998663 0.1649874 0.1438035 0.1742455 
Potoroidae_Bettongia_lesueur                 0.2499156 0.1483641 0.1171843 0.0214214 0.0000000 0.1594157 0.1088708 0.1040380 0.0195640 0.1956184 0.1070828 0.1523111 0.1586344 0.1169432 0.1102837 0.1130344 0.1606520 0.1470651 0.1988618 0.0337912 0.1249412 0.1777124 0.1693187 0.1280201 0.0668762 0.1823636 0.1129593 0.0333948 0.1095928 0.1793199 0.1060573 0.1150471 0.1764579 0.1620695 0.1930328 
Dasyuridae_Dasyurus_maculatus                0.2816180 0.1286547 0.1262410 0.1425921 0.1594157 0.0000000 0.1254441 0.1231373 0.1446840 0.1710595 0.1260194 0.0197891 0.0303083 0.1384667 0.1380737 0.0138786 0.0087318 0.0224672 0.1877919 0.1439872 0.1351355 0.1675017 0.1550161 0.0159151 0.1439167 0.1488465 0.1233269 0.1386278 0.1269365 0.1900211 0.1205748 0.1360451 0.1673122 0.0096932 0.1694061 
Phalangeridae_Trichosurus_vulpecula          0.2162329 0.1193015 0.0942534 0.0930915 0.1088708 0.1254441 0.0000000 0.0366952 0.0964894 0.1583071 0.0372108 0.1169341 0.1245891 0.0434346 0.0847148 0.0786908 0.1263046 0.1141288 0.1661488 0.0939934 0.1007224 0.1587085 0.1417763 0.0939490 0.0870781 0.1518140 0.0828503 0.0881471 0.0858126 0.1484737 0.0854277 0.0430385 0.1605373 0.1260114 0.1535775 
Phalangeridae_Spilocuscus_maculatus          0.2048733 0.1136156 0.0950798 0.0905811 0.1040380 0.1231373 0.0366952 0.0000000 0.0905871 0.1563912 0.0129860 0.1152221 0.1235444 0.0212040 0.0811089 0.0763178 0.1220011 0.1154305 0.1613040 0.0875028 0.0962563 0.1472989 0.1316813 0.0990882 0.0848042 0.1408594 0.0781090 0.0835715 0.0893398 0.1446099 0.0784762 0.0190039 0.1512467 0.1239120 0.1526944 
Potoroidae_Aepyprymnus_rufescens             0.2392738 0.1387820 0.1060749 0.0205176 0.0195640 0.1446840 0.0964894 0.0905871 0.0000000 0.1779365 0.0963633 0.1380319 0.1438234 0.1023048 0.1001503 0.1000209 0.1446463 0.1332604 0.1841954 0.0285646 0.1124854 0.1654584 0.1591933 0.1161957 0.0591401 0.1669319 0.1015860 0.0272069 0.0985762 0.1637987 0.0962660 0.1004394 0.1630485 0.1496185 0.1766074 
Peramelidae_Perameles_nasuta                 0.1801586 0.1778945 0.1602341 0.1763181 0.1956184 0.1710595 0.1583071 0.1563912 0.1779365 0.0000000 0.1597018 0.1659418 0.1664521 0.1661591 0.1630921 0.1442997 0.1724961 0.1600385 0.0243493 0.1844352 0.1625070 0.1841473 0.1638989 0.1368044 0.1780780 0.1597987 0.1526877 0.1817860 0.1526100 0.2165312 0.1556554 0.1676991 0.0255746 0.1762728 0.0004804 
Phalangeridae_Strigocuscus_pelengensis       0.2018925 0.1126782 0.0965304 0.0932015 0.1070828 0.1260194 0.0372108 0.0129860 0.0963633 0.1597018 0.0000000 0.1193727 0.1267345 0.0223140 0.0834276 0.0821375 0.1242586 0.1174443 0.1658537 0.0933344 0.0975424 0.1468639 0.1327093 0.0988434 0.0890059 0.1384817 0.0834062 0.0875708 0.0883738 0.1459967 0.0841491 0.0209857 0.1590833 0.1269436 0.1560131 
Dasyuridae_Phascogale_tapoatafa              0.2771069 0.1279077 0.1176926 0.1335057 0.1523111 0.0197891 0.1169341 0.1152221 0.1380319 0.1659418 0.1193727 0.0000000 0.0243420 0.1300062 0.1292029 0.0038128 0.0197360 0.0204787 0.1792261 0.1402117 0.1301770 0.1647991 0.1525278 0.0102597 0.1336549 0.1433508 0.1172652 0.1348141 0.1219585 0.1817370 0.1144376 0.1278020 0.1608478 0.0228785 0.1646080 
Dasyuridae_Sminthopsis_macroura              0.2849944 0.1303105 0.1268828 0.1392049 0.1586344 0.0303083 0.1245891 0.1235444 0.1438234 0.1664521 0.1267345 0.0243420 0.0000000 0.1360534 0.1369288 0.0172717 0.0302660 0.0223445 0.1832491 0.1451342 0.1385629 0.1678166 0.1514881 0.0218323 0.1417826 0.1476646 0.1274926 0.1390100 0.1301838 0.1892208 0.1206726 0.1357410 0.1631624 0.0314959 0.1643073 
Phalangeridae_Phalanger_orientalis           0.2097305 0.1220300 0.1064426 0.1017282 0.1169432 0.1384667 0.0434346 0.0212040 0.1023048 0.1661591 0.0223140 0.1300062 0.1360534 0.0000000 0.0944424 0.0899244 0.1366417 0.1315302 0.1705837 0.1001809 0.1067268 0.1528097 0.1415908 0.1043959 0.0966933 0.1535632 0.0892903 0.0951536 0.0947560 0.1550716 0.0948143 0.0101950 0.1672061 0.1384324 0.1620138 
Acrobatidae_Acrobates_pygmaeus               0.2300944 0.1410845 0.0972647 0.0960103 0.1102837 0.1380737 0.0847148 0.0811089 0.1001503 0.1630921 0.0834276 0.1292029 0.1369288 0.0944424 0.0000000 0.0864723 0.1394234 0.1291284 0.1767408 0.0970576 0.0901415 0.1580019 0.1438632 0.1111160 0.0925902 0.1562639 0.0803888 0.0928843 0.0782124 0.1530132 0.0525945 0.0922889 0.1641236 0.1402321 0.1619761 
Dasyuridae_Phascogale_calura                 0.2714252 0.0963139 0.0880811 0.0939200 0.1130344 0.0138786 0.0786908 0.0763178 0.1000209 0.1442997 0.0821375 0.0038128 0.0172717 0.0899244 0.0864723 0.0000000 0.0138249 0.0152427 0.1317179 0.1053369 0.1022532 0.1146774 0.1039467 0.0056144 0.0968111 0.1136108 0.0864794 0.0989907 0.0888126 0.1419776 0.0797309 0.0878811 0.1236363 0.0156933 0.1451181 
Dasyuridae_Sarcophilus_harrisii              0.2873547 0.1314014 0.1301643 0.1426448 0.1606520 0.0087318 0.1263046 0.1220011 0.1446463 0.1724961 0.1242586 0.0197360 0.0302660 0.1366417 0.1394234 0.0138249 0.0000000 0.0236244 0.1876532 0.1462124 0.1380260 0.1672799 0.1573254 0.0180805 0.1444824 0.1558080 0.1254924 0.1426976 0.1297167 0.1900301 0.1227038 0.1348216 0.1683306 0.0130089 0.1707499 
Dasyuridae_Planigale_tenuirostris            0.2908344 0.1249179 0.1208427 0.1266086 0.1470651 0.0224672 0.1141288 0.1154305 0.1332604 0.1600385 0.1174443 0.0204787 0.0223445 0.1315302 0.1291284 0.0152427 0.0236244 0.0000000 0.1765321 0.1308798 0.1304687 0.1649047 0.1451764 0.0150121 0.1295420 0.1473931 0.1175485 0.1273403 0.1198793 0.1881146 0.1115565 0.1294278 0.1552558 0.0243099 0.1571735 
Peramelidae_Echymipera_kalubu                0.2940455 0.1920592 0.1690338 0.1787445 0.1988618 0.1877919 0.1661488 0.1613040 0.1841954 0.0243493 0.1658537 0.1792261 0.1832491 0.1705837 0.1767408 0.1317179 0.1876532 0.1765321 0.0000000 0.1855800 0.1811379 0.2009165 0.1761666 0.1255853 0.1797826 0.2011299 0.1675069 0.1842444 0.1654641 0.2388633 0.1714680 0.1677400 0.0250411 0.1887170 0.0250123 
Macropodidae_Dorcopsulus_vanheurni           0.2397904 0.1403291 0.1046215 0.0328457 0.0337912 0.1439872 0.0939934 0.0875028 0.0285646 0.1844352 0.0933344 0.1402117 0.1451342 0.1001809 0.0970576 0.1053369 0.1462124 0.1308798 0.1855800 0.0000000 0.1153891 0.1677310 0.1667654 0.1243414 0.0581513 0.1655069 0.0973903 0.0100433 0.0998685 0.1657578 0.0909871 0.0982304 0.1662276 0.1475299 0.1853388 
Pseudochiridae_Pseudochirulus_forbesi        0.2427811 0.1346346 0.1028438 0.1097694 0.1249412 0.1351355 0.1007224 0.0962563 0.1124854 0.1625070 0.0975424 0.1301770 0.1385629 0.1067268 0.0901415 0.1022532 0.1380260 0.1304687 0.1811379 0.1153891 0.0000000 0.1718355 0.1584757 0.1117723 0.1047610 0.1559946 0.0628453 0.1105470 0.0361917 0.1492263 0.0866548 0.1085503 0.1657640 0.1389524 0.1591586 
Didelphidae_Didelphis_virginiana             0.3387788 0.1722146 0.1585401 0.1639448 0.1777124 0.1675017 0.1587085 0.1472989 0.1654584 0.1841473 0.1468639 0.1647991 0.1678166 0.1528097 0.1580019 0.1146774 0.1672799 0.1649047 0.2009165 0.1677310 0.1718355 0.0000000 0.0608640 0.1194676 0.1634469 0.1887964 0.1605923 0.1705584 0.1570362 0.2287156 0.1594868 0.1505307 0.1812699 0.1700714 0.1833442 
Marmosidae_Monodelphis_domestica             0.2612873 0.1647962 0.1431797 0.1528339 0.1693187 0.1550161 0.1417763 0.1316813 0.1591933 0.1638989 0.1327093 0.1525278 0.1514881 0.1415908 0.1438632 0.1039467 0.1573254 0.1451764 0.1761666 0.1667654 0.1584757 0.0608640 0.0000000 0.1269225 0.1519782 0.1708196 0.1436931 0.1599914 0.1470950 0.2144220 0.1415942 0.1396374 0.1722350 0.1556988 0.1557131 
Dasyuridae_Antechinus_stuartii               0.3199778 0.0990441 0.0982479 0.1076205 0.1280201 0.0159151 0.0939490 0.0990882 0.1161957 0.1368044 0.0988434 0.0102597 0.0218323 0.1043959 0.1111160 0.0056144 0.0180805 0.0150121 0.1255853 0.1243414 0.1117723 0.1194676 0.1269225 0.0000000 0.1035197 0.1307447 0.0945884 0.1175130 0.1010589 0.1267383 0.0969323 0.1028355 0.1160469 0.0181659 0.1366855 
Hypsiprymnodontidae_Hypsiprymnodon_moschatus 0.2328731 0.1383516 0.1046376 0.0550086 0.0668762 0.1439167 0.0870781 0.0848042 0.0591401 0.1780780 0.0890059 0.1336549 0.1417826 0.0966933 0.0925902 0.0968111 0.1444824 0.1295420 0.1797826 0.0581513 0.1047610 0.1634469 0.1519782 0.1035197 0.0000000 0.1607455 0.0907661 0.0535340 0.0884666 0.1561962 0.0880299 0.0971967 0.1731702 0.1464075 0.1701849 
Microbiotheriidae_Dromiciops_gliroides       0.2751276 0.1575339 0.1403407 0.1629557 0.1823636 0.1488465 0.1518140 0.1408594 0.1669319 0.1597987 0.1384817 0.1433508 0.1476646 0.1535632 0.1562639 0.1136108 0.1558080 0.1473931 0.2011299 0.1655069 0.1559946 0.1887964 0.1708196 0.1307447 0.1607455 0.0000000 0.1420643 0.1644247 0.1462305 0.2329540 0.1490541 0.1532876 0.1972796 0.1549444 0.1574796 
Pseudochiridae_Petauroides_volans            0.2349466 0.1280197 0.0951628 0.0989963 0.1129593 0.1233269 0.0828503 0.0781090 0.1015860 0.1526877 0.0834062 0.1172652 0.1274926 0.0892903 0.0803888 0.0864794 0.1254924 0.1175485 0.1675069 0.0973903 0.0628453 0.1605923 0.1436931 0.0945884 0.0907661 0.1420643 0.0000000 0.0958698 0.0517869 0.1371072 0.0795001 0.0904479 0.1459929 0.1260885 0.1516767 
Macropodidae_Wallabia_bicolor                0.2330416 0.1369521 0.1036721 0.0319434 0.0333948 0.1386278 0.0881471 0.0835715 0.0272069 0.1817860 0.0875708 0.1348141 0.1390100 0.0951536 0.0928843 0.0989907 0.1426976 0.1273403 0.1842444 0.0100433 0.1105470 0.1705584 0.1599914 0.1175130 0.0535340 0.1644247 0.0958698 0.0000000 0.0923502 0.1609865 0.0883321 0.0932788 0.1629851 0.1434927 0.1762125 
Pseudochiridae_Pseudocheirus_occidentalis    0.2410281 0.1241160 0.0967634 0.0971426 0.1095928 0.1269365 0.0858126 0.0893398 0.0985762 0.1526100 0.0883738 0.1219585 0.1301838 0.0947560 0.0782124 0.0888126 0.1297167 0.1198793 0.1654641 0.0998685 0.0361917 0.1570362 0.1470950 0.1010589 0.0884666 0.1462305 0.0517869 0.0923502 0.0000000 0.1351602 0.0819285 0.0961876 0.1510575 0.1314581 0.1473269 
Tarsipedidae_Tarsipes_rostratus              0.3370812 0.1907826 0.1506729 0.1600249 0.1793199 0.1900211 0.1484737 0.1446099 0.1637987 0.2165312 0.1459967 0.1817370 0.1892208 0.1550716 0.1530132 0.1419776 0.1900301 0.1881146 0.2388633 0.1657578 0.1492263 0.2287156 0.2144220 0.1267383 0.1561962 0.2329540 0.1371072 0.1609865 0.1351602 0.0000000 0.1453144 0.1547860 0.2057681 0.1901575 0.2102436 
Acrobatidae_Distoechurus_pennatus            0.2172274 0.1368496 0.0961494 0.0912337 0.1060573 0.1205748 0.0854277 0.0784762 0.0962660 0.1556554 0.0841491 0.1144376 0.1206726 0.0948143 0.0525945 0.0797309 0.1227038 0.1115565 0.1714680 0.0909871 0.0866548 0.1594868 0.1415942 0.0969323 0.0880299 0.1490541 0.0795001 0.0883321 0.0819285 0.1453144 0.0000000 0.0939749 0.1544266 0.1239641 0.1557467 
Phalangeridae_Phalanger_carmelitae           0.2129431 0.1220177 0.1059438 0.0998663 0.1150471 0.1360451 0.0430385 0.0190039 0.1004394 0.1676991 0.0209857 0.1278020 0.1357410 0.0101950 0.0922889 0.0878811 0.1348216 0.1294278 0.1677400 0.0982304 0.1085503 0.1505307 0.1396374 0.1028355 0.0971967 0.1532876 0.0904479 0.0932788 0.0961876 0.1547860 0.0939749 0.0000000 0.1662394 0.1365466 0.1634352 
Peramelidae_Peroryctes_raffrayana            0.3497835 0.1738436 0.1587597 0.1649874 0.1764579 0.1673122 0.1605373 0.1512467 0.1630485 0.0255746 0.1590833 0.1608478 0.1631624 0.1672061 0.1641236 0.1236363 0.1683306 0.1552558 0.0250411 0.1662276 0.1657640 0.1812699 0.1722350 0.1160469 0.1731702 0.1972796 0.1459929 0.1629851 0.1510575 0.2057681 0.1544266 0.1662394 0.0000000 0.1688097 0.0263865 
Dasyuridae_Dasyurus_geffroii                 0.2893712 0.1366247 0.1307487 0.1438035 0.1620695 0.0096932 0.1260114 0.1239120 0.1496185 0.1762728 0.1269436 0.0228785 0.0314959 0.1384324 0.1402321 0.0156933 0.0130089 0.0243099 0.1887170 0.1475299 0.1389524 0.1700714 0.1556988 0.0181659 0.1464075 0.1549444 0.1260885 0.1434927 0.1314581 0.1901575 0.1239641 0.1365466 0.1688097 0.0000000 0.1750769 
Peramelidae_Perameles_gunnii                 0.1740660 0.1752637 0.1571987 0.1742455 0.1930328 0.1694061 0.1535775 0.1526944 0.1766074 0.0004804 0.1560131 0.1646080 0.1643073 0.1620138 0.1619761 0.1451181 0.1707499 0.1571735 0.0250123 0.1853388 0.1591586 0.1833442 0.1557131 0.1366855 0.1701849 0.1574796 0.1516767 0.1762125 0.1473269 0.2102436 0.1557467 0.1634352 0.0263865 0.1750769 0.0000000 
