37
Burramyidae_Burramys_parvus                  0.0000000 0.0837329 0.0599883 0.0678543 0.0669885 0.1102111 0.0431142 0.0523481 0.0708039 0.1211563 0.0630116 0.1024726 0.0976576 0.0513830 0.0686012 0.1204335 0.1099298 0.0879697 0.1037993 0.0615902 0.0721715 0.1396937 0.1412791 0.1051187 0.0600715 0.0671600 0.0543135 0.0620173 0.0633033 0.0870412 0.0645370 0.0540228 0.1152375 0.1151968 0.1071378 0.2388105 0.2388105 
Notoryctidae_Notoryctes_typhlops             0.0837329 0.0000000 0.0824751 0.1039029 0.1020866 0.1104014 0.0813403 0.0909689 0.1052058 0.1202973 0.0990119 0.1134098 0.0979840 0.0886848 0.1044136 0.1205234 0.1132940 0.0844991 0.1074010 0.0948404 0.1108422 0.1462895 0.1510619 0.1062370 0.0923304 0.0709020 0.0864819 0.0921347 0.0934994 0.1180033 0.1028579 0.0939265 0.1214097 0.1184509 0.1082411 0.1846325 0.1846325 
Vombatidae_Lasiorhinus_latifrons             0.0599883 0.0824751 0.0000000 0.0765165 0.0741103 0.1037713 0.0604532 0.0659634 0.0778808 0.1044122 0.0729373 0.1015848 0.0900932 0.0658939 0.0788409 0.1167673 0.1049386 0.0835146 0.0950195 0.0685491 0.0811499 0.1361425 0.1447083 0.1013667 0.0676853 0.0575835 0.0645601 0.0679459 0.0761747 0.0963315 0.0731450 0.0676270 0.1044912 0.1039750 0.0912464 0.1662195 0.1662195 
Potoroidae_Bettongia_penicillata             0.0678543 0.1039029 0.0765165 0.0000000 0.0037526 0.1211523 0.0724989 0.0860286 0.0122165 0.1489116 0.0888486 0.1269693 0.0999956 0.0775976 0.0850102 0.1356703 0.1246777 0.0873891 0.1328986 0.0202740 0.0954512 0.1307462 0.1448763 0.1080370 0.0364661 0.0736606 0.0735428 0.0192710 0.0874273 0.1076238 0.0842891 0.0812369 0.1417483 0.1260524 0.1317041 0.2163462 0.2163462 
Potoroidae_Bettongia_lesueur                 0.0669885 0.1020866 0.0741103 0.0037526 0.0000000 0.1215598 0.0728370 0.0841064 0.0110552 0.1460501 0.0865317 0.1283379 0.0990793 0.0755241 0.0846356 0.1360418 0.1242532 0.0856940 0.1289674 0.0198527 0.0955882 0.1241585 0.1399555 0.1080597 0.0354834 0.0747957 0.0724852 0.0195612 0.0876469 0.1048218 0.0852841 0.0791201 0.1399441 0.1264212 0.1269062 0.2163462 0.2163462 
Dasyuridae_Dasyurus_maculatus                0.1102111 0.1104014 0.1037713 0.1211523 0.1215598 0.0000000 0.1141231 0.1295817 0.1272547 0.1540140 0.1355427 0.0141294 0.0149566 0.1232641 0.1363825 0.0155144 0.0061842 0.0106536 0.1415490 0.1156201 0.1364173 0.1465573 0.1772136 0.0123354 0.1101908 0.1010994 0.1145412 0.1138437 0.1281276 0.1546254 0.1258299 0.1251662 0.1536483 0.0066731 0.1382233 0.0533886 0.0533886 
Phalangeridae_Trichosurus_vulpecula          0.0431142 0.0813403 0.0604532 0.0724989 0.0728370 0.1141231 0.0000000 0.0215646 0.0719585 0.1205878 0.0276413 0.1099278 0.0986425 0.0222184 0.0719884 0.1236846 0.1169880 0.0807664 0.1048791 0.0644845 0.0758464 0.1168641 0.1193729 0.1031632 0.0622536 0.0723604 0.0572798 0.0631978 0.0664182 0.0911556 0.0700116 0.0236567 0.1136473 0.1222222 0.1052871 0.2209805 0.2209805 
Phalangeridae_Spilocuscus_maculatus          0.0523481 0.0909689 0.0659634 0.0860286 0.0841064 0.1295817 0.0215646 0.0000000 0.0841922 0.1234008 0.0164627 0.1319166 0.0995210 0.0100927 0.0903683 0.1494858 0.1317867 0.0891348 0.1217150 0.0699442 0.0956353 0.1448666 0.1465516 0.1164555 0.0731350 0.0911771 0.0697929 0.0725571 0.0768562 0.1088506 0.0851805 0.0104136 0.1226760 0.1390007 0.1219358 0.1988702 0.1988702 
Potoroidae_Aepyprymnus_rufescens             0.0708039 0.1052058 0.0778808 0.0122165 0.0110552 0.1272547 0.0719585 0.0841922 0.0000000 0.1548502 0.0892880 0.1325495 0.1004566 0.0776281 0.0878736 0.1424898 0.1326094 0.0921948 0.1375665 0.0204238 0.0955711 0.1341109 0.1436194 0.1130047 0.0376455 0.0788262 0.0766204 0.0201091 0.0854845 0.1085524 0.0878662 0.0796038 0.1488939 0.1347880 0.1361997 0.2268299 0.2268299 
Peramelidae_Perameles_nasuta                 0.1211563 0.1202973 0.1044122 0.1489116 0.1460501 0.1540140 0.1205878 0.1234008 0.1548502 0.0000000 0.1338397 0.1600772 0.1355996 0.1262312 0.1534479 0.1718646 0.1567117 0.1331212 0.0170677 0.1401328 0.1580480 0.1407501 0.1701096 0.1473255 0.1484281 0.1138464 0.1295194 0.1370011 0.1314001 0.1601069 0.1461993 0.1283848 0.0223762 0.1575848 0.0016511 0.1861643 0.1861643 
Phalangeridae_Strigocuscus_pelengensis       0.0630116 0.0990119 0.0729373 0.0888486 0.0865317 0.1355427 0.0276413 0.0164627 0.0892880 0.1338397 0.0000000 0.1292778 0.1108701 0.0143987 0.0835939 0.1483888 0.1337751 0.0918163 0.1138185 0.0787339 0.0910712 0.1408619 0.1498801 0.1179577 0.0794478 0.0920451 0.0739167 0.0783786 0.0824379 0.1035659 0.0849002 0.0160675 0.1319406 0.1379569 0.1150215 0.2523975 0.2523975 
Dasyuridae_Phascogale_tapoatafa              0.1024726 0.1134098 0.1015848 0.1269693 0.1283379 0.0141294 0.1099278 0.1319166 0.1325495 0.1600772 0.1292778 0.0000000 0.0142331 0.1234916 0.1263552 0.0027473 0.0124705 0.0112324 0.1471225 0.1142767 0.1213784 0.1489255 0.1673176 0.0035994 0.1136472 0.1041602 0.1131702 0.1153628 0.1266638 0.1585461 0.1150907 0.1246544 0.1603931 0.0144088 0.1460996 9.0000000 9.0000000 
Dasyuridae_Sminthopsis_macroura              0.0976576 0.0979840 0.0900932 0.0999956 0.0990793 0.0149566 0.0986425 0.0995210 0.1004566 0.1355996 0.1108701 0.0142331 0.0000000 0.0962725 0.1224254 0.0202476 0.0150879 0.0106771 0.1241787 0.0918736 0.1142506 0.1577441 0.1848675 0.0223822 0.0834408 0.0915833 0.0910615 0.0906683 0.0907891 0.1408264 0.1107793 0.0985527 0.1326528 0.0149669 0.1243493 0.0642815 0.0642815 
Phalangeridae_Phalanger_orientalis           0.0513830 0.0886848 0.0658939 0.0775976 0.0755241 0.1232641 0.0222184 0.0100927 0.0776281 0.1262312 0.0143987 0.1234916 0.0962725 0.0000000 0.0803027 0.1352619 0.1217281 0.0856435 0.1098446 0.0667617 0.0856604 0.1300380 0.1368999 0.1084388 0.0692227 0.0829161 0.0627475 0.0689583 0.0776332 0.0954220 0.0794453 0.0047337 0.1243122 0.1282848 0.1129665 0.1988702 0.1988702 
Acrobatidae_Acrobates_pygmaeus               0.0686012 0.1044136 0.0788409 0.0850102 0.0846356 0.1363825 0.0719884 0.0903683 0.0878736 0.1534479 0.0835939 0.1263552 0.1224254 0.0803027 0.0000000 0.1434502 0.1381028 0.1071071 0.1244796 0.0851436 0.0787316 0.1706624 0.1617523 0.1254015 0.0769661 0.0818336 0.0592670 0.0819982 0.0762279 0.0861709 0.0411047 0.0835217 0.1486312 0.1370742 0.1304354 0.2211099 0.2211099 
Dasyuridae_Phascogale_calura                 0.1204335 0.1205234 0.1167673 0.1356703 0.1360418 0.0155144 0.1236846 0.1494858 0.1424898 0.1718646 0.1483888 0.0027473 0.0202476 0.1352619 0.1434502 0.0000000 0.0159686 0.0123701 0.1523236 0.1276938 0.1488645 0.1487667 0.1770596 0.0045046 0.1226675 0.1168537 0.1248427 0.1259270 0.1435297 0.1665283 0.1336227 0.1389018 0.1722909 0.0162137 0.1535259 0.0636755 0.0636755 
Dasyuridae_Sarcophilus_harrisii              0.1099298 0.1132940 0.1049386 0.1246777 0.1242532 0.0061842 0.1169880 0.1317867 0.1326094 0.1567117 0.1337751 0.0124705 0.0150879 0.1217281 0.1381028 0.0159686 0.0000000 0.0103347 0.1409022 0.1173709 0.1402315 0.1502468 0.1783619 0.0132503 0.1145664 0.1076635 0.1169345 0.1156601 0.1358072 0.1570249 0.1267004 0.1244111 0.1549089 0.0067360 0.1393220 0.0367721 0.0367721 
Dasyuridae_Planigale_tenuirostris            0.0879697 0.0844991 0.0835146 0.0873891 0.0856940 0.0106536 0.0807664 0.0891348 0.0921948 0.1331212 0.0918163 0.0112324 0.0106771 0.0856435 0.1071071 0.0123701 0.0103347 0.0000000 0.1156456 0.0766594 0.0899095 0.1531298 0.1708622 0.0156898 0.0690385 0.0800079 0.0817154 0.0756850 0.0807700 0.1352799 0.0912625 0.0897945 0.1272738 0.0115031 0.1155352 0.0741126 0.0741126 
Peramelidae_Echymipera_kalubu                0.1037993 0.1074010 0.0950195 0.1328986 0.1289674 0.1415490 0.1048791 0.1217150 0.1375665 0.0170677 0.1138185 0.1471225 0.1241787 0.1098446 0.1244796 0.1523236 0.1409022 0.1156456 0.0000000 0.1258228 0.1343714 0.1278726 0.1437529 0.1293085 0.1240316 0.0964050 0.1042522 0.1243396 0.1281495 0.1382194 0.1254891 0.1142373 0.0189250 0.1423464 0.0140478 0.1592366 0.1592366 
Macropodidae_Dorcopsulus_vanheurni           0.0615902 0.0948404 0.0685491 0.0202740 0.0198527 0.1156201 0.0644845 0.0699442 0.0204238 0.1401328 0.0787339 0.1142767 0.0918736 0.0667617 0.0851436 0.1276938 0.1173709 0.0766594 0.1258228 0.0000000 0.0875154 0.1271732 0.1331140 0.1020798 0.0319402 0.0703168 0.0686820 0.0074233 0.0778109 0.1000505 0.0822559 0.0689610 0.1325927 0.1209935 0.1247117 0.2160332 0.2160332 
Pseudochiridae_Pseudochirulus_forbesi        0.0721715 0.1108422 0.0811499 0.0954512 0.0955882 0.1364173 0.0758464 0.0956353 0.0955711 0.1580480 0.0910712 0.1213784 0.1142506 0.0856604 0.0787316 0.1488645 0.1402315 0.0899095 0.1343714 0.0875154 0.0000000 0.1675470 0.1622069 0.1225871 0.0816396 0.0912547 0.0356961 0.0875134 0.0239518 0.0979646 0.0756243 0.0902512 0.1518752 0.1368182 0.1365993 0.4081021 0.4081021 
Didelphidae_Didelphis_virginiana             0.1396937 0.1462895 0.1361425 0.1307462 0.1241585 0.1465573 0.1168641 0.1448666 0.1341109 0.1407501 0.1408619 0.1489255 0.1577441 0.1300380 0.1706624 0.1487667 0.1502468 0.1531298 0.1278726 0.1271732 0.1675470 0.0000000 0.0317735 0.1548733 0.1151890 0.1299350 0.1289361 0.1295279 0.1349373 0.1555909 0.1386636 0.1323594 0.1672116 0.1508570 0.1308426 0.1753836 0.1753836 
Marmosidae_Monodelphis_domestica             0.1412791 0.1510619 0.1447083 0.1448763 0.1399555 0.1772136 0.1193729 0.1465516 0.1436194 0.1701096 0.1498801 0.1673176 0.1848675 0.1368999 0.1617523 0.1770596 0.1783619 0.1708622 0.1437529 0.1331140 0.1622069 0.0317735 0.0000000 0.1862507 0.1376023 0.1376310 0.1294363 0.1343491 0.1525871 0.1752525 0.1543077 0.1406510 0.1723963 0.1768151 0.1418833 0.1718262 0.1718262 
Dasyuridae_Antechinus_stuartii               0.1051187 0.1062370 0.1013667 0.1080370 0.1080597 0.0123354 0.1031632 0.1164555 0.1130047 0.1473255 0.1179577 0.0035994 0.0223822 0.1084388 0.1254015 0.0045046 0.0132503 0.0156898 0.1293085 0.1020798 0.1225871 0.1548733 0.1862507 0.0000000 0.0890713 0.0935811 0.0991180 0.1003436 0.1037327 0.1511040 0.1082816 0.1120786 0.1405378 0.0135336 0.1308443 0.0587410 0.0587410 
Hypsiprymnodontidae_Hypsiprymnodon_moschatus 0.0600715 0.0923304 0.0676853 0.0364661 0.0354834 0.1101908 0.0622536 0.0731350 0.0376455 0.1484281 0.0794478 0.1136472 0.0834408 0.0692227 0.0769661 0.1226675 0.1145664 0.0690385 0.1240316 0.0319402 0.0816396 0.1151890 0.1376023 0.0890713 0.0000000 0.0656882 0.0651195 0.0334234 0.0811558 0.1041145 0.0715711 0.0717132 0.1380689 0.1199486 0.1250416 0.2034002 0.2034002 
Microbiotheriidae_Dromiciops_gliroides       0.0671600 0.0709020 0.0575835 0.0736606 0.0747957 0.1010994 0.0723604 0.0911771 0.0788262 0.1138464 0.0920451 0.1041602 0.0915833 0.0829161 0.0818336 0.1168537 0.1076635 0.0800079 0.0964050 0.0703168 0.0912547 0.1299350 0.1376310 0.0935811 0.0656882 0.0000000 0.0710055 0.0690563 0.0826906 0.1041971 0.0743717 0.0845844 0.1174882 0.1043461 0.0956888 0.1686585 0.1686585 
Pseudochiridae_Petauroides_volans            0.0543135 0.0864819 0.0645601 0.0735428 0.0724852 0.1145412 0.0572798 0.0697929 0.0766204 0.1295194 0.0739167 0.1131702 0.0910615 0.0627475 0.0592670 0.1248427 0.1169345 0.0817154 0.1042522 0.0686820 0.0356961 0.1289361 0.1294363 0.0991180 0.0651195 0.0710055 0.0000000 0.0679457 0.0281734 0.0732052 0.0575785 0.0680324 0.1228528 0.1168316 0.1110196 0.1916604 0.1916604 
Macropodidae_Wallabia_bicolor                0.0620173 0.0921347 0.0679459 0.0192710 0.0195612 0.1138437 0.0631978 0.0725571 0.0201091 0.1370011 0.0783786 0.1153628 0.0906683 0.0689583 0.0819982 0.1259270 0.1156601 0.0756850 0.1243396 0.0074233 0.0875134 0.1295279 0.1343491 0.1003436 0.0334234 0.0690563 0.0679457 0.0000000 0.0795367 0.1003234 0.0795743 0.0722833 0.1307006 0.1209936 0.1199211 0.2160332 0.2160332 
Pseudochiridae_Pseudocheirus_occidentalis    0.0633033 0.0934994 0.0761747 0.0874273 0.0876469 0.1281276 0.0664182 0.0768562 0.0854845 0.1314001 0.0824379 0.1266638 0.0907891 0.0776332 0.0762279 0.1435297 0.1358072 0.0807700 0.1281495 0.0778109 0.0239518 0.1349373 0.1525871 0.1037327 0.0811558 0.0826906 0.0281734 0.0795367 0.0000000 0.0892775 0.0781758 0.0809454 0.1313138 0.1326259 0.1290103 0.1817399 0.1817399 
Tarsipedidae_Tarsipes_rostratus              0.0870412 0.1180033 0.0963315 0.1076238 0.1048218 0.1546254 0.0911556 0.1088506 0.1085524 0.1601069 0.1035659 0.1585461 0.1408264 0.0954220 0.0861709 0.1665283 0.1570249 0.1352799 0.1382194 0.1000505 0.0979646 0.1555909 0.1752525 0.1511040 0.1041145 0.1041971 0.0732052 0.1003234 0.0892775 0.0000000 0.0922838 0.0992584 0.1569302 0.1574905 0.1349816 0.2542771 0.2542771 
Acrobatidae_Distoechurus_pennatus            0.0645370 0.1028579 0.0731450 0.0842891 0.0852841 0.1258299 0.0700116 0.0851805 0.0878662 0.1461993 0.0849002 0.1150907 0.1107793 0.0794453 0.0411047 0.1336227 0.1267004 0.0912625 0.1254891 0.0822559 0.0756243 0.1386636 0.1543077 0.1082816 0.0715711 0.0743717 0.0575785 0.0795743 0.0781758 0.0922838 0.0000000 0.0819248 0.1486610 0.1293160 0.1260758 0.2304804 0.2304804 
Phalangeridae_Phalanger_carmelitae           0.0540228 0.0939265 0.0676270 0.0812369 0.0791201 0.1251662 0.0236567 0.0104136 0.0796038 0.1283848 0.0160675 0.1246544 0.0985527 0.0047337 0.0835217 0.1389018 0.1244111 0.0897945 0.1142373 0.0689610 0.0902512 0.1323594 0.1406510 0.1120786 0.0717132 0.0845844 0.0680324 0.0722833 0.0809454 0.0992584 0.0819248 0.0000000 0.1246325 0.1302065 0.1152718 0.2071518 0.2071518 
Peramelidae_Peroryctes_raffrayana            0.1152375 0.1214097 0.1044912 0.1417483 0.1399441 0.1536483 0.1136473 0.1226760 0.1488939 0.0223762 0.1319406 0.1603931 0.1326528 0.1243122 0.1486312 0.1722909 0.1549089 0.1272738 0.0189250 0.1325927 0.1518752 0.1672116 0.1723963 0.1405378 0.1380689 0.1174882 0.1228528 0.1307006 0.1313138 0.1569302 0.1486610 0.1246325 0.0000000 0.1550557 0.0215861 0.2342932 0.2342932 
Dasyuridae_Dasyurus_geffroii                 0.1151968 0.1184509 0.1039750 0.1260524 0.1264212 0.0066731 0.1222222 0.1390007 0.1347880 0.1575848 0.1379569 0.0144088 0.0149669 0.1282848 0.1370742 0.0162137 0.0067360 0.0115031 0.1423464 0.1209935 0.1368182 0.1508570 0.1768151 0.0135336 0.1199486 0.1043461 0.1168316 0.1209936 0.1326259 0.1574905 0.1293160 0.1302065 0.1550557 0.0000000 0.1406029 0.0473332 0.0473332 
Peramelidae_Perameles_gunnii                 0.1071378 0.1082411 0.0912464 0.1317041 0.1269062 0.1382233 0.1052871 0.1219358 0.1361997 0.0016511 0.1150215 0.1460996 0.1243493 0.1129665 0.1304354 0.1535259 0.1393220 0.1155352 0.0140478 0.1247117 0.1365993 0.1308426 0.1418833 0.1308443 0.1250416 0.0956888 0.1110196 0.1199211 0.1290103 0.1349816 0.1260758 0.1152718 0.0215861 0.1406029 0.0000000 0.1782331 0.1782331 
Myrmecobiidae_Myrmecobius_fasciatus1         0.2388105 0.1846325 0.1662195 0.2163462 0.2163462 0.0533886 0.2209805 0.1988702 0.2268299 0.1861643 0.2523975 9.0000000 0.0642815 0.1988702 0.2211099 0.0636755 0.0367721 0.0741126 0.1592366 0.2160332 0.4081021 0.1753836 0.1718262 0.0587410 0.2034002 0.1686585 0.1916604 0.2160332 0.1817399 0.2542771 0.2304804 0.2071518 0.2342932 0.0473332 0.1782331 0.0000000 0.0000010 
Myrmecobiidae_Myrmecobius_fasciatus2         0.2388105 0.1846325 0.1662195 0.2163462 0.2163462 0.0533886 0.2209805 0.1988702 0.2268299 0.1861643 0.2523975 9.0000000 0.0642815 0.1988702 0.2211099 0.0636755 0.0367721 0.0741126 0.1592366 0.2160332 0.4081021 0.1753836 0.1718262 0.0587410 0.2034002 0.1686585 0.1916604 0.2160332 0.1817399 0.2542771 0.2304804 0.2071518 0.2342932 0.0473332 0.1782331 0.0000010 0.0000000 
