35
Burramyidae_Burramys_parvus                  0.0000000 0.0932081 0.0657245 0.0807621 0.0951701 0.1282200 0.0742501 0.0604119 0.0900800 0.0554062 0.1134423 0.1192953 0.0612024 0.1175986 0.1122714 0.1252114 0.0705940 0.1041428 0.0773568 0.0544375 0.1318385 0.1401783 0.1106876 0.0917238 0.0802288 0.0938127 0.0578320 0.0818631 0.0598504 0.0851796 0.1306160 0.1147809 0.1686014 0.0452728 0.1316575 
Notoryctidae_Notoryctes_typhlops             0.0932081 0.0000000 0.0899671 0.1066098 0.1178990 0.1343744 0.1100590 0.0946893 0.1138576 0.0818301 0.1350375 0.1502836 0.0944534 0.1554547 0.1353581 0.1279184 0.0926197 0.1032425 0.1060296 0.0795996 0.1454420 0.1571978 0.1165264 0.1226395 0.1049405 0.1165205 0.0968336 0.1021720 0.0921201 0.1168972 0.1367853 0.1161076 0.1740537 0.0453458 0.1287597 
Vombatidae_Lasiorhinus_latifrons             0.0657245 0.0899671 0.0000000 0.0812159 0.0876950 0.0683789 0.0876888 0.0654443 0.0939972 0.0567278 0.0793103 0.0829350 0.0686171 0.1427439 0.0793464 0.0659065 0.0450535 0.1024517 0.0820759 0.0491448 0.0623370 0.0727080 0.0555402 0.0427413 0.0270324 0.0906905 0.0655333 0.0892921 0.0442253 0.0931073 0.0684532 0.1088886 0.0867135 0.0167784 0.1432005 
Potoroidae_Bettongia_penicillata             0.0807621 0.1066098 0.0812159 0.0000000 0.0051138 0.1449650 0.0804484 0.0692111 0.0084525 0.0574513 0.1433820 0.1585210 0.0666675 0.1340994 0.1473827 0.1390522 0.0936698 0.1141465 0.0199306 0.0755058 0.1449043 0.1436224 0.1291443 0.0728702 0.1043258 0.0231997 0.0879349 0.1020482 0.0760659 0.0913912 0.1475702 0.1211221 0.2007110 0.0595577 0.1134476 
Potoroidae_Bettongia_lesueur                 0.0951701 0.1178990 0.0876950 0.0051138 0.0000000 0.1539119 0.0991820 0.0871041 0.0104582 0.0754007 0.1495669 0.1650495 0.0790760 0.1517532 0.1546533 0.1469322 0.1079462 0.1260939 0.0294999 0.0856321 0.1541910 0.1573701 0.1376232 0.0823261 0.1112012 0.0381377 0.1005949 0.1106426 0.0950843 0.1002167 0.1550704 0.1397693 0.1979196 0.0771031 0.1474978 
Dasyuridae_Dasyurus_maculatus                0.1282200 0.1343744 0.0683789 0.1449650 0.1539119 0.0000000 0.1615011 0.1398699 0.1594449 0.1249962 0.0303227 0.0395822 0.1363959 0.2019542 0.0282642 0.0072034 0.0135491 0.1368346 0.1451410 0.1186031 0.1115391 0.1167040 0.0149899 0.0924483 0.0805140 0.1578364 0.1440481 0.1479565 0.1047122 0.1605235 0.0038080 0.1521207 0.1283350 0.0480112 0.1554563 
Phalangeridae_Trichosurus_vulpecula          0.0742501 0.1100590 0.0876888 0.0804484 0.0991820 0.1615011 0.0000000 0.0400209 0.0941282 0.0344383 0.1563219 0.1690736 0.0552294 0.1504605 0.1597302 0.1557293 0.1094260 0.1260443 0.0889252 0.0765265 0.1517381 0.1599554 0.1437070 0.1162553 0.1048859 0.1001632 0.0970993 0.0920212 0.0879494 0.0786256 0.1627378 0.1325572 0.2218068 0.0775267 0.1703355 
Phalangeridae_Spilocuscus_maculatus          0.0604119 0.0946893 0.0654443 0.0692111 0.0871041 0.1398699 0.0400209 0.0000000 0.0808759 0.0087622 0.1310247 0.1431029 0.0342271 0.1381629 0.1344447 0.1356794 0.0869413 0.1110096 0.0750108 0.0562431 0.1403142 0.1411735 0.1223272 0.0972074 0.0820033 0.0854122 0.0686734 0.0783323 0.0648657 0.0566630 0.1408973 0.1107294 0.1808780 0.0558240 0.1359612 
Potoroidae_Aepyprymnus_rufescens             0.0900800 0.1138576 0.0939972 0.0084525 0.0104582 0.1594449 0.0941282 0.0808759 0.0000000 0.0708757 0.1516049 0.1659689 0.0732236 0.1557225 0.1576447 0.1547252 0.1045396 0.1236589 0.0250216 0.0835792 0.1567034 0.1605892 0.1418426 0.0857278 0.1172848 0.0343492 0.0994261 0.1082697 0.0860953 0.0978308 0.1606449 0.1385225 0.2035698 0.0680251 0.1413935 
Phalangeridae_Strigocuscus_pelengensis       0.0554062 0.0818301 0.0567278 0.0574513 0.0754007 0.1249962 0.0344383 0.0087622 0.0708757 0.0000000 0.1169844 0.1305580 0.0290513 0.1305439 0.1220614 0.1208593 0.0736894 0.1050873 0.0653575 0.0472875 0.1265240 0.1303804 0.1099168 0.0878212 0.0724620 0.0776088 0.0602804 0.0761319 0.0525968 0.0516016 0.1277079 0.1048931 0.1727872 0.0434699 0.1310134 
Dasyuridae_Phascogale_tapoatafa              0.1134423 0.1350375 0.0793103 0.1433820 0.1495669 0.0303227 0.1563219 0.1310247 0.1516049 0.1169844 0.0000000 0.0216578 0.1300447 0.1971115 0.0023661 0.0274469 0.0110091 0.1407994 0.1446649 0.1105804 0.1299215 0.1326682 0.0168606 0.0994561 0.0940706 0.1564439 0.1324183 0.1426672 0.0882865 0.1537694 0.0308048 0.1636757 0.0927121 0.0390224 0.1635661 
Dasyuridae_Sminthopsis_macroura              0.1192953 0.1502836 0.0829350 0.1585210 0.1650495 0.0395822 0.1690736 0.1431029 0.1659689 0.1305580 0.0216578 0.0000000 0.1447284 0.2033583 0.0199471 0.0360189 0.0105210 0.1531335 0.1587490 0.1224347 0.1408118 0.1429525 0.0330252 0.1183856 0.1123258 0.1709373 0.1528318 0.1537895 0.1004759 0.1694763 0.0403098 0.1682566 0.0866025 0.0427001 0.1795191 
Phalangeridae_Phalanger_orientalis           0.0612024 0.0944534 0.0686171 0.0666675 0.0790760 0.1363959 0.0552294 0.0342271 0.0732236 0.0290513 0.1300447 0.1447284 0.0000000 0.1145315 0.1346907 0.1322511 0.0771020 0.1096697 0.0703918 0.0542948 0.1415167 0.1366316 0.1189709 0.0929037 0.0865223 0.0802201 0.0599564 0.0791960 0.0585038 0.0137793 0.1373867 0.1130902 0.1785579 0.0467214 0.1217290 
Acrobatidae_Acrobates_pygmaeus               0.1175986 0.1554547 0.1427439 0.1340994 0.1517532 0.2019542 0.1504605 0.1381629 0.1557225 0.1305439 0.1971115 0.2033583 0.1145315 0.0000000 0.1995769 0.1975765 0.1403485 0.1687043 0.1486407 0.1231392 0.1857899 0.1962532 0.1902774 0.1712143 0.1539351 0.1604156 0.1099030 0.1463893 0.0964226 0.1362916 0.2045799 0.1743099 0.2113755 0.0681493 0.1282734 
Dasyuridae_Phascogale_calura                 0.1122714 0.1353581 0.0793464 0.1473827 0.1546533 0.0282642 0.1597302 0.1344447 0.1576447 0.1220614 0.0023661 0.0199471 0.1346907 0.1995769 0.0000000 0.0255098 0.0095757 0.1443641 0.1507430 0.1117196 0.1296751 0.1303955 0.0158459 0.1029424 0.0967709 0.1625844 0.1355582 0.1463322 0.0924527 0.1586786 0.0286988 0.1646328 0.0951828 0.0410139 0.1654547 
Dasyuridae_Sarcophilus_harrisii              0.1252114 0.1279184 0.0659065 0.1390522 0.1469322 0.0072034 0.1557293 0.1356794 0.1547252 0.1208593 0.0274469 0.0360189 0.1322511 0.1975765 0.0255098 0.0000000 0.0130191 0.1332898 0.1428989 0.1168170 0.1098222 0.1129155 0.0139982 0.0864443 0.0791636 0.1531720 0.1369341 0.1425443 0.0997625 0.1561489 0.0085066 0.1497020 0.1282334 0.0450552 0.1529562 
Dasyuridae_Planigale_tenuirostris            0.0705940 0.0926197 0.0450535 0.0936698 0.1079462 0.0135491 0.1094260 0.0869413 0.1045396 0.0736894 0.0110091 0.0105210 0.0771020 0.1403485 0.0095757 0.0130191 0.0000000 0.1002130 0.0869197 0.0643525 0.0933862 0.0977972 0.0086308 0.0707114 0.0640193 0.1113482 0.0819402 0.0981383 0.0842607 0.1033341 0.0136564 0.1197778 0.0605215 0.0344098 0.0962923 
Peramelidae_Echymipera_kalubu                0.1041428 0.1032425 0.1024517 0.1141465 0.1260939 0.1368346 0.1260443 0.1110096 0.1236589 0.1050873 0.1407994 0.1531335 0.1096697 0.1687043 0.1443641 0.1332898 0.1002130 0.0000000 0.1133580 0.0989738 0.1450615 0.1574909 0.1304019 0.1415234 0.1222466 0.1312974 0.1116496 0.1228965 0.1123878 0.1341678 0.1378034 0.0204799 0.0679264 0.0590585 0.0307347 
Macropodidae_Dorcopsulus_vanheurni           0.0773568 0.1060296 0.0820759 0.0199306 0.0294999 0.1451410 0.0889252 0.0750108 0.0250216 0.0653575 0.1446649 0.1587490 0.0703918 0.1486407 0.1507430 0.1428989 0.0869197 0.1133580 0.0000000 0.0721752 0.1408258 0.1451721 0.1348162 0.0822600 0.0996904 0.0182653 0.0787444 0.0980382 0.0850948 0.0936498 0.1486571 0.1250259 0.1907139 0.0485100 0.1273472 
Pseudochiridae_Pseudochirulus_forbesi        0.0544375 0.0795996 0.0491448 0.0755058 0.0856321 0.1186031 0.0765265 0.0562431 0.0835792 0.0472875 0.1105804 0.1224347 0.0542948 0.1231392 0.1117196 0.1168170 0.0643525 0.0989738 0.0721752 0.0000000 0.1059220 0.1118510 0.1026037 0.0810828 0.0354412 0.0877645 0.0135669 0.0521857 0.0435557 0.0806373 0.1169680 0.1025960 0.1319547 0.0329208 0.1077036 
Didelphidae_Didelphis_virginiana             0.1318385 0.1454420 0.0623370 0.1449043 0.1541910 0.1115391 0.1517381 0.1403142 0.1567034 0.1265240 0.1299215 0.1408118 0.1415167 0.1857899 0.1296751 0.1098222 0.0933862 0.1450615 0.1408258 0.1059220 0.0000000 0.0320811 0.1021195 0.0959349 0.0798322 0.1537851 0.1112097 0.1461450 0.1014072 0.1538775 0.1118708 0.1533056 0.1412408 0.0412181 0.1752033 
Marmosidae_Monodelphis_domestica             0.1401783 0.1571978 0.0727080 0.1436224 0.1573701 0.1167040 0.1599554 0.1411735 0.1605892 0.1303804 0.1326682 0.1429525 0.1366316 0.1962532 0.1303955 0.1129155 0.0977972 0.1574909 0.1451721 0.1118510 0.0320811 0.0000000 0.1023384 0.0994693 0.0898350 0.1610158 0.1219552 0.1557935 0.1068447 0.1529706 0.1178677 0.1694257 0.1373608 0.0406250 0.1702518 
Dasyuridae_Antechinus_stuartii               0.1106876 0.1165264 0.0555402 0.1291443 0.1376232 0.0149899 0.1437070 0.1223272 0.1418426 0.1099168 0.0168606 0.0330252 0.1189709 0.1902774 0.0158459 0.0139982 0.0086308 0.1304019 0.1348162 0.1026037 0.1021195 0.1023384 0.0000000 0.0759003 0.0729030 0.1437517 0.1202289 0.1360654 0.0908482 0.1426872 0.0151603 0.1491159 0.1214452 0.0361722 0.1410197 
Hypsiprymnodontidae_Hypsiprymnodon_moschatus 0.0917238 0.1226395 0.0427413 0.0728702 0.0823261 0.0924483 0.1162553 0.0972074 0.0857278 0.0878212 0.0994561 0.1183856 0.0929037 0.1712143 0.1029424 0.0864443 0.0707114 0.1415234 0.0822600 0.0810828 0.0959349 0.0994693 0.0759003 0.0000000 0.0509682 0.0936730 0.0923211 0.1096969 0.0604157 0.1115515 0.0952005 0.1478264 0.1336574 0.0469952 0.1793883 
Pseudochiridae_Petauroides_volans            0.0802288 0.1049405 0.0270324 0.1043258 0.1112012 0.0805140 0.1048859 0.0820033 0.1172848 0.0724620 0.0940706 0.1123258 0.0865223 0.1539351 0.0967709 0.0791636 0.0640193 0.1222466 0.0996904 0.0354412 0.0798322 0.0898350 0.0729030 0.0509682 0.0000000 0.1120317 0.0430422 0.0818501 0.0471282 0.1091347 0.0808282 0.1324924 0.1081286 0.0244316 0.1594558 
Macropodidae_Wallabia_bicolor                0.0938127 0.1165205 0.0906905 0.0231997 0.0381377 0.1578364 0.1001632 0.0854122 0.0343492 0.0776088 0.1564439 0.1709373 0.0802201 0.1604156 0.1625844 0.1531720 0.1113482 0.1312974 0.0182653 0.0877645 0.1537851 0.1610158 0.1437517 0.0936730 0.1120317 0.0000000 0.0981588 0.1137351 0.0998030 0.1104890 0.1625504 0.1448576 0.2156097 0.0692231 0.1516157 
Pseudochiridae_Pseudocheirus_occidentalis    0.0578320 0.0968336 0.0655333 0.0879349 0.1005949 0.1440481 0.0970993 0.0686734 0.0994261 0.0602804 0.1324183 0.1528318 0.0599564 0.1099030 0.1355582 0.1369341 0.0819402 0.1116496 0.0787444 0.0135669 0.1112097 0.1219552 0.1202289 0.0923211 0.0430422 0.0981588 0.0000000 0.0543020 0.0444274 0.0576104 0.1422540 0.1130842 0.1342991 0.0359914 0.1036883 
Tarsipedidae_Tarsipes_rostratus              0.0818631 0.1021720 0.0892921 0.1020482 0.1106426 0.1479565 0.0920212 0.0783323 0.1082697 0.0761319 0.1426672 0.1537895 0.0791960 0.1463893 0.1463322 0.1425443 0.0981383 0.1228965 0.0980382 0.0521857 0.1461450 0.1557935 0.1360654 0.1096969 0.0818501 0.1137351 0.0543020 0.0000000 0.0874785 0.1009734 0.1524280 0.1306327 0.1579618 0.0440521 0.1300865 
Acrobatidae_Distoechurus_pennatus            0.0598504 0.0921201 0.0442253 0.0760659 0.0950843 0.1047122 0.0879494 0.0648657 0.0860953 0.0525968 0.0882865 0.1004759 0.0585038 0.0964226 0.0924527 0.0997625 0.0842607 0.1123878 0.0850948 0.0435557 0.1014072 0.1068447 0.0908482 0.0604157 0.0471282 0.0998030 0.0444274 0.0874785 0.0000000 0.0802165 0.1011207 0.1260567 0.0533954 0.0273237 0.1092765 
Phalangeridae_Phalanger_carmelitae           0.0851796 0.1168972 0.0931073 0.0913912 0.1002167 0.1605235 0.0786256 0.0566630 0.0978308 0.0516016 0.1537694 0.1694763 0.0137793 0.1362916 0.1586786 0.1561489 0.1033341 0.1341678 0.0936498 0.0806373 0.1538775 0.1529706 0.1426872 0.1115515 0.1091347 0.1104890 0.0576104 0.1009734 0.0802165 0.0000000 0.1617466 0.1379690 0.1748730 0.0830326 0.1379244 
Dasyuridae_Dasyurus_geffroii                 0.1306160 0.1367853 0.0684532 0.1475702 0.1550704 0.0038080 0.1627378 0.1408973 0.1606449 0.1277079 0.0308048 0.0403098 0.1373867 0.2045799 0.0286988 0.0085066 0.0136564 0.1378034 0.1486571 0.1169680 0.1118708 0.1178677 0.0151603 0.0952005 0.0808282 0.1625504 0.1422540 0.1524280 0.1011207 0.1617466 0.0000000 0.1532310 0.1302483 0.0458637 0.1573462 
Peramelidae_Perameles_gunnii                 0.1147809 0.1161076 0.1088886 0.1211221 0.1397693 0.1521207 0.1325572 0.1107294 0.1385225 0.1048931 0.1636757 0.1682566 0.1130902 0.1743099 0.1646328 0.1497020 0.1197778 0.0204799 0.1250259 0.1025960 0.1533056 0.1694257 0.1491159 0.1478264 0.1324924 0.1448576 0.1130842 0.1306327 0.1260567 0.1379690 0.1532310 0.0000000 0.0442187 0.0700020 0.0284718 
Peramelidae_Perameles_nasuta                 0.1686014 0.1740537 0.0867135 0.2007110 0.1979196 0.1283350 0.2218068 0.1808780 0.2035698 0.1727872 0.0927121 0.0866025 0.1785579 0.2113755 0.0951828 0.1282334 0.0605215 0.0679264 0.1907139 0.1319547 0.1412408 0.1373608 0.1214452 0.1336574 0.1081286 0.2156097 0.1342991 0.1579618 0.0533954 0.1748730 0.1302483 0.0442187 0.0000000 0.0556403 0.1031779 
Microbiotheriidae_Dromiciops_gliroides       0.0452728 0.0453458 0.0167784 0.0595577 0.0771031 0.0480112 0.0775267 0.0558240 0.0680251 0.0434699 0.0390224 0.0427001 0.0467214 0.0681493 0.0410139 0.0450552 0.0344098 0.0590585 0.0485100 0.0329208 0.0412181 0.0406250 0.0361722 0.0469952 0.0244316 0.0692231 0.0359914 0.0440521 0.0273237 0.0830326 0.0458637 0.0700020 0.0556403 0.0000000 0.1054622 
Peramelidae_Peroryctes_raffrayana            0.1316575 0.1287597 0.1432005 0.1134476 0.1474978 0.1554563 0.1703355 0.1359612 0.1413935 0.1310134 0.1635661 0.1795191 0.1217290 0.1282734 0.1654547 0.1529562 0.0962923 0.0307347 0.1273472 0.1077036 0.1752033 0.1702518 0.1410197 0.1793883 0.1594558 0.1516157 0.1036883 0.1300865 0.1092765 0.1379244 0.1573462 0.0284718 0.1031779 0.1054622 0.0000000 
