37
Burramyidae_Burramys_parvus                  0.0000000 0.0617647 0.0408473 0.0509517 0.0513716 0.0542103 0.0307287 0.0329429 0.0515573 0.0782765 0.0304410 0.0561045 0.0572954 0.0327734 0.0597861 0.0547746 0.0565965 0.0778759 0.0481672 0.0485882 0.0954921 0.0622522 0.0556065 0.0454043 0.0519150 0.0463410 0.0480573 0.0347697 0.0639147 0.0423920 0.0327121 0.0737231 0.0542442 0.0784788 0.0247625 0.0275151 0.0275151 
Notoryctidae_Notoryctes_typhlops             0.0617647 0.0000000 0.0640917 0.0746568 0.0766926 0.0720004 0.0604183 0.0623512 0.0737016 0.1008287 0.0573090 0.0739466 0.0777207 0.0620008 0.0779812 0.0718491 0.0781232 0.0980554 0.0720921 0.0752920 0.1142148 0.0803507 0.0731743 0.0718281 0.0690282 0.0796074 0.0781844 0.0634512 0.0988141 0.0732617 0.0610314 0.0934818 0.0716032 0.1005746 0.0417185 9.0000000 9.0000000 
Vombatidae_Lasiorhinus_latifrons             0.0408473 0.0640917 0.0000000 0.0512429 0.0513074 0.0541101 0.0364052 0.0407291 0.0554459 0.0812471 0.0354013 0.0555865 0.0554047 0.0397800 0.0592557 0.0550363 0.0563034 0.0803821 0.0502282 0.0531437 0.0917817 0.0617689 0.0539903 0.0488339 0.0493509 0.0501835 0.0524802 0.0392159 0.0650795 0.0468139 0.0390429 0.0764027 0.0541590 0.0816338 0.0260529 0.0388780 0.0388780 
Potoroidae_Bettongia_penicillata             0.0509517 0.0746568 0.0512429 0.0000000 0.0041384 0.0666323 0.0438804 0.0469180 0.0072141 0.0881355 0.0415983 0.0698005 0.0687800 0.0459137 0.0735804 0.0661453 0.0678793 0.0869790 0.0271317 0.0616421 0.1061035 0.0723585 0.0677234 0.0350110 0.0611319 0.0567383 0.0296475 0.0481355 0.0728693 0.0537518 0.0448110 0.0854979 0.0667020 0.0887722 0.0270890 0.0340834 0.0340834 
Potoroidae_Bettongia_lesueur                 0.0513716 0.0766926 0.0513074 0.0041384 0.0000000 0.0678526 0.0453236 0.0476564 0.0086170 0.0899499 0.0430444 0.0710086 0.0692324 0.0463107 0.0748034 0.0673405 0.0685036 0.0891872 0.0275085 0.0625277 0.1062124 0.0728170 0.0689203 0.0360489 0.0620754 0.0572243 0.0293197 0.0486742 0.0733736 0.0545637 0.0451871 0.0866062 0.0678963 0.0906347 0.0273692 0.0318840 0.0318840 
Dasyuridae_Dasyurus_maculatus                0.0542103 0.0720004 0.0541101 0.0666323 0.0678526 0.0000000 0.0482676 0.0510850 0.0610994 0.0850131 0.0462799 0.0110414 0.0144863 0.0511173 0.0128712 0.0032325 0.0140020 0.0829713 0.0675212 0.0651009 0.1062671 0.0732234 0.0098008 0.0627150 0.0583563 0.0664234 0.0704886 0.0582436 0.0852018 0.0588523 0.0503317 0.0778268 0.0017516 0.0849683 0.0365563 0.0386411 0.0386411 
Phalangeridae_Trichosurus_vulpecula          0.0307287 0.0604183 0.0364052 0.0438804 0.0453236 0.0482676 0.0000000 0.0147366 0.0479161 0.0766606 0.0111993 0.0484020 0.0509324 0.0144408 0.0519423 0.0477190 0.0517609 0.0732958 0.0429933 0.0470532 0.0922836 0.0599795 0.0492903 0.0399990 0.0513174 0.0413608 0.0443794 0.0309836 0.0589998 0.0377739 0.0128852 0.0709399 0.0483168 0.0769006 0.0219128 0.0231850 0.0231850 
Phalangeridae_Spilocuscus_maculatus          0.0329429 0.0623512 0.0407291 0.0469180 0.0476564 0.0510850 0.0147366 0.0000000 0.0516909 0.0768311 0.0068879 0.0529965 0.0532944 0.0095208 0.0565817 0.0501594 0.0536898 0.0750096 0.0443496 0.0504189 0.0921672 0.0630695 0.0514283 0.0405669 0.0523391 0.0458277 0.0457850 0.0376500 0.0616012 0.0421440 0.0079983 0.0720046 0.0511167 0.0771390 0.0260574 0.0296955 0.0296955 
Potoroidae_Aepyprymnus_rufescens             0.0515573 0.0737016 0.0554459 0.0072141 0.0086170 0.0610994 0.0479161 0.0516909 0.0000000 0.0892471 0.0455882 0.0628526 0.0651275 0.0490663 0.0666264 0.0607351 0.0622880 0.0873119 0.0330746 0.0544154 0.1145400 0.0648293 0.0614766 0.0372688 0.0579311 0.0601076 0.0370866 0.0473759 0.0767714 0.0570664 0.0479254 0.0821499 0.0622556 0.0907455 0.0185212 0.0319068 0.0319068 
Peramelidae_Perameles_nasuta                 0.0782765 0.1008287 0.0812471 0.0881355 0.0899499 0.0850131 0.0766606 0.0768311 0.0892471 0.0000000 0.0725053 0.0877310 0.0861731 0.0775437 0.0905768 0.0848256 0.0841732 0.0157360 0.0863509 0.0886338 0.1412428 0.1003825 0.0844538 0.0865889 0.0839965 0.0899860 0.0918130 0.0840364 0.1023879 0.0896582 0.0766839 0.0158532 0.0846672 0.0020869 0.0578703 0.0083120 0.0083120 
Phalangeridae_Strigocuscus_pelengensis       0.0304410 0.0573090 0.0354013 0.0415983 0.0430444 0.0462799 0.0111993 0.0068879 0.0455882 0.0725053 0.0000000 0.0481295 0.0488790 0.0062805 0.0517449 0.0467538 0.0490450 0.0705284 0.0421368 0.0465210 0.0892149 0.0600614 0.0469905 0.0376850 0.0486033 0.0431990 0.0422738 0.0324485 0.0573732 0.0382400 0.0047683 0.0680245 0.0463086 0.0724875 0.0237357 0.0261902 0.0261902 
Dasyuridae_Phascogale_tapoatafa              0.0561045 0.0739466 0.0555865 0.0698005 0.0710086 0.0110414 0.0484020 0.0529965 0.0628526 0.0877310 0.0481295 0.0000000 0.0173122 0.0530510 0.0032283 0.0107566 0.0168730 0.0860538 0.0703617 0.0661384 0.1075279 0.0750585 0.0064938 0.0651565 0.0612758 0.0696476 0.0722464 0.0591711 0.0898094 0.0605030 0.0522352 0.0804611 0.0098165 0.0881075 0.0374960 0.0364136 0.0364136 
Dasyuridae_Sminthopsis_macroura              0.0572954 0.0777207 0.0554047 0.0687800 0.0692324 0.0144863 0.0509324 0.0532944 0.0651275 0.0861731 0.0488790 0.0173122 0.0000000 0.0534620 0.0188832 0.0154700 0.0121024 0.0863421 0.0697073 0.0679224 0.1099108 0.0770651 0.0150876 0.0660253 0.0603060 0.0702351 0.0724456 0.0604543 0.0871776 0.0611096 0.0533573 0.0818641 0.0144946 0.0861378 0.0372725 0.0408794 0.0408794 
Phalangeridae_Phalanger_orientalis           0.0327734 0.0620008 0.0397800 0.0459137 0.0463107 0.0511173 0.0144408 0.0095208 0.0490663 0.0775437 0.0062805 0.0530510 0.0534620 0.0000000 0.0566391 0.0508785 0.0529873 0.0759383 0.0452273 0.0501102 0.0923586 0.0622725 0.0507664 0.0405732 0.0516889 0.0462946 0.0459601 0.0350811 0.0609066 0.0408343 0.0020428 0.0721539 0.0511633 0.0776694 0.0262013 0.0275542 0.0275542 
Dasyuridae_Phascogale_calura                 0.0597861 0.0779812 0.0592557 0.0735804 0.0748034 0.0128712 0.0519423 0.0565817 0.0666264 0.0905768 0.0517449 0.0032283 0.0188832 0.0566391 0.0000000 0.0125879 0.0191522 0.0884520 0.0734649 0.0698362 0.1103399 0.0788808 0.0091955 0.0681238 0.0645192 0.0734742 0.0743337 0.0628537 0.0931419 0.0641774 0.0558090 0.0833233 0.0116368 0.0913175 0.0403974 0.0364136 0.0364136 
Dasyuridae_Sarcophilus_harrisii              0.0547746 0.0718491 0.0550363 0.0661453 0.0673405 0.0032325 0.0477190 0.0501594 0.0607351 0.0848256 0.0467538 0.0107566 0.0154700 0.0508785 0.0125879 0.0000000 0.0143507 0.0831887 0.0661848 0.0641519 0.1064170 0.0742375 0.0095149 0.0621983 0.0579804 0.0666659 0.0695312 0.0580674 0.0855279 0.0586773 0.0497663 0.0776218 0.0020506 0.0852257 0.0363149 0.0386411 0.0386411 
Dasyuridae_Planigale_tenuirostris            0.0565965 0.0781232 0.0563034 0.0678793 0.0685036 0.0140020 0.0517609 0.0536898 0.0622880 0.0841732 0.0490450 0.0168730 0.0121024 0.0529873 0.0191522 0.0143507 0.0000000 0.0848602 0.0683861 0.0700106 0.1119970 0.0789417 0.0142915 0.0661484 0.0622145 0.0703888 0.0703363 0.0592731 0.0857597 0.0619800 0.0529025 0.0785663 0.0133555 0.0842609 0.0386979 0.0357004 0.0357004 
Peramelidae_Echymipera_kalubu                0.0778759 0.0980554 0.0803821 0.0869790 0.0891872 0.0829713 0.0732958 0.0750096 0.0873119 0.0157360 0.0705284 0.0860538 0.0863421 0.0759383 0.0884520 0.0831887 0.0848602 0.0000000 0.0870660 0.0897409 0.1370942 0.0971207 0.0836734 0.0866798 0.0805045 0.0903717 0.0921339 0.0815725 0.1032019 0.0873075 0.0743271 0.0122048 0.0826448 0.0160180 0.0564119 0.0125925 0.0125925 
Macropodidae_Dorcopsulus_vanheurni           0.0481672 0.0720921 0.0502282 0.0271317 0.0275085 0.0675212 0.0429933 0.0443496 0.0330746 0.0863509 0.0421368 0.0703617 0.0697073 0.0452273 0.0734649 0.0661848 0.0683861 0.0870660 0.0000000 0.0611515 0.1071090 0.0731056 0.0674505 0.0345541 0.0646340 0.0581908 0.0155149 0.0498722 0.0736857 0.0562431 0.0437237 0.0860051 0.0675659 0.0875976 0.0307897 0.0410128 0.0410128 
Pseudochiridae_Pseudochirulus_forbesi        0.0485882 0.0752920 0.0531437 0.0616421 0.0625277 0.0651009 0.0470532 0.0504189 0.0544154 0.0886338 0.0465210 0.0661384 0.0679224 0.0501102 0.0698362 0.0641519 0.0700106 0.0897409 0.0611515 0.0000000 0.1138310 0.0768300 0.0622502 0.0563860 0.0634527 0.0462330 0.0641335 0.0245384 0.0754052 0.0525811 0.0492516 0.0862331 0.0643247 0.0910720 0.0313330 9.0000000 9.0000000 
Didelphidae_Didelphis_virginiana             0.0954921 0.1142148 0.0917817 0.1061035 0.1062124 0.1062671 0.0922836 0.0921672 0.1145400 0.1412428 0.0892149 0.1075279 0.1099108 0.0923586 0.1103399 0.1064170 0.1119970 0.1370942 0.1071090 0.1138310 0.0000000 0.0468633 0.1067419 0.1051872 0.1067534 0.1098549 0.1147336 0.0882032 0.1224517 0.1042988 0.0917105 0.1326931 0.1052354 0.1405746 0.0770787 0.0430728 0.0430728 
Marmosidae_Monodelphis_domestica             0.0622522 0.0803507 0.0617689 0.0723585 0.0728170 0.0732234 0.0599795 0.0630695 0.0648293 0.1003825 0.0600614 0.0750585 0.0770651 0.0622725 0.0788808 0.0742375 0.0789417 0.0971207 0.0731056 0.0768300 0.0468633 0.0000000 0.0744173 0.0715984 0.0699098 0.0757681 0.0765053 0.0660484 0.0884099 0.0723119 0.0617755 0.0948185 0.0732709 0.0996221 0.0460718 0.0430415 0.0430415 
Dasyuridae_Antechinus_stuartii               0.0556065 0.0731743 0.0539903 0.0677234 0.0689203 0.0098008 0.0492903 0.0514283 0.0614766 0.0844538 0.0469905 0.0064938 0.0150876 0.0507664 0.0091955 0.0095149 0.0142915 0.0836734 0.0674505 0.0622502 0.1067419 0.0744173 0.0000000 0.0630742 0.0593714 0.0652308 0.0696213 0.0569421 0.0851198 0.0599077 0.0506739 0.0780207 0.0085848 0.0849174 0.0364787 0.0367012 0.0367012 
Hypsiprymnodontidae_Hypsiprymnodon_moschatus 0.0454043 0.0718281 0.0488339 0.0350110 0.0360489 0.0627150 0.0399990 0.0405669 0.0372688 0.0865889 0.0376850 0.0651565 0.0660253 0.0405732 0.0681238 0.0621983 0.0661484 0.0866798 0.0345541 0.0563860 0.1051872 0.0715984 0.0630742 0.0000000 0.0570426 0.0575244 0.0346092 0.0471741 0.0748264 0.0515752 0.0394915 0.0845719 0.0627547 0.0877216 0.0312460 0.0408423 0.0408423 
Microbiotheriidae_Dromiciops_gliroides       0.0519150 0.0690282 0.0493509 0.0611319 0.0620754 0.0583563 0.0513174 0.0523391 0.0579311 0.0839965 0.0486033 0.0612758 0.0603060 0.0516889 0.0645192 0.0579804 0.0622145 0.0805045 0.0646340 0.0634527 0.1067534 0.0699098 0.0593714 0.0570426 0.0000000 0.0622749 0.0660695 0.0542870 0.0829001 0.0588143 0.0504365 0.0778965 0.0575006 0.0838041 0.0316494 9.0000000 9.0000000 
Pseudochiridae_Petauroides_volans            0.0463410 0.0796074 0.0501835 0.0567383 0.0572243 0.0664234 0.0413608 0.0458277 0.0601076 0.0899860 0.0431990 0.0696476 0.0702351 0.0462946 0.0734742 0.0666659 0.0703888 0.0903717 0.0581908 0.0462330 0.1098549 0.0757681 0.0652308 0.0575244 0.0622749 0.0000000 0.0594775 0.0296828 0.0628658 0.0529661 0.0451701 0.0865672 0.0661197 0.0910946 0.0247407 0.0318944 0.0318944 
Macropodidae_Wallabia_bicolor                0.0480573 0.0781844 0.0524802 0.0296475 0.0293197 0.0704886 0.0443794 0.0457850 0.0370866 0.0918130 0.0422738 0.0722464 0.0724456 0.0459601 0.0743337 0.0695312 0.0703363 0.0921339 0.0155149 0.0641335 0.1147336 0.0765053 0.0696213 0.0346092 0.0660695 0.0594775 0.0000000 0.0519223 0.0772296 0.0573846 0.0443629 0.0897294 0.0705282 0.0931348 0.0300777 0.0407734 0.0407734 
Pseudochiridae_Pseudocheirus_occidentalis    0.0347697 0.0634512 0.0392159 0.0481355 0.0486742 0.0582436 0.0309836 0.0376500 0.0473759 0.0840364 0.0324485 0.0591711 0.0604543 0.0350811 0.0628537 0.0580674 0.0592731 0.0815725 0.0498722 0.0245384 0.0882032 0.0660484 0.0569421 0.0471741 0.0542870 0.0296828 0.0519223 0.0000000 0.0609088 0.0395471 0.0346593 0.0777458 0.0574709 0.0837445 0.0258412 0.0341010 0.0341010 
Tarsipedidae_Tarsipes_rostratus              0.0639147 0.0988141 0.0650795 0.0728693 0.0733736 0.0852018 0.0589998 0.0616012 0.0767714 0.1023879 0.0573732 0.0898094 0.0871776 0.0609066 0.0931419 0.0855279 0.0857597 0.1032019 0.0736857 0.0754052 0.1224517 0.0884099 0.0851198 0.0748264 0.0829001 0.0628658 0.0772296 0.0609088 0.0000000 0.0681777 0.0596775 0.0987921 0.0852964 0.1029528 0.0352824 0.0341169 0.0341169 
Acrobatidae_Distoechurus_pennatus            0.0423920 0.0732617 0.0468139 0.0537518 0.0545637 0.0588523 0.0377739 0.0421440 0.0570664 0.0896582 0.0382400 0.0605030 0.0611096 0.0408343 0.0641774 0.0586773 0.0619800 0.0873075 0.0562431 0.0525811 0.1042988 0.0723119 0.0599077 0.0515752 0.0588143 0.0529661 0.0573846 0.0395471 0.0681777 0.0000000 0.0400764 0.0843671 0.0581637 0.0890802 0.0164584 0.0452602 0.0452602 
Phalangeridae_Phalanger_carmelitae           0.0327121 0.0610314 0.0390429 0.0448110 0.0451871 0.0503317 0.0128852 0.0079983 0.0479254 0.0766839 0.0047683 0.0522352 0.0533573 0.0020428 0.0558090 0.0497663 0.0529025 0.0743271 0.0437237 0.0492516 0.0917105 0.0617755 0.0506739 0.0394915 0.0504365 0.0451701 0.0443629 0.0346593 0.0596775 0.0400764 0.0000000 0.0704888 0.0503628 0.0768480 0.0253057 0.0275152 0.0275152 
Peramelidae_Peroryctes_raffrayana            0.0737231 0.0934818 0.0764027 0.0854979 0.0866062 0.0778268 0.0709399 0.0720046 0.0821499 0.0158532 0.0680245 0.0804611 0.0818641 0.0721539 0.0833233 0.0776218 0.0785663 0.0122048 0.0860051 0.0862331 0.1326931 0.0948185 0.0780207 0.0845719 0.0778965 0.0865672 0.0897294 0.0777458 0.0987921 0.0843671 0.0704888 0.0000000 0.0774853 0.0161510 0.0541389 0.0125080 0.0125080 
Dasyuridae_Dasyurus_geffroii                 0.0542442 0.0716032 0.0541590 0.0667020 0.0678963 0.0017516 0.0483168 0.0511167 0.0622556 0.0846672 0.0463086 0.0098165 0.0144946 0.0511633 0.0116368 0.0020506 0.0133555 0.0826448 0.0675659 0.0643247 0.1052354 0.0732709 0.0085848 0.0627547 0.0575006 0.0661197 0.0705282 0.0574709 0.0852964 0.0581637 0.0503628 0.0774853 0.0000000 0.0846760 0.0356896 0.0386692 0.0386692 
Peramelidae_Perameles_gunnii                 0.0784788 0.1005746 0.0816338 0.0887722 0.0906347 0.0849683 0.0769006 0.0771390 0.0907455 0.0020869 0.0724875 0.0881075 0.0861378 0.0776694 0.0913175 0.0852257 0.0842609 0.0160180 0.0875976 0.0910720 0.1405746 0.0996221 0.0849174 0.0877216 0.0838041 0.0910946 0.0931348 0.0837445 0.1029528 0.0890802 0.0768480 0.0161510 0.0846760 0.0000000 0.0577651 0.0083596 0.0083596 
Acrobatidae_Acrobates_pygmaeus               0.0247625 0.0417185 0.0260529 0.0270890 0.0273692 0.0365563 0.0219128 0.0260574 0.0185212 0.0578703 0.0237357 0.0374960 0.0372725 0.0262013 0.0403974 0.0363149 0.0386979 0.0564119 0.0307897 0.0313330 0.0770787 0.0460718 0.0364787 0.0312460 0.0316494 0.0247407 0.0300777 0.0258412 0.0352824 0.0164584 0.0253057 0.0541389 0.0356896 0.0577651 0.0000000 0.0430066 0.0430066 
Thylacomyidae_Macrotis_lagotis1              0.0275151 9.0000000 0.0388780 0.0340834 0.0318840 0.0386411 0.0231850 0.0296955 0.0319068 0.0083120 0.0261902 0.0364136 0.0408794 0.0275542 0.0364136 0.0386411 0.0357004 0.0125925 0.0410128 9.0000000 0.0430728 0.0430415 0.0367012 0.0408423 9.0000000 0.0318944 0.0407734 0.0341010 0.0341169 0.0452602 0.0275152 0.0125080 0.0386692 0.0083596 0.0430066 0.0000000 0.0000010 
Thylacomyidae_Macrotis_lagotis2              0.0275151 9.0000000 0.0388780 0.0340834 0.0318840 0.0386411 0.0231850 0.0296955 0.0319068 0.0083120 0.0261902 0.0364136 0.0408794 0.0275542 0.0364136 0.0386411 0.0357004 0.0125925 0.0410128 9.0000000 0.0430728 0.0430415 0.0367012 0.0408423 9.0000000 0.0318944 0.0407734 0.0341010 0.0341169 0.0452602 0.0275152 0.0125080 0.0386692 0.0083596 0.0430066 0.0000010 0.0000000 
