177
I0185_86_Accipitridae_Buteo_jamaicensis                   0.0000000 0.0421987 0.0392963 0.0445270 0.0520891 0.0387145 0.0351216 0.0410511 0.0510288 0.0587638 0.0327031 0.0599794 0.0409232 0.0437910 0.0560536 0.0383316 0.0209456 0.0571879 0.0268270 0.0553074 0.0599129 0.0268144 0.0434743 0.0325226 0.0602194 0.0692066 0.0650323 0.0308175 0.0537687 0.0537048 0.0483019 0.0513413 0.0388153 0.0676935 0.0540941 0.0645833 0.0540181 0.0732968 0.0582115 0.0542382 0.0711073 0.0666449 0.0422857 0.0447796 0.0373343 0.0552932 0.0518555 0.0287193 0.0424832 0.0544053 0.0565824 0.0404722 0.0374741 0.0299670 0.0539013 0.0522268 0.0741895 0.0531378 0.0557188 0.0466387 0.0294929 0.0361253 0.0637686 0.0565790 0.0390565 0.0622827 0.0619095 0.0561610 0.0542758 0.0339626 0.0329870 0.0524967 0.0571197 0.0324343 0.0076742 0.0442187 0.0467121 0.0453251 0.0264429 0.0507786 0.0716923 0.0416703 0.0351850 0.0268065 0.0521615 0.0386491 0.0555019 0.0573473 0.0266985 0.0575606 0.0306920 0.0234604 0.0283176 0.0396740 0.0401798 0.0522730 0.0419954 0.0318621 0.0306018 0.0345082 0.0435080 0.0676050 0.0335169 0.0501436 0.0695919 0.0668752 0.0486569 0.0568332 0.0665737 0.0622448 0.0284342 0.0191675 0.0279597 0.0521631 0.0457100 0.0402720 0.0594019 0.0291454 0.0587359 0.0327006 0.0372788 0.0269273 0.0405012 0.0660738 0.0493287 0.0345203 0.0557997 0.0331973 0.0414475 0.0361466 0.0273462 0.0291583 0.0271037 0.0428025 0.0309867 0.0634873 0.0469355 0.0383546 0.0285507 0.0488887 0.0675613 0.0507705 0.0545960 0.0314281 0.0320027 0.0299686 0.0310409 0.0440949 0.0461066 0.0431310 0.0635353 0.0360119 0.0456326 0.0562638 0.0567875 0.0341641 0.0381718 0.0321367 0.0584083 0.0584911 0.0673571 0.0214253 0.0274560 0.0306969 0.0610076 0.0285525 0.0659811 0.0645803 0.0571418 0.0519715 0.1287790 0.0582482 0.0715704 0.0670892 0.0418370 0.0380082 0.0530237 
I0186_111_Momotidae_Momotus_lessonii                      0.0421987 0.0000000 0.0474362 0.0551292 0.0588161 0.0458907 0.0466349 0.0496251 0.0464303 0.0619024 0.0449435 0.0668859 0.0492756 0.0467775 0.0622914 0.0494239 0.0331996 0.0632190 0.0384675 0.0620055 0.0676760 0.0389414 0.0511449 0.0445584 0.0642431 0.0764775 0.0724273 0.0409436 0.0605360 0.0601417 0.0577848 0.0595103 0.0476209 0.0734993 0.0612511 0.0741300 0.0614317 0.0828974 0.0644949 0.0610505 0.0816250 0.0740211 0.0401524 0.0530700 0.0484387 0.0630139 0.0598264 0.0402864 0.0516403 0.0612742 0.0636522 0.0485258 0.0483822 0.0420347 0.0609608 0.0606478 0.0831946 0.0604815 0.0670675 0.0595557 0.0414046 0.0444494 0.0721223 0.0682636 0.0486314 0.0672988 0.0741251 0.0637821 0.0611116 0.0456528 0.0434661 0.0599918 0.0620818 0.0380683 0.0421471 0.0407512 0.0523988 0.0500279 0.0390839 0.0599302 0.0791469 0.0520138 0.0445227 0.0381790 0.0636295 0.0428381 0.0664528 0.0615569 0.0381664 0.0691120 0.0436337 0.0409624 0.0407557 0.0498311 0.0422866 0.0591574 0.0506554 0.0423901 0.0431829 0.0458487 0.0527852 0.0777574 0.0449198 0.0632871 0.0781057 0.0727527 0.0576678 0.0660140 0.0751679 0.0739727 0.0403478 0.0445393 0.0403321 0.0591694 0.0550284 0.0483961 0.0705519 0.0412281 0.0650077 0.0433329 0.0472119 0.0389756 0.0490554 0.0702188 0.0580406 0.0470481 0.0613000 0.0449588 0.0527297 0.0462452 0.0388488 0.0402970 0.0384448 0.0522124 0.0414822 0.0679615 0.0541871 0.0488437 0.0407797 0.0547207 0.0795951 0.0605459 0.0619047 0.0420571 0.0437168 0.0414052 0.0430828 0.0523525 0.0542286 0.0523697 0.0728900 0.0469658 0.0539183 0.0622548 0.0641082 0.0454248 0.0470865 0.0443093 0.0648168 0.0673084 0.0758102 0.0428317 0.0399785 0.0423551 0.0728569 0.0398009 0.0739925 0.0702909 0.0641691 0.0581948 0.1356956 0.0669910 0.0777022 0.0739087 0.0513570 0.0467967 0.0596497 
I0187_115_Trogonidae_Trogon_elegans                       0.0392963 0.0474362 0.0000000 0.0541935 0.0590475 0.0178406 0.0447848 0.0473075 0.0565865 0.0633860 0.0427916 0.0660096 0.0493227 0.0521959 0.0607583 0.0467516 0.0319664 0.0616479 0.0380125 0.0599181 0.0661250 0.0389154 0.0504511 0.0423033 0.0661655 0.0756677 0.0747554 0.0402691 0.0580327 0.0594268 0.0571929 0.0592145 0.0468229 0.0745454 0.0588807 0.0720455 0.0601984 0.0811431 0.0633468 0.0597238 0.0816923 0.0734262 0.0497394 0.0529325 0.0478405 0.0608689 0.0583764 0.0394497 0.0513743 0.0590888 0.0614698 0.0471795 0.0475496 0.0405260 0.0597436 0.0599685 0.0816183 0.0587881 0.0658475 0.0579271 0.0403907 0.0445531 0.0710112 0.0668207 0.0478752 0.0690046 0.0731795 0.0621777 0.0590951 0.0431551 0.0422139 0.0578715 0.0621730 0.0390950 0.0398533 0.0499611 0.0535194 0.0526819 0.0371354 0.0596704 0.0775493 0.0510364 0.0441431 0.0372461 0.0623495 0.0474261 0.0651640 0.0628145 0.0373424 0.0674707 0.0415279 0.0385041 0.0395433 0.0485592 0.0473010 0.0607301 0.0497431 0.0428777 0.0409296 0.0452205 0.0517199 0.0759049 0.0437671 0.0612770 0.0758864 0.0709192 0.0576796 0.0649980 0.0724292 0.0724865 0.0382143 0.0431118 0.0378845 0.0590171 0.0544922 0.0484890 0.0695322 0.0399065 0.0652037 0.0432392 0.0464766 0.0371201 0.0488439 0.0713360 0.0579166 0.0454941 0.0616535 0.0450507 0.0502808 0.0443225 0.0375093 0.0401523 0.0370509 0.0513238 0.0418728 0.0696669 0.0552334 0.0468719 0.0396297 0.0547857 0.0785675 0.0582795 0.0594269 0.0415122 0.0421041 0.0414034 0.0420615 0.0518086 0.0544537 0.0516726 0.0707378 0.0454439 0.0526790 0.0606939 0.0624580 0.0430600 0.0460329 0.0429309 0.0636545 0.0652099 0.0751297 0.0409393 0.0381707 0.0422930 0.0708512 0.0401395 0.0725272 0.0705702 0.0639616 0.0584830 0.1379896 0.0651304 0.0774569 0.0727545 0.0504247 0.0460144 0.0600031 
I0188_135_Apodidae_Streptoprocne_zonaris                  0.0445270 0.0551292 0.0541935 0.0000000 0.0634426 0.0524141 0.0480005 0.0534806 0.0627232 0.0691012 0.0460348 0.0684185 0.0542712 0.0581937 0.0640677 0.0513418 0.0368532 0.0641552 0.0409731 0.0640256 0.0671572 0.0416566 0.0553697 0.0480364 0.0716772 0.0782128 0.0743515 0.0460967 0.0626266 0.0632050 0.0486224 0.0514861 0.0520929 0.0773533 0.0640969 0.0780927 0.0635994 0.0844456 0.0671361 0.0630334 0.0841688 0.0756926 0.0525487 0.0537062 0.0517616 0.0645372 0.0613690 0.0436852 0.0540711 0.0640298 0.0650782 0.0529418 0.0490861 0.0455687 0.0665848 0.0234871 0.0856052 0.0626890 0.0710748 0.0629537 0.0430337 0.0470554 0.0756225 0.0720285 0.0486566 0.0760370 0.0772863 0.0646115 0.0643634 0.0486843 0.0475524 0.0616341 0.0687018 0.0443661 0.0442508 0.0560603 0.0597011 0.0574868 0.0426604 0.0506162 0.0839389 0.0545706 0.0481847 0.0420925 0.0685942 0.0514747 0.0710331 0.0688974 0.0409594 0.0725995 0.0469182 0.0456985 0.0431321 0.0507002 0.0520178 0.0615968 0.0529267 0.0480508 0.0461732 0.0498712 0.0552766 0.0812093 0.0468776 0.0659615 0.0817174 0.0700371 0.0595944 0.0657943 0.0771095 0.0775871 0.0429036 0.0483250 0.0434070 0.0626036 0.0215424 0.0519631 0.0732335 0.0440764 0.0700221 0.0483694 0.0437377 0.0423710 0.0526189 0.0780474 0.0600426 0.0472025 0.0644628 0.0493525 0.0553359 0.0474962 0.0426672 0.0440787 0.0423946 0.0540581 0.0456569 0.0693364 0.0604994 0.0499290 0.0428531 0.0608390 0.0825427 0.0608505 0.0643591 0.0451406 0.0469118 0.0459070 0.0466559 0.0550789 0.0561775 0.0552338 0.0763009 0.0492439 0.0554588 0.0645327 0.0645118 0.0482539 0.0509568 0.0434355 0.0676797 0.0671608 0.0806824 0.0460208 0.0431390 0.0462643 0.0774609 0.0446597 0.0744651 0.0734654 0.0669639 0.0635719 0.1418159 0.0670730 0.0781346 0.0753433 0.0560105 0.0523372 0.0630525 
I0189_225_Eurylaimidae_Smithornis_rufolateralis           0.0520891 0.0588161 0.0590475 0.0634426 0.0000000 0.0567056 0.0567906 0.0579978 0.0649098 0.0721595 0.0548622 0.0505377 0.0614182 0.0627434 0.0396596 0.0571547 0.0449745 0.0427779 0.0505506 0.0410995 0.0435900 0.0510191 0.0595803 0.0532887 0.0753446 0.0617996 0.0578797 0.0518659 0.0392664 0.0405137 0.0645780 0.0672420 0.0568404 0.0582562 0.0391233 0.0816178 0.0408831 0.0902988 0.0442623 0.0399048 0.0918295 0.0574190 0.0600645 0.0618586 0.0586066 0.0398991 0.0380865 0.0521124 0.0607087 0.0395692 0.0417212 0.0571033 0.0588792 0.0540518 0.0415771 0.0683719 0.0906961 0.0399963 0.0762151 0.0692209 0.0524106 0.0548393 0.0814534 0.0777584 0.0581706 0.0793141 0.0833749 0.0396513 0.0411493 0.0563531 0.0538008 0.0389680 0.0703140 0.0472888 0.0519776 0.0608063 0.0635708 0.0599360 0.0494704 0.0676052 0.0879732 0.0592695 0.0566875 0.0508094 0.0736350 0.0571803 0.0763364 0.0707606 0.0509330 0.0784911 0.0547537 0.0534791 0.0522779 0.0599962 0.0575147 0.0666492 0.0605784 0.0541716 0.0539841 0.0569226 0.0620403 0.0855134 0.0550758 0.0731806 0.0870158 0.0509737 0.0664094 0.0508281 0.0599984 0.0832779 0.0504616 0.0543329 0.0509649 0.0266280 0.0634996 0.0581974 0.0804838 0.0510864 0.0757320 0.0563506 0.0581228 0.0504846 0.0596189 0.0802047 0.0669210 0.0568785 0.0300820 0.0576028 0.0592088 0.0555731 0.0508064 0.0516102 0.0506195 0.0621467 0.0542955 0.0760274 0.0674965 0.0575657 0.0520624 0.0671124 0.0895508 0.0449615 0.0402609 0.0539691 0.0550524 0.0525650 0.0542061 0.0629561 0.0618056 0.0622246 0.0801279 0.0553499 0.0640584 0.0414462 0.0428440 0.0540544 0.0566403 0.0546342 0.0312797 0.0517774 0.0839592 0.0529097 0.0511499 0.0529455 0.0823664 0.0517744 0.0571350 0.0547420 0.0488790 0.0214893 0.1420263 0.0510849 0.0622245 0.0591819 0.0593449 0.0593874 0.0476395 
I0190_295_Trogonidae_Apaloderma_aequatoriale              0.0387145 0.0458907 0.0178406 0.0524141 0.0567056 0.0000000 0.0439039 0.0455782 0.0551030 0.0610329 0.0424116 0.0634215 0.0480659 0.0510847 0.0589387 0.0455481 0.0305053 0.0599669 0.0364748 0.0579620 0.0638750 0.0382586 0.0479454 0.0408557 0.0654797 0.0729593 0.0721093 0.0392667 0.0570061 0.0579420 0.0546696 0.0571545 0.0453839 0.0722188 0.0572330 0.0692882 0.0584226 0.0782589 0.0612006 0.0581929 0.0796809 0.0706100 0.0482878 0.0506055 0.0469518 0.0594349 0.0563155 0.0374351 0.0506048 0.0576572 0.0598593 0.0457555 0.0460577 0.0391499 0.0576056 0.0575217 0.0793243 0.0569493 0.0642879 0.0561021 0.0387584 0.0427672 0.0682367 0.0646387 0.0463059 0.0677323 0.0708986 0.0597754 0.0579846 0.0425093 0.0416161 0.0563996 0.0598880 0.0365150 0.0393474 0.0501433 0.0514962 0.0507945 0.0360124 0.0576390 0.0747253 0.0502534 0.0424597 0.0368834 0.0609174 0.0462872 0.0631144 0.0608724 0.0367053 0.0657986 0.0404820 0.0383027 0.0391532 0.0484008 0.0474713 0.0584066 0.0489296 0.0405821 0.0399419 0.0443925 0.0516913 0.0736865 0.0423154 0.0592193 0.0744528 0.0705355 0.0566837 0.0638230 0.0718164 0.0703104 0.0372585 0.0423038 0.0370371 0.0572367 0.0529273 0.0485163 0.0675801 0.0383481 0.0634880 0.0424726 0.0458360 0.0364435 0.0467474 0.0696017 0.0568413 0.0442126 0.0602506 0.0433514 0.0488613 0.0423365 0.0367696 0.0381921 0.0366680 0.0504492 0.0408304 0.0681990 0.0539906 0.0450421 0.0394722 0.0541121 0.0773016 0.0552087 0.0579817 0.0399041 0.0405900 0.0398246 0.0407426 0.0507862 0.0532707 0.0507458 0.0691051 0.0443800 0.0517034 0.0591916 0.0603443 0.0422298 0.0449083 0.0412909 0.0617449 0.0634918 0.0731553 0.0401062 0.0376619 0.0403961 0.0697299 0.0389716 0.0704720 0.0683893 0.0615494 0.0569631 0.1382544 0.0636334 0.0746616 0.0709682 0.0481828 0.0450318 0.0587442 
I0192_375_Musophagidae_Tauraco_macrorhynchus              0.0351216 0.0466349 0.0447848 0.0480005 0.0567906 0.0439039 0.0000000 0.0442306 0.0535401 0.0618545 0.0198377 0.0628084 0.0468064 0.0493246 0.0592073 0.0437639 0.0276867 0.0596421 0.0327878 0.0579151 0.0639336 0.0329333 0.0458976 0.0364790 0.0651720 0.0731670 0.0707499 0.0371775 0.0567138 0.0575690 0.0510995 0.0537819 0.0427739 0.0707283 0.0582992 0.0680049 0.0583109 0.0769093 0.0605361 0.0573709 0.0750225 0.0703916 0.0476504 0.0481628 0.0436586 0.0590025 0.0553813 0.0329148 0.0481033 0.0576186 0.0599708 0.0433781 0.0420242 0.0343383 0.0572913 0.0542389 0.0771640 0.0555595 0.0596372 0.0505216 0.0339635 0.0386510 0.0665217 0.0602818 0.0430431 0.0675706 0.0676769 0.0600229 0.0581131 0.0387256 0.0384404 0.0558908 0.0624173 0.0367786 0.0357823 0.0478882 0.0521543 0.0502073 0.0328953 0.0539313 0.0750214 0.0461924 0.0396730 0.0309999 0.0571651 0.0460134 0.0587884 0.0615376 0.0298444 0.0612207 0.0364402 0.0356791 0.0338717 0.0429443 0.0466477 0.0551173 0.0445155 0.0378929 0.0364406 0.0397421 0.0495313 0.0715373 0.0380776 0.0547850 0.0732381 0.0698584 0.0521464 0.0619394 0.0705686 0.0679495 0.0328196 0.0395993 0.0323493 0.0566070 0.0496146 0.0457248 0.0654159 0.0345397 0.0620436 0.0379956 0.0413163 0.0314196 0.0435555 0.0699950 0.0539389 0.0407803 0.0588403 0.0395315 0.0461657 0.0401788 0.0316419 0.0336769 0.0311946 0.0468277 0.0358857 0.0679511 0.0523771 0.0420305 0.0337479 0.0528588 0.0736904 0.0558880 0.0580486 0.0367108 0.0356493 0.0369277 0.0374562 0.0474260 0.0500770 0.0476448 0.0669821 0.0414660 0.0482795 0.0595938 0.0596499 0.0390125 0.0421825 0.0373436 0.0627231 0.0631427 0.0721089 0.0382492 0.0333209 0.0373813 0.0669506 0.0356446 0.0703781 0.0686102 0.0605644 0.0568311 0.1317579 0.0630957 0.0733964 0.0715025 0.0469655 0.0435946 0.0569915 
I0193_447_Columbidae_Treron_calvus                        0.0410511 0.0496251 0.0473075 0.0534806 0.0579978 0.0455782 0.0442306 0.0000000 0.0572050 0.0622898 0.0423954 0.0633473 0.0493816 0.0531029 0.0603910 0.0465675 0.0264490 0.0612925 0.0363020 0.0605990 0.0655160 0.0373032 0.0191675 0.0410937 0.0661734 0.0717867 0.0689876 0.0408133 0.0584288 0.0586773 0.0544628 0.0568598 0.0161379 0.0700000 0.0591677 0.0700012 0.0591509 0.0803411 0.0621134 0.0595613 0.0792046 0.0702980 0.0498466 0.0504369 0.0485294 0.0611997 0.0575678 0.0376394 0.0509811 0.0595233 0.0617495 0.0170205 0.0459982 0.0391856 0.0590735 0.0592034 0.0808361 0.0587817 0.0644300 0.0569121 0.0383315 0.0432394 0.0693917 0.0647588 0.0458243 0.0679854 0.0723684 0.0618827 0.0600066 0.0432099 0.0439805 0.0582355 0.0624855 0.0309338 0.0410822 0.0522478 0.0542637 0.0526649 0.0364563 0.0571057 0.0773921 0.0497739 0.0420814 0.0355169 0.0614870 0.0483603 0.0640697 0.0619215 0.0353056 0.0666365 0.0411038 0.0402942 0.0373344 0.0452225 0.0481242 0.0576416 0.0462444 0.0422576 0.0405941 0.0436915 0.0527874 0.0745309 0.0415214 0.0608068 0.0755517 0.0719013 0.0558883 0.0629010 0.0698025 0.0717578 0.0368966 0.0438800 0.0365131 0.0587047 0.0531915 0.0491693 0.0696559 0.0378859 0.0658168 0.0433405 0.0451449 0.0356495 0.0483843 0.0714451 0.0549269 0.0435282 0.0608766 0.0443173 0.0489829 0.0416442 0.0358636 0.0384139 0.0353780 0.0503375 0.0413505 0.0676542 0.0546877 0.0447137 0.0370726 0.0545551 0.0790193 0.0558722 0.0596549 0.0394510 0.0405830 0.0412638 0.0406485 0.0513110 0.0528240 0.0506640 0.0690338 0.0441987 0.0520744 0.0612568 0.0614604 0.0428864 0.0154274 0.0420494 0.0639488 0.0626438 0.0737761 0.0418759 0.0367387 0.0415589 0.0710102 0.0399886 0.0688379 0.0668382 0.0611646 0.0580298 0.1354545 0.0626745 0.0738433 0.0706636 0.0496593 0.0457571 0.0596817 
I0194_495_Alcedinidae_Alcedo_quadribrachys                0.0510288 0.0464303 0.0565865 0.0627232 0.0649098 0.0551030 0.0535401 0.0572050 0.0000000 0.0667170 0.0537454 0.0708680 0.0575538 0.0558500 0.0667275 0.0581821 0.0433010 0.0686133 0.0485533 0.0676549 0.0707463 0.0504213 0.0586880 0.0538593 0.0692672 0.0781748 0.0765036 0.0514999 0.0659426 0.0661601 0.0659030 0.0671323 0.0560160 0.0764454 0.0657090 0.0792126 0.0661809 0.0876218 0.0705765 0.0662842 0.0953561 0.0754822 0.0492060 0.0627461 0.0583729 0.0673313 0.0653596 0.0505541 0.0597774 0.0667412 0.0681791 0.0568933 0.0578141 0.0526497 0.0659962 0.0686257 0.0881547 0.0656802 0.0757466 0.0685214 0.0513672 0.0527487 0.0789163 0.0760499 0.0571730 0.0696844 0.0827447 0.0675592 0.0662914 0.0551624 0.0551800 0.0652180 0.0653771 0.0449698 0.0513082 0.0367661 0.0599914 0.0565770 0.0490987 0.0674206 0.0848768 0.0605288 0.0544803 0.0500460 0.0727948 0.0500378 0.0746006 0.0652285 0.0495463 0.0780186 0.0528164 0.0514166 0.0508997 0.0589170 0.0502015 0.0662234 0.0600859 0.0519814 0.0522405 0.0553853 0.0607870 0.0824586 0.0546142 0.0710827 0.0826971 0.0774071 0.0659690 0.0694291 0.0762562 0.0828812 0.0511798 0.0534782 0.0509872 0.0650125 0.0634995 0.0574532 0.0788676 0.0506341 0.0727905 0.0532893 0.0560802 0.0504801 0.0604770 0.0732976 0.0671816 0.0545041 0.0691545 0.0561952 0.0602430 0.0548938 0.0500656 0.0504319 0.0501315 0.0601859 0.0524832 0.0733137 0.0629608 0.0577835 0.0509932 0.0634624 0.0860367 0.0641831 0.0672882 0.0515046 0.0537025 0.0517383 0.0525672 0.0615699 0.0633478 0.0599034 0.0791827 0.0554416 0.0618156 0.0674172 0.0687448 0.0543889 0.0562901 0.0545430 0.0702716 0.0711542 0.0809211 0.0517813 0.0502600 0.0516457 0.0816104 0.0509033 0.0746433 0.0741636 0.0696722 0.0651275 0.1438009 0.0705110 0.0803446 0.0766456 0.0598988 0.0548755 0.0663108 
I0195_522_Ramphastidae_Buccanodon_duchaillui              0.0587638 0.0619024 0.0633860 0.0691012 0.0721595 0.0610329 0.0618545 0.0622898 0.0667170 0.0000000 0.0587886 0.0788747 0.0639800 0.0646102 0.0739988 0.0627629 0.0488832 0.0746725 0.0545705 0.0734858 0.0791668 0.0553017 0.0636748 0.0577412 0.0417124 0.0870711 0.0836680 0.0560049 0.0725837 0.0716698 0.0693043 0.0714102 0.0616302 0.0853241 0.0731804 0.0856470 0.0731550 0.0932371 0.0757798 0.0726871 0.0971888 0.0835278 0.0629854 0.0668722 0.0630226 0.0749581 0.0715564 0.0563525 0.0671848 0.0716044 0.0763887 0.0625072 0.0631511 0.0582693 0.0714470 0.0758462 0.0949134 0.0713183 0.0804629 0.0724317 0.0572802 0.0584630 0.0842486 0.0806102 0.0627098 0.0438059 0.0887124 0.0749606 0.0732530 0.0601320 0.0602246 0.0709055 0.0267494 0.0486904 0.0590485 0.0618645 0.0639158 0.0616121 0.0548456 0.0713444 0.0916177 0.0662599 0.0607562 0.0555589 0.0777603 0.0609932 0.0802533 0.0247272 0.0549347 0.0817321 0.0579751 0.0571146 0.0561157 0.0641908 0.0589648 0.0711673 0.0654635 0.0589786 0.0573013 0.0614556 0.0683472 0.0890731 0.0603061 0.0745645 0.0895144 0.0850577 0.0712877 0.0757020 0.0854875 0.0887704 0.0556467 0.0602758 0.0560035 0.0691117 0.0690334 0.0640757 0.0850251 0.0563138 0.0782987 0.0599015 0.0617065 0.0540155 0.0651072 0.0337181 0.0708088 0.0609529 0.0734184 0.0618512 0.0656280 0.0589719 0.0549538 0.0566850 0.0551371 0.0673872 0.0590681 0.0812565 0.0688031 0.0620472 0.0562412 0.0695921 0.0942672 0.0704545 0.0720452 0.0580988 0.0589491 0.0576442 0.0587069 0.0686806 0.0683517 0.0678711 0.0850228 0.0615748 0.0675200 0.0757762 0.0750791 0.0592303 0.0614531 0.0579821 0.0750143 0.0781915 0.0873234 0.0585538 0.0555091 0.0581793 0.0877888 0.0559702 0.0822589 0.0825640 0.0758594 0.0714312 0.1512933 0.0777356 0.0882469 0.0842437 0.0654351 0.0608555 0.0731496 
I0196_523_Musophagidae_Corythaeola_cristata               0.0327031 0.0449435 0.0427916 0.0460348 0.0548622 0.0424116 0.0198377 0.0423954 0.0537454 0.0587886 0.0000000 0.0626672 0.0443366 0.0477508 0.0579290 0.0408973 0.0251499 0.0597096 0.0297406 0.0573264 0.0627907 0.0300315 0.0448152 0.0353514 0.0623782 0.0717728 0.0696791 0.0347308 0.0556739 0.0566374 0.0507510 0.0529474 0.0414071 0.0703931 0.0568639 0.0661415 0.0575874 0.0766086 0.0606275 0.0557129 0.0745732 0.0693965 0.0452741 0.0464812 0.0411490 0.0584284 0.0542226 0.0319465 0.0451739 0.0566810 0.0598453 0.0417166 0.0391017 0.0328027 0.0570701 0.0532877 0.0770213 0.0554057 0.0572908 0.0492682 0.0321614 0.0368256 0.0662367 0.0589283 0.0405650 0.0643871 0.0658970 0.0586156 0.0568326 0.0367232 0.0367201 0.0551543 0.0596748 0.0359073 0.0330444 0.0462030 0.0504660 0.0479004 0.0298115 0.0533644 0.0733464 0.0444968 0.0369430 0.0293547 0.0553289 0.0439655 0.0570305 0.0592586 0.0293800 0.0598865 0.0342923 0.0327598 0.0310607 0.0411669 0.0440133 0.0536518 0.0418841 0.0367882 0.0342995 0.0368916 0.0468542 0.0700623 0.0360927 0.0525320 0.0715217 0.0700713 0.0510411 0.0601735 0.0702356 0.0659846 0.0306411 0.0363632 0.0301941 0.0557096 0.0482476 0.0439109 0.0634561 0.0319639 0.0614091 0.0355045 0.0389046 0.0295061 0.0419352 0.0676346 0.0509593 0.0372550 0.0585885 0.0373034 0.0444255 0.0377967 0.0295123 0.0316529 0.0295734 0.0450434 0.0339177 0.0643139 0.0496190 0.0395717 0.0314039 0.0504547 0.0710957 0.0547468 0.0571351 0.0341689 0.0344956 0.0345405 0.0350378 0.0451482 0.0465286 0.0460497 0.0649854 0.0393894 0.0474068 0.0585987 0.0599010 0.0366018 0.0403740 0.0350850 0.0617793 0.0630460 0.0699020 0.0353255 0.0308286 0.0354941 0.0643317 0.0333728 0.0698564 0.0674468 0.0604521 0.0552595 0.1293103 0.0626539 0.0738055 0.0711883 0.0448713 0.0411096 0.0560798 
I0197_832_Corvidae_Corvus_albus                           0.0599794 0.0668859 0.0660096 0.0684185 0.0505377 0.0634215 0.0628084 0.0633473 0.0708680 0.0788747 0.0626672 0.0000000 0.0675453 0.0682369 0.0494860 0.0636769 0.0509412 0.0496072 0.0572599 0.0494245 0.0534394 0.0580473 0.0662504 0.0610575 0.0804565 0.0338571 0.0309452 0.0589062 0.0493322 0.0484273 0.0724753 0.0760713 0.0635117 0.0308298 0.0487758 0.0880558 0.0498961 0.0951157 0.0510539 0.0480426 0.0979955 0.0297318 0.0662702 0.0704945 0.0646852 0.0490860 0.0474960 0.0578734 0.0682172 0.0487212 0.0495114 0.0635579 0.0653312 0.0602438 0.0515349 0.0734055 0.0966616 0.0474648 0.0826617 0.0775531 0.0595144 0.0626188 0.0890560 0.0828318 0.0648393 0.0835419 0.0911761 0.0493611 0.0487887 0.0627984 0.0607959 0.0476479 0.0755310 0.0546164 0.0604113 0.0667144 0.0722035 0.0672848 0.0572839 0.0753805 0.0936403 0.0657718 0.0616165 0.0578291 0.0796904 0.0655351 0.0821825 0.0763877 0.0556610 0.0841548 0.0609696 0.0591391 0.0591263 0.0651864 0.0634211 0.0717980 0.0661706 0.0616081 0.0606166 0.0635838 0.0704974 0.0916548 0.0626478 0.0819723 0.0917681 0.0573294 0.0723058 0.0354973 0.0356023 0.0911577 0.0587684 0.0630684 0.0587195 0.0516024 0.0684922 0.0674024 0.0870693 0.0581213 0.0814427 0.0620289 0.0635908 0.0577629 0.0665736 0.0864337 0.0737265 0.0643852 0.0518202 0.0640288 0.0654373 0.0606980 0.0578448 0.0587064 0.0582424 0.0687403 0.0604938 0.0796504 0.0731676 0.0634752 0.0591565 0.0735413 0.0968100 0.0331975 0.0491532 0.0603201 0.0609475 0.0604408 0.0619121 0.0710909 0.0702051 0.0686775 0.0875121 0.0617961 0.0692205 0.0502558 0.0494161 0.0602351 0.0634393 0.0619819 0.0531139 0.0347283 0.0904907 0.0620155 0.0586592 0.0603304 0.0906127 0.0596177 0.0297255 0.0270953 0.0131041 0.0495308 0.1474676 0.0345548 0.0347324 0.0327682 0.0683216 0.0648362 0.0557195 
I0198_937_Bucerotidae_Tockus_camurus                      0.0409232 0.0492756 0.0493227 0.0542712 0.0614182 0.0480659 0.0468064 0.0493816 0.0575538 0.0639800 0.0443366 0.0675453 0.0000000 0.0543733 0.0618965 0.0496647 0.0323127 0.0646084 0.0393554 0.0625936 0.0683621 0.0399640 0.0516408 0.0437510 0.0676346 0.0756273 0.0746613 0.0416916 0.0610874 0.0618082 0.0568199 0.0594473 0.0483629 0.0748293 0.0619646 0.0763246 0.0613091 0.0850434 0.0647622 0.0619011 0.0833025 0.0733432 0.0508805 0.0527863 0.0493500 0.0626884 0.0595360 0.0412458 0.0526724 0.0616130 0.0644316 0.0491566 0.0489816 0.0430158 0.0614966 0.0610999 0.0850557 0.0611289 0.0682372 0.0593257 0.0412779 0.0455525 0.0749796 0.0699257 0.0486261 0.0689256 0.0740585 0.0635069 0.0625248 0.0455269 0.0446310 0.0595940 0.0623186 0.0397567 0.0404919 0.0515541 0.0547269 0.0526996 0.0398885 0.0598269 0.0819906 0.0518032 0.0455279 0.0401021 0.0656344 0.0482490 0.0679552 0.0634087 0.0388953 0.0706948 0.0430122 0.0410928 0.0412017 0.0494224 0.0486512 0.0595056 0.0507441 0.0431550 0.0417973 0.0459486 0.0535698 0.0787136 0.0445094 0.0629436 0.0812672 0.0752305 0.0580567 0.0669577 0.0762239 0.0747013 0.0392688 0.0447629 0.0399481 0.0592267 0.0543105 0.0507944 0.0721927 0.0412607 0.0620521 0.0450291 0.0463347 0.0395068 0.0507329 0.0716395 0.0575306 0.0469231 0.0633035 0.0457185 0.0532696 0.0460296 0.0390917 0.0414688 0.0391617 0.0531213 0.0435696 0.0701486 0.0567035 0.0489199 0.0413926 0.0575610 0.0805668 0.0594314 0.0617525 0.0430030 0.0440289 0.0420448 0.0437417 0.0520282 0.0540787 0.0531462 0.0755249 0.0473144 0.0549773 0.0633494 0.0645364 0.0458393 0.0481118 0.0432790 0.0657594 0.0680355 0.0792933 0.0420942 0.0397891 0.0422065 0.0744570 0.0404257 0.0739843 0.0726596 0.0656165 0.0601910 0.1370922 0.0675479 0.0791140 0.0741085 0.0509359 0.0204216 0.0610122 
I0199_955_Meropidae_Merops_muelleri                       0.0437910 0.0467775 0.0521959 0.0581937 0.0627434 0.0510847 0.0493246 0.0531029 0.0558500 0.0646102 0.0477508 0.0682369 0.0543733 0.0000000 0.0645201 0.0498621 0.0367756 0.0648604 0.0427743 0.0636099 0.0691433 0.0423315 0.0556801 0.0460125 0.0656619 0.0777220 0.0747680 0.0460435 0.0627285 0.0633981 0.0606442 0.0628694 0.0521552 0.0768234 0.0631032 0.0750370 0.0642759 0.0848081 0.0668789 0.0636159 0.0838461 0.0752978 0.0484757 0.0572960 0.0524798 0.0659396 0.0618639 0.0436276 0.0556554 0.0646687 0.0659967 0.0527197 0.0519853 0.0462863 0.0633433 0.0643714 0.0850648 0.0622549 0.0684325 0.0606209 0.0448022 0.0482059 0.0750927 0.0684460 0.0518859 0.0676651 0.0765678 0.0660680 0.0634902 0.0488296 0.0480341 0.0615557 0.0633697 0.0421363 0.0438502 0.0491847 0.0564190 0.0547217 0.0419226 0.0635884 0.0821669 0.0540955 0.0491570 0.0426206 0.0652270 0.0453631 0.0679925 0.0635377 0.0405087 0.0704860 0.0458414 0.0444770 0.0437267 0.0545144 0.0434007 0.0610977 0.0557093 0.0465674 0.0449611 0.0502610 0.0576421 0.0790828 0.0489603 0.0649656 0.0801925 0.0757720 0.0596577 0.0654196 0.0741376 0.0768854 0.0425357 0.0481994 0.0430421 0.0620133 0.0585689 0.0541232 0.0745185 0.0451527 0.0687662 0.0474024 0.0503740 0.0421105 0.0526307 0.0711535 0.0611344 0.0495873 0.0655276 0.0485483 0.0544041 0.0490581 0.0424412 0.0429425 0.0418399 0.0563515 0.0453375 0.0721381 0.0592450 0.0514439 0.0435367 0.0590200 0.0827695 0.0609566 0.0652787 0.0469508 0.0465727 0.0454048 0.0464507 0.0568485 0.0579214 0.0566299 0.0740869 0.0486491 0.0562532 0.0656651 0.0649968 0.0461331 0.0511360 0.0454767 0.0681787 0.0681290 0.0786664 0.0461417 0.0431207 0.0446992 0.0766618 0.0441625 0.0733879 0.0727598 0.0659266 0.0616631 0.1380960 0.0672348 0.0802873 0.0748404 0.0546431 0.0506793 0.0654286 
I0200_988_Furnariidae_Furnarius_rufus                     0.0560536 0.0622914 0.0607583 0.0640677 0.0396596 0.0589387 0.0592073 0.0603910 0.0667275 0.0739988 0.0579290 0.0494860 0.0618965 0.0645201 0.0000000 0.0580449 0.0474304 0.0353756 0.0537518 0.0341587 0.0323176 0.0533571 0.0614001 0.0557660 0.0778772 0.0585871 0.0546913 0.0536035 0.0348990 0.0345580 0.0661433 0.0682866 0.0591688 0.0563606 0.0167414 0.0824214 0.0351239 0.0901121 0.0373433 0.0331295 0.0918669 0.0538299 0.0623671 0.0636311 0.0597157 0.0309161 0.0330476 0.0542658 0.0632868 0.0333107 0.0148807 0.0597233 0.0615917 0.0561880 0.0363155 0.0683395 0.0911185 0.0333087 0.0771847 0.0721301 0.0547162 0.0574075 0.0829406 0.0770011 0.0604326 0.0814813 0.0852889 0.0314640 0.0351639 0.0579507 0.0575164 0.0332128 0.0733960 0.0490457 0.0555064 0.0635728 0.0652094 0.0615088 0.0530993 0.0679055 0.0884439 0.0604596 0.0586929 0.0530909 0.0752166 0.0603000 0.0771316 0.0725685 0.0523570 0.0792204 0.0565839 0.0551159 0.0543675 0.0620652 0.0590167 0.0664633 0.0628989 0.0560730 0.0551706 0.0588930 0.0630953 0.0862626 0.0579364 0.0754601 0.0879543 0.0377325 0.0676506 0.0493848 0.0577628 0.0856134 0.0533930 0.0578412 0.0536357 0.0398304 0.0642241 0.0609306 0.0834703 0.0556223 0.0767300 0.0577247 0.0585221 0.0530400 0.0612941 0.0829751 0.0677064 0.0592069 0.0435679 0.0604724 0.0606930 0.0577539 0.0535635 0.0545616 0.0530742 0.0642375 0.0561871 0.0755851 0.0683147 0.0594506 0.0543356 0.0682235 0.0926882 0.0443504 0.0346279 0.0572788 0.0575190 0.0555091 0.0569393 0.0644568 0.0637979 0.0642520 0.0810518 0.0575360 0.0650137 0.0297355 0.0347167 0.0561366 0.0589807 0.0572192 0.0426993 0.0498947 0.0862629 0.0556406 0.0542811 0.0550458 0.0854074 0.0542770 0.0535714 0.0521776 0.0474191 0.0393612 0.1475125 0.0493502 0.0587148 0.0567896 0.0611497 0.0604321 0.0494155 
I0201_999_Scolopacidae_Tringa_solitaria                   0.0383316 0.0494239 0.0467516 0.0513418 0.0571547 0.0455481 0.0437639 0.0465675 0.0581821 0.0627629 0.0408973 0.0636769 0.0496647 0.0498621 0.0580449 0.0000000 0.0303604 0.0601622 0.0350521 0.0584051 0.0634249 0.0354372 0.0497589 0.0341494 0.0655125 0.0736224 0.0698378 0.0387385 0.0580750 0.0581523 0.0548895 0.0578765 0.0450228 0.0708951 0.0574321 0.0712465 0.0596557 0.0818622 0.0621124 0.0587040 0.0760935 0.0707107 0.0497530 0.0511361 0.0460091 0.0602836 0.0566012 0.0366382 0.0502958 0.0585856 0.0600694 0.0460915 0.0445479 0.0374167 0.0583370 0.0593236 0.0811831 0.0563539 0.0641866 0.0548075 0.0375141 0.0431659 0.0698169 0.0644822 0.0440641 0.0674063 0.0700179 0.0596959 0.0592731 0.0418210 0.0411204 0.0568252 0.0632423 0.0391397 0.0384189 0.0501227 0.0538946 0.0533567 0.0341740 0.0579183 0.0789396 0.0323990 0.0427977 0.0342021 0.0605482 0.0462232 0.0632008 0.0637357 0.0335352 0.0651578 0.0339478 0.0375540 0.0369415 0.0465565 0.0459894 0.0570112 0.0481736 0.0412131 0.0336047 0.0419586 0.0509659 0.0748257 0.0408680 0.0573984 0.0768326 0.0703255 0.0536137 0.0625621 0.0721288 0.0699450 0.0356687 0.0417257 0.0358644 0.0571852 0.0524943 0.0476919 0.0675922 0.0366623 0.0642972 0.0325676 0.0439079 0.0345993 0.0464068 0.0695597 0.0557537 0.0425922 0.0590104 0.0341092 0.0312591 0.0414892 0.0351566 0.0360690 0.0345352 0.0493944 0.0310071 0.0614020 0.0545321 0.0436713 0.0368739 0.0554187 0.0751725 0.0563226 0.0588254 0.0383788 0.0389828 0.0394284 0.0395411 0.0513161 0.0527455 0.0497331 0.0708056 0.0143223 0.0503084 0.0597373 0.0604021 0.0156081 0.0451052 0.0412972 0.0619280 0.0627184 0.0747772 0.0402052 0.0363309 0.0405738 0.0698858 0.0378765 0.0707802 0.0682375 0.0607942 0.0562543 0.1363212 0.0624114 0.0758673 0.0725270 0.0320273 0.0461690 0.0580681 
I0202_1066_Cathartidae_Cathartes_burrovianus              0.0209456 0.0331996 0.0319664 0.0368532 0.0449745 0.0305053 0.0276867 0.0264490 0.0433010 0.0488832 0.0251499 0.0509412 0.0323127 0.0367756 0.0474304 0.0303604 0.0000000 0.0483772 0.0188917 0.0458978 0.0514363 0.0195995 0.0314020 0.0235359 0.0518414 0.0608000 0.0579523 0.0223509 0.0442108 0.0454005 0.0406946 0.0436260 0.0278864 0.0589122 0.0461576 0.0567194 0.0454454 0.0664082 0.0487446 0.0452424 0.0627948 0.0579769 0.0342412 0.0365314 0.0295586 0.0475971 0.0433758 0.0219026 0.0334447 0.0460360 0.0479085 0.0287159 0.0294123 0.0228640 0.0457495 0.0444522 0.0673053 0.0449319 0.0482975 0.0394270 0.0216406 0.0277465 0.0558145 0.0487589 0.0306918 0.0535433 0.0540644 0.0483053 0.0457070 0.0261484 0.0250774 0.0438312 0.0483915 0.0251786 0.0214312 0.0362231 0.0388261 0.0377983 0.0188768 0.0436477 0.0642701 0.0339712 0.0274498 0.0181246 0.0456051 0.0312298 0.0469281 0.0484105 0.0179225 0.0494391 0.0231670 0.0205403 0.0206485 0.0314266 0.0316919 0.0440065 0.0321404 0.0250344 0.0229116 0.0268348 0.0345077 0.0607786 0.0252190 0.0429923 0.0625984 0.0591526 0.0408128 0.0489966 0.0588780 0.0542715 0.0199403 0.0248237 0.0203885 0.0441117 0.0377906 0.0323531 0.0520145 0.0216872 0.0503247 0.0255211 0.0303236 0.0188528 0.0318868 0.0559251 0.0410219 0.0275496 0.0475425 0.0265460 0.0336812 0.0274311 0.0189256 0.0217503 0.0187759 0.0344638 0.0236314 0.0540040 0.0381766 0.0291316 0.0200445 0.0391546 0.0608282 0.0422845 0.0460560 0.0231043 0.0251766 0.0226165 0.0238243 0.0355544 0.0379091 0.0350038 0.0559343 0.0286422 0.0364290 0.0472672 0.0483233 0.0264936 0.0272922 0.0242243 0.0504250 0.0508026 0.0604461 0.0229233 0.0199824 0.0232223 0.0544264 0.0216091 0.0573921 0.0551884 0.0486683 0.0443872 0.1202656 0.0507261 0.0631974 0.0592428 0.0343567 0.0294184 0.0438376 
I0203_1087_Tyrannidae_Hymenops_perspicillatus             0.0571879 0.0632190 0.0616479 0.0641552 0.0427779 0.0599669 0.0596421 0.0612925 0.0686133 0.0746725 0.0597096 0.0496072 0.0646084 0.0648604 0.0353756 0.0601622 0.0483772 0.0000000 0.0557201 0.0122928 0.0404992 0.0557002 0.0628027 0.0577191 0.0777339 0.0583828 0.0553254 0.0559385 0.0230521 0.0221057 0.0687672 0.0710873 0.0599763 0.0568966 0.0348305 0.0846342 0.0212701 0.0924994 0.0210550 0.0224868 0.0926718 0.0542347 0.0649123 0.0665087 0.0624635 0.0366548 0.0212891 0.0549934 0.0649159 0.0223241 0.0367520 0.0598996 0.0633071 0.0571709 0.0136598 0.0682424 0.0920899 0.0211347 0.0787208 0.0739816 0.0570219 0.0597394 0.0855419 0.0784346 0.0616571 0.0811303 0.0890383 0.0362213 0.0224624 0.0610725 0.0586287 0.0205610 0.0736310 0.0516239 0.0570512 0.0644821 0.0675278 0.0653287 0.0541744 0.0709821 0.0917685 0.0642628 0.0597035 0.0547653 0.0766057 0.0635050 0.0787587 0.0731676 0.0530854 0.0809877 0.0581772 0.0568886 0.0564096 0.0640505 0.0610325 0.0699449 0.0648801 0.0571404 0.0568306 0.0601250 0.0665272 0.0888437 0.0603347 0.0775704 0.0900406 0.0422494 0.0695857 0.0482612 0.0559228 0.0893054 0.0546615 0.0612041 0.0553034 0.0429121 0.0653263 0.0631338 0.0870391 0.0562007 0.0776813 0.0599504 0.0612886 0.0542125 0.0636742 0.0822316 0.0712179 0.0615824 0.0437463 0.0615731 0.0634964 0.0583777 0.0539517 0.0554202 0.0544961 0.0670667 0.0580124 0.0789167 0.0691916 0.0613633 0.0559580 0.0698140 0.0953639 0.0438521 0.0232601 0.0587533 0.0579054 0.0573389 0.0592256 0.0678765 0.0662022 0.0666805 0.0839145 0.0589251 0.0683967 0.0354028 0.0118164 0.0581408 0.0603683 0.0586924 0.0447544 0.0469669 0.0883265 0.0587889 0.0551303 0.0574959 0.0870469 0.0566927 0.0546992 0.0534538 0.0476766 0.0418293 0.1477615 0.0467481 0.0598542 0.0552530 0.0644949 0.0611032 0.0518599 
I0204_1174_Threskiornithidae_Harpiprion_caerulescens      0.0268270 0.0384675 0.0380125 0.0409731 0.0505506 0.0364748 0.0327878 0.0363020 0.0485533 0.0545705 0.0297406 0.0572599 0.0393554 0.0427743 0.0537518 0.0350521 0.0188917 0.0557201 0.0000000 0.0537248 0.0581210 0.0214564 0.0394803 0.0290918 0.0584736 0.0675337 0.0641992 0.0286892 0.0514600 0.0522607 0.0453116 0.0481288 0.0352842 0.0659489 0.0521327 0.0613925 0.0523389 0.0717238 0.0561212 0.0523155 0.0631751 0.0650008 0.0400568 0.0402952 0.0361995 0.0544712 0.0504077 0.0225164 0.0400934 0.0528540 0.0541112 0.0365954 0.0338855 0.0235181 0.0519771 0.0483917 0.0720540 0.0517431 0.0524909 0.0443612 0.0237266 0.0323514 0.0610355 0.0543653 0.0349963 0.0604453 0.0594300 0.0543993 0.0529680 0.0308244 0.0319391 0.0508700 0.0544961 0.0286228 0.0274459 0.0416348 0.0444268 0.0429319 0.0197838 0.0487654 0.0671127 0.0385738 0.0319480 0.0219689 0.0494240 0.0376586 0.0521968 0.0549896 0.0218906 0.0539980 0.0277904 0.0268043 0.0228749 0.0357164 0.0386393 0.0486112 0.0371877 0.0308322 0.0276712 0.0310379 0.0403696 0.0650635 0.0275229 0.0474803 0.0664922 0.0646414 0.0458379 0.0562013 0.0663537 0.0598371 0.0214609 0.0309564 0.0223687 0.0493471 0.0418671 0.0380560 0.0574315 0.0228662 0.0557949 0.0301100 0.0343222 0.0212941 0.0370761 0.0634328 0.0451924 0.0315599 0.0540777 0.0311520 0.0388497 0.0323976 0.0211282 0.0255691 0.0210802 0.0389493 0.0283135 0.0602144 0.0451822 0.0350427 0.0236706 0.0450520 0.0662773 0.0492191 0.0527916 0.0239175 0.0256210 0.0289622 0.0281607 0.0398760 0.0428763 0.0398377 0.0600218 0.0333236 0.0407263 0.0552201 0.0551888 0.0307966 0.0344292 0.0292741 0.0564694 0.0572596 0.0650401 0.0289863 0.0220638 0.0296981 0.0591321 0.0276488 0.0645187 0.0611046 0.0553336 0.0505433 0.1268677 0.0570394 0.0700143 0.0661296 0.0391350 0.0359749 0.0501967 
I0205_1183_Tyrannidae_Hirundinea_ferruginea               0.0553074 0.0620055 0.0599181 0.0640256 0.0410995 0.0579620 0.0579151 0.0605990 0.0676549 0.0734858 0.0573264 0.0494245 0.0625936 0.0636099 0.0341587 0.0584051 0.0458978 0.0122928 0.0537248 0.0000000 0.0396816 0.0534593 0.0621897 0.0561465 0.0764949 0.0575811 0.0552581 0.0540937 0.0208139 0.0206303 0.0672191 0.0693047 0.0591833 0.0560040 0.0335884 0.0841102 0.0194424 0.0908940 0.0197025 0.0205534 0.0919602 0.0532781 0.0635470 0.0647510 0.0605621 0.0354622 0.0193511 0.0528850 0.0631957 0.0200269 0.0359321 0.0593173 0.0616148 0.0550218 0.0152509 0.0684887 0.0912181 0.0195731 0.0790342 0.0726364 0.0558638 0.0578561 0.0843453 0.0787876 0.0604710 0.0805878 0.0873441 0.0351968 0.0206531 0.0591062 0.0565334 0.0181359 0.0728138 0.0500245 0.0549508 0.0634497 0.0660138 0.0630434 0.0523836 0.0693286 0.0907670 0.0625141 0.0581245 0.0530187 0.0759269 0.0614411 0.0781367 0.0721375 0.0513237 0.0812611 0.0564623 0.0547189 0.0544195 0.0619081 0.0604344 0.0685306 0.0625920 0.0550663 0.0552862 0.0583165 0.0644134 0.0887028 0.0584901 0.0760713 0.0887186 0.0430747 0.0688875 0.0483603 0.0559547 0.0875134 0.0530921 0.0591560 0.0535270 0.0414210 0.0651172 0.0615749 0.0849129 0.0546195 0.0778837 0.0573849 0.0591653 0.0521782 0.0617425 0.0806257 0.0692018 0.0598737 0.0423755 0.0588715 0.0624982 0.0570014 0.0524242 0.0542568 0.0527726 0.0660983 0.0555738 0.0791180 0.0676129 0.0593886 0.0542835 0.0688508 0.0930995 0.0435632 0.0209756 0.0565167 0.0559505 0.0549221 0.0567870 0.0662439 0.0640046 0.0653024 0.0834063 0.0575929 0.0671167 0.0343780 0.0128394 0.0569837 0.0596132 0.0566208 0.0438378 0.0480226 0.0869856 0.0569492 0.0531572 0.0550586 0.0856271 0.0545035 0.0534062 0.0528936 0.0473585 0.0398307 0.1475217 0.0477240 0.0592688 0.0548303 0.0626966 0.0597085 0.0500497 
I0207_1193_Thamnophilidae_Thamnophilus_ruficapillus       0.0599129 0.0676760 0.0661250 0.0671572 0.0435900 0.0638750 0.0639336 0.0655160 0.0707463 0.0791668 0.0627907 0.0534394 0.0683621 0.0691433 0.0323176 0.0634249 0.0514363 0.0404992 0.0581210 0.0396816 0.0000000 0.0589851 0.0663527 0.0612489 0.0819090 0.0615312 0.0593602 0.0595450 0.0394881 0.0394576 0.0700294 0.0726610 0.0639265 0.0588729 0.0321266 0.0870641 0.0391669 0.0955650 0.0431568 0.0386217 0.0976131 0.0575404 0.0672797 0.0680497 0.0648898 0.0157957 0.0376354 0.0590998 0.0674030 0.0382899 0.0327089 0.0642866 0.0663261 0.0607039 0.0419985 0.0727956 0.0961878 0.0375966 0.0835678 0.0773725 0.0596603 0.0632179 0.0871750 0.0837207 0.0650844 0.0862725 0.0903869 0.0150772 0.0401152 0.0635260 0.0616642 0.0379846 0.0767474 0.0534984 0.0595816 0.0677421 0.0691507 0.0661049 0.0575947 0.0720922 0.0940664 0.0667472 0.0630734 0.0584183 0.0795342 0.0651924 0.0825349 0.0774456 0.0575356 0.0849859 0.0613881 0.0595511 0.0597686 0.0659174 0.0635034 0.0715997 0.0669485 0.0609239 0.0602727 0.0641755 0.0681472 0.0917117 0.0627088 0.0812898 0.0926874 0.0393434 0.0726732 0.0520185 0.0604700 0.0911143 0.0576874 0.0620185 0.0591204 0.0442014 0.0682126 0.0655026 0.0881707 0.0592632 0.0814014 0.0629564 0.0639563 0.0580019 0.0653666 0.0878793 0.0736538 0.0635721 0.0450246 0.0659800 0.0663771 0.0610029 0.0581098 0.0592822 0.0581281 0.0693704 0.0610760 0.0815387 0.0726618 0.0631343 0.0596526 0.0732283 0.0964234 0.0477414 0.0393338 0.0607072 0.0619020 0.0597711 0.0623304 0.0694053 0.0694439 0.0692428 0.0859893 0.0625355 0.0701856 0.0339232 0.0388397 0.0604247 0.0643515 0.0613260 0.0465763 0.0522873 0.0907102 0.0603692 0.0579722 0.0602091 0.0896922 0.0593595 0.0560918 0.0561396 0.0509065 0.0421175 0.1514937 0.0517378 0.0611649 0.0603024 0.0670337 0.0646199 0.0539938 
