37
Burramyidae_Burramys_parvus                  0.0000000 0.0910326 0.0807059 0.0815485 0.0988249 0.0675298 0.0638607 0.0776978 0.0974935 0.0672396 0.1018368 0.0996333 0.0693465 0.0784651 0.0995885 0.0986069 0.1014894 0.0963763 0.0843584 0.0744203 0.1210783 0.1303127 0.0983033 0.0893522 0.0836112 0.0800054 0.0807019 0.0711021 0.0966187 0.0715398 0.0696201 0.1013320 0.0976809 0.0975535 0.1395189 9.0000000 9.0000000 
Vombatidae_Lasiorhinus_latifrons             0.0910326 0.0000000 0.1086879 0.1137429 0.1167218 0.0878645 0.0892131 0.1111425 0.1059522 0.0963377 0.1222242 0.1174888 0.0944381 0.0958858 0.1182119 0.1146305 0.1182748 0.1024371 0.1067475 0.0980122 0.1335537 0.1447420 0.1210325 0.1090933 0.0888579 0.1071393 0.0998180 0.1164315 0.1057816 0.0989604 0.1003201 0.1047341 0.1174067 0.1057444 0.1392912 0.4069528 0.4069528 
Potoroidae_Bettongia_penicillata             0.0807059 0.1086879 0.0000000 0.0066961 0.1077125 0.0887555 0.0922685 0.0219040 0.1145430 0.0981198 0.1137135 0.1072298 0.0970822 0.0964391 0.1108411 0.1062868 0.1090029 0.1118579 0.0379713 0.0959305 0.1371793 0.1436845 0.1168892 0.0525115 0.0990877 0.0994268 0.0353684 0.1059447 0.1163777 0.0937546 0.0995742 0.1201935 0.1062658 0.1144667 0.1504465 0.3345185 0.3345185 
Potoroidae_Bettongia_lesueur                 0.0815485 0.1137429 0.0066961 0.0000000 0.1097999 0.0952050 0.0941600 0.0196912 0.1156691 0.0970024 0.1166512 0.1127092 0.0979479 0.1065881 0.1149661 0.1081257 0.1116015 0.1149012 0.0407908 0.0984830 0.1441909 0.1503041 0.1195490 0.0558863 0.1083665 0.0953303 0.0375789 0.1015641 0.1260726 0.0993696 0.0966000 0.1188548 0.1096930 0.1157423 0.1759866 9.0000000 9.0000000 
Dasyuridae_Dasyurus_maculatus                0.0988249 0.1167218 0.1077125 0.1097999 0.0000000 0.1072625 0.1048327 0.1114955 0.1061163 0.1096291 0.0258515 0.0351989 0.1054930 0.1153721 0.0256444 0.0075517 0.0342430 0.1108588 0.1142441 0.1127329 0.1277754 0.1433750 0.0260474 0.1165214 0.0961152 0.1154592 0.1073266 0.1195762 0.1287464 0.1074871 0.1107749 0.1161821 0.0075306 0.1060765 0.1414803 0.4410044 0.4410044 
Phalangeridae_Trichosurus_vulpecula          0.0675298 0.0878645 0.0887555 0.0952050 0.1072625 0.0000000 0.0265378 0.0906926 0.1022216 0.0400878 0.1096358 0.1075326 0.0296366 0.0810451 0.1071204 0.1065781 0.1087403 0.0970586 0.0873061 0.0759599 0.1232701 0.1259218 0.1102421 0.0915689 0.0819216 0.0824075 0.0828960 0.0936545 0.0960150 0.0780867 0.0403957 0.1050143 0.1048450 0.1021985 0.1373016 0.3736023 0.3736023 
Phalangeridae_Spilocuscus_maculatus          0.0638607 0.0892131 0.0922685 0.0941600 0.1048327 0.0265378 0.0000000 0.0901624 0.0978897 0.0136848 0.1111708 0.1077744 0.0176832 0.0892500 0.1088401 0.1034664 0.1062596 0.0930206 0.0975284 0.0796674 0.1263425 0.1245750 0.1099138 0.0965860 0.0832560 0.0835069 0.0896420 0.0846692 0.1003209 0.0773242 0.0172242 0.0962149 0.1024979 0.0974239 0.1561414 9.0000000 9.0000000 
Potoroidae_Aepyprymnus_rufescens             0.0776978 0.1111425 0.0219040 0.0196912 0.1114955 0.0906926 0.0901624 0.0000000 0.1131270 0.0941171 0.1168354 0.1106212 0.0965132 0.0954003 0.1140241 0.1090459 0.1117924 0.1133731 0.0414755 0.0942674 0.1343199 0.1415538 0.1187030 0.0577006 0.1024349 0.0950593 0.0405021 0.0979100 0.1154884 0.0952229 0.0969209 0.1162551 0.1096250 0.1125739 0.1608486 0.2784004 0.2784004 
Peramelidae_Perameles_nasuta                 0.0974935 0.1059522 0.1145430 0.1156691 0.1061163 0.1022216 0.0978897 0.1131270 0.0000000 0.0858660 0.1137894 0.1058264 0.1001589 0.1095482 0.1102449 0.1038076 0.1066125 0.0248323 0.1186980 0.1155078 0.1425620 0.1439388 0.1104986 0.1211746 0.0890924 0.1144225 0.1086373 0.1037822 0.1279091 0.1035967 0.0844302 0.0317912 0.1046819 0.0003381 0.1514285 0.1961779 0.1961779 
Phalangeridae_Strigocuscus_pelengensis       0.0672396 0.0963377 0.0981198 0.0970024 0.1096291 0.0400878 0.0136848 0.0941171 0.0858660 0.0000000 0.1165912 0.1111331 0.0174946 0.0966707 0.1134258 0.1097755 0.1094559 0.0848208 0.1010992 0.0885927 0.1315365 0.1311287 0.1144968 0.1024126 0.0862786 0.0856890 0.0918683 0.0765535 0.1075659 0.0867651 0.0143952 0.0846290 0.1086612 0.0878957 0.1477009 0.2153881 0.2153881 
Dasyuridae_Phascogale_tapoatafa              0.1018368 0.1222242 0.1137135 0.1166512 0.0258515 0.1096358 0.1111708 0.1168354 0.1137894 0.1165912 0.0000000 0.0404298 0.1118450 0.1177350 0.0044238 0.0232055 0.0395405 0.1182223 0.1212740 0.1191390 0.1344280 0.1521463 0.0222268 0.1227507 0.1033018 0.1201327 0.1139637 0.1270037 0.1376354 0.1141492 0.1153336 0.1251758 0.0251075 0.1142657 0.1397513 0.4474069 0.4474069 
Dasyuridae_Sminthopsis_macroura              0.0996333 0.1174888 0.1072298 0.1127092 0.0351989 0.1075326 0.1077744 0.1106212 0.1058264 0.1111331 0.0404298 0.0000000 0.1117021 0.1143044 0.0387901 0.0343742 0.0268808 0.1096103 0.1124652 0.1142757 0.1264160 0.1432841 0.0384353 0.1165376 0.0973682 0.1155241 0.1079175 0.1218397 0.1303235 0.1094149 0.1113738 0.1155347 0.0333167 0.1057880 0.1376826 0.3757059 0.3757059 
Phalangeridae_Phalanger_orientalis           0.0693465 0.0944381 0.0970822 0.0979479 0.1054930 0.0296366 0.0176832 0.0965132 0.1001589 0.0174946 0.1118450 0.1117021 0.0000000 0.0929771 0.1084254 0.1036169 0.1081068 0.0959319 0.1036252 0.0835027 0.1290950 0.1268246 0.1105903 0.1027097 0.0850208 0.0858358 0.0954947 0.0879863 0.1048399 0.0796437 0.0055093 0.0985831 0.1042352 0.1002213 0.1548077 9.0000000 9.0000000 
Acrobatidae_Acrobates_pygmaeus               0.0784651 0.0958858 0.0964391 0.1065881 0.1153721 0.0810451 0.0892500 0.0954003 0.1095482 0.0966707 0.1177350 0.1143044 0.0929771 0.0000000 0.1167352 0.1173493 0.1190366 0.1112405 0.0965533 0.0876218 0.1271291 0.1360519 0.1168474 0.0980728 0.0932653 0.0978646 0.0870107 0.0989953 0.0924427 0.0545177 0.0955176 0.1128030 0.1142733 0.1090027 0.1506891 0.3424498 0.3424498 
Dasyuridae_Phascogale_calura                 0.0995885 0.1182119 0.1108411 0.1149661 0.0256444 0.1071204 0.1088401 0.1140241 0.1102449 0.1134258 0.0044238 0.0387901 0.1084254 0.1167352 0.0000000 0.0248347 0.0373869 0.1146655 0.1176959 0.1170482 0.1303081 0.1489246 0.0223746 0.1198446 0.1011985 0.1200833 0.1115517 0.1235554 0.1339127 0.1116316 0.1117214 0.1215650 0.0249067 0.1107331 0.1393128 0.4295761 0.4295761 
Dasyuridae_Sarcophilus_harrisii              0.0986069 0.1146305 0.1062868 0.1081257 0.0075517 0.1065781 0.1034664 0.1090459 0.1038076 0.1097755 0.0232055 0.0343742 0.1036169 0.1173493 0.0248347 0.0000000 0.0308675 0.1076060 0.1132898 0.1124509 0.1261094 0.1407451 0.0252340 0.1150642 0.0948563 0.1158859 0.1060503 0.1181773 0.1290410 0.1094970 0.1091226 0.1149160 0.0082429 0.1037777 0.1385266 0.4317200 0.4317200 
Dasyuridae_Planigale_tenuirostris            0.1014894 0.1182748 0.1090029 0.1116015 0.0342430 0.1087403 0.1062596 0.1117924 0.1066125 0.1094559 0.0395405 0.0268808 0.1081068 0.1190366 0.0373869 0.0308675 0.0000000 0.1081910 0.1088859 0.1161971 0.1305989 0.1401254 0.0395652 0.1143574 0.0922345 0.1214298 0.1021793 0.1210089 0.1283721 0.1118369 0.1085993 0.1107099 0.0334546 0.1068949 0.1467091 0.3795878 0.3795878 
Peramelidae_Echymipera_kalubu                0.0963763 0.1024371 0.1118579 0.1149012 0.1108588 0.0970586 0.0930206 0.1133731 0.0248323 0.0848208 0.1182223 0.1096103 0.0959319 0.1112405 0.1146655 0.1076060 0.1081910 0.0000000 0.1153003 0.1143216 0.1414669 0.1382713 0.1173644 0.1178417 0.0856451 0.1130700 0.1087560 0.1079082 0.1286022 0.1040428 0.0857050 0.0252597 0.1084694 0.0258270 0.1449964 0.2309638 0.2309638 
Macropodidae_Dorcopsulus_vanheurni           0.0843584 0.1067475 0.0379713 0.0407908 0.1142441 0.0873061 0.0975284 0.0414755 0.1186980 0.1010992 0.1212740 0.1124652 0.1036252 0.0965533 0.1176959 0.1132898 0.1088859 0.1153003 0.0000000 0.0919049 0.1456833 0.1525404 0.1198096 0.0528172 0.1012059 0.1055962 0.0189638 0.1073814 0.1143428 0.0909390 0.1022006 0.1191854 0.1118940 0.1185275 0.1502608 0.3470977 0.3470977 
Pseudochiridae_Pseudochirulus_forbesi        0.0744203 0.0980122 0.0959305 0.0984830 0.1127329 0.0759599 0.0796674 0.0942674 0.1155078 0.0885927 0.1191390 0.1142757 0.0835027 0.0876218 0.1170482 0.1124509 0.1161971 0.1143216 0.0919049 0.0000000 0.1305731 0.1376332 0.1148177 0.0961617 0.0935873 0.0413062 0.0819884 0.0407275 0.0874583 0.0788277 0.0897780 0.1171656 0.1111299 0.1159069 0.1318714 0.3533533 0.3533533 
Didelphidae_Didelphis_virginiana             0.1210783 0.1335537 0.1371793 0.1441909 0.1277754 0.1232701 0.1263425 0.1343199 0.1425620 0.1315365 0.1344280 0.1264160 0.1290950 0.1271291 0.1303081 0.1261094 0.1305989 0.1414669 0.1456833 0.1305731 0.0000000 0.0657944 0.1406462 0.1479280 0.1155577 0.1315693 0.1350938 0.1356077 0.1334017 0.1297630 0.1317946 0.1456607 0.1274934 0.1432812 0.1737771 0.3863454 0.3863454 
Marmosidae_Monodelphis_domestica             0.1303127 0.1447420 0.1436845 0.1503041 0.1433750 0.1259218 0.1245750 0.1415538 0.1439388 0.1311287 0.1521463 0.1432841 0.1268246 0.1360519 0.1489246 0.1407451 0.1401254 0.1382713 0.1525404 0.1376332 0.0657944 0.0000000 0.1556229 0.1538127 0.1183583 0.1525381 0.1425987 0.1459974 0.1479116 0.1360859 0.1314737 0.1475379 0.1422765 0.1434749 0.1777598 0.3900650 0.3900650 
Dasyuridae_Antechinus_stuartii               0.0983033 0.1210325 0.1168892 0.1195490 0.0260474 0.1102421 0.1099138 0.1187030 0.1104986 0.1144968 0.0222268 0.0384353 0.1105903 0.1168474 0.0223746 0.0252340 0.0395652 0.1173644 0.1198096 0.1148177 0.1406462 0.1556229 0.0000000 0.1252625 0.1024310 0.1217595 0.1146958 0.1255956 0.1345502 0.1090858 0.1135502 0.1248234 0.0249518 0.1109872 0.1419328 0.4478619 0.4478619 
Hypsiprymnodontidae_Hypsiprymnodon_moschatus 0.0893522 0.1090933 0.0525115 0.0558863 0.1165214 0.0915689 0.0965860 0.0577006 0.1211746 0.1024126 0.1227507 0.1165376 0.1027097 0.0980728 0.1198446 0.1150642 0.1143574 0.1178417 0.0528172 0.0961617 0.1479280 0.1538127 0.1252625 0.0000000 0.1063839 0.1103071 0.0499006 0.1115302 0.1178810 0.0966051 0.1067168 0.1234168 0.1151507 0.1211353 0.1525646 0.3436428 0.3436428 
Microbiotheriidae_Dromiciops_gliroides       0.0836112 0.0888579 0.0990877 0.1083665 0.0961152 0.0819216 0.0832560 0.1024349 0.0890924 0.0862786 0.1033018 0.0973682 0.0850208 0.0932653 0.1011985 0.0948563 0.0922345 0.0856451 0.1012059 0.0935873 0.1155577 0.1183583 0.1024310 0.1063839 0.0000000 0.1045154 0.0916326 0.1096696 0.1080490 0.0886110 0.0893764 0.0894499 0.0970975 0.0894850 0.1203854 0.3629613 0.3629613 
Pseudochiridae_Petauroides_volans            0.0800054 0.1071393 0.0994268 0.0953303 0.1154592 0.0824075 0.0835069 0.0950593 0.1144225 0.0856890 0.1201327 0.1155241 0.0858358 0.0978646 0.1200833 0.1158859 0.1214298 0.1130700 0.1055962 0.0413062 0.1315693 0.1525381 0.1217595 0.1103071 0.1045154 0.0000000 0.0928759 0.0406386 0.0800091 0.0878641 0.0861720 0.1102890 0.1145676 0.1145161 0.1536928 9.0000000 9.0000000 
Macropodidae_Wallabia_bicolor                0.0807019 0.0998180 0.0353684 0.0375789 0.1073266 0.0828960 0.0896420 0.0405021 0.1086373 0.0918683 0.1139637 0.1079175 0.0954947 0.0870107 0.1115517 0.1060503 0.1021793 0.1087560 0.0189638 0.0819884 0.1350938 0.1425987 0.1146958 0.0499006 0.0916326 0.0928759 0.0000000 0.0970036 0.1077888 0.0859095 0.0963287 0.1121766 0.1059906 0.1085865 0.1431177 0.3412289 0.3412289 
Pseudochiridae_Pseudocheirus_occidentalis    0.0711021 0.1164315 0.1059447 0.1015641 0.1195762 0.0936545 0.0846692 0.0979100 0.1037822 0.0765535 0.1270037 0.1218397 0.0879863 0.0989953 0.1235554 0.1181773 0.1210089 0.1079082 0.1073814 0.0407275 0.1356077 0.1459974 0.1255956 0.1115302 0.1096696 0.0406386 0.0970036 0.0000000 0.1044012 0.0930555 0.0762797 0.1051647 0.1186786 0.1058864 0.1574933 0.2120564 0.2120564 
Tarsipedidae_Tarsipes_rostratus              0.0966187 0.1057816 0.1163777 0.1260726 0.1287464 0.0960150 0.1003209 0.1154884 0.1279091 0.1075659 0.1376354 0.1303235 0.1048399 0.0924427 0.1339127 0.1290410 0.1283721 0.1286022 0.1143428 0.0874583 0.1334017 0.1479116 0.1345502 0.1178810 0.1080490 0.0800091 0.1077888 0.1044012 0.0000000 0.0897672 0.1117106 0.1298786 0.1282804 0.1272672 0.1570355 0.3734355 0.3734355 
Acrobatidae_Distoechurus_pennatus            0.0715398 0.0989604 0.0937546 0.0993696 0.1074871 0.0780867 0.0773242 0.0952229 0.1035967 0.0867651 0.1141492 0.1094149 0.0796437 0.0545177 0.1116316 0.1094970 0.1118369 0.1040428 0.0909390 0.0788277 0.1297630 0.1360859 0.1090858 0.0966051 0.0886110 0.0878641 0.0859095 0.0930555 0.0897672 0.0000000 0.0875360 0.1118982 0.1079201 0.1039887 0.1448476 0.3536644 0.3536644 
Phalangeridae_Phalanger_carmelitae           0.0696201 0.1003201 0.0995742 0.0966000 0.1107749 0.0403957 0.0172242 0.0969209 0.0844302 0.0143952 0.1153336 0.1113738 0.0055093 0.0955176 0.1117214 0.1091226 0.1085993 0.0857050 0.1022006 0.0897780 0.1317946 0.1314737 0.1135502 0.1067168 0.0893764 0.0861720 0.0963287 0.0762797 0.1117106 0.0875360 0.0000000 0.0842963 0.1097195 0.0868678 0.1458202 0.2098114 0.2098114 
Peramelidae_Peroryctes_raffrayana            0.1013320 0.1047341 0.1201935 0.1188548 0.1161821 0.1050143 0.0962149 0.1162551 0.0317912 0.0846290 0.1251758 0.1155347 0.0985831 0.1128030 0.1215650 0.1149160 0.1107099 0.0252597 0.1191854 0.1171656 0.1456607 0.1475379 0.1248234 0.1234168 0.0894499 0.1102890 0.1121766 0.1051647 0.1298786 0.1118982 0.0842963 0.0000000 0.1161978 0.0340118 0.1512014 0.1817625 0.1817625 
Dasyuridae_Dasyurus_geffroii                 0.0976809 0.1174067 0.1062658 0.1096930 0.0075306 0.1048450 0.1024979 0.1096250 0.1046819 0.1086612 0.0251075 0.0333167 0.1042352 0.1142733 0.0249067 0.0082429 0.0334546 0.1084694 0.1118940 0.1111299 0.1274934 0.1422765 0.0249518 0.1151507 0.0970975 0.1145676 0.1059906 0.1186786 0.1282804 0.1079201 0.1097195 0.1161978 0.0000000 0.1046481 0.1396960 0.4477830 0.4477830 
Peramelidae_Perameles_gunnii                 0.0975535 0.1057444 0.1144667 0.1157423 0.1060765 0.1021985 0.0974239 0.1125739 0.0003381 0.0878957 0.1142657 0.1057880 0.1002213 0.1090027 0.1107331 0.1037777 0.1068949 0.0258270 0.1185275 0.1159069 0.1432812 0.1434749 0.1109872 0.1211353 0.0894850 0.1145161 0.1085865 0.1058864 0.1272672 0.1039887 0.0868678 0.0340118 0.1046481 0.0000000 0.1513129 0.2105507 0.2105507 
Notoryctidae_Notoryctes_typhlops             0.1395189 0.1392912 0.1504465 0.1759866 0.1414803 0.1373016 0.1561414 0.1608486 0.1514285 0.1477009 0.1397513 0.1376826 0.1548077 0.1506891 0.1393128 0.1385266 0.1467091 0.1449964 0.1502608 0.1318714 0.1737771 0.1777598 0.1419328 0.1525646 0.1203854 0.1536928 0.1431177 0.1574933 0.1570355 0.1448476 0.1458202 0.1512014 0.1396960 0.1513129 0.0000000 0.3089817 0.3089817 
Peramelidae_Isoodon_obesulus1                9.0000000 0.4069528 0.3345185 9.0000000 0.4410044 0.3736023 9.0000000 0.2784004 0.1961779 0.2153881 0.4474069 0.3757059 9.0000000 0.3424498 0.4295761 0.4317200 0.3795878 0.2309638 0.3470977 0.3533533 0.3863454 0.3900650 0.4478619 0.3436428 0.3629613 9.0000000 0.3412289 0.2120564 0.3734355 0.3536644 0.2098114 0.1817625 0.4477830 0.2105507 0.3089817 0.0000000 0.0000010 
Peramelidae_Isoodon_obesulus2                9.0000000 0.4069528 0.3345185 9.0000000 0.4410044 0.3736023 9.0000000 0.2784004 0.1961779 0.2153881 0.4474069 0.3757059 9.0000000 0.3424498 0.4295761 0.4317200 0.3795878 0.2309638 0.3470977 0.3533533 0.3863454 0.3900650 0.4478619 0.3436428 0.3629613 9.0000000 0.3412289 0.2120564 0.3734355 0.3536644 0.2098114 0.1817625 0.4477830 0.2105507 0.3089817 0.0000010 0.0000000 
