35
Burramyidae_Burramys_parvus                  0.0000000 0.0579607 0.0463572 0.0704130 0.0682935 0.0698206 0.0342319 0.0388679 0.0654170 0.0699462 0.0379465 0.0697446 0.0708197 0.0370853 0.0360563 0.0706348 0.0737110 0.0601522 0.0645101 0.0574758 0.0340539 0.0741038 0.0798187 0.0660442 0.0721496 0.0630102 0.0370437 0.0562581 0.0447344 0.0498013 0.0412431 0.0367331 0.0657850 0.0668401 0.0776101 
Notoryctidae_Notoryctes_typhlops             0.0579607 0.0000000 0.0598215 0.0929766 0.0892274 0.0724531 0.0583148 0.0646159 0.0877187 0.0830922 0.0572453 0.0666563 0.0705362 0.0578900 0.0610503 0.0679802 0.0728685 0.0606662 0.0637896 0.0785666 0.0545721 0.0828311 0.0855533 0.0661509 0.0985140 0.0640239 0.0558188 0.0786476 0.0656134 0.0722093 0.0620217 0.0596116 0.0669845 0.0794347 0.0785438 
Vombatidae_Lasiorhinus_latifrons             0.0463572 0.0598215 0.0000000 0.0816226 0.0814101 0.0710544 0.0415909 0.0511592 0.0748714 0.0788311 0.0435921 0.0672861 0.0685761 0.0469297 0.0499344 0.0685534 0.0754679 0.0584651 0.0666914 0.0682857 0.0419170 0.0790016 0.0807361 0.0629773 0.0888561 0.0603762 0.0417698 0.0679642 0.0548451 0.0572355 0.0504888 0.0461192 0.0691119 0.0756431 0.0774395 
Potoroidae_Bettongia_penicillata             0.0704130 0.0929766 0.0816226 0.0000000 0.0123433 0.0980107 0.0741631 0.0789829 0.0419775 0.0933963 0.0738021 0.1088426 0.1049938 0.0775297 0.0747344 0.1093379 0.1076487 0.0916641 0.0919244 0.0456254 0.0660464 0.1053689 0.1087017 0.1053675 0.0656274 0.0967684 0.0768193 0.0443866 0.0854313 0.0875529 0.0830197 0.0759023 0.0865848 0.0910471 0.1191549 
Potoroidae_Bettongia_lesueur                 0.0682935 0.0892274 0.0814101 0.0123433 0.0000000 0.0917533 0.0737034 0.0803996 0.0458378 0.0847318 0.0746051 0.1073124 0.1057810 0.0775999 0.0718262 0.1082645 0.1064252 0.0926873 0.0899016 0.0463705 0.0629553 0.1022139 0.1041274 0.1060416 0.0643280 0.0985706 0.0778798 0.0435459 0.0843495 0.0859501 0.0813795 0.0762994 0.0861227 0.0838734 0.1174590 
Dasyuridae_Dasyurus_maculatus                0.0698206 0.0724531 0.0710544 0.0980107 0.0917533 0.0000000 0.0728358 0.0756333 0.1090755 0.1035594 0.0673959 0.0161438 0.0223894 0.0726884 0.0749283 0.0175732 0.0086500 0.0199454 0.0888731 0.0966904 0.0740514 0.0866037 0.0951210 0.0169146 0.0973586 0.0689355 0.0716451 0.0968423 0.0783839 0.0876984 0.0846098 0.0737909 0.0866971 0.0973033 0.0079879 
Phalangeridae_Trichosurus_vulpecula          0.0342319 0.0583148 0.0415909 0.0741631 0.0737034 0.0728358 0.0000000 0.0211868 0.0646015 0.0764455 0.0217338 0.0659370 0.0681383 0.0196175 0.0357337 0.0671906 0.0736156 0.0555332 0.0649594 0.0576439 0.0331855 0.0718666 0.0774590 0.0618716 0.0769124 0.0583732 0.0325730 0.0565247 0.0424022 0.0507384 0.0393906 0.0182026 0.0672626 0.0734115 0.0794210 
Phalangeridae_Spilocuscus_maculatus          0.0388679 0.0646159 0.0511592 0.0789829 0.0803996 0.0756333 0.0211868 0.0000000 0.0730614 0.0859063 0.0230129 0.0756957 0.0749497 0.0189985 0.0431851 0.0769972 0.0831237 0.0659283 0.0733617 0.0675684 0.0338745 0.0805973 0.0845774 0.0716329 0.0835730 0.0662941 0.0400106 0.0654990 0.0472245 0.0583035 0.0457599 0.0179361 0.0760371 0.0827213 0.0895586 
Potoroidae_Aepyprymnus_rufescens             0.0654170 0.0877187 0.0748714 0.0419775 0.0458378 0.1090755 0.0646015 0.0730614 0.0000000 0.0877660 0.0671807 0.0998737 0.1006991 0.0691644 0.0680313 0.1012835 0.1015845 0.0844860 0.0876570 0.0380067 0.0772509 0.0966951 0.1006555 0.0964463 0.0691976 0.0933780 0.0694561 0.0368619 0.0840551 0.0824978 0.0766199 0.0693208 0.0856319 0.0859664 0.1114625 
Peramelidae_Perameles_nasuta                 0.0699462 0.0830922 0.0788311 0.0933963 0.0847318 0.1035594 0.0764455 0.0859063 0.0877660 0.0000000 0.0800683 0.0974567 0.1010967 0.0826665 0.0687363 0.0993295 0.1006637 0.0822645 0.0311739 0.0775636 0.0823960 0.0966014 0.0982608 0.0952596 0.0952117 0.0816899 0.0753860 0.0776375 0.0879759 0.0873069 0.0813664 0.0822985 0.0259707 0.0038220 0.1160601 
Phalangeridae_Strigocuscus_pelengensis       0.0379465 0.0572453 0.0435921 0.0738021 0.0746051 0.0673959 0.0217338 0.0230129 0.0671807 0.0800683 0.0000000 0.0676704 0.0682711 0.0188447 0.0413620 0.0689527 0.0751839 0.0577624 0.0670481 0.0624058 0.0340346 0.0738061 0.0779703 0.0645047 0.0773723 0.0592390 0.0365698 0.0616710 0.0464737 0.0525518 0.0432656 0.0188513 0.0698014 0.0768909 0.0806428 
Dasyuridae_Phascogale_tapoatafa              0.0697446 0.0666563 0.0672861 0.1088426 0.1073124 0.0161438 0.0659370 0.0756957 0.0998737 0.0974567 0.0676704 0.0000000 0.0178212 0.0713508 0.0738938 0.0040686 0.0145214 0.0136109 0.0835053 0.0912038 0.0689659 0.0893145 0.0931989 0.0052172 0.1134929 0.0735630 0.0671732 0.0917995 0.0790666 0.0808634 0.0778159 0.0701536 0.0878425 0.0924117 0.0188043 
Dasyuridae_Sminthopsis_macroura              0.0708197 0.0705362 0.0685761 0.1049938 0.1057810 0.0223894 0.0681383 0.0749497 0.1006991 0.1010967 0.0682711 0.0178212 0.0000000 0.0712247 0.0756016 0.0181995 0.0237962 0.0115998 0.0865780 0.0907727 0.0691281 0.0896206 0.0937279 0.0182359 0.1128573 0.0757504 0.0699473 0.0909147 0.0812927 0.0834311 0.0783301 0.0704280 0.0897968 0.0959122 0.0287188 
Phalangeridae_Phalanger_orientalis           0.0370853 0.0578900 0.0469297 0.0775297 0.0775999 0.0726884 0.0196175 0.0189985 0.0691644 0.0826665 0.0188447 0.0713508 0.0712247 0.0000000 0.0409398 0.0726290 0.0791872 0.0606646 0.0695038 0.0641745 0.0328644 0.0773688 0.0821996 0.0676895 0.0775544 0.0631640 0.0358363 0.0629448 0.0441905 0.0546196 0.0419344 0.0103528 0.0720136 0.0795133 0.0853545 
Acrobatidae_Acrobates_pygmaeus               0.0360563 0.0610503 0.0499344 0.0747344 0.0718262 0.0749283 0.0357337 0.0431851 0.0680313 0.0687363 0.0413620 0.0738938 0.0756016 0.0409398 0.0000000 0.0751944 0.0776124 0.0632759 0.0678033 0.0609329 0.0376219 0.0767570 0.0835336 0.0693620 0.0721666 0.0647745 0.0352684 0.0588637 0.0442257 0.0485662 0.0308792 0.0410060 0.0673276 0.0678443 0.0831020 
Dasyuridae_Phascogale_calura                 0.0706348 0.0679802 0.0685534 0.1093379 0.1082645 0.0175732 0.0671906 0.0769972 0.1012835 0.0993295 0.0689527 0.0040686 0.0181995 0.0726290 0.0751944 0.0000000 0.0155888 0.0147435 0.0852786 0.0920840 0.0695211 0.0910931 0.0945762 0.0066202 0.1150264 0.0749161 0.0676541 0.0927395 0.0799497 0.0818052 0.0786917 0.0714291 0.0897278 0.0942683 0.0206468 
Dasyuridae_Sarcophilus_harrisii              0.0737110 0.0728685 0.0754679 0.1076487 0.1064252 0.0086500 0.0736156 0.0831237 0.1015845 0.1006637 0.0751839 0.0145214 0.0237962 0.0791872 0.0776124 0.0155888 0.0000000 0.0177928 0.0879055 0.0914148 0.0751693 0.0959867 0.1007546 0.0163157 0.1142344 0.0807019 0.0741912 0.0910949 0.0880245 0.0882286 0.0846107 0.0779724 0.0884501 0.0956019 0.0124061 
Dasyuridae_Planigale_tenuirostris            0.0601522 0.0606662 0.0584651 0.0916641 0.0926873 0.0199454 0.0555332 0.0659283 0.0844860 0.0822645 0.0577624 0.0136109 0.0115998 0.0606646 0.0632759 0.0147435 0.0177928 0.0000000 0.0743078 0.0757756 0.0577687 0.0829685 0.0843940 0.0141255 0.0964309 0.0671985 0.0609664 0.0766568 0.0713798 0.0725833 0.0658435 0.0593836 0.0764462 0.0789511 0.0257634 
Peramelidae_Echymipera_kalubu                0.0645101 0.0637896 0.0666914 0.0919244 0.0899016 0.0888731 0.0649594 0.0733617 0.0876570 0.0311739 0.0670481 0.0835053 0.0865780 0.0695038 0.0678033 0.0852786 0.0879055 0.0743078 0.0000000 0.0775438 0.0640044 0.0885850 0.0896112 0.0815806 0.0950112 0.0695685 0.0619703 0.0759027 0.0753130 0.0749286 0.0698660 0.0691512 0.0183888 0.0275184 0.0999859 
Macropodidae_Dorcopsulus_vanheurni           0.0574758 0.0785666 0.0682857 0.0456254 0.0463705 0.0966904 0.0576439 0.0675684 0.0380067 0.0775636 0.0624058 0.0912038 0.0907727 0.0641745 0.0609329 0.0920840 0.0914148 0.0757756 0.0775438 0.0000000 0.0694231 0.0878688 0.0930785 0.0881963 0.0593486 0.0865074 0.0629768 0.0124461 0.0758383 0.0736950 0.0679763 0.0647452 0.0736871 0.0753992 0.1004676 
Pseudochiridae_Pseudochirulus_forbesi        0.0340539 0.0545721 0.0419170 0.0660464 0.0629553 0.0740514 0.0331855 0.0338745 0.0772509 0.0823960 0.0340346 0.0689659 0.0691281 0.0328644 0.0376219 0.0695211 0.0751693 0.0577687 0.0640044 0.0694231 0.0000000 0.0688150 0.0766823 0.0622288 0.0673839 0.0511760 0.0227517 0.0679240 0.0101479 0.0474322 0.0354551 0.0338456 0.0664083 0.0783894 0.0849516 
Didelphidae_Didelphis_virginiana             0.0741038 0.0828311 0.0790016 0.1053689 0.1022139 0.0866037 0.0718666 0.0805973 0.0966951 0.0966014 0.0738061 0.0893145 0.0896206 0.0773688 0.0767570 0.0910931 0.0959867 0.0829685 0.0885850 0.0878688 0.0688150 0.0000000 0.0337042 0.0861186 0.1072762 0.0845617 0.0758712 0.0860737 0.0834409 0.0816696 0.0822300 0.0751635 0.0915232 0.0926559 0.1016322 
Marmosidae_Monodelphis_domestica             0.0798187 0.0855533 0.0807361 0.1087017 0.1041274 0.0951210 0.0774590 0.0845774 0.1006555 0.0982608 0.0779703 0.0931989 0.0937279 0.0821996 0.0835336 0.0945762 0.1007546 0.0843940 0.0896112 0.0930785 0.0766823 0.0337042 0.0000000 0.0897054 0.1062660 0.0898964 0.0823037 0.0904966 0.0871225 0.0884804 0.0880396 0.0805460 0.0920929 0.0933392 0.1049319 
Dasyuridae_Antechinus_stuartii               0.0660442 0.0661509 0.0629773 0.1053675 0.1060416 0.0169146 0.0618716 0.0716329 0.0964463 0.0952596 0.0645047 0.0052172 0.0182359 0.0676895 0.0693620 0.0066202 0.0163157 0.0141255 0.0815806 0.0881963 0.0622288 0.0861186 0.0897054 0.0000000 0.1107378 0.0730187 0.0628502 0.0884064 0.0737201 0.0777626 0.0733674 0.0660665 0.0867174 0.0908531 0.0201652 
Hypsiprymnodontidae_Hypsiprymnodon_moschatus 0.0721496 0.0985140 0.0888561 0.0656274 0.0643280 0.0973586 0.0769124 0.0835730 0.0691976 0.0952117 0.0773723 0.1134929 0.1128573 0.0775544 0.0721666 0.1150264 0.1142344 0.0964309 0.0950112 0.0593486 0.0673839 0.1072762 0.1062660 0.1107378 0.0000000 0.0959187 0.0798351 0.0564021 0.0857275 0.0905496 0.0867209 0.0807219 0.0941358 0.0909961 0.1233680 
Microbiotheriidae_Dromiciops_gliroides       0.0630102 0.0640239 0.0603762 0.0967684 0.0985706 0.0689355 0.0583732 0.0662941 0.0933780 0.0816899 0.0592390 0.0735630 0.0757504 0.0631640 0.0647745 0.0749161 0.0807019 0.0671985 0.0695685 0.0865074 0.0511760 0.0845617 0.0898964 0.0730187 0.0959187 0.0000000 0.0592671 0.0836820 0.0712638 0.0697100 0.0680857 0.0620956 0.0723388 0.0788781 0.0904376 
Pseudochiridae_Petauroides_volans            0.0370437 0.0558188 0.0417698 0.0768193 0.0778798 0.0716451 0.0325730 0.0400106 0.0694561 0.0753860 0.0365698 0.0671732 0.0699473 0.0358363 0.0352684 0.0676541 0.0741912 0.0609664 0.0619703 0.0629768 0.0227517 0.0758712 0.0823037 0.0628502 0.0798351 0.0592671 0.0000000 0.0617435 0.0313778 0.0439085 0.0367707 0.0362645 0.0658812 0.0725963 0.0795716 
Macropodidae_Wallabia_bicolor                0.0562581 0.0786476 0.0679642 0.0443866 0.0435459 0.0968423 0.0565247 0.0654990 0.0368619 0.0776375 0.0616710 0.0917995 0.0909147 0.0629448 0.0588637 0.0927395 0.0910949 0.0766568 0.0759027 0.0124461 0.0679240 0.0860737 0.0904966 0.0884064 0.0564021 0.0836820 0.0617435 0.0000000 0.0742587 0.0706037 0.0681021 0.0626591 0.0735700 0.0760673 0.0997044 
Pseudochiridae_Pseudocheirus_occidentalis    0.0447344 0.0656134 0.0548451 0.0854313 0.0843495 0.0783839 0.0424022 0.0472245 0.0840551 0.0879759 0.0464737 0.0790666 0.0812927 0.0441905 0.0442257 0.0799497 0.0880245 0.0713798 0.0753130 0.0758383 0.0101479 0.0834409 0.0871225 0.0737201 0.0857275 0.0712638 0.0313778 0.0742587 0.0000000 0.0546069 0.0450643 0.0454354 0.0782785 0.0847925 0.0985482 
Tarsipedidae_Tarsipes_rostratus              0.0498013 0.0722093 0.0572355 0.0875529 0.0859501 0.0876984 0.0507384 0.0583035 0.0824978 0.0873069 0.0525518 0.0808634 0.0834311 0.0546196 0.0485662 0.0818052 0.0882286 0.0725833 0.0749286 0.0736950 0.0474322 0.0816696 0.0884804 0.0777626 0.0905496 0.0697100 0.0439085 0.0706037 0.0546069 0.0000000 0.0523705 0.0546945 0.0763816 0.0848595 0.0933779 
Acrobatidae_Distoechurus_pennatus            0.0412431 0.0620217 0.0504888 0.0830197 0.0813795 0.0846098 0.0393906 0.0457599 0.0766199 0.0813664 0.0432656 0.0778159 0.0783301 0.0419344 0.0308792 0.0786917 0.0846107 0.0658435 0.0698660 0.0679763 0.0354551 0.0822300 0.0880396 0.0733674 0.0867209 0.0680857 0.0367707 0.0681021 0.0450643 0.0523705 0.0000000 0.0431681 0.0704864 0.0781056 0.0914328 
Phalangeridae_Phalanger_carmelitae           0.0367331 0.0596116 0.0461192 0.0759023 0.0762994 0.0737909 0.0182026 0.0179361 0.0693208 0.0822985 0.0188513 0.0701536 0.0704280 0.0103528 0.0410060 0.0714291 0.0779724 0.0593836 0.0691512 0.0647452 0.0338456 0.0751635 0.0805460 0.0660665 0.0807219 0.0620956 0.0362645 0.0626591 0.0454354 0.0546945 0.0431681 0.0000000 0.0716812 0.0791436 0.0839369 
Peramelidae_Peroryctes_raffrayana            0.0657850 0.0669845 0.0691119 0.0865848 0.0861227 0.0866971 0.0672626 0.0760371 0.0856319 0.0259707 0.0698014 0.0878425 0.0897968 0.0720136 0.0673276 0.0897278 0.0884501 0.0764462 0.0183888 0.0736871 0.0664083 0.0915232 0.0920929 0.0867174 0.0941358 0.0723388 0.0658812 0.0735700 0.0782785 0.0763816 0.0704864 0.0716812 0.0000000 0.0240381 0.0992186 
Peramelidae_Perameles_gunnii                 0.0668401 0.0794347 0.0756431 0.0910471 0.0838734 0.0973033 0.0734115 0.0827213 0.0859664 0.0038220 0.0768909 0.0924117 0.0959122 0.0795133 0.0678443 0.0942683 0.0956019 0.0789511 0.0275184 0.0753992 0.0783894 0.0926559 0.0933392 0.0908531 0.0909961 0.0788781 0.0725963 0.0760673 0.0847925 0.0848595 0.0781056 0.0791436 0.0240381 0.0000000 0.1105542 
Dasyuridae_Dasyurus_geffroii                 0.0776101 0.0785438 0.0774395 0.1191549 0.1174590 0.0079879 0.0794210 0.0895586 0.1114625 0.1160601 0.0806428 0.0188043 0.0287188 0.0853545 0.0831020 0.0206468 0.0124061 0.0257634 0.0999859 0.1004676 0.0849516 0.1016322 0.1049319 0.0201652 0.1233680 0.0904376 0.0795716 0.0997044 0.0985482 0.0933779 0.0914328 0.0839369 0.0992186 0.1105542 0.0000000 
