35
Burramyidae_Burramys_parvus                  0.0000000 0.0992859 0.0659037 0.0808126 0.0832426 0.1221940 0.0677869 0.0722460 0.0837442 0.1032175 0.0692478 0.1185055 0.1295885 0.0765057 0.0846764 0.1195609 0.1219441 0.1203997 0.1098452 0.0947405 0.0744612 0.0930861 0.1117652 0.1181166 0.0748994 0.0894296 0.0852169 0.0927846 0.0718161 0.0982292 0.0816876 0.0784995 0.1036369 0.1170286 0.1028451 
Notoryctidae_Notoryctes_typhlops             0.0992859 0.0000000 0.0872070 0.1045323 0.1077141 0.1379065 0.1000915 0.1045897 0.1073601 0.1192209 0.1036504 0.1368089 0.1456966 0.1145477 0.1110211 0.1345890 0.1350402 0.1390119 0.1277695 0.1194642 0.1032598 0.1221214 0.1390595 0.1335563 0.1015958 0.0995410 0.1124790 0.1188165 0.1022286 0.1359983 0.1058458 0.1145381 0.1238030 0.1340853 0.1191687 
Vombatidae_Lasiorhinus_latifrons             0.0659037 0.0872070 0.0000000 0.0771444 0.0791591 0.1127901 0.0672747 0.0713335 0.0766759 0.1012623 0.0717664 0.1136821 0.1206237 0.0787023 0.0831869 0.1103241 0.1143711 0.1107465 0.1055981 0.0864968 0.0733923 0.0892939 0.1086559 0.1125865 0.0657766 0.0728763 0.0826182 0.0867441 0.0698155 0.0987038 0.0796759 0.0804458 0.0995820 0.1092997 0.1008886 
Potoroidae_Bettongia_penicillata             0.0808126 0.1045323 0.0771444 0.0000000 0.0066051 0.1257095 0.0766455 0.0820055 0.0139576 0.1191107 0.0788706 0.1268091 0.1355858 0.0898358 0.0978599 0.1236473 0.1267650 0.1286135 0.1270075 0.0415256 0.0856553 0.1157117 0.1303280 0.1269492 0.0586821 0.1062798 0.0958665 0.0386169 0.0811085 0.1086157 0.0849092 0.0910597 0.1223546 0.1212602 0.1187195 
Potoroidae_Bettongia_lesueur                 0.0832426 0.1077141 0.0791591 0.0066051 0.0000000 0.1301830 0.0763065 0.0845213 0.0171057 0.1221355 0.0825769 0.1315891 0.1400455 0.0916363 0.0975493 0.1283595 0.1314428 0.1327721 0.1292313 0.0443059 0.0856117 0.1149642 0.1314265 0.1317348 0.0609305 0.1053061 0.0959777 0.0414075 0.0811153 0.1090970 0.0849731 0.0935658 0.1246494 0.1256915 0.1217414 
Dasyuridae_Dasyurus_maculatus                0.1221940 0.1379065 0.1127901 0.1257095 0.1301830 0.0000000 0.1273632 0.1308306 0.1293851 0.1373282 0.1310281 0.0321914 0.0438662 0.1373351 0.1392175 0.0234339 0.0087068 0.0400350 0.1425200 0.1375609 0.1210903 0.1116124 0.1416233 0.0324571 0.1260738 0.1030021 0.1423600 0.1411146 0.1204330 0.1132884 0.1315178 0.1380525 0.1391442 0.0069632 0.1367641 
Phalangeridae_Trichosurus_vulpecula          0.0677869 0.1000915 0.0672747 0.0766455 0.0763065 0.1273632 0.0000000 0.0290973 0.0768234 0.1083515 0.0283871 0.1237259 0.1345994 0.0419443 0.0858200 0.1249397 0.1265482 0.1224329 0.1137274 0.0826543 0.0778391 0.0978807 0.1254258 0.1233158 0.0716112 0.0876871 0.0818879 0.0804159 0.0720383 0.1037868 0.0789901 0.0425931 0.1085723 0.1240251 0.1075781 
Phalangeridae_Spilocuscus_maculatus          0.0722460 0.1045897 0.0713335 0.0820055 0.0845213 0.1308306 0.0290973 0.0000000 0.0836897 0.1142492 0.0176536 0.1283443 0.1392370 0.0317938 0.0919882 0.1298438 0.1323417 0.1313955 0.1212549 0.0891947 0.0808549 0.1046323 0.1287051 0.1280261 0.0792011 0.0945330 0.0854645 0.0900225 0.0757238 0.1050596 0.0853782 0.0317995 0.1153305 0.1284253 0.1134610 
Potoroidae_Aepyprymnus_rufescens             0.0837442 0.1073601 0.0766759 0.0139576 0.0171057 0.1293851 0.0768234 0.0836897 0.0000000 0.1209778 0.0810072 0.1308333 0.1401822 0.0914604 0.1010478 0.1275551 0.1299021 0.1318616 0.1284953 0.0403185 0.0864380 0.1240684 0.1384296 0.1309725 0.0591026 0.1103249 0.0985213 0.0383484 0.0830456 0.1131181 0.0879457 0.0926884 0.1234863 0.1248912 0.1196623 
Peramelidae_Perameles_nasuta                 0.1032175 0.1192209 0.1012623 0.1191107 0.1221355 0.1373282 0.1083515 0.1142492 0.1209778 0.0000000 0.1136109 0.1321758 0.1474625 0.1196754 0.1231743 0.1348835 0.1370321 0.1389986 0.0258628 0.1294656 0.1082010 0.1126326 0.1378409 0.1323856 0.1154423 0.0977909 0.1261082 0.1311364 0.1096920 0.1266867 0.1153294 0.1198294 0.0213159 0.1329665 0.0013717 
Phalangeridae_Strigocuscus_pelengensis       0.0692478 0.1036504 0.0717664 0.0788706 0.0825769 0.1310281 0.0283871 0.0176536 0.0810072 0.1136109 0.0000000 0.1280302 0.1402957 0.0298505 0.0921293 0.1299978 0.1313930 0.1288969 0.1220923 0.0806159 0.0810546 0.1028889 0.1244497 0.1270426 0.0770927 0.0882340 0.0860555 0.0781168 0.0779411 0.1054497 0.0838323 0.0304816 0.1148149 0.1281167 0.1127950 
Dasyuridae_Phascogale_tapoatafa              0.1185055 0.1368089 0.1136821 0.1268091 0.1315891 0.0321914 0.1237259 0.1283443 0.1308333 0.1321758 0.1280302 0.0000000 0.0591048 0.1344183 0.1353441 0.0109099 0.0385864 0.0359638 0.1366976 0.1394526 0.1172674 0.1135142 0.1454442 0.0134059 0.1228386 0.0965665 0.1348334 0.1423976 0.1137918 0.1351024 0.1295438 0.1359116 0.1346071 0.0287737 0.1317684 
Dasyuridae_Sminthopsis_macroura              0.1295885 0.1456966 0.1206237 0.1355858 0.1400455 0.0438662 0.1345994 0.1392370 0.1401822 0.1474625 0.1402957 0.0591048 0.0000000 0.1466813 0.1464506 0.0453242 0.0421835 0.0499546 0.1558843 0.1507477 0.1335965 0.1166866 0.1426550 0.0589947 0.1317113 0.1072833 0.1515356 0.1499737 0.1302279 0.1317961 0.1388629 0.1477469 0.1500878 0.0396411 0.1470301 
Phalangeridae_Phalanger_orientalis           0.0765057 0.1145477 0.0787023 0.0898358 0.0916363 0.1373351 0.0419443 0.0317938 0.0914604 0.1196754 0.0298505 0.1344183 0.1466813 0.0000000 0.0994225 0.1375200 0.1361584 0.1364344 0.1298363 0.1010535 0.0871175 0.1210702 0.1353256 0.1348828 0.0874279 0.1013889 0.0971765 0.1004050 0.0816040 0.1155893 0.0904781 0.0096802 0.1212943 0.1346708 0.1193840 
Acrobatidae_Acrobates_pygmaeus               0.0846764 0.1110211 0.0831869 0.0978599 0.0975493 0.1392175 0.0858200 0.0919882 0.1010478 0.1231743 0.0921293 0.1353441 0.1464506 0.0994225 0.0000000 0.1376663 0.1392352 0.1418152 0.1233055 0.1112217 0.0816206 0.1204921 0.1413085 0.1345415 0.0904770 0.1067377 0.0935482 0.1085211 0.0744567 0.1042183 0.0454499 0.1006738 0.1177964 0.1358761 0.1223599 
Dasyuridae_Phascogale_calura                 0.1195609 0.1345890 0.1103241 0.1236473 0.1283595 0.0234339 0.1249397 0.1298438 0.1275551 0.1348835 0.1299978 0.0109099 0.0453242 0.1375200 0.1376663 0.0000000 0.0225573 0.0387144 0.1384712 0.1370967 0.1201513 0.1126845 0.1427525 0.0191981 0.1235015 0.0965586 0.1405766 0.1410989 0.1177914 0.1175891 0.1345328 0.1390759 0.1362244 0.0208969 0.1343837 
Dasyuridae_Sarcophilus_harrisii              0.1219441 0.1350402 0.1143711 0.1267650 0.1314428 0.0087068 0.1265482 0.1323417 0.1299021 0.1370321 0.1313930 0.0385864 0.0421835 0.1361584 0.1392352 0.0225573 0.0000000 0.0453385 0.1425237 0.1390133 0.1245449 0.1104746 0.1420866 0.0386015 0.1270920 0.1004032 0.1438477 0.1412766 0.1230346 0.1280830 0.1314637 0.1371961 0.1385027 0.0066607 0.1366153 
Dasyuridae_Planigale_tenuirostris            0.1203997 0.1390119 0.1107465 0.1286135 0.1327721 0.0400350 0.1224329 0.1313955 0.1318616 0.1389986 0.1288969 0.0359638 0.0499546 0.1364344 0.1418152 0.0387144 0.0453385 0.0000000 0.1448052 0.1409212 0.1196871 0.1190319 0.1473766 0.0370096 0.1222195 0.1029492 0.1328746 0.1429561 0.1143987 0.1303891 0.1317906 0.1379830 0.1411464 0.0370926 0.1385008 
Peramelidae_Echymipera_kalubu                0.1098452 0.1277695 0.1055981 0.1270075 0.1292313 0.1425200 0.1137274 0.1212549 0.1284953 0.0258628 0.1220923 0.1366976 0.1558843 0.1298363 0.1233055 0.1384712 0.1425237 0.1448052 0.0000000 0.1337972 0.1108778 0.1120198 0.1369480 0.1354700 0.1187860 0.0990437 0.1291558 0.1369653 0.1127344 0.1235802 0.1192009 0.1298911 0.0209766 0.1381803 0.0261450 
Macropodidae_Dorcopsulus_vanheurni           0.0947405 0.1194642 0.0864968 0.0415256 0.0443059 0.1375609 0.0826543 0.0891947 0.0403185 0.1294656 0.0806159 0.1394526 0.1507477 0.1010535 0.1112217 0.1370967 0.1390133 0.1409212 0.1337972 0.0000000 0.0965355 0.1407970 0.1546032 0.1380301 0.0668663 0.1264996 0.1034665 0.0129968 0.0904260 0.1322039 0.1026865 0.1033589 0.1299783 0.1338001 0.1290588 
Pseudochiridae_Pseudochirulus_forbesi        0.0744612 0.1032598 0.0733923 0.0856553 0.0856117 0.1210903 0.0778391 0.0808549 0.0864380 0.1082010 0.0810546 0.1172674 0.1335965 0.0871175 0.0816206 0.1201513 0.1245449 0.1196871 0.1108778 0.0965355 0.0000000 0.1003040 0.1216016 0.1180083 0.0790531 0.0911148 0.0559721 0.0954141 0.0246878 0.0806833 0.0739865 0.0867565 0.1065701 0.1167258 0.1078207 
Didelphidae_Didelphis_virginiana             0.0930861 0.1221214 0.0892939 0.1157117 0.1149642 0.1116124 0.0978807 0.1046323 0.1240684 0.1126326 0.1028889 0.1135142 0.1166866 0.1210702 0.1204921 0.1126845 0.1104746 0.1190319 0.1120198 0.1407970 0.1003040 0.0000000 0.0487956 0.1107000 0.1029834 0.1059210 0.1315058 0.1430460 0.0958293 0.1153516 0.1148529 0.1223176 0.1116542 0.1090706 0.1125982 
Marmosidae_Monodelphis_domestica             0.1117652 0.1390595 0.1086559 0.1303280 0.1314265 0.1416233 0.1254258 0.1287051 0.1384296 0.1378409 0.1244497 0.1454442 0.1426550 0.1353256 0.1413085 0.1427525 0.1420866 0.1473766 0.1369480 0.1546032 0.1216016 0.0487956 0.0000000 0.1436738 0.1259543 0.1335209 0.1437577 0.1548401 0.1182730 0.1424262 0.1338467 0.1374283 0.1356660 0.1355252 0.1377982 
Dasyuridae_Antechinus_stuartii               0.1181166 0.1335563 0.1125865 0.1269492 0.1317348 0.0324571 0.1233158 0.1280261 0.1309725 0.1323856 0.1270426 0.0134059 0.0589947 0.1348828 0.1345415 0.0191981 0.0386015 0.0370096 0.1354700 0.1380301 0.1180083 0.1107000 0.1436738 0.0000000 0.1212564 0.0961118 0.1339862 0.1409025 0.1129876 0.1384004 0.1265480 0.1356646 0.1335984 0.0289913 0.1320322 
Hypsiprymnodontidae_Hypsiprymnodon_moschatus 0.0748994 0.1015958 0.0657766 0.0586821 0.0609305 0.1260738 0.0716112 0.0792011 0.0591026 0.1154423 0.0770927 0.1228386 0.1317113 0.0874279 0.0904770 0.1235015 0.1270920 0.1222195 0.1187860 0.0668663 0.0790531 0.1029834 0.1259543 0.1212564 0.0000000 0.0880562 0.0900123 0.0662651 0.0747319 0.0951819 0.0827895 0.0875924 0.1156408 0.1226378 0.1150577 
Microbiotheriidae_Dromiciops_gliroides       0.0894296 0.0995410 0.0728763 0.1062798 0.1053061 0.1030021 0.0876871 0.0945330 0.1103249 0.0977909 0.0882340 0.0965665 0.1072833 0.1013889 0.1067377 0.0965586 0.1004032 0.1029492 0.0990437 0.1264996 0.0911148 0.1059210 0.1335209 0.0961118 0.0880562 0.0000000 0.1162634 0.1222933 0.0876752 0.1126603 0.1026231 0.1034796 0.0936168 0.0984629 0.0979826 
Pseudochiridae_Petauroides_volans            0.0852169 0.1124790 0.0826182 0.0958665 0.0959777 0.1423600 0.0818879 0.0854645 0.0985213 0.1261082 0.0860555 0.1348334 0.1515356 0.0971765 0.0935482 0.1405766 0.1438477 0.1328746 0.1291558 0.1034665 0.0559721 0.1315058 0.1437577 0.1339862 0.0900123 0.1162634 0.0000000 0.1021047 0.0529267 0.1124886 0.0847182 0.0990303 0.1270234 0.1377433 0.1257054 
Macropodidae_Wallabia_bicolor                0.0927846 0.1188165 0.0867441 0.0386169 0.0414075 0.1411146 0.0804159 0.0900225 0.0383484 0.1311364 0.0781168 0.1423976 0.1499737 0.1004050 0.1085211 0.1410989 0.1412766 0.1429561 0.1369653 0.0129968 0.0954141 0.1430460 0.1548401 0.1409025 0.0662651 0.1222933 0.1021047 0.0000000 0.0903104 0.1335801 0.0988567 0.1016441 0.1316595 0.1365377 0.1307255 
Pseudochiridae_Pseudocheirus_occidentalis    0.0718161 0.1022286 0.0698155 0.0811085 0.0811153 0.1204330 0.0720383 0.0757238 0.0830456 0.1096920 0.0779411 0.1137918 0.1302279 0.0816040 0.0744567 0.1177914 0.1230346 0.1143987 0.1127344 0.0904260 0.0246878 0.0958293 0.1182730 0.1129876 0.0747319 0.0876752 0.0529267 0.0903104 0.0000000 0.0812746 0.0713227 0.0833073 0.1076236 0.1159275 0.1093114 
Tarsipedidae_Tarsipes_rostratus              0.0982292 0.1359983 0.0987038 0.1086157 0.1090970 0.1132884 0.1037868 0.1050596 0.1131181 0.1266867 0.1054497 0.1351024 0.1317961 0.1155893 0.1042183 0.1175891 0.1280830 0.1303891 0.1235802 0.1322039 0.0806833 0.1153516 0.1424262 0.1384004 0.0951819 0.1126603 0.1124886 0.1335801 0.0812746 0.0000000 0.1028389 0.1161964 0.1217576 0.1067658 0.1260337 
Acrobatidae_Distoechurus_pennatus            0.0816876 0.1058458 0.0796759 0.0849092 0.0849731 0.1315178 0.0789901 0.0853782 0.0879457 0.1153294 0.0838323 0.1295438 0.1388629 0.0904781 0.0454499 0.1345328 0.1314637 0.1317906 0.1192009 0.1026865 0.0739865 0.1148529 0.1338467 0.1265480 0.0827895 0.1026231 0.0847182 0.0988567 0.0713227 0.1028389 0.0000000 0.0905444 0.1159730 0.1278754 0.1152804 
Phalangeridae_Phalanger_carmelitae           0.0784995 0.1145381 0.0804458 0.0910597 0.0935658 0.1380525 0.0425931 0.0317995 0.0926884 0.1198294 0.0304816 0.1359116 0.1477469 0.0096802 0.1006738 0.1390759 0.1371961 0.1379830 0.1298911 0.1033589 0.0867565 0.1223176 0.1374283 0.1356646 0.0875924 0.1034796 0.0990303 0.1016441 0.0833073 0.1161964 0.0905444 0.0000000 0.1214510 0.1353869 0.1194355 
Peramelidae_Peroryctes_raffrayana            0.1036369 0.1238030 0.0995820 0.1223546 0.1246494 0.1391442 0.1085723 0.1153305 0.1234863 0.0213159 0.1148149 0.1346071 0.1500878 0.1212943 0.1177964 0.1362244 0.1385027 0.1411464 0.0209766 0.1299783 0.1065701 0.1116542 0.1356660 0.1335984 0.1156408 0.0936168 0.1270234 0.1316595 0.1076236 0.1217576 0.1159730 0.1214510 0.0000000 0.1355726 0.0216304 
Dasyuridae_Dasyurus_geffroii                 0.1170286 0.1340853 0.1092997 0.1212602 0.1256915 0.0069632 0.1240251 0.1284253 0.1248912 0.1329665 0.1281167 0.0287737 0.0396411 0.1346708 0.1358761 0.0208969 0.0066607 0.0370926 0.1381803 0.1338001 0.1167258 0.1090706 0.1355252 0.0289913 0.1226378 0.0984629 0.1377433 0.1365377 0.1159275 0.1067658 0.1278754 0.1353869 0.1355726 0.0000000 0.1324731 
Peramelidae_Perameles_gunnii                 0.1028451 0.1191687 0.1008886 0.1187195 0.1217414 0.1367641 0.1075781 0.1134610 0.1196623 0.0013717 0.1127950 0.1317684 0.1470301 0.1193840 0.1223599 0.1343837 0.1366153 0.1385008 0.0261450 0.1290588 0.1078207 0.1125982 0.1377982 0.1320322 0.1150577 0.0979826 0.1257054 0.1307255 0.1093114 0.1260337 0.1152804 0.1194355 0.0216304 0.1324731 0.0000000 
