37
Burramyidae_Burramys_parvus                  0.0000000 0.0683049 0.0735546 0.0602313 0.0615706 0.0814581 0.0522307 0.0561798 0.0550889 0.1221798 0.0565418 0.0789554 0.0850385 0.0487104 0.0655850 0.0736140 0.0759882 0.0870225 0.1027083 0.0554635 0.0633886 0.1199834 0.1097807 0.0762581 0.0576287 0.0782893 0.0656664 0.0542312 0.0723959 0.0946496 0.0651996 0.0514341 0.1147902 0.0782579 0.1022429 0.0810535 0.0810535 
Notoryctidae_Notoryctes_typhlops             0.0683049 0.0000000 0.0858359 0.0700661 0.0729779 0.0781325 0.0644497 0.0692838 0.0679506 0.1213351 0.0704746 0.0707788 0.0875830 0.0623688 0.0739918 0.0718761 0.0724530 0.0876349 0.1066715 0.0667374 0.0723732 0.1275902 0.1236108 0.0791869 0.0731679 0.0854944 0.0758323 0.0646938 0.0775877 0.1098380 0.0809203 0.0645597 0.1119310 0.0779845 0.1056582 0.0932539 0.0932539 
Vombatidae_Lasiorhinus_latifrons             0.0735546 0.0858359 0.0000000 0.0741105 0.0748660 0.0979289 0.0695972 0.0769996 0.0692888 0.1371909 0.0758114 0.0891507 0.0979454 0.0681877 0.0833452 0.0861983 0.0905840 0.1070445 0.1110678 0.0710951 0.0818738 0.1445005 0.1322691 0.0946156 0.0708735 0.0866681 0.0849128 0.0706593 0.0921493 0.1097926 0.0860340 0.0748753 0.1303545 0.0930610 0.1175522 0.0972404 0.0972404 
Potoroidae_Bettongia_penicillata             0.0602313 0.0700661 0.0741105 0.0000000 0.0047442 0.0850037 0.0529622 0.0562256 0.0138249 0.1279838 0.0593857 0.0802743 0.0946912 0.0487260 0.0673248 0.0791239 0.0804465 0.0945645 0.1011740 0.0324043 0.0612071 0.1236004 0.1114358 0.0848647 0.0434939 0.0828286 0.0648973 0.0325075 0.0716825 0.0988121 0.0625566 0.0528513 0.1134746 0.0824489 0.1038579 0.0833719 0.0833719 
Potoroidae_Bettongia_lesueur                 0.0615706 0.0729779 0.0748660 0.0047442 0.0000000 0.0836103 0.0529161 0.0584698 0.0138193 0.1282765 0.0580308 0.0804353 0.0932924 0.0506965 0.0670329 0.0806319 0.0789699 0.0941354 0.1033282 0.0337112 0.0623570 0.1220939 0.1134228 0.0834301 0.0441366 0.0855175 0.0652745 0.0325287 0.0732666 0.0995551 0.0618659 0.0534897 0.1137236 0.0825917 0.1060258 0.0764629 0.0764629 
Dasyuridae_Dasyurus_maculatus                0.0814581 0.0781325 0.0979289 0.0850037 0.0836103 0.0000000 0.0712265 0.0780214 0.0804093 0.1354432 0.0776931 0.0222336 0.0445540 0.0715979 0.0927920 0.0230270 0.0130358 0.0354218 0.1165716 0.0793185 0.0834678 0.1328500 0.1209552 0.0264828 0.0831388 0.0844460 0.0824266 0.0743996 0.1025077 0.1194471 0.0976565 0.0763289 0.1256647 0.0126559 0.1148733 0.0247780 0.0247780 
Phalangeridae_Trichosurus_vulpecula          0.0522307 0.0644497 0.0695972 0.0529622 0.0529161 0.0712265 0.0000000 0.0222813 0.0500030 0.1031722 0.0252365 0.0623070 0.0838270 0.0200712 0.0551127 0.0614062 0.0664528 0.0760982 0.0924870 0.0524569 0.0575470 0.1097334 0.1047839 0.0657991 0.0484824 0.0689778 0.0588432 0.0484661 0.0559355 0.0943232 0.0614599 0.0231296 0.0927754 0.0667275 0.0893742 0.0923978 0.0923978 
Phalangeridae_Spilocuscus_maculatus          0.0561798 0.0692838 0.0769996 0.0562256 0.0584698 0.0780214 0.0222813 0.0000000 0.0546448 0.1155572 0.0250722 0.0732237 0.0905896 0.0145253 0.0619839 0.0699063 0.0763083 0.0839013 0.1032235 0.0543094 0.0606300 0.1266975 0.1150029 0.0767310 0.0583593 0.0765052 0.0664644 0.0580540 0.0613296 0.0984033 0.0692341 0.0180154 0.1017757 0.0779628 0.1027413 0.0609734 0.0609734 
Potoroidae_Aepyprymnus_rufescens             0.0550889 0.0679506 0.0692888 0.0138249 0.0138193 0.0804093 0.0500030 0.0546448 0.0000000 0.1224185 0.0564340 0.0762702 0.0897254 0.0457907 0.0602912 0.0751295 0.0754807 0.0897466 0.0984159 0.0284353 0.0590964 0.1222418 0.1118965 0.0786520 0.0421441 0.0809380 0.0650002 0.0285433 0.0709938 0.0964871 0.0589143 0.0497314 0.1080450 0.0786441 0.1010666 0.0648038 0.0648038 
Peramelidae_Perameles_nasuta                 0.1221798 0.1213351 0.1371909 0.1279838 0.1282765 0.1354432 0.1031722 0.1155572 0.1224185 0.0000000 0.1100522 0.1295581 0.1415019 0.1082379 0.1204720 0.1271066 0.1319375 0.1261830 0.0264736 0.1172244 0.1235264 0.1931747 0.1694428 0.1333131 0.1146915 0.1316980 0.1314800 0.1139826 0.1225520 0.1792899 0.1353149 0.1073628 0.0219021 0.1290330 0.0008292 0.1413263 0.1413263 
Phalangeridae_Strigocuscus_pelengensis       0.0565418 0.0704746 0.0758114 0.0593857 0.0580308 0.0776931 0.0252365 0.0250722 0.0564340 0.1100522 0.0000000 0.0733860 0.0903647 0.0207570 0.0607828 0.0691093 0.0760056 0.0829044 0.0983752 0.0562059 0.0635688 0.1161800 0.1107621 0.0749370 0.0586851 0.0767535 0.0683233 0.0563722 0.0635332 0.0997049 0.0688960 0.0191665 0.0942436 0.0783325 0.0990183 0.0686560 0.0686560 
Dasyuridae_Phascogale_tapoatafa              0.0789554 0.0707788 0.0891507 0.0802743 0.0804353 0.0222336 0.0623070 0.0732237 0.0762702 0.1295581 0.0733860 0.0000000 0.0423668 0.0653350 0.0889638 0.0038582 0.0162400 0.0324384 0.1138853 0.0782692 0.0842216 0.1264559 0.1145828 0.0137332 0.0786197 0.0840702 0.0800867 0.0722514 0.0966244 0.1147351 0.0916355 0.0683439 0.1200318 0.0194746 0.1091150 0.0252080 0.0252080 
Dasyuridae_Sminthopsis_macroura              0.0850385 0.0875830 0.0979454 0.0946912 0.0932924 0.0445540 0.0838270 0.0905896 0.0897254 0.1415019 0.0903647 0.0423668 0.0000000 0.0817707 0.0999400 0.0433678 0.0403766 0.0326228 0.1233762 0.0889708 0.0918350 0.1320791 0.1239606 0.0439232 0.0935408 0.0900128 0.0872140 0.0841626 0.0999083 0.1199503 0.1041291 0.0855237 0.1381584 0.0383578 0.1219033 0.0531874 0.0531874 
Phalangeridae_Phalanger_orientalis           0.0487104 0.0623688 0.0681877 0.0487260 0.0506965 0.0715979 0.0200712 0.0145253 0.0457907 0.1082379 0.0207570 0.0653350 0.0817707 0.0000000 0.0574694 0.0613936 0.0680980 0.0751986 0.0948423 0.0470413 0.0560141 0.1118245 0.1053336 0.0681132 0.0519346 0.0706004 0.0598877 0.0478777 0.0567530 0.0919157 0.0615675 0.0074637 0.0948770 0.0713772 0.0919653 0.0683762 0.0683762 
Acrobatidae_Acrobates_pygmaeus               0.0655850 0.0739918 0.0833452 0.0673248 0.0670329 0.0927920 0.0551127 0.0619839 0.0602912 0.1204720 0.0607828 0.0889638 0.0999400 0.0574694 0.0000000 0.0880674 0.0861966 0.1033718 0.1054345 0.0648122 0.0529415 0.1316369 0.1203877 0.0937996 0.0613620 0.0825850 0.0676734 0.0638922 0.0612910 0.0974793 0.0570196 0.0639036 0.1097591 0.0905491 0.1065532 0.0716635 0.0716635 
Dasyuridae_Phascogale_calura                 0.0736140 0.0718761 0.0861983 0.0791239 0.0806319 0.0230270 0.0614062 0.0699063 0.0751295 0.1271066 0.0691093 0.0038582 0.0433678 0.0613936 0.0880674 0.0000000 0.0204817 0.0337354 0.1084999 0.0733050 0.0802853 0.1290679 0.1159856 0.0152936 0.0741985 0.0793598 0.0769337 0.0680282 0.0929406 0.1104652 0.0898028 0.0654181 0.1166149 0.0203256 0.1053747 0.0215471 0.0215471 
Dasyuridae_Sarcophilus_harrisii              0.0759882 0.0724530 0.0905840 0.0804465 0.0789699 0.0130358 0.0664528 0.0763083 0.0754807 0.1319375 0.0760056 0.0162400 0.0403766 0.0680980 0.0861966 0.0204817 0.0000000 0.0341232 0.1142157 0.0769246 0.0823277 0.1277276 0.1170311 0.0218972 0.0779000 0.0790630 0.0816752 0.0718967 0.1018000 0.1172025 0.0896014 0.0702520 0.1259551 0.0086028 0.1118223 0.0247780 0.0247780 
Dasyuridae_Planigale_tenuirostris            0.0870225 0.0876349 0.1070445 0.0945645 0.0941354 0.0354218 0.0760982 0.0839013 0.0897466 0.1261830 0.0829044 0.0324384 0.0326228 0.0751986 0.1033718 0.0337354 0.0341232 0.0000000 0.1188980 0.0873439 0.0924483 0.1534492 0.1309778 0.0329565 0.0916225 0.0927776 0.0856497 0.0852203 0.1054483 0.1295025 0.1088896 0.0744608 0.1264232 0.0336010 0.1124816 0.0337417 0.0337417 
Peramelidae_Echymipera_kalubu                0.1027083 0.1066715 0.1110678 0.1011740 0.1033282 0.1165716 0.0924870 0.1032235 0.0984159 0.0264736 0.0983752 0.1138853 0.1233762 0.0948423 0.1054345 0.1084999 0.1142157 0.1188980 0.0000000 0.0952727 0.1023180 0.1526940 0.1437659 0.1132913 0.0981724 0.1145089 0.1095970 0.0918069 0.1263401 0.1500705 0.1118568 0.0994979 0.0180033 0.1128547 0.0230516 0.0973164 0.0973164 
Macropodidae_Dorcopsulus_vanheurni           0.0554635 0.0667374 0.0710951 0.0324043 0.0337112 0.0793185 0.0524569 0.0543094 0.0284353 0.1172244 0.0562059 0.0782692 0.0889708 0.0470413 0.0648122 0.0733050 0.0769246 0.0873439 0.0952727 0.0000000 0.0589000 0.1258919 0.1147504 0.0811825 0.0445201 0.0759616 0.0648949 0.0108330 0.0692941 0.0946837 0.0615708 0.0510035 0.1029934 0.0791376 0.0979120 0.0777710 0.0777710 
Pseudochiridae_Pseudochirulus_forbesi        0.0633886 0.0723732 0.0818738 0.0612071 0.0623570 0.0834678 0.0575470 0.0606300 0.0590964 0.1235264 0.0635688 0.0842216 0.0918350 0.0560141 0.0529415 0.0802853 0.0823277 0.0924483 0.1023180 0.0589000 0.0000000 0.1224928 0.1121326 0.0879781 0.0593943 0.0779800 0.0359583 0.0590271 0.0351453 0.0842256 0.0656922 0.0584897 0.1119146 0.0811981 0.1041777 0.0856584 0.0856584 
Didelphidae_Didelphis_virginiana             0.1199834 0.1275902 0.1445005 0.1236004 0.1220939 0.1328500 0.1097334 0.1266975 0.1222418 0.1931747 0.1161800 0.1264559 0.1320791 0.1118245 0.1316369 0.1290679 0.1277276 0.1534492 0.1526940 0.1258919 0.1224928 0.0000000 0.0507529 0.1330634 0.1214147 0.1213675 0.1229230 0.1215942 0.1499442 0.1429552 0.1223911 0.1184973 0.1966456 0.1307058 0.1480876 0.1503066 0.1503066 
Marmosidae_Monodelphis_domestica             0.1097807 0.1236108 0.1322691 0.1114358 0.1134228 0.1209552 0.1047839 0.1150029 0.1118965 0.1694428 0.1107621 0.1145828 0.1239606 0.1053336 0.1203877 0.1159856 0.1170311 0.1309778 0.1437659 0.1147504 0.1121326 0.0507529 0.0000000 0.1202408 0.1147230 0.1138598 0.1271941 0.1149308 0.1425201 0.1438085 0.1250457 0.1089161 0.1605939 0.1178399 0.1400740 0.1110345 0.1110345 
Dasyuridae_Antechinus_stuartii               0.0762581 0.0791869 0.0946156 0.0848647 0.0834301 0.0264828 0.0657991 0.0767310 0.0786520 0.1333131 0.0749370 0.0137332 0.0439232 0.0681132 0.0937996 0.0152936 0.0218972 0.0329565 0.1132913 0.0811825 0.0879781 0.1330634 0.1202408 0.0000000 0.0799856 0.0858133 0.0810357 0.0752488 0.1024279 0.1134553 0.0961989 0.0720311 0.1233852 0.0218488 0.1123330 0.0314911 0.0314911 
Hypsiprymnodontidae_Hypsiprymnodon_moschatus 0.0576287 0.0731679 0.0708735 0.0434939 0.0441366 0.0831388 0.0484824 0.0583593 0.0421441 0.1146915 0.0586851 0.0786197 0.0935408 0.0519346 0.0613620 0.0741985 0.0779000 0.0916225 0.0981724 0.0445201 0.0593943 0.1214147 0.1147230 0.0799856 0.0000000 0.0716507 0.0663162 0.0413182 0.0676576 0.0988457 0.0656094 0.0561512 0.1022979 0.0799302 0.0993772 0.1042808 0.1042808 
Microbiotheriidae_Dromiciops_gliroides       0.0782893 0.0854944 0.0866681 0.0828286 0.0855175 0.0844460 0.0689778 0.0765052 0.0809380 0.1316980 0.0767535 0.0840702 0.0900128 0.0706004 0.0825850 0.0793598 0.0790630 0.0927776 0.1145089 0.0759616 0.0779800 0.1213675 0.1138598 0.0858133 0.0716507 0.0000000 0.0873067 0.0767047 0.0935782 0.1003032 0.0833863 0.0745796 0.1247147 0.0782495 0.1097910 0.0776774 0.0776774 
Pseudochiridae_Petauroides_volans            0.0656664 0.0758323 0.0849128 0.0648973 0.0652745 0.0824266 0.0588432 0.0664644 0.0650002 0.1314800 0.0683233 0.0800867 0.0872140 0.0598877 0.0676734 0.0769337 0.0816752 0.0856497 0.1095970 0.0648949 0.0359583 0.1229230 0.1271941 0.0810357 0.0663162 0.0873067 0.0000000 0.0622684 0.0358539 0.0872438 0.0669258 0.0625806 0.1207290 0.0797622 0.1096098 0.0973806 0.0973806 
Macropodidae_Wallabia_bicolor                0.0542312 0.0646938 0.0706593 0.0325075 0.0325287 0.0743996 0.0484661 0.0580540 0.0285433 0.1139826 0.0563722 0.0722514 0.0841626 0.0478777 0.0638922 0.0680282 0.0718967 0.0852203 0.0918069 0.0108330 0.0590271 0.1215942 0.1149308 0.0752488 0.0413182 0.0767047 0.0622684 0.0000000 0.0683539 0.0941990 0.0639006 0.0504847 0.1008103 0.0727255 0.0958248 0.0736073 0.0736073 
Pseudochiridae_Pseudocheirus_occidentalis    0.0723959 0.0775877 0.0921493 0.0716825 0.0732666 0.1025077 0.0559355 0.0613296 0.0709938 0.1225520 0.0635332 0.0966244 0.0999083 0.0567530 0.0612910 0.0929406 0.1018000 0.1054483 0.1263401 0.0692941 0.0351453 0.1499442 0.1425201 0.1024279 0.0676576 0.0935782 0.0358539 0.0683539 0.0000000 0.1023068 0.0693718 0.0558740 0.1175510 0.0994946 0.1233393 0.1791878 0.1791878 
Tarsipedidae_Tarsipes_rostratus              0.0946496 0.1098380 0.1097926 0.0988121 0.0995551 0.1194471 0.0943232 0.0984033 0.0964871 0.1792899 0.0997049 0.1147351 0.1199503 0.0919157 0.0974793 0.1104652 0.1172025 0.1295025 0.1500705 0.0946837 0.0842256 0.1429552 0.1438085 0.1134553 0.0988457 0.1003032 0.0872438 0.0941990 0.1023068 0.0000000 0.0973527 0.0974138 0.1717201 0.1140130 0.1483322 0.0727658 0.0727658 
Acrobatidae_Distoechurus_pennatus            0.0651996 0.0809203 0.0860340 0.0625566 0.0618659 0.0976565 0.0614599 0.0692341 0.0589143 0.1353149 0.0688960 0.0916355 0.1041291 0.0615675 0.0570196 0.0898028 0.0896014 0.1088896 0.1118568 0.0615708 0.0656922 0.1223911 0.1250457 0.0961989 0.0656094 0.0833863 0.0669258 0.0639006 0.0693718 0.0973527 0.0000000 0.0656826 0.1295320 0.0917688 0.1139898 0.0758714 0.0758714 
Phalangeridae_Phalanger_carmelitae           0.0514341 0.0645597 0.0748753 0.0528513 0.0534897 0.0763289 0.0231296 0.0180154 0.0497314 0.1073628 0.0191665 0.0683439 0.0855237 0.0074637 0.0639036 0.0654181 0.0702520 0.0744608 0.0994979 0.0510035 0.0584897 0.1184973 0.1089161 0.0720311 0.0561512 0.0745796 0.0625806 0.0504847 0.0558740 0.0974138 0.0656826 0.0000000 0.0939942 0.0738230 0.0957881 0.0749207 0.0749207 
Peramelidae_Peroryctes_raffrayana            0.1147902 0.1119310 0.1303545 0.1134746 0.1137236 0.1256647 0.0927754 0.1017757 0.1080450 0.0219021 0.0942436 0.1200318 0.1381584 0.0948770 0.1097591 0.1166149 0.1259551 0.1264232 0.0180033 0.1029934 0.1119146 0.1966456 0.1605939 0.1233852 0.1022979 0.1247147 0.1207290 0.1008103 0.1175510 0.1717201 0.1295320 0.0939942 0.0000000 0.1230429 0.0205268 0.0483953 0.0483953 
Dasyuridae_Dasyurus_geffroii                 0.0782579 0.0779845 0.0930610 0.0824489 0.0825917 0.0126559 0.0667275 0.0779628 0.0786441 0.1290330 0.0783325 0.0194746 0.0383578 0.0713772 0.0905491 0.0203256 0.0086028 0.0336010 0.1128547 0.0791376 0.0811981 0.1307058 0.1178399 0.0218488 0.0799302 0.0782495 0.0797622 0.0727255 0.0994946 0.1140130 0.0917688 0.0738230 0.1230429 0.0000000 0.1097271 0.0194960 0.0194960 
Peramelidae_Perameles_gunnii                 0.1022429 0.1056582 0.1175522 0.1038579 0.1060258 0.1148733 0.0893742 0.1027413 0.1010666 0.0008292 0.0990183 0.1091150 0.1219033 0.0919653 0.1065532 0.1053747 0.1118223 0.1124816 0.0230516 0.0979120 0.1041777 0.1480876 0.1400740 0.1123330 0.0993772 0.1097910 0.1096098 0.0958248 0.1233393 0.1483322 0.1139898 0.0957881 0.0205268 0.1097271 0.0000000 0.1332612 0.1332612 
Myrmecobiidae_Myrmecobius_fasciatus1         0.0810535 0.0932539 0.0972404 0.0833719 0.0764629 0.0247780 0.0923978 0.0609734 0.0648038 0.1413263 0.0686560 0.0252080 0.0531874 0.0683762 0.0716635 0.0215471 0.0247780 0.0337417 0.0973164 0.0777710 0.0856584 0.1503066 0.1110345 0.0314911 0.1042808 0.0776774 0.0973806 0.0736073 0.1791878 0.0727658 0.0758714 0.0749207 0.0483953 0.0194960 0.1332612 0.0000000 0.0000010 
Myrmecobiidae_Myrmecobius_fasciatus2         0.0810535 0.0932539 0.0972404 0.0833719 0.0764629 0.0247780 0.0923978 0.0609734 0.0648038 0.1413263 0.0686560 0.0252080 0.0531874 0.0683762 0.0716635 0.0215471 0.0247780 0.0337417 0.0973164 0.0777710 0.0856584 0.1503066 0.1110345 0.0314911 0.1042808 0.0776774 0.0973806 0.0736073 0.1791878 0.0727658 0.0758714 0.0749207 0.0483953 0.0194960 0.1332612 0.0000010 0.0000000 
