35
Notoryctidae_Notoryctes_typhlops             0.0000000 0.1240877 0.1391714 0.1426309 0.1729845 0.1278265 0.1335330 0.1392274 0.1784525 0.1391789 0.1821555 0.1839617 0.1332414 0.1392655 0.1860400 0.1770677 0.1843873 0.1673099 0.1321966 0.1335892 0.1834742 0.1807908 0.1794948 0.1374408 0.1421588 0.1336224 0.1346109 0.1374786 0.1712751 0.1487296 0.1330833 0.1910764 0.1778548 0.1790750 0.1236976 
Vombatidae_Lasiorhinus_latifrons             0.1240877 0.0000000 0.0896723 0.0916590 0.1310767 0.0776243 0.0812390 0.0926381 0.1465560 0.0892946 0.1411137 0.1429503 0.0818594 0.0889123 0.1440386 0.1325374 0.1410340 0.1290895 0.0872472 0.0874584 0.1402932 0.1442818 0.1334282 0.0859042 0.1003283 0.0804782 0.0884144 0.0845177 0.1240347 0.0981936 0.0829756 0.1517396 0.1351762 0.1462475 0.0775837 
Potoroidae_Bettongia_penicillata             0.1391714 0.0896723 0.0000000 0.0097635 0.1515997 0.0824785 0.0868310 0.0173226 0.1506873 0.0931117 0.1628817 0.1610136 0.0864975 0.0951896 0.1661945 0.1522309 0.1578131 0.1349902 0.0285331 0.0968900 0.1581035 0.1621310 0.1571046 0.0596237 0.1217625 0.0905639 0.0300270 0.0921481 0.1310106 0.1065526 0.0890109 0.1578585 0.1529835 0.1488604 0.0822965 
Potoroidae_Bettongia_lesueur                 0.1426309 0.0916590 0.0097635 0.0000000 0.1505814 0.0833046 0.0881096 0.0183954 0.1518066 0.0940685 0.1624853 0.1633357 0.0890893 0.0958675 0.1657305 0.1521232 0.1589452 0.1380806 0.0312793 0.0974647 0.1562872 0.1639699 0.1559378 0.0615173 0.1225233 0.0917407 0.0319805 0.0935745 0.1302106 0.1050307 0.0906355 0.1613522 0.1529386 0.1499396 0.0832168 
Dasyuridae_Dasyurus_maculatus                0.1729845 0.1310767 0.1515997 0.1505814 0.0000000 0.1393875 0.1425989 0.1520799 0.1736915 0.1514313 0.0361821 0.0547771 0.1431429 0.1536855 0.0392370 0.0176583 0.0512830 0.1530884 0.1390946 0.1390735 0.1896426 0.1864164 0.0318273 0.1468671 0.1473431 0.1366670 0.1434095 0.1394632 0.1813699 0.1634774 0.1407028 0.1829572 0.0114701 0.1741190 0.1262364 
Phalangeridae_Trichosurus_vulpecula          0.1278265 0.0776243 0.0824785 0.0833046 0.1393875 0.0000000 0.0191425 0.0836492 0.1440651 0.0265381 0.1510510 0.1541959 0.0209446 0.0898078 0.1555790 0.1407887 0.1526728 0.1257277 0.0790661 0.0902052 0.1372865 0.1417991 0.1389480 0.0810731 0.1062311 0.0822104 0.0777242 0.0841505 0.1177866 0.0958260 0.0216269 0.1494101 0.1419454 0.1461222 0.0712144 
Phalangeridae_Spilocuscus_maculatus          0.1335330 0.0812390 0.0868310 0.0881096 0.1425989 0.0191425 0.0000000 0.0894274 0.1433644 0.0182170 0.1564357 0.1603100 0.0144620 0.0930590 0.1610307 0.1440021 0.1586067 0.1248038 0.0833804 0.0943311 0.1458219 0.1472650 0.1447819 0.0854639 0.1108177 0.0841374 0.0820869 0.0870428 0.1179904 0.0955482 0.0144347 0.1488117 0.1452147 0.1456891 0.0767345 
Potoroidae_Aepyprymnus_rufescens             0.1392274 0.0926381 0.0173226 0.0183954 0.1520799 0.0836492 0.0894274 0.0000000 0.1503159 0.0957641 0.1628895 0.1654212 0.0913809 0.0941008 0.1661343 0.1546838 0.1630949 0.1401912 0.0317201 0.0967241 0.1589376 0.1600324 0.1569205 0.0580656 0.1234359 0.0920378 0.0328415 0.0922570 0.1301014 0.1054722 0.0929314 0.1619256 0.1554323 0.1499011 0.0845528 
Peramelidae_Perameles_nasuta                 0.1784525 0.1465560 0.1506873 0.1518066 0.1736915 0.1440651 0.1433644 0.1503159 0.0000000 0.1484367 0.1897461 0.1940321 0.1456786 0.1538558 0.1935550 0.1733541 0.1878662 0.0319318 0.1440677 0.1480666 0.1950974 0.1930838 0.1759478 0.1497930 0.1544565 0.1429784 0.1419847 0.1462496 0.1789650 0.1645149 0.1470155 0.0501380 0.1719228 0.0000010 0.1281860 
Phalangeridae_Strigocuscus_pelengensis       0.1391789 0.0892946 0.0931117 0.0940685 0.1514313 0.0265381 0.0182170 0.0957641 0.1484367 0.0000000 0.1654020 0.1687131 0.0193363 0.0971290 0.1685382 0.1518199 0.1626359 0.1290690 0.0903918 0.1029358 0.1541657 0.1544576 0.1508675 0.0924172 0.1165134 0.0933018 0.0895805 0.0934912 0.1282907 0.1030970 0.0193121 0.1525649 0.1523603 0.1505733 0.0831181 
Dasyuridae_Phascogale_tapoatafa              0.1821555 0.1411137 0.1628817 0.1624853 0.0361821 0.1510510 0.1564357 0.1628895 0.1897461 0.1654020 0.0000000 0.0580695 0.1571725 0.1632272 0.0088982 0.0368531 0.0542681 0.1658363 0.1521023 0.1497066 0.1948216 0.1991950 0.0189191 0.1585996 0.1526230 0.1431977 0.1555630 0.1488624 0.1891062 0.1704305 0.1561488 0.1986028 0.0399933 0.1887155 0.1356698 
Dasyuridae_Sminthopsis_macroura              0.1839617 0.1429503 0.1610136 0.1633357 0.0547771 0.1541959 0.1603100 0.1654212 0.1940321 0.1687131 0.0580695 0.0000000 0.1566490 0.1670357 0.0576443 0.0558399 0.0415514 0.1713186 0.1535335 0.1506402 0.2016168 0.2097635 0.0549003 0.1631865 0.1566105 0.1486394 0.1577385 0.1478431 0.1934977 0.1764021 0.1577611 0.2002271 0.0574233 0.1929416 0.1350734 
Phalangeridae_Phalanger_orientalis           0.1332414 0.0818594 0.0864975 0.0890893 0.1431429 0.0209446 0.0144620 0.0913809 0.1456786 0.0193363 0.1571725 0.1566490 0.0000000 0.0936354 0.1606246 0.1449937 0.1564154 0.1282814 0.0865545 0.0959302 0.1459893 0.1484537 0.1432640 0.0882791 0.1126887 0.0880671 0.0847829 0.0896061 0.1229199 0.0974938 0.0043977 0.1516628 0.1462914 0.1477978 0.0788404 
Acrobatidae_Acrobates_pygmaeus               0.1392655 0.0889123 0.0951896 0.0958675 0.1536855 0.0898078 0.0930590 0.0941008 0.1538558 0.0971290 0.1632272 0.1670357 0.0936354 0.0000000 0.1694338 0.1561886 0.1638038 0.1413831 0.0900549 0.0866913 0.1608098 0.1643754 0.1547077 0.0970567 0.1227424 0.0834994 0.0896786 0.0842515 0.1235185 0.0538560 0.0948692 0.1656768 0.1546657 0.1552435 0.0862396 
Dasyuridae_Phascogale_calura                 0.1860400 0.1440386 0.1661945 0.1657305 0.0392370 0.1555790 0.1610307 0.1661343 0.1935550 0.1685382 0.0088982 0.0576443 0.1606246 0.1694338 0.0000000 0.0394792 0.0550939 0.1699700 0.1547117 0.1518923 0.1988101 0.2027991 0.0220556 0.1623234 0.1559741 0.1469450 0.1581890 0.1515872 0.1936469 0.1757730 0.1595842 0.2019364 0.0438795 0.1924817 0.1414589 
Dasyuridae_Sarcophilus_harrisii              0.1770677 0.1325374 0.1522309 0.1521232 0.0176583 0.1407887 0.1440021 0.1546838 0.1733541 0.1518199 0.0368531 0.0558399 0.1449937 0.1561886 0.0394792 0.0000000 0.0519994 0.1538171 0.1414742 0.1392426 0.1907726 0.1879455 0.0300970 0.1497706 0.1491646 0.1368060 0.1465086 0.1405751 0.1830369 0.1644344 0.1451275 0.1836179 0.0181794 0.1732284 0.1259331 
Dasyuridae_Planigale_tenuirostris            0.1843873 0.1410340 0.1578131 0.1589452 0.0512830 0.1526728 0.1586067 0.1630949 0.1878662 0.1626359 0.0542681 0.0415514 0.1564154 0.1638038 0.0550939 0.0519994 0.0000000 0.1653155 0.1478132 0.1463930 0.2059609 0.2077011 0.0524928 0.1563018 0.1564514 0.1483981 0.1526216 0.1484318 0.1943971 0.1742593 0.1555629 0.1948849 0.0542386 0.1875289 0.1361431 
Peramelidae_Echymipera_kalubu                0.1673099 0.1290895 0.1349902 0.1380806 0.1530884 0.1257277 0.1248038 0.1401912 0.0319318 0.1290690 0.1658363 0.1713186 0.1282814 0.1413831 0.1699700 0.1538171 0.1653155 0.0000000 0.1284775 0.1347079 0.1762311 0.1780719 0.1523219 0.1395561 0.1366788 0.1290749 0.1295898 0.1315656 0.1623775 0.1478064 0.1289290 0.0362957 0.1518949 0.0321572 0.1214609 
Macropodidae_Dorcopsulus_vanheurni           0.1321966 0.0872472 0.0285331 0.0312793 0.1390946 0.0790661 0.0833804 0.0317201 0.1440677 0.0903918 0.1521023 0.1535335 0.0865545 0.0900549 0.1547117 0.1414742 0.1478132 0.1284775 0.0000000 0.0903187 0.1528936 0.1558727 0.1487279 0.0541634 0.1143178 0.0841235 0.0134745 0.0869957 0.1242949 0.0981651 0.0872431 0.1529368 0.1412804 0.1436265 0.0777715 
Pseudochiridae_Pseudochirulus_forbesi        0.1335892 0.0874584 0.0968900 0.0974647 0.1390735 0.0902052 0.0943311 0.0967241 0.1480666 0.1029358 0.1497066 0.1506402 0.0959302 0.0866913 0.1518923 0.1392426 0.1463930 0.1347079 0.0903187 0.0000000 0.1467503 0.1559768 0.1447094 0.0926085 0.1219214 0.0398496 0.0914319 0.0178972 0.1127526 0.0952941 0.0971990 0.1643691 0.1386253 0.1487144 0.0861507 
Didelphidae_Didelphis_virginiana             0.1834742 0.1402932 0.1581035 0.1562872 0.1896426 0.1372865 0.1458219 0.1589376 0.1950974 0.1541657 0.1948216 0.2016168 0.1459893 0.1608098 0.1988101 0.1907726 0.2059609 0.1762311 0.1528936 0.1467503 0.0000000 0.0629218 0.1931669 0.1627415 0.1449618 0.1463316 0.1543044 0.1413852 0.1844793 0.1639576 0.1503430 0.1934584 0.1911529 0.1958265 0.1255383 
Marmosidae_Monodelphis_domestica             0.1807908 0.1442818 0.1621310 0.1639699 0.1864164 0.1417991 0.1472650 0.1600324 0.1930838 0.1544576 0.1991950 0.2097635 0.1484537 0.1643754 0.2027991 0.1879455 0.2077011 0.1780719 0.1558727 0.1559768 0.0629218 0.0000000 0.1956792 0.1620805 0.1539012 0.1481344 0.1565407 0.1505018 0.1991658 0.1689371 0.1491949 0.2008806 0.1885010 0.1960904 0.1340228 
Dasyuridae_Antechinus_stuartii               0.1794948 0.1334282 0.1571046 0.1559378 0.0318273 0.1389480 0.1447819 0.1569205 0.1759478 0.1508675 0.0189191 0.0549003 0.1432640 0.1547077 0.0220556 0.0300970 0.0524928 0.1523219 0.1487279 0.1447094 0.1931669 0.1956792 0.0000000 0.1558761 0.1435022 0.1440178 0.1507091 0.1444071 0.1671680 0.1703866 0.1427923 0.1762121 0.0353824 0.1748113 0.1229667 
Hypsiprymnodontidae_Hypsiprymnodon_moschatus 0.1374408 0.0859042 0.0596237 0.0615173 0.1468671 0.0810731 0.0854639 0.0580656 0.1497930 0.0924172 0.1585996 0.1631865 0.0882791 0.0970567 0.1623234 0.1497706 0.1563018 0.1395561 0.0541634 0.0926085 0.1627415 0.1620805 0.1558761 0.0000000 0.1191209 0.0936212 0.0533872 0.0920202 0.1343295 0.1067899 0.0889636 0.1631557 0.1493414 0.1476585 0.0770283 
Microbiotheriidae_Dromiciops_gliroides       0.1421588 0.1003283 0.1217625 0.1225233 0.1473431 0.1062311 0.1108177 0.1234359 0.1544565 0.1165134 0.1526230 0.1566105 0.1126887 0.1227424 0.1559741 0.1491646 0.1564514 0.1366788 0.1143178 0.1219214 0.1449618 0.1539012 0.1435022 0.1191209 0.0000000 0.1115470 0.1146770 0.1127989 0.1547059 0.1374963 0.1135722 0.1611015 0.1489480 0.1540055 0.1058807 
Pseudochiridae_Petauroides_volans            0.1336224 0.0804782 0.0905639 0.0917407 0.1366670 0.0822104 0.0841374 0.0920378 0.1429784 0.0933018 0.1431977 0.1486394 0.0880671 0.0834994 0.1469450 0.1368060 0.1483981 0.1290749 0.0841235 0.0398496 0.1463316 0.1481344 0.1440178 0.0936212 0.1115470 0.0000000 0.0854545 0.0354733 0.1022739 0.0976016 0.0887812 0.1497601 0.1346129 0.1426915 0.0763025 
Macropodidae_Wallabia_bicolor                0.1346109 0.0884144 0.0300270 0.0319805 0.1434095 0.0777242 0.0820869 0.0328415 0.1419847 0.0895805 0.1555630 0.1577385 0.0847829 0.0896786 0.1581890 0.1465086 0.1526216 0.1295898 0.0134745 0.0914319 0.1543044 0.1565407 0.1507091 0.0533872 0.1146770 0.0854545 0.0000000 0.0868389 0.1239735 0.0965486 0.0854722 0.1511638 0.1455886 0.1425589 0.0759040 
Pseudochiridae_Pseudocheirus_occidentalis    0.1374786 0.0845177 0.0921481 0.0935745 0.1394632 0.0841505 0.0870428 0.0922570 0.1462496 0.0934912 0.1488624 0.1478431 0.0896061 0.0842515 0.1515872 0.1405751 0.1484318 0.1315656 0.0869957 0.0178972 0.1413852 0.1505018 0.1444071 0.0920202 0.1127989 0.0354733 0.0868389 0.0000000 0.1028672 0.0950249 0.0903283 0.1551293 0.1394981 0.1470363 0.0812002 
Tarsipedidae_Tarsipes_rostratus              0.1712751 0.1240347 0.1310106 0.1302106 0.1813699 0.1177866 0.1179904 0.1301014 0.1789650 0.1282907 0.1891062 0.1934977 0.1229199 0.1235185 0.1936469 0.1830369 0.1943971 0.1623775 0.1242949 0.1127526 0.1844793 0.1991658 0.1671680 0.1343295 0.1547059 0.1022739 0.1239735 0.1028672 0.0000000 0.1369338 0.1236349 0.1822091 0.1832830 0.1820332 0.1239186 
Acrobatidae_Distoechurus_pennatus            0.1487296 0.0981936 0.1065526 0.1050307 0.1634774 0.0958260 0.0955482 0.1054722 0.1645149 0.1030970 0.1704305 0.1764021 0.0974938 0.0538560 0.1757730 0.1644344 0.1742593 0.1478064 0.0981651 0.0952941 0.1639576 0.1689371 0.1703866 0.1067899 0.1374963 0.0976016 0.0965486 0.0950249 0.1369338 0.0000000 0.0982941 0.1764520 0.1638343 0.1653452 0.0863205 
Phalangeridae_Phalanger_carmelitae           0.1330833 0.0829756 0.0890109 0.0906355 0.1407028 0.0216269 0.0144347 0.0929314 0.1470155 0.0193121 0.1561488 0.1577611 0.0043977 0.0948692 0.1595842 0.1451275 0.1555629 0.1289290 0.0872431 0.0971990 0.1503430 0.1491949 0.1427923 0.0889636 0.1135722 0.0887812 0.0854722 0.0903283 0.1236349 0.0982941 0.0000000 0.1530040 0.1463558 0.1490635 0.0798488 
Peramelidae_Peroryctes_raffrayana            0.1910764 0.1517396 0.1578585 0.1613522 0.1829572 0.1494101 0.1488117 0.1619256 0.0501380 0.1525649 0.1986028 0.2002271 0.1516628 0.1656768 0.2019364 0.1836179 0.1948849 0.0362957 0.1529368 0.1643691 0.1934584 0.2008806 0.1762121 0.1631557 0.1611015 0.1497601 0.1511638 0.1551293 0.1822091 0.1764520 0.1530040 0.0000000 0.1818599 0.0500279 0.1533392 
Dasyuridae_Dasyurus_geffroii                 0.1778548 0.1351762 0.1529835 0.1529386 0.0114701 0.1419454 0.1452147 0.1554323 0.1719228 0.1523603 0.0399933 0.0574233 0.1462914 0.1546657 0.0438795 0.0181794 0.0542386 0.1518949 0.1412804 0.1386253 0.1911529 0.1885010 0.0353824 0.1493414 0.1489480 0.1346129 0.1455886 0.1394981 0.1832830 0.1638343 0.1463558 0.1818599 0.0000000 0.1714719 0.1256753 
Peramelidae_Perameles_gunnii                 0.1790750 0.1462475 0.1488604 0.1499396 0.1741190 0.1461222 0.1456891 0.1499011 0.0000010 0.1505733 0.1887155 0.1929416 0.1477978 0.1552435 0.1924817 0.1732284 0.1875289 0.0321572 0.1436265 0.1487144 0.1958265 0.1960904 0.1748113 0.1476585 0.1540055 0.1426915 0.1425589 0.1470363 0.1820332 0.1653452 0.1490635 0.0500279 0.1714719 0.0000000 0.1287846 
Burramyidae_Burramys_parvus                  0.1236976 0.0775837 0.0822965 0.0832168 0.1262364 0.0712144 0.0767345 0.0845528 0.1281860 0.0831181 0.1356698 0.1350734 0.0788404 0.0862396 0.1414589 0.1259331 0.1361431 0.1214609 0.0777715 0.0861507 0.1255383 0.1340228 0.1229667 0.0770283 0.1058807 0.0763025 0.0759040 0.0812002 0.1239186 0.0863205 0.0798488 0.1533392 0.1256753 0.1287846 0.0000000 
