172
I0186_111_Momotidae_Momotus_lessonii                      0.0000000 0.0422306 0.0448761 0.0513385 0.0414729 0.0455790 0.0359828 0.0415152 0.0456454 0.0514659 0.0349357 0.0510667 0.0405400 0.0395384 0.0520974 0.0376110 0.0271325 0.0510047 0.0330630 0.0519527 0.0352035 0.0332857 0.0345092 0.0318472 0.0434156 0.0342898 0.0476282 0.0567618 0.0566093 0.0337397 0.0498855 0.0471987 0.0482648 0.0424326 0.0506209 0.0552244 0.0495177 0.0650597 0.0533871 0.0489971 0.0703269 0.0521912 0.0336521 0.0507982 0.0375958 0.0509158 0.0479749 0.0320978 0.0457315 0.0494553 0.0540509 0.0413576 0.0341140 0.0476543 0.0475244 0.0350524 0.0347613 0.0667873 0.0485126 0.0508009 0.0448764 0.0348178 0.0384615 0.0576737 0.0504093 0.0370794 0.0458146 0.0566924 0.0519669 0.0511356 0.0383282 0.0351139 0.0481626 0.0310700 0.0330300 0.0344647 0.0432300 0.0348853 0.0431954 0.0428445 0.0317600 0.0307088 0.0505242 0.0665831 0.0401199 0.0403969 0.0405226 0.0325453 0.0488522 0.0342171 0.0481196 0.0475364 0.0315884 0.0334655 0.0331148 0.0438255 0.0345593 0.0541886 0.0339446 0.0330628 0.0401513 0.0452199 0.0663350 0.0456747 0.0626978 0.0370235 0.0313576 0.0543306 0.0467343 0.0343857 0.0558989 0.0439602 0.0332774 0.0358007 0.0328342 0.0434743 0.0409414 0.0547415 0.0329300 0.0537157 0.0366581 0.0393338 0.0436284 0.0504380 0.0558083 0.0395901 0.0579397 0.0379494 0.0397927 0.0316349 0.0340226 0.0320788 0.0436765 0.0348998 0.0470616 0.0382048 0.0335701 0.0466689 0.0623207 0.0492391 0.0509163 0.0310533 0.0347387 0.0366304 0.0349567 0.0327294 0.0500223 0.0494996 0.0444164 0.0557219 0.0364067 0.0463172 0.0536505 0.0361954 0.0765113 0.0349220 0.0408567 0.0359865 0.0533434 0.0512755 0.0580676 0.0328604 0.0331398 0.0564567 0.0340085 0.0603717 0.0508132 0.0584604 0.0562452 0.0425136 0.0382698 0.0533428 
I0187_115_Trogonidae_Trogon_elegans                       0.0422306 0.0000000 0.0454028 0.0507099 0.0151973 0.0459220 0.0377422 0.0426968 0.0551700 0.0519495 0.0360464 0.0502645 0.0423939 0.0424901 0.0523375 0.0379364 0.0280457 0.0516392 0.0345535 0.0517494 0.0357099 0.0347227 0.0365085 0.0332820 0.0446868 0.0355637 0.0481358 0.0550112 0.0553304 0.0350302 0.0507295 0.0478360 0.0491228 0.0429692 0.0514906 0.0548352 0.0499489 0.0657980 0.0529036 0.0493158 0.0711230 0.0548189 0.0400436 0.0533093 0.0385984 0.0517008 0.0488572 0.0329375 0.0474214 0.0487227 0.0530755 0.0424326 0.0351253 0.0483351 0.0470158 0.0373590 0.0348085 0.0682314 0.0488454 0.0502366 0.0457122 0.0361979 0.0402233 0.0562834 0.0511495 0.0388917 0.0472614 0.0580227 0.0534427 0.0506841 0.0394754 0.0368708 0.0494740 0.0331668 0.0344657 0.0355446 0.0444775 0.0446687 0.0433366 0.0444144 0.0341108 0.0314691 0.0523968 0.0681368 0.0419587 0.0420919 0.0418446 0.0334715 0.0503375 0.0395573 0.0490224 0.0494998 0.0328262 0.0361173 0.0343247 0.0455560 0.0390936 0.0551001 0.0349807 0.0348496 0.0394474 0.0466855 0.0646704 0.0482493 0.0628568 0.0373812 0.0318374 0.0534175 0.0484023 0.0358272 0.0568047 0.0456160 0.0343955 0.0362821 0.0335284 0.0435038 0.0427538 0.0557771 0.0344912 0.0562966 0.0373763 0.0414177 0.0450805 0.0506076 0.0581639 0.0407771 0.0572120 0.0388389 0.0403559 0.0331241 0.0353007 0.0329159 0.0445632 0.0363152 0.0472076 0.0395964 0.0351545 0.0467529 0.0631157 0.0481125 0.0504473 0.0324803 0.0359777 0.0376580 0.0360796 0.0333621 0.0513220 0.0512988 0.0441627 0.0554250 0.0367290 0.0464308 0.0519783 0.0369239 0.0755934 0.0361353 0.0422230 0.0356630 0.0516258 0.0499990 0.0589190 0.0330758 0.0340916 0.0577635 0.0350333 0.0598315 0.0496580 0.0564722 0.0550026 0.0430864 0.0402594 0.0526246 
I0188_135_Apodidae_Streptoprocne_zonaris                  0.0448761 0.0454028 0.0000000 0.0522585 0.0444252 0.0478374 0.0379837 0.0431442 0.0572183 0.0548780 0.0349805 0.0507423 0.0443203 0.0448928 0.0527550 0.0377765 0.0283993 0.0547174 0.0335860 0.0547449 0.0360480 0.0351094 0.0347402 0.0322452 0.0442722 0.0350434 0.0489781 0.0571300 0.0566561 0.0345665 0.0523828 0.0493917 0.0404731 0.0432713 0.0526962 0.0546289 0.0519773 0.0657772 0.0552886 0.0519902 0.0726152 0.0550441 0.0425090 0.0493005 0.0389561 0.0530690 0.0511434 0.0325214 0.0463349 0.0511022 0.0556131 0.0421283 0.0344613 0.0510852 0.0216659 0.0364129 0.0331038 0.0684414 0.0504329 0.0500876 0.0447422 0.0348197 0.0379784 0.0578193 0.0512776 0.0366455 0.0484867 0.0580564 0.0551023 0.0538271 0.0388998 0.0362583 0.0510249 0.0328106 0.0350754 0.0353600 0.0442065 0.0455266 0.0455597 0.0456676 0.0333078 0.0325071 0.0443397 0.0658160 0.0425425 0.0412172 0.0405537 0.0330309 0.0499027 0.0400016 0.0487604 0.0508582 0.0326785 0.0348454 0.0356656 0.0453253 0.0395709 0.0531623 0.0358546 0.0344572 0.0402033 0.0458168 0.0652915 0.0456831 0.0623676 0.0358661 0.0306974 0.0558801 0.0461313 0.0347256 0.0571914 0.0447559 0.0329427 0.0372332 0.0331438 0.0205087 0.0424248 0.0558702 0.0336464 0.0580490 0.0369921 0.0360646 0.0444638 0.0525766 0.0552851 0.0389899 0.0592376 0.0384117 0.0415572 0.0325440 0.0344067 0.0318702 0.0433897 0.0354223 0.0484853 0.0384308 0.0345436 0.0484409 0.0625807 0.0500979 0.0525726 0.0314337 0.0348744 0.0367230 0.0351900 0.0345292 0.0496256 0.0511261 0.0431562 0.0558368 0.0362208 0.0448036 0.0543607 0.0371627 0.0796932 0.0351091 0.0419975 0.0336175 0.0533901 0.0526854 0.0591326 0.0327222 0.0316934 0.0572205 0.0366539 0.0617186 0.0517573 0.0571781 0.0569303 0.0422165 0.0411305 0.0534051 
I0189_225_Eurylaimidae_Smithornis_rufolateralis           0.0513385 0.0507099 0.0522585 0.0000000 0.0502013 0.0562471 0.0459734 0.0501083 0.0614750 0.0601757 0.0447426 0.0379454 0.0514568 0.0516478 0.0344543 0.0451622 0.0362693 0.0336060 0.0413928 0.0334877 0.0450419 0.0428006 0.0450776 0.0405912 0.0511039 0.0435752 0.0575481 0.0434732 0.0428682 0.0414577 0.0320242 0.0298600 0.0542947 0.0504279 0.0339333 0.0622278 0.0318651 0.0729679 0.0344317 0.0304274 0.0769378 0.0613442 0.0494972 0.0587308 0.0458072 0.0335812 0.0307027 0.0413488 0.0536784 0.0302663 0.0359923 0.0492108 0.0441765 0.0330101 0.0537188 0.0444753 0.0425317 0.0761438 0.0304127 0.0572863 0.0523868 0.0437495 0.0463743 0.0639527 0.0584682 0.0465849 0.0571796 0.0653023 0.0335711 0.0331379 0.0464597 0.0446717 0.0569780 0.0398745 0.0430498 0.0444010 0.0510012 0.0529023 0.0521494 0.0511307 0.0422826 0.0401675 0.0573323 0.0740617 0.0492088 0.0483288 0.0485473 0.0420193 0.0569765 0.0477963 0.0562234 0.0575438 0.0407609 0.0432899 0.0418997 0.0520559 0.0464632 0.0590262 0.0433331 0.0424249 0.0482436 0.0534669 0.0742139 0.0551635 0.0699408 0.0445312 0.0398671 0.0352977 0.0547774 0.0439671 0.0639589 0.0521015 0.0423869 0.0450668 0.0416711 0.0497632 0.0494843 0.0634178 0.0428934 0.0649439 0.0459213 0.0485243 0.0520369 0.0590057 0.0650329 0.0490357 0.0286445 0.0475297 0.0481398 0.0414491 0.0422752 0.0414772 0.0505640 0.0446801 0.0550841 0.0475110 0.0431332 0.0545684 0.0693205 0.0348349 0.0321254 0.0409940 0.0432218 0.0451223 0.0444497 0.0423446 0.0583755 0.0589731 0.0506216 0.0630583 0.0439400 0.0526242 0.0356312 0.0441748 0.0827813 0.0438786 0.0496862 0.0442246 0.0233565 0.0367948 0.0660054 0.0419642 0.0417262 0.0648121 0.0442830 0.0468117 0.0371233 0.0442339 0.0426243 0.0504646 0.0486987 0.0434389 
I0190_295_Trogonidae_Apaloderma_aequatoriale              0.0414729 0.0151973 0.0444252 0.0502013 0.0000000 0.0454960 0.0366728 0.0419012 0.0549504 0.0514484 0.0347092 0.0498744 0.0417647 0.0416913 0.0515168 0.0367317 0.0275586 0.0506425 0.0335863 0.0506170 0.0351146 0.0340131 0.0355519 0.0327288 0.0433144 0.0344410 0.0475864 0.0545398 0.0547252 0.0334535 0.0495476 0.0471620 0.0486820 0.0427070 0.0508824 0.0538396 0.0490484 0.0648947 0.0519263 0.0485804 0.0699926 0.0542947 0.0398425 0.0520715 0.0369479 0.0511887 0.0482594 0.0325554 0.0464238 0.0480153 0.0521565 0.0419194 0.0346831 0.0474958 0.0465715 0.0353743 0.0344656 0.0670307 0.0481877 0.0494655 0.0458749 0.0353471 0.0394834 0.0558644 0.0501737 0.0377711 0.0468631 0.0565658 0.0524524 0.0501394 0.0379468 0.0355960 0.0492104 0.0313545 0.0332711 0.0350298 0.0435037 0.0427217 0.0424850 0.0433374 0.0333410 0.0306898 0.0518332 0.0658457 0.0411485 0.0413337 0.0402556 0.0328339 0.0497423 0.0384058 0.0477530 0.0487644 0.0315417 0.0349048 0.0330499 0.0446897 0.0381241 0.0547970 0.0337981 0.0337120 0.0393009 0.0456312 0.0640111 0.0471388 0.0613083 0.0356450 0.0309728 0.0529085 0.0470288 0.0355121 0.0552325 0.0452822 0.0343343 0.0353180 0.0333559 0.0427413 0.0420961 0.0543909 0.0335284 0.0553213 0.0370646 0.0407871 0.0440386 0.0502828 0.0565507 0.0394446 0.0565760 0.0377960 0.0398084 0.0327722 0.0344794 0.0324952 0.0439884 0.0355350 0.0458493 0.0378587 0.0346459 0.0464775 0.0611693 0.0476156 0.0497232 0.0317893 0.0351599 0.0368867 0.0350913 0.0327455 0.0500039 0.0490245 0.0438392 0.0548097 0.0361802 0.0458017 0.0507893 0.0365806 0.0738791 0.0349944 0.0416234 0.0340673 0.0509885 0.0497286 0.0569528 0.0320932 0.0332416 0.0566440 0.0341590 0.0586375 0.0489069 0.0558873 0.0541727 0.0425200 0.0391174 0.0520401 
I0191_344_Indicatoridae_Indicator_exilis                  0.0455790 0.0459220 0.0478374 0.0562471 0.0454960 0.0000000 0.0412239 0.0466687 0.0586231 0.0296733 0.0395457 0.0550829 0.0457506 0.0479644 0.0569784 0.0427124 0.0313809 0.0574380 0.0379297 0.0579136 0.0406498 0.0372645 0.0395300 0.0367746 0.0488990 0.0389360 0.0188412 0.0611472 0.0602067 0.0380599 0.0555455 0.0530738 0.0515587 0.0482937 0.0573000 0.0584147 0.0545113 0.0686392 0.0584450 0.0542956 0.0747843 0.0554492 0.0430951 0.0552724 0.0411845 0.0563580 0.0542608 0.0367634 0.0498105 0.0543773 0.0592042 0.0461344 0.0391081 0.0555792 0.0501152 0.0396156 0.0396470 0.0714204 0.0542532 0.0560694 0.0502895 0.0392446 0.0445015 0.0618354 0.0565973 0.0406273 0.0174728 0.0601809 0.0573203 0.0572282 0.0417913 0.0399843 0.0289755 0.0340072 0.0390399 0.0391007 0.0467874 0.0471237 0.0440322 0.0455765 0.0372916 0.0348546 0.0541661 0.0688234 0.0458223 0.0440608 0.0452635 0.0377692 0.0545783 0.0415442 0.0536516 0.0273294 0.0362693 0.0393434 0.0382592 0.0503213 0.0413363 0.0565598 0.0371980 0.0387913 0.0431215 0.0498916 0.0688508 0.0504895 0.0654636 0.0408243 0.0359963 0.0584729 0.0502251 0.0390673 0.0594452 0.0482132 0.0382953 0.0397636 0.0383055 0.0461726 0.0449817 0.0575636 0.0380228 0.0579086 0.0416095 0.0443833 0.0493819 0.0289978 0.0580942 0.0438139 0.0630219 0.0426409 0.0464319 0.0368902 0.0387422 0.0371255 0.0475825 0.0403956 0.0516161 0.0423268 0.0392120 0.0511707 0.0646347 0.0536244 0.0554080 0.0360262 0.0388037 0.0411274 0.0378835 0.0382836 0.0523456 0.0521926 0.0480823 0.0593232 0.0418631 0.0501170 0.0582887 0.0414131 0.0798538 0.0390879 0.0469539 0.0408809 0.0574587 0.0554159 0.0627640 0.0369805 0.0371088 0.0599380 0.0401192 0.0654299 0.0550512 0.0610396 0.0603693 0.0471569 0.0419947 0.0572600 
I0192_375_Musophagidae_Tauraco_macrorhynchus              0.0359828 0.0377422 0.0379837 0.0459734 0.0366728 0.0412239 0.0000000 0.0357588 0.0515130 0.0480845 0.0159419 0.0456787 0.0372104 0.0389165 0.0470349 0.0302822 0.0203241 0.0486096 0.0254535 0.0484372 0.0280868 0.0276445 0.0278568 0.0242636 0.0383166 0.0273485 0.0439778 0.0514351 0.0508856 0.0261227 0.0461301 0.0432802 0.0426319 0.0374320 0.0465495 0.0483997 0.0450507 0.0594771 0.0485714 0.0450740 0.0641736 0.0496310 0.0362881 0.0460488 0.0316803 0.0465183 0.0448226 0.0245908 0.0397844 0.0446907 0.0483761 0.0356669 0.0269998 0.0441615 0.0406327 0.0290063 0.0270460 0.0619612 0.0441413 0.0453587 0.0379534 0.0274594 0.0323765 0.0511755 0.0453705 0.0308054 0.0424721 0.0491598 0.0480484 0.0470325 0.0311491 0.0291149 0.0452819 0.0279303 0.0271149 0.0274455 0.0374096 0.0402616 0.0391699 0.0396984 0.0255756 0.0234325 0.0463464 0.0604939 0.0355615 0.0340558 0.0330502 0.0249019 0.0440841 0.0339445 0.0433765 0.0448225 0.0238513 0.0273690 0.0268119 0.0383613 0.0335538 0.0489575 0.0280613 0.0261515 0.0328008 0.0399028 0.0606073 0.0391996 0.0567819 0.0289375 0.0232025 0.0485050 0.0412314 0.0272338 0.0483232 0.0379832 0.0264160 0.0290901 0.0255958 0.0364088 0.0343306 0.0481395 0.0257922 0.0508124 0.0292331 0.0330903 0.0373440 0.0472455 0.0508535 0.0330953 0.0534520 0.0309051 0.0342458 0.0241758 0.0269600 0.0236155 0.0368461 0.0279562 0.0409293 0.0311275 0.0261771 0.0411218 0.0544970 0.0432430 0.0463122 0.0236697 0.0274428 0.0298104 0.0270413 0.0260981 0.0440238 0.0436547 0.0376078 0.0486491 0.0293497 0.0393542 0.0484875 0.0287822 0.0705376 0.0277359 0.0358724 0.0274209 0.0472692 0.0453631 0.0530337 0.0251650 0.0242474 0.0499351 0.0273214 0.0563227 0.0444846 0.0515090 0.0505974 0.0361627 0.0328781 0.0473694 
I0193_447_Columbidae_Treron_calvus                        0.0415152 0.0426968 0.0431442 0.0501083 0.0419012 0.0466687 0.0357588 0.0000000 0.0533419 0.0535406 0.0336145 0.0485956 0.0421338 0.0430303 0.0502005 0.0344882 0.0216856 0.0514290 0.0302959 0.0515260 0.0334357 0.0324811 0.0339549 0.0301762 0.0155968 0.0326984 0.0499967 0.0548467 0.0537773 0.0329275 0.0485541 0.0469339 0.0465867 0.0149487 0.0497507 0.0523746 0.0491846 0.0632246 0.0513641 0.0479877 0.0674208 0.0538656 0.0411009 0.0502675 0.0364726 0.0509775 0.0470822 0.0311016 0.0446758 0.0478765 0.0525638 0.0129415 0.0331583 0.0475826 0.0455376 0.0345107 0.0331774 0.0647698 0.0475985 0.0476143 0.0431231 0.0328472 0.0373344 0.0546865 0.0485840 0.0357670 0.0480687 0.0549314 0.0522515 0.0499006 0.0368569 0.0349980 0.0515749 0.0241249 0.0336957 0.0325583 0.0426263 0.0440142 0.0428967 0.0444487 0.0318109 0.0301661 0.0491819 0.0633590 0.0385658 0.0394816 0.0387641 0.0305922 0.0481191 0.0393903 0.0461536 0.0504315 0.0301653 0.0326209 0.0330651 0.0420611 0.0384586 0.0527480 0.0342748 0.0320194 0.0375548 0.0449757 0.0631777 0.0448023 0.0607659 0.0344001 0.0292006 0.0535910 0.0455843 0.0338516 0.0538729 0.0428561 0.0313957 0.0353802 0.0317204 0.0418806 0.0399638 0.0536686 0.0321052 0.0544344 0.0345034 0.0376025 0.0429888 0.0529229 0.0556182 0.0381451 0.0565531 0.0359371 0.0384931 0.0302077 0.0327496 0.0308208 0.0427327 0.0336993 0.0466606 0.0360903 0.0318190 0.0461846 0.0593556 0.0464524 0.0489788 0.0289456 0.0342153 0.0346370 0.0344656 0.0311835 0.0488154 0.0492760 0.0429208 0.0525365 0.0331388 0.0446598 0.0514772 0.0340084 0.0730347 0.0334795 0.0124138 0.0330773 0.0510908 0.0485953 0.0568300 0.0311940 0.0309059 0.0544995 0.0324831 0.0581853 0.0474707 0.0541220 0.0539324 0.0397214 0.0384382 0.0520574 
I0194_495_Alcedinidae_Alcedo_quadribrachys                0.0456454 0.0551700 0.0572183 0.0614750 0.0549504 0.0586231 0.0515130 0.0533419 0.0000000 0.0642644 0.0494262 0.0603872 0.0552590 0.0512753 0.0624200 0.0502026 0.0409190 0.0609334 0.0474340 0.0609003 0.0501987 0.0478604 0.0500179 0.0459260 0.0557586 0.0486660 0.0618244 0.0652415 0.0642657 0.0475374 0.0602593 0.0589939 0.0597547 0.0547838 0.0615111 0.0679033 0.0598173 0.0785976 0.0624647 0.0589314 0.0821770 0.0630524 0.0466946 0.0653162 0.0515569 0.0615811 0.0584122 0.0470845 0.0597346 0.0586340 0.0637927 0.0542944 0.0489863 0.0570173 0.0593147 0.0497486 0.0478105 0.0802079 0.0583853 0.0641447 0.0591802 0.0488631 0.0530887 0.0692420 0.0645782 0.0508932 0.0603893 0.0698384 0.0618947 0.0607689 0.0534303 0.0496737 0.0611646 0.0417783 0.0476364 0.0483749 0.0568006 0.0395699 0.0542349 0.0559879 0.0473165 0.0453119 0.0613320 0.0789372 0.0543355 0.0550269 0.0543487 0.0476052 0.0640272 0.0486150 0.0625393 0.0604630 0.0461988 0.0485713 0.0480515 0.0586815 0.0477134 0.0641481 0.0486392 0.0481422 0.0539062 0.0595453 0.0761861 0.0611362 0.0753272 0.0507283 0.0451023 0.0625091 0.0593723 0.0495876 0.0688531 0.0581148 0.0480101 0.0500790 0.0479604 0.0549239 0.0552087 0.0676835 0.0474714 0.0653711 0.0504448 0.0527756 0.0561112 0.0625104 0.0703632 0.0541317 0.0667818 0.0516676 0.0533026 0.0479919 0.0485752 0.0483973 0.0560637 0.0495741 0.0599516 0.0527473 0.0490797 0.0594290 0.0742354 0.0586569 0.0600118 0.0464031 0.0494631 0.0508821 0.0501968 0.0461687 0.0642508 0.0649359 0.0559149 0.0687749 0.0494779 0.0569785 0.0619260 0.0492914 0.0873070 0.0490947 0.0535482 0.0494630 0.0617306 0.0606495 0.0708726 0.0475063 0.0482465 0.0697833 0.0481957 0.0680111 0.0598583 0.0661949 0.0654738 0.0542902 0.0522949 0.0632697 
I0195_522_Ramphastidae_Buccanodon_duchaillui              0.0514659 0.0519495 0.0548780 0.0601757 0.0514484 0.0296733 0.0480845 0.0535406 0.0642644 0.0000000 0.0470859 0.0594842 0.0517429 0.0538919 0.0601694 0.0490019 0.0382076 0.0608063 0.0438596 0.0612041 0.0477634 0.0430924 0.0463765 0.0430978 0.0552724 0.0457514 0.0313536 0.0655620 0.0639246 0.0432946 0.0602201 0.0572364 0.0571708 0.0543861 0.0601101 0.0654861 0.0587657 0.0731740 0.0617627 0.0584492 0.0831139 0.0599324 0.0472991 0.0597953 0.0470709 0.0601051 0.0588593 0.0440842 0.0561808 0.0586446 0.0629246 0.0526602 0.0462642 0.0596834 0.0567870 0.0461511 0.0457786 0.0757186 0.0593375 0.0626692 0.0554925 0.0450521 0.0499767 0.0674184 0.0620885 0.0466728 0.0300264 0.0678620 0.0604520 0.0601987 0.0476342 0.0461318 0.0236058 0.0395666 0.0446956 0.0458638 0.0527584 0.0539482 0.0506086 0.0513566 0.0442264 0.0416544 0.0592128 0.0735152 0.0510576 0.0503263 0.0504584 0.0441754 0.0613926 0.0482415 0.0595120 0.0214401 0.0433114 0.0459036 0.0444252 0.0533074 0.0469140 0.0601978 0.0431306 0.0449768 0.0509311 0.0559983 0.0736614 0.0564636 0.0708888 0.0468258 0.0420480 0.0623381 0.0549315 0.0465419 0.0664036 0.0541014 0.0445271 0.0455437 0.0449983 0.0539744 0.0507455 0.0657600 0.0439300 0.0627557 0.0478592 0.0508243 0.0557505 0.0244043 0.0648412 0.0496277 0.0671391 0.0495835 0.0522985 0.0435799 0.0456274 0.0443361 0.0515629 0.0471741 0.0562066 0.0490615 0.0464684 0.0554831 0.0725976 0.0580490 0.0600865 0.0436690 0.0451563 0.0478358 0.0456423 0.0446259 0.0599193 0.0577574 0.0516671 0.0655599 0.0481074 0.0534534 0.0618024 0.0481226 0.0866928 0.0461756 0.0536921 0.0475468 0.0604731 0.0601797 0.0691475 0.0433932 0.0436963 0.0680531 0.0463894 0.0673969 0.0596143 0.0652947 0.0637908 0.0537305 0.0487139 0.0638288 
I0196_523_Musophagidae_Corythaeola_cristata               0.0349357 0.0360464 0.0349805 0.0447426 0.0347092 0.0395457 0.0159419 0.0336145 0.0494262 0.0470859 0.0000000 0.0437740 0.0347743 0.0360038 0.0455792 0.0280250 0.0176530 0.0462907 0.0222133 0.0458220 0.0258575 0.0237629 0.0254138 0.0213117 0.0353361 0.0249525 0.0419676 0.0493627 0.0498577 0.0236229 0.0442358 0.0410263 0.0402980 0.0348041 0.0446118 0.0459963 0.0426289 0.0568778 0.0466123 0.0429148 0.0623723 0.0469866 0.0334375 0.0433545 0.0287935 0.0445862 0.0419608 0.0215834 0.0377805 0.0424257 0.0464101 0.0335762 0.0236785 0.0413944 0.0376817 0.0261774 0.0238906 0.0598582 0.0415541 0.0415046 0.0357341 0.0243550 0.0299848 0.0487572 0.0421658 0.0275634 0.0407525 0.0464690 0.0459381 0.0455564 0.0277315 0.0259685 0.0439785 0.0260339 0.0237557 0.0248150 0.0357472 0.0382314 0.0370988 0.0374336 0.0223705 0.0205730 0.0440462 0.0581029 0.0335319 0.0323870 0.0300954 0.0218107 0.0399896 0.0316123 0.0396426 0.0431634 0.0207767 0.0242061 0.0241182 0.0360208 0.0321701 0.0464371 0.0254057 0.0233233 0.0298844 0.0383112 0.0578690 0.0365587 0.0538057 0.0258936 0.0201931 0.0473934 0.0382395 0.0241419 0.0461073 0.0358326 0.0226021 0.0255590 0.0224123 0.0338273 0.0325441 0.0460799 0.0226389 0.0489977 0.0267195 0.0297757 0.0343450 0.0457387 0.0480347 0.0291017 0.0519929 0.0285259 0.0327729 0.0207850 0.0234405 0.0214734 0.0343615 0.0257343 0.0384500 0.0281952 0.0236337 0.0381809 0.0525195 0.0417579 0.0439126 0.0204986 0.0243962 0.0255341 0.0245283 0.0233361 0.0411133 0.0410031 0.0350023 0.0464607 0.0268616 0.0372533 0.0469611 0.0268928 0.0682354 0.0242310 0.0331814 0.0240996 0.0462416 0.0441334 0.0507176 0.0212626 0.0210762 0.0467810 0.0246833 0.0539130 0.0435154 0.0502347 0.0490917 0.0336204 0.0310708 0.0471532 
I0197_832_Corvidae_Corvus_albus                           0.0510667 0.0502645 0.0507423 0.0379454 0.0498744 0.0550829 0.0456787 0.0485956 0.0603872 0.0594842 0.0437740 0.0000000 0.0506824 0.0488466 0.0374222 0.0441745 0.0358331 0.0375185 0.0413532 0.0373693 0.0448638 0.0411295 0.0451510 0.0400080 0.0508196 0.0431151 0.0557076 0.0250929 0.0232591 0.0410082 0.0355256 0.0340713 0.0542214 0.0499223 0.0364315 0.0603449 0.0358312 0.0702693 0.0378343 0.0351345 0.0743687 0.0603068 0.0476290 0.0589265 0.0447142 0.0362577 0.0338862 0.0410034 0.0537052 0.0343444 0.0377925 0.0484097 0.0424922 0.0368964 0.0517524 0.0431770 0.0413457 0.0732805 0.0340682 0.0562874 0.0515830 0.0431166 0.0460997 0.0628429 0.0577359 0.0455366 0.0553076 0.0632666 0.0381506 0.0371259 0.0470356 0.0432274 0.0568101 0.0389275 0.0427011 0.0430383 0.0512869 0.0514297 0.0512521 0.0506980 0.0416255 0.0400543 0.0562194 0.0709067 0.0489572 0.0481527 0.0487607 0.0412628 0.0568695 0.0478006 0.0553102 0.0566421 0.0406399 0.0424498 0.0421168 0.0522113 0.0457013 0.0590308 0.0421939 0.0421070 0.0475577 0.0529673 0.0714693 0.0542450 0.0680761 0.0447052 0.0390562 0.0387224 0.0547132 0.0428860 0.0615078 0.0519992 0.0420116 0.0452153 0.0414156 0.0493489 0.0489024 0.0606921 0.0413837 0.0624917 0.0451253 0.0467554 0.0514723 0.0585392 0.0642534 0.0486991 0.0431233 0.0474137 0.0482626 0.0404575 0.0431544 0.0412298 0.0497969 0.0437101 0.0540453 0.0472493 0.0421887 0.0541297 0.0673644 0.0233361 0.0359214 0.0404575 0.0443200 0.0444243 0.0430665 0.0419159 0.0575092 0.0577466 0.0503484 0.0607573 0.0430975 0.0523393 0.0375888 0.0437021 0.0812715 0.0438637 0.0491081 0.0434098 0.0368042 0.0227074 0.0653808 0.0410368 0.0412005 0.0631272 0.0430343 0.0270073 0.0111798 0.0251149 0.0248953 0.0497210 0.0477545 0.0423724 
I0198_937_Bucerotidae_Tockus_camurus                      0.0405400 0.0423939 0.0443203 0.0514568 0.0417647 0.0457506 0.0372104 0.0421338 0.0552590 0.0517429 0.0347743 0.0506824 0.0000000 0.0423743 0.0532580 0.0366656 0.0262707 0.0548131 0.0320040 0.0547210 0.0342132 0.0327023 0.0341355 0.0309123 0.0436220 0.0336818 0.0477985 0.0565509 0.0563495 0.0322028 0.0521719 0.0491488 0.0492323 0.0425946 0.0526792 0.0539834 0.0519342 0.0636162 0.0552842 0.0516064 0.0696700 0.0487305 0.0389264 0.0522015 0.0363210 0.0525337 0.0511511 0.0316133 0.0446547 0.0517601 0.0550070 0.0416506 0.0327033 0.0512832 0.0472921 0.0343334 0.0336816 0.0676082 0.0505679 0.0494855 0.0442542 0.0340374 0.0398820 0.0566021 0.0500433 0.0369397 0.0458781 0.0549739 0.0529194 0.0534336 0.0383158 0.0343588 0.0496611 0.0318391 0.0325027 0.0336513 0.0419385 0.0435243 0.0423931 0.0429089 0.0313676 0.0293205 0.0525903 0.0651297 0.0408364 0.0395222 0.0392334 0.0312078 0.0491512 0.0370352 0.0476159 0.0489293 0.0310691 0.0330946 0.0324115 0.0449918 0.0379138 0.0543757 0.0326714 0.0323897 0.0384788 0.0444809 0.0647199 0.0449307 0.0611146 0.0350258 0.0300288 0.0555210 0.0462319 0.0335349 0.0534619 0.0434018 0.0327028 0.0342390 0.0323030 0.0428983 0.0405049 0.0525545 0.0322532 0.0515177 0.0347902 0.0399068 0.0444994 0.0503788 0.0559061 0.0389127 0.0589645 0.0374712 0.0402860 0.0314124 0.0333632 0.0318796 0.0431146 0.0338366 0.0473274 0.0377964 0.0331390 0.0469095 0.0598827 0.0492601 0.0531679 0.0298806 0.0343552 0.0357490 0.0332979 0.0325110 0.0486806 0.0499204 0.0429718 0.0542050 0.0358347 0.0454439 0.0543545 0.0351244 0.0756313 0.0338840 0.0414904 0.0336464 0.0526435 0.0509925 0.0578222 0.0315896 0.0311668 0.0548412 0.0337128 0.0618652 0.0504122 0.0581441 0.0559335 0.0413890 0.0169808 0.0541466 
I0199_955_Meropidae_Merops_muelleri                       0.0395384 0.0424901 0.0448928 0.0516478 0.0416913 0.0479644 0.0389165 0.0430303 0.0512753 0.0538919 0.0360038 0.0488466 0.0423743 0.0000000 0.0519771 0.0390217 0.0280611 0.0502915 0.0336584 0.0507712 0.0370052 0.0340942 0.0367178 0.0337892 0.0457422 0.0357693 0.0500211 0.0552534 0.0556902 0.0344978 0.0491285 0.0487268 0.0481495 0.0445609 0.0515799 0.0551728 0.0496341 0.0662987 0.0515760 0.0485338 0.0698959 0.0537675 0.0372618 0.0529928 0.0393575 0.0520774 0.0480079 0.0331906 0.0477624 0.0480570 0.0541261 0.0435331 0.0356198 0.0474669 0.0472539 0.0371395 0.0361214 0.0690881 0.0470716 0.0518886 0.0465890 0.0355644 0.0409192 0.0575195 0.0519977 0.0391380 0.0489912 0.0580344 0.0535443 0.0509568 0.0398796 0.0370588 0.0513977 0.0326202 0.0348170 0.0360425 0.0448874 0.0416526 0.0438849 0.0445184 0.0339868 0.0313189 0.0507395 0.0675193 0.0428908 0.0415685 0.0423621 0.0339167 0.0511174 0.0355364 0.0494750 0.0509965 0.0327641 0.0355048 0.0352838 0.0474934 0.0340799 0.0552230 0.0356324 0.0347632 0.0407399 0.0469766 0.0664184 0.0482424 0.0630184 0.0379344 0.0321600 0.0534041 0.0488515 0.0359242 0.0573138 0.0454545 0.0345513 0.0376359 0.0345143 0.0435600 0.0428137 0.0564721 0.0344425 0.0553848 0.0383796 0.0405715 0.0447513 0.0528449 0.0589480 0.0407072 0.0570408 0.0400873 0.0418537 0.0331342 0.0362178 0.0332480 0.0444279 0.0368413 0.0477146 0.0399244 0.0343367 0.0475238 0.0625276 0.0486084 0.0499325 0.0320085 0.0364813 0.0377514 0.0358522 0.0330998 0.0517504 0.0527516 0.0446750 0.0555805 0.0376578 0.0460365 0.0517759 0.0379694 0.0757891 0.0358587 0.0428921 0.0359575 0.0511043 0.0497156 0.0601502 0.0338537 0.0341210 0.0581377 0.0352775 0.0593442 0.0493435 0.0553308 0.0548855 0.0435203 0.0387173 0.0526782 
I0200_988_Furnariidae_Furnarius_rufus                     0.0520974 0.0523375 0.0527550 0.0344543 0.0515168 0.0569784 0.0470349 0.0502005 0.0624200 0.0601694 0.0455792 0.0374222 0.0532580 0.0519771 0.0000000 0.0460392 0.0375222 0.0300817 0.0428762 0.0295995 0.0473276 0.0433917 0.0462399 0.0417315 0.0522956 0.0447520 0.0580167 0.0429159 0.0425573 0.0428608 0.0287225 0.0274857 0.0552641 0.0517422 0.0134409 0.0620969 0.0286574 0.0719169 0.0314677 0.0278887 0.0771555 0.0628460 0.0503442 0.0592160 0.0471437 0.0245989 0.0276300 0.0425376 0.0547079 0.0275067 0.0127383 0.0498755 0.0450762 0.0316170 0.0545838 0.0451271 0.0434540 0.0738285 0.0273592 0.0589056 0.0538208 0.0440124 0.0476611 0.0638775 0.0598566 0.0474216 0.0573899 0.0673430 0.0259456 0.0292737 0.0476811 0.0451548 0.0572249 0.0400280 0.0447093 0.0459576 0.0526484 0.0531602 0.0525367 0.0522367 0.0433508 0.0412422 0.0579803 0.0729426 0.0511672 0.0499897 0.0493685 0.0424090 0.0591714 0.0487308 0.0568462 0.0577521 0.0425043 0.0447546 0.0438923 0.0533894 0.0468396 0.0582616 0.0442012 0.0441690 0.0489432 0.0541908 0.0725439 0.0557185 0.0689103 0.0459910 0.0409872 0.0241721 0.0552839 0.0452520 0.0655953 0.0534015 0.0434755 0.0466737 0.0432748 0.0524997 0.0508559 0.0643844 0.0438831 0.0661540 0.0478190 0.0495124 0.0529493 0.0593290 0.0667740 0.0498226 0.0390295 0.0490290 0.0504737 0.0425766 0.0448861 0.0432190 0.0522608 0.0461779 0.0551575 0.0484926 0.0441072 0.0544295 0.0701865 0.0343120 0.0293089 0.0424026 0.0447524 0.0470472 0.0457024 0.0430280 0.0596908 0.0600528 0.0511234 0.0628769 0.0460795 0.0528216 0.0228447 0.0461601 0.0836774 0.0453336 0.0507052 0.0437384 0.0325523 0.0350696 0.0660900 0.0426383 0.0426226 0.0656725 0.0444130 0.0433299 0.0367342 0.0424292 0.0422497 0.0516851 0.0503487 0.0419581 
I0201_999_Scolopacidae_Tringa_solitaria                   0.0376110 0.0379364 0.0377765 0.0451622 0.0367317 0.0427124 0.0302822 0.0344882 0.0502026 0.0490019 0.0280250 0.0441745 0.0366656 0.0390217 0.0460392 0.0000000 0.0207061 0.0475668 0.0252896 0.0476508 0.0213938 0.0275719 0.0240806 0.0243795 0.0362849 0.0231719 0.0443140 0.0503847 0.0497997 0.0266087 0.0454903 0.0420153 0.0410065 0.0356303 0.0457049 0.0489640 0.0445750 0.0594835 0.0475092 0.0446213 0.0632257 0.0498250 0.0360053 0.0444170 0.0316001 0.0460170 0.0436934 0.0245323 0.0408491 0.0438609 0.0474790 0.0345707 0.0271073 0.0430510 0.0400751 0.0286553 0.0272101 0.0621598 0.0438305 0.0444720 0.0385203 0.0264573 0.0328180 0.0510367 0.0444735 0.0309770 0.0439349 0.0495106 0.0472821 0.0459822 0.0316407 0.0289840 0.0456872 0.0265744 0.0272694 0.0212971 0.0388291 0.0388468 0.0388092 0.0395131 0.0255264 0.0238721 0.0445625 0.0603633 0.0220393 0.0360167 0.0331347 0.0249651 0.0431138 0.0340806 0.0421668 0.0452325 0.0236468 0.0233791 0.0269048 0.0366168 0.0345212 0.0486221 0.0290375 0.0224659 0.0327295 0.0419850 0.0601417 0.0396387 0.0561207 0.0295012 0.0238698 0.0487160 0.0413302 0.0271987 0.0494715 0.0396692 0.0254977 0.0291821 0.0256529 0.0361421 0.0367575 0.0481334 0.0260118 0.0503706 0.0235197 0.0325295 0.0371789 0.0470589 0.0504593 0.0327601 0.0517250 0.0257746 0.0209301 0.0246236 0.0270698 0.0242285 0.0369541 0.0222584 0.0409450 0.0315061 0.0256857 0.0402510 0.0550221 0.0424509 0.0453636 0.0231250 0.0272932 0.0289080 0.0273870 0.0260500 0.0424370 0.0435075 0.0367110 0.0495845 0.0087587 0.0392345 0.0469856 0.0103834 0.0686845 0.0283031 0.0345650 0.0285824 0.0474229 0.0444749 0.0526458 0.0250442 0.0246221 0.0497400 0.0277466 0.0551124 0.0443430 0.0508662 0.0503581 0.0222509 0.0330671 0.0462523 
I0202_1066_Cathartidae_Cathartes_burrovianus              0.0271325 0.0280457 0.0283993 0.0362693 0.0275586 0.0313809 0.0203241 0.0216856 0.0409190 0.0382076 0.0176530 0.0358331 0.0262707 0.0280611 0.0375222 0.0207061 0.0000000 0.0386829 0.0151339 0.0384792 0.0177670 0.0163644 0.0173122 0.0142029 0.0257709 0.0180307 0.0338088 0.0415078 0.0416764 0.0158690 0.0356900 0.0331368 0.0336794 0.0248372 0.0368638 0.0380152 0.0358921 0.0491944 0.0388270 0.0350643 0.0538727 0.0387316 0.0259166 0.0357640 0.0207499 0.0372104 0.0348372 0.0147580 0.0297907 0.0350296 0.0390271 0.0238583 0.0167695 0.0349172 0.0314365 0.0181858 0.0176378 0.0518110 0.0345147 0.0339913 0.0281563 0.0174343 0.0233453 0.0412748 0.0344129 0.0213567 0.0328077 0.0390383 0.0381646 0.0372333 0.0216566 0.0183239 0.0360435 0.0182505 0.0157101 0.0175258 0.0269900 0.0297048 0.0285966 0.0291926 0.0150220 0.0033760 0.0374129 0.0493412 0.0261045 0.0251194 0.0236494 0.0147162 0.0325812 0.0237257 0.0321338 0.0352902 0.0141246 0.0171047 0.0159652 0.0290300 0.0241212 0.0392497 0.0179321 0.0163869 0.0224948 0.0299450 0.0494319 0.0292381 0.0459590 0.0187075 0.0132305 0.0398662 0.0304071 0.0172282 0.0382291 0.0279027 0.0151995 0.0176020 0.0154332 0.0274749 0.0247303 0.0381351 0.0160174 0.0403812 0.0197930 0.0236017 0.0274591 0.0382895 0.0407594 0.0229478 0.0432833 0.0213256 0.0251284 0.0141203 0.0168968 0.0139469 0.0272317 0.0182728 0.0306251 0.0215348 0.0162384 0.0306829 0.0443666 0.0338005 0.0362597 0.0127224 0.0178416 0.0190462 0.0170765 0.0154545 0.0327533 0.0337512 0.0274762 0.0384394 0.0195563 0.0293193 0.0387032 0.0199702 0.0601533 0.0177172 0.0231997 0.0177310 0.0376091 0.0355887 0.0430446 0.0148875 0.0144996 0.0396743 0.0157174 0.0467389 0.0354273 0.0425313 0.0406421 0.0259921 0.0224141 0.0376302 
I0203_1087_Tyrannidae_Hymenops_perspicillatus             0.0510047 0.0516392 0.0547174 0.0336060 0.0506425 0.0574380 0.0486096 0.0514290 0.0609334 0.0608063 0.0462907 0.0375185 0.0548131 0.0502915 0.0300817 0.0475668 0.0386829 0.0000000 0.0434696 0.0095938 0.0472391 0.0444345 0.0481600 0.0428875 0.0528665 0.0455198 0.0579672 0.0412155 0.0404515 0.0435573 0.0174055 0.0157961 0.0563337 0.0516827 0.0290062 0.0635322 0.0161044 0.0742261 0.0167002 0.0164305 0.0780190 0.0639453 0.0505455 0.0607266 0.0483898 0.0288822 0.0162365 0.0433273 0.0549998 0.0157905 0.0298161 0.0504968 0.0457069 0.0116042 0.0544817 0.0462979 0.0450496 0.0766607 0.0160824 0.0599841 0.0556255 0.0454560 0.0478628 0.0649937 0.0606310 0.0491522 0.0579358 0.0675547 0.0298461 0.0172555 0.0492142 0.0462855 0.0572513 0.0416481 0.0459940 0.0465157 0.0522190 0.0542708 0.0537940 0.0538514 0.0442136 0.0429518 0.0582600 0.0741452 0.0518935 0.0497093 0.0495113 0.0438383 0.0603389 0.0500031 0.0584585 0.0575155 0.0426604 0.0454791 0.0439610 0.0530055 0.0480584 0.0572136 0.0463189 0.0457439 0.0504462 0.0538191 0.0733302 0.0582203 0.0707858 0.0473555 0.0421435 0.0301039 0.0552310 0.0456905 0.0663119 0.0531518 0.0448784 0.0474143 0.0441434 0.0535041 0.0505326 0.0658444 0.0447598 0.0672530 0.0485729 0.0501450 0.0542461 0.0590346 0.0666434 0.0517019 0.0375483 0.0501007 0.0498754 0.0433104 0.0445035 0.0437256 0.0522511 0.0473284 0.0543683 0.0500337 0.0456572 0.0546634 0.0722718 0.0350964 0.0179106 0.0425490 0.0458270 0.0474050 0.0461521 0.0446626 0.0601380 0.0602931 0.0517990 0.0649544 0.0461510 0.0531619 0.0301950 0.0468811 0.0841034 0.0455136 0.0513920 0.0459224 0.0327122 0.0360850 0.0671272 0.0449334 0.0441769 0.0669140 0.0463555 0.0413448 0.0362799 0.0415257 0.0420948 0.0530690 0.0507314 0.0415054 
I0204_1174_Threskiornithidae_Harpiprion_caerulescens      0.0330630 0.0345535 0.0335860 0.0413928 0.0335863 0.0379297 0.0254535 0.0302959 0.0474340 0.0438596 0.0222133 0.0413532 0.0320040 0.0336584 0.0428762 0.0252896 0.0151339 0.0434696 0.0000000 0.0438933 0.0218432 0.0218496 0.0219320 0.0167573 0.0320186 0.0218827 0.0397390 0.0468256 0.0460940 0.0208924 0.0418525 0.0386688 0.0379563 0.0315988 0.0420639 0.0433450 0.0417214 0.0543285 0.0443830 0.0407007 0.0595883 0.0444403 0.0314042 0.0402369 0.0256636 0.0426193 0.0402502 0.0164697 0.0356705 0.0403943 0.0444338 0.0304929 0.0185006 0.0391898 0.0359871 0.0234083 0.0221203 0.0574460 0.0401392 0.0391917 0.0319341 0.0186680 0.0267168 0.0465725 0.0392533 0.0250839 0.0388011 0.0438011 0.0435215 0.0428234 0.0263976 0.0233006 0.0416478 0.0228859 0.0207385 0.0217961 0.0326819 0.0350680 0.0350130 0.0348892 0.0166146 0.0173910 0.0415957 0.0548159 0.0301006 0.0303051 0.0271929 0.0175385 0.0369641 0.0293793 0.0370769 0.0409509 0.0184523 0.0210064 0.0211849 0.0337736 0.0297426 0.0448120 0.0236198 0.0206694 0.0270471 0.0358693 0.0549986 0.0333194 0.0512357 0.0228269 0.0156100 0.0452769 0.0361261 0.0186388 0.0436601 0.0343959 0.0170765 0.0230733 0.0178192 0.0317422 0.0308133 0.0423195 0.0170864 0.0460504 0.0239399 0.0279782 0.0316780 0.0434746 0.0465955 0.0267309 0.0486609 0.0248395 0.0294978 0.0166749 0.0215417 0.0164236 0.0333149 0.0226904 0.0371644 0.0256994 0.0188011 0.0369134 0.0494332 0.0390155 0.0417272 0.0158311 0.0192232 0.0241309 0.0194621 0.0207250 0.0373818 0.0384979 0.0327350 0.0437855 0.0241977 0.0343645 0.0435908 0.0239525 0.0650930 0.0226354 0.0303503 0.0213621 0.0429741 0.0408410 0.0475710 0.0180296 0.0171358 0.0448165 0.0220097 0.0518807 0.0409797 0.0474706 0.0461406 0.0308501 0.0282557 0.0429435 
I0205_1183_Tyrannidae_Hirundinea_ferruginea               0.0519527 0.0517494 0.0547449 0.0334877 0.0506170 0.0579136 0.0484372 0.0515260 0.0609003 0.0612041 0.0458220 0.0373693 0.0547210 0.0507712 0.0295995 0.0476508 0.0384792 0.0095938 0.0438933 0.0000000 0.0470382 0.0447714 0.0478164 0.0430998 0.0531990 0.0456855 0.0588821 0.0410662 0.0403994 0.0434164 0.0167414 0.0156739 0.0566794 0.0522319 0.0289195 0.0637551 0.0153981 0.0742662 0.0160094 0.0161180 0.0798231 0.0648411 0.0513902 0.0609969 0.0485718 0.0286649 0.0156359 0.0431774 0.0553974 0.0152525 0.0300364 0.0510726 0.0457991 0.0136599 0.0540720 0.0464129 0.0451368 0.0762152 0.0151521 0.0598985 0.0556679 0.0453725 0.0483432 0.0647858 0.0606924 0.0488627 0.0582246 0.0686037 0.0295171 0.0165399 0.0494188 0.0465693 0.0572277 0.0425785 0.0457384 0.0463816 0.0529052 0.0547579 0.0537464 0.0545359 0.0449740 0.0429348 0.0586953 0.0753937 0.0518711 0.0504763 0.0498274 0.0439164 0.0600824 0.0507767 0.0585943 0.0579056 0.0431764 0.0456942 0.0444277 0.0529405 0.0484517 0.0586827 0.0468827 0.0455801 0.0500501 0.0546581 0.0735361 0.0578069 0.0710019 0.0470034 0.0421346 0.0301781 0.0551064 0.0460868 0.0676479 0.0537438 0.0444889 0.0475387 0.0444085 0.0538421 0.0515007 0.0679251 0.0448426 0.0672993 0.0482902 0.0492996 0.0540320 0.0594850 0.0660508 0.0514943 0.0376270 0.0502912 0.0500933 0.0436271 0.0447824 0.0442173 0.0534464 0.0470608 0.0559474 0.0500593 0.0460371 0.0555985 0.0731939 0.0343145 0.0169781 0.0430242 0.0458813 0.0473072 0.0464655 0.0452141 0.0604137 0.0612083 0.0522957 0.0649431 0.0463087 0.0529275 0.0300023 0.0470548 0.0855953 0.0458149 0.0518490 0.0458668 0.0324769 0.0363512 0.0673550 0.0449560 0.0441347 0.0686514 0.0468684 0.0427447 0.0363342 0.0415993 0.0417469 0.0527990 0.0509312 0.0418311 
I0206_1192_Laridae_Chroicocephalus_cirrocephalus          0.0352035 0.0357099 0.0360480 0.0450419 0.0351146 0.0406498 0.0280868 0.0334357 0.0501987 0.0477634 0.0258575 0.0448638 0.0342132 0.0370052 0.0473276 0.0213938 0.0177670 0.0472391 0.0218432 0.0470382 0.0000000 0.0247799 0.0209504 0.0218982 0.0345453 0.0209555 0.0432831 0.0495898 0.0506149 0.0240540 0.0440883 0.0423455 0.0408890 0.0342650 0.0461537 0.0473839 0.0448398 0.0574428 0.0480038 0.0445398 0.0630393 0.0471385 0.0339440 0.0432821 0.0282860 0.0464102 0.0437699 0.0211236 0.0378791 0.0435103 0.0479683 0.0330578 0.0240805 0.0423732 0.0389521 0.0259310 0.0250432 0.0617420 0.0435878 0.0424619 0.0358309 0.0237620 0.0303060 0.0500274 0.0428064 0.0284776 0.0424396 0.0475913 0.0479419 0.0458799 0.0291896 0.0259109 0.0448328 0.0251694 0.0239924 0.0069771 0.0359498 0.0373290 0.0372486 0.0381951 0.0226251 0.0205200 0.0442000 0.0604638 0.0265440 0.0335408 0.0315098 0.0218758 0.0411946 0.0316429 0.0405039 0.0431471 0.0215824 0.0201409 0.0241160 0.0371835 0.0327436 0.0486262 0.0260770 0.0191890 0.0305147 0.0385015 0.0593097 0.0368351 0.0553758 0.0265818 0.0208978 0.0490761 0.0392042 0.0238253 0.0471950 0.0365474 0.0225768 0.0260705 0.0221791 0.0345362 0.0335496 0.0460939 0.0231541 0.0488278 0.0092390 0.0309767 0.0353149 0.0462479 0.0500167 0.0304983 0.0525631 0.0161304 0.0270673 0.0209480 0.0247487 0.0208307 0.0346212 0.0095853 0.0398074 0.0284990 0.0234199 0.0389935 0.0524961 0.0418885 0.0453303 0.0204294 0.0251932 0.0271224 0.0244100 0.0242959 0.0414755 0.0425651 0.0356075 0.0480398 0.0203451 0.0367393 0.0475696 0.0207648 0.0693693 0.0260073 0.0328088 0.0244350 0.0477481 0.0447141 0.0521297 0.0226044 0.0216732 0.0475355 0.0257815 0.0553686 0.0450256 0.0509848 0.0495792 0.0271811 0.0311757 0.0461642 
I0208_1208_Strigidae_Strix_varia                          0.0332857 0.0347227 0.0351094 0.0428006 0.0340131 0.0372645 0.0276445 0.0324811 0.0478604 0.0430924 0.0237629 0.0411295 0.0327023 0.0340942 0.0433917 0.0275719 0.0163644 0.0444345 0.0218496 0.0447714 0.0247799 0.0000000 0.0230411 0.0208278 0.0347058 0.0239226 0.0395502 0.0469700 0.0470181 0.0222506 0.0416563 0.0389984 0.0389163 0.0341093 0.0430241 0.0445390 0.0420408 0.0562550 0.0452202 0.0412437 0.0610580 0.0449771 0.0317177 0.0416777 0.0269017 0.0435365 0.0404379 0.0206674 0.0360419 0.0409427 0.0453711 0.0330532 0.0228917 0.0408437 0.0378172 0.0241754 0.0235655 0.0588038 0.0407837 0.0398889 0.0340685 0.0235283 0.0293433 0.0482464 0.0401121 0.0272822 0.0384113 0.0458988 0.0447514 0.0431141 0.0275735 0.0242540 0.0416382 0.0237181 0.0218905 0.0243728 0.0331857 0.0348663 0.0339480 0.0349428 0.0217572 0.0188639 0.0427090 0.0565840 0.0328885 0.0307713 0.0304313 0.0214923 0.0384928 0.0292723 0.0384779 0.0406034 0.0202399 0.0235364 0.0217235 0.0360155 0.0301053 0.0458815 0.0237676 0.0224426 0.0291817 0.0359559 0.0560374 0.0349798 0.0528943 0.0254813 0.0194307 0.0466190 0.0384388 0.0231751 0.0460758 0.0342420 0.0217706 0.0241609 0.0218352 0.0332447 0.0311615 0.0447100 0.0224918 0.0465805 0.0260070 0.0304908 0.0344542 0.0430854 0.0463815 0.0286061 0.0488334 0.0281183 0.0320125 0.0205498 0.0244047 0.0200750 0.0342781 0.0245934 0.0375150 0.0276996 0.0230504 0.0370369 0.0510976 0.0401372 0.0425801 0.0196948 0.0238693 0.0258205 0.0234957 0.0214353 0.0394768 0.0395784 0.0339557 0.0450946 0.0262736 0.0363332 0.0451765 0.0265023 0.0675551 0.0246716 0.0325028 0.0238700 0.0442170 0.0423016 0.0499549 0.0212389 0.0214149 0.0462616 0.0227501 0.0520965 0.0418659 0.0474367 0.0456133 0.0335397 0.0287758 0.0452852 
