35
Burramyidae_Burramys_parvus                  0.0000000 0.1099911 0.0437894 0.0656668 0.0634084 0.0788785 0.0433149 0.0403153 0.0614559 0.0392704 0.0793399 0.0802199 0.0424078 0.0507115 0.0751297 0.0762310 0.0887599 0.0606749 0.0484882 0.0895974 0.0848778 0.0599651 0.0581165 0.0403759 0.0609941 0.0504582 0.0599948 0.0469004 0.0414731 0.0941706 0.0765977 0.0895813 0.1176036 0.0820114 0.0934528 
Notoryctidae_Notoryctes_typhlops             0.1099911 0.0000000 0.1018935 0.1313427 0.1289713 0.1202432 0.1006737 0.1003974 0.1287814 0.1030050 0.1176415 0.1291958 0.1021074 0.1052825 0.1228636 0.1214690 0.1324314 0.1179651 0.1111748 0.1406827 0.1290160 0.1237570 0.1054538 0.1009784 0.1195082 0.1110870 0.1213513 0.1069284 0.1035059 0.1349894 0.1218661 0.1354172 0.1708345 0.1455297 0.1509186 
Vombatidae_Lasiorhinus_latifrons             0.0437894 0.1018935 0.0000000 0.0642069 0.0647867 0.0652990 0.0429140 0.0374058 0.0636714 0.0362055 0.0702670 0.0710151 0.0389991 0.0480088 0.0713623 0.0668114 0.0798528 0.0602863 0.0526378 0.0861303 0.0796373 0.0574826 0.0559736 0.0419579 0.0606583 0.0544882 0.0570719 0.0466419 0.0386034 0.0869441 0.0664773 0.0814406 0.1084387 0.0779877 0.0803091 
Potoroidae_Bettongia_penicillata             0.0656668 0.1313427 0.0642069 0.0000000 0.0037612 0.1060161 0.0608769 0.0605085 0.0090758 0.0613671 0.1080971 0.1047631 0.0606396 0.0664184 0.1086089 0.1020254 0.1140655 0.0210264 0.0719651 0.1203701 0.1096244 0.0379639 0.0802460 0.0587206 0.0229665 0.0696706 0.0791144 0.0668134 0.0596314 0.1183436 0.1043529 0.1175805 0.1553602 0.1205493 0.1366692 
Potoroidae_Bettongia_lesueur                 0.0634084 0.1289713 0.0647867 0.0037612 0.0000000 0.1019510 0.0613692 0.0588844 0.0072682 0.0584718 0.1074042 0.1022091 0.0590267 0.0665198 0.1073856 0.0987902 0.1119600 0.0206729 0.0695884 0.1184730 0.1069625 0.0347013 0.0784371 0.0613960 0.0224488 0.0689780 0.0788953 0.0666632 0.0586474 0.1178056 0.1008114 0.1134854 0.1572554 0.1165576 0.1374183 
Dasyuridae_Dasyurus_maculatus                0.0788785 0.1202432 0.0652990 0.1060161 0.1019510 0.0000000 0.0758921 0.0702814 0.1005176 0.0707561 0.0167201 0.0234616 0.0686388 0.0785722 0.0201454 0.0085698 0.0934103 0.0963034 0.0881331 0.1105725 0.1031911 0.0903726 0.0800562 0.0779759 0.0985327 0.0873296 0.0851058 0.0804556 0.0706155 0.0956983 0.0066299 0.0968899 0.1271784 0.0216778 0.0189353 
Phalangeridae_Trichosurus_vulpecula          0.0433149 0.1006737 0.0429140 0.0608769 0.0613692 0.0758921 0.0000000 0.0146725 0.0639086 0.0194754 0.0763894 0.0768080 0.0168621 0.0406941 0.0785683 0.0769292 0.0848411 0.0544151 0.0542315 0.0927904 0.0829716 0.0544025 0.0589689 0.0433923 0.0552953 0.0545102 0.0540794 0.0429254 0.0164464 0.0851486 0.0778800 0.0850129 0.1120187 0.0821341 0.0939541 
Phalangeridae_Spilocuscus_maculatus          0.0403153 0.1003974 0.0374058 0.0605085 0.0588844 0.0702814 0.0146725 0.0000000 0.0621990 0.0074569 0.0723769 0.0710019 0.0067702 0.0400458 0.0730149 0.0721875 0.0790717 0.0545270 0.0506540 0.0870025 0.0796675 0.0534522 0.0552308 0.0383553 0.0554117 0.0508737 0.0559299 0.0414080 0.0063703 0.0813978 0.0713483 0.0806690 0.1074315 0.0736574 0.0852720 
Potoroidae_Aepyprymnus_rufescens             0.0614559 0.1287814 0.0636714 0.0090758 0.0072682 0.1005176 0.0639086 0.0621990 0.0000000 0.0581419 0.1054133 0.1024258 0.0623392 0.0677461 0.1064139 0.0977714 0.1118297 0.0217875 0.0664917 0.1133727 0.1025879 0.0351755 0.0799762 0.0609673 0.0231187 0.0669847 0.0786158 0.0686111 0.0619771 0.1181538 0.1004282 0.1165366 0.1553957 0.1165424 0.1318281 
Phalangeridae_Strigocuscus_pelengensis       0.0392704 0.1030050 0.0362055 0.0613671 0.0584718 0.0707561 0.0194754 0.0074569 0.0581419 0.0000000 0.0746026 0.0762181 0.0090574 0.0393257 0.0742912 0.0725662 0.0799745 0.0578926 0.0478347 0.0881270 0.0821501 0.0551172 0.0603331 0.0383633 0.0550681 0.0509653 0.0549003 0.0439836 0.0080247 0.0842256 0.0695489 0.0791699 0.0934454 0.0749328 0.0787743 
Dasyuridae_Phascogale_tapoatafa              0.0793399 0.1176415 0.0702670 0.1080971 0.1074042 0.0167201 0.0763894 0.0723769 0.1054133 0.0746026 0.0000000 0.0236854 0.0715131 0.0789418 0.0066561 0.0188326 0.0959322 0.0995745 0.0900365 0.1069754 0.1015179 0.0974544 0.0811649 0.0784552 0.1017437 0.0892022 0.0910825 0.0846105 0.0739718 0.0973832 0.0146883 0.1004328 0.1320722 0.0251699 0.0117941 
Dasyuridae_Sminthopsis_macroura              0.0802199 0.1291958 0.0710151 0.1047631 0.1022091 0.0234616 0.0768080 0.0710019 0.1024258 0.0762181 0.0236854 0.0000000 0.0704804 0.0846317 0.0257092 0.0249166 0.0951182 0.0987947 0.0947107 0.1100037 0.1089632 0.0954650 0.0852738 0.0781252 0.1033229 0.0926061 0.0937968 0.0851196 0.0724718 0.0978214 0.0210448 0.0980527 0.1314058 0.0151921 0.0262799 
Phalangeridae_Phalanger_orientalis           0.0424078 0.1021074 0.0389991 0.0606396 0.0590267 0.0686388 0.0168621 0.0067702 0.0623392 0.0090574 0.0715131 0.0704804 0.0000000 0.0411366 0.0730532 0.0710387 0.0790447 0.0573387 0.0518423 0.0877610 0.0790695 0.0546511 0.0558090 0.0410148 0.0577165 0.0515484 0.0571738 0.0420217 0.0027540 0.0806899 0.0701443 0.0800890 0.1073591 0.0760881 0.0864047 
Acrobatidae_Acrobates_pygmaeus               0.0507115 0.1052825 0.0480088 0.0664184 0.0665198 0.0785722 0.0406941 0.0400458 0.0677461 0.0393257 0.0789418 0.0846317 0.0411366 0.0000000 0.0791175 0.0773625 0.0858244 0.0621479 0.0513273 0.0978349 0.0845057 0.0573339 0.0585011 0.0424590 0.0621329 0.0536194 0.0537579 0.0299130 0.0412268 0.0922902 0.0782066 0.0879785 0.1141955 0.0826935 0.0944412 
Dasyuridae_Phascogale_calura                 0.0751297 0.1228636 0.0713623 0.1086089 0.1073856 0.0201454 0.0785683 0.0730149 0.1064139 0.0742912 0.0066561 0.0257092 0.0730532 0.0791175 0.0000000 0.0186479 0.1011437 0.0978409 0.0921552 0.1124724 0.1054370 0.0937204 0.0827865 0.0769642 0.1009947 0.0913374 0.0930930 0.0823769 0.0752674 0.1018345 0.0165072 0.1046374 0.1339090 0.0251421 0.0149105 
Dasyuridae_Sarcophilus_harrisii              0.0762310 0.1214690 0.0668114 0.1020254 0.0987902 0.0085698 0.0769292 0.0721875 0.0977714 0.0725662 0.0188326 0.0249166 0.0710387 0.0773625 0.0186479 0.0000000 0.0935824 0.0926936 0.0908391 0.1073186 0.1035652 0.0881155 0.0811611 0.0757528 0.0952275 0.0894907 0.0890191 0.0794706 0.0731384 0.0961538 0.0060984 0.0995042 0.1259810 0.0203913 0.0192222 
Peramelidae_Echymipera_kalubu                0.0887599 0.1324314 0.0798528 0.1140655 0.1119600 0.0934103 0.0848411 0.0790717 0.1118297 0.0799745 0.0959322 0.0951182 0.0790447 0.0858244 0.1011437 0.0935824 0.0000000 0.1048623 0.0963938 0.1182232 0.1085594 0.0980864 0.0901546 0.0823270 0.1063662 0.0905342 0.0981053 0.0882482 0.0802278 0.0146532 0.0913721 0.0215729 0.0270514 0.1035820 0.1146242 
Macropodidae_Dorcopsulus_vanheurni           0.0606749 0.1179651 0.0602863 0.0210264 0.0206729 0.0963034 0.0544151 0.0545270 0.0217875 0.0578926 0.0995745 0.0987947 0.0573387 0.0621479 0.0978409 0.0926936 0.1048623 0.0000000 0.0677071 0.1127721 0.0996021 0.0346546 0.0771645 0.0583147 0.0080207 0.0676820 0.0769315 0.0629788 0.0563965 0.1080816 0.0949611 0.1074901 0.1417516 0.1052123 0.1266051 
Pseudochiridae_Pseudochirulus_forbesi        0.0484882 0.1111748 0.0526378 0.0719651 0.0695884 0.0881331 0.0542315 0.0506540 0.0664917 0.0478347 0.0900365 0.0947107 0.0518423 0.0513273 0.0921552 0.0908391 0.0963938 0.0677071 0.0000000 0.1003525 0.0929304 0.0642325 0.0705642 0.0304906 0.0675741 0.0187672 0.0598263 0.0556749 0.0519628 0.1000571 0.0889379 0.0983214 0.1296226 0.1006408 0.1120872 
Didelphidae_Didelphis_virginiana             0.0895974 0.1406827 0.0861303 0.1203701 0.1184730 0.1105725 0.0927904 0.0870025 0.1133727 0.0881270 0.1069754 0.1100037 0.0877610 0.0978349 0.1124724 0.1073186 0.1182232 0.1127721 0.1003525 0.0000000 0.0345762 0.1146841 0.0849620 0.0882834 0.1140615 0.1044012 0.1085695 0.0972908 0.0886986 0.1304863 0.1074242 0.1265228 0.1577026 0.1146283 0.1323681 
Marmosidae_Monodelphis_domestica             0.0848778 0.1290160 0.0796373 0.1096244 0.1069625 0.1031911 0.0829716 0.0796675 0.1025879 0.0821501 0.1015179 0.1089632 0.0790695 0.0845057 0.1054370 0.1035652 0.1085594 0.0996021 0.0929304 0.0345762 0.0000000 0.1017359 0.0797658 0.0811254 0.1007551 0.0921351 0.0988488 0.0879680 0.0810109 0.1197978 0.1026582 0.1136222 0.1454569 0.1111298 0.1258259 
Hypsiprymnodontidae_Hypsiprymnodon_moschatus 0.0599651 0.1237570 0.0574826 0.0379639 0.0347013 0.0903726 0.0544025 0.0534522 0.0351755 0.0551172 0.0974544 0.0954650 0.0546511 0.0573339 0.0937204 0.0881155 0.0980864 0.0346546 0.0642325 0.1146841 0.1017359 0.0000000 0.0715435 0.0563526 0.0370258 0.0663230 0.0692576 0.0577234 0.0547775 0.1078031 0.0918759 0.0965679 0.1288751 0.1029797 0.1224849 
Microbiotheriidae_Dromiciops_gliroides       0.0581165 0.1054538 0.0559736 0.0802460 0.0784371 0.0800562 0.0589689 0.0552308 0.0799762 0.0603331 0.0811649 0.0852738 0.0558090 0.0585011 0.0827865 0.0811611 0.0901546 0.0771645 0.0705642 0.0849620 0.0797658 0.0715435 0.0000000 0.0589305 0.0798980 0.0695508 0.0774677 0.0602818 0.0581923 0.0999523 0.0822432 0.0908533 0.1188755 0.0829255 0.0982680 
Pseudochiridae_Petauroides_volans            0.0403759 0.1009784 0.0419579 0.0587206 0.0613960 0.0779759 0.0433923 0.0383553 0.0609673 0.0383633 0.0784552 0.0781252 0.0410148 0.0424590 0.0769642 0.0757528 0.0823270 0.0583147 0.0304906 0.0882834 0.0811254 0.0563526 0.0589305 0.0000000 0.0578671 0.0322557 0.0522884 0.0443036 0.0405844 0.0890100 0.0762327 0.0854503 0.1134111 0.0762274 0.0948221 
Macropodidae_Wallabia_bicolor                0.0609941 0.1195082 0.0606583 0.0229665 0.0224488 0.0985327 0.0552953 0.0554117 0.0231187 0.0550681 0.1017437 0.1033229 0.0577165 0.0621329 0.1009947 0.0952275 0.1063662 0.0080207 0.0675741 0.1140615 0.1007551 0.0370258 0.0798980 0.0578671 0.0000000 0.0671315 0.0749409 0.0627011 0.0573448 0.1110175 0.0976132 0.1100264 0.1455720 0.1106662 0.1243706 
Pseudochiridae_Pseudocheirus_occidentalis    0.0504582 0.1110870 0.0544882 0.0696706 0.0689780 0.0873296 0.0545102 0.0508737 0.0669847 0.0509653 0.0892022 0.0926061 0.0515484 0.0536194 0.0913374 0.0894907 0.0905342 0.0676820 0.0187672 0.1044012 0.0921351 0.0663230 0.0695508 0.0322557 0.0671315 0.0000000 0.0646230 0.0575912 0.0511274 0.0950725 0.0875628 0.0938594 0.1255200 0.0993964 0.1141335 
Tarsipedidae_Tarsipes_rostratus              0.0599948 0.1213513 0.0570719 0.0791144 0.0788953 0.0851058 0.0540794 0.0559299 0.0786158 0.0549003 0.0910825 0.0937968 0.0571738 0.0537579 0.0930930 0.0890191 0.0981053 0.0769315 0.0598263 0.1085695 0.0988488 0.0692576 0.0774677 0.0522884 0.0749409 0.0646230 0.0000000 0.0618918 0.0573114 0.1038545 0.0893041 0.1032701 0.1354153 0.1037947 0.1145876 
Acrobatidae_Distoechurus_pennatus            0.0469004 0.1069284 0.0466419 0.0668134 0.0666632 0.0804556 0.0429254 0.0414080 0.0686111 0.0439836 0.0846105 0.0851196 0.0420217 0.0299130 0.0823769 0.0794706 0.0882482 0.0629788 0.0556749 0.0972908 0.0879680 0.0577234 0.0602818 0.0443036 0.0627011 0.0575912 0.0618918 0.0000000 0.0411029 0.0960858 0.0815629 0.0908232 0.1197180 0.0851657 0.1070844 
Phalangeridae_Phalanger_carmelitae           0.0414731 0.1035059 0.0386034 0.0596314 0.0586474 0.0706155 0.0164464 0.0063703 0.0619771 0.0080247 0.0739718 0.0724718 0.0027540 0.0412268 0.0752674 0.0731384 0.0802278 0.0563965 0.0519628 0.0886986 0.0810109 0.0547775 0.0581923 0.0405844 0.0573448 0.0511274 0.0573114 0.0411029 0.0000000 0.0826502 0.0719569 0.0817904 0.1097040 0.0771235 0.0865135 
Peramelidae_Peroryctes_raffrayana            0.0941706 0.1349894 0.0869441 0.1183436 0.1178056 0.0956983 0.0851486 0.0813978 0.1181538 0.0842256 0.0973832 0.0978214 0.0806899 0.0922902 0.1018345 0.0961538 0.0146532 0.1080816 0.1000571 0.1304863 0.1197978 0.1078031 0.0999523 0.0890100 0.1110175 0.0950725 0.1038545 0.0960858 0.0826502 0.0000000 0.0968412 0.0187149 0.0237251 0.1035328 0.1152803 
Dasyuridae_Dasyurus_geffroii                 0.0765977 0.1218661 0.0664773 0.1043529 0.1008114 0.0066299 0.0778800 0.0713483 0.1004282 0.0695489 0.0146883 0.0210448 0.0701443 0.0782066 0.0165072 0.0060984 0.0913721 0.0949611 0.0889379 0.1074242 0.1026582 0.0918759 0.0822432 0.0762327 0.0976132 0.0875628 0.0893041 0.0815629 0.0719569 0.0968412 0.0000000 0.0984686 0.1198983 0.0188201 0.0126803 
Peramelidae_Perameles_gunnii                 0.0895813 0.1354172 0.0814406 0.1175805 0.1134854 0.0968899 0.0850129 0.0806690 0.1165366 0.0791699 0.1004328 0.0980527 0.0800890 0.0879785 0.1046374 0.0995042 0.0215729 0.1074901 0.0983214 0.1265228 0.1136222 0.0965679 0.0908533 0.0854503 0.1100264 0.0938594 0.1032701 0.0908232 0.0817904 0.0187149 0.0984686 0.0000000 0.0021136 0.1106441 0.1179684 
Peramelidae_Perameles_nasuta                 0.1176036 0.1708345 0.1084387 0.1553602 0.1572554 0.1271784 0.1120187 0.1074315 0.1553957 0.0934454 0.1320722 0.1314058 0.1073591 0.1141955 0.1339090 0.1259810 0.0270514 0.1417516 0.1296226 0.1577026 0.1454569 0.1288751 0.1188755 0.1134111 0.1455720 0.1255200 0.1354153 0.1197180 0.1097040 0.0237251 0.1198983 0.0021136 0.0000000 0.1138109 0.1208517 
Dasyuridae_Planigale_tenuirostris            0.0820114 0.1455297 0.0779877 0.1205493 0.1165576 0.0216778 0.0821341 0.0736574 0.1165424 0.0749328 0.0251699 0.0151921 0.0760881 0.0826935 0.0251421 0.0203913 0.1035820 0.1052123 0.1006408 0.1146283 0.1111298 0.1029797 0.0829255 0.0762274 0.1106662 0.0993964 0.1037947 0.0851657 0.0771235 0.1035328 0.0188201 0.1106441 0.1138109 0.0000000 0.0219478 
Dasyuridae_Antechinus_stuartii               0.0934528 0.1509186 0.0803091 0.1366692 0.1374183 0.0189353 0.0939541 0.0852720 0.1318281 0.0787743 0.0117941 0.0262799 0.0864047 0.0944412 0.0149105 0.0192222 0.1146242 0.1266051 0.1120872 0.1323681 0.1258259 0.1224849 0.0982680 0.0948221 0.1243706 0.1141335 0.1145876 0.1070844 0.0865135 0.1152803 0.0126803 0.1179684 0.1208517 0.0219478 0.0000000 
