35
Burramyidae_Burramys_parvus                  0.0000000 0.0698050 0.0452005 0.0520390 0.0525585 0.0777376 0.0419895 0.0458382 0.0509843 0.0702383 0.0451517 0.0769745 0.0737505 0.0499900 0.0489132 0.0760049 0.0763713 0.0769039 0.0686038 0.0489554 0.0575622 0.0587610 0.0635123 0.0757782 0.0520430 0.0633536 0.0485273 0.0498481 0.0536708 0.0630635 0.0444575 0.0407818 0.0705521 0.0782412 0.0694193 
Notoryctidae_Notoryctes_typhlops             0.0698050 0.0000000 0.0734699 0.0803327 0.0817693 0.0948736 0.0770588 0.0812244 0.0781612 0.0848208 0.0799720 0.0927023 0.0876689 0.0878316 0.0792195 0.0932133 0.0932773 0.0904099 0.0843088 0.0767067 0.0884665 0.0664877 0.0710552 0.0921781 0.0832090 0.0787071 0.0792745 0.0757713 0.0852700 0.0908946 0.0768928 0.0761208 0.0871982 0.0938628 0.0847384 
Vombatidae_Lasiorhinus_latifrons             0.0452005 0.0734699 0.0000000 0.0505118 0.0510264 0.0740808 0.0456889 0.0496843 0.0497935 0.0691118 0.0488274 0.0724580 0.0703448 0.0559580 0.0520146 0.0724919 0.0728774 0.0721200 0.0687306 0.0466411 0.0599952 0.0512865 0.0567537 0.0719022 0.0511180 0.0598740 0.0486190 0.0467658 0.0565495 0.0621292 0.0480524 0.0451482 0.0708351 0.0749561 0.0693451 
Potoroidae_Bettongia_penicillata             0.0520390 0.0803327 0.0505118 0.0000000 0.0033665 0.0858196 0.0493548 0.0540286 0.0115354 0.0781448 0.0545721 0.0837624 0.0819718 0.0624658 0.0574593 0.0827817 0.0846465 0.0819958 0.0779885 0.0188664 0.0670954 0.0585009 0.0649344 0.0817501 0.0389072 0.0717234 0.0582909 0.0197460 0.0611701 0.0692814 0.0541407 0.0509498 0.0794776 0.0856165 0.0778153 
Potoroidae_Bettongia_lesueur                 0.0525585 0.0817693 0.0510264 0.0033665 0.0000000 0.0872671 0.0495018 0.0545425 0.0124828 0.0797973 0.0547188 0.0839696 0.0821776 0.0622246 0.0576074 0.0829884 0.0852688 0.0826306 0.0794068 0.0195094 0.0676295 0.0611765 0.0681050 0.0815461 0.0385292 0.0719258 0.0578708 0.0203922 0.0617385 0.0688376 0.0541036 0.0507295 0.0816427 0.0862375 0.0796400 
Dasyuridae_Dasyurus_maculatus                0.0777376 0.0948736 0.0740808 0.0858196 0.0872671 0.0000000 0.0804504 0.0835720 0.0823832 0.0902198 0.0821403 0.0205455 0.0247251 0.0936185 0.0853036 0.0200602 0.0077918 0.0260089 0.0916387 0.0818728 0.0926071 0.0638521 0.0689080 0.0206094 0.0876449 0.0851566 0.0874626 0.0818260 0.0924875 0.0995823 0.0833620 0.0797962 0.0920841 0.0072775 0.0906145 
Phalangeridae_Trichosurus_vulpecula          0.0419895 0.0770588 0.0456889 0.0493548 0.0495018 0.0804504 0.0000000 0.0216405 0.0490751 0.0749079 0.0218484 0.0767532 0.0758135 0.0287188 0.0480126 0.0773983 0.0788261 0.0778425 0.0734929 0.0452566 0.0586280 0.0519388 0.0551628 0.0777774 0.0520830 0.0617919 0.0480684 0.0481533 0.0547118 0.0583892 0.0474078 0.0178756 0.0774905 0.0805196 0.0748098 
Phalangeridae_Spilocuscus_maculatus          0.0458382 0.0812244 0.0496843 0.0540286 0.0545425 0.0835720 0.0216405 0.0000000 0.0523582 0.0774027 0.0174285 0.0818138 0.0795635 0.0229260 0.0526209 0.0818559 0.0823457 0.0812125 0.0758750 0.0497190 0.0606925 0.0495148 0.0540180 0.0812345 0.0545112 0.0641324 0.0517437 0.0530041 0.0572766 0.0612794 0.0508939 0.0126305 0.0778692 0.0833712 0.0769702 
Potoroidae_Aepyprymnus_rufescens             0.0509843 0.0781612 0.0497935 0.0115354 0.0124828 0.0823832 0.0490751 0.0523582 0.0000000 0.0787161 0.0517849 0.0803756 0.0786008 0.0605271 0.0553772 0.0794013 0.0809358 0.0798644 0.0786482 0.0167721 0.0637716 0.0569499 0.0638203 0.0781326 0.0370327 0.0694284 0.0558291 0.0186218 0.0586259 0.0667671 0.0522992 0.0485885 0.0796405 0.0815857 0.0784748 
Peramelidae_Perameles_nasuta                 0.0702383 0.0848208 0.0691118 0.0781448 0.0797973 0.0902198 0.0749079 0.0774027 0.0787161 0.0000000 0.0772371 0.0895081 0.0884912 0.0870600 0.0730600 0.0897863 0.0896697 0.0897042 0.0116493 0.0741082 0.0868014 0.0618777 0.0669975 0.0881114 0.0797510 0.0768095 0.0754579 0.0738805 0.0830751 0.0892947 0.0688048 0.0718689 0.0120015 0.0913849 0.0004746 
Phalangeridae_Strigocuscus_pelengensis       0.0451517 0.0799720 0.0488274 0.0545721 0.0547188 0.0821403 0.0218484 0.0174285 0.0517849 0.0772371 0.0000000 0.0789219 0.0768972 0.0224141 0.0519391 0.0794023 0.0805130 0.0797628 0.0767857 0.0505098 0.0625982 0.0528968 0.0559879 0.0780404 0.0547969 0.0636809 0.0532666 0.0528857 0.0574806 0.0614125 0.0483661 0.0122473 0.0792064 0.0817632 0.0778735 
Dasyuridae_Phascogale_tapoatafa              0.0769745 0.0927023 0.0724580 0.0837624 0.0839696 0.0205455 0.0767532 0.0818138 0.0803756 0.0895081 0.0789219 0.0000000 0.0240112 0.0894396 0.0822115 0.0029125 0.0206375 0.0249201 0.0903330 0.0802549 0.0885945 0.0624860 0.0675657 0.0090126 0.0832954 0.0852863 0.0831388 0.0804076 0.0885982 0.0978444 0.0813845 0.0766566 0.0900451 0.0207110 0.0899438 
Dasyuridae_Sminthopsis_macroura              0.0737505 0.0876689 0.0703448 0.0819718 0.0821776 0.0247251 0.0758135 0.0795635 0.0786008 0.0884912 0.0768972 0.0240112 0.0000000 0.0883569 0.0811627 0.0235216 0.0246686 0.0151597 0.0895846 0.0775425 0.0893332 0.0616211 0.0684899 0.0245705 0.0834236 0.0824361 0.0837308 0.0784289 0.0860903 0.0942063 0.0798762 0.0745731 0.0901363 0.0242243 0.0887784 
Phalangeridae_Phalanger_orientalis           0.0499900 0.0878316 0.0559580 0.0624658 0.0622246 0.0936185 0.0287188 0.0229260 0.0605271 0.0870600 0.0224141 0.0894396 0.0883569 0.0000000 0.0605544 0.0899140 0.0926352 0.0913090 0.0860858 0.0581176 0.0702380 0.0763336 0.0806134 0.0894018 0.0605796 0.0725377 0.0600211 0.0613873 0.0617734 0.0674495 0.0585759 0.0129762 0.0891772 0.0939392 0.0863807 
Acrobatidae_Acrobates_pygmaeus               0.0489132 0.0792195 0.0520146 0.0574593 0.0576074 0.0853036 0.0480126 0.0526209 0.0553772 0.0730600 0.0519391 0.0822115 0.0811627 0.0605544 0.0000000 0.0820466 0.0825687 0.0829781 0.0734442 0.0511299 0.0567817 0.0580606 0.0598264 0.0816481 0.0568710 0.0707117 0.0466464 0.0516744 0.0532634 0.0572596 0.0269357 0.0491431 0.0741324 0.0851704 0.0729899 
Dasyuridae_Phascogale_calura                 0.0760049 0.0932133 0.0724919 0.0827817 0.0829884 0.0200602 0.0773983 0.0818559 0.0794013 0.0897863 0.0794023 0.0029125 0.0235216 0.0899140 0.0820466 0.0000000 0.0199842 0.0245980 0.0905906 0.0792822 0.0880124 0.0606794 0.0666363 0.0085430 0.0829267 0.0861841 0.0823644 0.0794306 0.0875608 0.0976822 0.0804054 0.0770988 0.0907997 0.0200603 0.0902010 
Dasyuridae_Sarcophilus_harrisii              0.0763713 0.0932773 0.0728774 0.0846465 0.0852688 0.0077918 0.0788261 0.0823457 0.0809358 0.0896697 0.0805130 0.0206375 0.0246686 0.0926352 0.0825687 0.0199842 0.0000000 0.0252864 0.0915454 0.0813097 0.0905466 0.0648789 0.0686459 0.0210267 0.0848052 0.0851394 0.0857453 0.0806421 0.0886890 0.0975300 0.0814203 0.0785858 0.0914604 0.0081082 0.0894591 
Dasyuridae_Planigale_tenuirostris            0.0769039 0.0904099 0.0721200 0.0819958 0.0826306 0.0260089 0.0778425 0.0812125 0.0798644 0.0897042 0.0797628 0.0249201 0.0151597 0.0913090 0.0829781 0.0245980 0.0252864 0.0000000 0.0908203 0.0785635 0.0926004 0.0590170 0.0647194 0.0242503 0.0861891 0.0850945 0.0854558 0.0790658 0.0894094 0.0955541 0.0815670 0.0773751 0.0919494 0.0261928 0.0902298 
Peramelidae_Echymipera_kalubu                0.0686038 0.0843088 0.0687306 0.0779885 0.0794068 0.0916387 0.0734929 0.0758750 0.0786482 0.0116493 0.0767857 0.0903330 0.0895846 0.0860858 0.0734442 0.0905906 0.0915454 0.0908203 0.0000000 0.0745397 0.0881708 0.0638397 0.0685678 0.0898286 0.0789332 0.0774576 0.0766451 0.0750093 0.0870866 0.0872152 0.0682335 0.0711179 0.0102308 0.0930012 0.0118605 
Macropodidae_Dorcopsulus_vanheurni           0.0489554 0.0767067 0.0466411 0.0188664 0.0195094 0.0818728 0.0452566 0.0497190 0.0167721 0.0741082 0.0505098 0.0802549 0.0775425 0.0581176 0.0511299 0.0792822 0.0813097 0.0785635 0.0745397 0.0000000 0.0630024 0.0557007 0.0595038 0.0778937 0.0326102 0.0679542 0.0522568 0.0082194 0.0565960 0.0646394 0.0493277 0.0471795 0.0762366 0.0819429 0.0745659 
Pseudochiridae_Pseudochirulus_forbesi        0.0575622 0.0884665 0.0599952 0.0670954 0.0676295 0.0926071 0.0586280 0.0606925 0.0637716 0.0868014 0.0625982 0.0885945 0.0893332 0.0702380 0.0567817 0.0880124 0.0905466 0.0926004 0.0881708 0.0630024 0.0000000 0.0756955 0.0808693 0.0894054 0.0666170 0.0751397 0.0378357 0.0647391 0.0224891 0.0622035 0.0549094 0.0578318 0.0893573 0.0918409 0.0873621 
Didelphidae_Didelphis_virginiana             0.0587610 0.0664877 0.0512865 0.0585009 0.0611765 0.0638521 0.0519388 0.0495148 0.0569499 0.0618777 0.0528968 0.0624860 0.0616211 0.0763336 0.0580606 0.0606794 0.0648789 0.0590170 0.0638397 0.0557007 0.0756955 0.0000000 0.0252080 0.0595006 0.0582481 0.0607283 0.0600643 0.0572384 0.0802330 0.0683320 0.0575437 0.0499301 0.0649093 0.0648025 0.0635977 
Marmosidae_Monodelphis_domestica             0.0635123 0.0710552 0.0567537 0.0649344 0.0681050 0.0689080 0.0551628 0.0540180 0.0638203 0.0669975 0.0559879 0.0675657 0.0684899 0.0806134 0.0598264 0.0666363 0.0686459 0.0647194 0.0685678 0.0595038 0.0808693 0.0252080 0.0000000 0.0659789 0.0674218 0.0679871 0.0663872 0.0606743 0.0846007 0.0718609 0.0593769 0.0535480 0.0673079 0.0713412 0.0683379 
Dasyuridae_Antechinus_stuartii               0.0757782 0.0921781 0.0719022 0.0817501 0.0815461 0.0206094 0.0777774 0.0812345 0.0781326 0.0881114 0.0780404 0.0090126 0.0245705 0.0894018 0.0816481 0.0085430 0.0210267 0.0242503 0.0898286 0.0778937 0.0894054 0.0595006 0.0659789 0.0000000 0.0823756 0.0863215 0.0818952 0.0780361 0.0878731 0.0965721 0.0802519 0.0766748 0.0899769 0.0207755 0.0885723 
Hypsiprymnodontidae_Hypsiprymnodon_moschatus 0.0520430 0.0832090 0.0511180 0.0389072 0.0385292 0.0876449 0.0520830 0.0545112 0.0370327 0.0797510 0.0547969 0.0832954 0.0834236 0.0605796 0.0568710 0.0829267 0.0848052 0.0861891 0.0789332 0.0326102 0.0666170 0.0582481 0.0674218 0.0823756 0.0000000 0.0707834 0.0564099 0.0347627 0.0622701 0.0689699 0.0544201 0.0502617 0.0812998 0.0868855 0.0795696 
Microbiotheriidae_Dromiciops_gliroides       0.0633536 0.0787071 0.0598740 0.0717234 0.0719258 0.0851566 0.0617919 0.0641324 0.0694284 0.0768095 0.0636809 0.0852863 0.0824361 0.0725377 0.0707117 0.0861841 0.0851394 0.0850945 0.0774576 0.0679542 0.0751397 0.0607283 0.0679871 0.0863215 0.0707834 0.0000000 0.0661165 0.0697506 0.0741930 0.0798149 0.0668080 0.0592494 0.0799015 0.0868296 0.0758271 
Pseudochiridae_Petauroides_volans            0.0485273 0.0792745 0.0486190 0.0582909 0.0578708 0.0874626 0.0480684 0.0517437 0.0558291 0.0754579 0.0532666 0.0831388 0.0837308 0.0600211 0.0466464 0.0823644 0.0857453 0.0854558 0.0766451 0.0522568 0.0378357 0.0600643 0.0663872 0.0818952 0.0564099 0.0661165 0.0000000 0.0546753 0.0328655 0.0544810 0.0460000 0.0486111 0.0769335 0.0882138 0.0762647 
Macropodidae_Wallabia_bicolor                0.0498481 0.0757713 0.0467658 0.0197460 0.0203922 0.0818260 0.0481533 0.0530041 0.0186218 0.0738805 0.0528857 0.0804076 0.0784289 0.0613873 0.0516744 0.0794306 0.0806421 0.0790658 0.0750093 0.0082194 0.0647391 0.0572384 0.0606743 0.0780361 0.0347627 0.0697506 0.0546753 0.0000000 0.0577935 0.0652530 0.0505473 0.0493444 0.0755386 0.0818958 0.0744363 
Pseudochiridae_Pseudocheirus_occidentalis    0.0536708 0.0852700 0.0565495 0.0611701 0.0617385 0.0924875 0.0547118 0.0572766 0.0586259 0.0830751 0.0574806 0.0885982 0.0860903 0.0617734 0.0532634 0.0875608 0.0886890 0.0894094 0.0870866 0.0565960 0.0224891 0.0802330 0.0846007 0.0878731 0.0622701 0.0741930 0.0328655 0.0577935 0.0000000 0.0588357 0.0537941 0.0522587 0.0846657 0.0905463 0.0852320 
Tarsipedidae_Tarsipes_rostratus              0.0630635 0.0908946 0.0621292 0.0692814 0.0688376 0.0995823 0.0583892 0.0612794 0.0667671 0.0892947 0.0614125 0.0978444 0.0942063 0.0674495 0.0572596 0.0976822 0.0975300 0.0955541 0.0872152 0.0646394 0.0622035 0.0683320 0.0718609 0.0965721 0.0689699 0.0798149 0.0544810 0.0652530 0.0588357 0.0000000 0.0529527 0.0557842 0.0922453 0.0994349 0.0884320 
Acrobatidae_Distoechurus_pennatus            0.0444575 0.0768928 0.0480524 0.0541407 0.0541036 0.0833620 0.0474078 0.0508939 0.0522992 0.0688048 0.0483661 0.0813845 0.0798762 0.0585759 0.0269357 0.0804054 0.0814203 0.0815670 0.0682335 0.0493277 0.0549094 0.0575437 0.0593769 0.0802519 0.0544201 0.0668080 0.0460000 0.0505473 0.0537941 0.0529527 0.0000000 0.0468924 0.0688344 0.0834996 0.0688428 
Phalangeridae_Phalanger_carmelitae           0.0407818 0.0761208 0.0451482 0.0509498 0.0507295 0.0797962 0.0178756 0.0126305 0.0485885 0.0718689 0.0122473 0.0766566 0.0745731 0.0129762 0.0491431 0.0770988 0.0785858 0.0773751 0.0711179 0.0471795 0.0578318 0.0499301 0.0535480 0.0766748 0.0502617 0.0592494 0.0486111 0.0493444 0.0522587 0.0557842 0.0468924 0.0000000 0.0735079 0.0800665 0.0717980 
Peramelidae_Peroryctes_raffrayana            0.0705521 0.0871982 0.0708351 0.0794776 0.0816427 0.0920841 0.0774905 0.0778692 0.0796405 0.0120015 0.0792064 0.0900451 0.0901363 0.0891772 0.0741324 0.0907997 0.0914604 0.0919494 0.0102308 0.0762366 0.0893573 0.0649093 0.0673079 0.0899769 0.0812998 0.0799015 0.0769335 0.0755386 0.0846657 0.0922453 0.0688344 0.0735079 0.0000000 0.0930838 0.0117693 
Dasyuridae_Dasyurus_geffroii                 0.0782412 0.0938628 0.0749561 0.0856165 0.0862375 0.0072775 0.0805196 0.0833712 0.0815857 0.0913849 0.0817632 0.0207110 0.0242243 0.0939392 0.0851704 0.0200603 0.0081082 0.0261928 0.0930012 0.0819429 0.0918409 0.0648025 0.0713412 0.0207755 0.0868855 0.0868296 0.0882138 0.0818958 0.0905463 0.0994349 0.0834996 0.0800665 0.0930838 0.0000000 0.0915511 
Peramelidae_Perameles_gunnii                 0.0694193 0.0847384 0.0693451 0.0778153 0.0796400 0.0906145 0.0748098 0.0769702 0.0784748 0.0004746 0.0778735 0.0899438 0.0887784 0.0863807 0.0729899 0.0902010 0.0894591 0.0902298 0.0118605 0.0745659 0.0873621 0.0635977 0.0683379 0.0885723 0.0795696 0.0758271 0.0762647 0.0744363 0.0852320 0.0884320 0.0688428 0.0717980 0.0117693 0.0915511 0.0000000 
