35
Burramyidae_Burramys_parvus                  0.0000000 0.0796436 0.0625501 0.0652057 0.0686769 0.0821606 0.0761347 0.0646817 0.0600658 0.0833404 0.0792862 0.0826526 0.0722651 0.0825176 0.0506353 0.0762592 0.0767519 0.0797186 0.0669028 0.0613022 0.0633344 0.0793012 0.0798875 0.0734690 0.0554774 0.0762645 0.0537091 0.0591056 0.0655295 0.0812147 0.0492060 0.0796040 0.0963564 0.0788148 0.0773503 
Notoryctidae_Notoryctes_typhlops             0.0796436 0.0000000 0.0862194 0.0917243 0.0930608 0.1051383 0.1043811 0.0989974 0.0899370 0.0982135 0.1149401 0.0958310 0.0941875 0.1204242 0.0854801 0.0951578 0.1017694 0.0983370 0.1034244 0.0875143 0.1035811 0.1100958 0.1130969 0.0961224 0.0766798 0.0873158 0.0927660 0.0902476 0.0918616 0.1225152 0.0858277 0.1169407 0.1207515 0.1029855 0.1142189 
Vombatidae_Lasiorhinus_latifrons             0.0625501 0.0862194 0.0000000 0.0661404 0.0695853 0.0903600 0.0774699 0.0659295 0.0604645 0.0845217 0.0906262 0.0722416 0.0801825 0.0921297 0.0629250 0.0827320 0.0856899 0.0886858 0.0849277 0.0594429 0.0820479 0.0918581 0.0918892 0.0799111 0.0662720 0.0819458 0.0651085 0.0646899 0.0887650 0.0962343 0.0623533 0.0885768 0.0900143 0.0876075 0.0961053 
Potoroidae_Bettongia_penicillata             0.0652057 0.0917243 0.0661404 0.0000000 0.0089833 0.1022016 0.0786407 0.0737642 0.0183696 0.1006376 0.0931639 0.0878672 0.0924480 0.0944830 0.0644297 0.0955093 0.0993868 0.0989498 0.0889365 0.0267675 0.0873330 0.0985580 0.1010620 0.0945598 0.0455565 0.0934238 0.0685128 0.0283805 0.0872049 0.1017222 0.0656852 0.0902615 0.1017247 0.1000035 0.0988656 
Potoroidae_Bettongia_lesueur                 0.0686769 0.0930608 0.0695853 0.0089833 0.0000000 0.1034316 0.0761612 0.0807553 0.0220606 0.1035067 0.0983877 0.0847759 0.0923076 0.0999105 0.0666133 0.0984394 0.1012708 0.1001886 0.0880197 0.0300625 0.0893819 0.1014556 0.1046385 0.0945118 0.0484870 0.0915441 0.0731741 0.0325300 0.0907802 0.1069024 0.0697396 0.0961499 0.1016642 0.1018746 0.0986094 
Dasyuridae_Dasyurus_maculatus                0.0821606 0.1051383 0.0903600 0.1022016 0.1034316 0.0000000 0.1085360 0.1128855 0.0971974 0.1142497 0.1155135 0.0283987 0.0271682 0.1186815 0.0879898 0.0321373 0.0064094 0.0281452 0.0922093 0.0987986 0.1044830 0.1043801 0.1068204 0.0220825 0.0882395 0.0966008 0.0940623 0.1012968 0.1171617 0.1206715 0.0919238 0.1153041 0.1099951 0.0048572 0.1013197 
Phalangeridae_Trichosurus_vulpecula          0.0761347 0.1043811 0.0774699 0.0786407 0.0761612 0.1085360 0.0000000 0.0487667 0.0761372 0.0947986 0.0471479 0.0749709 0.0966114 0.0458599 0.0707144 0.1055947 0.1043221 0.0999850 0.0961819 0.0772290 0.0962824 0.1061093 0.1081497 0.0997709 0.0756652 0.0905412 0.0775856 0.0796342 0.1056601 0.1090441 0.0778298 0.0423349 0.0976223 0.1069606 0.1065537 
Phalangeridae_Spilocuscus_maculatus          0.0646817 0.0989974 0.0659295 0.0737642 0.0807553 0.1128855 0.0487667 0.0000000 0.0711810 0.1058828 0.0158808 0.1073470 0.1040078 0.0128532 0.0762682 0.1088504 0.1084920 0.1043399 0.0917345 0.0717132 0.0928506 0.0937155 0.1069890 0.1030524 0.0783213 0.1031182 0.0739759 0.0714617 0.0976193 0.0862227 0.0732262 0.0121993 0.1113590 0.1084565 0.1030429 
Potoroidae_Aepyprymnus_rufescens             0.0600658 0.0899370 0.0604645 0.0183696 0.0220606 0.0971974 0.0761372 0.0711810 0.0000000 0.1039339 0.0899038 0.0818730 0.0849138 0.0909719 0.0622948 0.0869814 0.0930375 0.0930945 0.0849729 0.0257065 0.0818342 0.0997729 0.1022152 0.0880154 0.0477145 0.0926101 0.0658818 0.0268396 0.0890418 0.0978194 0.0655211 0.0865856 0.0947333 0.0930271 0.0932740 
Peramelidae_Perameles_nasuta                 0.0833404 0.0982135 0.0845217 0.1006376 0.1035067 0.1142497 0.0947986 0.1058828 0.1039339 0.0000000 0.0986523 0.1112893 0.1078943 0.1050415 0.0818946 0.1048086 0.1121827 0.1109682 0.0240152 0.0975885 0.1102131 0.1092602 0.1087552 0.1012810 0.0976729 0.0882089 0.0954797 0.0962722 0.1205161 0.1290038 0.0920328 0.1008873 0.0493843 0.1130431 0.0271939 
Phalangeridae_Strigocuscus_pelengensis       0.0792862 0.1149401 0.0906262 0.0931639 0.0983877 0.1155135 0.0471479 0.0158808 0.0899038 0.0986523 0.0000000 0.0956300 0.1087316 0.0163169 0.0849827 0.1095888 0.1084181 0.1049592 0.0981730 0.0924802 0.1097334 0.1064239 0.1171517 0.1079791 0.0902087 0.1124906 0.0891232 0.0952555 0.1315157 0.1131660 0.0922995 0.0147285 0.0983732 0.1118516 0.1078817 
Dasyuridae_Phascogale_tapoatafa              0.0826526 0.0958310 0.0722416 0.0878672 0.0847759 0.0283987 0.0749709 0.1073470 0.0818730 0.1112893 0.0956300 0.0000000 0.0252104 0.0965635 0.0858496 0.0220958 0.0253513 0.0350169 0.0893378 0.0871047 0.1011147 0.1066728 0.1139047 0.0166292 0.0819409 0.0992359 0.0931619 0.0870969 0.1231211 0.1120289 0.0862661 0.0945828 0.1067541 0.0258894 0.0992652 
Dasyuridae_Sminthopsis_macroura              0.0722651 0.0941875 0.0801825 0.0924480 0.0923076 0.0271682 0.0966114 0.1040078 0.0849138 0.1078943 0.1087316 0.0252104 0.0000000 0.1139572 0.0778617 0.0336376 0.0253674 0.0256055 0.0858239 0.0868195 0.0938699 0.0990367 0.1030532 0.0236024 0.0776062 0.0864267 0.0795975 0.0902114 0.1028209 0.1086998 0.0774622 0.1106553 0.1070231 0.0250361 0.0975353 
Phalangeridae_Phalanger_orientalis           0.0825176 0.1204242 0.0921297 0.0944830 0.0999105 0.1186815 0.0458599 0.0128532 0.0909719 0.1050415 0.0163169 0.0965635 0.1139572 0.0000000 0.0864706 0.1159546 0.1117008 0.1119328 0.1042849 0.0913980 0.1099427 0.1080961 0.1172265 0.1116745 0.0933262 0.1153672 0.0932486 0.0947610 0.1320263 0.1137662 0.0945999 0.0033951 0.1037174 0.1149905 0.1140953 
Acrobatidae_Acrobates_pygmaeus               0.0506353 0.0854801 0.0629250 0.0644297 0.0666133 0.0879898 0.0707144 0.0762682 0.0622948 0.0818946 0.0849827 0.0858496 0.0778617 0.0864706 0.0000000 0.0805713 0.0850519 0.0890344 0.0696781 0.0606501 0.0589043 0.0825728 0.0904515 0.0762794 0.0523330 0.0705569 0.0452813 0.0642656 0.0480261 0.0709973 0.0296970 0.0822355 0.0903999 0.0866244 0.0821423 
Dasyuridae_Phascogale_calura                 0.0762592 0.0951578 0.0827320 0.0955093 0.0984394 0.0321373 0.1055947 0.1088504 0.0869814 0.1048086 0.1095888 0.0220958 0.0336376 0.1159546 0.0805713 0.0000000 0.0291389 0.0410602 0.0925276 0.0871603 0.0967624 0.1059193 0.1140405 0.0193720 0.0794135 0.0901980 0.0846570 0.0906907 0.1067411 0.1151024 0.0818313 0.1125882 0.1128748 0.0298799 0.1021152 
Dasyuridae_Sarcophilus_harrisii              0.0767519 0.1017694 0.0856899 0.0993868 0.1012708 0.0064094 0.1043221 0.1084920 0.0930375 0.1121827 0.1084181 0.0253513 0.0253674 0.1117008 0.0850519 0.0291389 0.0000000 0.0282214 0.0913168 0.0945781 0.1017219 0.1008542 0.1066895 0.0202199 0.0848728 0.0942055 0.0893737 0.0959296 0.1133836 0.1138269 0.0872168 0.1083802 0.1076980 0.0049108 0.0983125 
Dasyuridae_Planigale_tenuirostris            0.0797186 0.0983370 0.0886858 0.0989498 0.1001886 0.0281452 0.0999850 0.1043399 0.0930945 0.1109682 0.1049592 0.0350169 0.0256055 0.1119328 0.0890344 0.0410602 0.0282214 0.0000000 0.0862201 0.0959129 0.1061704 0.0966077 0.1060679 0.0315023 0.0859777 0.1019630 0.0893580 0.0992870 0.1308091 0.1079713 0.0861572 0.1083170 0.1066895 0.0256735 0.0984356 
Peramelidae_Echymipera_kalubu                0.0669028 0.1034244 0.0849277 0.0889365 0.0880197 0.0922093 0.0961819 0.0917345 0.0849729 0.0240152 0.0981730 0.0893378 0.0858239 0.1042849 0.0696781 0.0925276 0.0913168 0.0862201 0.0000000 0.0823960 0.0893583 0.0902280 0.0904644 0.0861754 0.0748308 0.0710328 0.0825100 0.0865811 0.0854327 0.1064408 0.0774463 0.1039273 0.0408905 0.0914353 0.0319268 
Macropodidae_Dorcopsulus_vanheurni           0.0613022 0.0875143 0.0594429 0.0267675 0.0300625 0.0987986 0.0772290 0.0717132 0.0257065 0.0975885 0.0924802 0.0871047 0.0868195 0.0913980 0.0606501 0.0871603 0.0945781 0.0959129 0.0823960 0.0000000 0.0849523 0.0942770 0.0955625 0.0904709 0.0460769 0.0895333 0.0674365 0.0170113 0.0774688 0.1015914 0.0633417 0.0877581 0.0907270 0.0945481 0.0922453 
Pseudochiridae_Pseudochirulus_forbesi        0.0633344 0.1035811 0.0820479 0.0873330 0.0893819 0.1044830 0.0962824 0.0928506 0.0818342 0.1102131 0.1097334 0.1011147 0.0938699 0.1099427 0.0589043 0.0967624 0.1017219 0.1061704 0.0893583 0.0849523 0.0000000 0.1008945 0.1064820 0.0960014 0.0715620 0.0977221 0.0378089 0.0818910 0.0137889 0.0792358 0.0553214 0.1061138 0.1021667 0.1028914 0.1020200 
Didelphidae_Didelphis_virginiana             0.0793012 0.1100958 0.0918581 0.0985580 0.1014556 0.1043801 0.1061093 0.0937155 0.0997729 0.1092602 0.1064239 0.1066728 0.0990367 0.1080961 0.0825728 0.1059193 0.1008542 0.0966077 0.0902280 0.0942770 0.1008945 0.0000000 0.0417936 0.0939043 0.0858935 0.0982725 0.0886802 0.0943142 0.1124144 0.1000606 0.0871369 0.1057338 0.1159430 0.1015522 0.1008605 
Marmosidae_Monodelphis_domestica             0.0798875 0.1130969 0.0918892 0.1010620 0.1046385 0.1068204 0.1081497 0.1069890 0.1022152 0.1087552 0.1171517 0.1139047 0.1030532 0.1172265 0.0904515 0.1140405 0.1066895 0.1060679 0.0904644 0.0955625 0.1064820 0.0417936 0.0000000 0.1070965 0.0911622 0.1014444 0.0932017 0.0956566 0.1177853 0.1042320 0.0939788 0.1153126 0.1181415 0.1085917 0.1009292 
Dasyuridae_Antechinus_stuartii               0.0734690 0.0961224 0.0799111 0.0945598 0.0945118 0.0220825 0.0997709 0.1030524 0.0880154 0.1012810 0.1079791 0.0166292 0.0236024 0.1116745 0.0762794 0.0193720 0.0202199 0.0315023 0.0861754 0.0904709 0.0960014 0.0939043 0.1070965 0.0000000 0.0787554 0.0861023 0.0825808 0.0922592 0.1091507 0.1071950 0.0781505 0.1083972 0.1036970 0.0215391 0.0947422 
Hypsiprymnodontidae_Hypsiprymnodon_moschatus 0.0554774 0.0766798 0.0662720 0.0455565 0.0484870 0.0882395 0.0756652 0.0783213 0.0477145 0.0976729 0.0902087 0.0819409 0.0776062 0.0933262 0.0523330 0.0794135 0.0848728 0.0859777 0.0748308 0.0460769 0.0715620 0.0858935 0.0911622 0.0787554 0.0000000 0.0780104 0.0559355 0.0470767 0.0742799 0.0838164 0.0514227 0.0902693 0.1007208 0.0842739 0.0848026 
Microbiotheriidae_Dromiciops_gliroides       0.0762645 0.0873158 0.0819458 0.0934238 0.0915441 0.0966008 0.0905412 0.1031182 0.0926101 0.0882089 0.1124906 0.0992359 0.0864267 0.1153672 0.0705569 0.0901980 0.0942055 0.1019630 0.0710328 0.0895333 0.0977221 0.0982725 0.1014444 0.0861023 0.0780104 0.0000000 0.0801764 0.0913214 0.1009460 0.1136057 0.0769185 0.1119856 0.0938610 0.0965803 0.0823326 
Pseudochiridae_Petauroides_volans            0.0537091 0.0927660 0.0651085 0.0685128 0.0731741 0.0940623 0.0775856 0.0739759 0.0658818 0.0954797 0.0891232 0.0931619 0.0795975 0.0932486 0.0452813 0.0846570 0.0893737 0.0893580 0.0825100 0.0674365 0.0378089 0.0886802 0.0932017 0.0825808 0.0559355 0.0801764 0.0000000 0.0658722 0.0293310 0.0702104 0.0461270 0.0909158 0.0933427 0.0913000 0.0920226 
Macropodidae_Wallabia_bicolor                0.0591056 0.0902476 0.0646899 0.0283805 0.0325300 0.1012968 0.0796342 0.0714617 0.0268396 0.0962722 0.0952555 0.0870969 0.0902114 0.0947610 0.0642656 0.0906907 0.0959296 0.0992870 0.0865811 0.0170113 0.0818910 0.0943142 0.0956566 0.0922592 0.0470767 0.0913214 0.0658722 0.0000000 0.0752310 0.0971630 0.0649555 0.0904913 0.0928535 0.0971681 0.0977507 
Pseudochiridae_Pseudocheirus_occidentalis    0.0655295 0.0918616 0.0887650 0.0872049 0.0907802 0.1171617 0.1056601 0.0976193 0.0890418 0.1205161 0.1315157 0.1231211 0.1028209 0.1320263 0.0480261 0.1067411 0.1133836 0.1308091 0.0854327 0.0774688 0.0137889 0.1124144 0.1177853 0.1091507 0.0742799 0.1009460 0.0293310 0.0752310 0.0000000 0.0872878 0.0475385 0.1277338 0.0967401 0.1166317 0.1091474 
Tarsipedidae_Tarsipes_rostratus              0.0812147 0.1225152 0.0962343 0.1017222 0.1069024 0.1206715 0.1090441 0.0862227 0.0978194 0.1290038 0.1131660 0.1120289 0.1086998 0.1137662 0.0709973 0.1151024 0.1138269 0.1079713 0.1064408 0.1015914 0.0792358 0.1000606 0.1042320 0.1071950 0.0838164 0.1136057 0.0702104 0.0971630 0.0872878 0.0000000 0.0732186 0.1106382 0.1242821 0.1169419 0.1206692 
Acrobatidae_Distoechurus_pennatus            0.0492060 0.0858277 0.0623533 0.0656852 0.0697396 0.0919238 0.0778298 0.0732262 0.0655211 0.0920328 0.0922995 0.0862661 0.0774622 0.0945999 0.0296970 0.0818313 0.0872168 0.0861572 0.0774463 0.0633417 0.0553214 0.0871369 0.0939788 0.0781505 0.0514227 0.0769185 0.0461270 0.0649555 0.0475385 0.0732186 0.0000000 0.0896859 0.0928304 0.0885380 0.0875083 
Phalangeridae_Phalanger_carmelitae           0.0796040 0.1169407 0.0885768 0.0902615 0.0961499 0.1153041 0.0423349 0.0121993 0.0865856 0.1008873 0.0147285 0.0945828 0.1106553 0.0033951 0.0822355 0.1125882 0.1083802 0.1083170 0.1039273 0.0877581 0.1061138 0.1057338 0.1153126 0.1083972 0.0902693 0.1119856 0.0909158 0.0904913 0.1277338 0.1106382 0.0896859 0.0000000 0.1022100 0.1116661 0.1128736 
Peramelidae_Peroryctes_raffrayana            0.0963564 0.1207515 0.0900143 0.1017247 0.1016642 0.1099951 0.0976223 0.1113590 0.0947333 0.0493843 0.0983732 0.1067541 0.1070231 0.1037174 0.0903999 0.1128748 0.1076980 0.1066895 0.0408905 0.0907270 0.1021667 0.1159430 0.1181415 0.1036970 0.1007208 0.0938610 0.0933427 0.0928535 0.0967401 0.1242821 0.0928304 0.1022100 0.0000000 0.1073812 0.0646234 
Dasyuridae_Dasyurus_geffroii                 0.0788148 0.1029855 0.0876075 0.1000035 0.1018746 0.0048572 0.1069606 0.1084565 0.0930271 0.1130431 0.1118516 0.0258894 0.0250361 0.1149905 0.0866244 0.0298799 0.0049108 0.0256735 0.0914353 0.0945481 0.1028914 0.1015522 0.1085917 0.0215391 0.0842739 0.0965803 0.0913000 0.0971681 0.1166317 0.1169419 0.0885380 0.1116661 0.1073812 0.0000000 0.1005114 
Peramelidae_Perameles_gunnii                 0.0773503 0.1142189 0.0961053 0.0988656 0.0986094 0.1013197 0.1065537 0.1030429 0.0932740 0.0271939 0.1078817 0.0992652 0.0975353 0.1140953 0.0821423 0.1021152 0.0983125 0.0984356 0.0319268 0.0922453 0.1020200 0.1008605 0.1009292 0.0947422 0.0848026 0.0823326 0.0920226 0.0977507 0.1091474 0.1206692 0.0875083 0.1128736 0.0646234 0.1005114 0.0000000 
