35
Burramyidae_Burramys_parvus                  0.0000000 0.1093857 0.0605519 0.0632311 0.0633518 0.0945356 0.0452464 0.0545485 0.0636330 0.0552615 0.0925269 0.1011683 0.0561489 0.0709191 0.0962235 0.0898454 0.1091959 0.0616532 0.0946067 0.1767556 0.1239532 0.0929167 0.0678154 0.0957729 0.0780063 0.0694166 0.0778212 0.1262755 0.0740844 0.0568755 0.0952797 0.1176962 0.0967235 0.0641575 0.0865358 
Notoryctidae_Notoryctes_typhlops             0.1093857 0.0000000 0.1025754 0.1102722 0.1114616 0.1199867 0.0895859 0.0937011 0.1097077 0.0978509 0.1138550 0.1237211 0.0961412 0.1205616 0.1230537 0.1125055 0.1375454 0.1130454 0.1392918 0.2511715 0.1679502 0.1140915 0.1097901 0.1173894 0.1205163 0.1247566 0.1141944 0.1710015 0.1232092 0.0978982 0.1204461 0.1460545 0.1234145 0.0860746 0.1102317 
Vombatidae_Lasiorhinus_latifrons             0.0605519 0.1025754 0.0000000 0.0624010 0.0629678 0.0885812 0.0564237 0.0608924 0.0606317 0.0606651 0.0834375 0.0953079 0.0610534 0.0661885 0.0905661 0.0854595 0.1056140 0.0653422 0.0898824 0.1717757 0.1196338 0.0856150 0.0690564 0.0808145 0.0727293 0.0736684 0.0732728 0.1160655 0.0669542 0.0633397 0.0880135 0.1153900 0.0982656 0.0609304 0.0846080 
Potoroidae_Bettongia_penicillata             0.0632311 0.1102722 0.0624010 0.0000000 0.0034974 0.1009225 0.0606782 0.0679511 0.0086660 0.0679806 0.0967592 0.1060814 0.0684671 0.0723449 0.1032042 0.0958034 0.1102014 0.0212284 0.0852354 0.1890183 0.1315023 0.0950009 0.0386781 0.0899735 0.0728673 0.0258289 0.0722869 0.1121734 0.0724907 0.0693618 0.1006831 0.1199237 0.1029663 0.0721951 0.0910373 
Potoroidae_Bettongia_lesueur                 0.0633518 0.1114616 0.0629678 0.0034974 0.0000000 0.1012689 0.0610950 0.0680164 0.0109895 0.0684858 0.0975463 0.1059759 0.0689702 0.0733082 0.1035584 0.0966402 0.1105605 0.0226426 0.0866836 0.1890756 0.1331524 0.0957597 0.0383242 0.0905804 0.0747538 0.0272982 0.0740550 0.1137516 0.0734607 0.0698660 0.1010279 0.1201995 0.1037532 0.0724001 0.0913260 
Dasyuridae_Dasyurus_maculatus                0.0945356 0.1199867 0.0885812 0.1009225 0.1012689 0.0000000 0.0845784 0.0917596 0.1032355 0.0909321 0.0244092 0.0426033 0.0889929 0.1040002 0.0087079 0.0356616 0.1256661 0.1036066 0.1244912 0.2153431 0.1460964 0.0243182 0.1043874 0.1121708 0.1163921 0.1139623 0.1041685 0.1587673 0.1070241 0.0940994 0.0034931 0.1363303 0.1091036 0.0182253 0.0972858 
Phalangeridae_Trichosurus_vulpecula          0.0452464 0.0895859 0.0564237 0.0606782 0.0610950 0.0845784 0.0000000 0.0242523 0.0577764 0.0273933 0.0861194 0.0902194 0.0267797 0.0663928 0.0847501 0.0838357 0.0915710 0.0611051 0.0876722 0.1757654 0.1121524 0.0862572 0.0638576 0.0834217 0.0700109 0.0733161 0.0628388 0.1130207 0.0652476 0.0283792 0.0851463 0.0929314 0.0643611 0.0473197 0.0638824 
Phalangeridae_Spilocuscus_maculatus          0.0545485 0.0937011 0.0608924 0.0679511 0.0680164 0.0917596 0.0242523 0.0000000 0.0667847 0.0114871 0.0914578 0.0952344 0.0106474 0.0748089 0.0923857 0.0898185 0.0994636 0.0685225 0.1026942 0.1911290 0.1154779 0.0907202 0.0737025 0.0865955 0.0795527 0.0809625 0.0743754 0.1162197 0.0741828 0.0110068 0.0923038 0.1006018 0.0691431 0.0521261 0.0678426 
Potoroidae_Aepyprymnus_rufescens             0.0636330 0.1097077 0.0606317 0.0086660 0.0109895 0.1032355 0.0577764 0.0667847 0.0000000 0.0672873 0.0981405 0.1066575 0.0682409 0.0713534 0.1046935 0.0986462 0.1114542 0.0232917 0.0866164 0.1853537 0.1303313 0.0972789 0.0404728 0.0915099 0.0753927 0.0286981 0.0712750 0.1140060 0.0707259 0.0686088 0.1029897 0.1222195 0.1062812 0.0731057 0.0932769 
Phalangeridae_Strigocuscus_pelengensis       0.0552615 0.0978509 0.0606651 0.0679806 0.0684858 0.0909321 0.0273933 0.0114871 0.0672873 0.0000000 0.0906329 0.0954876 0.0099930 0.0750075 0.0937033 0.0905849 0.1030331 0.0678761 0.1033416 0.2059390 0.1174513 0.0912326 0.0747161 0.0879740 0.0794732 0.0798904 0.0748205 0.1168754 0.0743712 0.0111449 0.0914856 0.1025044 0.0708315 0.0526729 0.0690654 
Dasyuridae_Phascogale_tapoatafa              0.0925269 0.1138550 0.0834375 0.0967592 0.0975463 0.0244092 0.0861194 0.0914578 0.0981405 0.0906329 0.0000000 0.0392672 0.0901949 0.0975761 0.0262379 0.0347177 0.1222475 0.0988267 0.1219367 0.2065946 0.1455020 0.0097252 0.0996572 0.1073018 0.1127659 0.1103063 0.1016883 0.1555960 0.1010541 0.0953058 0.0229576 0.1333688 0.1079213 0.0026485 0.0964467 
Dasyuridae_Sminthopsis_macroura              0.1011683 0.1237211 0.0953079 0.1060814 0.1059759 0.0426033 0.0902194 0.0952344 0.1066575 0.0954876 0.0392672 0.0000000 0.0934611 0.1128765 0.0443439 0.0333953 0.1340820 0.1111412 0.1356020 0.2279346 0.1562515 0.0386301 0.1088941 0.1150686 0.1236869 0.1199814 0.1134960 0.1649857 0.1146308 0.0975615 0.0421465 0.1439946 0.1203780 0.0345465 0.1098161 
Phalangeridae_Phalanger_orientalis           0.0561489 0.0961412 0.0610534 0.0684671 0.0689702 0.0889929 0.0267797 0.0106474 0.0682409 0.0099930 0.0901949 0.0934611 0.0000000 0.0748990 0.0917217 0.0883017 0.1026566 0.0698777 0.1069132 0.1987748 0.1180929 0.0898994 0.0762453 0.0849570 0.0810650 0.0824560 0.0771236 0.1178920 0.0766345 0.0061860 0.0895484 0.1021288 0.0683987 0.0505549 0.0678578 
Acrobatidae_Acrobates_pygmaeus               0.0709191 0.1205616 0.0661885 0.0723449 0.0733082 0.1040002 0.0663928 0.0748089 0.0713534 0.0750075 0.0975761 0.1128765 0.0748990 0.0000000 0.1048140 0.1030509 0.1122996 0.0729478 0.0897875 0.1956384 0.1345479 0.0977552 0.0760194 0.0967279 0.0715583 0.0835024 0.0696385 0.1090030 0.0421736 0.0753080 0.1036811 0.1276156 0.1019381 0.0683557 0.0889794 
Dasyuridae_Sarcophilus_harrisii              0.0962235 0.1230537 0.0905661 0.1032042 0.1035584 0.0087079 0.0847501 0.0923857 0.1046935 0.0937033 0.0262379 0.0443439 0.0917217 0.1048140 0.0000000 0.0361425 0.1265696 0.1054328 0.1256980 0.2125386 0.1483587 0.0261646 0.1060788 0.1140261 0.1167245 0.1163997 0.1055820 0.1635974 0.1082743 0.0947370 0.0076979 0.1411648 0.1106477 0.0182375 0.0977834 
Dasyuridae_Planigale_tenuirostris            0.0898454 0.1125055 0.0854595 0.0958034 0.0966402 0.0356616 0.0838357 0.0898185 0.0986462 0.0905849 0.0347177 0.0333953 0.0883017 0.1030509 0.0361425 0.0000000 0.1182312 0.1010673 0.1211142 0.2144842 0.1429182 0.0330469 0.0994143 0.1109350 0.1113229 0.1107964 0.0987623 0.1562642 0.1058864 0.0925588 0.0332370 0.1249984 0.0994360 0.0280807 0.0922185 
Peramelidae_Echymipera_kalubu                0.1091959 0.1375454 0.1056140 0.1102014 0.1105605 0.1256661 0.0915710 0.0994636 0.1114542 0.1030331 0.1222475 0.1340820 0.1026566 0.1122996 0.1265696 0.1182312 0.0000000 0.1099105 0.1305928 0.1989758 0.1532049 0.1207694 0.1123248 0.1206297 0.1217385 0.1183629 0.1153459 0.1694235 0.1178030 0.1035803 0.1244254 0.0231211 0.0214532 0.0957694 0.0151945 
Macropodidae_Dorcopsulus_vanheurni           0.0616532 0.1130454 0.0653422 0.0212284 0.0226426 0.1036066 0.0611051 0.0685225 0.0232917 0.0678761 0.0988267 0.1111412 0.0698777 0.0729478 0.1054328 0.1010673 0.1099105 0.0000000 0.0868677 0.1885266 0.1327597 0.0993743 0.0421599 0.0930636 0.0744589 0.0201241 0.0744237 0.1143971 0.0711614 0.0703952 0.1033586 0.1193649 0.1008844 0.0713701 0.0899029 
Pseudochiridae_Pseudochirulus_forbesi        0.0946067 0.1392918 0.0898824 0.0852354 0.0866836 0.1244912 0.0876722 0.1026942 0.0866164 0.1033416 0.1219367 0.1356020 0.1069132 0.0897875 0.1256980 0.1211142 0.1305928 0.0868677 0.0000000 0.1922826 0.1653786 0.1220126 0.0911881 0.1230971 0.0516753 0.0933027 0.0282500 0.1150223 0.0880852 0.1076500 0.1249819 0.1431096 0.1297505 0.1019459 0.1123502 
Didelphidae_Didelphis_virginiana             0.1767556 0.2511715 0.1717757 0.1890183 0.1890756 0.2153431 0.1757654 0.1911290 0.1853537 0.2059390 0.2065946 0.2279346 0.1987748 0.1956384 0.2125386 0.2144842 0.1989758 0.1885266 0.1922826 0.0000000 0.0752045 0.2004578 0.1978767 0.1719519 0.1855073 0.1839465 0.1906773 0.2219731 0.1880568 0.2056665 0.2117266 0.2260693 0.1702838 0.1461363 0.1481542 
Marmosidae_Monodelphis_domestica             0.1239532 0.1679502 0.1196338 0.1315023 0.1331524 0.1460964 0.1121524 0.1154779 0.1303313 0.1174513 0.1455020 0.1562515 0.1180929 0.1345479 0.1483587 0.1429182 0.1532049 0.1327597 0.1653786 0.0752045 0.0000000 0.1429275 0.1328093 0.1291402 0.1454733 0.1449885 0.1395013 0.1930847 0.1361846 0.1199326 0.1455889 0.1684829 0.1281634 0.1013506 0.1162934 
Dasyuridae_Antechinus_stuartii               0.0929167 0.1140915 0.0856150 0.0950009 0.0957597 0.0243182 0.0862572 0.0907202 0.0972789 0.0912326 0.0097252 0.0386301 0.0898994 0.0977552 0.0261646 0.0330469 0.1207694 0.0993743 0.1220126 0.2004578 0.1429275 0.0000000 0.0997205 0.1098613 0.1131296 0.1088993 0.1024266 0.1585519 0.1039273 0.0951297 0.0221611 0.1333264 0.1068999 0.0067225 0.0948047 
Hypsiprymnodontidae_Hypsiprymnodon_moschatus 0.0678154 0.1097901 0.0690564 0.0386781 0.0383242 0.1043874 0.0638576 0.0737025 0.0404728 0.0747161 0.0996572 0.1088941 0.0762453 0.0760194 0.1060788 0.0994143 0.1123248 0.0421599 0.0911881 0.1978767 0.1328093 0.0997205 0.0000000 0.0952794 0.0782415 0.0509538 0.0746895 0.1183593 0.0763750 0.0766201 0.1048801 0.1218590 0.1063117 0.0750536 0.0936836 
Microbiotheriidae_Dromiciops_gliroides       0.0957729 0.1173894 0.0808145 0.0899735 0.0905804 0.1121708 0.0834217 0.0865955 0.0915099 0.0879740 0.1073018 0.1150686 0.0849570 0.0967279 0.1140261 0.1109350 0.1206297 0.0930636 0.1230971 0.1719519 0.1291402 0.1098613 0.0952794 0.0000000 0.1064426 0.1007105 0.1034407 0.1453875 0.1051655 0.0866702 0.1118745 0.1306152 0.1075054 0.0863848 0.0989182 
Pseudochiridae_Petauroides_volans            0.0780063 0.1205163 0.0727293 0.0728673 0.0747538 0.1163921 0.0700109 0.0795527 0.0753927 0.0794732 0.1127659 0.1236869 0.0810650 0.0715583 0.1167245 0.1113229 0.1217385 0.0744589 0.0516753 0.1855073 0.1454733 0.1131296 0.0782415 0.1064426 0.0000000 0.0818920 0.0388026 0.1035388 0.0686267 0.0817898 0.1164618 0.1315712 0.1068355 0.0842687 0.0958911 
Macropodidae_Wallabia_bicolor                0.0694166 0.1247566 0.0736684 0.0258289 0.0272982 0.1139623 0.0733161 0.0809625 0.0286981 0.0798904 0.1103063 0.1199814 0.0824560 0.0835024 0.1163997 0.1107964 0.1183629 0.0201241 0.0933027 0.1839465 0.1449885 0.1088993 0.0509538 0.1007105 0.0818920 0.0000000 0.0832503 0.1262053 0.0836443 0.0835765 0.1136760 0.1272530 0.1147863 0.0864552 0.1031859 
Pseudochiridae_Pseudocheirus_occidentalis    0.0778212 0.1141944 0.0732728 0.0722869 0.0740550 0.1041685 0.0628388 0.0743754 0.0712750 0.0748205 0.1016883 0.1134960 0.0771236 0.0696385 0.1055820 0.0987623 0.1153459 0.0744237 0.0282500 0.1906773 0.1395013 0.1024266 0.0746895 0.1034407 0.0388026 0.0832503 0.0000000 0.1010190 0.0702418 0.0786268 0.1046674 0.1267615 0.1046821 0.0759388 0.0906200 
Tarsipedidae_Tarsipes_rostratus              0.1262755 0.1710015 0.1160655 0.1121734 0.1137516 0.1587673 0.1130207 0.1162197 0.1140060 0.1168754 0.1555960 0.1649857 0.1178920 0.1090030 0.1635974 0.1562642 0.1694235 0.1143971 0.1150223 0.2219731 0.1930847 0.1585519 0.1183593 0.1453875 0.1035388 0.1262053 0.1010190 0.0000000 0.1080324 0.1184188 0.1603256 0.1791765 0.1483411 0.1224233 0.1330820 
Acrobatidae_Distoechurus_pennatus            0.0740844 0.1232092 0.0669542 0.0724907 0.0734607 0.1070241 0.0652476 0.0741828 0.0707259 0.0743712 0.1010541 0.1146308 0.0766345 0.0421736 0.1082743 0.1058864 0.1178030 0.0711614 0.0880852 0.1880568 0.1361846 0.1039273 0.0763750 0.1051655 0.0686267 0.0836443 0.0702418 0.1080324 0.0000000 0.0765621 0.1083425 0.1297911 0.1049604 0.0737967 0.0915641 
Phalangeridae_Phalanger_carmelitae           0.0568755 0.0978982 0.0633397 0.0693618 0.0698660 0.0940994 0.0283792 0.0110068 0.0686088 0.0111449 0.0953058 0.0975615 0.0061860 0.0753080 0.0947370 0.0925588 0.1035803 0.0703952 0.1076500 0.2056665 0.1199326 0.0951297 0.0766201 0.0866702 0.0817898 0.0835765 0.0786268 0.1184188 0.0765621 0.0000000 0.0942000 0.1036381 0.0701837 0.0530914 0.0680559 
Dasyuridae_Dasyurus_geffroii                 0.0952797 0.1204461 0.0880135 0.1006831 0.1010279 0.0034931 0.0851463 0.0923038 0.1029897 0.0914856 0.0229576 0.0421465 0.0895484 0.1036811 0.0076979 0.0332370 0.1244254 0.1033586 0.1249819 0.2117266 0.1455889 0.0221611 0.1048801 0.1118745 0.1164618 0.1136760 0.1046674 0.1603256 0.1083425 0.0942000 0.0000000 0.1366031 0.1094513 0.0167567 0.0968098 
Peramelidae_Perameles_gunnii                 0.1176962 0.1460545 0.1153900 0.1199237 0.1201995 0.1363303 0.0929314 0.1006018 0.1222195 0.1025044 0.1333688 0.1439946 0.1021288 0.1276156 0.1411648 0.1249984 0.0231211 0.1193649 0.1431096 0.2260693 0.1684829 0.1333264 0.1218590 0.1306152 0.1315712 0.1272530 0.1267615 0.1791765 0.1297911 0.1036381 0.1366031 0.0000000 0.0013117 0.1053721 0.0232465 
Peramelidae_Perameles_nasuta                 0.0967235 0.1234145 0.0982656 0.1029663 0.1037532 0.1091036 0.0643611 0.0691431 0.1062812 0.0708315 0.1079213 0.1203780 0.0683987 0.1019381 0.1106477 0.0994360 0.0214532 0.1008844 0.1297505 0.1702838 0.1281634 0.1068999 0.1063117 0.1075054 0.1068355 0.1147863 0.1046821 0.1483411 0.1049604 0.0701837 0.1094513 0.0013117 0.0000000 0.1065756 0.0240168 
Dasyuridae_Phascogale_calura                 0.0641575 0.0860746 0.0609304 0.0721951 0.0724001 0.0182253 0.0473197 0.0521261 0.0731057 0.0526729 0.0026485 0.0345465 0.0505549 0.0683557 0.0182375 0.0280807 0.0957694 0.0713701 0.1019459 0.1461363 0.1013506 0.0067225 0.0750536 0.0863848 0.0842687 0.0864552 0.0759388 0.1224233 0.0737967 0.0530914 0.0167567 0.1053721 0.1065756 0.0000000 0.0951362 
Peramelidae_Peroryctes_raffrayana            0.0865358 0.1102317 0.0846080 0.0910373 0.0913260 0.0972858 0.0638824 0.0678426 0.0932769 0.0690654 0.0964467 0.1098161 0.0678578 0.0889794 0.0977834 0.0922185 0.0151945 0.0899029 0.1123502 0.1481542 0.1162934 0.0948047 0.0936836 0.0989182 0.0958911 0.1031859 0.0906200 0.1330820 0.0915641 0.0680559 0.0968098 0.0232465 0.0240168 0.0951362 0.0000000 
