37
Burramyidae_Burramys_parvus                  0.0000000 0.0347780 0.0205704 0.0265583 0.0267776 0.0308261 0.0234885 0.0216944 0.0276118 0.0281542 0.0166721 0.0214727 0.0316163 0.0323846 0.0225116 0.0245996 0.0327501 0.0303388 0.0311129 0.0314956 0.0264663 0.0284169 0.0357886 0.0370681 0.0307122 0.0263477 0.0284494 0.0225539 0.0252799 0.0294979 0.0332603 0.0263198 0.0166721 0.0213504 0.0327582 0.0311504 0.0306924 
Notoryctidae_Notoryctes_typhlops             0.0347780 0.0000000 0.0311865 0.0388381 0.0377996 0.0366473 0.0374295 0.0363095 0.0397811 0.0350112 0.0168625 0.0372537 0.0365633 0.0375269 0.0371260 0.0377327 0.0377405 0.0368758 0.0385490 0.0365275 0.0395238 0.0387641 0.0375543 0.0391943 0.0355986 0.0377138 0.0370273 0.0353102 0.0389028 0.0421252 0.0431535 0.0387940 0.0168625 0.0364084 0.0387323 0.0372530 0.0364799 
Vombatidae_Lasiorhinus_latifrons             0.0205704 0.0311865 0.0000000 0.0243251 0.0238488 0.0295196 0.0252809 0.0236481 0.0256904 0.0254791 0.0247110 0.0241351 0.0308220 0.0316386 0.0241279 0.0251006 0.0317637 0.0290684 0.0305105 0.0282517 0.0244102 0.0271631 0.0324572 0.0346340 0.0286368 0.0266035 0.0254033 0.0223626 0.0245324 0.0298522 0.0317141 0.0264150 0.0247110 0.0236146 0.0298416 0.0298491 0.0267682 
Potoroidae_Bettongia_penicillata             0.0265583 0.0388381 0.0243251 0.0000000 0.0016550 0.0358671 0.0297905 0.0278925 0.0066862 0.0333402 0.0070182 0.0278306 0.0376947 0.0384604 0.0284735 0.0291536 0.0384919 0.0353478 0.0381631 0.0362967 0.0121869 0.0321154 0.0388289 0.0417256 0.0369128 0.0199782 0.0318179 0.0289482 0.0118497 0.0293619 0.0383303 0.0306926 0.0070182 0.0279493 0.0375545 0.0358179 0.0353357 
Potoroidae_Bettongia_lesueur                 0.0267776 0.0377996 0.0238488 0.0016550 0.0000000 0.0359142 0.0293377 0.0274421 0.0065442 0.0328554 0.0093997 0.0282358 0.0377455 0.0383569 0.0280038 0.0286949 0.0385424 0.0354277 0.0378172 0.0358340 0.0122062 0.0318117 0.0384245 0.0414360 0.0367928 0.0198399 0.0308390 0.0285699 0.0120266 0.0295349 0.0380222 0.0302168 0.0093997 0.0274802 0.0368693 0.0356899 0.0348558 
Dasyuridae_Dasyurus_maculatus                0.0308261 0.0366473 0.0295196 0.0358671 0.0359142 0.0000000 0.0334431 0.0327982 0.0371448 0.0329428 0.0046652 0.0329687 0.0069501 0.0095715 0.0338528 0.0334273 0.0079931 0.0025835 0.0105165 0.0356513 0.0375958 0.0360678 0.0380464 0.0396641 0.0060949 0.0358421 0.0321919 0.0312726 0.0368252 0.0371493 0.0386425 0.0361196 0.0046652 0.0324137 0.0350111 0.0024251 0.0359043 
Phalangeridae_Trichosurus_vulpecula          0.0234885 0.0374295 0.0252809 0.0297905 0.0293377 0.0334431 0.0000000 0.0099424 0.0305040 0.0313304 0.0117807 0.0107250 0.0339416 0.0343899 0.0107258 0.0258206 0.0349880 0.0329531 0.0333747 0.0344908 0.0280351 0.0306507 0.0383797 0.0403631 0.0334700 0.0292459 0.0297035 0.0256437 0.0273235 0.0269749 0.0342941 0.0274996 0.0117807 0.0094713 0.0346701 0.0334086 0.0338642 
Phalangeridae_Spilocuscus_maculatus          0.0216944 0.0363095 0.0236481 0.0278925 0.0274421 0.0327982 0.0099424 0.0000000 0.0289587 0.0307515 0.0142003 0.0057707 0.0327319 0.0337519 0.0047680 0.0254040 0.0343688 0.0323819 0.0330174 0.0336193 0.0269719 0.0294489 0.0363546 0.0381865 0.0325872 0.0281730 0.0289189 0.0255666 0.0262621 0.0273874 0.0339874 0.0274467 0.0142003 0.0041440 0.0342096 0.0332906 0.0328068 
Potoroidae_Aepyprymnus_rufescens             0.0276118 0.0397811 0.0256904 0.0066862 0.0065442 0.0371448 0.0305040 0.0289587 0.0000000 0.0339432 0.0142265 0.0287470 0.0391630 0.0397428 0.0288534 0.0290180 0.0403102 0.0373362 0.0391986 0.0368882 0.0120389 0.0323208 0.0403026 0.0430587 0.0380615 0.0199833 0.0330725 0.0296862 0.0121837 0.0296666 0.0402230 0.0314184 0.0142265 0.0283188 0.0375514 0.0374390 0.0359060 
Peramelidae_Perameles_nasuta                 0.0281542 0.0350112 0.0254791 0.0333402 0.0328554 0.0329428 0.0313304 0.0307515 0.0339432 0.0000000 0.0216878 0.0304519 0.0336009 0.0338485 0.0314006 0.0317318 0.0341146 0.0332707 0.0330045 0.0072879 0.0332643 0.0329526 0.0374238 0.0397606 0.0320188 0.0339887 0.0290811 0.0289278 0.0328625 0.0392192 0.0385687 0.0329408 0.0216878 0.0304334 0.0082643 0.0338166 0.0006526 
Myrmecobiidae_Myrmecobius_fasciatus1         0.0166721 0.0168625 0.0247110 0.0070182 0.0093997 0.0046652 0.0117807 0.0142003 0.0142265 0.0216878 0.0000000 0.0072761 0.0094147 0.0070387 0.0141808 0.0242072 0.0094147 0.0046652 0.0094632 0.0215684 0.0070088 0.0269345 0.0245806 0.0247078 0.0042162 0.0046455 0.0122958 0.0242008 0.0070088 0.0243271 0.0304117 0.0245096 0.0000010 0.0141808 0.0124347 0.0046652 0.0198585 
Phalangeridae_Strigocuscus_pelengensis       0.0214727 0.0372537 0.0241351 0.0278306 0.0282358 0.0329687 0.0107250 0.0057707 0.0287470 0.0304519 0.0072761 0.0000000 0.0327330 0.0339259 0.0050654 0.0248423 0.0345448 0.0326162 0.0333899 0.0337105 0.0274507 0.0297402 0.0370140 0.0396952 0.0332788 0.0283251 0.0295246 0.0250589 0.0265426 0.0256894 0.0336491 0.0275736 0.0072761 0.0044449 0.0344215 0.0332751 0.0330607 
Dasyuridae_Phascogale_tapoatafa              0.0316163 0.0365633 0.0308220 0.0376947 0.0377455 0.0069501 0.0339416 0.0327319 0.0391630 0.0336009 0.0094147 0.0327330 0.0000000 0.0101355 0.0339914 0.0346552 0.0013951 0.0074076 0.0113232 0.0360446 0.0400596 0.0380922 0.0390642 0.0410997 0.0030926 0.0373054 0.0341483 0.0335285 0.0387188 0.0393146 0.0394013 0.0371354 0.0094147 0.0325176 0.0361056 0.0075371 0.0357541 
Dasyuridae_Sminthopsis_macroura              0.0323846 0.0375269 0.0316386 0.0384604 0.0383569 0.0095715 0.0343899 0.0337519 0.0397428 0.0338485 0.0070387 0.0339259 0.0101355 0.0000000 0.0346478 0.0347753 0.0112529 0.0103162 0.0089719 0.0361537 0.0394990 0.0378051 0.0385398 0.0408968 0.0101468 0.0371698 0.0346579 0.0335369 0.0389150 0.0364000 0.0410083 0.0370413 0.0070387 0.0332133 0.0365273 0.0101435 0.0364068 
Phalangeridae_Phalanger_orientalis           0.0225116 0.0371260 0.0241279 0.0284735 0.0280038 0.0338528 0.0107258 0.0047680 0.0288534 0.0314006 0.0141808 0.0050654 0.0339914 0.0346478 0.0000000 0.0250104 0.0355759 0.0333789 0.0339788 0.0348748 0.0273954 0.0305067 0.0373559 0.0397110 0.0338852 0.0284250 0.0300680 0.0256606 0.0266683 0.0266782 0.0350108 0.0271894 0.0141808 0.0014994 0.0345002 0.0341619 0.0340698 
Acrobatidae_Acrobates_pygmaeus               0.0245996 0.0377327 0.0251006 0.0291536 0.0286949 0.0334273 0.0258206 0.0254040 0.0290180 0.0317318 0.0242072 0.0248423 0.0346552 0.0347753 0.0250104 0.0000000 0.0357038 0.0332826 0.0330242 0.0333090 0.0288732 0.0248981 0.0382041 0.0408967 0.0340467 0.0292909 0.0302670 0.0214785 0.0278521 0.0248701 0.0311266 0.0126553 0.0242072 0.0239810 0.0349238 0.0339211 0.0331979 
Dasyuridae_Phascogale_calura                 0.0327501 0.0377405 0.0317637 0.0384919 0.0385424 0.0079931 0.0349880 0.0343688 0.0403102 0.0341146 0.0094147 0.0345448 0.0013951 0.0112529 0.0355759 0.0357038 0.0000000 0.0082767 0.0127006 0.0368889 0.0404180 0.0387237 0.0396402 0.0414407 0.0039628 0.0384773 0.0345167 0.0340893 0.0392808 0.0392678 0.0400838 0.0383153 0.0094147 0.0341331 0.0373827 0.0084124 0.0366098 
Dasyuridae_Sarcophilus_harrisii              0.0303388 0.0368758 0.0290684 0.0353478 0.0354277 0.0025835 0.0329531 0.0323819 0.0373362 0.0332707 0.0046652 0.0326162 0.0074076 0.0103162 0.0333789 0.0332826 0.0082767 0.0000000 0.0109867 0.0353225 0.0374290 0.0359291 0.0382565 0.0398546 0.0063944 0.0356677 0.0323677 0.0311522 0.0366876 0.0368300 0.0384805 0.0360758 0.0046652 0.0319480 0.0353182 0.0025678 0.0357667 
Dasyuridae_Planigale_tenuirostris            0.0311129 0.0385490 0.0305105 0.0381631 0.0378172 0.0105165 0.0333747 0.0330174 0.0391986 0.0330045 0.0094632 0.0333899 0.0113232 0.0089719 0.0339788 0.0330242 0.0127006 0.0109867 0.0000000 0.0356259 0.0386826 0.0369119 0.0382731 0.0418733 0.0107782 0.0366176 0.0332499 0.0322825 0.0380840 0.0332755 0.0390944 0.0361781 0.0094632 0.0323180 0.0368585 0.0108219 0.0360553 
Peramelidae_Echymipera_kalubu                0.0314956 0.0365275 0.0282517 0.0362967 0.0358340 0.0356513 0.0344908 0.0336193 0.0368882 0.0072879 0.0215684 0.0337105 0.0360446 0.0361537 0.0348748 0.0333090 0.0368889 0.0353225 0.0356259 0.0000000 0.0360821 0.0372558 0.0377898 0.0400684 0.0347578 0.0353633 0.0311677 0.0324161 0.0354789 0.0404123 0.0399911 0.0359040 0.0215684 0.0339680 0.0095119 0.0357626 0.0077907 
Macropodidae_Dorcopsulus_vanheurni           0.0264663 0.0395238 0.0244102 0.0121869 0.0122062 0.0375958 0.0280351 0.0269719 0.0120389 0.0332643 0.0070088 0.0274507 0.0400596 0.0394990 0.0273954 0.0288732 0.0404180 0.0374290 0.0386826 0.0360821 0.0000000 0.0318253 0.0393582 0.0429823 0.0379109 0.0192303 0.0316288 0.0281551 0.0046961 0.0315895 0.0382986 0.0309794 0.0070088 0.0266977 0.0366963 0.0375268 0.0340420 
Pseudochiridae_Pseudochirulus_forbesi        0.0284169 0.0387641 0.0271631 0.0321154 0.0318117 0.0360678 0.0306507 0.0294489 0.0323208 0.0329526 0.0269345 0.0297402 0.0380922 0.0378051 0.0305067 0.0248981 0.0387237 0.0359291 0.0369119 0.0372558 0.0318253 0.0000000 0.0404845 0.0437449 0.0367568 0.0330835 0.0336373 0.0170241 0.0307731 0.0116655 0.0300563 0.0259065 0.0269345 0.0292822 0.0370266 0.0363674 0.0342923 
Didelphidae_Didelphis_virginiana             0.0357886 0.0375543 0.0324572 0.0388289 0.0384245 0.0380464 0.0383797 0.0363546 0.0403026 0.0374238 0.0245806 0.0370140 0.0390642 0.0385398 0.0373559 0.0382041 0.0396402 0.0382565 0.0382731 0.0377898 0.0393582 0.0404845 0.0000000 0.0127500 0.0388244 0.0370330 0.0355006 0.0371274 0.0380198 0.0415075 0.0450187 0.0390273 0.0245806 0.0368143 0.0410708 0.0378028 0.0380464 
Marmosidae_Monodelphis_domestica             0.0370681 0.0391943 0.0346340 0.0417256 0.0414360 0.0396641 0.0403631 0.0381865 0.0430587 0.0397606 0.0247078 0.0396952 0.0410997 0.0408968 0.0397110 0.0408967 0.0414407 0.0398546 0.0418733 0.0400684 0.0429823 0.0437449 0.0127500 0.0000000 0.0411962 0.0399012 0.0392474 0.0388876 0.0418155 0.0446603 0.0472251 0.0418194 0.0247078 0.0387861 0.0434839 0.0399306 0.0400197 
Dasyuridae_Antechinus_stuartii               0.0307122 0.0355986 0.0286368 0.0369128 0.0367928 0.0060949 0.0334700 0.0325872 0.0380615 0.0320188 0.0042162 0.0332788 0.0030926 0.0101468 0.0338852 0.0340467 0.0039628 0.0063944 0.0107782 0.0347578 0.0379109 0.0367568 0.0388244 0.0411962 0.0000000 0.0359693 0.0328276 0.0320047 0.0371671 0.0372978 0.0368790 0.0368299 0.0042162 0.0322188 0.0348387 0.0065341 0.0344371 
Hypsiprymnodontidae_Hypsiprymnodon_moschatus 0.0263477 0.0377138 0.0266035 0.0199782 0.0198399 0.0358421 0.0292459 0.0281730 0.0199833 0.0339887 0.0046455 0.0283251 0.0373054 0.0371698 0.0284250 0.0292909 0.0384773 0.0356677 0.0366176 0.0353633 0.0192303 0.0330835 0.0370330 0.0399012 0.0359693 0.0000000 0.0323070 0.0296002 0.0190373 0.0316337 0.0399657 0.0309915 0.0046455 0.0275520 0.0362470 0.0355890 0.0354538 
Microbiotheriidae_Dromiciops_gliroides       0.0284494 0.0370273 0.0254033 0.0318179 0.0308390 0.0321919 0.0297035 0.0289189 0.0330725 0.0290811 0.0122958 0.0295246 0.0341483 0.0346579 0.0300680 0.0302670 0.0345167 0.0323677 0.0332499 0.0311677 0.0316288 0.0336373 0.0355006 0.0392474 0.0328276 0.0323070 0.0000000 0.0284720 0.0312212 0.0400900 0.0365996 0.0317859 0.0122958 0.0290292 0.0330830 0.0325238 0.0305090 
Pseudochiridae_Petauroides_volans            0.0225539 0.0353102 0.0223626 0.0289482 0.0285699 0.0312726 0.0256437 0.0255666 0.0296862 0.0289278 0.0242008 0.0250589 0.0335285 0.0335369 0.0256606 0.0214785 0.0340893 0.0311522 0.0322825 0.0324161 0.0281551 0.0170241 0.0371274 0.0388876 0.0320047 0.0296002 0.0284720 0.0000000 0.0271344 0.0180841 0.0235423 0.0236603 0.0242008 0.0244765 0.0333524 0.0315967 0.0307338 
Macropodidae_Wallabia_bicolor                0.0252799 0.0389028 0.0245324 0.0118497 0.0120266 0.0368252 0.0273235 0.0262621 0.0121837 0.0328625 0.0070088 0.0265426 0.0387188 0.0389150 0.0266683 0.0278521 0.0392808 0.0366876 0.0380840 0.0354789 0.0046961 0.0307731 0.0380198 0.0418155 0.0371671 0.0190373 0.0312212 0.0271344 0.0000000 0.0331861 0.0378759 0.0300660 0.0070088 0.0259831 0.0360637 0.0364193 0.0339874 
Pseudochiridae_Pseudocheirus_occidentalis    0.0294979 0.0421252 0.0298522 0.0293619 0.0295349 0.0371493 0.0269749 0.0273874 0.0296666 0.0392192 0.0243271 0.0256894 0.0393146 0.0364000 0.0266782 0.0248701 0.0392678 0.0368300 0.0332755 0.0404123 0.0315895 0.0116655 0.0415075 0.0446603 0.0372978 0.0316337 0.0400900 0.0180841 0.0331861 0.0000000 0.0363361 0.0276928 0.0243271 0.0258103 0.0398344 0.0379564 0.0385849 
Tarsipedidae_Tarsipes_rostratus              0.0332603 0.0431535 0.0317141 0.0383303 0.0380222 0.0386425 0.0342941 0.0339874 0.0402230 0.0385687 0.0304117 0.0336491 0.0394013 0.0410083 0.0350108 0.0311266 0.0400838 0.0384805 0.0390944 0.0399911 0.0382986 0.0300563 0.0450187 0.0472251 0.0368790 0.0399657 0.0365996 0.0235423 0.0378759 0.0363361 0.0000000 0.0331151 0.0304117 0.0337791 0.0406424 0.0389492 0.0405086 
Acrobatidae_Distoechurus_pennatus            0.0263198 0.0387940 0.0264150 0.0306926 0.0302168 0.0361196 0.0274996 0.0274467 0.0314184 0.0329408 0.0245096 0.0275736 0.0371354 0.0370413 0.0271894 0.0126553 0.0383153 0.0360758 0.0361781 0.0359040 0.0309794 0.0259065 0.0390273 0.0418194 0.0368299 0.0309915 0.0317859 0.0236603 0.0300660 0.0276928 0.0331151 0.0000000 0.0245096 0.0261504 0.0367332 0.0366802 0.0352507 
Myrmecobiidae_Myrmecobius_fasciatus2         0.0166721 0.0168625 0.0247110 0.0070182 0.0093997 0.0046652 0.0117807 0.0142003 0.0142265 0.0216878 0.0000010 0.0072761 0.0094147 0.0070387 0.0141808 0.0242072 0.0094147 0.0046652 0.0094632 0.0215684 0.0070088 0.0269345 0.0245806 0.0247078 0.0042162 0.0046455 0.0122958 0.0242008 0.0070088 0.0243271 0.0304117 0.0245096 0.0000000 0.0141808 0.0124347 0.0046652 0.0198585 
Phalangeridae_Phalanger_carmelitae           0.0213504 0.0364084 0.0236146 0.0279493 0.0274802 0.0324137 0.0094713 0.0041440 0.0283188 0.0304334 0.0141808 0.0044449 0.0325176 0.0332133 0.0014994 0.0239810 0.0341331 0.0319480 0.0323180 0.0339680 0.0266977 0.0292822 0.0368143 0.0387861 0.0322188 0.0275520 0.0290292 0.0244765 0.0259831 0.0258103 0.0337791 0.0261504 0.0141808 0.0000000 0.0336874 0.0327292 0.0331646 
Peramelidae_Peroryctes_raffrayana            0.0327582 0.0387323 0.0298416 0.0375545 0.0368693 0.0350111 0.0346701 0.0342096 0.0375514 0.0082643 0.0124347 0.0344215 0.0361056 0.0365273 0.0345002 0.0349238 0.0373827 0.0353182 0.0368585 0.0095119 0.0366963 0.0370266 0.0410708 0.0434839 0.0348387 0.0362470 0.0330830 0.0333524 0.0360637 0.0398344 0.0406424 0.0367332 0.0124347 0.0336874 0.0000000 0.0352770 0.0090002 
Dasyuridae_Dasyurus_geffroii                 0.0311504 0.0372530 0.0298491 0.0358179 0.0356899 0.0024251 0.0334086 0.0332906 0.0374390 0.0338166 0.0046652 0.0332751 0.0075371 0.0101435 0.0341619 0.0339211 0.0084124 0.0025678 0.0108219 0.0357626 0.0375268 0.0363674 0.0378028 0.0399306 0.0065341 0.0355890 0.0325238 0.0315967 0.0364193 0.0379564 0.0389492 0.0366802 0.0046652 0.0327292 0.0352770 0.0000000 0.0362074 
Peramelidae_Perameles_gunnii                 0.0306924 0.0364799 0.0267682 0.0353357 0.0348558 0.0359043 0.0338642 0.0328068 0.0359060 0.0006526 0.0198585 0.0330607 0.0357541 0.0364068 0.0340698 0.0331979 0.0366098 0.0357667 0.0360553 0.0077907 0.0340420 0.0342923 0.0380464 0.0400197 0.0344371 0.0354538 0.0305090 0.0307338 0.0339874 0.0385849 0.0405086 0.0352507 0.0198585 0.0331646 0.0090002 0.0362074 0.0000000 
