37
Burramyidae_Burramys_parvus                  0.0000000 0.1168773 0.0828936 0.1073087 0.0874079 0.1096355 0.0775133 0.0715283 0.0876092 0.1072194 0.0731375 0.1028194 0.1126270 0.0810320 0.1002984 0.1023298 0.1091223 0.0976413 0.1016060 0.1029088 0.0819772 0.1387650 0.1410391 0.1025845 0.1178676 0.0993645 0.0675792 0.1063642 0.0757328 0.0963991 0.0800178 0.0727214 0.1035141 0.1114741 0.1063881 0.2425367 0.2425367 
Notoryctidae_Notoryctes_typhlops             0.1168773 0.0000000 0.0784964 0.1191713 0.0886110 0.0873292 0.0906518 0.0804194 0.0930540 0.0901958 0.0904155 0.0903198 0.0911768 0.0870360 0.1096444 0.0828765 0.0900344 0.0827414 0.0965835 0.1110204 0.0762991 0.0961634 0.1007682 0.0900087 0.1287134 0.0884808 0.0649695 0.1119963 0.0686664 0.0919567 0.0895365 0.0807107 0.0900226 0.0898842 0.0936166 0.1462700 0.1462700 
Vombatidae_Lasiorhinus_latifrons             0.0828936 0.0784964 0.0000000 0.0832474 0.0622989 0.0773001 0.0640592 0.0558729 0.0655876 0.0775845 0.0601062 0.0762527 0.0823373 0.0658996 0.0750826 0.0766439 0.0751706 0.0715971 0.0738607 0.0738488 0.0673712 0.1006779 0.1047598 0.0724407 0.0897411 0.0709217 0.0539702 0.0793294 0.0672591 0.0766302 0.0589080 0.0590209 0.0775285 0.0782013 0.0769213 0.1272298 0.1272298 
Potoroidae_Bettongia_penicillata             0.1073087 0.1191713 0.0832474 0.0000000 0.0199967 0.1148275 0.0856067 0.0776470 0.0400950 0.1045551 0.0807851 0.1138606 0.1189012 0.0852881 0.0957502 0.1132916 0.1132238 0.1084468 0.1057447 0.0299554 0.0858371 0.1422561 0.1408878 0.1076270 0.0637839 0.1103099 0.0708054 0.0335205 0.0769016 0.1106708 0.0863714 0.0765603 0.1011970 0.1163178 0.1042678 0.1011816 0.1011816 
Potoroidae_Bettongia_lesueur                 0.0874079 0.0886110 0.0622989 0.0199967 0.0000000 0.0934484 0.0646654 0.0613728 0.0149646 0.0837199 0.0650952 0.0942071 0.0960328 0.0683943 0.0774495 0.0901887 0.0852530 0.0887205 0.0832384 0.0297533 0.0742608 0.1178732 0.1174290 0.0880859 0.0490990 0.0881269 0.0596995 0.0316986 0.0639021 0.0866808 0.0691160 0.0603298 0.0841367 0.0931656 0.0842327 0.1050538 0.1050538 
Dasyuridae_Dasyurus_maculatus                0.1096355 0.0873292 0.0773001 0.1148275 0.0934484 0.0000000 0.0915808 0.0812470 0.0934666 0.0812038 0.0847294 0.0208463 0.0305073 0.0929167 0.1092815 0.0237602 0.0101141 0.0240397 0.0794789 0.1031608 0.1007514 0.1085179 0.1111622 0.0187672 0.1287168 0.0832357 0.0828336 0.1076045 0.0876376 0.0946884 0.0825191 0.0825874 0.0808608 0.0059927 0.0817049 0.0538676 0.0538676 
Phalangeridae_Trichosurus_vulpecula          0.0775133 0.0906518 0.0640592 0.0856067 0.0646654 0.0915808 0.0000000 0.0247017 0.0685057 0.0940574 0.0273486 0.0864089 0.0961997 0.0328733 0.0754647 0.0868673 0.0891714 0.0792453 0.0892516 0.0833152 0.0701459 0.1152666 0.1157849 0.0846950 0.0965696 0.0840026 0.0579166 0.0837425 0.0666723 0.0734300 0.0653926 0.0263727 0.0921343 0.0917829 0.0942284 0.1652630 0.1652630 
Phalangeridae_Spilocuscus_maculatus          0.0715283 0.0804194 0.0558729 0.0776470 0.0613728 0.0812470 0.0247017 0.0000000 0.0654477 0.0826460 0.0119794 0.0791137 0.0877751 0.0172194 0.0722078 0.0795237 0.0803722 0.0756150 0.0783133 0.0742705 0.0619666 0.1027661 0.1038289 0.0773830 0.0908085 0.0774934 0.0478639 0.0759758 0.0591635 0.0669086 0.0587425 0.0102050 0.0789165 0.0836634 0.0830703 0.1059080 0.1059080 
Potoroidae_Aepyprymnus_rufescens             0.0876092 0.0930540 0.0655876 0.0400950 0.0149646 0.0934666 0.0685057 0.0654477 0.0000000 0.0888221 0.0677157 0.0934041 0.0979586 0.0712678 0.0875936 0.0914525 0.0901991 0.0855083 0.0890198 0.0383223 0.0806096 0.1182204 0.1212283 0.0886318 0.0664546 0.0892656 0.0636975 0.0391248 0.0696432 0.0859466 0.0713872 0.0650468 0.0878185 0.0932099 0.0892278 0.1153900 0.1153900 
Peramelidae_Perameles_nasuta                 0.1072194 0.0901958 0.0775845 0.1045551 0.0837199 0.0812038 0.0940574 0.0826460 0.0888221 0.0000000 0.0840919 0.0796568 0.0881291 0.0949031 0.1088217 0.0781674 0.0819085 0.0742665 0.0163684 0.0920338 0.0878443 0.1091259 0.1057211 0.0808448 0.1154728 0.0817823 0.0772323 0.0948242 0.0841650 0.1074766 0.0838080 0.0825001 0.0200614 0.0809591 0.0000010 0.0975450 0.0975450 
Phalangeridae_Strigocuscus_pelengensis       0.0731375 0.0904155 0.0601062 0.0807851 0.0650952 0.0847294 0.0273486 0.0119794 0.0677157 0.0840919 0.0000000 0.0808640 0.0905521 0.0207705 0.0718369 0.0812892 0.0838247 0.0752611 0.0837166 0.0746360 0.0649666 0.1120444 0.1097615 0.0808300 0.0933468 0.0799479 0.0523195 0.0762033 0.0616111 0.0715928 0.0598578 0.0157323 0.0838364 0.0856540 0.0842550 0.1217724 0.1217724 
Dasyuridae_Phascogale_tapoatafa              0.1028194 0.0903198 0.0762527 0.1138606 0.0942071 0.0208463 0.0864089 0.0791137 0.0934041 0.0796568 0.0808640 0.0000000 0.0296277 0.0908551 0.1100318 0.0060885 0.0193797 0.0223844 0.0781880 0.1057024 0.0945971 0.1078976 0.1059035 0.0081829 0.1287812 0.0835000 0.0793145 0.1115064 0.0861107 0.0941797 0.0831201 0.0802963 0.0833737 0.0209876 0.0811025 0.0620088 0.0620088 
Dasyuridae_Sminthopsis_macroura              0.1126270 0.0911768 0.0823373 0.1189012 0.0960328 0.0305073 0.0961997 0.0877751 0.0979586 0.0881291 0.0905521 0.0296277 0.0000000 0.1014517 0.1139134 0.0272990 0.0261981 0.0193180 0.0869930 0.1132837 0.0947679 0.1184961 0.1201599 0.0251908 0.1354978 0.0874367 0.0828389 0.1171422 0.0867148 0.0994733 0.0931867 0.0920782 0.0895147 0.0299240 0.0883446 0.0502827 0.0502827 
Phalangeridae_Phalanger_orientalis           0.0810320 0.0870360 0.0658996 0.0852881 0.0683943 0.0929167 0.0328733 0.0172194 0.0712678 0.0949031 0.0207705 0.0908551 0.1014517 0.0000000 0.0784038 0.0913374 0.0905929 0.0858547 0.0939330 0.0790882 0.0687006 0.1150980 0.1133690 0.0890819 0.0942007 0.0872709 0.0537017 0.0808324 0.0676375 0.0700503 0.0641067 0.0129075 0.0913930 0.0939426 0.0942250 0.1493354 0.1493354 
Acrobatidae_Acrobates_pygmaeus               0.1002984 0.1096444 0.0750826 0.0957502 0.0774495 0.1092815 0.0754647 0.0722078 0.0875936 0.1088217 0.0718369 0.1100318 0.1139134 0.0784038 0.0000000 0.1056866 0.1053170 0.1066704 0.1004747 0.0869190 0.0797375 0.1344647 0.1362243 0.1056357 0.1058208 0.0986814 0.0670538 0.0909324 0.0727635 0.0933279 0.0443513 0.0712659 0.1051339 0.1112915 0.1081993 0.1186702 0.1186702 
Dasyuridae_Phascogale_calura                 0.1023298 0.0828765 0.0766439 0.1132916 0.0901887 0.0237602 0.0868673 0.0795237 0.0914525 0.0781674 0.0812892 0.0060885 0.0272990 0.0913374 0.1056866 0.0000000 0.0211243 0.0249822 0.0772626 0.1061486 0.0913674 0.1074559 0.1064964 0.0103202 0.1250756 0.0837109 0.0766892 0.1099187 0.0829058 0.0925561 0.0849031 0.0822065 0.0809004 0.0233190 0.0787977 0.0623461 0.0623461 
Dasyuridae_Sarcophilus_harrisii              0.1091223 0.0900344 0.0751706 0.1132238 0.0852530 0.0101141 0.0891714 0.0803722 0.0901991 0.0819085 0.0838247 0.0193797 0.0261981 0.0905929 0.1053170 0.0211243 0.0000000 0.0223367 0.0793758 0.1031025 0.0951946 0.1093475 0.1123324 0.0167171 0.1249876 0.0787413 0.0773829 0.1088590 0.0820597 0.0941012 0.0816350 0.0816046 0.0822352 0.0090978 0.0831737 0.0538463 0.0538463 
Dasyuridae_Planigale_tenuirostris            0.0976413 0.0827414 0.0715971 0.1084468 0.0887205 0.0240397 0.0792453 0.0756150 0.0855083 0.0742665 0.0752611 0.0223844 0.0193180 0.0858547 0.1066704 0.0249822 0.0223367 0.0000000 0.0736239 0.0949879 0.0833317 0.1126719 0.1102255 0.0192793 0.1234605 0.0768586 0.0714530 0.1024709 0.0773594 0.0885716 0.0774924 0.0766786 0.0729285 0.0221675 0.0724025 0.0528458 0.0528458 
Peramelidae_Echymipera_kalubu                0.1016060 0.0965835 0.0738607 0.1057447 0.0832384 0.0794789 0.0892516 0.0783133 0.0890198 0.0163684 0.0837166 0.0781880 0.0869930 0.0939330 0.1004747 0.0772626 0.0793758 0.0736239 0.0000000 0.0926042 0.0933356 0.1038556 0.1058817 0.0771101 0.1164615 0.0791492 0.0744514 0.0970326 0.0858039 0.1003621 0.0829511 0.0815624 0.0130813 0.0770641 0.0167704 0.0817502 0.0817502 
Macropodidae_Dorcopsulus_vanheurni           0.1029088 0.1110204 0.0738488 0.0299554 0.0297533 0.1031608 0.0833152 0.0742705 0.0383223 0.0920338 0.0746360 0.1057024 0.1132837 0.0790882 0.0869190 0.1061486 0.1031025 0.0949879 0.0926042 0.0000000 0.0848840 0.1328420 0.1298982 0.0996270 0.0712852 0.1002717 0.0704732 0.0160940 0.0788420 0.0957470 0.0759861 0.0720174 0.0870981 0.1045425 0.0908680 0.1061857 0.1061857 
Pseudochiridae_Pseudochirulus_forbesi        0.0819772 0.0762991 0.0673712 0.0858371 0.0742608 0.1007514 0.0701459 0.0619666 0.0806096 0.0878443 0.0649666 0.0945971 0.0947679 0.0687006 0.0797375 0.0913674 0.0951946 0.0833317 0.0933356 0.0848840 0.0000000 0.1295415 0.1204098 0.0925238 0.0832110 0.0812261 0.0336642 0.0862750 0.0301987 0.0708623 0.0694695 0.0631885 0.0928095 0.1012819 0.0922213 0.0892361 0.0892361 
Didelphidae_Didelphis_virginiana             0.1387650 0.0961634 0.1006779 0.1422561 0.1178732 0.1085179 0.1152666 0.1027661 0.1182204 0.1091259 0.1120444 0.1078976 0.1184961 0.1150980 0.1344647 0.1074559 0.1093475 0.1126719 0.1038556 0.1328420 0.1295415 0.0000000 0.0368079 0.1108400 0.1427060 0.1040879 0.1057739 0.1368266 0.1095904 0.1190929 0.1170089 0.1057610 0.1036279 0.1129870 0.1097357 0.1336223 0.1336223 
Marmosidae_Monodelphis_domestica             0.1410391 0.1007682 0.1047598 0.1408878 0.1174290 0.1111622 0.1157849 0.1038289 0.1212283 0.1057211 0.1097615 0.1059035 0.1201599 0.1133690 0.1362243 0.1064964 0.1123324 0.1102255 0.1058817 0.1298982 0.1204098 0.0368079 0.0000000 0.1068087 0.1482696 0.1044479 0.1007982 0.1317158 0.1084939 0.1152543 0.1149998 0.1050625 0.1036413 0.1136758 0.1078413 0.1358635 0.1358635 
Dasyuridae_Antechinus_stuartii               0.1025845 0.0900087 0.0724407 0.1076270 0.0880859 0.0187672 0.0846950 0.0773830 0.0886318 0.0808448 0.0808300 0.0081829 0.0251908 0.0890819 0.1056357 0.0103202 0.0167171 0.0192793 0.0771101 0.0996270 0.0925238 0.1108400 0.1068087 0.0000000 0.1262060 0.0799012 0.0781996 0.1051916 0.0847903 0.0890512 0.0813183 0.0800829 0.0806134 0.0183184 0.0806266 0.0586055 0.0586055 
Hypsiprymnodontidae_Hypsiprymnodon_moschatus 0.1178676 0.1287134 0.0897411 0.0637839 0.0490990 0.1287168 0.0965696 0.0908085 0.0664546 0.1154728 0.0933468 0.1287812 0.1354978 0.0942007 0.1058208 0.1250756 0.1249876 0.1234605 0.1164615 0.0712852 0.0832110 0.1427060 0.1482696 0.1262060 0.0000000 0.1205240 0.0703337 0.0741829 0.0811204 0.1098955 0.0933890 0.0874790 0.1181545 0.1256146 0.1182714 0.1059720 0.1059720 
Microbiotheriidae_Dromiciops_gliroides       0.0993645 0.0884808 0.0709217 0.1103099 0.0881269 0.0832357 0.0840026 0.0774934 0.0892656 0.0817823 0.0799479 0.0835000 0.0874367 0.0872709 0.0986814 0.0837109 0.0787413 0.0768586 0.0791492 0.1002717 0.0812261 0.1040879 0.1044479 0.0799012 0.1205240 0.0000000 0.0704054 0.0999288 0.0764822 0.0843947 0.0803259 0.0788161 0.0824033 0.0824116 0.0848238 0.1052984 0.1052984 
Pseudochiridae_Petauroides_volans            0.0675792 0.0649695 0.0539702 0.0708054 0.0596995 0.0828336 0.0579166 0.0478639 0.0636975 0.0772323 0.0523195 0.0793145 0.0828389 0.0537017 0.0670538 0.0766892 0.0773829 0.0714530 0.0744514 0.0704732 0.0336642 0.1057739 0.1007982 0.0781996 0.0703337 0.0704054 0.0000000 0.0730693 0.0302994 0.0544882 0.0528390 0.0492964 0.0759657 0.0831541 0.0779156 0.0978047 0.0978047 
Macropodidae_Wallabia_bicolor                0.1063642 0.1119963 0.0793294 0.0335205 0.0316986 0.1076045 0.0837425 0.0759758 0.0391248 0.0948242 0.0762033 0.1115064 0.1171422 0.0808324 0.0909324 0.1099187 0.1088590 0.1024709 0.0970326 0.0160940 0.0862750 0.1368266 0.1317158 0.1051916 0.0741829 0.0999288 0.0730693 0.0000000 0.0779209 0.0995883 0.0804732 0.0737031 0.0901136 0.1106378 0.0955963 0.1110961 0.1110961 
Pseudochiridae_Pseudocheirus_occidentalis    0.0757328 0.0686664 0.0672591 0.0769016 0.0639021 0.0876376 0.0666723 0.0591635 0.0696432 0.0841650 0.0616111 0.0861107 0.0867148 0.0676375 0.0727635 0.0829058 0.0820597 0.0773594 0.0858039 0.0788420 0.0301987 0.1095904 0.1084939 0.0847903 0.0811204 0.0764822 0.0302994 0.0779209 0.0000000 0.0693394 0.0679548 0.0620201 0.0866173 0.0881152 0.0850629 0.0967036 0.0967036 
Tarsipedidae_Tarsipes_rostratus              0.0963991 0.0919567 0.0766302 0.1106708 0.0866808 0.0946884 0.0734300 0.0669086 0.0859466 0.1074766 0.0715928 0.0941797 0.0994733 0.0700503 0.0933279 0.0925561 0.0941012 0.0885716 0.1003621 0.0957470 0.0708623 0.1190929 0.1152543 0.0890512 0.1098955 0.0843947 0.0544882 0.0995883 0.0693394 0.0000000 0.0713023 0.0654737 0.1034589 0.0944305 0.1073540 0.0945189 0.0945189 
Acrobatidae_Distoechurus_pennatus            0.0800178 0.0895365 0.0589080 0.0863714 0.0691160 0.0825191 0.0653926 0.0587425 0.0713872 0.0838080 0.0598578 0.0831201 0.0931867 0.0641067 0.0443513 0.0849031 0.0816350 0.0774924 0.0829511 0.0759861 0.0694695 0.1170089 0.1149998 0.0813183 0.0933890 0.0803259 0.0528390 0.0804732 0.0679548 0.0713023 0.0000000 0.0566776 0.0838295 0.0834640 0.0835180 0.0989627 0.0989627 
Phalangeridae_Phalanger_carmelitae           0.0727214 0.0807107 0.0590209 0.0765603 0.0603298 0.0825874 0.0263727 0.0102050 0.0650468 0.0825001 0.0157323 0.0802963 0.0920782 0.0129075 0.0712659 0.0822065 0.0816046 0.0766786 0.0815624 0.0720174 0.0631885 0.1057610 0.1050625 0.0800829 0.0874790 0.0788161 0.0492964 0.0737031 0.0620201 0.0654737 0.0566776 0.0000000 0.0795519 0.0820920 0.0836952 0.1019960 0.1019960 
Peramelidae_Peroryctes_raffrayana            0.1035141 0.0900226 0.0775285 0.1011970 0.0841367 0.0808608 0.0921343 0.0789165 0.0878185 0.0200614 0.0838364 0.0833737 0.0895147 0.0913930 0.1051339 0.0809004 0.0822352 0.0729285 0.0130813 0.0870981 0.0928095 0.1036279 0.1036413 0.0806134 0.1181545 0.0824033 0.0759657 0.0901136 0.0866173 0.1034589 0.0838295 0.0795519 0.0000000 0.0813979 0.0198421 0.0937884 0.0937884 
Dasyuridae_Dasyurus_geffroii                 0.1114741 0.0898842 0.0782013 0.1163178 0.0931656 0.0059927 0.0917829 0.0836634 0.0932099 0.0809591 0.0856540 0.0209876 0.0299240 0.0939426 0.1112915 0.0233190 0.0090978 0.0221675 0.0770641 0.1045425 0.1012819 0.1129870 0.1136758 0.0183184 0.1256146 0.0824116 0.0831541 0.1106378 0.0881152 0.0944305 0.0834640 0.0820920 0.0813979 0.0000000 0.0807388 0.0575548 0.0575548 
Peramelidae_Perameles_gunnii                 0.1063881 0.0936166 0.0769213 0.1042678 0.0842327 0.0817049 0.0942284 0.0830703 0.0892278 0.0000010 0.0842550 0.0811025 0.0883446 0.0942250 0.1081993 0.0787977 0.0831737 0.0724025 0.0167704 0.0908680 0.0922213 0.1097357 0.1078413 0.0806266 0.1182714 0.0848238 0.0779156 0.0955963 0.0850629 0.1073540 0.0835180 0.0836952 0.0198421 0.0807388 0.0000000 0.0975450 0.0975450 
Myrmecobiidae_Myrmecobius_fasciatus1         0.2425367 0.1462700 0.1272298 0.1011816 0.1050538 0.0538676 0.1652630 0.1059080 0.1153900 0.0975450 0.1217724 0.0620088 0.0502827 0.1493354 0.1186702 0.0623461 0.0538463 0.0528458 0.0817502 0.1061857 0.0892361 0.1336223 0.1358635 0.0586055 0.1059720 0.1052984 0.0978047 0.1110961 0.0967036 0.0945189 0.0989627 0.1019960 0.0937884 0.0575548 0.0975450 0.0000000 0.0000010 
Myrmecobiidae_Myrmecobius_fasciatus2         0.2425367 0.1462700 0.1272298 0.1011816 0.1050538 0.0538676 0.1652630 0.1059080 0.1153900 0.0975450 0.1217724 0.0620088 0.0502827 0.1493354 0.1186702 0.0623461 0.0538463 0.0528458 0.0817502 0.1061857 0.0892361 0.1336223 0.1358635 0.0586055 0.1059720 0.1052984 0.0978047 0.1110961 0.0967036 0.0945189 0.0989627 0.1019960 0.0937884 0.0575548 0.0975450 0.0000010 0.0000000 
