37
Burramyidae_Burramys_parvus                  0.0000000 0.0895893 0.1084334 0.0895893 0.0674650 0.0763440 0.0755285 0.1022496 0.0589221 0.0558283 0.0796667 0.1228900 0.0600175 0.1049525 0.1004417 0.0579642 0.0784187 0.1070237 0.1007916 0.1329019 0.0774778 0.0868365 0.1332050 0.1196102 0.0712623 0.0965787 0.0716844 0.0735858 0.0855665 0.0887906 0.0720364 0.0554184 0.1262012 0.1017736 0.1206608 0.1068695 0.1083981 
Thylacomyidae_Macrotis_lagotis1              0.0895893 0.0000000 0.1186459 0.0000010 0.0857614 0.1183464 0.1178139 0.1365762 0.1073945 0.1192259 0.1216979 0.0034620 0.1281184 0.1436066 0.1337911 0.1135623 0.1025214 0.1425724 0.1336744 0.0030486 0.1232594 0.0949300 0.1378325 0.1299703 0.1229622 0.1367242 0.0946069 0.1354192 0.0916646 0.1027180 0.1143157 0.1100456 0.0043353 0.1342190 0.0035350 9.0000000 9.0000000 
Notoryctidae_Notoryctes_typhlops             0.1084334 0.1186459 0.0000000 0.1186459 0.1019437 0.1159814 0.1131957 0.1235608 0.1067360 0.1020651 0.1186748 0.1420944 0.1075269 0.1253935 0.1255517 0.1045045 0.1189819 0.1315025 0.1203851 0.1459924 0.1172079 0.1225795 0.1608944 0.1427321 0.1090039 0.1189505 0.1085567 0.1123609 0.1231278 0.1317133 0.1171247 0.1004923 0.1412028 0.1230054 0.1389298 0.1277293 0.1304557 
Thylacomyidae_Macrotis_lagotis2              0.0895893 0.0000010 0.1186459 0.0000000 0.0857614 0.1183464 0.1178139 0.1365762 0.1073945 0.1192259 0.1216979 0.0034620 0.1281184 0.1436066 0.1337911 0.1135623 0.1025214 0.1425724 0.1336744 0.0030486 0.1232594 0.0949300 0.1378325 0.1299703 0.1229622 0.1367242 0.0946069 0.1354192 0.0916646 0.1027180 0.1143157 0.1100456 0.0043353 0.1342190 0.0035350 9.0000000 9.0000000 
Vombatidae_Lasiorhinus_latifrons             0.0674650 0.0857614 0.1019437 0.0857614 0.0000000 0.0762554 0.0780239 0.0963133 0.0632522 0.0632385 0.0821317 0.1175071 0.0703829 0.0968730 0.0992087 0.0649683 0.0817567 0.1019981 0.0952806 0.1236319 0.0800400 0.0949889 0.1319328 0.1156093 0.0747419 0.0956758 0.0765017 0.0743706 0.0950856 0.1039624 0.0784819 0.0623547 0.1183909 0.0962078 0.1153682 0.0984816 0.1000061 
Potoroidae_Bettongia_penicillata             0.0763440 0.1183464 0.1159814 0.1183464 0.0762554 0.0000000 0.0019802 0.1041912 0.0726368 0.0718136 0.0160536 0.1364492 0.0794187 0.1055720 0.1104038 0.0730505 0.0858569 0.1089652 0.1044161 0.1411440 0.0333865 0.0899837 0.1432248 0.1261134 0.0480494 0.1057654 0.0775622 0.0296437 0.0916357 0.1016572 0.0833428 0.0713027 0.1361250 0.1056796 0.1342306 0.1106726 0.1094401 
Potoroidae_Bettongia_lesueur                 0.0755285 0.1178139 0.1131957 0.1178139 0.0780239 0.0019802 0.0000000 0.1027428 0.0729419 0.0709924 0.0156679 0.1352667 0.0785808 0.1045317 0.1093286 0.0714892 0.0846396 0.1077468 0.1029750 0.1395688 0.0336789 0.0898458 0.1429561 0.1280096 0.0483338 0.1064255 0.0770856 0.0293365 0.0922773 0.0998360 0.0817108 0.0704601 0.1335537 0.1042347 0.1330570 0.1097839 0.1091172 
Dasyuridae_Dasyurus_maculatus                0.1022496 0.1365762 0.1235608 0.1365762 0.0963133 0.1041912 0.1027428 0.0000000 0.1006927 0.0974520 0.1081930 0.1295131 0.1051787 0.0173558 0.0305330 0.0991529 0.1162914 0.0180045 0.0025912 0.1385870 0.1116244 0.1207997 0.1492813 0.1361506 0.1004272 0.1087035 0.1045618 0.1087818 0.1214094 0.1286645 0.1113193 0.0964669 0.1317536 0.0017890 0.1281750 0.0261539 0.0181616 
Phalangeridae_Trichosurus_vulpecula          0.0589221 0.1073945 0.1067360 0.1073945 0.0632522 0.0726368 0.0729419 0.1006927 0.0000000 0.0174682 0.0814860 0.1232207 0.0241788 0.1032069 0.1036591 0.0201208 0.0759388 0.1059729 0.1005281 0.1328633 0.0822321 0.0826422 0.1308020 0.1192114 0.0686227 0.0985841 0.0671651 0.0767041 0.0850739 0.0924601 0.0730901 0.0169810 0.1242201 0.1006202 0.1210262 0.1007969 0.1046593 
Phalangeridae_Spilocuscus_maculatus          0.0558283 0.1192259 0.1020651 0.1192259 0.0632385 0.0718136 0.0709924 0.0974520 0.0174682 0.0000000 0.0778867 0.1214926 0.0077578 0.1019055 0.1015698 0.0040154 0.0744878 0.1028710 0.0987500 0.1322197 0.0792993 0.0804533 0.1269169 0.1164141 0.0663899 0.0943349 0.0678134 0.0749076 0.0839565 0.0934043 0.0720776 0.0025950 0.1242237 0.0985782 0.1196186 0.0994764 0.1030742 
Potoroidae_Aepyprymnus_rufescens             0.0796667 0.1216979 0.1186748 0.1216979 0.0821317 0.0160536 0.0156679 0.1081930 0.0814860 0.0778867 0.0000000 0.1369790 0.0828271 0.1106121 0.1157481 0.0783342 0.0897528 0.1112527 0.1088628 0.1423588 0.0355106 0.0948290 0.1475190 0.1346397 0.0526932 0.1102055 0.0805086 0.0308636 0.0962624 0.1052731 0.0880282 0.0765628 0.1383699 0.1097425 0.1350529 0.1165657 0.1170549 
Peramelidae_Perameles_nasuta                 0.1228900 0.0034620 0.1420944 0.0034620 0.1175071 0.1364492 0.1352667 0.1295131 0.1232207 0.1214926 0.1369790 0.0000000 0.1266298 0.1347556 0.1398785 0.1254249 0.1352288 0.1413206 0.1302329 0.0251865 0.1356733 0.1535037 0.1752029 0.1569070 0.1298237 0.1328761 0.1285212 0.1360949 0.1552659 0.1501442 0.1320582 0.1207203 0.0177774 0.1299679 0.0001265 0.1302995 0.1320882 
Phalangeridae_Strigocuscus_pelengensis       0.0600175 0.1281184 0.1075269 0.1281184 0.0703829 0.0794187 0.0785808 0.1051787 0.0241788 0.0077578 0.0828271 0.1266298 0.0000000 0.1071117 0.1062319 0.0084186 0.0812151 0.1079300 0.1045689 0.1352009 0.0836154 0.0857647 0.1359931 0.1219591 0.0710344 0.1027985 0.0732803 0.0798935 0.0876504 0.0977067 0.0758470 0.0061349 0.1290922 0.1059360 0.1244141 0.1065753 0.1086990 
Dasyuridae_Phascogale_tapoatafa              0.1049525 0.1436066 0.1253935 0.1436066 0.0968730 0.1055720 0.1045317 0.0173558 0.1032069 0.1019055 0.1106121 0.1347556 0.1071117 0.0000000 0.0306982 0.1042227 0.1174371 0.0010690 0.0167832 0.1409274 0.1131322 0.1217607 0.1531144 0.1373057 0.1014698 0.1128516 0.1045360 0.1094443 0.1226964 0.1290874 0.1130564 0.1010135 0.1367666 0.0170971 0.1333945 0.0287150 0.0084330 
Dasyuridae_Sminthopsis_macroura              0.1004417 0.1337911 0.1255517 0.1337911 0.0992087 0.1104038 0.1093286 0.0305330 0.1036591 0.1015698 0.1157481 0.1398785 0.1062319 0.0306982 0.0000000 0.1035415 0.1169908 0.0338873 0.0291935 0.1465829 0.1152848 0.1261443 0.1560990 0.1427051 0.1047602 0.1132755 0.1108396 0.1135428 0.1240536 0.1314166 0.1110224 0.1003303 0.1390248 0.0312399 0.1375927 0.0257317 0.0320284 
Phalangeridae_Phalanger_orientalis           0.0579642 0.1135623 0.1045045 0.1135623 0.0649683 0.0730505 0.0714892 0.0991529 0.0201208 0.0040154 0.0783342 0.1254249 0.0084186 0.1042227 0.1035415 0.0000000 0.0765131 0.1041574 0.0989447 0.1338482 0.0819803 0.0815908 0.1319228 0.1195534 0.0658897 0.0974325 0.0696048 0.0768566 0.0844694 0.0966382 0.0732626 0.0011891 0.1258781 0.0994762 0.1232243 0.1033536 0.1066747 
Acrobatidae_Acrobates_pygmaeus               0.0784187 0.1025214 0.1189819 0.1025214 0.0817567 0.0858569 0.0846396 0.1162914 0.0759388 0.0744878 0.0897528 0.1352288 0.0812151 0.1174371 0.1169908 0.0765131 0.0000000 0.1193236 0.1156909 0.1446821 0.0887192 0.0894361 0.1487731 0.1360762 0.0826930 0.1113908 0.0779460 0.0869945 0.0889117 0.0992796 0.0443496 0.0726279 0.1372398 0.1182338 0.1342221 0.1149060 0.1221859 
Dasyuridae_Phascogale_calura                 0.1070237 0.1425724 0.1315025 0.1425724 0.1019981 0.1089652 0.1077468 0.0180045 0.1059729 0.1028710 0.1112527 0.1413206 0.1079300 0.0010690 0.0338873 0.1041574 0.1193236 0.0000000 0.0154704 0.1488580 0.1210842 0.1261166 0.1583111 0.1435176 0.1068317 0.1228094 0.1072693 0.1160550 0.1286227 0.1250791 0.1165540 0.1017592 0.1441835 0.0176880 0.1397119 0.0288433 0.0116334 
Dasyuridae_Sarcophilus_harrisii              0.1007916 0.1336744 0.1203851 0.1336744 0.0952806 0.1044161 0.1029750 0.0025912 0.1005281 0.0987500 0.1088628 0.1302329 0.1045689 0.0167832 0.0291935 0.0989447 0.1156909 0.0154704 0.0000000 0.1381449 0.1123166 0.1184366 0.1497817 0.1360545 0.0985662 0.1058983 0.1054108 0.1098578 0.1201843 0.1256539 0.1104260 0.0966615 0.1322922 0.0028215 0.1284541 0.0291036 0.0202077 
Peramelidae_Echymipera_kalubu                0.1329019 0.0030486 0.1459924 0.0030486 0.1236319 0.1411440 0.1395688 0.1385870 0.1328633 0.1322197 0.1423588 0.0251865 0.1352009 0.1409274 0.1465829 0.1338482 0.1446821 0.1488580 0.1381449 0.0000000 0.1420279 0.1643416 0.1797850 0.1636069 0.1362243 0.1387690 0.1415080 0.1410172 0.1675976 0.1669021 0.1382976 0.1295494 0.0235303 0.1391118 0.0252622 0.1455176 0.1422599 
Macropodidae_Dorcopsulus_vanheurni           0.0774778 0.1232594 0.1172079 0.1232594 0.0800400 0.0333865 0.0336789 0.1116244 0.0822321 0.0792993 0.0355106 0.1356733 0.0836154 0.1131322 0.1152848 0.0819803 0.0887192 0.1210842 0.1123166 0.1420279 0.0000000 0.0984536 0.1450343 0.1345528 0.0531001 0.1080729 0.0846597 0.0067631 0.0949871 0.1060485 0.0851751 0.0786525 0.1368253 0.1127392 0.1338828 0.1148759 0.1178776 
Pseudochiridae_Pseudochirulus_forbesi        0.0868365 0.0949300 0.1225795 0.0949300 0.0949889 0.0899837 0.0898458 0.1207997 0.0826422 0.0804533 0.0948290 0.1535037 0.0857647 0.1217607 0.1261443 0.0815908 0.0894361 0.1261166 0.1184366 0.1643416 0.0984536 0.0000000 0.1667908 0.1505007 0.0924990 0.1269970 0.0439671 0.0941676 0.0362688 0.0934305 0.0846731 0.0784273 0.1532477 0.1213677 0.1510398 0.1320186 0.1315999 
Didelphidae_Didelphis_virginiana             0.1332050 0.1378325 0.1608944 0.1378325 0.1319328 0.1432248 0.1429561 0.1492813 0.1308020 0.1269169 0.1475190 0.1752029 0.1359931 0.1531144 0.1560990 0.1319228 0.1487731 0.1583111 0.1497817 0.1797850 0.1450343 0.1667908 0.0000000 0.0373560 0.1406806 0.1469501 0.1491183 0.1417460 0.1623174 0.1637413 0.1445243 0.1276728 0.1760297 0.1490712 0.1733363 0.1737369 0.1672166 
Marmosidae_Monodelphis_domestica             0.1196102 0.1299703 0.1427321 0.1299703 0.1156093 0.1261134 0.1280096 0.1361506 0.1192114 0.1164141 0.1346397 0.1569070 0.1219591 0.1373057 0.1427051 0.1195534 0.1360762 0.1435176 0.1360545 0.1636069 0.1345528 0.1505007 0.0373560 0.0000000 0.1229388 0.1350042 0.1325552 0.1303503 0.1427391 0.1500927 0.1308980 0.1157909 0.1562121 0.1344389 0.1559388 0.1510343 0.1432063 
Hypsiprymnodontidae_Hypsiprymnodon_moschatus 0.0712623 0.1229622 0.1090039 0.1229622 0.0747419 0.0480494 0.0483338 0.1004272 0.0686227 0.0663899 0.0526932 0.1298237 0.0710344 0.1014698 0.1047602 0.0658897 0.0826930 0.1068317 0.0985662 0.1362243 0.0531001 0.0924990 0.1406806 0.1229388 0.0000000 0.1016124 0.0759614 0.0490798 0.0936625 0.1050998 0.0810277 0.0649068 0.1291403 0.0993028 0.1276024 0.1029113 0.1020722 
Microbiotheriidae_Dromiciops_gliroides       0.0965787 0.1367242 0.1189505 0.1367242 0.0956758 0.1057654 0.1064255 0.1087035 0.0985841 0.0943349 0.1102055 0.1328761 0.1027985 0.1128516 0.1132755 0.0974325 0.1113908 0.1228094 0.1058983 0.1387690 0.1080729 0.1269970 0.1469501 0.1350042 0.1016124 0.0000000 0.1106243 0.1054565 0.1260770 0.1258153 0.1149926 0.0937363 0.1317470 0.1090817 0.1316159 0.1130276 0.1126724 
Pseudochiridae_Petauroides_volans            0.0716844 0.0946069 0.1085567 0.0946069 0.0765017 0.0775622 0.0770856 0.1045618 0.0671651 0.0678134 0.0805086 0.1285212 0.0732803 0.1045360 0.1108396 0.0696048 0.0779460 0.1072693 0.1054108 0.1415080 0.0846597 0.0439671 0.1491183 0.1325552 0.0759614 0.1106243 0.0000000 0.0789612 0.0435467 0.0803434 0.0740701 0.0677561 0.1358199 0.1044130 0.1266941 0.1132527 0.1132700 
Macropodidae_Wallabia_bicolor                0.0735858 0.1354192 0.1123609 0.1354192 0.0743706 0.0296437 0.0293365 0.1087818 0.0767041 0.0749076 0.0308636 0.1360949 0.0798935 0.1094443 0.1135428 0.0768566 0.0869945 0.1160550 0.1098578 0.1410172 0.0067631 0.0941676 0.1417460 0.1303503 0.0490798 0.1054565 0.0789612 0.0000000 0.0909274 0.1039740 0.0844487 0.0745956 0.1362031 0.1105443 0.1346686 0.1127424 0.1126587 
Pseudochiridae_Pseudocheirus_occidentalis    0.0855665 0.0916646 0.1231278 0.0916646 0.0950856 0.0916357 0.0922773 0.1214094 0.0850739 0.0839565 0.0962624 0.1552659 0.0876504 0.1226964 0.1240536 0.0844694 0.0889117 0.1286227 0.1201843 0.1675976 0.0949871 0.0362688 0.1623174 0.1427391 0.0936625 0.1260770 0.0435467 0.0909274 0.0000000 0.0929870 0.0862589 0.0815364 0.1608237 0.1218330 0.1528904 0.1315532 0.1326944 
Tarsipedidae_Tarsipes_rostratus              0.0887906 0.1027180 0.1317133 0.1027180 0.1039624 0.1016572 0.0998360 0.1286645 0.0924601 0.0934043 0.1052731 0.1501442 0.0977067 0.1290874 0.1314166 0.0966382 0.0992796 0.1250791 0.1256539 0.1669021 0.1060485 0.0934305 0.1637413 0.1500927 0.1050998 0.1258153 0.0803434 0.1039740 0.0929870 0.0000000 0.0937591 0.0938395 0.1563397 0.1277872 0.1486711 0.1335319 0.1366837 
Acrobatidae_Distoechurus_pennatus            0.0720364 0.1143157 0.1171247 0.1143157 0.0784819 0.0833428 0.0817108 0.1113193 0.0730901 0.0720776 0.0880282 0.1320582 0.0758470 0.1130564 0.1110224 0.0732626 0.0443496 0.1165540 0.1104260 0.1382976 0.0851751 0.0846731 0.1445243 0.1308980 0.0810277 0.1149926 0.0740701 0.0844487 0.0862589 0.0937591 0.0000000 0.0701542 0.1363747 0.1118812 0.1306178 0.1117867 0.1153418 
Phalangeridae_Phalanger_carmelitae           0.0554184 0.1100456 0.1004923 0.1100456 0.0623547 0.0713027 0.0704601 0.0964669 0.0169810 0.0025950 0.0765628 0.1207203 0.0061349 0.1010135 0.1003303 0.0011891 0.0726279 0.1017592 0.0966615 0.1295494 0.0786525 0.0784273 0.1276728 0.1157909 0.0649068 0.0937363 0.0677561 0.0745956 0.0815364 0.0938395 0.0701542 0.0000000 0.1220735 0.0971947 0.1185409 0.0987283 0.1025716 
Peramelidae_Peroryctes_raffrayana            0.1262012 0.0043353 0.1412028 0.0043353 0.1183909 0.1361250 0.1335537 0.1317536 0.1242201 0.1242237 0.1383699 0.0177774 0.1290922 0.1367666 0.1390248 0.1258781 0.1372398 0.1441835 0.1322922 0.0235303 0.1368253 0.1532477 0.1760297 0.1562121 0.1291403 0.1317470 0.1358199 0.1362031 0.1608237 0.1563397 0.1363747 0.1220735 0.0000000 0.1322794 0.0174907 0.1315227 0.1323400 
Dasyuridae_Dasyurus_geffroii                 0.1017736 0.1342190 0.1230054 0.1342190 0.0962078 0.1056796 0.1042347 0.0017890 0.1006202 0.0985782 0.1097425 0.1299679 0.1059360 0.0170971 0.0312399 0.0994762 0.1182338 0.0176880 0.0028215 0.1391118 0.1127392 0.1213677 0.1490712 0.1344389 0.0993028 0.1090817 0.1044130 0.1105443 0.1218330 0.1277872 0.1118812 0.0971947 0.1322794 0.0000000 0.1286690 0.0283571 0.0188778 
Peramelidae_Perameles_gunnii                 0.1206608 0.0035350 0.1389298 0.0035350 0.1153682 0.1342306 0.1330570 0.1281750 0.1210262 0.1196186 0.1350529 0.0001265 0.1244141 0.1333945 0.1375927 0.1232243 0.1342221 0.1397119 0.1284541 0.0252622 0.1338828 0.1510398 0.1733363 0.1559388 0.1276024 0.1316159 0.1266941 0.1346686 0.1528904 0.1486711 0.1306178 0.1185409 0.0174907 0.1286690 0.0000000 0.1280672 0.1295287 
Dasyuridae_Planigale_tenuirostris            0.1068695 9.0000000 0.1277293 9.0000000 0.0984816 0.1106726 0.1097839 0.0261539 0.1007969 0.0994764 0.1165657 0.1302995 0.1065753 0.0287150 0.0257317 0.1033536 0.1149060 0.0288433 0.0291036 0.1455176 0.1148759 0.1320186 0.1737369 0.1510343 0.1029113 0.1130276 0.1132527 0.1127424 0.1315532 0.1335319 0.1117867 0.0987283 0.1315227 0.0283571 0.1280672 0.0000000 0.0282463 
Dasyuridae_Antechinus_stuartii               0.1083981 9.0000000 0.1304557 9.0000000 0.1000061 0.1094401 0.1091172 0.0181616 0.1046593 0.1030742 0.1170549 0.1320882 0.1086990 0.0084330 0.0320284 0.1066747 0.1221859 0.0116334 0.0202077 0.1422599 0.1178776 0.1315999 0.1672166 0.1432063 0.1020722 0.1126724 0.1132700 0.1126587 0.1326944 0.1366837 0.1153418 0.1025716 0.1323400 0.0188778 0.1295287 0.0282463 0.0000000 
