35
Burramyidae_Burramys_parvus                  0.0000000 0.0669927 0.0515614 0.0743881 0.0795152 0.0667558 0.0510865 0.0546914 0.0757188 0.0531422 0.0665934 0.0696637 0.0530080 0.0594176 0.0650095 0.0640470 0.0661351 0.0788874 0.0659587 0.0630551 0.0864195 0.0882703 0.0618402 0.0629754 0.0737930 0.0634372 0.0646718 0.0645388 0.0754286 0.0689667 0.0556031 0.0782393 0.0663058 0.0741233 0.0639482 
Notoryctidae_Notoryctes_typhlops             0.0669927 0.0000000 0.0606626 0.0889989 0.0962779 0.0696909 0.0653769 0.0707221 0.0752306 0.0686141 0.0666882 0.0727815 0.0649081 0.0751811 0.0662309 0.0663770 0.0669235 0.0791683 0.0774903 0.0774034 0.0859182 0.0843169 0.0624640 0.0792068 0.0779549 0.0787253 0.0760785 0.0764928 0.0904166 0.0848063 0.0681542 0.0742755 0.0669662 0.0741872 0.0842717 
Vombatidae_Lasiorhinus_latifrons             0.0515614 0.0606626 0.0000000 0.0678623 0.0715723 0.0599330 0.0477970 0.0526322 0.0695116 0.0491379 0.0585050 0.0605151 0.0490555 0.0555920 0.0582166 0.0570811 0.0615170 0.0725583 0.0543440 0.0609379 0.0798549 0.0777531 0.0534671 0.0496890 0.0652934 0.0594248 0.0545368 0.0593981 0.0670142 0.0650153 0.0534740 0.0722563 0.0559416 0.0679119 0.0633927 
Potoroidae_Bettongia_penicillata             0.0743881 0.0889989 0.0678623 0.0000000 0.0163126 0.0809259 0.0702128 0.0706871 0.0851983 0.0653349 0.0776384 0.0803469 0.0659919 0.0710947 0.0789775 0.0787574 0.0804217 0.0848261 0.0360372 0.0775908 0.0940195 0.0958699 0.0753030 0.0416108 0.0902184 0.0750630 0.0350359 0.0752386 0.0834175 0.0769833 0.0692190 0.0888709 0.0799614 0.0839404 0.0194923 
Potoroidae_Bettongia_lesueur                 0.0795152 0.0962779 0.0715723 0.0163126 0.0000000 0.0866809 0.0756522 0.0761642 0.0947406 0.0725223 0.0834006 0.0867278 0.0719692 0.0774931 0.0835093 0.0838320 0.0846350 0.0970361 0.0421321 0.0732259 0.1017933 0.1053399 0.0799777 0.0500929 0.0961088 0.0773006 0.0422546 0.0739905 0.0909581 0.0829130 0.0752028 0.0993756 0.0863362 0.0939428 0.0261070 
Dasyuridae_Dasyurus_maculatus                0.0667558 0.0696909 0.0599330 0.0809259 0.0866809 0.0000000 0.0582601 0.0642637 0.0732840 0.0615653 0.0199840 0.0211649 0.0602373 0.0651482 0.0198707 0.0078145 0.0220482 0.0777923 0.0682693 0.0737309 0.0820433 0.0782292 0.0158425 0.0699173 0.0673644 0.0714158 0.0698659 0.0715989 0.0852618 0.0725059 0.0628575 0.0793568 0.0062517 0.0710889 0.0713413 
Phalangeridae_Trichosurus_vulpecula          0.0510865 0.0653769 0.0477970 0.0702128 0.0756522 0.0582601 0.0000000 0.0218101 0.0708176 0.0202587 0.0603312 0.0639859 0.0185708 0.0548305 0.0599185 0.0572420 0.0604597 0.0713789 0.0603457 0.0586274 0.0746500 0.0776050 0.0572595 0.0574410 0.0711813 0.0550329 0.0572629 0.0562396 0.0657971 0.0610542 0.0217242 0.0749491 0.0560991 0.0692738 0.0635985 
Phalangeridae_Spilocuscus_maculatus          0.0546914 0.0707221 0.0526322 0.0706871 0.0761642 0.0642637 0.0218101 0.0000000 0.0704315 0.0121550 0.0629102 0.0659921 0.0089432 0.0585357 0.0630429 0.0620958 0.0606978 0.0710821 0.0601581 0.0592910 0.0798373 0.0834600 0.0598656 0.0555077 0.0724295 0.0581501 0.0576271 0.0547237 0.0708123 0.0626912 0.0115721 0.0763846 0.0601638 0.0688911 0.0611878 
Peramelidae_Perameles_nasuta                 0.0757188 0.0752306 0.0695116 0.0851983 0.0947406 0.0732840 0.0708176 0.0704315 0.0000000 0.0664307 0.0730850 0.0741168 0.0637599 0.0751883 0.0739084 0.0710651 0.0709827 0.0183431 0.0774490 0.0822084 0.0830938 0.0844510 0.0690144 0.0743860 0.0834339 0.0830337 0.0750587 0.0791394 0.0924898 0.0833307 0.0658135 0.0204806 0.0712413 0.0005301 0.0762158 
Phalangeridae_Strigocuscus_pelengensis       0.0531422 0.0686141 0.0491379 0.0653349 0.0725223 0.0615653 0.0202587 0.0121550 0.0664307 0.0000000 0.0607866 0.0632451 0.0084238 0.0535686 0.0609874 0.0582818 0.0605372 0.0713793 0.0583423 0.0577265 0.0781225 0.0812506 0.0570309 0.0531095 0.0684049 0.0541951 0.0564005 0.0531543 0.0680651 0.0608981 0.0115903 0.0739427 0.0570815 0.0655702 0.0605562 
Dasyuridae_Phascogale_tapoatafa              0.0665934 0.0666882 0.0585050 0.0776384 0.0834006 0.0199840 0.0603312 0.0629102 0.0730850 0.0607866 0.0000000 0.0239989 0.0594536 0.0648771 0.0077882 0.0190000 0.0221509 0.0751683 0.0651175 0.0700140 0.0758963 0.0734365 0.0121479 0.0685133 0.0666212 0.0690594 0.0672892 0.0661286 0.0815214 0.0717965 0.0626783 0.0772520 0.0178320 0.0714827 0.0688384 
Dasyuridae_Sminthopsis_macroura              0.0696637 0.0727815 0.0605151 0.0803469 0.0867278 0.0211649 0.0639859 0.0659921 0.0741168 0.0632451 0.0239989 0.0000000 0.0624918 0.0679586 0.0233019 0.0201625 0.0199779 0.0773939 0.0664364 0.0740653 0.0847797 0.0833383 0.0192663 0.0682330 0.0687141 0.0727539 0.0680267 0.0717446 0.0834627 0.0714006 0.0651578 0.0784567 0.0197664 0.0724833 0.0718657 
Phalangeridae_Phalanger_orientalis           0.0530080 0.0649081 0.0490555 0.0659919 0.0719692 0.0602373 0.0185708 0.0089432 0.0637599 0.0084238 0.0594536 0.0624918 0.0000000 0.0533164 0.0596092 0.0574910 0.0580658 0.0654588 0.0555125 0.0557558 0.0749316 0.0780593 0.0557040 0.0520416 0.0687541 0.0534923 0.0535840 0.0496439 0.0654771 0.0561717 0.0025936 0.0703587 0.0550358 0.0623687 0.0599822 
Acrobatidae_Acrobates_pygmaeus               0.0594176 0.0751811 0.0555920 0.0710947 0.0774931 0.0651482 0.0548305 0.0585357 0.0751883 0.0535686 0.0648771 0.0679586 0.0533164 0.0000000 0.0634750 0.0614247 0.0683406 0.0792919 0.0603802 0.0608516 0.0825877 0.0862452 0.0612526 0.0637150 0.0749582 0.0574253 0.0625102 0.0619342 0.0669789 0.0496739 0.0553722 0.0795556 0.0624207 0.0730928 0.0629851 
Dasyuridae_Phascogale_calura                 0.0650095 0.0662309 0.0582166 0.0789775 0.0835093 0.0198707 0.0599185 0.0630429 0.0739084 0.0609874 0.0077882 0.0233019 0.0596092 0.0634750 0.0000000 0.0168011 0.0220400 0.0754058 0.0659043 0.0695811 0.0755875 0.0731121 0.0115599 0.0687393 0.0656139 0.0664474 0.0680720 0.0668626 0.0822431 0.0701350 0.0628121 0.0775708 0.0177710 0.0722955 0.0705070 
Dasyuridae_Sarcophilus_harrisii              0.0640470 0.0663770 0.0570811 0.0787574 0.0838320 0.0078145 0.0572420 0.0620958 0.0710651 0.0582818 0.0190000 0.0201625 0.0574910 0.0614247 0.0168011 0.0000000 0.0191923 0.0749635 0.0661384 0.0702037 0.0800016 0.0774479 0.0148395 0.0677619 0.0646115 0.0684598 0.0656914 0.0701108 0.0812559 0.0673815 0.0606716 0.0756229 0.0068598 0.0689157 0.0692474 
Dasyuridae_Planigale_tenuirostris            0.0661351 0.0669235 0.0615170 0.0804217 0.0846350 0.0220482 0.0604597 0.0606978 0.0709827 0.0605372 0.0221509 0.0199779 0.0580658 0.0683406 0.0220400 0.0191923 0.0000000 0.0728242 0.0644446 0.0698651 0.0788328 0.0757812 0.0175159 0.0654468 0.0616482 0.0700323 0.0650893 0.0685401 0.0801880 0.0715425 0.0616266 0.0741111 0.0192235 0.0689546 0.0716141 
Peramelidae_Echymipera_kalubu                0.0788874 0.0791683 0.0725583 0.0848261 0.0970361 0.0777923 0.0713789 0.0710821 0.0183431 0.0713793 0.0751683 0.0773939 0.0654588 0.0792919 0.0754058 0.0749635 0.0728242 0.0000000 0.0774005 0.0847482 0.0842828 0.0856615 0.0720309 0.0748373 0.0808465 0.0837087 0.0767453 0.0824420 0.0921252 0.0838405 0.0687462 0.0164467 0.0748263 0.0184874 0.0798802 
Macropodidae_Dorcopsulus_vanheurni           0.0659587 0.0774903 0.0543440 0.0360372 0.0421321 0.0682693 0.0603457 0.0601581 0.0774490 0.0583423 0.0651175 0.0664364 0.0555125 0.0603802 0.0659043 0.0661384 0.0644446 0.0774005 0.0000000 0.0665044 0.0835997 0.0861559 0.0615630 0.0366870 0.0803098 0.0661353 0.0132570 0.0639895 0.0730622 0.0679589 0.0581525 0.0779418 0.0659156 0.0751637 0.0279515 
Pseudochiridae_Pseudochirulus_forbesi        0.0630551 0.0774034 0.0609379 0.0775908 0.0732259 0.0737309 0.0586274 0.0592910 0.0822084 0.0577265 0.0700140 0.0740653 0.0557558 0.0608516 0.0695811 0.0702037 0.0698651 0.0847482 0.0665044 0.0000000 0.0909542 0.0966045 0.0662857 0.0683435 0.0683285 0.0441069 0.0680803 0.0194406 0.0667615 0.0696445 0.0577995 0.0835507 0.0720061 0.0822318 0.0691013 
Didelphidae_Didelphis_virginiana             0.0864195 0.0859182 0.0798549 0.0940195 0.1017933 0.0820433 0.0746500 0.0798373 0.0830938 0.0781225 0.0758963 0.0847797 0.0749316 0.0825877 0.0755875 0.0800016 0.0788328 0.0842828 0.0835997 0.0909542 0.0000000 0.0266736 0.0745975 0.0823236 0.0934785 0.0911909 0.0848410 0.0917161 0.0950758 0.0926914 0.0777048 0.0816995 0.0745898 0.0825313 0.0903358 
Marmosidae_Monodelphis_domestica             0.0882703 0.0843169 0.0777531 0.0958699 0.1053399 0.0782292 0.0776050 0.0834600 0.0844510 0.0812506 0.0734365 0.0833383 0.0780593 0.0862452 0.0731121 0.0774479 0.0757812 0.0856615 0.0861559 0.0966045 0.0266736 0.0000000 0.0728218 0.0848305 0.0934560 0.0949729 0.0872324 0.0950526 0.0988948 0.0952971 0.0807142 0.0850010 0.0739497 0.0832360 0.0931130 
Dasyuridae_Antechinus_stuartii               0.0618402 0.0624640 0.0534671 0.0753030 0.0799777 0.0158425 0.0572595 0.0598656 0.0690144 0.0570309 0.0121479 0.0192663 0.0557040 0.0612526 0.0115599 0.0148395 0.0175159 0.0720309 0.0615630 0.0662857 0.0745975 0.0728218 0.0000000 0.0638312 0.0628273 0.0671061 0.0636584 0.0666268 0.0772338 0.0675123 0.0590559 0.0722924 0.0156330 0.0668851 0.0692403 
Hypsiprymnodontidae_Hypsiprymnodon_moschatus 0.0629754 0.0792068 0.0496890 0.0416108 0.0500929 0.0699173 0.0574410 0.0555077 0.0743860 0.0531095 0.0685133 0.0682330 0.0520416 0.0637150 0.0687393 0.0677619 0.0654468 0.0748373 0.0366870 0.0683435 0.0823236 0.0848305 0.0638312 0.0000000 0.0832146 0.0686291 0.0357506 0.0669415 0.0786581 0.0688969 0.0563416 0.0802810 0.0657503 0.0727665 0.0316952 
Microbiotheriidae_Dromiciops_gliroides       0.0737930 0.0779549 0.0652934 0.0902184 0.0961088 0.0673644 0.0711813 0.0724295 0.0834339 0.0684049 0.0666212 0.0687141 0.0687541 0.0749582 0.0656139 0.0646115 0.0616482 0.0808465 0.0803098 0.0683285 0.0934785 0.0934560 0.0628273 0.0832146 0.0000000 0.0763137 0.0813451 0.0681169 0.0902330 0.0808543 0.0722254 0.0832556 0.0672391 0.0824460 0.0769219 
Pseudochiridae_Petauroides_volans            0.0634372 0.0787253 0.0594248 0.0750630 0.0773006 0.0714158 0.0550329 0.0581501 0.0830337 0.0541951 0.0690594 0.0727539 0.0534923 0.0574253 0.0664474 0.0684598 0.0700323 0.0837087 0.0661353 0.0441069 0.0911909 0.0949729 0.0671061 0.0686291 0.0763137 0.0000000 0.0660838 0.0384249 0.0690660 0.0664289 0.0573397 0.0817201 0.0714515 0.0839647 0.0680584 
Macropodidae_Wallabia_bicolor                0.0646718 0.0760785 0.0545368 0.0350359 0.0422546 0.0698659 0.0572629 0.0576271 0.0750587 0.0564005 0.0672892 0.0680267 0.0535840 0.0625102 0.0680720 0.0656914 0.0650893 0.0767453 0.0132570 0.0680803 0.0848410 0.0872324 0.0636584 0.0357506 0.0813451 0.0660838 0.0000000 0.0660795 0.0699147 0.0662712 0.0556569 0.0766257 0.0683691 0.0733499 0.0261755 
Pseudochiridae_Pseudocheirus_occidentalis    0.0645388 0.0764928 0.0593981 0.0752386 0.0739905 0.0715989 0.0562396 0.0547237 0.0791394 0.0531543 0.0661286 0.0717446 0.0496439 0.0619342 0.0668626 0.0701108 0.0685401 0.0824420 0.0639895 0.0194406 0.0917161 0.0950526 0.0666268 0.0669415 0.0681169 0.0384249 0.0660795 0.0000000 0.0670436 0.0693459 0.0539525 0.0838168 0.0696620 0.0797704 0.0678638 
Tarsipedidae_Tarsipes_rostratus              0.0754286 0.0904166 0.0670142 0.0834175 0.0909581 0.0852618 0.0657971 0.0708123 0.0924898 0.0680651 0.0815214 0.0834627 0.0654771 0.0669789 0.0822431 0.0812559 0.0801880 0.0921252 0.0730622 0.0667615 0.0950758 0.0988948 0.0772338 0.0786581 0.0902330 0.0690660 0.0699147 0.0670436 0.0000000 0.0711327 0.0670833 0.0935569 0.0845277 0.0904073 0.0720341 
Acrobatidae_Distoechurus_pennatus            0.0689667 0.0848063 0.0650153 0.0769833 0.0829130 0.0725059 0.0610542 0.0626912 0.0833307 0.0608981 0.0717965 0.0714006 0.0561717 0.0496739 0.0701350 0.0673815 0.0715425 0.0838405 0.0679589 0.0696445 0.0926914 0.0952971 0.0675123 0.0688969 0.0808543 0.0664289 0.0662712 0.0693459 0.0711327 0.0000000 0.0593130 0.0868948 0.0716048 0.0808847 0.0648044 
Phalangeridae_Phalanger_carmelitae           0.0556031 0.0681542 0.0534740 0.0692190 0.0752028 0.0628575 0.0217242 0.0115721 0.0658135 0.0115903 0.0626783 0.0651578 0.0025936 0.0553722 0.0628121 0.0606716 0.0616266 0.0687462 0.0581525 0.0577995 0.0777048 0.0807142 0.0590559 0.0563416 0.0722254 0.0573397 0.0556569 0.0539525 0.0670833 0.0593130 0.0000000 0.0736501 0.0592823 0.0643841 0.0597419 
Peramelidae_Peroryctes_raffrayana            0.0782393 0.0742755 0.0722563 0.0888709 0.0993756 0.0793568 0.0749491 0.0763846 0.0204806 0.0739427 0.0772520 0.0784567 0.0703587 0.0795556 0.0775708 0.0756229 0.0741111 0.0164467 0.0779418 0.0835507 0.0816995 0.0850010 0.0722924 0.0802810 0.0832556 0.0817201 0.0766257 0.0838168 0.0935569 0.0868948 0.0736501 0.0000000 0.0750291 0.0198821 0.0818567 
Dasyuridae_Dasyurus_geffroii                 0.0663058 0.0669662 0.0559416 0.0799614 0.0863362 0.0062517 0.0560991 0.0601638 0.0712413 0.0570815 0.0178320 0.0197664 0.0550358 0.0624207 0.0177710 0.0068598 0.0192235 0.0748263 0.0659156 0.0720061 0.0745898 0.0739497 0.0156330 0.0657503 0.0672391 0.0714515 0.0683691 0.0696620 0.0845277 0.0716048 0.0592823 0.0750291 0.0000000 0.0688695 0.0740597 
Peramelidae_Perameles_gunnii                 0.0741233 0.0741872 0.0679119 0.0839404 0.0939428 0.0710889 0.0692738 0.0688911 0.0005301 0.0655702 0.0714827 0.0724833 0.0623687 0.0730928 0.0722955 0.0689157 0.0689546 0.0184874 0.0751637 0.0822318 0.0825313 0.0832360 0.0668851 0.0727665 0.0824460 0.0839647 0.0733499 0.0797704 0.0904073 0.0808847 0.0643841 0.0198821 0.0688695 0.0000000 0.0743362 
Potoroidae_Aepyprymnus_rufescens             0.0639482 0.0842717 0.0633927 0.0194923 0.0261070 0.0713413 0.0635985 0.0611878 0.0762158 0.0605562 0.0688384 0.0718657 0.0599822 0.0629851 0.0705070 0.0692474 0.0716141 0.0798802 0.0279515 0.0691013 0.0903358 0.0931130 0.0692403 0.0316952 0.0769219 0.0680584 0.0261755 0.0678638 0.0720341 0.0648044 0.0597419 0.0818567 0.0740597 0.0743362 0.0000000 
