200
I0185_86_Accipitridae_Buteo_jamaicensis                   0.0000000 0.0462458 0.0454138 0.0428372 0.0551110 0.0449575 0.0626264 0.0388586 0.0412746 0.0663507 0.0675588 0.0349789 0.0542228 0.0509027 0.0534565 0.0530479 0.0433009 0.0216543 0.0582359 0.0276788 0.0544946 0.0331165 0.0556530 0.0297593 0.0304606 0.0256082 0.0419944 0.0313405 0.0692157 0.0624596 0.0669203 0.0298554 0.0527428 0.0561052 0.0550752 0.0568417 0.0398712 0.0647499 0.0538303 0.0595921 0.0558655 0.0687233 0.0565004 0.0513675 0.1010426 0.0767783 0.0848447 0.0604619 0.0705261 0.0479642 0.0491602 0.0352238 0.0533451 0.0548994 0.0287705 0.0431380 0.0527566 0.0563459 0.0405787 0.0376652 0.0330665 0.0470149 0.0497489 0.0328741 0.0321583 0.0717467 0.0506636 0.0637003 0.0486018 0.0306356 0.0353653 0.0642923 0.0625502 0.0373972 0.0633052 0.0588997 0.0549195 0.0532053 0.0366296 0.0331008 0.0530280 0.0594206 0.0331241 0.0090147 0.0334342 0.0413624 0.0403224 0.0486877 0.0464079 0.0275029 0.0229281 0.0584372 0.0690117 0.0538374 0.0409519 0.0344482 0.0259015 0.0545387 0.0405592 0.0588033 0.0626569 0.0251967 0.0684031 0.0312131 0.0239141 0.0269642 0.0455029 0.0485183 0.0567473 0.0483555 0.0342455 0.0309823 0.0355622 0.0430912 0.0672157 0.0348544 0.0491057 0.0649131 0.0312582 0.0251834 0.0580128 0.0489454 0.0323102 0.0549137 0.0588122 0.0604090 0.0417087 0.0282695 0.0204282 0.0275243 0.0547581 0.0430140 0.0382554 0.0582038 0.0293576 0.0757759 0.0351253 0.0370879 0.0265557 0.0425450 0.0660436 0.0611055 0.0367656 0.0594022 0.0351056 0.0498426 0.0379751 0.0264045 0.0306142 0.0266579 0.0478396 0.0341055 0.0685875 0.0520482 0.0394725 0.0270630 0.0518681 0.0639370 0.0468726 0.0528553 0.0246711 0.0303986 0.0307448 0.0332783 0.0300784 0.0347936 0.0465459 0.0487542 0.0478277 0.0599782 0.0428157 0.0495617 0.0551380 0.0572177 0.0395789 0.0905881 0.0308092 0.0414777 0.0324940 0.0587667 0.0514660 0.0625891 0.0279592 0.0191677 0.0265204 0.0331443 0.0622570 0.0297739 0.0640437 0.0604679 0.0539328 0.0522382 0.1287545 0.1279432 0.0511422 0.0652519 0.0620040 0.0477858 0.0420347 0.0577212 
I0186_111_Momotidae_Momotus_lessonii                      0.0462458 0.0000000 0.0552710 0.0560077 0.0671547 0.0539023 0.0695271 0.0484519 0.0542105 0.0580932 0.0715658 0.0467220 0.0653741 0.0593641 0.0527125 0.0644527 0.0528080 0.0375545 0.0668117 0.0421601 0.0641074 0.0475104 0.0659632 0.0443647 0.0455186 0.0417257 0.0563209 0.0456056 0.0757376 0.0728408 0.0751358 0.0459608 0.0633831 0.0661445 0.0642616 0.0665999 0.0529182 0.0758776 0.0639910 0.0713103 0.0668292 0.0804516 0.0676252 0.0622224 0.1085586 0.0862414 0.0933534 0.0697898 0.0789568 0.0436858 0.0600391 0.0509550 0.0642112 0.0656613 0.0427010 0.0576363 0.0625933 0.0657319 0.0539564 0.0528052 0.0471605 0.0588344 0.0621940 0.0486028 0.0465250 0.0831174 0.0621265 0.0734632 0.0602766 0.0463138 0.0509309 0.0731676 0.0728252 0.0517071 0.0687721 0.0729787 0.0653557 0.0638897 0.0486108 0.0485645 0.0633746 0.0652767 0.0440823 0.0461822 0.0478399 0.0567166 0.0385061 0.0587147 0.0569108 0.0432811 0.0389812 0.0686018 0.0807214 0.0646338 0.0555726 0.0489689 0.0419435 0.0663397 0.0446159 0.0695038 0.0695761 0.0402750 0.0772543 0.0459582 0.0432250 0.0431441 0.0564529 0.0514650 0.0676091 0.0594934 0.0461618 0.0443879 0.0490092 0.0585588 0.0792535 0.0489942 0.0623637 0.0777175 0.0464716 0.0414875 0.0679863 0.0624555 0.0464570 0.0638549 0.0696519 0.0735597 0.0559841 0.0435729 0.0463809 0.0428087 0.0653625 0.0574105 0.0536984 0.0725842 0.0451726 0.0853248 0.0487505 0.0512262 0.0419007 0.0567954 0.0696938 0.0725156 0.0501300 0.0681171 0.0498493 0.0615130 0.0512094 0.0422791 0.0461909 0.0425339 0.0598379 0.0480654 0.0797290 0.0609754 0.0513370 0.0426524 0.0611649 0.0786745 0.0601664 0.0633731 0.0403845 0.0446923 0.0461692 0.0465120 0.0454612 0.0487662 0.0588580 0.0613967 0.0605557 0.0714296 0.0527324 0.0610473 0.0649179 0.0661688 0.0505754 0.1000152 0.0467930 0.0538535 0.0472060 0.0681198 0.0628417 0.0748227 0.0429525 0.0432746 0.0419930 0.0466574 0.0770455 0.0451796 0.0727938 0.0712587 0.0654438 0.0635674 0.1424813 0.1397682 0.0632261 0.0749314 0.0728222 0.0595900 0.0508147 0.0653944 
I0187_115_Trogonidae_Trogon_elegans                       0.0454138 0.0552710 0.0000000 0.0558612 0.0665432 0.0190071 0.0735871 0.0519442 0.0540903 0.0730696 0.0758859 0.0488956 0.0667460 0.0606995 0.0619246 0.0652783 0.0552468 0.0380125 0.0686834 0.0418447 0.0662562 0.0474784 0.0668082 0.0435939 0.0457052 0.0419679 0.0559466 0.0465738 0.0795228 0.0736200 0.0772639 0.0460013 0.0652696 0.0669227 0.0669658 0.0679509 0.0543950 0.0780033 0.0652124 0.0721936 0.0673608 0.0806936 0.0685299 0.0627413 0.1102454 0.0871862 0.0960405 0.0725287 0.0796379 0.0559085 0.0629028 0.0509223 0.0658857 0.0666190 0.0423788 0.0577610 0.0643260 0.0673854 0.0541597 0.0531757 0.0466472 0.0616321 0.0632375 0.0477380 0.0451881 0.0841173 0.0628721 0.0746637 0.0618110 0.0455015 0.0507980 0.0747494 0.0741601 0.0524248 0.0735518 0.0732308 0.0663574 0.0654201 0.0495717 0.0481150 0.0646610 0.0688412 0.0464610 0.0452402 0.0470337 0.0564199 0.0513903 0.0601009 0.0576757 0.0433967 0.0395468 0.0706244 0.0810874 0.0650374 0.0566588 0.0502645 0.0410533 0.0664461 0.0524776 0.0703368 0.0728033 0.0414421 0.0790571 0.0459368 0.0425450 0.0430127 0.0572845 0.0573057 0.0677969 0.0600742 0.0477574 0.0455297 0.0496172 0.0594859 0.0797211 0.0484050 0.0646352 0.0784385 0.0474131 0.0410452 0.0692897 0.0622587 0.0468408 0.0655131 0.0704473 0.0741676 0.0570504 0.0431309 0.0474197 0.0427693 0.0660799 0.0576666 0.0533386 0.0719522 0.0437714 0.0862197 0.0493587 0.0515304 0.0419960 0.0561050 0.0758242 0.0730281 0.0514590 0.0700976 0.0497247 0.0617035 0.0513232 0.0418814 0.0461420 0.0415175 0.0589735 0.0489444 0.0802428 0.0643383 0.0523863 0.0431844 0.0640085 0.0777493 0.0605190 0.0648553 0.0404113 0.0453544 0.0460059 0.0465876 0.0454143 0.0496908 0.0608036 0.0628089 0.0590808 0.0723223 0.0551773 0.0597273 0.0667691 0.0685112 0.0515988 0.1013592 0.0466386 0.0555285 0.0458859 0.0695235 0.0636824 0.0755058 0.0433025 0.0429804 0.0416867 0.0475461 0.0777094 0.0450368 0.0762422 0.0736005 0.0670858 0.0646436 0.1412507 0.1417934 0.0638173 0.0780456 0.0744943 0.0607766 0.0520988 0.0708803 
I0188_135_Apodidae_Streptoprocne_zonaris                  0.0428372 0.0560077 0.0558612 0.0000000 0.0651044 0.0558968 0.0716405 0.0487901 0.0500747 0.0723499 0.0730338 0.0458549 0.0632311 0.0592265 0.0604874 0.0628392 0.0501403 0.0351454 0.0685095 0.0384487 0.0648427 0.0437605 0.0647074 0.0416470 0.0416205 0.0378634 0.0520282 0.0418704 0.0782667 0.0714600 0.0751048 0.0421442 0.0626007 0.0652189 0.0514139 0.0520366 0.0500209 0.0750575 0.0626063 0.0692361 0.0665425 0.0791573 0.0660973 0.0610257 0.1079512 0.0849191 0.0922208 0.0692274 0.0781028 0.0575798 0.0563566 0.0480976 0.0635108 0.0645202 0.0390671 0.0530203 0.0632257 0.0637908 0.0495755 0.0473351 0.0433523 0.0598579 0.0230998 0.0448053 0.0414632 0.0817832 0.0613788 0.0740509 0.0597525 0.0422984 0.0449755 0.0730359 0.0729311 0.0467111 0.0705896 0.0676519 0.0645542 0.0637808 0.0453057 0.0450089 0.0629165 0.0666130 0.0427024 0.0424009 0.0438318 0.0517139 0.0503120 0.0589950 0.0542126 0.0384832 0.0369094 0.0541438 0.0779053 0.0613422 0.0520256 0.0467117 0.0371919 0.0657836 0.0502442 0.0689105 0.0713859 0.0374088 0.0776790 0.0421473 0.0402759 0.0386044 0.0550269 0.0559814 0.0615031 0.0571150 0.0443577 0.0421005 0.0461497 0.0543441 0.0765529 0.0456005 0.0596395 0.0753926 0.0429749 0.0368431 0.0662150 0.0577698 0.0439607 0.0630058 0.0684450 0.0691846 0.0521002 0.0396619 0.0426194 0.0387646 0.0633240 0.0213285 0.0486478 0.0668909 0.0403908 0.0846903 0.0449245 0.0416268 0.0379060 0.0513543 0.0715176 0.0693512 0.0455857 0.0672926 0.0450852 0.0572616 0.0469714 0.0380834 0.0413316 0.0380871 0.0567643 0.0444521 0.0741169 0.0618333 0.0475992 0.0392776 0.0613405 0.0736288 0.0579191 0.0635667 0.0369063 0.0413311 0.0418274 0.0427205 0.0428674 0.0451101 0.0558073 0.0583920 0.0572066 0.0695972 0.0497228 0.0575928 0.0636304 0.0664057 0.0471137 0.0989244 0.0415362 0.0506453 0.0429298 0.0675906 0.0610215 0.0730440 0.0392769 0.0408373 0.0380765 0.0450337 0.0731623 0.0422658 0.0710644 0.0696651 0.0638794 0.0622943 0.1369985 0.1359031 0.0607465 0.0744059 0.0712111 0.0564880 0.0504464 0.0670135 
I0189_225_Eurylaimidae_Smithornis_rufolateralis           0.0551110 0.0671547 0.0665432 0.0651044 0.0000000 0.0674343 0.0803411 0.0614166 0.0633294 0.0827743 0.0830945 0.0585499 0.0488282 0.0730395 0.0738737 0.0403845 0.0647967 0.0477777 0.0448702 0.0530127 0.0418146 0.0559858 0.0431868 0.0538031 0.0549648 0.0524493 0.0637638 0.0559159 0.0854056 0.0563428 0.0599383 0.0561754 0.0392526 0.0430463 0.0736390 0.0759932 0.0630033 0.0590016 0.0421081 0.0815896 0.0420631 0.0889410 0.0449995 0.0384364 0.1191021 0.0975228 0.1054543 0.0543980 0.0900717 0.0687330 0.0681325 0.0602533 0.0417213 0.0413976 0.0528451 0.0639934 0.0391790 0.0432436 0.0627533 0.0614317 0.0567650 0.0431552 0.0711293 0.0577579 0.0567603 0.0929102 0.0384011 0.0833947 0.0712812 0.0544239 0.0592888 0.0833325 0.0837331 0.0616090 0.0825180 0.0818484 0.0424736 0.0408032 0.0599731 0.0578203 0.0394180 0.0768805 0.0532734 0.0552255 0.0567757 0.0623833 0.0624838 0.0700185 0.0677350 0.0531739 0.0491718 0.0774256 0.0887515 0.0757339 0.0625778 0.0587899 0.0521786 0.0740839 0.0626464 0.0801881 0.0801680 0.0512344 0.0870554 0.0564378 0.0535906 0.0529360 0.0668849 0.0669483 0.0743922 0.0694453 0.0563591 0.0550779 0.0600318 0.0647895 0.0882089 0.0595681 0.0733478 0.0861516 0.0559899 0.0520331 0.0450475 0.0706387 0.0583274 0.0506278 0.0541243 0.0835108 0.0639347 0.0535671 0.0559456 0.0522231 0.0321878 0.0657256 0.0599649 0.0802163 0.0541709 0.0983853 0.0581976 0.0598170 0.0521919 0.0653270 0.0833260 0.0778122 0.0593878 0.0354883 0.0586415 0.0721180 0.0617351 0.0522130 0.0558263 0.0518588 0.0670474 0.0580056 0.0838816 0.0726059 0.0626899 0.0533283 0.0721505 0.0874258 0.0428719 0.0391853 0.0508481 0.0555669 0.0561782 0.0563670 0.0558461 0.0592238 0.0663949 0.0707696 0.0667182 0.0805581 0.0659108 0.0669239 0.0433666 0.0440150 0.0618194 0.1102401 0.0564721 0.0643994 0.0576140 0.0350510 0.0464965 0.0840000 0.0527069 0.0528121 0.0527660 0.0566895 0.0866517 0.0544027 0.0576465 0.0546037 0.0495194 0.0248336 0.1476000 0.1446658 0.0463597 0.0591610 0.0552256 0.0705515 0.0645984 0.0574687 
I0190_295_Trogonidae_Apaloderma_aequatoriale              0.0449575 0.0539023 0.0190071 0.0558968 0.0674343 0.0000000 0.0721447 0.0511561 0.0540951 0.0712251 0.0756739 0.0476198 0.0661505 0.0593232 0.0603302 0.0661025 0.0541280 0.0373668 0.0689835 0.0411197 0.0669138 0.0472557 0.0674690 0.0429497 0.0454791 0.0418019 0.0560839 0.0464830 0.0777789 0.0736233 0.0769401 0.0454029 0.0653911 0.0667017 0.0660814 0.0667799 0.0539658 0.0769287 0.0658982 0.0710608 0.0676547 0.0801588 0.0693680 0.0627853 0.1088737 0.0861679 0.0940560 0.0712197 0.0794471 0.0549865 0.0617111 0.0504507 0.0660233 0.0667621 0.0413801 0.0568593 0.0643592 0.0684453 0.0542852 0.0519546 0.0463341 0.0607840 0.0630580 0.0475205 0.0461250 0.0835859 0.0628873 0.0734228 0.0607026 0.0455190 0.0499797 0.0738399 0.0731521 0.0515472 0.0726544 0.0722351 0.0669247 0.0655273 0.0492261 0.0478699 0.0645078 0.0676659 0.0457779 0.0456237 0.0466907 0.0559000 0.0506406 0.0604802 0.0575504 0.0430747 0.0389979 0.0691262 0.0796807 0.0643182 0.0558350 0.0487341 0.0412454 0.0658610 0.0514281 0.0688565 0.0711980 0.0406092 0.0774387 0.0452186 0.0426286 0.0432499 0.0564541 0.0570896 0.0664025 0.0594040 0.0458994 0.0451510 0.0484705 0.0585054 0.0785802 0.0487084 0.0629367 0.0771457 0.0467832 0.0412559 0.0694554 0.0619460 0.0464736 0.0652200 0.0697605 0.0733092 0.0566444 0.0433778 0.0478096 0.0427585 0.0661308 0.0565767 0.0531489 0.0709582 0.0435623 0.0842465 0.0488769 0.0519629 0.0419991 0.0552239 0.0747641 0.0721038 0.0510862 0.0696227 0.0493120 0.0608617 0.0508597 0.0418641 0.0454974 0.0415428 0.0589367 0.0482634 0.0800299 0.0631971 0.0514226 0.0433457 0.0630832 0.0762237 0.0599829 0.0648612 0.0402947 0.0453867 0.0455567 0.0455818 0.0453111 0.0488590 0.0599689 0.0620622 0.0590324 0.0710004 0.0544628 0.0591594 0.0677700 0.0688468 0.0510095 0.1000082 0.0463439 0.0547442 0.0459221 0.0697333 0.0638264 0.0744755 0.0431099 0.0426864 0.0414777 0.0472515 0.0764052 0.0447703 0.0753046 0.0725208 0.0662829 0.0649312 0.1381856 0.1380003 0.0637242 0.0772665 0.0732552 0.0600752 0.0514839 0.0689361 
I0191_344_Indicatoridae_Indicator_exilis                  0.0626264 0.0695271 0.0735871 0.0716405 0.0803411 0.0721447 0.0000000 0.0668583 0.0704593 0.0850819 0.0434716 0.0645155 0.0809369 0.0762112 0.0753894 0.0787298 0.0710324 0.0545432 0.0819619 0.0583527 0.0790697 0.0634163 0.0803931 0.0593797 0.0623270 0.0582040 0.0712508 0.0620960 0.0311753 0.0876760 0.0909470 0.0614996 0.0785900 0.0806034 0.0806812 0.0834143 0.0695547 0.0889430 0.0805092 0.0877701 0.0798295 0.0948127 0.0823803 0.0766200 0.1239217 0.0998098 0.1092175 0.0846903 0.0926039 0.0715310 0.0736764 0.0651791 0.0795860 0.0797032 0.0590923 0.0703331 0.0772729 0.0823266 0.0692712 0.0674017 0.0635221 0.0722708 0.0779510 0.0635263 0.0635709 0.0987161 0.0760957 0.0905481 0.0779552 0.0626480 0.0663554 0.0878690 0.0912571 0.0661987 0.0294477 0.0875584 0.0795189 0.0786824 0.0659568 0.0629565 0.0778269 0.0415905 0.0564637 0.0628848 0.0638356 0.0704015 0.0650292 0.0713716 0.0690992 0.0591888 0.0558183 0.0842259 0.0945534 0.0803812 0.0699700 0.0652033 0.0580974 0.0816158 0.0649806 0.0866750 0.0412344 0.0569947 0.0938681 0.0624386 0.0591038 0.0593810 0.0732503 0.0698901 0.0807214 0.0770196 0.0629901 0.0617221 0.0674764 0.0720678 0.0947575 0.0648845 0.0792631 0.0930795 0.0625848 0.0568513 0.0823277 0.0765575 0.0626929 0.0790718 0.0845720 0.0887706 0.0703143 0.0609437 0.0628828 0.0599877 0.0791790 0.0740792 0.0670290 0.0873931 0.0609177 0.0977128 0.0653033 0.0664542 0.0586752 0.0719984 0.0465583 0.0834642 0.0659054 0.0824659 0.0664524 0.0779694 0.0679856 0.0585928 0.0617961 0.0592294 0.0742325 0.0646771 0.0920795 0.0785623 0.0683261 0.0590528 0.0779034 0.0930937 0.0751947 0.0782196 0.0575121 0.0613029 0.0625959 0.0639582 0.0626547 0.0650086 0.0735075 0.0747238 0.0741106 0.0868431 0.0713793 0.0746592 0.0798651 0.0804367 0.0676176 0.1145683 0.0626239 0.0704968 0.0627947 0.0819063 0.0786143 0.0910369 0.0597464 0.0608183 0.0587197 0.0625633 0.0913635 0.0620830 0.0864484 0.0854388 0.0804019 0.0775300 0.1510943 0.1503616 0.0778960 0.0894175 0.0875567 0.0751817 0.0667479 0.0810572 
I0192_375_Musophagidae_Tauraco_macrorhynchus              0.0388586 0.0484519 0.0519442 0.0487901 0.0614166 0.0511561 0.0668583 0.0000000 0.0458126 0.0666175 0.0714181 0.0239681 0.0593622 0.0546366 0.0544684 0.0590237 0.0467131 0.0298375 0.0619201 0.0350883 0.0594267 0.0403892 0.0607593 0.0368508 0.0376329 0.0338418 0.0476269 0.0377833 0.0745432 0.0662333 0.0696977 0.0395284 0.0591450 0.0598363 0.0585561 0.0605155 0.0452213 0.0692099 0.0588934 0.0661346 0.0626095 0.0745555 0.0621935 0.0572747 0.1022085 0.0790374 0.0872648 0.0643108 0.0747853 0.0507431 0.0532298 0.0439539 0.0595467 0.0609545 0.0361871 0.0505949 0.0589097 0.0616719 0.0451948 0.0443553 0.0410330 0.0534297 0.0547492 0.0411661 0.0384166 0.0774419 0.0575438 0.0686556 0.0555601 0.0384670 0.0424211 0.0679037 0.0671333 0.0435629 0.0677553 0.0659418 0.0602677 0.0596426 0.0431040 0.0415417 0.0581254 0.0637889 0.0400705 0.0389013 0.0401378 0.0490461 0.0461834 0.0559631 0.0522798 0.0354139 0.0321143 0.0618384 0.0736838 0.0571074 0.0485113 0.0396118 0.0342625 0.0610206 0.0454098 0.0645353 0.0675450 0.0331936 0.0718154 0.0377907 0.0367069 0.0355955 0.0494255 0.0502968 0.0602481 0.0520049 0.0398611 0.0376574 0.0409941 0.0521185 0.0726646 0.0433058 0.0565718 0.0712707 0.0401849 0.0335976 0.0632514 0.0553129 0.0401110 0.0598038 0.0648375 0.0667522 0.0506535 0.0368107 0.0399784 0.0357280 0.0603586 0.0492294 0.0459353 0.0656613 0.0373474 0.0799116 0.0416921 0.0449975 0.0339950 0.0484857 0.0690892 0.0643306 0.0434397 0.0647269 0.0421864 0.0532274 0.0443938 0.0341750 0.0380343 0.0346241 0.0526995 0.0412167 0.0729668 0.0565362 0.0445023 0.0355537 0.0563588 0.0709442 0.0541389 0.0590745 0.0333142 0.0386848 0.0381913 0.0410429 0.0377755 0.0413578 0.0528064 0.0549290 0.0532928 0.0650711 0.0459671 0.0540191 0.0603818 0.0611783 0.0442601 0.0941701 0.0380559 0.0466485 0.0389708 0.0633520 0.0575662 0.0688785 0.0359375 0.0374788 0.0351886 0.0394120 0.0700704 0.0371885 0.0670814 0.0645164 0.0595696 0.0587977 0.1378057 0.1366457 0.0573358 0.0688138 0.0672663 0.0523810 0.0474136 0.0620443 
I0193_447_Columbidae_Treron_calvus                        0.0412746 0.0542105 0.0540903 0.0500747 0.0633294 0.0540951 0.0704593 0.0458126 0.0000000 0.0713025 0.0743555 0.0428161 0.0617073 0.0582417 0.0601680 0.0610924 0.0487752 0.0264747 0.0659864 0.0361766 0.0622033 0.0413560 0.0625992 0.0388505 0.0406454 0.0349569 0.0195061 0.0403765 0.0764278 0.0705803 0.0729268 0.0399321 0.0613772 0.0626471 0.0624674 0.0630428 0.0181171 0.0731276 0.0613563 0.0654034 0.0636144 0.0740475 0.0643973 0.0598575 0.1062354 0.0816714 0.0888778 0.0667190 0.0771309 0.0551934 0.0566120 0.0453393 0.0617977 0.0621887 0.0373639 0.0521837 0.0609401 0.0635912 0.0174530 0.0466357 0.0410410 0.0560525 0.0569336 0.0424738 0.0404649 0.0766229 0.0595666 0.0688194 0.0568924 0.0404246 0.0446786 0.0689514 0.0690808 0.0460760 0.0715356 0.0661481 0.0628992 0.0611919 0.0446974 0.0427244 0.0609317 0.0672520 0.0351052 0.0409226 0.0414454 0.0505483 0.0489251 0.0570629 0.0540839 0.0368864 0.0337100 0.0647182 0.0728228 0.0591792 0.0505087 0.0444682 0.0352090 0.0601898 0.0488933 0.0642233 0.0711066 0.0348275 0.0726382 0.0403240 0.0387225 0.0366003 0.0503239 0.0556850 0.0632023 0.0532444 0.0433746 0.0402114 0.0442422 0.0532760 0.0712526 0.0433636 0.0577310 0.0697515 0.0400696 0.0351837 0.0649292 0.0566349 0.0416703 0.0620094 0.0657256 0.0673416 0.0510336 0.0378888 0.0413099 0.0373487 0.0619654 0.0507671 0.0470426 0.0656511 0.0387625 0.0848551 0.0430342 0.0450032 0.0358881 0.0493359 0.0728677 0.0666392 0.0450191 0.0660723 0.0433637 0.0560336 0.0463692 0.0366723 0.0396922 0.0361534 0.0552949 0.0427162 0.0743567 0.0616255 0.0467064 0.0369529 0.0600525 0.0728878 0.0559567 0.0613930 0.0345269 0.0393814 0.0400979 0.0415045 0.0400303 0.0430378 0.0540646 0.0581024 0.0553337 0.0652745 0.0491601 0.0562366 0.0622491 0.0644721 0.0460004 0.0957790 0.0405559 0.0180373 0.0414244 0.0659228 0.0600443 0.0677118 0.0371552 0.0385755 0.0361845 0.0428921 0.0703768 0.0396289 0.0702255 0.0686382 0.0627256 0.0601474 0.1356213 0.1365255 0.0595991 0.0717774 0.0702302 0.0546995 0.0502084 0.0664741 
I0194_495_Alcedinidae_Alcedo_quadribrachys                0.0663507 0.0580932 0.0730696 0.0723499 0.0827743 0.0712251 0.0850819 0.0666175 0.0713025 0.0000000 0.0866420 0.0658952 0.0815750 0.0778393 0.0673081 0.0803222 0.0692438 0.0577978 0.0817497 0.0623741 0.0803530 0.0663538 0.0825644 0.0623465 0.0652072 0.0617909 0.0726973 0.0651135 0.0900234 0.0885087 0.0881336 0.0662431 0.0809047 0.0800554 0.0813823 0.0835959 0.0718793 0.0908760 0.0806649 0.0891427 0.0828146 0.0985338 0.0828132 0.0779777 0.1214357 0.1003530 0.1080072 0.0839183 0.0951161 0.0613374 0.0783636 0.0701204 0.0825372 0.0816618 0.0624589 0.0773018 0.0787100 0.0821056 0.0705825 0.0694456 0.0663348 0.0770886 0.0786588 0.0681788 0.0650652 0.1000274 0.0777446 0.0889411 0.0789555 0.0663379 0.0693898 0.0891371 0.0906066 0.0673016 0.0857811 0.0910454 0.0817402 0.0804456 0.0677076 0.0681581 0.0791224 0.0826913 0.0622078 0.0659041 0.0670585 0.0759639 0.0514627 0.0780041 0.0753661 0.0628267 0.0596057 0.0845552 0.0971755 0.0807148 0.0757647 0.0679260 0.0619023 0.0830427 0.0628546 0.0860784 0.0855201 0.0595155 0.0932690 0.0651238 0.0628736 0.0631380 0.0708536 0.0640637 0.0819822 0.0738610 0.0647510 0.0648895 0.0679698 0.0777894 0.0967121 0.0700102 0.0824875 0.0951825 0.0664015 0.0617384 0.0843002 0.0789177 0.0667036 0.0793783 0.0868256 0.0918331 0.0770294 0.0641842 0.0665527 0.0636464 0.0802515 0.0751353 0.0720245 0.0907308 0.0637971 0.0983897 0.0686598 0.0701857 0.0628166 0.0726674 0.0822966 0.0848557 0.0685704 0.0837624 0.0690164 0.0751738 0.0686240 0.0620653 0.0640761 0.0628868 0.0745727 0.0673757 0.0929310 0.0787228 0.0694823 0.0627193 0.0770959 0.0970630 0.0770228 0.0799940 0.0610252 0.0649314 0.0644233 0.0652300 0.0655144 0.0690418 0.0778044 0.0789114 0.0750245 0.0881523 0.0695643 0.0747910 0.0827342 0.0814842 0.0675027 0.1142675 0.0645176 0.0723874 0.0664743 0.0840038 0.0793604 0.0925021 0.0623298 0.0631126 0.0627634 0.0660659 0.0958749 0.0649768 0.0869353 0.0875971 0.0827864 0.0805533 0.1553269 0.1547654 0.0795663 0.0880531 0.0891564 0.0771615 0.0689145 0.0835006 
I0195_522_Ramphastidae_Buccanodon_duchaillui              0.0675588 0.0715658 0.0758859 0.0730338 0.0830945 0.0756739 0.0434716 0.0714181 0.0743555 0.0866420 0.0000000 0.0691373 0.0824114 0.0777215 0.0788395 0.0809625 0.0738032 0.0586547 0.0834025 0.0624166 0.0811117 0.0673776 0.0823532 0.0638844 0.0657994 0.0623810 0.0752696 0.0646999 0.0483384 0.0889008 0.0927845 0.0654503 0.0804492 0.0819626 0.0828924 0.0861113 0.0730698 0.0915394 0.0816320 0.0908810 0.0823886 0.0978090 0.0847112 0.0790005 0.1265003 0.1036990 0.1120765 0.0861460 0.0947463 0.0750386 0.0771686 0.0698229 0.0812322 0.0819642 0.0636201 0.0756629 0.0793518 0.0844924 0.0732439 0.0707968 0.0677016 0.0777868 0.0794010 0.0678431 0.0670981 0.1007020 0.0777950 0.0929833 0.0819171 0.0666575 0.0696506 0.0921267 0.0939849 0.0692279 0.0470556 0.0918833 0.0817148 0.0804445 0.0690341 0.0675076 0.0807308 0.0313133 0.0591960 0.0684235 0.0678075 0.0746330 0.0697744 0.0736839 0.0706387 0.0635313 0.0605408 0.0855442 0.0977813 0.0810605 0.0740923 0.0671806 0.0625030 0.0856925 0.0674368 0.0897180 0.0301884 0.0615446 0.0960644 0.0655844 0.0631058 0.0640933 0.0757339 0.0721971 0.0839472 0.0795012 0.0655035 0.0648916 0.0706629 0.0766963 0.0966925 0.0682256 0.0823212 0.0959935 0.0668499 0.0615270 0.0841925 0.0795824 0.0673135 0.0805416 0.0876099 0.0929121 0.0752272 0.0645246 0.0676614 0.0653094 0.0813735 0.0754298 0.0716438 0.0907431 0.0651812 0.1009913 0.0690986 0.0701692 0.0634660 0.0752086 0.0388879 0.0855223 0.0710714 0.0846176 0.0700682 0.0792212 0.0721332 0.0639623 0.0664129 0.0640305 0.0768868 0.0681270 0.0920854 0.0804715 0.0721118 0.0637512 0.0804422 0.0976614 0.0777704 0.0802950 0.0615157 0.0656061 0.0667520 0.0677568 0.0664984 0.0691387 0.0771203 0.0783477 0.0778789 0.0902383 0.0736862 0.0772681 0.0820689 0.0820949 0.0718973 0.1177513 0.0674051 0.0740313 0.0641330 0.0824603 0.0818960 0.0931836 0.0637525 0.0658761 0.0631541 0.0671386 0.0946335 0.0657998 0.0865922 0.0879360 0.0822290 0.0812022 0.1505121 0.1518497 0.0814395 0.0910229 0.0885496 0.0780930 0.0698729 0.0841414 
I0196_523_Musophagidae_Corythaeola_cristata               0.0349789 0.0467220 0.0488956 0.0458549 0.0585499 0.0476198 0.0645155 0.0239681 0.0428161 0.0658952 0.0691373 0.0000000 0.0571021 0.0527421 0.0531155 0.0564118 0.0436391 0.0265986 0.0611257 0.0315764 0.0580554 0.0363281 0.0579395 0.0339006 0.0344002 0.0305478 0.0442416 0.0345665 0.0701172 0.0638714 0.0679113 0.0357267 0.0568366 0.0590648 0.0568761 0.0574841 0.0420110 0.0676739 0.0564863 0.0628864 0.0598160 0.0716784 0.0603947 0.0547919 0.1020900 0.0770361 0.0869596 0.0625043 0.0730648 0.0487997 0.0510502 0.0404912 0.0578319 0.0580328 0.0326673 0.0466948 0.0567931 0.0588173 0.0420717 0.0416126 0.0375164 0.0510951 0.0525697 0.0379816 0.0343255 0.0751302 0.0551536 0.0669654 0.0527282 0.0349323 0.0388668 0.0650054 0.0661382 0.0409426 0.0643614 0.0622646 0.0578243 0.0572020 0.0396812 0.0377967 0.0559653 0.0618127 0.0361471 0.0351155 0.0360522 0.0451362 0.0432937 0.0534255 0.0494602 0.0320594 0.0282863 0.0596421 0.0727221 0.0545641 0.0455066 0.0376467 0.0309571 0.0583497 0.0430125 0.0620620 0.0651367 0.0296455 0.0706357 0.0347381 0.0329719 0.0324875 0.0469859 0.0484461 0.0565173 0.0493947 0.0376022 0.0344089 0.0385761 0.0480191 0.0702639 0.0398410 0.0525881 0.0688832 0.0365721 0.0302749 0.0608195 0.0513558 0.0369560 0.0569579 0.0625543 0.0633658 0.0458321 0.0327571 0.0350797 0.0316366 0.0576937 0.0463477 0.0423327 0.0614015 0.0345071 0.0787334 0.0378341 0.0415386 0.0305279 0.0454537 0.0671520 0.0633275 0.0398370 0.0623142 0.0378299 0.0514798 0.0412254 0.0305373 0.0349021 0.0307403 0.0499645 0.0374107 0.0711476 0.0533200 0.0413826 0.0320864 0.0530484 0.0670125 0.0507562 0.0566485 0.0300837 0.0351377 0.0348650 0.0375018 0.0346370 0.0386734 0.0500465 0.0526992 0.0506729 0.0629136 0.0437354 0.0519179 0.0579701 0.0610379 0.0407930 0.0930891 0.0351502 0.0434706 0.0361409 0.0621523 0.0546092 0.0659680 0.0324513 0.0330099 0.0317157 0.0368863 0.0666511 0.0339286 0.0649836 0.0627438 0.0570094 0.0556994 0.1359107 0.1349930 0.0545525 0.0675934 0.0647512 0.0497611 0.0440247 0.0597036 
I0197_832_Corvidae_Corvus_albus                           0.0542228 0.0653741 0.0667460 0.0632311 0.0488282 0.0661505 0.0809369 0.0593622 0.0617073 0.0815750 0.0824114 0.0571021 0.0000000 0.0732448 0.0721189 0.0451370 0.0633829 0.0462461 0.0498930 0.0514915 0.0462914 0.0557211 0.0479854 0.0528158 0.0536956 0.0497194 0.0627856 0.0548979 0.0850740 0.0318384 0.0360361 0.0536880 0.0450861 0.0474347 0.0740400 0.0760147 0.0618954 0.0340027 0.0454681 0.0788538 0.0476620 0.0885747 0.0499403 0.0443102 0.1187995 0.0956455 0.1049493 0.0314655 0.0873108 0.0676777 0.0685052 0.0567573 0.0468786 0.0471622 0.0520121 0.0642958 0.0442568 0.0475675 0.0619890 0.0603136 0.0559609 0.0479918 0.0688773 0.0557192 0.0552511 0.0914943 0.0433916 0.0812761 0.0700954 0.0522794 0.0582471 0.0829161 0.0816285 0.0601937 0.0827182 0.0798415 0.0468867 0.0460541 0.0588772 0.0555021 0.0441233 0.0765028 0.0528177 0.0542299 0.0563935 0.0627030 0.0612236 0.0685331 0.0675747 0.0514576 0.0478738 0.0778430 0.0881839 0.0737660 0.0614080 0.0570002 0.0506685 0.0723149 0.0611335 0.0776295 0.0807067 0.0487904 0.0854064 0.0553212 0.0522585 0.0514887 0.0654700 0.0656709 0.0734423 0.0689492 0.0556982 0.0544161 0.0584103 0.0644347 0.0864180 0.0577632 0.0709911 0.0860616 0.0546465 0.0494814 0.0488977 0.0696719 0.0558038 0.0360334 0.0327272 0.0812708 0.0633927 0.0515858 0.0541435 0.0515725 0.0485713 0.0641829 0.0585412 0.0779662 0.0536092 0.0952486 0.0578212 0.0589991 0.0504544 0.0640644 0.0823633 0.0763367 0.0584167 0.0524179 0.0581346 0.0702213 0.0603288 0.0510236 0.0545546 0.0513209 0.0667732 0.0575245 0.0843460 0.0703880 0.0611825 0.0518466 0.0708028 0.0858586 0.0320394 0.0447357 0.0485871 0.0543571 0.0555073 0.0560565 0.0543633 0.0571934 0.0660191 0.0714339 0.0669684 0.0787161 0.0633912 0.0675240 0.0480304 0.0492004 0.0599180 0.1089402 0.0556498 0.0625297 0.0557172 0.0499717 0.0307500 0.0833177 0.0512501 0.0526470 0.0510332 0.0548415 0.0849533 0.0534650 0.0340862 0.0287129 0.0141675 0.0466748 0.1443782 0.1432381 0.0304108 0.0369545 0.0308817 0.0683018 0.0637724 0.0551877 
I0198_937_Bucerotidae_Tockus_camurus                      0.0509027 0.0593641 0.0606995 0.0592265 0.0730395 0.0593232 0.0762112 0.0546366 0.0582417 0.0778393 0.0777215 0.0527421 0.0732448 0.0000000 0.0661645 0.0706343 0.0596283 0.0419859 0.0744812 0.0469946 0.0715850 0.0531141 0.0727964 0.0472477 0.0512634 0.0464061 0.0607107 0.0510380 0.0821133 0.0808404 0.0822764 0.0504238 0.0709620 0.0730413 0.0715931 0.0729660 0.0579737 0.0828770 0.0716815 0.0759924 0.0727082 0.0852738 0.0731771 0.0679850 0.1150249 0.0905512 0.0990523 0.0772653 0.0786854 0.0596431 0.0658391 0.0555062 0.0708397 0.0719600 0.0476668 0.0620848 0.0700027 0.0730118 0.0582422 0.0569531 0.0524334 0.0652405 0.0664833 0.0524152 0.0504068 0.0885039 0.0688873 0.0799395 0.0671185 0.0514353 0.0542116 0.0812677 0.0789298 0.0561236 0.0766892 0.0780435 0.0724072 0.0705702 0.0553331 0.0526660 0.0701007 0.0718613 0.0498556 0.0506850 0.0525466 0.0590753 0.0559385 0.0652879 0.0612227 0.0478406 0.0438536 0.0745820 0.0852347 0.0706700 0.0590313 0.0543409 0.0465998 0.0733140 0.0549579 0.0759524 0.0758639 0.0465031 0.0837776 0.0503058 0.0481209 0.0475306 0.0615675 0.0603800 0.0717743 0.0658644 0.0524958 0.0505913 0.0550444 0.0627202 0.0828800 0.0547348 0.0682812 0.0821260 0.0511889 0.0459418 0.0750444 0.0672004 0.0515142 0.0718334 0.0761744 0.0782948 0.0607432 0.0488880 0.0512818 0.0486401 0.0724909 0.0608856 0.0567273 0.0769648 0.0501618 0.0840737 0.0549448 0.0560636 0.0475595 0.0599006 0.0771784 0.0775154 0.0552387 0.0757888 0.0552445 0.0671039 0.0557258 0.0476519 0.0506905 0.0475699 0.0650065 0.0540899 0.0854191 0.0695155 0.0555900 0.0477035 0.0681553 0.0834241 0.0660291 0.0710035 0.0465515 0.0514106 0.0518743 0.0510394 0.0506975 0.0542079 0.0641001 0.0680846 0.0647015 0.0757994 0.0595188 0.0649667 0.0730495 0.0729388 0.0565178 0.1063752 0.0516070 0.0584797 0.0515816 0.0753508 0.0697050 0.0800895 0.0483414 0.0481730 0.0472710 0.0510899 0.0825357 0.0502564 0.0816781 0.0790220 0.0725143 0.0714346 0.1449187 0.1434620 0.0692463 0.0831776 0.0806730 0.0660372 0.0244325 0.0742232 
I0199_955_Meropidae_Merops_muelleri                       0.0534565 0.0527125 0.0619246 0.0604874 0.0738737 0.0603302 0.0753894 0.0544684 0.0601680 0.0673081 0.0788395 0.0531155 0.0721189 0.0661645 0.0000000 0.0705146 0.0587471 0.0447004 0.0747466 0.0493041 0.0713306 0.0548800 0.0734259 0.0498032 0.0531589 0.0489971 0.0608829 0.0522909 0.0821208 0.0794418 0.0806641 0.0535577 0.0711375 0.0731985 0.0705113 0.0719068 0.0590915 0.0821238 0.0723995 0.0770319 0.0729157 0.0880711 0.0727265 0.0689260 0.1128990 0.0886887 0.0984296 0.0749007 0.0842444 0.0536969 0.0658304 0.0578098 0.0722204 0.0727606 0.0505709 0.0639840 0.0701627 0.0726577 0.0587813 0.0584722 0.0540651 0.0672596 0.0673109 0.0550919 0.0536728 0.0900115 0.0691005 0.0781422 0.0666561 0.0539501 0.0578149 0.0785630 0.0802742 0.0567820 0.0766171 0.0789630 0.0728884 0.0713247 0.0560421 0.0552032 0.0706292 0.0729397 0.0504479 0.0528652 0.0545432 0.0636051 0.0495870 0.0655591 0.0631880 0.0500992 0.0462568 0.0743551 0.0877849 0.0709938 0.0634672 0.0570298 0.0486413 0.0723818 0.0509851 0.0751378 0.0770871 0.0480211 0.0822787 0.0528555 0.0517805 0.0502160 0.0621403 0.0533605 0.0716339 0.0655530 0.0529516 0.0524473 0.0566661 0.0658626 0.0855852 0.0561599 0.0699971 0.0838270 0.0542147 0.0486046 0.0760184 0.0682807 0.0541234 0.0700903 0.0763593 0.0794526 0.0637654 0.0515761 0.0546833 0.0510577 0.0716832 0.0635065 0.0590102 0.0791022 0.0515636 0.0891145 0.0563648 0.0578646 0.0503806 0.0621215 0.0763602 0.0771628 0.0566951 0.0755672 0.0570748 0.0659664 0.0573189 0.0501634 0.0525393 0.0501681 0.0651976 0.0555098 0.0859235 0.0686874 0.0589338 0.0507746 0.0687707 0.0855460 0.0666232 0.0711150 0.0482383 0.0514126 0.0527785 0.0540046 0.0539403 0.0561098 0.0667461 0.0692391 0.0652197 0.0767066 0.0596368 0.0661852 0.0735263 0.0737801 0.0567540 0.1053582 0.0532249 0.0602667 0.0522421 0.0757386 0.0695320 0.0819882 0.0492946 0.0500650 0.0493628 0.0526585 0.0829806 0.0528417 0.0780326 0.0776969 0.0719566 0.0699294 0.1461766 0.1465140 0.0696248 0.0795215 0.0794575 0.0652870 0.0579386 0.0727227 
I0200_988_Furnariidae_Furnarius_rufus                     0.0530479 0.0644527 0.0652783 0.0628392 0.0403845 0.0661025 0.0787298 0.0590237 0.0610924 0.0803222 0.0809625 0.0564118 0.0451370 0.0706343 0.0705146 0.0000000 0.0625735 0.0453366 0.0372633 0.0512104 0.0337153 0.0549889 0.0298705 0.0527743 0.0528951 0.0499955 0.0620940 0.0546913 0.0836284 0.0533591 0.0563591 0.0535554 0.0332773 0.0363125 0.0718336 0.0745109 0.0604417 0.0558917 0.0170928 0.0790489 0.0353553 0.0873009 0.0376661 0.0320355 0.1161464 0.0942745 0.1022654 0.0522446 0.0869044 0.0667767 0.0670883 0.0575065 0.0284172 0.0352185 0.0507348 0.0632786 0.0324680 0.0171455 0.0610667 0.0600271 0.0543845 0.0391208 0.0689760 0.0557073 0.0542307 0.0893395 0.0319439 0.0794808 0.0690738 0.0525863 0.0570893 0.0808366 0.0790979 0.0590575 0.0806157 0.0789565 0.0289161 0.0337671 0.0570495 0.0556958 0.0331010 0.0751432 0.0519958 0.0528693 0.0554880 0.0616063 0.0614745 0.0674544 0.0647590 0.0514290 0.0476300 0.0746864 0.0868761 0.0719539 0.0609834 0.0568556 0.0502318 0.0712527 0.0599828 0.0754543 0.0782864 0.0485338 0.0830740 0.0542135 0.0507898 0.0511955 0.0634703 0.0635003 0.0720984 0.0672095 0.0544624 0.0537229 0.0572254 0.0637684 0.0851304 0.0576955 0.0708791 0.0851052 0.0549246 0.0492573 0.0310738 0.0691212 0.0557050 0.0463136 0.0508955 0.0810995 0.0622914 0.0507835 0.0533581 0.0508937 0.0404221 0.0635813 0.0587571 0.0782947 0.0539042 0.0933021 0.0563730 0.0582130 0.0505600 0.0629921 0.0793214 0.0745634 0.0570369 0.0436402 0.0568682 0.0691049 0.0592585 0.0503033 0.0535208 0.0501657 0.0647435 0.0563354 0.0806262 0.0698616 0.0601227 0.0513552 0.0691188 0.0855165 0.0404353 0.0326332 0.0485285 0.0536670 0.0531459 0.0543753 0.0532542 0.0566115 0.0641358 0.0688435 0.0645561 0.0787168 0.0635984 0.0646445 0.0288583 0.0363933 0.0599200 0.1069601 0.0543130 0.0622418 0.0559514 0.0420317 0.0428534 0.0821377 0.0512816 0.0513083 0.0513040 0.0553445 0.0832596 0.0526004 0.0539476 0.0506072 0.0453085 0.0396423 0.1435811 0.1410142 0.0425393 0.0558711 0.0521786 0.0671124 0.0621259 0.0530523 
I0201_999_Scolopacidae_Tringa_solitaria                   0.0433009 0.0528080 0.0552468 0.0501403 0.0647967 0.0541280 0.0710324 0.0467131 0.0487752 0.0692438 0.0738032 0.0436391 0.0633829 0.0596283 0.0587471 0.0625735 0.0000000 0.0342430 0.0665968 0.0371723 0.0632940 0.0331239 0.0636269 0.0410074 0.0368025 0.0373428 0.0498171 0.0369904 0.0772459 0.0719865 0.0732037 0.0427107 0.0627808 0.0645709 0.0623618 0.0644449 0.0487574 0.0749229 0.0621966 0.0692026 0.0647652 0.0778665 0.0648450 0.0605684 0.1042054 0.0824156 0.0892827 0.0680795 0.0743487 0.0538728 0.0583526 0.0478770 0.0631289 0.0642257 0.0387833 0.0545978 0.0614982 0.0635155 0.0480919 0.0476821 0.0430166 0.0562827 0.0574407 0.0447835 0.0412856 0.0806478 0.0610612 0.0707769 0.0583964 0.0413113 0.0461001 0.0723854 0.0701224 0.0466551 0.0706462 0.0678880 0.0635745 0.0612568 0.0453565 0.0450164 0.0625837 0.0672562 0.0431967 0.0425115 0.0327031 0.0529490 0.0480973 0.0595814 0.0559126 0.0379817 0.0363878 0.0651119 0.0789039 0.0366860 0.0528694 0.0445432 0.0369637 0.0637527 0.0492724 0.0670744 0.0710259 0.0367909 0.0743666 0.0370326 0.0405817 0.0378430 0.0532125 0.0542373 0.0645128 0.0552678 0.0443621 0.0359686 0.0442792 0.0555177 0.0755598 0.0440701 0.0607510 0.0756448 0.0431803 0.0360430 0.0661736 0.0569801 0.0419822 0.0645168 0.0689209 0.0684866 0.0537664 0.0389776 0.0430665 0.0380525 0.0635006 0.0509510 0.0497782 0.0670469 0.0395330 0.0795335 0.0348329 0.0472695 0.0371355 0.0516043 0.0713505 0.0692828 0.0453943 0.0667853 0.0347063 0.0335904 0.0480246 0.0375225 0.0410059 0.0374123 0.0547591 0.0333332 0.0650637 0.0606771 0.0479366 0.0380812 0.0602647 0.0744684 0.0571206 0.0618220 0.0355752 0.0405836 0.0410585 0.0423928 0.0422639 0.0458064 0.0567876 0.0588834 0.0556478 0.0693888 0.0142774 0.0560821 0.0641134 0.0657743 0.0143078 0.0966230 0.0423953 0.0498582 0.0430198 0.0676523 0.0618155 0.0722757 0.0383748 0.0404452 0.0374159 0.0439454 0.0729566 0.0418559 0.0724956 0.0690501 0.0630778 0.0618403 0.1394780 0.1374246 0.0617534 0.0735026 0.0714032 0.0317316 0.0511938 0.0670111 
I0202_1066_Cathartidae_Cathartes_burrovianus              0.0216543 0.0375545 0.0380125 0.0351454 0.0477777 0.0373668 0.0545432 0.0298375 0.0264747 0.0577978 0.0586547 0.0265986 0.0462461 0.0419859 0.0447004 0.0453366 0.0342430 0.0000000 0.0504537 0.0196482 0.0467350 0.0258004 0.0477890 0.0217127 0.0228355 0.0180886 0.0307213 0.0230954 0.0612800 0.0541429 0.0580147 0.0218332 0.0450540 0.0476960 0.0477824 0.0490689 0.0287149 0.0576290 0.0452761 0.0510729 0.0481656 0.0607680 0.0490798 0.0435911 0.0914157 0.0679486 0.0758938 0.0521812 0.0628882 0.0387719 0.0413504 0.0280000 0.0466019 0.0463702 0.0209831 0.0348679 0.0450402 0.0473484 0.0285427 0.0295004 0.0254184 0.0390446 0.0426447 0.0248966 0.0238959 0.0644597 0.0440734 0.0543402 0.0404568 0.0227234 0.0278027 0.0548803 0.0537326 0.0296995 0.0555252 0.0501376 0.0475511 0.0456033 0.0273517 0.0249192 0.0447461 0.0510179 0.0254181 0.0215892 0.0259512 0.0333658 0.0319974 0.0403548 0.0374168 0.0193163 0.0038437 0.0506438 0.0611046 0.0458504 0.0330411 0.0271828 0.0181124 0.0457386 0.0327451 0.0494103 0.0547486 0.0175563 0.0582516 0.0234875 0.0188128 0.0187507 0.0368866 0.0407518 0.0479748 0.0401187 0.0258139 0.0227435 0.0268361 0.0360126 0.0586415 0.0259591 0.0409288 0.0572151 0.0228739 0.0176868 0.0494851 0.0413417 0.0243262 0.0466901 0.0506090 0.0513727 0.0336927 0.0201451 0.0223498 0.0193148 0.0466685 0.0356307 0.0306159 0.0494493 0.0211367 0.0694447 0.0274822 0.0297939 0.0186477 0.0343593 0.0576038 0.0523167 0.0277386 0.0518120 0.0277441 0.0421144 0.0298415 0.0184504 0.0220699 0.0186789 0.0389241 0.0265743 0.0609314 0.0439521 0.0309369 0.0193647 0.0435243 0.0559080 0.0395607 0.0450890 0.0171241 0.0225535 0.0222452 0.0258263 0.0216713 0.0269196 0.0381789 0.0417743 0.0395801 0.0509410 0.0344806 0.0411080 0.0468364 0.0493672 0.0307886 0.0807354 0.0228560 0.0293401 0.0248510 0.0505381 0.0436860 0.0551850 0.0196167 0.0196682 0.0183338 0.0257391 0.0549486 0.0212076 0.0560658 0.0524901 0.0463437 0.0446775 0.1225519 0.1209963 0.0437281 0.0576880 0.0541833 0.0399962 0.0339616 0.0509960 
I0203_1087_Tyrannidae_Hymenops_perspicillatus             0.0582359 0.0668117 0.0686834 0.0685095 0.0448702 0.0689835 0.0819619 0.0619201 0.0659864 0.0817497 0.0834025 0.0611257 0.0498930 0.0744812 0.0747466 0.0372633 0.0665968 0.0504537 0.0000000 0.0555149 0.0137578 0.0599488 0.0406790 0.0571351 0.0589097 0.0551138 0.0667534 0.0595118 0.0859462 0.0556396 0.0564096 0.0599277 0.0222263 0.0225562 0.0781682 0.0807145 0.0656812 0.0581404 0.0370234 0.0841905 0.0221153 0.0926365 0.0237357 0.0218588 0.1177362 0.0975861 0.1054454 0.0538851 0.0905084 0.0712928 0.0722284 0.0630212 0.0394339 0.0244294 0.0556379 0.0688851 0.0209697 0.0384168 0.0657910 0.0647386 0.0596212 0.0211063 0.0738260 0.0615810 0.0593155 0.0937681 0.0205367 0.0827601 0.0733660 0.0570503 0.0632854 0.0839553 0.0825044 0.0637409 0.0837470 0.0862609 0.0402509 0.0230915 0.0621312 0.0616330 0.0203422 0.0789115 0.0577806 0.0581106 0.0606268 0.0665145 0.0650403 0.0715644 0.0708721 0.0558968 0.0520188 0.0812955 0.0912280 0.0766050 0.0656745 0.0607233 0.0559935 0.0756604 0.0645560 0.0788430 0.0829815 0.0535955 0.0853429 0.0593603 0.0559274 0.0563068 0.0662622 0.0657008 0.0756557 0.0706342 0.0598926 0.0589548 0.0627388 0.0688559 0.0906526 0.0613751 0.0760540 0.0904682 0.0600061 0.0545549 0.0405405 0.0734522 0.0603225 0.0470343 0.0528915 0.0877878 0.0680322 0.0562155 0.0594052 0.0557409 0.0441115 0.0695522 0.0643386 0.0846594 0.0573974 0.0999691 0.0615019 0.0632520 0.0556382 0.0677859 0.0822045 0.0765517 0.0621859 0.0454943 0.0628829 0.0729729 0.0653534 0.0561201 0.0589309 0.0556055 0.0686931 0.0615073 0.0843948 0.0748879 0.0657024 0.0563266 0.0739685 0.0926679 0.0445181 0.0221690 0.0543439 0.0584066 0.0595424 0.0588686 0.0585492 0.0618751 0.0690470 0.0732459 0.0692731 0.0838398 0.0673639 0.0683330 0.0397154 0.0122509 0.0641507 0.1120683 0.0591362 0.0675705 0.0597083 0.0438667 0.0455839 0.0870848 0.0555931 0.0570774 0.0558163 0.0602469 0.0903100 0.0577782 0.0537523 0.0534263 0.0487879 0.0423912 0.1494830 0.1489893 0.0449437 0.0570491 0.0537601 0.0728499 0.0655612 0.0566756 
