37
Burramyidae_Burramys_parvus                  0.0000000 0.0629305 0.0554990 0.0533485 0.0537993 0.0586433 0.0682960 0.0545522 0.0542345 0.0668035 0.1356915 0.0434728 0.0598464 0.0592073 0.0615142 0.0661333 0.0530444 0.0565064 0.0433009 0.0761316 0.0509395 0.0510313 0.0685806 0.0586353 0.0480443 0.0481013 0.0598069 0.0548072 0.0575421 0.0394324 0.0854643 0.0517603 0.1356915 0.0607895 0.0752740 0.0590165 0.0702971 
Notoryctidae_Notoryctes_typhlops             0.0629305 0.0000000 0.0604791 0.0623935 0.0624709 0.0662269 0.0790852 0.0730314 0.0673635 0.0647513 0.0858111 0.0571700 0.0625181 0.0647316 0.0759986 0.0742217 0.0579074 0.0644730 0.0541052 0.0698205 0.0642004 0.0631371 0.0686752 0.0637349 0.0556215 0.0600424 0.0640144 0.0645968 0.0685381 0.0525878 0.0863038 0.0596665 0.0858111 0.0799676 0.0730393 0.0648226 0.0617119 
Vombatidae_Lasiorhinus_latifrons             0.0554990 0.0604791 0.0000000 0.0493011 0.0529459 0.0525410 0.0659470 0.0634694 0.0587944 0.0655505 0.0744963 0.0402018 0.0522769 0.0512551 0.0636058 0.0582127 0.0483670 0.0504505 0.0455002 0.0622195 0.0505630 0.0471087 0.0606241 0.0571376 0.0479202 0.0532458 0.0526438 0.0504535 0.0579331 0.0450894 0.0581168 0.0487615 0.0744963 0.0712655 0.0697222 0.0524235 0.0618436 
Potoroidae_Bettongia_penicillata             0.0533485 0.0623935 0.0493011 0.0000000 0.0119514 0.0555016 0.0666468 0.0584153 0.0225959 0.0723620 0.0700446 0.0410938 0.0581585 0.0560614 0.0578714 0.0683871 0.0482442 0.0520060 0.0447019 0.0732020 0.0218939 0.0476938 0.0622423 0.0564666 0.0455908 0.0386973 0.0558012 0.0486425 0.0280198 0.0445409 0.0768955 0.0522023 0.0700446 0.0663638 0.0781599 0.0534821 0.0674883 
Potoroidae_Bettongia_lesueur                 0.0537993 0.0624709 0.0529459 0.0119514 0.0000000 0.0568653 0.0691744 0.0578033 0.0226064 0.0695279 0.0798273 0.0424496 0.0606703 0.0569285 0.0583693 0.0679357 0.0524471 0.0533680 0.0489946 0.0716106 0.0206706 0.0480725 0.0677523 0.0594748 0.0494258 0.0391520 0.0577246 0.0511384 0.0280118 0.0429699 0.0741143 0.0503330 0.0798273 0.0674488 0.0764265 0.0549439 0.0664499 
Dasyuridae_Dasyurus_maculatus                0.0586433 0.0662269 0.0525410 0.0555016 0.0568653 0.0000000 0.0722574 0.0685466 0.0563419 0.0663556 0.0491731 0.0518688 0.0130051 0.0217392 0.0725913 0.0624956 0.0122841 0.0056331 0.0191906 0.0721273 0.0541253 0.0585909 0.0626091 0.0582565 0.0119948 0.0567500 0.0555269 0.0595391 0.0591356 0.0487211 0.0783282 0.0555988 0.0491731 0.0785431 0.0705476 0.0040688 0.0678208 
Phalangeridae_Trichosurus_vulpecula          0.0682960 0.0790852 0.0659470 0.0666468 0.0691744 0.0722574 0.0000000 0.0705074 0.0767899 0.0994608 0.0584076 0.0435782 0.0752776 0.0703026 0.0631022 0.0498989 0.0656099 0.0705666 0.0604270 0.0872030 0.0651181 0.0653907 0.0771625 0.0681892 0.0609497 0.0696605 0.0741301 0.0678643 0.0711644 0.0734426 0.1212230 0.0691859 0.0584076 0.0736229 0.1018539 0.0709829 0.0858091 
Phalangeridae_Spilocuscus_maculatus          0.0545522 0.0730314 0.0634694 0.0584153 0.0578033 0.0685466 0.0705074 0.0000000 0.0667446 0.0823283 0.0727249 0.0288388 0.0691964 0.0662698 0.0118860 0.0770960 0.0492710 0.0686098 0.0350419 0.0806809 0.0596074 0.0609667 0.0705679 0.0488430 0.0405522 0.0542322 0.0669540 0.0627862 0.0673538 0.0628495 0.1019651 0.0570072 0.0727249 0.0172066 0.0885669 0.0629183 0.0756143 
Potoroidae_Aepyprymnus_rufescens             0.0542345 0.0673635 0.0587944 0.0225959 0.0226064 0.0563419 0.0767899 0.0667446 0.0000000 0.0795638 0.1311399 0.0460101 0.0590333 0.0587354 0.0674192 0.0730449 0.0495948 0.0545964 0.0442566 0.0780284 0.0244453 0.0554995 0.0674419 0.0600800 0.0473685 0.0373347 0.0620781 0.0545616 0.0301311 0.0515270 0.0793758 0.0576217 0.1311399 0.0727945 0.0842712 0.0567079 0.0758918 
Peramelidae_Perameles_nasuta                 0.0668035 0.0647513 0.0655505 0.0723620 0.0695279 0.0663556 0.0994608 0.0823283 0.0795638 0.0000000 9.0000000 0.0613694 0.0617500 0.0636573 0.0841140 0.0863691 0.0551047 0.0669656 0.0531238 0.0190211 0.0703669 0.0657497 0.0727720 0.0666458 0.0564946 0.0588238 0.0650205 0.0690826 0.0794797 0.0504560 0.0829420 0.0653417 9.0000000 0.0858954 0.0215848 0.0656720 0.0005109 
Myrmecobiidae_Myrmecobius_fasciatus1         0.1356915 0.0858111 0.0744963 0.0700446 0.0798273 0.0491731 0.0584076 0.0727249 0.1311399 9.0000000 0.0000000 0.0810566 0.0478474 0.0412802 0.0860982 0.0744110 0.0413209 0.0451531 0.0435774 0.0897331 0.0740769 0.0852744 0.0982466 0.1069794 0.0412266 0.1230223 0.0964886 0.0847489 0.0794552 9.0000000 0.1235641 0.0838986 0.0000010 0.1299191 9.0000000 0.0548188 0.0942109 
Phalangeridae_Strigocuscus_pelengensis       0.0434728 0.0571700 0.0402018 0.0410938 0.0424496 0.0518688 0.0435782 0.0288388 0.0460101 0.0613694 0.0810566 0.0000000 0.0513379 0.0505841 0.0274810 0.0556088 0.0453148 0.0483437 0.0394852 0.0596702 0.0401415 0.0418306 0.0587482 0.0521932 0.0452481 0.0440848 0.0499897 0.0452235 0.0486449 0.0369337 0.0741070 0.0420724 0.0810566 0.0413169 0.0682786 0.0502730 0.0589587 
Dasyuridae_Phascogale_tapoatafa              0.0598464 0.0625181 0.0522769 0.0581585 0.0606703 0.0130051 0.0752776 0.0691964 0.0590333 0.0617500 0.0478474 0.0513379 0.0000000 0.0206678 0.0736969 0.0618734 0.0022281 0.0130493 0.0190043 0.0654960 0.0558121 0.0594652 0.0616512 0.0568588 0.0056900 0.0572234 0.0535586 0.0591479 0.0620794 0.0517999 0.0737814 0.0568520 0.0478474 0.0792233 0.0690873 0.0154735 0.0617807 
Dasyuridae_Sminthopsis_macroura              0.0592073 0.0647316 0.0512551 0.0560614 0.0569285 0.0217392 0.0703026 0.0662698 0.0587354 0.0636573 0.0412802 0.0505841 0.0206678 0.0000000 0.0726889 0.0610350 0.0177839 0.0192724 0.0144687 0.0706048 0.0547242 0.0554120 0.0603054 0.0574580 0.0187403 0.0582675 0.0570912 0.0596400 0.0607790 0.0479448 0.0776805 0.0566443 0.0412802 0.0771041 0.0703848 0.0214151 0.0658604 
Phalangeridae_Phalanger_orientalis           0.0615142 0.0759986 0.0636058 0.0578714 0.0583693 0.0725913 0.0631022 0.0118860 0.0674192 0.0841140 0.0860982 0.0274810 0.0736969 0.0726889 0.0000000 0.0786900 0.0571752 0.0710012 0.0434898 0.0817940 0.0578423 0.0620534 0.0741373 0.0559945 0.0493841 0.0617761 0.0707857 0.0627401 0.0661365 0.0650950 0.1018013 0.0605067 0.0860982 0.0159128 0.0869748 0.0684043 0.0779382 
Acrobatidae_Acrobates_pygmaeus               0.0661333 0.0742217 0.0582127 0.0683871 0.0679357 0.0624956 0.0498989 0.0770960 0.0730449 0.0863691 0.0744110 0.0556088 0.0618734 0.0610350 0.0786900 0.0000000 0.0582060 0.0637760 0.0622372 0.0801896 0.0662924 0.0564001 0.0789394 0.0765263 0.0565861 0.0642712 0.0683703 0.0581042 0.0729486 0.0587740 0.1168535 0.0448112 0.0744110 0.0861906 0.0937466 0.0640640 0.0776717 
Dasyuridae_Phascogale_calura                 0.0530444 0.0579074 0.0483670 0.0482442 0.0524471 0.0122841 0.0656099 0.0492710 0.0495948 0.0551047 0.0413209 0.0453148 0.0022281 0.0177839 0.0571752 0.0582060 0.0000000 0.0101625 0.0197735 0.0626115 0.0452503 0.0532622 0.0632635 0.0573913 0.0050293 0.0511587 0.0485833 0.0492574 0.0511243 0.0398264 0.0712356 0.0515073 0.0413209 0.0614448 0.0552003 0.0127809 0.0583734 
Dasyuridae_Sarcophilus_harrisii              0.0565064 0.0644730 0.0504505 0.0520060 0.0533680 0.0056331 0.0705666 0.0686098 0.0545964 0.0669656 0.0451531 0.0483437 0.0130493 0.0192724 0.0710012 0.0637760 0.0101625 0.0000000 0.0187210 0.0688931 0.0506345 0.0555807 0.0608612 0.0578709 0.0107146 0.0545377 0.0546624 0.0583595 0.0571212 0.0482847 0.0760880 0.0563526 0.0451531 0.0769752 0.0698260 0.0061940 0.0660672 
Dasyuridae_Planigale_tenuirostris            0.0433009 0.0541052 0.0455002 0.0447019 0.0489946 0.0191906 0.0604270 0.0350419 0.0442566 0.0531238 0.0435774 0.0394852 0.0190043 0.0144687 0.0434898 0.0622372 0.0197735 0.0187210 0.0000000 0.0619517 0.0418294 0.0474837 0.0588955 0.0539123 0.0213829 0.0498084 0.0469747 0.0433727 0.0461297 0.0328610 0.0531468 0.0490601 0.0435774 0.0443651 0.0561852 0.0181714 0.0546808 
Peramelidae_Echymipera_kalubu                0.0761316 0.0698205 0.0622195 0.0732020 0.0716106 0.0721273 0.0872030 0.0806809 0.0780284 0.0190211 0.0897331 0.0596702 0.0654960 0.0706048 0.0817940 0.0801896 0.0626115 0.0688931 0.0619517 0.0000000 0.0687703 0.0669397 0.0748199 0.0678366 0.0622560 0.0701095 0.0670467 0.0694810 0.0767195 0.0535348 0.0826061 0.0648969 0.0897331 0.0903068 0.0214927 0.0730404 0.0188385 
Macropodidae_Dorcopsulus_vanheurni           0.0509395 0.0642004 0.0505630 0.0218939 0.0206706 0.0541253 0.0651181 0.0596074 0.0244453 0.0703669 0.0740769 0.0401415 0.0558121 0.0547242 0.0578423 0.0662924 0.0452503 0.0506345 0.0418294 0.0687703 0.0000000 0.0475864 0.0618611 0.0547187 0.0434847 0.0383119 0.0552210 0.0460938 0.0186048 0.0410699 0.0781391 0.0493613 0.0740769 0.0668217 0.0766154 0.0530086 0.0660201 
Pseudochiridae_Pseudochirulus_forbesi        0.0510313 0.0631371 0.0471087 0.0476938 0.0480725 0.0585909 0.0653907 0.0609667 0.0554995 0.0657497 0.0852744 0.0418306 0.0594652 0.0554120 0.0620534 0.0564001 0.0532622 0.0555807 0.0474837 0.0669397 0.0475864 0.0000000 0.0664651 0.0576817 0.0503431 0.0492527 0.0558770 0.0315968 0.0553876 0.0106342 0.0685886 0.0433061 0.0852744 0.0686225 0.0701741 0.0575505 0.0641824 
Didelphidae_Didelphis_virginiana             0.0685806 0.0686752 0.0606241 0.0622423 0.0677523 0.0626091 0.0771625 0.0705679 0.0674419 0.0727720 0.0982466 0.0587482 0.0616512 0.0603054 0.0741373 0.0789394 0.0632635 0.0608612 0.0588955 0.0748199 0.0618611 0.0664651 0.0000000 0.0193827 0.0632828 0.0629331 0.0612178 0.0633021 0.0692096 0.0557661 0.0917229 0.0634652 0.0982466 0.0799238 0.0808894 0.0628035 0.0715002 
Marmosidae_Monodelphis_domestica             0.0586353 0.0637349 0.0571376 0.0564666 0.0594748 0.0582565 0.0681892 0.0488430 0.0600800 0.0666458 0.1069794 0.0521932 0.0568588 0.0574580 0.0559945 0.0765263 0.0573913 0.0578709 0.0539123 0.0678366 0.0547187 0.0576817 0.0193827 0.0000000 0.0591455 0.0577773 0.0537276 0.0542916 0.0607827 0.0479934 0.0896824 0.0590527 0.1069794 0.0605139 0.0680692 0.0579106 0.0644349 
Dasyuridae_Antechinus_stuartii               0.0480443 0.0556215 0.0479202 0.0455908 0.0494258 0.0119948 0.0609497 0.0405522 0.0473685 0.0564946 0.0412266 0.0452481 0.0056900 0.0187403 0.0493841 0.0565861 0.0050293 0.0107146 0.0213829 0.0622560 0.0434847 0.0503431 0.0632828 0.0591455 0.0000000 0.0514262 0.0485561 0.0454182 0.0480223 0.0374858 0.0710188 0.0479426 0.0412266 0.0525632 0.0542120 0.0115634 0.0589944 
Hypsiprymnodontidae_Hypsiprymnodon_moschatus 0.0481013 0.0600424 0.0532458 0.0386973 0.0391520 0.0567500 0.0696605 0.0542322 0.0373347 0.0588238 0.1230223 0.0440848 0.0572234 0.0582675 0.0617761 0.0642712 0.0511587 0.0545377 0.0498084 0.0701095 0.0383119 0.0492527 0.0629331 0.0577773 0.0514262 0.0000000 0.0513341 0.0507010 0.0416589 0.0367020 0.0902476 0.0501351 0.1230223 0.0604658 0.0670168 0.0567343 0.0644493 
Microbiotheriidae_Dromiciops_gliroides       0.0598069 0.0640144 0.0526438 0.0558012 0.0577246 0.0555269 0.0741301 0.0669540 0.0620781 0.0650205 0.0964886 0.0499897 0.0535586 0.0570912 0.0707857 0.0683703 0.0485833 0.0546624 0.0469747 0.0670467 0.0552210 0.0558770 0.0612178 0.0537276 0.0485561 0.0513341 0.0000000 0.0561683 0.0625030 0.0442274 0.0830279 0.0509730 0.0964886 0.0768031 0.0712881 0.0569126 0.0616175 
Pseudochiridae_Petauroides_volans            0.0548072 0.0645968 0.0504535 0.0486425 0.0511384 0.0595391 0.0678643 0.0627862 0.0545616 0.0690826 0.0847489 0.0452235 0.0591479 0.0596400 0.0627401 0.0581042 0.0492574 0.0583595 0.0433727 0.0694810 0.0460938 0.0315968 0.0633021 0.0542916 0.0454182 0.0507010 0.0561683 0.0000000 0.0542626 0.0256363 0.0665318 0.0445789 0.0847489 0.0696462 0.0772737 0.0583910 0.0676048 
Macropodidae_Wallabia_bicolor                0.0575421 0.0685381 0.0579331 0.0280198 0.0280118 0.0591356 0.0711644 0.0673538 0.0301311 0.0794797 0.0794552 0.0486449 0.0620794 0.0607790 0.0661365 0.0729486 0.0511243 0.0571212 0.0461297 0.0767195 0.0186048 0.0553876 0.0692096 0.0607827 0.0480223 0.0416589 0.0625030 0.0542626 0.0000000 0.0503948 0.0742147 0.0564050 0.0794552 0.0744906 0.0854774 0.0582724 0.0748560 
Pseudochiridae_Pseudocheirus_occidentalis    0.0394324 0.0525878 0.0450894 0.0445409 0.0429699 0.0487211 0.0734426 0.0628495 0.0515270 0.0504560 9.0000000 0.0369337 0.0517999 0.0479448 0.0650950 0.0587740 0.0398264 0.0482847 0.0328610 0.0535348 0.0410699 0.0106342 0.0557661 0.0479934 0.0374858 0.0367020 0.0442274 0.0256363 0.0503948 0.0000000 0.0849030 0.0367134 9.0000000 0.0645461 0.0589916 0.0473869 0.0510412 
Tarsipedidae_Tarsipes_rostratus              0.0854643 0.0863038 0.0581168 0.0768955 0.0741143 0.0783282 0.1212230 0.1019651 0.0793758 0.0829420 0.1235641 0.0741070 0.0737814 0.0776805 0.1018013 0.1168535 0.0712356 0.0760880 0.0531468 0.0826061 0.0781391 0.0685886 0.0917229 0.0896824 0.0710188 0.0902476 0.0830279 0.0665318 0.0742147 0.0849030 0.0000000 0.0684379 0.1235641 0.1167755 0.1047095 0.0749757 0.0822310 
Acrobatidae_Distoechurus_pennatus            0.0517603 0.0596665 0.0487615 0.0522023 0.0503330 0.0555988 0.0691859 0.0570072 0.0576217 0.0653417 0.0838986 0.0420724 0.0568520 0.0566443 0.0605067 0.0448112 0.0515073 0.0563526 0.0490601 0.0648969 0.0493613 0.0433061 0.0634652 0.0590527 0.0479426 0.0501351 0.0509730 0.0445789 0.0564050 0.0367134 0.0684379 0.0000000 0.0838986 0.0675360 0.0723369 0.0569520 0.0640781 
Myrmecobiidae_Myrmecobius_fasciatus2         0.1356915 0.0858111 0.0744963 0.0700446 0.0798273 0.0491731 0.0584076 0.0727249 0.1311399 9.0000000 0.0000010 0.0810566 0.0478474 0.0412802 0.0860982 0.0744110 0.0413209 0.0451531 0.0435774 0.0897331 0.0740769 0.0852744 0.0982466 0.1069794 0.0412266 0.1230223 0.0964886 0.0847489 0.0794552 9.0000000 0.1235641 0.0838986 0.0000000 0.1299191 9.0000000 0.0548188 0.0942109 
Phalangeridae_Phalanger_carmelitae           0.0607895 0.0799676 0.0712655 0.0663638 0.0674488 0.0785431 0.0736229 0.0172066 0.0727945 0.0858954 0.1299191 0.0413169 0.0792233 0.0771041 0.0159128 0.0861906 0.0614448 0.0769752 0.0443651 0.0903068 0.0668217 0.0686225 0.0799238 0.0605139 0.0525632 0.0604658 0.0768031 0.0696462 0.0744906 0.0645461 0.1167755 0.0675360 0.1299191 0.0000000 0.0881182 0.0737580 0.0873215 
Peramelidae_Peroryctes_raffrayana            0.0752740 0.0730393 0.0697222 0.0781599 0.0764265 0.0705476 0.1018539 0.0885669 0.0842712 0.0215848 9.0000000 0.0682786 0.0690873 0.0703848 0.0869748 0.0937466 0.0552003 0.0698260 0.0561852 0.0214927 0.0766154 0.0701741 0.0808894 0.0680692 0.0542120 0.0670168 0.0712881 0.0772737 0.0854774 0.0589916 0.1047095 0.0723369 9.0000000 0.0881182 0.0000000 0.0693252 0.0202844 
Dasyuridae_Dasyurus_geffroii                 0.0590165 0.0648226 0.0524235 0.0534821 0.0549439 0.0040688 0.0709829 0.0629183 0.0567079 0.0656720 0.0548188 0.0502730 0.0154735 0.0214151 0.0684043 0.0640640 0.0127809 0.0061940 0.0181714 0.0730404 0.0530086 0.0575505 0.0628035 0.0579106 0.0115634 0.0567343 0.0569126 0.0583910 0.0582724 0.0473869 0.0749757 0.0569520 0.0548188 0.0737580 0.0693252 0.0000000 0.0670572 
Peramelidae_Perameles_gunnii                 0.0702971 0.0617119 0.0618436 0.0674883 0.0664499 0.0678208 0.0858091 0.0756143 0.0758918 0.0005109 0.0942109 0.0589587 0.0617807 0.0658604 0.0779382 0.0776717 0.0583734 0.0660672 0.0546808 0.0188385 0.0660201 0.0641824 0.0715002 0.0644349 0.0589944 0.0644493 0.0616175 0.0676048 0.0748560 0.0510412 0.0822310 0.0640781 0.0942109 0.0873215 0.0202844 0.0670572 0.0000000 
