35
Burramyidae_Burramys_parvus                  0.0000000 0.0826217 0.0707056 0.0845277 0.0680988 0.0858936 0.0581099 0.0457454 0.0771299 0.0770726 0.0576877 0.0830688 0.0835710 0.0482451 0.0486648 0.0818753 0.0874848 0.0803512 0.0774506 0.0728933 0.0536802 0.0907768 0.0845969 0.0860900 0.0627960 0.0862498 0.0475920 0.0739532 0.0537741 0.0806968 0.0532811 0.0439491 0.0865694 0.0883096 0.0747771 
Notoryctidae_Notoryctes_typhlops             0.0826217 0.0000000 0.1070110 0.1304171 0.1110834 0.1159257 0.1002043 0.0855810 0.1239241 0.1019293 0.1015476 0.1119268 0.1131305 0.0871936 0.0948346 0.1115052 0.1174864 0.1084735 0.1029248 0.1148811 0.0955284 0.1191278 0.1171625 0.1146335 0.1042912 0.1112681 0.0870694 0.1146060 0.0946522 0.1268722 0.0984444 0.0831735 0.1134242 0.1171564 0.1002072 
Vombatidae_Lasiorhinus_latifrons             0.0707056 0.1070110 0.0000000 0.1048296 0.1042980 0.1140196 0.0705727 0.0674794 0.1071205 0.0967234 0.0700047 0.1123773 0.1148816 0.0697600 0.0761879 0.1125341 0.1162864 0.1135139 0.0962043 0.0936408 0.0846559 0.1224411 0.1182480 0.1129844 0.0964367 0.1021844 0.0703810 0.0914216 0.0784982 0.1225255 0.0829936 0.0673270 0.1069329 0.1160226 0.0952087 
Potoroidae_Bettongia_penicillata             0.0845277 0.1304171 0.1048296 0.0000000 0.0226199 0.1247535 0.0951636 0.0823325 0.0248067 0.1076310 0.0942689 0.1168640 0.1206216 0.0856118 0.0881933 0.1180078 0.1262185 0.1169492 0.1091224 0.0401354 0.0981397 0.1255249 0.1211071 0.1174972 0.0647630 0.1284333 0.0871651 0.0364085 0.0937111 0.1214660 0.0936139 0.0820266 0.1179096 0.1266895 0.1064595 
Potoroidae_Bettongia_lesueur                 0.0680988 0.1110834 0.1042980 0.0226199 0.0000000 0.1049144 0.0812375 0.0639366 0.0257531 0.0916483 0.0807919 0.1002986 0.1012664 0.0661656 0.0697533 0.1013198 0.1063143 0.0941010 0.0918912 0.0409995 0.0793146 0.1083507 0.1022920 0.1013333 0.0486013 0.1122541 0.0704900 0.0385549 0.0755532 0.1016367 0.0736835 0.0650630 0.1000937 0.1070306 0.0906213 
Dasyuridae_Dasyurus_maculatus                0.0858936 0.1159257 0.1140196 0.1247535 0.1049144 0.0000000 0.1030429 0.0823305 0.1204769 0.1036719 0.1039532 0.0228146 0.0280404 0.0879474 0.0910751 0.0238718 0.0079226 0.0288608 0.1054633 0.1114657 0.0953220 0.1131730 0.1099692 0.0246568 0.1026687 0.1127497 0.0888892 0.1119750 0.0928741 0.1171157 0.0924227 0.0861976 0.1100004 0.0079505 0.1016461 
Phalangeridae_Trichosurus_vulpecula          0.0581099 0.1002043 0.0705727 0.0951636 0.0812375 0.1030429 0.0000000 0.0336590 0.0882068 0.0926541 0.0354021 0.0988677 0.0973128 0.0376775 0.0662598 0.0994021 0.1055476 0.0950269 0.0944552 0.0898112 0.0701192 0.1087512 0.1081435 0.1007443 0.0818862 0.0985298 0.0628919 0.0869783 0.0668069 0.0965623 0.0707450 0.0334820 0.1003130 0.1052409 0.0915600 
Phalangeridae_Spilocuscus_maculatus          0.0457454 0.0855810 0.0674794 0.0823325 0.0639366 0.0823305 0.0336590 0.0000000 0.0786039 0.0765289 0.0295083 0.0797027 0.0774286 0.0137697 0.0511567 0.0797900 0.0843574 0.0745327 0.0779228 0.0715959 0.0549299 0.0922767 0.0880445 0.0835532 0.0639892 0.0835206 0.0490083 0.0703748 0.0527613 0.0790619 0.0560347 0.0123738 0.0824472 0.0847344 0.0752011 
Potoroidae_Aepyprymnus_rufescens             0.0771299 0.1239241 0.1071205 0.0248067 0.0257531 0.1204769 0.0882068 0.0786039 0.0000000 0.1012157 0.0862494 0.1126714 0.1162354 0.0825609 0.0802058 0.1135034 0.1202492 0.1117864 0.1043408 0.0367471 0.0926043 0.1208532 0.1139400 0.1140400 0.0604479 0.1214276 0.0816473 0.0331868 0.0900489 0.1167361 0.0856530 0.0793581 0.1128641 0.1211793 0.1009691 
Peramelidae_Perameles_nasuta                 0.0770726 0.1019293 0.0967234 0.1076310 0.0916483 0.1036719 0.0926541 0.0765289 0.1012157 0.0000000 0.0937720 0.1003726 0.1004177 0.0794827 0.0806521 0.0988995 0.1046147 0.0946698 0.0148672 0.0940273 0.0853627 0.1073715 0.1031509 0.1041892 0.0854001 0.1056388 0.0750835 0.0941842 0.0842370 0.1039942 0.0858444 0.0776320 0.0219903 0.1042864 0.0023008 
Phalangeridae_Strigocuscus_pelengensis       0.0576877 0.1015476 0.0700047 0.0942689 0.0807919 0.1039532 0.0354021 0.0295083 0.0862494 0.0937720 0.0000000 0.0991979 0.0990370 0.0336048 0.0666262 0.0983437 0.1069983 0.0935317 0.0952697 0.0841753 0.0718698 0.1110610 0.1032859 0.1033355 0.0781067 0.0972742 0.0623621 0.0834448 0.0667844 0.0981857 0.0703302 0.0290400 0.1053582 0.1062022 0.0927696 
Dasyuridae_Phascogale_tapoatafa              0.0830688 0.1119268 0.1123773 0.1168640 0.1002986 0.0228146 0.0988677 0.0797027 0.1126714 0.1003726 0.0991979 0.0000000 0.0265493 0.0848439 0.0882217 0.0049294 0.0238374 0.0266035 0.1011802 0.1072766 0.0931260 0.1119886 0.1060661 0.0103458 0.0973885 0.1077139 0.0860574 0.1074136 0.0915953 0.1174111 0.0912484 0.0815051 0.1078632 0.0256961 0.0983756 
Dasyuridae_Sminthopsis_macroura              0.0835710 0.1131305 0.1148816 0.1206216 0.1012664 0.0280404 0.0973128 0.0774286 0.1162354 0.1004177 0.0990370 0.0265493 0.0000000 0.0813105 0.0868381 0.0269653 0.0294036 0.0209250 0.1019227 0.1082813 0.0930137 0.1077308 0.1039588 0.0303052 0.0975511 0.1113616 0.0869200 0.1074568 0.0910274 0.1163771 0.0902342 0.0808374 0.1071446 0.0299169 0.0983221 
Phalangeridae_Phalanger_orientalis           0.0482451 0.0871936 0.0697600 0.0856118 0.0661656 0.0879474 0.0376775 0.0137697 0.0825609 0.0794827 0.0336048 0.0848439 0.0813105 0.0000000 0.0521972 0.0845151 0.0908032 0.0789594 0.0799772 0.0730414 0.0560981 0.0945452 0.0903366 0.0886756 0.0633729 0.0883476 0.0496090 0.0735151 0.0534324 0.0828782 0.0570015 0.0072555 0.0848348 0.0903913 0.0772880 
Acrobatidae_Acrobates_pygmaeus               0.0486648 0.0948346 0.0761879 0.0881933 0.0697533 0.0910751 0.0662598 0.0511567 0.0802058 0.0806521 0.0666262 0.0882217 0.0868381 0.0521972 0.0000000 0.0885083 0.0935511 0.0809439 0.0827425 0.0751360 0.0551071 0.0912671 0.0906319 0.0922832 0.0687528 0.0941950 0.0461034 0.0755659 0.0522881 0.0831212 0.0302026 0.0511123 0.0883523 0.0930986 0.0799891 
Dasyuridae_Phascogale_calura                 0.0818753 0.1115052 0.1125341 0.1180078 0.1013198 0.0238718 0.0994021 0.0797900 0.1135034 0.0988995 0.0983437 0.0049294 0.0269653 0.0845151 0.0885083 0.0000000 0.0245372 0.0269926 0.1000962 0.1083348 0.0927988 0.1120312 0.1037935 0.0113659 0.0974932 0.1073727 0.0853135 0.1084697 0.0907931 0.1169165 0.0904438 0.0815937 0.1067518 0.0249839 0.0969047 
Dasyuridae_Sarcophilus_harrisii              0.0874848 0.1174864 0.1162864 0.1262185 0.1063143 0.0079226 0.1055476 0.0843574 0.1202492 0.1046147 0.1069983 0.0238374 0.0294036 0.0908032 0.0935511 0.0245372 0.0000000 0.0291428 0.1054580 0.1130332 0.0982689 0.1155763 0.1114084 0.0253242 0.1035802 0.1153761 0.0913007 0.1139908 0.0966891 0.1196503 0.0956112 0.0890338 0.1110666 0.0092827 0.1025929 
Dasyuridae_Planigale_tenuirostris            0.0803512 0.1084735 0.1135139 0.1169492 0.0941010 0.0288608 0.0950269 0.0745327 0.1117864 0.0946698 0.0935317 0.0266035 0.0209250 0.0789594 0.0809439 0.0269926 0.0291428 0.0000000 0.0950452 0.1032772 0.0888822 0.1109717 0.1034716 0.0288727 0.0922903 0.1090818 0.0824979 0.1033921 0.0863544 0.1114672 0.0871915 0.0778378 0.1049596 0.0292973 0.0931732 
Peramelidae_Echymipera_kalubu                0.0774506 0.1029248 0.0962043 0.1091224 0.0918912 0.1054633 0.0944552 0.0779228 0.1043408 0.0148672 0.0952697 0.1011802 0.1019227 0.0799772 0.0827425 0.1000962 0.1054580 0.0950452 0.0000000 0.0981984 0.0850279 0.1092521 0.1049712 0.1045898 0.0881958 0.1089390 0.0747456 0.0979388 0.0834349 0.1040272 0.0871998 0.0790026 0.0180049 0.1060813 0.0151888 
Macropodidae_Dorcopsulus_vanheurni           0.0728933 0.1148811 0.0936408 0.0401354 0.0409995 0.1114657 0.0898112 0.0715959 0.0367471 0.0940273 0.0841753 0.1072766 0.1082813 0.0730414 0.0751360 0.1083348 0.1130332 0.1032772 0.0981984 0.0000000 0.0829062 0.1143913 0.1059563 0.1078155 0.0526796 0.1119700 0.0729739 0.0129904 0.0809705 0.1122756 0.0788613 0.0709531 0.1062280 0.1132792 0.0929685 
Pseudochiridae_Pseudochirulus_forbesi        0.0536802 0.0955284 0.0846559 0.0981397 0.0793146 0.0953220 0.0701192 0.0549299 0.0926043 0.0853627 0.0718698 0.0931260 0.0930137 0.0560981 0.0551071 0.0927988 0.0982689 0.0888822 0.0850279 0.0829062 0.0000000 0.1007227 0.0952969 0.0950737 0.0743385 0.0985296 0.0295577 0.0824037 0.0186024 0.0809794 0.0580644 0.0542644 0.0925012 0.0982225 0.0838853 
Didelphidae_Didelphis_virginiana             0.0907768 0.1191278 0.1224411 0.1255249 0.1083507 0.1131730 0.1087512 0.0922767 0.1208532 0.1073715 0.1110610 0.1119886 0.1077308 0.0945452 0.0912671 0.1120312 0.1155763 0.1109717 0.1092521 0.1143913 0.1007227 0.0000000 0.0342708 0.1160744 0.1011606 0.1148602 0.0908182 0.1135630 0.0993360 0.1266368 0.0926540 0.0932912 0.1156871 0.1147754 0.1071143 
Marmosidae_Monodelphis_domestica             0.0845969 0.1171625 0.1182480 0.1211071 0.1022920 0.1099692 0.1081435 0.0880445 0.1139400 0.1031509 0.1032859 0.1060661 0.1039588 0.0903366 0.0906319 0.1037935 0.1114084 0.1034716 0.1049712 0.1059563 0.0952969 0.0342708 0.0000000 0.1086613 0.0982153 0.1117643 0.0886754 0.1045008 0.0939480 0.1247012 0.0888393 0.0887334 0.1108826 0.1101434 0.1015134 
Dasyuridae_Antechinus_stuartii               0.0860900 0.1146335 0.1129844 0.1174972 0.1013333 0.0246568 0.1007443 0.0835532 0.1140400 0.1041892 0.1033355 0.0103458 0.0303052 0.0886756 0.0922832 0.0113659 0.0253242 0.0288727 0.1045898 0.1078155 0.0950737 0.1160744 0.1086613 0.0000000 0.0990097 0.1122339 0.0878031 0.1090964 0.0935886 0.1207394 0.0943156 0.0853621 0.1111931 0.0275776 0.1025878 
Hypsiprymnodontidae_Hypsiprymnodon_moschatus 0.0627960 0.1042912 0.0964367 0.0647630 0.0486013 0.1026687 0.0818862 0.0639892 0.0604479 0.0854001 0.0781067 0.0973885 0.0975511 0.0633729 0.0687528 0.0974932 0.1035802 0.0922903 0.0881958 0.0526796 0.0743385 0.1011606 0.0982153 0.0990097 0.0000000 0.1055936 0.0634543 0.0542925 0.0726263 0.1006196 0.0719976 0.0642937 0.0939737 0.1036911 0.0839081 
Microbiotheriidae_Dromiciops_gliroides       0.0862498 0.1112681 0.1021844 0.1284333 0.1122541 0.1127497 0.0985298 0.0835206 0.1214276 0.1056388 0.0972742 0.1077139 0.1113616 0.0883476 0.0941950 0.1073727 0.1153761 0.1090818 0.1089390 0.1119700 0.0985296 0.1148602 0.1117643 0.1122339 0.1055936 0.0000000 0.0900801 0.1138507 0.0958636 0.1262992 0.0943280 0.0857704 0.1175022 0.1144218 0.1054368 
Pseudochiridae_Petauroides_volans            0.0475920 0.0870694 0.0703810 0.0871651 0.0704900 0.0888892 0.0628919 0.0490083 0.0816473 0.0750835 0.0623621 0.0860574 0.0869200 0.0496090 0.0461034 0.0853135 0.0913007 0.0824979 0.0747456 0.0729739 0.0295577 0.0908182 0.0886754 0.0878031 0.0634543 0.0900801 0.0000000 0.0729040 0.0283406 0.0728973 0.0487788 0.0474698 0.0835948 0.0895025 0.0740612 
Macropodidae_Wallabia_bicolor                0.0739532 0.1146060 0.0914216 0.0364085 0.0385549 0.1119750 0.0869783 0.0703748 0.0331868 0.0941842 0.0834448 0.1074136 0.1074568 0.0735151 0.0755659 0.1084697 0.1139908 0.1033921 0.0979388 0.0129904 0.0824037 0.1135630 0.1045008 0.1090964 0.0542925 0.1138507 0.0729040 0.0000000 0.0792584 0.1100815 0.0805137 0.0714315 0.1048373 0.1132377 0.0931274 
Pseudochiridae_Pseudocheirus_occidentalis    0.0537741 0.0946522 0.0784982 0.0937111 0.0755532 0.0928741 0.0668069 0.0527613 0.0900489 0.0842370 0.0667844 0.0915953 0.0910274 0.0534324 0.0522881 0.0907931 0.0966891 0.0863544 0.0834349 0.0809705 0.0186024 0.0993360 0.0939480 0.0935886 0.0726263 0.0958636 0.0283406 0.0792584 0.0000000 0.0775085 0.0566116 0.0515863 0.0926958 0.0966365 0.0827696 
Tarsipedidae_Tarsipes_rostratus              0.0806968 0.1268722 0.1225255 0.1214660 0.1016367 0.1171157 0.0965623 0.0790619 0.1167361 0.1039942 0.0981857 0.1174111 0.1163771 0.0828782 0.0831212 0.1169165 0.1196503 0.1114672 0.1040272 0.1122756 0.0809794 0.1266368 0.1247012 0.1207394 0.1006196 0.1262992 0.0728973 0.1100815 0.0775085 0.0000000 0.0807713 0.0799295 0.1116882 0.1187058 0.1037535 
Acrobatidae_Distoechurus_pennatus            0.0532811 0.0984444 0.0829936 0.0936139 0.0736835 0.0924227 0.0707450 0.0560347 0.0856530 0.0858444 0.0703302 0.0912484 0.0902342 0.0570015 0.0302026 0.0904438 0.0956112 0.0871915 0.0871998 0.0788613 0.0580644 0.0926540 0.0888393 0.0943156 0.0719976 0.0943280 0.0487788 0.0805137 0.0566116 0.0807713 0.0000000 0.0559488 0.0926616 0.0969503 0.0843575 
Phalangeridae_Phalanger_carmelitae           0.0439491 0.0831735 0.0673270 0.0820266 0.0650630 0.0861976 0.0334820 0.0123738 0.0793581 0.0776320 0.0290400 0.0815051 0.0808374 0.0072555 0.0511123 0.0815937 0.0890338 0.0778378 0.0790026 0.0709531 0.0542644 0.0932912 0.0887334 0.0853621 0.0642937 0.0857704 0.0474698 0.0714315 0.0515863 0.0799295 0.0559488 0.0000000 0.0830952 0.0886164 0.0754361 
Peramelidae_Peroryctes_raffrayana            0.0865694 0.1134242 0.1069329 0.1179096 0.1000937 0.1100004 0.1003130 0.0824472 0.1128641 0.0219903 0.1053582 0.1078632 0.1071446 0.0848348 0.0883523 0.1067518 0.1110666 0.1049596 0.0180049 0.1062280 0.0925012 0.1156871 0.1108826 0.1111931 0.0939737 0.1175022 0.0835948 0.1048373 0.0926958 0.1116882 0.0926616 0.0830952 0.0000000 0.1105931 0.0216121 
Dasyuridae_Dasyurus_geffroii                 0.0883096 0.1171564 0.1160226 0.1266895 0.1070306 0.0079505 0.1052409 0.0847344 0.1211793 0.1042864 0.1062022 0.0256961 0.0299169 0.0903913 0.0930986 0.0249839 0.0092827 0.0292973 0.1060813 0.1132792 0.0982225 0.1147754 0.1101434 0.0275776 0.1036911 0.1144218 0.0895025 0.1132377 0.0966365 0.1187058 0.0969503 0.0886164 0.1105931 0.0000000 0.1022551 
Peramelidae_Perameles_gunnii                 0.0747771 0.1002072 0.0952087 0.1064595 0.0906213 0.1016461 0.0915600 0.0752011 0.1009691 0.0023008 0.0927696 0.0983756 0.0983221 0.0772880 0.0799891 0.0969047 0.1025929 0.0931732 0.0151888 0.0929685 0.0838853 0.1071143 0.1015134 0.1025878 0.0839081 0.1054368 0.0740612 0.0931274 0.0827696 0.1037535 0.0843575 0.0754361 0.0216121 0.1022551 0.0000000 
