35
Burramyidae_Burramys_parvus                  0.0000000 0.1018832 0.0722374 0.0725699 0.0727826 0.0991081 0.0565603 0.0692969 0.0700582 0.1255546 0.0633613 0.1196483 0.1198063 0.0703133 0.0771905 0.0988797 0.1018837 0.1069127 0.1059039 0.0703032 0.0779206 0.2006830 0.1350845 0.1014309 0.0660977 0.0858544 0.0783257 0.0748630 0.1000265 0.1127289 0.0789037 0.0787602 0.1134814 0.0984788 0.1270666 
Notoryctidae_Notoryctes_typhlops             0.1018832 0.0000000 0.0761169 0.0983937 0.1047242 0.1143009 0.0902719 0.1150388 0.0987547 0.1531502 0.0992044 0.1414705 0.1409301 0.1112505 0.1115397 0.1270311 0.1266992 0.1293503 0.1263953 0.1044540 0.1057045 0.1993020 0.1495286 0.1219617 0.0963564 0.1076833 0.0963371 0.1060872 0.1295310 0.1523837 0.1071641 0.1237254 0.1347811 0.1195132 0.1528614 
Vombatidae_Lasiorhinus_latifrons             0.0722374 0.0761169 0.0000000 0.0636939 0.0659426 0.0925389 0.0496204 0.0753410 0.0620672 0.1270498 0.0588877 0.1187434 0.1156455 0.0713201 0.0820315 0.1016388 0.1010188 0.1015752 0.1154172 0.0640581 0.0760258 0.1796561 0.1185518 0.1038429 0.0641503 0.0770893 0.0640550 0.0623492 0.0875579 0.1105150 0.0689890 0.0796118 0.1195370 0.0996416 0.1284041 
Potoroidae_Bettongia_penicillata             0.0725699 0.0983937 0.0636939 0.0000000 0.0090861 0.1118350 0.0607621 0.0825313 0.0118722 0.1402592 0.0683603 0.1424907 0.1362753 0.0799628 0.0886413 0.1227733 0.1228537 0.1239806 0.1260678 0.0276521 0.0795970 0.1916801 0.1387781 0.1219398 0.0421841 0.1020916 0.0694354 0.0240379 0.0941599 0.1032193 0.0840555 0.0915490 0.1266604 0.1165764 0.1418788 
Potoroidae_Bettongia_lesueur                 0.0727826 0.1047242 0.0659426 0.0090861 0.0000000 0.1178416 0.0699003 0.0905632 0.0163927 0.1272994 0.0781337 0.1391432 0.1316845 0.0879135 0.0780770 0.1217531 0.1234405 0.1209133 0.1124597 0.0212983 0.0862603 0.1930640 0.1295343 0.1229591 0.0446978 0.0889246 0.0763423 0.0254285 0.1013021 0.1000491 0.0771990 0.0999197 0.1109177 0.1171621 0.1288028 
Dasyuridae_Dasyurus_maculatus                0.0991081 0.1143009 0.0925389 0.1118350 0.1178416 0.0000000 0.0902856 0.1190181 0.1094751 0.1544275 0.1068355 0.0352369 0.0467686 0.1150321 0.1254613 0.0215763 0.0141008 0.0342573 0.1416465 0.1143601 0.1201439 0.2166339 0.1595637 0.0245651 0.1123758 0.0974504 0.1117993 0.1126222 0.1431072 0.1541156 0.1128038 0.1221914 0.1514326 0.0102650 0.1561956 
Phalangeridae_Trichosurus_vulpecula          0.0565603 0.0902719 0.0496204 0.0607621 0.0699003 0.0902856 0.0000000 0.0313630 0.0588574 0.1341844 0.0294216 0.1249673 0.1213384 0.0394563 0.0751396 0.1017251 0.1029103 0.1019903 0.1189800 0.0673661 0.0715310 0.2053481 0.1338035 0.1009541 0.0657199 0.0828171 0.0597274 0.0670645 0.0647114 0.1054352 0.0728228 0.0371652 0.1288103 0.0959608 0.1358270 
Phalangeridae_Spilocuscus_maculatus          0.0692969 0.1150388 0.0753410 0.0825313 0.0905632 0.1190181 0.0313630 0.0000000 0.0755313 0.1664989 0.0242332 0.1503195 0.1481936 0.0275342 0.1045206 0.1283390 0.1318300 0.1417442 0.1459723 0.0881456 0.0930266 0.2170339 0.1571193 0.1241851 0.0812517 0.0991847 0.0857355 0.0869970 0.1063074 0.1380535 0.0984383 0.0235031 0.1586017 0.1297814 0.1678483 
Potoroidae_Aepyprymnus_rufescens             0.0700582 0.0987547 0.0620672 0.0118722 0.0163927 0.1094751 0.0588574 0.0755313 0.0000000 0.1389739 0.0604148 0.1411823 0.1332274 0.0724907 0.0844606 0.1215184 0.1209838 0.1255539 0.1276433 0.0255262 0.0744968 0.1896983 0.1354111 0.1181927 0.0418688 0.0943068 0.0700885 0.0223137 0.0915688 0.1048842 0.0810640 0.0826253 0.1319415 0.1141317 0.1405760 
Peramelidae_Perameles_nasuta                 0.1255546 0.1531502 0.1270498 0.1402592 0.1272994 0.1544275 0.1341844 0.1664989 0.1389739 0.0000000 0.1534926 0.1671412 0.1704714 0.1526352 0.1348264 0.1544947 0.1576295 0.1597355 0.0105103 0.1224792 0.1423177 0.2389417 0.1683102 0.1616352 0.1380099 0.1307972 0.1479062 0.1347687 0.1711912 0.1718784 0.1322358 0.1650345 0.0118737 0.1487130 0.0002453 
Phalangeridae_Strigocuscus_pelengensis       0.0633613 0.0992044 0.0588877 0.0683603 0.0781337 0.1068355 0.0294216 0.0242332 0.0604148 0.1534926 0.0000000 0.1421636 0.1384199 0.0170938 0.0887538 0.1220957 0.1195627 0.1180417 0.1279054 0.0728720 0.0846952 0.1835898 0.1463539 0.1175145 0.0678352 0.0839577 0.0784301 0.0711369 0.1033641 0.1194339 0.0859555 0.0248832 0.1374571 0.1175947 0.1543999 
Dasyuridae_Phascogale_tapoatafa              0.1196483 0.1414705 0.1187434 0.1424907 0.1391432 0.0352369 0.1249673 0.1503195 0.1411823 0.1671412 0.1421636 0.0000000 0.0330362 0.1482354 0.1380334 0.0132855 0.0356088 0.0425215 0.1507294 0.1336048 0.1453035 0.2287571 0.1665927 0.0253781 0.1359958 0.1140406 0.1370004 0.1333443 0.1708249 0.1576454 0.1306743 0.1567882 0.1608409 0.0300344 0.1690398 
Dasyuridae_Sminthopsis_macroura              0.1198063 0.1409301 0.1156455 0.1362753 0.1316845 0.0467686 0.1213384 0.1481936 0.1332274 0.1704714 0.1384199 0.0330362 0.0000000 0.1431536 0.1388338 0.0427922 0.0443217 0.0407256 0.1563518 0.1301434 0.1431553 0.2190867 0.1639702 0.0464155 0.1289953 0.1177200 0.1299429 0.1266600 0.1653941 0.1575723 0.1293127 0.1529767 0.1660827 0.0418155 0.1723857 
Phalangeridae_Phalanger_orientalis           0.0703133 0.1112505 0.0713201 0.0799628 0.0879135 0.1150321 0.0394563 0.0275342 0.0724907 0.1526352 0.0170938 0.1482354 0.1431536 0.0000000 0.0968440 0.1284350 0.1250062 0.1327024 0.1245144 0.0826736 0.0883939 0.2088228 0.1557731 0.1235407 0.0781108 0.0936151 0.0835493 0.0805324 0.1063262 0.1257301 0.0963203 0.0146976 0.1357546 0.1222459 0.1539136 
Acrobatidae_Acrobates_pygmaeus               0.0771905 0.1115397 0.0820315 0.0886413 0.0780770 0.1254613 0.0751396 0.1045206 0.0844606 0.1348264 0.0887538 0.1380334 0.1388338 0.0968440 0.0000000 0.1236408 0.1296283 0.1300947 0.1180965 0.0823007 0.0768001 0.2206912 0.1491653 0.1304991 0.0884797 0.0943629 0.0745166 0.0927364 0.0944011 0.1017058 0.0439475 0.1073330 0.1244057 0.1214777 0.1363930 
Dasyuridae_Phascogale_calura                 0.0988797 0.1270311 0.1016388 0.1227733 0.1217531 0.0215763 0.1017251 0.1283390 0.1215184 0.1544947 0.1220957 0.0132855 0.0427922 0.1284350 0.1236408 0.0000000 0.0202639 0.0243661 0.1365210 0.1120667 0.1238422 0.2249726 0.1595316 0.0129853 0.1178886 0.0949387 0.1171257 0.1243231 0.1478567 0.1505387 0.1112201 0.1367162 0.1471034 0.0158155 0.1562600 
Dasyuridae_Sarcophilus_harrisii              0.1018837 0.1266992 0.1010188 0.1228537 0.1234405 0.0141008 0.1029103 0.1318300 0.1209838 0.1576295 0.1195627 0.0356088 0.0443217 0.1250062 0.1296283 0.0202639 0.0000000 0.0275895 0.1434346 0.1158864 0.1254742 0.2286973 0.1650399 0.0250304 0.1171495 0.0981146 0.1220859 0.1227773 0.1498396 0.1480304 0.1155324 0.1327394 0.1543240 0.0095669 0.1591085 
Dasyuridae_Planigale_tenuirostris            0.1069127 0.1293503 0.1015752 0.1239806 0.1209133 0.0342573 0.1019903 0.1417442 0.1255539 0.1597355 0.1180417 0.0425215 0.0407256 0.1327024 0.1300947 0.0243661 0.0275895 0.0000000 0.1460802 0.1184078 0.1340301 0.2172063 0.1711209 0.0324539 0.1195839 0.0958399 0.1249653 0.1261072 0.1581126 0.1453697 0.1216413 0.1422731 0.1543501 0.0253494 0.1592993 
Peramelidae_Echymipera_kalubu                0.1059039 0.1263953 0.1154172 0.1260678 0.1124597 0.1416465 0.1189800 0.1459723 0.1276433 0.0105103 0.1279054 0.1507294 0.1563518 0.1245144 0.1180965 0.1365210 0.1434346 0.1460802 0.0000000 0.1093225 0.1300034 0.2096151 0.1548043 0.1407429 0.1259487 0.1150981 0.1310431 0.1241942 0.1565136 0.1484611 0.1183156 0.1366117 0.0111997 0.1337023 0.0105433 
Macropodidae_Dorcopsulus_vanheurni           0.0703032 0.1044540 0.0640581 0.0276521 0.0212983 0.1143601 0.0673661 0.0881456 0.0255262 0.1224792 0.0728720 0.1336048 0.1301434 0.0826736 0.0823007 0.1120667 0.1158864 0.1184078 0.1093225 0.0000000 0.0844285 0.2024485 0.1297895 0.1175479 0.0411771 0.0845518 0.0737388 0.0180842 0.0996349 0.1021586 0.0791794 0.0941538 0.1182584 0.1097925 0.1237870 
Pseudochiridae_Pseudochirulus_forbesi        0.0779206 0.1057045 0.0760258 0.0795970 0.0862603 0.1201439 0.0715310 0.0930266 0.0744968 0.1423177 0.0846952 0.1453035 0.1431553 0.0883939 0.0768001 0.1238422 0.1254742 0.1340301 0.1300034 0.0844285 0.0000000 0.2021345 0.1403082 0.1260062 0.0791487 0.1055607 0.0373100 0.0834586 0.0382895 0.0963797 0.0721976 0.0975841 0.1407771 0.1237951 0.1439423 
Didelphidae_Didelphis_virginiana             0.2006830 0.1993020 0.1796561 0.1916801 0.1930640 0.2166339 0.2053481 0.2170339 0.1896983 0.2389417 0.1835898 0.2287571 0.2190867 0.2088228 0.2206912 0.2249726 0.2286973 0.2172063 0.2096151 0.2024485 0.2021345 0.0000000 0.1179671 0.2262426 0.1856791 0.2145396 0.2008388 0.1858879 0.2297874 0.2387829 0.2112842 0.2206851 0.2205431 0.2261880 0.2383916 
Marmosidae_Monodelphis_domestica             0.1350845 0.1495286 0.1185518 0.1387781 0.1295343 0.1595637 0.1338035 0.1571193 0.1354111 0.1683102 0.1463539 0.1665927 0.1639702 0.1557731 0.1491653 0.1595316 0.1650399 0.1711209 0.1548043 0.1297895 0.1403082 0.1179671 0.0000000 0.1605648 0.1281646 0.1334229 0.1402155 0.1370628 0.1584758 0.1862228 0.1400843 0.1650460 0.1665640 0.1621524 0.1693713 
Dasyuridae_Antechinus_stuartii               0.1014309 0.1219617 0.1038429 0.1219398 0.1229591 0.0245651 0.1009541 0.1241851 0.1181927 0.1616352 0.1175145 0.0253781 0.0464155 0.1235407 0.1304991 0.0129853 0.0250304 0.0324539 0.1407429 0.1175479 0.1260062 0.2262426 0.1605648 0.0000000 0.1100463 0.1014069 0.1168740 0.1248306 0.1511373 0.1536132 0.1170838 0.1332262 0.1548117 0.0196198 0.1634799 
Hypsiprymnodontidae_Hypsiprymnodon_moschatus 0.0660977 0.0963564 0.0641503 0.0421841 0.0446978 0.1123758 0.0657199 0.0812517 0.0418688 0.1380099 0.0678352 0.1359958 0.1289953 0.0781108 0.0884797 0.1178886 0.1171495 0.1195839 0.1259487 0.0411771 0.0791487 0.1856791 0.1281646 0.1100463 0.0000000 0.0931629 0.0722170 0.0468309 0.0997264 0.1027773 0.0787826 0.0885554 0.1311817 0.1122879 0.1388948 
Microbiotheriidae_Dromiciops_gliroides       0.0858544 0.1076833 0.0770893 0.1020916 0.0889246 0.0974504 0.0828171 0.0991847 0.0943068 0.1307972 0.0839577 0.1140406 0.1177200 0.0936151 0.0943629 0.0949387 0.0981146 0.0958399 0.1150981 0.0845518 0.1055607 0.2145396 0.1334229 0.1014069 0.0931629 0.0000000 0.1027843 0.0965467 0.1305270 0.1298948 0.0986345 0.1060960 0.1197787 0.0990005 0.1318085 
Pseudochiridae_Petauroides_volans            0.0783257 0.0963371 0.0640550 0.0694354 0.0763423 0.1117993 0.0597274 0.0857355 0.0700885 0.1479062 0.0784301 0.1370004 0.1299429 0.0835493 0.0745166 0.1171257 0.1220859 0.1249653 0.1310431 0.0737388 0.0373100 0.2008388 0.1402155 0.1168740 0.0722170 0.1027843 0.0000000 0.0751809 0.0450805 0.0873969 0.0692637 0.0923287 0.1435549 0.1161566 0.1491909 
Macropodidae_Wallabia_bicolor                0.0748630 0.1060872 0.0623492 0.0240379 0.0254285 0.1126222 0.0670645 0.0869970 0.0223137 0.1347687 0.0711369 0.1333443 0.1266600 0.0805324 0.0927364 0.1243231 0.1227773 0.1261072 0.1241942 0.0180842 0.0834586 0.1858879 0.1370628 0.1248306 0.0468309 0.0965467 0.0751809 0.0000000 0.1005218 0.1052815 0.0923646 0.0906829 0.1286339 0.1171543 0.1361894 
Pseudochiridae_Pseudocheirus_occidentalis    0.1000265 0.1295310 0.0875579 0.0941599 0.1013021 0.1431072 0.0647114 0.1063074 0.0915688 0.1711912 0.1033641 0.1708249 0.1653941 0.1063262 0.0944011 0.1478567 0.1498396 0.1581126 0.1565136 0.0996349 0.0382895 0.2297874 0.1584758 0.1511373 0.0997264 0.1305270 0.0450805 0.1005218 0.0000000 0.1225974 0.0849475 0.1147802 0.1684517 0.1498807 0.1723361 
Tarsipedidae_Tarsipes_rostratus              0.1127289 0.1523837 0.1105150 0.1032193 0.1000491 0.1541156 0.1054352 0.1380535 0.1048842 0.1718784 0.1194339 0.1576454 0.1575723 0.1257301 0.1017058 0.1505387 0.1480304 0.1453697 0.1484611 0.1021586 0.0963797 0.2387829 0.1862228 0.1536132 0.1027773 0.1298948 0.0873969 0.1052815 0.1225974 0.0000000 0.1016521 0.1445643 0.1598947 0.1518515 0.1727614 
Acrobatidae_Distoechurus_pennatus            0.0789037 0.1071641 0.0689890 0.0840555 0.0771990 0.1128038 0.0728228 0.0984383 0.0810640 0.1322358 0.0859555 0.1306743 0.1293127 0.0963203 0.0439475 0.1112201 0.1155324 0.1216413 0.1183156 0.0791794 0.0721976 0.2112842 0.1400843 0.1170838 0.0787826 0.0986345 0.0692637 0.0923646 0.0849475 0.1016521 0.0000000 0.1062363 0.1270313 0.1109537 0.1337947 
Phalangeridae_Phalanger_carmelitae           0.0787602 0.1237254 0.0796118 0.0915490 0.0999197 0.1221914 0.0371652 0.0235031 0.0826253 0.1650345 0.0248832 0.1567882 0.1529767 0.0146976 0.1073330 0.1367162 0.1327394 0.1422731 0.1366117 0.0941538 0.0975841 0.2206851 0.1650460 0.1332262 0.0885554 0.1060960 0.0923287 0.0906829 0.1147802 0.1445643 0.1062363 0.0000000 0.1474091 0.1312254 0.1665570 
Peramelidae_Peroryctes_raffrayana            0.1134814 0.1347811 0.1195370 0.1266604 0.1109177 0.1514326 0.1288103 0.1586017 0.1319415 0.0118737 0.1374571 0.1608409 0.1660827 0.1357546 0.1244057 0.1471034 0.1543240 0.1543501 0.0111997 0.1182584 0.1407771 0.2205431 0.1665640 0.1548117 0.1311817 0.1197787 0.1435549 0.1286339 0.1684517 0.1598947 0.1270313 0.1474091 0.0000000 0.1472693 0.0119045 
Dasyuridae_Dasyurus_geffroii                 0.0984788 0.1195132 0.0996416 0.1165764 0.1171621 0.0102650 0.0959608 0.1297814 0.1141317 0.1487130 0.1175947 0.0300344 0.0418155 0.1222459 0.1214777 0.0158155 0.0095669 0.0253494 0.1337023 0.1097925 0.1237951 0.2261880 0.1621524 0.0196198 0.1122879 0.0990005 0.1161566 0.1171543 0.1498807 0.1518515 0.1109537 0.1312254 0.1472693 0.0000000 0.1504332 
Peramelidae_Perameles_gunnii                 0.1270666 0.1528614 0.1284041 0.1418788 0.1288028 0.1561956 0.1358270 0.1678483 0.1405760 0.0002453 0.1543999 0.1690398 0.1723857 0.1539136 0.1363930 0.1562600 0.1591085 0.1592993 0.0105433 0.1237870 0.1439423 0.2383916 0.1693713 0.1634799 0.1388948 0.1318085 0.1491909 0.1361894 0.1723361 0.1727614 0.1337947 0.1665570 0.0119045 0.1504332 0.0000000 
