35
Burramyidae_Burramys_parvus                  0.0000000 0.0932160 0.0669022 0.0686752 0.0699535 0.0982046 0.0524475 0.0669437 0.0647260 0.0933890 0.0706025 0.0943693 0.1055294 0.0776943 0.0766362 0.0962724 0.0960580 0.1116861 0.0891338 0.0705850 0.0677266 0.1054466 0.1172556 0.0928445 0.0662698 0.0960672 0.0653073 0.0656406 0.0692151 0.0744475 0.0708107 0.0740451 0.0892786 0.0951782 0.0938851 
Notoryctidae_Notoryctes_typhlops             0.0932160 0.0000000 0.0885943 0.0986501 0.0998294 0.1137115 0.0767506 0.0957633 0.0949942 0.1030197 0.0975761 0.1118570 0.1252881 0.1043409 0.1074804 0.1133768 0.1111026 0.1273574 0.1064092 0.0990831 0.0923333 0.1241766 0.1333739 0.1091170 0.0892326 0.1053087 0.0969583 0.0948892 0.0973582 0.1080562 0.1021059 0.1012070 0.1049495 0.1112839 0.1036315 
Vombatidae_Lasiorhinus_latifrons             0.0669022 0.0885943 0.0000000 0.0798139 0.0801194 0.0915396 0.0637100 0.0690133 0.0757242 0.0912250 0.0747840 0.0932090 0.1098043 0.0835214 0.0890738 0.0952637 0.0901068 0.1056739 0.0928471 0.0795545 0.0790195 0.1087606 0.1171831 0.0923737 0.0710116 0.0950736 0.0712049 0.0739333 0.0776621 0.0887867 0.0850890 0.0789806 0.0947186 0.0892233 0.0911579 
Potoroidae_Bettongia_penicillata             0.0686752 0.0986501 0.0798139 0.0000000 0.0039030 0.0998421 0.0546464 0.0773289 0.0142621 0.1025107 0.0808091 0.0985941 0.1126670 0.0868930 0.0864412 0.1023646 0.0980046 0.1156254 0.1074667 0.0298918 0.0706521 0.1113646 0.1175045 0.0976927 0.0469318 0.0942117 0.0714345 0.0255516 0.0789474 0.0906190 0.0743825 0.0823112 0.1043784 0.0967642 0.1047114 
Potoroidae_Bettongia_lesueur                 0.0699535 0.0998294 0.0801194 0.0039030 0.0000000 0.1002465 0.0553705 0.0788619 0.0138289 0.1026766 0.0824619 0.0990309 0.1138839 0.0879486 0.0874873 0.1028220 0.0984008 0.1169158 0.1057766 0.0298835 0.0696467 0.1111805 0.1166562 0.0969455 0.0470931 0.0942590 0.0708501 0.0251732 0.0796171 0.0904517 0.0724234 0.0833164 0.1031307 0.0971612 0.1043895 
Dasyuridae_Dasyurus_maculatus                0.0982046 0.1137115 0.0915396 0.0998421 0.1002465 0.0000000 0.0845611 0.0994889 0.0920182 0.1062799 0.1030483 0.0245201 0.0435196 0.1137070 0.1136452 0.0264217 0.0082873 0.0431735 0.1117571 0.1027124 0.1029893 0.1166281 0.1231387 0.0217185 0.0929330 0.1082390 0.0976565 0.0948529 0.1054570 0.1165429 0.1067686 0.1077571 0.1075642 0.0056425 0.1085655 
Phalangeridae_Trichosurus_vulpecula          0.0524475 0.0767506 0.0637100 0.0546464 0.0553705 0.0845611 0.0000000 0.0192817 0.0574857 0.0726166 0.0188384 0.0842881 0.1076672 0.0269926 0.0639532 0.0883344 0.0820073 0.1076264 0.0781655 0.0608698 0.0641865 0.0860563 0.0917652 0.0846122 0.0584206 0.0822021 0.0587310 0.0591150 0.0616526 0.0720161 0.0609092 0.0246783 0.0752482 0.0833910 0.0707508 
Phalangeridae_Spilocuscus_maculatus          0.0669437 0.0957633 0.0690133 0.0773289 0.0788619 0.0994889 0.0192817 0.0000000 0.0763628 0.0969780 0.0193187 0.1024573 0.1119333 0.0251669 0.0822417 0.1049577 0.0978882 0.1143498 0.0995546 0.0819993 0.0613422 0.1133137 0.1201321 0.1008692 0.0717548 0.0961471 0.0716441 0.0776262 0.0666293 0.0892706 0.0746593 0.0196638 0.0971156 0.0963932 0.0986069 
Potoroidae_Aepyprymnus_rufescens             0.0647260 0.0949942 0.0757242 0.0142621 0.0138289 0.0920182 0.0574857 0.0763628 0.0000000 0.0992913 0.0789964 0.0920042 0.1065621 0.0851786 0.0837783 0.0957137 0.0895884 0.1083588 0.1044610 0.0269750 0.0712272 0.1059274 0.1129629 0.0916910 0.0425372 0.0905898 0.0668691 0.0223254 0.0762534 0.0849447 0.0728504 0.0806512 0.1003768 0.0901695 0.0996200 
Peramelidae_Perameles_nasuta                 0.0933890 0.1030197 0.0912250 0.1025107 0.1026766 0.1062799 0.0726166 0.0969780 0.0992913 0.0000000 0.1004352 0.1091458 0.1219811 0.1077985 0.1142249 0.1086741 0.1067657 0.1199954 0.0217959 0.1072403 0.0946901 0.1216606 0.1327007 0.1062491 0.0987295 0.1171317 0.1010931 0.1012689 0.1034893 0.1203388 0.1034519 0.1017639 0.0158916 0.1060709 0.0008649 
Phalangeridae_Strigocuscus_pelengensis       0.0706025 0.0975761 0.0747840 0.0808091 0.0824619 0.1030483 0.0188384 0.0193187 0.0789964 0.1004352 0.0000000 0.1054618 0.1123817 0.0206751 0.0828279 0.1080589 0.1008866 0.1137173 0.1019989 0.0813047 0.0672416 0.1191727 0.1233737 0.1038076 0.0727786 0.1051870 0.0726335 0.0786426 0.0723884 0.0940520 0.0817447 0.0178659 0.0995644 0.0993312 0.1020536 
Dasyuridae_Phascogale_tapoatafa              0.0943693 0.1118570 0.0932090 0.0985941 0.0990309 0.0245201 0.0842881 0.1024573 0.0920042 0.1091458 0.1054618 0.0000000 0.0408806 0.1147589 0.1174869 0.0043055 0.0225475 0.0363549 0.1146122 0.1017897 0.0989233 0.1179630 0.1259251 0.0096566 0.0912911 0.1079593 0.0963245 0.0968865 0.1048385 0.1154642 0.1086731 0.1087528 0.1111947 0.0221260 0.1114327 
Dasyuridae_Sminthopsis_macroura              0.1055294 0.1252881 0.1098043 0.1126670 0.1138839 0.0435196 0.1076672 0.1119333 0.1065621 0.1219811 0.1123817 0.0408806 0.0000000 0.1235102 0.1262784 0.0415425 0.0437664 0.0361165 0.1265413 0.1113783 0.1155591 0.1286497 0.1366468 0.0380040 0.1026952 0.1149328 0.1091822 0.1046066 0.1138820 0.1294049 0.1203883 0.1191839 0.1222118 0.0428336 0.1235112 
Phalangeridae_Phalanger_orientalis           0.0776943 0.1043409 0.0835214 0.0868930 0.0879486 0.1137070 0.0269926 0.0251669 0.0851786 0.1077985 0.0206751 0.1147589 0.1235102 0.0000000 0.0868926 0.1172625 0.1119901 0.1272167 0.1107743 0.0899379 0.0829845 0.1281319 0.1334860 0.1145945 0.0829738 0.1098564 0.0799057 0.0847648 0.0799612 0.1022875 0.0901767 0.0079340 0.1079037 0.1104411 0.1095095 
Acrobatidae_Acrobates_pygmaeus               0.0766362 0.1074804 0.0890738 0.0864412 0.0874873 0.1136452 0.0639532 0.0822417 0.0837783 0.1142249 0.0828279 0.1174869 0.1262784 0.0868926 0.0000000 0.1183920 0.1116153 0.1218469 0.1147126 0.0812230 0.0828496 0.1338035 0.1407566 0.1143856 0.0818678 0.1131561 0.0712413 0.0792438 0.0683868 0.0914810 0.0555834 0.0917380 0.1137616 0.1128808 0.1153363 
Dasyuridae_Phascogale_calura                 0.0962724 0.1133768 0.0952637 0.1023646 0.1028220 0.0264217 0.0883344 0.1049577 0.0957137 0.1086741 0.1080589 0.0043055 0.0415425 0.1172625 0.1183920 0.0000000 0.0253650 0.0373890 0.1148059 0.1055976 0.1029193 0.1175125 0.1282069 0.0110043 0.0915429 0.1099307 0.0977551 0.1006513 0.1073782 0.1194768 0.1088543 0.1122334 0.1100446 0.0249458 0.1116210 
Dasyuridae_Sarcophilus_harrisii              0.0960580 0.1111026 0.0901068 0.0980046 0.0984008 0.0082873 0.0820073 0.0978882 0.0895884 0.1067657 0.1008866 0.0225475 0.0437664 0.1119901 0.1116153 0.0253650 0.0000000 0.0399599 0.1122189 0.1029285 0.1003907 0.1155309 0.1204988 0.0197640 0.0925500 0.1064362 0.0957207 0.0945029 0.1027492 0.1168893 0.1047604 0.1061010 0.1080410 0.0065086 0.1090520 
Dasyuridae_Planigale_tenuirostris            0.1116861 0.1273574 0.1056739 0.1156254 0.1169158 0.0431735 0.1076264 0.1143498 0.1083588 0.1199954 0.1137173 0.0363549 0.0361165 0.1272167 0.1218469 0.0373890 0.0399599 0.0000000 0.1242978 0.1184017 0.1254359 0.1303695 0.1377694 0.0369693 0.1058614 0.1164790 0.1103846 0.1120815 0.1165570 0.1322567 0.1190739 0.1222297 0.1216418 0.0394886 0.1214757 
Peramelidae_Echymipera_kalubu                0.0891338 0.1064092 0.0928471 0.1074667 0.1057766 0.1117571 0.0781655 0.0995546 0.1044610 0.0217959 0.1019989 0.1146122 0.1265413 0.1107743 0.1147126 0.1148059 0.1122189 0.1242978 0.0000000 0.1126815 0.0937848 0.1311059 0.1409421 0.1112151 0.1014402 0.1174802 0.1014038 0.1062246 0.1023560 0.1206574 0.1031174 0.1051370 0.0166991 0.1115185 0.0220745 
Macropodidae_Dorcopsulus_vanheurni           0.0705850 0.0990831 0.0795545 0.0298918 0.0298835 0.1027124 0.0608698 0.0819993 0.0269750 0.1072403 0.0813047 0.1017897 0.1113783 0.0899379 0.0812230 0.1055976 0.1029285 0.1184017 0.1126815 0.0000000 0.0783486 0.1187265 0.1232419 0.1021397 0.0497086 0.1003718 0.0751216 0.0143105 0.0813402 0.0904303 0.0783971 0.0871234 0.1092707 0.1001149 0.1093200 
Pseudochiridae_Pseudochirulus_forbesi        0.0677266 0.0923333 0.0790195 0.0706521 0.0696467 0.1029893 0.0641865 0.0613422 0.0712272 0.0946901 0.0672416 0.0989233 0.1155591 0.0829845 0.0828496 0.1029193 0.1003907 0.1254359 0.0937848 0.0783486 0.0000000 0.1006444 0.1053731 0.0994667 0.0758852 0.0982418 0.0403631 0.0755916 0.0203163 0.0643179 0.0698810 0.0741402 0.0955221 0.1018362 0.0939156 
Didelphidae_Didelphis_virginiana             0.1054466 0.1241766 0.1087606 0.1113646 0.1111805 0.1166281 0.0860563 0.1133137 0.1059274 0.1216606 0.1191727 0.1179630 0.1286497 0.1281319 0.1338035 0.1175125 0.1155309 0.1303695 0.1311059 0.1187265 0.1006444 0.0000000 0.0370674 0.1145604 0.1067756 0.1199489 0.1100356 0.1134950 0.1154036 0.1228714 0.1225542 0.1213325 0.1186559 0.1133244 0.1226245 
Marmosidae_Monodelphis_domestica             0.1172556 0.1333739 0.1171831 0.1175045 0.1166562 0.1231387 0.0917652 0.1201321 0.1129629 0.1327007 0.1233737 0.1259251 0.1366468 0.1334860 0.1407566 0.1282069 0.1204988 0.1377694 0.1409421 0.1232419 0.1053731 0.0370674 0.0000000 0.1248240 0.1082671 0.1233317 0.1163829 0.1161351 0.1191121 0.1335995 0.1330870 0.1259303 0.1326283 0.1193648 0.1348320 
Dasyuridae_Antechinus_stuartii               0.0928445 0.1091170 0.0923737 0.0976927 0.0969455 0.0217185 0.0846122 0.1008692 0.0916910 0.1062491 0.1038076 0.0096566 0.0380040 0.1145945 0.1143856 0.0110043 0.0197640 0.0369693 0.1112151 0.1021397 0.0994667 0.1145604 0.1248240 0.0000000 0.0885932 0.1062306 0.0934906 0.0965307 0.1027463 0.1142997 0.1053080 0.1085719 0.1076493 0.0193391 0.1084038 
Hypsiprymnodontidae_Hypsiprymnodon_moschatus 0.0662698 0.0892326 0.0710116 0.0469318 0.0470931 0.0929330 0.0584206 0.0717548 0.0425372 0.0987295 0.0727786 0.0912911 0.1026952 0.0829738 0.0818678 0.0915429 0.0925500 0.1058614 0.1014402 0.0497086 0.0758852 0.1067756 0.1082671 0.0885932 0.0000000 0.0915810 0.0673403 0.0426093 0.0733713 0.0856072 0.0697356 0.0790078 0.1002143 0.0927036 0.0997966 
Microbiotheriidae_Dromiciops_gliroides       0.0960672 0.1053087 0.0950736 0.0942117 0.0942590 0.1082390 0.0822021 0.0961471 0.0905898 0.1171317 0.1051870 0.1079593 0.1149328 0.1098564 0.1131561 0.1099307 0.1064362 0.1164790 0.1174802 0.1003718 0.0982418 0.1199489 0.1233317 0.1062306 0.0915810 0.0000000 0.0963749 0.0924503 0.1020848 0.1128992 0.1058874 0.1047969 0.1186771 0.1052739 0.1165821 
Pseudochiridae_Petauroides_volans            0.0653073 0.0969583 0.0712049 0.0714345 0.0708501 0.0976565 0.0587310 0.0716441 0.0668691 0.1010931 0.0726335 0.0963245 0.1091822 0.0799057 0.0712413 0.0977551 0.0957207 0.1103846 0.1014038 0.0751216 0.0403631 0.1100356 0.1163829 0.0934906 0.0673403 0.0963749 0.0000000 0.0683266 0.0364847 0.0660178 0.0626662 0.0747803 0.1013697 0.0953487 0.1027764 
Macropodidae_Wallabia_bicolor                0.0656406 0.0948892 0.0739333 0.0255516 0.0251732 0.0948529 0.0591150 0.0776262 0.0223254 0.1012689 0.0786426 0.0968865 0.1046066 0.0847648 0.0792438 0.1006513 0.0945029 0.1120815 0.1062246 0.0143105 0.0755916 0.1134950 0.1161351 0.0965307 0.0426093 0.0924503 0.0683266 0.0000000 0.0768069 0.0857390 0.0723360 0.0814769 0.1030407 0.0940302 0.1033810 
Pseudochiridae_Pseudocheirus_occidentalis    0.0692151 0.0973582 0.0776621 0.0789474 0.0796171 0.1054570 0.0616526 0.0666293 0.0762534 0.1034893 0.0723884 0.1048385 0.1138820 0.0799612 0.0683868 0.1073782 0.1027492 0.1165570 0.1023560 0.0813402 0.0203163 0.1154036 0.1191121 0.1027463 0.0733713 0.1020848 0.0364847 0.0768069 0.0000000 0.0694524 0.0672218 0.0733147 0.1048480 0.1035663 0.1046324 
Tarsipedidae_Tarsipes_rostratus              0.0744475 0.1080562 0.0887867 0.0906190 0.0904517 0.1165429 0.0720161 0.0892706 0.0849447 0.1203388 0.0940520 0.1154642 0.1294049 0.1022875 0.0914810 0.1194768 0.1168893 0.1322567 0.1206574 0.0904303 0.0643179 0.1228714 0.1335995 0.1142997 0.0856072 0.1128992 0.0660178 0.0857390 0.0694524 0.0000000 0.0835134 0.0969876 0.1183833 0.1170687 0.1212250 
Acrobatidae_Distoechurus_pennatus            0.0708107 0.1021059 0.0850890 0.0743825 0.0724234 0.1067686 0.0609092 0.0746593 0.0728504 0.1034519 0.0817447 0.1086731 0.1203883 0.0901767 0.0555834 0.1088543 0.1047604 0.1190739 0.1031174 0.0783971 0.0698810 0.1225542 0.1330870 0.1053080 0.0697356 0.1058874 0.0626662 0.0723360 0.0672218 0.0835134 0.0000000 0.0859893 0.1002074 0.1049302 0.1057820 
Phalangeridae_Phalanger_carmelitae           0.0740451 0.1012070 0.0789806 0.0823112 0.0833164 0.1077571 0.0246783 0.0196638 0.0806512 0.1017639 0.0178659 0.1087528 0.1191839 0.0079340 0.0917380 0.1122334 0.1061010 0.1222297 0.1051370 0.0871234 0.0741402 0.1213325 0.1259303 0.1085719 0.0790078 0.1047969 0.0747803 0.0814769 0.0733147 0.0969876 0.0859893 0.0000000 0.1007316 0.1045859 0.1034613 
Peramelidae_Peroryctes_raffrayana            0.0892786 0.1049495 0.0947186 0.1043784 0.1031307 0.1075642 0.0752482 0.0971156 0.1003768 0.0158916 0.0995644 0.1111947 0.1222118 0.1079037 0.1137616 0.1100446 0.1080410 0.1216418 0.0166991 0.1092707 0.0955221 0.1186559 0.1326283 0.1076493 0.1002143 0.1186771 0.1013697 0.1030407 0.1048480 0.1183833 0.1002074 0.1007316 0.0000000 0.1073191 0.0162779 
Dasyuridae_Dasyurus_geffroii                 0.0951782 0.1112839 0.0892233 0.0967642 0.0971612 0.0056425 0.0833910 0.0963932 0.0901695 0.1060709 0.0993312 0.0221260 0.0428336 0.1104411 0.1128808 0.0249458 0.0065086 0.0394886 0.1115185 0.1001149 0.1018362 0.1133244 0.1193648 0.0193391 0.0927036 0.1052739 0.0953487 0.0940302 0.1035663 0.1170687 0.1049302 0.1045859 0.1073191 0.0000000 0.1083479 
Peramelidae_Perameles_gunnii                 0.0938851 0.1036315 0.0911579 0.1047114 0.1043895 0.1085655 0.0707508 0.0986069 0.0996200 0.0008649 0.1020536 0.1114327 0.1235112 0.1095095 0.1153363 0.1116210 0.1090520 0.1214757 0.0220745 0.1093200 0.0939156 0.1226245 0.1348320 0.1084038 0.0997966 0.1165821 0.1027764 0.1033810 0.1046324 0.1212250 0.1057820 0.1034613 0.0162779 0.1083479 0.0000000 
