37
Burramyidae_Burramys_parvus                  0.0000000 0.0673996 0.0506151 0.0524325 0.0557197 0.0983024 0.0375686 0.0420489 0.0560067 0.0791401 0.1791250 0.0378134 0.1066839 0.0984231 0.0390146 0.0505998 0.1066456 0.1006172 0.0592794 0.0692813 0.0599508 0.0460937 0.0978460 0.0491834 0.0635416 0.0472866 0.0610611 0.0461448 0.0493814 0.1791250 0.0375796 0.0904085 0.1065818 0.0785337 0.0805949 0.0745325 0.0716669 
Notoryctidae_Notoryctes_typhlops             0.0673996 0.0000000 0.0724157 0.0767837 0.0817045 0.1110236 0.0614727 0.0651127 0.0766712 0.0876779 0.2461243 0.0584971 0.1209528 0.1091903 0.0635530 0.0729283 0.1194897 0.1126872 0.0704884 0.0840443 0.0773229 0.0725008 0.1093194 0.0720907 0.0744739 0.0715686 0.0817995 0.0724116 0.0743114 0.2461243 0.0625174 0.1019046 0.1195452 0.0869175 0.0929669 0.0919992 0.1062654 
Vombatidae_Lasiorhinus_latifrons             0.0506151 0.0724157 0.0000000 0.0589599 0.0609932 0.0931571 0.0423856 0.0474467 0.0603913 0.0916440 0.2058841 0.0430180 0.1048960 0.0997717 0.0451290 0.0578088 0.1048591 0.0923676 0.0621330 0.0851098 0.0642123 0.0499198 0.0956388 0.0561942 0.0656726 0.0513898 0.0632412 0.0532449 0.0557116 0.2058841 0.0431627 0.0992906 0.1003283 0.0913345 0.0813740 0.0781614 0.0774989 
Potoroidae_Bettongia_penicillata             0.0524325 0.0767837 0.0589599 0.0000000 0.0030578 0.1061790 0.0469430 0.0509875 0.0096650 0.0933170 0.1979719 0.0484207 0.1144899 0.1113075 0.0503064 0.0554183 0.1144470 0.1072312 0.0632972 0.0921153 0.0171673 0.0591765 0.1060149 0.0306687 0.0721149 0.0584541 0.0151842 0.0562282 0.0514147 0.1979719 0.0470247 0.1194936 0.1151875 0.0929156 0.0957991 0.0968228 0.0829622 
Potoroidae_Bettongia_lesueur                 0.0557197 0.0817045 0.0609932 0.0030578 0.0000000 0.1093665 0.0495072 0.0523085 0.0110227 0.0976135 0.1942303 0.0512018 0.1185868 0.1152943 0.0525616 0.0582796 0.1185416 0.1104231 0.0656896 0.0944500 0.0192964 0.0631864 0.1100382 0.0323278 0.0778049 0.0620469 0.0162454 0.0609844 0.0535132 0.1942303 0.0495966 0.1207256 0.1186017 0.0971792 0.0993419 0.1012093 0.0852650 
Dasyuridae_Dasyurus_maculatus                0.0983024 0.1110236 0.0931571 0.1061790 0.1093665 0.0000000 0.0898825 0.0934842 0.1029640 0.1288684 0.0971053 0.0851892 0.0176206 0.0206102 0.0890315 0.1020654 0.0171434 0.0050936 0.0106587 0.1228773 0.1097202 0.1005894 0.0123699 0.1004262 0.1016988 0.0994404 0.1015808 0.0964321 0.1003476 0.0971053 0.0848070 0.1424357 0.0053102 0.1272575 0.1197532 0.1247471 0.1130319 
Phalangeridae_Trichosurus_vulpecula          0.0375686 0.0614727 0.0423856 0.0469430 0.0495072 0.0898825 0.0000000 0.0118481 0.0502082 0.0769920 0.1900231 0.0115264 0.0956293 0.0923382 0.0112493 0.0397750 0.0942029 0.0935994 0.0534409 0.0692923 0.0531873 0.0405214 0.0884904 0.0432521 0.0552914 0.0394441 0.0523204 0.0395467 0.0391682 0.1900231 0.0106965 0.0903220 0.0959000 0.0768490 0.0745786 0.0776896 0.0654101 
Phalangeridae_Spilocuscus_maculatus          0.0420489 0.0651127 0.0474467 0.0509875 0.0523085 0.0934842 0.0118481 0.0000000 0.0534771 0.0796918 0.2122607 0.0060576 0.0954050 0.0956769 0.0053771 0.0420378 0.0953728 0.0945411 0.0536920 0.0741204 0.0553158 0.0439953 0.0937072 0.0464143 0.0613450 0.0419660 0.0551838 0.0437586 0.0413916 0.2122607 0.0049891 0.0934788 0.0997158 0.0795647 0.0728890 0.0758434 0.0677138 
Potoroidae_Aepyprymnus_rufescens             0.0560067 0.0766712 0.0603913 0.0096650 0.0110227 0.1029640 0.0502082 0.0534771 0.0000000 0.0957969 0.1986285 0.0501159 0.1172261 0.1073986 0.0526414 0.0580783 0.1171820 0.1045412 0.0623929 0.0905244 0.0182039 0.0589668 0.1065468 0.0319917 0.0749983 0.0567224 0.0152389 0.0559827 0.0529996 0.1986285 0.0488472 0.1197187 0.1111694 0.0953780 0.0921338 0.0916198 0.0804550 
Peramelidae_Perameles_nasuta                 0.0791401 0.0876779 0.0916440 0.0933170 0.0976135 0.1288684 0.0769920 0.0796918 0.0957969 0.0000000 0.1927470 0.0709065 0.1330217 0.1278210 0.0779990 0.0894800 0.1338184 0.1277335 0.0787400 0.0177451 0.1043938 0.0905092 0.1268278 0.0905061 0.0895813 0.0917842 0.1044404 0.0866106 0.0887262 0.1927470 0.0750242 0.0261900 0.1406451 0.0004704 0.1019711 0.1053622 0.0975333 
Myrmecobiidae_Myrmecobius_fasciatus1         0.1791250 0.2461243 0.2058841 0.1979719 0.1942303 0.0971053 0.1900231 0.2122607 0.1986285 0.1927470 0.0000000 0.2062903 0.0890973 0.0782832 0.1966903 0.2425668 0.0848682 0.0899029 0.0777856 0.1998986 0.2092676 0.1809381 0.0777214 0.1989225 0.1830256 0.2041288 0.2017142 0.2062387 0.2156716 0.0000010 0.1943849 0.1988901 0.0946435 0.1872476 9.0000000 9.0000000 9.0000000 
Phalangeridae_Strigocuscus_pelengensis       0.0378134 0.0584971 0.0430180 0.0484207 0.0512018 0.0851892 0.0115264 0.0060576 0.0501159 0.0709065 0.2062903 0.0000000 0.0893994 0.0864805 0.0047463 0.0392659 0.0893686 0.0879324 0.0477158 0.0642842 0.0526322 0.0400828 0.0891833 0.0447841 0.0609798 0.0387814 0.0515665 0.0399924 0.0392543 0.2062903 0.0039885 0.0810180 0.0924326 0.0702626 0.0709744 0.0720297 0.0706002 
Dasyuridae_Phascogale_tapoatafa              0.1066839 0.1209528 0.1048960 0.1144899 0.1185868 0.0176206 0.0956293 0.0954050 0.1172261 0.1330217 0.0890973 0.0893994 0.0000000 0.0236258 0.0915557 0.1094644 0.0015822 0.0183239 0.0137206 0.1297366 0.1237624 0.1042728 0.0086290 0.1114617 0.1106521 0.1078713 0.1118428 0.1089071 0.1054515 0.0890973 0.0885739 0.1515623 0.0195048 0.1320577 0.1200800 0.1268655 0.1216677 
Dasyuridae_Sminthopsis_macroura              0.0984231 0.1091903 0.0997717 0.1113075 0.1152943 0.0206102 0.0923382 0.0956769 0.1073986 0.1278210 0.0782832 0.0864805 0.0236258 0.0000000 0.0911501 0.1049442 0.0233544 0.0203556 0.0107204 0.1242775 0.1169642 0.1010738 0.0203023 0.1051529 0.1086905 0.1031862 0.1111268 0.1011238 0.1004671 0.0782832 0.0871931 0.1444125 0.0225384 0.1262272 0.1263107 0.1290226 0.1106756 
Phalangeridae_Phalanger_orientalis           0.0390146 0.0635530 0.0451290 0.0503064 0.0525616 0.0890315 0.0112493 0.0053771 0.0526414 0.0779990 0.1966903 0.0047463 0.0915557 0.0911501 0.0000000 0.0408128 0.0929442 0.0914761 0.0518463 0.0723446 0.0549116 0.0407928 0.0901849 0.0444328 0.0613636 0.0399958 0.0529437 0.0413015 0.0405983 0.1966903 0.0020914 0.0933574 0.0964806 0.0778419 0.0745127 0.0768717 0.0668325 
Acrobatidae_Acrobates_pygmaeus               0.0505998 0.0729283 0.0578088 0.0554183 0.0582796 0.1020654 0.0397750 0.0420378 0.0580783 0.0894800 0.2425668 0.0392659 0.1094644 0.1049442 0.0408128 0.0000000 0.1094239 0.1025932 0.0641829 0.0840078 0.0611040 0.0358044 0.1041522 0.0555294 0.0681915 0.0357449 0.0624620 0.0336519 0.0176442 0.2425668 0.0404136 0.1028471 0.1135225 0.0897567 0.0838986 0.0867561 0.0591654 
Dasyuridae_Phascogale_calura                 0.1066456 0.1194897 0.1048591 0.1144470 0.1185416 0.0171434 0.0942029 0.0953728 0.1171820 0.1338184 0.0848682 0.0893686 0.0015822 0.0233544 0.0929442 0.1094239 0.0000000 0.0178380 0.0137191 0.1312647 0.1237138 0.1042358 0.0086283 0.1127901 0.1115168 0.1078327 0.1118014 0.1072538 0.1054138 0.0848682 0.0885451 0.1513074 0.0190001 0.1328469 0.1210687 0.1298334 0.1245424 
Dasyuridae_Sarcophilus_harrisii              0.1006172 0.1126872 0.0923676 0.1072312 0.1104231 0.0050936 0.0935994 0.0945411 0.1045412 0.1277335 0.0899029 0.0879324 0.0183239 0.0203556 0.0914761 0.1025932 0.0178380 0.0000000 0.0110889 0.1206423 0.1128229 0.0978164 0.0138535 0.1036415 0.1019523 0.1008061 0.1034108 0.0995847 0.1022570 0.0899029 0.0871701 0.1409887 0.0062071 0.1261445 0.1190591 0.1226520 0.1151837 
Dasyuridae_Planigale_tenuirostris            0.0592794 0.0704884 0.0621330 0.0632972 0.0656896 0.0106587 0.0534409 0.0536920 0.0623929 0.0787400 0.0777856 0.0477158 0.0137206 0.0107204 0.0518463 0.0641829 0.0137191 0.0110889 0.0000000 0.0820952 0.0714457 0.0608474 0.0104824 0.0615558 0.0580627 0.0622232 0.0636543 0.0624086 0.0614836 0.0777856 0.0483128 0.1008882 0.0124966 0.0772367 0.0627230 0.0676407 0.0676571 
Peramelidae_Echymipera_kalubu                0.0692813 0.0840443 0.0851098 0.0921153 0.0944500 0.1228773 0.0692923 0.0741204 0.0905244 0.0177451 0.1998986 0.0642842 0.1297366 0.1242775 0.0723446 0.0840078 0.1312647 0.1206423 0.0820952 0.0000000 0.0960645 0.0776158 0.1228358 0.0893155 0.0880323 0.0805207 0.0978473 0.0782160 0.0808952 0.1998986 0.0690564 0.0204027 0.1317566 0.0176819 0.1120615 0.1053104 0.0970150 
Macropodidae_Dorcopsulus_vanheurni           0.0599508 0.0773229 0.0642123 0.0171673 0.0192964 0.1097202 0.0531873 0.0553158 0.0182039 0.1043938 0.2092676 0.0526322 0.1237624 0.1169642 0.0549116 0.0611040 0.1237138 0.1128229 0.0714457 0.0960645 0.0000000 0.0649023 0.1165011 0.0327801 0.0786199 0.0618787 0.0136519 0.0640193 0.0551096 0.2092676 0.0531167 0.1202778 0.1195711 0.1039809 0.0901981 0.0921771 0.0895020 
Pseudochiridae_Pseudochirulus_forbesi        0.0460937 0.0725008 0.0499198 0.0591765 0.0631864 0.1005894 0.0405214 0.0439953 0.0589668 0.0905092 0.1809381 0.0400828 0.1042728 0.1010738 0.0407928 0.0358044 0.1042358 0.0978164 0.0608474 0.0776158 0.0649023 0.0000000 0.0992550 0.0513984 0.0621948 0.0198051 0.0638592 0.0126607 0.0371095 0.1809381 0.0404331 0.1044926 0.1107005 0.0885056 0.0858433 0.0874003 0.0501724 
Dasyuridae_Antechinus_stuartii               0.0978460 0.1093194 0.0956388 0.1060149 0.1100382 0.0123699 0.0884904 0.0937072 0.1065468 0.1268278 0.0777214 0.0891833 0.0086290 0.0203023 0.0901849 0.1041522 0.0086283 0.0138535 0.0104824 0.1228358 0.1165011 0.0992550 0.0000000 0.0981943 0.1007071 0.1004594 0.1040072 0.1014092 0.1027486 0.0777214 0.0855370 0.1422547 0.0148637 0.1261850 0.1158494 0.1227574 0.1103126 
Hypsiprymnodontidae_Hypsiprymnodon_moschatus 0.0491834 0.0720907 0.0561942 0.0306687 0.0323278 0.1004262 0.0432521 0.0464143 0.0319917 0.0905061 0.1989225 0.0447841 0.1114617 0.1051529 0.0444328 0.0555294 0.1127901 0.1036415 0.0615558 0.0893155 0.0327801 0.0513984 0.0981943 0.0000000 0.0704466 0.0472449 0.0352001 0.0515341 0.0510964 0.1989225 0.0431840 0.1137998 0.1116227 0.0899454 0.0910898 0.0926237 0.0764607 
Microbiotheriidae_Dromiciops_gliroides       0.0635416 0.0744739 0.0656726 0.0721149 0.0778049 0.1016988 0.0552914 0.0613450 0.0749983 0.0895813 0.1830256 0.0609798 0.1106521 0.1086905 0.0613636 0.0681915 0.1115168 0.1019523 0.0580627 0.0880323 0.0786199 0.0621948 0.1007071 0.0704466 0.0000000 0.0629939 0.0804746 0.0626173 0.0665702 0.1830256 0.0598465 0.1046048 0.1069241 0.0879042 0.0829306 0.0891820 0.0898335 
Pseudochiridae_Petauroides_volans            0.0472866 0.0715686 0.0513898 0.0584541 0.0620469 0.0994404 0.0394441 0.0419660 0.0567224 0.0917842 0.2041288 0.0387814 0.1078713 0.1031862 0.0399958 0.0357449 0.1078327 0.1008061 0.0622232 0.0805207 0.0618787 0.0198051 0.1004594 0.0472449 0.0629939 0.0000000 0.0643676 0.0174685 0.0363400 0.2041288 0.0393934 0.1035762 0.1083926 0.0907063 0.0876715 0.0872494 0.0483893 
Macropodidae_Wallabia_bicolor                0.0610611 0.0817995 0.0632412 0.0151842 0.0162454 0.1015808 0.0523204 0.0551838 0.0152389 0.1044404 0.2017142 0.0515665 0.1118428 0.1111268 0.0529437 0.0624620 0.1118014 0.1034108 0.0636543 0.0978473 0.0136519 0.0638592 0.1040072 0.0352001 0.0804746 0.0643676 0.0000000 0.0624277 0.0548347 0.2017142 0.0513530 0.1200878 0.1104665 0.1038948 0.1027392 0.1016255 0.0921662 
Pseudochiridae_Pseudocheirus_occidentalis    0.0461448 0.0724116 0.0532449 0.0562282 0.0609844 0.0964321 0.0395467 0.0437586 0.0559827 0.0866106 0.2062387 0.0399924 0.1089071 0.1011238 0.0413015 0.0336519 0.1072538 0.0995847 0.0624086 0.0782160 0.0640193 0.0126607 0.1014092 0.0515341 0.0626173 0.0174685 0.0624277 0.0000000 0.0347281 0.2062387 0.0405669 0.0978980 0.1096588 0.0861732 0.0805659 0.0862842 0.0484420 
Acrobatidae_Distoechurus_pennatus            0.0493814 0.0743114 0.0557116 0.0514147 0.0535132 0.1003476 0.0391682 0.0413916 0.0529996 0.0887262 0.2156716 0.0392543 0.1054515 0.1004671 0.0405983 0.0176442 0.1054138 0.1022570 0.0614836 0.0808952 0.0551096 0.0371095 0.1027486 0.0510964 0.0665702 0.0363400 0.0548347 0.0347281 0.0000000 0.2156716 0.0387230 0.1020725 0.1109868 0.0889482 0.0888983 0.0877944 0.0627913 
Myrmecobiidae_Myrmecobius_fasciatus2         0.1791250 0.2461243 0.2058841 0.1979719 0.1942303 0.0971053 0.1900231 0.2122607 0.1986285 0.1927470 0.0000010 0.2062903 0.0890973 0.0782832 0.1966903 0.2425668 0.0848682 0.0899029 0.0777856 0.1998986 0.2092676 0.1809381 0.0777214 0.1989225 0.1830256 0.2041288 0.2017142 0.2062387 0.2156716 0.0000000 0.1943849 0.1988901 0.0946435 0.1872476 9.0000000 9.0000000 9.0000000 
Phalangeridae_Phalanger_carmelitae           0.0375796 0.0625174 0.0431627 0.0470247 0.0495966 0.0848070 0.0106965 0.0049891 0.0488472 0.0750242 0.1943849 0.0039885 0.0885739 0.0871931 0.0020914 0.0404136 0.0885451 0.0871701 0.0483128 0.0690564 0.0531167 0.0404331 0.0855370 0.0431840 0.0598465 0.0393934 0.0513530 0.0405669 0.0387230 0.1943849 0.0000000 0.0895678 0.0919131 0.0749015 0.0730243 0.0745799 0.0662633 
Peramelidae_Peroryctes_raffrayana            0.0904085 0.1019046 0.0992906 0.1194936 0.1207256 0.1424357 0.0903220 0.0934788 0.1197187 0.0261900 0.1988901 0.0810180 0.1515623 0.1444125 0.0933574 0.1028471 0.1513074 0.1409887 0.1008882 0.0204027 0.1202778 0.1044926 0.1422547 0.1137998 0.1046048 0.1035762 0.1200878 0.0978980 0.1020725 0.1988901 0.0895678 0.0000000 0.1522219 0.0254338 0.1517150 0.1397998 0.1221505 
Dasyuridae_Dasyurus_geffroii                 0.1065818 0.1195452 0.1003283 0.1151875 0.1186017 0.0053102 0.0959000 0.0997158 0.1111694 0.1406451 0.0946435 0.0924326 0.0195048 0.0225384 0.0964806 0.1135225 0.0190001 0.0062071 0.0124966 0.1317566 0.1195711 0.1107005 0.0148637 0.1116227 0.1069241 0.1083926 0.1104665 0.1096588 0.1109868 0.0946435 0.0919131 0.1522219 0.0000000 0.1389414 0.1290142 0.1341988 0.1239306 
Peramelidae_Perameles_gunnii                 0.0785337 0.0869175 0.0913345 0.0929156 0.0971792 0.1272575 0.0768490 0.0795647 0.0953780 0.0004704 0.1872476 0.0702626 0.1320577 0.1262272 0.0778419 0.0897567 0.1328469 0.1261445 0.0772367 0.0176819 0.1039809 0.0885056 0.1261850 0.0899454 0.0879042 0.0907063 0.1038948 0.0861732 0.0889482 0.1872476 0.0749015 0.0254338 0.1389414 0.0000000 0.1031197 0.1046720 0.0969017 
Didelphidae_Didelphis_virginiana             0.0805949 0.0929669 0.0813740 0.0957991 0.0993419 0.1197532 0.0745786 0.0728890 0.0921338 0.1019711 9.0000000 0.0709744 0.1200800 0.1263107 0.0745127 0.0838986 0.1210687 0.1190591 0.0627230 0.1120615 0.0901981 0.0858433 0.1158494 0.0910898 0.0829306 0.0876715 0.1027392 0.0805659 0.0888983 9.0000000 0.0730243 0.1517150 0.1290142 0.1031197 0.0000000 0.0249982 0.1177248 
Marmosidae_Monodelphis_domestica             0.0745325 0.0919992 0.0781614 0.0968228 0.1012093 0.1247471 0.0776896 0.0758434 0.0916198 0.1053622 9.0000000 0.0720297 0.1268655 0.1290226 0.0768717 0.0867561 0.1298334 0.1226520 0.0676407 0.1053104 0.0921771 0.0874003 0.1227574 0.0926237 0.0891820 0.0872494 0.1016255 0.0862842 0.0877944 9.0000000 0.0745799 0.1397998 0.1341988 0.1046720 0.0249982 0.0000000 0.1111725 
Tarsipedidae_Tarsipes_rostratus              0.0716669 0.1062654 0.0774989 0.0829622 0.0852650 0.1130319 0.0654101 0.0677138 0.0804550 0.0975333 9.0000000 0.0706002 0.1216677 0.1106756 0.0668325 0.0591654 0.1245424 0.1151837 0.0676571 0.0970150 0.0895020 0.0501724 0.1103126 0.0764607 0.0898335 0.0483893 0.0921662 0.0484420 0.0627913 9.0000000 0.0662633 0.1221505 0.1239306 0.0969017 0.1177248 0.1111725 0.0000000 
