37
Burramyidae_Burramys_parvus                  0.0000000 0.1541284 0.0732043 0.0670036 0.0708877 0.1136052 0.0277152 0.1031656 0.0667568 0.1144043 0.0732306 0.1170291 0.1173557 0.1719042 0.0771915 0.1202230 0.1100642 0.1027002 0.1286357 0.0639913 0.1781740 0.1540636 0.1542169 0.1205390 0.0876154 0.1176599 0.1264557 0.0595578 0.2058125 0.1557500 0.0753861 0.1118269 0.1241249 0.1080913 0.1169774 0.0278609 0.0278609 
Notoryctidae_Notoryctes_typhlops             0.1541284 0.0000000 0.1342535 0.1341474 0.1352952 0.1671063 0.0689406 0.1818412 0.1354067 0.1639420 0.1378128 0.1676457 0.1687897 0.2580448 0.1495735 0.1666538 0.1614432 0.1819404 0.1661278 0.1247828 0.2383999 0.1894343 0.2062077 0.1655545 0.1349446 0.1454588 0.2036143 0.1312254 0.2718945 0.2324522 0.1344874 0.1831439 0.1696721 0.1623192 0.1588202 0.0093007 0.0093007 
Vombatidae_Lasiorhinus_latifrons             0.0732043 0.1342535 0.0000000 0.0794188 0.0854861 0.0970243 0.0356815 0.1193406 0.0745827 0.1321599 0.0848691 0.1037782 0.1139926 0.1853589 0.0802881 0.1017743 0.1011602 0.1230840 0.1362685 0.0807315 0.1764040 0.1646317 0.1539896 0.1030597 0.0877327 0.1037813 0.1315616 0.0708587 0.1936290 0.1522587 0.0731817 0.1192802 0.1414025 0.1023092 0.1356712 0.0122414 0.0122414 
Potoroidae_Bettongia_penicillata             0.0670036 0.1341474 0.0794188 0.0000000 0.0038421 0.1229975 0.0402301 0.1232739 0.0081695 0.1301753 0.0740044 0.1194416 0.1320999 0.1888310 0.0717489 0.1193960 0.1160275 0.1217135 0.1297296 0.0134724 0.1896517 0.1598885 0.1804837 0.1260883 0.0340153 0.1229076 0.1368549 0.0129148 0.2092898 0.1701310 0.0708304 0.1303251 0.1404529 0.1166142 0.1321349 0.0239091 0.0239091 
Potoroidae_Bettongia_lesueur                 0.0708877 0.1352952 0.0854861 0.0038421 0.0000000 0.1285837 0.0446487 0.1290859 0.0094494 0.1365477 0.0754781 0.1249224 0.1376031 0.1927952 0.0732408 0.1251393 0.1215956 0.1305115 0.1370920 0.0137393 0.1903046 0.1641291 0.1866475 0.1319444 0.0364884 0.1262600 0.1412478 0.0137638 0.2150297 0.1680730 0.0730328 0.1309418 0.1472294 0.1221101 0.1399432 0.0328329 0.0328329 
Dasyuridae_Dasyurus_maculatus                0.1136052 0.1671063 0.0970243 0.1229975 0.1285837 0.0000000 0.0499606 0.1728607 0.1199681 0.1599124 0.1259561 0.0170766 0.0241300 0.2335278 0.1298651 0.0161018 0.0084844 0.0276585 0.1654128 0.1234553 0.2083083 0.1987989 0.1740950 0.0156474 0.1312106 0.1342047 0.1744684 0.1174591 0.2361574 0.2013186 0.1139505 0.1720834 0.1625102 0.0098351 0.1594313 0.0098560 0.0098560 
Phalangeridae_Trichosurus_vulpecula          0.0277152 0.0689406 0.0356815 0.0402301 0.0446487 0.0499606 0.0000000 0.0170193 0.0368102 0.0851644 0.0126647 0.0534969 0.0756028 0.0093243 0.0395520 0.0563576 0.0542053 0.0602775 0.1049115 0.0321470 0.0415212 0.0762614 0.0898045 0.0482438 0.0407220 0.0466978 0.0377875 0.0352172 0.0303999 0.0687281 0.0255466 0.0143940 0.1034542 0.0548481 0.0915124 0.0200294 0.0200294 
Phalangeridae_Spilocuscus_maculatus          0.1031656 0.1818412 0.1193406 0.1232739 0.1290859 0.1728607 0.0170193 0.0000000 0.1294487 0.1739622 0.0343180 0.1710174 0.1813001 0.0347652 0.1202937 0.1742736 0.1689574 0.1811824 0.1885031 0.1123818 0.1667808 0.1726531 0.1953064 0.1766383 0.1311762 0.1374547 0.1072306 0.1184252 0.1274349 0.1734859 0.1017594 0.0298187 0.1889195 0.1711735 0.1830575 0.0264052 0.0264052 
Potoroidae_Aepyprymnus_rufescens             0.0667568 0.1354067 0.0745827 0.0081695 0.0094494 0.1199681 0.0368102 0.1294487 0.0000000 0.1365478 0.0779718 0.1206548 0.1335643 0.1936781 0.0686655 0.1229882 0.1130555 0.1252023 0.1350207 0.0129952 0.1906616 0.1552672 0.1748129 0.1264279 0.0323790 0.1248769 0.1375694 0.0115430 0.2116001 0.1632464 0.0666191 0.1312259 0.1428583 0.1135587 0.1396277 0.0238334 0.0238334 
Peramelidae_Perameles_nasuta                 0.1144043 0.1639420 0.1321599 0.1301753 0.1365477 0.1599124 0.0851644 0.1739622 0.1365478 0.0000000 0.1566709 0.1688959 0.1762324 0.2570161 0.1560674 0.1721067 0.1609078 0.1876507 0.0144521 0.1249553 0.2456068 0.2051715 0.1910165 0.1691412 0.1337185 0.1526196 0.1822493 0.1301597 0.2593808 0.2156774 0.1408093 0.1771429 0.0109798 0.1672079 0.0030053 0.0127356 0.0127356 
Phalangeridae_Strigocuscus_pelengensis       0.0732306 0.1378128 0.0848691 0.0740044 0.0754781 0.1259561 0.0126647 0.0343180 0.0779718 0.1566709 0.0000000 0.1154726 0.1230177 0.0744163 0.0675458 0.1162847 0.1137082 0.1185817 0.1458740 0.0640529 0.1450729 0.1381247 0.1770170 0.1224891 0.0795813 0.1186804 0.1479131 0.0696033 0.1570063 0.1676062 0.0603731 0.0477177 0.1514940 0.1198851 0.1540104 0.0170511 0.0170511 
Dasyuridae_Phascogale_tapoatafa              0.1170291 0.1676457 0.1037782 0.1194416 0.1249224 0.0170766 0.0534969 0.1710174 0.1206548 0.1688959 0.1154726 0.0000000 0.0166852 0.2446386 0.1280769 0.0027409 0.0106258 0.0204205 0.1752062 0.1243222 0.2124234 0.1837622 0.1907777 0.0078078 0.1276761 0.1328553 0.1787425 0.1205557 0.2368508 0.2062828 0.1070816 0.1684998 0.1757148 0.0123113 0.1703520 0.0087330 0.0087330 
Dasyuridae_Sminthopsis_macroura              0.1173557 0.1687897 0.1139926 0.1320999 0.1376031 0.0241300 0.0756028 0.1813001 0.1335643 0.1762324 0.1230177 0.0166852 0.0000000 0.2526122 0.1392283 0.0157230 0.0163753 0.0175087 0.1835847 0.1280225 0.2160539 0.1943475 0.1881051 0.0169387 0.1366214 0.1459281 0.1905730 0.1264191 0.2563363 0.2093065 0.1146019 0.1776561 0.1819712 0.0190655 0.1767571 0.0109152 0.0109152 
Phalangeridae_Phalanger_orientalis           0.1719042 0.2580448 0.1853589 0.1888310 0.1927952 0.2335278 0.0093243 0.0347652 0.1936781 0.2570161 0.0744163 0.2446386 0.2526122 0.0000000 0.1762307 0.2464826 0.2346400 0.2403941 0.2530208 0.1710475 0.2085012 0.2388502 0.2520376 0.2488604 0.1807607 0.1991633 0.0877035 0.1768287 0.1836711 0.1551875 0.1671749 0.0127468 0.2741398 0.2452405 0.2495081 9.0000000 9.0000000 
Acrobatidae_Acrobates_pygmaeus               0.0771915 0.1495735 0.0802881 0.0717489 0.0732408 0.1298651 0.0395520 0.1202937 0.0686655 0.1560674 0.0675458 0.1280769 0.1392283 0.1762307 0.0000000 0.1233392 0.1192612 0.1241147 0.1467473 0.0604811 0.1690446 0.1477050 0.1564368 0.1297746 0.0747283 0.1237959 0.1102470 0.0575658 0.2152296 0.1383911 0.0368150 0.1134848 0.1594129 0.1228552 0.1549800 9.0000000 9.0000000 
Dasyuridae_Phascogale_calura                 0.1202230 0.1666538 0.1017743 0.1193960 0.1251393 0.0161018 0.0563576 0.1742736 0.1229882 0.1721067 0.1162847 0.0027409 0.0157230 0.2464826 0.1233392 0.0000000 0.0098119 0.0190268 0.1775379 0.1223198 0.2112524 0.1875009 0.1902433 0.0075580 0.1287714 0.1373792 0.1807249 0.1163641 0.2428090 0.2056470 0.1082212 0.1688332 0.1796131 0.0120359 0.1714817 0.0087330 0.0087330 
Dasyuridae_Sarcophilus_harrisii              0.1100642 0.1614432 0.1011602 0.1160275 0.1215956 0.0084844 0.0542053 0.1689574 0.1130555 0.1609078 0.1137082 0.0106258 0.0163753 0.2346400 0.1192612 0.0098119 0.0000000 0.0189276 0.1705126 0.1157447 0.2097157 0.1857385 0.1844591 0.0102068 0.1240195 0.1331187 0.1749859 0.1096505 0.2422212 0.1990418 0.1063049 0.1666468 0.1680117 0.0042973 0.1602523 0.0066809 0.0066809 
Dasyuridae_Planigale_tenuirostris            0.1027002 0.1819404 0.1230840 0.1217135 0.1305115 0.0276585 0.0602775 0.1811824 0.1252023 0.1876507 0.1185817 0.0204205 0.0175087 0.2403941 0.1241147 0.0190268 0.0189276 0.0000000 0.1832082 0.1198822 0.2213325 0.1948795 0.1817523 0.0221558 0.1323258 0.1513741 0.1764501 0.1104127 0.2715083 0.2096433 0.1293918 0.1712288 0.1904675 0.0223162 0.1874958 9.0000000 9.0000000 
Peramelidae_Echymipera_kalubu                0.1286357 0.1661278 0.1362685 0.1297296 0.1370920 0.1654128 0.1049115 0.1885031 0.1350207 0.0144521 0.1458740 0.1752062 0.1835847 0.2530208 0.1467473 0.1775379 0.1705126 0.1832082 0.0000000 0.1277684 0.2437332 0.1913267 0.1789171 0.1772555 0.1299354 0.1527015 0.1989320 0.1311135 0.2672886 0.2277753 0.1368299 0.1905488 0.0080867 0.1689667 0.0139201 0.0195368 0.0195368 
Macropodidae_Dorcopsulus_vanheurni           0.0639913 0.1247828 0.0807315 0.0134724 0.0137393 0.1234553 0.0321470 0.1123818 0.0129952 0.1249553 0.0640529 0.1243222 0.1280225 0.1710475 0.0604811 0.1223198 0.1157447 0.1198822 0.1277684 0.0000000 0.1799408 0.1449731 0.1664908 0.1272033 0.0270878 0.1232360 0.1219057 0.0074673 0.2046151 0.1538482 0.0606669 0.1130064 0.1355511 0.1162562 0.1251241 0.0263611 0.0263611 
Pseudochiridae_Pseudochirulus_forbesi        0.1781740 0.2383999 0.1764040 0.1896517 0.1903046 0.2083083 0.0415212 0.1667808 0.1906616 0.2456068 0.1450729 0.2124234 0.2160539 0.2085012 0.1690446 0.2112524 0.2097157 0.2213325 0.2437332 0.1799408 0.0000000 0.2559799 0.2485756 0.2237848 0.1881443 0.2167626 0.1106238 0.1790024 0.1514813 0.1446000 0.1646532 0.1554099 0.2567348 0.2116676 0.2438173 0.1660019 0.1660019 
Didelphidae_Didelphis_virginiana             0.1540636 0.1894343 0.1646317 0.1598885 0.1641291 0.1987989 0.0762614 0.1726531 0.1552672 0.2051715 0.1381247 0.1837622 0.1943475 0.2388502 0.1477050 0.1875009 0.1857385 0.1948795 0.1913267 0.1449731 0.2559799 0.0000000 0.0485364 0.1950909 0.1620458 0.1450091 0.2116184 0.1476732 0.2652040 0.2135080 0.1491764 0.1834422 0.1950299 0.1849330 0.1996094 0.1331844 0.1331844 
Marmosidae_Monodelphis_domestica             0.1542169 0.2062077 0.1539896 0.1804837 0.1866475 0.1740950 0.0898045 0.1953064 0.1748129 0.1910165 0.1770170 0.1907777 0.1881051 0.2520376 0.1564368 0.1902433 0.1844591 0.1817523 0.1789171 0.1664908 0.2485756 0.0485364 0.0000000 0.1950155 0.1774177 0.1671430 0.1990732 0.1636874 0.2641117 0.2220993 0.1665756 0.1967788 0.1855000 0.1837857 0.1892679 0.1521540 0.1521540 
Dasyuridae_Antechinus_stuartii               0.1205390 0.1655545 0.1030597 0.1260883 0.1319444 0.0156474 0.0482438 0.1766383 0.1264279 0.1691412 0.1224891 0.0078078 0.0169387 0.2488604 0.1297746 0.0075580 0.0102068 0.0221558 0.1772555 0.1272033 0.2237848 0.1950909 0.1950155 0.0000000 0.1303745 0.1412112 0.1869163 0.1209871 0.2487425 0.2110412 0.1095811 0.1714131 0.1752993 0.0124819 0.1700019 0.0087517 0.0087517 
Hypsiprymnodontidae_Hypsiprymnodon_moschatus 0.0876154 0.1349446 0.0877327 0.0340153 0.0364884 0.1312106 0.0407220 0.1311762 0.0323790 0.1337185 0.0795813 0.1276761 0.1366214 0.1807607 0.0747283 0.1287714 0.1240195 0.1323258 0.1299354 0.0270878 0.1881443 0.1620458 0.1774177 0.1303745 0.0000000 0.1315135 0.1422341 0.0308720 0.2077786 0.1639667 0.0650015 0.1345324 0.1343607 0.1267187 0.1293560 0.0270432 0.0270432 
Microbiotheriidae_Dromiciops_gliroides       0.1176599 0.1454588 0.1037813 0.1229076 0.1262600 0.1342047 0.0466978 0.1374547 0.1248769 0.1526196 0.1186804 0.1328553 0.1459281 0.1991633 0.1237959 0.1373792 0.1331187 0.1513741 0.1527015 0.1232360 0.2167626 0.1450091 0.1671430 0.1412112 0.1315135 0.0000000 0.1560177 0.1214475 0.2241488 0.2014195 0.1053993 0.1339569 0.1496023 0.1316467 0.1518469 0.0195863 0.0195863 
Pseudochiridae_Petauroides_volans            0.1264557 0.2036143 0.1315616 0.1368549 0.1412478 0.1744684 0.0377875 0.1072306 0.1375694 0.1822493 0.1479131 0.1787425 0.1905730 0.0877035 0.1102470 0.1807249 0.1749859 0.1764501 0.1989320 0.1219057 0.1106238 0.2116184 0.1990732 0.1869163 0.1422341 0.1560177 0.0000000 0.1273803 0.0641387 0.1242561 0.1236442 0.0994409 0.2003065 0.1806076 0.1877718 0.1393027 0.1393027 
Macropodidae_Wallabia_bicolor                0.0595578 0.1312254 0.0708587 0.0129148 0.0137638 0.1174591 0.0352172 0.1184252 0.0115430 0.1301597 0.0696033 0.1205557 0.1264191 0.1768287 0.0575658 0.1163641 0.1096505 0.1104127 0.1311135 0.0074673 0.1790024 0.1476732 0.1636874 0.1209871 0.0308720 0.1214475 0.1273803 0.0000000 0.2097810 0.1595367 0.0639616 0.1204990 0.1414260 0.1101463 0.1334374 0.0332017 0.0332017 
Pseudochiridae_Pseudocheirus_occidentalis    0.2058125 0.2718945 0.1936290 0.2092898 0.2150297 0.2361574 0.0303999 0.1274349 0.2116001 0.2593808 0.1570063 0.2368508 0.2563363 0.1836711 0.2152296 0.2428090 0.2422212 0.2715083 0.2672886 0.2046151 0.1514813 0.2652040 0.2641117 0.2487425 0.2077786 0.2241488 0.0641387 0.2097810 0.0000000 0.1768861 0.1862559 0.1181269 0.2717471 0.2470491 0.2530829 0.0459064 0.0459064 
Tarsipedidae_Tarsipes_rostratus              0.1557500 0.2324522 0.1522587 0.1701310 0.1680730 0.2013186 0.0687281 0.1734859 0.1632464 0.2156774 0.1676062 0.2062828 0.2093065 0.1551875 0.1383911 0.2056470 0.1990418 0.2096433 0.2277753 0.1538482 0.1446000 0.2135080 0.2220993 0.2110412 0.1639667 0.2014195 0.1242561 0.1595367 0.1768861 0.0000000 0.1419223 0.1634471 0.2260454 0.2044545 0.2170362 0.1656841 0.1656841 
Acrobatidae_Distoechurus_pennatus            0.0753861 0.1344874 0.0731817 0.0708304 0.0730328 0.1139505 0.0255466 0.1017594 0.0666191 0.1408093 0.0603731 0.1070816 0.1146019 0.1671749 0.0368150 0.1082212 0.1063049 0.1293918 0.1368299 0.0606669 0.1646532 0.1491764 0.1665756 0.1095811 0.0650015 0.1053993 0.1236442 0.0639616 0.1862559 0.1419223 0.0000000 0.0961477 0.1432961 0.1065488 0.1364526 0.0110993 0.0110993 
Phalangeridae_Phalanger_carmelitae           0.1118269 0.1831439 0.1192802 0.1303251 0.1309418 0.1720834 0.0143940 0.0298187 0.1312259 0.1771429 0.0477177 0.1684998 0.1776561 0.0127468 0.1134848 0.1688332 0.1666468 0.1712288 0.1905488 0.1130064 0.1554099 0.1834422 0.1967788 0.1714131 0.1345324 0.1339569 0.0994409 0.1204990 0.1181269 0.1634471 0.0961477 0.0000000 0.1894231 0.1723876 0.1867627 0.1063972 0.1063972 
Peramelidae_Peroryctes_raffrayana            0.1241249 0.1696721 0.1414025 0.1404529 0.1472294 0.1625102 0.1034542 0.1889195 0.1428583 0.0109798 0.1514940 0.1757148 0.1819712 0.2741398 0.1594129 0.1796131 0.1680117 0.1904675 0.0080867 0.1355511 0.2567348 0.1950299 0.1855000 0.1752993 0.1343607 0.1496023 0.2003065 0.1414260 0.2717471 0.2260454 0.1432961 0.1894231 0.0000000 0.1709260 0.0103184 0.0128126 0.0128126 
Dasyuridae_Dasyurus_geffroii                 0.1080913 0.1623192 0.1023092 0.1166142 0.1221101 0.0098351 0.0548481 0.1711735 0.1135587 0.1672079 0.1198851 0.0123113 0.0190655 0.2452405 0.1228552 0.0120359 0.0042973 0.0223162 0.1689667 0.1162562 0.2116676 0.1849330 0.1837857 0.0124819 0.1267187 0.1316467 0.1806076 0.1101463 0.2470491 0.2044545 0.1065488 0.1723876 0.1709260 0.0000000 0.1644461 0.0048104 0.0048104 
Peramelidae_Perameles_gunnii                 0.1169774 0.1588202 0.1356712 0.1321349 0.1399432 0.1594313 0.0915124 0.1830575 0.1396277 0.0030053 0.1540104 0.1703520 0.1767571 0.2495081 0.1549800 0.1714817 0.1602523 0.1874958 0.0139201 0.1251241 0.2438173 0.1996094 0.1892679 0.1700019 0.1293560 0.1518469 0.1877718 0.1334374 0.2530829 0.2170362 0.1364526 0.1867627 0.0103184 0.1644461 0.0000000 0.0147013 0.0147013 
Myrmecobiidae_Myrmecobius_fasciatus1         0.0278609 0.0093007 0.0122414 0.0239091 0.0328329 0.0098560 0.0200294 0.0264052 0.0238334 0.0127356 0.0170511 0.0087330 0.0109152 9.0000000 9.0000000 0.0087330 0.0066809 9.0000000 0.0195368 0.0263611 0.1660019 0.1331844 0.1521540 0.0087517 0.0270432 0.0195863 0.1393027 0.0332017 0.0459064 0.1656841 0.0110993 0.1063972 0.0128126 0.0048104 0.0147013 0.0000000 0.0000010 
Myrmecobiidae_Myrmecobius_fasciatus2         0.0278609 0.0093007 0.0122414 0.0239091 0.0328329 0.0098560 0.0200294 0.0264052 0.0238334 0.0127356 0.0170511 0.0087330 0.0109152 9.0000000 9.0000000 0.0087330 0.0066809 9.0000000 0.0195368 0.0263611 0.1660019 0.1331844 0.1521540 0.0087517 0.0270432 0.0195863 0.1393027 0.0332017 0.0459064 0.1656841 0.0110993 0.1063972 0.0128126 0.0048104 0.0147013 0.0000010 0.0000000 
