37
Burramyidae_Burramys_parvus                  0.0000000 0.0724167 0.0499011 0.0481128 0.0475468 0.0645977 0.0330296 0.0341265 0.0543721 0.0694025 0.0361822 0.0660664 0.0651321 0.0293377 0.0564884 0.0663384 0.0662246 0.0614536 0.0749246 0.0435612 0.0473044 0.0825414 0.0799093 0.0660721 0.0442731 0.0607774 0.0556683 0.0422907 0.0444710 0.0564424 0.0427770 0.0329158 0.0737767 0.0650645 0.0654953 0.1095346 0.1095346 
Notoryctidae_Notoryctes_typhlops             0.0724167 0.0000000 0.0956771 0.1061049 0.0794553 0.1205959 0.1034395 0.1035936 0.1133080 0.1243255 0.0792071 0.1184196 0.0936491 0.1072423 0.0928936 0.1188965 0.1200270 0.1207573 0.1250606 0.1081239 0.1090283 0.1222557 0.1347130 0.1191319 0.1099887 0.1008269 0.1217106 0.1093719 0.0720480 0.1149544 0.1125004 0.1066554 0.1285292 0.1234307 0.1175911 0.1306478 0.1306478 
Vombatidae_Lasiorhinus_latifrons             0.0499011 0.0956771 0.0000000 0.0618026 0.0522538 0.0770057 0.0543161 0.0569041 0.0659989 0.0865155 0.0516050 0.0821205 0.0588635 0.0528809 0.0610270 0.0796164 0.0779275 0.0755386 0.0882395 0.0714551 0.0672601 0.1113588 0.1026197 0.0815221 0.0551854 0.0632791 0.0766975 0.0722587 0.0537742 0.0807984 0.0790314 0.0560734 0.1014693 0.0776886 0.0855644 0.1075532 0.1075532 
Potoroidae_Bettongia_penicillata             0.0481128 0.1061049 0.0618026 0.0000000 0.0032021 0.0822943 0.0468908 0.0494557 0.0173974 0.0869890 0.0504155 0.0832027 0.0655162 0.0466932 0.0628251 0.0850974 0.0847384 0.0795373 0.0889391 0.0357532 0.0581000 0.1083417 0.1018650 0.0833910 0.0298851 0.0744402 0.0691849 0.0365473 0.0521040 0.0823671 0.0776514 0.0493644 0.0985875 0.0836371 0.0842904 0.1075532 0.1075532 
Potoroidae_Bettongia_lesueur                 0.0475468 0.0794553 0.0522538 0.0032021 0.0000000 0.0658158 0.0428394 0.0461960 0.0142883 0.0756654 0.0480668 0.0658526 0.0648432 0.0419408 0.0621215 0.0675060 0.0674768 0.0595066 0.0792654 0.0185148 0.0559836 0.0836210 0.0787081 0.0659132 0.0271916 0.0598584 0.0641257 0.0206350 0.0514049 0.0593487 0.0558404 0.0447872 0.0747301 0.0662990 0.0728838 0.1075532 0.1075532 
Dasyuridae_Dasyurus_maculatus                0.0645977 0.1205959 0.0770057 0.0822943 0.0658158 0.0000000 0.0842491 0.0858021 0.0904296 0.1105389 0.0686121 0.0276731 0.0335510 0.0823866 0.0743677 0.0255579 0.0041479 0.0279757 0.1092900 0.0906900 0.0939507 0.1205841 0.1091113 0.0244119 0.0808697 0.0741008 0.1055111 0.0954564 0.0701745 0.1085545 0.0957167 0.0852383 0.1219138 0.0071566 0.1087187 0.0735072 0.0735072 
Phalangeridae_Trichosurus_vulpecula          0.0330296 0.1034395 0.0543161 0.0468908 0.0428394 0.0842491 0.0000000 0.0117425 0.0502556 0.0864868 0.0137409 0.0818660 0.0599372 0.0123267 0.0536676 0.0824051 0.0866834 0.0789043 0.0877119 0.0535752 0.0485629 0.1039034 0.0962550 0.0842899 0.0434621 0.0717295 0.0556968 0.0557456 0.0422203 0.0735130 0.0667949 0.0128096 0.0931056 0.0848894 0.0838247 0.1095346 0.1095346 
Phalangeridae_Spilocuscus_maculatus          0.0341265 0.1035936 0.0569041 0.0494557 0.0461960 0.0858021 0.0117425 0.0000000 0.0541802 0.0852346 0.0095891 0.0820631 0.0635657 0.0092705 0.0564416 0.0825325 0.0882695 0.0826342 0.0881317 0.0585620 0.0525849 0.1050915 0.0985247 0.0858596 0.0473952 0.0740926 0.0603167 0.0579258 0.0441522 0.0775795 0.0699747 0.0085612 0.0910992 0.0864099 0.0823367 0.1095346 0.1095346 
Potoroidae_Aepyprymnus_rufescens             0.0543721 0.1133080 0.0659989 0.0173974 0.0142883 0.0904296 0.0502556 0.0541802 0.0000000 0.0888034 0.0539537 0.0904214 0.0706499 0.0499705 0.0638637 0.0932457 0.0929372 0.0876843 0.0938757 0.0377307 0.0638246 0.1131616 0.1058396 0.0916666 0.0325467 0.0804234 0.0738698 0.0412544 0.0557082 0.0892138 0.0818524 0.0527292 0.0976950 0.0918398 0.0868874 0.1709925 0.1709925 
Peramelidae_Perameles_nasuta                 0.0694025 0.1243255 0.0865155 0.0869890 0.0756654 0.1105389 0.0864868 0.0852346 0.0888034 0.0000000 0.0782434 0.1151124 0.0893799 0.0812584 0.0806025 0.1174475 0.1125601 0.1040745 0.0303462 0.0847861 0.0938289 0.1249105 0.1277857 0.1158946 0.0850162 0.0978988 0.1063874 0.0832503 0.0758357 0.1042385 0.0943115 0.0852435 0.0335149 0.1112746 0.0046824 0.0183331 0.0183331 
Phalangeridae_Strigocuscus_pelengensis       0.0361822 0.0792071 0.0516050 0.0504155 0.0480668 0.0686121 0.0137409 0.0095891 0.0539537 0.0782434 0.0000000 0.0638199 0.0651300 0.0075036 0.0551621 0.0640366 0.0712360 0.0632861 0.0788315 0.0431462 0.0499947 0.0833010 0.0793327 0.0682368 0.0487133 0.0652799 0.0577212 0.0416485 0.0437210 0.0563132 0.0499645 0.0074809 0.0748601 0.0698146 0.0771969 0.1155812 0.1155812 
Dasyuridae_Phascogale_tapoatafa              0.0660664 0.1184196 0.0821205 0.0832027 0.0658526 0.0276731 0.0818660 0.0820631 0.0904214 0.1151124 0.0638199 0.0000000 0.0314146 0.0787199 0.0742399 0.0070766 0.0296329 0.0264984 0.1099916 0.0914778 0.0913006 0.1224419 0.1105098 0.0168072 0.0845666 0.0788133 0.1052725 0.0909673 0.0681720 0.1028500 0.0949779 0.0815512 0.1234540 0.0316970 0.1132766 0.0735072 0.0735072 
Dasyuridae_Sminthopsis_macroura              0.0651321 0.0936491 0.0588635 0.0655162 0.0648432 0.0335510 0.0599372 0.0635657 0.0706499 0.0893799 0.0651300 0.0314146 0.0000000 0.0589164 0.0732812 0.0328377 0.0349912 0.0154391 0.0895441 0.0593151 0.0735838 0.0894377 0.0820366 0.0334006 0.0632864 0.0621851 0.0826470 0.0596549 0.0672008 0.0745336 0.0676629 0.0619365 0.0896668 0.0344854 0.0875194 0.0735072 0.0735072 
Phalangeridae_Phalanger_orientalis           0.0293377 0.1072423 0.0528809 0.0466932 0.0419408 0.0823866 0.0123267 0.0092705 0.0499705 0.0812584 0.0075036 0.0787199 0.0589164 0.0000000 0.0520609 0.0791685 0.0848802 0.0782591 0.0844711 0.0527450 0.0524619 0.1018397 0.0918430 0.0818284 0.0439354 0.0709011 0.0600043 0.0528760 0.0419892 0.0744983 0.0671942 0.0030250 0.0918679 0.0830202 0.0801707 0.1095346 0.1095346 
Acrobatidae_Acrobates_pygmaeus               0.0564884 0.0928936 0.0610270 0.0628251 0.0621215 0.0743677 0.0536676 0.0564416 0.0638637 0.0806025 0.0551621 0.0742399 0.0732812 0.0520609 0.0000000 0.0744964 0.0761739 0.0680946 0.0853649 0.0578461 0.0557438 0.1047381 0.0965065 0.0767005 0.0567316 0.0732693 0.0665696 0.0598015 0.0519203 0.0620721 0.0327488 0.0565075 0.0767051 0.0731839 0.0782231 0.2569248 0.2569248 
Dasyuridae_Phascogale_calura                 0.0663384 0.1188965 0.0796164 0.0850974 0.0675060 0.0255579 0.0824051 0.0825325 0.0932457 0.1174475 0.0640366 0.0070766 0.0328377 0.0791685 0.0744964 0.0000000 0.0268864 0.0282027 0.1123292 0.0934677 0.0919204 0.1261368 0.1139853 0.0169507 0.0849731 0.0767141 0.1065172 0.0929562 0.0684552 0.1043390 0.0956276 0.0820868 0.1255602 0.0296040 0.1154719 0.0735072 0.0735072 
Dasyuridae_Sarcophilus_harrisii              0.0662246 0.1200270 0.0779275 0.0847384 0.0674768 0.0041479 0.0866834 0.0882695 0.0929372 0.1125601 0.0712360 0.0296329 0.0349912 0.0848802 0.0761739 0.0268864 0.0000000 0.0302241 0.1111942 0.0932350 0.0964854 0.1225227 0.1108766 0.0263845 0.0810288 0.0765631 0.1084193 0.0980372 0.0717916 0.1087918 0.0974823 0.0876701 0.1241168 0.0102099 0.1107297 0.0735072 0.0735072 
Dasyuridae_Planigale_tenuirostris            0.0614536 0.1207573 0.0755386 0.0795373 0.0595066 0.0279757 0.0789043 0.0826342 0.0876843 0.1040745 0.0632861 0.0264984 0.0154391 0.0782591 0.0680946 0.0282027 0.0302241 0.0000000 0.1027597 0.0886074 0.0833422 0.1255097 0.1155690 0.0264480 0.0817636 0.0806196 0.1032634 0.0922206 0.0577036 0.0996867 0.0973172 0.0820901 0.1127998 0.0333078 0.1016806 0.0735072 0.0735072 
Peramelidae_Echymipera_kalubu                0.0749246 0.1250606 0.0882395 0.0889391 0.0792654 0.1092900 0.0877119 0.0881317 0.0938757 0.0303462 0.0788315 0.1099916 0.0895441 0.0844711 0.0853649 0.1123292 0.1111942 0.1027597 0.0000000 0.0996437 0.0978388 0.1419616 0.1323073 0.1130012 0.0870850 0.0987237 0.1118781 0.0975343 0.0802989 0.1094701 0.1031497 0.0880956 0.0405787 0.1099790 0.0291585 0.0000010 0.0000010 
Macropodidae_Dorcopsulus_vanheurni           0.0435612 0.1081239 0.0714551 0.0357532 0.0185148 0.0906900 0.0535752 0.0585620 0.0377307 0.0847861 0.0431462 0.0914778 0.0593151 0.0527450 0.0578461 0.0934677 0.0932350 0.0886074 0.0996437 0.0000000 0.0646404 0.0965870 0.0923427 0.0917512 0.0387503 0.0836000 0.0749672 0.0106701 0.0468499 0.0713309 0.0567849 0.0555219 0.0870319 0.0897322 0.0820682 0.1075532 0.1075532 
Pseudochiridae_Pseudochirulus_forbesi        0.0473044 0.1090283 0.0672601 0.0581000 0.0559836 0.0939507 0.0485629 0.0525849 0.0638246 0.0938289 0.0499947 0.0913006 0.0735838 0.0524619 0.0557438 0.0919204 0.0964854 0.0833422 0.0978388 0.0646404 0.0000000 0.1184067 0.1194814 0.0923771 0.0545231 0.0849437 0.0336427 0.0654266 0.0142097 0.0655419 0.0625521 0.0525703 0.1047442 0.0946681 0.0908198 0.1075532 0.1075532 
Didelphidae_Didelphis_virginiana             0.0825414 0.1222557 0.1113588 0.1083417 0.0836210 0.1205841 0.1039034 0.1050915 0.1131616 0.1249105 0.0833010 0.1224419 0.0894377 0.1018397 0.1047381 0.1261368 0.1225227 0.1255097 0.1419616 0.0965870 0.1184067 0.0000000 0.0643597 0.1230127 0.1039744 0.1015000 0.1253396 0.0952958 0.0869619 0.1201472 0.1019169 0.1017495 0.1329873 0.1202856 0.1228070 0.1134965 0.1134965 
Marmosidae_Monodelphis_domestica             0.0799093 0.1347130 0.1026197 0.1018650 0.0787081 0.1091113 0.0962550 0.0985247 0.1058396 0.1277857 0.0793327 0.1105098 0.0820366 0.0918430 0.0965065 0.1139853 0.1108766 0.1155690 0.1323073 0.0923427 0.1194814 0.0643597 0.0000000 0.1102181 0.0988930 0.1014465 0.1223930 0.0959424 0.0906107 0.1211191 0.1069305 0.0965748 0.1364353 0.1090885 0.1251181 0.1134965 0.1134965 
Dasyuridae_Antechinus_stuartii               0.0660721 0.1191319 0.0815221 0.0833910 0.0659132 0.0244119 0.0842899 0.0858596 0.0916666 0.1158946 0.0682368 0.0168072 0.0334006 0.0818284 0.0767005 0.0169507 0.0263845 0.0264480 0.1130012 0.0917512 0.0923771 0.1230127 0.1102181 0.0000000 0.0856427 0.0760754 0.1037258 0.0942925 0.0687921 0.1051097 0.0992802 0.0852892 0.1238850 0.0284232 0.1140532 0.0735072 0.0735072 
Hypsiprymnodontidae_Hypsiprymnodon_moschatus 0.0442731 0.1099887 0.0551854 0.0298851 0.0271916 0.0808697 0.0434621 0.0473952 0.0325467 0.0850162 0.0487133 0.0845666 0.0632864 0.0439354 0.0567316 0.0849731 0.0810288 0.0817636 0.0870850 0.0387503 0.0545231 0.1039744 0.0988930 0.0856427 0.0000000 0.0723100 0.0643449 0.0415982 0.0475214 0.0761058 0.0699244 0.0466335 0.1000466 0.0814976 0.0823371 0.0907510 0.0907510 
Microbiotheriidae_Dromiciops_gliroides       0.0607774 0.1008269 0.0632791 0.0744402 0.0598584 0.0741008 0.0717295 0.0740926 0.0804234 0.0978988 0.0652799 0.0788133 0.0621851 0.0709011 0.0732693 0.0767141 0.0765631 0.0806196 0.0987237 0.0836000 0.0849437 0.1015000 0.1014465 0.0760754 0.0723100 0.0000000 0.0943712 0.0823260 0.0643902 0.0856236 0.0794329 0.0742073 0.1043762 0.0753628 0.0957238 0.1134965 0.1134965 
Pseudochiridae_Petauroides_volans            0.0556683 0.1217106 0.0766975 0.0691849 0.0641257 0.1055111 0.0556968 0.0603167 0.0738698 0.1063874 0.0577212 0.1052725 0.0826470 0.0600043 0.0665696 0.1065172 0.1084193 0.1032634 0.1118781 0.0749672 0.0336427 0.1253396 0.1223930 0.1037258 0.0643449 0.0943712 0.0000000 0.0776676 0.0302042 0.0771263 0.0738028 0.0610577 0.1189968 0.1063971 0.1016259 0.0907510 0.0907510 
Macropodidae_Wallabia_bicolor                0.0422907 0.1093719 0.0722587 0.0365473 0.0206350 0.0954564 0.0557456 0.0579258 0.0412544 0.0832503 0.0416485 0.0909673 0.0596549 0.0528760 0.0598015 0.0929562 0.0980372 0.0922206 0.0975343 0.0106701 0.0654266 0.0952958 0.0959424 0.0942925 0.0415982 0.0823260 0.0776676 0.0000000 0.0450206 0.0694035 0.0583898 0.0550855 0.0861170 0.0945117 0.0815642 0.1075532 0.1075532 
Pseudochiridae_Pseudocheirus_occidentalis    0.0444710 0.0720480 0.0537742 0.0521040 0.0514049 0.0701745 0.0422203 0.0441522 0.0557082 0.0758357 0.0437210 0.0681720 0.0672008 0.0419892 0.0519203 0.0684552 0.0717916 0.0577036 0.0802989 0.0468499 0.0142097 0.0869619 0.0906107 0.0687921 0.0475214 0.0643902 0.0302042 0.0450206 0.0000000 0.0429411 0.0401763 0.0434845 0.0797159 0.0706823 0.0726383 0.1075532 0.1075532 
Tarsipedidae_Tarsipes_rostratus              0.0564424 0.1149544 0.0807984 0.0823671 0.0593487 0.1085545 0.0735130 0.0775795 0.0892138 0.1042385 0.0563132 0.1028500 0.0745336 0.0744983 0.0620721 0.1043390 0.1087918 0.0996867 0.1094701 0.0713309 0.0655419 0.1201472 0.1211191 0.1051097 0.0761058 0.0856236 0.0771263 0.0694035 0.0429411 0.0000000 0.0667061 0.0756582 0.1083830 0.1090444 0.1010436 0.0777611 0.0777611 
Acrobatidae_Distoechurus_pennatus            0.0427770 0.1125004 0.0790314 0.0776514 0.0558404 0.0957167 0.0667949 0.0699747 0.0818524 0.0943115 0.0499645 0.0949779 0.0676629 0.0671942 0.0327488 0.0956276 0.0974823 0.0973172 0.1031497 0.0567849 0.0625521 0.1019169 0.1069305 0.0992802 0.0699244 0.0794329 0.0738028 0.0583898 0.0401763 0.0667061 0.0000000 0.0701969 0.0924128 0.0947091 0.0915767 0.1075532 0.1075532 
Phalangeridae_Phalanger_carmelitae           0.0329158 0.1066554 0.0560734 0.0493644 0.0447872 0.0852383 0.0128096 0.0085612 0.0527292 0.0852435 0.0074809 0.0815512 0.0619365 0.0030250 0.0565075 0.0820868 0.0876701 0.0820901 0.0880956 0.0555219 0.0525703 0.1017495 0.0965748 0.0852892 0.0466335 0.0742073 0.0610577 0.0550855 0.0434845 0.0756582 0.0701969 0.0000000 0.0945201 0.0858831 0.0842402 0.1095346 0.1095346 
Peramelidae_Peroryctes_raffrayana            0.0737767 0.1285292 0.1014693 0.0985875 0.0747301 0.1219138 0.0931056 0.0910992 0.0976950 0.0335149 0.0748601 0.1234540 0.0896668 0.0918679 0.0767051 0.1255602 0.1241168 0.1127998 0.0405787 0.0870319 0.1047442 0.1329873 0.1364353 0.1238850 0.1000466 0.1043762 0.1189968 0.0861170 0.0797159 0.1083830 0.0924128 0.0945201 0.0000000 0.1227551 0.0300284 9.0000000 9.0000000 
Dasyuridae_Dasyurus_geffroii                 0.0650645 0.1234307 0.0776886 0.0836371 0.0662990 0.0071566 0.0848894 0.0864099 0.0918398 0.1112746 0.0698146 0.0316970 0.0344854 0.0830202 0.0731839 0.0296040 0.0102099 0.0333078 0.1099790 0.0897322 0.0946681 0.1202856 0.1090885 0.0284232 0.0814976 0.0753628 0.1063971 0.0945117 0.0706823 0.1090444 0.0947091 0.0858831 0.1227551 0.0000000 0.1094444 0.0735072 0.0735072 
Peramelidae_Perameles_gunnii                 0.0654953 0.1175911 0.0855644 0.0842904 0.0728838 0.1087187 0.0838247 0.0823367 0.0868874 0.0046824 0.0771969 0.1132766 0.0875194 0.0801707 0.0782231 0.1154719 0.1107297 0.1016806 0.0291585 0.0820682 0.0908198 0.1228070 0.1251181 0.1140532 0.0823371 0.0957238 0.1016259 0.0815642 0.0726383 0.1010436 0.0915767 0.0842402 0.0300284 0.1094444 0.0000000 0.0000010 0.0000010 
Peramelidae_Isoodon_obesulus1                0.1095346 0.1306478 0.1075532 0.1075532 0.1075532 0.0735072 0.1095346 0.1095346 0.1709925 0.0183331 0.1155812 0.0735072 0.0735072 0.1095346 0.2569248 0.0735072 0.0735072 0.0735072 0.0000010 0.1075532 0.1075532 0.1134965 0.1134965 0.0735072 0.0907510 0.1134965 0.0907510 0.1075532 0.1075532 0.0777611 0.1075532 0.1095346 9.0000000 0.0735072 0.0000010 0.0000000 0.0000010 
Peramelidae_Isoodon_obesulus2                0.1095346 0.1306478 0.1075532 0.1075532 0.1075532 0.0735072 0.1095346 0.1095346 0.1709925 0.0183331 0.1155812 0.0735072 0.0735072 0.1095346 0.2569248 0.0735072 0.0735072 0.0735072 0.0000010 0.1075532 0.1075532 0.1134965 0.1134965 0.0735072 0.0907510 0.1134965 0.0907510 0.1075532 0.1075532 0.0777611 0.1075532 0.1095346 9.0000000 0.0735072 0.0000010 0.0000010 0.0000000 
