35
Burramyidae_Burramys_parvus                  0.0000000 0.0646473 0.0368704 0.0384870 0.0385025 0.0558522 0.0306386 0.0364118 0.0387669 0.0643343 0.0368867 0.0550203 0.0596477 0.0373218 0.0431176 0.0436700 0.0566066 0.0528865 0.0637735 0.0376249 0.0593965 0.1078594 0.0722436 0.0550048 0.0414497 0.0566372 0.0470653 0.0427089 0.0470464 0.0731628 0.0448744 0.0376567 0.0581946 0.0563171 0.0680635 
Notoryctidae_Notoryctes_typhlops             0.0646473 0.0000000 0.0614629 0.0659752 0.0665696 0.0709243 0.0589803 0.0609307 0.0657419 0.0798109 0.0636673 0.0678838 0.0733771 0.0623269 0.0712690 0.0566985 0.0725464 0.0667149 0.0796370 0.0673658 0.0866214 0.1520071 0.0961223 0.0677667 0.0659320 0.0689873 0.0711710 0.0753030 0.0681966 0.0970125 0.0727889 0.0633729 0.0719174 0.0713582 0.0843420 
Vombatidae_Lasiorhinus_latifrons             0.0368704 0.0614629 0.0000000 0.0384108 0.0386787 0.0534626 0.0382515 0.0408893 0.0374495 0.0650551 0.0408513 0.0506167 0.0573573 0.0408821 0.0406396 0.0414419 0.0544000 0.0512504 0.0622212 0.0401755 0.0573855 0.1065237 0.0701963 0.0516018 0.0425943 0.0486917 0.0444231 0.0457785 0.0449235 0.0682192 0.0412436 0.0423411 0.0568964 0.0531124 0.0671284 
Potoroidae_Bettongia_penicillata             0.0384870 0.0659752 0.0384108 0.0000000 0.0022648 0.0602730 0.0409051 0.0453103 0.0055886 0.0678033 0.0453404 0.0581168 0.0634430 0.0453829 0.0439886 0.0487471 0.0614725 0.0569518 0.0646192 0.0135250 0.0543773 0.1161555 0.0762265 0.0570202 0.0243617 0.0539250 0.0443497 0.0166770 0.0441411 0.0655521 0.0441169 0.0459369 0.0607120 0.0601568 0.0694243 
Potoroidae_Bettongia_lesueur                 0.0385025 0.0665696 0.0386787 0.0022648 0.0000000 0.0603366 0.0412126 0.0453676 0.0070658 0.0681754 0.0456899 0.0584222 0.0632426 0.0457285 0.0445201 0.0488045 0.0615374 0.0572741 0.0646897 0.0144026 0.0552463 0.1162459 0.0771325 0.0573061 0.0241397 0.0542101 0.0453996 0.0176013 0.0451462 0.0663955 0.0446475 0.0462833 0.0607857 0.0602201 0.0694543 
Dasyuridae_Dasyurus_maculatus                0.0558522 0.0709243 0.0534626 0.0602730 0.0603366 0.0000000 0.0560711 0.0600192 0.0616206 0.0716989 0.0596056 0.0155553 0.0266533 0.0581453 0.0622164 0.0129144 0.0056231 0.0221823 0.0733309 0.0618489 0.0777767 0.1306677 0.0835795 0.0154030 0.0628399 0.0664571 0.0691268 0.0689972 0.0624399 0.0908644 0.0642010 0.0610853 0.0647504 0.0022716 0.0783604 
Phalangeridae_Trichosurus_vulpecula          0.0306386 0.0589803 0.0382515 0.0409051 0.0412126 0.0560711 0.0000000 0.0167047 0.0391438 0.0566372 0.0188435 0.0572886 0.0596888 0.0183491 0.0443901 0.0411258 0.0560267 0.0551687 0.0597659 0.0413831 0.0571271 0.1225039 0.0727197 0.0572298 0.0430635 0.0557057 0.0467601 0.0488315 0.0423096 0.0726630 0.0437091 0.0194297 0.0561374 0.0566094 0.0603263 
Phalangeridae_Spilocuscus_maculatus          0.0364118 0.0609307 0.0408893 0.0453103 0.0453676 0.0600192 0.0167047 0.0000000 0.0447237 0.0606416 0.0080063 0.0600343 0.0624378 0.0073981 0.0494573 0.0450198 0.0602889 0.0583755 0.0642340 0.0458275 0.0655780 0.1301744 0.0742473 0.0594036 0.0490008 0.0571423 0.0524894 0.0532196 0.0492273 0.0741929 0.0490827 0.0076567 0.0594112 0.0605539 0.0645423 
Potoroidae_Aepyprymnus_rufescens             0.0387669 0.0657419 0.0374495 0.0055886 0.0070658 0.0616206 0.0391438 0.0447237 0.0000000 0.0700116 0.0450422 0.0589424 0.0637709 0.0453880 0.0435206 0.0493679 0.0623101 0.0586117 0.0654490 0.0148344 0.0552463 0.1145321 0.0756664 0.0583531 0.0254972 0.0549778 0.0458819 0.0185217 0.0436281 0.0666543 0.0431693 0.0456465 0.0622629 0.0615014 0.0708506 
Peramelidae_Perameles_nasuta                 0.0643343 0.0798109 0.0650551 0.0678033 0.0681754 0.0716989 0.0566372 0.0606416 0.0700116 0.0000000 0.0620430 0.0709214 0.0776744 0.0598729 0.0668542 0.0699468 0.0725419 0.0637510 0.0151551 0.0666789 0.0824439 0.1176361 0.0838448 0.0703176 0.0701764 0.0710097 0.0695523 0.0746516 0.0689407 0.0941715 0.0691182 0.0614675 0.0169443 0.0719480 0.0009460 
Phalangeridae_Strigocuscus_pelengensis       0.0368867 0.0636673 0.0408513 0.0453404 0.0456899 0.0596056 0.0188435 0.0080063 0.0450422 0.0620430 0.0000000 0.0596138 0.0626819 0.0069737 0.0495601 0.0453845 0.0611527 0.0590422 0.0665053 0.0454571 0.0661625 0.1387107 0.0755702 0.0597873 0.0496778 0.0579632 0.0524352 0.0526483 0.0495388 0.0748737 0.0491766 0.0077614 0.0603682 0.0601473 0.0657984 
Dasyuridae_Phascogale_tapoatafa              0.0550203 0.0678838 0.0506167 0.0581168 0.0584222 0.0155553 0.0572886 0.0600343 0.0589424 0.0709214 0.0596138 0.0000000 0.0247589 0.0590987 0.0587431 0.0019007 0.0166538 0.0216693 0.0715258 0.0592211 0.0766047 0.1262550 0.0837092 0.0062704 0.0604007 0.0637947 0.0673705 0.0669997 0.0612504 0.0892983 0.0609500 0.0620493 0.0643088 0.0146592 0.0768442 
Dasyuridae_Sminthopsis_macroura              0.0596477 0.0733771 0.0573573 0.0634430 0.0632426 0.0266533 0.0596888 0.0624378 0.0637709 0.0776744 0.0626819 0.0247589 0.0000000 0.0611862 0.0673855 0.0239578 0.0275649 0.0208493 0.0775223 0.0661360 0.0844413 0.1378019 0.0897737 0.0241916 0.0656987 0.0679897 0.0734873 0.0724755 0.0678565 0.0944063 0.0687327 0.0635216 0.0719845 0.0263758 0.0823006 
Phalangeridae_Phalanger_orientalis           0.0373218 0.0623269 0.0408821 0.0453829 0.0457285 0.0581453 0.0183491 0.0073981 0.0453880 0.0598729 0.0069737 0.0590987 0.0611862 0.0000000 0.0492288 0.0435988 0.0596671 0.0573450 0.0659438 0.0464856 0.0679134 0.1340153 0.0756752 0.0587401 0.0503111 0.0559181 0.0531787 0.0539693 0.0508099 0.0749587 0.0503617 0.0043182 0.0593596 0.0586799 0.0652443 
Acrobatidae_Acrobates_pygmaeus               0.0431176 0.0712690 0.0406396 0.0439886 0.0445201 0.0622164 0.0443901 0.0494573 0.0435206 0.0668542 0.0495601 0.0587431 0.0673855 0.0492288 0.0000000 0.0463799 0.0624819 0.0609876 0.0655593 0.0444170 0.0574675 0.1204530 0.0778879 0.0585214 0.0464433 0.0577291 0.0436925 0.0513742 0.0427793 0.0640194 0.0267299 0.0494776 0.0591819 0.0619271 0.0736552 
Dasyuridae_Phascogale_calura                 0.0436700 0.0566985 0.0414419 0.0487471 0.0488045 0.0129144 0.0411258 0.0450198 0.0493679 0.0699468 0.0453845 0.0019007 0.0239578 0.0435988 0.0463799 0.0000000 0.0129060 0.0191573 0.0640401 0.0484053 0.0671741 0.1028923 0.0672614 0.0048043 0.0508811 0.0579076 0.0563670 0.0577324 0.0515372 0.0791981 0.0499811 0.0457944 0.0633597 0.0118992 0.0692867 
Dasyuridae_Sarcophilus_harrisii              0.0566066 0.0725464 0.0544000 0.0614725 0.0615374 0.0056231 0.0560267 0.0602889 0.0623101 0.0725419 0.0611527 0.0166538 0.0275649 0.0596671 0.0624819 0.0129060 0.0000000 0.0224013 0.0735421 0.0628091 0.0782728 0.1287744 0.0847329 0.0165057 0.0638069 0.0672737 0.0690393 0.0702797 0.0631502 0.0932163 0.0647081 0.0613556 0.0649804 0.0049818 0.0806139 
Dasyuridae_Planigale_tenuirostris            0.0528865 0.0667149 0.0512504 0.0569518 0.0572741 0.0221823 0.0551687 0.0583755 0.0586117 0.0637510 0.0590422 0.0216693 0.0208493 0.0573450 0.0609876 0.0191573 0.0224013 0.0000000 0.0676865 0.0597270 0.0751381 0.1294706 0.0817419 0.0205228 0.0596164 0.0651047 0.0657641 0.0665088 0.0589937 0.0885473 0.0625780 0.0597796 0.0594699 0.0207237 0.0710082 
Peramelidae_Echymipera_kalubu                0.0637735 0.0796370 0.0622212 0.0646192 0.0646897 0.0733309 0.0597659 0.0642340 0.0654490 0.0151551 0.0665053 0.0715258 0.0775223 0.0659438 0.0655593 0.0640401 0.0735421 0.0676865 0.0000000 0.0644350 0.0796986 0.1207028 0.0879261 0.0702159 0.0661819 0.0700347 0.0704296 0.0704088 0.0673625 0.0946420 0.0689313 0.0663163 0.0108788 0.0726998 0.0144790 
Macropodidae_Dorcopsulus_vanheurni           0.0376249 0.0673658 0.0401755 0.0135250 0.0144026 0.0618489 0.0413831 0.0458275 0.0148344 0.0666789 0.0454571 0.0592211 0.0661360 0.0464856 0.0444170 0.0484053 0.0628091 0.0597270 0.0644350 0.0000000 0.0552679 0.1166884 0.0770835 0.0595737 0.0265075 0.0560269 0.0452061 0.0130389 0.0453133 0.0666780 0.0432913 0.0467583 0.0601461 0.0617287 0.0689729 
Pseudochiridae_Pseudochirulus_forbesi        0.0593965 0.0866214 0.0573855 0.0543773 0.0552463 0.0777767 0.0571271 0.0655780 0.0552463 0.0824439 0.0661625 0.0766047 0.0844413 0.0679134 0.0574675 0.0671741 0.0782728 0.0751381 0.0796986 0.0552679 0.0000000 0.1179659 0.0994954 0.0763636 0.0581409 0.0762411 0.0338020 0.0601390 0.0188814 0.0709795 0.0563885 0.0682646 0.0726746 0.0782212 0.0862013 
Didelphidae_Didelphis_virginiana             0.1078594 0.1520071 0.1065237 0.1161555 0.1162459 0.1306677 0.1225039 0.1301744 0.1145321 0.1176361 0.1387107 0.1262550 0.1378019 0.1340153 0.1204530 0.1028923 0.1287744 0.1294706 0.1207028 0.1166884 0.1179659 0.0000000 0.0479525 0.1225550 0.1229889 0.1068133 0.1139989 0.1139796 0.1170092 0.1336457 0.1157724 0.1382665 0.1042712 0.1289115 0.1346008 
Marmosidae_Monodelphis_domestica             0.0722436 0.0961223 0.0701963 0.0762265 0.0771325 0.0835795 0.0727197 0.0742473 0.0756664 0.0838448 0.0755702 0.0837092 0.0897737 0.0756752 0.0778879 0.0672614 0.0847329 0.0817419 0.0879261 0.0770835 0.0994954 0.0479525 0.0000000 0.0818708 0.0777969 0.0744647 0.0831373 0.0849685 0.0808048 0.1071602 0.0790744 0.0766897 0.0772736 0.0834127 0.0954560 
Dasyuridae_Antechinus_stuartii               0.0550048 0.0677667 0.0516018 0.0570202 0.0573061 0.0154030 0.0572298 0.0594036 0.0583531 0.0703176 0.0597873 0.0062704 0.0241916 0.0587401 0.0585214 0.0048043 0.0165057 0.0205228 0.0702159 0.0595737 0.0763636 0.1225550 0.0818708 0.0000000 0.0603296 0.0651389 0.0672861 0.0661031 0.0614906 0.0905314 0.0622872 0.0617515 0.0633662 0.0140676 0.0763103 
Hypsiprymnodontidae_Hypsiprymnodon_moschatus 0.0414497 0.0659320 0.0425943 0.0243617 0.0241397 0.0628399 0.0430635 0.0490008 0.0254972 0.0701764 0.0496778 0.0604007 0.0656987 0.0503111 0.0464433 0.0508811 0.0638069 0.0596164 0.0661819 0.0265075 0.0581409 0.1229889 0.0777969 0.0603296 0.0000000 0.0573739 0.0475647 0.0323731 0.0456256 0.0689885 0.0466039 0.0505366 0.0626752 0.0632393 0.0710102 
Microbiotheriidae_Dromiciops_gliroides       0.0566372 0.0689873 0.0486917 0.0539250 0.0542101 0.0664571 0.0557057 0.0571423 0.0549778 0.0710097 0.0579632 0.0637947 0.0679897 0.0559181 0.0577291 0.0579076 0.0672737 0.0651047 0.0700347 0.0560269 0.0762411 0.1068133 0.0744647 0.0651389 0.0573739 0.0000000 0.0631451 0.0612548 0.0615914 0.0832569 0.0628408 0.0568867 0.0660431 0.0661458 0.0751545 
Pseudochiridae_Petauroides_volans            0.0470653 0.0711710 0.0444231 0.0443497 0.0453996 0.0691268 0.0467601 0.0524894 0.0458819 0.0695523 0.0524352 0.0673705 0.0734873 0.0531787 0.0436925 0.0563670 0.0690393 0.0657641 0.0704296 0.0452061 0.0338020 0.1139989 0.0831373 0.0672861 0.0475647 0.0631451 0.0000000 0.0503872 0.0243446 0.0607776 0.0418926 0.0537599 0.0633912 0.0692730 0.0751643 
Macropodidae_Wallabia_bicolor                0.0427089 0.0753030 0.0457785 0.0166770 0.0176013 0.0689972 0.0488315 0.0532196 0.0185217 0.0746516 0.0526483 0.0669997 0.0724755 0.0539693 0.0513742 0.0577324 0.0702797 0.0665088 0.0704088 0.0130389 0.0601390 0.1139796 0.0849685 0.0661031 0.0323731 0.0612548 0.0503872 0.0000000 0.0514180 0.0744135 0.0514338 0.0546209 0.0679056 0.0688547 0.0746743 
Pseudochiridae_Pseudocheirus_occidentalis    0.0470464 0.0681966 0.0449235 0.0441411 0.0451462 0.0624399 0.0423096 0.0492273 0.0436281 0.0689407 0.0495388 0.0612504 0.0678565 0.0508099 0.0427793 0.0515372 0.0631502 0.0589937 0.0673625 0.0453133 0.0188814 0.1170092 0.0808048 0.0614906 0.0456256 0.0615914 0.0243446 0.0514180 0.0000000 0.0595396 0.0431508 0.0517362 0.0605600 0.0628417 0.0731295 
Tarsipedidae_Tarsipes_rostratus              0.0731628 0.0970125 0.0682192 0.0655521 0.0663955 0.0908644 0.0726630 0.0741929 0.0666543 0.0941715 0.0748737 0.0892983 0.0944063 0.0749587 0.0640194 0.0791981 0.0932163 0.0885473 0.0946420 0.0666780 0.0709795 0.1336457 0.1071602 0.0905314 0.0689885 0.0832569 0.0607776 0.0744135 0.0595396 0.0000000 0.0636319 0.0752410 0.0854459 0.0916864 0.0992814 
Acrobatidae_Distoechurus_pennatus            0.0448744 0.0727889 0.0412436 0.0441169 0.0446475 0.0642010 0.0437091 0.0490827 0.0431693 0.0691182 0.0491766 0.0609500 0.0687327 0.0503617 0.0267299 0.0499811 0.0647081 0.0625780 0.0689313 0.0432913 0.0563885 0.1157724 0.0790744 0.0622872 0.0466039 0.0628408 0.0418926 0.0514338 0.0431508 0.0636319 0.0000000 0.0503181 0.0611297 0.0649322 0.0749280 
Phalangeridae_Phalanger_carmelitae           0.0376567 0.0633729 0.0423411 0.0459369 0.0462833 0.0610853 0.0194297 0.0076567 0.0456465 0.0614675 0.0077614 0.0620493 0.0635216 0.0043182 0.0494776 0.0457944 0.0613556 0.0597796 0.0663163 0.0467583 0.0682646 0.1382665 0.0766897 0.0617515 0.0505366 0.0568867 0.0537599 0.0546209 0.0517362 0.0752410 0.0503181 0.0000000 0.0594800 0.0613021 0.0659747 
Peramelidae_Peroryctes_raffrayana            0.0581946 0.0719174 0.0568964 0.0607120 0.0607857 0.0647504 0.0561374 0.0594112 0.0622629 0.0169443 0.0603682 0.0643088 0.0719845 0.0593596 0.0591819 0.0633597 0.0649804 0.0594699 0.0108788 0.0601461 0.0726746 0.1042712 0.0772736 0.0633662 0.0626752 0.0660431 0.0633912 0.0679056 0.0605600 0.0854459 0.0611297 0.0594800 0.0000000 0.0643915 0.0164240 
Dasyuridae_Dasyurus_geffroii                 0.0563171 0.0713582 0.0531124 0.0601568 0.0602201 0.0022716 0.0566094 0.0605539 0.0615014 0.0719480 0.0601473 0.0146592 0.0263758 0.0586799 0.0619271 0.0118992 0.0049818 0.0207237 0.0726998 0.0617287 0.0782212 0.1289115 0.0834127 0.0140676 0.0632393 0.0661458 0.0692730 0.0688547 0.0628417 0.0916864 0.0649322 0.0613021 0.0643915 0.0000000 0.0785832 
Peramelidae_Perameles_gunnii                 0.0680635 0.0843420 0.0671284 0.0694243 0.0694543 0.0783604 0.0603263 0.0645423 0.0708506 0.0009460 0.0657984 0.0768442 0.0823006 0.0652443 0.0736552 0.0692867 0.0806139 0.0710082 0.0144790 0.0689729 0.0862013 0.1346008 0.0954560 0.0763103 0.0710102 0.0751545 0.0751643 0.0746743 0.0731295 0.0992814 0.0749280 0.0659747 0.0164240 0.0785832 0.0000000 
