35
Burramyidae_Burramys_parvus                  0.0000000 0.1170452 0.0700471 0.0733247 0.0756241 0.1086540 0.0555106 0.0616455 0.0751852 0.1226965 0.0621297 0.1098485 0.1070878 0.0677634 0.0770540 0.1097417 0.1151801 0.1195699 0.1558462 0.0665140 0.0963539 0.1444309 0.1234312 0.1050160 0.0738088 0.0968122 0.0808699 0.0659300 0.0922826 0.0589778 0.0711191 0.1212699 0.1098125 0.1261254 0.1163703 
Notoryctidae_Notoryctes_typhlops             0.1170452 0.0000000 0.0897734 0.1011021 0.1030344 0.1168190 0.0844517 0.0876825 0.1029927 0.1379587 0.0852326 0.1250684 0.1160251 0.0888046 0.0981147 0.1249116 0.1240065 0.1214575 0.1584685 0.0917179 0.1105847 0.1507634 0.1392174 0.1097679 0.0975108 0.1186559 0.1052077 0.0902674 0.1228512 0.0956934 0.0886420 0.1338591 0.1175236 0.1407341 0.1533487 
Vombatidae_Lasiorhinus_latifrons             0.0700471 0.0897734 0.0000000 0.0540609 0.0545749 0.0773508 0.0483918 0.0480406 0.0555899 0.0934936 0.0461176 0.0776482 0.0765165 0.0504468 0.0572868 0.0757725 0.0838314 0.0737961 0.1115798 0.0480311 0.0723227 0.1154386 0.0983862 0.0622637 0.0580524 0.0761997 0.0611584 0.0484369 0.0775713 0.0509612 0.0560844 0.0844676 0.0780442 0.0944344 0.0852756 
Potoroidae_Bettongia_penicillata             0.0733247 0.1011021 0.0540609 0.0000000 0.0030442 0.0874627 0.0507718 0.0489489 0.0151607 0.1110537 0.0464876 0.0925719 0.0899149 0.0535037 0.0615441 0.0912913 0.0959435 0.0896647 0.1347868 0.0185197 0.0798152 0.1155617 0.1044486 0.0838017 0.0425080 0.0871212 0.0673520 0.0205558 0.0809873 0.0563392 0.0586355 0.1017306 0.0899863 0.1088695 0.0913056 
Potoroidae_Bettongia_lesueur                 0.0756241 0.1030344 0.0545749 0.0030442 0.0000000 0.0886384 0.0527287 0.0504533 0.0183371 0.1123593 0.0485692 0.0937229 0.0917239 0.0555531 0.0642136 0.0924390 0.0959631 0.0898699 0.1366570 0.0208256 0.0808508 0.1160173 0.1054307 0.0838607 0.0449693 0.0882904 0.0701211 0.0229146 0.0840389 0.0584319 0.0612159 0.1030597 0.0911253 0.1098662 0.0933797 
Dasyuridae_Dasyurus_maculatus                0.1086540 0.1168190 0.0773508 0.0874627 0.0886384 0.0000000 0.0851732 0.0842152 0.0883584 0.1126351 0.0823361 0.0269964 0.0344942 0.0893124 0.0979669 0.0269650 0.0143160 0.0263634 0.1420927 0.0842247 0.1156946 0.1341975 0.1187861 0.0252107 0.0878228 0.1061572 0.1005932 0.0844023 0.1113147 0.0889631 0.0922636 0.1028928 0.0086657 0.1120352 0.1509082 
Phalangeridae_Trichosurus_vulpecula          0.0555106 0.0844517 0.0483918 0.0507718 0.0527287 0.0851732 0.0000000 0.0217974 0.0509561 0.0998551 0.0191906 0.0861358 0.0838370 0.0243632 0.0531136 0.0848613 0.0893348 0.0883616 0.1171403 0.0412960 0.0725922 0.1143046 0.0992197 0.0731160 0.0465445 0.0800613 0.0583141 0.0416871 0.0763574 0.0439678 0.0267075 0.0938745 0.0855059 0.0994993 0.0853914 
Phalangeridae_Spilocuscus_maculatus          0.0616455 0.0876825 0.0480406 0.0489489 0.0504533 0.0842152 0.0217974 0.0000000 0.0502749 0.1014037 0.0108899 0.0845868 0.0834995 0.0173046 0.0546589 0.0844968 0.0896988 0.0881863 0.1187996 0.0412412 0.0698527 0.1147293 0.0957436 0.0738609 0.0453601 0.0802590 0.0563930 0.0406434 0.0765085 0.0455156 0.0186626 0.0952456 0.0855248 0.0997931 0.0839136 
Potoroidae_Aepyprymnus_rufescens             0.0751852 0.1029927 0.0555899 0.0151607 0.0183371 0.0883584 0.0509561 0.0502749 0.0000000 0.1118648 0.0477248 0.0934514 0.0890912 0.0547207 0.0633386 0.0921654 0.0968351 0.0901051 0.1374358 0.0180890 0.0793776 0.1187956 0.1082199 0.0859800 0.0410730 0.0892199 0.0664553 0.0201507 0.0794975 0.0563962 0.0598774 0.1036268 0.0908509 0.1095064 0.0930392 
Peramelidae_Perameles_nasuta                 0.1226965 0.1379587 0.0934936 0.1110537 0.1123593 0.1126351 0.0998551 0.1014037 0.1118648 0.0000000 0.0993400 0.1105752 0.1086313 0.1014205 0.1052252 0.1133832 0.1154996 0.1071009 0.0345587 0.0975742 0.1231607 0.1549267 0.1360156 0.0982049 0.1014683 0.1164448 0.1164788 0.0999500 0.1265772 0.1022012 0.1069313 0.0242096 0.1127519 0.0046756 0.1712491 
Phalangeridae_Strigocuscus_pelengensis       0.0621297 0.0852326 0.0461176 0.0464876 0.0485692 0.0823361 0.0191906 0.0108899 0.0477248 0.0993400 0.0000000 0.0833427 0.0819551 0.0151660 0.0520935 0.0832247 0.0873225 0.0853477 0.1185232 0.0376794 0.0707175 0.1141369 0.0952062 0.0724800 0.0417602 0.0788896 0.0575588 0.0379924 0.0744066 0.0445404 0.0170249 0.0934776 0.0837452 0.0998055 0.0794192 
Dasyuridae_Phascogale_tapoatafa              0.1098485 0.1250684 0.0776482 0.0925719 0.0937229 0.0269964 0.0861358 0.0845868 0.0934514 0.1105752 0.0833427 0.0000000 0.0336231 0.0890809 0.0954180 0.0050053 0.0310036 0.0242726 0.1356586 0.0857910 0.1140225 0.1372099 0.1213353 0.0126464 0.0876047 0.1067860 0.0985125 0.0872321 0.1056998 0.0880143 0.0931112 0.1011262 0.0274823 0.1101073 0.1443832 
Dasyuridae_Sminthopsis_macroura              0.1070878 0.1160251 0.0765165 0.0899149 0.0917239 0.0344942 0.0838370 0.0834995 0.0890912 0.1086313 0.0819551 0.0336231 0.0000000 0.0872154 0.0937478 0.0335929 0.0406933 0.0262659 0.1341246 0.0822230 0.1121945 0.1328106 0.1143592 0.0330524 0.0863232 0.1040192 0.0974723 0.0828970 0.1043417 0.0879011 0.0900128 0.1002137 0.0344499 0.1091635 0.1422229 
Phalangeridae_Phalanger_orientalis           0.0677634 0.0888046 0.0504468 0.0535037 0.0555531 0.0893124 0.0243632 0.0173046 0.0547207 0.1014205 0.0151660 0.0890809 0.0872154 0.0000000 0.0571007 0.0889858 0.0955098 0.0955626 0.1250331 0.0444952 0.0717693 0.1205288 0.1034277 0.0799083 0.0507225 0.0867951 0.0609919 0.0444147 0.0816607 0.0489889 0.0061805 0.0979780 0.0913010 0.1036447 0.0874992 
Acrobatidae_Acrobates_pygmaeus               0.0770540 0.0981147 0.0572868 0.0615441 0.0642136 0.0979669 0.0531136 0.0546589 0.0633386 0.1052252 0.0520935 0.0954180 0.0937478 0.0571007 0.0000000 0.0941056 0.1011648 0.0926415 0.1360906 0.0533458 0.0809027 0.1236552 0.1011687 0.0834280 0.0597288 0.0914724 0.0613032 0.0542666 0.0835851 0.0340223 0.0601718 0.1008173 0.0974342 0.1076282 0.0975998 
Dasyuridae_Phascogale_calura                 0.1097417 0.1249116 0.0757725 0.0912913 0.0924390 0.0269650 0.0848613 0.0844968 0.0921654 0.1133832 0.0832247 0.0050053 0.0335929 0.0889858 0.0941056 0.0000000 0.0310224 0.0227490 0.1392518 0.0845388 0.1132054 0.1355022 0.1178600 0.0120060 0.0863456 0.1052853 0.0982598 0.0859628 0.1068602 0.0866750 0.0930122 0.1025217 0.0269567 0.1133805 0.1450718 
Dasyuridae_Sarcophilus_harrisii              0.1151801 0.1240065 0.0838314 0.0959435 0.0959631 0.0143160 0.0893348 0.0896988 0.0968351 0.1154996 0.0873225 0.0310036 0.0406933 0.0955098 0.1011648 0.0310224 0.0000000 0.0293201 0.1462351 0.0905153 0.1210340 0.1392502 0.1227690 0.0265050 0.0950800 0.1113762 0.1066104 0.0907627 0.1171045 0.0947653 0.0985056 0.1056499 0.0133811 0.1155459 0.1579459 
Dasyuridae_Planigale_tenuirostris            0.1195699 0.1214575 0.0737961 0.0896647 0.0898699 0.0263634 0.0883616 0.0881863 0.0901051 0.1071009 0.0853477 0.0242726 0.0262659 0.0955626 0.0926415 0.0227490 0.0293201 0.0000000 0.1016870 0.0844081 0.1228349 0.1256286 0.1171424 0.0272131 0.0899363 0.1013551 0.1033609 0.0864531 0.1048868 0.0908040 0.1017913 0.0915357 0.0247548 0.1073584 0.1207618 
Peramelidae_Echymipera_kalubu                0.1558462 0.1584685 0.1115798 0.1347868 0.1366570 0.1420927 0.1171403 0.1187996 0.1374358 0.0345587 0.1185232 0.1356586 0.1341246 0.1250331 0.1360906 0.1392518 0.1462351 0.1016870 0.0000000 0.1200731 0.1643828 0.1804404 0.1665372 0.1023927 0.1316137 0.1419653 0.1510742 0.1198097 0.1564398 0.1340969 0.1321906 0.0224476 0.1395668 0.0344917 0.1167089 
Macropodidae_Dorcopsulus_vanheurni           0.0665140 0.0917179 0.0480311 0.0185197 0.0208256 0.0842247 0.0412960 0.0412412 0.0180890 0.0975742 0.0376794 0.0857910 0.0822230 0.0444952 0.0533458 0.0845388 0.0905153 0.0844081 0.1200731 0.0000000 0.0708869 0.1088358 0.0955226 0.0771955 0.0325096 0.0797218 0.0588842 0.0057570 0.0728420 0.0474789 0.0495074 0.0927604 0.0855256 0.0961129 0.0816212 
Pseudochiridae_Pseudochirulus_forbesi        0.0963539 0.1105847 0.0723227 0.0798152 0.0808508 0.1156946 0.0725922 0.0698527 0.0793776 0.1231607 0.0707175 0.1140225 0.1121945 0.0717693 0.0809027 0.1132054 0.1210340 0.1228349 0.1643828 0.0708869 0.0000000 0.1504525 0.1294369 0.1098146 0.0770288 0.1083988 0.0651147 0.0716185 0.1021508 0.0668809 0.0767631 0.1262170 0.1186203 0.1312826 0.0754644 
Didelphidae_Didelphis_virginiana             0.1444309 0.1507634 0.1154386 0.1155617 0.1160173 0.1341975 0.1143046 0.1147293 0.1187956 0.1549267 0.1141369 0.1372099 0.1328106 0.1205288 0.1236552 0.1355022 0.1392502 0.1256286 0.1804404 0.1088358 0.1504525 0.0000000 0.0506720 0.1168738 0.1156877 0.1372335 0.1383993 0.1099518 0.1452388 0.1201438 0.1216733 0.1309811 0.1324564 0.1526037 0.1832587 
Marmosidae_Monodelphis_domestica             0.1234312 0.1392174 0.0983862 0.1044486 0.1054307 0.1187861 0.0992197 0.0957436 0.1082199 0.1360156 0.0952062 0.1213353 0.1143592 0.1034277 0.1011687 0.1178600 0.1227690 0.1171424 0.1665372 0.0955226 0.1294369 0.0506720 0.0000000 0.0976846 0.1036390 0.1147043 0.1118607 0.0971353 0.1266487 0.0992588 0.1056309 0.1185971 0.1183915 0.1343399 0.1677148 
Dasyuridae_Antechinus_stuartii               0.1050160 0.1097679 0.0622637 0.0838017 0.0838607 0.0252107 0.0731160 0.0738609 0.0859800 0.0982049 0.0724800 0.0126464 0.0330524 0.0799083 0.0834280 0.0120060 0.0265050 0.0272131 0.1023927 0.0771955 0.1098146 0.1168738 0.0976846 0.0000000 0.0748952 0.0968021 0.0880126 0.0791545 0.0978406 0.0782485 0.0856241 0.0822968 0.0270512 0.0986888 0.1220720 
Hypsiprymnodontidae_Hypsiprymnodon_moschatus 0.0738088 0.0975108 0.0580524 0.0425080 0.0449693 0.0878228 0.0465445 0.0453601 0.0410730 0.1014683 0.0417602 0.0876047 0.0863232 0.0507225 0.0597288 0.0863456 0.0950800 0.0899363 0.1316137 0.0325096 0.0770288 0.1156877 0.1036390 0.0748952 0.0000000 0.0905700 0.0594886 0.0342898 0.0796950 0.0516356 0.0537320 0.0986208 0.0885305 0.1010157 0.0957636 
Microbiotheriidae_Dromiciops_gliroides       0.0968122 0.1186559 0.0761997 0.0871212 0.0882904 0.1061572 0.0800613 0.0802590 0.0892199 0.1164448 0.0788896 0.1067860 0.1040192 0.0867951 0.0914724 0.1052853 0.1113762 0.1013551 0.1419653 0.0797218 0.1083988 0.1372335 0.1147043 0.0968021 0.0905700 0.0000000 0.0952339 0.0804078 0.1087150 0.0840459 0.0913404 0.1055360 0.1051955 0.1165736 0.1107270 
Pseudochiridae_Petauroides_volans            0.0808699 0.1052077 0.0611584 0.0673520 0.0701211 0.1005932 0.0583141 0.0563930 0.0664553 0.1164788 0.0575588 0.0985125 0.0974723 0.0609919 0.0613032 0.0982598 0.1066104 0.1033609 0.1510742 0.0588842 0.0651147 0.1383993 0.1118607 0.0880126 0.0594886 0.0952339 0.0000000 0.0568520 0.0797539 0.0577919 0.0652580 0.1102451 0.1022254 0.1196972 0.0796951 
Macropodidae_Wallabia_bicolor                0.0659300 0.0902674 0.0484369 0.0205558 0.0229146 0.0844023 0.0416871 0.0406434 0.0201507 0.0999500 0.0379924 0.0872321 0.0828970 0.0444147 0.0542666 0.0859628 0.0907627 0.0864531 0.1198097 0.0057570 0.0716185 0.1099518 0.0971353 0.0791545 0.0342898 0.0804078 0.0568520 0.0000000 0.0734537 0.0484814 0.0494852 0.0942028 0.0857501 0.1000021 0.0800333 
Tarsipedidae_Tarsipes_rostratus              0.0922826 0.1228512 0.0775713 0.0809873 0.0840389 0.1113147 0.0763574 0.0765085 0.0794975 0.1265772 0.0744066 0.1056998 0.1043417 0.0816607 0.0835851 0.1068602 0.1171045 0.1048868 0.1564398 0.0728420 0.1021508 0.1452388 0.1266487 0.0978406 0.0796950 0.1087150 0.0797539 0.0734537 0.0000000 0.0789267 0.0849990 0.1195642 0.1141753 0.1255626 0.1154693 
Acrobatidae_Distoechurus_pennatus            0.0589778 0.0956934 0.0509612 0.0563392 0.0584319 0.0889631 0.0439678 0.0455156 0.0563962 0.1022012 0.0445404 0.0880143 0.0879011 0.0489889 0.0340223 0.0866750 0.0947653 0.0908040 0.1340969 0.0474789 0.0668809 0.1201438 0.0992588 0.0782485 0.0516356 0.0840459 0.0577919 0.0484814 0.0789267 0.0000000 0.0504816 0.0958881 0.0896918 0.1050947 0.0804709 
Phalangeridae_Phalanger_carmelitae           0.0711191 0.0886420 0.0560844 0.0586355 0.0612159 0.0922636 0.0267075 0.0186626 0.0598774 0.1069313 0.0170249 0.0931112 0.0900128 0.0061805 0.0601718 0.0930122 0.0985056 0.1017913 0.1321906 0.0495074 0.0767631 0.1216733 0.1056309 0.0856241 0.0537320 0.0913404 0.0652580 0.0494852 0.0849990 0.0504816 0.0000000 0.1028591 0.0942535 0.1094673 0.0946356 
Peramelidae_Peroryctes_raffrayana            0.1212699 0.1338591 0.0844676 0.1017306 0.1030597 0.1028928 0.0938745 0.0952456 0.1036268 0.0242096 0.0934776 0.1011262 0.1002137 0.0979780 0.1008173 0.1025217 0.1056499 0.0915357 0.0224476 0.0927604 0.1262170 0.1309811 0.1185971 0.0822968 0.0986208 0.1055360 0.1102451 0.0942028 0.1195642 0.0958881 0.1028591 0.0000000 0.1030499 0.0269841 0.1572549 
Dasyuridae_Dasyurus_geffroii                 0.1098125 0.1175236 0.0780442 0.0899863 0.0911253 0.0086657 0.0855059 0.0855248 0.0908509 0.1127519 0.0837452 0.0274823 0.0344499 0.0913010 0.0974342 0.0269567 0.0133811 0.0247548 0.1395668 0.0855256 0.1186203 0.1324564 0.1183915 0.0270512 0.0885305 0.1051955 0.1022254 0.0857501 0.1141753 0.0896918 0.0942535 0.1030499 0.0000000 0.1122259 0.1546624 
Peramelidae_Perameles_gunnii                 0.1261254 0.1407341 0.0944344 0.1088695 0.1098662 0.1120352 0.0994993 0.0997931 0.1095064 0.0046756 0.0998055 0.1101073 0.1091635 0.1036447 0.1076282 0.1133805 0.1155459 0.1073584 0.0344917 0.0961129 0.1312826 0.1526037 0.1343399 0.0986888 0.1010157 0.1165736 0.1196972 0.1000021 0.1255626 0.1050947 0.1094673 0.0269841 0.1122259 0.0000000 0.1700056 
Pseudochiridae_Pseudocheirus_occidentalis    0.1163703 0.1533487 0.0852756 0.0913056 0.0933797 0.1509082 0.0853914 0.0839136 0.0930392 0.1712491 0.0794192 0.1443832 0.1422229 0.0874992 0.0975998 0.1450718 0.1579459 0.1207618 0.1167089 0.0816212 0.0754644 0.1832587 0.1677148 0.1220720 0.0957636 0.1107270 0.0796951 0.0800333 0.1154693 0.0804709 0.0946356 0.1572549 0.1546624 0.1700056 0.0000000 
