37
Burramyidae_Burramys_parvus                  0.0000000 0.1098291 0.0675981 0.0596140 0.0528789 0.1175971 0.0480820 0.0498891 0.0682703 0.1215007 0.0443690 0.1161900 0.1555673 0.0515463 0.0671737 0.1148667 0.1211790 0.1118100 0.1248240 0.0622496 0.1046599 0.1118228 0.1228949 0.1176930 0.0670536 0.0912623 0.0701783 0.0693780 0.0833307 0.1059343 0.0665547 0.0464342 0.1229927 0.1159652 0.1214475 0.3194502 0.3194502 
Notoryctidae_Notoryctes_typhlops             0.1098291 0.0000000 0.1097462 0.1149910 0.1090902 0.1438162 0.1107989 0.1205151 0.1247341 0.1437146 0.1167115 0.1433538 0.1682183 0.1217129 0.1038052 0.1440955 0.1473866 0.1428569 0.1459655 0.1199260 0.1647100 0.1413256 0.1476806 0.1441071 0.1229504 0.1131040 0.1258639 0.1236666 0.1424860 0.1519269 0.1187408 0.1171751 0.1421718 0.1468175 0.1404056 0.3648039 0.3648039 
Vombatidae_Lasiorhinus_latifrons             0.0675981 0.1097462 0.0000000 0.0766727 0.0724626 0.1219537 0.0754540 0.0782018 0.0812854 0.1249109 0.0724623 0.1234063 0.1641647 0.0782089 0.0767072 0.1219569 0.1259575 0.1155635 0.1281982 0.0741926 0.1037318 0.1192494 0.1265131 0.1238234 0.0777924 0.0938075 0.0826401 0.0823685 0.0900752 0.1174913 0.0717707 0.0765432 0.1265054 0.1260602 0.1230794 0.2810546 0.2810546 
Potoroidae_Bettongia_penicillata             0.0596140 0.1149910 0.0766727 0.0000000 0.0009299 0.1279881 0.0710681 0.0705032 0.0050370 0.1429060 0.0671156 0.1319032 0.1639707 0.0708579 0.0735200 0.1290909 0.1299005 0.1237777 0.1444448 0.0093860 0.1154106 0.1327027 0.1370635 0.1288441 0.0378183 0.0958665 0.0784378 0.0114316 0.0969542 0.1190849 0.0769028 0.0657746 0.1391167 0.1313926 0.1408978 0.3436917 0.3436917 
Potoroidae_Bettongia_lesueur                 0.0528789 0.1090902 0.0724626 0.0009299 0.0000000 0.1204254 0.0645979 0.0637852 0.0047460 0.1315929 0.0654387 0.1239968 0.1253169 0.0708459 0.0634238 0.1207044 0.1224007 0.1137630 0.1360153 0.0084205 0.1109725 0.1215517 0.1298550 0.1211569 0.0313687 0.0930973 0.0741046 0.0107224 0.0908688 0.1070616 0.0739469 0.0658269 0.1279518 0.1197405 0.1307712 0.3436917 0.3436917 
Dasyuridae_Dasyurus_maculatus                0.1175971 0.1438162 0.1219537 0.1279881 0.1204254 0.0000000 0.1209067 0.1245367 0.1363210 0.1578186 0.1230229 0.0060332 0.0462990 0.1246043 0.1080611 0.0052146 0.0020498 0.0061425 0.1614881 0.1242692 0.1730308 0.1507287 0.1552115 0.0057911 0.1301602 0.1222591 0.1326899 0.1332553 0.1529204 0.1458239 0.1279033 0.1230303 0.1582009 0.0018311 0.1599362 0.0881199 0.0881199 
Phalangeridae_Trichosurus_vulpecula          0.0480820 0.1107989 0.0754540 0.0710681 0.0645979 0.1209067 0.0000000 0.0051394 0.0833005 0.1329662 0.0061244 0.1263977 0.1525782 0.0069596 0.0715773 0.1236823 0.1237634 0.1186931 0.1355186 0.0711365 0.1049579 0.1250591 0.1352190 0.1237552 0.0800943 0.0938067 0.0783329 0.0781043 0.0850295 0.1073629 0.0730104 0.0057917 0.1329721 0.1250463 0.1324224 0.3151589 0.3151589 
Phalangeridae_Spilocuscus_maculatus          0.0498891 0.1205151 0.0782018 0.0705032 0.0637852 0.1245367 0.0051394 0.0000000 0.0828105 0.1381332 0.0030601 0.1287057 0.1583273 0.0036594 0.0779649 0.1255017 0.1278591 0.1244855 0.1392736 0.0732543 0.1084356 0.1305909 0.1331009 0.1273318 0.0787858 0.1009165 0.0819796 0.0776597 0.0885240 0.1118923 0.0692694 0.0030876 0.1361032 0.1295698 0.1363112 0.3168975 0.3168975 
Potoroidae_Aepyprymnus_rufescens             0.0682703 0.1247341 0.0812854 0.0050370 0.0047460 0.1363210 0.0833005 0.0828105 0.0000000 0.1500069 0.0778530 0.1386209 0.1712481 0.0810625 0.0783101 0.1369984 0.1377531 0.1308206 0.1519206 0.0126521 0.1229107 0.1375404 0.1428398 0.1348968 0.0458011 0.1059418 0.0913828 0.0153142 0.1067112 0.1245033 0.0803503 0.0760468 0.1462004 0.1387665 0.1477217 0.3510536 0.3510536 
Peramelidae_Perameles_nasuta                 0.1215007 0.1437146 0.1249109 0.1429060 0.1315929 0.1578186 0.1329662 0.1381332 0.1500069 0.0000000 0.1307965 0.1548597 0.1969957 0.1361257 0.1286707 0.1554616 0.1612720 0.1524206 0.0065035 0.1405836 0.1778405 0.1542564 0.1584295 0.1604484 0.1413036 0.1332757 0.1400523 0.1465862 0.1560485 0.1647066 0.1363858 0.1329769 0.0073448 0.1563014 0.0003128 0.3638679 0.3638679 
Phalangeridae_Strigocuscus_pelengensis       0.0443690 0.1167115 0.0724623 0.0671156 0.0654387 0.1230229 0.0061244 0.0030601 0.0778530 0.1307965 0.0000000 0.1265064 0.1530915 0.0031870 0.0724342 0.1240174 0.1263555 0.1205759 0.1357605 0.0684156 0.1029549 0.1255904 0.1277822 0.1249746 0.0739656 0.0916831 0.0733968 0.0717700 0.0838614 0.1054089 0.0678279 0.0026392 0.1312670 0.1281203 0.1297040 0.3230587 0.3230587 
Dasyuridae_Phascogale_tapoatafa              0.1161900 0.1433538 0.1234063 0.1319032 0.1239968 0.0060332 0.1263977 0.1287057 0.1386209 0.1548597 0.1265064 0.0000000 0.0562213 0.1300907 0.1095543 0.0016229 0.0070208 0.0081893 0.1594145 0.1280342 0.1772848 0.1601013 0.1612086 0.0032876 0.1332733 0.1207576 0.1347465 0.1379594 0.1569824 0.1478682 0.1345588 0.1284774 0.1557352 0.0075948 0.1566303 0.0952652 0.0952652 
Dasyuridae_Sminthopsis_macroura              0.1555673 0.1682183 0.1641647 0.1639707 0.1253169 0.0462990 0.1525782 0.1583273 0.1712481 0.1969957 0.1530915 0.0562213 0.0000000 0.1583945 0.1438161 0.0541556 0.0500702 0.0343340 0.2054920 0.1582413 0.2024723 0.1859244 0.1954794 0.0583294 0.1719376 0.1604685 0.1661235 0.1703851 0.1813172 0.1804662 0.1688692 0.1565966 0.1991075 0.0500755 0.1980159 0.0881785 0.0881785 
Phalangeridae_Phalanger_orientalis           0.0515463 0.1217129 0.0782089 0.0708579 0.0708459 0.1246043 0.0069596 0.0036594 0.0810625 0.1361257 0.0031870 0.1300907 0.1583945 0.0000000 0.0754258 0.1255697 0.1279144 0.1253781 0.1364155 0.0734683 0.1040699 0.1286451 0.1326002 0.1270421 0.0789581 0.0984596 0.0779078 0.0777252 0.0858385 0.1119912 0.0739526 0.0007270 0.1311345 0.1291932 0.1345599 0.3203781 0.3203781 
Acrobatidae_Acrobates_pygmaeus               0.0671737 0.1038052 0.0767072 0.0735200 0.0634238 0.1080611 0.0715773 0.0779649 0.0783101 0.1286707 0.0724342 0.1095543 0.1438161 0.0754258 0.0000000 0.1092302 0.1075310 0.0999382 0.1280221 0.0749936 0.1033418 0.1120333 0.1248133 0.1078312 0.0805643 0.0931161 0.0677394 0.0846577 0.0765898 0.1037489 0.0130353 0.0717338 0.1251232 0.1113757 0.1293021 9.0000000 9.0000000 
Dasyuridae_Phascogale_calura                 0.1148667 0.1440955 0.1219569 0.1290909 0.1207044 0.0052146 0.1236823 0.1255017 0.1369984 0.1554616 0.1240174 0.0016229 0.0541556 0.1255697 0.1092302 0.0000000 0.0061077 0.0078465 0.1596989 0.1256448 0.1757746 0.1572120 0.1582526 0.0027971 0.1325323 0.1187746 0.1341346 0.1355515 0.1564542 0.1484688 0.1321361 0.1244038 0.1562224 0.0065336 0.1576524 0.0816684 0.0816684 
Dasyuridae_Sarcophilus_harrisii              0.1211790 0.1473866 0.1259575 0.1299005 0.1224007 0.0020498 0.1237634 0.1278591 0.1377531 0.1612720 0.1263555 0.0070208 0.0500702 0.1279144 0.1075310 0.0061077 0.0000000 0.0073862 0.1653196 0.1243541 0.1733127 0.1530854 0.1558458 0.0065671 0.1317811 0.1233147 0.1329248 0.1349955 0.1527072 0.1464866 0.1279828 0.1263169 0.1603059 0.0027833 0.1637557 0.0956703 0.0956703 
Dasyuridae_Planigale_tenuirostris            0.1118100 0.1428569 0.1155635 0.1237777 0.1137630 0.0061425 0.1186931 0.1244855 0.1308206 0.1524206 0.1205759 0.0081893 0.0343340 0.1253781 0.0999382 0.0078465 0.0073862 0.0000000 0.1620668 0.1199641 0.1663604 0.1453741 0.1533411 0.0086689 0.1256329 0.1144233 0.1249467 0.1259547 0.1429696 0.1403229 0.1236605 0.1231994 0.1544166 0.0076816 0.1568551 0.1036094 0.1036094 
Peramelidae_Echymipera_kalubu                0.1248240 0.1459655 0.1281982 0.1444448 0.1360153 0.1614881 0.1355186 0.1392736 0.1519206 0.0065035 0.1357605 0.1594145 0.2054920 0.1364155 0.1280221 0.1596989 0.1653196 0.1620668 0.0000000 0.1428256 0.1789697 0.1574988 0.1647845 0.1632514 0.1429173 0.1295532 0.1421869 0.1493176 0.1572477 0.1718288 0.1367760 0.1352445 0.0054415 0.1600308 0.0066237 0.3717426 0.3717426 
Macropodidae_Dorcopsulus_vanheurni           0.0622496 0.1199260 0.0741926 0.0093860 0.0084205 0.1242692 0.0711365 0.0732543 0.0126521 0.1405836 0.0684156 0.1280342 0.1582413 0.0734683 0.0749936 0.1256448 0.1243541 0.1199641 0.1428256 0.0000000 0.1135744 0.1320853 0.1379251 0.1259574 0.0327909 0.0945860 0.0774695 0.0046192 0.0927443 0.1149439 0.0740985 0.0687684 0.1347267 0.1254741 0.1379469 0.3167568 0.3167568 
Pseudochiridae_Pseudochirulus_forbesi        0.1046599 0.1647100 0.1037318 0.1154106 0.1109725 0.1730308 0.1049579 0.1084356 0.1229107 0.1778405 0.1029549 0.1772848 0.2024723 0.1040699 0.1033418 0.1757746 0.1733127 0.1663604 0.1789697 0.1135744 0.0000000 0.1703094 0.1794401 0.1772205 0.1221292 0.1377617 0.0578762 0.1217504 0.0151375 0.1313260 0.0989156 0.1022010 0.1786136 0.1775065 0.1774403 0.3301650 0.3301650 
Didelphidae_Didelphis_virginiana             0.1118228 0.1413256 0.1192494 0.1327027 0.1215517 0.1507287 0.1250591 0.1305909 0.1375404 0.1542564 0.1255904 0.1601013 0.1859244 0.1286451 0.1120333 0.1572120 0.1530854 0.1453741 0.1574988 0.1320853 0.1703094 0.0000000 0.0313650 0.1588856 0.1260060 0.1277983 0.1390794 0.1358909 0.1476980 0.1634191 0.1307090 0.1272906 0.1560826 0.1497271 0.1540552 0.4213368 0.4213368 
Marmosidae_Monodelphis_domestica             0.1228949 0.1476806 0.1265131 0.1370635 0.1298550 0.1552115 0.1352190 0.1331009 0.1428398 0.1584295 0.1277822 0.1612086 0.1954794 0.1326002 0.1248133 0.1582526 0.1558458 0.1533411 0.1647845 0.1379251 0.1794401 0.0313650 0.0000000 0.1600279 0.1362849 0.1364847 0.1437310 0.1442726 0.1522148 0.1735862 0.1405531 0.1301446 0.1663263 0.1566364 0.1591622 0.4120538 0.4120538 
Dasyuridae_Antechinus_stuartii               0.1176930 0.1441071 0.1238234 0.1288441 0.1211569 0.0057911 0.1237552 0.1273318 0.1348968 0.1604484 0.1249746 0.0032876 0.0583294 0.1270421 0.1078312 0.0027971 0.0065671 0.0086689 0.1632514 0.1259574 0.1772205 0.1588856 0.1600279 0.0000000 0.1345809 0.1192035 0.1340838 0.1321120 0.1533012 0.1527897 0.1320217 0.1254379 0.1581685 0.0073094 0.1611201 0.1024362 0.1024362 
Hypsiprymnodontidae_Hypsiprymnodon_moschatus 0.0670536 0.1229504 0.0777924 0.0378183 0.0313687 0.1301602 0.0800943 0.0787858 0.0458011 0.1413036 0.0739656 0.1332733 0.1719376 0.0789581 0.0805643 0.1325323 0.1317811 0.1256329 0.1429173 0.0327909 0.1221292 0.1260060 0.1362849 0.1345809 0.0000000 0.1040098 0.0890256 0.0410246 0.1031992 0.1244473 0.0771446 0.0739448 0.1401601 0.1326758 0.1389268 0.3462779 0.3462779 
Microbiotheriidae_Dromiciops_gliroides       0.0912623 0.1131040 0.0938075 0.0958665 0.0930973 0.1222591 0.0938067 0.1009165 0.1059418 0.1332757 0.0916831 0.1207576 0.1604685 0.0984596 0.0931161 0.1187746 0.1233147 0.1144233 0.1295532 0.0945860 0.1377617 0.1277983 0.1364847 0.1192035 0.1040098 0.0000000 0.1053119 0.1050990 0.1156674 0.1427761 0.0992618 0.0955413 0.1282674 0.1257010 0.1304173 0.3023105 0.3023105 
Pseudochiridae_Petauroides_volans            0.0701783 0.1258639 0.0826401 0.0784378 0.0741046 0.1326899 0.0783329 0.0819796 0.0913828 0.1400523 0.0733968 0.1347465 0.1661235 0.0779078 0.0677394 0.1341346 0.1329248 0.1249467 0.1421869 0.0774695 0.0578762 0.1390794 0.1437310 0.1340838 0.0890256 0.1053119 0.0000000 0.0833066 0.0210030 0.1005099 0.0702307 0.0732408 0.1425990 0.1357387 0.1383012 0.3339953 0.3339953 
Macropodidae_Wallabia_bicolor                0.0693780 0.1236666 0.0823685 0.0114316 0.0107224 0.1332553 0.0781043 0.0776597 0.0153142 0.1465862 0.0717700 0.1379594 0.1703851 0.0777252 0.0846577 0.1355515 0.1349955 0.1259547 0.1493176 0.0046192 0.1217504 0.1358909 0.1442726 0.1321120 0.0410246 0.1050990 0.0833066 0.0000000 0.0984136 0.1247521 0.0806807 0.0739660 0.1440050 0.1358155 0.1435168 0.3091371 0.3091371 
Pseudochiridae_Pseudocheirus_occidentalis    0.0833307 0.1424860 0.0900752 0.0969542 0.0908688 0.1529204 0.0850295 0.0885240 0.1067112 0.1560485 0.0838614 0.1569824 0.1813172 0.0858385 0.0765898 0.1564542 0.1527072 0.1429696 0.1572477 0.0927443 0.0151375 0.1476980 0.1522148 0.1533012 0.1031992 0.1156674 0.0210030 0.0984136 0.0000000 0.1108106 0.0751047 0.0811210 0.1591097 0.1569268 0.1549948 0.3235379 0.3235379 
Tarsipedidae_Tarsipes_rostratus              0.1059343 0.1519269 0.1174913 0.1190849 0.1070616 0.1458239 0.1073629 0.1118923 0.1245033 0.1647066 0.1054089 0.1478682 0.1804662 0.1119912 0.1037489 0.1484688 0.1464866 0.1403229 0.1718288 0.1149439 0.1313260 0.1634191 0.1735862 0.1527897 0.1244473 0.1427761 0.1005099 0.1247521 0.1108106 0.0000000 0.1076868 0.1111248 0.1686710 0.1500230 0.1643886 0.5136040 0.5136040 
Acrobatidae_Distoechurus_pennatus            0.0665547 0.1187408 0.0717707 0.0769028 0.0739469 0.1279033 0.0730104 0.0692694 0.0803503 0.1363858 0.0678279 0.1345588 0.1688692 0.0739526 0.0130353 0.1321361 0.1279828 0.1236605 0.1367760 0.0740985 0.0989156 0.1307090 0.1405531 0.1320217 0.0771446 0.0992618 0.0702307 0.0806807 0.0751047 0.1076868 0.0000000 0.0680846 0.1339798 0.1306654 0.1363680 0.3877133 0.3877133 
Phalangeridae_Phalanger_carmelitae           0.0464342 0.1171751 0.0765432 0.0657746 0.0658269 0.1230303 0.0057917 0.0030876 0.0760468 0.1329769 0.0026392 0.1284774 0.1565966 0.0007270 0.0717338 0.1244038 0.1263169 0.1231994 0.1352445 0.0687684 0.1022010 0.1272906 0.1301446 0.1254379 0.0739448 0.0955413 0.0732408 0.0739660 0.0811210 0.1111248 0.0680846 0.0000000 0.1317362 0.1271536 0.1313379 0.3235830 0.3235830 
Peramelidae_Peroryctes_raffrayana            0.1229927 0.1421718 0.1265054 0.1391167 0.1279518 0.1582009 0.1329721 0.1361032 0.1462004 0.0073448 0.1312670 0.1557352 0.1991075 0.1311345 0.1251232 0.1562224 0.1603059 0.1544166 0.0054415 0.1347267 0.1786136 0.1560826 0.1663263 0.1581685 0.1401601 0.1282674 0.1425990 0.1440050 0.1591097 0.1686710 0.1339798 0.1317362 0.0000000 0.1558695 0.0074745 0.3593084 0.3593084 
Dasyuridae_Dasyurus_geffroii                 0.1159652 0.1468175 0.1260602 0.1313926 0.1197405 0.0018311 0.1250463 0.1295698 0.1387665 0.1563014 0.1281203 0.0075948 0.0500755 0.1291932 0.1113757 0.0065336 0.0027833 0.0076816 0.1600308 0.1254741 0.1775065 0.1497271 0.1566364 0.0073094 0.1326758 0.1257010 0.1357387 0.1358155 0.1569268 0.1500230 0.1306654 0.1271536 0.1558695 0.0000000 0.1584670 0.0887995 0.0887995 
Peramelidae_Perameles_gunnii                 0.1214475 0.1404056 0.1230794 0.1408978 0.1307712 0.1599362 0.1324224 0.1363112 0.1477217 0.0003128 0.1297040 0.1566303 0.1980159 0.1345599 0.1293021 0.1576524 0.1637557 0.1568551 0.0066237 0.1379469 0.1774403 0.1540552 0.1591622 0.1611201 0.1389268 0.1304173 0.1383012 0.1435168 0.1549948 0.1643886 0.1363680 0.1313379 0.0074745 0.1584670 0.0000000 0.3303404 0.3303404 
Myrmecobiidae_Myrmecobius_fasciatus1         0.3194502 0.3648039 0.2810546 0.3436917 0.3436917 0.0881199 0.3151589 0.3168975 0.3510536 0.3638679 0.3230587 0.0952652 0.0881785 0.3203781 9.0000000 0.0816684 0.0956703 0.1036094 0.3717426 0.3167568 0.3301650 0.4213368 0.4120538 0.1024362 0.3462779 0.3023105 0.3339953 0.3091371 0.3235379 0.5136040 0.3877133 0.3235830 0.3593084 0.0887995 0.3303404 0.0000000 0.0000010 
Myrmecobiidae_Myrmecobius_fasciatus2         0.3194502 0.3648039 0.2810546 0.3436917 0.3436917 0.0881199 0.3151589 0.3168975 0.3510536 0.3638679 0.3230587 0.0952652 0.0881785 0.3203781 9.0000000 0.0816684 0.0956703 0.1036094 0.3717426 0.3167568 0.3301650 0.4213368 0.4120538 0.1024362 0.3462779 0.3023105 0.3339953 0.3091371 0.3235379 0.5136040 0.3877133 0.3235830 0.3593084 0.0887995 0.3303404 0.0000010 0.0000000 
