35
Burramyidae_Burramys_parvus                  0.0000000 0.1222305 0.0794704 0.0984727 0.1007612 0.1213000 0.0695150 0.0708680 0.1072373 0.1488720 0.0620121 0.1429697 0.1643211 0.0704572 0.1039218 0.1352567 0.1399109 0.1386068 0.0956405 0.0926163 1.2117092 0.1741075 0.1546580 0.0968881 0.1096959 0.0979147 0.0937922 0.0910620 0.1238073 0.0994569 0.0718039 0.1424816 0.1282996 0.1471944 0.1793778 
Notoryctidae_Notoryctes_typhlops             0.1222305 0.0000000 0.1198053 0.1448901 0.1411955 0.1462849 0.1207428 0.1172070 0.1519156 0.1637088 0.1126659 0.1489300 0.1920658 0.1191017 0.1459729 0.1501440 0.1505738 0.1482158 0.1454559 0.1407886 0.6997719 0.2138927 0.1470139 0.1505020 0.1230855 0.1288573 0.1467314 0.1247449 0.1630480 0.1510166 0.1219013 0.1684403 0.1459655 0.1624287 0.1511877 
Vombatidae_Lasiorhinus_latifrons             0.0794704 0.1198053 0.0000000 0.1191326 0.1077875 0.1183053 0.0834869 0.0868713 0.0915722 0.1240099 0.0641297 0.1332377 0.1380744 0.0816634 0.0861102 0.1150421 0.1293653 0.1112582 0.0817691 0.0790095 0.9466538 0.1305321 0.1388779 0.0831223 0.0988554 0.0764676 0.0813549 0.0703198 0.1006383 0.0901404 0.0837148 0.1151005 0.1253097 0.1230573 0.1474073 
Potoroidae_Bettongia_penicillata             0.0984727 0.1448901 0.1191326 0.0000000 0.0069898 0.1529264 0.0965353 0.0949385 0.0323005 0.1898342 0.0951458 0.1570011 0.1895791 0.1072867 0.1377135 0.1447883 0.1525814 0.1371150 0.0423023 0.1136535 0.6503654 0.1740698 0.1616515 0.0768078 0.1273802 0.1024886 0.0396959 0.1035306 0.1578361 0.1147215 0.1061560 0.1784913 0.1528137 0.1890657 0.1712794 
Potoroidae_Bettongia_lesueur                 0.1007612 0.1411955 0.1077875 0.0069898 0.0000000 0.1468292 0.0932217 0.0924412 0.0319869 0.1876221 0.0910807 0.1648600 0.1803673 0.1023907 0.1333839 0.1533262 0.1671825 0.1503452 0.0387624 0.1076788 1.4423306 0.1622411 0.1751558 0.0691328 0.1360583 0.1032988 0.0374900 0.0999064 0.1566891 0.1133206 0.1033780 0.1771114 0.1582291 0.1837512 0.2175116 
Dasyuridae_Dasyurus_maculatus                0.1213000 0.1462849 0.1183053 0.1529264 0.1468292 0.0000000 0.1277587 0.1263996 0.1604944 0.1774955 0.1200739 0.0369971 0.0510291 0.1293514 0.1442606 0.0318664 0.0228750 0.0417870 0.1586368 0.1498791 0.5611965 0.1965704 0.0332549 0.1554348 0.1399463 0.1451354 0.1563687 0.1446866 0.1715079 0.1642425 0.1277051 0.1697973 0.0072553 0.1780906 0.1829656 
Phalangeridae_Trichosurus_vulpecula          0.0695150 0.1207428 0.0834869 0.0965353 0.0932217 0.1277587 0.0000000 0.0226402 0.0967320 0.1555596 0.0245480 0.1378019 0.1620436 0.0293822 0.1063690 0.1344249 0.1443096 0.1267246 0.0903039 0.0903507 1.1252251 0.1634233 0.1463238 0.0897700 0.1132221 0.0895454 0.0905609 0.0803953 0.1254266 0.0960962 0.0317413 0.1532024 0.1380398 0.1539049 0.1996384 
Phalangeridae_Spilocuscus_maculatus          0.0708680 0.1172070 0.0868713 0.0949385 0.0924412 0.1263996 0.0226402 0.0000000 0.0996253 0.1592163 0.0119640 0.1359785 0.1649294 0.0154883 0.1075498 0.1338788 0.1456118 0.1239004 0.0930424 0.0931510 1.2338831 0.1634380 0.1447219 0.0945268 0.1088331 0.0901573 0.0927389 0.0840042 0.1291726 0.0965144 0.0173276 0.1576444 0.1373167 0.1573649 0.2002931 
Potoroidae_Aepyprymnus_rufescens             0.1072373 0.1519156 0.0915722 0.0323005 0.0319869 0.1604944 0.0967320 0.0996253 0.0000000 0.1597114 0.0836591 0.1705956 0.1662286 0.1078022 0.1113890 0.1431194 0.1684005 0.1411564 0.0246762 0.0919127 1.3325308 0.1506767 0.1799790 0.0511367 0.1296922 0.0892801 0.0245315 0.0846562 0.1363712 0.0956933 0.1094637 0.1529527 0.1665413 0.1577821 0.1925177 
Peramelidae_Perameles_nasuta                 0.1488720 0.1637088 0.1240099 0.1898342 0.1876221 0.1774955 0.1555596 0.1592163 0.1597114 0.0000000 0.1161763 0.1808810 0.1814320 0.1613681 0.1184218 0.1587050 0.1875965 0.1604982 0.1538945 0.1478511 1.5428743 0.2045896 0.1878500 0.1448834 0.1480389 0.1473122 0.1504433 0.1425869 0.1670070 0.1521133 0.1635387 0.0359543 0.1895941 0.0028345 0.0252850 
Phalangeridae_Strigocuscus_pelengensis       0.0620121 0.1126659 0.0641297 0.0951458 0.0910807 0.1200739 0.0245480 0.0119640 0.0836591 0.1161763 0.0000000 0.1299356 0.1579633 0.0100859 0.0772296 0.1323724 0.1403925 0.1210723 0.0786265 0.0800420 0.4351333 0.1435988 0.1283200 0.0754609 0.1019922 0.0782269 0.0780072 0.0720214 0.1051260 0.0862553 0.0134107 0.1108658 0.1305961 0.1159305 0.1026490 
Dasyuridae_Phascogale_tapoatafa              0.1429697 0.1489300 0.1332377 0.1570011 0.1648600 0.0369971 0.1378019 0.1359785 0.1705956 0.1808810 0.1299356 0.0000000 0.0532687 0.1390448 0.1390701 0.0067265 0.0554781 0.0551968 0.1623573 0.1564961 1.6751456 0.2018699 0.0265718 0.1628955 0.1388241 0.1567628 0.1606534 0.1521006 0.1830132 0.1677525 0.1382073 0.1713308 0.0348827 0.1833630 0.2398107 
Dasyuridae_Sminthopsis_macroura              0.1643211 0.1920658 0.1380744 0.1895791 0.1803673 0.0510291 0.1620436 0.1649294 0.1662286 0.1814320 0.1579633 0.0532687 0.0000000 0.1722707 0.1712988 0.0525246 0.0474194 0.0526143 0.1648253 0.1722279 0.1962372 0.2223227 0.0548302 0.1656399 0.1692906 0.1761530 0.1718239 0.1659163 0.1961031 0.1888443 0.1741319 0.1887019 0.0529199 0.1847758 0.0928642 
Phalangeridae_Phalanger_orientalis           0.0704572 0.1191017 0.0816634 0.1072867 0.1023907 0.1293514 0.0293822 0.0154883 0.1078022 0.1613681 0.0100859 0.1390448 0.1722707 0.0000000 0.1093236 0.1386521 0.1467272 0.1305179 0.1021532 0.1024048 1.2920818 0.1738925 0.1468302 0.1038643 0.1111260 0.0983390 0.1014599 0.0939223 0.1326860 0.1083261 0.0056083 0.1507889 0.1393663 0.1588386 0.2012963 
Acrobatidae_Acrobates_pygmaeus               0.1039218 0.1459729 0.0861102 0.1377135 0.1333839 0.1442606 0.1063690 0.1075498 0.1113890 0.1184218 0.0772296 0.1390701 0.1712988 0.1093236 0.0000000 0.1292268 0.1559941 0.1389483 0.1033519 0.0910838 1.2523181 0.1802958 0.1510793 0.1058684 0.1106279 0.0950836 0.1038924 0.0858859 0.1150195 0.0688266 0.1123903 0.1286877 0.1497386 0.1206226 0.1472773 
Dasyuridae_Phascogale_calura                 0.1352567 0.1501440 0.1150421 0.1447883 0.1533262 0.0318664 0.1344249 0.1338788 0.1431194 0.1587050 0.1323724 0.0067265 0.0525246 0.1386521 0.1292268 0.0000000 0.0426845 0.0532853 0.1392326 0.1359949 0.7926960 0.1743463 0.0288674 0.1335191 0.1377577 0.1408313 0.1384502 0.1328716 0.1742803 0.1399118 0.1390482 0.1433981 0.0321253 0.1625001 0.1680621 
Dasyuridae_Sarcophilus_harrisii              0.1399109 0.1505738 0.1293653 0.1525814 0.1671825 0.0228750 0.1443096 0.1456118 0.1684005 0.1875965 0.1403925 0.0554781 0.0474194 0.1467272 0.1559941 0.0426845 0.0000000 0.0499973 0.1651012 0.1536627 1.7228474 0.2059405 0.0621828 0.1571799 0.1501019 0.1555664 0.1584744 0.1502728 0.2002239 0.1735856 0.1458660 0.1589938 0.0275446 0.1893841 0.2507401 
Dasyuridae_Planigale_tenuirostris            0.1386068 0.1482158 0.1112582 0.1371150 0.1503452 0.0417870 0.1267246 0.1239004 0.1411564 0.1604982 0.1210723 0.0551968 0.0526143 0.1305179 0.1389483 0.0532853 0.0499973 0.0000000 0.1434565 0.1369560 0.5018831 0.1747871 0.0525056 0.1308883 0.1355364 0.1327982 0.1353181 0.1312591 0.1671600 0.1415355 0.1285124 0.1378760 0.0509751 0.1667165 0.1528946 
Macropodidae_Dorcopsulus_vanheurni           0.0956405 0.1454559 0.0817691 0.0423023 0.0387624 0.1586368 0.0903039 0.0930424 0.0246762 0.1538945 0.0786265 0.1623573 0.1648253 0.1021532 0.1033519 0.1392326 0.1651012 0.1434565 0.0000000 0.0836591 1.3574080 0.1487649 0.1763718 0.0482896 0.1219698 0.0840248 0.0119352 0.0780616 0.1276706 0.0894035 0.1038039 0.1512443 0.1612515 0.1535174 0.1891128 
Pseudochiridae_Pseudochirulus_forbesi        0.0926163 0.1407886 0.0790095 0.1136535 0.1076788 0.1498791 0.0903507 0.0931510 0.0919127 0.1478511 0.0800420 0.1564961 0.1722279 0.1024048 0.0910838 0.1359949 0.1536627 0.1369560 0.0836591 0.0000000 1.2685388 0.1556105 0.1662556 0.0893531 0.1171127 0.0386917 0.0859008 0.0192671 0.0932858 0.0866724 0.1048070 0.1399646 0.1540549 0.1479845 0.1791689 
Didelphidae_Didelphis_virginiana             1.2117092 0.6997719 0.9466538 0.6503654 1.4423306 0.5611965 1.1252251 1.2338831 1.3325308 1.5428743 0.4351333 1.6751456 0.1962372 1.2920818 1.2523181 0.7926960 1.7228474 0.5018831 1.3574080 1.2685388 0.0000000 0.4947016 1.4343230 1.2042676 0.5267867 1.2244837 1.3004275 1.2482745 1.2139562 1.3178424 1.3041220 0.6033183 1.5421819 1.7838210 0.3426022 
Marmosidae_Monodelphis_domestica             0.1741075 0.2138927 0.1305321 0.1740698 0.1622411 0.1965704 0.1634233 0.1634380 0.1506767 0.2045896 0.1435988 0.2018699 0.2223227 0.1738925 0.1802958 0.1743463 0.2059405 0.1747871 0.1487649 0.1556105 0.4947016 0.0000000 0.1985628 0.1462949 0.1492358 0.1515120 0.1457944 0.1487946 0.1883629 0.1683551 0.1779208 0.1966462 0.2008816 0.1997160 0.3718724 
Dasyuridae_Antechinus_stuartii               0.1546580 0.1470139 0.1388779 0.1616515 0.1751558 0.0332549 0.1463238 0.1447219 0.1799790 0.1878500 0.1283200 0.0265718 0.0548302 0.1468302 0.1510793 0.0288674 0.0621828 0.0525056 0.1763718 0.1662556 1.4343230 0.1985628 0.0000000 0.1729819 0.1302343 0.1626814 0.1724757 0.1588632 0.1879152 0.1800139 0.1464588 0.1684461 0.0407975 0.1893714 0.2521886 
Hypsiprymnodontidae_Hypsiprymnodon_moschatus 0.0968881 0.1505020 0.0831223 0.0768078 0.0691328 0.1554348 0.0897700 0.0945268 0.0511367 0.1448834 0.0754609 0.1628955 0.1656399 0.1038643 0.1058684 0.1335191 0.1571799 0.1308883 0.0482896 0.0893531 1.2042676 0.1462949 0.1729819 0.0000000 0.1237147 0.0899384 0.0458705 0.0855565 0.1352437 0.0950008 0.1046095 0.1481202 0.1590526 0.1446864 0.1772792 
Microbiotheriidae_Dromiciops_gliroides       0.1096959 0.1230855 0.0988554 0.1273802 0.1360583 0.1399463 0.1132221 0.1088331 0.1296922 0.1480389 0.1019922 0.1388241 0.1692906 0.1111260 0.1106279 0.1377577 0.1501019 0.1355364 0.1219698 0.1171127 0.5267867 0.1492358 0.1302343 0.1237147 0.0000000 0.1089490 0.1229122 0.1057455 0.1487989 0.1198695 0.1116324 0.1319981 0.1393656 0.1464165 0.1261910 
Pseudochiridae_Petauroides_volans            0.0979147 0.1288573 0.0764676 0.1024886 0.1032988 0.1451354 0.0895454 0.0901573 0.0892801 0.1473122 0.0782269 0.1567628 0.1761530 0.0983390 0.0950836 0.1408313 0.1555664 0.1327982 0.0840248 0.0386917 1.2244837 0.1515120 0.1626814 0.0899384 0.1089490 0.0000000 0.0861362 0.0312478 0.0952805 0.0885696 0.1018730 0.1346985 0.1529954 0.1470627 0.1752286 
Macropodidae_Wallabia_bicolor                0.0937922 0.1467314 0.0813549 0.0396959 0.0374900 0.1563687 0.0905609 0.0927389 0.0245315 0.1504433 0.0780072 0.1606534 0.1718239 0.1014599 0.1038924 0.1384502 0.1584744 0.1353181 0.0119352 0.0859008 1.3004275 0.1457944 0.1724757 0.0458705 0.1229122 0.0861362 0.0000000 0.0796391 0.1267556 0.0882008 0.1031307 0.1529040 0.1576575 0.1507160 0.1832264 
Pseudochiridae_Pseudocheirus_occidentalis    0.0910620 0.1247449 0.0703198 0.1035306 0.0999064 0.1446866 0.0803953 0.0840042 0.0846562 0.1425869 0.0720214 0.1521006 0.1659163 0.0939223 0.0858859 0.1328716 0.1502728 0.1312591 0.0780616 0.0192671 1.2482745 0.1487946 0.1588632 0.0855565 0.1057455 0.0312478 0.0796391 0.0000000 0.0876326 0.0775557 0.0973316 0.1336141 0.1496345 0.1428068 0.1724218 
Tarsipedidae_Tarsipes_rostratus              0.1238073 0.1630480 0.1006383 0.1578361 0.1566891 0.1715079 0.1254266 0.1291726 0.1363712 0.1670070 0.1051260 0.1830132 0.1961031 0.1326860 0.1150195 0.1742803 0.2002239 0.1671600 0.1276706 0.0932858 1.2139562 0.1883629 0.1879152 0.1352437 0.1487989 0.0952805 0.1267556 0.0876326 0.0000000 0.1181457 0.1348417 0.1715316 0.1893638 0.1678613 0.1856567 
Acrobatidae_Distoechurus_pennatus            0.0994569 0.1510166 0.0901404 0.1147215 0.1133206 0.1642425 0.0960962 0.0965144 0.0956933 0.1521133 0.0862553 0.1677525 0.1888443 0.1083261 0.0688266 0.1399118 0.1735856 0.1415355 0.0894035 0.0866724 1.3178424 0.1683551 0.1800139 0.0950008 0.1198695 0.0885696 0.0882008 0.0775557 0.1181457 0.0000000 0.1098580 0.1575731 0.1676233 0.1519189 0.1875341 
Phalangeridae_Phalanger_carmelitae           0.0718039 0.1219013 0.0837148 0.1061560 0.1033780 0.1277051 0.0317413 0.0173276 0.1094637 0.1635387 0.0134107 0.1382073 0.1741319 0.0056083 0.1123903 0.1390482 0.1458660 0.1285124 0.1038039 0.1048070 1.3041220 0.1779208 0.1464588 0.1046095 0.1116324 0.1018730 0.1031307 0.0973316 0.1348417 0.1098580 0.0000000 0.1526347 0.1379079 0.1615878 0.2038665 
Peramelidae_Peroryctes_raffrayana            0.1424816 0.1684403 0.1151005 0.1784913 0.1771114 0.1697973 0.1532024 0.1576444 0.1529527 0.0359543 0.1108658 0.1713308 0.1887019 0.1507889 0.1286877 0.1433981 0.1589938 0.1378760 0.1512443 0.1399646 0.6033183 0.1966462 0.1684461 0.1481202 0.1319981 0.1346985 0.1529040 0.1336141 0.1715316 0.1575731 0.1526347 0.0000000 0.1692764 0.0364673 0.0408584 
Dasyuridae_Dasyurus_geffroii                 0.1282996 0.1459655 0.1253097 0.1528137 0.1582291 0.0072553 0.1380398 0.1373167 0.1665413 0.1895941 0.1305961 0.0348827 0.0529199 0.1393663 0.1497386 0.0321253 0.0275446 0.0509751 0.1612515 0.1540549 1.5421819 0.2008816 0.0407975 0.1590526 0.1393656 0.1529954 0.1576575 0.1496345 0.1893638 0.1676233 0.1379079 0.1692764 0.0000000 0.1900790 0.2464623 
Peramelidae_Perameles_gunnii                 0.1471944 0.1624287 0.1230573 0.1890657 0.1837512 0.1780906 0.1539049 0.1573649 0.1577821 0.0028345 0.1159305 0.1833630 0.1847758 0.1588386 0.1206226 0.1625001 0.1893841 0.1667165 0.1535174 0.1479845 1.7838210 0.1997160 0.1893714 0.1446864 0.1464165 0.1470627 0.1507160 0.1428068 0.1678613 0.1519189 0.1615878 0.0364673 0.1900790 0.0000000 0.0233239 
Peramelidae_Echymipera_kalubu                0.1793778 0.1511877 0.1474073 0.1712794 0.2175116 0.1829656 0.1996384 0.2002931 0.1925177 0.0252850 0.1026490 0.2398107 0.0928642 0.2012963 0.1472773 0.1680621 0.2507401 0.1528946 0.1891128 0.1791689 0.3426022 0.3718724 0.2521886 0.1772792 0.1261910 0.1752286 0.1832264 0.1724218 0.1856567 0.1875341 0.2038665 0.0408584 0.2464623 0.0233239 0.0000000 
