35
Burramyidae_Burramys_parvus                  0.0000000 0.0492731 0.0380294 0.0322166 0.0346134 0.0971543 0.0200195 0.0180433 0.0902342 0.0222207 0.0790207 0.0197804 0.0228699 0.0912212 0.0886939 0.0632752 0.0810787 0.0245237 0.1002644 0.0736820 0.0706848 0.0286151 0.0493536 0.0205620 0.0277960 0.0251321 0.0416334 0.0269356 0.0201388 0.0860970 0.0942546 0.0560323 0.0335934 0.1054558 0.0247816 
Notoryctidae_Notoryctes_typhlops             0.0492731 0.0000000 0.0568151 0.0769190 0.0762690 0.0990962 0.0568636 0.0577330 0.0958755 0.0637186 0.0782078 0.0508791 0.0488393 0.0884137 0.0935707 0.0633684 0.0839615 0.0570328 0.0913330 0.0763253 0.0710786 0.0620694 0.0624247 0.0475563 0.0610075 0.0464601 0.0814048 0.0550585 0.0533353 0.0859749 0.0971499 0.0660921 0.0661407 0.1042204 0.0517001 
Vombatidae_Lasiorhinus_latifrons             0.0380294 0.0568151 0.0000000 0.0553601 0.0581177 0.0790370 0.0357604 0.0335885 0.0877731 0.0332834 0.0598833 0.0335340 0.0357334 0.0770073 0.0708919 0.0509941 0.0800064 0.0408721 0.1061549 0.0884591 0.0583973 0.0467007 0.0420897 0.0382152 0.0449717 0.0427005 0.0733190 0.0462512 0.0334064 0.0814424 0.0761800 0.0695808 0.0592609 0.0851655 0.0474539 
Potoroidae_Bettongia_penicillata             0.0322166 0.0769190 0.0553601 0.0000000 0.0010667 0.1110675 0.0292136 0.0294232 0.1112313 0.0308261 0.0967794 0.0298689 0.0326079 0.1046677 0.1045016 0.0778683 0.1009623 0.0072348 0.1058572 0.0804113 0.0799529 0.0162301 0.0662822 0.0342318 0.0085260 0.0424766 0.0696224 0.0437540 0.0309526 0.1081772 0.1071986 0.0690254 0.0038331 0.1197346 0.0432474 
Potoroidae_Bettongia_lesueur                 0.0346134 0.0762690 0.0581177 0.0010667 0.0000000 0.1113197 0.0298435 0.0300537 0.1077642 0.0308423 0.0959442 0.0316425 0.0345380 0.1042446 0.1047383 0.0751773 0.0975785 0.0070374 0.1082498 0.0793412 0.0793608 0.0159545 0.0637462 0.0342509 0.0083186 0.0395675 0.0690106 0.0439022 0.0327602 0.1037453 0.1074424 0.0663813 0.0040343 0.1188160 0.0415672 
Dasyuridae_Dasyurus_maculatus                0.0971543 0.0990962 0.0790370 0.1110675 0.1113197 0.0000000 0.0937344 0.0863905 0.1207152 0.0887691 0.0175797 0.0893969 0.0879085 0.0086101 0.0037331 0.0162232 0.1154167 0.0967690 0.1342968 0.1116604 0.0054900 0.0965486 0.0830507 0.0852585 0.0989528 0.0892308 0.1096944 0.0984525 0.0898380 0.1218750 0.0023557 0.0904395 0.1154054 0.0092610 0.0961197 
Phalangeridae_Trichosurus_vulpecula          0.0200195 0.0568636 0.0357604 0.0292136 0.0298435 0.0937344 0.0000000 0.0060424 0.0877150 0.0085248 0.0798594 0.0074792 0.0197295 0.0833460 0.0843616 0.0611186 0.0751846 0.0226783 0.0875826 0.0638940 0.0674514 0.0305219 0.0441776 0.0201847 0.0242842 0.0247649 0.0405066 0.0256026 0.0074756 0.0818587 0.0888432 0.0454654 0.0324194 0.0981753 0.0281292 
Phalangeridae_Spilocuscus_maculatus          0.0180433 0.0577330 0.0335885 0.0294232 0.0300537 0.0863905 0.0060424 0.0000000 0.0832913 0.0042796 0.0720410 0.0032117 0.0199048 0.0782034 0.0772891 0.0564112 0.0692817 0.0216319 0.0834262 0.0616229 0.0625448 0.0291086 0.0414088 0.0199506 0.0231208 0.0244916 0.0435854 0.0252922 0.0032104 0.0784626 0.0816339 0.0422618 0.0333504 0.0946804 0.0257784 
Peramelidae_Perameles_nasuta                 0.0902342 0.0958755 0.0877731 0.1112313 0.1077642 0.1207152 0.0877150 0.0832913 0.0000000 0.0882305 0.1198937 0.0801491 0.0839620 0.1126975 0.1175354 0.1004202 0.0065834 0.0956721 0.0996880 0.0824169 0.1025956 0.0975267 0.0899978 0.0960592 0.0968153 0.0954528 0.1109069 0.1021513 0.0801238 0.0087509 0.1199388 0.0006528 0.1130534 0.1368879 0.1056844 
Phalangeridae_Strigocuscus_pelengensis       0.0222207 0.0637186 0.0332834 0.0308261 0.0308423 0.0887691 0.0085248 0.0042796 0.0882305 0.0000000 0.0717673 0.0042777 0.0222426 0.0917291 0.0785638 0.0652659 0.0760200 0.0256140 0.0923337 0.0738140 0.0764744 0.0321162 0.0485090 0.0236312 0.0278989 0.0275232 0.0527140 0.0288686 0.0044682 0.0834207 0.0847323 0.0460844 0.0335021 0.0921073 0.0278397 
Dasyuridae_Sminthopsis_macroura              0.0790207 0.0782078 0.0598833 0.0967794 0.0959442 0.0175797 0.0798594 0.0720410 0.1198937 0.0717673 0.0000000 0.0786254 0.0759988 0.0165175 0.0146817 0.0079573 0.1065801 0.0796868 0.1324109 0.1081571 0.0129553 0.0826531 0.0626548 0.0809832 0.0839602 0.0789032 0.1115129 0.0825247 0.0791163 0.1158895 0.0150146 0.0982794 0.1014762 0.0173480 0.0878548 
Phalangeridae_Phalanger_orientalis           0.0197804 0.0508791 0.0335340 0.0298689 0.0316425 0.0893969 0.0074792 0.0032117 0.0801491 0.0042777 0.0786254 0.0000000 0.0184251 0.0838303 0.0821537 0.0610071 0.0690793 0.0236571 0.0802398 0.0558808 0.0672355 0.0311733 0.0449435 0.0199402 0.0253079 0.0239807 0.0427171 0.0243379 0.0009096 0.0735903 0.0865545 0.0398235 0.0314009 0.1008394 0.0247164 
Acrobatidae_Acrobates_pygmaeus               0.0228699 0.0488393 0.0357334 0.0326079 0.0345380 0.0879085 0.0197295 0.0199048 0.0839620 0.0222426 0.0759988 0.0184251 0.0000000 0.0824170 0.0834338 0.0631125 0.0729615 0.0243793 0.0926808 0.0695124 0.0687213 0.0288578 0.0468140 0.0186905 0.0270665 0.0223890 0.0352722 0.0104714 0.0187625 0.0764259 0.0869816 0.0500604 0.0327073 0.0969275 0.0235692 
Dasyuridae_Phascogale_calura                 0.0912212 0.0884137 0.0770073 0.1046677 0.1042446 0.0086101 0.0833460 0.0782034 0.1126975 0.0917291 0.0165175 0.0838303 0.0824170 0.0000000 0.0074932 0.0142894 0.1003516 0.0903244 0.1168177 0.0939900 0.0023299 0.0911987 0.0730920 0.0821490 0.0946361 0.0779351 0.1091555 0.0889760 0.0836114 0.1117289 0.0075077 0.0783555 0.1076991 0.0028893 0.0919941 
Dasyuridae_Sarcophilus_harrisii              0.0886939 0.0935707 0.0708919 0.1045016 0.1047383 0.0037331 0.0843616 0.0772891 0.1175354 0.0785638 0.0146817 0.0821537 0.0834338 0.0074932 0.0000000 0.0130820 0.1072156 0.0892867 0.1242319 0.1040613 0.0046570 0.0901700 0.0715882 0.0809284 0.0894505 0.0797272 0.1021351 0.0898706 0.0826296 0.1206497 0.0028616 0.0882388 0.1103205 0.0077505 0.0912621 
Dasyuridae_Planigale_tenuirostris            0.0632752 0.0633684 0.0509941 0.0778683 0.0751773 0.0162232 0.0611186 0.0564112 0.1004202 0.0652659 0.0079573 0.0610071 0.0631125 0.0142894 0.0130820 0.0000000 0.0882108 0.0612995 0.1015659 0.0765809 0.0111503 0.0650304 0.0503601 0.0672844 0.0647753 0.0617016 0.0935726 0.0637335 0.0608516 0.0971626 0.0142908 0.0704068 0.0875426 0.0164115 0.0726566 
Peramelidae_Echymipera_kalubu                0.0810787 0.0839615 0.0800064 0.1009623 0.0975785 0.1154167 0.0751846 0.0692817 0.0065834 0.0760200 0.1065801 0.0690793 0.0729615 0.1003516 0.1072156 0.0882108 0.0000000 0.0845203 0.0935559 0.0723835 0.0859472 0.0906675 0.0782110 0.0874101 0.0857189 0.0855003 0.1008041 0.0920778 0.0690518 0.0074126 0.1125715 0.0054803 0.0994439 0.1204310 0.0947248 
Macropodidae_Dorcopsulus_vanheurni           0.0245237 0.0570328 0.0408721 0.0072348 0.0070374 0.0967690 0.0226783 0.0216319 0.0956721 0.0256140 0.0796868 0.0236571 0.0243793 0.0903244 0.0892867 0.0612995 0.0845203 0.0000000 0.0853204 0.0659406 0.0719111 0.0119192 0.0461342 0.0265543 0.0025325 0.0272167 0.0542490 0.0310432 0.0236361 0.0925381 0.0918954 0.0558377 0.0085213 0.1035823 0.0310695 
Didelphidae_Didelphis_virginiana             0.1002644 0.0913330 0.1061549 0.1058572 0.1082498 0.1342968 0.0875826 0.0834262 0.0996880 0.0923337 0.1324109 0.0802398 0.0926808 0.1168177 0.1242319 0.1015659 0.0935559 0.0853204 0.0000000 0.0295549 0.1026425 0.0947619 0.0990512 0.0945745 0.0912487 0.0951714 0.1152840 0.0920503 0.0851032 0.0895011 0.1268813 0.1001287 0.1069857 0.1472817 0.1037147 
Marmosidae_Monodelphis_domestica             0.0736820 0.0763253 0.0884591 0.0804113 0.0793412 0.1116604 0.0638940 0.0616229 0.0824169 0.0738140 0.1081571 0.0558808 0.0695124 0.0939900 0.1040613 0.0765809 0.0723835 0.0659406 0.0295549 0.0000000 0.0767457 0.0806494 0.0756920 0.0813487 0.0701522 0.0787466 0.0942052 0.0721489 0.0601718 0.0767853 0.1046598 0.0825581 0.0769048 0.1182633 0.0780520 
Dasyuridae_Antechinus_stuartii               0.0706848 0.0710786 0.0583973 0.0799529 0.0793608 0.0054900 0.0674514 0.0625448 0.1025956 0.0764744 0.0129553 0.0672355 0.0687213 0.0023299 0.0046570 0.0111503 0.0859472 0.0719111 0.1026425 0.0767457 0.0000000 0.0746233 0.0611443 0.0634699 0.0759973 0.0569811 0.0819818 0.0734407 0.0683442 0.1041605 0.0049394 0.0772073 0.0841664 0.0031137 0.0678721 
Hypsiprymnodontidae_Hypsiprymnodon_moschatus 0.0286151 0.0620694 0.0467007 0.0162301 0.0159545 0.0965486 0.0305219 0.0291086 0.0975267 0.0321162 0.0826531 0.0311733 0.0288578 0.0911987 0.0901700 0.0650304 0.0906675 0.0119192 0.0947619 0.0806494 0.0746233 0.0000000 0.0521839 0.0325212 0.0124131 0.0347773 0.0604504 0.0359153 0.0300551 0.0964936 0.0937163 0.0560631 0.0168963 0.1092346 0.0379452 
Microbiotheriidae_Dromiciops_gliroides       0.0493536 0.0624247 0.0420897 0.0662822 0.0637462 0.0830507 0.0441776 0.0414088 0.0899978 0.0485090 0.0626548 0.0449435 0.0468140 0.0730920 0.0715882 0.0503601 0.0782110 0.0461342 0.0990512 0.0756920 0.0611443 0.0521839 0.0000000 0.0499094 0.0500537 0.0521480 0.0802942 0.0609755 0.0449279 0.0871256 0.0779136 0.0597257 0.0706785 0.0859847 0.0604628 
Pseudochiridae_Petauroides_volans            0.0205620 0.0475563 0.0382152 0.0342318 0.0342509 0.0852585 0.0201847 0.0199506 0.0960592 0.0236312 0.0809832 0.0199402 0.0186905 0.0821490 0.0809284 0.0672844 0.0874101 0.0265543 0.0945745 0.0813487 0.0634699 0.0325212 0.0499094 0.0000000 0.0283803 0.0105940 0.0276310 0.0247416 0.0202986 0.0931702 0.0863934 0.0618775 0.0335068 0.0960952 0.0104091 
Macropodidae_Wallabia_bicolor                0.0277960 0.0610075 0.0449717 0.0085260 0.0083186 0.0989528 0.0242842 0.0231208 0.0968153 0.0278989 0.0839602 0.0253079 0.0270665 0.0946361 0.0894505 0.0647753 0.0857189 0.0025325 0.0912487 0.0701522 0.0759973 0.0124131 0.0500537 0.0283803 0.0000000 0.0308287 0.0539252 0.0331670 0.0252842 0.0937836 0.0941081 0.0517953 0.0106346 0.1041861 0.0335121 
Pseudochiridae_Pseudocheirus_occidentalis    0.0251321 0.0464601 0.0427005 0.0424766 0.0395675 0.0892308 0.0247649 0.0244916 0.0954528 0.0275232 0.0789032 0.0239807 0.0223890 0.0779351 0.0797272 0.0617016 0.0855003 0.0272167 0.0951714 0.0787466 0.0569811 0.0347773 0.0521480 0.0105940 0.0308287 0.0000000 0.0316691 0.0285908 0.0239622 0.0872572 0.0873277 0.0498927 0.0398637 0.0895290 0.0051335 
Tarsipedidae_Tarsipes_rostratus              0.0416334 0.0814048 0.0733190 0.0696224 0.0690106 0.1096944 0.0405066 0.0435854 0.1109069 0.0527140 0.1115129 0.0427171 0.0352722 0.1091555 0.1021351 0.0935726 0.1008041 0.0542490 0.1152840 0.0942052 0.0819818 0.0604504 0.0802942 0.0276310 0.0539252 0.0316691 0.0000000 0.0401238 0.0434074 0.1048537 0.1107526 0.0751114 0.0699048 0.1197581 0.0330851 
Acrobatidae_Distoechurus_pennatus            0.0269356 0.0550585 0.0462512 0.0437540 0.0439022 0.0984525 0.0256026 0.0252922 0.1021513 0.0288686 0.0825247 0.0243379 0.0104714 0.0889760 0.0898706 0.0637335 0.0920778 0.0310432 0.0920503 0.0721489 0.0734407 0.0359153 0.0609755 0.0247416 0.0331670 0.0285908 0.0401238 0.0000000 0.0247616 0.0986281 0.0995081 0.0624581 0.0486276 0.1069122 0.0303807 
Phalangeridae_Phalanger_carmelitae           0.0201388 0.0533353 0.0334064 0.0309526 0.0327602 0.0898380 0.0074756 0.0032104 0.0801238 0.0044682 0.0791163 0.0009096 0.0187625 0.0836114 0.0826296 0.0608516 0.0690518 0.0236361 0.0851032 0.0601718 0.0683442 0.0300551 0.0449279 0.0202986 0.0252842 0.0239622 0.0434074 0.0247616 0.0000000 0.0763572 0.0870105 0.0410986 0.0325859 0.1005492 0.0246957 
Peramelidae_Peroryctes_raffrayana            0.0860970 0.0859749 0.0814424 0.1081772 0.1037453 0.1218750 0.0818587 0.0784626 0.0087509 0.0834207 0.1158895 0.0735903 0.0764259 0.1117289 0.1206497 0.0971626 0.0074126 0.0925381 0.0895011 0.0767853 0.1041605 0.0964936 0.0871256 0.0931702 0.0937836 0.0872572 0.1048537 0.0986281 0.0763572 0.0000000 0.1230700 0.0055011 0.1072995 0.1342743 0.0947289 
Dasyuridae_Dasyurus_geffroii                 0.0942546 0.0971499 0.0761800 0.1071986 0.1074424 0.0023557 0.0888432 0.0816339 0.1199388 0.0847323 0.0150146 0.0865545 0.0869816 0.0075077 0.0028616 0.0142908 0.1125715 0.0918954 0.1268813 0.1046598 0.0049394 0.0937163 0.0779136 0.0863934 0.0941081 0.0873277 0.1107526 0.0995081 0.0870105 0.1230700 0.0000000 0.0906114 0.1133354 0.0080085 0.0973395 
Peramelidae_Perameles_gunnii                 0.0560323 0.0660921 0.0695808 0.0690254 0.0663813 0.0904395 0.0454654 0.0422618 0.0006528 0.0460844 0.0982794 0.0398235 0.0500604 0.0783555 0.0882388 0.0704068 0.0054803 0.0558377 0.1001287 0.0825581 0.0772073 0.0560631 0.0597257 0.0618775 0.0517953 0.0498927 0.0751114 0.0624581 0.0410986 0.0055011 0.0906114 0.0000000 0.0735690 0.1125376 0.0552265 
Potoroidae_Aepyprymnus_rufescens             0.0335934 0.0661407 0.0592609 0.0038331 0.0040343 0.1154054 0.0324194 0.0333504 0.1130534 0.0335021 0.1014762 0.0314009 0.0327073 0.1076991 0.1103205 0.0875426 0.0994439 0.0085213 0.1069857 0.0769048 0.0841664 0.0168963 0.0706785 0.0335068 0.0106346 0.0398637 0.0699048 0.0486276 0.0325859 0.1072995 0.1133354 0.0735690 0.0000000 0.1220094 0.0439969 
Dasyuridae_Phascogale_tapoatafa              0.1054558 0.1042204 0.0851655 0.1197346 0.1188160 0.0092610 0.0981753 0.0946804 0.1368879 0.0921073 0.0173480 0.1008394 0.0969275 0.0028893 0.0077505 0.0164115 0.1204310 0.1035823 0.1472817 0.1182633 0.0031137 0.1092346 0.0859847 0.0960952 0.1041861 0.0895290 0.1197581 0.1069122 0.1005492 0.1342743 0.0080085 0.1125376 0.1220094 0.0000000 0.1003164 
Pseudochiridae_Pseudochirulus_forbesi        0.0247816 0.0517001 0.0474539 0.0432474 0.0415672 0.0961197 0.0281292 0.0257784 0.1056844 0.0278397 0.0878548 0.0247164 0.0235692 0.0919941 0.0912621 0.0726566 0.0947248 0.0310695 0.1037147 0.0780520 0.0678721 0.0379452 0.0604628 0.0104091 0.0335121 0.0051335 0.0330851 0.0303807 0.0246957 0.0947289 0.0973395 0.0552265 0.0439969 0.1003164 0.0000000 
