35
Burramyidae_Burramys_parvus                  0.0000000 0.1312466 0.0760745 0.0892249 0.0893400 0.1185080 0.0861829 0.0832273 0.0875598 0.1690858 0.0694098 0.1139923 0.1359486 0.0841461 0.0810350 0.1131393 0.1272122 0.1449569 0.1525440 0.0948627 0.0924487 0.1328760 0.1245316 0.1150813 0.1038427 0.1241657 0.0733773 0.0906636 0.0794467 0.1189088 0.1217087 0.0869826 0.1644003 0.1275002 0.1728368 
Notoryctidae_Notoryctes_typhlops             0.1312466 0.0000000 0.1258956 0.1354385 0.1340837 0.1472327 0.1273862 0.1358913 0.1351143 0.1606789 0.1181835 0.1442874 0.1723294 0.1345234 0.1348533 0.1444480 0.1570790 0.1769546 0.1804303 0.1426483 0.1400915 0.1737658 0.1342352 0.1458355 0.1469652 0.1541346 0.1272094 0.1346390 0.1351562 0.1752083 0.1514786 0.1435747 0.1903299 0.1592203 0.1634024 
Vombatidae_Lasiorhinus_latifrons             0.0760745 0.1258956 0.0000000 0.0843147 0.0813173 0.1054444 0.0861102 0.0829604 0.0847959 0.1471673 0.0673308 0.1025080 0.1307547 0.0885079 0.0765613 0.1021220 0.1131007 0.1339333 0.1369877 0.0895410 0.0808955 0.1315650 0.1200821 0.1039335 0.0978657 0.1225377 0.0668287 0.0915160 0.0741001 0.1181946 0.1142034 0.0865124 0.1508721 0.1142747 0.1499838 
Potoroidae_Bettongia_penicillata             0.0892249 0.1354385 0.0843147 0.0000000 0.0094033 0.1247701 0.1032151 0.0984535 0.0171496 0.1683268 0.0806875 0.1223301 0.1437829 0.0993594 0.0951411 0.1214581 0.1339113 0.1494939 0.1524165 0.0417121 0.1006381 0.1360234 0.1227984 0.1237941 0.0565907 0.1340629 0.0849737 0.0328678 0.0912284 0.1251434 0.1281465 0.1010290 0.1650137 0.1336214 0.1738805 
Potoroidae_Bettongia_lesueur                 0.0893400 0.1340837 0.0813173 0.0094033 0.0000000 0.1240267 0.1003299 0.0969243 0.0230366 0.1645411 0.0796051 0.1197288 0.1425843 0.1007390 0.0921309 0.1198091 0.1327191 0.1478557 0.1498987 0.0401451 0.0979862 0.1372519 0.1252362 0.1222122 0.0575673 0.1348017 0.0805202 0.0356905 0.0898017 0.1251735 0.1273854 0.1018521 0.1652306 0.1318981 0.1699453 
Dasyuridae_Dasyurus_maculatus                0.1185080 0.1472327 0.1054444 0.1247701 0.1240267 0.0000000 0.1236711 0.1202076 0.1236495 0.1624750 0.1088337 0.0256488 0.0588435 0.1248978 0.1158516 0.0263896 0.0169575 0.0652403 0.1489025 0.1298746 0.1288905 0.1392217 0.1345940 0.0254028 0.1405369 0.1399542 0.1128648 0.1229993 0.1167390 0.1380086 0.1611596 0.1298463 0.1571026 0.0120328 0.1627752 
Phalangeridae_Trichosurus_vulpecula          0.0861829 0.1273862 0.0861102 0.1032151 0.1003299 0.1236711 0.0000000 0.0474618 0.1040576 0.1712753 0.0587767 0.1185106 0.1412986 0.0776587 0.0862128 0.1185977 0.1314440 0.1461045 0.1585684 0.1126237 0.1050139 0.1401641 0.1394634 0.1199387 0.1178728 0.1335780 0.0863989 0.1055910 0.0930340 0.1229677 0.1222766 0.0525201 0.1685085 0.1317896 0.1723830 
Phalangeridae_Spilocuscus_maculatus          0.0832273 0.1358913 0.0829604 0.0984535 0.0969243 0.1202076 0.0474618 0.0000000 0.0985030 0.1801989 0.0408726 0.1145199 0.1444487 0.0580831 0.0895913 0.1141269 0.1316174 0.1490957 0.1569252 0.1094592 0.0984926 0.1479175 0.1423379 0.1150316 0.1107511 0.1398943 0.0784594 0.1045569 0.0863654 0.1340304 0.1431686 0.0605943 0.1638956 0.1309838 0.1831894 
Potoroidae_Aepyprymnus_rufescens             0.0875598 0.1351143 0.0847959 0.0171496 0.0230366 0.1236495 0.1040576 0.0985030 0.0000000 0.1675319 0.0813198 0.1211466 0.1447936 0.0984768 0.0942841 0.1202804 0.1332522 0.1464893 0.1484991 0.0419322 0.1003046 0.1380473 0.1265490 0.1222580 0.0583092 0.1323170 0.0805287 0.0342627 0.0884415 0.1209308 0.1309451 0.0987180 0.1624711 0.1324358 0.1712766 
Peramelidae_Perameles_nasuta                 0.1690858 0.1606789 0.1471673 0.1683268 0.1645411 0.1624750 0.1712753 0.1801989 0.1675319 0.0000000 0.1590260 0.1624276 0.1564189 0.1462800 0.1594878 0.1639993 0.1688515 0.1646641 0.0236030 0.1837157 0.1804400 0.1531049 0.1581589 0.1640200 0.1737113 0.1634292 0.1544017 0.1640875 0.1628096 0.1497635 0.1841066 0.1443373 0.0306527 0.1660187 0.0034292 
Phalangeridae_Strigocuscus_pelengensis       0.0694098 0.1181835 0.0673308 0.0806875 0.0796051 0.1088337 0.0587767 0.0408726 0.0813198 0.1590260 0.0000000 0.1006370 0.1329649 0.0480656 0.0773949 0.1007050 0.1192963 0.1357577 0.1494689 0.0900879 0.0774006 0.1318381 0.1155695 0.1018748 0.0965883 0.1255768 0.0679022 0.0894539 0.0735884 0.1190388 0.1228649 0.0469664 0.1561099 0.1186110 0.1601076 
Dasyuridae_Phascogale_tapoatafa              0.1139923 0.1442874 0.1025080 0.1223301 0.1197288 0.0256488 0.1185106 0.1145199 0.1211466 0.1624276 0.1006370 0.0000000 0.0583284 0.1199460 0.1124863 0.0033881 0.0326856 0.0615419 0.1449748 0.1264255 0.1269202 0.1452824 0.1300788 0.0089221 0.1349190 0.1405702 0.1074806 0.1218854 0.1138904 0.1461360 0.1629466 0.1233837 0.1543440 0.0320270 0.1644338 
Dasyuridae_Sminthopsis_macroura              0.1359486 0.1723294 0.1307547 0.1437829 0.1425843 0.0588435 0.1412986 0.1444487 0.1447936 0.1564189 0.1329649 0.0583284 0.0000000 0.1505922 0.1375920 0.0579430 0.0645361 0.0556521 0.1523416 0.1462680 0.1519122 0.1582061 0.1594298 0.0594040 0.1613948 0.1578154 0.1366625 0.1380242 0.1356858 0.1443967 0.1677566 0.1540408 0.1584405 0.0606637 0.1583941 
Phalangeridae_Phalanger_orientalis           0.0841461 0.1345234 0.0885079 0.0993594 0.1007390 0.1248978 0.0776587 0.0580831 0.0984768 0.1462800 0.0480656 0.1199460 0.1505922 0.0000000 0.0946282 0.1190830 0.1378510 0.1556878 0.1633439 0.1093158 0.1051205 0.1451758 0.1117497 0.1196776 0.1065619 0.1363371 0.0831792 0.1042116 0.0895584 0.1363900 0.1145138 0.0536914 0.1678374 0.1367883 0.1489188 
Acrobatidae_Acrobates_pygmaeus               0.0810350 0.1348533 0.0765613 0.0951411 0.0921309 0.1158516 0.0862128 0.0895913 0.0942841 0.1594878 0.0773949 0.1124863 0.1375920 0.0946282 0.0000000 0.1111758 0.1229233 0.1415362 0.1437513 0.0988380 0.0885041 0.1369394 0.1267960 0.1144817 0.1056422 0.1163304 0.0692766 0.0969093 0.0747262 0.1072114 0.0639138 0.0976001 0.1524185 0.1235935 0.1624013 
Dasyuridae_Phascogale_calura                 0.1131393 0.1444480 0.1021220 0.1214581 0.1198091 0.0263896 0.1185977 0.1141269 0.1202804 0.1639993 0.1007050 0.0033881 0.0579430 0.1190830 0.1111758 0.0000000 0.0327021 0.0615750 0.1456257 0.1255438 0.1241657 0.1435995 0.1268141 0.0096222 0.1340279 0.1396330 0.1048071 0.1210109 0.1111967 0.1450632 0.1626696 0.1220342 0.1550370 0.0327864 0.1660113 
Dasyuridae_Sarcophilus_harrisii              0.1272122 0.1570790 0.1131007 0.1339113 0.1327191 0.0169575 0.1314440 0.1316174 0.1332522 0.1688515 0.1192963 0.0326856 0.0645361 0.1378510 0.1229233 0.0327021 0.0000000 0.0686594 0.1550544 0.1365340 0.1402076 0.1532717 0.1446414 0.0324669 0.1499135 0.1512696 0.1221471 0.1291082 0.1260464 0.1423361 0.1681614 0.1410407 0.1638873 0.0213069 0.1691663 
Dasyuridae_Planigale_tenuirostris            0.1449569 0.1769546 0.1339333 0.1494939 0.1478557 0.0652403 0.1461045 0.1490957 0.1464893 0.1646641 0.1357577 0.0615419 0.0556521 0.1556878 0.1415362 0.0615750 0.0686594 0.0000000 0.1608736 0.1488178 0.1586864 0.1597422 0.1538945 0.0629616 0.1625605 0.1550652 0.1372149 0.1398388 0.1414869 0.1485700 0.1671697 0.1574607 0.1724465 0.0696122 0.1668975 
Peramelidae_Echymipera_kalubu                0.1525440 0.1804303 0.1369877 0.1524165 0.1498987 0.1489025 0.1585684 0.1569252 0.1484991 0.0236030 0.1494689 0.1449748 0.1523416 0.1633439 0.1437513 0.1456257 0.1550544 0.1608736 0.0000000 0.1580837 0.1612417 0.1600315 0.1542315 0.1469698 0.1748683 0.1687435 0.1427054 0.1507336 0.1461252 0.1552375 0.1795853 0.1640112 0.0237880 0.1521537 0.0254638 
Macropodidae_Dorcopsulus_vanheurni           0.0948627 0.1426483 0.0895410 0.0417121 0.0401451 0.1298746 0.1126237 0.1094592 0.0419322 0.1837157 0.0900879 0.1264255 0.1462680 0.1093158 0.0988380 0.1255438 0.1365340 0.1488178 0.1580837 0.0000000 0.1042749 0.1455483 0.1465681 0.1303512 0.0646896 0.1432282 0.0887916 0.0227955 0.0959526 0.1186861 0.1404080 0.1092544 0.1705177 0.1371886 0.1865510 
Pseudochiridae_Pseudochirulus_forbesi        0.0924487 0.1400915 0.0808955 0.1006381 0.0979862 0.1288905 0.1050139 0.0984926 0.1003046 0.1804400 0.0774006 0.1269202 0.1519122 0.1051205 0.0885041 0.1241657 0.1402076 0.1586864 0.1612417 0.1042749 0.0000000 0.1443768 0.1359050 0.1246889 0.1129715 0.1371749 0.0533110 0.1057880 0.0396189 0.1237334 0.1276731 0.1039661 0.1695553 0.1408870 0.1841659 
Didelphidae_Didelphis_virginiana             0.1328760 0.1737658 0.1315650 0.1360234 0.1372519 0.1392217 0.1401641 0.1479175 0.1380473 0.1531049 0.1318381 0.1452824 0.1582061 0.1451758 0.1369394 0.1435995 0.1532717 0.1597422 0.1600315 0.1455483 0.1443768 0.0000000 0.0689218 0.1470970 0.1504051 0.1527769 0.1340875 0.1338221 0.1350204 0.1598470 0.1599026 0.1516624 0.1713861 0.1487538 0.1542179 
Marmosidae_Monodelphis_domestica             0.1245316 0.1342352 0.1200821 0.1227984 0.1252362 0.1345940 0.1394634 0.1423379 0.1265490 0.1581589 0.1155695 0.1300788 0.1594298 0.1117497 0.1267960 0.1268141 0.1446414 0.1538945 0.1542315 0.1465681 0.1359050 0.0689218 0.0000000 0.1317071 0.1327585 0.1370075 0.1217169 0.1342084 0.1267930 0.1724018 0.1648714 0.1374549 0.1695883 0.1445830 0.1617783 
Dasyuridae_Antechinus_stuartii               0.1150813 0.1458355 0.1039335 0.1237941 0.1222122 0.0254028 0.1199387 0.1150316 0.1222580 0.1640200 0.1018748 0.0089221 0.0594040 0.1196776 0.1144817 0.0096222 0.0324669 0.0629616 0.1469698 0.1303512 0.1246889 0.1470970 0.1317071 0.0000000 0.1361853 0.1421004 0.1080422 0.1244245 0.1135468 0.1482313 0.1652190 0.1234675 0.1563489 0.0329127 0.1667833 
Hypsiprymnodontidae_Hypsiprymnodon_moschatus 0.1038427 0.1469652 0.0978657 0.0565907 0.0575673 0.1405369 0.1178728 0.1107511 0.0583092 0.1737113 0.0965883 0.1349190 0.1613948 0.1065619 0.1056422 0.1340279 0.1499135 0.1625605 0.1748683 0.0646896 0.1129715 0.1504051 0.1327585 0.1361853 0.0000000 0.1450448 0.0919356 0.0601424 0.1026002 0.1330384 0.1338070 0.1123029 0.1850143 0.1488001 0.1753173 
Microbiotheriidae_Dromiciops_gliroides       0.1241657 0.1541346 0.1225377 0.1340629 0.1348017 0.1399542 0.1335780 0.1398943 0.1323170 0.1634292 0.1255768 0.1405702 0.1578154 0.1363371 0.1163304 0.1396330 0.1512696 0.1550652 0.1687435 0.1432282 0.1371749 0.1527769 0.1370075 0.1421004 0.1450448 0.0000000 0.1225189 0.1375522 0.1259043 0.1538150 0.1391540 0.1420610 0.1758437 0.1521528 0.1665174 
Pseudochiridae_Petauroides_volans            0.0733773 0.1272094 0.0668287 0.0849737 0.0805202 0.1128648 0.0863989 0.0784594 0.0805287 0.1544017 0.0679022 0.1074806 0.1366625 0.0831792 0.0692766 0.1048071 0.1221471 0.1372149 0.1427054 0.0887916 0.0533110 0.1340875 0.1217169 0.1080422 0.0919356 0.1225189 0.0000000 0.0885508 0.0387231 0.1068002 0.1073979 0.0820666 0.1567860 0.1244257 0.1591527 
Macropodidae_Wallabia_bicolor                0.0906636 0.1346390 0.0915160 0.0328678 0.0356905 0.1229993 0.1055910 0.1045569 0.0342627 0.1640875 0.0894539 0.1218854 0.1380242 0.1042116 0.0969093 0.1210109 0.1291082 0.1398388 0.1507336 0.0227955 0.1057880 0.1338221 0.1342084 0.1244245 0.0601424 0.1375522 0.0885508 0.0000000 0.0957025 0.1108585 0.1241065 0.1021682 0.1575310 0.1292519 0.1669295 
Pseudochiridae_Pseudocheirus_occidentalis    0.0794467 0.1351562 0.0741001 0.0912284 0.0898017 0.1167390 0.0930340 0.0863654 0.0884415 0.1628096 0.0735884 0.1138904 0.1356858 0.0895584 0.0747262 0.1111967 0.1260464 0.1414869 0.1461252 0.0959526 0.0396189 0.1350204 0.1267930 0.1135468 0.1026002 0.1259043 0.0387231 0.0957025 0.0000000 0.1099736 0.1022019 0.0879187 0.1534004 0.1278709 0.1673633 
Tarsipedidae_Tarsipes_rostratus              0.1189088 0.1752083 0.1181946 0.1251434 0.1251735 0.1380086 0.1229677 0.1340304 0.1209308 0.1497635 0.1190388 0.1461360 0.1443967 0.1363900 0.1072114 0.1450632 0.1423361 0.1485700 0.1552375 0.1186861 0.1237334 0.1598470 0.1724018 0.1482313 0.1330384 0.1538150 0.1068002 0.1108585 0.1099736 0.0000000 0.1296492 0.1399416 0.1604142 0.1428973 0.1484391 
Acrobatidae_Distoechurus_pennatus            0.1217087 0.1514786 0.1142034 0.1281465 0.1273854 0.1611596 0.1222766 0.1431686 0.1309451 0.1841066 0.1228649 0.1629466 0.1677566 0.1145138 0.0639138 0.1626696 0.1681614 0.1671697 0.1795853 0.1404080 0.1276731 0.1599026 0.1648714 0.1652190 0.1338070 0.1391540 0.1073979 0.1241065 0.1022019 0.1296492 0.0000000 0.1104668 0.1812695 0.1665776 0.1871919 
Phalangeridae_Phalanger_carmelitae           0.0869826 0.1435747 0.0865124 0.1010290 0.1018521 0.1298463 0.0525201 0.0605943 0.0987180 0.1443373 0.0469664 0.1233837 0.1540408 0.0536914 0.0976001 0.1220342 0.1410407 0.1574607 0.1640112 0.1092544 0.1039661 0.1516624 0.1374549 0.1234675 0.1123029 0.1420610 0.0820666 0.1021682 0.0879187 0.1399416 0.1104668 0.0000000 0.1705709 0.1389765 0.1470423 
Peramelidae_Peroryctes_raffrayana            0.1644003 0.1903299 0.1508721 0.1650137 0.1652306 0.1571026 0.1685085 0.1638956 0.1624711 0.0306527 0.1561099 0.1543440 0.1584405 0.1678374 0.1524185 0.1550370 0.1638873 0.1724465 0.0237880 0.1705177 0.1695553 0.1713861 0.1695883 0.1563489 0.1850143 0.1758437 0.1567860 0.1575310 0.1534004 0.1604142 0.1812695 0.1705709 0.0000000 0.1602322 0.0332401 
Dasyuridae_Dasyurus_geffroii                 0.1275002 0.1592203 0.1142747 0.1336214 0.1318981 0.0120328 0.1317896 0.1309838 0.1324358 0.1660187 0.1186110 0.0320270 0.0606637 0.1367883 0.1235935 0.0327864 0.0213069 0.0696122 0.1521537 0.1371886 0.1408870 0.1487538 0.1445830 0.0329127 0.1488001 0.1521528 0.1244257 0.1292519 0.1278709 0.1428973 0.1665776 0.1389765 0.1602322 0.0000000 0.1680336 
Peramelidae_Perameles_gunnii                 0.1728368 0.1634024 0.1499838 0.1738805 0.1699453 0.1627752 0.1723830 0.1831894 0.1712766 0.0034292 0.1601076 0.1644338 0.1583941 0.1489188 0.1624013 0.1660113 0.1691663 0.1668975 0.0254638 0.1865510 0.1841659 0.1542179 0.1617783 0.1667833 0.1753173 0.1665174 0.1591527 0.1669295 0.1673633 0.1484391 0.1871919 0.1470423 0.0332401 0.1680336 0.0000000 
