35
Burramyidae_Burramys_parvus                  0.0000000 0.0924921 0.0747584 0.0640548 0.0631536 0.0862338 0.0561830 0.0587665 0.0637407 0.0956293 0.0625955 0.0833615 0.0861190 0.0648185 0.0580296 0.0845679 0.0847176 0.0853085 0.0946896 0.0661837 0.0746555 0.1422673 0.1221560 0.0864975 0.0638207 0.0900093 0.0567383 0.0637265 0.0693096 0.0834974 0.0593699 0.0670370 0.0933528 0.0851323 0.0955339 
Notoryctidae_Notoryctes_typhlops             0.0924921 0.0000000 0.0977412 0.0978970 0.0967464 0.0996829 0.0923266 0.0964507 0.1012664 0.1072826 0.1003682 0.0990622 0.0983745 0.1012797 0.0923038 0.0997759 0.0998106 0.0980243 0.1034919 0.0997234 0.1140377 0.1655284 0.1286545 0.1022467 0.0989513 0.1032180 0.0909185 0.0983634 0.1049919 0.1165708 0.0932446 0.1030502 0.0986199 0.1001374 0.1070216 
Vombatidae_Lasiorhinus_latifrons             0.0747584 0.0977412 0.0000000 0.0781837 0.0779751 0.0946908 0.0754854 0.0795881 0.0800908 0.1040769 0.0847051 0.0933798 0.0949340 0.0851134 0.0743475 0.0971448 0.0936013 0.0939199 0.1019928 0.0811295 0.0924152 0.1508529 0.1276185 0.0967591 0.0774679 0.0961132 0.0738973 0.0799540 0.0877504 0.1036715 0.0747483 0.0859829 0.0983660 0.0951230 0.1034371 
Potoroidae_Bettongia_penicillata             0.0640548 0.0978970 0.0781837 0.0000000 0.0060252 0.0939463 0.0631774 0.0661110 0.0139310 0.0994980 0.0702171 0.0915866 0.0962001 0.0728129 0.0612302 0.0929027 0.0933920 0.0936616 0.0986632 0.0293683 0.0803323 0.1488993 0.1253065 0.0952261 0.0442236 0.0923225 0.0589793 0.0281128 0.0747332 0.0888703 0.0636798 0.0747324 0.0961059 0.0937046 0.1007497 
Potoroidae_Bettongia_lesueur                 0.0631536 0.0967464 0.0779751 0.0060252 0.0000000 0.0929502 0.0635803 0.0665021 0.0122391 0.0993827 0.0706231 0.0905916 0.0952010 0.0732192 0.0603411 0.0910925 0.0923909 0.0926052 0.0985535 0.0282009 0.0793771 0.1493148 0.1260342 0.0948594 0.0423778 0.0928491 0.0587545 0.0257479 0.0745155 0.0874373 0.0631051 0.0751412 0.0955729 0.0927076 0.1006385 
Dasyuridae_Dasyurus_maculatus                0.0862338 0.0996829 0.0946908 0.0939463 0.0929502 0.0000000 0.0937419 0.0962914 0.0931452 0.1014764 0.1017111 0.0207070 0.0281536 0.1018830 0.0844621 0.0239359 0.0071993 0.0301018 0.1007667 0.0948987 0.1101529 0.1657944 0.1355671 0.0262525 0.0927988 0.0935290 0.0879551 0.0931836 0.1049424 0.1152717 0.0888611 0.1036012 0.0987511 0.0060528 0.1019628 
Phalangeridae_Trichosurus_vulpecula          0.0561830 0.0923266 0.0754854 0.0631774 0.0635803 0.0937419 0.0000000 0.0251219 0.0655541 0.0992679 0.0304571 0.0911892 0.0961364 0.0313197 0.0569236 0.0894135 0.0921789 0.0899733 0.0962182 0.0631050 0.0814130 0.1433674 0.1170356 0.0944162 0.0647015 0.0900289 0.0612623 0.0613539 0.0707438 0.0879094 0.0634632 0.0324402 0.0972339 0.0936995 0.0995907 
Phalangeridae_Spilocuscus_maculatus          0.0587665 0.0964507 0.0795881 0.0661110 0.0665021 0.0962914 0.0251219 0.0000000 0.0684923 0.1018407 0.0194685 0.0943488 0.0969106 0.0198119 0.0616200 0.0933177 0.0952056 0.0941923 0.1023064 0.0677538 0.0842625 0.1471794 0.1221379 0.0966966 0.0673066 0.0945783 0.0635398 0.0659314 0.0739426 0.0887855 0.0660599 0.0218066 0.0979724 0.0959490 0.1034139 
Potoroidae_Aepyprymnus_rufescens             0.0637407 0.1012664 0.0800908 0.0139310 0.0122391 0.0931452 0.0655541 0.0684923 0.0000000 0.1033822 0.0722966 0.0908246 0.0956580 0.0753160 0.0623351 0.0917264 0.0926231 0.0931190 0.1008172 0.0281758 0.0800424 0.1525655 0.1286586 0.0951597 0.0439602 0.0913225 0.0617203 0.0272385 0.0779789 0.0875894 0.0640288 0.0764735 0.1006931 0.0929384 0.1023524 
Peramelidae_Perameles_nasuta                 0.0956293 0.1072826 0.1040769 0.0994980 0.0993827 0.1014764 0.0992679 0.1018407 0.1033822 0.0000000 0.1069306 0.1007474 0.1064587 0.1072421 0.0973931 0.1073691 0.0990541 0.1028844 0.0205437 0.1063099 0.1232711 0.1627405 0.1344506 0.1066692 0.1035969 0.1022097 0.0971995 0.1059294 0.1118296 0.1197856 0.1001525 0.1099438 0.0210811 0.0987056 0.0016997 
Phalangeridae_Strigocuscus_pelengensis       0.0625955 0.1003682 0.0847051 0.0702171 0.0706231 0.1017111 0.0304571 0.0194685 0.0722966 0.1069306 0.0000000 0.0984892 0.1007434 0.0221659 0.0651747 0.0983312 0.1002284 0.0969196 0.1072087 0.0733476 0.0873520 0.1507503 0.1250467 0.1023141 0.0740014 0.0998828 0.0668182 0.0716977 0.0815234 0.0915206 0.0690285 0.0242771 0.1062100 0.1022063 0.1083798 
Dasyuridae_Phascogale_tapoatafa              0.0833615 0.0990622 0.0933798 0.0915866 0.0905916 0.0207070 0.0911892 0.0943488 0.0908246 0.1007474 0.0984892 0.0000000 0.0260826 0.0989915 0.0835129 0.0081423 0.0196112 0.0270184 0.1004395 0.0944246 0.1078076 0.1580641 0.1331721 0.0149215 0.0891088 0.0908057 0.0855334 0.0927083 0.1014813 0.1159408 0.0863833 0.1015067 0.0999821 0.0216159 0.1012849 
Dasyuridae_Sminthopsis_macroura              0.0861190 0.0983745 0.0949340 0.0962001 0.0952010 0.0281536 0.0961364 0.0969106 0.0956580 0.1064587 0.1007434 0.0260826 0.0000000 0.1016753 0.0880494 0.0286807 0.0273587 0.0208525 0.1054486 0.0966620 0.1120210 0.1630940 0.1355830 0.0307234 0.0883401 0.0928042 0.0895968 0.0949371 0.1072364 0.1162372 0.0928722 0.1029941 0.1057884 0.0284727 0.1062949 
Phalangeridae_Phalanger_orientalis           0.0648185 0.1012797 0.0851134 0.0728129 0.0732192 0.1018830 0.0313197 0.0198119 0.0753160 0.1072421 0.0221659 0.0989915 0.1016753 0.0000000 0.0678770 0.0986224 0.1014625 0.0993374 0.1075378 0.0734660 0.0877347 0.1578069 0.1294987 0.1015893 0.0752288 0.1016839 0.0683572 0.0736891 0.0792972 0.0939384 0.0691646 0.0057753 0.1035164 0.1006872 0.1090549 
Acrobatidae_Acrobates_pygmaeus               0.0580296 0.0923038 0.0743475 0.0612302 0.0603411 0.0844621 0.0569236 0.0616200 0.0623351 0.0973931 0.0651747 0.0835129 0.0880494 0.0678770 0.0000000 0.0852999 0.0829925 0.0821209 0.0942107 0.0627529 0.0721692 0.1458566 0.1171521 0.0875412 0.0581267 0.0853731 0.0511240 0.0609102 0.0672544 0.0789960 0.0340358 0.0697870 0.0939096 0.0829246 0.0978152 
Dasyuridae_Phascogale_calura                 0.0845679 0.0997759 0.0971448 0.0929027 0.0910925 0.0239359 0.0894135 0.0933177 0.0917264 0.1073691 0.0983312 0.0081423 0.0286807 0.0986224 0.0852999 0.0000000 0.0234020 0.0299667 0.1053393 0.0946358 0.1117891 0.1624331 0.1361807 0.0179381 0.0891490 0.0938498 0.0901073 0.0936454 0.1039618 0.1177616 0.0893599 0.1008083 0.1055495 0.0252200 0.1078968 
Dasyuridae_Sarcophilus_harrisii              0.0847176 0.0998106 0.0936013 0.0933920 0.0923909 0.0071993 0.0921789 0.0952056 0.0926231 0.0990541 0.1002284 0.0196112 0.0273587 0.1014625 0.0829925 0.0234020 0.0000000 0.0283226 0.0996224 0.0938506 0.1079728 0.1658943 0.1339655 0.0242159 0.0913398 0.0946400 0.0868175 0.0913500 0.1028205 0.1137106 0.0882643 0.1031508 0.0969996 0.0069156 0.1001134 
Dasyuridae_Planigale_tenuirostris            0.0853085 0.0980243 0.0939199 0.0936616 0.0926052 0.0301018 0.0899733 0.0941923 0.0931190 0.1028844 0.0969196 0.0270184 0.0208525 0.0993374 0.0821209 0.0299667 0.0283226 0.0000000 0.1021829 0.0950074 0.1099459 0.1633338 0.1312791 0.0325952 0.0897085 0.0883155 0.0872037 0.0934466 0.1020806 0.1150290 0.0862588 0.1009165 0.1006378 0.0298274 0.1041196 
Peramelidae_Echymipera_kalubu                0.0946896 0.1034919 0.1019928 0.0986632 0.0985535 0.1007667 0.0962182 0.1023064 0.1008172 0.0205437 0.1072087 0.1004395 0.1054486 0.1075378 0.0942107 0.1053393 0.0996224 0.1021829 0.0000000 0.1026601 0.1210530 0.1665387 0.1362446 0.1066441 0.1021393 0.1011492 0.0945432 0.1025373 0.1098983 0.1181729 0.0990954 0.1092123 0.0190195 0.0984620 0.0194099 
Macropodidae_Dorcopsulus_vanheurni           0.0661837 0.0997234 0.0811295 0.0293683 0.0282009 0.0948987 0.0631050 0.0677538 0.0281758 0.1063099 0.0733476 0.0944246 0.0966620 0.0734660 0.0627529 0.0946358 0.0938506 0.0950074 0.1026601 0.0000000 0.0803089 0.1490903 0.1280799 0.0960250 0.0423586 0.0923975 0.0644688 0.0119705 0.0801399 0.0899566 0.0647947 0.0749796 0.1041027 0.0941619 0.1051532 
Pseudochiridae_Pseudochirulus_forbesi        0.0746555 0.1140377 0.0924152 0.0803323 0.0793771 0.1101529 0.0814130 0.0842625 0.0800424 0.1232711 0.0873520 0.1078076 0.1120210 0.0877347 0.0721692 0.1117891 0.1079728 0.1099459 0.1210530 0.0803089 0.0000000 0.1671576 0.1454655 0.1124066 0.0795100 0.1091154 0.0479243 0.0787744 0.0277818 0.0922986 0.0735587 0.0900489 0.1131417 0.1098286 0.1241470 
Didelphidae_Didelphis_virginiana             0.1422673 0.1655284 0.1508529 0.1488993 0.1493148 0.1657944 0.1433674 0.1471794 0.1525655 0.1627405 0.1507503 0.1580641 0.1630940 0.1578069 0.1458566 0.1624331 0.1658943 0.1633338 0.1665387 0.1490903 0.1671576 0.0000000 0.0497070 0.1652511 0.1527576 0.1511814 0.1486632 0.1478252 0.1588458 0.1803820 0.1470747 0.1586156 0.1617385 0.1625785 0.1651597 
Marmosidae_Monodelphis_domestica             0.1221560 0.1286545 0.1276185 0.1253065 0.1260342 0.1355671 0.1170356 0.1221379 0.1286586 0.1344506 0.1250467 0.1331721 0.1355830 0.1294987 0.1171521 0.1361807 0.1339655 0.1312791 0.1362446 0.1280799 0.1454655 0.0497070 0.0000000 0.1400420 0.1265262 0.1222612 0.1208859 0.1283642 0.1328066 0.1552708 0.1226804 0.1308597 0.1314697 0.1320929 0.1364532 
Dasyuridae_Antechinus_stuartii               0.0864975 0.1022467 0.0967591 0.0952261 0.0948594 0.0262525 0.0944162 0.0966966 0.0951597 0.1066692 0.1023141 0.0149215 0.0307234 0.1015893 0.0875412 0.0179381 0.0242159 0.0325952 0.1066441 0.0960250 0.1124066 0.1652511 0.1400420 0.0000000 0.0919197 0.0950223 0.0912311 0.0949560 0.1048015 0.1199349 0.0913354 0.1043545 0.1044016 0.0266267 0.1078735 
Hypsiprymnodontidae_Hypsiprymnodon_moschatus 0.0638207 0.0989513 0.0774679 0.0442236 0.0423778 0.0927988 0.0647015 0.0673066 0.0439602 0.1035969 0.0740014 0.0891088 0.0883401 0.0752288 0.0581267 0.0891490 0.0913398 0.0897085 0.1021393 0.0423586 0.0795100 0.1527576 0.1265262 0.0919197 0.0000000 0.0888064 0.0613733 0.0410391 0.0762863 0.0872231 0.0605474 0.0771024 0.1023300 0.0916604 0.1025753 
Microbiotheriidae_Dromiciops_gliroides       0.0900093 0.1032180 0.0961132 0.0923225 0.0928491 0.0935290 0.0900289 0.0945783 0.0913225 0.1022097 0.0998828 0.0908057 0.0928042 0.1016839 0.0853731 0.0938498 0.0946400 0.0883155 0.1011492 0.0923975 0.1091154 0.1511814 0.1222612 0.0950223 0.0888064 0.0000000 0.0870806 0.0930526 0.1024497 0.1218613 0.0852597 0.1029824 0.1015692 0.0931022 0.1018967 
Pseudochiridae_Petauroides_volans            0.0567383 0.0909185 0.0738973 0.0589793 0.0587545 0.0879551 0.0612623 0.0635398 0.0617203 0.0971995 0.0668182 0.0855334 0.0895968 0.0683572 0.0511240 0.0901073 0.0868175 0.0872037 0.0945432 0.0644688 0.0479243 0.1486632 0.1208859 0.0912311 0.0613733 0.0870806 0.0000000 0.0630616 0.0425574 0.0725978 0.0549037 0.0702500 0.0899443 0.0860560 0.0969443 
Macropodidae_Wallabia_bicolor                0.0637265 0.0983634 0.0799540 0.0281128 0.0257479 0.0931836 0.0613539 0.0659314 0.0272385 0.1059294 0.0716977 0.0927083 0.0949371 0.0736891 0.0609102 0.0936454 0.0913500 0.0934466 0.1025373 0.0119705 0.0787744 0.1478252 0.1283642 0.0949560 0.0410391 0.0930526 0.0630616 0.0000000 0.0784465 0.0903364 0.0640247 0.0749231 0.1028515 0.0924515 0.1050263 
Pseudochiridae_Pseudocheirus_occidentalis    0.0693096 0.1049919 0.0877504 0.0747332 0.0745155 0.1049424 0.0707438 0.0739426 0.0779789 0.1118296 0.0815234 0.1014813 0.1072364 0.0792972 0.0672544 0.1039618 0.1028205 0.1020806 0.1098983 0.0801399 0.0277818 0.1588458 0.1328066 0.1048015 0.0762863 0.1024497 0.0425574 0.0784465 0.0000000 0.0874966 0.0697414 0.0820209 0.1078065 0.1032752 0.1130377 
Tarsipedidae_Tarsipes_rostratus              0.0834974 0.1165708 0.1036715 0.0888703 0.0874373 0.1152717 0.0879094 0.0887855 0.0875894 0.1197856 0.0915206 0.1159408 0.1162372 0.0939384 0.0789960 0.1177616 0.1137106 0.1150290 0.1181729 0.0899566 0.0922986 0.1803820 0.1552708 0.1199349 0.0872231 0.1218613 0.0725978 0.0903364 0.0874966 0.0000000 0.0810097 0.0960219 0.1108967 0.1141033 0.1208355 
Acrobatidae_Distoechurus_pennatus            0.0593699 0.0932446 0.0747483 0.0636798 0.0631051 0.0888611 0.0634632 0.0660599 0.0640288 0.1001525 0.0690285 0.0863833 0.0928722 0.0691646 0.0340358 0.0893599 0.0882643 0.0862588 0.0990954 0.0647947 0.0735587 0.1470747 0.1226804 0.0913354 0.0605474 0.0852597 0.0549037 0.0640247 0.0697414 0.0810097 0.0000000 0.0725385 0.0956064 0.0889144 0.1019170 
Phalangeridae_Phalanger_carmelitae           0.0670370 0.1030502 0.0859829 0.0747324 0.0751412 0.1036012 0.0324402 0.0218066 0.0764735 0.1099438 0.0242771 0.1015067 0.1029941 0.0057753 0.0697870 0.1008083 0.1031508 0.1009165 0.1092123 0.0749796 0.0900489 0.1586156 0.1308597 0.1043545 0.0771024 0.1029824 0.0702500 0.0749231 0.0820209 0.0960219 0.0725385 0.0000000 0.1053881 0.1031790 0.1115661 
Peramelidae_Peroryctes_raffrayana            0.0933528 0.0986199 0.0983660 0.0961059 0.0955729 0.0987511 0.0972339 0.0979724 0.1006931 0.0210811 0.1062100 0.0999821 0.1057884 0.1035164 0.0939096 0.1055495 0.0969996 0.1006378 0.0190195 0.1041027 0.1131417 0.1617385 0.1314697 0.1044016 0.1023300 0.1015692 0.0899443 0.1028515 0.1078065 0.1108967 0.0956064 0.1053881 0.0000000 0.0971154 0.0200382 
Dasyuridae_Dasyurus_geffroii                 0.0851323 0.1001374 0.0951230 0.0937046 0.0927076 0.0060528 0.0936995 0.0959490 0.0929384 0.0987056 0.1022063 0.0216159 0.0284727 0.1006872 0.0829246 0.0252200 0.0069156 0.0298274 0.0984620 0.0941619 0.1098286 0.1625785 0.1320929 0.0266267 0.0916604 0.0931022 0.0860560 0.0924515 0.1032752 0.1141033 0.0889144 0.1031790 0.0971154 0.0000000 0.0996411 
Peramelidae_Perameles_gunnii                 0.0955339 0.1070216 0.1034371 0.1007497 0.1006385 0.1019628 0.0995907 0.1034139 0.1023524 0.0016997 0.1083798 0.1012849 0.1062949 0.1090549 0.0978152 0.1078968 0.1001134 0.1041196 0.0194099 0.1051532 0.1241470 0.1651597 0.1364532 0.1078735 0.1025753 0.1018967 0.0969443 0.1050263 0.1130377 0.1208355 0.1019170 0.1115661 0.0200382 0.0996411 0.0000000 
