194
I0185_86_Accipitridae_Buteo_jamaicensis                   0.0000000 0.0481521 0.0384282 0.0498211 0.0478668 0.0656418 0.0328743 0.0386480 0.0562946 0.0803249 0.0329655 0.0539679 0.0489434 0.0541550 0.0491124 0.0342416 0.0178177 0.0492556 0.0249368 0.0489896 0.0292704 0.0526591 0.0261372 0.0268403 0.0252353 0.0419112 0.0281372 0.0674475 0.0578512 0.0618487 0.0291016 0.0460204 0.0481175 0.0469630 0.0485922 0.0410227 0.0602744 0.0490657 0.0569054 0.0495683 0.0651543 0.0483457 0.0457571 0.0824627 0.0647769 0.0753388 0.0583578 0.0743162 0.0460360 0.0453398 0.0357932 0.0506125 0.0261259 0.0442532 0.0447615 0.0495433 0.0406513 0.0332272 0.0273635 0.0483241 0.0461346 0.0298135 0.0299662 0.0664498 0.0461248 0.0552808 0.0414978 0.0266747 0.0340216 0.0638826 0.0532074 0.0370707 0.0686494 0.0564565 0.0516921 0.0464516 0.0340175 0.0297352 0.0455867 0.0389634 0.0078814 0.0295700 0.0413518 0.0463731 0.0529827 0.0556561 0.0252712 0.0209189 0.0519628 0.0671462 0.0442033 0.0393638 0.0355742 0.0249649 0.0491222 0.0503254 0.0727960 0.0257863 0.0567344 0.0289018 0.0223542 0.0271480 0.0387377 0.0478983 0.0503987 0.0413153 0.0314057 0.0291469 0.0325812 0.0443885 0.0652027 0.0312786 0.0428354 0.0622252 0.0304818 0.0236573 0.0540044 0.0466221 0.0266009 0.0538983 0.0558523 0.0423126 0.0245057 0.0179321 0.0259544 0.0523552 0.0396524 0.0387440 0.0541771 0.0260622 0.0674782 0.0311178 0.0389926 0.0240617 0.0445894 0.0732734 0.0560037 0.0319660 0.0585267 0.0324450 0.0427389 0.0368289 0.0246319 0.0296949 0.0247062 0.0418171 0.0300056 0.0646423 0.0514744 0.0369892 0.0267493 0.0528755 0.0619293 0.0450412 0.0466509 0.0235732 0.0286826 0.0312736 0.0284240 0.0278038 0.0318216 0.0443232 0.0473321 0.0417741 0.0564051 0.0335805 0.0417207 0.0507313 0.0500497 0.0316744 0.0805936 0.0306770 0.0396686 0.0293840 0.0546701 0.0507510 0.0601172 0.0255113 0.0177792 0.0255337 0.0294256 0.0558860 0.0276094 0.0595805 0.0578499 0.0516702 0.0471848 0.1330201 0.0510148 0.0634429 0.0578439 0.0390264 0.0417621 0.0462867 
I0187_115_Trogonidae_Trogon_elegans                       0.0481521 0.0000000 0.0594367 0.0698352 0.0200376 0.0786314 0.0542438 0.0590942 0.0732442 0.0915401 0.0542692 0.0732244 0.0642866 0.0712976 0.0684714 0.0568304 0.0408053 0.0669387 0.0472842 0.0661491 0.0517321 0.0712155 0.0476561 0.0501954 0.0483119 0.0616821 0.0498469 0.0793575 0.0777401 0.0799547 0.0517472 0.0654516 0.0676014 0.0668029 0.0687784 0.0612991 0.0777684 0.0681606 0.0759975 0.0675924 0.0853489 0.0684340 0.0655583 0.1006914 0.0835379 0.0935946 0.0772255 0.0889574 0.0629058 0.0668769 0.0571603 0.0691041 0.0485839 0.0645665 0.0644200 0.0694650 0.0611017 0.0541194 0.0499255 0.0661515 0.0665901 0.0525584 0.0518434 0.0861555 0.0659276 0.0737921 0.0634110 0.0494079 0.0554813 0.0828541 0.0727613 0.0560786 0.0807078 0.0776865 0.0698995 0.0648506 0.0561719 0.0521682 0.0653690 0.0542717 0.0490120 0.0517931 0.0627660 0.0654239 0.0699638 0.0714148 0.0485410 0.0448884 0.0698309 0.0869993 0.0644469 0.0593056 0.0563560 0.0465002 0.0704306 0.0708041 0.0861203 0.0484482 0.0758911 0.0501519 0.0481113 0.0489420 0.0586031 0.0637860 0.0696125 0.0606534 0.0522498 0.0505688 0.0537474 0.0655012 0.0836933 0.0542918 0.0637378 0.0820970 0.0531271 0.0464606 0.0731711 0.0671141 0.0494872 0.0727765 0.0769871 0.0633630 0.0481915 0.0516254 0.0479631 0.0709894 0.0600363 0.0598171 0.0751300 0.0489018 0.0834323 0.0529761 0.0588095 0.0463065 0.0637437 0.0848841 0.0748665 0.0528244 0.0779615 0.0545823 0.0632807 0.0569881 0.0466368 0.0528205 0.0460707 0.0613129 0.0521900 0.0843430 0.0674277 0.0576395 0.0482318 0.0690107 0.0837162 0.0650982 0.0657632 0.0456569 0.0516754 0.0546613 0.0506802 0.0507622 0.0532837 0.0650445 0.0673732 0.0622148 0.0762462 0.0560064 0.0598462 0.0712311 0.0683748 0.0538710 0.0986261 0.0544850 0.0613440 0.0499943 0.0737153 0.0688368 0.0792801 0.0476513 0.0490690 0.0476438 0.0521526 0.0785617 0.0506360 0.0778942 0.0771442 0.0700925 0.0664961 0.1474218 0.0693243 0.0814186 0.0772388 0.0606274 0.0594142 0.0658018 
I0188_135_Apodidae_Streptoprocne_zonaris                  0.0384282 0.0594367 0.0000000 0.0584637 0.0592207 0.0726701 0.0439871 0.0497985 0.0649057 0.0896408 0.0446316 0.0631317 0.0585961 0.0647191 0.0581244 0.0463858 0.0305102 0.0592860 0.0370741 0.0579710 0.0406426 0.0611677 0.0394338 0.0378679 0.0360919 0.0520957 0.0382450 0.0751162 0.0676917 0.0711417 0.0423907 0.0559607 0.0569794 0.0470514 0.0485442 0.0508377 0.0692688 0.0573672 0.0652294 0.0581295 0.0712583 0.0580217 0.0551439 0.0942293 0.0757963 0.0866730 0.0674914 0.0859595 0.0581857 0.0534471 0.0489716 0.0585430 0.0388336 0.0547216 0.0548808 0.0590008 0.0507445 0.0436369 0.0405970 0.0582259 0.0227848 0.0437417 0.0416234 0.0736025 0.0561390 0.0651131 0.0521672 0.0386485 0.0442937 0.0726035 0.0635658 0.0474002 0.0778050 0.0661680 0.0596663 0.0563425 0.0453863 0.0434589 0.0553841 0.0475263 0.0395144 0.0402610 0.0531814 0.0575563 0.0630762 0.0645098 0.0366089 0.0337742 0.0519795 0.0754755 0.0539491 0.0496390 0.0469728 0.0363777 0.0590527 0.0608356 0.0830700 0.0377931 0.0679125 0.0393184 0.0395111 0.0391033 0.0492648 0.0583798 0.0597996 0.0522002 0.0446956 0.0390180 0.0453043 0.0541139 0.0728558 0.0427380 0.0528006 0.0703086 0.0419885 0.0346588 0.0626796 0.0567229 0.0389509 0.0640212 0.0664609 0.0527789 0.0366279 0.0422419 0.0381952 0.0615475 0.0224716 0.0488315 0.0647179 0.0369186 0.0807302 0.0420541 0.0453373 0.0369933 0.0555200 0.0815348 0.0648222 0.0420468 0.0668979 0.0432413 0.0528593 0.0478765 0.0374936 0.0409630 0.0367490 0.0526293 0.0413646 0.0721431 0.0623460 0.0472669 0.0383991 0.0650500 0.0729733 0.0551598 0.0563422 0.0351022 0.0398159 0.0429582 0.0409538 0.0410091 0.0425852 0.0540571 0.0573493 0.0529374 0.0655035 0.0460704 0.0521172 0.0599170 0.0597555 0.0436416 0.0924899 0.0425726 0.0503827 0.0410541 0.0629221 0.0609030 0.0681985 0.0374543 0.0386441 0.0374023 0.0435680 0.0671481 0.0404938 0.0692791 0.0676232 0.0605517 0.0564757 0.1353682 0.0609718 0.0732945 0.0660570 0.0496875 0.0534552 0.0568188 
I0189_225_Eurylaimidae_Smithornis_rufolateralis           0.0498211 0.0698352 0.0584637 0.0000000 0.0685932 0.0791468 0.0540032 0.0588171 0.0757371 0.0961596 0.0547642 0.0503119 0.0687607 0.0718095 0.0394018 0.0567793 0.0415157 0.0399835 0.0485644 0.0393296 0.0526330 0.0417129 0.0486365 0.0498312 0.0487996 0.0611353 0.0503750 0.0827107 0.0532008 0.0569507 0.0525216 0.0377043 0.0388124 0.0660353 0.0668549 0.0603686 0.0542568 0.0389734 0.0757292 0.0389712 0.0825720 0.0396633 0.0369088 0.0983861 0.0837111 0.0949681 0.0536955 0.0944043 0.0665330 0.0640534 0.0580064 0.0401002 0.0504124 0.0616307 0.0365477 0.0396677 0.0608663 0.0541837 0.0508419 0.0396109 0.0649553 0.0527955 0.0525109 0.0846538 0.0372446 0.0757112 0.0628933 0.0492852 0.0544744 0.0831722 0.0741533 0.0572566 0.0827880 0.0765442 0.0410842 0.0375940 0.0571448 0.0525315 0.0370679 0.0566275 0.0509975 0.0529553 0.0604092 0.0667873 0.0721534 0.0731167 0.0485321 0.0454539 0.0700802 0.0851613 0.0631317 0.0579654 0.0575460 0.0493417 0.0695841 0.0711561 0.0892850 0.0496652 0.0770789 0.0511677 0.0506028 0.0510907 0.0598990 0.0680844 0.0681011 0.0624524 0.0554011 0.0509713 0.0570089 0.0619302 0.0828331 0.0543069 0.0637990 0.0815856 0.0536600 0.0475570 0.0438356 0.0675784 0.0499092 0.0492467 0.0763068 0.0599806 0.0482935 0.0525129 0.0502392 0.0313988 0.0587021 0.0565472 0.0753092 0.0489230 0.0885102 0.0547468 0.0577116 0.0490770 0.0658639 0.0888180 0.0720549 0.0533008 0.0363187 0.0553235 0.0643469 0.0591957 0.0489102 0.0528047 0.0488881 0.0631724 0.0533254 0.0827152 0.0728388 0.0579609 0.0502237 0.0739356 0.0818399 0.0424552 0.0380459 0.0477304 0.0517829 0.0545030 0.0511048 0.0518687 0.0533329 0.0625686 0.0651468 0.0638583 0.0755141 0.0559380 0.0626337 0.0417735 0.0402625 0.0540223 0.1005190 0.0540447 0.0609067 0.0527994 0.0326726 0.0458425 0.0789476 0.0492323 0.0492771 0.0494187 0.0531111 0.0780276 0.0522388 0.0548563 0.0535586 0.0474016 0.0230028 0.1436111 0.0458510 0.0594060 0.0532717 0.0606289 0.0635011 0.0484855 
I0190_295_Trogonidae_Apaloderma_aequatoriale              0.0478668 0.0200376 0.0592207 0.0685932 0.0000000 0.0776568 0.0531499 0.0583094 0.0727663 0.0905509 0.0533655 0.0722281 0.0656953 0.0702499 0.0682523 0.0549171 0.0406567 0.0669183 0.0470396 0.0659789 0.0501217 0.0712740 0.0468852 0.0491756 0.0475498 0.0614025 0.0490053 0.0783750 0.0761327 0.0779425 0.0510498 0.0652556 0.0672389 0.0663200 0.0687822 0.0608834 0.0769828 0.0684403 0.0743201 0.0676268 0.0837234 0.0679401 0.0647775 0.0996306 0.0822848 0.0928815 0.0753427 0.0874914 0.0626961 0.0660842 0.0565040 0.0685656 0.0480796 0.0652920 0.0640084 0.0692191 0.0606481 0.0539526 0.0502138 0.0661195 0.0653625 0.0521070 0.0515308 0.0837427 0.0648495 0.0722630 0.0625661 0.0490275 0.0544878 0.0807720 0.0713964 0.0552104 0.0797996 0.0767265 0.0703029 0.0654129 0.0551972 0.0516331 0.0649958 0.0542581 0.0482499 0.0507784 0.0626717 0.0648609 0.0699604 0.0714138 0.0477424 0.0447261 0.0697343 0.0862212 0.0634847 0.0595308 0.0555233 0.0463881 0.0692164 0.0691601 0.0843224 0.0479674 0.0739727 0.0491076 0.0475622 0.0484626 0.0586578 0.0630220 0.0688989 0.0600766 0.0521295 0.0493710 0.0526277 0.0652508 0.0825044 0.0534375 0.0629449 0.0808068 0.0523455 0.0462529 0.0721499 0.0658325 0.0487187 0.0718658 0.0757533 0.0631851 0.0478018 0.0511736 0.0473199 0.0702571 0.0598824 0.0594102 0.0743563 0.0480815 0.0818620 0.0521216 0.0589255 0.0457585 0.0626180 0.0842350 0.0738113 0.0532027 0.0766878 0.0533045 0.0619598 0.0562426 0.0462731 0.0519779 0.0457020 0.0611625 0.0508424 0.0828484 0.0670891 0.0570685 0.0474317 0.0685037 0.0829461 0.0651547 0.0651977 0.0453236 0.0508964 0.0541796 0.0507729 0.0498776 0.0522058 0.0644718 0.0659653 0.0615381 0.0749069 0.0542491 0.0601913 0.0700909 0.0677058 0.0522162 0.0978209 0.0534692 0.0602653 0.0499809 0.0729498 0.0685543 0.0784147 0.0468908 0.0483384 0.0470264 0.0511427 0.0772360 0.0494464 0.0767332 0.0763766 0.0696917 0.0663377 0.1465512 0.0690029 0.0807178 0.0757509 0.0596779 0.0587879 0.0644952 
I0191_344_Indicatoridae_Indicator_exilis                  0.0656418 0.0786314 0.0726701 0.0791468 0.0776568 0.0000000 0.0686858 0.0737463 0.0823820 0.0526450 0.0693305 0.0808883 0.0790578 0.0799061 0.0803412 0.0700072 0.0563819 0.0776816 0.0632989 0.0781782 0.0655331 0.0801237 0.0644224 0.0646739 0.0645359 0.0768338 0.0644484 0.0291760 0.0828032 0.0842965 0.0665535 0.0785845 0.0802894 0.0781370 0.0793905 0.0734517 0.0854284 0.0796980 0.0882649 0.0802066 0.0958143 0.0798971 0.0770951 0.1081760 0.1002161 0.1046326 0.0817099 0.0993390 0.0749718 0.0754665 0.0731111 0.0799803 0.0654891 0.0769466 0.0763952 0.0793521 0.0762642 0.0686138 0.0655611 0.0767847 0.0772072 0.0681940 0.0677083 0.0976592 0.0776842 0.0882782 0.0759346 0.0649667 0.0677029 0.0930295 0.0868239 0.0679509 0.0295773 0.0913791 0.0810549 0.0782598 0.0714201 0.0681440 0.0775292 0.0621491 0.0653339 0.0650067 0.0749675 0.0764631 0.0765590 0.0763491 0.0636066 0.0608698 0.0803716 0.0978331 0.0759643 0.0720042 0.0719954 0.0618052 0.0839918 0.0850645 0.0424644 0.0643028 0.0890053 0.0658261 0.0645089 0.0647397 0.0756068 0.0744281 0.0820510 0.0783016 0.0672030 0.0652434 0.0700688 0.0781434 0.0959470 0.0676220 0.0784054 0.0943452 0.0693114 0.0625280 0.0817074 0.0816532 0.0647749 0.0801754 0.0907499 0.0762137 0.0644930 0.0672450 0.0632450 0.0785331 0.0728338 0.0719729 0.0888938 0.0645712 0.0929544 0.0661965 0.0702349 0.0625975 0.0810693 0.0452522 0.0841107 0.0681910 0.0874546 0.0689700 0.0759719 0.0735856 0.0627746 0.0683833 0.0622020 0.0770419 0.0666168 0.0937731 0.0798268 0.0727445 0.0640570 0.0807934 0.0954879 0.0753781 0.0783581 0.0620586 0.0683176 0.0699639 0.0656397 0.0667144 0.0680553 0.0761936 0.0776686 0.0774599 0.0879276 0.0683848 0.0766549 0.0813057 0.0785802 0.0686575 0.1115680 0.0690535 0.0762626 0.0674958 0.0816799 0.0773037 0.0922202 0.0624510 0.0656057 0.0642339 0.0667229 0.0917115 0.0660484 0.0819977 0.0823993 0.0771368 0.0772794 0.1521730 0.0779783 0.0862334 0.0810890 0.0738552 0.0738023 0.0784993 
I0192_375_Musophagidae_Tauraco_macrorhynchus              0.0328743 0.0542438 0.0439871 0.0540032 0.0531499 0.0686858 0.0000000 0.0425443 0.0609313 0.0830752 0.0198460 0.0584614 0.0532631 0.0588128 0.0535993 0.0396466 0.0243900 0.0533121 0.0297063 0.0533621 0.0350491 0.0562266 0.0330054 0.0329003 0.0315916 0.0452454 0.0334441 0.0705028 0.0627541 0.0661313 0.0363056 0.0509430 0.0524838 0.0523330 0.0533427 0.0454952 0.0649199 0.0531877 0.0612945 0.0535684 0.0690635 0.0533331 0.0505465 0.0853233 0.0674075 0.0786990 0.0628967 0.0775140 0.0514030 0.0484359 0.0428021 0.0546766 0.0320798 0.0496184 0.0499315 0.0541160 0.0454824 0.0384972 0.0330681 0.0520215 0.0511582 0.0374311 0.0359634 0.0710555 0.0515227 0.0603396 0.0467468 0.0322197 0.0384103 0.0671465 0.0587783 0.0412288 0.0718563 0.0608278 0.0550993 0.0505833 0.0392638 0.0371227 0.0502085 0.0424155 0.0337094 0.0350728 0.0471783 0.0517884 0.0578463 0.0598763 0.0307428 0.0276954 0.0569284 0.0717638 0.0495555 0.0443589 0.0400689 0.0299052 0.0541326 0.0553557 0.0761597 0.0314842 0.0612221 0.0348817 0.0332450 0.0324651 0.0438261 0.0533307 0.0550473 0.0467764 0.0384973 0.0341562 0.0384438 0.0493578 0.0686798 0.0370538 0.0488998 0.0664685 0.0351868 0.0295523 0.0587765 0.0513802 0.0322576 0.0590899 0.0609223 0.0463879 0.0303415 0.0358400 0.0315646 0.0565821 0.0442617 0.0431272 0.0587829 0.0312980 0.0726135 0.0364766 0.0438731 0.0295557 0.0481221 0.0785461 0.0573401 0.0375891 0.0617941 0.0377448 0.0475438 0.0406435 0.0305095 0.0358797 0.0291594 0.0472917 0.0354632 0.0693499 0.0561770 0.0408649 0.0317922 0.0567940 0.0666443 0.0511534 0.0513801 0.0289893 0.0339209 0.0376709 0.0340960 0.0342908 0.0363205 0.0481943 0.0495164 0.0476863 0.0601255 0.0388471 0.0466910 0.0552663 0.0539849 0.0373702 0.0845462 0.0366743 0.0443429 0.0359170 0.0587529 0.0554274 0.0643782 0.0311615 0.0337229 0.0304299 0.0362167 0.0608902 0.0340086 0.0636544 0.0632477 0.0556539 0.0523394 0.1375994 0.0559596 0.0677852 0.0625762 0.0437454 0.0470348 0.0521038 
I0193_447_Columbidae_Treron_calvus                        0.0386480 0.0590942 0.0497985 0.0588171 0.0583094 0.0737463 0.0425443 0.0000000 0.0668035 0.0886353 0.0425997 0.0640310 0.0585575 0.0640938 0.0589509 0.0446237 0.0211285 0.0586114 0.0361136 0.0580813 0.0394905 0.0608853 0.0380932 0.0381374 0.0357811 0.0179450 0.0379592 0.0759123 0.0687983 0.0711554 0.0406689 0.0557104 0.0569267 0.0589711 0.0597175 0.0189086 0.0695221 0.0578986 0.0648988 0.0583445 0.0733107 0.0584935 0.0559867 0.0910441 0.0737808 0.0834781 0.0681032 0.0853234 0.0574166 0.0537575 0.0469721 0.0588543 0.0380430 0.0534111 0.0546197 0.0592221 0.0180757 0.0442580 0.0390367 0.0571193 0.0571998 0.0422785 0.0411780 0.0752440 0.0566758 0.0642505 0.0511750 0.0384498 0.0438050 0.0709372 0.0630164 0.0476773 0.0760037 0.0653145 0.0601953 0.0565191 0.0455254 0.0418314 0.0556615 0.0391036 0.0400203 0.0394119 0.0509044 0.0576908 0.0623905 0.0642905 0.0358686 0.0331522 0.0626676 0.0767747 0.0534038 0.0487494 0.0450416 0.0350468 0.0596561 0.0610173 0.0828799 0.0358508 0.0657311 0.0389073 0.0388741 0.0377245 0.0483613 0.0572514 0.0582759 0.0505223 0.0434902 0.0392762 0.0439423 0.0535390 0.0740650 0.0422144 0.0529636 0.0718965 0.0417830 0.0347052 0.0624866 0.0556237 0.0385853 0.0650367 0.0646289 0.0516905 0.0368486 0.0418979 0.0365875 0.0619120 0.0501207 0.0485547 0.0629428 0.0361335 0.0789538 0.0412876 0.0489560 0.0345651 0.0534963 0.0831289 0.0637634 0.0427166 0.0682369 0.0425745 0.0517419 0.0468970 0.0351855 0.0400287 0.0347990 0.0496465 0.0402128 0.0707682 0.0623328 0.0460751 0.0361648 0.0631683 0.0716960 0.0553908 0.0563205 0.0337852 0.0395782 0.0430216 0.0405692 0.0400887 0.0414970 0.0518240 0.0549441 0.0505734 0.0649650 0.0436467 0.0506249 0.0604781 0.0597042 0.0417149 0.0892537 0.0416321 0.0167461 0.0409269 0.0633984 0.0607835 0.0683281 0.0363484 0.0381771 0.0356719 0.0413509 0.0656487 0.0400519 0.0696050 0.0673915 0.0610012 0.0581027 0.1359670 0.0615472 0.0734497 0.0687412 0.0494475 0.0533130 0.0561569 
I0194_495_Alcedinidae_Alcedo_quadribrachys                0.0562946 0.0732442 0.0649057 0.0757371 0.0727663 0.0823820 0.0609313 0.0668035 0.0000000 0.0954124 0.0622579 0.0776817 0.0734574 0.0660681 0.0743618 0.0629420 0.0480949 0.0740885 0.0552075 0.0737829 0.0585028 0.0778607 0.0554857 0.0586106 0.0557763 0.0689569 0.0572396 0.0840849 0.0814127 0.0857056 0.0579630 0.0728861 0.0745382 0.0739801 0.0744210 0.0683881 0.0816441 0.0741297 0.0840718 0.0758424 0.0900833 0.0740156 0.0721652 0.1020116 0.0902623 0.0983576 0.0799251 0.0868462 0.0589615 0.0703574 0.0639237 0.0762966 0.0573071 0.0705829 0.0718179 0.0753551 0.0676922 0.0618111 0.0585250 0.0731748 0.0719740 0.0594488 0.0592429 0.0910594 0.0721540 0.0835153 0.0698027 0.0571692 0.0619239 0.0906921 0.0810187 0.0645808 0.0857118 0.0850234 0.0756624 0.0723377 0.0631324 0.0593082 0.0718182 0.0575516 0.0564478 0.0595498 0.0699301 0.0471566 0.0738780 0.0739645 0.0569870 0.0527236 0.0778976 0.0937165 0.0714586 0.0671361 0.0655546 0.0550219 0.0776217 0.0792943 0.0864916 0.0553522 0.0841306 0.0595772 0.0562051 0.0570609 0.0677951 0.0621652 0.0754747 0.0706371 0.0610858 0.0587210 0.0623059 0.0717040 0.0894090 0.0624972 0.0713109 0.0890530 0.0613560 0.0548204 0.0790543 0.0727941 0.0580837 0.0779790 0.0841517 0.0700861 0.0555395 0.0592140 0.0565504 0.0756750 0.0662259 0.0665632 0.0831655 0.0568508 0.0886641 0.0611262 0.0666244 0.0551450 0.0738354 0.0842280 0.0816673 0.0599489 0.0837183 0.0623510 0.0695288 0.0651988 0.0554202 0.0591623 0.0547924 0.0693183 0.0599053 0.0890147 0.0758171 0.0652932 0.0563760 0.0779825 0.0909860 0.0696526 0.0740000 0.0528342 0.0593728 0.0619686 0.0585794 0.0583611 0.0604484 0.0716202 0.0739147 0.0707576 0.0844056 0.0629317 0.0700512 0.0781615 0.0762599 0.0607302 0.1034642 0.0611735 0.0682595 0.0585613 0.0787249 0.0754845 0.0862491 0.0553667 0.0569570 0.0555907 0.0588330 0.0843428 0.0578524 0.0802573 0.0815746 0.0750158 0.0723672 0.1541441 0.0756942 0.0846756 0.0809219 0.0667652 0.0678730 0.0724290 
I0195_522_Ramphastidae_Buccanodon_duchaillui              0.0803249 0.0915401 0.0896408 0.0961596 0.0905509 0.0526450 0.0830752 0.0886353 0.0954124 0.0000000 0.0835611 0.0982788 0.0948456 0.0918002 0.0971778 0.0842332 0.0711897 0.0931229 0.0789378 0.0938178 0.0810016 0.0985786 0.0798548 0.0803710 0.0794835 0.0914956 0.0798904 0.0552455 0.0997211 0.1036678 0.0831967 0.0934163 0.0952560 0.0934168 0.0952431 0.0883611 0.1033334 0.0969221 0.1025576 0.0960738 0.1108427 0.0951657 0.0925196 0.1236519 0.1106748 0.1192542 0.0999150 0.1112749 0.0895858 0.0924051 0.0880620 0.0972197 0.0795515 0.0930479 0.0915571 0.0967791 0.0926666 0.0841965 0.0795983 0.0918957 0.0950016 0.0836519 0.0826187 0.1117623 0.0936593 0.1043507 0.0924561 0.0799295 0.0833115 0.1077056 0.1017006 0.0838101 0.0559738 0.1062665 0.0985495 0.0936981 0.0858767 0.0830709 0.0941730 0.0732881 0.0801602 0.0810715 0.0924061 0.0906014 0.0893808 0.0892650 0.0791441 0.0766795 0.0960159 0.1124751 0.0917599 0.0880843 0.0879650 0.0764670 0.1001795 0.1008404 0.0337599 0.0802043 0.1055843 0.0820156 0.0800475 0.0805081 0.0903747 0.0868828 0.0968609 0.0926994 0.0833172 0.0815299 0.0854193 0.0942556 0.1103740 0.0840249 0.0941578 0.1096087 0.0845906 0.0779625 0.0982358 0.0954143 0.0806725 0.0977156 0.1056988 0.0921028 0.0806282 0.0829788 0.0785303 0.0957703 0.0892743 0.0884118 0.1039133 0.0808586 0.1027183 0.0828879 0.0864135 0.0774366 0.0967457 0.0420689 0.0999247 0.0835885 0.1037633 0.0848550 0.0907373 0.0876302 0.0783973 0.0828477 0.0776675 0.0923918 0.0828867 0.1099275 0.0924981 0.0876400 0.0800446 0.0940101 0.1108178 0.0929516 0.0939345 0.0772694 0.0833604 0.0845514 0.0794504 0.0815537 0.0837415 0.0934532 0.0945985 0.0938843 0.1023207 0.0832879 0.0926663 0.0969224 0.0946668 0.0826702 0.1220639 0.0841901 0.0907838 0.0817491 0.0984382 0.0950627 0.1055308 0.0791488 0.0813680 0.0801286 0.0801295 0.1054705 0.0816584 0.1006618 0.1011244 0.0963010 0.0930612 0.1675434 0.0956681 0.1043821 0.0998544 0.0894992 0.0902189 0.0944945 
I0196_523_Musophagidae_Corythaeola_cristata               0.0329655 0.0542692 0.0446316 0.0547642 0.0533655 0.0693305 0.0198460 0.0425997 0.0622579 0.0835611 0.0000000 0.0596090 0.0549474 0.0601710 0.0543187 0.0392091 0.0242921 0.0547217 0.0294213 0.0542172 0.0342267 0.0568142 0.0324583 0.0322901 0.0302721 0.0456622 0.0329605 0.0711047 0.0637979 0.0668595 0.0361583 0.0516529 0.0535783 0.0532782 0.0541234 0.0456055 0.0657387 0.0542000 0.0610019 0.0541092 0.0680092 0.0536466 0.0513605 0.0875592 0.0696102 0.0797701 0.0641651 0.0796414 0.0510949 0.0484266 0.0428432 0.0554344 0.0318366 0.0492659 0.0508830 0.0551855 0.0451877 0.0377734 0.0326583 0.0534800 0.0525989 0.0373997 0.0356183 0.0699041 0.0515188 0.0607192 0.0469813 0.0320461 0.0389283 0.0667803 0.0589249 0.0416759 0.0716856 0.0606760 0.0559432 0.0508826 0.0391409 0.0369753 0.0503749 0.0433450 0.0338394 0.0338175 0.0480548 0.0517014 0.0589630 0.0607698 0.0302098 0.0276696 0.0578068 0.0710516 0.0481935 0.0444318 0.0396631 0.0295619 0.0541905 0.0557908 0.0771229 0.0312275 0.0622067 0.0342318 0.0334246 0.0321648 0.0435060 0.0535300 0.0546992 0.0461050 0.0386379 0.0337115 0.0378979 0.0497931 0.0686798 0.0363255 0.0479683 0.0658321 0.0346780 0.0287767 0.0589303 0.0504493 0.0318842 0.0598275 0.0607327 0.0471172 0.0304678 0.0355247 0.0311982 0.0569672 0.0454091 0.0437523 0.0588939 0.0307304 0.0740390 0.0362316 0.0437352 0.0292364 0.0492652 0.0787871 0.0580049 0.0368313 0.0634900 0.0370093 0.0472887 0.0409576 0.0296084 0.0346652 0.0292667 0.0468130 0.0350940 0.0680184 0.0572330 0.0405945 0.0311956 0.0580701 0.0668027 0.0517440 0.0521578 0.0280161 0.0329689 0.0368088 0.0331753 0.0343766 0.0362681 0.0483788 0.0501918 0.0473726 0.0601136 0.0381646 0.0467291 0.0569264 0.0557495 0.0367821 0.0863099 0.0360016 0.0448461 0.0348016 0.0591381 0.0567349 0.0635834 0.0303122 0.0327813 0.0299957 0.0357241 0.0608367 0.0339678 0.0643611 0.0637535 0.0562816 0.0521813 0.1380623 0.0569772 0.0685521 0.0629643 0.0432999 0.0483356 0.0517046 
I0197_832_Corvidae_Corvus_albus                           0.0539679 0.0732244 0.0631317 0.0503119 0.0722281 0.0808883 0.0584614 0.0640310 0.0776817 0.0982788 0.0596090 0.0000000 0.0723629 0.0762250 0.0476411 0.0621396 0.0459147 0.0471978 0.0527075 0.0476440 0.0563936 0.0494594 0.0542409 0.0546897 0.0539167 0.0662647 0.0559673 0.0819290 0.0297334 0.0327808 0.0565379 0.0468037 0.0482518 0.0707922 0.0722598 0.0654191 0.0305886 0.0471728 0.0794137 0.0489050 0.0853267 0.0484332 0.0453881 0.1031140 0.0881943 0.0980338 0.0285043 0.0974013 0.0695642 0.0685984 0.0632375 0.0483306 0.0541294 0.0671417 0.0445048 0.0486121 0.0647002 0.0598735 0.0555657 0.0467885 0.0691986 0.0565971 0.0570353 0.0867549 0.0462513 0.0797809 0.0668274 0.0547548 0.0588933 0.0854193 0.0779231 0.0616230 0.0821669 0.0813159 0.0502616 0.0463389 0.0619970 0.0570727 0.0460782 0.0597546 0.0543878 0.0571774 0.0656886 0.0703338 0.0762529 0.0755013 0.0535790 0.0505180 0.0743908 0.0885524 0.0673846 0.0630035 0.0612607 0.0530446 0.0739512 0.0758582 0.0909302 0.0530837 0.0814319 0.0563983 0.0556256 0.0548304 0.0640287 0.0697144 0.0714909 0.0666550 0.0581711 0.0561752 0.0603841 0.0676582 0.0860387 0.0594048 0.0685563 0.0845642 0.0577416 0.0522917 0.0512538 0.0703313 0.0546256 0.0357372 0.0812419 0.0656598 0.0539365 0.0570653 0.0546327 0.0483729 0.0636408 0.0611571 0.0794202 0.0535519 0.0913276 0.0579975 0.0630253 0.0526260 0.0693753 0.0891344 0.0774092 0.0579160 0.0569310 0.0594935 0.0677281 0.0635780 0.0534516 0.0570172 0.0524195 0.0669674 0.0570477 0.0872177 0.0766086 0.0626418 0.0538322 0.0773462 0.0856284 0.0336613 0.0460846 0.0512530 0.0561714 0.0589105 0.0564935 0.0563807 0.0579321 0.0675096 0.0698491 0.0661874 0.0798174 0.0612069 0.0652995 0.0500823 0.0482646 0.0587561 0.1044076 0.0585568 0.0654064 0.0578427 0.0510368 0.0320130 0.0811041 0.0536169 0.0540949 0.0537540 0.0580956 0.0828331 0.0562318 0.0292302 0.0290856 0.0135933 0.0464611 0.1500821 0.0320121 0.0337107 0.0281199 0.0659333 0.0664136 0.0527390 
I0198_937_Bucerotidae_Tockus_camurus                      0.0489434 0.0642866 0.0585961 0.0687607 0.0656953 0.0790578 0.0532631 0.0585575 0.0734574 0.0948456 0.0549474 0.0723629 0.0000000 0.0692234 0.0673801 0.0575868 0.0404974 0.0677299 0.0470996 0.0670680 0.0505313 0.0708791 0.0478653 0.0488653 0.0476010 0.0616567 0.0495633 0.0806018 0.0761115 0.0789595 0.0513127 0.0646418 0.0663451 0.0668187 0.0674196 0.0606761 0.0780921 0.0665075 0.0753213 0.0675663 0.0818116 0.0674830 0.0648243 0.1009294 0.0833765 0.0943616 0.0755652 0.0853734 0.0611499 0.0624933 0.0577285 0.0697587 0.0490697 0.0636636 0.0642119 0.0675023 0.0608035 0.0539183 0.0494917 0.0658951 0.0654494 0.0523357 0.0505111 0.0834407 0.0666034 0.0750194 0.0623758 0.0499402 0.0543679 0.0820617 0.0736791 0.0577952 0.0831212 0.0775039 0.0695280 0.0653235 0.0547888 0.0522625 0.0655975 0.0539016 0.0494005 0.0508550 0.0619225 0.0637066 0.0678757 0.0710710 0.0471144 0.0440031 0.0696148 0.0853980 0.0644380 0.0589689 0.0562538 0.0470654 0.0687365 0.0713591 0.0887836 0.0484384 0.0768560 0.0505344 0.0486246 0.0495867 0.0599990 0.0607973 0.0693878 0.0632057 0.0517990 0.0507443 0.0540899 0.0639083 0.0821651 0.0530060 0.0625141 0.0802403 0.0535194 0.0467474 0.0724868 0.0666925 0.0495312 0.0725381 0.0774093 0.0609442 0.0465443 0.0522852 0.0480364 0.0711556 0.0581257 0.0584989 0.0753524 0.0480664 0.0802662 0.0521013 0.0593050 0.0471082 0.0650896 0.0882184 0.0740709 0.0536851 0.0766705 0.0540493 0.0634143 0.0567031 0.0470459 0.0508463 0.0471281 0.0621611 0.0521700 0.0833988 0.0730122 0.0567570 0.0491612 0.0744586 0.0825337 0.0639887 0.0657502 0.0459885 0.0505418 0.0531294 0.0500407 0.0497653 0.0537185 0.0633565 0.0657174 0.0630959 0.0750983 0.0563134 0.0624296 0.0698556 0.0686441 0.0546397 0.1010657 0.0523690 0.0600798 0.0498895 0.0731013 0.0695032 0.0773905 0.0476630 0.0485196 0.0473106 0.0515469 0.0774971 0.0492974 0.0772813 0.0767853 0.0692322 0.0665792 0.1457417 0.0699443 0.0816732 0.0755456 0.0605289 0.0270836 0.0654949 
I0199_955_Meropidae_Merops_muelleri                       0.0541550 0.0712976 0.0647191 0.0718095 0.0702499 0.0799061 0.0588128 0.0640938 0.0660681 0.0918002 0.0601710 0.0762250 0.0692234 0.0000000 0.0725186 0.0622126 0.0451523 0.0710459 0.0536205 0.0702472 0.0574606 0.0740516 0.0535391 0.0548916 0.0527989 0.0677045 0.0552749 0.0800747 0.0793931 0.0822407 0.0574340 0.0692381 0.0702651 0.0701212 0.0718459 0.0669989 0.0810506 0.0715047 0.0813174 0.0705213 0.0888581 0.0710322 0.0684637 0.1016693 0.0883274 0.0985308 0.0785289 0.0871110 0.0629694 0.0692573 0.0630995 0.0725820 0.0553345 0.0702364 0.0677867 0.0726598 0.0666137 0.0597379 0.0557428 0.0690943 0.0708568 0.0581003 0.0577181 0.0898721 0.0684657 0.0790882 0.0688868 0.0553193 0.0598713 0.0857047 0.0797543 0.0613327 0.0809593 0.0851588 0.0728655 0.0687751 0.0613231 0.0582382 0.0680514 0.0575325 0.0554062 0.0574202 0.0684789 0.0624007 0.0703171 0.0712381 0.0542634 0.0496017 0.0745395 0.0910578 0.0694430 0.0657423 0.0621864 0.0536516 0.0760107 0.0764541 0.0870551 0.0544753 0.0810756 0.0566299 0.0543493 0.0556342 0.0643282 0.0601227 0.0759976 0.0669093 0.0579741 0.0568665 0.0616622 0.0710802 0.0890833 0.0593992 0.0709697 0.0874861 0.0587868 0.0514814 0.0761431 0.0712071 0.0553159 0.0761783 0.0843211 0.0689352 0.0529538 0.0585351 0.0543740 0.0731296 0.0659696 0.0648630 0.0839018 0.0544726 0.0864083 0.0592655 0.0643906 0.0524953 0.0703969 0.0852296 0.0801684 0.0596326 0.0792177 0.0605230 0.0675239 0.0642781 0.0534025 0.0580217 0.0525756 0.0668579 0.0583868 0.0888813 0.0738967 0.0637425 0.0548495 0.0754723 0.0905284 0.0678534 0.0693486 0.0521946 0.0566876 0.0601961 0.0561200 0.0549347 0.0585436 0.0703866 0.0728058 0.0683231 0.0806857 0.0614289 0.0681045 0.0738381 0.0717251 0.0594910 0.1045321 0.0594673 0.0664613 0.0565018 0.0762910 0.0709491 0.0844471 0.0537859 0.0554967 0.0538234 0.0570553 0.0840611 0.0555071 0.0778990 0.0801339 0.0730921 0.0694530 0.1542309 0.0711248 0.0840316 0.0783294 0.0665784 0.0636291 0.0711395 
I0200_988_Furnariidae_Furnarius_rufus                     0.0491124 0.0684714 0.0581244 0.0394018 0.0682523 0.0803412 0.0535993 0.0589509 0.0743618 0.0971778 0.0543187 0.0476411 0.0673801 0.0725186 0.0000000 0.0571804 0.0409475 0.0361477 0.0474525 0.0355860 0.0511755 0.0309418 0.0474979 0.0490621 0.0477702 0.0618588 0.0493787 0.0819692 0.0516455 0.0552380 0.0514791 0.0330438 0.0352035 0.0639757 0.0655227 0.0607901 0.0535157 0.0156708 0.0740193 0.0348772 0.0798199 0.0355010 0.0319261 0.0986334 0.0822812 0.0922469 0.0516085 0.0927512 0.0657917 0.0631244 0.0573674 0.0293267 0.0497148 0.0614474 0.0320928 0.0151008 0.0609379 0.0540450 0.0505617 0.0356048 0.0646770 0.0515891 0.0518127 0.0821160 0.0332836 0.0746692 0.0612325 0.0495500 0.0540952 0.0808414 0.0718470 0.0566856 0.0803590 0.0753551 0.0302645 0.0328885 0.0562598 0.0513225 0.0328314 0.0552959 0.0499317 0.0521719 0.0594413 0.0670748 0.0708615 0.0716558 0.0488965 0.0452799 0.0684777 0.0837935 0.0643186 0.0568671 0.0570608 0.0486931 0.0673328 0.0703552 0.0907442 0.0483997 0.0751837 0.0504689 0.0498138 0.0504410 0.0589069 0.0666377 0.0662370 0.0619386 0.0550785 0.0502625 0.0552785 0.0610310 0.0810527 0.0536064 0.0630877 0.0803446 0.0522937 0.0471010 0.0324781 0.0656828 0.0491085 0.0483564 0.0750253 0.0595035 0.0477352 0.0519243 0.0499007 0.0407634 0.0592033 0.0556604 0.0739012 0.0490300 0.0867136 0.0530487 0.0583330 0.0485121 0.0641451 0.0902129 0.0720632 0.0527807 0.0467678 0.0550803 0.0634236 0.0586070 0.0488608 0.0521911 0.0484175 0.0620556 0.0520124 0.0814692 0.0705662 0.0573827 0.0497233 0.0724879 0.0800166 0.0416859 0.0332867 0.0474317 0.0511846 0.0534077 0.0520300 0.0502470 0.0530479 0.0627872 0.0648852 0.0623020 0.0731050 0.0554331 0.0614245 0.0288193 0.0365726 0.0540398 0.0995395 0.0532873 0.0612248 0.0518554 0.0423166 0.0447330 0.0768354 0.0484784 0.0482752 0.0486076 0.0524825 0.0766242 0.0506993 0.0524227 0.0523757 0.0450943 0.0372238 0.1409433 0.0449300 0.0569338 0.0515747 0.0602340 0.0624979 0.0465962 
I0201_999_Scolopacidae_Tringa_solitaria                   0.0342416 0.0568304 0.0463858 0.0567793 0.0549171 0.0700072 0.0396466 0.0446237 0.0629420 0.0842332 0.0392091 0.0621396 0.0575868 0.0622126 0.0571804 0.0000000 0.0264774 0.0572419 0.0326371 0.0563107 0.0285228 0.0594468 0.0348666 0.0286488 0.0323588 0.0481869 0.0296594 0.0719419 0.0659431 0.0698952 0.0385202 0.0536873 0.0556545 0.0547350 0.0556831 0.0469332 0.0676561 0.0567189 0.0632192 0.0571778 0.0699548 0.0558019 0.0543673 0.0879710 0.0717822 0.0816076 0.0660303 0.0798387 0.0544974 0.0519450 0.0440299 0.0575764 0.0335251 0.0511668 0.0532308 0.0578951 0.0473309 0.0400009 0.0342260 0.0561031 0.0535492 0.0398673 0.0375435 0.0707917 0.0543080 0.0607712 0.0480544 0.0340945 0.0409726 0.0692980 0.0594018 0.0433599 0.0723844 0.0620212 0.0592124 0.0545955 0.0418357 0.0392943 0.0536237 0.0448386 0.0350199 0.0281921 0.0503918 0.0543216 0.0604016 0.0615586 0.0330835 0.0299295 0.0594853 0.0719793 0.0323817 0.0465998 0.0421789 0.0302492 0.0556171 0.0565152 0.0785173 0.0319155 0.0623901 0.0298807 0.0347441 0.0329129 0.0451170 0.0557166 0.0565536 0.0478570 0.0404013 0.0301392 0.0401143 0.0520838 0.0707012 0.0385919 0.0487176 0.0673442 0.0379639 0.0308289 0.0621477 0.0521247 0.0341007 0.0618521 0.0614715 0.0497119 0.0324064 0.0373837 0.0319122 0.0596935 0.0465672 0.0460967 0.0598379 0.0330632 0.0743061 0.0302546 0.0460188 0.0300704 0.0497465 0.0792703 0.0609235 0.0384539 0.0657838 0.0308204 0.0307738 0.0426757 0.0306999 0.0365746 0.0306164 0.0489206 0.0296832 0.0629444 0.0590016 0.0429655 0.0316744 0.0607582 0.0673778 0.0530675 0.0552400 0.0296114 0.0364425 0.0389091 0.0349977 0.0357951 0.0387611 0.0505002 0.0523814 0.0497116 0.0628305 0.0117617 0.0491259 0.0601146 0.0582126 0.0130540 0.0862471 0.0375548 0.0463101 0.0368006 0.0625273 0.0578030 0.0653551 0.0337417 0.0346279 0.0316592 0.0374209 0.0629778 0.0356756 0.0675869 0.0662291 0.0591854 0.0548659 0.1350210 0.0581882 0.0712200 0.0660273 0.0294935 0.0500056 0.0539828 
I0202_1066_Cathartidae_Cathartes_burrovianus              0.0178177 0.0408053 0.0305102 0.0415157 0.0406567 0.0563819 0.0243900 0.0211285 0.0480949 0.0711897 0.0242921 0.0459147 0.0404974 0.0451523 0.0409475 0.0264774 0.0000000 0.0406741 0.0170997 0.0399347 0.0211251 0.0436504 0.0183120 0.0188211 0.0170057 0.0278269 0.0198191 0.0587521 0.0503143 0.0527994 0.0215306 0.0376417 0.0394564 0.0401260 0.0412808 0.0272484 0.0514482 0.0404075 0.0478944 0.0405778 0.0565598 0.0401215 0.0377613 0.0739546 0.0567519 0.0677078 0.0504831 0.0653649 0.0380697 0.0365503 0.0281109 0.0417600 0.0179853 0.0353340 0.0371255 0.0411116 0.0268213 0.0250926 0.0201318 0.0394616 0.0386888 0.0224893 0.0218615 0.0577261 0.0382061 0.0465098 0.0330645 0.0191060 0.0259692 0.0541487 0.0446748 0.0287630 0.0596836 0.0478348 0.0427942 0.0382420 0.0268137 0.0223306 0.0371159 0.0298406 0.0191355 0.0211469 0.0335711 0.0388106 0.0436049 0.0472164 0.0173489 0.0031947 0.0450643 0.0592441 0.0353073 0.0308967 0.0276430 0.0169954 0.0413893 0.0421408 0.0637692 0.0180150 0.0478860 0.0204663 0.0182120 0.0195501 0.0306267 0.0396630 0.0426784 0.0339347 0.0241035 0.0203981 0.0245450 0.0356250 0.0572532 0.0236296 0.0346731 0.0549116 0.0231727 0.0156613 0.0450671 0.0384672 0.0189049 0.0466683 0.0471131 0.0335477 0.0170107 0.0214071 0.0181596 0.0438099 0.0313412 0.0300642 0.0457086 0.0177057 0.0588389 0.0228005 0.0303764 0.0163022 0.0355254 0.0658715 0.0467901 0.0239570 0.0493410 0.0245206 0.0341754 0.0286549 0.0164791 0.0219688 0.0163170 0.0345839 0.0216537 0.0545560 0.0441039 0.0287650 0.0188658 0.0454768 0.0539726 0.0372080 0.0386808 0.0154858 0.0203771 0.0239205 0.0202744 0.0197387 0.0233455 0.0349520 0.0373173 0.0351191 0.0478012 0.0257088 0.0350905 0.0437137 0.0417583 0.0237164 0.0725568 0.0230171 0.0262849 0.0223708 0.0459464 0.0420920 0.0515297 0.0170896 0.0185751 0.0169302 0.0216076 0.0484252 0.0199599 0.0515863 0.0503744 0.0431793 0.0386659 0.1225003 0.0425001 0.0547970 0.0503331 0.0309872 0.0333408 0.0378110 
I0203_1087_Tyrannidae_Hymenops_perspicillatus             0.0492556 0.0669387 0.0592860 0.0399835 0.0669183 0.0776816 0.0533121 0.0586114 0.0740885 0.0931229 0.0547217 0.0471978 0.0677299 0.0710459 0.0361477 0.0572419 0.0406741 0.0000000 0.0483332 0.0130772 0.0524437 0.0385696 0.0483321 0.0506338 0.0490028 0.0614247 0.0510561 0.0787729 0.0514247 0.0536578 0.0520052 0.0217362 0.0222931 0.0665278 0.0683565 0.0614098 0.0531411 0.0353833 0.0738618 0.0215618 0.0806333 0.0198001 0.0204209 0.0964879 0.0819247 0.0918432 0.0506439 0.0917465 0.0646470 0.0649946 0.0579052 0.0373341 0.0498789 0.0616733 0.0207003 0.0367799 0.0611286 0.0546544 0.0510029 0.0100817 0.0645219 0.0522228 0.0515081 0.0824479 0.0204207 0.0739795 0.0623809 0.0488357 0.0538524 0.0815242 0.0729464 0.0566838 0.0773292 0.0761812 0.0378917 0.0204205 0.0566949 0.0517980 0.0209664 0.0566161 0.0498288 0.0526883 0.0598557 0.0673573 0.0721048 0.0728457 0.0488361 0.0444230 0.0698267 0.0845221 0.0636645 0.0568426 0.0569721 0.0483594 0.0686071 0.0702519 0.0877133 0.0492477 0.0746891 0.0518200 0.0504981 0.0508678 0.0604832 0.0658401 0.0654881 0.0635854 0.0550432 0.0513902 0.0553500 0.0617808 0.0819627 0.0549607 0.0637876 0.0811460 0.0528193 0.0478433 0.0391468 0.0661231 0.0498034 0.0467160 0.0757690 0.0600042 0.0484689 0.0521443 0.0493656 0.0409914 0.0595614 0.0557417 0.0740970 0.0487991 0.0868981 0.0540050 0.0579071 0.0480459 0.0655051 0.0863840 0.0728696 0.0531716 0.0474753 0.0555186 0.0634805 0.0596159 0.0483111 0.0529867 0.0478394 0.0620102 0.0527649 0.0835293 0.0699568 0.0576985 0.0497109 0.0710153 0.0811578 0.0408650 0.0217933 0.0469286 0.0520059 0.0548246 0.0519516 0.0509511 0.0537996 0.0621693 0.0657270 0.0618535 0.0734348 0.0556025 0.0610355 0.0380765 0.0119125 0.0539210 0.0981617 0.0539211 0.0601904 0.0516128 0.0435074 0.0427730 0.0777668 0.0477167 0.0493355 0.0488989 0.0527717 0.0778098 0.0513944 0.0512834 0.0516277 0.0441087 0.0374048 0.1448761 0.0428707 0.0550746 0.0515397 0.0612836 0.0622313 0.0477754 
I0204_1174_Threskiornithidae_Harpiprion_caerulescens      0.0249368 0.0472842 0.0370741 0.0485644 0.0470396 0.0632989 0.0297063 0.0361136 0.0552075 0.0789378 0.0294213 0.0527075 0.0470996 0.0536205 0.0474525 0.0326371 0.0170997 0.0483332 0.0000000 0.0478228 0.0268981 0.0511806 0.0250621 0.0237267 0.0219708 0.0392374 0.0249493 0.0652691 0.0574071 0.0605221 0.0283457 0.0454861 0.0474393 0.0455255 0.0468488 0.0392138 0.0586093 0.0474250 0.0538096 0.0483766 0.0614623 0.0477038 0.0451008 0.0801073 0.0579222 0.0728185 0.0574878 0.0728648 0.0448840 0.0424322 0.0349570 0.0491084 0.0221722 0.0421328 0.0445972 0.0488102 0.0383670 0.0308133 0.0231703 0.0473535 0.0452813 0.0292799 0.0277589 0.0631629 0.0459187 0.0532907 0.0384122 0.0232480 0.0320382 0.0614767 0.0510389 0.0352526 0.0667312 0.0534383 0.0497882 0.0456257 0.0326311 0.0292174 0.0450326 0.0362455 0.0261463 0.0268935 0.0405472 0.0456333 0.0505258 0.0538054 0.0206649 0.0199190 0.0506005 0.0641937 0.0412860 0.0373133 0.0332208 0.0206202 0.0467264 0.0485793 0.0719481 0.0231111 0.0543205 0.0260881 0.0257203 0.0235330 0.0356941 0.0461253 0.0481964 0.0391947 0.0309794 0.0259294 0.0305411 0.0425251 0.0621934 0.0277214 0.0407181 0.0594539 0.0272049 0.0202612 0.0528482 0.0436385 0.0231739 0.0542928 0.0527077 0.0402642 0.0207172 0.0286656 0.0221388 0.0511475 0.0373979 0.0366370 0.0507248 0.0217951 0.0670681 0.0286063 0.0365663 0.0204750 0.0410313 0.0719661 0.0519860 0.0291483 0.0574620 0.0300356 0.0395666 0.0336171 0.0209228 0.0278733 0.0203484 0.0397000 0.0274127 0.0620950 0.0509608 0.0339651 0.0227395 0.0511984 0.0595056 0.0449991 0.0460618 0.0189030 0.0243733 0.0290840 0.0238888 0.0264351 0.0286081 0.0409703 0.0433206 0.0401725 0.0535329 0.0321684 0.0402264 0.0501640 0.0495016 0.0303609 0.0792447 0.0289038 0.0380270 0.0280749 0.0535249 0.0495453 0.0557593 0.0230341 0.0252843 0.0210796 0.0277179 0.0539343 0.0262143 0.0592331 0.0564843 0.0503933 0.0465716 0.1300029 0.0497488 0.0634651 0.0574560 0.0367336 0.0404421 0.0450671 
I0205_1183_Tyrannidae_Hirundinea_ferruginea               0.0489896 0.0661491 0.0579710 0.0393296 0.0659789 0.0781782 0.0533621 0.0580813 0.0737829 0.0938178 0.0542172 0.0476440 0.0670680 0.0702472 0.0355860 0.0563107 0.0399347 0.0130772 0.0478228 0.0000000 0.0514951 0.0380063 0.0476847 0.0493467 0.0483048 0.0607262 0.0497381 0.0787115 0.0520631 0.0538826 0.0512327 0.0208215 0.0219565 0.0657209 0.0670022 0.0603237 0.0541478 0.0349378 0.0728478 0.0206606 0.0791062 0.0197711 0.0201346 0.0960272 0.0805427 0.0902938 0.0519069 0.0916688 0.0639672 0.0635348 0.0565716 0.0373089 0.0489232 0.0602901 0.0200867 0.0359062 0.0607702 0.0531191 0.0498774 0.0134366 0.0642976 0.0510977 0.0508115 0.0814030 0.0205566 0.0732624 0.0615131 0.0487897 0.0537908 0.0792866 0.0719905 0.0557839 0.0782993 0.0752541 0.0379346 0.0204587 0.0552552 0.0510986 0.0206395 0.0553233 0.0495907 0.0516477 0.0589241 0.0656313 0.0709239 0.0720847 0.0485043 0.0434105 0.0685946 0.0835489 0.0628230 0.0558539 0.0557331 0.0471438 0.0680823 0.0692231 0.0883626 0.0484256 0.0741006 0.0504497 0.0495896 0.0493488 0.0595372 0.0655441 0.0648159 0.0623355 0.0534455 0.0496922 0.0539813 0.0608076 0.0804874 0.0540978 0.0628196 0.0799714 0.0525488 0.0469175 0.0393864 0.0651816 0.0487696 0.0475181 0.0745550 0.0591178 0.0479076 0.0518659 0.0488165 0.0405889 0.0584940 0.0547291 0.0731333 0.0478511 0.0862339 0.0529164 0.0572161 0.0475523 0.0649443 0.0875858 0.0708292 0.0524560 0.0470161 0.0551075 0.0628793 0.0583638 0.0474038 0.0518532 0.0473682 0.0612366 0.0523227 0.0817781 0.0693550 0.0570789 0.0488786 0.0701592 0.0803061 0.0409689 0.0212429 0.0462480 0.0511781 0.0534423 0.0506142 0.0500950 0.0523740 0.0610912 0.0642426 0.0608487 0.0726436 0.0551159 0.0606796 0.0375860 0.0141397 0.0538507 0.0963480 0.0526673 0.0594524 0.0508071 0.0428522 0.0434398 0.0764415 0.0464249 0.0488220 0.0482327 0.0515693 0.0772138 0.0506438 0.0524439 0.0516871 0.0452332 0.0368334 0.1428599 0.0435100 0.0560106 0.0518777 0.0609202 0.0614725 0.0478205 
