35
Burramyidae_Burramys_parvus                  0.0000000 0.0316405 0.0334450 0.0351307 0.0384698 0.0360866 0.0288826 0.0383895 0.0455295 0.0366905 0.0380378 0.0438844 0.0327491 0.0333493 0.0371881 0.0388112 0.0393082 0.0491863 0.0337033 0.0356377 0.0302991 0.0354386 0.0365634 0.0381375 0.0397213 0.0337768 0.0351487 0.0374423 0.0379521 0.0384106 0.0375507 0.0485901 0.0381333 0.0473436 0.1049399 
Vombatidae_Lasiorhinus_latifrons             0.0316405 0.0000000 0.0287295 0.0297882 0.0297158 0.0328931 0.0261792 0.0365634 0.0382916 0.0342212 0.0282004 0.0353062 0.0285470 0.0305649 0.0277408 0.0302786 0.0327425 0.0407620 0.0290856 0.0309398 0.0259529 0.0291928 0.0271393 0.0341623 0.0280784 0.0287456 0.0320348 0.0358619 0.0342422 0.0340046 0.0335664 0.0407786 0.0294086 0.0393712 0.0784107 
Potoroidae_Bettongia_penicillata             0.0334450 0.0287295 0.0000000 0.0023179 0.0350822 0.0343245 0.0267751 0.0110706 0.0444624 0.0334703 0.0350091 0.0375543 0.0295220 0.0301885 0.0345406 0.0364729 0.0360397 0.0469104 0.0131676 0.0308190 0.0277924 0.0327372 0.0339345 0.0239610 0.0353198 0.0307695 0.0150480 0.0354878 0.0356798 0.0321754 0.0334612 0.0447487 0.0354889 0.0454751 0.1053188 
Potoroidae_Bettongia_lesueur                 0.0351307 0.0297882 0.0023179 0.0000000 0.0360570 0.0349338 0.0271370 0.0126069 0.0464630 0.0341261 0.0352661 0.0377807 0.0301958 0.0311954 0.0348023 0.0370825 0.0371982 0.0484752 0.0140207 0.0321883 0.0300576 0.0348316 0.0345477 0.0247983 0.0371340 0.0314418 0.0159284 0.0369402 0.0370037 0.0328052 0.0340905 0.0467314 0.0360995 0.0474121 0.1053484 
Dasyuridae_Dasyurus_maculatus                0.0384698 0.0297158 0.0350822 0.0360570 0.0000000 0.0396134 0.0331875 0.0433030 0.0422159 0.0382456 0.0082724 0.0139843 0.0337676 0.0361131 0.0082576 0.0046599 0.0108929 0.0431403 0.0364488 0.0372389 0.0296486 0.0318448 0.0056113 0.0415897 0.0316969 0.0347646 0.0373606 0.0407785 0.0407270 0.0384983 0.0384520 0.0412818 0.0029401 0.0428484 0.0838445 
Phalangeridae_Trichosurus_vulpecula          0.0360866 0.0328931 0.0343245 0.0349338 0.0396134 0.0000000 0.0205190 0.0400188 0.0480426 0.0163634 0.0384928 0.0446378 0.0175191 0.0342115 0.0387197 0.0395961 0.0402789 0.0507619 0.0346118 0.0360322 0.0301946 0.0377197 0.0373868 0.0400906 0.0373864 0.0357552 0.0357397 0.0355291 0.0414370 0.0351547 0.0164308 0.0490773 0.0392939 0.0508292 0.1184541 
Phalangeridae_Spilocuscus_maculatus          0.0288826 0.0261792 0.0267751 0.0271370 0.0331875 0.0205190 0.0000000 0.0324855 0.0409804 0.0201080 0.0316373 0.0381503 0.0131451 0.0260921 0.0315553 0.0330281 0.0359470 0.0433641 0.0278568 0.0308059 0.0265423 0.0312149 0.0298412 0.0318034 0.0301231 0.0281420 0.0283175 0.0341182 0.0326646 0.0298450 0.0190467 0.0410653 0.0321409 0.0415723 0.0952209 
Potoroidae_Aepyprymnus_rufescens             0.0383895 0.0365634 0.0110706 0.0126069 0.0433030 0.0400188 0.0324855 0.0000000 0.0525812 0.0390092 0.0421896 0.0447385 0.0359271 0.0377194 0.0409691 0.0441001 0.0405321 0.0555701 0.0191190 0.0400926 0.0342559 0.0406194 0.0410968 0.0255101 0.0422751 0.0386793 0.0135244 0.0444020 0.0413961 0.0407861 0.0391347 0.0535948 0.0429875 0.0538274 0.1184081 
Peramelidae_Perameles_nasuta                 0.0455295 0.0382916 0.0444624 0.0464630 0.0422159 0.0480426 0.0409804 0.0525812 0.0000000 0.0479618 0.0423532 0.0484183 0.0456035 0.0434274 0.0424325 0.0421450 0.0476852 0.0053605 0.0476177 0.0435620 0.0359710 0.0431656 0.0410376 0.0536081 0.0446212 0.0436727 0.0500179 0.0462670 0.0459326 0.0452900 0.0498061 0.0050923 0.0415164 0.0000010 0.1028559 
Phalangeridae_Strigocuscus_pelengensis       0.0366905 0.0342212 0.0334703 0.0341261 0.0382456 0.0163634 0.0201080 0.0390092 0.0479618 0.0000000 0.0355197 0.0430353 0.0124752 0.0332979 0.0365263 0.0361050 0.0389699 0.0523587 0.0341485 0.0352448 0.0282191 0.0369326 0.0351626 0.0392233 0.0366949 0.0341215 0.0349817 0.0351344 0.0398491 0.0353247 0.0082344 0.0481364 0.0371527 0.0509361 0.1182155 
Dasyuridae_Phascogale_tapoatafa              0.0380378 0.0282004 0.0350091 0.0352661 0.0082724 0.0384928 0.0316373 0.0421896 0.0423532 0.0355197 0.0000000 0.0137420 0.0329583 0.0342557 0.0013152 0.0084040 0.0096375 0.0446245 0.0356596 0.0361173 0.0283552 0.0310500 0.0039789 0.0403587 0.0316047 0.0336141 0.0365634 0.0401072 0.0369557 0.0358302 0.0372973 0.0429500 0.0072768 0.0435701 0.0897585 
Dasyuridae_Sminthopsis_macroura              0.0438844 0.0353062 0.0375543 0.0377807 0.0139843 0.0446378 0.0381503 0.0447385 0.0484183 0.0430353 0.0137420 0.0000000 0.0387199 0.0385100 0.0137169 0.0131800 0.0126928 0.0500919 0.0396313 0.0426034 0.0332433 0.0345479 0.0120615 0.0453831 0.0365102 0.0394328 0.0402170 0.0425595 0.0443599 0.0424373 0.0427056 0.0483232 0.0126329 0.0498052 0.0996345 
Phalangeridae_Phalanger_orientalis           0.0327491 0.0285470 0.0295220 0.0301958 0.0337676 0.0175191 0.0131451 0.0359271 0.0456035 0.0124752 0.0329583 0.0387199 0.0000000 0.0298538 0.0328410 0.0336505 0.0368241 0.0487711 0.0305783 0.0320341 0.0252428 0.0325023 0.0311454 0.0335765 0.0319306 0.0312396 0.0310378 0.0370577 0.0354096 0.0336292 0.0089761 0.0466359 0.0327245 0.0466095 0.1048335 
Acrobatidae_Acrobates_pygmaeus               0.0333493 0.0305649 0.0301885 0.0311954 0.0361131 0.0342115 0.0260921 0.0377194 0.0434274 0.0332979 0.0342557 0.0385100 0.0298538 0.0000000 0.0345207 0.0360370 0.0368182 0.0473752 0.0322474 0.0296902 0.0335489 0.0347896 0.0331715 0.0361040 0.0371521 0.0274720 0.0331379 0.0316419 0.0323060 0.0241830 0.0348358 0.0467233 0.0350623 0.0455953 0.0971550 
Dasyuridae_Phascogale_calura                 0.0371881 0.0277408 0.0345406 0.0348023 0.0082576 0.0387197 0.0315553 0.0409691 0.0424325 0.0365263 0.0013152 0.0137169 0.0328410 0.0345207 0.0000000 0.0083991 0.0096463 0.0441417 0.0348371 0.0363740 0.0282434 0.0313188 0.0039727 0.0398823 0.0318650 0.0335140 0.0361005 0.0410175 0.0372484 0.0364998 0.0375600 0.0430309 0.0072639 0.0431061 0.0870629 
Dasyuridae_Sarcophilus_harrisii              0.0388112 0.0302786 0.0364729 0.0370825 0.0046599 0.0395961 0.0330281 0.0441001 0.0421450 0.0361050 0.0084040 0.0131800 0.0336505 0.0360370 0.0083991 0.0000000 0.0101243 0.0449637 0.0374831 0.0368142 0.0290513 0.0302283 0.0057106 0.0417088 0.0303284 0.0342938 0.0376710 0.0404413 0.0406787 0.0391872 0.0380374 0.0423530 0.0036598 0.0440162 0.0847816 
Dasyuridae_Planigale_tenuirostris            0.0393082 0.0327425 0.0360397 0.0371982 0.0108929 0.0402789 0.0359470 0.0405321 0.0476852 0.0389699 0.0096375 0.0126928 0.0368241 0.0368182 0.0096463 0.0101243 0.0000000 0.0500578 0.0350033 0.0401669 0.0291620 0.0340322 0.0092407 0.0422010 0.0347585 0.0383982 0.0385444 0.0442812 0.0444045 0.0391772 0.0406226 0.0497146 0.0100444 0.0478179 0.1006218 
Peramelidae_Echymipera_kalubu                0.0491863 0.0407620 0.0469104 0.0484752 0.0431403 0.0507619 0.0433641 0.0555701 0.0053605 0.0523587 0.0446245 0.0500919 0.0487711 0.0473752 0.0441417 0.0449637 0.0500578 0.0000000 0.0488191 0.0455982 0.0398270 0.0463458 0.0427314 0.0539341 0.0456359 0.0465355 0.0507933 0.0494590 0.0502936 0.0516764 0.0536817 0.0053913 0.0431762 0.0055935 0.1015183 
Macropodidae_Dorcopsulus_vanheurni           0.0337033 0.0290856 0.0131676 0.0140207 0.0364488 0.0346118 0.0278568 0.0191190 0.0476177 0.0341485 0.0356596 0.0396313 0.0305783 0.0322474 0.0348371 0.0374831 0.0350033 0.0488191 0.0000000 0.0354982 0.0269877 0.0334003 0.0345825 0.0252050 0.0356052 0.0318482 0.0131595 0.0389136 0.0378042 0.0331610 0.0351944 0.0486590 0.0364918 0.0489394 0.0944947 
Pseudochiridae_Pseudochirulus_forbesi        0.0356377 0.0309398 0.0308190 0.0321883 0.0372389 0.0360322 0.0308059 0.0400926 0.0435620 0.0352448 0.0361173 0.0426034 0.0320341 0.0296902 0.0363740 0.0368142 0.0401669 0.0455982 0.0354982 0.0000000 0.0326883 0.0348801 0.0350161 0.0386979 0.0380101 0.0183384 0.0355819 0.0121619 0.0302191 0.0335227 0.0367300 0.0449213 0.0365572 0.0441693 0.1147735 
Didelphidae_Didelphis_virginiana             0.0302991 0.0259529 0.0277924 0.0300576 0.0296486 0.0301946 0.0265423 0.0342559 0.0359710 0.0282191 0.0283552 0.0332433 0.0252428 0.0335489 0.0282434 0.0290513 0.0291620 0.0398270 0.0269877 0.0326883 0.0000000 0.0099658 0.0279193 0.0324178 0.0287683 0.0304539 0.0283700 0.0349300 0.0348444 0.0373356 0.0290489 0.0393630 0.0281645 0.0379333 0.0745897 
Marmosidae_Monodelphis_domestica             0.0354386 0.0291928 0.0327372 0.0348316 0.0318448 0.0377197 0.0312149 0.0406194 0.0431656 0.0369326 0.0310500 0.0345479 0.0325023 0.0347896 0.0313188 0.0302283 0.0340322 0.0463458 0.0334003 0.0348801 0.0099658 0.0000000 0.0292392 0.0399603 0.0310880 0.0319679 0.0335193 0.0386085 0.0383204 0.0387750 0.0357662 0.0445286 0.0315238 0.0437998 0.0869952 
Dasyuridae_Antechinus_stuartii               0.0365634 0.0271393 0.0339345 0.0345477 0.0056113 0.0373868 0.0298412 0.0410968 0.0410376 0.0351626 0.0039789 0.0120615 0.0311454 0.0331715 0.0039727 0.0057106 0.0092407 0.0427314 0.0345825 0.0350161 0.0279193 0.0292392 0.0000000 0.0392761 0.0299594 0.0320932 0.0357798 0.0391043 0.0372888 0.0359091 0.0358374 0.0415576 0.0046177 0.0420751 0.0795832 
Hypsiprymnodontidae_Hypsiprymnodon_moschatus 0.0381375 0.0341623 0.0239610 0.0247983 0.0415897 0.0400906 0.0318034 0.0255101 0.0536081 0.0392233 0.0403587 0.0453831 0.0335765 0.0361040 0.0398823 0.0417088 0.0422010 0.0539341 0.0252050 0.0386979 0.0324178 0.0399603 0.0392761 0.0000000 0.0431587 0.0391295 0.0221610 0.0456672 0.0415372 0.0378438 0.0392690 0.0539196 0.0412590 0.0545510 0.1192098 
Microbiotheriidae_Dromiciops_gliroides       0.0397213 0.0280784 0.0353198 0.0371340 0.0316969 0.0373864 0.0301231 0.0422751 0.0446212 0.0366949 0.0316047 0.0365102 0.0319306 0.0371521 0.0318650 0.0303284 0.0347585 0.0456359 0.0356052 0.0380101 0.0287683 0.0310880 0.0299594 0.0431587 0.0000000 0.0362746 0.0390052 0.0438782 0.0434791 0.0430081 0.0373619 0.0448431 0.0313338 0.0453480 0.0960810 
Pseudochiridae_Petauroides_volans            0.0337768 0.0287456 0.0307695 0.0314418 0.0347646 0.0357552 0.0281420 0.0386793 0.0436727 0.0341215 0.0336141 0.0394328 0.0312396 0.0274720 0.0335140 0.0342938 0.0383982 0.0465355 0.0318482 0.0183384 0.0304539 0.0319679 0.0320932 0.0391295 0.0362746 0.0000000 0.0333745 0.0224596 0.0285456 0.0305802 0.0359934 0.0450324 0.0340763 0.0443463 0.1060688 
Macropodidae_Wallabia_bicolor                0.0351487 0.0320348 0.0150480 0.0159284 0.0373606 0.0357397 0.0283175 0.0135244 0.0500179 0.0349817 0.0365634 0.0402170 0.0310378 0.0331379 0.0361005 0.0376710 0.0385444 0.0507933 0.0131595 0.0355819 0.0283700 0.0335193 0.0357798 0.0221610 0.0390052 0.0333745 0.0000000 0.0403461 0.0395109 0.0351693 0.0349956 0.0506474 0.0370244 0.0509047 0.1091095 
Pseudochiridae_Pseudocheirus_occidentalis    0.0374423 0.0358619 0.0354878 0.0369402 0.0407785 0.0355291 0.0341182 0.0444020 0.0462670 0.0351344 0.0401072 0.0425595 0.0370577 0.0316419 0.0410175 0.0404413 0.0442812 0.0494590 0.0389136 0.0121619 0.0349300 0.0386085 0.0391043 0.0456672 0.0438782 0.0224596 0.0403461 0.0000000 0.0300709 0.0282511 0.0360929 0.0495885 0.0396470 0.0472323 0.1554532 
Tarsipedidae_Tarsipes_rostratus              0.0379521 0.0342422 0.0356798 0.0370037 0.0407270 0.0414370 0.0326646 0.0413961 0.0459326 0.0398491 0.0369557 0.0443599 0.0354096 0.0323060 0.0372484 0.0406787 0.0444045 0.0502936 0.0378042 0.0302191 0.0348444 0.0383204 0.0372888 0.0415372 0.0434791 0.0285456 0.0395109 0.0300709 0.0000000 0.0357867 0.0393781 0.0464917 0.0392722 0.0478051 0.1156436 
Acrobatidae_Distoechurus_pennatus            0.0384106 0.0340046 0.0321754 0.0328052 0.0384983 0.0351547 0.0298450 0.0407861 0.0452900 0.0353247 0.0358302 0.0424373 0.0336292 0.0241830 0.0364998 0.0391872 0.0391772 0.0516764 0.0331610 0.0335227 0.0373356 0.0387750 0.0359091 0.0378438 0.0430081 0.0305802 0.0351693 0.0282511 0.0357867 0.0000000 0.0341810 0.0475066 0.0378130 0.0494817 0.1131166 
Phalangeridae_Phalanger_carmelitae           0.0375507 0.0335664 0.0334612 0.0340905 0.0384520 0.0164308 0.0190467 0.0391347 0.0498061 0.0082344 0.0372973 0.0427056 0.0089761 0.0348358 0.0375600 0.0380374 0.0406226 0.0536817 0.0351944 0.0367300 0.0290489 0.0357662 0.0358374 0.0392690 0.0373619 0.0359934 0.0349956 0.0360929 0.0393781 0.0341810 0.0000000 0.0504539 0.0374026 0.0522676 0.1127853 
Peramelidae_Peroryctes_raffrayana            0.0485901 0.0407786 0.0447487 0.0467314 0.0412818 0.0490773 0.0410653 0.0535948 0.0050923 0.0481364 0.0429500 0.0483232 0.0466359 0.0467233 0.0430309 0.0423530 0.0497146 0.0053913 0.0486590 0.0449213 0.0393630 0.0445286 0.0415576 0.0539196 0.0448431 0.0450324 0.0506474 0.0495885 0.0464917 0.0475066 0.0504539 0.0000000 0.0413049 0.0053999 0.1073462 
Dasyuridae_Dasyurus_geffroii                 0.0381333 0.0294086 0.0354889 0.0360995 0.0029401 0.0392939 0.0321409 0.0429875 0.0415164 0.0371527 0.0072768 0.0126329 0.0327245 0.0350623 0.0072639 0.0036598 0.0100444 0.0431762 0.0364918 0.0365572 0.0281645 0.0315238 0.0046177 0.0412590 0.0313338 0.0340763 0.0370244 0.0396470 0.0392722 0.0378130 0.0374026 0.0413049 0.0000000 0.0421621 0.0839600 
Peramelidae_Perameles_gunnii                 0.0473436 0.0393712 0.0454751 0.0474121 0.0428484 0.0508292 0.0415723 0.0538274 0.0000010 0.0509361 0.0435701 0.0498052 0.0466095 0.0455953 0.0431061 0.0440162 0.0478179 0.0055935 0.0489394 0.0441693 0.0379333 0.0437998 0.0420751 0.0545510 0.0453480 0.0443463 0.0509047 0.0472323 0.0478051 0.0494817 0.0522676 0.0053999 0.0421621 0.0000000 0.1032311 
Notoryctidae_Notoryctes_typhlops             0.1049399 0.0784107 0.1053188 0.1053484 0.0838445 0.1184541 0.0952209 0.1184081 0.1028559 0.1182155 0.0897585 0.0996345 0.1048335 0.0971550 0.0870629 0.0847816 0.1006218 0.1015183 0.0944947 0.1147735 0.0745897 0.0869952 0.0795832 0.1192098 0.0960810 0.1060688 0.1091095 0.1554532 0.1156436 0.1131166 0.1127853 0.1073462 0.0839600 0.1032311 0.0000000 
