35
Burramyidae_Burramys_parvus                  0.0000000 0.0709524 0.0503435 0.0533800 0.0553033 0.0858204 0.0696312 0.0652546 0.0541458 0.1169578 0.0486315 0.0844836 0.0787813 0.0595034 0.0590249 0.0837582 0.0842492 0.0831808 0.1099940 0.0552410 0.0589465 0.1163751 0.1113339 0.0896816 0.0518394 0.0808825 0.0600449 0.0744580 0.0642315 0.0799182 0.0789243 0.0610885 0.0975172 0.0875765 0.1107428 
Notoryctidae_Notoryctes_typhlops             0.0709524 0.0000000 0.0757251 0.0815705 0.0808608 0.0730572 0.0990691 0.0950756 0.0846767 0.1124749 0.0918258 0.0750302 0.0752741 0.0892015 0.0844581 0.0756014 0.0736872 0.0809098 0.1019412 0.0891261 0.0957588 0.1060116 0.1032936 0.0778762 0.0782829 0.0918229 0.0868681 0.0876134 0.0957362 0.1118118 0.1028924 0.0802574 0.1072418 0.0725103 0.1034037 
Vombatidae_Lasiorhinus_latifrons             0.0503435 0.0757251 0.0000000 0.0541512 0.0574962 0.0648645 0.0524130 0.0497194 0.0572086 0.1057751 0.0462380 0.0620745 0.0651212 0.0628418 0.0476735 0.0614324 0.0658260 0.0664605 0.1047162 0.0587740 0.0541406 0.0976067 0.1048964 0.0639252 0.0467270 0.0839305 0.0537967 0.0706707 0.0536924 0.0777638 0.0710695 0.0592197 0.0934302 0.0648520 0.1017823 
Potoroidae_Bettongia_penicillata             0.0533800 0.0815705 0.0541512 0.0000000 0.0050710 0.0887923 0.0672422 0.0654205 0.0117881 0.1207508 0.0560358 0.0857190 0.0882830 0.0713793 0.0655743 0.0849799 0.0894327 0.0872633 0.1161932 0.0275104 0.0712997 0.1087849 0.1068186 0.0876967 0.0284541 0.0959771 0.0637797 0.0350431 0.0723116 0.0884181 0.0841030 0.0668226 0.1016204 0.0894418 0.1149160 
Potoroidae_Bettongia_lesueur                 0.0553033 0.0808608 0.0574962 0.0050710 0.0000000 0.0926047 0.0763365 0.0703832 0.0090995 0.1217676 0.0572580 0.0890304 0.0901916 0.0733889 0.0599012 0.0882871 0.0899284 0.0901915 0.1136489 0.0280213 0.0732642 0.1100298 0.1120689 0.0915877 0.0309883 0.1017895 0.0647625 0.0314819 0.0742701 0.0887601 0.0855133 0.0699403 0.1024770 0.0932527 0.1159734 
Dasyuridae_Dasyurus_maculatus                0.0858204 0.0730572 0.0648645 0.0887923 0.0926047 0.0000000 0.0868687 0.0843339 0.0913348 0.1067219 0.0776471 0.0151325 0.0231335 0.0908546 0.0854478 0.0151174 0.0040340 0.0262084 0.1005073 0.0829202 0.0940466 0.0933735 0.1018080 0.0158604 0.0828409 0.1017596 0.0855964 0.0929644 0.0937862 0.1161546 0.1059538 0.0806357 0.0945983 0.0018649 0.1016911 
Phalangeridae_Trichosurus_vulpecula          0.0696312 0.0990691 0.0524130 0.0672422 0.0763365 0.0868687 0.0000000 0.0298056 0.0760775 0.1303350 0.0194546 0.0879438 0.0878009 0.0388875 0.0725089 0.0872061 0.0898970 0.0881978 0.1263283 0.0779784 0.0782770 0.1052239 0.1131281 0.0859155 0.0633726 0.1119090 0.0641851 0.0923743 0.0720010 0.1063394 0.0922219 0.0326041 0.1175452 0.0898629 0.1234691 
Phalangeridae_Spilocuscus_maculatus          0.0652546 0.0950756 0.0497194 0.0654205 0.0703832 0.0843339 0.0298056 0.0000000 0.0693713 0.1233175 0.0083851 0.0816157 0.0828497 0.0218621 0.0675672 0.0815356 0.0857031 0.0817583 0.1198621 0.0685928 0.0759040 0.1121777 0.1194767 0.0814514 0.0599976 0.1122313 0.0581087 0.0806238 0.0699556 0.0977492 0.0846490 0.0206278 0.1123136 0.0866866 0.1174542 
Potoroidae_Aepyprymnus_rufescens             0.0541458 0.0846767 0.0572086 0.0117881 0.0090995 0.0913348 0.0760775 0.0693713 0.0000000 0.1204860 0.0576537 0.0859239 0.0855365 0.0721273 0.0570461 0.0851832 0.0880189 0.0863078 0.1132403 0.0274944 0.0717080 0.1068989 0.1108803 0.0883156 0.0297742 0.0972351 0.0653521 0.0297831 0.0738611 0.0920299 0.0853990 0.0710067 0.1019740 0.0931136 0.1149689 
Peramelidae_Perameles_nasuta                 0.1169578 0.1124749 0.1057751 0.1207508 0.1217676 0.1067219 0.1303350 0.1233175 0.1204860 0.0000000 0.1257763 0.1074223 0.1085314 0.1292394 0.0995945 0.1057276 0.1067105 0.1077576 0.0156168 0.1052317 0.1261084 0.1339425 0.1353623 0.0998527 0.1144476 0.1293029 0.1129412 0.1222064 0.1281059 0.1450301 0.1277470 0.1227261 0.0153514 0.1054081 0.0012056 
Phalangeridae_Strigocuscus_pelengensis       0.0486315 0.0918258 0.0462380 0.0560358 0.0572580 0.0776471 0.0194546 0.0083851 0.0576537 0.1257763 0.0000000 0.0722919 0.0749684 0.0056228 0.0617135 0.0722814 0.0802393 0.0796925 0.1185126 0.0793617 0.0741119 0.0947207 0.0957887 0.0754028 0.0481363 0.0963436 0.0598878 0.0767726 0.0728153 0.0967809 0.0884568 0.0058306 0.1228521 0.0800004 0.1217612 
Dasyuridae_Phascogale_tapoatafa              0.0844836 0.0750302 0.0620745 0.0857190 0.0890304 0.0151325 0.0879438 0.0816157 0.0859239 0.1074223 0.0722919 0.0000000 0.0173065 0.0875802 0.0834398 0.0014752 0.0142354 0.0241128 0.1017645 0.0809621 0.0944128 0.0920668 0.1053298 0.0095822 0.0822651 0.0941736 0.0854635 0.0922536 0.0936440 0.1232390 0.1041863 0.0783781 0.0939098 0.0156997 0.1022415 
Dasyuridae_Sminthopsis_macroura              0.0787813 0.0752741 0.0651212 0.0882830 0.0901916 0.0231335 0.0878009 0.0828497 0.0855365 0.1085314 0.0749684 0.0173065 0.0000000 0.0845583 0.0809865 0.0172885 0.0201475 0.0208070 0.1003595 0.0822203 0.0918716 0.0913831 0.0989634 0.0224829 0.0819429 0.0978116 0.0790000 0.0947123 0.0905021 0.1150515 0.1034500 0.0796357 0.0959150 0.0231653 0.1026175 
Phalangeridae_Phalanger_orientalis           0.0595034 0.0892015 0.0628418 0.0713793 0.0733889 0.0908546 0.0388875 0.0218621 0.0721273 0.1292394 0.0056228 0.0875802 0.0845583 0.0000000 0.0728602 0.0869823 0.0940967 0.0916398 0.1239396 0.0679980 0.0819197 0.1178108 0.1178954 0.0901458 0.0642670 0.1065191 0.0759068 0.0869974 0.0841975 0.1110913 0.0973637 0.0105650 0.1045105 0.0925746 0.1242130 
Acrobatidae_Acrobates_pygmaeus               0.0590249 0.0844581 0.0476735 0.0655743 0.0599012 0.0854478 0.0725089 0.0675672 0.0570461 0.0995945 0.0617135 0.0834398 0.0809865 0.0728602 0.0000000 0.0821029 0.0861734 0.0825967 0.0959521 0.0551598 0.0493749 0.1012902 0.1118670 0.0810976 0.0532813 0.1021719 0.0486204 0.0632518 0.0490605 0.0812760 0.0348900 0.0708737 0.0885975 0.0854665 0.0952674 
Dasyuridae_Phascogale_calura                 0.0837582 0.0756014 0.0614324 0.0849799 0.0882871 0.0151174 0.0872061 0.0815356 0.0851832 0.1057276 0.0722814 0.0014752 0.0172885 0.0869823 0.0821029 0.0000000 0.0142216 0.0234041 0.1001835 0.0815707 0.0930190 0.0908323 0.1034841 0.0090974 0.0822874 0.0951473 0.0834962 0.0907604 0.0922538 0.1209892 0.1006714 0.0778094 0.0911914 0.0156839 0.1001200 
Dasyuridae_Sarcophilus_harrisii              0.0842492 0.0736872 0.0658260 0.0894327 0.0899284 0.0040340 0.0898970 0.0857031 0.0880189 0.1067105 0.0802393 0.0142354 0.0201475 0.0940967 0.0861734 0.0142216 0.0000000 0.0241513 0.0981819 0.0834025 0.0930580 0.0962364 0.1068144 0.0152102 0.0813991 0.1020357 0.0841823 0.0920281 0.0928023 0.1124326 0.1063651 0.0835944 0.0934521 0.0040389 0.1016216 
Dasyuridae_Planigale_tenuirostris            0.0831808 0.0809098 0.0664605 0.0872633 0.0901915 0.0262084 0.0881978 0.0817583 0.0863078 0.1077576 0.0796925 0.0241128 0.0208070 0.0916398 0.0825967 0.0234041 0.0241513 0.0000000 0.1063680 0.0835867 0.0896670 0.0865593 0.0947720 0.0269870 0.0816678 0.1012142 0.0850787 0.0935711 0.0900997 0.1159073 0.1049227 0.0823284 0.0936851 0.0266188 0.1008462 
Peramelidae_Echymipera_kalubu                0.1099940 0.1019412 0.1047162 0.1161932 0.1136489 0.1005073 0.1263283 0.1198621 0.1132403 0.0156168 0.1185126 0.1017645 0.1003595 0.1239396 0.0959521 0.1001835 0.0981819 0.1063680 0.0000000 0.0969476 0.1227653 0.1289342 0.1258656 0.0950062 0.1110188 0.1222948 0.1058213 0.1147743 0.1241029 0.1389666 0.1202885 0.1146082 0.0065240 0.0986788 0.0130880 
Macropodidae_Dorcopsulus_vanheurni           0.0552410 0.0891261 0.0587740 0.0275104 0.0280213 0.0829202 0.0779784 0.0685928 0.0274944 0.1052317 0.0793617 0.0809621 0.0822203 0.0679980 0.0551598 0.0815707 0.0834025 0.0835867 0.0969476 0.0000000 0.0792922 0.0972924 0.0901751 0.0733991 0.0357180 0.0835090 0.0620286 0.0085858 0.0786913 0.0841990 0.0747536 0.0626489 0.0994774 0.0848933 0.0981819 
Pseudochiridae_Pseudochirulus_forbesi        0.0589465 0.0957588 0.0541406 0.0712997 0.0732642 0.0940466 0.0782770 0.0759040 0.0717080 0.1261084 0.0741119 0.0944128 0.0918716 0.0819197 0.0493749 0.0930190 0.0930580 0.0896670 0.1227653 0.0792922 0.0000000 0.1183473 0.1239176 0.0982163 0.0594405 0.1126969 0.0308024 0.0870646 0.0129309 0.0782554 0.0674515 0.0817546 0.1118570 0.0959630 0.1202783 
Didelphidae_Didelphis_virginiana             0.1163751 0.1060116 0.0976067 0.1087849 0.1100298 0.0933735 0.1052239 0.1121777 0.1068989 0.1339425 0.0947207 0.0920668 0.0913831 0.1178108 0.1012902 0.0908323 0.0962364 0.0865593 0.1289342 0.0972924 0.1183473 0.0000000 0.0355290 0.0933023 0.1086906 0.1022265 0.1036959 0.1052772 0.1149847 0.1482902 0.1308072 0.1079601 0.1213447 0.0941512 0.1249629 
Marmosidae_Monodelphis_domestica             0.1113339 0.1032936 0.1048964 0.1068186 0.1120689 0.1018080 0.1131281 0.1194767 0.1108803 0.1353623 0.0957887 0.1053298 0.0989634 0.1178954 0.1118670 0.1034841 0.1068144 0.0947720 0.1258656 0.0901751 0.1239176 0.0355290 0.0000000 0.0984608 0.1086687 0.1051739 0.1108351 0.1110986 0.1275479 0.1411996 0.1393449 0.1150542 0.1094264 0.1018350 0.1288448 
Dasyuridae_Antechinus_stuartii               0.0896816 0.0778762 0.0639252 0.0876967 0.0915877 0.0158604 0.0859155 0.0814514 0.0883156 0.0998527 0.0754028 0.0095822 0.0224829 0.0901458 0.0810976 0.0090974 0.0152102 0.0269870 0.0950062 0.0733991 0.0982163 0.0933023 0.0984608 0.0000000 0.0835255 0.0971853 0.0774741 0.0858111 0.0956026 0.1142489 0.1012688 0.0797595 0.0891961 0.0158595 0.0950121 
Hypsiprymnodontidae_Hypsiprymnodon_moschatus 0.0518394 0.0782829 0.0467270 0.0284541 0.0309883 0.0828409 0.0633726 0.0599976 0.0297742 0.1144476 0.0481363 0.0822651 0.0819429 0.0642670 0.0532813 0.0822874 0.0813991 0.0816678 0.1110188 0.0357180 0.0594405 0.1086906 0.1086687 0.0835255 0.0000000 0.0945603 0.0572744 0.0409340 0.0639403 0.0863768 0.0786438 0.0622517 0.0967012 0.0834752 0.1077588 
Microbiotheriidae_Dromiciops_gliroides       0.0808825 0.0918229 0.0839305 0.0959771 0.1017895 0.1017596 0.1119090 0.1122313 0.0972351 0.1293029 0.0963436 0.0941736 0.0978116 0.1065191 0.1021719 0.0951473 0.1020357 0.1012142 0.1222948 0.0835090 0.1126969 0.1022265 0.1051739 0.0971853 0.0945603 0.0000000 0.1080846 0.1015051 0.1193051 0.1286161 0.1194442 0.1049465 0.1012294 0.1023943 0.1217003 
Pseudochiridae_Petauroides_volans            0.0600449 0.0868681 0.0537967 0.0637797 0.0647625 0.0855964 0.0641851 0.0581087 0.0653521 0.1129412 0.0598878 0.0854635 0.0790000 0.0759068 0.0486204 0.0834962 0.0841823 0.0850787 0.1058213 0.0620286 0.0308024 0.1036959 0.1108351 0.0774741 0.0572744 0.1080846 0.0000000 0.0758095 0.0251014 0.0612283 0.0522023 0.0697994 0.0986303 0.0861826 0.1066172 
Macropodidae_Wallabia_bicolor                0.0744580 0.0876134 0.0706707 0.0350431 0.0314819 0.0929644 0.0923743 0.0806238 0.0297831 0.1222064 0.0767726 0.0922536 0.0947123 0.0869974 0.0632518 0.0907604 0.0920281 0.0935711 0.1147743 0.0085858 0.0870646 0.1052772 0.1110986 0.0858111 0.0409340 0.1015051 0.0758095 0.0000000 0.0877865 0.0944892 0.0926176 0.0834992 0.1031624 0.0948834 0.1149809 
Pseudochiridae_Pseudocheirus_occidentalis    0.0642315 0.0957362 0.0536924 0.0723116 0.0742701 0.0937862 0.0720010 0.0699556 0.0738611 0.1281059 0.0728153 0.0936440 0.0905021 0.0841975 0.0490605 0.0922538 0.0928023 0.0900997 0.1241029 0.0786913 0.0129309 0.1149847 0.1275479 0.0956026 0.0639403 0.1193051 0.0251014 0.0877865 0.0000000 0.0691714 0.0632978 0.0774544 0.1148501 0.0956447 0.1217567 
Tarsipedidae_Tarsipes_rostratus              0.0799182 0.1118118 0.0777638 0.0884181 0.0887601 0.1161546 0.1063394 0.0977492 0.0920299 0.1450301 0.0967809 0.1232390 0.1150515 0.1110913 0.0812760 0.1209892 0.1124326 0.1159073 0.1389666 0.0841990 0.0782554 0.1482902 0.1411996 0.1142489 0.0863768 0.1286161 0.0612283 0.0944892 0.0691714 0.0000000 0.0807519 0.1073487 0.1303588 0.1176400 0.1412722 
Acrobatidae_Distoechurus_pennatus            0.0789243 0.1028924 0.0710695 0.0841030 0.0855133 0.1059538 0.0922219 0.0846490 0.0853990 0.1277470 0.0884568 0.1041863 0.1034500 0.0973637 0.0348900 0.1006714 0.1063651 0.1049227 0.1202885 0.0747536 0.0674515 0.1308072 0.1393449 0.1012688 0.0786438 0.1194442 0.0522023 0.0926176 0.0632978 0.0807519 0.0000000 0.0925821 0.1078791 0.1060288 0.1193205 
Phalangeridae_Phalanger_carmelitae           0.0610885 0.0802574 0.0592197 0.0668226 0.0699403 0.0806357 0.0326041 0.0206278 0.0710067 0.1227261 0.0058306 0.0783781 0.0796357 0.0105650 0.0708737 0.0778094 0.0835944 0.0823284 0.1146082 0.0626489 0.0817546 0.1079601 0.1150542 0.0797595 0.0622517 0.1049465 0.0697994 0.0834992 0.0774544 0.1073487 0.0925821 0.0000000 0.0997516 0.0823859 0.1168184 
Peramelidae_Peroryctes_raffrayana            0.0975172 0.1072418 0.0934302 0.1016204 0.1024770 0.0945983 0.1175452 0.1123136 0.1019740 0.0153514 0.1228521 0.0939098 0.0959150 0.1045105 0.0885975 0.0911914 0.0934521 0.0936851 0.0065240 0.0994774 0.1118570 0.1213447 0.1094264 0.0891961 0.0967012 0.1012294 0.0986303 0.1031624 0.1148501 0.1303588 0.1078791 0.0997516 0.0000000 0.0939209 0.0135182 
Dasyuridae_Dasyurus_geffroii                 0.0875765 0.0725103 0.0648520 0.0894418 0.0932527 0.0018649 0.0898629 0.0866866 0.0931136 0.1054081 0.0800004 0.0156997 0.0231653 0.0925746 0.0854665 0.0156839 0.0040389 0.0266188 0.0986788 0.0848933 0.0959630 0.0941512 0.1018350 0.0158595 0.0834752 0.1023943 0.0861826 0.0948834 0.0956447 0.1176400 0.1060288 0.0823859 0.0939209 0.0000000 0.1010226 
Peramelidae_Perameles_gunnii                 0.1107428 0.1034037 0.1017823 0.1149160 0.1159734 0.1016911 0.1234691 0.1174542 0.1149689 0.0012056 0.1217612 0.1022415 0.1026175 0.1242130 0.0952674 0.1001200 0.1016216 0.1008462 0.0130880 0.0981819 0.1202783 0.1249629 0.1288448 0.0950121 0.1077588 0.1217003 0.1066172 0.1149809 0.1217567 0.1412722 0.1193205 0.1168184 0.0135182 0.1010226 0.0000000 
