35
Burramyidae_Burramys_parvus                  0.0000000 0.0894538 0.0515693 0.0545094 0.0564008 0.0836790 0.0399618 0.0449427 0.0560431 0.0961584 0.0454891 0.0838677 0.0819850 0.0497157 0.0570789 0.0841044 0.0890716 0.0848275 0.0921599 0.0490770 0.0728510 0.1149157 0.0954918 0.0762859 0.0547779 0.0727947 0.0601521 0.0489064 0.0690455 0.0428075 0.0524796 0.0935553 0.0848140 0.0985486 0.0655387 
Notoryctidae_Notoryctes_typhlops             0.0894538 0.0000000 0.0686004 0.0789017 0.0806046 0.0912541 0.0639605 0.0668531 0.0806447 0.1118114 0.0648686 0.0982981 0.0905833 0.0676674 0.0758969 0.0985344 0.0972353 0.0874728 0.0956818 0.0707433 0.0866714 0.1218603 0.1104692 0.0810974 0.0755681 0.0931221 0.0820079 0.0697189 0.0961762 0.0738342 0.0675459 0.1069077 0.0922263 0.1143591 0.0879931 
Vombatidae_Lasiorhinus_latifrons             0.0515693 0.0686004 0.0000000 0.0401173 0.0405411 0.0587151 0.0354608 0.0352026 0.0414480 0.0730974 0.0337715 0.0586883 0.0580267 0.0371562 0.0425392 0.0572911 0.0640362 0.0511912 0.0675101 0.0353864 0.0545421 0.0915688 0.0760065 0.0439944 0.0433434 0.0572124 0.0455843 0.0359320 0.0586228 0.0376352 0.0417343 0.0644510 0.0594290 0.0736532 0.0472574 
Potoroidae_Bettongia_penicillata             0.0545094 0.0789017 0.0401173 0.0000000 0.0021072 0.0674629 0.0375239 0.0362006 0.0106916 0.0897822 0.0342012 0.0716809 0.0696745 0.0397303 0.0460707 0.0707814 0.0747254 0.0640612 0.0833163 0.0130485 0.0609943 0.0916733 0.0814373 0.0611309 0.0310378 0.0667362 0.0507662 0.0146076 0.0617982 0.0420915 0.0439707 0.0798005 0.0699311 0.0871524 0.0511204 
Potoroidae_Bettongia_lesueur                 0.0564008 0.0806046 0.0405411 0.0021072 0.0000000 0.0684816 0.0391118 0.0374076 0.0129950 0.0910295 0.0358476 0.0726532 0.0712316 0.0413834 0.0482499 0.0717510 0.0747271 0.0640549 0.0845084 0.0147274 0.0618680 0.0921834 0.0823850 0.0611257 0.0329644 0.0677576 0.0530861 0.0163463 0.0644013 0.0437994 0.0460909 0.0810066 0.0708923 0.0881261 0.0523252 
Dasyuridae_Dasyurus_maculatus                0.0836790 0.0912541 0.0587151 0.0674629 0.0684816 0.0000000 0.0652865 0.0645292 0.0683747 0.0903493 0.0629257 0.0188940 0.0244708 0.0688414 0.0761632 0.0189264 0.0098158 0.0169803 0.0875838 0.0649164 0.0919874 0.1082981 0.0934782 0.0167716 0.0678715 0.0826180 0.0785295 0.0653598 0.0871086 0.0688731 0.0714543 0.0799006 0.0059227 0.0893619 0.0904127 
Phalangeridae_Trichosurus_vulpecula          0.0399618 0.0639605 0.0354608 0.0375239 0.0391118 0.0652865 0.0000000 0.0153901 0.0376414 0.0788487 0.0134615 0.0657508 0.0640131 0.0171774 0.0390975 0.0648629 0.0687749 0.0628369 0.0714781 0.0300590 0.0547786 0.0905055 0.0766505 0.0526420 0.0339933 0.0606719 0.0431451 0.0305354 0.0574351 0.0320112 0.0189194 0.0722572 0.0656804 0.0782251 0.0473733 
Phalangeridae_Spilocuscus_maculatus          0.0449427 0.0668531 0.0352026 0.0362006 0.0374076 0.0645292 0.0153901 0.0000000 0.0372052 0.0802747 0.0075967 0.0645677 0.0638997 0.0121820 0.0403750 0.0646326 0.0690033 0.0624279 0.0723084 0.0301714 0.0526333 0.0910421 0.0738790 0.0530343 0.0332820 0.0608277 0.0417114 0.0298262 0.0576033 0.0333519 0.0131815 0.0734760 0.0657113 0.0786866 0.0462331 
Potoroidae_Aepyprymnus_rufescens             0.0560431 0.0806447 0.0414480 0.0106916 0.0129950 0.0683747 0.0376414 0.0372052 0.0000000 0.0905250 0.0351552 0.0725684 0.0689498 0.0406901 0.0475686 0.0716613 0.0756406 0.0644681 0.0852887 0.0127105 0.0606614 0.0948204 0.0849531 0.0633653 0.0298895 0.0685021 0.0500429 0.0142934 0.0606177 0.0421349 0.0449697 0.0812247 0.0707985 0.0877503 0.0518066 
Peramelidae_Perameles_nasuta                 0.0961584 0.1118114 0.0730974 0.0897822 0.0910295 0.0903493 0.0788487 0.0802747 0.0905250 0.0000000 0.0789213 0.0878038 0.0867482 0.0804936 0.0835777 0.0907783 0.0926371 0.0779822 0.0202196 0.0775887 0.0997661 0.1304637 0.1107429 0.0740062 0.0810456 0.0938814 0.0940154 0.0802482 0.1017230 0.0810052 0.0856941 0.0172637 0.0906102 0.0032462 0.1006641 
Phalangeridae_Strigocuscus_pelengensis       0.0454891 0.0648686 0.0337715 0.0342012 0.0358476 0.0629257 0.0134615 0.0075967 0.0351552 0.0789213 0.0000000 0.0635599 0.0627697 0.0106062 0.0383018 0.0635582 0.0670241 0.0602840 0.0728136 0.0273520 0.0534302 0.0906286 0.0734325 0.0519552 0.0304403 0.0597725 0.0426533 0.0277488 0.0561880 0.0325551 0.0119589 0.0724553 0.0642267 0.0789232 0.0440948 
Dasyuridae_Phascogale_tapoatafa              0.0838677 0.0982981 0.0586883 0.0716809 0.0726532 0.0188940 0.0657508 0.0645677 0.0725684 0.0878038 0.0635599 0.0000000 0.0236784 0.0683435 0.0735413 0.0033763 0.0217636 0.0154864 0.0826982 0.0659080 0.0898584 0.1105880 0.0951727 0.0082133 0.0672521 0.0826204 0.0763293 0.0675139 0.0815677 0.0677308 0.0719253 0.0779944 0.0192683 0.0869979 0.0854769 
Dasyuridae_Sminthopsis_macroura              0.0819850 0.0905833 0.0580267 0.0696745 0.0712316 0.0244708 0.0640131 0.0638997 0.0689498 0.0867482 0.0627697 0.0236784 0.0000000 0.0669880 0.0725292 0.0237402 0.0290290 0.0168891 0.0819926 0.0630085 0.0888561 0.1070274 0.0895189 0.0222030 0.0664463 0.0807545 0.0756845 0.0639722 0.0809990 0.0679554 0.0694440 0.0774957 0.0244769 0.0867315 0.0840995 
Phalangeridae_Phalanger_orientalis           0.0497157 0.0676674 0.0371562 0.0397303 0.0413834 0.0688414 0.0171774 0.0121820 0.0406901 0.0804936 0.0106062 0.0683435 0.0669880 0.0000000 0.0422253 0.0684103 0.0740144 0.0682366 0.0764492 0.0325990 0.0541421 0.0962497 0.0803535 0.0577475 0.0374197 0.0662668 0.0453020 0.0326887 0.0618690 0.0360176 0.0042678 0.0759833 0.0707441 0.0819328 0.0486152 
Acrobatidae_Acrobates_pygmaeus               0.0570789 0.0758969 0.0425392 0.0460707 0.0482499 0.0761632 0.0390975 0.0403750 0.0475686 0.0835777 0.0383018 0.0735413 0.0725292 0.0422253 0.0000000 0.0726264 0.0786080 0.0659100 0.0829950 0.0394346 0.0613595 0.0983353 0.0782672 0.0606830 0.0445685 0.0701071 0.0455571 0.0404131 0.0631527 0.0244817 0.0447522 0.0782203 0.0758258 0.0851641 0.0544002 
Dasyuridae_Phascogale_calura                 0.0841044 0.0985344 0.0572911 0.0707814 0.0717510 0.0189264 0.0648629 0.0646326 0.0716613 0.0907783 0.0635582 0.0033763 0.0237402 0.0684103 0.0726264 0.0000000 0.0218277 0.0145672 0.0849825 0.0650295 0.0895217 0.1094598 0.0924508 0.0078141 0.0663717 0.0814913 0.0764611 0.0666200 0.0829521 0.0667700 0.0719929 0.0794847 0.0189445 0.0903801 0.0858015 
Dasyuridae_Sarcophilus_harrisii              0.0890716 0.0972353 0.0640362 0.0747254 0.0747271 0.0098158 0.0687749 0.0690033 0.0756406 0.0926371 0.0670241 0.0217636 0.0290290 0.0740144 0.0786080 0.0218277 0.0000000 0.0189689 0.0898381 0.0702805 0.0964447 0.1127806 0.0967520 0.0176798 0.0739412 0.0869366 0.0837128 0.0708231 0.0923337 0.0737032 0.0766975 0.0820895 0.0091672 0.0921501 0.0951394 
Dasyuridae_Planigale_tenuirostris            0.0848275 0.0874728 0.0511912 0.0640612 0.0640549 0.0169803 0.0628369 0.0624279 0.0644681 0.0779822 0.0602840 0.0154864 0.0168891 0.0682366 0.0659100 0.0145672 0.0189689 0.0000000 0.0693044 0.0597406 0.0907713 0.0933429 0.0853071 0.0174438 0.0637099 0.0724456 0.0750490 0.0617300 0.0748113 0.0645988 0.0735154 0.0640612 0.0159498 0.0781919 0.0785513 
Peramelidae_Echymipera_kalubu                0.0921599 0.0956818 0.0675101 0.0833163 0.0845084 0.0875838 0.0714781 0.0723084 0.0852887 0.0202196 0.0728136 0.0826982 0.0819926 0.0764492 0.0829950 0.0849825 0.0898381 0.0693044 0.0000000 0.0740154 0.1013368 0.1132466 0.1019840 0.0668195 0.0812015 0.0869452 0.0919728 0.0737529 0.0952701 0.0809367 0.0812041 0.0129592 0.0860787 0.0208718 0.0941688 
Macropodidae_Dorcopsulus_vanheurni           0.0490770 0.0707433 0.0353864 0.0130485 0.0147274 0.0649164 0.0300590 0.0301714 0.0127105 0.0775887 0.0273520 0.0659080 0.0630085 0.0325990 0.0394346 0.0650295 0.0702805 0.0597406 0.0740154 0.0000000 0.0535305 0.0859529 0.0738466 0.0561550 0.0233689 0.0605779 0.0438613 0.0040121 0.0547894 0.0349999 0.0366251 0.0718979 0.0662311 0.0757286 0.0450173 
Pseudochiridae_Pseudochirulus_forbesi        0.0728510 0.0866714 0.0545421 0.0609943 0.0618680 0.0919874 0.0547786 0.0526333 0.0606614 0.0997661 0.0534302 0.0898584 0.0888561 0.0541421 0.0613595 0.0895217 0.0964447 0.0907713 0.1013368 0.0535305 0.0000000 0.1229373 0.1026867 0.0830412 0.0585923 0.0840754 0.0484216 0.0544113 0.0789069 0.0502344 0.0584236 0.1001281 0.0948448 0.1063038 0.0413283 
Didelphidae_Didelphis_virginiana             0.1149157 0.1218603 0.0915688 0.0916733 0.0921834 0.1082981 0.0905055 0.0910421 0.0948204 0.1304637 0.0906286 0.1105880 0.1070274 0.0962497 0.0983353 0.1094598 0.1127806 0.0933429 0.1132466 0.0859529 0.1229373 0.0000000 0.0364557 0.0889305 0.0920794 0.1110495 0.1127835 0.0873494 0.1169900 0.0960898 0.0974198 0.1049924 0.1067676 0.1270605 0.1130307 
Marmosidae_Monodelphis_domestica             0.0954918 0.1104692 0.0760065 0.0814373 0.0823850 0.0934782 0.0766505 0.0738790 0.0849531 0.1107429 0.0734325 0.0951727 0.0895189 0.0803535 0.0782672 0.0924508 0.0967520 0.0853071 0.1019840 0.0738466 0.1026867 0.0364557 0.0000000 0.0718377 0.0809757 0.0896133 0.0874795 0.0755234 0.0991658 0.0770846 0.0823782 0.0925382 0.0932445 0.1088138 0.0990450 
Dasyuridae_Antechinus_stuartii               0.0762859 0.0810974 0.0439944 0.0611309 0.0611257 0.0167716 0.0526420 0.0530343 0.0633653 0.0740062 0.0519552 0.0082133 0.0222030 0.0577475 0.0606830 0.0078141 0.0176798 0.0174438 0.0668195 0.0561550 0.0830412 0.0889305 0.0718377 0.0000000 0.0539330 0.0713727 0.0646099 0.0577605 0.0717240 0.0568149 0.0626735 0.0592512 0.0180914 0.0742114 0.0750320 
Hypsiprymnodontidae_Hypsiprymnodon_moschatus 0.0547779 0.0755681 0.0433434 0.0310378 0.0329644 0.0678715 0.0339933 0.0332820 0.0298895 0.0810456 0.0304403 0.0672521 0.0664463 0.0374197 0.0445685 0.0663717 0.0739412 0.0637099 0.0812015 0.0233689 0.0585923 0.0920794 0.0809757 0.0539330 0.0000000 0.0697360 0.0441762 0.0248483 0.0604771 0.0383502 0.0398829 0.0770475 0.0686537 0.0800864 0.0539535 
Microbiotheriidae_Dromiciops_gliroides       0.0727947 0.0931221 0.0572124 0.0667362 0.0677576 0.0826180 0.0606719 0.0608277 0.0685021 0.0938814 0.0597725 0.0826204 0.0807545 0.0662668 0.0701071 0.0814913 0.0869366 0.0724456 0.0869452 0.0605779 0.0840754 0.1110495 0.0896133 0.0713727 0.0697360 0.0000000 0.0730320 0.0614838 0.0842559 0.0640790 0.0703105 0.0826028 0.0819767 0.0934988 0.0624781 
Pseudochiridae_Petauroides_volans            0.0601521 0.0820079 0.0455843 0.0507662 0.0530861 0.0785295 0.0431451 0.0417114 0.0500429 0.0940154 0.0426533 0.0763293 0.0756845 0.0453020 0.0455571 0.0764611 0.0837128 0.0750490 0.0919728 0.0438613 0.0484216 0.1127835 0.0874795 0.0646099 0.0441762 0.0730320 0.0000000 0.0424223 0.0601097 0.0429590 0.0488695 0.0864761 0.0801335 0.0964167 0.0434493 
Macropodidae_Wallabia_bicolor                0.0489064 0.0697189 0.0359320 0.0146076 0.0163463 0.0653598 0.0305354 0.0298262 0.0142934 0.0802482 0.0277488 0.0675139 0.0639722 0.0326887 0.0404131 0.0666200 0.0708231 0.0617300 0.0737529 0.0040121 0.0544113 0.0873494 0.0755234 0.0577605 0.0248483 0.0614838 0.0424223 0.0000000 0.0555512 0.0360195 0.0367794 0.0734085 0.0667528 0.0797096 0.0439581 
Tarsipedidae_Tarsipes_rostratus              0.0690455 0.0961762 0.0586228 0.0617982 0.0644013 0.0871086 0.0574351 0.0576033 0.0606177 0.1017230 0.0561880 0.0815677 0.0809990 0.0618690 0.0631527 0.0829521 0.0923337 0.0748113 0.0952701 0.0547894 0.0789069 0.1169900 0.0991658 0.0717240 0.0604771 0.0842559 0.0601097 0.0555512 0.0000000 0.0597808 0.0648051 0.0933392 0.0898281 0.1001532 0.0661519 
Acrobatidae_Distoechurus_pennatus            0.0428075 0.0738342 0.0376352 0.0420915 0.0437994 0.0688731 0.0320112 0.0333519 0.0421349 0.0810052 0.0325551 0.0677308 0.0679554 0.0360176 0.0244817 0.0667700 0.0737032 0.0645988 0.0809367 0.0349999 0.0502344 0.0960898 0.0770846 0.0568149 0.0383502 0.0640790 0.0429590 0.0360195 0.0597808 0.0000000 0.0372288 0.0744625 0.0696415 0.0837539 0.0436648 
Phalangeridae_Phalanger_carmelitae           0.0524796 0.0675459 0.0417343 0.0439707 0.0460909 0.0714543 0.0189194 0.0131815 0.0449697 0.0856941 0.0119589 0.0719253 0.0694440 0.0042678 0.0447522 0.0719929 0.0766975 0.0735154 0.0812041 0.0366251 0.0584236 0.0974198 0.0823782 0.0626735 0.0398829 0.0703105 0.0488695 0.0367794 0.0648051 0.0372288 0.0000000 0.0803740 0.0733754 0.0873746 0.0531104 
Peramelidae_Peroryctes_raffrayana            0.0935553 0.1069077 0.0644510 0.0798005 0.0810066 0.0799006 0.0722572 0.0734760 0.0812247 0.0172637 0.0724553 0.0779944 0.0774957 0.0759833 0.0782203 0.0794847 0.0820895 0.0640612 0.0129592 0.0718979 0.1001281 0.1049924 0.0925382 0.0592512 0.0770475 0.0826028 0.0864761 0.0734085 0.0933392 0.0744625 0.0803740 0.0000000 0.0801782 0.0192247 0.0928570 
Dasyuridae_Dasyurus_geffroii                 0.0848140 0.0922263 0.0594290 0.0699311 0.0708923 0.0059227 0.0656804 0.0657113 0.0707985 0.0906102 0.0642267 0.0192683 0.0244769 0.0707441 0.0758258 0.0189445 0.0091672 0.0159498 0.0860787 0.0662311 0.0948448 0.1067676 0.0932445 0.0180914 0.0686537 0.0819767 0.0801335 0.0667528 0.0898281 0.0696415 0.0733754 0.0801782 0.0000000 0.0896682 0.0934557 
Peramelidae_Perameles_gunnii                 0.0985486 0.1143591 0.0736532 0.0871524 0.0881261 0.0893619 0.0782251 0.0786866 0.0877503 0.0032462 0.0789232 0.0869979 0.0867315 0.0819328 0.0851641 0.0903801 0.0921501 0.0781919 0.0208718 0.0757286 0.1063038 0.1270605 0.1088138 0.0742114 0.0800864 0.0934988 0.0964167 0.0797096 0.1001532 0.0837539 0.0873746 0.0192247 0.0896682 0.0000000 0.1029903 
Pseudochiridae_Pseudocheirus_occidentalis    0.0655387 0.0879931 0.0472574 0.0511204 0.0523252 0.0904127 0.0473733 0.0462331 0.0518066 0.1006641 0.0440948 0.0854769 0.0840995 0.0486152 0.0544002 0.0858015 0.0951394 0.0785513 0.0941688 0.0450173 0.0413283 0.1130307 0.0990450 0.0750320 0.0539535 0.0624781 0.0434493 0.0439581 0.0661519 0.0436648 0.0531104 0.0928570 0.0934557 0.1029903 0.0000000 
