37
Burramyidae_Burramys_parvus                  0.0000000 0.0880375 0.0583795 0.0558128 0.0598846 0.1048729 0.0574774 0.0540199 0.0585260 0.0873637 0.0616525 0.0636815 0.1016712 0.1307135 0.0730028 0.0905865 0.1048119 0.1019360 0.0947415 0.0638105 0.0616477 0.1276712 0.1223333 0.1144907 0.0591149 0.0772120 0.0576764 0.0634204 0.0587152 0.1154833 0.0894798 0.0616525 0.0678330 0.0902153 0.1052734 0.0918585 0.1475959 
Notoryctidae_Notoryctes_typhlops             0.0880375 0.0000000 0.0903849 0.0933917 0.0968380 0.1336618 0.0996429 0.0957138 0.0989491 0.1111577 0.1205659 0.1103895 0.1276162 0.1489527 0.1218952 0.1254426 0.1288702 0.1288972 0.1146524 0.1071561 0.1031591 0.1504482 0.1434248 0.1391731 0.0945619 0.1024119 0.0930947 0.1040079 0.0882073 0.1533226 0.1318208 0.1205659 0.1150778 0.1058705 0.1333617 0.1140360 0.1848738 
Vombatidae_Lasiorhinus_latifrons             0.0583795 0.0903849 0.0000000 0.0654485 0.0684877 0.1004189 0.0625248 0.0602097 0.0675325 0.0866783 0.0573833 0.0691760 0.0989044 0.1163662 0.0761945 0.0893928 0.0987955 0.0966824 0.0911149 0.0744598 0.0759401 0.1316579 0.1167912 0.1081726 0.0652634 0.0764195 0.0613044 0.0729766 0.0619532 0.1047624 0.0885004 0.0573833 0.0698838 0.0872700 0.1004949 0.0913122 0.1422485 
Potoroidae_Bettongia_penicillata             0.0558128 0.0933917 0.0654485 0.0000000 0.0045934 0.1133361 0.0583440 0.0576673 0.0157168 0.0890792 0.0647938 0.0687824 0.1098921 0.1335270 0.0772883 0.0928073 0.1139087 0.1065573 0.0957696 0.0273989 0.0688400 0.1188088 0.1240018 0.1198673 0.0381917 0.0832428 0.0599198 0.0264319 0.0616482 0.0953770 0.0880964 0.0647938 0.0695543 0.0925994 0.1108127 0.0945034 0.1587571 
Potoroidae_Bettongia_lesueur                 0.0598846 0.0968380 0.0684877 0.0045934 0.0000000 0.1163051 0.0587313 0.0587464 0.0171274 0.0897871 0.0760210 0.0695428 0.1119282 0.1373156 0.0775616 0.0963458 0.1160204 0.1083854 0.0959504 0.0300126 0.0694961 0.1249686 0.1261396 0.1233000 0.0383426 0.0861286 0.0613171 0.0286136 0.0639728 0.0965341 0.0905093 0.0760210 0.0688951 0.0941341 0.1137104 0.0952773 0.1612557 
Dasyuridae_Dasyurus_maculatus                0.1048729 0.1336618 0.1004189 0.1133361 0.1163051 0.0000000 0.1136537 0.1087873 0.1206654 0.1231858 0.0285744 0.1191719 0.0285996 0.0561833 0.1287075 0.1303819 0.0298018 0.0112773 0.1278155 0.1176109 0.1219825 0.1291734 0.1406582 0.0363782 0.1097116 0.1108249 0.1084954 0.1189160 0.1031036 0.1293563 0.1206115 0.0285744 0.1263091 0.1240139 0.0069546 0.1292688 0.0597778 
Phalangeridae_Trichosurus_vulpecula          0.0574774 0.0996429 0.0625248 0.0583440 0.0587313 0.1136537 0.0000000 0.0278031 0.0606559 0.0915109 0.0528245 0.0289988 0.1107534 0.1366853 0.0329983 0.0945726 0.1127832 0.1091991 0.1001201 0.0686238 0.0686582 0.1534733 0.1315455 0.1241834 0.0610987 0.0829741 0.0602588 0.0656696 0.0625119 0.1260091 0.0978927 0.0528245 0.0306903 0.0953579 0.1121172 0.0963275 0.1554187 
Phalangeridae_Spilocuscus_maculatus          0.0540199 0.0957138 0.0602097 0.0576673 0.0587464 0.1087873 0.0278031 0.0000000 0.0591644 0.0825128 0.0556272 0.0228730 0.1040585 0.1310538 0.0291038 0.0903013 0.1060689 0.1061322 0.0910167 0.0667588 0.0682783 0.1361569 0.1207464 0.1152444 0.0605586 0.0802893 0.0595026 0.0656441 0.0609982 0.1143885 0.0920886 0.0556272 0.0245863 0.0857682 0.1090456 0.0866279 0.1531070 
Potoroidae_Aepyprymnus_rufescens             0.0585260 0.0989491 0.0675325 0.0157168 0.0171274 0.1206654 0.0606559 0.0591644 0.0000000 0.0903547 0.0748841 0.0708515 0.1178188 0.1405976 0.0786445 0.0967161 0.1206485 0.1135808 0.0962518 0.0317810 0.0716524 0.1299858 0.1269408 0.1270746 0.0438106 0.0870571 0.0647778 0.0314615 0.0640282 0.1050838 0.0938196 0.0748841 0.0699289 0.0951909 0.1178221 0.0948726 0.1647663 
Peramelidae_Perameles_nasuta                 0.0873637 0.1111577 0.0866783 0.0890792 0.0897871 0.1231858 0.0915109 0.0825128 0.0903547 0.0000000 0.0626041 0.1019277 0.1169312 0.1403387 0.1106517 0.1219895 0.1226357 0.1171323 0.0193674 0.0959714 0.0950175 0.1362692 0.1346866 0.1310345 0.0922306 0.0920249 0.0883456 0.0967514 0.0870246 0.1177312 0.1210684 0.0626041 0.1048139 0.0195055 0.1208914 0.0012127 0.1801382 
Myrmecobiidae_Myrmecobius_fasciatus1         0.0616525 0.1205659 0.0573833 0.0647938 0.0760210 0.0285744 0.0528245 0.0556272 0.0748841 0.0626041 0.0000000 0.0909511 0.0214739 0.0406216 0.0947290 0.1321127 0.0174699 0.0288198 0.0878092 0.0688500 0.0568719 0.0726678 0.0915978 0.0504365 0.0611717 0.0540435 0.0587001 0.0653477 0.0660883 0.0572852 0.0539692 0.0000010 0.0963604 0.0726526 0.0248956 0.0551086 9.0000000 
Phalangeridae_Strigocuscus_pelengensis       0.0636815 0.1103895 0.0691760 0.0687824 0.0695428 0.1191719 0.0289988 0.0228730 0.0708515 0.1019277 0.0909511 0.0000000 0.1151768 0.1414191 0.0238159 0.1044262 0.1167400 0.1178073 0.1085229 0.0798981 0.0793140 0.1621791 0.1394267 0.1293999 0.0705238 0.0938321 0.0694280 0.0760526 0.0736841 0.1393915 0.1058664 0.0909511 0.0216383 0.1042421 0.1196573 0.1060223 0.1661833 
Dasyuridae_Phascogale_tapoatafa              0.1016712 0.1276162 0.0989044 0.1098921 0.1119282 0.0285996 0.1107534 0.1040585 0.1178188 0.1169312 0.0214739 0.1151768 0.0000000 0.0504093 0.1224358 0.1283330 0.0052126 0.0289724 0.1237955 0.1122371 0.1195928 0.1331958 0.1439642 0.0233453 0.1086796 0.1088911 0.1062707 0.1152635 0.1057037 0.1284587 0.1187073 0.0214739 0.1192961 0.1191877 0.0297107 0.1230487 0.0553459 
Dasyuridae_Sminthopsis_macroura              0.1307135 0.1489527 0.1163662 0.1335270 0.1373156 0.0561833 0.1366853 0.1310538 0.1405976 0.1403387 0.0406216 0.1414191 0.0504093 0.0000000 0.1507681 0.1451526 0.0532503 0.0542001 0.1445953 0.1380355 0.1467866 0.1262327 0.1570241 0.0530970 0.1334489 0.1335544 0.1298891 0.1359281 0.1338020 0.1292612 0.1299323 0.0406216 0.1487049 0.1397915 0.0577990 0.1457171 0.0562577 
Phalangeridae_Phalanger_orientalis           0.0730028 0.1218952 0.0761945 0.0772883 0.0775616 0.1287075 0.0329983 0.0291038 0.0786445 0.1106517 0.0947290 0.0238159 0.1224358 0.1507681 0.0000000 0.1082598 0.1238944 0.1251006 0.1173987 0.0881079 0.0882339 0.1820403 0.1467305 0.1360221 0.0746262 0.1036807 0.0770954 0.0854337 0.0779071 0.1583710 0.1142708 0.0947290 0.0176184 0.1124954 0.1280851 0.1147292 0.1755339 
Acrobatidae_Acrobates_pygmaeus               0.0905865 0.1254426 0.0893928 0.0928073 0.0963458 0.1303819 0.0945726 0.0903013 0.0967161 0.1219895 0.1321127 0.1044262 0.1283330 0.1451526 0.1082598 0.0000000 0.1283121 0.1242727 0.1262887 0.0940651 0.0991407 0.1473839 0.1532890 0.1369147 0.0957271 0.1131635 0.0859568 0.0945244 0.0880762 0.1194629 0.0790870 0.1321127 0.1057273 0.1238115 0.1277671 0.1275648 0.1566995 
Dasyuridae_Phascogale_calura                 0.1048119 0.1288702 0.0987955 0.1139087 0.1160204 0.0298018 0.1127832 0.1060689 0.1206485 0.1226357 0.0174699 0.1167400 0.0052126 0.0532503 0.1238944 0.1283121 0.0000000 0.0300493 0.1270750 0.1154709 0.1230303 0.1347094 0.1443971 0.0231648 0.1115116 0.1105919 0.1082940 0.1187939 0.1069634 0.1350707 0.1217516 0.0174699 0.1225003 0.1217565 0.0308223 0.1278200 0.0580473 
Dasyuridae_Sarcophilus_harrisii              0.1019360 0.1288972 0.0966824 0.1065573 0.1083854 0.0112773 0.1091991 0.1061322 0.1135808 0.1171323 0.0288198 0.1178073 0.0289724 0.0542001 0.1251006 0.1242727 0.0300493 0.0000000 0.1227153 0.1144121 0.1175366 0.1318402 0.1419291 0.0352321 0.1071893 0.1048604 0.1047806 0.1149639 0.0996108 0.1276261 0.1148721 0.0288198 0.1204743 0.1183852 0.0099928 0.1231404 0.0598537 
Peramelidae_Echymipera_kalubu                0.0947415 0.1146524 0.0911149 0.0957696 0.0959504 0.1278155 0.1001201 0.0910167 0.0962518 0.0193674 0.0878092 0.1085229 0.1237955 0.1445953 0.1173987 0.1262887 0.1270750 0.1227153 0.0000000 0.1004102 0.1031159 0.1383622 0.1378303 0.1381427 0.0966470 0.0955972 0.0933637 0.1000960 0.0901498 0.1263232 0.1247889 0.0878092 0.1100032 0.0163211 0.1267874 0.0188569 0.1810046 
Macropodidae_Dorcopsulus_vanheurni           0.0638105 0.1071561 0.0744598 0.0273989 0.0300126 0.1176109 0.0686238 0.0667588 0.0317810 0.0959714 0.0688500 0.0798981 0.1122371 0.1380355 0.0881079 0.0940651 0.1154709 0.1144121 0.1004102 0.0000000 0.0771359 0.1282483 0.1392453 0.1247527 0.0479115 0.0918625 0.0695463 0.0167320 0.0692897 0.1027303 0.0896231 0.0688500 0.0818885 0.0987582 0.1170557 0.1011156 0.1556519 
Pseudochiridae_Pseudochirulus_forbesi        0.0616477 0.1031591 0.0759401 0.0688400 0.0694961 0.1219825 0.0686582 0.0682783 0.0716524 0.0950175 0.0568719 0.0793140 0.1195928 0.1467866 0.0882339 0.0991407 0.1230303 0.1175366 0.1031159 0.0771359 0.0000000 0.1436691 0.1336366 0.1318429 0.0715360 0.0894847 0.0331289 0.0748418 0.0216074 0.0964424 0.0993372 0.0568719 0.0828666 0.1001821 0.1202723 0.1009392 0.1677225 
Didelphidae_Didelphis_virginiana             0.1276712 0.1504482 0.1316579 0.1188088 0.1249686 0.1291734 0.1534733 0.1361569 0.1299858 0.1362692 0.0726678 0.1621791 0.1331958 0.1262327 0.1820403 0.1473839 0.1347094 0.1318402 0.1383622 0.1282483 0.1436691 0.0000000 0.0416389 0.1399349 0.1291743 0.1254979 0.1286416 0.1280687 0.1236431 0.1618576 0.1189109 0.0726678 0.1702854 0.1368254 0.1369687 0.1472160 0.1175665 
Marmosidae_Monodelphis_domestica             0.1223333 0.1434248 0.1167912 0.1240018 0.1261396 0.1406582 0.1315455 0.1207464 0.1269408 0.1346866 0.0915978 0.1394267 0.1439642 0.1570241 0.1467305 0.1532890 0.1443971 0.1419291 0.1378303 0.1392453 0.1336366 0.0416389 0.0000000 0.1498889 0.1301173 0.1229201 0.1235285 0.1388829 0.1211831 0.1576913 0.1511255 0.0915978 0.1377389 0.1343183 0.1444137 0.1386952 0.1929919 
Dasyuridae_Antechinus_stuartii               0.1144907 0.1391731 0.1081726 0.1198673 0.1233000 0.0363782 0.1241834 0.1152444 0.1270746 0.1310345 0.0504365 0.1293999 0.0233453 0.0530970 0.1360221 0.1369147 0.0231648 0.0352321 0.1381427 0.1247527 0.1318429 0.1399349 0.1498889 0.0000000 0.1178343 0.1221761 0.1160875 0.1255762 0.1142989 0.1388539 0.1245937 0.0504365 0.1322556 0.1301480 0.0371760 0.1372401 0.0581964 
Hypsiprymnodontidae_Hypsiprymnodon_moschatus 0.0591149 0.0945619 0.0652634 0.0381917 0.0383426 0.1097116 0.0610987 0.0605586 0.0438106 0.0922306 0.0611717 0.0705238 0.1086796 0.1334489 0.0746262 0.0957271 0.1115116 0.1071893 0.0966470 0.0479115 0.0715360 0.1291743 0.1301173 0.1178343 0.0000000 0.0885957 0.0628500 0.0425523 0.0660824 0.1027824 0.0915763 0.0611717 0.0693855 0.0970575 0.1110305 0.0974003 0.1605668 
Microbiotheriidae_Dromiciops_gliroides       0.0772120 0.1024119 0.0764195 0.0832428 0.0861286 0.1108249 0.0829741 0.0802893 0.0870571 0.0920249 0.0540435 0.0938321 0.1088911 0.1335544 0.1036807 0.1131635 0.1105919 0.1048604 0.0955972 0.0918625 0.0894847 0.1254979 0.1229201 0.1221761 0.0885957 0.0000000 0.0781253 0.0899645 0.0808863 0.1295931 0.1132713 0.0540435 0.0992705 0.0918606 0.1103710 0.0967335 0.1616048 
Pseudochiridae_Petauroides_volans            0.0576764 0.0930947 0.0613044 0.0599198 0.0613171 0.1084954 0.0602588 0.0595026 0.0647778 0.0883456 0.0587001 0.0694280 0.1062707 0.1298891 0.0770954 0.0859568 0.1082940 0.1047806 0.0933637 0.0695463 0.0331289 0.1286416 0.1235285 0.1160875 0.0628500 0.0781253 0.0000000 0.0662404 0.0277750 0.0859303 0.0837469 0.0587001 0.0711807 0.0910893 0.1078643 0.0933568 0.1492055 
Macropodidae_Wallabia_bicolor                0.0634204 0.1040079 0.0729766 0.0264319 0.0286136 0.1189160 0.0656696 0.0656441 0.0314615 0.0967514 0.0653477 0.0760526 0.1152635 0.1359281 0.0854337 0.0945244 0.1187939 0.1149639 0.1000960 0.0167320 0.0748418 0.1280687 0.1388829 0.1255762 0.0425523 0.0899645 0.0662404 0.0000000 0.0674721 0.1001790 0.0897267 0.0653477 0.0788068 0.0984716 0.1183816 0.1013345 0.1611825 
Pseudochiridae_Pseudocheirus_occidentalis    0.0587152 0.0882073 0.0619532 0.0616482 0.0639728 0.1031036 0.0625119 0.0609982 0.0640282 0.0870246 0.0660883 0.0736841 0.1057037 0.1338020 0.0779071 0.0880762 0.1069634 0.0996108 0.0901498 0.0692897 0.0216074 0.1236431 0.1211831 0.1142989 0.0660824 0.0808863 0.0277750 0.0674721 0.0000000 0.0890785 0.0913865 0.0660883 0.0729820 0.0888176 0.1018644 0.0893852 0.1568844 
Tarsipedidae_Tarsipes_rostratus              0.1154833 0.1533226 0.1047624 0.0953770 0.0965341 0.1293563 0.1260091 0.1143885 0.1050838 0.1177312 0.0572852 0.1393915 0.1284587 0.1292612 0.1583710 0.1194629 0.1350707 0.1276261 0.1263232 0.1027303 0.0964424 0.1618576 0.1576913 0.1388539 0.1027824 0.1295931 0.0859303 0.1001790 0.0890785 0.0000000 0.0990692 0.0572852 0.1484963 0.1268704 0.1256964 0.1236440 0.1212659 
Acrobatidae_Distoechurus_pennatus            0.0894798 0.1318208 0.0885004 0.0880964 0.0905093 0.1206115 0.0978927 0.0920886 0.0938196 0.1210684 0.0539692 0.1058664 0.1187073 0.1299323 0.1142708 0.0790870 0.1217516 0.1148721 0.1247889 0.0896231 0.0993372 0.1189109 0.1511255 0.1245937 0.0915763 0.1132713 0.0837469 0.0897267 0.0913865 0.0990692 0.0000000 0.0539692 0.1124899 0.1242322 0.1202331 0.1265412 0.1558870 
Myrmecobiidae_Myrmecobius_fasciatus2         0.0616525 0.1205659 0.0573833 0.0647938 0.0760210 0.0285744 0.0528245 0.0556272 0.0748841 0.0626041 0.0000010 0.0909511 0.0214739 0.0406216 0.0947290 0.1321127 0.0174699 0.0288198 0.0878092 0.0688500 0.0568719 0.0726678 0.0915978 0.0504365 0.0611717 0.0540435 0.0587001 0.0653477 0.0660883 0.0572852 0.0539692 0.0000000 0.0963604 0.0726526 0.0248956 0.0551086 9.0000000 
Phalangeridae_Phalanger_carmelitae           0.0678330 0.1150778 0.0698838 0.0695543 0.0688951 0.1263091 0.0306903 0.0245863 0.0699289 0.1048139 0.0963604 0.0216383 0.1192961 0.1487049 0.0176184 0.1057273 0.1225003 0.1204743 0.1100032 0.0818885 0.0828666 0.1702854 0.1377389 0.1322556 0.0693855 0.0992705 0.0711807 0.0788068 0.0729820 0.1484963 0.1124899 0.0963604 0.0000000 0.1081100 0.1245108 0.1088652 0.1725215 
Peramelidae_Peroryctes_raffrayana            0.0902153 0.1058705 0.0872700 0.0925994 0.0941341 0.1240139 0.0953579 0.0857682 0.0951909 0.0195055 0.0726526 0.1042421 0.1191877 0.1397915 0.1124954 0.1238115 0.1217565 0.1183852 0.0163211 0.0987582 0.1001821 0.1368254 0.1343183 0.1301480 0.0970575 0.0918606 0.0910893 0.0984716 0.0888176 0.1268704 0.1242322 0.0726526 0.1081100 0.0000000 0.1227639 0.0200215 0.1790560 
Dasyuridae_Dasyurus_geffroii                 0.1052734 0.1333617 0.1004949 0.1108127 0.1137104 0.0069546 0.1121172 0.1090456 0.1178221 0.1208914 0.0248956 0.1196573 0.0297107 0.0577990 0.1280851 0.1277671 0.0308223 0.0099928 0.1267874 0.1170557 0.1202723 0.1369687 0.1444137 0.0371760 0.1110305 0.1103710 0.1078643 0.1183816 0.1018644 0.1256964 0.1202331 0.0248956 0.1245108 0.1227639 0.0000000 0.1270409 0.0597701 
Peramelidae_Perameles_gunnii                 0.0918585 0.1140360 0.0913122 0.0945034 0.0952773 0.1292688 0.0963275 0.0866279 0.0948726 0.0012127 0.0551086 0.1060223 0.1230487 0.1457171 0.1147292 0.1275648 0.1278200 0.1231404 0.0188569 0.1011156 0.1009392 0.1472160 0.1386952 0.1372401 0.0974003 0.0967335 0.0933568 0.1013345 0.0893852 0.1236440 0.1265412 0.0551086 0.1088652 0.0200215 0.1270409 0.0000000 0.1843929 
Dasyuridae_Planigale_tenuirostris            0.1475959 0.1848738 0.1422485 0.1587571 0.1612557 0.0597778 0.1554187 0.1531070 0.1647663 0.1801382 9.0000000 0.1661833 0.0553459 0.0562577 0.1755339 0.1566995 0.0580473 0.0598537 0.1810046 0.1556519 0.1677225 0.1175665 0.1929919 0.0581964 0.1605668 0.1616048 0.1492055 0.1611825 0.1568844 0.1212659 0.1558870 9.0000000 0.1725215 0.1790560 0.0597701 0.1843929 0.0000000 
