35
Burramyidae_Burramys_parvus                  0.0000000 0.0772286 0.0440080 0.0449696 0.0433627 0.0689155 0.0312731 0.0369078 0.0460616 0.0715508 0.0371178 0.0710194 0.0845466 0.0369322 0.0482410 0.0692406 0.0673554 0.0658915 0.0681798 0.0489511 0.0574745 0.0830613 0.1203818 0.0652149 0.0466465 0.0753249 0.0505527 0.0513658 0.0526281 0.0666047 0.0506006 0.0373796 0.0680105 0.0655238 0.0697568 
Notoryctidae_Notoryctes_typhlops             0.0772286 0.0000000 0.0679018 0.0761455 0.0766454 0.0810318 0.0709432 0.0775056 0.0791502 0.0887001 0.0737497 0.0808271 0.0997666 0.0775056 0.0821963 0.0801522 0.0818005 0.0822877 0.0857525 0.0853739 0.0931519 0.0988736 0.1388171 0.0782329 0.0822144 0.0853290 0.0899999 0.0862877 0.0874190 0.1071893 0.0862874 0.0780035 0.0820417 0.0798532 0.0875234 
Vombatidae_Lasiorhinus_latifrons             0.0440080 0.0679018 0.0000000 0.0434164 0.0428609 0.0693884 0.0341552 0.0398310 0.0450075 0.0709382 0.0354911 0.0721929 0.0941984 0.0383309 0.0466145 0.0696608 0.0700989 0.0648312 0.0667613 0.0473590 0.0504930 0.0760587 0.1089767 0.0689971 0.0504182 0.0679812 0.0457875 0.0497788 0.0455896 0.0675995 0.0459756 0.0387766 0.0663862 0.0665807 0.0698757 
Potoroidae_Bettongia_penicillata             0.0449696 0.0761455 0.0434164 0.0000000 0.0022046 0.0738449 0.0395434 0.0432785 0.0102922 0.0769209 0.0419990 0.0760519 0.0902949 0.0463712 0.0474379 0.0734830 0.0745198 0.0719213 0.0717692 0.0154234 0.0570617 0.0900797 0.1228210 0.0702457 0.0292679 0.0733512 0.0511867 0.0188035 0.0485777 0.0689708 0.0516205 0.0478495 0.0740623 0.0720883 0.0750499 
Potoroidae_Bettongia_lesueur                 0.0433627 0.0766454 0.0428609 0.0022046 0.0000000 0.0731981 0.0379939 0.0417026 0.0098293 0.0751034 0.0404212 0.0742582 0.0902949 0.0447785 0.0474848 0.0717104 0.0738703 0.0698297 0.0699933 0.0140202 0.0553617 0.0899568 0.1219677 0.0684752 0.0277885 0.0726913 0.0495324 0.0173746 0.0469691 0.0671580 0.0499824 0.0462514 0.0722482 0.0714468 0.0732461 
Dasyuridae_Dasyurus_maculatus                0.0689155 0.0810318 0.0693884 0.0738449 0.0731981 0.0000000 0.0642766 0.0694394 0.0756396 0.0807450 0.0626181 0.0211248 0.0435419 0.0688794 0.0819214 0.0210685 0.0080480 0.0229860 0.0777758 0.0811837 0.0842883 0.0885894 0.1232786 0.0202975 0.0764830 0.0771132 0.0701231 0.0806224 0.0755346 0.0970951 0.0815349 0.0693193 0.0756195 0.0053525 0.0789116 
Phalangeridae_Trichosurus_vulpecula          0.0312731 0.0709432 0.0341552 0.0395434 0.0379939 0.0642766 0.0000000 0.0158706 0.0431423 0.0660983 0.0141188 0.0650467 0.0782741 0.0186712 0.0405960 0.0640134 0.0627099 0.0594720 0.0617417 0.0433902 0.0477338 0.0751918 0.1096429 0.0623604 0.0431960 0.0662274 0.0393293 0.0472779 0.0423130 0.0568721 0.0418964 0.0181754 0.0627335 0.0603972 0.0643258 
Phalangeridae_Spilocuscus_maculatus          0.0369078 0.0775056 0.0398310 0.0432785 0.0417026 0.0694394 0.0158706 0.0000000 0.0479740 0.0688600 0.0071951 0.0690806 0.0899763 0.0098522 0.0470612 0.0691517 0.0689737 0.0640734 0.0644972 0.0459558 0.0555304 0.0770853 0.1185914 0.0659291 0.0480349 0.0698544 0.0457601 0.0499519 0.0471512 0.0657542 0.0472603 0.0084782 0.0654912 0.0654935 0.0671171 
Potoroidae_Aepyprymnus_rufescens             0.0460616 0.0791502 0.0450075 0.0102922 0.0098293 0.0756396 0.0431423 0.0479740 0.0000000 0.0793351 0.0451412 0.0772816 0.0984572 0.0479740 0.0502499 0.0746973 0.0757459 0.0700017 0.0758526 0.0177707 0.0604336 0.0878484 0.1236779 0.0714576 0.0327154 0.0734300 0.0533916 0.0202411 0.0517752 0.0707961 0.0532693 0.0494579 0.0758889 0.0733015 0.0774464 
Peramelidae_Perameles_nasuta                 0.0715508 0.0887001 0.0709382 0.0769209 0.0751034 0.0807450 0.0660983 0.0688600 0.0793351 0.0000000 0.0672392 0.0838734 0.1030389 0.0700290 0.0820717 0.0819718 0.0820921 0.0804652 0.0127122 0.0806803 0.0871883 0.0918596 0.1224439 0.0788382 0.0748445 0.0854245 0.0751303 0.0817705 0.0765329 0.0991956 0.0784210 0.0715920 0.0114273 0.0809190 0.0004454 
Phalangeridae_Strigocuscus_pelengensis       0.0371178 0.0737497 0.0354911 0.0419990 0.0404212 0.0626181 0.0141188 0.0071951 0.0451412 0.0672392 0.0000000 0.0652587 0.0859379 0.0099295 0.0463823 0.0628476 0.0621490 0.0604123 0.0639956 0.0426362 0.0498338 0.0772565 0.1174480 0.0606465 0.0478080 0.0672189 0.0406542 0.0465033 0.0422326 0.0597458 0.0469758 0.0085498 0.0644279 0.0581800 0.0653998 
Dasyuridae_Phascogale_tapoatafa              0.0710194 0.0808271 0.0721929 0.0760519 0.0742582 0.0211248 0.0650467 0.0690806 0.0772816 0.0838734 0.0652587 0.0000000 0.0429575 0.0718764 0.0802874 0.0085271 0.0211114 0.0207227 0.0808707 0.0822654 0.0860640 0.0868715 0.1201833 0.0132287 0.0787128 0.0828453 0.0716219 0.0834800 0.0789009 0.0983019 0.0820010 0.0700755 0.0786977 0.0197644 0.0819718 
Dasyuridae_Sminthopsis_macroura              0.0845466 0.0997666 0.0941984 0.0902949 0.0902949 0.0435419 0.0782741 0.0899763 0.0984572 0.1030389 0.0859379 0.0429575 0.0000000 0.0927659 0.0950616 0.0385787 0.0434748 0.0318080 0.0986969 0.0978219 0.1045488 0.1165522 0.1682073 0.0382724 0.0949164 0.1001658 0.0924737 0.1000697 0.0984518 0.1224976 0.0937566 0.0927659 0.0987037 0.0402426 0.1011695 
Phalangeridae_Phalanger_orientalis           0.0369322 0.0775056 0.0383309 0.0463712 0.0447785 0.0688794 0.0186712 0.0098522 0.0479740 0.0700290 0.0099295 0.0718764 0.0927659 0.0000000 0.0481590 0.0708287 0.0695346 0.0661120 0.0650467 0.0480670 0.0522573 0.0763688 0.1172161 0.0681683 0.0490789 0.0692825 0.0462561 0.0510430 0.0476732 0.0651286 0.0456950 0.0022046 0.0666093 0.0660481 0.0682309 
Acrobatidae_Acrobates_pygmaeus               0.0482410 0.0821963 0.0466145 0.0474379 0.0474848 0.0819214 0.0405960 0.0470612 0.0502499 0.0820717 0.0463823 0.0802874 0.0950616 0.0481590 0.0000000 0.0797822 0.0814430 0.0760154 0.0752894 0.0532248 0.0576909 0.0820047 0.1224852 0.0757309 0.0570499 0.0772240 0.0490794 0.0568353 0.0498902 0.0634931 0.0317305 0.0491454 0.0764327 0.0788860 0.0804846 
Dasyuridae_Phascogale_calura                 0.0692406 0.0801522 0.0696608 0.0734830 0.0717104 0.0210685 0.0640134 0.0691517 0.0746973 0.0819718 0.0628476 0.0085271 0.0385787 0.0708287 0.0797822 0.0000000 0.0210552 0.0200754 0.0792254 0.0796754 0.0827847 0.0849401 0.1168209 0.0090196 0.0778848 0.0820986 0.0697019 0.0802180 0.0752165 0.0947838 0.0824077 0.0690327 0.0781430 0.0192395 0.0800856 
Dasyuridae_Sarcophilus_harrisii              0.0673554 0.0818005 0.0700989 0.0745198 0.0738703 0.0080480 0.0627099 0.0689737 0.0757459 0.0820921 0.0621490 0.0211114 0.0434748 0.0695346 0.0814430 0.0210552 0.0000000 0.0235786 0.0790966 0.0818858 0.0832714 0.0896188 0.1222414 0.0202975 0.0765911 0.0778729 0.0707983 0.0813274 0.0756406 0.0946966 0.0822949 0.0688544 0.0768934 0.0071647 0.0801897 
Dasyuridae_Planigale_tenuirostris            0.0658915 0.0822877 0.0648312 0.0719213 0.0698297 0.0229860 0.0594720 0.0640734 0.0700017 0.0804652 0.0604123 0.0207227 0.0318080 0.0661120 0.0760154 0.0200754 0.0235786 0.0000000 0.0790356 0.0777106 0.0778197 0.0909402 0.1204539 0.0206820 0.0783950 0.0805244 0.0682739 0.0785602 0.0724148 0.0943723 0.0753841 0.0647252 0.0771952 0.0201417 0.0793344 
Peramelidae_Echymipera_kalubu                0.0681798 0.0857525 0.0667613 0.0717692 0.0699933 0.0777758 0.0617417 0.0644972 0.0758526 0.0127122 0.0639956 0.0808707 0.0986969 0.0650467 0.0752894 0.0792254 0.0790966 0.0790356 0.0000000 0.0765911 0.0840275 0.0889298 0.1193769 0.0759379 0.0702371 0.0838113 0.0735623 0.0777514 0.0736106 0.0926266 0.0760422 0.0665862 0.0086397 0.0779415 0.0117771 
Macropodidae_Dorcopsulus_vanheurni           0.0489511 0.0853739 0.0473590 0.0154234 0.0140202 0.0811837 0.0433902 0.0459558 0.0177707 0.0806803 0.0426362 0.0822654 0.0978219 0.0480670 0.0532248 0.0796754 0.0818858 0.0777106 0.0765911 0.0000000 0.0608082 0.0946083 0.1278535 0.0775863 0.0314174 0.0766891 0.0559350 0.0080710 0.0536773 0.0736770 0.0552036 0.0495539 0.0778121 0.0793786 0.0788355 
Pseudochiridae_Pseudochirulus_forbesi        0.0574745 0.0931519 0.0504930 0.0570617 0.0553617 0.0842883 0.0477338 0.0555304 0.0604336 0.0871883 0.0498338 0.0860640 0.1045488 0.0522573 0.0576909 0.0827847 0.0832714 0.0778197 0.0840275 0.0608082 0.0000000 0.0899131 0.1065655 0.0794089 0.0606402 0.0836042 0.0274277 0.0646085 0.0162838 0.0537765 0.0518622 0.0532543 0.0843114 0.0818917 0.0852596 
Didelphidae_Didelphis_virginiana             0.0830613 0.0988736 0.0760587 0.0900797 0.0899568 0.0885894 0.0751918 0.0770853 0.0878484 0.0918596 0.0772565 0.0868715 0.1165522 0.0763688 0.0820047 0.0849401 0.0896188 0.0909402 0.0889298 0.0946083 0.0899131 0.0000000 0.0468343 0.0840427 0.0926210 0.0928354 0.0861325 0.0973894 0.0849019 0.0964127 0.0852832 0.0733554 0.0869556 0.0872635 0.0900743 
Marmosidae_Monodelphis_domestica             0.1203818 0.1388171 0.1089767 0.1228210 0.1219677 0.1232786 0.1096429 0.1185914 0.1236779 0.1224439 0.1174480 0.1201833 0.1682073 0.1172161 0.1224852 0.1168209 0.1222414 0.1204539 0.1193769 0.1278535 0.1065655 0.0468343 0.0000000 0.1166784 0.1217150 0.1194912 0.1199552 0.1313133 0.1193769 0.1361347 0.1238353 0.1156086 0.1188144 0.1213741 0.1200993 
Dasyuridae_Antechinus_stuartii               0.0652149 0.0782329 0.0689971 0.0702457 0.0684752 0.0202975 0.0623604 0.0659291 0.0714576 0.0788382 0.0606465 0.0132287 0.0382724 0.0681683 0.0757309 0.0090196 0.0202975 0.0206820 0.0759379 0.0775863 0.0794089 0.0840427 0.1166784 0.0000000 0.0734817 0.0793940 0.0669058 0.0767259 0.0725508 0.0935286 0.0779471 0.0663728 0.0753918 0.0194184 0.0774221 
Hypsiprymnodontidae_Hypsiprymnodon_moschatus 0.0466465 0.0822144 0.0504182 0.0292679 0.0277885 0.0764830 0.0431960 0.0480349 0.0327154 0.0748445 0.0478080 0.0787128 0.0949164 0.0490789 0.0570499 0.0778848 0.0765911 0.0783950 0.0702371 0.0314174 0.0606402 0.0926210 0.1217150 0.0734817 0.0000000 0.0741733 0.0563293 0.0351165 0.0545999 0.0734624 0.0545179 0.0505675 0.0708212 0.0734038 0.0729812 
Microbiotheriidae_Dromiciops_gliroides       0.0753249 0.0853290 0.0679812 0.0733512 0.0726913 0.0771132 0.0662274 0.0698544 0.0734300 0.0854245 0.0672189 0.0828453 0.1001658 0.0692825 0.0772240 0.0820986 0.0778729 0.0805244 0.0838113 0.0766891 0.0836042 0.0928354 0.1194912 0.0793940 0.0741733 0.0000000 0.0805448 0.0811727 0.0802597 0.0960829 0.0786295 0.0709259 0.0822267 0.0758809 0.0837021 
Pseudochiridae_Petauroides_volans            0.0505527 0.0899999 0.0457875 0.0511867 0.0495324 0.0701231 0.0393293 0.0457601 0.0533916 0.0751303 0.0406542 0.0716219 0.0924737 0.0462561 0.0490794 0.0697019 0.0707983 0.0682739 0.0735623 0.0559350 0.0274277 0.0861325 0.1199552 0.0669058 0.0563293 0.0805448 0.0000000 0.0578629 0.0233960 0.0504525 0.0496570 0.0456844 0.0732731 0.0683549 0.0738548 
Macropodidae_Wallabia_bicolor                0.0513658 0.0862877 0.0497788 0.0188035 0.0173746 0.0806224 0.0472779 0.0499519 0.0202411 0.0817705 0.0465033 0.0834800 0.1000697 0.0510430 0.0568353 0.0802180 0.0813274 0.0785602 0.0777514 0.0080710 0.0646085 0.0973894 0.1313133 0.0767259 0.0351165 0.0811727 0.0578629 0.0000000 0.0572599 0.0794980 0.0588812 0.0525475 0.0777021 0.0788080 0.0799670 
Pseudochiridae_Pseudocheirus_occidentalis    0.0526281 0.0874190 0.0455896 0.0485777 0.0469691 0.0755346 0.0423130 0.0471512 0.0517752 0.0765329 0.0422326 0.0789009 0.0984518 0.0476732 0.0498902 0.0752165 0.0756406 0.0724148 0.0736106 0.0536773 0.0162838 0.0849019 0.1193769 0.0725508 0.0545999 0.0802597 0.0233960 0.0572599 0.0000000 0.0501252 0.0494378 0.0481169 0.0736681 0.0732008 0.0746603 
Tarsipedidae_Tarsipes_rostratus              0.0666047 0.1071893 0.0675995 0.0689708 0.0671580 0.0970951 0.0568721 0.0657542 0.0707961 0.0991956 0.0597458 0.0983019 0.1224976 0.0651286 0.0634931 0.0947838 0.0946966 0.0943723 0.0926266 0.0736770 0.0537765 0.0964127 0.1361347 0.0935286 0.0734624 0.0960829 0.0504525 0.0794980 0.0501252 0.0000000 0.0680081 0.0639072 0.0956398 0.0932086 0.0969825 
Acrobatidae_Distoechurus_pennatus            0.0506006 0.0862874 0.0459756 0.0516205 0.0499824 0.0815349 0.0418964 0.0472603 0.0532693 0.0784210 0.0469758 0.0820010 0.0937566 0.0456950 0.0317305 0.0824077 0.0822949 0.0753841 0.0760422 0.0552036 0.0518622 0.0852832 0.1238353 0.0779471 0.0545179 0.0786295 0.0496570 0.0588812 0.0494378 0.0680081 0.0000000 0.0477052 0.0761914 0.0792103 0.0765878 
Phalangeridae_Phalanger_carmelitae           0.0373796 0.0780035 0.0387766 0.0478495 0.0462514 0.0693193 0.0181754 0.0084782 0.0494579 0.0715920 0.0085498 0.0700755 0.0927659 0.0022046 0.0491454 0.0690327 0.0688544 0.0647252 0.0665862 0.0495539 0.0532543 0.0733554 0.1156086 0.0663728 0.0505675 0.0709259 0.0456844 0.0525475 0.0481169 0.0639072 0.0477052 0.0000000 0.0682219 0.0653812 0.0697870 
Peramelidae_Peroryctes_raffrayana            0.0680105 0.0820417 0.0663862 0.0740623 0.0722482 0.0756195 0.0627335 0.0654912 0.0758889 0.0114273 0.0644279 0.0786977 0.0987037 0.0666093 0.0764327 0.0781430 0.0768934 0.0771952 0.0086397 0.0778121 0.0843114 0.0869556 0.1188144 0.0753918 0.0708212 0.0822267 0.0732731 0.0777021 0.0736681 0.0956398 0.0761914 0.0682219 0.0000000 0.0757282 0.0100698 
Dasyuridae_Dasyurus_geffroii                 0.0655238 0.0798532 0.0665807 0.0720883 0.0714468 0.0053525 0.0603972 0.0654935 0.0733015 0.0809190 0.0581800 0.0197644 0.0402426 0.0660481 0.0788860 0.0192395 0.0071647 0.0201417 0.0779415 0.0793786 0.0818917 0.0872635 0.1213741 0.0194184 0.0734038 0.0758809 0.0683549 0.0788080 0.0732008 0.0932086 0.0792103 0.0653812 0.0757282 0.0000000 0.0790245 
Peramelidae_Perameles_gunnii                 0.0697568 0.0875234 0.0698757 0.0750499 0.0732461 0.0789116 0.0643258 0.0671171 0.0774464 0.0004454 0.0653998 0.0819718 0.1011695 0.0682309 0.0804846 0.0800856 0.0801897 0.0793344 0.0117771 0.0788355 0.0852596 0.0900743 0.1200993 0.0774221 0.0729812 0.0837021 0.0738548 0.0799670 0.0746603 0.0969825 0.0765878 0.0697870 0.0100698 0.0790245 0.0000000 
