37
Burramyidae_Burramys_parvus                  0.0000000 0.1010696 0.1051905 0.1010696 0.0653890 0.0736670 0.0729079 0.0978346 0.0575181 0.0546178 0.0768287 0.1171114 0.0584395 0.1000159 0.0961490 0.0565626 0.0756653 0.1011383 0.0964066 0.1261947 0.0748680 0.0832249 0.1269558 0.1143574 0.0691181 0.0925916 0.0692485 0.0710480 0.0820893 0.0855865 0.0697047 0.0541982 0.1202010 0.0975000 0.1150245 0.0994712 0.1004078 
Thylacomyidae_Macrotis_lagotis1              0.1010696 0.0000000 0.1303010 0.0000010 0.0991895 0.1294289 0.1288850 0.1456672 0.1195136 0.1305814 0.1325829 0.0294155 0.1389305 0.1544923 0.1425337 0.1251650 0.1129155 0.1535660 0.1429371 0.0254323 0.1341587 0.1055333 0.1498810 0.1407357 0.1354739 0.1458496 0.1052060 0.1457326 0.1024688 0.1130183 0.1224277 0.1218632 0.0344377 0.1434974 0.0299762 9.0000000 9.0000000 
Notoryctidae_Notoryctes_typhlops             0.1051905 0.1303010 0.0000000 0.1303010 0.0989685 0.1120347 0.1094032 0.1197142 0.1036521 0.0991614 0.1148518 0.1374603 0.1044200 0.1210379 0.1214373 0.1015217 0.1151205 0.1260069 0.1167554 0.1411933 0.1138083 0.1184356 0.1548476 0.1378160 0.1059125 0.1151231 0.1051361 0.1089522 0.1188319 0.1281045 0.1135765 0.0977516 0.1366300 0.1193451 0.1345004 0.1207781 0.1231223 
Thylacomyidae_Macrotis_lagotis2              0.1010696 0.0000010 0.1303010 0.0000000 0.0991895 0.1294289 0.1288850 0.1456672 0.1195136 0.1305814 0.1325829 0.0294155 0.1389305 0.1544923 0.1425337 0.1251650 0.1129155 0.1535660 0.1429371 0.0254323 0.1341587 0.1055333 0.1498810 0.1407357 0.1354739 0.1458496 0.1052060 0.1457326 0.1024688 0.1130183 0.1224277 0.1218632 0.0344377 0.1434974 0.0299762 9.0000000 9.0000000 
Vombatidae_Lasiorhinus_latifrons             0.0653890 0.0991895 0.0989685 0.0991895 0.0000000 0.0733696 0.0749910 0.0922728 0.0612267 0.0611614 0.0788324 0.1119071 0.0677198 0.0924712 0.0949695 0.0627405 0.0784363 0.0963268 0.0912401 0.1172745 0.0769867 0.0906599 0.1249586 0.1099575 0.0720516 0.0917857 0.0736558 0.0715368 0.0906797 0.0997729 0.0756222 0.0603262 0.1126264 0.0922720 0.1099138 0.0915536 0.0924499 
Potoroidae_Bettongia_penicillata             0.0736670 0.1294289 0.1120347 0.1294289 0.0733696 0.0000000 0.0019366 0.0995151 0.0699956 0.0691179 0.0171435 0.1291936 0.0760957 0.1004022 0.1051049 0.0702467 0.0822593 0.1027505 0.0996634 0.1333270 0.0334582 0.0860003 0.1354782 0.1197772 0.0473079 0.1008198 0.0747485 0.0298674 0.0875532 0.0978808 0.0801763 0.0686218 0.1288931 0.1009825 0.1271304 0.1027637 0.1010011 
Potoroidae_Bettongia_lesueur                 0.0729079 0.1288850 0.1094032 0.1288850 0.0749910 0.0019366 0.0000000 0.0982038 0.0702481 0.0683570 0.0167838 0.1281038 0.0753233 0.0994719 0.1041401 0.0688035 0.0811074 0.1016793 0.0983578 0.1318745 0.0337375 0.0859059 0.1350058 0.1214599 0.0475724 0.1013762 0.0743333 0.0295679 0.0881420 0.0961653 0.0786779 0.0678420 0.1265381 0.0996727 0.1260487 0.1019559 0.1007130 
Dasyuridae_Dasyurus_maculatus                0.0978346 0.1456672 0.1197142 0.1456672 0.0922728 0.0995151 0.0982038 0.0000000 0.0964115 0.0932790 0.1036023 0.1232002 0.1004346 0.0182990 0.0307491 0.0948411 0.1106950 0.0191474 0.0025523 0.1314352 0.1067537 0.1149079 0.1411040 0.1291125 0.0963870 0.1038985 0.0999149 0.1037880 0.1153898 0.1228155 0.1059744 0.0923618 0.1252979 0.0017447 0.1219440 0.0243929 0.0168184 
Phalangeridae_Trichosurus_vulpecula          0.0575181 0.1195136 0.1036521 0.1195136 0.0612267 0.0699956 0.0702481 0.0964115 0.0000000 0.0184777 0.0782283 0.1172961 0.0246326 0.0983990 0.0990622 0.0209097 0.0731209 0.1002374 0.0961914 0.1260201 0.0789236 0.0793746 0.1242593 0.1136124 0.0663814 0.0944477 0.0651921 0.0737008 0.0818881 0.0892383 0.0708105 0.0179994 0.1182036 0.0964677 0.1152464 0.0937012 0.0967802 
Phalangeridae_Spilocuscus_maculatus          0.0546178 0.1305814 0.0991614 0.1305814 0.0611614 0.0691179 0.0683570 0.0932790 0.0184777 0.0000000 0.0748088 0.1155147 0.0084466 0.0970369 0.0969878 0.0040534 0.0716915 0.0972101 0.0943996 0.1252183 0.0761941 0.0772904 0.1205373 0.1108073 0.0642991 0.0904297 0.0657473 0.0720301 0.0806510 0.0900373 0.0698068 0.0025568 0.1180089 0.0944266 0.1137620 0.0924029 0.0951588 
Potoroidae_Aepyprymnus_rufescens             0.0768287 0.1325829 0.1148518 0.1325829 0.0788324 0.0171435 0.0167838 0.1036023 0.0782283 0.0748088 0.0000000 0.1300425 0.0794745 0.1053938 0.1103555 0.0753630 0.0860126 0.1051333 0.1041604 0.1348899 0.0355520 0.0906185 0.1399487 0.1280161 0.0516797 0.1052297 0.0775901 0.0310876 0.0919321 0.1014024 0.0846801 0.0736995 0.1312972 0.1051400 0.1282368 0.1084285 0.1082506 
Peramelidae_Perameles_nasuta                 0.1171114 0.0294155 0.1374603 0.0294155 0.1119071 0.1291936 0.1281038 0.1232002 0.1172961 0.1155147 0.1300425 0.0000000 0.1203581 0.1276436 0.1327569 0.1191646 0.1286612 0.1325498 0.1238529 0.0255949 0.1289521 0.1448658 0.1659607 0.1485477 0.1236542 0.1262432 0.1221502 0.1289202 0.1465915 0.1435786 0.1256478 0.1147804 0.0187018 0.1237032 0.0001209 0.1208094 0.1215685 
Phalangeridae_Strigocuscus_pelengensis       0.0584395 0.1389305 0.1044200 0.1389305 0.0677198 0.0760957 0.0753233 0.1004346 0.0246326 0.0084466 0.0794745 0.1203581 0.0000000 0.1017712 0.1012139 0.0092793 0.0778954 0.1017245 0.0998080 0.1281083 0.0803105 0.0821742 0.1289999 0.1160108 0.0685138 0.0982466 0.0707586 0.0767428 0.0840258 0.0939809 0.0732642 0.0064798 0.1226530 0.1012662 0.1183130 0.0989650 0.1003481 
Dasyuridae_Phascogale_tapoatafa              0.1000159 0.1544923 0.1210379 0.1544923 0.0924712 0.1004022 0.0994719 0.0182990 0.0983990 0.0970369 0.1053938 0.1276436 0.1017712 0.0000000 0.0308501 0.0991411 0.1117750 0.0010336 0.0177327 0.1331813 0.1077048 0.1152311 0.1442698 0.1299187 0.0969227 0.1072943 0.0993870 0.1039389 0.1159477 0.1229557 0.1074483 0.0961655 0.1295276 0.0180675 0.1263669 0.0267681 0.0077873 
Dasyuridae_Sminthopsis_macroura              0.0961490 0.1425337 0.1214373 0.1425337 0.0949695 0.1051049 0.1041401 0.0307491 0.0990622 0.0969878 0.1103555 0.1327569 0.1012139 0.0308501 0.0000000 0.0987749 0.1112617 0.0339112 0.0294382 0.1387840 0.1099306 0.1197707 0.1472158 0.1351257 0.1001536 0.1080886 0.1057474 0.1079819 0.1176989 0.1252393 0.1055222 0.0957942 0.1320082 0.0314334 0.1306238 0.0239723 0.0297011 
Phalangeridae_Phalanger_orientalis           0.0565626 0.1251650 0.1015217 0.1251650 0.0627405 0.0702467 0.0688035 0.0948411 0.0209097 0.0040534 0.0753630 0.1191646 0.0092793 0.0991411 0.0987749 0.0000000 0.0735327 0.0982913 0.0945835 0.1267768 0.0787629 0.0783457 0.1251171 0.1137562 0.0637684 0.0932257 0.0673734 0.0739123 0.0811088 0.0930491 0.0708605 0.0011520 0.1195679 0.0952611 0.1171085 0.0959083 0.0984034 
Acrobatidae_Acrobates_pygmaeus               0.0756653 0.1129155 0.1151205 0.1129155 0.0784363 0.0822593 0.0811074 0.1106950 0.0731209 0.0716915 0.0860126 0.1286612 0.0778954 0.1117750 0.1112617 0.0735327 0.0000000 0.1125689 0.1100693 0.1372055 0.0851862 0.0857891 0.1404243 0.1287120 0.0794914 0.1062774 0.0752241 0.0832855 0.0853130 0.0951444 0.0437272 0.0699422 0.1305684 0.1126145 0.1276682 0.1068566 0.1130003 
Dasyuridae_Phascogale_calura                 0.1011383 0.1535660 0.1260069 0.1535660 0.0963268 0.1027505 0.1016793 0.0191474 0.1002374 0.0972101 0.1051333 0.1325498 0.1017245 0.0010336 0.0339112 0.0982913 0.1125689 0.0000000 0.0167879 0.1392130 0.1142187 0.1181742 0.1475453 0.1344628 0.1010078 0.1155635 0.1010999 0.1092732 0.1202864 0.1183238 0.1097328 0.0961300 0.1351258 0.0188617 0.1310567 0.0265043 0.0105955 
Dasyuridae_Sarcophilus_harrisii              0.0964066 0.1429371 0.1167554 0.1429371 0.0912401 0.0996634 0.0983578 0.0025523 0.0961914 0.0943996 0.1041604 0.1238529 0.0998080 0.0177327 0.0294382 0.0945835 0.1100693 0.0167879 0.0000000 0.1310243 0.1073342 0.1126625 0.1415243 0.1289789 0.0946018 0.1012954 0.1006360 0.1047099 0.1141543 0.1199417 0.1050705 0.0924750 0.1257811 0.0027889 0.1221864 0.0271442 0.0186835 
Peramelidae_Echymipera_kalubu                0.1261947 0.0254323 0.1411933 0.0254323 0.1172745 0.1333270 0.1318745 0.1314352 0.1260201 0.1252183 0.1348899 0.0255949 0.1281083 0.1331813 0.1387840 0.1267768 0.1372055 0.1392130 0.1310243 0.0000000 0.1347010 0.1546625 0.1701529 0.1547682 0.1293805 0.1317129 0.1339022 0.1332741 0.1577036 0.1589037 0.1312194 0.1227888 0.0240538 0.1320111 0.0256476 0.1345733 0.1307499 
Macropodidae_Dorcopsulus_vanheurni           0.0748680 0.1341587 0.1138083 0.1341587 0.0769867 0.0334582 0.0337375 0.1067537 0.0789236 0.0761941 0.0355520 0.1289521 0.0803105 0.1077048 0.1099306 0.0787629 0.0851862 0.1142187 0.1073342 0.1347010 0.0000000 0.0941264 0.1376934 0.1280308 0.0521273 0.1031295 0.0814472 0.0072842 0.0907151 0.1020999 0.0821836 0.0757089 0.1300273 0.1078743 0.1272965 0.1068117 0.1090992 
Pseudochiridae_Pseudochirulus_forbesi        0.0832249 0.1055333 0.1184356 0.1055333 0.0906599 0.0860003 0.0859059 0.1149079 0.0793746 0.0772904 0.0906185 0.1448658 0.0821742 0.1152311 0.1197707 0.0783457 0.0857891 0.1181742 0.1126625 0.1546625 0.0941264 0.0000000 0.1577953 0.1427423 0.0886813 0.1206305 0.0433066 0.0898644 0.0360833 0.0899694 0.0813598 0.0754082 0.1445933 0.1155407 0.1425722 0.1226893 0.1213890 
Didelphidae_Didelphis_virginiana             0.1269558 0.1498810 0.1548476 0.1498810 0.1249586 0.1354782 0.1350058 0.1411040 0.1242593 0.1205373 0.1399487 0.1659607 0.1289999 0.1442698 0.1472158 0.1251171 0.1404243 0.1475453 0.1415243 0.1701529 0.1376934 0.1577953 0.0000000 0.0373928 0.1338169 0.1400911 0.1413453 0.1342157 0.1537805 0.1550604 0.1369839 0.1211615 0.1668364 0.1410520 0.1642210 0.1608211 0.1539035 
Marmosidae_Monodelphis_domestica             0.1143574 0.1407357 0.1378160 0.1407357 0.1099575 0.1197772 0.1214599 0.1291125 0.1136124 0.1108073 0.1280161 0.1485477 0.1160108 0.1299187 0.1351257 0.1137562 0.1287120 0.1344628 0.1289789 0.1547682 0.1280308 0.1427423 0.0373928 0.0000000 0.1174598 0.1288833 0.1259937 0.1237196 0.1354112 0.1425634 0.1243317 0.1102407 0.1479689 0.1276739 0.1476262 0.1398424 0.1318023 
Hypsiprymnodontidae_Hypsiprymnodon_moschatus 0.0691181 0.1354739 0.1059125 0.1354739 0.0720516 0.0473079 0.0475724 0.0963870 0.0663814 0.0642991 0.0516797 0.1236542 0.0685138 0.0969227 0.1001536 0.0637684 0.0794914 0.1010078 0.0946018 0.1293805 0.0521273 0.0886813 0.1338169 0.1174598 0.0000000 0.0977207 0.0734823 0.0482614 0.0896998 0.1011512 0.0783114 0.0628406 0.1229706 0.0953170 0.1215784 0.0956159 0.0944415 
Microbiotheriidae_Dromiciops_gliroides       0.0925916 0.1458496 0.1151231 0.1458496 0.0917857 0.1008198 0.1013762 0.1038985 0.0944477 0.0904297 0.1052297 0.1262432 0.0982466 0.1072943 0.1080886 0.0932257 0.1062774 0.1155635 0.1012954 0.1317129 0.1031295 0.1206305 0.1400911 0.1288833 0.0977207 0.0000000 0.1056348 0.1003060 0.1197162 0.1204301 0.1098721 0.0898192 0.1252880 0.1043361 0.1250422 0.1052368 0.1043667 
Pseudochiridae_Petauroides_volans            0.0692485 0.1052060 0.1051361 0.1052060 0.0736558 0.0747485 0.0743333 0.0999149 0.0651921 0.0657473 0.0775901 0.1221502 0.0707586 0.0993870 0.1057474 0.0673734 0.0752241 0.1010999 0.1006360 0.1339022 0.0814472 0.0433066 0.1413453 0.1259937 0.0734823 0.1056348 0.0000000 0.0760107 0.0429575 0.0778561 0.0716374 0.0656661 0.1288360 0.0998640 0.1204373 0.1053139 0.1044725 
Macropodidae_Wallabia_bicolor                0.0710480 0.1457326 0.1089522 0.1457326 0.0715368 0.0298674 0.0295679 0.1037880 0.0737008 0.0720301 0.0310876 0.1289202 0.0767428 0.1039389 0.1079819 0.0739123 0.0832855 0.1092732 0.1047099 0.1332741 0.0072842 0.0898644 0.1342157 0.1237196 0.0482614 0.1003060 0.0760107 0.0000000 0.0868887 0.0998701 0.0812251 0.0718514 0.1290358 0.1054939 0.1276040 0.1045970 0.1040021 
Pseudochiridae_Pseudocheirus_occidentalis    0.0820893 0.1024688 0.1188319 0.1024688 0.0906797 0.0875532 0.0881420 0.1153898 0.0818881 0.0806510 0.0919321 0.1465915 0.0840258 0.1159477 0.1176989 0.0811088 0.0853130 0.1202864 0.1141543 0.1577036 0.0907151 0.0360833 0.1537805 0.1354112 0.0896998 0.1197162 0.0429575 0.0868887 0.0000000 0.0894030 0.0828141 0.0783875 0.1517797 0.1158688 0.1443792 0.1219054 0.1221187 
Tarsipedidae_Tarsipes_rostratus              0.0855865 0.1130183 0.1281045 0.1130183 0.0997729 0.0978808 0.0961653 0.1228155 0.0892383 0.0900373 0.1014024 0.1435786 0.0939809 0.1229557 0.1252393 0.0930491 0.0951444 0.1183238 0.1199417 0.1589037 0.1020999 0.0899694 0.1550604 0.1425634 0.1011512 0.1204301 0.0778561 0.0998701 0.0894030 0.0000000 0.0899986 0.0904178 0.1493271 0.1221163 0.1421604 0.1244082 0.1266959 
Acrobatidae_Distoechurus_pennatus            0.0697047 0.1224277 0.1135765 0.1224277 0.0756222 0.0801763 0.0786779 0.1059744 0.0708105 0.0698068 0.0846801 0.1256478 0.0732642 0.1074483 0.1055222 0.0708605 0.0437272 0.1097328 0.1050705 0.1312194 0.0821836 0.0813598 0.1369839 0.1243317 0.0783114 0.1098721 0.0716374 0.0812251 0.0828141 0.0899986 0.0000000 0.0679819 0.1296837 0.1065776 0.1242712 0.1038495 0.1065708 
Phalangeridae_Phalanger_carmelitae           0.0541982 0.1218632 0.0977516 0.1218632 0.0603262 0.0686218 0.0678420 0.0923618 0.0179994 0.0025568 0.0736995 0.1147804 0.0064798 0.0961655 0.0957942 0.0011520 0.0699422 0.0961300 0.0924750 0.1227888 0.0757089 0.0754082 0.1211615 0.1102407 0.0628406 0.0898192 0.0656661 0.0718514 0.0783875 0.0904178 0.0679819 0.0000000 0.1160141 0.0931517 0.1127454 0.0916421 0.0946554 
Peramelidae_Peroryctes_raffrayana            0.1202010 0.0344377 0.1366300 0.0344377 0.1126264 0.1288931 0.1265381 0.1252979 0.1182036 0.1180089 0.1312972 0.0187018 0.1226530 0.1295276 0.1320082 0.1195679 0.1305684 0.1351258 0.1257811 0.0240538 0.1300273 0.1445933 0.1668364 0.1479689 0.1229706 0.1252880 0.1288360 0.1290358 0.1517797 0.1493271 0.1296837 0.1160141 0.0000000 0.1258716 0.0184250 0.1219947 0.1218859 
Dasyuridae_Dasyurus_geffroii                 0.0975000 0.1434974 0.1193451 0.1434974 0.0922720 0.1009825 0.0996727 0.0017447 0.0964677 0.0944266 0.1051400 0.1237032 0.1012662 0.0180675 0.0314334 0.0952611 0.1126145 0.0188617 0.0027889 0.1320111 0.1078743 0.1155407 0.1410520 0.1276739 0.0953170 0.1043361 0.0998640 0.1054939 0.1158688 0.1221163 0.1065776 0.0931517 0.1258716 0.0000000 0.1224867 0.0264555 0.0174930 
Peramelidae_Perameles_gunnii                 0.1150245 0.0299762 0.1345004 0.0299762 0.1099138 0.1271304 0.1260487 0.1219440 0.1152464 0.1137620 0.1282368 0.0001209 0.1183130 0.1263669 0.1306238 0.1171085 0.1276682 0.1310567 0.1221864 0.0256476 0.1272965 0.1425722 0.1642210 0.1476262 0.1215784 0.1250422 0.1204373 0.1276040 0.1443792 0.1421604 0.1242712 0.1127454 0.0184250 0.1224867 0.0000000 0.1187701 0.1192458 
Dasyuridae_Planigale_tenuirostris            0.0994712 9.0000000 0.1207781 9.0000000 0.0915536 0.1027637 0.1019559 0.0243929 0.0937012 0.0924029 0.1084285 0.1208094 0.0989650 0.0267681 0.0239723 0.0959083 0.1068566 0.0265043 0.0271442 0.1345733 0.1068117 0.1226893 0.1608211 0.1398424 0.0956159 0.1052368 0.1053139 0.1045970 0.1219054 0.1244082 0.1038495 0.0916421 0.1219947 0.0264555 0.1187701 0.0000000 0.0263187 
Dasyuridae_Antechinus_stuartii               0.1004078 9.0000000 0.1231223 9.0000000 0.0924499 0.1010011 0.1007130 0.0168184 0.0967802 0.0951588 0.1082506 0.1215685 0.1003481 0.0077873 0.0297011 0.0984034 0.1130003 0.0105955 0.0186835 0.1307499 0.1090992 0.1213890 0.1539035 0.1318023 0.0944415 0.1043667 0.1044725 0.1040021 0.1221187 0.1266959 0.1065708 0.0946554 0.1218859 0.0174930 0.1192458 0.0263187 0.0000000 
