35
Burramyidae_Burramys_parvus                  0.0000000 0.0500763 0.0389768 0.0331985 0.0331727 0.0567090 0.0297341 0.0312094 0.0317677 0.0553721 0.0295153 0.0554915 0.0570898 0.0305319 0.0395859 0.0551029 0.0575286 0.0515486 0.0571362 0.0321946 0.0380428 0.0571185 0.0675143 0.0548167 0.0321458 0.0451764 0.0317314 0.0318604 0.0345672 0.0520538 0.0377653 0.0301250 0.0537434 0.0574884 0.0555034 
Notoryctidae_Notoryctes_typhlops             0.0500763 0.0000000 0.0544340 0.0576745 0.0577697 0.0613839 0.0528354 0.0542593 0.0551532 0.0617854 0.0505709 0.0592687 0.0602068 0.0547772 0.0569712 0.0588267 0.0602861 0.0555507 0.0616531 0.0536982 0.0560866 0.0727098 0.0734479 0.0576487 0.0547865 0.0527657 0.0536901 0.0551946 0.0535871 0.0750862 0.0598317 0.0524057 0.0591465 0.0610776 0.0608113 
Vombatidae_Lasiorhinus_latifrons             0.0389768 0.0544340 0.0000000 0.0454686 0.0447446 0.0609341 0.0402689 0.0408534 0.0429949 0.0590110 0.0398491 0.0568777 0.0599899 0.0413930 0.0396000 0.0571452 0.0595263 0.0529162 0.0598225 0.0404099 0.0473707 0.0627210 0.0692013 0.0556606 0.0434038 0.0459864 0.0440001 0.0418563 0.0442406 0.0577369 0.0469453 0.0409181 0.0577689 0.0613712 0.0590372 
Potoroidae_Bettongia_penicillata             0.0331985 0.0576745 0.0454686 0.0000000 0.0030949 0.0580178 0.0365212 0.0356774 0.0040180 0.0610220 0.0353602 0.0561381 0.0611885 0.0348964 0.0463679 0.0564158 0.0577604 0.0551710 0.0622917 0.0119797 0.0458436 0.0630391 0.0751382 0.0553116 0.0204479 0.0474783 0.0390623 0.0126441 0.0433615 0.0565024 0.0433378 0.0337510 0.0585116 0.0596334 0.0606075 
Potoroidae_Bettongia_lesueur                 0.0331727 0.0577697 0.0447446 0.0030949 0.0000000 0.0581450 0.0349630 0.0341431 0.0044196 0.0595199 0.0338418 0.0556506 0.0600882 0.0337690 0.0454237 0.0559152 0.0575418 0.0556219 0.0614884 0.0123218 0.0461902 0.0636691 0.0727262 0.0552151 0.0203826 0.0458367 0.0383284 0.0123416 0.0426751 0.0548041 0.0431905 0.0323401 0.0582702 0.0593168 0.0595033 
Dasyuridae_Dasyurus_maculatus                0.0567090 0.0613839 0.0609341 0.0580178 0.0581450 0.0000000 0.0573613 0.0582290 0.0565804 0.0658038 0.0561058 0.0110323 0.0194530 0.0582521 0.0669690 0.0113193 0.0050079 0.0174605 0.0658228 0.0550727 0.0694197 0.0602067 0.0697710 0.0108298 0.0606248 0.0534639 0.0589450 0.0572858 0.0659129 0.0779373 0.0629320 0.0580660 0.0647815 0.0050967 0.0656802 
Phalangeridae_Trichosurus_vulpecula          0.0297341 0.0528354 0.0402689 0.0365212 0.0349630 0.0573613 0.0000000 0.0127704 0.0336050 0.0564922 0.0124765 0.0558257 0.0592839 0.0144692 0.0401153 0.0561205 0.0574624 0.0514146 0.0592285 0.0337526 0.0437834 0.0641520 0.0698609 0.0549351 0.0346343 0.0458110 0.0372557 0.0331113 0.0398971 0.0523001 0.0393928 0.0135069 0.0549711 0.0577899 0.0565730 
Phalangeridae_Spilocuscus_maculatus          0.0312094 0.0542593 0.0408534 0.0356774 0.0341431 0.0582290 0.0127704 0.0000000 0.0334301 0.0578460 0.0081974 0.0577377 0.0605503 0.0090527 0.0399787 0.0583934 0.0583333 0.0525447 0.0601333 0.0344433 0.0436897 0.0653465 0.0714897 0.0569872 0.0347857 0.0490017 0.0378070 0.0332603 0.0415449 0.0524116 0.0416685 0.0081084 0.0568575 0.0586810 0.0588601 
Potoroidae_Aepyprymnus_rufescens             0.0317677 0.0551532 0.0429949 0.0040180 0.0044196 0.0565804 0.0336050 0.0334301 0.0000000 0.0582939 0.0331291 0.0547993 0.0588610 0.0330645 0.0442751 0.0550639 0.0559783 0.0536464 0.0602831 0.0098565 0.0450700 0.0622813 0.0713490 0.0540063 0.0181494 0.0453754 0.0369542 0.0104794 0.0415454 0.0529474 0.0417299 0.0316428 0.0567938 0.0577155 0.0579793 
Peramelidae_Perameles_nasuta                 0.0553721 0.0617854 0.0590110 0.0610220 0.0595199 0.0658038 0.0564922 0.0578460 0.0582939 0.0000000 0.0546931 0.0618716 0.0668660 0.0592730 0.0667618 0.0621752 0.0653938 0.0606834 0.0122443 0.0557155 0.0681717 0.0670718 0.0779572 0.0614846 0.0605354 0.0589674 0.0606415 0.0556805 0.0639318 0.0846509 0.0667057 0.0575816 0.0090215 0.0667614 0.0012053 
Phalangeridae_Strigocuscus_pelengensis       0.0295153 0.0505709 0.0398491 0.0353602 0.0338418 0.0561058 0.0124765 0.0081974 0.0331291 0.0546931 0.0000000 0.0559815 0.0588002 0.0093729 0.0389609 0.0563055 0.0562354 0.0507305 0.0572153 0.0338112 0.0427280 0.0644006 0.0680030 0.0547920 0.0331576 0.0469104 0.0360467 0.0329603 0.0396717 0.0537994 0.0393048 0.0084377 0.0537448 0.0567530 0.0552280 
Dasyuridae_Phascogale_tapoatafa              0.0554915 0.0592687 0.0568777 0.0561381 0.0556506 0.0110323 0.0558257 0.0577377 0.0547993 0.0618716 0.0559815 0.0000000 0.0159877 0.0577960 0.0643709 0.0014640 0.0101289 0.0146798 0.0638285 0.0535468 0.0685614 0.0569862 0.0676792 0.0041615 0.0594204 0.0506970 0.0580824 0.0550734 0.0634961 0.0780097 0.0606798 0.0576140 0.0611571 0.0115520 0.0615057 
Dasyuridae_Sminthopsis_macroura              0.0570898 0.0602068 0.0599899 0.0611885 0.0600882 0.0194530 0.0592839 0.0605503 0.0588610 0.0668660 0.0588002 0.0159877 0.0000000 0.0605802 0.0667187 0.0168903 0.0185082 0.0126390 0.0672300 0.0577016 0.0687215 0.0561419 0.0726175 0.0161564 0.0629056 0.0531162 0.0590492 0.0592228 0.0651957 0.0764190 0.0635381 0.0603540 0.0650258 0.0204701 0.0667188 
Phalangeridae_Phalanger_orientalis           0.0305319 0.0547772 0.0413930 0.0348964 0.0337690 0.0582521 0.0144692 0.0090527 0.0330645 0.0592730 0.0093729 0.0577960 0.0605802 0.0000000 0.0381433 0.0584450 0.0583857 0.0546036 0.0605207 0.0335380 0.0442229 0.0651748 0.0697371 0.0569917 0.0347533 0.0472788 0.0377178 0.0328802 0.0421688 0.0542170 0.0401807 0.0044174 0.0573027 0.0593616 0.0592932 
Acrobatidae_Acrobates_pygmaeus               0.0395859 0.0569712 0.0396000 0.0463679 0.0454237 0.0669690 0.0401153 0.0399787 0.0442751 0.0667618 0.0389609 0.0643709 0.0667187 0.0381433 0.0000000 0.0638982 0.0663474 0.0560371 0.0676410 0.0436864 0.0434402 0.0631693 0.0697128 0.0638112 0.0474835 0.0516375 0.0356064 0.0437592 0.0399549 0.0472793 0.0324981 0.0390256 0.0613189 0.0679159 0.0664571 
Dasyuridae_Phascogale_calura                 0.0551029 0.0588267 0.0571452 0.0564158 0.0559152 0.0113193 0.0561205 0.0583934 0.0550639 0.0621752 0.0563055 0.0014640 0.0168903 0.0584450 0.0638982 0.0000000 0.0104165 0.0146638 0.0640883 0.0538428 0.0691854 0.0569104 0.0679891 0.0044566 0.0597149 0.0515161 0.0576914 0.0553390 0.0642154 0.0778820 0.0602318 0.0582286 0.0618645 0.0118441 0.0617680 
Dasyuridae_Sarcophilus_harrisii              0.0575286 0.0602861 0.0595263 0.0577604 0.0575418 0.0050079 0.0574624 0.0583333 0.0559783 0.0653938 0.0562354 0.0101289 0.0185082 0.0583857 0.0663474 0.0104165 0.0000000 0.0157613 0.0654229 0.0544678 0.0695469 0.0597655 0.0690459 0.0099233 0.0603776 0.0521925 0.0583583 0.0566805 0.0652771 0.0766912 0.0623285 0.0581685 0.0643681 0.0054049 0.0652794 
Dasyuridae_Planigale_tenuirostris            0.0515486 0.0555507 0.0529162 0.0551710 0.0556219 0.0174605 0.0514146 0.0525447 0.0536464 0.0606834 0.0507305 0.0146798 0.0126390 0.0546036 0.0560371 0.0146638 0.0157613 0.0000000 0.0599640 0.0509843 0.0607362 0.0551514 0.0634559 0.0141051 0.0563406 0.0404414 0.0550812 0.0537557 0.0574365 0.0747362 0.0566481 0.0537021 0.0603101 0.0167099 0.0606648 
Peramelidae_Echymipera_kalubu                0.0571362 0.0616531 0.0598225 0.0622917 0.0614884 0.0658228 0.0592285 0.0601333 0.0602831 0.0122443 0.0572153 0.0638285 0.0672300 0.0605207 0.0676410 0.0640883 0.0654229 0.0599640 0.0000000 0.0576607 0.0680439 0.0689084 0.0767670 0.0630648 0.0625164 0.0586047 0.0623971 0.0574008 0.0648924 0.0855694 0.0663400 0.0599359 0.0108326 0.0656407 0.0125813 
Macropodidae_Dorcopsulus_vanheurni           0.0321946 0.0536982 0.0404099 0.0119797 0.0123218 0.0550727 0.0337526 0.0344433 0.0098565 0.0557155 0.0338112 0.0535468 0.0577016 0.0335380 0.0436864 0.0538428 0.0544678 0.0509843 0.0576607 0.0000000 0.0439060 0.0614649 0.0700789 0.0523960 0.0188411 0.0454781 0.0373683 0.0068537 0.0402362 0.0504802 0.0398761 0.0327618 0.0538335 0.0554589 0.0560166 
Pseudochiridae_Pseudochirulus_forbesi        0.0380428 0.0560866 0.0473707 0.0458436 0.0461902 0.0694197 0.0437834 0.0436897 0.0450700 0.0681717 0.0427280 0.0685614 0.0687215 0.0442229 0.0434402 0.0691854 0.0695469 0.0607362 0.0680439 0.0439060 0.0000000 0.0664861 0.0766820 0.0678393 0.0458527 0.0546077 0.0281527 0.0436075 0.0112588 0.0481110 0.0438954 0.0427008 0.0641902 0.0700920 0.0686929 
Didelphidae_Didelphis_virginiana             0.0571185 0.0727098 0.0627210 0.0630391 0.0636691 0.0602067 0.0641520 0.0653465 0.0622813 0.0670718 0.0644006 0.0569862 0.0561419 0.0651748 0.0631693 0.0569104 0.0597655 0.0551514 0.0689084 0.0614649 0.0664861 0.0000000 0.0264378 0.0562148 0.0660745 0.0636389 0.0607016 0.0618729 0.0624782 0.0807041 0.0675540 0.0631995 0.0667438 0.0593779 0.0679431 
Marmosidae_Monodelphis_domestica             0.0675143 0.0734479 0.0692013 0.0751382 0.0727262 0.0697710 0.0698609 0.0714897 0.0713490 0.0779572 0.0680030 0.0676792 0.0726175 0.0697371 0.0697128 0.0679891 0.0690459 0.0634559 0.0767670 0.0700789 0.0766820 0.0264378 0.0000000 0.0687745 0.0750089 0.0616811 0.0669218 0.0701389 0.0720789 0.0858029 0.0715261 0.0680006 0.0750599 0.0701103 0.0779424 
Dasyuridae_Antechinus_stuartii               0.0548167 0.0576487 0.0556606 0.0553116 0.0552151 0.0108298 0.0549351 0.0569872 0.0540063 0.0614846 0.0547920 0.0041615 0.0161564 0.0569917 0.0638112 0.0044566 0.0099233 0.0141051 0.0630648 0.0523960 0.0678393 0.0562148 0.0687745 0.0000000 0.0583376 0.0467019 0.0565952 0.0542548 0.0631149 0.0752782 0.0598594 0.0568404 0.0604118 0.0110367 0.0614518 
Hypsiprymnodontidae_Hypsiprymnodon_moschatus 0.0321458 0.0547865 0.0434038 0.0204479 0.0203826 0.0606248 0.0346343 0.0347857 0.0181494 0.0605354 0.0331576 0.0594204 0.0629056 0.0347533 0.0474835 0.0597149 0.0603776 0.0563406 0.0625164 0.0188411 0.0458527 0.0660745 0.0750089 0.0583376 0.0000000 0.0499076 0.0397121 0.0188828 0.0437184 0.0550320 0.0444357 0.0329921 0.0583064 0.0618506 0.0605619 
Microbiotheriidae_Dromiciops_gliroides       0.0451764 0.0527657 0.0459864 0.0474783 0.0458367 0.0534639 0.0458110 0.0490017 0.0453754 0.0589674 0.0469104 0.0506970 0.0531162 0.0472788 0.0516375 0.0515161 0.0521925 0.0404414 0.0586047 0.0454781 0.0546077 0.0636389 0.0616811 0.0467019 0.0499076 0.0000000 0.0451728 0.0463355 0.0508503 0.0574192 0.0491846 0.0457903 0.0545423 0.0524571 0.0586150 
Pseudochiridae_Petauroides_volans            0.0317314 0.0536901 0.0440001 0.0390623 0.0383284 0.0589450 0.0372557 0.0378070 0.0369542 0.0606415 0.0360467 0.0580824 0.0590492 0.0377178 0.0356064 0.0576914 0.0583583 0.0550812 0.0623971 0.0373683 0.0281527 0.0607016 0.0669218 0.0565952 0.0397121 0.0451728 0.0000000 0.0388492 0.0243393 0.0398888 0.0363845 0.0376569 0.0575915 0.0597879 0.0606050 
Macropodidae_Wallabia_bicolor                0.0318604 0.0551946 0.0418563 0.0126441 0.0123416 0.0572858 0.0331113 0.0332603 0.0104794 0.0556805 0.0329603 0.0550734 0.0592228 0.0328802 0.0437592 0.0553390 0.0566805 0.0537557 0.0574008 0.0068537 0.0436075 0.0618729 0.0701389 0.0542548 0.0188828 0.0463355 0.0388492 0.0000000 0.0403305 0.0518858 0.0395201 0.0311456 0.0548282 0.0569912 0.0558043 
Pseudochiridae_Pseudocheirus_occidentalis    0.0345672 0.0535871 0.0442406 0.0433615 0.0426751 0.0659129 0.0398971 0.0415449 0.0415454 0.0639318 0.0396717 0.0634961 0.0651957 0.0421688 0.0399549 0.0642154 0.0652771 0.0574365 0.0648924 0.0402362 0.0112588 0.0624782 0.0720789 0.0631149 0.0437184 0.0508503 0.0243393 0.0403305 0.0000000 0.0450744 0.0396086 0.0405952 0.0597863 0.0657659 0.0635867 
Tarsipedidae_Tarsipes_rostratus              0.0520538 0.0750862 0.0577369 0.0565024 0.0548041 0.0779373 0.0523001 0.0524116 0.0529474 0.0846509 0.0537994 0.0780097 0.0764190 0.0542170 0.0472793 0.0778820 0.0766912 0.0747362 0.0855694 0.0504802 0.0481110 0.0807041 0.0858029 0.0752782 0.0550320 0.0574192 0.0398888 0.0518858 0.0450744 0.0000000 0.0523778 0.0507741 0.0831948 0.0795838 0.0843531 
Acrobatidae_Distoechurus_pennatus            0.0377653 0.0598317 0.0469453 0.0433378 0.0431905 0.0629320 0.0393928 0.0416685 0.0417299 0.0667057 0.0393048 0.0606798 0.0635381 0.0401807 0.0324981 0.0602318 0.0623285 0.0566481 0.0663400 0.0398761 0.0438954 0.0675540 0.0715261 0.0598594 0.0444357 0.0491846 0.0363845 0.0395201 0.0396086 0.0523778 0.0000000 0.0400533 0.0652294 0.0627388 0.0661957 
Phalangeridae_Phalanger_carmelitae           0.0301250 0.0524057 0.0409181 0.0337510 0.0323401 0.0580660 0.0135069 0.0081084 0.0316428 0.0575816 0.0084377 0.0576140 0.0603540 0.0044174 0.0390256 0.0582286 0.0581685 0.0537021 0.0599359 0.0327618 0.0427008 0.0631995 0.0680006 0.0568404 0.0329921 0.0457903 0.0376569 0.0311456 0.0405952 0.0507741 0.0400533 0.0000000 0.0556711 0.0588354 0.0579945 
Peramelidae_Peroryctes_raffrayana            0.0537434 0.0591465 0.0577689 0.0585116 0.0582702 0.0647815 0.0549711 0.0568575 0.0567938 0.0090215 0.0537448 0.0611571 0.0650258 0.0573027 0.0613189 0.0618645 0.0643681 0.0603101 0.0108326 0.0538335 0.0641902 0.0667438 0.0750599 0.0604118 0.0583064 0.0545423 0.0575915 0.0548282 0.0597863 0.0831948 0.0652294 0.0556711 0.0000000 0.0657290 0.0089762 
Dasyuridae_Dasyurus_geffroii                 0.0574884 0.0610776 0.0613712 0.0596334 0.0593168 0.0050967 0.0577899 0.0586810 0.0577155 0.0667614 0.0567530 0.0115520 0.0204701 0.0593616 0.0679159 0.0118441 0.0054049 0.0167099 0.0656407 0.0554589 0.0700920 0.0593779 0.0701103 0.0110367 0.0618506 0.0524571 0.0597879 0.0569912 0.0657659 0.0795838 0.0627388 0.0588354 0.0657290 0.0000000 0.0666138 
Peramelidae_Perameles_gunnii                 0.0555034 0.0608113 0.0590372 0.0606075 0.0595033 0.0656802 0.0565730 0.0588601 0.0579793 0.0012053 0.0552280 0.0615057 0.0667188 0.0592932 0.0664571 0.0617680 0.0652794 0.0606648 0.0125813 0.0560166 0.0686929 0.0679431 0.0779424 0.0614518 0.0605619 0.0586150 0.0606050 0.0558043 0.0635867 0.0843531 0.0661957 0.0579945 0.0089762 0.0666138 0.0000000 
