35
Burramyidae_Burramys_parvus                  0.0000000 0.0419654 0.0451188 0.0348513 0.0384446 0.0506861 0.0273830 0.0324396 0.0531591 0.0469976 0.0418201 0.0501310 0.0464466 0.0262739 0.0286588 0.0700925 0.0469960 0.0496368 0.0524244 0.0330563 0.0376565 0.1083070 0.0583670 0.0545711 0.0366492 0.0440115 0.0319198 0.0334759 0.0353513 0.0472227 0.0373010 0.0291389 0.0518972 0.0498153 0.0469673 
Notoryctidae_Notoryctes_typhlops             0.0419654 0.0000000 0.0620271 0.0510490 0.0540740 0.0602373 0.0457444 0.0468783 0.0745733 0.0471917 0.0621320 0.0566463 0.0545576 0.0422010 0.0445968 0.0753733 0.0539493 0.0550968 0.0566531 0.0509230 0.0491518 0.1083812 0.0548031 0.0626524 0.0512773 0.0496350 0.0436432 0.0480379 0.0457848 0.0589653 0.0485076 0.0440359 0.0533088 0.0588086 0.0502415 
Vombatidae_Lasiorhinus_latifrons             0.0451188 0.0620271 0.0000000 0.0544742 0.0541363 0.0548822 0.0405080 0.0536022 0.0466095 0.0642087 0.0359174 0.0587615 0.0527372 0.0458573 0.0485888 0.0653284 0.0669414 0.0733659 0.0608895 0.0358620 0.0494501 0.0781618 0.0871354 0.0707247 0.0530334 0.0572853 0.0472217 0.0516182 0.0547325 0.0644704 0.0508095 0.0455794 0.0685751 0.0540081 0.0598010 
Potoroidae_Bettongia_penicillata             0.0348513 0.0510490 0.0544742 0.0000000 0.0052449 0.0642962 0.0356339 0.0365517 0.0256701 0.0544249 0.0494156 0.0616731 0.0569896 0.0324613 0.0342802 0.0816580 0.0537753 0.0549791 0.0593323 0.0135281 0.0401181 0.1169399 0.0533843 0.0621350 0.0304483 0.0469023 0.0344737 0.0110123 0.0370095 0.0498751 0.0413132 0.0352430 0.0598808 0.0634002 0.0532425 
Potoroidae_Bettongia_lesueur                 0.0384446 0.0540740 0.0541363 0.0052449 0.0000000 0.0647774 0.0385188 0.0407930 0.0284199 0.0561712 0.0523221 0.0626498 0.0579141 0.0357116 0.0374569 0.0856749 0.0580666 0.0590417 0.0626836 0.0138995 0.0455849 0.1273656 0.0609729 0.0673180 0.0343021 0.0510362 0.0376435 0.0148868 0.0420950 0.0538268 0.0449545 0.0374039 0.0634918 0.0638802 0.0551329 
Dasyuridae_Dasyurus_maculatus                0.0506861 0.0602373 0.0548822 0.0642962 0.0647774 0.0000000 0.0531342 0.0596651 0.0662564 0.0590783 0.0562397 0.0109581 0.0124700 0.0576711 0.0564523 0.0111342 0.0055565 0.0148575 0.0570761 0.0594898 0.0595909 0.0689609 0.0722115 0.0115125 0.0608731 0.0535497 0.0551164 0.0604034 0.0605858 0.0710126 0.0616734 0.0565235 0.0644546 0.0025817 0.0554820 
Phalangeridae_Trichosurus_vulpecula          0.0273830 0.0457444 0.0405080 0.0356339 0.0385188 0.0531342 0.0000000 0.0215149 0.0511253 0.0499957 0.0304026 0.0527346 0.0495229 0.0176801 0.0317719 0.0709364 0.0502915 0.0537033 0.0524922 0.0303087 0.0358649 0.1142858 0.0611469 0.0574181 0.0341552 0.0410904 0.0296250 0.0338741 0.0363082 0.0443417 0.0359544 0.0188307 0.0554318 0.0522693 0.0482268 
Phalangeridae_Spilocuscus_maculatus          0.0324396 0.0468783 0.0536022 0.0365517 0.0407930 0.0596651 0.0215149 0.0000000 0.0608932 0.0530705 0.0336137 0.0569127 0.0536238 0.0132457 0.0328648 0.0810025 0.0537470 0.0549634 0.0535710 0.0348195 0.0385955 0.1194982 0.0556673 0.0625747 0.0372902 0.0425632 0.0351605 0.0352095 0.0414277 0.0500922 0.0389295 0.0165364 0.0586053 0.0591838 0.0485776 
Potoroidae_Aepyprymnus_rufescens             0.0531591 0.0745733 0.0466095 0.0256701 0.0284199 0.0662564 0.0511253 0.0608932 0.0000000 0.0754454 0.0346978 0.0622421 0.0583211 0.0540568 0.0532861 0.0687067 0.0747103 0.0767958 0.0783602 0.0157039 0.0616903 0.0766431 0.0906228 0.0859741 0.0481653 0.0693215 0.0552843 0.0324546 0.0609392 0.0694525 0.0606855 0.0529443 0.0755946 0.0653553 0.0724431 
Peramelidae_Perameles_nasuta                 0.0469976 0.0471917 0.0642087 0.0544249 0.0561712 0.0590783 0.0499957 0.0530705 0.0754454 0.0000000 0.0645344 0.0534099 0.0533062 0.0462416 0.0466526 0.0721130 0.0551796 0.0555135 0.0100593 0.0534530 0.0507695 0.1127400 0.0615459 0.0630242 0.0574366 0.0518351 0.0507591 0.0525421 0.0496445 0.0621219 0.0531177 0.0488348 0.0111711 0.0578874 0.0000010 
Phalangeridae_Strigocuscus_pelengensis       0.0418201 0.0621320 0.0359174 0.0494156 0.0523221 0.0562397 0.0304026 0.0336137 0.0346978 0.0645344 0.0000000 0.0543595 0.0504230 0.0266703 0.0486058 0.0615490 0.0658489 0.0709090 0.0640764 0.0304320 0.0518040 0.0651018 0.0774669 0.0758735 0.0482875 0.0584158 0.0490266 0.0480693 0.0564894 0.0642740 0.0524392 0.0270941 0.0651622 0.0562021 0.0586417 
Dasyuridae_Phascogale_tapoatafa              0.0501310 0.0566463 0.0587615 0.0616731 0.0626498 0.0109581 0.0527346 0.0569127 0.0622421 0.0534099 0.0543595 0.0000000 0.0135696 0.0558803 0.0512878 0.0027767 0.0107582 0.0125644 0.0613091 0.0567971 0.0588408 0.0664217 0.0625292 0.0076169 0.0601057 0.0545523 0.0556314 0.0562253 0.0557823 0.0640535 0.0566675 0.0547445 0.0565557 0.0105392 0.0541712 
Dasyuridae_Sminthopsis_macroura              0.0464466 0.0545576 0.0527372 0.0569896 0.0579141 0.0124700 0.0495229 0.0536238 0.0583211 0.0533062 0.0504230 0.0135696 0.0000000 0.0504943 0.0520008 0.0134369 0.0110795 0.0124199 0.0570089 0.0526996 0.0538059 0.0760745 0.0626661 0.0151125 0.0569689 0.0498996 0.0497245 0.0535812 0.0540443 0.0639034 0.0547171 0.0496527 0.0564545 0.0117050 0.0517653 
Phalangeridae_Phalanger_orientalis           0.0262739 0.0422010 0.0458573 0.0324613 0.0357116 0.0576711 0.0176801 0.0132457 0.0540568 0.0462416 0.0266703 0.0558803 0.0504943 0.0000000 0.0295189 0.0756113 0.0480113 0.0497389 0.0477857 0.0328727 0.0334494 0.1104250 0.0483946 0.0548357 0.0349486 0.0393533 0.0303000 0.0307006 0.0349696 0.0451623 0.0349755 0.0066538 0.0523687 0.0567775 0.0434887 
Acrobatidae_Acrobates_pygmaeus               0.0286588 0.0445968 0.0485888 0.0342802 0.0374569 0.0564523 0.0317719 0.0328648 0.0532861 0.0466526 0.0486058 0.0512878 0.0520008 0.0295189 0.0000000 0.0709709 0.0493332 0.0511575 0.0512843 0.0356782 0.0329913 0.1101458 0.0499539 0.0547668 0.0364155 0.0437926 0.0266271 0.0338676 0.0283625 0.0423191 0.0232303 0.0321406 0.0524421 0.0554810 0.0462538 
Dasyuridae_Phascogale_calura                 0.0700925 0.0753733 0.0653284 0.0816580 0.0856749 0.0111342 0.0709364 0.0810025 0.0687067 0.0721130 0.0615490 0.0027767 0.0134369 0.0756113 0.0709709 0.0000000 0.0281788 0.0330229 0.0816285 0.0565091 0.0786160 0.0723779 0.0965784 0.0267616 0.0790140 0.0804493 0.0774995 0.0755357 0.0777617 0.0833705 0.0760962 0.0756494 0.0753008 0.0106916 0.0720359 
Dasyuridae_Sarcophilus_harrisii              0.0469960 0.0539493 0.0669414 0.0537753 0.0580666 0.0055565 0.0502915 0.0537470 0.0747103 0.0551796 0.0658489 0.0107582 0.0110795 0.0480113 0.0493332 0.0281788 0.0000000 0.0161450 0.0601388 0.0532588 0.0529209 0.1072372 0.0603251 0.0121544 0.0555587 0.0529829 0.0499790 0.0515036 0.0550317 0.0665479 0.0559583 0.0503337 0.0622053 0.0051856 0.0531408 
Dasyuridae_Planigale_tenuirostris            0.0496368 0.0550968 0.0733659 0.0549791 0.0590417 0.0148575 0.0537033 0.0549634 0.0767958 0.0555135 0.0709090 0.0125644 0.0124199 0.0497389 0.0511575 0.0330229 0.0161450 0.0000000 0.0601271 0.0540482 0.0533213 0.1138421 0.0588889 0.0180824 0.0534716 0.0527199 0.0497204 0.0523962 0.0528568 0.0622744 0.0587322 0.0545891 0.0612875 0.0144483 0.0532906 
Peramelidae_Echymipera_kalubu                0.0524244 0.0566531 0.0608895 0.0593323 0.0626836 0.0570761 0.0524922 0.0535710 0.0783602 0.0100593 0.0640764 0.0613091 0.0570089 0.0477857 0.0512843 0.0816285 0.0601388 0.0601271 0.0000000 0.0580507 0.0565743 0.1138302 0.0708752 0.0608114 0.0608548 0.0544348 0.0547065 0.0589792 0.0573509 0.0694803 0.0567590 0.0503416 0.0126425 0.0571704 0.0090680 
Macropodidae_Dorcopsulus_vanheurni           0.0330563 0.0509230 0.0358620 0.0135281 0.0138995 0.0594898 0.0303087 0.0348195 0.0157039 0.0534530 0.0304320 0.0567971 0.0526996 0.0328727 0.0356782 0.0565091 0.0532588 0.0540482 0.0580507 0.0000000 0.0389239 0.0788287 0.0567647 0.0621909 0.0310687 0.0425263 0.0326588 0.0064859 0.0351615 0.0458971 0.0389779 0.0330696 0.0560233 0.0586055 0.0527322 
Pseudochiridae_Pseudochirulus_forbesi        0.0376565 0.0491518 0.0494501 0.0401181 0.0455849 0.0595909 0.0358649 0.0385955 0.0616903 0.0507695 0.0518040 0.0588408 0.0538059 0.0334494 0.0329913 0.0786160 0.0529209 0.0533213 0.0565743 0.0389239 0.0000000 0.1237049 0.0645488 0.0589048 0.0419812 0.0472520 0.0270262 0.0398087 0.0219366 0.0441924 0.0395415 0.0383814 0.0565882 0.0577868 0.0505115 
Didelphidae_Didelphis_virginiana             0.1083070 0.1083812 0.0781618 0.1169399 0.1273656 0.0689609 0.1142858 0.1194982 0.0766431 0.1127400 0.0651018 0.0664217 0.0760745 0.1104250 0.1101458 0.0723779 0.1072372 0.1138421 0.1138302 0.0788287 0.1237049 0.0000000 0.0807398 0.1055188 0.1229071 0.1208465 0.1169660 0.1154520 0.1213158 0.1244292 0.1231047 0.1142230 0.1150982 0.0691258 0.1118013 
Marmosidae_Monodelphis_domestica             0.0583670 0.0548031 0.0871354 0.0533843 0.0609729 0.0722115 0.0611469 0.0556673 0.0906228 0.0615459 0.0774669 0.0625292 0.0626661 0.0483946 0.0499539 0.0965784 0.0603251 0.0588889 0.0708752 0.0567647 0.0645488 0.0807398 0.0000000 0.0710429 0.0634090 0.0591009 0.0559434 0.0539192 0.0561342 0.0667734 0.0611084 0.0551223 0.0680183 0.0713194 0.0610550 
Dasyuridae_Antechinus_stuartii               0.0545711 0.0626524 0.0707247 0.0621350 0.0673180 0.0115125 0.0574181 0.0625747 0.0859741 0.0630242 0.0758735 0.0076169 0.0151125 0.0548357 0.0547668 0.0267616 0.0121544 0.0180824 0.0608114 0.0621909 0.0589048 0.1055188 0.0710429 0.0000000 0.0614616 0.0583032 0.0568702 0.0593780 0.0650717 0.0746161 0.0632467 0.0583002 0.0693105 0.0107394 0.0593044 
Hypsiprymnodontidae_Hypsiprymnodon_moschatus 0.0366492 0.0512773 0.0530334 0.0304483 0.0343021 0.0608731 0.0341552 0.0372902 0.0481653 0.0574366 0.0482875 0.0601057 0.0569689 0.0349486 0.0364155 0.0790140 0.0555587 0.0534716 0.0608548 0.0310687 0.0419812 0.1229071 0.0634090 0.0614616 0.0000000 0.0478475 0.0348448 0.0297367 0.0395897 0.0476971 0.0428390 0.0370393 0.0634422 0.0604586 0.0550182 
Microbiotheriidae_Dromiciops_gliroides       0.0440115 0.0496350 0.0572853 0.0469023 0.0510362 0.0535497 0.0410904 0.0425632 0.0693215 0.0518351 0.0584158 0.0545523 0.0498996 0.0393533 0.0437926 0.0804493 0.0529829 0.0527199 0.0544348 0.0425263 0.0472520 0.1208465 0.0591009 0.0583032 0.0478475 0.0000000 0.0406061 0.0443496 0.0488119 0.0585324 0.0492101 0.0417216 0.0572926 0.0526711 0.0491689 
Pseudochiridae_Petauroides_volans            0.0319198 0.0436432 0.0472217 0.0344737 0.0376435 0.0551164 0.0296250 0.0351605 0.0552843 0.0507591 0.0490266 0.0556314 0.0497245 0.0303000 0.0266271 0.0774995 0.0499790 0.0497204 0.0547065 0.0326588 0.0270262 0.1169660 0.0559434 0.0568702 0.0348448 0.0406061 0.0000000 0.0329981 0.0247723 0.0386983 0.0308767 0.0320402 0.0565090 0.0542450 0.0483667 
Macropodidae_Wallabia_bicolor                0.0334759 0.0480379 0.0516182 0.0110123 0.0148868 0.0604034 0.0338741 0.0352095 0.0324546 0.0525421 0.0480693 0.0562253 0.0535812 0.0307006 0.0338676 0.0755357 0.0515036 0.0523962 0.0589792 0.0064859 0.0398087 0.1154520 0.0539192 0.0593780 0.0297367 0.0443496 0.0329981 0.0000000 0.0351998 0.0467638 0.0399193 0.0349225 0.0579328 0.0595176 0.0529035 
Pseudochiridae_Pseudocheirus_occidentalis    0.0353513 0.0457848 0.0547325 0.0370095 0.0420950 0.0605858 0.0363082 0.0414277 0.0609392 0.0496445 0.0564894 0.0557823 0.0540443 0.0349696 0.0283625 0.0777617 0.0550317 0.0528568 0.0573509 0.0351615 0.0219366 0.1213158 0.0561342 0.0650717 0.0395897 0.0488119 0.0247723 0.0351998 0.0000000 0.0397208 0.0360313 0.0387502 0.0546345 0.0600941 0.0491800 
Tarsipedidae_Tarsipes_rostratus              0.0472227 0.0589653 0.0644704 0.0498751 0.0538268 0.0710126 0.0443417 0.0500922 0.0694525 0.0621219 0.0642740 0.0640535 0.0639034 0.0451623 0.0423191 0.0833705 0.0665479 0.0622744 0.0694803 0.0458971 0.0441924 0.1244292 0.0667734 0.0746161 0.0476971 0.0585324 0.0386983 0.0467638 0.0397208 0.0000000 0.0465648 0.0483387 0.0673708 0.0706405 0.0628437 
Acrobatidae_Distoechurus_pennatus            0.0373010 0.0485076 0.0508095 0.0413132 0.0449545 0.0616734 0.0359544 0.0389295 0.0606855 0.0531177 0.0524392 0.0566675 0.0547171 0.0349755 0.0232303 0.0760962 0.0559583 0.0587322 0.0567590 0.0389779 0.0395415 0.1231047 0.0611084 0.0632467 0.0428390 0.0492101 0.0308767 0.0399193 0.0360313 0.0465648 0.0000000 0.0362850 0.0576445 0.0607866 0.0520961 
Phalangeridae_Phalanger_carmelitae           0.0291389 0.0440359 0.0455794 0.0352430 0.0374039 0.0565235 0.0188307 0.0165364 0.0529443 0.0488348 0.0270941 0.0547445 0.0496527 0.0066538 0.0321406 0.0756494 0.0503337 0.0545891 0.0503416 0.0330696 0.0383814 0.1142230 0.0551223 0.0583002 0.0370393 0.0417216 0.0320402 0.0349225 0.0387502 0.0483387 0.0362850 0.0000000 0.0528153 0.0556485 0.0458807 
Peramelidae_Peroryctes_raffrayana            0.0518972 0.0533088 0.0685751 0.0598808 0.0634918 0.0644546 0.0554318 0.0586053 0.0755946 0.0111711 0.0651622 0.0565557 0.0564545 0.0523687 0.0524421 0.0753008 0.0622053 0.0612875 0.0126425 0.0560233 0.0565882 0.1150982 0.0680183 0.0693105 0.0634422 0.0572926 0.0565090 0.0579328 0.0546345 0.0673708 0.0576445 0.0528153 0.0000000 0.0632248 0.0111326 
Dasyuridae_Dasyurus_geffroii                 0.0498153 0.0588086 0.0540081 0.0634002 0.0638802 0.0025817 0.0522693 0.0591838 0.0653553 0.0578874 0.0562021 0.0105392 0.0117050 0.0567775 0.0554810 0.0106916 0.0051856 0.0144483 0.0571704 0.0586055 0.0577868 0.0691258 0.0713194 0.0107394 0.0604586 0.0526711 0.0542450 0.0595176 0.0600941 0.0706405 0.0607866 0.0556485 0.0632248 0.0000000 0.0555267 
Peramelidae_Perameles_gunnii                 0.0469673 0.0502415 0.0598010 0.0532425 0.0551329 0.0554820 0.0482268 0.0485776 0.0724431 0.0000010 0.0586417 0.0541712 0.0517653 0.0434887 0.0462538 0.0720359 0.0531408 0.0532906 0.0090680 0.0527322 0.0505115 0.1118013 0.0610550 0.0593044 0.0550182 0.0491689 0.0483667 0.0529035 0.0491800 0.0628437 0.0520961 0.0458807 0.0111326 0.0555267 0.0000000 
