35
Burramyidae_Burramys_parvus                  0.0000000 0.0622946 0.0449987 0.0491690 0.0477448 0.0645855 0.0314393 0.0345448 0.0465189 0.0687327 0.0397109 0.0644561 0.0611800 0.0413844 0.0519679 0.0651606 0.0640955 0.0612372 0.0628551 0.0445462 0.0540353 0.0814334 0.0778981 0.0630606 0.0420369 0.0569318 0.0474433 0.0456785 0.0312073 0.0602669 0.0455337 0.0358290 0.0688287 0.0654369 0.0539728 
Notoryctidae_Notoryctes_typhlops             0.0622946 0.0000000 0.0639552 0.0700479 0.0688914 0.0668418 0.0445327 0.0569863 0.0687325 0.0748158 0.0611846 0.0697927 0.0674548 0.0632323 0.0712065 0.0686454 0.0682530 0.0667624 0.0697957 0.0666316 0.0719953 0.0828777 0.0812110 0.0670762 0.0608004 0.0636500 0.0654949 0.0685889 0.0417463 0.0782678 0.0697268 0.0585671 0.0759453 0.0713119 0.0567216 
Vombatidae_Lasiorhinus_latifrons             0.0449987 0.0639552 0.0000000 0.0536118 0.0528577 0.0630192 0.0330059 0.0383564 0.0526693 0.0724432 0.0429498 0.0648553 0.0638851 0.0426175 0.0535337 0.0640215 0.0630860 0.0607715 0.0658731 0.0500961 0.0562632 0.0829769 0.0812573 0.0647692 0.0454024 0.0599003 0.0520937 0.0504515 0.0483920 0.0622263 0.0488458 0.0381029 0.0706658 0.0633757 0.0543099 
Potoroidae_Bettongia_penicillata             0.0491690 0.0700479 0.0536118 0.0000000 0.0036619 0.0691858 0.0403951 0.0377186 0.0135254 0.0806151 0.0439979 0.0690061 0.0665919 0.0455332 0.0554371 0.0675422 0.0697809 0.0655347 0.0740517 0.0217721 0.0602613 0.0911563 0.0851656 0.0672508 0.0301505 0.0623548 0.0536180 0.0209576 0.0563263 0.0640336 0.0515176 0.0389004 0.0780543 0.0687718 0.0640859 
Potoroidae_Bettongia_lesueur                 0.0477448 0.0688914 0.0528577 0.0036619 0.0000000 0.0684594 0.0407245 0.0372350 0.0133196 0.0806223 0.0435401 0.0682093 0.0658690 0.0455152 0.0552087 0.0668114 0.0690530 0.0652931 0.0729741 0.0215585 0.0595464 0.0897911 0.0848242 0.0665127 0.0296886 0.0610613 0.0531350 0.0207439 0.0599645 0.0643056 0.0510655 0.0389203 0.0773822 0.0680450 0.0638444 
Dasyuridae_Dasyurus_maculatus                0.0645855 0.0668418 0.0630192 0.0691858 0.0684594 0.0000000 0.0467735 0.0566428 0.0684486 0.0771248 0.0596403 0.0128431 0.0139450 0.0610761 0.0693198 0.0129753 0.0042717 0.0141767 0.0711774 0.0667287 0.0716877 0.0895448 0.0859642 0.0122448 0.0571785 0.0599691 0.0653546 0.0671501 0.0356040 0.0753655 0.0673136 0.0541791 0.0743515 0.0059296 0.0621491 
Phalangeridae_Trichosurus_vulpecula          0.0314393 0.0445327 0.0330059 0.0403951 0.0407245 0.0467735 0.0000000 0.0112960 0.0375386 0.0505962 0.0109826 0.0467269 0.0462762 0.0121874 0.0383960 0.0476380 0.0479877 0.0449451 0.0504652 0.0365744 0.0358703 0.0618580 0.0588980 0.0452775 0.0307838 0.0411785 0.0339410 0.0384455 0.0214135 0.0489011 0.0316051 0.0108753 0.0519768 0.0483276 0.0508249 
Phalangeridae_Spilocuscus_maculatus          0.0345448 0.0569863 0.0383564 0.0377186 0.0372350 0.0566428 0.0112960 0.0000000 0.0372742 0.0634731 0.0122984 0.0564499 0.0545524 0.0141910 0.0418736 0.0558507 0.0569385 0.0538374 0.0577993 0.0363941 0.0415903 0.0726078 0.0711886 0.0544856 0.0312547 0.0516600 0.0366901 0.0367721 0.0208357 0.0458458 0.0372184 0.0061173 0.0622661 0.0572754 0.0473469 
Potoroidae_Aepyprymnus_rufescens             0.0465189 0.0687325 0.0526693 0.0135254 0.0133196 0.0684486 0.0375386 0.0372742 0.0000000 0.0761544 0.0428561 0.0674632 0.0658451 0.0443207 0.0549769 0.0665508 0.0690421 0.0642367 0.0710914 0.0199770 0.0590507 0.0858706 0.0825668 0.0667751 0.0275966 0.0614081 0.0521414 0.0200908 0.0393282 0.0615241 0.0495810 0.0382250 0.0746567 0.0680343 0.0590198 
Peramelidae_Perameles_nasuta                 0.0687327 0.0748158 0.0724432 0.0806151 0.0806223 0.0771248 0.0505962 0.0634731 0.0761544 0.0000000 0.0694206 0.0773101 0.0755010 0.0708163 0.0781162 0.0779973 0.0774958 0.0746009 0.0089989 0.0777834 0.0760197 0.0944442 0.0921382 0.0763585 0.0675018 0.0704662 0.0730348 0.0795087 0.0350744 0.0829961 0.0750363 0.0629457 0.0100090 0.0809360 0.0013895 
Phalangeridae_Strigocuscus_pelengensis       0.0397109 0.0611846 0.0429498 0.0439979 0.0435401 0.0596403 0.0109826 0.0122984 0.0428561 0.0694206 0.0000000 0.0621142 0.0588741 0.0088768 0.0485648 0.0614936 0.0596802 0.0559688 0.0646095 0.0409152 0.0459390 0.0809958 0.0782611 0.0597795 0.0375537 0.0571314 0.0417281 0.0413562 0.0232206 0.0530271 0.0423541 0.0113289 0.0679480 0.0607821 0.0483696 
Dasyuridae_Phascogale_tapoatafa              0.0644561 0.0697927 0.0648553 0.0690061 0.0682093 0.0128431 0.0467269 0.0564499 0.0674632 0.0773101 0.0621142 0.0000000 0.0163739 0.0628360 0.0678846 0.0014793 0.0121947 0.0166649 0.0724513 0.0648788 0.0735367 0.0886984 0.0850161 0.0068915 0.0565104 0.0637249 0.0666896 0.0647462 0.0435410 0.0754067 0.0667245 0.0555928 0.0743692 0.0144204 0.0642369 
Dasyuridae_Sminthopsis_macroura              0.0611800 0.0674548 0.0638851 0.0665919 0.0658690 0.0139450 0.0462762 0.0545524 0.0658451 0.0755010 0.0588741 0.0163739 0.0000000 0.0592790 0.0693505 0.0162141 0.0145970 0.0093584 0.0689044 0.0645927 0.0701191 0.0918009 0.0883894 0.0144225 0.0533446 0.0607092 0.0640921 0.0650639 0.0334418 0.0748112 0.0663409 0.0527009 0.0714940 0.0156850 0.0613641 
Phalangeridae_Phalanger_orientalis           0.0413844 0.0632323 0.0426175 0.0455332 0.0455152 0.0610761 0.0121874 0.0141910 0.0443207 0.0708163 0.0088768 0.0628360 0.0592790 0.0000000 0.0510330 0.0619790 0.0608599 0.0580099 0.0656876 0.0437678 0.0471171 0.0815664 0.0795587 0.0611648 0.0392365 0.0566909 0.0431006 0.0438600 0.0182908 0.0539452 0.0439960 0.0111642 0.0694129 0.0619742 0.0494665 
Acrobatidae_Acrobates_pygmaeus               0.0519679 0.0712065 0.0535337 0.0554371 0.0552087 0.0693198 0.0383960 0.0418736 0.0549769 0.0781162 0.0485648 0.0678846 0.0693505 0.0510330 0.0000000 0.0684132 0.0699325 0.0677614 0.0740995 0.0548683 0.0564287 0.0852516 0.0868642 0.0687032 0.0516585 0.0610467 0.0474524 0.0544697 0.0381529 0.0598390 0.0302002 0.0428948 0.0787562 0.0708199 0.0649545 
Dasyuridae_Phascogale_calura                 0.0651606 0.0686454 0.0640215 0.0675422 0.0668114 0.0129753 0.0476380 0.0558507 0.0665508 0.0779973 0.0614936 0.0014793 0.0162141 0.0619790 0.0684132 0.0000000 0.0123456 0.0164129 0.0727747 0.0631879 0.0732114 0.0896532 0.0855502 0.0069217 0.0554539 0.0629383 0.0666251 0.0642091 0.0449394 0.0753811 0.0662715 0.0554341 0.0749554 0.0145254 0.0651486 
Dasyuridae_Sarcophilus_harrisii              0.0640955 0.0682530 0.0630860 0.0697809 0.0690530 0.0042717 0.0479877 0.0569385 0.0690421 0.0774958 0.0596802 0.0121947 0.0145970 0.0608599 0.0699325 0.0123456 0.0000000 0.0150710 0.0717989 0.0670381 0.0728074 0.0904956 0.0865842 0.0120399 0.0577299 0.0615696 0.0666608 0.0677400 0.0378069 0.0759746 0.0671238 0.0542354 0.0744261 0.0055216 0.0637455 
Dasyuridae_Planigale_tenuirostris            0.0612372 0.0667624 0.0607715 0.0655347 0.0652931 0.0141767 0.0449451 0.0538374 0.0642367 0.0746009 0.0559688 0.0166649 0.0093584 0.0580099 0.0677614 0.0164129 0.0150710 0.0000000 0.0680811 0.0626241 0.0690902 0.0888112 0.0849433 0.0159468 0.0518045 0.0617151 0.0638792 0.0636187 0.0369301 0.0741421 0.0630478 0.0520068 0.0700016 0.0161942 0.0599823 
Peramelidae_Echymipera_kalubu                0.0628551 0.0697957 0.0658731 0.0740517 0.0729741 0.0711774 0.0504652 0.0577993 0.0710914 0.0089989 0.0646095 0.0724513 0.0689044 0.0656876 0.0740995 0.0727747 0.0717989 0.0680811 0.0000000 0.0715060 0.0728909 0.0874168 0.0870400 0.0698250 0.0626587 0.0642437 0.0694459 0.0722314 0.0344808 0.0766858 0.0694990 0.0574665 0.0090250 0.0742555 0.0065317 
Macropodidae_Dorcopsulus_vanheurni           0.0445462 0.0666316 0.0500961 0.0217721 0.0215585 0.0667287 0.0365744 0.0363941 0.0199770 0.0777834 0.0409152 0.0648788 0.0645927 0.0437678 0.0548683 0.0631879 0.0670381 0.0626241 0.0715060 0.0000000 0.0539462 0.0822511 0.0812652 0.0639159 0.0272555 0.0574359 0.0483134 0.0100327 0.0417102 0.0603165 0.0479593 0.0379080 0.0753992 0.0663052 0.0606616 
Pseudochiridae_Pseudochirulus_forbesi        0.0540353 0.0719953 0.0562632 0.0602613 0.0595464 0.0716877 0.0358703 0.0415903 0.0590507 0.0760197 0.0459390 0.0735367 0.0701191 0.0471171 0.0564287 0.0732114 0.0728074 0.0690902 0.0728909 0.0539462 0.0000000 0.0934450 0.0943866 0.0735059 0.0495812 0.0667084 0.0333212 0.0555842 0.0099896 0.0570269 0.0500929 0.0410384 0.0776499 0.0728975 0.0545590 
Didelphidae_Didelphis_virginiana             0.0814334 0.0828777 0.0829769 0.0911563 0.0897911 0.0895448 0.0618580 0.0726078 0.0858706 0.0944442 0.0809958 0.0886984 0.0918009 0.0815664 0.0852516 0.0896532 0.0904956 0.0888112 0.0874168 0.0822511 0.0934450 0.0000000 0.0221238 0.0901250 0.0759626 0.0808272 0.0869782 0.0854882 0.0445717 0.0960116 0.0867002 0.0740887 0.0918020 0.0929215 0.0730156 
Marmosidae_Monodelphis_domestica             0.0778981 0.0812110 0.0812573 0.0851656 0.0848242 0.0859642 0.0588980 0.0711886 0.0825668 0.0921382 0.0782611 0.0850161 0.0883894 0.0795587 0.0868642 0.0855502 0.0865842 0.0849433 0.0870400 0.0812652 0.0943866 0.0221238 0.0000000 0.0862656 0.0757343 0.0800336 0.0871053 0.0828551 0.0471989 0.0927268 0.0853064 0.0714514 0.0884748 0.0892900 0.0743900 
Dasyuridae_Antechinus_stuartii               0.0630606 0.0670762 0.0647692 0.0672508 0.0665127 0.0122448 0.0452775 0.0544856 0.0667751 0.0763585 0.0597795 0.0068915 0.0144225 0.0611648 0.0687032 0.0069217 0.0120399 0.0159468 0.0698250 0.0639159 0.0735059 0.0901250 0.0862656 0.0000000 0.0550303 0.0604894 0.0649723 0.0657156 0.0404248 0.0756959 0.0655096 0.0545782 0.0734887 0.0142387 0.0615324 
Hypsiprymnodontidae_Hypsiprymnodon_moschatus 0.0420369 0.0608004 0.0454024 0.0301505 0.0296886 0.0571785 0.0307838 0.0312547 0.0275966 0.0675018 0.0375537 0.0565104 0.0533446 0.0392365 0.0516585 0.0554539 0.0577299 0.0518045 0.0626587 0.0272555 0.0495812 0.0759626 0.0757343 0.0550303 0.0000000 0.0540877 0.0451979 0.0269251 0.0324410 0.0559146 0.0440501 0.0341304 0.0658591 0.0567535 0.0513994 
Microbiotheriidae_Dromiciops_gliroides       0.0569318 0.0636500 0.0599003 0.0623548 0.0610613 0.0599691 0.0411785 0.0516600 0.0614081 0.0704662 0.0571314 0.0637249 0.0607092 0.0566909 0.0610467 0.0629383 0.0615696 0.0617151 0.0642437 0.0574359 0.0667084 0.0808272 0.0800336 0.0604894 0.0540877 0.0000000 0.0610295 0.0597657 0.0377308 0.0718920 0.0595385 0.0526901 0.0684706 0.0632367 0.0527972 
Pseudochiridae_Petauroides_volans            0.0474433 0.0654949 0.0520937 0.0536180 0.0531350 0.0653546 0.0339410 0.0366901 0.0521414 0.0730348 0.0417281 0.0666896 0.0640921 0.0431006 0.0474524 0.0666251 0.0666608 0.0638792 0.0694459 0.0483134 0.0333212 0.0869782 0.0871053 0.0649723 0.0451979 0.0610295 0.0000000 0.0489778 0.0204686 0.0499720 0.0442164 0.0379782 0.0722384 0.0678401 0.0556728 
Macropodidae_Wallabia_bicolor                0.0456785 0.0685889 0.0504515 0.0209576 0.0207439 0.0671501 0.0384455 0.0367721 0.0200908 0.0795087 0.0413562 0.0647462 0.0650639 0.0438600 0.0544697 0.0642091 0.0677400 0.0636187 0.0722314 0.0100327 0.0555842 0.0854882 0.0828551 0.0657156 0.0269251 0.0597657 0.0489778 0.0000000 0.0445139 0.0605504 0.0486005 0.0382313 0.0768988 0.0667355 0.0625430 
Pseudochiridae_Pseudocheirus_occidentalis    0.0312073 0.0417463 0.0483920 0.0563263 0.0599645 0.0356040 0.0214135 0.0208357 0.0393282 0.0350744 0.0232206 0.0435410 0.0334418 0.0182908 0.0381529 0.0449394 0.0378069 0.0369301 0.0344808 0.0417102 0.0099896 0.0445717 0.0471989 0.0404248 0.0324410 0.0377308 0.0204686 0.0445139 0.0000000 0.0314226 0.0277738 0.0172143 0.0418235 0.0401274 0.0344592 
Tarsipedidae_Tarsipes_rostratus              0.0602669 0.0782678 0.0622263 0.0640336 0.0643056 0.0753655 0.0489011 0.0458458 0.0615241 0.0829961 0.0530271 0.0754067 0.0748112 0.0539452 0.0598390 0.0753811 0.0759746 0.0741421 0.0766858 0.0603165 0.0570269 0.0960116 0.0927268 0.0756959 0.0559146 0.0718920 0.0499720 0.0605504 0.0314226 0.0000000 0.0564525 0.0480881 0.0814472 0.0760259 0.0657261 
Acrobatidae_Distoechurus_pennatus            0.0455337 0.0697268 0.0488458 0.0515176 0.0510655 0.0673136 0.0316051 0.0372184 0.0495810 0.0750363 0.0423541 0.0667245 0.0663409 0.0439960 0.0302002 0.0662715 0.0671238 0.0630478 0.0694990 0.0479593 0.0500929 0.0867002 0.0853064 0.0655096 0.0440501 0.0595385 0.0442164 0.0486005 0.0277738 0.0564525 0.0000000 0.0397879 0.0750912 0.0676451 0.0544648 
Phalangeridae_Phalanger_carmelitae           0.0358290 0.0585671 0.0381029 0.0389004 0.0389203 0.0541791 0.0108753 0.0061173 0.0382250 0.0629457 0.0113289 0.0555928 0.0527009 0.0111642 0.0428948 0.0554341 0.0542354 0.0520068 0.0574665 0.0379080 0.0410384 0.0740887 0.0714514 0.0545782 0.0341304 0.0526901 0.0379782 0.0382313 0.0172143 0.0480881 0.0397879 0.0000000 0.0599366 0.0550307 0.0473023 
Peramelidae_Peroryctes_raffrayana            0.0688287 0.0759453 0.0706658 0.0780543 0.0773822 0.0743515 0.0519768 0.0622661 0.0746567 0.0100090 0.0679480 0.0743692 0.0714940 0.0694129 0.0787562 0.0749554 0.0744261 0.0700016 0.0090250 0.0753992 0.0776499 0.0918020 0.0884748 0.0734887 0.0658591 0.0684706 0.0722384 0.0768988 0.0418235 0.0814472 0.0750912 0.0599366 0.0000000 0.0775563 0.0093495 
Dasyuridae_Dasyurus_geffroii                 0.0654369 0.0713119 0.0633757 0.0687718 0.0680450 0.0059296 0.0483276 0.0572754 0.0680343 0.0809360 0.0607821 0.0144204 0.0156850 0.0619742 0.0708199 0.0145254 0.0055216 0.0161942 0.0742555 0.0663052 0.0728975 0.0929215 0.0892900 0.0142387 0.0567535 0.0632367 0.0678401 0.0667355 0.0401274 0.0760259 0.0676451 0.0550307 0.0775563 0.0000000 0.0641523 
Peramelidae_Perameles_gunnii                 0.0539728 0.0567216 0.0543099 0.0640859 0.0638444 0.0621491 0.0508249 0.0473469 0.0590198 0.0013895 0.0483696 0.0642369 0.0613641 0.0494665 0.0649545 0.0651486 0.0637455 0.0599823 0.0065317 0.0606616 0.0545590 0.0730156 0.0743900 0.0615324 0.0513994 0.0527972 0.0556728 0.0625430 0.0344592 0.0657261 0.0544648 0.0473023 0.0093495 0.0641523 0.0000000 
