37
Burramyidae_Burramys_parvus                  0.0000000 0.2004340 0.0543059 0.2004340 0.0250097 0.0296213 0.0310628 0.0455994 0.0286751 0.0296257 0.0303644 0.0493052 0.0249383 0.0464531 0.0538612 0.0263329 0.0252790 0.0472585 0.0471857 0.0483993 0.0488857 0.0289876 0.0336853 0.0472579 0.0442489 0.0432509 0.0331391 0.0382816 0.0278470 0.0300067 0.0385778 0.0501932 0.0275034 0.0296285 0.0515371 0.0459920 0.0495936 
Thylacomyidae_Macrotis_lagotis1              0.2004340 0.0000000 0.1332584 0.0000010 0.1456695 0.1490470 0.1534867 0.1751242 0.1846270 0.1897448 0.1654541 0.0599896 0.1868231 0.1717214 0.1579335 0.1894854 0.1704854 0.1717214 0.1732399 0.1640541 0.0537134 0.1494921 0.1726697 0.2010499 0.1699215 0.1606493 0.1706384 0.1902667 0.1820746 0.1762952 0.1763302 0.2236158 0.1795028 0.1969632 0.0661491 0.1732399 0.0569936 
Notoryctidae_Notoryctes_typhlops             0.0543059 0.1332584 0.0000000 0.1332584 0.0528026 0.0593256 0.0609929 0.0612669 0.0558049 0.0584290 0.0603237 0.0634123 0.0538276 0.0612774 0.0647053 0.0592126 0.0523760 0.0620758 0.0603261 0.0588063 0.0614823 0.0599172 0.0606378 0.0705954 0.0649818 0.0579770 0.0637017 0.0549603 0.0575744 0.0605654 0.0656230 0.0773911 0.0594917 0.0614149 0.0649066 0.0603921 0.0639210 
Thylacomyidae_Macrotis_lagotis2              0.2004340 0.0000010 0.1332584 0.0000000 0.1456695 0.1490470 0.1534867 0.1751242 0.1846270 0.1897448 0.1654541 0.0599896 0.1868231 0.1717214 0.1579335 0.1894854 0.1704854 0.1717214 0.1732399 0.1640541 0.0537134 0.1494921 0.1726697 0.2010499 0.1699215 0.1606493 0.1706384 0.1902667 0.1820746 0.1762952 0.1763302 0.2236158 0.1795028 0.1969632 0.0661491 0.1732399 0.0569936 
Vombatidae_Lasiorhinus_latifrons             0.0250097 0.1456695 0.0528026 0.1456695 0.0000000 0.0329074 0.0351543 0.0452101 0.0281558 0.0311426 0.0325648 0.0506770 0.0284251 0.0435523 0.0488738 0.0303015 0.0279716 0.0439231 0.0463083 0.0468452 0.0502146 0.0326274 0.0377981 0.0468841 0.0420159 0.0418887 0.0377252 0.0381286 0.0295995 0.0307139 0.0422450 0.0481244 0.0311166 0.0306264 0.0527383 0.0455601 0.0518471 
Potoroidae_Bettongia_penicillata             0.0296213 0.1490470 0.0593256 0.1490470 0.0329074 0.0000000 0.0050431 0.0550948 0.0346286 0.0357228 0.0063345 0.0538832 0.0305284 0.0546099 0.0576673 0.0333285 0.0335262 0.0541786 0.0553815 0.0514606 0.0524734 0.0115988 0.0425741 0.0575055 0.0541366 0.0506130 0.0232848 0.0474704 0.0349370 0.0140693 0.0451997 0.0526498 0.0370023 0.0324279 0.0540866 0.0550554 0.0541399 
Potoroidae_Bettongia_lesueur                 0.0310628 0.1534867 0.0609929 0.1534867 0.0351543 0.0050431 0.0000000 0.0574956 0.0368152 0.0394493 0.0095771 0.0584643 0.0338484 0.0585910 0.0604968 0.0362691 0.0360738 0.0581519 0.0585744 0.0548886 0.0560655 0.0149399 0.0425123 0.0592713 0.0561079 0.0545952 0.0261292 0.0474922 0.0356878 0.0171400 0.0457250 0.0574100 0.0388492 0.0359714 0.0585282 0.0582491 0.0585878 
Dasyuridae_Dasyurus_maculatus                0.0455994 0.1751242 0.0612669 0.1751242 0.0452101 0.0550948 0.0574956 0.0000000 0.0514770 0.0543684 0.0550336 0.0590093 0.0495988 0.0108586 0.0209743 0.0519619 0.0500874 0.0115137 0.0037696 0.0197299 0.0579567 0.0560509 0.0534124 0.0628464 0.0587010 0.0120232 0.0607534 0.0519587 0.0477882 0.0533630 0.0598396 0.0714481 0.0563761 0.0565522 0.0597115 0.0025047 0.0587047 
Phalangeridae_Trichosurus_vulpecula          0.0286751 0.1846270 0.0558049 0.1846270 0.0281558 0.0346286 0.0368152 0.0514770 0.0000000 0.0164489 0.0346632 0.0512912 0.0148899 0.0474413 0.0519690 0.0164179 0.0312266 0.0470188 0.0513941 0.0476711 0.0492215 0.0354727 0.0398570 0.0549631 0.0466846 0.0470519 0.0398167 0.0396122 0.0314651 0.0342913 0.0466397 0.0531668 0.0354560 0.0191662 0.0517059 0.0506431 0.0512264 
Phalangeridae_Spilocuscus_maculatus          0.0296257 0.1897448 0.0584290 0.1897448 0.0311426 0.0357228 0.0394493 0.0543684 0.0164489 0.0000000 0.0357531 0.0530588 0.0086235 0.0515001 0.0540080 0.0091659 0.0319929 0.0510687 0.0538820 0.0511617 0.0512125 0.0352817 0.0402002 0.0516079 0.0493990 0.0474143 0.0436801 0.0402842 0.0299415 0.0344909 0.0468269 0.0521824 0.0347276 0.0154263 0.0542235 0.0531256 0.0531522 
Potoroidae_Aepyprymnus_rufescens             0.0303644 0.1654541 0.0603237 0.1654541 0.0325648 0.0063345 0.0095771 0.0550336 0.0346632 0.0357531 0.0000000 0.0547532 0.0312875 0.0545494 0.0571947 0.0326287 0.0331901 0.0541187 0.0553200 0.0527445 0.0533057 0.0109471 0.0429826 0.0554780 0.0547766 0.0505570 0.0239992 0.0475996 0.0327871 0.0140804 0.0437293 0.0527950 0.0352067 0.0320663 0.0549305 0.0549942 0.0549851 
Peramelidae_Perameles_nasuta                 0.0493052 0.0599896 0.0634123 0.0599896 0.0506770 0.0538832 0.0584643 0.0590093 0.0512912 0.0530588 0.0547532 0.0000000 0.0484014 0.0577956 0.0605204 0.0514375 0.0520386 0.0582297 0.0603948 0.0533754 0.0099097 0.0544801 0.0629705 0.0710758 0.0671350 0.0556926 0.0594959 0.0588476 0.0554618 0.0553416 0.0691382 0.0758168 0.0565651 0.0565239 0.0089143 0.0582297 0.0003234 
Phalangeridae_Strigocuscus_pelengensis       0.0249383 0.1868231 0.0538276 0.1868231 0.0284251 0.0305284 0.0338484 0.0495988 0.0148899 0.0086235 0.0312875 0.0484014 0.0000000 0.0467594 0.0501238 0.0029188 0.0290573 0.0463342 0.0499142 0.0483846 0.0463714 0.0323956 0.0365072 0.0513495 0.0461419 0.0445989 0.0382131 0.0387515 0.0277193 0.0319897 0.0406264 0.0480365 0.0306382 0.0122069 0.0492587 0.0495629 0.0483878 
Dasyuridae_Phascogale_tapoatafa              0.0464531 0.1717214 0.0612774 0.1717214 0.0435523 0.0546099 0.0585910 0.0108586 0.0474413 0.0515001 0.0545494 0.0577956 0.0467594 0.0000000 0.0175497 0.0491395 0.0496207 0.0015623 0.0111773 0.0153454 0.0571610 0.0555617 0.0548722 0.0617926 0.0553939 0.0054462 0.0610534 0.0511560 0.0477098 0.0512834 0.0597243 0.0722284 0.0550786 0.0547349 0.0572577 0.0115034 0.0571279 
Dasyuridae_Sminthopsis_macroura              0.0538612 0.1579335 0.0647053 0.1579335 0.0488738 0.0576673 0.0604968 0.0209743 0.0519690 0.0540080 0.0571947 0.0605204 0.0501238 0.0175497 0.0000000 0.0520390 0.0538074 0.0178735 0.0219677 0.0171789 0.0593372 0.0577429 0.0595928 0.0647606 0.0605632 0.0198997 0.0663347 0.0562176 0.0547734 0.0570310 0.0696215 0.0779549 0.0630271 0.0583510 0.0610506 0.0219821 0.0597641 
Phalangeridae_Phalanger_orientalis           0.0263329 0.1894854 0.0592126 0.1894854 0.0303015 0.0333285 0.0362691 0.0519619 0.0164179 0.0091659 0.0326287 0.0514375 0.0029188 0.0491395 0.0520390 0.0000000 0.0311498 0.0487159 0.0522713 0.0510277 0.0497523 0.0329689 0.0388919 0.0514040 0.0487925 0.0478596 0.0402919 0.0412392 0.0283617 0.0320372 0.0440343 0.0502636 0.0316037 0.0127846 0.0521664 0.0519246 0.0513687 
Acrobatidae_Acrobates_pygmaeus               0.0252790 0.1704854 0.0523760 0.1704854 0.0279716 0.0335262 0.0360738 0.0500874 0.0312266 0.0319929 0.0331901 0.0520386 0.0290573 0.0496207 0.0538074 0.0311498 0.0000000 0.0484342 0.0511494 0.0508983 0.0516108 0.0321758 0.0331410 0.0530436 0.0470858 0.0469042 0.0351100 0.0387935 0.0257234 0.0332694 0.0377461 0.0471051 0.0169820 0.0312192 0.0532076 0.0508244 0.0527931 
Dasyuridae_Phascogale_calura                 0.0472585 0.1717214 0.0620758 0.1717214 0.0439231 0.0541786 0.0581519 0.0115137 0.0470188 0.0510687 0.0541187 0.0582297 0.0463342 0.0015623 0.0178735 0.0487159 0.0484342 0.0000000 0.0114960 0.0164288 0.0563274 0.0551275 0.0544601 0.0622114 0.0557702 0.0064204 0.0606280 0.0515374 0.0481146 0.0516400 0.0592184 0.0726598 0.0546647 0.0542657 0.0572166 0.0121598 0.0575481 
Dasyuridae_Sarcophilus_harrisii              0.0471857 0.1732399 0.0603261 0.1732399 0.0463083 0.0553815 0.0585744 0.0037696 0.0513941 0.0538820 0.0553200 0.0603948 0.0499142 0.0111773 0.0219677 0.0522713 0.0511494 0.0114960 0.0000000 0.0197131 0.0583787 0.0571501 0.0552871 0.0636255 0.0569876 0.0116837 0.0618655 0.0527842 0.0493214 0.0544663 0.0621205 0.0713170 0.0574544 0.0573141 0.0601403 0.0031357 0.0596437 
Dasyuridae_Planigale_tenuirostris            0.0483993 0.1640541 0.0588063 0.1640541 0.0468452 0.0514606 0.0548886 0.0197299 0.0476711 0.0511617 0.0527445 0.0533754 0.0483846 0.0153454 0.0171789 0.0510277 0.0508983 0.0164288 0.0197131 0.0000000 0.0512329 0.0540268 0.0538895 0.0610512 0.0569481 0.0143564 0.0605906 0.0508202 0.0510190 0.0541664 0.0633490 0.0753001 0.0585651 0.0559199 0.0534890 0.0193487 0.0534277 
Peramelidae_Echymipera_kalubu                0.0488857 0.0537134 0.0614823 0.0537134 0.0502146 0.0524734 0.0560655 0.0579567 0.0492215 0.0512125 0.0533057 0.0099097 0.0463714 0.0571610 0.0593372 0.0497523 0.0516108 0.0563274 0.0583787 0.0512329 0.0000000 0.0526475 0.0599939 0.0687113 0.0655622 0.0548688 0.0574884 0.0558277 0.0544594 0.0534990 0.0642269 0.0732992 0.0559570 0.0557730 0.0106246 0.0572157 0.0096279 
Macropodidae_Dorcopsulus_vanheurni           0.0289876 0.1494921 0.0599172 0.1494921 0.0326274 0.0115988 0.0149399 0.0560509 0.0354727 0.0352817 0.0109471 0.0544801 0.0323956 0.0555617 0.0577429 0.0329689 0.0321758 0.0551275 0.0571501 0.0540268 0.0526475 0.0000000 0.0430402 0.0558687 0.0530563 0.0527579 0.0229939 0.0462779 0.0347003 0.0067447 0.0461669 0.0523429 0.0364223 0.0313192 0.0542677 0.0560106 0.0551201 
Pseudochiridae_Pseudochirulus_forbesi        0.0336853 0.1726697 0.0606378 0.1726697 0.0377981 0.0425741 0.0425123 0.0534124 0.0398570 0.0402002 0.0429826 0.0629705 0.0365072 0.0548722 0.0595928 0.0388919 0.0331410 0.0544601 0.0552871 0.0538895 0.0599939 0.0430402 0.0000000 0.0560201 0.0549887 0.0525187 0.0443333 0.0491003 0.0213648 0.0434933 0.0246945 0.0518939 0.0343646 0.0420626 0.0651290 0.0541577 0.0633808 
Didelphidae_Didelphis_virginiana             0.0472579 0.2010499 0.0705954 0.2010499 0.0468841 0.0575055 0.0592713 0.0628464 0.0549631 0.0516079 0.0554780 0.0710758 0.0513495 0.0617926 0.0647606 0.0514040 0.0530436 0.0622114 0.0636255 0.0610512 0.0687113 0.0558687 0.0560201 0.0000000 0.0291895 0.0587335 0.0645169 0.0541532 0.0515684 0.0571039 0.0666580 0.0655648 0.0557511 0.0514293 0.0712624 0.0623386 0.0707825 
Marmosidae_Monodelphis_domestica             0.0442489 0.1699215 0.0649818 0.1699215 0.0420159 0.0541366 0.0561079 0.0587010 0.0466846 0.0493990 0.0547766 0.0671350 0.0461419 0.0553939 0.0605632 0.0487925 0.0470858 0.0557702 0.0569876 0.0569481 0.0655622 0.0530563 0.0549887 0.0291895 0.0000000 0.0533947 0.0576207 0.0492994 0.0504101 0.0534929 0.0674565 0.0676573 0.0545162 0.0480026 0.0666652 0.0570486 0.0674181 
Dasyuridae_Antechinus_stuartii               0.0432509 0.1606493 0.0579770 0.1606493 0.0418887 0.0506130 0.0545952 0.0120232 0.0470519 0.0474143 0.0505570 0.0556926 0.0445989 0.0054462 0.0198997 0.0478596 0.0469042 0.0064204 0.0116837 0.0143564 0.0548688 0.0527579 0.0525187 0.0587335 0.0533947 0.0000000 0.0583762 0.0484648 0.0462985 0.0500395 0.0594457 0.0707185 0.0522723 0.0526579 0.0553507 0.0120154 0.0555693 
Hypsiprymnodontidae_Hypsiprymnodon_moschatus 0.0331391 0.1706384 0.0637017 0.1706384 0.0377252 0.0232848 0.0261292 0.0607534 0.0398167 0.0436801 0.0239992 0.0594959 0.0382131 0.0610534 0.0663347 0.0402919 0.0351100 0.0606280 0.0618655 0.0605906 0.0574884 0.0229939 0.0443333 0.0645169 0.0576207 0.0583762 0.0000000 0.0493215 0.0384357 0.0236228 0.0497118 0.0598481 0.0378137 0.0407268 0.0592349 0.0607092 0.0587802 
Microbiotheriidae_Dromiciops_gliroides       0.0382816 0.1902667 0.0549603 0.1902667 0.0381286 0.0474704 0.0474922 0.0519587 0.0396122 0.0402842 0.0475996 0.0588476 0.0387515 0.0511560 0.0562176 0.0412392 0.0387935 0.0515374 0.0527842 0.0508202 0.0558277 0.0462779 0.0491003 0.0541532 0.0492994 0.0484648 0.0493215 0.0000000 0.0409558 0.0472050 0.0535294 0.0608297 0.0457191 0.0439642 0.0587379 0.0524292 0.0585496 
Pseudochiridae_Petauroides_volans            0.0278470 0.1820746 0.0575744 0.1820746 0.0295995 0.0349370 0.0356878 0.0477882 0.0314651 0.0299415 0.0327871 0.0554618 0.0277193 0.0477098 0.0547734 0.0283617 0.0257234 0.0481146 0.0493214 0.0510190 0.0544594 0.0347003 0.0213648 0.0515684 0.0504101 0.0462985 0.0384357 0.0409558 0.0000000 0.0335698 0.0229211 0.0415068 0.0269222 0.0325110 0.0564480 0.0477541 0.0559526 
Macropodidae_Wallabia_bicolor                0.0300067 0.1762952 0.0605654 0.1762952 0.0307139 0.0140693 0.0171400 0.0533630 0.0342913 0.0344909 0.0140804 0.0553416 0.0319897 0.0512834 0.0570310 0.0320372 0.0332694 0.0516400 0.0544663 0.0541664 0.0534990 0.0067447 0.0434933 0.0571039 0.0534929 0.0500395 0.0236228 0.0472050 0.0335698 0.0000000 0.0471308 0.0492978 0.0375285 0.0283865 0.0556155 0.0541178 0.0555914 
Pseudochiridae_Pseudocheirus_occidentalis    0.0385778 0.1763302 0.0656230 0.1763302 0.0422450 0.0451997 0.0457250 0.0598396 0.0466397 0.0468269 0.0437293 0.0691382 0.0406264 0.0597243 0.0696215 0.0440343 0.0377461 0.0592184 0.0621205 0.0633490 0.0642269 0.0461669 0.0246945 0.0666580 0.0674565 0.0594457 0.0497118 0.0535294 0.0229211 0.0471308 0.0000000 0.0565717 0.0374965 0.0516358 0.0705551 0.0607382 0.0688514 
Tarsipedidae_Tarsipes_rostratus              0.0501932 0.2236158 0.0773911 0.2236158 0.0481244 0.0526498 0.0574100 0.0714481 0.0531668 0.0521824 0.0527950 0.0758168 0.0480365 0.0722284 0.0779549 0.0502636 0.0471051 0.0726598 0.0713170 0.0753001 0.0732992 0.0523429 0.0518939 0.0655648 0.0676573 0.0707185 0.0598481 0.0608297 0.0415068 0.0492978 0.0565717 0.0000000 0.0503883 0.0515866 0.0768195 0.0713752 0.0754464 
Acrobatidae_Distoechurus_pennatus            0.0275034 0.1795028 0.0594917 0.1795028 0.0311166 0.0370023 0.0388492 0.0563761 0.0354560 0.0347276 0.0352067 0.0565651 0.0306382 0.0550786 0.0630271 0.0316037 0.0169820 0.0546647 0.0574544 0.0585651 0.0559570 0.0364223 0.0343646 0.0557511 0.0545162 0.0522723 0.0378137 0.0457191 0.0269222 0.0375285 0.0374965 0.0503883 0.0000000 0.0336862 0.0593581 0.0571285 0.0572069 
Phalangeridae_Phalanger_carmelitae           0.0296285 0.1969632 0.0614149 0.1969632 0.0306264 0.0324279 0.0359714 0.0565522 0.0191662 0.0154263 0.0320663 0.0565239 0.0122069 0.0547349 0.0583510 0.0127846 0.0312192 0.0542657 0.0573141 0.0559199 0.0557730 0.0313192 0.0420626 0.0514293 0.0480026 0.0526579 0.0407268 0.0439642 0.0325110 0.0283865 0.0516358 0.0515866 0.0336862 0.0000000 0.0576881 0.0564975 0.0562842 
Peramelidae_Peroryctes_raffrayana            0.0515371 0.0661491 0.0649066 0.0661491 0.0527383 0.0540866 0.0585282 0.0597115 0.0517059 0.0542235 0.0549305 0.0089143 0.0492587 0.0572577 0.0610506 0.0521664 0.0532076 0.0572166 0.0601403 0.0534890 0.0106246 0.0542677 0.0651290 0.0712624 0.0666652 0.0553507 0.0592349 0.0587379 0.0564480 0.0556155 0.0705551 0.0768195 0.0593581 0.0576881 0.0000000 0.0585488 0.0083731 
Dasyuridae_Dasyurus_geffroii                 0.0459920 0.1732399 0.0603921 0.1732399 0.0455601 0.0550554 0.0582491 0.0025047 0.0506431 0.0531256 0.0549942 0.0582297 0.0495629 0.0115034 0.0219821 0.0519246 0.0508244 0.0121598 0.0031357 0.0193487 0.0572157 0.0560106 0.0541577 0.0623386 0.0570486 0.0120154 0.0607092 0.0524292 0.0477541 0.0541178 0.0607382 0.0713752 0.0571285 0.0564975 0.0585488 0.0000000 0.0579587 
Peramelidae_Perameles_gunnii                 0.0495936 0.0569936 0.0639210 0.0569936 0.0518471 0.0541399 0.0585878 0.0587047 0.0512264 0.0531522 0.0549851 0.0003234 0.0483878 0.0571279 0.0597641 0.0513687 0.0527931 0.0575481 0.0596437 0.0534277 0.0096279 0.0551201 0.0633808 0.0707825 0.0674181 0.0555693 0.0587802 0.0585496 0.0559526 0.0555914 0.0688514 0.0754464 0.0572069 0.0562842 0.0083731 0.0579587 0.0000000 
