35
Burramyidae_Burramys_parvus                  0.0000000 0.0718821 0.0444921 0.0604422 0.0632630 0.0750275 0.0394186 0.0504947 0.0590082 0.0862407 0.0503170 0.0763242 0.0748361 0.0451518 0.0571018 0.0753951 0.0718520 0.0904951 0.0873861 0.0632540 0.0544564 0.0865933 0.0933280 0.0743216 0.0597351 0.0593110 0.0565967 0.0620417 0.0498812 0.0614212 0.0517844 0.0458994 0.0907126 0.0723084 0.0888672 
Notoryctidae_Notoryctes_typhlops             0.0718821 0.0000000 0.0716320 0.0816425 0.0826202 0.0916762 0.0706728 0.0798685 0.0813081 0.0980624 0.0768648 0.0989551 0.0865897 0.0755307 0.0765967 0.0963767 0.0896561 0.0887093 0.0959406 0.0853062 0.0823823 0.0979072 0.1023868 0.1024812 0.0842331 0.0789758 0.0835753 0.0844628 0.0808057 0.0902476 0.0832156 0.0761797 0.0985937 0.0896214 0.0970902 
Vombatidae_Lasiorhinus_latifrons             0.0444921 0.0716320 0.0000000 0.0536208 0.0514342 0.0739216 0.0439298 0.0542526 0.0510375 0.0800807 0.0533937 0.0810248 0.0691378 0.0502786 0.0531047 0.0794742 0.0724859 0.0742351 0.0799589 0.0557408 0.0565021 0.0778057 0.0827859 0.0809778 0.0537416 0.0562409 0.0582173 0.0565855 0.0503459 0.0646476 0.0554517 0.0493721 0.0819226 0.0733182 0.0805084 
Potoroidae_Bettongia_penicillata             0.0604422 0.0816425 0.0536208 0.0000000 0.0047037 0.0965784 0.0599838 0.0709445 0.0146141 0.0911528 0.0739411 0.1011878 0.0939862 0.0678098 0.0707908 0.1011616 0.0935733 0.1013067 0.0972525 0.0304208 0.0732199 0.0969089 0.1039286 0.1037961 0.0397995 0.0657784 0.0724412 0.0313789 0.0671881 0.0790844 0.0615119 0.0676396 0.0928285 0.0921556 0.0929472 
Potoroidae_Bettongia_lesueur                 0.0632630 0.0826202 0.0514342 0.0047037 0.0000000 0.0969709 0.0618475 0.0721921 0.0159073 0.0938595 0.0745694 0.1021782 0.0957759 0.0676063 0.0729618 0.1021512 0.0943859 0.1023682 0.1001342 0.0330198 0.0739778 0.0977809 0.1024765 0.1054346 0.0414990 0.0664138 0.0730598 0.0328285 0.0682582 0.0811351 0.0612113 0.0674302 0.0929286 0.0929366 0.0957187 
Dasyuridae_Dasyurus_maculatus                0.0750275 0.0916762 0.0739216 0.0965784 0.0969709 0.0000000 0.0735865 0.0833098 0.0960227 0.1150819 0.0860522 0.0301152 0.0332778 0.0790362 0.0950608 0.0297187 0.0135169 0.0487014 0.1130225 0.0972407 0.0897718 0.1076636 0.1102427 0.0287954 0.0939994 0.0770308 0.0927171 0.0993301 0.0857634 0.0955636 0.0848376 0.0794614 0.1105393 0.0103675 0.1154042 
Phalangeridae_Trichosurus_vulpecula          0.0394186 0.0706728 0.0439298 0.0599838 0.0618475 0.0735865 0.0000000 0.0209020 0.0608563 0.0847948 0.0234339 0.0791255 0.0739763 0.0178217 0.0607228 0.0776287 0.0700107 0.0880770 0.0874731 0.0605549 0.0553135 0.0859878 0.0928789 0.0812937 0.0593282 0.0585727 0.0579930 0.0619522 0.0502175 0.0604191 0.0529836 0.0181879 0.0881303 0.0699439 0.0847023 
Phalangeridae_Spilocuscus_maculatus          0.0504947 0.0798685 0.0542526 0.0709445 0.0721921 0.0833098 0.0209020 0.0000000 0.0713859 0.0960902 0.0220809 0.0881063 0.0843261 0.0149941 0.0695300 0.0865695 0.0797247 0.0985789 0.0998022 0.0716747 0.0632364 0.0954628 0.0999376 0.0903423 0.0703057 0.0675017 0.0641449 0.0734306 0.0598237 0.0716965 0.0613613 0.0153690 0.0986873 0.0801036 0.0959231 
Potoroidae_Aepyprymnus_rufescens             0.0590082 0.0813081 0.0510375 0.0146141 0.0159073 0.0960227 0.0608563 0.0713859 0.0000000 0.0939694 0.0736035 0.1006000 0.0929933 0.0669067 0.0695661 0.0996281 0.0930245 0.0975700 0.0995637 0.0321207 0.0732146 0.1005995 0.1076895 0.1019297 0.0390362 0.0669515 0.0713025 0.0306094 0.0662459 0.0809581 0.0593287 0.0667198 0.0917888 0.0916099 0.0947936 
Peramelidae_Perameles_nasuta                 0.0862407 0.0980624 0.0800807 0.0911528 0.0938595 0.1150819 0.0847948 0.0960902 0.0939694 0.0000000 0.0975797 0.1144796 0.1121553 0.0896111 0.0947561 0.1125753 0.1078089 0.1157796 0.0259703 0.0987897 0.0954282 0.1146282 0.1183932 0.1168911 0.0954565 0.0892227 0.0957940 0.0967126 0.0883243 0.1004612 0.0871658 0.0914592 0.0398930 0.1082514 0.0061705 
Phalangeridae_Strigocuscus_pelengensis       0.0503170 0.0768648 0.0533937 0.0739411 0.0745694 0.0860522 0.0234339 0.0220809 0.0736035 0.0975797 0.0000000 0.0861768 0.0861424 0.0190978 0.0713112 0.0846152 0.0817470 0.0969801 0.1004562 0.0718621 0.0681655 0.0930353 0.0988111 0.0905770 0.0708525 0.0660248 0.0661042 0.0743265 0.0616693 0.0736534 0.0589178 0.0182437 0.0906100 0.0816138 0.0972662 
Dasyuridae_Phascogale_tapoatafa              0.0763242 0.0989551 0.0810248 0.1011878 0.1021782 0.0301152 0.0791255 0.0881063 0.1006000 0.1144796 0.0861768 0.0000000 0.0350615 0.0846964 0.0934917 0.0041818 0.0260479 0.0509488 0.1114384 0.1022800 0.0919703 0.1114266 0.1187545 0.0142961 0.0979184 0.0808546 0.0940321 0.1025370 0.0868767 0.0985345 0.0835706 0.0841474 0.1138694 0.0247982 0.1163227 
Dasyuridae_Sminthopsis_macroura              0.0748361 0.0865897 0.0691378 0.0939862 0.0957759 0.0332778 0.0739763 0.0843261 0.0929933 0.1121553 0.0861424 0.0350615 0.0000000 0.0784673 0.0922246 0.0354892 0.0300610 0.0417512 0.1081437 0.0953027 0.0869610 0.1072408 0.1143137 0.0353752 0.0916263 0.0758527 0.0890303 0.0957698 0.0814268 0.0945740 0.0802300 0.0788455 0.1097394 0.0296060 0.1124454 
Phalangeridae_Phalanger_orientalis           0.0451518 0.0755307 0.0502786 0.0678098 0.0676063 0.0790362 0.0178217 0.0149941 0.0669067 0.0896111 0.0190978 0.0846964 0.0784673 0.0000000 0.0645756 0.0832408 0.0763537 0.0949635 0.0939540 0.0684630 0.0586655 0.0927698 0.0983766 0.0876956 0.0648124 0.0622665 0.0596492 0.0705632 0.0553106 0.0672856 0.0581110 0.0049461 0.0898633 0.0768018 0.0896505 
Acrobatidae_Acrobates_pygmaeus               0.0571018 0.0765967 0.0531047 0.0707908 0.0729618 0.0950608 0.0607228 0.0695300 0.0695661 0.0947561 0.0713112 0.0934917 0.0922246 0.0645756 0.0000000 0.0910825 0.0883715 0.1006697 0.0975411 0.0726562 0.0647147 0.0979361 0.1003155 0.0934191 0.0739011 0.0653183 0.0627899 0.0729999 0.0609232 0.0728802 0.0343856 0.0643329 0.0954383 0.0915875 0.0966819 
Dasyuridae_Phascogale_calura                 0.0753951 0.0963767 0.0794742 0.1011616 0.1021512 0.0297187 0.0776287 0.0865695 0.0996281 0.1125753 0.0846152 0.0041818 0.0354892 0.0832408 0.0910825 0.0000000 0.0248397 0.0505156 0.1095131 0.1003975 0.0910534 0.1093927 0.1158242 0.0138538 0.0960723 0.0792198 0.0921557 0.1006049 0.0859647 0.0974925 0.0825727 0.0826227 0.1122358 0.0252023 0.1143187 
Dasyuridae_Sarcophilus_harrisii              0.0718520 0.0896561 0.0724859 0.0935733 0.0943859 0.0135169 0.0700107 0.0797247 0.0930245 0.1078089 0.0817470 0.0260479 0.0300610 0.0763537 0.0883715 0.0248397 0.0000000 0.0453008 0.1058807 0.0950735 0.0868134 0.1040195 0.1098464 0.0242657 0.0899155 0.0764080 0.0894075 0.0965976 0.0828240 0.0909063 0.0808728 0.0758212 0.1072303 0.0076646 0.1081680 
Dasyuridae_Planigale_tenuirostris            0.0904951 0.0887093 0.0742351 0.1013067 0.1023682 0.0487014 0.0880770 0.0985789 0.0975700 0.1157796 0.0969801 0.0509488 0.0417512 0.0949635 0.1006697 0.0505156 0.0453008 0.0000000 0.1115545 0.1003575 0.1030117 0.1062854 0.1104793 0.0506372 0.0982753 0.0775401 0.1046262 0.1023031 0.0996382 0.1133063 0.0813759 0.0954899 0.1032650 0.0442653 0.1150372 
Peramelidae_Echymipera_kalubu                0.0873861 0.0959406 0.0799589 0.0972525 0.1001342 0.1130225 0.0874731 0.0998022 0.0995637 0.0259703 0.1004562 0.1114384 0.1081437 0.0939540 0.0975411 0.1095131 0.1058807 0.1115545 0.0000000 0.1050981 0.0976967 0.1138670 0.1166137 0.1156777 0.1006759 0.0851000 0.0985553 0.1011472 0.0911196 0.1045820 0.0888524 0.0957762 0.0303566 0.1062767 0.0274609 
Macropodidae_Dorcopsulus_vanheurni           0.0632540 0.0853062 0.0557408 0.0304208 0.0330198 0.0972407 0.0605549 0.0716747 0.0321207 0.0987897 0.0718621 0.1022800 0.0953027 0.0684630 0.0726562 0.1003975 0.0950735 0.1003575 0.1050981 0.0000000 0.0762989 0.1013998 0.1075569 0.1001872 0.0395242 0.0672031 0.0708329 0.0123346 0.0674279 0.0811214 0.0637504 0.0683458 0.0999239 0.0942031 0.1007224 
Pseudochiridae_Pseudochirulus_forbesi        0.0544564 0.0823823 0.0565021 0.0732199 0.0739778 0.0897718 0.0553135 0.0632364 0.0732146 0.0954282 0.0681655 0.0919703 0.0869610 0.0586655 0.0647147 0.0910534 0.0868134 0.1030117 0.0976967 0.0762989 0.0000000 0.1037779 0.1104644 0.0954089 0.0776398 0.0737939 0.0416182 0.0721481 0.0197736 0.0627544 0.0608222 0.0612560 0.1009711 0.0881738 0.0963208 
Didelphidae_Didelphis_virginiana             0.0865933 0.0979072 0.0778057 0.0969089 0.0977809 0.1076636 0.0859878 0.0954628 0.1005995 0.1146282 0.0930353 0.1114266 0.1072408 0.0927698 0.0979361 0.1093927 0.1040195 0.1062854 0.1138670 0.1013998 0.1037779 0.0000000 0.0318500 0.1133044 0.0966451 0.0783224 0.0967851 0.0996856 0.0962985 0.1055898 0.0845924 0.0936838 0.1058852 0.1048919 0.1160132 
Marmosidae_Monodelphis_domestica             0.0933280 0.1023868 0.0827859 0.1039286 0.1024765 0.1102427 0.0928789 0.0999376 0.1076895 0.1183932 0.0988111 0.1187545 0.1143137 0.0983766 0.1003155 0.1158242 0.1098464 0.1104793 0.1166137 0.1075569 0.1104644 0.0318500 0.0000000 0.1176863 0.1028824 0.0846201 0.1035738 0.1069410 0.1050042 0.1133462 0.0871593 0.0997593 0.1138394 0.1113699 0.1202232 
Dasyuridae_Antechinus_stuartii               0.0743216 0.1024812 0.0809778 0.1037961 0.1054346 0.0287954 0.0812937 0.0903423 0.1019297 0.1168911 0.0905770 0.0142961 0.0353752 0.0876956 0.0934191 0.0138538 0.0242657 0.0506372 0.1156777 0.1001872 0.0954089 0.1133044 0.1176863 0.0000000 0.1002558 0.0835017 0.0955957 0.0987471 0.0868733 0.0950267 0.0828289 0.0869972 0.1171100 0.0242278 0.1182993 
Hypsiprymnodontidae_Hypsiprymnodon_moschatus 0.0597351 0.0842331 0.0537416 0.0397995 0.0414990 0.0939994 0.0593282 0.0703057 0.0390362 0.0954565 0.0708525 0.0979184 0.0916263 0.0648124 0.0739011 0.0960723 0.0899155 0.0982753 0.1006759 0.0395242 0.0776398 0.0966451 0.1028824 0.1002558 0.0000000 0.0718003 0.0742215 0.0395076 0.0715625 0.0848346 0.0615407 0.0651680 0.0982527 0.0896086 0.0979198 
Microbiotheriidae_Dromiciops_gliroides       0.0593110 0.0789758 0.0562409 0.0657784 0.0664138 0.0770308 0.0585727 0.0675017 0.0669515 0.0892227 0.0660248 0.0808546 0.0758527 0.0622665 0.0653183 0.0792198 0.0764080 0.0775401 0.0851000 0.0672031 0.0737939 0.0783224 0.0846201 0.0835017 0.0718003 0.0000000 0.0674304 0.0690418 0.0645411 0.0773496 0.0670555 0.0634815 0.0926896 0.0764728 0.0885925 
Pseudochiridae_Petauroides_volans            0.0565967 0.0835753 0.0582173 0.0724412 0.0730598 0.0927171 0.0579930 0.0641449 0.0713025 0.0957940 0.0661042 0.0940321 0.0890303 0.0596492 0.0627899 0.0921557 0.0894075 0.1046262 0.0985553 0.0708329 0.0416182 0.0967851 0.1035738 0.0955957 0.0742215 0.0674304 0.0000000 0.0675987 0.0357064 0.0637265 0.0612492 0.0622584 0.0988078 0.0906856 0.0961846 
Macropodidae_Wallabia_bicolor                0.0620417 0.0844628 0.0565855 0.0313789 0.0328285 0.0993301 0.0619522 0.0734306 0.0306094 0.0967126 0.0743265 0.1025370 0.0957698 0.0705632 0.0729999 0.1006049 0.0965976 0.1023031 0.1011472 0.0123346 0.0721481 0.0996856 0.1069410 0.0987471 0.0395076 0.0690418 0.0675987 0.0000000 0.0658132 0.0797388 0.0642955 0.0699635 0.0982410 0.0957030 0.0986947 
Pseudochiridae_Pseudocheirus_occidentalis    0.0498812 0.0808057 0.0503459 0.0671881 0.0682582 0.0857634 0.0502175 0.0598237 0.0662459 0.0883243 0.0616693 0.0868767 0.0814268 0.0553106 0.0609232 0.0859647 0.0828240 0.0996382 0.0911196 0.0674279 0.0197736 0.0962985 0.1050042 0.0868733 0.0715625 0.0645411 0.0357064 0.0658132 0.0000000 0.0590223 0.0546270 0.0574737 0.0928852 0.0841815 0.0892822 
Tarsipedidae_Tarsipes_rostratus              0.0614212 0.0902476 0.0646476 0.0790844 0.0811351 0.0955636 0.0604191 0.0716965 0.0809581 0.1004612 0.0736534 0.0985345 0.0945740 0.0672856 0.0728802 0.0974925 0.0909063 0.1133063 0.1045820 0.0811214 0.0627544 0.1055898 0.1133462 0.0950267 0.0848346 0.0773496 0.0637265 0.0797388 0.0590223 0.0000000 0.0626423 0.0682189 0.1050981 0.0933655 0.1007515 
Acrobatidae_Distoechurus_pennatus            0.0517844 0.0832156 0.0554517 0.0615119 0.0612113 0.0848376 0.0529836 0.0613613 0.0593287 0.0871658 0.0589178 0.0835706 0.0802300 0.0581110 0.0343856 0.0825727 0.0808728 0.0813759 0.0888524 0.0637504 0.0608222 0.0845924 0.0871593 0.0828289 0.0615407 0.0670555 0.0612492 0.0642955 0.0546270 0.0626423 0.0000000 0.0572704 0.0967823 0.0828153 0.0881349 
Phalangeridae_Phalanger_carmelitae           0.0458994 0.0761797 0.0493721 0.0676396 0.0674302 0.0794614 0.0181879 0.0153690 0.0667198 0.0914592 0.0182437 0.0841474 0.0788455 0.0049461 0.0643329 0.0826227 0.0758212 0.0954899 0.0957762 0.0683458 0.0612560 0.0936838 0.0997593 0.0869972 0.0651680 0.0634815 0.0622584 0.0699635 0.0574737 0.0682189 0.0572704 0.0000000 0.0904217 0.0762038 0.0914167 
Peramelidae_Peroryctes_raffrayana            0.0907126 0.0985937 0.0819226 0.0928285 0.0929286 0.1105393 0.0881303 0.0986873 0.0917888 0.0398930 0.0906100 0.1138694 0.1097394 0.0898633 0.0954383 0.1122358 0.1072303 0.1032650 0.0303566 0.0999239 0.1009711 0.1058852 0.1138394 0.1171100 0.0982527 0.0926896 0.0988078 0.0982410 0.0928852 0.1050981 0.0967823 0.0904217 0.0000000 0.1065985 0.0402742 
Dasyuridae_Dasyurus_geffroii                 0.0723084 0.0896214 0.0733182 0.0921556 0.0929366 0.0103675 0.0699439 0.0801036 0.0916099 0.1082514 0.0816138 0.0247982 0.0296060 0.0768018 0.0915875 0.0252023 0.0076646 0.0442653 0.1062767 0.0942031 0.0881738 0.1048919 0.1113699 0.0242278 0.0896086 0.0764728 0.0906856 0.0957030 0.0841815 0.0933655 0.0828153 0.0762038 0.1065985 0.0000000 0.1085090 
Peramelidae_Perameles_gunnii                 0.0888672 0.0970902 0.0805084 0.0929472 0.0957187 0.1154042 0.0847023 0.0959231 0.0947936 0.0061705 0.0972662 0.1163227 0.1124454 0.0896505 0.0966819 0.1143187 0.1081680 0.1150372 0.0274609 0.1007224 0.0963208 0.1160132 0.1202232 0.1182993 0.0979198 0.0885925 0.0961846 0.0986947 0.0892822 0.1007515 0.0881349 0.0914167 0.0402742 0.1085090 0.0000000 
