35
Burramyidae_Burramys_parvus                  0.0000000 0.0705070 0.0467716 0.0582244 0.0580998 0.0697102 0.0395331 0.0387654 0.0603284 0.0758438 0.0382507 0.0700138 0.0702455 0.0436201 0.0685682 0.0708329 0.0686793 0.0674387 0.0714201 0.0573231 0.0575118 0.0914486 0.0684735 0.0691107 0.0507826 0.0683703 0.0494523 0.0572711 0.0547784 0.0924362 0.0559359 0.0411082 0.0697235 0.0708237 0.0749645 
Notoryctidae_Notoryctes_typhlops             0.0705070 0.0000000 0.0726753 0.0843344 0.0850833 0.0876747 0.0716579 0.0673442 0.0870192 0.0868813 0.0668022 0.0857518 0.0874526 0.0765568 0.1049172 0.0878739 0.0862599 0.0861864 0.0883581 0.0854795 0.0854308 0.1032274 0.0815999 0.0844719 0.0797168 0.0855632 0.0785387 0.0879000 0.0813867 0.1182067 0.0834748 0.0740073 0.0859377 0.0885480 0.0860104 
Vombatidae_Lasiorhinus_latifrons             0.0467716 0.0726753 0.0000000 0.0571745 0.0564951 0.0709205 0.0441106 0.0441387 0.0623480 0.0770880 0.0434209 0.0697819 0.0700991 0.0479773 0.0744720 0.0703046 0.0684719 0.0680066 0.0749282 0.0585091 0.0592129 0.0905682 0.0670259 0.0675223 0.0538760 0.0693842 0.0534423 0.0575537 0.0559572 0.0924233 0.0550267 0.0469923 0.0734295 0.0714684 0.0762131 
Potoroidae_Bettongia_penicillata             0.0582244 0.0843344 0.0571745 0.0000000 0.0049887 0.0852039 0.0537795 0.0539199 0.0167120 0.0873852 0.0540774 0.0842988 0.0860696 0.0569768 0.0900550 0.0851310 0.0844318 0.0841501 0.0860649 0.0211881 0.0685245 0.1007964 0.0782904 0.0816802 0.0363512 0.0825637 0.0583931 0.0209920 0.0667276 0.1049514 0.0642985 0.0550851 0.0831652 0.0853205 0.0868783 
Potoroidae_Bettongia_lesueur                 0.0580998 0.0850833 0.0564951 0.0049887 0.0000000 0.0853068 0.0539190 0.0532242 0.0177053 0.0858373 0.0533693 0.0849556 0.0860963 0.0565751 0.0897607 0.0857867 0.0845354 0.0840284 0.0867420 0.0213812 0.0677789 0.1002765 0.0776920 0.0818176 0.0359973 0.0826964 0.0580109 0.0211932 0.0660072 0.1045054 0.0632940 0.0546886 0.0838860 0.0857257 0.0853285 
Dasyuridae_Dasyurus_maculatus                0.0697102 0.0876747 0.0709205 0.0852039 0.0853068 0.0000000 0.0698457 0.0715858 0.0879854 0.0851059 0.0709571 0.0168626 0.0235522 0.0739638 0.1166777 0.0171082 0.0072226 0.0237486 0.0819918 0.0864615 0.0878659 0.1093319 0.0827359 0.0161380 0.0811108 0.0828029 0.0790911 0.0871194 0.0830465 0.1202588 0.0766499 0.0731259 0.0815179 0.0030067 0.0842321 
Phalangeridae_Trichosurus_vulpecula          0.0395331 0.0716579 0.0441106 0.0537795 0.0539190 0.0698457 0.0000000 0.0149419 0.0572124 0.0750329 0.0164721 0.0695958 0.0716127 0.0194311 0.0662702 0.0707034 0.0676972 0.0673146 0.0707833 0.0542024 0.0544323 0.0868513 0.0652794 0.0684221 0.0491112 0.0665037 0.0452275 0.0532280 0.0514692 0.0902720 0.0509967 0.0173368 0.0685604 0.0681130 0.0741265 
Phalangeridae_Spilocuscus_maculatus          0.0387654 0.0673442 0.0441387 0.0539199 0.0532242 0.0715858 0.0149419 0.0000000 0.0581319 0.0751412 0.0087171 0.0713053 0.0715498 0.0104502 0.0700097 0.0721732 0.0702379 0.0674430 0.0749156 0.0553079 0.0552346 0.0868131 0.0671268 0.0698983 0.0493864 0.0652456 0.0463920 0.0551672 0.0535778 0.0891014 0.0503900 0.0075396 0.0716628 0.0715716 0.0742055 
Potoroidae_Aepyprymnus_rufescens             0.0603284 0.0870192 0.0623480 0.0167120 0.0177053 0.0879854 0.0572124 0.0581319 0.0000000 0.0856125 0.0591187 0.0876847 0.0891918 0.0610736 0.0959553 0.0885210 0.0866467 0.0858471 0.0918725 0.0269773 0.0722109 0.1039785 0.0818009 0.0839713 0.0407222 0.0873440 0.0629333 0.0266129 0.0698809 0.1072800 0.0677235 0.0591289 0.0889238 0.0887285 0.0851026 
Peramelidae_Perameles_nasuta                 0.0758438 0.0868813 0.0770880 0.0873852 0.0858373 0.0851059 0.0750329 0.0751412 0.0856125 0.0000000 0.0739348 0.0827679 0.0854865 0.0801964 0.1324760 0.0834127 0.0829428 0.0807831 0.0139358 0.0883104 0.0917145 0.1105526 0.0807898 0.0824012 0.0870434 0.0876202 0.0862137 0.0905465 0.0876080 0.1264388 0.0875877 0.0784950 0.0143080 0.0849110 0.0002977 
Phalangeridae_Strigocuscus_pelengensis       0.0382507 0.0668022 0.0434209 0.0540774 0.0533693 0.0709571 0.0164721 0.0087171 0.0591187 0.0739348 0.0000000 0.0703144 0.0711880 0.0101080 0.0655619 0.0715242 0.0698691 0.0673046 0.0766298 0.0567191 0.0530068 0.0874484 0.0679743 0.0693163 0.0487656 0.0663711 0.0451494 0.0551489 0.0515593 0.0869674 0.0488635 0.0076143 0.0719210 0.0706327 0.0733175 
Dasyuridae_Phascogale_tapoatafa              0.0700138 0.0857518 0.0697819 0.0842988 0.0849556 0.0168626 0.0695958 0.0713053 0.0876847 0.0827679 0.0703144 0.0000000 0.0232667 0.0736946 0.1177291 0.0037205 0.0176048 0.0226526 0.0797705 0.0855844 0.0881048 0.1084790 0.0810515 0.0088938 0.0810430 0.0811463 0.0797070 0.0862037 0.0831247 0.1185033 0.0804000 0.0725547 0.0804054 0.0180827 0.0818922 
Dasyuridae_Sminthopsis_macroura              0.0702455 0.0874526 0.0700991 0.0860696 0.0860963 0.0235522 0.0716127 0.0715498 0.0891918 0.0854865 0.0711880 0.0232667 0.0000000 0.0740276 0.1176248 0.0240365 0.0240325 0.0182782 0.0820547 0.0850392 0.0896177 0.1089355 0.0851643 0.0215984 0.0801359 0.0828192 0.0796963 0.0877423 0.0851370 0.1214515 0.0790118 0.0726506 0.0824142 0.0251351 0.0846164 
Phalangeridae_Phalanger_orientalis           0.0436201 0.0765568 0.0479773 0.0569768 0.0565751 0.0739638 0.0194311 0.0104502 0.0610736 0.0801964 0.0101080 0.0736946 0.0740276 0.0000000 0.0752250 0.0745303 0.0718113 0.0699951 0.0768813 0.0583425 0.0587062 0.0893597 0.0695206 0.0726664 0.0517549 0.0705195 0.0493689 0.0584958 0.0565100 0.0942244 0.0554629 0.0049600 0.0737483 0.0730586 0.0792924 
Acrobatidae_Acrobates_pygmaeus               0.0685682 0.1049172 0.0744720 0.0900550 0.0897607 0.1166777 0.0662702 0.0700097 0.0959553 0.1324760 0.0655619 0.1177291 0.1176248 0.0752250 0.0000000 0.1172401 0.1157188 0.1155500 0.1187109 0.0914249 0.0811730 0.1363921 0.1018274 0.1127031 0.0799417 0.1075474 0.0703185 0.0911516 0.0793485 0.1158466 0.0396860 0.0731644 0.1165630 0.1166240 0.1313973 
Dasyuridae_Phascogale_calura                 0.0708329 0.0878739 0.0703046 0.0851310 0.0857867 0.0171082 0.0707034 0.0721732 0.0885210 0.0834127 0.0715242 0.0037205 0.0240365 0.0745303 0.1172401 0.0000000 0.0178490 0.0234631 0.0806188 0.0864217 0.0889351 0.1087690 0.0803549 0.0099150 0.0821858 0.0814427 0.0805390 0.0870572 0.0839598 0.1193725 0.0806274 0.0733865 0.0815545 0.0183308 0.0825381 
Dasyuridae_Sarcophilus_harrisii              0.0686793 0.0862599 0.0684719 0.0844318 0.0845354 0.0072226 0.0676972 0.0702379 0.0866467 0.0829428 0.0698691 0.0176048 0.0240325 0.0718113 0.1157188 0.0178490 0.0000000 0.0234250 0.0799021 0.0851224 0.0859161 0.1087334 0.0826087 0.0171499 0.0788553 0.0819819 0.0775003 0.0851439 0.0823204 0.1188762 0.0758502 0.0709628 0.0810723 0.0072998 0.0820679 
Dasyuridae_Planigale_tenuirostris            0.0674387 0.0861864 0.0680066 0.0841501 0.0840284 0.0237486 0.0673146 0.0674430 0.0858471 0.0807831 0.0673046 0.0226526 0.0182782 0.0699951 0.1155500 0.0234631 0.0234250 0.0000000 0.0785715 0.0845736 0.0859435 0.1060246 0.0782187 0.0215133 0.0795019 0.0812177 0.0765266 0.0855809 0.0825588 0.1173078 0.0759897 0.0689242 0.0779867 0.0247812 0.0798895 
Peramelidae_Echymipera_kalubu                0.0714201 0.0883581 0.0749282 0.0860649 0.0867420 0.0819918 0.0707833 0.0749156 0.0918725 0.0139358 0.0766298 0.0797705 0.0820547 0.0768813 0.1187109 0.0806188 0.0799021 0.0785715 0.0000000 0.0864972 0.0878905 0.1076589 0.0828441 0.0796337 0.0828711 0.0858019 0.0815946 0.0883815 0.0851326 0.1236117 0.0886630 0.0757451 0.0120421 0.0820749 0.0136617 
Macropodidae_Dorcopsulus_vanheurni           0.0573231 0.0854795 0.0585091 0.0211881 0.0213812 0.0864615 0.0542024 0.0553079 0.0269773 0.0883104 0.0567191 0.0855844 0.0850392 0.0583425 0.0914249 0.0864217 0.0851224 0.0845736 0.0864972 0.0000000 0.0704287 0.1014203 0.0792276 0.0821550 0.0377842 0.0828493 0.0619849 0.0089305 0.0669864 0.1020925 0.0670572 0.0567249 0.0838293 0.0874474 0.0877463 
Pseudochiridae_Pseudochirulus_forbesi        0.0575118 0.0854308 0.0592129 0.0685245 0.0677789 0.0878659 0.0544323 0.0552346 0.0722109 0.0917145 0.0530068 0.0881048 0.0896177 0.0587062 0.0811730 0.0889351 0.0859161 0.0859435 0.0878905 0.0704287 0.0000000 0.1027990 0.0783082 0.0855231 0.0638752 0.0822237 0.0311773 0.0704950 0.0209073 0.0896057 0.0601829 0.0571487 0.0874155 0.0886398 0.0912318 
Didelphidae_Didelphis_virginiana             0.0914486 0.1032274 0.0905682 0.1007964 0.1002765 0.1093319 0.0868513 0.0868131 0.1039785 0.1105526 0.0874484 0.1084790 0.1089355 0.0893597 0.1363921 0.1087690 0.1087334 0.1060246 0.1076589 0.1014203 0.1027990 0.0000000 0.0219788 0.1055975 0.0963334 0.0984271 0.0930996 0.1020698 0.1002794 0.1347790 0.1023997 0.0876681 0.1052507 0.1091850 0.1094955 
Marmosidae_Monodelphis_domestica             0.0684735 0.0815999 0.0670259 0.0782904 0.0776920 0.0827359 0.0652794 0.0671268 0.0818009 0.0807898 0.0679743 0.0810515 0.0851643 0.0695206 0.1018274 0.0803549 0.0826087 0.0782187 0.0828441 0.0792276 0.0783082 0.0219788 0.0000000 0.0795612 0.0742426 0.0808587 0.0733107 0.0805231 0.0745349 0.1044216 0.0803810 0.0689696 0.0812838 0.0829159 0.0803993 
Dasyuridae_Antechinus_stuartii               0.0691107 0.0844719 0.0675223 0.0816802 0.0818176 0.0161380 0.0684221 0.0698983 0.0839713 0.0824012 0.0693163 0.0088938 0.0215984 0.0726664 0.1127031 0.0099150 0.0171499 0.0215133 0.0796337 0.0821550 0.0855231 0.1055975 0.0795612 0.0000000 0.0789557 0.0801039 0.0769803 0.0838212 0.0817374 0.1163501 0.0775382 0.0710002 0.0794972 0.0176330 0.0818523 
Hypsiprymnodontidae_Hypsiprymnodon_moschatus 0.0507826 0.0797168 0.0538760 0.0363512 0.0359973 0.0811108 0.0491112 0.0493864 0.0407222 0.0870434 0.0487656 0.0810430 0.0801359 0.0517549 0.0799417 0.0821858 0.0788553 0.0795019 0.0828711 0.0377842 0.0638752 0.0963334 0.0742426 0.0789557 0.0000000 0.0765276 0.0571752 0.0362409 0.0617586 0.1000547 0.0625199 0.0507459 0.0799348 0.0811653 0.0865324 
Microbiotheriidae_Dromiciops_gliroides       0.0683703 0.0855632 0.0693842 0.0825637 0.0826964 0.0828029 0.0665037 0.0652456 0.0873440 0.0876202 0.0663711 0.0811463 0.0828192 0.0705195 0.1075474 0.0814427 0.0819819 0.0812177 0.0858019 0.0828493 0.0822237 0.0984271 0.0808587 0.0801039 0.0765276 0.0000000 0.0742399 0.0819520 0.0794673 0.1093400 0.0770970 0.0691648 0.0842402 0.0835719 0.0873374 
Pseudochiridae_Petauroides_volans            0.0494523 0.0785387 0.0534423 0.0583931 0.0580109 0.0790911 0.0452275 0.0463920 0.0629333 0.0862137 0.0451494 0.0797070 0.0796963 0.0493689 0.0703185 0.0805390 0.0775003 0.0765266 0.0815946 0.0619849 0.0311773 0.0930996 0.0733107 0.0769803 0.0571752 0.0742399 0.0000000 0.0615247 0.0317592 0.0828991 0.0539006 0.0473353 0.0800219 0.0799773 0.0849955 
Macropodidae_Wallabia_bicolor                0.0572711 0.0879000 0.0575537 0.0209920 0.0211932 0.0871194 0.0532280 0.0551672 0.0266129 0.0905465 0.0551489 0.0862037 0.0877423 0.0584958 0.0911516 0.0870572 0.0851439 0.0855809 0.0883815 0.0089305 0.0704950 0.1020698 0.0805231 0.0838212 0.0362409 0.0819520 0.0615247 0.0000000 0.0671296 0.1043194 0.0660302 0.0563119 0.0857222 0.0866924 0.0900303 
Pseudochiridae_Pseudocheirus_occidentalis    0.0547784 0.0813867 0.0559572 0.0667276 0.0660072 0.0830465 0.0514692 0.0535778 0.0698809 0.0876080 0.0515593 0.0831247 0.0851370 0.0565100 0.0793485 0.0839598 0.0823204 0.0825588 0.0851326 0.0669864 0.0209073 0.1002794 0.0745349 0.0817374 0.0617586 0.0794673 0.0317592 0.0671296 0.0000000 0.0875551 0.0600325 0.0547537 0.0837417 0.0840545 0.0863594 
Tarsipedidae_Tarsipes_rostratus              0.0924362 0.1182067 0.0924233 0.1049514 0.1045054 0.1202588 0.0902720 0.0891014 0.1072800 0.1264388 0.0869674 0.1185033 0.1214515 0.0942244 0.1158466 0.1193725 0.1188762 0.1173078 0.1236117 0.1020925 0.0896057 0.1347790 0.1044216 0.1163501 0.1000547 0.1093400 0.0828991 0.1043194 0.0875551 0.0000000 0.0934727 0.0926750 0.1230825 0.1225029 0.1253729 
Acrobatidae_Distoechurus_pennatus            0.0559359 0.0834748 0.0550267 0.0642985 0.0632940 0.0766499 0.0509967 0.0503900 0.0677235 0.0875877 0.0488635 0.0804000 0.0790118 0.0554629 0.0396860 0.0806274 0.0758502 0.0759897 0.0886630 0.0670572 0.0601829 0.1023997 0.0803810 0.0775382 0.0625199 0.0770970 0.0539006 0.0660302 0.0600325 0.0934727 0.0000000 0.0533578 0.0860066 0.0770236 0.0867204 
Phalangeridae_Phalanger_carmelitae           0.0411082 0.0740073 0.0469923 0.0550851 0.0546886 0.0731259 0.0173368 0.0075396 0.0591289 0.0784950 0.0076143 0.0725547 0.0726506 0.0049600 0.0731644 0.0733865 0.0709628 0.0689242 0.0757451 0.0567249 0.0571487 0.0876681 0.0689696 0.0710002 0.0507459 0.0691648 0.0473353 0.0563119 0.0547537 0.0926750 0.0533578 0.0000000 0.0726269 0.0722372 0.0775935 
Peramelidae_Peroryctes_raffrayana            0.0697235 0.0859377 0.0734295 0.0831652 0.0838860 0.0815179 0.0685604 0.0716628 0.0889238 0.0143080 0.0719210 0.0804054 0.0824142 0.0737483 0.1165630 0.0815545 0.0810723 0.0779867 0.0120421 0.0838293 0.0874155 0.1052507 0.0812838 0.0794972 0.0799348 0.0842402 0.0800219 0.0857222 0.0837417 0.1230825 0.0860066 0.0726269 0.0000000 0.0810549 0.0143353 
Dasyuridae_Dasyurus_geffroii                 0.0708237 0.0885480 0.0714684 0.0853205 0.0857257 0.0030067 0.0681130 0.0715716 0.0887285 0.0849110 0.0706327 0.0180827 0.0251351 0.0730586 0.1166240 0.0183308 0.0072998 0.0247812 0.0820749 0.0874474 0.0886398 0.1091850 0.0829159 0.0176330 0.0811653 0.0835719 0.0799773 0.0866924 0.0840545 0.1225029 0.0770236 0.0722372 0.0810549 0.0000000 0.0840249 
Peramelidae_Perameles_gunnii                 0.0749645 0.0860104 0.0762131 0.0868783 0.0853285 0.0842321 0.0741265 0.0742055 0.0851026 0.0002977 0.0733175 0.0818922 0.0846164 0.0792924 0.1313973 0.0825381 0.0820679 0.0798895 0.0136617 0.0877463 0.0912318 0.1094955 0.0803993 0.0818523 0.0865324 0.0873374 0.0849955 0.0900303 0.0863594 0.1253729 0.0867204 0.0775935 0.0143353 0.0840249 0.0000000 
