35
Burramyidae_Burramys_parvus                  0.0000000 0.0578175 0.0443192 0.0425496 0.0421014 0.0566316 0.0295318 0.0293012 0.0431036 0.0603527 0.0309666 0.0583865 0.0597331 0.0304466 0.0452592 0.0588479 0.0564847 0.0588862 0.0601291 0.0461172 0.0404525 0.0722348 0.0663882 0.0586636 0.0346707 0.0540618 0.0407456 0.0424467 0.0407904 0.0623185 0.0430139 0.0294970 0.0615622 0.0570383 0.0618110 
Notoryctidae_Notoryctes_typhlops             0.0578175 0.0000000 0.0585920 0.0682925 0.0670453 0.0685726 0.0570121 0.0576831 0.0672366 0.0655474 0.0587683 0.0688886 0.0694645 0.0586828 0.0707226 0.0690641 0.0657494 0.0692135 0.0653130 0.0759016 0.0635456 0.0847783 0.0766583 0.0669852 0.0602219 0.0629431 0.0636103 0.0692672 0.0665071 0.0900671 0.0648940 0.0580816 0.0701736 0.0655469 0.0669955 
Vombatidae_Lasiorhinus_latifrons             0.0443192 0.0585920 0.0000000 0.0519840 0.0503318 0.0630127 0.0433559 0.0427492 0.0512590 0.0568901 0.0434216 0.0604193 0.0616260 0.0447758 0.0569222 0.0608760 0.0583779 0.0621274 0.0578435 0.0600646 0.0500966 0.0692300 0.0643194 0.0609716 0.0437820 0.0531950 0.0493950 0.0530425 0.0544451 0.0750280 0.0533097 0.0434619 0.0615427 0.0585802 0.0590387 
Potoroidae_Bettongia_penicillata             0.0425496 0.0682925 0.0519840 0.0000000 0.0029339 0.0665539 0.0434758 0.0430973 0.0112416 0.0653017 0.0430966 0.0690873 0.0700820 0.0443102 0.0559120 0.0695639 0.0664201 0.0701704 0.0658422 0.0277195 0.0510560 0.0782034 0.0745649 0.0671052 0.0300525 0.0664295 0.0487817 0.0228405 0.0546332 0.0738710 0.0518895 0.0439839 0.0691013 0.0664807 0.0672492 
Potoroidae_Bettongia_lesueur                 0.0421014 0.0670453 0.0503318 0.0029339 0.0000000 0.0677547 0.0432176 0.0421463 0.0106511 0.0636207 0.0427495 0.0698024 0.0708034 0.0433565 0.0545099 0.0702805 0.0669142 0.0700640 0.0641702 0.0269756 0.0499924 0.0771452 0.0746353 0.0683651 0.0285389 0.0650787 0.0473979 0.0217972 0.0539239 0.0725946 0.0510905 0.0430330 0.0672789 0.0669755 0.0662448 
Dasyuridae_Dasyurus_maculatus                0.0566316 0.0685726 0.0630127 0.0665539 0.0677547 0.0000000 0.0572050 0.0581869 0.0673271 0.0656588 0.0584910 0.0148180 0.0178332 0.0601675 0.0723870 0.0137922 0.0045094 0.0180644 0.0673023 0.0708261 0.0652215 0.0850744 0.0817030 0.0112079 0.0598277 0.0639035 0.0649944 0.0687534 0.0653987 0.0910125 0.0672797 0.0585137 0.0718292 0.0026899 0.0685313 
Phalangeridae_Trichosurus_vulpecula          0.0295318 0.0570121 0.0433559 0.0434758 0.0432176 0.0572050 0.0000000 0.0126295 0.0426459 0.0572567 0.0139920 0.0573373 0.0605220 0.0137595 0.0458398 0.0578850 0.0572826 0.0590392 0.0574132 0.0488840 0.0434189 0.0721317 0.0632945 0.0569605 0.0368189 0.0542360 0.0395723 0.0444001 0.0399948 0.0638361 0.0430027 0.0125415 0.0620461 0.0566728 0.0594561 
Phalangeridae_Spilocuscus_maculatus          0.0293012 0.0576831 0.0427492 0.0430973 0.0421463 0.0581869 0.0126295 0.0000000 0.0436545 0.0578037 0.0078034 0.0592053 0.0613166 0.0076186 0.0454046 0.0594251 0.0570862 0.0598544 0.0576315 0.0486275 0.0416895 0.0701981 0.0629424 0.0583479 0.0363720 0.0512063 0.0393871 0.0421683 0.0410936 0.0631193 0.0433182 0.0065922 0.0607050 0.0570627 0.0596116 
Potoroidae_Aepyprymnus_rufescens             0.0431036 0.0672366 0.0512590 0.0112416 0.0106511 0.0673271 0.0426459 0.0436545 0.0000000 0.0666077 0.0436591 0.0680784 0.0707939 0.0453406 0.0554883 0.0680829 0.0665722 0.0699969 0.0684128 0.0293360 0.0504194 0.0796429 0.0744813 0.0683408 0.0291902 0.0658711 0.0496489 0.0240021 0.0534864 0.0747249 0.0496114 0.0445285 0.0729997 0.0671752 0.0682765 
Peramelidae_Perameles_nasuta                 0.0603527 0.0655474 0.0568901 0.0653017 0.0636207 0.0656588 0.0572567 0.0578037 0.0666077 0.0000000 0.0549698 0.0687373 0.0680888 0.0581578 0.0697677 0.0688774 0.0625898 0.0654478 0.0095592 0.0732325 0.0599986 0.0748681 0.0662415 0.0655395 0.0592968 0.0591283 0.0584347 0.0649320 0.0650277 0.0904474 0.0652455 0.0574175 0.0135836 0.0633339 0.0006934 
Phalangeridae_Strigocuscus_pelengensis       0.0309666 0.0587683 0.0434216 0.0430966 0.0427495 0.0584910 0.0139920 0.0078034 0.0436591 0.0549698 0.0000000 0.0591218 0.0610006 0.0077842 0.0447536 0.0592496 0.0561246 0.0598256 0.0555031 0.0518227 0.0425386 0.0701768 0.0606012 0.0578708 0.0362701 0.0519377 0.0400019 0.0426266 0.0438931 0.0649576 0.0435511 0.0067359 0.0588960 0.0562879 0.0567478 
Dasyuridae_Phascogale_tapoatafa              0.0583865 0.0688886 0.0604193 0.0690873 0.0698024 0.0148180 0.0573373 0.0592053 0.0680784 0.0687373 0.0591218 0.0000000 0.0200536 0.0607437 0.0675836 0.0045380 0.0139217 0.0197119 0.0680258 0.0725282 0.0666305 0.0833166 0.0809400 0.0082469 0.0615625 0.0633566 0.0662299 0.0698409 0.0690263 0.0926398 0.0656844 0.0593044 0.0722445 0.0139344 0.0696482 
Dasyuridae_Sminthopsis_macroura              0.0597331 0.0694645 0.0616260 0.0700820 0.0708034 0.0178332 0.0605220 0.0613166 0.0707939 0.0680888 0.0610006 0.0200536 0.0000000 0.0636101 0.0688879 0.0195707 0.0172202 0.0157342 0.0669188 0.0752331 0.0667088 0.0855525 0.0795256 0.0179229 0.0624672 0.0638426 0.0668270 0.0708777 0.0712983 0.0926564 0.0673945 0.0616498 0.0707581 0.0176781 0.0693153 
Phalangeridae_Phalanger_orientalis           0.0304466 0.0586828 0.0447758 0.0443102 0.0433565 0.0601675 0.0137595 0.0076186 0.0453406 0.0581578 0.0077842 0.0607437 0.0636101 0.0000000 0.0456189 0.0612040 0.0584035 0.0614917 0.0583012 0.0491596 0.0439158 0.0720936 0.0623687 0.0601327 0.0367945 0.0529471 0.0406166 0.0436911 0.0435065 0.0647260 0.0440557 0.0021500 0.0591110 0.0588391 0.0592395 
Acrobatidae_Acrobates_pygmaeus               0.0452592 0.0707226 0.0569222 0.0559120 0.0545099 0.0723870 0.0458398 0.0454046 0.0554883 0.0697677 0.0447536 0.0675836 0.0688879 0.0456189 0.0000000 0.0686617 0.0687940 0.0679080 0.0701158 0.0623690 0.0439936 0.0826193 0.0760664 0.0693704 0.0474734 0.0656004 0.0451828 0.0540281 0.0525055 0.0713055 0.0285703 0.0440155 0.0739907 0.0677003 0.0716582 
Dasyuridae_Phascogale_calura                 0.0588479 0.0690641 0.0608760 0.0695639 0.0702805 0.0137922 0.0578850 0.0594251 0.0680829 0.0688774 0.0592496 0.0045380 0.0195707 0.0612040 0.0686617 0.0000000 0.0132546 0.0189702 0.0684778 0.0720390 0.0660009 0.0826411 0.0806758 0.0076133 0.0620123 0.0626173 0.0662599 0.0699550 0.0696829 0.0912995 0.0664246 0.0597626 0.0723816 0.0132675 0.0700975 
Dasyuridae_Sarcophilus_harrisii              0.0564847 0.0657494 0.0583779 0.0664201 0.0669142 0.0045094 0.0572826 0.0570862 0.0665722 0.0625898 0.0561246 0.0139217 0.0172202 0.0584035 0.0687940 0.0132546 0.0000000 0.0169525 0.0614803 0.0699367 0.0640624 0.0819196 0.0781109 0.0112116 0.0582346 0.0611742 0.0644410 0.0667169 0.0662493 0.0886046 0.0643087 0.0569738 0.0650615 0.0043398 0.0638283 
Dasyuridae_Planigale_tenuirostris            0.0588862 0.0692135 0.0621274 0.0701704 0.0700640 0.0180644 0.0590392 0.0598544 0.0699969 0.0654478 0.0598256 0.0197119 0.0157342 0.0614917 0.0679080 0.0189702 0.0169525 0.0000000 0.0639526 0.0766686 0.0656836 0.0842821 0.0785306 0.0173711 0.0618636 0.0632552 0.0658242 0.0713627 0.0694713 0.0917382 0.0672705 0.0594957 0.0673549 0.0174305 0.0663956 
Peramelidae_Echymipera_kalubu                0.0601291 0.0653130 0.0578435 0.0658422 0.0641702 0.0673023 0.0574132 0.0576315 0.0684128 0.0095592 0.0555031 0.0680258 0.0669188 0.0583012 0.0701158 0.0684778 0.0614803 0.0639526 0.0000000 0.0774693 0.0610657 0.0749810 0.0701851 0.0651605 0.0595337 0.0596313 0.0585664 0.0662601 0.0675974 0.0899389 0.0651777 0.0572570 0.0130452 0.0625918 0.0094855 
Macropodidae_Dorcopsulus_vanheurni           0.0461172 0.0759016 0.0600646 0.0277195 0.0269756 0.0708261 0.0488840 0.0486275 0.0293360 0.0732325 0.0518227 0.0725282 0.0752331 0.0491596 0.0623690 0.0720390 0.0699367 0.0766686 0.0774693 0.0000000 0.0532882 0.0871849 0.0831532 0.0714343 0.0346450 0.0741340 0.0530518 0.0116534 0.0542404 0.0785349 0.0564016 0.0493524 0.0807659 0.0712904 0.0762422 
Pseudochiridae_Pseudochirulus_forbesi        0.0404525 0.0635456 0.0500966 0.0510560 0.0499924 0.0652215 0.0434189 0.0416895 0.0504194 0.0599986 0.0425386 0.0666305 0.0667088 0.0439158 0.0439936 0.0660009 0.0640624 0.0656836 0.0610657 0.0532882 0.0000000 0.0759082 0.0691229 0.0652589 0.0429086 0.0588671 0.0291545 0.0459229 0.0212337 0.0606909 0.0427224 0.0426059 0.0646504 0.0632903 0.0614253 
Didelphidae_Didelphis_virginiana             0.0722348 0.0847783 0.0692300 0.0782034 0.0771452 0.0850744 0.0721317 0.0701981 0.0796429 0.0748681 0.0701768 0.0833166 0.0855525 0.0720936 0.0826193 0.0826411 0.0819196 0.0842821 0.0749810 0.0871849 0.0759082 0.0000000 0.0322931 0.0833548 0.0725528 0.0709321 0.0746326 0.0817022 0.0815482 0.1026204 0.0808766 0.0706008 0.0778345 0.0814768 0.0781395 
Marmosidae_Monodelphis_domestica             0.0663882 0.0766583 0.0643194 0.0745649 0.0746353 0.0817030 0.0632945 0.0629424 0.0744813 0.0662415 0.0606012 0.0809400 0.0795256 0.0623687 0.0760664 0.0806758 0.0781109 0.0785306 0.0701851 0.0831532 0.0691229 0.0322931 0.0000000 0.0802297 0.0681325 0.0647445 0.0654323 0.0756211 0.0723383 0.0978646 0.0738508 0.0614790 0.0710554 0.0786148 0.0683990 
Dasyuridae_Antechinus_stuartii               0.0586636 0.0669852 0.0609716 0.0671052 0.0683651 0.0112079 0.0569605 0.0583479 0.0683408 0.0655395 0.0578708 0.0082469 0.0179229 0.0601327 0.0693704 0.0076133 0.0112116 0.0173711 0.0651605 0.0714343 0.0652589 0.0833548 0.0802297 0.0000000 0.0612918 0.0607796 0.0655478 0.0700336 0.0679694 0.0916470 0.0673949 0.0587252 0.0688812 0.0112188 0.0667743 
Hypsiprymnodontidae_Hypsiprymnodon_moschatus 0.0346707 0.0602219 0.0437820 0.0300525 0.0285389 0.0598277 0.0368189 0.0363720 0.0291902 0.0592968 0.0362701 0.0615625 0.0624672 0.0367945 0.0474734 0.0620123 0.0582346 0.0618636 0.0595337 0.0346450 0.0429086 0.0725528 0.0681325 0.0612918 0.0000000 0.0554342 0.0420819 0.0296578 0.0465678 0.0660563 0.0456897 0.0355475 0.0629781 0.0582845 0.0614619 
Microbiotheriidae_Dromiciops_gliroides       0.0540618 0.0629431 0.0531950 0.0664295 0.0650787 0.0639035 0.0542360 0.0512063 0.0658711 0.0591283 0.0519377 0.0633566 0.0638426 0.0529471 0.0656004 0.0626173 0.0611742 0.0632552 0.0596313 0.0741340 0.0588671 0.0709321 0.0647445 0.0607796 0.0554342 0.0000000 0.0548340 0.0652885 0.0637230 0.0863937 0.0621359 0.0515691 0.0646617 0.0609541 0.0606945 
Pseudochiridae_Petauroides_volans            0.0407456 0.0636103 0.0493950 0.0487817 0.0473979 0.0649944 0.0395723 0.0393871 0.0496489 0.0584347 0.0400019 0.0662299 0.0668270 0.0406166 0.0451828 0.0662599 0.0644410 0.0658242 0.0585664 0.0530518 0.0291545 0.0746326 0.0654323 0.0655478 0.0420819 0.0548340 0.0000000 0.0465770 0.0298692 0.0615046 0.0434924 0.0400713 0.0625586 0.0641998 0.0598810 
Macropodidae_Wallabia_bicolor                0.0424467 0.0692672 0.0530425 0.0228405 0.0217972 0.0687534 0.0444001 0.0421683 0.0240021 0.0649320 0.0426266 0.0698409 0.0708777 0.0436911 0.0540281 0.0699550 0.0667169 0.0713627 0.0662601 0.0116534 0.0459229 0.0817022 0.0756211 0.0700336 0.0296578 0.0652885 0.0465770 0.0000000 0.0518118 0.0716283 0.0510996 0.0423732 0.0691216 0.0672514 0.0668969 
Pseudochiridae_Pseudocheirus_occidentalis    0.0407904 0.0665071 0.0544451 0.0546332 0.0539239 0.0653987 0.0399948 0.0410936 0.0534864 0.0650277 0.0438931 0.0690263 0.0712983 0.0435065 0.0525055 0.0696829 0.0662493 0.0694713 0.0675974 0.0542404 0.0212337 0.0815482 0.0723383 0.0679694 0.0465678 0.0637230 0.0298692 0.0518118 0.0000000 0.0588666 0.0443072 0.0419306 0.0700703 0.0662718 0.0653242 
Tarsipedidae_Tarsipes_rostratus              0.0623185 0.0900671 0.0750280 0.0738710 0.0725946 0.0910125 0.0638361 0.0631193 0.0747249 0.0904474 0.0649576 0.0926398 0.0926564 0.0647260 0.0713055 0.0912995 0.0886046 0.0917382 0.0899389 0.0785349 0.0606909 0.1026204 0.0978646 0.0916470 0.0660563 0.0863937 0.0615046 0.0716283 0.0588666 0.0000000 0.0702605 0.0639985 0.0930739 0.0887173 0.0927165 
Acrobatidae_Distoechurus_pennatus            0.0430139 0.0648940 0.0533097 0.0518895 0.0510905 0.0672797 0.0430027 0.0433182 0.0496114 0.0652455 0.0435511 0.0656844 0.0673945 0.0440557 0.0285703 0.0664246 0.0643087 0.0672705 0.0651777 0.0564016 0.0427224 0.0808766 0.0738508 0.0673949 0.0456897 0.0621359 0.0434924 0.0510996 0.0443072 0.0702605 0.0000000 0.0432076 0.0678053 0.0643194 0.0666212 
Phalangeridae_Phalanger_carmelitae           0.0294970 0.0580816 0.0434619 0.0439839 0.0430330 0.0585137 0.0125415 0.0065922 0.0445285 0.0574175 0.0067359 0.0593044 0.0616498 0.0021500 0.0440155 0.0597626 0.0569738 0.0594957 0.0572570 0.0493524 0.0426059 0.0706008 0.0614790 0.0587252 0.0355475 0.0515691 0.0400713 0.0423732 0.0419306 0.0639985 0.0432076 0.0000000 0.0587565 0.0574086 0.0588349 
Peramelidae_Peroryctes_raffrayana            0.0615622 0.0701736 0.0615427 0.0691013 0.0672789 0.0718292 0.0620461 0.0607050 0.0729997 0.0135836 0.0588960 0.0722445 0.0707581 0.0591110 0.0739907 0.0723816 0.0650615 0.0673549 0.0130452 0.0807659 0.0646504 0.0778345 0.0710554 0.0688812 0.0629781 0.0646617 0.0625586 0.0691216 0.0700703 0.0930739 0.0678053 0.0587565 0.0000000 0.0658354 0.0133005 
Dasyuridae_Dasyurus_geffroii                 0.0570383 0.0655469 0.0585802 0.0664807 0.0669755 0.0026899 0.0566728 0.0570627 0.0671752 0.0633339 0.0562879 0.0139344 0.0176781 0.0588391 0.0677003 0.0132675 0.0043398 0.0174305 0.0625918 0.0712904 0.0632903 0.0814768 0.0786148 0.0112188 0.0582845 0.0609541 0.0641998 0.0672514 0.0662718 0.0887173 0.0643194 0.0574086 0.0658354 0.0000000 0.0649540 
Peramelidae_Perameles_gunnii                 0.0618110 0.0669955 0.0590387 0.0672492 0.0662448 0.0685313 0.0594561 0.0596116 0.0682765 0.0006934 0.0567478 0.0696482 0.0693153 0.0592395 0.0716582 0.0700975 0.0638283 0.0663956 0.0094855 0.0762422 0.0614253 0.0781395 0.0683990 0.0667743 0.0614619 0.0606945 0.0598810 0.0668969 0.0653242 0.0927165 0.0666212 0.0588349 0.0133005 0.0649540 0.0000000 
