35
Burramyidae_Burramys_parvus                  0.0000000 0.0935050 0.0664470 0.0740634 0.0788874 0.1087052 0.0634723 0.0631641 0.0745307 0.1366450 0.0657624 0.0999293 0.1140310 0.0554128 0.0647867 0.1027116 0.1026951 0.0986279 0.1218447 0.0721434 0.0668603 0.1175664 0.1096388 0.0986949 0.0724080 0.0882595 0.0630922 0.0729832 0.0634690 0.0858744 0.0745423 0.0536646 0.1220570 0.1085782 0.1361257 
Notoryctidae_Notoryctes_typhlops             0.0935050 0.0000000 0.0989214 0.0983018 0.1034579 0.1272041 0.1032885 0.1046356 0.1031217 0.1357127 0.1038867 0.1148520 0.1282802 0.0969870 0.0993839 0.1174837 0.1199600 0.1146060 0.1282275 0.1002335 0.0983959 0.1366800 0.1230793 0.1153392 0.1025793 0.1010555 0.0950331 0.0996370 0.0955914 0.1218060 0.1026658 0.0918680 0.1289903 0.1249663 0.1351977 
Vombatidae_Lasiorhinus_latifrons             0.0664470 0.0989214 0.0000000 0.0809672 0.0785014 0.1075427 0.0751614 0.0743571 0.0769067 0.1302980 0.0757247 0.0988898 0.1156107 0.0678917 0.0705292 0.1013654 0.1023080 0.1025908 0.1103326 0.0754245 0.0741037 0.1224050 0.1085558 0.0985527 0.0820903 0.0882279 0.0726906 0.0739656 0.0720019 0.0922644 0.0800918 0.0654323 0.1118170 0.1078771 0.1298119 
Potoroidae_Bettongia_penicillata             0.0740634 0.0983018 0.0809672 0.0000000 0.0050798 0.1142305 0.0755182 0.0791200 0.0148379 0.1354737 0.0789292 0.1061201 0.1216206 0.0716199 0.0744346 0.1070174 0.1078527 0.1053195 0.1268839 0.0248069 0.0785265 0.1318001 0.1209032 0.1072605 0.0454578 0.0953358 0.0720441 0.0260067 0.0724298 0.0938587 0.0834576 0.0691398 0.1269251 0.1137829 0.1349289 
Potoroidae_Bettongia_lesueur                 0.0788874 0.1034579 0.0785014 0.0050798 0.0000000 0.1204442 0.0804205 0.0847880 0.0126575 0.1403595 0.0853772 0.1121319 0.1283172 0.0759324 0.0722531 0.1130567 0.1148566 0.1120739 0.1228879 0.0258342 0.0781306 0.1362684 0.1214389 0.1135316 0.0495349 0.1017363 0.0760683 0.0233793 0.0758041 0.0910874 0.0852433 0.0745388 0.1234321 0.1201526 0.1394991 
Dasyuridae_Dasyurus_maculatus                0.1087052 0.1272041 0.1075427 0.1142305 0.1204442 0.0000000 0.1164935 0.1093502 0.1180519 0.1444053 0.1114994 0.0284869 0.0561018 0.1089362 0.1157504 0.0310150 0.0103398 0.0429257 0.1415765 0.1130000 0.1140582 0.1404890 0.1294193 0.0293804 0.1202179 0.1175923 0.1095863 0.1162724 0.1120177 0.1309566 0.1231003 0.1069390 0.1396137 0.0121254 0.1438002 
Phalangeridae_Trichosurus_vulpecula          0.0634723 0.1032885 0.0751614 0.0755182 0.0804205 0.1164935 0.0000000 0.0374812 0.0815254 0.1387549 0.0398267 0.1059466 0.1239553 0.0304714 0.0730056 0.1074793 0.1104894 0.1046909 0.1283047 0.0773211 0.0769358 0.1340005 0.1209260 0.1076449 0.0789598 0.0966164 0.0712083 0.0782070 0.0725952 0.0932237 0.0803323 0.0314052 0.1287560 0.1167073 0.1386324 
Phalangeridae_Spilocuscus_maculatus          0.0631641 0.1046356 0.0743571 0.0791200 0.0847880 0.1093502 0.0374812 0.0000000 0.0839631 0.1254586 0.0153631 0.0999354 0.1082887 0.0190070 0.0730815 0.1023772 0.1089504 0.1029659 0.1278360 0.0716557 0.0756594 0.1222140 0.1081600 0.1008931 0.0827778 0.0942105 0.0709341 0.0787487 0.0733407 0.0927331 0.0795699 0.0185723 0.1277539 0.1059374 0.1256391 
Potoroidae_Aepyprymnus_rufescens             0.0745307 0.1031217 0.0769067 0.0148379 0.0126575 0.1180519 0.0815254 0.0839631 0.0000000 0.1418420 0.0847281 0.1087856 0.1236615 0.0738200 0.0711437 0.1107429 0.1110794 0.1102793 0.1229047 0.0252030 0.0776826 0.1328641 0.1182069 0.1095143 0.0488989 0.0987102 0.0761456 0.0223399 0.0756267 0.0904488 0.0847408 0.0717988 0.1225483 0.1170492 0.1409326 
Peramelidae_Perameles_nasuta                 0.1366450 0.1357127 0.1302980 0.1354737 0.1403595 0.1444053 0.1387549 0.1254586 0.1418420 0.0000000 0.1188899 0.1441026 0.1526799 0.1314236 0.1360311 0.1447095 0.1463958 0.1428822 0.0372622 0.1186912 0.1352891 0.1474716 0.1417635 0.1433306 0.1425145 0.1309424 0.1339385 0.1337248 0.1299466 0.1538579 0.1289813 0.1312236 0.0400107 0.1439354 0.0009944 
Phalangeridae_Strigocuscus_pelengensis       0.0657624 0.1038867 0.0757247 0.0789292 0.0853772 0.1114994 0.0398267 0.0153631 0.0847281 0.1188899 0.0000000 0.1025020 0.1096555 0.0201814 0.0745918 0.1050615 0.1122563 0.1054820 0.1288061 0.0672403 0.0767155 0.1179412 0.1065405 0.1036847 0.0821387 0.0935278 0.0692247 0.0792033 0.0725822 0.0934608 0.0789827 0.0195923 0.1291449 0.1104194 0.1184706 
Dasyuridae_Phascogale_tapoatafa              0.0999293 0.1148520 0.0988898 0.1061201 0.1121319 0.0284869 0.1059466 0.0999354 0.1087856 0.1441026 0.1025020 0.0000000 0.0433961 0.0991141 0.1098759 0.0035068 0.0284318 0.0324929 0.1368228 0.1058774 0.1080417 0.1357480 0.1213109 0.0089116 0.1097407 0.1112854 0.1039569 0.1093819 0.1038494 0.1283986 0.1143925 0.0973771 0.1405006 0.0309743 0.1438036 
Dasyuridae_Sminthopsis_macroura              0.1140310 0.1282802 0.1156107 0.1216206 0.1283172 0.0561018 0.1239553 0.1082887 0.1236615 0.1526799 0.1096555 0.0433961 0.0000000 0.1127942 0.1181766 0.0436366 0.0567314 0.0370486 0.1477548 0.1085343 0.1205538 0.1371431 0.1275115 0.0476761 0.1276458 0.1243027 0.1172085 0.1227062 0.1147190 0.1380482 0.1262628 0.1119674 0.1525117 0.0531686 0.1526046 
Phalangeridae_Phalanger_orientalis           0.0554128 0.0969870 0.0678917 0.0716199 0.0759324 0.1089362 0.0304714 0.0190070 0.0738200 0.1314236 0.0201814 0.0991141 0.1127942 0.0000000 0.0651913 0.1010195 0.1032070 0.0966952 0.1216819 0.0709450 0.0681748 0.1232680 0.1109283 0.0981004 0.0755102 0.0896791 0.0631598 0.0711802 0.0624081 0.0850700 0.0709665 0.0034796 0.1207417 0.1086850 0.1312678 
Acrobatidae_Acrobates_pygmaeus               0.0647867 0.0993839 0.0705292 0.0744346 0.0722531 0.1157504 0.0730056 0.0730815 0.0711437 0.1360311 0.0745918 0.1098759 0.1181766 0.0651913 0.0000000 0.1127241 0.1094310 0.1061779 0.1133549 0.0709971 0.0617603 0.1271109 0.1099378 0.1088525 0.0778049 0.0944178 0.0610431 0.0667996 0.0616773 0.0743375 0.0462357 0.0661069 0.1140887 0.1153766 0.1358688 
Dasyuridae_Phascogale_calura                 0.1027116 0.1174837 0.1013654 0.1070174 0.1130567 0.0310150 0.1074793 0.1023772 0.1107429 0.1447095 0.1050615 0.0035068 0.0436366 0.1010195 0.1127241 0.0000000 0.0305179 0.0350530 0.1379528 0.1082536 0.1101282 0.1372162 0.1220248 0.0112201 0.1120249 0.1120101 0.1065027 0.1113708 0.1061839 0.1321078 0.1153713 0.0993450 0.1410358 0.0331684 0.1444083 
Dasyuridae_Sarcophilus_harrisii              0.1026951 0.1199600 0.1023080 0.1078527 0.1148566 0.0103398 0.1104894 0.1089504 0.1110794 0.1463958 0.1122563 0.0284318 0.0567314 0.1032070 0.1094310 0.0305179 0.0000000 0.0404328 0.1374974 0.1091349 0.1100417 0.1365946 0.1259118 0.0290717 0.1134927 0.1122741 0.1038647 0.1108977 0.1050584 0.1253848 0.1168913 0.1019115 0.1354423 0.0092406 0.1468988 
Dasyuridae_Planigale_tenuirostris            0.0986279 0.1146060 0.1025908 0.1053195 0.1120739 0.0429257 0.1046909 0.1029659 0.1102793 0.1428822 0.1054820 0.0324929 0.0370486 0.0966952 0.1061779 0.0350530 0.0404328 0.0000000 0.1353055 0.1067242 0.1088126 0.1423458 0.1243499 0.0336571 0.1095076 0.1114168 0.1047068 0.1077136 0.1034174 0.1227970 0.1129280 0.0952647 0.1355177 0.0412921 0.1428113 
Peramelidae_Echymipera_kalubu                0.1218447 0.1282275 0.1103326 0.1268839 0.1228879 0.1415765 0.1283047 0.1278360 0.1229047 0.0372622 0.1288061 0.1368228 0.1477548 0.1216819 0.1133549 0.1379528 0.1374974 0.1353055 0.0000000 0.1219095 0.1197093 0.1507678 0.1397803 0.1354375 0.1320116 0.1319830 0.1214899 0.1176036 0.1176324 0.1332821 0.1196920 0.1223538 0.0215517 0.1422544 0.0367519 
Macropodidae_Dorcopsulus_vanheurni           0.0721434 0.1002335 0.0754245 0.0248069 0.0258342 0.1130000 0.0773211 0.0716557 0.0252030 0.1186912 0.0672403 0.1058774 0.1085343 0.0709450 0.0709971 0.1082536 0.1091349 0.1067242 0.1219095 0.0000000 0.0758477 0.1098527 0.1101640 0.1076283 0.0469412 0.0896210 0.0724598 0.0126379 0.0741619 0.0888414 0.0803441 0.0680052 0.1200581 0.1084112 0.1181812 
Pseudochiridae_Pseudochirulus_forbesi        0.0668603 0.0983959 0.0741037 0.0785265 0.0781306 0.1140582 0.0769358 0.0756594 0.0776826 0.1352891 0.0767155 0.1080417 0.1205538 0.0681748 0.0617603 0.1101282 0.1100417 0.1088126 0.1197093 0.0758477 0.0000000 0.1276695 0.1130356 0.1076730 0.0810839 0.0944447 0.0364715 0.0741640 0.0215287 0.0721198 0.0677729 0.0682295 0.1200378 0.1154024 0.1341964 
Didelphidae_Didelphis_virginiana             0.1175664 0.1366800 0.1224050 0.1318001 0.1362684 0.1404890 0.1340005 0.1222140 0.1328641 0.1474716 0.1179412 0.1357480 0.1371431 0.1232680 0.1271109 0.1372162 0.1365946 0.1423458 0.1507678 0.1098527 0.1276695 0.0000000 0.0495435 0.1375640 0.1368779 0.1265843 0.1208686 0.1299349 0.1210782 0.1490807 0.1292062 0.1227545 0.1568714 0.1384182 0.1474155 
Marmosidae_Monodelphis_domestica             0.1096388 0.1230793 0.1085558 0.1209032 0.1214389 0.1294193 0.1209260 0.1081600 0.1182069 0.1417635 0.1065405 0.1213109 0.1275115 0.1109283 0.1099378 0.1220248 0.1259118 0.1243499 0.1397803 0.1101640 0.1130356 0.0495435 0.0000000 0.1222849 0.1209951 0.1064227 0.1094472 0.1170491 0.1104817 0.1341508 0.1145301 0.1093195 0.1386761 0.1263154 0.1406191 
Dasyuridae_Antechinus_stuartii               0.0986949 0.1153392 0.0985527 0.1072605 0.1135316 0.0293804 0.1076449 0.1008931 0.1095143 0.1433306 0.1036847 0.0089116 0.0476761 0.0981004 0.1088525 0.0112201 0.0290717 0.0336571 0.1354375 0.1076283 0.1076730 0.1375640 0.1222849 0.0000000 0.1123360 0.1096095 0.1037592 0.1108437 0.1028273 0.1296302 0.1160971 0.0963410 0.1384870 0.0325367 0.1437381 
Hypsiprymnodontidae_Hypsiprymnodon_moschatus 0.0724080 0.1025793 0.0820903 0.0454578 0.0495349 0.1202179 0.0789598 0.0827778 0.0488989 0.1425145 0.0821387 0.1097407 0.1276458 0.0755102 0.0778049 0.1120249 0.1134927 0.1095076 0.1320116 0.0469412 0.0810839 0.1368779 0.1209951 0.1123360 0.0000000 0.0976897 0.0740893 0.0470157 0.0743846 0.1018500 0.0825771 0.0751753 0.1327156 0.1201785 0.1416003 
Microbiotheriidae_Dromiciops_gliroides       0.0882595 0.1010555 0.0882279 0.0953358 0.1017363 0.1175923 0.0966164 0.0942105 0.0987102 0.1309424 0.0935278 0.1112854 0.1243027 0.0896791 0.0944178 0.1120101 0.1122741 0.1114168 0.1319830 0.0896210 0.0944447 0.1265843 0.1064227 0.1096095 0.0976897 0.0000000 0.0894504 0.0972991 0.0888480 0.1201171 0.0952072 0.0849897 0.1328020 0.1191501 0.1302491 
Pseudochiridae_Petauroides_volans            0.0630922 0.0950331 0.0726906 0.0720441 0.0760683 0.1095863 0.0712083 0.0709341 0.0761456 0.1339385 0.0692247 0.1039569 0.1172085 0.0631598 0.0610431 0.1065027 0.1038647 0.1047068 0.1214899 0.0724598 0.0364715 0.1208686 0.1094472 0.1037592 0.0740893 0.0894504 0.0000000 0.0715519 0.0316194 0.0741798 0.0619852 0.0620895 0.1238240 0.1106271 0.1334116 
Macropodidae_Wallabia_bicolor                0.0729832 0.0996370 0.0739656 0.0260067 0.0233793 0.1162724 0.0782070 0.0787487 0.0223399 0.1337248 0.0792033 0.1093819 0.1227062 0.0711802 0.0667996 0.1113708 0.1108977 0.1077136 0.1176036 0.0126379 0.0741640 0.1299349 0.1170491 0.1108437 0.0470157 0.0972991 0.0715519 0.0000000 0.0737770 0.0845633 0.0808447 0.0693410 0.1154231 0.1151082 0.1325167 
Pseudochiridae_Pseudocheirus_occidentalis    0.0634690 0.0955914 0.0720019 0.0724298 0.0758041 0.1120177 0.0725952 0.0733407 0.0756267 0.1299466 0.0725822 0.1038494 0.1147190 0.0624081 0.0616773 0.1061839 0.1050584 0.1034174 0.1176324 0.0741619 0.0215287 0.1210782 0.1104817 0.1028273 0.0743846 0.0888480 0.0316194 0.0737770 0.0000000 0.0735587 0.0653548 0.0624666 0.1169769 0.1105286 0.1290058 
Tarsipedidae_Tarsipes_rostratus              0.0858744 0.1218060 0.0922644 0.0938587 0.0910874 0.1309566 0.0932237 0.0927331 0.0904488 0.1538579 0.0934608 0.1283986 0.1380482 0.0850700 0.0743375 0.1321078 0.1253848 0.1227970 0.1332821 0.0888414 0.0721198 0.1490807 0.1341508 0.1296302 0.1018500 0.1201171 0.0741798 0.0845633 0.0735587 0.0000000 0.0869325 0.0852682 0.1333782 0.1335122 0.1530216 
Acrobatidae_Distoechurus_pennatus            0.0745423 0.1026658 0.0800918 0.0834576 0.0852433 0.1231003 0.0803323 0.0795699 0.0847408 0.1289813 0.0789827 0.1143925 0.1262628 0.0709665 0.0462357 0.1153713 0.1168913 0.1129280 0.1196920 0.0803441 0.0677729 0.1292062 0.1145301 0.1160971 0.0825771 0.0952072 0.0619852 0.0808447 0.0653548 0.0869325 0.0000000 0.0722068 0.1196263 0.1229993 0.1280844 
Phalangeridae_Phalanger_carmelitae           0.0536646 0.0918680 0.0654323 0.0691398 0.0745388 0.1069390 0.0314052 0.0185723 0.0717988 0.1312236 0.0195923 0.0973771 0.1119674 0.0034796 0.0661069 0.0993450 0.1019115 0.0952647 0.1223538 0.0680052 0.0682295 0.1227545 0.1093195 0.0963410 0.0751753 0.0849897 0.0620895 0.0693410 0.0624666 0.0852682 0.0722068 0.0000000 0.1216777 0.1069459 0.1310618 
Peramelidae_Peroryctes_raffrayana            0.1220570 0.1289903 0.1118170 0.1269251 0.1234321 0.1396137 0.1287560 0.1277539 0.1225483 0.0400107 0.1291449 0.1405006 0.1525117 0.1207417 0.1140887 0.1410358 0.1354423 0.1355177 0.0215517 0.1200581 0.1200378 0.1568714 0.1386761 0.1384870 0.1327156 0.1328020 0.1238240 0.1154231 0.1169769 0.1333782 0.1196263 0.1216777 0.0000000 0.1400207 0.0392695 
Dasyuridae_Dasyurus_geffroii                 0.1085782 0.1249663 0.1078771 0.1137829 0.1201526 0.0121254 0.1167073 0.1059374 0.1170492 0.1439354 0.1104194 0.0309743 0.0531686 0.1086850 0.1153766 0.0331684 0.0092406 0.0412921 0.1422544 0.1084112 0.1154024 0.1384182 0.1263154 0.0325367 0.1201785 0.1191501 0.1106271 0.1151082 0.1105286 0.1335122 0.1229993 0.1069459 0.1400207 0.0000000 0.1446799 
Peramelidae_Perameles_gunnii                 0.1361257 0.1351977 0.1298119 0.1349289 0.1394991 0.1438002 0.1386324 0.1256391 0.1409326 0.0009944 0.1184706 0.1438036 0.1526046 0.1312678 0.1358688 0.1444083 0.1468988 0.1428113 0.0367519 0.1181812 0.1341964 0.1474155 0.1406191 0.1437381 0.1416003 0.1302491 0.1334116 0.1325167 0.1290058 0.1530216 0.1280844 0.1310618 0.0392695 0.1446799 0.0000000 
