35
Burramyidae_Burramys_parvus                  0.0000000 0.0947765 0.0663496 0.0504478 0.0591963 0.0942199 0.0449277 0.0429499 0.0622018 0.0988361 0.0437850 0.0900682 0.0820419 0.0440235 0.0555963 0.0936569 0.0901055 0.0815629 0.1025311 0.0632484 0.0458848 0.1229321 0.1199813 0.0914652 0.0669886 0.0731773 0.0562119 0.0625833 0.0661941 0.0570786 0.0517621 0.1165428 0.0888850 0.1047613 0.0541660 
Notoryctidae_Notoryctes_typhlops             0.0947765 0.0000000 0.0933970 0.0829487 0.0994613 0.0991834 0.0707692 0.0720168 0.1036819 0.1124541 0.0744963 0.1035133 0.0929664 0.0736162 0.0949346 0.1055639 0.1011617 0.0862339 0.1101626 0.1022937 0.0942697 0.1321297 0.1254142 0.1031090 0.1078142 0.0942951 0.0984815 0.1009023 0.0986549 0.0931898 0.0907389 0.1247096 0.1023138 0.1158272 0.0928409 
Vombatidae_Lasiorhinus_latifrons             0.0663496 0.0933970 0.0000000 0.0600948 0.0755556 0.0905704 0.0517641 0.0531233 0.0771153 0.0911205 0.0544244 0.0921243 0.0844055 0.0542032 0.0609353 0.0941038 0.0848554 0.0801638 0.0962299 0.0782956 0.0536980 0.1255853 0.1150839 0.0893434 0.0808237 0.0674064 0.0692892 0.0768714 0.0827315 0.0731520 0.0627387 0.1043552 0.0891795 0.0954272 0.0682738 
Potoroidae_Bettongia_penicillata             0.0504478 0.0829487 0.0600948 0.0000000 0.0034647 0.0842504 0.0514439 0.0496184 0.0116991 0.0950637 0.0530837 0.0872353 0.0802264 0.0525375 0.0500048 0.0899552 0.0846365 0.0745599 0.0976737 0.0213317 0.0452362 0.1129184 0.1114288 0.0876282 0.0319882 0.0648830 0.0519860 0.0181437 0.0643657 0.0596765 0.0492971 0.1086450 0.0825331 0.0982981 0.0571663 
Potoroidae_Bettongia_lesueur                 0.0591963 0.0994613 0.0755556 0.0034647 0.0000000 0.1001996 0.0523074 0.0489992 0.0111087 0.1106992 0.0539900 0.0993303 0.0894982 0.0529254 0.0646882 0.0990271 0.0927031 0.0858741 0.1108463 0.0203770 0.0623698 0.1360203 0.1285585 0.0984299 0.0346059 0.0823708 0.0619243 0.0191827 0.0715652 0.0657246 0.0677594 0.1263944 0.0980720 0.1126081 0.0681633 
Dasyuridae_Dasyurus_maculatus                0.0942199 0.0991834 0.0905704 0.0842504 0.1001996 0.0000000 0.0736517 0.0726198 0.1062768 0.1100183 0.0759443 0.0292953 0.0316440 0.0769721 0.0877692 0.0287202 0.0136301 0.0320469 0.1130248 0.1066294 0.0856307 0.1366046 0.1243163 0.0282978 0.1043533 0.0906201 0.0937112 0.1046300 0.1026384 0.0956842 0.0875745 0.1302047 0.0086533 0.1146793 0.0894044 
Phalangeridae_Trichosurus_vulpecula          0.0449277 0.0707692 0.0517641 0.0514439 0.0523074 0.0736517 0.0000000 0.0136248 0.0538119 0.0802451 0.0150623 0.0779798 0.0735133 0.0144892 0.0427932 0.0840554 0.0762490 0.0692668 0.0845888 0.0520209 0.0368891 0.1055492 0.0990092 0.0796144 0.0554660 0.0574520 0.0462289 0.0511897 0.0577672 0.0509144 0.0144070 0.0913795 0.0728575 0.0859043 0.0416095 
Phalangeridae_Spilocuscus_maculatus          0.0429499 0.0720168 0.0531233 0.0496184 0.0489992 0.0726198 0.0136248 0.0000000 0.0495198 0.0824868 0.0074696 0.0829385 0.0709753 0.0066779 0.0368122 0.0811400 0.0740666 0.0674532 0.0843926 0.0499320 0.0364724 0.1079691 0.1025237 0.0778954 0.0502460 0.0601204 0.0436539 0.0477165 0.0569397 0.0455930 0.0066735 0.0914917 0.0739327 0.0866740 0.0418965 
Potoroidae_Aepyprymnus_rufescens             0.0622018 0.1036819 0.0771153 0.0116991 0.0111087 0.1062768 0.0538119 0.0495198 0.0000000 0.1141827 0.0551358 0.1036362 0.0966475 0.0540037 0.0689688 0.1071439 0.0993457 0.0889046 0.1163950 0.0223751 0.0654370 0.1389306 0.1303739 0.1035722 0.0384579 0.0855479 0.0641058 0.0197534 0.0739334 0.0680438 0.0689637 0.1273419 0.1027408 0.1186103 0.0692532 
Peramelidae_Perameles_nasuta                 0.0988361 0.1124541 0.0911205 0.0950637 0.1106992 0.1100183 0.0802451 0.0824868 0.1141827 0.0000000 0.0826987 0.1055554 0.0970608 0.0832004 0.0960573 0.1054844 0.1019208 0.0943471 0.0118185 0.1146157 0.0821798 0.1453161 0.1367173 0.1046533 0.1190693 0.0937426 0.1033011 0.1154336 0.1064753 0.0985572 0.0947539 0.0123822 0.1062666 0.0006168 0.0956272 
Phalangeridae_Strigocuscus_pelengensis       0.0437850 0.0744963 0.0544244 0.0530837 0.0539900 0.0759443 0.0150623 0.0074696 0.0551358 0.0826987 0.0000000 0.0826467 0.0760198 0.0055006 0.0420823 0.0865955 0.0791234 0.0707488 0.0866956 0.0547550 0.0376423 0.1101907 0.1057346 0.0832413 0.0549355 0.0609941 0.0472760 0.0514033 0.0594694 0.0542140 0.0051255 0.0968022 0.0761294 0.0881578 0.0426871 
Dasyuridae_Phascogale_tapoatafa              0.0900682 0.1035133 0.0921243 0.0872353 0.0993303 0.0292953 0.0779798 0.0829385 0.1036362 0.1055554 0.0826467 0.0000000 0.0302529 0.0809803 0.0867524 0.0025218 0.0253525 0.0306308 0.1047086 0.1050207 0.0837643 0.1384791 0.1227680 0.0096572 0.1045553 0.0910879 0.0942595 0.1037751 0.1007509 0.0935277 0.0908199 0.1208975 0.0269922 0.1063064 0.0931882 
Dasyuridae_Sminthopsis_macroura              0.0820419 0.0929664 0.0844055 0.0802264 0.0894982 0.0316440 0.0735133 0.0709753 0.0966475 0.0970608 0.0760198 0.0302529 0.0000000 0.0768061 0.0814619 0.0303411 0.0284961 0.0198101 0.0999807 0.0970639 0.0785226 0.1290115 0.1150403 0.0280983 0.1005200 0.0790613 0.0831339 0.0956514 0.0918601 0.0917780 0.0876916 0.1161286 0.0304874 0.1018566 0.0835989 
Phalangeridae_Phalanger_orientalis           0.0440235 0.0736162 0.0542032 0.0525375 0.0529254 0.0769721 0.0144892 0.0066779 0.0540037 0.0832004 0.0055006 0.0809803 0.0768061 0.0000000 0.0429706 0.0870944 0.0801733 0.0735094 0.0876124 0.0536884 0.0390235 0.1091904 0.1021459 0.0835732 0.0560040 0.0606257 0.0446628 0.0510518 0.0579980 0.0515173 0.0048021 0.0954600 0.0752021 0.0889405 0.0412808 
Acrobatidae_Acrobates_pygmaeus               0.0555963 0.0949346 0.0609353 0.0500048 0.0646882 0.0877692 0.0427932 0.0368122 0.0689688 0.0960573 0.0420823 0.0867524 0.0814619 0.0429706 0.0000000 0.0924840 0.0833890 0.0780544 0.0997927 0.0711420 0.0469309 0.1179702 0.1136918 0.0894485 0.0699308 0.0670652 0.0518934 0.0707553 0.0625489 0.0400687 0.0500642 0.1131134 0.0860045 0.1023166 0.0488175 
Dasyuridae_Phascogale_calura                 0.0936569 0.1055639 0.0941038 0.0899552 0.0990271 0.0287202 0.0840554 0.0811400 0.1071439 0.1054844 0.0865955 0.0025218 0.0303411 0.0870944 0.0924840 0.0000000 0.0248963 0.0313924 0.1085629 0.1083281 0.0898155 0.1408622 0.1248741 0.0100356 0.1098987 0.0932218 0.0970907 0.1058676 0.1013453 0.0984315 0.0962964 0.1272978 0.0256683 0.1114792 0.0929864 
Dasyuridae_Sarcophilus_harrisii              0.0901055 0.1011617 0.0848554 0.0846365 0.0927031 0.0136301 0.0762490 0.0740666 0.0993457 0.1019208 0.0791234 0.0253525 0.0284961 0.0801733 0.0833890 0.0248963 0.0000000 0.0276235 0.1057658 0.0995733 0.0829016 0.1338021 0.1194422 0.0245179 0.1022527 0.0865516 0.0903385 0.0973632 0.0972219 0.0910885 0.0891535 0.1212417 0.0128639 0.1071933 0.0859095 
Dasyuridae_Planigale_tenuirostris            0.0815629 0.0862339 0.0801638 0.0745599 0.0858741 0.0320469 0.0692668 0.0674532 0.0889046 0.0943471 0.0707488 0.0306308 0.0198101 0.0735094 0.0780544 0.0313924 0.0276235 0.0000000 0.0956795 0.0938964 0.0740137 0.1313905 0.1136050 0.0292937 0.0989109 0.0730949 0.0809504 0.0938886 0.0891455 0.0832304 0.0864106 0.1113213 0.0290052 0.0973373 0.0832755 
Peramelidae_Echymipera_kalubu                0.1025311 0.1101626 0.0962299 0.0976737 0.1108463 0.1130248 0.0845888 0.0843926 0.1163950 0.0118185 0.0866956 0.1047086 0.0999807 0.0876124 0.0997927 0.1085629 0.1057658 0.0956795 0.0000000 0.1164447 0.0859710 0.1428406 0.1361928 0.1074032 0.1209481 0.0960782 0.1056367 0.1170860 0.1106932 0.1016285 0.0997571 0.0128701 0.1062593 0.0125173 0.0960365 
Macropodidae_Dorcopsulus_vanheurni           0.0632484 0.1022937 0.0782956 0.0213317 0.0203770 0.1066294 0.0520209 0.0499320 0.0223751 0.1146157 0.0547550 0.1050207 0.0970639 0.0536884 0.0711420 0.1083281 0.0995733 0.0938964 0.1164447 0.0000000 0.0671633 0.1409154 0.1312171 0.1060348 0.0377880 0.0858105 0.0668276 0.0080234 0.0780431 0.0696948 0.0689163 0.1300378 0.1015377 0.1201710 0.0672508 
Pseudochiridae_Pseudochirulus_forbesi        0.0458848 0.0942697 0.0536980 0.0452362 0.0623698 0.0856307 0.0368891 0.0364724 0.0654370 0.0821798 0.0376423 0.0837643 0.0785226 0.0390235 0.0469309 0.0898155 0.0829016 0.0740137 0.0859710 0.0671633 0.0000000 0.1113969 0.1053207 0.0862768 0.0690758 0.0595861 0.0366632 0.0641749 0.0562221 0.0480644 0.0480676 0.0979721 0.0849418 0.0879010 0.0262895 
Didelphidae_Didelphis_virginiana             0.1229321 0.1321297 0.1255853 0.1129184 0.1360203 0.1366046 0.1055492 0.1079691 0.1389306 0.1453161 0.1101907 0.1384791 0.1290115 0.1091904 0.1179702 0.1408622 0.1338021 0.1313905 0.1428406 0.1409154 0.1113969 0.0000000 0.0485228 0.1382075 0.1422326 0.1103908 0.1300573 0.1375079 0.1362272 0.1253409 0.1235669 0.1618770 0.1364965 0.1484724 0.1287886 
Marmosidae_Monodelphis_domestica             0.1199813 0.1254142 0.1150839 0.1114288 0.1285585 0.1243163 0.0990092 0.1025237 0.1303739 0.1367173 0.1057346 0.1227680 0.1150403 0.1021459 0.1136918 0.1248741 0.1194422 0.1136050 0.1361928 0.1312171 0.1053207 0.0485228 0.0000000 0.1243671 0.1336436 0.1089310 0.1189134 0.1300662 0.1287355 0.1208393 0.1174474 0.1567720 0.1221430 0.1411524 0.1171881 
Dasyuridae_Antechinus_stuartii               0.0914652 0.1031090 0.0893434 0.0876282 0.0984299 0.0282978 0.0796144 0.0778954 0.1035722 0.1046533 0.0832413 0.0096572 0.0280983 0.0835732 0.0894485 0.0100356 0.0245179 0.0292937 0.1074032 0.1060348 0.0862768 0.1382075 0.1243671 0.0000000 0.1096521 0.0882734 0.0940419 0.1036343 0.1015707 0.0959236 0.0928383 0.1264944 0.0267066 0.1094396 0.0916060 
Hypsiprymnodontidae_Hypsiprymnodon_moschatus 0.0669886 0.1078142 0.0808237 0.0319882 0.0346059 0.1043533 0.0554660 0.0502460 0.0384579 0.1190693 0.0549355 0.1045553 0.1005200 0.0560040 0.0699308 0.1098987 0.1022527 0.0989109 0.1209481 0.0377880 0.0690758 0.1422326 0.1336436 0.1096521 0.0000000 0.0865602 0.0657675 0.0380754 0.0781368 0.0732895 0.0699027 0.1324108 0.1057569 0.1241121 0.0669209 
Microbiotheriidae_Dromiciops_gliroides       0.0731773 0.0942951 0.0674064 0.0648830 0.0823708 0.0906201 0.0574520 0.0601204 0.0855479 0.0937426 0.0609941 0.0910879 0.0790613 0.0606257 0.0670652 0.0932218 0.0865516 0.0730949 0.0960782 0.0858105 0.0595861 0.1103908 0.1089310 0.0882734 0.0865602 0.0000000 0.0763235 0.0867524 0.0870503 0.0745239 0.0699876 0.1079782 0.0915056 0.0959829 0.0688115 
Pseudochiridae_Petauroides_volans            0.0562119 0.0984815 0.0692892 0.0519860 0.0619243 0.0937112 0.0462289 0.0436539 0.0641058 0.1033011 0.0472760 0.0942595 0.0831339 0.0446628 0.0518934 0.0970907 0.0903385 0.0809504 0.1056367 0.0668276 0.0366632 0.1300573 0.1189134 0.0940419 0.0657675 0.0763235 0.0000000 0.0660159 0.0541312 0.0592191 0.0600880 0.1195700 0.0943943 0.1081952 0.0323578 
Macropodidae_Wallabia_bicolor                0.0625833 0.1009023 0.0768714 0.0181437 0.0191827 0.1046300 0.0511897 0.0477165 0.0197534 0.1154336 0.0514033 0.1037751 0.0956514 0.0510518 0.0707553 0.1058676 0.0973632 0.0938886 0.1170860 0.0080234 0.0641749 0.1375079 0.1300662 0.1036343 0.0380754 0.0867524 0.0660159 0.0000000 0.0765147 0.0680855 0.0666036 0.1311311 0.1021261 0.1193539 0.0654144 
Tarsipedidae_Tarsipes_rostratus              0.0661941 0.0986549 0.0827315 0.0643657 0.0715652 0.1026384 0.0577672 0.0569397 0.0739334 0.1064753 0.0594694 0.1007509 0.0918601 0.0579980 0.0625489 0.1013453 0.0972219 0.0891455 0.1106932 0.0780431 0.0562221 0.1362272 0.1287355 0.1015707 0.0781368 0.0870503 0.0541312 0.0765147 0.0000000 0.0693790 0.0712851 0.1206297 0.0998695 0.1124389 0.0554933 
Acrobatidae_Distoechurus_pennatus            0.0570786 0.0931898 0.0731520 0.0596765 0.0657246 0.0956842 0.0509144 0.0455930 0.0680438 0.0985572 0.0542140 0.0935277 0.0917780 0.0515173 0.0400687 0.0984315 0.0910885 0.0832304 0.1016285 0.0696948 0.0480644 0.1253409 0.1208393 0.0959236 0.0732895 0.0745239 0.0592191 0.0680855 0.0693790 0.0000000 0.0640456 0.1148711 0.0957224 0.1044391 0.0528922 
Phalangeridae_Phalanger_carmelitae           0.0517621 0.0907389 0.0627387 0.0492971 0.0677594 0.0875745 0.0144070 0.0066735 0.0689637 0.0947539 0.0051255 0.0908199 0.0876916 0.0048021 0.0500642 0.0962964 0.0891535 0.0864106 0.0997571 0.0689163 0.0480676 0.1235669 0.1174474 0.0928383 0.0699027 0.0699876 0.0600880 0.0666036 0.0712851 0.0640456 0.0000000 0.1100288 0.0858947 0.0999231 0.0562572 
Peramelidae_Peroryctes_raffrayana            0.1165428 0.1247096 0.1043552 0.1086450 0.1263944 0.1302047 0.0913795 0.0914917 0.1273419 0.0123822 0.0968022 0.1208975 0.1161286 0.0954600 0.1131134 0.1272978 0.1212417 0.1113213 0.0128701 0.1300378 0.0979721 0.1618770 0.1567720 0.1264944 0.1324108 0.1079782 0.1195700 0.1311311 0.1206297 0.1148711 0.1100288 0.0000000 0.1236321 0.0132556 0.1080404 
Dasyuridae_Dasyurus_geffroii                 0.0888850 0.1023138 0.0891795 0.0825331 0.0980720 0.0086533 0.0728575 0.0739327 0.1027408 0.1062666 0.0761294 0.0269922 0.0304874 0.0752021 0.0860045 0.0256683 0.0128639 0.0290052 0.1062593 0.1015377 0.0849418 0.1364965 0.1221430 0.0267066 0.1057569 0.0915056 0.0943943 0.1021261 0.0998695 0.0957224 0.0858947 0.1236321 0.0000000 0.1081004 0.0928009 
Peramelidae_Perameles_gunnii                 0.1047613 0.1158272 0.0954272 0.0982981 0.1126081 0.1146793 0.0859043 0.0866740 0.1186103 0.0006168 0.0881578 0.1063064 0.1018566 0.0889405 0.1023166 0.1114792 0.1071933 0.0973373 0.0125173 0.1201710 0.0879010 0.1484724 0.1411524 0.1094396 0.1241121 0.0959829 0.1081952 0.1193539 0.1124389 0.1044391 0.0999231 0.0132556 0.1081004 0.0000000 0.1008384 
Pseudochiridae_Pseudocheirus_occidentalis    0.0541660 0.0928409 0.0682738 0.0571663 0.0681633 0.0894044 0.0416095 0.0418965 0.0692532 0.0956272 0.0426871 0.0931882 0.0835989 0.0412808 0.0488175 0.0929864 0.0859095 0.0832755 0.0960365 0.0672508 0.0262895 0.1287886 0.1171881 0.0916060 0.0669209 0.0688115 0.0323578 0.0654144 0.0554933 0.0528922 0.0562572 0.1080404 0.0928009 0.1008384 0.0000000 
