35
Burramyidae_Burramys_parvus                  0.0000000 0.0550758 0.0395639 0.0667565 0.0333354 0.0318516 0.0431735 0.0489109 0.0334865 0.0658674 0.0670473 0.0319902 0.0378043 0.0638177 0.0663392 0.0529578 0.0507038 0.0350013 0.0418506 0.0616785 0.0578939 0.0631859 0.0397651 0.0503728 0.0352274 0.0358395 0.0318945 0.0484883 0.0372695 0.0324207 0.0454656 0.0684135 0.0508946 0.0413871 0.0433873 
Notoryctidae_Notoryctes_typhlops             0.0550758 0.0000000 0.0597357 0.0767215 0.0597543 0.0633027 0.0702313 0.0605969 0.0616140 0.0791740 0.0780553 0.0613051 0.0641825 0.0764462 0.0770938 0.0655145 0.0654131 0.0608431 0.0679896 0.0692462 0.0670803 0.0750956 0.0649211 0.0610602 0.0597422 0.0613023 0.0599338 0.0735158 0.0634634 0.0615816 0.0633369 0.0781749 0.0632004 0.0667924 0.0694143 
Vombatidae_Lasiorhinus_latifrons             0.0395639 0.0597357 0.0000000 0.0672176 0.0418068 0.0431203 0.0526466 0.0536430 0.0426479 0.0707805 0.0693016 0.0420458 0.0469486 0.0686142 0.0673036 0.0551982 0.0580950 0.0428491 0.0448725 0.0616065 0.0599058 0.0670801 0.0494009 0.0502990 0.0426344 0.0432547 0.0414980 0.0572537 0.0459848 0.0423781 0.0532141 0.0691916 0.0570749 0.0503309 0.0526362 
Dasyuridae_Dasyurus_maculatus                0.0667565 0.0767215 0.0672176 0.0000000 0.0625901 0.0637611 0.0757389 0.0753238 0.0645245 0.0166043 0.0253085 0.0623942 0.0713697 0.0151755 0.0066451 0.0175849 0.0776724 0.0684666 0.0754349 0.0741776 0.0774810 0.0141949 0.0765731 0.0742745 0.0663847 0.0724869 0.0664700 0.0788443 0.0701886 0.0632116 0.0756574 0.0036007 0.0778720 0.0697264 0.0729293 
Phalangeridae_Trichosurus_vulpecula          0.0333354 0.0597543 0.0418068 0.0625901 0.0000000 0.0137891 0.0447325 0.0563821 0.0153424 0.0629641 0.0654504 0.0150768 0.0430317 0.0621412 0.0615845 0.0523998 0.0569071 0.0399970 0.0446966 0.0554013 0.0594683 0.0619312 0.0440523 0.0505879 0.0370147 0.0409145 0.0377085 0.0469604 0.0428987 0.0152255 0.0549402 0.0630754 0.0575856 0.0375737 0.0395639 
Phalangeridae_Spilocuscus_maculatus          0.0318516 0.0633027 0.0431203 0.0637611 0.0137891 0.0000000 0.0448442 0.0565882 0.0108396 0.0664049 0.0648101 0.0096945 0.0431217 0.0647005 0.0638777 0.0562836 0.0593182 0.0384654 0.0442096 0.0594059 0.0607998 0.0649750 0.0429718 0.0549157 0.0367200 0.0405702 0.0336759 0.0484195 0.0412370 0.0080515 0.0556185 0.0642865 0.0583124 0.0394353 0.0414447 
Potoroidae_Aepyprymnus_rufescens             0.0431735 0.0702313 0.0526466 0.0757389 0.0447325 0.0448442 0.0000000 0.0660407 0.0452894 0.0767657 0.0759099 0.0431531 0.0538289 0.0750816 0.0761589 0.0629550 0.0663296 0.0170764 0.0515969 0.0648661 0.0679426 0.0735840 0.0374436 0.0647776 0.0455504 0.0187513 0.0469507 0.0612218 0.0515173 0.0440089 0.0630253 0.0764194 0.0678422 0.0129898 0.0149464 
Peramelidae_Perameles_nasuta                 0.0489109 0.0605969 0.0536430 0.0753238 0.0563821 0.0565882 0.0660407 0.0000000 0.0578775 0.0715505 0.0749694 0.0564895 0.0598726 0.0705647 0.0771576 0.0628985 0.0115564 0.0576963 0.0618253 0.0652441 0.0661309 0.0705795 0.0605839 0.0600868 0.0559389 0.0568072 0.0575782 0.0670249 0.0576333 0.0582263 0.0107793 0.0772059 0.0002288 0.0612555 0.0644778 
Phalangeridae_Strigocuscus_pelengensis       0.0334865 0.0616140 0.0426479 0.0645245 0.0153424 0.0108396 0.0452894 0.0578775 0.0000000 0.0644804 0.0676824 0.0084753 0.0443960 0.0626056 0.0629552 0.0538471 0.0591682 0.0392417 0.0428987 0.0588816 0.0622634 0.0625416 0.0463663 0.0513624 0.0381050 0.0413623 0.0355290 0.0502742 0.0408520 0.0071601 0.0570724 0.0647743 0.0591798 0.0390029 0.0418084 
Dasyuridae_Phascogale_tapoatafa              0.0658674 0.0791740 0.0707805 0.0166043 0.0629641 0.0664049 0.0767657 0.0715505 0.0644804 0.0000000 0.0229863 0.0633491 0.0722674 0.0022256 0.0156689 0.0194882 0.0771057 0.0695773 0.0742050 0.0757574 0.0734872 0.0068248 0.0763158 0.0705838 0.0672238 0.0716437 0.0647132 0.0785013 0.0703864 0.0634422 0.0714738 0.0152871 0.0747280 0.0743685 0.0776056 
Dasyuridae_Sminthopsis_macroura              0.0670473 0.0780553 0.0693016 0.0253085 0.0654504 0.0648101 0.0759099 0.0749694 0.0676824 0.0229863 0.0000000 0.0646290 0.0713393 0.0220313 0.0238991 0.0165369 0.0778234 0.0688404 0.0722689 0.0751257 0.0732384 0.0225095 0.0744908 0.0757604 0.0641993 0.0717511 0.0653246 0.0787456 0.0700279 0.0660687 0.0747433 0.0248395 0.0781683 0.0759332 0.0791700 
Phalangeridae_Phalanger_orientalis           0.0319902 0.0613051 0.0420458 0.0623942 0.0150768 0.0096945 0.0431531 0.0564895 0.0084753 0.0633491 0.0646290 0.0000000 0.0421943 0.0618940 0.0612242 0.0533877 0.0576683 0.0382999 0.0431806 0.0579930 0.0595105 0.0617117 0.0441263 0.0532750 0.0365454 0.0402191 0.0351341 0.0487497 0.0410763 0.0025021 0.0553746 0.0630104 0.0574333 0.0376522 0.0396229 
Acrobatidae_Acrobates_pygmaeus               0.0378043 0.0641825 0.0469486 0.0713697 0.0430317 0.0431217 0.0538289 0.0598726 0.0443960 0.0722674 0.0713393 0.0421943 0.0000000 0.0701965 0.0707346 0.0567801 0.0600810 0.0445485 0.0446607 0.0646922 0.0644828 0.0683900 0.0475218 0.0538045 0.0384573 0.0458641 0.0395662 0.0523130 0.0289498 0.0430199 0.0584499 0.0718400 0.0610698 0.0518821 0.0524503 
Dasyuridae_Phascogale_calura                 0.0638177 0.0764462 0.0686142 0.0151755 0.0621412 0.0647005 0.0750816 0.0705647 0.0626056 0.0022256 0.0220313 0.0618940 0.0701965 0.0000000 0.0144966 0.0183610 0.0760374 0.0675515 0.0717623 0.0754580 0.0737342 0.0055340 0.0753408 0.0724481 0.0649444 0.0696040 0.0635397 0.0776495 0.0677266 0.0622384 0.0716389 0.0144120 0.0742812 0.0726193 0.0758691 
Dasyuridae_Sarcophilus_harrisii              0.0663392 0.0770938 0.0673036 0.0066451 0.0615845 0.0638777 0.0761589 0.0771576 0.0629552 0.0156689 0.0238991 0.0612242 0.0707346 0.0144966 0.0000000 0.0162054 0.0781957 0.0698179 0.0736642 0.0706227 0.0758716 0.0140353 0.0763762 0.0754468 0.0646304 0.0730535 0.0681813 0.0769027 0.0693625 0.0626191 0.0775419 0.0057279 0.0783723 0.0679817 0.0716916 
Dasyuridae_Planigale_tenuirostris            0.0529578 0.0655145 0.0551982 0.0175849 0.0523998 0.0562836 0.0629550 0.0628985 0.0538471 0.0194882 0.0165369 0.0533877 0.0567801 0.0183610 0.0162054 0.0000000 0.0656425 0.0557757 0.0624220 0.0635483 0.0638871 0.0174464 0.0608752 0.0642728 0.0534833 0.0586226 0.0559467 0.0645156 0.0566526 0.0531309 0.0634584 0.0178816 0.0643438 0.0621394 0.0651736 
Peramelidae_Echymipera_kalubu                0.0507038 0.0654131 0.0580950 0.0776724 0.0569071 0.0593182 0.0663296 0.0115564 0.0591682 0.0771057 0.0778234 0.0576683 0.0600810 0.0760374 0.0781957 0.0656425 0.0000000 0.0591347 0.0650030 0.0724069 0.0706103 0.0743486 0.0623782 0.0621941 0.0567606 0.0578706 0.0576051 0.0698294 0.0588987 0.0583461 0.0115796 0.0791316 0.0112970 0.0624073 0.0657350 
Macropodidae_Dorcopsulus_vanheurni           0.0350013 0.0608431 0.0428491 0.0684666 0.0399970 0.0384654 0.0170764 0.0576963 0.0392417 0.0695773 0.0688404 0.0382999 0.0445485 0.0675515 0.0698179 0.0557757 0.0591347 0.0000000 0.0433908 0.0581922 0.0597377 0.0658639 0.0276577 0.0563705 0.0381554 0.0063269 0.0384808 0.0518968 0.0439694 0.0389253 0.0559854 0.0695745 0.0595824 0.0133201 0.0152812 
Pseudochiridae_Pseudochirulus_forbesi        0.0418506 0.0679896 0.0448725 0.0754349 0.0446966 0.0442096 0.0515969 0.0618253 0.0428987 0.0742050 0.0722689 0.0431806 0.0446607 0.0717623 0.0736642 0.0624220 0.0650030 0.0433908 0.0000000 0.0640125 0.0668246 0.0707584 0.0492362 0.0624439 0.0234115 0.0440892 0.0181097 0.0485748 0.0431294 0.0428830 0.0618722 0.0757543 0.0645345 0.0531237 0.0529545 
Didelphidae_Didelphis_virginiana             0.0616785 0.0692462 0.0616065 0.0741776 0.0554013 0.0594059 0.0648661 0.0652441 0.0588816 0.0757574 0.0751257 0.0579930 0.0646922 0.0754580 0.0706227 0.0635483 0.0724069 0.0581922 0.0640125 0.0000000 0.0266322 0.0738642 0.0649168 0.0606074 0.0584354 0.0587106 0.0569370 0.0696888 0.0604964 0.0574471 0.0688148 0.0742717 0.0679509 0.0848203 0.0884023 
Marmosidae_Monodelphis_domestica             0.0578939 0.0670803 0.0599058 0.0774810 0.0594683 0.0607998 0.0679426 0.0661309 0.0622634 0.0734872 0.0732384 0.0595105 0.0644828 0.0737342 0.0758716 0.0638871 0.0706103 0.0597377 0.0668246 0.0266322 0.0000000 0.0729407 0.0662948 0.0584000 0.0624708 0.0600444 0.0621601 0.0715515 0.0631018 0.0604536 0.0663619 0.0775012 0.0677086 0.0923550 0.0948670 
Dasyuridae_Antechinus_stuartii               0.0631859 0.0750956 0.0670801 0.0141949 0.0619312 0.0649750 0.0735840 0.0705795 0.0625416 0.0068248 0.0225095 0.0617117 0.0683900 0.0055340 0.0140353 0.0174464 0.0743486 0.0658639 0.0707584 0.0738642 0.0729407 0.0000000 0.0735944 0.0729282 0.0638354 0.0679180 0.0639517 0.0753059 0.0665874 0.0620574 0.0708553 0.0136917 0.0733475 0.0706891 0.0739884 
Hypsiprymnodontidae_Hypsiprymnodon_moschatus 0.0397651 0.0649211 0.0494009 0.0765731 0.0440523 0.0429718 0.0374436 0.0605839 0.0463663 0.0763158 0.0744908 0.0441263 0.0475218 0.0753408 0.0763762 0.0608752 0.0623782 0.0276577 0.0492362 0.0649168 0.0662948 0.0735944 0.0000000 0.0577533 0.0432747 0.0298760 0.0423508 0.0581111 0.0496881 0.0440529 0.0578368 0.0762377 0.0637638 0.0346675 0.0366330 
Microbiotheriidae_Dromiciops_gliroides       0.0503728 0.0610602 0.0502990 0.0742745 0.0505879 0.0549157 0.0647776 0.0600868 0.0513624 0.0705838 0.0757604 0.0532750 0.0538045 0.0724481 0.0754468 0.0642728 0.0621941 0.0563705 0.0624439 0.0606074 0.0584000 0.0729282 0.0577533 0.0000000 0.0547264 0.0561702 0.0532091 0.0681211 0.0539474 0.0524585 0.0608540 0.0756961 0.0605599 0.0638855 0.0644318 
Pseudochiridae_Petauroides_volans            0.0352274 0.0597422 0.0426344 0.0663847 0.0370147 0.0367200 0.0455504 0.0559389 0.0381050 0.0672238 0.0641993 0.0365454 0.0384573 0.0649444 0.0646304 0.0534833 0.0567606 0.0381554 0.0234115 0.0584354 0.0624708 0.0638354 0.0432747 0.0547264 0.0000000 0.0402452 0.0197350 0.0415272 0.0382096 0.0368838 0.0532446 0.0674751 0.0576814 0.0435915 0.0442695 
Macropodidae_Wallabia_bicolor                0.0358395 0.0613023 0.0432547 0.0724869 0.0409145 0.0405702 0.0187513 0.0568072 0.0413623 0.0716437 0.0717511 0.0402191 0.0458641 0.0696040 0.0730535 0.0586226 0.0578706 0.0063269 0.0440892 0.0587106 0.0600444 0.0679180 0.0298760 0.0561702 0.0402452 0.0000000 0.0389713 0.0538790 0.0448310 0.0408179 0.0543896 0.0733405 0.0586621 0.0138974 0.0158559 
Pseudochiridae_Pseudocheirus_occidentalis    0.0318945 0.0599338 0.0414980 0.0664700 0.0377085 0.0336759 0.0469507 0.0575782 0.0355290 0.0647132 0.0653246 0.0351341 0.0395662 0.0635397 0.0681813 0.0559467 0.0576051 0.0384808 0.0181097 0.0569370 0.0621601 0.0639517 0.0423508 0.0532091 0.0197350 0.0389713 0.0000000 0.0437064 0.0367619 0.0361432 0.0554018 0.0680679 0.0572311 0.0438803 0.0461290 
Tarsipedidae_Tarsipes_rostratus              0.0484883 0.0735158 0.0572537 0.0788443 0.0469604 0.0484195 0.0612218 0.0670249 0.0502742 0.0785013 0.0787456 0.0487497 0.0523130 0.0776495 0.0769027 0.0645156 0.0698294 0.0518968 0.0485748 0.0696888 0.0715515 0.0753059 0.0581111 0.0681211 0.0415272 0.0538790 0.0437064 0.0000000 0.0532139 0.0496210 0.0652516 0.0797297 0.0700601 0.0565772 0.0585851 
Acrobatidae_Distoechurus_pennatus            0.0372695 0.0634634 0.0459848 0.0701886 0.0428987 0.0412370 0.0515173 0.0576333 0.0408520 0.0703864 0.0700279 0.0410763 0.0289498 0.0677266 0.0693625 0.0566526 0.0588987 0.0439694 0.0431294 0.0604964 0.0631018 0.0665874 0.0496881 0.0539474 0.0382096 0.0448310 0.0367619 0.0532139 0.0000000 0.0416780 0.0558939 0.0718589 0.0598828 0.0503735 0.0516697 
Phalangeridae_Phalanger_carmelitae           0.0324207 0.0615816 0.0423781 0.0632116 0.0152255 0.0080515 0.0440089 0.0582263 0.0071601 0.0634422 0.0660687 0.0025021 0.0430199 0.0622384 0.0626191 0.0531309 0.0583461 0.0389253 0.0428830 0.0574471 0.0604536 0.0620574 0.0440529 0.0524585 0.0368838 0.0408179 0.0361432 0.0496210 0.0416780 0.0000000 0.0568404 0.0636994 0.0587297 0.0374251 0.0393851 
Peramelidae_Peroryctes_raffrayana            0.0454656 0.0633369 0.0532141 0.0756574 0.0549402 0.0556185 0.0630253 0.0107793 0.0570724 0.0714738 0.0747433 0.0553746 0.0584499 0.0716389 0.0775419 0.0634584 0.0115796 0.0559854 0.0618722 0.0688148 0.0663619 0.0708553 0.0578368 0.0608540 0.0532446 0.0543896 0.0554018 0.0652516 0.0558939 0.0568404 0.0000000 0.0775916 0.0105232 0.0590584 0.0624462 
Dasyuridae_Dasyurus_geffroii                 0.0684135 0.0781749 0.0691916 0.0036007 0.0630754 0.0642865 0.0764194 0.0772059 0.0647743 0.0152871 0.0248395 0.0630104 0.0718400 0.0144120 0.0057279 0.0178816 0.0791316 0.0695745 0.0757543 0.0742717 0.0775012 0.0136917 0.0762377 0.0756961 0.0674751 0.0733405 0.0680679 0.0797297 0.0718589 0.0636994 0.0775916 0.0000000 0.0793366 0.0701862 0.0733919 
Peramelidae_Perameles_gunnii                 0.0508946 0.0632004 0.0570749 0.0778720 0.0575856 0.0583124 0.0678422 0.0002288 0.0591798 0.0747280 0.0781683 0.0574333 0.0610698 0.0742812 0.0783723 0.0643438 0.0112970 0.0595824 0.0645345 0.0679509 0.0677086 0.0733475 0.0637638 0.0605599 0.0576814 0.0586621 0.0572311 0.0700601 0.0598828 0.0587297 0.0105232 0.0793366 0.0000000 0.0621778 0.0647069 
Potoroidae_Bettongia_penicillata             0.0413871 0.0667924 0.0503309 0.0697264 0.0375737 0.0394353 0.0129898 0.0612555 0.0390029 0.0743685 0.0759332 0.0376522 0.0518821 0.0726193 0.0679817 0.0621394 0.0624073 0.0133201 0.0531237 0.0848203 0.0923550 0.0706891 0.0346675 0.0638855 0.0435915 0.0138974 0.0438803 0.0565772 0.0503735 0.0374251 0.0590584 0.0701862 0.0621778 0.0000000 0.0058897 
Potoroidae_Bettongia_lesueur                 0.0433873 0.0694143 0.0526362 0.0729293 0.0395639 0.0414447 0.0149464 0.0644778 0.0418084 0.0776056 0.0791700 0.0396229 0.0524503 0.0758691 0.0716916 0.0651736 0.0657350 0.0152812 0.0529545 0.0884023 0.0948670 0.0739884 0.0366330 0.0644318 0.0442695 0.0158559 0.0461290 0.0585851 0.0516697 0.0393851 0.0624462 0.0733919 0.0647069 0.0058897 0.0000000 
