194
I0185_86_Accipitridae_Buteo_jamaicensis                0.0000000 0.0445550 0.0427792 0.0406975 0.0486433 0.0426679 0.0511892 0.0334381 0.0431268 0.0563957 0.0557565 0.0315453 0.0504308 0.0403841 0.0477735 0.0482908 0.0345687 0.0192402 0.0478765 0.0240877 0.0461034 0.0302837 0.0510186 0.0253209 0.0270710 0.0235368 0.0440226 0.0289068 0.0562796 0.0569599 0.0614158 0.0274929 0.0475752 0.0465732 0.0463773 0.0475131 0.0423963 0.0587734 0.0482671 0.0530300 0.0484486 0.0632056 0.0490005 0.0462660 0.0789250 0.0786714 0.0754944 0.0578809 0.0551000 0.0415993 0.0460454 0.0330121 0.0496977 0.0467203 0.0263635 0.0419002 0.0466089 0.0485366 0.0438015 0.0334627 0.0285274 0.0481922 0.0422062 0.0289684 0.0300591 0.0643240 0.0470008 0.0524242 0.0425069 0.0277672 0.0339587 0.0571722 0.0509807 0.0355857 0.0540207 0.0553286 0.0511883 0.0465415 0.0325257 0.0289017 0.0448426 0.0533946 0.0347015 0.0067717 0.0296805 0.0406107 0.0439860 0.0491241 0.0514371 0.0252288 0.0213369 0.0491121 0.0642505 0.0431256 0.0393631 0.0336495 0.0234802 0.0467183 0.0345722 0.0498488 0.0546531 0.0250223 0.0541653 0.0274962 0.0220063 0.0269109 0.0502867 0.0410957 0.0534356 0.0306907 0.0287772 0.0348269 0.0429358 0.0619478 0.0305856 0.0438961 0.0602664 0.0298896 0.0228399 0.0531243 0.0471279 0.0273757 0.0545792 0.0569994 0.0416794 0.0253530 0.0172029 0.0254038 0.0481972 0.0402544 0.0390635 0.0542534 0.0252997 0.0563717 0.0315255 0.0358461 0.0242484 0.0400004 0.0559925 0.0563128 0.0317115 0.0542148 0.0316520 0.0424240 0.0361442 0.0241167 0.0277781 0.0438572 0.0298089 0.0787658 0.0473083 0.0356233 0.0254706 0.0500634 0.0635302 0.0473216 0.0471156 0.0217094 0.0282683 0.0300448 0.0312541 0.0286472 0.0332573 0.0405234 0.0453775 0.0441258 0.0338122 0.0433320 0.0484410 0.0483895 0.0327013 0.0813977 0.0282477 0.0406148 0.0497341 0.0569398 0.0259776 0.0169418 0.0239665 0.0295691 0.0610354 0.0276102 0.0564495 0.0556959 0.0493759 0.0464409 0.1211180 0.1147705 0.0504220 0.0619505 0.0569103 0.0412279 0.0358096 0.0509843 
I0186_111_Momotidae_Momotus_lessonii                   0.0445550 0.0000000 0.0593666 0.0587347 0.0647864 0.0590708 0.0669687 0.0518553 0.0601608 0.0594536 0.0712497 0.0496524 0.0691939 0.0562598 0.0586556 0.0654112 0.0540806 0.0393805 0.0667215 0.0445796 0.0646009 0.0499355 0.0669917 0.0455986 0.0470767 0.0429696 0.0612491 0.0470988 0.0723723 0.0741414 0.0766550 0.0472126 0.0657238 0.0640693 0.0619294 0.0627826 0.0594893 0.0764547 0.0662347 0.0704753 0.0670290 0.0799151 0.0665508 0.0648586 0.0941085 0.0944910 0.0924935 0.0742496 0.0691715 0.0443724 0.0651015 0.0517513 0.0660043 0.0653108 0.0463949 0.0601395 0.0658901 0.0666892 0.0610285 0.0510376 0.0476656 0.0663970 0.0606497 0.0483942 0.0491395 0.0806827 0.0652339 0.0703391 0.0615025 0.0484400 0.0517535 0.0743514 0.0691831 0.0523020 0.0686705 0.0731684 0.0682799 0.0645552 0.0521857 0.0479536 0.0636524 0.0681623 0.0500848 0.0457400 0.0497523 0.0583513 0.0452084 0.0627887 0.0640642 0.0453915 0.0419375 0.0642966 0.0810733 0.0608282 0.0573278 0.0521712 0.0430358 0.0659474 0.0458538 0.0682590 0.0695763 0.0439561 0.0717571 0.0475711 0.0454979 0.0445197 0.0670437 0.0487031 0.0697223 0.0490735 0.0486678 0.0527639 0.0607463 0.0775540 0.0509048 0.0634871 0.0774884 0.0501370 0.0425956 0.0699454 0.0650396 0.0478339 0.0736798 0.0750441 0.0588590 0.0459662 0.0482570 0.0447225 0.0654258 0.0576312 0.0569716 0.0739320 0.0448480 0.0700472 0.0514736 0.0523708 0.0441412 0.0594637 0.0674224 0.0736927 0.0504605 0.0702266 0.0515115 0.0601494 0.0545261 0.0442858 0.0478635 0.0619251 0.0489351 0.0944487 0.0642742 0.0550973 0.0440720 0.0655824 0.0810285 0.0645825 0.0659510 0.0419274 0.0477326 0.0493271 0.0501677 0.0487627 0.0519126 0.0604192 0.0632872 0.0619167 0.0533834 0.0598119 0.0656039 0.0670274 0.0519838 0.0989934 0.0484671 0.0580196 0.0666556 0.0733665 0.0461191 0.0470968 0.0437964 0.0497425 0.0781749 0.0482427 0.0733050 0.0728566 0.0676158 0.0633169 0.1362211 0.1278098 0.0688606 0.0780003 0.0738922 0.0590351 0.0512373 0.0679800 
I0187_115_Trogonidae_Trogon_elegans                    0.0427792 0.0593666 0.0000000 0.0555315 0.0614513 0.0187536 0.0649782 0.0502919 0.0568842 0.0713695 0.0687005 0.0474436 0.0651708 0.0559830 0.0617245 0.0627042 0.0507886 0.0369064 0.0626378 0.0425775 0.0604966 0.0476672 0.0657356 0.0434859 0.0447260 0.0409564 0.0568769 0.0454069 0.0697154 0.0704170 0.0743107 0.0450574 0.0629103 0.0606412 0.0596981 0.0609513 0.0555925 0.0717733 0.0630381 0.0684679 0.0635083 0.0791388 0.0640954 0.0604809 0.0927196 0.0909806 0.0896159 0.0711918 0.0694207 0.0552579 0.0613096 0.0493512 0.0639403 0.0615795 0.0440421 0.0581439 0.0614939 0.0624212 0.0577408 0.0497933 0.0456463 0.0627059 0.0581370 0.0454956 0.0469914 0.0793912 0.0616601 0.0677316 0.0589600 0.0464002 0.0513128 0.0713893 0.0671976 0.0512963 0.0669213 0.0710690 0.0657519 0.0607997 0.0492043 0.0463519 0.0590690 0.0655900 0.0476646 0.0435375 0.0462927 0.0561066 0.0588462 0.0635301 0.0646178 0.0430410 0.0401682 0.0635442 0.0793806 0.0586651 0.0553634 0.0499934 0.0406625 0.0637878 0.0510001 0.0660880 0.0669328 0.0432057 0.0689802 0.0446897 0.0442929 0.0439369 0.0624259 0.0561289 0.0644023 0.0465904 0.0450841 0.0504510 0.0587251 0.0768718 0.0486637 0.0614612 0.0751340 0.0489319 0.0404014 0.0665041 0.0614292 0.0458288 0.0681589 0.0728058 0.0567624 0.0442597 0.0467351 0.0421460 0.0618174 0.0550007 0.0548289 0.0703346 0.0427910 0.0698020 0.0486139 0.0505230 0.0422882 0.0563614 0.0688626 0.0721536 0.0489370 0.0673650 0.0491982 0.0584883 0.0515506 0.0420084 0.0454386 0.0584846 0.0468028 0.0920689 0.0608864 0.0514595 0.0432945 0.0628725 0.0793581 0.0622275 0.0618683 0.0396841 0.0456999 0.0463671 0.0475758 0.0465431 0.0507468 0.0568244 0.0630051 0.0588084 0.0500863 0.0580562 0.0626784 0.0630684 0.0488573 0.0957400 0.0459943 0.0540079 0.0643455 0.0724000 0.0437582 0.0451359 0.0424433 0.0469152 0.0764001 0.0462186 0.0677733 0.0704172 0.0630696 0.0601212 0.1338218 0.1265334 0.0645149 0.0738458 0.0702128 0.0563923 0.0511750 0.0638457 
I0188_135_Apodidae_Streptoprocne_zonaris               0.0406975 0.0587347 0.0555315 0.0000000 0.0592566 0.0557548 0.0633655 0.0468399 0.0535947 0.0698782 0.0691096 0.0442404 0.0643976 0.0560845 0.0596532 0.0601809 0.0466305 0.0347842 0.0603230 0.0374121 0.0584218 0.0431350 0.0619105 0.0404598 0.0407649 0.0382487 0.0548650 0.0418358 0.0676950 0.0705214 0.0728346 0.0423094 0.0595048 0.0576678 0.0479711 0.0487959 0.0536355 0.0709046 0.0604900 0.0660295 0.0594735 0.0750561 0.0616798 0.0575480 0.0905157 0.0914088 0.0887099 0.0703966 0.0679529 0.0541018 0.0567018 0.0478231 0.0611685 0.0579962 0.0400029 0.0556140 0.0594953 0.0593190 0.0545435 0.0444748 0.0421266 0.0609404 0.0215730 0.0437611 0.0409195 0.0759125 0.0587981 0.0657761 0.0561090 0.0417181 0.0468295 0.0695641 0.0650270 0.0466677 0.0654345 0.0682202 0.0628358 0.0579348 0.0464772 0.0434310 0.0571610 0.0653118 0.0453383 0.0415428 0.0425975 0.0549534 0.0580552 0.0633521 0.0613793 0.0399855 0.0376149 0.0504961 0.0749647 0.0538897 0.0531125 0.0465461 0.0382782 0.0614402 0.0494082 0.0639600 0.0662489 0.0398496 0.0675102 0.0418391 0.0420420 0.0409416 0.0606465 0.0549147 0.0642169 0.0450530 0.0420708 0.0477057 0.0569038 0.0725040 0.0448187 0.0580458 0.0717051 0.0432543 0.0378437 0.0644214 0.0591626 0.0415589 0.0671263 0.0704201 0.0546049 0.0404224 0.0436274 0.0384101 0.0598590 0.0231869 0.0538158 0.0674539 0.0402547 0.0689910 0.0450958 0.0423062 0.0382088 0.0533154 0.0684540 0.0680757 0.0435367 0.0647311 0.0449389 0.0534066 0.0479445 0.0382652 0.0426100 0.0561574 0.0432052 0.0874571 0.0596838 0.0480417 0.0399647 0.0618379 0.0757610 0.0598452 0.0594801 0.0361735 0.0422020 0.0441307 0.0437567 0.0437939 0.0468102 0.0528807 0.0579623 0.0567935 0.0462304 0.0554740 0.0612178 0.0605694 0.0448033 0.0937110 0.0435486 0.0512651 0.0608419 0.0698434 0.0397739 0.0422754 0.0385405 0.0450106 0.0733815 0.0431333 0.0683953 0.0683106 0.0624371 0.0581323 0.1309497 0.1231681 0.0634583 0.0745806 0.0697231 0.0521386 0.0501022 0.0619299 
I0189_225_Eurylaimidae_Smithornis_rufolateralis        0.0486433 0.0647864 0.0614513 0.0592566 0.0000000 0.0622471 0.0686445 0.0549143 0.0617796 0.0755386 0.0709362 0.0520346 0.0464374 0.0609701 0.0663858 0.0374413 0.0559946 0.0417354 0.0372753 0.0480109 0.0362078 0.0524484 0.0405120 0.0484919 0.0513197 0.0470793 0.0631968 0.0507549 0.0713649 0.0525006 0.0549382 0.0494331 0.0374810 0.0355002 0.0642580 0.0647887 0.0604784 0.0534075 0.0377370 0.0715884 0.0380291 0.0809410 0.0387416 0.0351774 0.0964404 0.0956012 0.0947279 0.0517966 0.0709607 0.0605497 0.0655499 0.0544065 0.0385353 0.0365722 0.0483581 0.0598669 0.0360650 0.0377752 0.0614077 0.0545494 0.0511029 0.0375582 0.0600761 0.0501200 0.0505104 0.0822262 0.0365007 0.0702032 0.0641510 0.0506174 0.0559110 0.0743961 0.0696982 0.0545948 0.0705400 0.0754420 0.0410427 0.0365202 0.0539940 0.0499809 0.0345507 0.0687618 0.0524066 0.0490989 0.0515482 0.0592189 0.0651466 0.0683998 0.0681140 0.0494567 0.0458306 0.0661792 0.0809393 0.0626361 0.0574183 0.0552889 0.0468861 0.0655937 0.0547648 0.0682669 0.0706983 0.0472042 0.0719034 0.0502764 0.0499706 0.0501476 0.0664049 0.0592155 0.0691512 0.0515195 0.0513129 0.0565573 0.0609258 0.0774656 0.0525842 0.0660435 0.0769764 0.0536130 0.0469999 0.0426892 0.0655063 0.0500046 0.0477341 0.0774039 0.0587589 0.0495457 0.0511295 0.0478468 0.0287208 0.0583713 0.0577240 0.0755377 0.0483371 0.0711967 0.0535894 0.0550144 0.0475006 0.0617781 0.0722545 0.0756500 0.0532246 0.0330475 0.0544620 0.0650092 0.0562320 0.0474168 0.0503781 0.0616503 0.0522585 0.0966413 0.0657612 0.0561707 0.0494611 0.0683389 0.0834627 0.0416534 0.0363631 0.0454647 0.0521841 0.0519676 0.0516020 0.0501824 0.0550423 0.0612722 0.0663532 0.0627283 0.0548938 0.0613630 0.0393305 0.0373955 0.0541876 0.0996541 0.0511687 0.0589842 0.0294858 0.0745663 0.0491933 0.0502816 0.0480386 0.0527532 0.0813779 0.0496500 0.0497758 0.0502403 0.0437051 0.0205610 0.1344023 0.1263603 0.0441828 0.0555058 0.0517148 0.0614838 0.0564256 0.0506016 
I0190_295_Trogonidae_Apaloderma_aequatoriale           0.0426679 0.0590708 0.0187536 0.0557548 0.0622471 0.0000000 0.0650625 0.0516954 0.0573853 0.0712432 0.0679151 0.0486604 0.0662456 0.0565605 0.0615969 0.0633062 0.0510739 0.0375470 0.0625119 0.0433508 0.0608453 0.0481211 0.0671432 0.0438538 0.0452623 0.0417796 0.0573030 0.0453238 0.0693672 0.0713868 0.0758874 0.0455198 0.0628980 0.0607486 0.0600430 0.0614219 0.0556569 0.0724085 0.0632031 0.0695183 0.0633916 0.0792885 0.0637893 0.0607801 0.0929899 0.0907001 0.0896561 0.0721186 0.0703868 0.0564025 0.0614011 0.0498027 0.0645337 0.0621725 0.0442859 0.0581340 0.0617246 0.0629881 0.0577390 0.0510872 0.0466636 0.0627469 0.0587290 0.0459241 0.0477331 0.0795988 0.0618974 0.0687419 0.0605359 0.0462915 0.0520682 0.0717673 0.0679367 0.0520741 0.0666960 0.0721829 0.0661203 0.0606052 0.0494714 0.0462706 0.0595380 0.0657915 0.0485503 0.0435324 0.0469962 0.0567922 0.0585059 0.0646115 0.0653219 0.0435525 0.0407627 0.0636112 0.0796436 0.0594233 0.0552753 0.0506353 0.0413461 0.0637896 0.0509255 0.0672939 0.0670147 0.0434636 0.0699548 0.0454676 0.0451341 0.0448811 0.0626156 0.0564891 0.0638772 0.0472670 0.0458542 0.0515277 0.0591576 0.0776991 0.0500371 0.0624459 0.0760714 0.0488420 0.0414600 0.0673383 0.0616507 0.0468657 0.0695800 0.0741492 0.0569367 0.0453255 0.0471340 0.0429632 0.0623155 0.0553044 0.0550103 0.0714586 0.0431366 0.0711334 0.0492089 0.0508943 0.0430700 0.0565210 0.0680760 0.0720884 0.0503495 0.0672261 0.0497295 0.0595261 0.0510452 0.0430415 0.0456642 0.0587327 0.0474124 0.0928157 0.0610204 0.0517403 0.0439932 0.0638086 0.0806278 0.0633173 0.0616295 0.0406979 0.0458164 0.0469059 0.0482757 0.0468699 0.0516153 0.0576420 0.0627091 0.0596393 0.0505205 0.0588701 0.0630617 0.0632582 0.0493753 0.0958131 0.0468926 0.0548075 0.0646958 0.0737199 0.0437376 0.0459948 0.0429413 0.0476478 0.0779036 0.0462907 0.0688056 0.0712582 0.0635403 0.0605959 0.1348852 0.1279661 0.0650754 0.0758696 0.0706618 0.0570273 0.0519930 0.0636415 
I0191_344_Indicatoridae_Indicator_exilis               0.0511892 0.0669687 0.0649782 0.0633655 0.0686445 0.0650625 0.0000000 0.0584130 0.0637230 0.0758994 0.0373914 0.0551507 0.0718296 0.0626942 0.0666474 0.0689784 0.0589414 0.0457177 0.0685856 0.0500699 0.0672185 0.0551021 0.0702290 0.0511357 0.0531980 0.0492238 0.0640592 0.0536108 0.0270150 0.0776048 0.0815742 0.0524474 0.0691996 0.0665767 0.0671308 0.0667465 0.0639983 0.0780834 0.0693622 0.0744564 0.0689975 0.0836346 0.0707258 0.0662901 0.0949252 0.0961828 0.0924916 0.0776008 0.0732063 0.0605373 0.0671416 0.0576386 0.0707099 0.0681999 0.0511853 0.0642158 0.0683086 0.0704905 0.0639094 0.0573323 0.0519238 0.0689983 0.0644360 0.0533462 0.0534442 0.0855367 0.0674904 0.0755944 0.0663065 0.0547192 0.0575665 0.0796936 0.0734861 0.0584821 0.0243049 0.0764792 0.0707390 0.0673456 0.0569948 0.0538414 0.0664868 0.0362799 0.0502857 0.0514424 0.0538237 0.0629833 0.0631498 0.0638161 0.0632440 0.0516188 0.0492249 0.0692372 0.0839094 0.0649181 0.0617712 0.0579841 0.0499211 0.0700590 0.0554299 0.0733379 0.0355329 0.0523490 0.0765585 0.0528785 0.0521665 0.0519943 0.0715961 0.0594854 0.0726569 0.0541413 0.0539921 0.0584458 0.0650403 0.0800462 0.0568490 0.0675773 0.0799483 0.0548469 0.0495055 0.0727035 0.0689449 0.0537354 0.0761142 0.0781068 0.0637120 0.0522402 0.0540413 0.0515044 0.0685834 0.0609807 0.0623054 0.0774014 0.0516581 0.0730802 0.0568146 0.0571424 0.0511640 0.0638569 0.0384747 0.0786950 0.0567829 0.0747456 0.0561621 0.0643628 0.0582203 0.0508222 0.0534533 0.0645763 0.0553978 0.0943427 0.0673128 0.0592967 0.0523076 0.0690232 0.0840046 0.0697329 0.0683160 0.0486038 0.0542064 0.0545549 0.0531503 0.0544348 0.0578697 0.0640025 0.0678318 0.0639989 0.0577600 0.0635926 0.0694365 0.0694125 0.0576039 0.0966266 0.0549216 0.0629706 0.0706976 0.0788529 0.0528874 0.0519181 0.0502472 0.0549269 0.0818346 0.0536110 0.0756519 0.0753912 0.0694527 0.0669909 0.1338816 0.1279857 0.0712289 0.0820828 0.0762415 0.0618060 0.0583630 0.0712167 
I0192_375_Musophagidae_Tauraco_macrorhynchus           0.0334381 0.0518553 0.0502919 0.0468399 0.0549143 0.0516954 0.0584130 0.0000000 0.0475676 0.0643516 0.0630589 0.0198330 0.0584985 0.0487861 0.0555710 0.0546138 0.0416699 0.0281941 0.0540773 0.0314929 0.0529677 0.0363696 0.0564008 0.0345489 0.0344460 0.0316916 0.0483185 0.0354869 0.0635894 0.0640098 0.0670272 0.0364873 0.0541994 0.0531503 0.0516167 0.0518972 0.0473596 0.0646146 0.0546474 0.0598722 0.0554704 0.0698343 0.0559713 0.0529169 0.0851642 0.0849698 0.0820766 0.0639101 0.0640879 0.0479928 0.0531456 0.0416892 0.0554383 0.0531103 0.0343261 0.0500838 0.0534812 0.0538386 0.0486458 0.0397160 0.0359299 0.0541745 0.0486046 0.0376543 0.0367358 0.0711856 0.0528396 0.0593528 0.0494950 0.0370460 0.0411193 0.0636363 0.0586515 0.0417159 0.0614064 0.0629128 0.0565662 0.0532759 0.0392337 0.0380252 0.0516253 0.0592264 0.0401283 0.0341045 0.0359987 0.0486934 0.0519796 0.0563352 0.0575012 0.0329709 0.0311742 0.0543702 0.0698947 0.0488474 0.0467789 0.0402767 0.0324220 0.0553796 0.0427804 0.0573605 0.0612363 0.0327890 0.0612169 0.0347592 0.0362582 0.0350292 0.0548429 0.0485951 0.0577340 0.0389501 0.0356422 0.0419835 0.0511999 0.0670376 0.0393771 0.0524560 0.0662915 0.0382384 0.0313757 0.0588482 0.0534757 0.0359576 0.0613956 0.0642508 0.0499282 0.0348181 0.0372892 0.0334712 0.0536760 0.0457756 0.0469289 0.0633706 0.0333337 0.0643094 0.0378574 0.0407636 0.0323932 0.0467728 0.0622148 0.0622470 0.0386544 0.0600818 0.0389701 0.0478688 0.0429158 0.0317905 0.0348999 0.0498858 0.0366838 0.0820435 0.0533681 0.0423085 0.0342458 0.0551975 0.0704663 0.0538685 0.0536435 0.0307065 0.0360526 0.0362384 0.0382093 0.0366623 0.0399644 0.0485770 0.0527653 0.0501406 0.0401476 0.0487738 0.0549902 0.0544737 0.0391039 0.0888770 0.0356514 0.0447754 0.0568288 0.0630194 0.0341087 0.0353819 0.0314318 0.0385811 0.0675921 0.0363956 0.0622330 0.0630472 0.0557781 0.0526148 0.1266098 0.1205849 0.0564414 0.0680388 0.0639602 0.0468555 0.0436204 0.0575861 
I0193_447_Columbidae_Treron_calvus                     0.0431268 0.0601608 0.0568842 0.0535947 0.0617796 0.0573853 0.0637230 0.0475676 0.0000000 0.0711799 0.0692366 0.0453774 0.0637370 0.0562173 0.0608902 0.0616262 0.0479057 0.0298267 0.0609457 0.0401948 0.0591612 0.0446868 0.0644297 0.0423038 0.0429072 0.0405128 0.0210415 0.0430757 0.0675557 0.0703980 0.0732497 0.0446511 0.0610584 0.0594645 0.0599363 0.0604843 0.0195775 0.0704329 0.0626312 0.0668326 0.0607239 0.0762204 0.0626345 0.0596668 0.0918386 0.0901648 0.0886246 0.0699552 0.0665730 0.0564139 0.0597308 0.0504362 0.0635679 0.0594850 0.0423195 0.0565908 0.0604130 0.0619331 0.0207213 0.0486673 0.0447503 0.0618927 0.0549245 0.0471489 0.0440870 0.0768775 0.0601809 0.0671984 0.0569539 0.0453062 0.0489235 0.0696876 0.0664015 0.0492398 0.0657771 0.0700432 0.0643829 0.0601169 0.0469928 0.0471455 0.0584332 0.0650601 0.0375423 0.0435184 0.0439936 0.0550148 0.0597157 0.0640780 0.0628828 0.0414218 0.0400503 0.0623710 0.0760980 0.0552725 0.0543974 0.0487267 0.0401299 0.0622535 0.0512125 0.0643979 0.0666168 0.0402703 0.0682805 0.0435762 0.0446382 0.0427063 0.0588175 0.0552754 0.0626120 0.0463103 0.0444523 0.0488253 0.0576565 0.0733627 0.0474966 0.0594350 0.0726169 0.0462325 0.0397426 0.0651171 0.0608202 0.0439527 0.0671912 0.0712591 0.0545644 0.0421919 0.0465644 0.0413162 0.0614004 0.0524835 0.0540174 0.0698997 0.0413544 0.0681275 0.0464908 0.0505404 0.0406178 0.0543767 0.0677477 0.0703110 0.0483460 0.0673141 0.0466928 0.0548585 0.0503606 0.0404395 0.0442381 0.0575772 0.0450159 0.0883821 0.0607271 0.0498576 0.0424139 0.0625176 0.0788739 0.0599252 0.0604812 0.0387328 0.0444572 0.0448575 0.0463430 0.0463236 0.0489210 0.0567843 0.0603274 0.0586202 0.0473995 0.0571890 0.0623941 0.0613615 0.0457140 0.0947939 0.0446588 0.0172453 0.0634777 0.0696562 0.0417856 0.0451438 0.0404651 0.0467580 0.0754568 0.0457504 0.0674528 0.0690315 0.0618747 0.0604621 0.1324285 0.1258475 0.0633431 0.0731846 0.0692808 0.0524522 0.0519070 0.0632484 
I0194_495_Alcedinidae_Alcedo_quadribrachys             0.0563957 0.0594536 0.0713695 0.0698782 0.0755386 0.0712432 0.0758994 0.0643516 0.0711799 0.0000000 0.0802094 0.0618921 0.0764295 0.0684786 0.0661016 0.0737944 0.0644739 0.0521054 0.0739848 0.0559498 0.0720202 0.0614604 0.0765249 0.0575984 0.0592858 0.0553977 0.0717472 0.0576260 0.0802925 0.0816483 0.0839055 0.0582282 0.0748422 0.0719791 0.0732780 0.0740051 0.0702086 0.0825131 0.0735310 0.0809145 0.0749615 0.0876642 0.0758031 0.0736851 0.1041069 0.1036582 0.1022963 0.0803972 0.0824825 0.0587612 0.0720093 0.0634277 0.0743175 0.0735711 0.0580183 0.0709405 0.0744971 0.0731522 0.0720247 0.0638456 0.0605029 0.0732815 0.0705425 0.0602686 0.0598680 0.0892382 0.0721108 0.0797829 0.0727748 0.0601375 0.0634030 0.0833577 0.0787168 0.0637983 0.0779150 0.0861401 0.0760777 0.0739261 0.0625231 0.0606718 0.0725577 0.0775247 0.0581261 0.0570925 0.0607432 0.0697703 0.0455332 0.0736296 0.0747429 0.0576834 0.0553335 0.0751947 0.0888969 0.0694335 0.0684992 0.0652886 0.0558684 0.0762265 0.0571474 0.0788898 0.0787494 0.0573895 0.0811065 0.0593794 0.0577617 0.0589683 0.0788662 0.0615317 0.0813078 0.0608677 0.0589659 0.0648831 0.0714795 0.0872719 0.0629910 0.0749231 0.0857244 0.0629398 0.0550048 0.0764756 0.0740083 0.0608399 0.0786435 0.0873381 0.0703566 0.0585321 0.0598653 0.0571399 0.0739363 0.0694959 0.0683038 0.0845954 0.0570212 0.0830436 0.0626348 0.0628662 0.0567098 0.0688410 0.0772544 0.0813528 0.0624961 0.0800271 0.0636014 0.0704672 0.0652436 0.0567159 0.0599406 0.0716123 0.0616548 0.1019824 0.0736444 0.0655466 0.0587070 0.0735928 0.0943791 0.0728920 0.0741462 0.0548839 0.0608897 0.0608079 0.0624068 0.0604019 0.0633715 0.0701184 0.0736529 0.0724262 0.0623458 0.0705159 0.0730267 0.0743910 0.0621973 0.1080717 0.0607694 0.0683930 0.0761955 0.0835419 0.0587113 0.0573893 0.0569549 0.0621497 0.0898130 0.0598834 0.0788579 0.0809832 0.0741617 0.0738651 0.1430828 0.1358978 0.0766122 0.0844650 0.0808552 0.0695032 0.0635266 0.0775049 
I0195_522_Ramphastidae_Buccanodon_duchaillui           0.0557565 0.0712497 0.0687005 0.0691096 0.0709362 0.0679151 0.0373914 0.0630589 0.0692366 0.0802094 0.0000000 0.0604212 0.0748748 0.0669631 0.0714270 0.0707172 0.0631965 0.0513007 0.0717369 0.0556566 0.0694722 0.0597992 0.0738502 0.0565275 0.0578677 0.0549646 0.0685787 0.0586807 0.0403464 0.0807703 0.0839534 0.0589988 0.0712752 0.0687456 0.0714086 0.0718902 0.0682963 0.0813936 0.0721468 0.0790122 0.0720672 0.0873660 0.0726860 0.0692744 0.0989070 0.0993503 0.0957037 0.0801058 0.0751560 0.0660374 0.0732453 0.0628640 0.0739442 0.0700643 0.0556322 0.0693767 0.0699269 0.0724472 0.0691250 0.0630010 0.0583095 0.0715496 0.0685794 0.0598983 0.0589298 0.0891967 0.0706710 0.0789086 0.0724798 0.0603195 0.0616179 0.0836436 0.0786632 0.0623370 0.0381385 0.0827138 0.0747131 0.0701639 0.0620568 0.0599487 0.0690112 0.0280195 0.0546543 0.0558635 0.0596604 0.0673809 0.0684149 0.0673606 0.0672681 0.0566028 0.0542576 0.0733420 0.0880192 0.0697841 0.0663816 0.0637323 0.0545375 0.0750454 0.0606692 0.0774541 0.0263971 0.0569689 0.0804494 0.0587227 0.0586602 0.0573917 0.0760109 0.0634995 0.0767116 0.0592514 0.0595680 0.0631049 0.0705097 0.0848960 0.0617355 0.0739601 0.0839781 0.0606061 0.0548115 0.0759968 0.0733301 0.0593185 0.0784036 0.0825817 0.0680652 0.0570680 0.0587987 0.0562840 0.0727899 0.0663178 0.0674063 0.0814237 0.0565769 0.0775696 0.0615711 0.0615432 0.0557365 0.0688071 0.0318888 0.0840351 0.0620639 0.0772081 0.0618205 0.0689738 0.0632445 0.0557916 0.0591732 0.0691099 0.0598736 0.0976170 0.0711812 0.0643355 0.0571592 0.0725114 0.0887857 0.0719669 0.0700292 0.0537832 0.0587843 0.0600548 0.0585943 0.0599920 0.0628302 0.0704591 0.0739845 0.0689698 0.0624604 0.0686537 0.0715795 0.0717130 0.0617553 0.1004505 0.0597812 0.0681416 0.0735788 0.0821053 0.0572044 0.0578925 0.0560131 0.0599604 0.0867789 0.0587752 0.0781735 0.0793495 0.0717859 0.0703609 0.1384003 0.1327281 0.0740936 0.0843664 0.0794285 0.0670898 0.0631080 0.0756113 
I0196_523_Musophagidae_Corythaeola_cristata            0.0315453 0.0496524 0.0474436 0.0442404 0.0520346 0.0486604 0.0551507 0.0198330 0.0453774 0.0618921 0.0604212 0.0000000 0.0570506 0.0461385 0.0523166 0.0526081 0.0389274 0.0254103 0.0531178 0.0289912 0.0514721 0.0341393 0.0546452 0.0307453 0.0321138 0.0287583 0.0459280 0.0333497 0.0601368 0.0631899 0.0658792 0.0335135 0.0520237 0.0512248 0.0484282 0.0491648 0.0456309 0.0633670 0.0525852 0.0578867 0.0531801 0.0679164 0.0538953 0.0515261 0.0819954 0.0831424 0.0799105 0.0627827 0.0605709 0.0457482 0.0495904 0.0394545 0.0538561 0.0515058 0.0316584 0.0476849 0.0520136 0.0525020 0.0470003 0.0376324 0.0336431 0.0532363 0.0458165 0.0348601 0.0341204 0.0694601 0.0515864 0.0569357 0.0470129 0.0330041 0.0383285 0.0615328 0.0556708 0.0395544 0.0575204 0.0597965 0.0552861 0.0509562 0.0366798 0.0354701 0.0493838 0.0563709 0.0368905 0.0321113 0.0334258 0.0459010 0.0483206 0.0536121 0.0538385 0.0302335 0.0281324 0.0515060 0.0682644 0.0468924 0.0444255 0.0372222 0.0285873 0.0522941 0.0400971 0.0541541 0.0573075 0.0293310 0.0580651 0.0319652 0.0326205 0.0312379 0.0522923 0.0457351 0.0544829 0.0353560 0.0329272 0.0392829 0.0488030 0.0653527 0.0366323 0.0496235 0.0641764 0.0347851 0.0282636 0.0561750 0.0503502 0.0334151 0.0591841 0.0616068 0.0473084 0.0316886 0.0344096 0.0300902 0.0519939 0.0434349 0.0440992 0.0599339 0.0304813 0.0608874 0.0361445 0.0378454 0.0290803 0.0435986 0.0593528 0.0594821 0.0369337 0.0578602 0.0372450 0.0454656 0.0401576 0.0286248 0.0319699 0.0461552 0.0341371 0.0808129 0.0507353 0.0397810 0.0310226 0.0531540 0.0675337 0.0516637 0.0525802 0.0274260 0.0333568 0.0339350 0.0354522 0.0337272 0.0366554 0.0451116 0.0490627 0.0472358 0.0383601 0.0457391 0.0530704 0.0535179 0.0372614 0.0856884 0.0324510 0.0431831 0.0546347 0.0605206 0.0307090 0.0331478 0.0286205 0.0363232 0.0651122 0.0334929 0.0609315 0.0614376 0.0547772 0.0512554 0.1222267 0.1171191 0.0555858 0.0667559 0.0614828 0.0437135 0.0408673 0.0547933 
I0197_832_Corvidae_Corvus_albus                        0.0504308 0.0691939 0.0651708 0.0643976 0.0464374 0.0662456 0.0718296 0.0584985 0.0637370 0.0764295 0.0748748 0.0570506 0.0000000 0.0657246 0.0693031 0.0463625 0.0588734 0.0459308 0.0447958 0.0507933 0.0437498 0.0557740 0.0485733 0.0520465 0.0549198 0.0510394 0.0655329 0.0540874 0.0738396 0.0299040 0.0334392 0.0527046 0.0447367 0.0427818 0.0694084 0.0697902 0.0631506 0.0310856 0.0463497 0.0748807 0.0455424 0.0846160 0.0460427 0.0423003 0.1009618 0.0991376 0.0977702 0.0300370 0.0760743 0.0630965 0.0673821 0.0568954 0.0476136 0.0433921 0.0524415 0.0629479 0.0426787 0.0459191 0.0646790 0.0576861 0.0541821 0.0452928 0.0641923 0.0537189 0.0546407 0.0859190 0.0433202 0.0743047 0.0686447 0.0554891 0.0593776 0.0780476 0.0734661 0.0575538 0.0732031 0.0797316 0.0491240 0.0435343 0.0589039 0.0535997 0.0417576 0.0726723 0.0537298 0.0513174 0.0554274 0.0614143 0.0672993 0.0717441 0.0707714 0.0529494 0.0496599 0.0716470 0.0844969 0.0653795 0.0607177 0.0591621 0.0506919 0.0703612 0.0589547 0.0714031 0.0743563 0.0515419 0.0766715 0.0534654 0.0528076 0.0535725 0.0698061 0.0613471 0.0722474 0.0561159 0.0545438 0.0599713 0.0635266 0.0809308 0.0571626 0.0700311 0.0806199 0.0579433 0.0507681 0.0503229 0.0696849 0.0542675 0.0347758 0.0817713 0.0620159 0.0534053 0.0553782 0.0517943 0.0488698 0.0632987 0.0623805 0.0794559 0.0518744 0.0768584 0.0575406 0.0594531 0.0514633 0.0661391 0.0746849 0.0793399 0.0573321 0.0551198 0.0569251 0.0651386 0.0593363 0.0513666 0.0546508 0.0662876 0.0558706 0.0961958 0.0685186 0.0593028 0.0533620 0.0705042 0.0880773 0.0321188 0.0432027 0.0494356 0.0548182 0.0559705 0.0558911 0.0553287 0.0593271 0.0653634 0.0695514 0.0670635 0.0580275 0.0658789 0.0470695 0.0451501 0.0579903 0.1022927 0.0552502 0.0619232 0.0489637 0.0787441 0.0532554 0.0540256 0.0514790 0.0561079 0.0857438 0.0547161 0.0293418 0.0281567 0.0135356 0.0462012 0.1385918 0.1316387 0.0320725 0.0344757 0.0295158 0.0645392 0.0608575 0.0531376 
I0198_937_Bucerotidae_Tockus_camurus                   0.0403841 0.0562598 0.0559830 0.0560845 0.0609701 0.0565605 0.0626942 0.0487861 0.0562173 0.0684786 0.0669631 0.0461385 0.0657246 0.0000000 0.0605069 0.0595052 0.0505367 0.0361682 0.0613757 0.0403265 0.0595688 0.0437704 0.0627213 0.0408131 0.0437685 0.0386553 0.0578063 0.0434761 0.0673810 0.0723975 0.0739078 0.0437786 0.0611704 0.0601097 0.0594791 0.0594241 0.0566545 0.0709677 0.0605907 0.0673564 0.0616087 0.0776469 0.0627555 0.0599008 0.0913015 0.0899558 0.0880630 0.0705434 0.0623067 0.0534355 0.0594178 0.0475688 0.0622329 0.0607590 0.0414601 0.0567797 0.0602443 0.0608413 0.0572783 0.0471147 0.0427505 0.0624304 0.0573254 0.0443803 0.0448234 0.0782864 0.0600974 0.0669457 0.0579417 0.0434464 0.0493027 0.0700880 0.0648551 0.0496287 0.0645349 0.0692886 0.0635253 0.0598800 0.0476401 0.0443879 0.0583643 0.0643993 0.0464267 0.0414628 0.0438339 0.0556547 0.0549301 0.0612108 0.0622471 0.0405930 0.0388455 0.0612887 0.0772250 0.0564846 0.0543742 0.0483665 0.0394419 0.0609294 0.0475024 0.0636111 0.0653628 0.0402668 0.0677570 0.0429817 0.0422298 0.0421361 0.0645332 0.0535107 0.0683427 0.0449323 0.0434975 0.0502296 0.0576925 0.0745769 0.0463112 0.0598141 0.0742328 0.0461546 0.0387148 0.0654095 0.0619211 0.0434758 0.0693457 0.0716209 0.0564493 0.0422085 0.0441879 0.0407259 0.0618359 0.0543244 0.0542989 0.0686935 0.0413481 0.0634473 0.0459299 0.0492411 0.0396281 0.0556859 0.0670035 0.0695976 0.0474372 0.0663629 0.0462296 0.0566629 0.0501448 0.0394873 0.0438666 0.0582780 0.0443525 0.0927704 0.0608322 0.0506704 0.0412054 0.0633832 0.0762986 0.0608379 0.0609052 0.0378860 0.0445593 0.0459096 0.0442537 0.0437465 0.0482269 0.0549632 0.0585162 0.0584851 0.0490951 0.0574130 0.0607545 0.0620377 0.0481549 0.0942540 0.0438400 0.0547192 0.0631419 0.0712365 0.0418787 0.0423974 0.0403766 0.0456140 0.0729939 0.0435924 0.0703008 0.0693820 0.0642583 0.0598986 0.1289152 0.1233395 0.0648123 0.0757515 0.0704779 0.0554427 0.0223743 0.0638570 
I0199_955_Meropidae_Merops_muelleri                    0.0477735 0.0586556 0.0617245 0.0596532 0.0663858 0.0615969 0.0666474 0.0555710 0.0608902 0.0661016 0.0714270 0.0523166 0.0693031 0.0605069 0.0000000 0.0642773 0.0549082 0.0424137 0.0661065 0.0468313 0.0644347 0.0506419 0.0671195 0.0477759 0.0503564 0.0467243 0.0616995 0.0505610 0.0708077 0.0749191 0.0775269 0.0497387 0.0657855 0.0647323 0.0651921 0.0639715 0.0606735 0.0756238 0.0661954 0.0722171 0.0669974 0.0821636 0.0680827 0.0648904 0.0962961 0.0968250 0.0942817 0.0745632 0.0726945 0.0526058 0.0643704 0.0538987 0.0664590 0.0655732 0.0488272 0.0621304 0.0651242 0.0657740 0.0627971 0.0545667 0.0508877 0.0658432 0.0611833 0.0513726 0.0513051 0.0826044 0.0648559 0.0715190 0.0639226 0.0510962 0.0558742 0.0748758 0.0709994 0.0552428 0.0688025 0.0758355 0.0683388 0.0644860 0.0542582 0.0516613 0.0632273 0.0688071 0.0503646 0.0486487 0.0508538 0.0614454 0.0565066 0.0655884 0.0638409 0.0479248 0.0451822 0.0671799 0.0825484 0.0626908 0.0584887 0.0558876 0.0457121 0.0671821 0.0483209 0.0695572 0.0702708 0.0477331 0.0727909 0.0502263 0.0494930 0.0493189 0.0691643 0.0514602 0.0718477 0.0525279 0.0514424 0.0554862 0.0631902 0.0789080 0.0536834 0.0645104 0.0785001 0.0536770 0.0462143 0.0686700 0.0670064 0.0506831 0.0714238 0.0772478 0.0613069 0.0489786 0.0516477 0.0478001 0.0651664 0.0579129 0.0603504 0.0753630 0.0478399 0.0731031 0.0522736 0.0553200 0.0469875 0.0599674 0.0697402 0.0746724 0.0539315 0.0714970 0.0530829 0.0617228 0.0565286 0.0470767 0.0500229 0.0640982 0.0513788 0.0953776 0.0650394 0.0569139 0.0485768 0.0667189 0.0824629 0.0643695 0.0658224 0.0449284 0.0506301 0.0517354 0.0524465 0.0509963 0.0543742 0.0610818 0.0656747 0.0649341 0.0541425 0.0622410 0.0645025 0.0656892 0.0534138 0.0998851 0.0509367 0.0586913 0.0680032 0.0761515 0.0489986 0.0495099 0.0465805 0.0515714 0.0796599 0.0505333 0.0724643 0.0736992 0.0669767 0.0645574 0.1371386 0.1291450 0.0675864 0.0779383 0.0730961 0.0605150 0.0557394 0.0675679 
I0200_988_Furnariidae_Furnarius_rufus                  0.0482908 0.0654112 0.0627042 0.0601809 0.0374413 0.0633062 0.0689784 0.0546138 0.0616262 0.0737944 0.0707172 0.0526081 0.0463625 0.0595052 0.0642773 0.0000000 0.0563192 0.0420062 0.0337910 0.0461630 0.0321498 0.0525739 0.0305023 0.0482162 0.0502228 0.0469524 0.0625453 0.0501227 0.0732723 0.0528668 0.0546618 0.0486815 0.0342592 0.0329972 0.0650531 0.0656940 0.0606280 0.0533246 0.0168295 0.0705948 0.0335388 0.0790603 0.0354387 0.0321547 0.0962111 0.0958498 0.0952477 0.0519114 0.0710271 0.0588934 0.0633319 0.0532701 0.0287757 0.0329414 0.0481616 0.0605814 0.0316978 0.0150697 0.0612269 0.0540887 0.0504574 0.0340346 0.0607082 0.0497615 0.0499160 0.0792971 0.0323579 0.0706622 0.0630459 0.0504114 0.0553859 0.0741296 0.0699601 0.0549931 0.0712345 0.0753250 0.0308938 0.0330535 0.0534666 0.0496677 0.0316194 0.0690683 0.0517492 0.0488105 0.0515308 0.0591561 0.0638114 0.0682944 0.0682916 0.0489902 0.0454047 0.0672151 0.0801122 0.0618760 0.0578599 0.0543219 0.0467909 0.0656147 0.0550701 0.0676632 0.0706577 0.0477183 0.0718746 0.0491489 0.0501955 0.0486523 0.0661222 0.0583544 0.0693975 0.0510273 0.0497774 0.0559774 0.0610981 0.0767117 0.0530556 0.0651857 0.0762921 0.0537628 0.0463756 0.0325534 0.0656441 0.0501732 0.0480831 0.0773922 0.0593361 0.0492483 0.0501711 0.0475666 0.0393679 0.0585697 0.0583421 0.0755629 0.0485220 0.0719909 0.0536185 0.0555095 0.0471053 0.0606491 0.0706136 0.0746425 0.0532300 0.0436676 0.0541648 0.0628858 0.0552511 0.0472945 0.0506476 0.0620072 0.0522496 0.0969884 0.0648016 0.0556186 0.0487600 0.0670618 0.0820515 0.0411287 0.0321751 0.0447018 0.0498434 0.0516910 0.0514548 0.0506295 0.0552073 0.0602396 0.0639135 0.0623945 0.0551743 0.0615263 0.0275130 0.0341865 0.0543428 0.0997196 0.0511638 0.0590826 0.0391978 0.0733394 0.0488261 0.0500407 0.0470106 0.0518467 0.0812864 0.0499026 0.0492806 0.0506103 0.0440849 0.0365630 0.1331562 0.1261159 0.0450240 0.0558758 0.0515298 0.0612209 0.0557024 0.0502736 
I0201_999_Scolopacidae_Tringa_solitaria                0.0345687 0.0540806 0.0507886 0.0466305 0.0559946 0.0510739 0.0589414 0.0416699 0.0479057 0.0644739 0.0631965 0.0389274 0.0588734 0.0505367 0.0549082 0.0563192 0.0000000 0.0294289 0.0557075 0.0326080 0.0537299 0.0300209 0.0586822 0.0350857 0.0298633 0.0326656 0.0491675 0.0311712 0.0616105 0.0646630 0.0682501 0.0372583 0.0562019 0.0537075 0.0513377 0.0524098 0.0474862 0.0661781 0.0565189 0.0601716 0.0562065 0.0695682 0.0568411 0.0543328 0.0832513 0.0846507 0.0824106 0.0642789 0.0640823 0.0485068 0.0520208 0.0419411 0.0573999 0.0547211 0.0345828 0.0500639 0.0550790 0.0567502 0.0489410 0.0419266 0.0360428 0.0557803 0.0480407 0.0387814 0.0367770 0.0708777 0.0548145 0.0601596 0.0499038 0.0363033 0.0412997 0.0634013 0.0588199 0.0432630 0.0605232 0.0635434 0.0588047 0.0543529 0.0407081 0.0387361 0.0531780 0.0601137 0.0413389 0.0351990 0.0290524 0.0488899 0.0524139 0.0573715 0.0577778 0.0332390 0.0322370 0.0538637 0.0689950 0.0299909 0.0472754 0.0418151 0.0319451 0.0555333 0.0436723 0.0576273 0.0612469 0.0326002 0.0613074 0.0308314 0.0364290 0.0348562 0.0554765 0.0498195 0.0575679 0.0395444 0.0310987 0.0416049 0.0514228 0.0665578 0.0386338 0.0528357 0.0654321 0.0376543 0.0319815 0.0598324 0.0539471 0.0364597 0.0610442 0.0655750 0.0491103 0.0350186 0.0380801 0.0336433 0.0557866 0.0452995 0.0478063 0.0635200 0.0337704 0.0650061 0.0312132 0.0413765 0.0329549 0.0481790 0.0624252 0.0632061 0.0405211 0.0620574 0.0308046 0.0303884 0.0430867 0.0328054 0.0361723 0.0501493 0.0292948 0.0753502 0.0547146 0.0419334 0.0345832 0.0561027 0.0727175 0.0544529 0.0556088 0.0307662 0.0366580 0.0381088 0.0380690 0.0386440 0.0407933 0.0486590 0.0520612 0.0509654 0.0122625 0.0495817 0.0560001 0.0557903 0.0132507 0.0876767 0.0368287 0.0455991 0.0574913 0.0626489 0.0346801 0.0362733 0.0327388 0.0402533 0.0688029 0.0382242 0.0631926 0.0639831 0.0570540 0.0535978 0.1272476 0.1202079 0.0583193 0.0674157 0.0636135 0.0291100 0.0457642 0.0568738 
I0202_1066_Cathartidae_Cathartes_burrovianus           0.0192402 0.0393805 0.0369064 0.0347842 0.0417354 0.0375470 0.0457177 0.0281941 0.0298267 0.0521054 0.0513007 0.0254103 0.0459308 0.0361682 0.0424137 0.0420062 0.0294289 0.0000000 0.0427636 0.0182039 0.0410014 0.0247124 0.0442878 0.0206749 0.0213674 0.0179364 0.0328148 0.0233237 0.0515798 0.0518336 0.0554969 0.0223502 0.0428090 0.0409316 0.0396779 0.0401500 0.0319998 0.0534213 0.0425232 0.0472640 0.0423901 0.0583778 0.0437359 0.0409172 0.0737192 0.0733429 0.0707399 0.0520829 0.0492646 0.0352934 0.0400449 0.0273218 0.0435809 0.0415870 0.0214090 0.0362309 0.0416437 0.0421900 0.0335023 0.0271241 0.0233278 0.0429091 0.0364996 0.0238096 0.0245195 0.0590609 0.0419215 0.0474528 0.0361162 0.0220839 0.0288412 0.0514386 0.0460258 0.0291300 0.0488216 0.0501378 0.0448808 0.0410817 0.0268852 0.0236086 0.0397696 0.0482760 0.0292162 0.0198934 0.0243184 0.0352376 0.0385930 0.0429351 0.0448958 0.0195976 0.0050863 0.0418064 0.0584432 0.0374678 0.0338564 0.0282663 0.0179902 0.0418718 0.0296135 0.0446451 0.0487262 0.0195777 0.0481269 0.0220157 0.0204424 0.0207722 0.0433263 0.0364285 0.0469748 0.0249861 0.0230599 0.0286920 0.0379847 0.0560423 0.0251199 0.0385961 0.0547848 0.0239557 0.0172016 0.0469394 0.0414293 0.0217779 0.0487892 0.0519325 0.0358952 0.0206759 0.0230963 0.0193339 0.0432734 0.0334767 0.0340792 0.0503862 0.0200808 0.0509726 0.0262868 0.0295935 0.0184546 0.0344917 0.0509730 0.0495890 0.0266975 0.0479937 0.0261521 0.0361196 0.0301476 0.0179331 0.0224863 0.0373142 0.0247056 0.0738516 0.0411742 0.0293817 0.0200756 0.0432298 0.0592186 0.0413085 0.0422425 0.0162485 0.0226760 0.0244502 0.0251378 0.0225921 0.0275640 0.0345635 0.0383372 0.0378135 0.0284292 0.0367737 0.0429938 0.0430198 0.0270507 0.0779794 0.0229631 0.0300940 0.0442578 0.0511674 0.0199261 0.0208728 0.0179220 0.0245971 0.0547617 0.0221123 0.0505761 0.0508214 0.0443211 0.0413688 0.1136501 0.1079414 0.0455814 0.0556261 0.0513417 0.0351368 0.0304204 0.0446103 
I0203_1087_Tyrannidae_Hymenops_perspicillatus          0.0478765 0.0667215 0.0626378 0.0603230 0.0372753 0.0625119 0.0685856 0.0540773 0.0609457 0.0739848 0.0717369 0.0531178 0.0447958 0.0613757 0.0661065 0.0337910 0.0557075 0.0427636 0.0000000 0.0472668 0.0121670 0.0530476 0.0368747 0.0486685 0.0509063 0.0473748 0.0622859 0.0503490 0.0719683 0.0506625 0.0512656 0.0488706 0.0227199 0.0205832 0.0659320 0.0657886 0.0606344 0.0509100 0.0335575 0.0725063 0.0203667 0.0818467 0.0198264 0.0204976 0.0968497 0.0951273 0.0945842 0.0496483 0.0723400 0.0602944 0.0652609 0.0545392 0.0345489 0.0206745 0.0485286 0.0601365 0.0210116 0.0336727 0.0607461 0.0555655 0.0507151 0.0096331 0.0611312 0.0504718 0.0503487 0.0824800 0.0200935 0.0717986 0.0649936 0.0520459 0.0550627 0.0762396 0.0708014 0.0558484 0.0700899 0.0770264 0.0370690 0.0192472 0.0541606 0.0506091 0.0185853 0.0698461 0.0526684 0.0482986 0.0518468 0.0588625 0.0645584 0.0685779 0.0693434 0.0487781 0.0458867 0.0674738 0.0807226 0.0634470 0.0574625 0.0541929 0.0466415 0.0672206 0.0563672 0.0692773 0.0717675 0.0482489 0.0730323 0.0506677 0.0499361 0.0501457 0.0675490 0.0595758 0.0696699 0.0522403 0.0516158 0.0561517 0.0607009 0.0783491 0.0533887 0.0673502 0.0782642 0.0536899 0.0473373 0.0368923 0.0656084 0.0510245 0.0466304 0.0791930 0.0579145 0.0497098 0.0510769 0.0473781 0.0387761 0.0589501 0.0580555 0.0767806 0.0489018 0.0736749 0.0544446 0.0560486 0.0473506 0.0621240 0.0726163 0.0731591 0.0542265 0.0441343 0.0547352 0.0633424 0.0563675 0.0470975 0.0503004 0.0627177 0.0526607 0.0946289 0.0636798 0.0561719 0.0497286 0.0663186 0.0847743 0.0399526 0.0210887 0.0457858 0.0519279 0.0510521 0.0521650 0.0506492 0.0551370 0.0607462 0.0661334 0.0631324 0.0552346 0.0620643 0.0352802 0.0115956 0.0544971 0.0989600 0.0513419 0.0581229 0.0387953 0.0760552 0.0489389 0.0508510 0.0476756 0.0526296 0.0825465 0.0497379 0.0479281 0.0492163 0.0420416 0.0359235 0.1339036 0.1271421 0.0427183 0.0532616 0.0502213 0.0615508 0.0570607 0.0494532 
I0204_1174_Threskiornithidae_Harpiprion_caerulescens   0.0240877 0.0445796 0.0425775 0.0374121 0.0480109 0.0433508 0.0500699 0.0314929 0.0401948 0.0559498 0.0556566 0.0289912 0.0507933 0.0403265 0.0468313 0.0461630 0.0326080 0.0182039 0.0472668 0.0000000 0.0449658 0.0275758 0.0485646 0.0248403 0.0243945 0.0202368 0.0403740 0.0261943 0.0552114 0.0569906 0.0610114 0.0267080 0.0466347 0.0453694 0.0433815 0.0442155 0.0401039 0.0591426 0.0473844 0.0517262 0.0469820 0.0609380 0.0483403 0.0458004 0.0766037 0.0757018 0.0744791 0.0576564 0.0539422 0.0406635 0.0432956 0.0325523 0.0480562 0.0460519 0.0218633 0.0408887 0.0466782 0.0472002 0.0409863 0.0296879 0.0243148 0.0471615 0.0399696 0.0280993 0.0270346 0.0623646 0.0463312 0.0509941 0.0398675 0.0241802 0.0320043 0.0557018 0.0485649 0.0316405 0.0532513 0.0535158 0.0498498 0.0456542 0.0295023 0.0285319 0.0442425 0.0516524 0.0336849 0.0251934 0.0274828 0.0393605 0.0434455 0.0485283 0.0507340 0.0212550 0.0203696 0.0463322 0.0624515 0.0405508 0.0379856 0.0311238 0.0212373 0.0447407 0.0341192 0.0479731 0.0532225 0.0227747 0.0524619 0.0254154 0.0256906 0.0232428 0.0474512 0.0411284 0.0513035 0.0287191 0.0267033 0.0323227 0.0420250 0.0597980 0.0268890 0.0427184 0.0586576 0.0278229 0.0197168 0.0515963 0.0456791 0.0236521 0.0546804 0.0552031 0.0400592 0.0223085 0.0274734 0.0216025 0.0469739 0.0368462 0.0376358 0.0531427 0.0213933 0.0552992 0.0291339 0.0321190 0.0206948 0.0378498 0.0558884 0.0543382 0.0294604 0.0523503 0.0291878 0.0394290 0.0336171 0.0204325 0.0259155 0.0421311 0.0281088 0.0762379 0.0445375 0.0327947 0.0227864 0.0471845 0.0618899 0.0457350 0.0468425 0.0185154 0.0244911 0.0272893 0.0263066 0.0272982 0.0304706 0.0378761 0.0429422 0.0423236 0.0315361 0.0413199 0.0475350 0.0473608 0.0299811 0.0809577 0.0265254 0.0373171 0.0483874 0.0553152 0.0226399 0.0263811 0.0204229 0.0288996 0.0583590 0.0270096 0.0556279 0.0556955 0.0496499 0.0451359 0.1191130 0.1135602 0.0512124 0.0612664 0.0560601 0.0378117 0.0349728 0.0495048 
