35
Burramyidae_Burramys_parvus                  0.0000000 0.1165059 0.0596497 0.0680324 0.0742687 0.1087409 0.0492925 0.0430208 0.0650248 0.1092917 0.0430785 0.1009602 0.1001226 0.0468584 0.0534716 0.1006727 0.1032268 0.0889461 0.1155900 0.0656572 0.0566144 0.1317695 0.1419952 0.1024757 0.0641629 0.1111960 0.0531943 0.0568210 0.0606670 0.0918879 0.0601996 0.0466121 0.1006494 0.1059119 0.1110535 
Notoryctidae_Notoryctes_typhlops             0.1165059 0.0000000 0.0838591 0.1109504 0.1168106 0.1223934 0.0974600 0.0918797 0.1043304 0.1030237 0.0929310 0.1172265 0.1129799 0.0873674 0.0924930 0.1179566 0.1206922 0.1017954 0.1068073 0.1014258 0.0981716 0.1256755 0.1309758 0.1253869 0.1105070 0.1157635 0.1006400 0.0932609 0.1167980 0.1351899 0.0903378 0.0910456 0.0960434 0.1220801 0.1062025 
Vombatidae_Lasiorhinus_latifrons             0.0596497 0.0838591 0.0000000 0.0728131 0.0775757 0.0944826 0.0458773 0.0440603 0.0690265 0.0788749 0.0469781 0.0823700 0.0820506 0.0455492 0.0465477 0.0852130 0.0881724 0.0781519 0.0922104 0.0646664 0.0525563 0.1106865 0.1195855 0.0871876 0.0669840 0.0921168 0.0521109 0.0589255 0.0612298 0.0865071 0.0519675 0.0474151 0.0831146 0.0984326 0.0847230 
Potoroidae_Bettongia_penicillata             0.0680324 0.1109504 0.0728131 0.0000000 0.0037698 0.1109499 0.0481956 0.0474571 0.0077262 0.1146324 0.0475593 0.1030917 0.0965930 0.0522380 0.0598377 0.1046288 0.1070012 0.0857378 0.1202191 0.0172938 0.0717105 0.1387155 0.1340621 0.1045251 0.0289744 0.1093858 0.0643253 0.0145949 0.0788267 0.0914134 0.0615562 0.0537710 0.1100252 0.1079753 0.1191724 
Potoroidae_Bettongia_lesueur                 0.0742687 0.1168106 0.0775757 0.0037698 0.0000000 0.1166899 0.0539434 0.0541614 0.0095743 0.1181440 0.0550543 0.1110887 0.1037796 0.0593260 0.0664140 0.1111551 0.1142863 0.0949148 0.1229239 0.0203489 0.0786504 0.1455408 0.1378452 0.1112008 0.0341683 0.1172915 0.0691296 0.0165220 0.0804987 0.0969903 0.0702779 0.0609101 0.1149278 0.1137321 0.1219030 
Dasyuridae_Dasyurus_maculatus                0.1087409 0.1223934 0.0944826 0.1109499 0.1166899 0.0000000 0.0935316 0.0872234 0.1085606 0.1213209 0.0898372 0.0114790 0.0205884 0.0861851 0.0850695 0.0113024 0.0041076 0.0180817 0.1240591 0.1058103 0.1000595 0.1464108 0.1485056 0.0124969 0.1091144 0.1165904 0.0932055 0.1009019 0.1096352 0.1186885 0.0960631 0.0878321 0.1137849 0.0052048 0.1268677 
Phalangeridae_Trichosurus_vulpecula          0.0492925 0.0974600 0.0458773 0.0481956 0.0539434 0.0935316 0.0000000 0.0113227 0.0451430 0.0834636 0.0112634 0.0753913 0.0750047 0.0116534 0.0430353 0.0773991 0.0876114 0.0660393 0.0945540 0.0427751 0.0431260 0.1137182 0.1241180 0.0805734 0.0444874 0.0935162 0.0416257 0.0390133 0.0468366 0.0657207 0.0464233 0.0126410 0.0835806 0.0960894 0.0880668 
Phalangeridae_Spilocuscus_maculatus          0.0430208 0.0918797 0.0440603 0.0474571 0.0541614 0.0872234 0.0113227 0.0000000 0.0461433 0.0877691 0.0050255 0.0711694 0.0705657 0.0050080 0.0385692 0.0721831 0.0819485 0.0596712 0.0948882 0.0420898 0.0385547 0.1116366 0.1180799 0.0740666 0.0412504 0.0840426 0.0357855 0.0377366 0.0433327 0.0562403 0.0462814 0.0053246 0.0820514 0.0866169 0.0922860 
Potoroidae_Aepyprymnus_rufescens             0.0650248 0.1043304 0.0690265 0.0077262 0.0095743 0.1085606 0.0451430 0.0461433 0.0000000 0.1092472 0.0478048 0.1055881 0.0969825 0.0485177 0.0585966 0.1071263 0.1089544 0.0868453 0.1140929 0.0169345 0.0669713 0.1307571 0.1261149 0.1060621 0.0303843 0.1093086 0.0625523 0.0138650 0.0728224 0.0914714 0.0564352 0.0499703 0.1056159 0.1102309 0.1138044 
Peramelidae_Perameles_nasuta                 0.1092917 0.1030237 0.0788749 0.1146324 0.1181440 0.1213209 0.0834636 0.0877691 0.1092472 0.0000000 0.0890873 0.1052501 0.1029186 0.0866489 0.0878111 0.1045031 0.1086139 0.0966773 0.0076933 0.1084192 0.0954188 0.1341059 0.1438923 0.1114139 0.1113114 0.1193692 0.0936993 0.0968022 0.0997500 0.1238921 0.0922348 0.0868448 0.0068658 0.1172658 0.0003827 
Phalangeridae_Strigocuscus_pelengensis       0.0430785 0.0929310 0.0469781 0.0475593 0.0550543 0.0898372 0.0112634 0.0050255 0.0478048 0.0890873 0.0000000 0.0752371 0.0736425 0.0056168 0.0413194 0.0772643 0.0848251 0.0617022 0.0971507 0.0426453 0.0425130 0.1123229 0.1208114 0.0781687 0.0416749 0.0858186 0.0387186 0.0397205 0.0459044 0.0574809 0.0452258 0.0054654 0.0837617 0.0874633 0.0939111 
Dasyuridae_Phascogale_tapoatafa              0.1009602 0.1172265 0.0823700 0.1030917 0.1110887 0.0114790 0.0753913 0.0711694 0.1055881 0.1052501 0.0752371 0.0000000 0.0154237 0.0740665 0.0843017 0.0019142 0.0113095 0.0131222 0.1130989 0.1026728 0.0942751 0.1324389 0.1371855 0.0063931 0.1038407 0.1080542 0.0900905 0.0982431 0.0999904 0.1090012 0.0926035 0.0758956 0.1039896 0.0126425 0.1117814 
Dasyuridae_Sminthopsis_macroura              0.1001226 0.1129799 0.0820506 0.0965930 0.1037796 0.0205884 0.0750047 0.0705657 0.0969825 0.1029186 0.0736425 0.0154237 0.0000000 0.0741975 0.0799964 0.0149979 0.0179920 0.0093158 0.1077686 0.0912296 0.0887896 0.1334404 0.1377004 0.0171987 0.0879098 0.1125279 0.0857772 0.0867205 0.0935525 0.1062714 0.0858852 0.0764903 0.0976557 0.0197152 0.1077382 
Phalangeridae_Phalanger_orientalis           0.0468584 0.0873674 0.0455492 0.0522380 0.0593260 0.0861851 0.0116534 0.0050080 0.0485177 0.0866489 0.0056168 0.0740665 0.0741975 0.0000000 0.0401661 0.0758674 0.0840611 0.0619328 0.0973396 0.0418116 0.0410894 0.1088379 0.1200072 0.0741909 0.0415481 0.0905354 0.0376651 0.0403377 0.0439173 0.0593412 0.0443409 0.0018208 0.0828539 0.0872125 0.0911650 
Acrobatidae_Acrobates_pygmaeus               0.0534716 0.0924930 0.0465477 0.0598377 0.0664140 0.0850695 0.0430353 0.0385692 0.0585966 0.0878111 0.0413194 0.0843017 0.0799964 0.0401661 0.0000000 0.0841135 0.0826940 0.0675962 0.0967870 0.0518807 0.0373051 0.1182168 0.1258130 0.0894883 0.0560833 0.0900490 0.0364924 0.0475901 0.0404172 0.0594725 0.0218345 0.0414088 0.0860389 0.0865857 0.0922181 
Dasyuridae_Phascogale_calura                 0.1006727 0.1179566 0.0852130 0.1046288 0.1111551 0.0113024 0.0773991 0.0721831 0.1071263 0.1045031 0.0772643 0.0019142 0.0149979 0.0758674 0.0841135 0.0000000 0.0101442 0.0129560 0.1114533 0.1055548 0.0910280 0.1279599 0.1324769 0.0052060 0.1045336 0.1108615 0.0899174 0.0974440 0.0979643 0.1094132 0.0938893 0.0769170 0.1045623 0.0106101 0.1110676 
Dasyuridae_Sarcophilus_harrisii              0.1032268 0.1206922 0.0881724 0.1070012 0.1142863 0.0041076 0.0876114 0.0819485 0.1089544 0.1086139 0.0848251 0.0113095 0.0179920 0.0840611 0.0826940 0.0101442 0.0000000 0.0160298 0.1126200 0.1076397 0.0982682 0.1385516 0.1412565 0.0116725 0.1051546 0.1152290 0.0922627 0.0996951 0.1064786 0.1150240 0.0931035 0.0850888 0.1075590 0.0036847 0.1141943 
Dasyuridae_Planigale_tenuirostris            0.0889461 0.1017954 0.0781519 0.0857378 0.0949148 0.0180817 0.0660393 0.0596712 0.0868453 0.0966773 0.0617022 0.0131222 0.0093158 0.0619328 0.0675962 0.0129560 0.0160298 0.0000000 0.1022871 0.0803514 0.0840525 0.1230387 0.1279544 0.0148667 0.0790744 0.1037926 0.0826507 0.0753202 0.0894177 0.1011176 0.0710195 0.0615742 0.0910855 0.0187855 0.1017918 
Peramelidae_Echymipera_kalubu                0.1155900 0.1068073 0.0922104 0.1202191 0.1229239 0.1240591 0.0945540 0.0948882 0.1140929 0.0076933 0.0971507 0.1130989 0.1077686 0.0973396 0.0967870 0.1114533 0.1126200 0.1022871 0.0000000 0.1122253 0.1041952 0.1325491 0.1391029 0.1155700 0.1162862 0.1280132 0.1025499 0.0988903 0.1075184 0.1341878 0.1005141 0.0974887 0.0066396 0.1200319 0.0073905 
Macropodidae_Dorcopsulus_vanheurni           0.0656572 0.1014258 0.0646664 0.0172938 0.0203489 0.1058103 0.0427751 0.0420898 0.0169345 0.1084192 0.0426453 0.1026728 0.0912296 0.0418116 0.0518807 0.1055548 0.1076397 0.0803514 0.1122253 0.0000000 0.0661275 0.1315548 0.1323399 0.1068411 0.0303478 0.1060952 0.0625096 0.0055492 0.0668455 0.0849461 0.0564931 0.0442022 0.0975279 0.1059486 0.1129533 
Pseudochiridae_Pseudochirulus_forbesi        0.0566144 0.0981716 0.0525563 0.0717105 0.0786504 0.1000595 0.0431260 0.0385547 0.0669713 0.0954188 0.0425130 0.0942751 0.0887896 0.0410894 0.0373051 0.0910280 0.0982682 0.0840525 0.1041952 0.0661275 0.0000000 0.1227485 0.1325722 0.0936212 0.0627057 0.1087574 0.0228268 0.0563766 0.0121585 0.0617629 0.0444113 0.0413968 0.0888351 0.1016035 0.0998450 
Didelphidae_Didelphis_virginiana             0.1317695 0.1256755 0.1106865 0.1387155 0.1455408 0.1464108 0.1137182 0.1116366 0.1307571 0.1341059 0.1123229 0.1324389 0.1334404 0.1088379 0.1182168 0.1279599 0.1385516 0.1230387 0.1325491 0.1315548 0.1227485 0.0000000 0.0190492 0.1320896 0.1340878 0.1246576 0.1229571 0.1283389 0.1408289 0.1520761 0.1190968 0.1096945 0.1261557 0.1454736 0.1378451 
Marmosidae_Monodelphis_domestica             0.1419952 0.1309758 0.1195855 0.1340621 0.1378452 0.1485056 0.1241180 0.1180799 0.1261149 0.1438923 0.1208114 0.1371855 0.1377004 0.1200072 0.1258130 0.1324769 0.1412565 0.1279544 0.1391029 0.1323399 0.1325722 0.0190492 0.0000000 0.1376671 0.1358289 0.1383387 0.1286889 0.1284234 0.1415847 0.1626244 0.1294388 0.1206434 0.1356099 0.1443317 0.1468582 
Dasyuridae_Antechinus_stuartii               0.1024757 0.1253869 0.0871876 0.1045251 0.1112008 0.0124969 0.0805734 0.0740666 0.1060621 0.1114139 0.0781687 0.0063931 0.0171987 0.0741909 0.0894883 0.0052060 0.0116725 0.0148667 0.1155700 0.1068411 0.0936212 0.1320896 0.1376671 0.0000000 0.1079586 0.1233409 0.0885253 0.0970898 0.1002010 0.1071881 0.0891009 0.0752815 0.1080111 0.0121747 0.1182216 
Hypsiprymnodontidae_Hypsiprymnodon_moschatus 0.0641629 0.1105070 0.0669840 0.0289744 0.0341683 0.1091144 0.0444874 0.0412504 0.0303843 0.1113114 0.0416749 0.1038407 0.0879098 0.0415481 0.0560833 0.1045336 0.1051546 0.0790744 0.1162862 0.0303478 0.0627057 0.1340878 0.1358289 0.1079586 0.0000000 0.1026685 0.0552436 0.0255480 0.0618662 0.0897573 0.0537598 0.0443894 0.1076474 0.1085480 0.1157001 
Microbiotheriidae_Dromiciops_gliroides       0.1111960 0.1157635 0.0921168 0.1093858 0.1172915 0.1165904 0.0935162 0.0840426 0.1093086 0.1193692 0.0858186 0.1080542 0.1125279 0.0905354 0.0900490 0.1108615 0.1152290 0.1037926 0.1280132 0.1060952 0.1087574 0.1246576 0.1383387 0.1233409 0.1026685 0.0000000 0.0988587 0.0976395 0.1176868 0.1245526 0.0942559 0.0881218 0.1149213 0.1163698 0.1252876 
Pseudochiridae_Petauroides_volans            0.0531943 0.1006400 0.0521109 0.0643253 0.0691296 0.0932055 0.0416257 0.0357855 0.0625523 0.0936993 0.0387186 0.0900905 0.0857772 0.0376651 0.0364924 0.0899174 0.0922627 0.0826507 0.1025499 0.0625096 0.0228268 0.1229571 0.1286889 0.0885253 0.0552436 0.0988587 0.0000000 0.0567454 0.0200121 0.0487433 0.0409835 0.0417828 0.0925282 0.0948550 0.0994733 
Macropodidae_Wallabia_bicolor                0.0568210 0.0932609 0.0589255 0.0145949 0.0165220 0.1009019 0.0390133 0.0377366 0.0138650 0.0968022 0.0397205 0.0982431 0.0867205 0.0403377 0.0475901 0.0974440 0.0996951 0.0753202 0.0988903 0.0055492 0.0563766 0.1283389 0.1284234 0.0970898 0.0255480 0.0976395 0.0567454 0.0000000 0.0606957 0.0855020 0.0496062 0.0401436 0.0888004 0.0975682 0.1014405 
Pseudochiridae_Pseudocheirus_occidentalis    0.0606670 0.1167980 0.0612298 0.0788267 0.0804987 0.1096352 0.0468366 0.0433327 0.0728224 0.0997500 0.0459044 0.0999904 0.0935525 0.0439173 0.0404172 0.0979643 0.1064786 0.0894177 0.1075184 0.0668455 0.0121585 0.1408289 0.1415847 0.1002010 0.0618662 0.1176868 0.0200121 0.0606957 0.0000000 0.0645836 0.0482509 0.0490603 0.1008048 0.1131030 0.0992632 
Tarsipedidae_Tarsipes_rostratus              0.0918879 0.1351899 0.0865071 0.0914134 0.0969903 0.1186885 0.0657207 0.0562403 0.0914714 0.1238921 0.0574809 0.1090012 0.1062714 0.0593412 0.0594725 0.1094132 0.1150240 0.1011176 0.1341878 0.0849461 0.0617629 0.1520761 0.1626244 0.1071881 0.0897573 0.1245526 0.0487433 0.0855020 0.0645836 0.0000000 0.0730447 0.0616640 0.1247482 0.1159415 0.1301736 
Acrobatidae_Distoechurus_pennatus            0.0601996 0.0903378 0.0519675 0.0615562 0.0702779 0.0960631 0.0464233 0.0462814 0.0564352 0.0922348 0.0452258 0.0926035 0.0858852 0.0443409 0.0218345 0.0938893 0.0931035 0.0710195 0.1005141 0.0564931 0.0444113 0.1190968 0.1294388 0.0891009 0.0537598 0.0942559 0.0409835 0.0496062 0.0482509 0.0730447 0.0000000 0.0471831 0.0857174 0.0975950 0.0973468 
Phalangeridae_Phalanger_carmelitae           0.0466121 0.0910456 0.0474151 0.0537710 0.0609101 0.0878321 0.0126410 0.0053246 0.0499703 0.0868448 0.0054654 0.0758956 0.0764903 0.0018208 0.0414088 0.0769170 0.0850888 0.0615742 0.0974887 0.0442022 0.0413968 0.1096945 0.1206434 0.0752815 0.0443894 0.0881218 0.0417828 0.0401436 0.0490603 0.0616640 0.0471831 0.0000000 0.0831394 0.0895167 0.0913405 
Peramelidae_Peroryctes_raffrayana            0.1006494 0.0960434 0.0831146 0.1100252 0.1149278 0.1137849 0.0835806 0.0820514 0.1056159 0.0068658 0.0837617 0.1039896 0.0976557 0.0828539 0.0860389 0.1045623 0.1075590 0.0910855 0.0066396 0.0975279 0.0888351 0.1261557 0.1356099 0.1080111 0.1076474 0.1149213 0.0925282 0.0888004 0.1008048 0.1247482 0.0857174 0.0831394 0.0000000 0.1112219 0.0066879 
Dasyuridae_Dasyurus_geffroii                 0.1059119 0.1220801 0.0984326 0.1079753 0.1137321 0.0052048 0.0960894 0.0866169 0.1102309 0.1172658 0.0874633 0.0126425 0.0197152 0.0872125 0.0865857 0.0106101 0.0036847 0.0187855 0.1200319 0.1059486 0.1016035 0.1454736 0.1443317 0.0121747 0.1085480 0.1163698 0.0948550 0.0975682 0.1131030 0.1159415 0.0975950 0.0895167 0.1112219 0.0000000 0.1227323 
Peramelidae_Perameles_gunnii                 0.1110535 0.1062025 0.0847230 0.1191724 0.1219030 0.1268677 0.0880668 0.0922860 0.1138044 0.0003827 0.0939111 0.1117814 0.1077382 0.0911650 0.0922181 0.1110676 0.1141943 0.1017918 0.0073905 0.1129533 0.0998450 0.1378451 0.1468582 0.1182216 0.1157001 0.1252876 0.0994733 0.1014405 0.0992632 0.1301736 0.0973468 0.0913405 0.0066879 0.1227323 0.0000000 
