35
Burramyidae_Burramys_parvus                  0.0000000 0.0946337 0.0578473 0.0623590 0.0635736 0.0922865 0.0500862 0.0493965 0.0603441 0.0873896 0.0443733 0.0914571 0.0877473 0.0497356 0.0592810 0.0919495 0.0862614 0.0962152 0.0936609 0.0619726 0.1090874 0.1089677 0.0912531 0.0564630 0.0969017 0.0575669 0.0632563 0.0611257 0.0756914 0.0633661 0.0454902 0.0999723 0.0893208 0.0911361 0.0614635 
Notoryctidae_Notoryctes_typhlops             0.0946337 0.0000000 0.0883586 0.0945830 0.0966831 0.1063201 0.0875054 0.0879896 0.0946014 0.1025671 0.0830243 0.1088057 0.1074785 0.0869431 0.0956101 0.1091502 0.1037039 0.1219727 0.1056300 0.0989103 0.1307363 0.1366869 0.1080005 0.0903555 0.1211556 0.0930068 0.1016152 0.1027310 0.1123069 0.0981065 0.0830146 0.1163802 0.1069323 0.1016172 0.1061348 
Vombatidae_Lasiorhinus_latifrons             0.0578473 0.0883586 0.0000000 0.0681530 0.0693743 0.0884808 0.0555953 0.0530811 0.0656289 0.0837268 0.0480281 0.0928836 0.0919975 0.0518157 0.0593620 0.0932011 0.0853146 0.0933786 0.0838312 0.0677990 0.1065717 0.1141097 0.0902488 0.0594263 0.0969439 0.0608440 0.0706091 0.0625143 0.0754533 0.0649534 0.0502418 0.0951229 0.0883093 0.0841621 0.0657784 
Potoroidae_Bettongia_penicillata             0.0623590 0.0945830 0.0681530 0.0000000 0.0046342 0.0908543 0.0599034 0.0595794 0.0122723 0.0952910 0.0539746 0.0963073 0.0948575 0.0597057 0.0682492 0.0971940 0.0882380 0.0992888 0.1002286 0.0271100 0.1212659 0.1244551 0.0946805 0.0416594 0.1029849 0.0614608 0.0284727 0.0716528 0.0828229 0.0712811 0.0557235 0.1092849 0.0917369 0.0972731 0.0733738 
Potoroidae_Bettongia_lesueur                 0.0635736 0.0966831 0.0693743 0.0046342 0.0000000 0.0938982 0.0610593 0.0607584 0.0132349 0.0979002 0.0551301 0.0994256 0.0979029 0.0608564 0.0685502 0.1002751 0.0912608 0.1019981 0.1027915 0.0267902 0.1246541 0.1256542 0.0977764 0.0427449 0.1057269 0.0626292 0.0281425 0.0737089 0.0847658 0.0717582 0.0560725 0.1128206 0.0947886 0.0998380 0.0741241 
Dasyuridae_Dasyurus_maculatus                0.0922865 0.1063201 0.0884808 0.0908543 0.0938982 0.0000000 0.0862024 0.0861278 0.0909707 0.1022223 0.0785166 0.0236280 0.0293152 0.0845957 0.0942041 0.0252177 0.0094104 0.0329121 0.1049789 0.0974846 0.1294479 0.1346241 0.0242603 0.0878413 0.1194328 0.0934192 0.0996730 0.0946513 0.1118691 0.0996396 0.0806969 0.1155284 0.0081296 0.1017603 0.1052636 
Phalangeridae_Trichosurus_vulpecula          0.0500862 0.0875054 0.0555953 0.0599034 0.0610593 0.0862024 0.0000000 0.0258226 0.0605668 0.0847779 0.0209954 0.0891449 0.0877878 0.0241602 0.0564446 0.0890196 0.0847534 0.0925605 0.0880284 0.0626452 0.1049859 0.1094368 0.0894186 0.0543890 0.0975777 0.0556275 0.0657793 0.0648700 0.0753018 0.0606278 0.0221454 0.1023391 0.0878698 0.0859076 0.0665622 
Phalangeridae_Spilocuscus_maculatus          0.0493965 0.0879896 0.0530811 0.0595794 0.0607584 0.0861278 0.0258226 0.0000000 0.0583493 0.0863488 0.0121881 0.0876375 0.0868764 0.0167071 0.0573937 0.0880389 0.0820965 0.0910171 0.0878343 0.0628148 0.1087308 0.1122924 0.0874417 0.0545815 0.0960363 0.0534234 0.0651413 0.0617542 0.0712073 0.0604116 0.0130544 0.1002571 0.0859824 0.0875462 0.0582378 
Potoroidae_Aepyprymnus_rufescens             0.0603441 0.0946014 0.0656289 0.0122723 0.0132349 0.0909707 0.0605668 0.0583493 0.0000000 0.0962068 0.0523656 0.0959579 0.0941066 0.0584066 0.0669214 0.0968103 0.0879239 0.0988407 0.0991300 0.0243487 0.1202614 0.1237886 0.0943386 0.0393332 0.1030881 0.0601937 0.0249858 0.0717244 0.0820927 0.0703622 0.0545342 0.1097729 0.0914089 0.0971474 0.0749138 
Peramelidae_Perameles_nasuta                 0.0873896 0.1025671 0.0837268 0.0952910 0.0979002 0.1022223 0.0847779 0.0863488 0.0962068 0.0000000 0.0815787 0.1122672 0.1025297 0.0862869 0.0931610 0.1119665 0.0992838 0.1152314 0.0155297 0.1022777 0.1271056 0.1266576 0.1082820 0.0866004 0.1184782 0.0884098 0.1025603 0.0972709 0.1102693 0.0952781 0.0817453 0.0190261 0.1030653 0.0019191 0.1040452 
Phalangeridae_Strigocuscus_pelengensis       0.0443733 0.0830243 0.0480281 0.0539746 0.0551301 0.0785166 0.0209954 0.0121881 0.0523656 0.0815787 0.0000000 0.0827021 0.0801732 0.0100868 0.0526069 0.0826067 0.0746003 0.0846107 0.0842459 0.0571437 0.0997539 0.1039252 0.0819845 0.0502582 0.0912898 0.0510626 0.0598473 0.0565276 0.0672689 0.0567063 0.0062529 0.0978714 0.0783882 0.0821057 0.0546872 
Dasyuridae_Phascogale_tapoatafa              0.0914571 0.1088057 0.0928836 0.0963073 0.0994256 0.0236280 0.0891449 0.0876375 0.0959579 0.1122672 0.0827021 0.0000000 0.0260320 0.0897922 0.0971823 0.0059508 0.0188100 0.0313827 0.1139300 0.1023552 0.1363729 0.1411326 0.0134866 0.0932924 0.1282398 0.0951827 0.1035549 0.0999176 0.1145299 0.1002531 0.0839805 0.1243157 0.0211872 0.1113830 0.1116163 
Dasyuridae_Sminthopsis_macroura              0.0877473 0.1074785 0.0919975 0.0948575 0.0979029 0.0293152 0.0877878 0.0868764 0.0941066 0.1025297 0.0801732 0.0260320 0.0000000 0.0862510 0.0920659 0.0272665 0.0244117 0.0261489 0.1048313 0.0999733 0.1346129 0.1358681 0.0273693 0.0895840 0.1262289 0.0943636 0.1012120 0.1024770 0.1127147 0.0992553 0.0814456 0.1135815 0.0268262 0.1014871 0.1143136 
Phalangeridae_Phalanger_orientalis           0.0497356 0.0869431 0.0518157 0.0597057 0.0608564 0.0845957 0.0241602 0.0167071 0.0584066 0.0862869 0.0100868 0.0897922 0.0862510 0.0000000 0.0544894 0.0886636 0.0815185 0.0913945 0.0885359 0.0614008 0.1059303 0.1101999 0.0891419 0.0523593 0.0935289 0.0547337 0.0640747 0.0608724 0.0706908 0.0592159 0.0052649 0.1023501 0.0853554 0.0873386 0.0605027 
Acrobatidae_Acrobates_pygmaeus               0.0592810 0.0956101 0.0593620 0.0682492 0.0685502 0.0942041 0.0564446 0.0573937 0.0669214 0.0931610 0.0526069 0.0971823 0.0920659 0.0544894 0.0000000 0.0972817 0.0891093 0.0985305 0.0963375 0.0656952 0.1118095 0.1179026 0.0961875 0.0594035 0.1094332 0.0521555 0.0698878 0.0605797 0.0742780 0.0405831 0.0529529 0.1094839 0.0930936 0.0938615 0.0680305 
Dasyuridae_Phascogale_calura                 0.0919495 0.1091502 0.0932011 0.0971940 0.1002751 0.0252177 0.0890196 0.0880389 0.0968103 0.1119665 0.0826067 0.0059508 0.0272665 0.0886636 0.0972817 0.0000000 0.0203902 0.0333152 0.1131350 0.1032353 0.1367182 0.1403791 0.0150558 0.0933616 0.1283688 0.0970113 0.1049518 0.1017751 0.1140783 0.1006416 0.0838842 0.1243016 0.0227708 0.1106014 0.1128212 
Dasyuridae_Sarcophilus_harrisii              0.0862614 0.1037039 0.0853146 0.0882380 0.0912608 0.0094104 0.0847534 0.0820965 0.0879239 0.0992838 0.0746003 0.0188100 0.0244117 0.0815185 0.0891093 0.0203902 0.0000000 0.0265250 0.1024036 0.0939401 0.1257408 0.1296383 0.0201198 0.0842505 0.1164440 0.0899007 0.0961075 0.0929883 0.1064553 0.0935518 0.0767881 0.1130531 0.0068512 0.0988877 0.1051696 
Dasyuridae_Planigale_tenuirostris            0.0962152 0.1219727 0.0933786 0.0992888 0.1019981 0.0329121 0.0925605 0.0910171 0.0988407 0.1152314 0.0846107 0.0313827 0.0261489 0.0913945 0.0985305 0.0333152 0.0265250 0.0000000 0.1169136 0.1058556 0.1345105 0.1468828 0.0309389 0.0990398 0.1307727 0.0993614 0.1062296 0.1030213 0.1214393 0.1075240 0.0874246 0.1242992 0.0292659 0.1133611 0.1113056 
Peramelidae_Echymipera_kalubu                0.0936609 0.1056300 0.0838312 0.1002286 0.1027915 0.1049789 0.0880284 0.0878343 0.0991300 0.0155297 0.0842459 0.1139300 0.1048313 0.0885359 0.0963375 0.1131350 0.1024036 0.1169136 0.0000000 0.1055591 0.1341100 0.1347893 0.1091367 0.0901928 0.1214488 0.0920169 0.1059029 0.1021047 0.1103213 0.0997223 0.0840929 0.0196330 0.1056236 0.0147925 0.1078885 
Macropodidae_Dorcopsulus_vanheurni           0.0619726 0.0989103 0.0677990 0.0271100 0.0267902 0.0974846 0.0626452 0.0628148 0.0243487 0.1022777 0.0571437 0.1023552 0.0999733 0.0614008 0.0656952 0.1032353 0.0939401 0.1058556 0.1055591 0.0000000 0.1275596 0.1278633 0.1006092 0.0430572 0.1068336 0.0645747 0.0100769 0.0723823 0.0815005 0.0715464 0.0585679 0.1142246 0.0975197 0.1031031 0.0760296 
Didelphidae_Didelphis_virginiana             0.1090874 0.1307363 0.1065717 0.1212659 0.1246541 0.1294479 0.1049859 0.1087308 0.1202614 0.1271056 0.0997539 0.1363729 0.1346129 0.1059303 0.1118095 0.1367182 0.1257408 0.1345105 0.1341100 0.1275596 0.0000000 0.0498625 0.1356878 0.1066506 0.1442729 0.1066021 0.1279977 0.1325271 0.1290809 0.1168098 0.1026285 0.1547254 0.1297655 0.1277436 0.1528011 
Marmosidae_Monodelphis_domestica             0.1089677 0.1366869 0.1141097 0.1244551 0.1256542 0.1346241 0.1094368 0.1122924 0.1237886 0.1266576 0.1039252 0.1411326 0.1358681 0.1101999 0.1179026 0.1403791 0.1296383 0.1468828 0.1347893 0.1278633 0.0498625 0.0000000 0.1386269 0.1130448 0.1451280 0.1154372 0.1293943 0.1374114 0.1306535 0.1236398 0.1067845 0.1480723 0.1315502 0.1291686 0.1632829 
Dasyuridae_Antechinus_stuartii               0.0912531 0.1080005 0.0902488 0.0946805 0.0977764 0.0242603 0.0894186 0.0874417 0.0943386 0.1082820 0.0819845 0.0134866 0.0273693 0.0891419 0.0961875 0.0150558 0.0201198 0.0309389 0.1091367 0.1006092 0.1356878 0.1386269 0.0000000 0.0916845 0.1233258 0.0912536 0.1013958 0.0995984 0.1125677 0.0997161 0.0842571 0.1193397 0.0218195 0.1079012 0.1113662 
Hypsiprymnodontidae_Hypsiprymnodon_moschatus 0.0564630 0.0903555 0.0594263 0.0416594 0.0427449 0.0878413 0.0543890 0.0545815 0.0393332 0.0866004 0.0502582 0.0932924 0.0895840 0.0523593 0.0594035 0.0933616 0.0842505 0.0990398 0.0901928 0.0430572 0.1066506 0.1130448 0.0916845 0.0000000 0.1011600 0.0591552 0.0456269 0.0693503 0.0764036 0.0639128 0.0512776 0.0981960 0.0877324 0.0877246 0.0696221 
Microbiotheriidae_Dromiciops_gliroides       0.0969017 0.1211556 0.0969439 0.1029849 0.1057269 0.1194328 0.0975777 0.0960363 0.1030881 0.1184782 0.0912898 0.1282398 0.1262289 0.0935289 0.1094332 0.1283688 0.1164440 0.1307727 0.1214488 0.1068336 0.1442729 0.1451280 0.1233258 0.1011600 0.0000000 0.1042658 0.1053582 0.1074631 0.1253956 0.1108502 0.0899547 0.1320057 0.1193158 0.1204405 0.0890466 
Pseudochiridae_Petauroides_volans            0.0575669 0.0930068 0.0608440 0.0614608 0.0626292 0.0934192 0.0556275 0.0534234 0.0601937 0.0884098 0.0510626 0.0951827 0.0943636 0.0547337 0.0521555 0.0970113 0.0899007 0.0993614 0.0920169 0.0645747 0.1066021 0.1154372 0.0912536 0.0591552 0.1042658 0.0000000 0.0666034 0.0376626 0.0676840 0.0549664 0.0520575 0.1042203 0.0933988 0.0904999 0.0373947 
Macropodidae_Wallabia_bicolor                0.0632563 0.1016152 0.0706091 0.0284727 0.0281425 0.0996730 0.0657793 0.0651413 0.0249858 0.1025603 0.0598473 0.1035549 0.1012120 0.0640747 0.0698878 0.1049518 0.0961075 0.1062296 0.1059029 0.0100769 0.1279977 0.1293943 0.1013958 0.0456269 0.1053582 0.0666034 0.0000000 0.0768670 0.0840343 0.0745011 0.0620702 0.1148428 0.0997083 0.1044297 0.0803741 
Pseudochiridae_Pseudocheirus_occidentalis    0.0611257 0.1027310 0.0625143 0.0716528 0.0737089 0.0946513 0.0648700 0.0617542 0.0717244 0.0972709 0.0565276 0.0999176 0.1024770 0.0608724 0.0605797 0.1017751 0.0929883 0.1030213 0.1021047 0.0723823 0.1325271 0.1374114 0.0995984 0.0693503 0.1074631 0.0376626 0.0768670 0.0000000 0.0694025 0.0635194 0.0584843 0.1117297 0.0956664 0.0982540 0.0216705 
Tarsipedidae_Tarsipes_rostratus              0.0756914 0.1123069 0.0754533 0.0828229 0.0847658 0.1118691 0.0753018 0.0712073 0.0820927 0.1102693 0.0672689 0.1145299 0.1127147 0.0706908 0.0742780 0.1140783 0.1064553 0.1214393 0.1103213 0.0815005 0.1290809 0.1306535 0.1125677 0.0764036 0.1253956 0.0676840 0.0840343 0.0694025 0.0000000 0.0739953 0.0695688 0.1201642 0.1092066 0.1113113 0.0798283 
Acrobatidae_Distoechurus_pennatus            0.0633661 0.0981065 0.0649534 0.0712811 0.0717582 0.0996396 0.0606278 0.0604116 0.0703622 0.0952781 0.0567063 0.1002531 0.0992553 0.0592159 0.0405831 0.1006416 0.0935518 0.1075240 0.0997223 0.0715464 0.1168098 0.1236398 0.0997161 0.0639128 0.1108502 0.0549664 0.0745011 0.0635194 0.0739953 0.0000000 0.0576724 0.1119682 0.0975662 0.0966067 0.0682734 
Phalangeridae_Phalanger_carmelitae           0.0454902 0.0830146 0.0502418 0.0557235 0.0560725 0.0806969 0.0221454 0.0130544 0.0545342 0.0817453 0.0062529 0.0839805 0.0814456 0.0052649 0.0529529 0.0838842 0.0767881 0.0874246 0.0840929 0.0585679 0.1026285 0.1067845 0.0842571 0.0512776 0.0899547 0.0520575 0.0620702 0.0584843 0.0695688 0.0576724 0.0000000 0.0971706 0.0805651 0.0828855 0.0575964 
Peramelidae_Peroryctes_raffrayana            0.0999723 0.1163802 0.0951229 0.1092849 0.1128206 0.1155284 0.1023391 0.1002571 0.1097729 0.0190261 0.0978714 0.1243157 0.1135815 0.1023501 0.1094839 0.1243016 0.1130531 0.1242992 0.0196330 0.1142246 0.1547254 0.1480723 0.1193397 0.0981960 0.1320057 0.1042203 0.1148428 0.1117297 0.1201642 0.1119682 0.0971706 0.0000000 0.1162481 0.0177964 0.1223228 
Dasyuridae_Dasyurus_geffroii                 0.0893208 0.1069323 0.0883093 0.0917369 0.0947886 0.0081296 0.0878698 0.0859824 0.0914089 0.1030653 0.0783882 0.0211872 0.0268262 0.0853554 0.0930936 0.0227708 0.0068512 0.0292659 0.1056236 0.0975197 0.1297655 0.1315502 0.0218195 0.0877324 0.1193158 0.0933988 0.0997083 0.0956664 0.1092066 0.0975662 0.0805651 0.1162481 0.0000000 0.1025851 0.1051546 
Peramelidae_Perameles_gunnii                 0.0911361 0.1016172 0.0841621 0.0972731 0.0998380 0.1017603 0.0859076 0.0875462 0.0971474 0.0019191 0.0821057 0.1113830 0.1014871 0.0873386 0.0938615 0.1106014 0.0988877 0.1133611 0.0147925 0.1031031 0.1277436 0.1291686 0.1079012 0.0877246 0.1204405 0.0904999 0.1044297 0.0982540 0.1113113 0.0966067 0.0828855 0.0177964 0.1025851 0.0000000 0.1048209 
Pseudochiridae_Pseudochirulus_forbesi        0.0614635 0.1061348 0.0657784 0.0733738 0.0741241 0.1052636 0.0665622 0.0582378 0.0749138 0.1040452 0.0546872 0.1116163 0.1143136 0.0605027 0.0680305 0.1128212 0.1051696 0.1113056 0.1078885 0.0760296 0.1528011 0.1632829 0.1113662 0.0696221 0.0890466 0.0373947 0.0803741 0.0216705 0.0798283 0.0682734 0.0575964 0.1223228 0.1051546 0.1048209 0.0000000 
