37
Burramyidae_Burramys_parvus                  0.0000000 0.1395846 0.1003154 0.1035876 0.1005410 0.1608197 0.0888817 0.0882827 0.1064058 0.1521712 0.0805909 0.1466192 0.0840646 0.0921318 0.1602575 0.1556636 0.1399285 0.1041226 0.0974674 0.1837017 0.1895002 0.0885879 0.0883869 0.1060568 0.1101964 0.1221289 0.1091759 0.0898894 0.1564455 0.1608627 0.1532628 0.1014408 0.1014408 0.1763847 0.1594667 0.1616645 0.1359464 
Notoryctidae_Notoryctes_typhlops             0.1395846 0.0000000 0.1310755 0.1385824 0.1381105 0.1569164 0.1296845 0.1293823 0.1356464 0.1508933 0.1208741 0.1374714 0.1154048 0.1366780 0.1516632 0.1484190 0.1247538 0.1413734 0.1392061 0.1840127 0.1694727 0.1360731 0.1200745 0.1429460 0.1530908 0.1435931 0.1690996 0.1312690 0.1420255 0.1531967 0.1520135 0.1426385 0.1426385 0.1647015 0.1556582 0.1619243 0.1412092 
Vombatidae_Lasiorhinus_latifrons             0.1003154 0.1310755 0.0000000 0.1169058 0.1155965 0.1631564 0.0973648 0.0939289 0.1132891 0.1399756 0.0986865 0.1631015 0.0955621 0.1061549 0.1680832 0.1600580 0.1293579 0.1158275 0.0967674 0.1818537 0.1724203 0.1024989 0.1009425 0.1148000 0.1017253 0.1283591 0.1286896 0.0944606 0.1497011 0.1632050 0.1402123 9.0000000 9.0000000 0.1798064 0.1592850 0.1811725 0.1227770 
Potoroidae_Bettongia_penicillata             0.1035876 0.1385824 0.1169058 0.0000000 0.0078618 0.1334559 0.0871100 0.0874004 0.0140732 0.1645246 0.0917421 0.1385296 0.1016079 0.1008695 0.1328443 0.1300873 0.1421622 0.0380934 0.0921805 0.1733655 0.1667500 0.0661221 0.0880251 0.0427092 0.1154617 0.1245164 0.1245309 0.0891773 0.1626021 0.1320240 0.1665780 0.1606595 0.1606595 0.1388432 0.1211561 0.1325232 0.1345435 
Potoroidae_Bettongia_lesueur                 0.1005410 0.1381105 0.1155965 0.0078618 0.0000000 0.1327523 0.0865944 0.0870389 0.0174663 0.1627188 0.0912332 0.1376237 0.1036630 0.0950413 0.1305002 0.1278538 0.1385910 0.0381445 0.0905756 0.1740817 0.1668277 0.0656765 0.0861937 0.0422063 0.1151887 0.1197883 0.1209520 0.0911585 0.1597347 0.1312264 0.1647468 0.1606595 0.1606595 0.1371211 0.1177835 0.1317367 0.1333484 
Dasyuridae_Dasyurus_maculatus                0.1608197 0.1569164 0.1631564 0.1334559 0.1327523 0.0000000 0.1350719 0.1380224 0.1304367 0.1905247 0.1448400 0.0348951 0.1499099 0.1590756 0.0294420 0.0080641 0.1670615 0.1359479 0.1469587 0.1765163 0.1776884 0.1481580 0.1463552 0.1347377 0.1736164 0.1629020 0.1884787 0.1381714 0.2026821 0.0080601 0.1929045 0.1600069 0.1600069 0.0450639 0.0390939 0.0302967 0.1556275 
Phalangeridae_Trichosurus_vulpecula          0.0888817 0.1296845 0.0973648 0.0871100 0.0865944 0.1350719 0.0000000 0.0246326 0.0896249 0.1455576 0.0278885 0.1450642 0.0349627 0.0960117 0.1367925 0.1275165 0.1251310 0.0885215 0.0828674 0.1517930 0.1564491 0.0733162 0.0799747 0.0908107 0.1075546 0.1246668 0.1186080 0.0246212 0.1536290 0.1361332 0.1473404 0.1551452 0.1551452 0.1484960 0.1363085 0.1432304 0.1285331 
Phalangeridae_Spilocuscus_maculatus          0.0882827 0.1293823 0.0939289 0.0874004 0.0870389 0.1380224 0.0246326 0.0000000 0.0886691 0.1449177 0.0115024 0.1441618 0.0216172 0.0860900 0.1356342 0.1317502 0.1263332 0.0838490 0.0797013 0.1517552 0.1565940 0.0722852 0.0745607 0.0862055 0.1026449 0.1186507 0.1080273 0.0122079 0.1514799 0.1363992 0.1468705 0.1468210 0.1468210 0.1510715 0.1356413 0.1445265 0.1281428 
Potoroidae_Aepyprymnus_rufescens             0.1064058 0.1356464 0.1132891 0.0140732 0.0174663 0.1304367 0.0896249 0.0886691 0.0000000 0.1600601 0.0926531 0.1346382 0.1029175 0.0991022 0.1291490 0.1272462 0.1396867 0.0404122 0.0948818 0.1704804 0.1655845 0.0673113 0.0904967 0.0422126 0.1205214 0.1234677 0.1203074 0.0904502 0.1609058 0.1290188 0.1620628 0.1680360 0.1680360 0.1345522 0.1187068 0.1292007 0.1304382 
Peramelidae_Perameles_nasuta                 0.1521712 0.1508933 0.1399756 0.1645246 0.1627188 0.1905247 0.1455576 0.1449177 0.1600601 0.0000000 0.1387273 0.1779620 0.1352278 0.1476208 0.1892757 0.1852057 0.0332412 0.1638624 0.1541251 0.2147357 0.2109133 0.1560770 0.1482443 0.1639228 0.1609469 0.1701614 0.1780247 0.1461348 0.0478975 0.1854506 0.0047041 0.1217220 0.1217220 0.2079296 0.1902222 0.2066219 0.1619662 
Phalangeridae_Strigocuscus_pelengensis       0.0805909 0.1208741 0.0986865 0.0917421 0.0912332 0.1448400 0.0278885 0.0115024 0.0926531 0.1387273 0.0000000 0.1442977 0.0161437 0.0899886 0.1429173 0.1372150 0.1305050 0.0892220 0.0796163 0.1564382 0.1580272 0.0748034 0.0722539 0.0891099 0.0940673 0.1133221 0.1147682 0.0150824 0.1444510 0.1428926 0.1399873 0.0647047 0.0647047 0.1541662 0.1395333 0.1494939 0.1218631 
Dasyuridae_Phascogale_tapoatafa              0.1466192 0.1374714 0.1631015 0.1385296 0.1376237 0.0348951 0.1450642 0.1441618 0.1346382 0.1779620 0.1442977 0.0000000 0.1361180 0.1565481 0.0149236 0.0327941 0.1654544 0.1395333 0.1545480 0.1801527 0.1829210 0.1483401 0.1471773 0.1399333 0.1624989 0.1508448 0.1878170 0.1456431 0.1841790 0.0328325 0.1795276 0.0715364 0.0715364 0.0577085 0.0446724 0.0246216 0.1470976 
Phalangeridae_Phalanger_orientalis           0.0840646 0.1154048 0.0955621 0.1016079 0.1036630 0.1499099 0.0349627 0.0216172 0.1029175 0.1352278 0.0161437 0.1361180 0.0000000 0.0923684 0.1477806 0.1448997 0.1288836 0.0985089 0.0918115 0.1648543 0.1671853 0.0818235 0.0782873 0.0997654 0.0968199 0.1092964 0.1151860 0.0151830 0.1447904 0.1483930 0.1355572 0.0661613 0.0661613 0.1628430 0.1444298 0.1580888 0.1203178 
Acrobatidae_Acrobates_pygmaeus               0.0921318 0.1366780 0.1061549 0.1008695 0.0950413 0.1590756 0.0960117 0.0860900 0.0991022 0.1476208 0.0899886 0.1565481 0.0923684 0.0000000 0.1601464 0.1519027 0.1364665 0.1008250 0.0874269 0.1767304 0.1761721 0.0960832 0.0762144 0.1002977 0.0926806 0.1086395 0.0746309 0.0915469 0.1515996 0.1570538 0.1471004 0.1096899 0.1096899 0.1610760 0.1450178 0.1618497 0.1369664 
Dasyuridae_Phascogale_calura                 0.1602575 0.1516632 0.1680832 0.1328443 0.1305002 0.0294420 0.1367925 0.1356342 0.1291490 0.1892757 0.1429173 0.0149236 0.1477806 0.1601464 0.0000000 0.0266355 0.1687597 0.1325620 0.1488086 0.1729292 0.1732126 0.1444560 0.1491417 0.1334108 0.1729754 0.1655233 0.1939167 0.1381833 0.1988923 0.0274719 0.1918064 0.1589947 0.1589947 0.0503578 0.0428228 0.0191674 0.1614714 
Dasyuridae_Sarcophilus_harrisii              0.1556636 0.1484190 0.1600580 0.1300873 0.1278538 0.0080641 0.1275165 0.1317502 0.1272462 0.1852057 0.1372150 0.0327941 0.1448997 0.1519027 0.0266355 0.0000000 0.1603156 0.1303541 0.1414476 0.1718295 0.1714333 0.1458435 0.1374171 0.1299233 0.1672641 0.1594791 0.1824712 0.1332380 0.1948764 0.0071222 0.1876737 0.1600069 0.1600069 0.0419986 0.0359187 0.0268767 0.1530855 
Peramelidae_Echymipera_kalubu                0.1399285 0.1247538 0.1293579 0.1421622 0.1385910 0.1670615 0.1251310 0.1263332 0.1396867 0.0332412 0.1305050 0.1654544 0.1288836 0.1364665 0.1687597 0.1603156 0.0000000 0.1404802 0.1237965 0.1960659 0.1912384 0.1364166 0.1320825 0.1422609 0.1263119 0.1528082 0.1707885 0.1303245 0.0414298 0.1626139 0.0309275 9.0000000 9.0000000 0.1823501 0.1689049 0.1863271 0.1372510 
Macropodidae_Dorcopsulus_vanheurni           0.1041226 0.1413734 0.1158275 0.0380934 0.0381445 0.1359479 0.0885215 0.0838490 0.0404122 0.1638624 0.0892220 0.1395333 0.0985089 0.1008250 0.1325620 0.1303541 0.1404802 0.0000000 0.0945434 0.1821737 0.1724040 0.0738410 0.0916092 0.0236663 0.1176451 0.1223976 0.1200672 0.0892131 0.1634479 0.1332351 0.1677132 0.1830653 0.1830653 0.1450869 0.1255126 0.1366710 0.1362332 
Pseudochiridae_Pseudochirulus_forbesi        0.0974674 0.1392061 0.0967674 0.0921805 0.0905756 0.1469587 0.0828674 0.0797013 0.0948818 0.1541251 0.0796163 0.1545480 0.0918115 0.0874269 0.1488086 0.1414476 0.1237965 0.0945434 0.0000000 0.1642919 0.1581903 0.0895939 0.0523304 0.0924572 0.0450864 0.1136561 0.1078913 0.0844798 0.1583700 0.1451025 0.1548654 0.1525639 0.1525639 0.1539746 0.1381177 0.1502119 0.1364824 
Didelphidae_Didelphis_virginiana             0.1837017 0.1840127 0.1818537 0.1733655 0.1740817 0.1765163 0.1517930 0.1517552 0.1704804 0.2147357 0.1564382 0.1801527 0.1648543 0.1767304 0.1729292 0.1718295 0.1960659 0.1821737 0.1642919 0.0000000 0.0488136 0.1537381 0.1572770 0.1805009 0.1919437 0.2022373 0.2040091 0.1521350 0.2232476 0.1762301 0.2170813 0.1854348 0.1854348 0.1887970 0.1756014 0.1882031 0.1847724 
Marmosidae_Monodelphis_domestica             0.1895002 0.1694727 0.1724203 0.1667500 0.1668277 0.1776884 0.1564491 0.1565940 0.1655845 0.2109133 0.1580272 0.1829210 0.1671853 0.1761721 0.1732126 0.1714333 0.1912384 0.1724040 0.1581903 0.0488136 0.0000000 0.1559742 0.1572441 0.1718978 0.1858605 0.1969864 0.2061931 0.1556458 0.2293036 0.1781036 0.2123620 0.2054789 0.2054789 0.1851527 0.1851166 0.1943888 0.1875638 
Hypsiprymnodontidae_Hypsiprymnodon_moschatus 0.0885879 0.1360731 0.1024989 0.0661221 0.0656765 0.1481580 0.0733162 0.0722852 0.0673113 0.1560770 0.0748034 0.1483401 0.0818235 0.0960832 0.1444560 0.1458435 0.1364166 0.0738410 0.0895939 0.1537381 0.1559742 0.0000000 0.0838371 0.0770184 0.1119854 0.1185982 0.1128431 0.0751080 0.1592563 0.1485275 0.1594490 0.1291752 0.1291752 0.1570637 0.1389338 0.1484592 0.1358963 
Pseudochiridae_Petauroides_volans            0.0883869 0.1200745 0.1009425 0.0880251 0.0861937 0.1463552 0.0799747 0.0745607 0.0904967 0.1482443 0.0722539 0.1471773 0.0782873 0.0762144 0.1491417 0.1374171 0.1320825 0.0916092 0.0523304 0.1572770 0.1572441 0.0838371 0.0000000 0.0910571 0.0633610 0.0967431 0.0952628 0.0781616 0.1430840 0.1430525 0.1488980 0.1081955 0.1081955 0.1493347 0.1343898 0.1475015 0.1183840 
Macropodidae_Wallabia_bicolor                0.1060568 0.1429460 0.1148000 0.0427092 0.0422063 0.1347377 0.0908107 0.0862055 0.0422126 0.1639228 0.0891099 0.1399333 0.0997654 0.1002977 0.1334108 0.1299233 0.1422609 0.0236663 0.0924572 0.1805009 0.1718978 0.0770184 0.0910571 0.0000000 0.1156256 0.1217569 0.1189988 0.0889314 0.1664188 0.1334630 0.1664923 0.1715206 0.1715206 0.1468607 0.1282381 0.1382142 0.1387279 
Pseudochiridae_Pseudocheirus_occidentalis    0.1101964 0.1530908 0.1017253 0.1154617 0.1151887 0.1736164 0.1075546 0.1026449 0.1205214 0.1609469 0.0940673 0.1624989 0.0968199 0.0926806 0.1729754 0.1672641 0.1263119 0.1176451 0.0450864 0.1919437 0.1858605 0.1119854 0.0633610 0.1156256 0.0000000 0.1158915 0.1129502 0.1067128 0.1595627 0.1724308 0.1605936 0.2519612 0.2519612 0.1793656 0.1592491 0.1780582 0.1393003 
Tarsipedidae_Tarsipes_rostratus              0.1221289 0.1435931 0.1283591 0.1245164 0.1197883 0.1629020 0.1246668 0.1186507 0.1234677 0.1701614 0.1133221 0.1508448 0.1092964 0.1086395 0.1655233 0.1594791 0.1528082 0.1223976 0.1136561 0.2022373 0.1969864 0.1185982 0.0967431 0.1217569 0.1158915 0.0000000 0.1402580 0.1228680 0.1639131 0.1652525 0.1729364 0.1029923 0.1029923 0.1738371 0.1560031 0.1703880 0.1358228 
Acrobatidae_Distoechurus_pennatus            0.1091759 0.1690996 0.1286896 0.1245309 0.1209520 0.1884787 0.1186080 0.1080273 0.1203074 0.1780247 0.1147682 0.1878170 0.1151860 0.0746309 0.1939167 0.1824712 0.1707885 0.1200672 0.1078913 0.2040091 0.2061931 0.1128431 0.0952628 0.1189988 0.1129502 0.1402580 0.0000000 0.1141081 0.1878353 0.1906052 0.1795949 0.1568740 0.1568740 0.2052398 0.1762649 0.1997130 0.1546564 
Phalangeridae_Phalanger_carmelitae           0.0898894 0.1312690 0.0944606 0.0891773 0.0911585 0.1381714 0.0246212 0.0122079 0.0904502 0.1461348 0.0150824 0.1456431 0.0151830 0.0915469 0.1381833 0.1332380 0.1303245 0.0892131 0.0844798 0.1521350 0.1556458 0.0751080 0.0781616 0.0889314 0.1067128 0.1228680 0.1141081 0.0000000 0.1559529 0.1365538 0.1474658 0.1462111 0.1462111 0.1509085 0.1370230 0.1462319 0.1317544 
Peramelidae_Peroryctes_raffrayana            0.1564455 0.1420255 0.1497011 0.1626021 0.1597347 0.2026821 0.1536290 0.1514799 0.1609058 0.0478975 0.1444510 0.1841790 0.1447904 0.1515996 0.1988923 0.1948764 0.0414298 0.1634479 0.1583700 0.2232476 0.2293036 0.1592563 0.1430840 0.1664188 0.1595627 0.1639131 0.1878353 0.1559529 0.0000000 0.1982265 0.0499356 0.0991457 0.0991457 0.2029110 0.1866403 0.2033265 0.1588437 
Dasyuridae_Dasyurus_geffroii                 0.1608627 0.1531967 0.1632050 0.1320240 0.1312264 0.0080601 0.1361332 0.1363992 0.1290188 0.1854506 0.1428926 0.0328325 0.1483930 0.1570538 0.0274719 0.0071222 0.1626139 0.1332351 0.1451025 0.1762301 0.1781036 0.1485275 0.1430525 0.1334630 0.1724308 0.1652525 0.1906052 0.1365538 0.1982265 0.0000000 0.1879222 0.1685723 0.1685723 0.0451433 0.0384035 0.0280513 0.1557861 
Peramelidae_Perameles_gunnii                 0.1532628 0.1520135 0.1402123 0.1665780 0.1647468 0.1929045 0.1473404 0.1468705 0.1620628 0.0047041 0.1399873 0.1795276 0.1355572 0.1471004 0.1918064 0.1876737 0.0309275 0.1677132 0.1548654 0.2170813 0.2123620 0.1594490 0.1488980 0.1664923 0.1605936 0.1729364 0.1795949 0.1474658 0.0499356 0.1879222 0.0000000 0.1287898 0.1287898 0.2111826 0.1928854 0.2088124 0.1651504 
Thylacomyidae_Macrotis_lagotis1              0.1014408 0.1426385 9.0000000 0.1606595 0.1606595 0.1600069 0.1551452 0.1468210 0.1680360 0.1217220 0.0647047 0.0715364 0.0661613 0.1096899 0.1589947 0.1600069 9.0000000 0.1830653 0.1525639 0.1854348 0.2054789 0.1291752 0.1081955 0.1715206 0.2519612 0.1029923 0.1568740 0.1462111 0.0991457 0.1685723 0.1287898 0.0000000 0.0000010 0.1675447 0.1264503 0.1636152 0.1550770 
Thylacomyidae_Macrotis_lagotis2              0.1014408 0.1426385 9.0000000 0.1606595 0.1606595 0.1600069 0.1551452 0.1468210 0.1680360 0.1217220 0.0647047 0.0715364 0.0661613 0.1096899 0.1589947 0.1600069 9.0000000 0.1830653 0.1525639 0.1854348 0.2054789 0.1291752 0.1081955 0.1715206 0.2519612 0.1029923 0.1568740 0.1462111 0.0991457 0.1685723 0.1287898 0.0000010 0.0000000 0.1675447 0.1264503 0.1636152 0.1550770 
Dasyuridae_Sminthopsis_macroura              0.1763847 0.1647015 0.1798064 0.1388432 0.1371211 0.0450639 0.1484960 0.1510715 0.1345522 0.2079296 0.1541662 0.0577085 0.1628430 0.1610760 0.0503578 0.0419986 0.1823501 0.1450869 0.1539746 0.1887970 0.1851527 0.1570637 0.1493347 0.1468607 0.1793656 0.1738371 0.2052398 0.1509085 0.2029110 0.0451433 0.2111826 0.1675447 0.1675447 0.0000000 0.0431457 0.0493593 0.1701501 
Dasyuridae_Planigale_tenuirostris            0.1594667 0.1556582 0.1592850 0.1211561 0.1177835 0.0390939 0.1363085 0.1356413 0.1187068 0.1902222 0.1395333 0.0446724 0.1444298 0.1450178 0.0428228 0.0359187 0.1689049 0.1255126 0.1381177 0.1756014 0.1851166 0.1389338 0.1343898 0.1282381 0.1592491 0.1560031 0.1762649 0.1370230 0.1866403 0.0384035 0.1928854 0.1264503 0.1264503 0.0431457 0.0000000 0.0440888 0.1524945 
Dasyuridae_Antechinus_stuartii               0.1616645 0.1619243 0.1811725 0.1325232 0.1317367 0.0302967 0.1432304 0.1445265 0.1292007 0.2066219 0.1494939 0.0246216 0.1580888 0.1618497 0.0191674 0.0268767 0.1863271 0.1366710 0.1502119 0.1882031 0.1943888 0.1484592 0.1475015 0.1382142 0.1780582 0.1703880 0.1997130 0.1462319 0.2033265 0.0280513 0.2088124 0.1636152 0.1636152 0.0493593 0.0440888 0.0000000 0.1642199 
Microbiotheriidae_Dromiciops_gliroides       0.1359464 0.1412092 0.1227770 0.1345435 0.1333484 0.1556275 0.1285331 0.1281428 0.1304382 0.1619662 0.1218631 0.1470976 0.1203178 0.1369664 0.1614714 0.1530855 0.1372510 0.1362332 0.1364824 0.1847724 0.1875638 0.1358963 0.1183840 0.1387279 0.1393003 0.1358228 0.1546564 0.1317544 0.1588437 0.1557861 0.1651504 0.1550770 0.1550770 0.1701501 0.1524945 0.1642199 0.0000000 
