37
Burramyidae_Burramys_parvus                  0.0000000 0.0441302 0.0452382 0.0448731 0.0425827 0.0433813 0.0386416 0.0439410 0.0570403 0.0413549 0.0410402 0.0551498 0.0388368 0.0403303 0.0505894 0.0496122 0.0401168 0.0595913 0.0424047 0.0433348 0.0560367 0.0706176 0.0402894 0.0399406 0.0482502 0.0414176 0.0413997 0.0345375 0.0512095 0.0396904 0.0369848 0.0523722 0.0519840 0.0608964 0.0558069 0.0923658 0.0923658 
Vombatidae_Lasiorhinus_latifrons             0.0441302 0.0000000 0.0579400 0.0580147 0.0417216 0.0569257 0.0449843 0.0556043 0.0655254 0.0497386 0.0416582 0.0576101 0.0474922 0.0500376 0.0577551 0.0541339 0.0397830 0.0642316 0.0550777 0.0569625 0.0563059 0.0768019 0.0412910 0.0553668 0.0556936 0.0549148 0.0560091 0.0511540 0.0593338 0.0538253 0.0455403 0.0638580 0.0552076 0.0660646 0.0607214 0.1333104 0.1333104 
Potoroidae_Bettongia_penicillata             0.0452382 0.0579400 0.0000000 0.0037175 0.0508571 0.0572261 0.0549086 0.0144022 0.0746202 0.0569997 0.0466675 0.0643385 0.0536422 0.0534906 0.0601192 0.0630534 0.0489833 0.0752827 0.0222917 0.0580775 0.0655126 0.0833270 0.0475937 0.0350496 0.0603565 0.0565426 0.0229267 0.0545334 0.0634648 0.0537257 0.0517414 0.0730488 0.0639323 0.0762594 0.0713016 0.1345272 0.1345272 
Potoroidae_Bettongia_lesueur                 0.0448731 0.0580147 0.0037175 0.0000000 0.0504254 0.0573005 0.0535734 0.0140526 0.0734274 0.0570740 0.0462256 0.0637524 0.0545307 0.0543846 0.0601980 0.0631361 0.0485563 0.0745334 0.0226863 0.0581479 0.0650742 0.0834414 0.0471632 0.0354784 0.0604536 0.0558175 0.0240535 0.0545707 0.0644002 0.0546121 0.0526237 0.0718622 0.0631535 0.0755046 0.0714394 0.1386445 0.1386445 
Dasyuridae_Dasyurus_maculatus                0.0425827 0.0417216 0.0508571 0.0504254 0.0000000 0.0418580 0.0374800 0.0445333 0.0483069 0.0466730 0.0092514 0.0127479 0.0429807 0.0439710 0.0090619 0.0036499 0.0092551 0.0541773 0.0454806 0.0528293 0.0624249 0.0630591 0.0077377 0.0468983 0.0500919 0.0512047 0.0446893 0.0484975 0.0558348 0.0472271 0.0416633 0.0490001 0.0024207 0.0550044 0.0506346 9.0000000 9.0000000 
Phalangeridae_Trichosurus_vulpecula          0.0433813 0.0569257 0.0572261 0.0573005 0.0418580 0.0000000 0.0177896 0.0561687 0.0746311 0.0368637 0.0427541 0.0661967 0.0341694 0.0551291 0.0602703 0.0604763 0.0384408 0.0746649 0.0554278 0.0572819 0.0579291 0.0839826 0.0414656 0.0554714 0.0584131 0.0535341 0.0550605 0.0567388 0.0648979 0.0533353 0.0338560 0.0734658 0.0621103 0.0752372 0.0648910 0.1969588 0.1969588 
Phalangeridae_Spilocuscus_maculatus          0.0386416 0.0449843 0.0549086 0.0535734 0.0374800 0.0177896 0.0000000 0.0530793 0.0669251 0.0261769 0.0394617 0.0580031 0.0224325 0.0515776 0.0544415 0.0534266 0.0359835 0.0661882 0.0521197 0.0519646 0.0544186 0.0766298 0.0374832 0.0505015 0.0551411 0.0477403 0.0522810 0.0510431 0.0614363 0.0507917 0.0224709 0.0686472 0.0548420 0.0668063 0.0597618 0.2051017 0.2051017 
Potoroidae_Aepyprymnus_rufescens             0.0439410 0.0556043 0.0144022 0.0140526 0.0445333 0.0561687 0.0530793 0.0000000 0.0811996 0.0523947 0.0427559 0.0626067 0.0518273 0.0536299 0.0562876 0.0596834 0.0424086 0.0757812 0.0190973 0.0541260 0.0593588 0.0833226 0.0426714 0.0348823 0.0596732 0.0521530 0.0212428 0.0566572 0.0600258 0.0501880 0.0498887 0.0783115 0.0592570 0.0772593 0.0705722 0.1409162 0.1409162 
Peramelidae_Perameles_nasuta                 0.0570403 0.0655254 0.0746202 0.0734274 0.0483069 0.0746311 0.0669251 0.0811996 0.0000000 0.0624399 0.0473116 0.0785789 0.0612256 0.0719345 0.0714001 0.0735282 0.0418480 0.0145738 0.0744268 0.0660071 0.0638115 0.0919512 0.0458254 0.0750571 0.0626189 0.0677596 0.0756525 0.0652608 0.0802341 0.0773178 0.0600600 0.0132669 0.0710158 0.0010595 0.0837015 0.1730797 0.1730797 
Phalangeridae_Strigocuscus_pelengensis       0.0413549 0.0497386 0.0569997 0.0570740 0.0466730 0.0368637 0.0261769 0.0523947 0.0624399 0.0000000 0.0474086 0.0614290 0.0133444 0.0490074 0.0609406 0.0581183 0.0441581 0.0686998 0.0551273 0.0511762 0.0620393 0.0790412 0.0466754 0.0534197 0.0574535 0.0475086 0.0551752 0.0463759 0.0629084 0.0530307 0.0122933 0.0624720 0.0567167 0.0698544 0.0622396 0.1151595 0.1151595 
Dasyuridae_Phascogale_tapoatafa              0.0410402 0.0416582 0.0466675 0.0462256 0.0092514 0.0427541 0.0394617 0.0427559 0.0473116 0.0474086 0.0000000 0.0127431 0.0439795 0.0435485 0.0020981 0.0092847 0.0108628 0.0538877 0.0421744 0.0531726 0.0610872 0.0631477 0.0054384 0.0450102 0.0492279 0.0498397 0.0433141 0.0474908 0.0566484 0.0462761 0.0421440 0.0472006 0.0101246 0.0557717 0.0527594 9.0000000 9.0000000 
Dasyuridae_Sminthopsis_macroura              0.0551498 0.0576101 0.0643385 0.0637524 0.0127479 0.0661967 0.0580031 0.0626067 0.0785789 0.0614290 0.0127431 0.0000000 0.0597679 0.0627327 0.0254994 0.0245968 0.0109394 0.0739433 0.0641453 0.0686222 0.0605444 0.0821285 0.0115073 0.0656956 0.0637181 0.0653920 0.0655440 0.0741366 0.0687736 0.0651280 0.0578327 0.0778477 0.0228935 0.0756683 0.0729987 0.0824047 0.0824047 
Phalangeridae_Phalanger_orientalis           0.0388368 0.0474922 0.0536422 0.0545307 0.0429807 0.0341694 0.0224325 0.0518273 0.0612256 0.0133444 0.0439795 0.0597679 0.0000000 0.0475904 0.0585297 0.0562740 0.0410852 0.0678872 0.0520801 0.0498229 0.0598704 0.0775212 0.0425911 0.0508966 0.0544661 0.0464329 0.0521940 0.0443019 0.0592086 0.0508448 0.0030435 0.0606571 0.0560489 0.0684557 0.0600733 0.1215865 0.1215865 
Acrobatidae_Acrobates_pygmaeus               0.0403303 0.0500376 0.0534906 0.0543846 0.0439710 0.0551291 0.0515776 0.0536299 0.0719345 0.0490074 0.0435485 0.0627327 0.0475904 0.0000000 0.0603230 0.0560482 0.0440378 0.0687815 0.0509653 0.0462344 0.0591091 0.0750211 0.0420577 0.0507362 0.0571154 0.0446009 0.0498513 0.0457221 0.0529216 0.0307395 0.0457031 0.0701066 0.0575506 0.0726112 0.0651627 0.1304764 0.1304764 
Dasyuridae_Phascogale_calura                 0.0505894 0.0577551 0.0601192 0.0601980 0.0090619 0.0602703 0.0544415 0.0562876 0.0714001 0.0609406 0.0020981 0.0254994 0.0585297 0.0603230 0.0000000 0.0141285 0.0106413 0.0680492 0.0542949 0.0627704 0.0617029 0.0819266 0.0065766 0.0577472 0.0587155 0.0613479 0.0560867 0.0698535 0.0675624 0.0592164 0.0565873 0.0721828 0.0141995 0.0686007 0.0685172 0.0867626 0.0867626 
Dasyuridae_Sarcophilus_harrisii              0.0496122 0.0541339 0.0630534 0.0631361 0.0036499 0.0604763 0.0534266 0.0596834 0.0735282 0.0581183 0.0092847 0.0245968 0.0562740 0.0560482 0.0141285 0.0000000 0.0105907 0.0700014 0.0581526 0.0646583 0.0606412 0.0786352 0.0081809 0.0612890 0.0580856 0.0616089 0.0574119 0.0687592 0.0665119 0.0581743 0.0543451 0.0738890 0.0076863 0.0706068 0.0701792 0.0849185 0.0849185 
Dasyuridae_Planigale_tenuirostris            0.0401168 0.0397830 0.0489833 0.0485563 0.0092551 0.0384408 0.0359835 0.0424086 0.0418480 0.0441581 0.0108628 0.0109394 0.0410852 0.0440378 0.0106413 0.0105907 0.0000000 0.0494259 0.0453708 0.0481944 0.0583219 0.0596345 0.0084015 0.0469169 0.0509272 0.0474241 0.0466434 0.0466577 0.0541987 0.0459123 0.0392598 0.0431122 0.0096749 0.0500694 0.0491337 9.0000000 9.0000000 
Peramelidae_Echymipera_kalubu                0.0595913 0.0642316 0.0752827 0.0745334 0.0541773 0.0746649 0.0661882 0.0757812 0.0145738 0.0686998 0.0538877 0.0739433 0.0678872 0.0687815 0.0680492 0.0700014 0.0494259 0.0000000 0.0739028 0.0710681 0.0731142 0.0932563 0.0522048 0.0704775 0.0667013 0.0700924 0.0739587 0.0669351 0.0801025 0.0722551 0.0659092 0.0117965 0.0687537 0.0147778 0.0711828 0.1652112 0.1652112 
Macropodidae_Dorcopsulus_vanheurni           0.0424047 0.0550777 0.0222917 0.0226863 0.0454806 0.0554278 0.0521197 0.0190973 0.0744268 0.0551273 0.0421744 0.0641453 0.0520801 0.0509653 0.0542949 0.0581526 0.0453708 0.0739028 0.0000000 0.0544744 0.0636216 0.0811462 0.0441850 0.0332680 0.0570045 0.0524168 0.0072331 0.0528144 0.0579147 0.0501090 0.0501717 0.0713131 0.0578044 0.0763860 0.0687963 0.1294059 0.1294059 
Pseudochiridae_Pseudochirulus_forbesi        0.0433348 0.0569625 0.0580775 0.0581479 0.0528293 0.0572819 0.0519646 0.0541260 0.0660071 0.0511762 0.0531726 0.0686222 0.0498229 0.0462344 0.0627704 0.0646583 0.0481944 0.0710681 0.0544744 0.0000000 0.0681027 0.0858164 0.0523345 0.0503070 0.0608177 0.0288296 0.0545911 0.0139262 0.0504968 0.0493920 0.0487419 0.0670822 0.0631475 0.0705540 0.0678506 0.1257627 0.1257627 
Didelphidae_Didelphis_virginiana             0.0560367 0.0563059 0.0655126 0.0650742 0.0624249 0.0579291 0.0544186 0.0593588 0.0638115 0.0620393 0.0610872 0.0605444 0.0598704 0.0591091 0.0617029 0.0606412 0.0583219 0.0731142 0.0636216 0.0681027 0.0000000 0.0243495 0.0596064 0.0599471 0.0635789 0.0655405 0.0641859 0.0542123 0.0699208 0.0610775 0.0585019 0.0658382 0.0635088 0.0736942 0.0605086 9.0000000 9.0000000 
Marmosidae_Monodelphis_domestica             0.0706176 0.0768019 0.0833270 0.0834414 0.0630591 0.0839826 0.0766298 0.0833226 0.0919512 0.0790412 0.0631477 0.0821285 0.0775212 0.0750211 0.0819266 0.0786352 0.0596345 0.0932563 0.0811462 0.0858164 0.0243495 0.0000000 0.0601504 0.0786278 0.0751682 0.0783780 0.0815223 0.0824693 0.0868612 0.0760778 0.0776913 0.0940154 0.0807746 0.0936440 0.0865605 0.1728306 0.1728306 
Dasyuridae_Antechinus_stuartii               0.0402894 0.0412910 0.0475937 0.0471632 0.0077377 0.0414656 0.0374832 0.0426714 0.0458254 0.0466754 0.0054384 0.0115073 0.0425911 0.0420577 0.0065766 0.0081809 0.0084015 0.0522048 0.0441850 0.0523345 0.0596064 0.0601504 0.0000000 0.0454167 0.0495731 0.0487747 0.0453010 0.0475164 0.0539239 0.0448506 0.0412727 0.0465159 0.0085789 0.0530145 0.0496362 9.0000000 9.0000000 
Hypsiprymnodontidae_Hypsiprymnodon_moschatus 0.0399406 0.0553668 0.0350496 0.0354784 0.0468983 0.0554714 0.0505015 0.0348823 0.0750571 0.0534197 0.0450102 0.0656956 0.0508966 0.0507362 0.0577472 0.0612890 0.0469169 0.0704775 0.0332680 0.0503070 0.0599471 0.0786278 0.0454167 0.0000000 0.0549705 0.0529206 0.0327224 0.0508842 0.0593313 0.0496327 0.0497949 0.0728745 0.0607234 0.0717123 0.0701342 0.1426857 0.1426857 
Microbiotheriidae_Dromiciops_gliroides       0.0482502 0.0556936 0.0603565 0.0604536 0.0500919 0.0584131 0.0551411 0.0596732 0.0626189 0.0574535 0.0492279 0.0637181 0.0544661 0.0571154 0.0587155 0.0580856 0.0509272 0.0667013 0.0570045 0.0608177 0.0635789 0.0751682 0.0495731 0.0549705 0.0000000 0.0643082 0.0565390 0.0527314 0.0696888 0.0586295 0.0525082 0.0621759 0.0593990 0.0679006 0.0613774 0.0981072 0.0981072 
Pseudochiridae_Petauroides_volans            0.0414176 0.0549148 0.0565426 0.0558175 0.0512047 0.0535341 0.0477403 0.0521530 0.0677596 0.0475086 0.0498397 0.0653920 0.0464329 0.0446009 0.0613479 0.0616089 0.0474241 0.0700924 0.0524168 0.0288296 0.0655405 0.0783780 0.0487747 0.0529206 0.0643082 0.0000000 0.0525470 0.0237824 0.0461825 0.0446437 0.0453403 0.0643639 0.0605598 0.0712840 0.0707578 0.1122017 0.1122017 
Macropodidae_Wallabia_bicolor                0.0413997 0.0560091 0.0229267 0.0240535 0.0446893 0.0550605 0.0522810 0.0212428 0.0756525 0.0551752 0.0433141 0.0655440 0.0521940 0.0498513 0.0560867 0.0574119 0.0466434 0.0739587 0.0072331 0.0545911 0.0641859 0.0815223 0.0453010 0.0327224 0.0565390 0.0525470 0.0000000 0.0526177 0.0579849 0.0486569 0.0502950 0.0727567 0.0580245 0.0766389 0.0693105 0.1353560 0.1353560 
Pseudochiridae_Pseudocheirus_occidentalis    0.0345375 0.0511540 0.0545334 0.0545707 0.0484975 0.0567388 0.0510431 0.0566572 0.0652608 0.0463759 0.0474908 0.0741366 0.0443019 0.0457221 0.0698535 0.0687592 0.0466577 0.0669351 0.0528144 0.0139262 0.0542123 0.0824693 0.0475164 0.0508842 0.0527314 0.0237824 0.0526177 0.0000000 0.0447256 0.0504045 0.0430777 0.0644133 0.0671596 0.0664126 0.0738240 0.1246381 0.1246381 
Tarsipedidae_Tarsipes_rostratus              0.0512095 0.0593338 0.0634648 0.0644002 0.0558348 0.0648979 0.0614363 0.0600258 0.0802341 0.0629084 0.0566484 0.0687736 0.0592086 0.0529216 0.0675624 0.0665119 0.0541987 0.0801025 0.0579147 0.0504968 0.0699208 0.0868612 0.0539239 0.0593313 0.0696888 0.0461825 0.0579849 0.0447256 0.0000000 0.0535862 0.0572788 0.0776748 0.0669029 0.0800539 0.0739903 0.1103654 0.1103654 
Acrobatidae_Distoechurus_pennatus            0.0396904 0.0538253 0.0537257 0.0546121 0.0472271 0.0533353 0.0507917 0.0501880 0.0773178 0.0530307 0.0462761 0.0651280 0.0508448 0.0307395 0.0592164 0.0581743 0.0459123 0.0722551 0.0501090 0.0493920 0.0610775 0.0760778 0.0448506 0.0496327 0.0586295 0.0446437 0.0486569 0.0504045 0.0535862 0.0000000 0.0489542 0.0753190 0.0585596 0.0739305 0.0635490 0.1197806 0.1197806 
Phalangeridae_Phalanger_carmelitae           0.0369848 0.0455403 0.0517414 0.0526237 0.0416633 0.0338560 0.0224709 0.0498887 0.0600600 0.0122933 0.0421440 0.0578327 0.0030435 0.0457031 0.0565873 0.0543451 0.0392598 0.0659092 0.0501717 0.0487419 0.0585019 0.0776913 0.0412727 0.0497949 0.0525082 0.0453403 0.0502950 0.0430777 0.0572788 0.0489542 0.0000000 0.0595009 0.0541128 0.0664688 0.0577708 0.1156995 0.1156995 
Peramelidae_Peroryctes_raffrayana            0.0523722 0.0638580 0.0730488 0.0718622 0.0490001 0.0734658 0.0686472 0.0783115 0.0132669 0.0624720 0.0472006 0.0778477 0.0606571 0.0701066 0.0721828 0.0738890 0.0431122 0.0117965 0.0713131 0.0670822 0.0658382 0.0940154 0.0465159 0.0728745 0.0621759 0.0643639 0.0727567 0.0644133 0.0776748 0.0753190 0.0595009 0.0000000 0.0711838 0.0139220 0.0800501 0.1488276 0.1488276 
Dasyuridae_Dasyurus_geffroii                 0.0519840 0.0552076 0.0639323 0.0631535 0.0024207 0.0621103 0.0548420 0.0592570 0.0710158 0.0567167 0.0101246 0.0228935 0.0560489 0.0575506 0.0141995 0.0076863 0.0096749 0.0687537 0.0578044 0.0631475 0.0635088 0.0807746 0.0085789 0.0607234 0.0593990 0.0605598 0.0580245 0.0671596 0.0669029 0.0585596 0.0541128 0.0711838 0.0000000 0.0689301 0.0675518 0.0791678 0.0791678 
Peramelidae_Perameles_gunnii                 0.0608964 0.0660646 0.0762594 0.0755046 0.0550044 0.0752372 0.0668063 0.0772593 0.0010595 0.0698544 0.0557717 0.0756683 0.0684557 0.0726112 0.0686007 0.0706068 0.0500694 0.0147778 0.0763860 0.0705540 0.0736942 0.0936440 0.0530145 0.0717123 0.0679006 0.0712840 0.0766389 0.0664126 0.0800539 0.0739305 0.0664688 0.0139220 0.0689301 0.0000000 0.0725012 0.1666180 0.1666180 
Notoryctidae_Notoryctes_typhlops             0.0558069 0.0607214 0.0713016 0.0714394 0.0506346 0.0648910 0.0597618 0.0705722 0.0837015 0.0622396 0.0527594 0.0729987 0.0600733 0.0651627 0.0685172 0.0701792 0.0491337 0.0711828 0.0687963 0.0678506 0.0605086 0.0865605 0.0496362 0.0701342 0.0613774 0.0707578 0.0693105 0.0738240 0.0739903 0.0635490 0.0577708 0.0800501 0.0675518 0.0725012 0.0000000 0.1499973 0.1499973 
Myrmecobiidae_Myrmecobius_fasciatus1         0.0923658 0.1333104 0.1345272 0.1386445 9.0000000 0.1969588 0.2051017 0.1409162 0.1730797 0.1151595 9.0000000 0.0824047 0.1215865 0.1304764 0.0867626 0.0849185 9.0000000 0.1652112 0.1294059 0.1257627 9.0000000 0.1728306 9.0000000 0.1426857 0.0981072 0.1122017 0.1353560 0.1246381 0.1103654 0.1197806 0.1156995 0.1488276 0.0791678 0.1666180 0.1499973 0.0000000 0.0000010 
Myrmecobiidae_Myrmecobius_fasciatus2         0.0923658 0.1333104 0.1345272 0.1386445 9.0000000 0.1969588 0.2051017 0.1409162 0.1730797 0.1151595 9.0000000 0.0824047 0.1215865 0.1304764 0.0867626 0.0849185 9.0000000 0.1652112 0.1294059 0.1257627 9.0000000 0.1728306 9.0000000 0.1426857 0.0981072 0.1122017 0.1353560 0.1246381 0.1103654 0.1197806 0.1156995 0.1488276 0.0791678 0.1666180 0.1499973 0.0000010 0.0000000 
