35
Burramyidae_Burramys_parvus                  0.0000000 0.0643712 0.0425075 0.0432109 0.0456312 0.0749500 0.0404736 0.0420839 0.0413698 0.0697784 0.0422393 0.0720182 0.0714265 0.0439531 0.0530452 0.0733682 0.0712410 0.0695700 0.0713325 0.0397093 0.0516021 0.0796650 0.0725579 0.0724414 0.0430795 0.0586454 0.0445701 0.0411673 0.0425859 0.0626700 0.0529217 0.0447921 0.0696404 0.0756283 0.0695528 
Notoryctidae_Notoryctes_typhlops             0.0643712 0.0000000 0.0581643 0.0580341 0.0615820 0.0855082 0.0596147 0.0610131 0.0564636 0.0662322 0.0612657 0.0840696 0.0838260 0.0648710 0.0692446 0.0846220 0.0832417 0.0844573 0.0660731 0.0555652 0.0723467 0.0842186 0.0805086 0.0845751 0.0630586 0.0599492 0.0656827 0.0560929 0.0608398 0.0806671 0.0767612 0.0665568 0.0658416 0.0849452 0.0665500 
Vombatidae_Lasiorhinus_latifrons             0.0425075 0.0581643 0.0000000 0.0431514 0.0446477 0.0736669 0.0401417 0.0432403 0.0409942 0.0670737 0.0402166 0.0708066 0.0697033 0.0444793 0.0522302 0.0733931 0.0708667 0.0686327 0.0679490 0.0404689 0.0510268 0.0704823 0.0663848 0.0727563 0.0451258 0.0580164 0.0432859 0.0407406 0.0421232 0.0570475 0.0545049 0.0453032 0.0659800 0.0737409 0.0674514 
Potoroidae_Bettongia_penicillata             0.0432109 0.0580341 0.0431514 0.0000000 0.0067441 0.0721834 0.0423545 0.0414945 0.0079246 0.0687107 0.0407661 0.0698769 0.0699712 0.0442821 0.0530085 0.0718342 0.0703133 0.0697383 0.0705223 0.0168778 0.0506683 0.0771418 0.0719903 0.0715269 0.0293031 0.0583023 0.0441994 0.0168459 0.0433074 0.0592897 0.0522881 0.0445198 0.0673082 0.0725268 0.0693738 
Potoroidae_Bettongia_lesueur                 0.0456312 0.0615820 0.0446477 0.0067441 0.0000000 0.0742823 0.0444687 0.0424066 0.0096921 0.0709186 0.0407841 0.0719730 0.0726934 0.0470004 0.0524188 0.0739320 0.0717973 0.0709996 0.0727303 0.0183685 0.0522250 0.0784026 0.0728891 0.0736477 0.0322909 0.0595637 0.0441684 0.0183338 0.0454173 0.0605429 0.0529135 0.0472345 0.0695417 0.0746262 0.0712775 
Dasyuridae_Dasyurus_maculatus                0.0749500 0.0855082 0.0736669 0.0721834 0.0742823 0.0000000 0.0732243 0.0726519 0.0712109 0.0887033 0.0718201 0.0164818 0.0239575 0.0718578 0.0846952 0.0176862 0.0093869 0.0218036 0.0913137 0.0711740 0.0805631 0.1056657 0.1047153 0.0174177 0.0739519 0.0770722 0.0772255 0.0722993 0.0762128 0.0950541 0.0867641 0.0726560 0.0902922 0.0067412 0.0897359 
Phalangeridae_Trichosurus_vulpecula          0.0404736 0.0596147 0.0401417 0.0423545 0.0444687 0.0732243 0.0000000 0.0206295 0.0396472 0.0677700 0.0219700 0.0697163 0.0710962 0.0230405 0.0548736 0.0710470 0.0714317 0.0656995 0.0702285 0.0415844 0.0500427 0.0782203 0.0689455 0.0716657 0.0416373 0.0611245 0.0399906 0.0418176 0.0426903 0.0596136 0.0565625 0.0238886 0.0679411 0.0742320 0.0681254 
Phalangeridae_Spilocuscus_maculatus          0.0420839 0.0610131 0.0432403 0.0414945 0.0424066 0.0726519 0.0206295 0.0000000 0.0409110 0.0693945 0.0107721 0.0713390 0.0699483 0.0138188 0.0531351 0.0726737 0.0701757 0.0667157 0.0721678 0.0416637 0.0488355 0.0835727 0.0761899 0.0720815 0.0420023 0.0583126 0.0413529 0.0409940 0.0424701 0.0627248 0.0551268 0.0143768 0.0695885 0.0736595 0.0697516 
Potoroidae_Aepyprymnus_rufescens             0.0413698 0.0564636 0.0409942 0.0079246 0.0096921 0.0712109 0.0396472 0.0409110 0.0000000 0.0673971 0.0386228 0.0695300 0.0702468 0.0430777 0.0493757 0.0708697 0.0699656 0.0694047 0.0702135 0.0147849 0.0490952 0.0740998 0.0695044 0.0712009 0.0277979 0.0562610 0.0400542 0.0153586 0.0408225 0.0583789 0.0492216 0.0433038 0.0672543 0.0722002 0.0675468 
Peramelidae_Perameles_nasuta                 0.0697784 0.0662322 0.0670737 0.0687107 0.0709186 0.0887033 0.0677700 0.0693945 0.0673971 0.0000000 0.0676049 0.0872839 0.0880347 0.0709487 0.0793143 0.0886695 0.0861936 0.0831645 0.0135526 0.0673155 0.0830720 0.0879811 0.0836861 0.0883861 0.0701481 0.0673158 0.0698714 0.0682317 0.0758538 0.0877842 0.0834291 0.0718484 0.0124100 0.0891009 0.0002933 
Phalangeridae_Strigocuscus_pelengensis       0.0422393 0.0612657 0.0402166 0.0407661 0.0407841 0.0718201 0.0219700 0.0107721 0.0386228 0.0676049 0.0000000 0.0695694 0.0687592 0.0128829 0.0527768 0.0721881 0.0680388 0.0649850 0.0682073 0.0389664 0.0494108 0.0822339 0.0752437 0.0714967 0.0394590 0.0576228 0.0442046 0.0383368 0.0432449 0.0624812 0.0542090 0.0125683 0.0654740 0.0725085 0.0681749 
Dasyuridae_Phascogale_tapoatafa              0.0720182 0.0840696 0.0708066 0.0698769 0.0719730 0.0164818 0.0697163 0.0713390 0.0695300 0.0872839 0.0695694 0.0000000 0.0224301 0.0701818 0.0851513 0.0029212 0.0147288 0.0201863 0.0911394 0.0688524 0.0778390 0.1050609 0.1031584 0.0085088 0.0700864 0.0717968 0.0779579 0.0696635 0.0741920 0.0922609 0.0863368 0.0706707 0.0901578 0.0171019 0.0883414 
Dasyuridae_Sminthopsis_macroura              0.0714265 0.0838260 0.0697033 0.0699712 0.0726934 0.0239575 0.0710962 0.0699483 0.0702468 0.0880347 0.0687592 0.0224301 0.0000000 0.0700379 0.0831836 0.0242418 0.0233691 0.0161298 0.0893043 0.0702558 0.0785502 0.1039919 0.1047673 0.0239846 0.0701845 0.0748284 0.0777611 0.0710622 0.0727033 0.0944276 0.0861714 0.0708573 0.0892556 0.0236886 0.0887779 
Phalangeridae_Phalanger_orientalis           0.0439531 0.0648710 0.0444793 0.0442821 0.0470004 0.0718578 0.0230405 0.0138188 0.0430777 0.0709487 0.0128829 0.0701818 0.0700379 0.0000000 0.0558644 0.0721323 0.0693207 0.0658260 0.0730984 0.0432194 0.0497689 0.0845964 0.0748796 0.0715394 0.0432646 0.0612762 0.0425572 0.0431519 0.0424735 0.0656434 0.0563926 0.0040970 0.0708496 0.0734918 0.0706829 
Acrobatidae_Acrobates_pygmaeus               0.0530452 0.0692446 0.0522302 0.0530085 0.0524188 0.0846952 0.0548736 0.0531351 0.0493757 0.0793143 0.0527768 0.0851513 0.0831836 0.0558644 0.0000000 0.0852768 0.0846949 0.0795900 0.0808635 0.0483161 0.0539031 0.0871425 0.0819767 0.0858983 0.0501938 0.0648928 0.0446296 0.0488487 0.0461501 0.0600828 0.0340956 0.0569769 0.0785594 0.0869834 0.0799914 
Dasyuridae_Phascogale_calura                 0.0733682 0.0846220 0.0733931 0.0718342 0.0739320 0.0176862 0.0710470 0.0726737 0.0708697 0.0886695 0.0721881 0.0029212 0.0242418 0.0721323 0.0852768 0.0000000 0.0171160 0.0214632 0.0918515 0.0708137 0.0791925 0.1050719 0.1035929 0.0102859 0.0714259 0.0732154 0.0775881 0.0716230 0.0745701 0.0931780 0.0874053 0.0732409 0.0915539 0.0191985 0.0897306 
Dasyuridae_Sarcophilus_harrisii              0.0712410 0.0832417 0.0708667 0.0703133 0.0717973 0.0093869 0.0714317 0.0701757 0.0699656 0.0861936 0.0680388 0.0147288 0.0233691 0.0693207 0.0846949 0.0171160 0.0000000 0.0205549 0.0877755 0.0693064 0.0779149 0.1040445 0.1039639 0.0168464 0.0717718 0.0745058 0.0734096 0.0701141 0.0733347 0.0925759 0.0849423 0.0695007 0.0867727 0.0099919 0.0872513 
Dasyuridae_Planigale_tenuirostris            0.0695700 0.0844573 0.0686327 0.0697383 0.0709996 0.0218036 0.0656995 0.0667157 0.0694047 0.0831645 0.0649850 0.0201863 0.0161298 0.0658260 0.0795900 0.0214632 0.0205549 0.0000000 0.0849614 0.0681515 0.0765917 0.1005806 0.1014854 0.0217787 0.0673498 0.0733687 0.0740022 0.0677103 0.0712993 0.0879892 0.0813437 0.0667192 0.0847652 0.0227689 0.0838510 
Peramelidae_Echymipera_kalubu                0.0713325 0.0660731 0.0679490 0.0705223 0.0727303 0.0913137 0.0702285 0.0721678 0.0702135 0.0135526 0.0682073 0.0911394 0.0893043 0.0730984 0.0808635 0.0918515 0.0877755 0.0849614 0.0000000 0.0694551 0.0822883 0.0931128 0.0879054 0.0913130 0.0719489 0.0693283 0.0701555 0.0700402 0.0748806 0.0877157 0.0855291 0.0740050 0.0121023 0.0917142 0.0138612 
Macropodidae_Dorcopsulus_vanheurni           0.0397093 0.0555652 0.0404689 0.0168778 0.0183685 0.0711740 0.0415844 0.0416637 0.0147849 0.0673155 0.0389664 0.0688524 0.0702558 0.0432194 0.0483161 0.0708137 0.0693064 0.0681515 0.0694551 0.0000000 0.0480276 0.0742117 0.0681956 0.0704874 0.0275983 0.0558408 0.0385122 0.0050038 0.0415937 0.0576318 0.0487895 0.0434593 0.0655840 0.0721672 0.0676895 
Pseudochiridae_Pseudochirulus_forbesi        0.0516021 0.0723467 0.0510268 0.0506683 0.0522250 0.0805631 0.0500427 0.0488355 0.0490952 0.0830720 0.0494108 0.0778390 0.0785502 0.0497689 0.0539031 0.0791925 0.0779149 0.0765917 0.0822883 0.0480276 0.0000000 0.0907713 0.0843534 0.0798561 0.0505213 0.0613553 0.0299867 0.0491046 0.0161047 0.0601684 0.0556492 0.0499860 0.0796644 0.0819432 0.0834739 
Didelphidae_Didelphis_virginiana             0.0796650 0.0842186 0.0704823 0.0771418 0.0784026 0.1056657 0.0782203 0.0835727 0.0740998 0.0879811 0.0822339 0.1050609 0.1039919 0.0845964 0.0871425 0.1050719 0.1040445 0.1005806 0.0931128 0.0742117 0.0907713 0.0000000 0.0381519 0.1027717 0.0810707 0.0813091 0.0830554 0.0737516 0.0815920 0.0951436 0.0893919 0.0857278 0.0900390 0.1048338 0.0888024 
Marmosidae_Monodelphis_domestica             0.0725579 0.0805086 0.0663848 0.0719903 0.0728891 0.1047153 0.0689455 0.0761899 0.0695044 0.0836861 0.0752437 0.1031584 0.1047673 0.0748796 0.0819767 0.1035929 0.1039639 0.1014854 0.0879054 0.0681956 0.0843534 0.0381519 0.0000000 0.1006841 0.0749681 0.0728383 0.0784713 0.0687161 0.0753046 0.0951467 0.0830261 0.0762246 0.0858667 0.1037781 0.0840889 
Dasyuridae_Antechinus_stuartii               0.0724414 0.0845751 0.0727563 0.0715269 0.0736477 0.0174177 0.0716657 0.0720815 0.0712009 0.0883861 0.0714967 0.0085088 0.0239846 0.0715394 0.0858983 0.0102859 0.0168464 0.0217787 0.0913130 0.0704874 0.0798561 0.1027717 0.1006841 0.0000000 0.0723725 0.0749068 0.0789603 0.0712166 0.0748862 0.0928216 0.0864709 0.0726492 0.0902380 0.0183387 0.0894180 
Hypsiprymnodontidae_Hypsiprymnodon_moschatus 0.0430795 0.0630586 0.0451258 0.0293031 0.0322909 0.0739519 0.0416373 0.0420023 0.0277979 0.0701481 0.0394590 0.0700864 0.0701845 0.0432646 0.0501938 0.0714259 0.0717718 0.0673498 0.0719489 0.0275983 0.0505213 0.0810707 0.0749681 0.0723725 0.0000000 0.0575411 0.0469301 0.0269433 0.0440758 0.0616465 0.0502731 0.0434857 0.0697071 0.0749545 0.0695749 
Microbiotheriidae_Dromiciops_gliroides       0.0586454 0.0599492 0.0580164 0.0583023 0.0595637 0.0770722 0.0611245 0.0583126 0.0562610 0.0673158 0.0576228 0.0717968 0.0748284 0.0612762 0.0648928 0.0732154 0.0745058 0.0733687 0.0693283 0.0558408 0.0613553 0.0813091 0.0728383 0.0749068 0.0575411 0.0000000 0.0598514 0.0549077 0.0572277 0.0798160 0.0689421 0.0614978 0.0677529 0.0778111 0.0677958 
Pseudochiridae_Petauroides_volans            0.0445701 0.0656827 0.0432859 0.0441994 0.0441684 0.0772255 0.0399906 0.0413529 0.0400542 0.0698714 0.0442046 0.0779579 0.0777611 0.0425572 0.0446296 0.0775881 0.0734096 0.0740022 0.0701555 0.0385122 0.0299867 0.0830554 0.0784713 0.0789603 0.0469301 0.0598514 0.0000000 0.0392799 0.0237559 0.0544737 0.0509300 0.0445728 0.0674834 0.0785994 0.0697892 
Macropodidae_Wallabia_bicolor                0.0411673 0.0560929 0.0407406 0.0168459 0.0183338 0.0722993 0.0418176 0.0409940 0.0153586 0.0682317 0.0383368 0.0696635 0.0710622 0.0431519 0.0488487 0.0716230 0.0701141 0.0677103 0.0700402 0.0050038 0.0491046 0.0737516 0.0687161 0.0712166 0.0269433 0.0549077 0.0392799 0.0000000 0.0421190 0.0575453 0.0505218 0.0433916 0.0668290 0.0726433 0.0685883 
Pseudochiridae_Pseudocheirus_occidentalis    0.0425859 0.0608398 0.0421232 0.0433074 0.0454173 0.0762128 0.0426903 0.0424701 0.0408225 0.0758538 0.0432449 0.0741920 0.0727033 0.0424735 0.0461501 0.0745701 0.0733347 0.0712993 0.0748806 0.0415937 0.0161047 0.0815920 0.0753046 0.0748862 0.0440758 0.0572277 0.0237559 0.0421190 0.0000000 0.0509072 0.0481503 0.0433019 0.0733169 0.0775504 0.0756794 
Tarsipedidae_Tarsipes_rostratus              0.0626700 0.0806671 0.0570475 0.0592897 0.0605429 0.0950541 0.0596136 0.0627248 0.0583789 0.0877842 0.0624812 0.0922609 0.0944276 0.0656434 0.0600828 0.0931780 0.0925759 0.0879892 0.0877157 0.0576318 0.0601684 0.0951436 0.0951467 0.0928216 0.0616465 0.0798160 0.0544737 0.0575453 0.0509072 0.0000000 0.0652958 0.0671979 0.0871872 0.0934361 0.0877561 
Acrobatidae_Distoechurus_pennatus            0.0529217 0.0767612 0.0545049 0.0522881 0.0529135 0.0867641 0.0565625 0.0551268 0.0492216 0.0834291 0.0542090 0.0863368 0.0861714 0.0563926 0.0340956 0.0874053 0.0849423 0.0813437 0.0855291 0.0487895 0.0556492 0.0893919 0.0830261 0.0864709 0.0502731 0.0689421 0.0509300 0.0505218 0.0481503 0.0652958 0.0000000 0.0578144 0.0832662 0.0870654 0.0828334 
Phalangeridae_Phalanger_carmelitae           0.0447921 0.0665568 0.0453032 0.0445198 0.0472345 0.0726560 0.0238886 0.0143768 0.0433038 0.0718484 0.0125683 0.0706707 0.0708573 0.0040970 0.0569769 0.0732409 0.0695007 0.0667192 0.0740050 0.0434593 0.0499860 0.0857278 0.0762246 0.0726492 0.0434857 0.0614978 0.0445728 0.0433916 0.0433019 0.0671979 0.0578144 0.0000000 0.0717594 0.0739756 0.0716060 
Peramelidae_Peroryctes_raffrayana            0.0696404 0.0658416 0.0659800 0.0673082 0.0695417 0.0902922 0.0679411 0.0695885 0.0672543 0.0124100 0.0654740 0.0901578 0.0892556 0.0708496 0.0785594 0.0915539 0.0867727 0.0847652 0.0121023 0.0655840 0.0796644 0.0900390 0.0858667 0.0902380 0.0697071 0.0677529 0.0674834 0.0668290 0.0733169 0.0871872 0.0832662 0.0717594 0.0000000 0.0906928 0.0124324 
Dasyuridae_Dasyurus_geffroii                 0.0756283 0.0849452 0.0737409 0.0725268 0.0746262 0.0067412 0.0742320 0.0736595 0.0722002 0.0891009 0.0725085 0.0171019 0.0236886 0.0734918 0.0869834 0.0191985 0.0099919 0.0227689 0.0917142 0.0721672 0.0819432 0.1048338 0.1037781 0.0183387 0.0749545 0.0778111 0.0785994 0.0726433 0.0775504 0.0934361 0.0870654 0.0739756 0.0906928 0.0000000 0.0901349 
Peramelidae_Perameles_gunnii                 0.0695528 0.0665500 0.0674514 0.0693738 0.0712775 0.0897359 0.0681254 0.0697516 0.0675468 0.0002933 0.0681749 0.0883414 0.0887779 0.0706829 0.0799914 0.0897306 0.0872513 0.0838510 0.0138612 0.0676895 0.0834739 0.0888024 0.0840889 0.0894180 0.0695749 0.0677958 0.0697892 0.0685883 0.0756794 0.0877561 0.0828334 0.0716060 0.0124324 0.0901349 0.0000000 
