35
Burramyidae_Burramys_parvus                  0.0000000 0.2731577 0.2324720 0.2235144 0.2395660 0.2636632 0.2035821 0.1943235 0.2296270 0.1937207 0.1925447 0.2613217 0.2652698 0.1998397 0.2194088 0.2724175 0.2700167 0.2622976 0.2756879 0.2318569 0.2296916 0.3144824 0.2453660 0.3625996 0.2223170 0.2585432 0.2211206 0.2206875 0.2286627 0.3130634 0.2093572 0.2014246 0.3364141 0.2707661 0.1885371 
Notoryctidae_Notoryctes_typhlops             0.2731577 0.0000000 0.1211806 0.1328262 0.1431024 0.1214094 0.1119946 0.1082984 0.1341034 0.1921666 0.1066371 0.1213417 0.1225480 0.1158057 0.1343418 0.1003221 0.1245046 0.1147541 0.1835319 0.1351120 0.1273841 0.1601446 0.1550046 0.1058826 0.1318885 0.1474076 0.1205166 0.1305334 0.1166591 0.1759429 0.1314605 0.1153643 0.1692635 0.1290681 0.1897686 
Vombatidae_Lasiorhinus_latifrons             0.2324720 0.1211806 0.0000000 0.0993523 0.1138446 0.1210024 0.0893290 0.0916044 0.1028296 0.1738968 0.0933367 0.1129155 0.1199857 0.1027616 0.0932647 0.0937286 0.1251923 0.1130527 0.1595427 0.1028064 0.0988826 0.1478640 0.1341683 0.1062317 0.1008277 0.1340424 0.0908687 0.0992970 0.0920806 0.1408836 0.0934706 0.1021194 0.1554946 0.1248193 0.1721300 
Potoroidae_Bettongia_penicillata             0.2235144 0.1328262 0.0993523 0.0000000 0.0206996 0.1374523 0.0889933 0.0876208 0.0198603 0.1916287 0.0906811 0.1296236 0.1336544 0.0987321 0.0927871 0.0988181 0.1379322 0.1177830 0.1688207 0.0325526 0.1060877 0.1552664 0.1445156 0.1191387 0.0534757 0.1574965 0.0948501 0.0308391 0.0930140 0.1510492 0.0884258 0.0964323 0.1628783 0.1382409 0.1899016 
Potoroidae_Bettongia_lesueur                 0.2395660 0.1431024 0.1138446 0.0206996 0.0000000 0.1539932 0.1048536 0.1013183 0.0190376 0.2106941 0.1047728 0.1482432 0.1526400 0.1143044 0.1069434 0.1182515 0.1558432 0.1371476 0.1884620 0.0335179 0.1212025 0.1686916 0.1607734 0.1409207 0.0655476 0.1760598 0.1086821 0.0323873 0.1056927 0.1695045 0.1032281 0.1119075 0.1735383 0.1562922 0.2096147 
Dasyuridae_Dasyurus_maculatus                0.2636632 0.1214094 0.1210024 0.1374523 0.1539932 0.0000000 0.1185061 0.1179781 0.1394566 0.1871535 0.1198026 0.0183960 0.0283468 0.1319118 0.1319945 0.0145491 0.0081185 0.0205011 0.1787246 0.1418175 0.1280550 0.1535830 0.1440617 0.0160519 0.1373664 0.1392610 0.1156019 0.1326625 0.1193264 0.1729247 0.1164079 0.1292383 0.1651125 0.0090265 0.1864340 
Phalangeridae_Trichosurus_vulpecula          0.2035821 0.1119946 0.0893290 0.0889933 0.1048536 0.1185061 0.0000000 0.0348613 0.0927358 0.1723031 0.0352691 0.1112836 0.1168760 0.0412533 0.0803647 0.0823494 0.1195942 0.1036583 0.1547737 0.0914150 0.0948333 0.1487934 0.1333490 0.1010827 0.0827958 0.1429604 0.0775396 0.0835334 0.0800500 0.1377911 0.0816725 0.0407128 0.1549199 0.1192724 0.1684443 
Phalangeridae_Spilocuscus_maculatus          0.1943235 0.1082984 0.0916044 0.0876208 0.1013183 0.1179781 0.0348613 0.0000000 0.0878369 0.1685966 0.0124060 0.1104820 0.1171363 0.0203406 0.0773987 0.0805105 0.1170727 0.1069666 0.1509188 0.0856303 0.0922793 0.1378771 0.1240442 0.1070660 0.0815729 0.1339291 0.0740264 0.0798427 0.0845131 0.1345381 0.0760488 0.0180921 0.1474848 0.1180659 0.1662471 
Potoroidae_Aepyprymnus_rufescens             0.2296270 0.1341034 0.1028296 0.0198603 0.0190376 0.1394566 0.0927358 0.0878369 0.0000000 0.1928723 0.0943710 0.1342339 0.1382620 0.0996931 0.0967316 0.1050764 0.1399902 0.1245544 0.1747601 0.0282598 0.1088684 0.1572858 0.1518381 0.1280588 0.0578614 0.1611973 0.0977523 0.0262833 0.0948610 0.1549205 0.0933341 0.0973936 0.1608153 0.1442017 0.1924266 
Peramelidae_Perameles_nasuta                 0.1937207 0.1921666 0.1738968 0.1916287 0.2106941 0.1871535 0.1723031 0.1685966 0.1928723 0.0000000 0.1734851 0.1831173 0.1804857 0.1804848 0.1787537 0.1479029 0.1887106 0.1708929 0.0263005 0.1963341 0.1740535 0.2026358 0.1824643 0.1482140 0.1900682 0.1723433 0.1658100 0.1928856 0.1661574 0.2315954 0.1695082 0.1815014 0.0274470 0.1910968 0.0005090 
Phalangeridae_Strigocuscus_pelengensis       0.1925447 0.1066371 0.0933367 0.0906811 0.1047728 0.1198026 0.0352691 0.0124060 0.0943710 0.1734851 0.0000000 0.1139039 0.1195238 0.0215027 0.0798793 0.0862346 0.1182432 0.1081829 0.1567169 0.0923281 0.0936542 0.1377123 0.1245388 0.1058602 0.0857281 0.1316781 0.0798406 0.0847697 0.0839163 0.1356668 0.0815668 0.0201050 0.1562976 0.1203828 0.1707868 
Dasyuridae_Phascogale_tapoatafa              0.2613217 0.1213417 0.1129155 0.1296236 0.1482432 0.0183960 0.1112836 0.1104820 0.1342339 0.1831173 0.1139039 0.0000000 0.0226267 0.1242192 0.1240558 0.0039665 0.0183639 0.0187356 0.1710137 0.1387561 0.1247076 0.1515662 0.1420961 0.0102894 0.1287296 0.1352518 0.1101242 0.1297297 0.1158411 0.1663231 0.1099404 0.1217033 0.1593038 0.0213295 0.1826135 
Dasyuridae_Sminthopsis_macroura              0.2652698 0.1225480 0.1199857 0.1336544 0.1526400 0.0283468 0.1168760 0.1171363 0.1382620 0.1804857 0.1195238 0.0226267 0.0000000 0.1283642 0.1294283 0.0181656 0.0283056 0.0204221 0.1729929 0.1413846 0.1313182 0.1527111 0.1388498 0.0220033 0.1348512 0.1388723 0.1192770 0.1317940 0.1222905 0.1709030 0.1148700 0.1277596 0.1599999 0.0294341 0.1794113 
Phalangeridae_Phalanger_orientalis           0.1998397 0.1158057 0.1027616 0.0987321 0.1143044 0.1319118 0.0412533 0.0203406 0.0996931 0.1804848 0.0215027 0.1242192 0.1283642 0.0000000 0.0903235 0.0942027 0.1303061 0.1212860 0.1606695 0.0985167 0.1023406 0.1428504 0.1333138 0.1128837 0.0931540 0.1458384 0.0852152 0.0913675 0.0900374 0.1440657 0.0918477 0.0096881 0.1638802 0.1314346 0.1773807 
Acrobatidae_Acrobates_pygmaeus               0.2194088 0.1343418 0.0932647 0.0927871 0.1069434 0.1319945 0.0803647 0.0773987 0.0967316 0.1787537 0.0798793 0.1240558 0.1294283 0.0903235 0.0000000 0.0906195 0.1336060 0.1187650 0.1674769 0.0954088 0.0859258 0.1481710 0.1348886 0.1208995 0.0887211 0.1492972 0.0762855 0.0887774 0.0739521 0.1429019 0.0504580 0.0880095 0.1605349 0.1333604 0.1781712 
Dasyuridae_Phascogale_calura                 0.2724175 0.1003221 0.0937286 0.0988181 0.1182515 0.0145491 0.0823494 0.0805105 0.1050764 0.1479029 0.0862346 0.0039665 0.0181656 0.0942027 0.0906195 0.0000000 0.0145199 0.0159965 0.1397355 0.1089916 0.1076010 0.1202324 0.1096397 0.0053443 0.1009483 0.1201492 0.0912683 0.1027647 0.0934419 0.1454353 0.0846574 0.0922972 0.1289154 0.0164676 0.1490819 
Dasyuridae_Sarcophilus_harrisii              0.2700167 0.1245046 0.1251923 0.1379322 0.1558432 0.0081185 0.1195942 0.1170727 0.1399902 0.1887106 0.1182432 0.0183639 0.0283056 0.1303061 0.1336060 0.0145199 0.0000000 0.0215582 0.1790978 0.1444046 0.1311568 0.1538193 0.1467827 0.0182769 0.1385038 0.1466633 0.1181069 0.1371250 0.1225963 0.1732722 0.1186973 0.1282865 0.1664319 0.0121217 0.1879043 
Dasyuridae_Planigale_tenuirostris            0.2622976 0.1147541 0.1130527 0.1177830 0.1371476 0.0205011 0.1036583 0.1069666 0.1245544 0.1708929 0.1081829 0.0187356 0.0204221 0.1212860 0.1187650 0.0159965 0.0215582 0.0000000 0.1617214 0.1241517 0.1211970 0.1451516 0.1282139 0.0148727 0.1197178 0.1351486 0.1077175 0.1181320 0.1101085 0.1642442 0.1039599 0.1190377 0.1490540 0.0222358 0.1690904 
Peramelidae_Echymipera_kalubu                0.2756879 0.1835319 0.1595427 0.1688207 0.1884620 0.1787246 0.1547737 0.1509188 0.1747601 0.0263005 0.1567169 0.1710137 0.1729929 0.1606695 0.1674769 0.1397355 0.1790978 0.1617214 0.0000000 0.1779967 0.1690128 0.1865297 0.1666774 0.1393009 0.1680408 0.1897258 0.1561322 0.1721751 0.1550258 0.2186334 0.1617954 0.1571338 0.0245381 0.1781931 0.0272238 
Macropodidae_Dorcopsulus_vanheurni           0.2318569 0.1351120 0.1028064 0.0325526 0.0335179 0.1418175 0.0914150 0.0856303 0.0282598 0.1963341 0.0923281 0.1387561 0.1413846 0.0985167 0.0954088 0.1089916 0.1444046 0.1241517 0.1779967 0.0000000 0.1134938 0.1622405 0.1614176 0.1359189 0.0576673 0.1614263 0.0953693 0.0098072 0.0973203 0.1586008 0.0893853 0.0960900 0.1628305 0.1446641 0.1970995 
Pseudochiridae_Pseudochirulus_forbesi        0.2296916 0.1273841 0.0988826 0.1060877 0.1212025 0.1280550 0.0948333 0.0922793 0.1088684 0.1740535 0.0936542 0.1247076 0.1313182 0.1023406 0.0859258 0.1076010 0.1311568 0.1211970 0.1690128 0.1134938 0.0000000 0.1590236 0.1480479 0.1220359 0.0997336 0.1480531 0.0600087 0.1059576 0.0341089 0.1367306 0.0838284 0.1037447 0.1612385 0.1320625 0.1716474 
Didelphidae_Didelphis_virginiana             0.3144824 0.1601446 0.1478640 0.1552664 0.1686916 0.1535830 0.1487934 0.1378771 0.1572858 0.2026358 0.1377123 0.1515662 0.1527111 0.1428504 0.1481710 0.1202324 0.1538193 0.1451516 0.1865297 0.1622405 0.1590236 0.0000000 0.0572942 0.1251090 0.1535241 0.1738597 0.1473975 0.1600873 0.1446197 0.2083870 0.1487500 0.1412416 0.1746875 0.1559498 0.2020900 
Marmosidae_Monodelphis_domestica             0.2453660 0.1550046 0.1341683 0.1445156 0.1607734 0.1440617 0.1333490 0.1240442 0.1518381 0.1824643 0.1245388 0.1420961 0.1388498 0.1333138 0.1348886 0.1096397 0.1467827 0.1282139 0.1666774 0.1614176 0.1480479 0.0572942 0.0000000 0.1363474 0.1434088 0.1610974 0.1318549 0.1503898 0.1365607 0.1975984 0.1327185 0.1310712 0.1683233 0.1447149 0.1745334 
Dasyuridae_Antechinus_stuartii               0.3625996 0.1058826 0.1062317 0.1191387 0.1409207 0.0160519 0.1010827 0.1070660 0.1280588 0.1482140 0.1058602 0.0102894 0.0220033 0.1128837 0.1208995 0.0053443 0.0182769 0.0148727 0.1393009 0.1359189 0.1220359 0.1251090 0.1363474 0.0000000 0.1124885 0.1416321 0.1013863 0.1278887 0.1093620 0.1349066 0.1040914 0.1104954 0.1254398 0.0183369 0.1477812 
Hypsiprymnodontidae_Hypsiprymnodon_moschatus 0.2223170 0.1318885 0.1008277 0.0534757 0.0655476 0.1373664 0.0827958 0.0815729 0.0578614 0.1900682 0.0857281 0.1287296 0.1348512 0.0931540 0.0887211 0.1009483 0.1385038 0.1197178 0.1680408 0.0576673 0.0997336 0.1535241 0.1434088 0.1124885 0.0000000 0.1535349 0.0863616 0.0516584 0.0832549 0.1459595 0.0845623 0.0932625 0.1701018 0.1395402 0.1833986 
Microbiotheriidae_Dromiciops_gliroides       0.2585432 0.1474076 0.1340424 0.1574965 0.1760598 0.1392610 0.1429604 0.1339291 0.1611973 0.1723433 0.1316781 0.1352518 0.1388723 0.1458384 0.1492972 0.1201492 0.1466633 0.1351486 0.1897258 0.1614263 0.1480531 0.1738597 0.1610974 0.1416321 0.1535349 0.0000000 0.1342173 0.1567610 0.1378457 0.2131587 0.1423103 0.1447482 0.1935749 0.1455837 0.1705239 
Pseudochiridae_Petauroides_volans            0.2211206 0.1205166 0.0908687 0.0948501 0.1086821 0.1156019 0.0775396 0.0740264 0.0977523 0.1658100 0.0798406 0.1101242 0.1192770 0.0852152 0.0762855 0.0912683 0.1181069 0.1077175 0.1561322 0.0953693 0.0600087 0.1473975 0.1318549 0.1013863 0.0863616 0.1342173 0.0000000 0.0915426 0.0492476 0.1262723 0.0757318 0.0859350 0.1421036 0.1182190 0.1655073 
Macropodidae_Wallabia_bicolor                0.2206875 0.1305334 0.0992970 0.0308391 0.0323873 0.1326625 0.0835334 0.0798427 0.0262833 0.1928856 0.0847697 0.1297297 0.1317940 0.0913675 0.0887774 0.1027647 0.1371250 0.1181320 0.1721751 0.0098072 0.1059576 0.1600873 0.1503898 0.1278887 0.0516584 0.1567610 0.0915426 0.0000000 0.0880234 0.1500547 0.0847452 0.0891127 0.1585234 0.1367553 0.1885846 
Pseudochiridae_Pseudocheirus_occidentalis    0.2286627 0.1166591 0.0920806 0.0930140 0.1056927 0.1193264 0.0800500 0.0845131 0.0948610 0.1661574 0.0839163 0.1158411 0.1222905 0.0900374 0.0739521 0.0934419 0.1225963 0.1101085 0.1550258 0.0973203 0.0341089 0.1446197 0.1365607 0.1093620 0.0832549 0.1378457 0.0492476 0.0880234 0.0000000 0.1234750 0.0780379 0.0908469 0.1472955 0.1239931 0.1616494 
Tarsipedidae_Tarsipes_rostratus              0.3130634 0.1759429 0.1408836 0.1510492 0.1695045 0.1729247 0.1377911 0.1345381 0.1549205 0.2315954 0.1356668 0.1663231 0.1709030 0.1440657 0.1429019 0.1454353 0.1732722 0.1642442 0.2186334 0.1586008 0.1367306 0.2083870 0.1975984 0.1349066 0.1459595 0.2131587 0.1262723 0.1500547 0.1234750 0.0000000 0.1351186 0.1435365 0.1963737 0.1725297 0.2267229 
Acrobatidae_Distoechurus_pennatus            0.2093572 0.1314605 0.0934706 0.0884258 0.1032281 0.1164079 0.0816725 0.0760488 0.0933341 0.1695082 0.0815668 0.1099404 0.1148700 0.0918477 0.0504580 0.0846574 0.1186973 0.1039599 0.1617954 0.0893853 0.0838284 0.1487500 0.1327185 0.1040914 0.0845623 0.1423103 0.0757318 0.0847452 0.0780379 0.1351186 0.0000000 0.0907589 0.1510587 0.1189279 0.1703785 
Phalangeridae_Phalanger_carmelitae           0.2014246 0.1153643 0.1021194 0.0964323 0.1119075 0.1292383 0.0407128 0.0180921 0.0973936 0.1815014 0.0201050 0.1217033 0.1277596 0.0096881 0.0880095 0.0922972 0.1282865 0.1190377 0.1571338 0.0960900 0.1037447 0.1412416 0.1310712 0.1104954 0.0932625 0.1447482 0.0859350 0.0891127 0.0908469 0.1435365 0.0907589 0.0000000 0.1619779 0.1293246 0.1783323 
Peramelidae_Peroryctes_raffrayana            0.3364141 0.1692635 0.1554946 0.1628783 0.1735383 0.1651125 0.1549199 0.1474848 0.1608153 0.0274470 0.1562976 0.1593038 0.1599999 0.1638802 0.1605349 0.1289154 0.1664319 0.1490540 0.0245381 0.1628305 0.1612385 0.1746875 0.1683233 0.1254398 0.1701018 0.1935749 0.1421036 0.1585234 0.1472955 0.1963737 0.1510587 0.1619779 0.0000000 0.1656974 0.0283923 
Dasyuridae_Dasyurus_geffroii                 0.2707661 0.1290681 0.1248193 0.1382409 0.1562922 0.0090265 0.1192724 0.1180659 0.1442017 0.1910968 0.1203828 0.0213295 0.0294341 0.1314346 0.1333604 0.0164676 0.0121217 0.0222358 0.1781931 0.1446641 0.1320625 0.1559498 0.1447149 0.0183369 0.1395402 0.1455837 0.1182190 0.1367553 0.1239931 0.1725297 0.1189279 0.1293246 0.1656974 0.0000000 0.1910895 
Peramelidae_Perameles_gunnii                 0.1885371 0.1897686 0.1721300 0.1899016 0.2096147 0.1864340 0.1684443 0.1662471 0.1924266 0.0005090 0.1707868 0.1826135 0.1794113 0.1773807 0.1781712 0.1490819 0.1879043 0.1690904 0.0272238 0.1970995 0.1716474 0.2020900 0.1745334 0.1477812 0.1833986 0.1705239 0.1655073 0.1885846 0.1616494 0.2267229 0.1703785 0.1783323 0.0283923 0.1910895 0.0000000 
