35
Burramyidae_Burramys_parvus                  0.0000000 0.0960676 0.0875308 0.0843962 0.0826517 0.1056737 0.0736710 0.0648946 0.0919986 0.1250106 0.0732600 0.0956859 0.1105151 0.0684575 0.0713786 0.0988681 0.1053157 0.0959214 0.1269224 0.0819189 0.0991401 0.1479106 0.1879272 0.1059583 0.0816433 0.0623276 0.0772891 0.0825857 0.0871221 0.1378083 0.0835712 0.0690493 0.1194503 0.1052294 0.1249364 
Notoryctidae_Notoryctes_typhlops             0.0960676 0.0000000 0.1176271 0.1367580 0.1337931 0.1279877 0.1232644 0.1095307 0.1387228 0.1493056 0.1131453 0.1242048 0.1293354 0.1100910 0.1167994 0.1261273 0.1283770 0.1260823 0.1490596 0.1278553 0.1424031 0.1851125 0.2212247 0.1266392 0.1261850 0.0799718 0.1269873 0.1284540 0.1307098 0.1990907 0.1294808 0.1123848 0.1457114 0.1305751 0.1500934 
Vombatidae_Lasiorhinus_latifrons             0.0875308 0.1176271 0.0000000 0.1066807 0.1056943 0.1054185 0.0975878 0.0941394 0.1093179 0.1365486 0.0991154 0.1029253 0.1165410 0.0956646 0.0849890 0.1084130 0.1046243 0.1057797 0.1345452 0.1016560 0.1218860 0.1519558 0.1890497 0.1084368 0.1030160 0.0680272 0.1037107 0.1013094 0.1054284 0.1606744 0.0972414 0.0986515 0.1298788 0.1056870 0.1364652 
Potoroidae_Bettongia_penicillata             0.0843962 0.1367580 0.1066807 0.0000000 0.0078121 0.1299231 0.0887584 0.0915756 0.0190087 0.1515922 0.0985368 0.1233197 0.1376318 0.0936773 0.0834763 0.1310263 0.1327468 0.1194764 0.1517168 0.0365475 0.1212965 0.1727113 0.2144196 0.1326677 0.0607999 0.0760441 0.0956220 0.0362283 0.1045205 0.1569540 0.0962426 0.0964411 0.1435620 0.1331343 0.1524788 
Potoroidae_Bettongia_lesueur                 0.0826517 0.1337931 0.1056943 0.0078121 0.0000000 0.1263659 0.0890968 0.0911057 0.0176815 0.1480695 0.1001979 0.1182293 0.1339281 0.0939514 0.0853240 0.1257948 0.1291431 0.1175325 0.1481888 0.0338369 0.1225265 0.1684857 0.2124436 0.1291782 0.0605683 0.0775975 0.0968373 0.0329234 0.1063620 0.1615545 0.0974402 0.0953311 0.1411786 0.1314024 0.1489455 
Dasyuridae_Dasyurus_maculatus                0.1056737 0.1279877 0.1054185 0.1299231 0.1263659 0.0000000 0.1160081 0.1149277 0.1323672 0.1396166 0.1150506 0.0270319 0.0451638 0.1162725 0.1149782 0.0289179 0.0145768 0.0398735 0.1408522 0.1255433 0.1403876 0.1613559 0.2022826 0.0331216 0.1241322 0.0744459 0.1273410 0.1242175 0.1318204 0.1834434 0.1239075 0.1177319 0.1346464 0.0058786 0.1395311 
Phalangeridae_Trichosurus_vulpecula          0.0736710 0.1232644 0.0975878 0.0887584 0.0890968 0.1160081 0.0000000 0.0367906 0.0984314 0.1361840 0.0417026 0.1127505 0.1283408 0.0354522 0.0757375 0.1158122 0.1179767 0.1127094 0.1424414 0.0929041 0.1136953 0.1594746 0.1933457 0.1164492 0.0946813 0.0824592 0.0925110 0.0913264 0.0981151 0.1429022 0.0888285 0.0379196 0.1338798 0.1129938 0.1361019 
Phalangeridae_Spilocuscus_maculatus          0.0648946 0.1095307 0.0941394 0.0915756 0.0911057 0.1149277 0.0367906 0.0000000 0.0943320 0.1332682 0.0172010 0.1082184 0.1228218 0.0091566 0.0710029 0.1111412 0.1156053 0.1074641 0.1398326 0.0908257 0.1024616 0.1576154 0.1885141 0.1147752 0.0900827 0.0801478 0.0806089 0.0920107 0.0905863 0.1382088 0.0854375 0.0102850 0.1370222 0.1124570 0.1331860 
Potoroidae_Aepyprymnus_rufescens             0.0919986 0.1387228 0.1093179 0.0190087 0.0176815 0.1323672 0.0984314 0.0943320 0.0000000 0.1550794 0.1070364 0.1182541 0.1319623 0.0985977 0.0879209 0.1258584 0.1322170 0.1180838 0.1549722 0.0419763 0.1270190 0.1759103 0.2172368 0.1282533 0.0641900 0.0830730 0.1000632 0.0408215 0.1082945 0.1647759 0.1083634 0.1014101 0.1451751 0.1328608 0.1559742 
Peramelidae_Perameles_nasuta                 0.1250106 0.1493056 0.1365486 0.1515922 0.1480695 0.1396166 0.1361840 0.1332682 0.1550794 0.0000000 0.1353221 0.1336380 0.1443754 0.1365589 0.1322991 0.1340725 0.1391269 0.1236392 0.0256249 0.1452045 0.1666468 0.1762647 0.2149916 0.1396255 0.1474243 0.0976022 0.1406049 0.1443999 0.1563810 0.1948875 0.1464209 0.1380949 0.0265806 0.1404998 0.0022167 
Phalangeridae_Strigocuscus_pelengensis       0.0732600 0.1131453 0.0991154 0.0985368 0.1001979 0.1150506 0.0417026 0.0172010 0.1070364 0.1353221 0.0000000 0.1122729 0.1261136 0.0177009 0.0788101 0.1152056 0.1173832 0.1114303 0.1398724 0.0989960 0.1106069 0.1626510 0.1995918 0.1225556 0.0925455 0.0815107 0.0878934 0.0959930 0.0974309 0.1466462 0.0927387 0.0183386 0.1385873 0.1176865 0.1360090 
Dasyuridae_Phascogale_tapoatafa              0.0956859 0.1242048 0.1029253 0.1233197 0.1182293 0.0270319 0.1127505 0.1082184 0.1182541 0.1336380 0.1122729 0.0000000 0.0379692 0.1104849 0.1071070 0.0060721 0.0308376 0.0333154 0.1316812 0.1178722 0.1404441 0.1585542 0.1953500 0.0178038 0.1169557 0.0721333 0.1211682 0.1159551 0.1284523 0.1802455 0.1208843 0.1119384 0.1262222 0.0263839 0.1335567 
Dasyuridae_Sminthopsis_macroura              0.1105151 0.1293354 0.1165410 0.1376318 0.1339281 0.0451638 0.1283408 0.1228218 0.1319623 0.1443754 0.1261136 0.0379692 0.0000000 0.1255292 0.1201920 0.0424953 0.0486264 0.0319956 0.1416310 0.1286921 0.1452480 0.1711937 0.2037247 0.0491951 0.1288017 0.0788106 0.1294708 0.1295841 0.1373202 0.1776396 0.1345005 0.1270387 0.1370858 0.0472185 0.1440205 
Phalangeridae_Phalanger_orientalis           0.0684575 0.1100910 0.0956646 0.0936773 0.0939514 0.1162725 0.0354522 0.0091566 0.0985977 0.1365589 0.0177009 0.1104849 0.1255292 0.0000000 0.0749120 0.1133292 0.1159529 0.1110579 0.1430598 0.0943638 0.1049809 0.1517100 0.1869461 0.1134073 0.0961124 0.0791878 0.0832620 0.0935267 0.0939947 0.1430944 0.0868454 0.0038871 0.1325109 0.1127144 0.1364758 
Acrobatidae_Acrobates_pygmaeus               0.0713786 0.1167994 0.0849890 0.0834763 0.0853240 0.1149782 0.0757375 0.0710029 0.0879209 0.1322991 0.0788101 0.1071070 0.1201920 0.0749120 0.0000000 0.1081974 0.1149172 0.1083198 0.1337939 0.0795852 0.0913560 0.1487266 0.1719618 0.1094980 0.0765996 0.0674754 0.0716191 0.0766305 0.0775253 0.1261260 0.0362329 0.0776109 0.1226594 0.1097613 0.1330634 
Dasyuridae_Phascogale_calura                 0.0988681 0.1261273 0.1084130 0.1310263 0.1257948 0.0289179 0.1158122 0.1111412 0.1258584 0.1340725 0.1152056 0.0060721 0.0424953 0.1133292 0.1081974 0.0000000 0.0327440 0.0356170 0.1335625 0.1236569 0.1407050 0.1586856 0.1953194 0.0196821 0.1228729 0.0721783 0.1229412 0.1216660 0.1316914 0.1843411 0.1220010 0.1147950 0.1281192 0.0297066 0.1339906 
Dasyuridae_Sarcophilus_harrisii              0.1053157 0.1283770 0.1046243 0.1327468 0.1291431 0.0145768 0.1179767 0.1156053 0.1322170 0.1391269 0.1173832 0.0308376 0.0486264 0.1159529 0.1149172 0.0327440 0.0000000 0.0415323 0.1394087 0.1259620 0.1381833 0.1677109 0.2083551 0.0365656 0.1257213 0.0760717 0.1241771 0.1233937 0.1296314 0.1875877 0.1251009 0.1183179 0.1331755 0.0137766 0.1390415 
Dasyuridae_Planigale_tenuirostris            0.0959214 0.1260823 0.1057797 0.1194764 0.1175325 0.0398735 0.1127094 0.1074641 0.1180838 0.1236392 0.1114303 0.0333154 0.0319956 0.1110579 0.1083198 0.0356170 0.0415323 0.0000000 0.1232968 0.1082602 0.1359000 0.1577812 0.1930560 0.0441577 0.1183493 0.0849915 0.1186311 0.1114850 0.1255149 0.1684515 0.1259186 0.1126641 0.1211164 0.0433303 0.1243536 
Peramelidae_Echymipera_kalubu                0.1269224 0.1490596 0.1345452 0.1517168 0.1481888 0.1408522 0.1424414 0.1398326 0.1549722 0.0256249 0.1398724 0.1316812 0.1416310 0.1430598 0.1337939 0.1335625 0.1394087 0.1232968 0.0000000 0.1459608 0.1675345 0.1765509 0.2135900 0.1369226 0.1452065 0.0931512 0.1423517 0.1439267 0.1570198 0.1933250 0.1468929 0.1446122 0.0234643 0.1406082 0.0256243 
Macropodidae_Dorcopsulus_vanheurni           0.0819189 0.1278553 0.1016560 0.0365475 0.0338369 0.1255433 0.0929041 0.0908257 0.0419763 0.1452045 0.0989960 0.1178722 0.1286921 0.0943638 0.0795852 0.1236569 0.1259620 0.1082602 0.1459608 0.0000000 0.1224788 0.1650436 0.1997643 0.1297837 0.0559561 0.0766504 0.0943496 0.0136967 0.1075917 0.1670455 0.0953246 0.0949834 0.1392944 0.1302177 0.1443313 
Pseudochiridae_Pseudochirulus_forbesi        0.0991401 0.1424031 0.1218860 0.1212965 0.1225265 0.1403876 0.1136953 0.1024616 0.1270190 0.1666468 0.1106069 0.1404441 0.1452480 0.1049809 0.0913560 0.1407050 0.1381833 0.1359000 0.1675345 0.1224788 0.0000000 0.1805733 0.2048160 0.1519316 0.1173723 0.0991632 0.0552100 0.1157129 0.0304274 0.1444616 0.0991735 0.1072490 0.1622435 0.1418542 0.1647455 
Didelphidae_Didelphis_virginiana             0.1479106 0.1851125 0.1519558 0.1727113 0.1684857 0.1613559 0.1594746 0.1576154 0.1759103 0.1762647 0.1626510 0.1585542 0.1711937 0.1517100 0.1487266 0.1586856 0.1677109 0.1577812 0.1765509 0.1650436 0.1805733 0.0000000 0.0679699 0.1603397 0.1600852 0.1092908 0.1669400 0.1662685 0.1709229 0.2041407 0.1709510 0.1550898 0.1844696 0.1644454 0.1733512 
Marmosidae_Monodelphis_domestica             0.1879272 0.2212247 0.1890497 0.2144196 0.2124436 0.2022826 0.1933457 0.1885141 0.2172368 0.2149916 0.1995918 0.1953500 0.2037247 0.1869461 0.1719618 0.1953194 0.2083551 0.1930560 0.2135900 0.1997643 0.2048160 0.0679699 0.0000000 0.2074921 0.1907823 0.1469497 0.1945454 0.1995034 0.1919154 0.2048325 0.1988418 0.1887974 0.2231197 0.2145312 0.2107308 
Dasyuridae_Antechinus_stuartii               0.1059583 0.1266392 0.1084368 0.1326677 0.1291782 0.0331216 0.1164492 0.1147752 0.1282533 0.1396255 0.1225556 0.0178038 0.0491951 0.1134073 0.1094980 0.0196821 0.0365656 0.0441577 0.1369226 0.1297837 0.1519316 0.1603397 0.2074921 0.0000000 0.1211814 0.0798029 0.1296196 0.1284107 0.1396799 0.1932954 0.1195512 0.1131192 0.1391985 0.0335038 0.1392799 
Hypsiprymnodontidae_Hypsiprymnodon_moschatus 0.0816433 0.1261850 0.1030160 0.0607999 0.0605683 0.1241322 0.0946813 0.0900827 0.0641900 0.1474243 0.0925455 0.1169557 0.1288017 0.0961124 0.0765996 0.1228729 0.1257213 0.1183493 0.1452065 0.0559561 0.1173723 0.1600852 0.1907823 0.1211814 0.0000000 0.0736049 0.0900734 0.0520775 0.0981527 0.1463818 0.0969892 0.0982334 0.1367481 0.1221464 0.1483002 
Microbiotheriidae_Dromiciops_gliroides       0.0623276 0.0799718 0.0680272 0.0760441 0.0775975 0.0744459 0.0824592 0.0801478 0.0830730 0.0976022 0.0815107 0.0721333 0.0788106 0.0791878 0.0674754 0.0721783 0.0760717 0.0849915 0.0931512 0.0766504 0.0991632 0.1092908 0.1469497 0.0798029 0.0736049 0.0000000 0.0760657 0.0750502 0.0863651 0.1230382 0.0693209 0.0814799 0.0953048 0.0768728 0.0977276 
Pseudochiridae_Petauroides_volans            0.0772891 0.1269873 0.1037107 0.0956220 0.0968373 0.1273410 0.0925110 0.0806089 0.1000632 0.1406049 0.0878934 0.1211682 0.1294708 0.0832620 0.0716191 0.1229412 0.1241771 0.1186311 0.1423517 0.0943496 0.0552100 0.1669400 0.1945454 0.1296196 0.0900734 0.0760657 0.0000000 0.0901837 0.0481270 0.1182892 0.0830514 0.0840006 0.1351616 0.1249222 0.1403249 
Macropodidae_Wallabia_bicolor                0.0825857 0.1284540 0.1013094 0.0362283 0.0329234 0.1242175 0.0913264 0.0920107 0.0408215 0.1443999 0.0959930 0.1159551 0.1295841 0.0935267 0.0766305 0.1216660 0.1233937 0.1114850 0.1439267 0.0136967 0.1157129 0.1662685 0.1995034 0.1284107 0.0520775 0.0750502 0.0901837 0.0000000 0.1011495 0.1631227 0.0937552 0.0941409 0.1377683 0.1272550 0.1452687 
Pseudochiridae_Pseudocheirus_occidentalis    0.0871221 0.1307098 0.1054284 0.1045205 0.1063620 0.1318204 0.0981151 0.0905863 0.1082945 0.1563810 0.0974309 0.1284523 0.1373202 0.0939947 0.0775253 0.1316914 0.1296314 0.1255149 0.1570198 0.1075917 0.0304274 0.1709229 0.1919154 0.1396799 0.0981527 0.0863651 0.0481270 0.1011495 0.0000000 0.1320180 0.0882217 0.0975473 0.1466111 0.1335306 0.1571712 
Tarsipedidae_Tarsipes_rostratus              0.1378083 0.1990907 0.1606744 0.1569540 0.1615545 0.1834434 0.1429022 0.1382088 0.1647759 0.1948875 0.1466462 0.1802455 0.1776396 0.1430944 0.1261260 0.1843411 0.1875877 0.1684515 0.1933250 0.1670455 0.1444616 0.2041407 0.2048325 0.1932954 0.1463818 0.1230382 0.1182892 0.1631227 0.1320180 0.0000000 0.1384798 0.1454644 0.1964021 0.1839889 0.1923601 
Acrobatidae_Distoechurus_pennatus            0.0835712 0.1294808 0.0972414 0.0962426 0.0974402 0.1239075 0.0888285 0.0854375 0.1083634 0.1464209 0.0927387 0.1208843 0.1345005 0.0868454 0.0362329 0.1220010 0.1251009 0.1259186 0.1468929 0.0953246 0.0991735 0.1709510 0.1988418 0.1195512 0.0969892 0.0693209 0.0830514 0.0937552 0.0882217 0.1384798 0.0000000 0.0859910 0.1386061 0.1214517 0.1471942 
Phalangeridae_Phalanger_carmelitae           0.0690493 0.1123848 0.0986515 0.0964411 0.0953311 0.1177319 0.0379196 0.0102850 0.1014101 0.1380949 0.0183386 0.1119384 0.1270387 0.0038871 0.0776109 0.1147950 0.1183179 0.1126641 0.1446122 0.0949834 0.1072490 0.1550898 0.1887974 0.1131192 0.0982334 0.0814799 0.0840006 0.0941409 0.0975473 0.1454644 0.0859910 0.0000000 0.1330089 0.1124262 0.1380109 
Peramelidae_Peroryctes_raffrayana            0.1194503 0.1457114 0.1298788 0.1435620 0.1411786 0.1346464 0.1338798 0.1370222 0.1451751 0.0265806 0.1385873 0.1262222 0.1370858 0.1325109 0.1226594 0.1281192 0.1331755 0.1211164 0.0234643 0.1392944 0.1622435 0.1844696 0.2231197 0.1391985 0.1367481 0.0953048 0.1351616 0.1377683 0.1466111 0.1964021 0.1386061 0.1330089 0.0000000 0.1372519 0.0272860 
Dasyuridae_Dasyurus_geffroii                 0.1052294 0.1305751 0.1056870 0.1331343 0.1314024 0.0058786 0.1129938 0.1124570 0.1328608 0.1404998 0.1176865 0.0263839 0.0472185 0.1127144 0.1097613 0.0297066 0.0137766 0.0433303 0.1406082 0.1302177 0.1418542 0.1644454 0.2145312 0.0335038 0.1221464 0.0768728 0.1249222 0.1272550 0.1335306 0.1839889 0.1214517 0.1124262 0.1372519 0.0000000 0.1404073 
Peramelidae_Perameles_gunnii                 0.1249364 0.1500934 0.1364652 0.1524788 0.1489455 0.1395311 0.1361019 0.1331860 0.1559742 0.0022167 0.1360090 0.1335567 0.1440205 0.1364758 0.1330634 0.1339906 0.1390415 0.1243536 0.0256243 0.1443313 0.1647455 0.1733512 0.2107308 0.1392799 0.1483002 0.0977276 0.1403249 0.1452687 0.1571712 0.1923601 0.1471942 0.1380109 0.0272860 0.1404073 0.0000000 
