39
Burramyidae_Burramys_parvus                  0.0000000 0.0603967 0.0419085 0.0521626 0.0503644 0.0631718 0.0380586 0.0373731 0.0487863 0.0792746 0.0393717 0.0623723 0.0693177 0.0364383 0.0390182 0.0617201 0.0638219 0.0543153 0.0741838 0.0453635 0.0438208 0.0943428 0.0941800 0.0622758 0.0731612 0.0661113 0.0433351 0.0461927 0.0481268 0.0490554 0.0606725 0.0379239 0.0734262 0.0624514 0.0575610 2.5447271 1.8232691 1.8232691 2.5447271 
Notoryctidae_Notoryctes_typhlops             0.0603967 0.0000000 0.0584753 0.0726519 0.0696715 0.0667181 0.0562298 0.0573189 0.0713971 0.0553281 0.0567051 0.0663856 0.0651004 0.0541558 0.0564563 0.0664477 0.0668444 0.0600752 0.0614073 0.0665390 0.0631185 0.0769881 0.0875398 0.0657866 0.0857871 0.0504121 0.0565995 0.0657164 0.0644961 0.0603894 0.0991123 0.0549604 0.0590577 0.0653831 0.0567028 9.0000000 9.0000000 9.0000000 9.0000000 
Vombatidae_Lasiorhinus_latifrons             0.0419085 0.0584753 0.0000000 0.0623468 0.0604680 0.0671282 0.0482086 0.0474736 0.0594457 0.0870152 0.0468058 0.0656974 0.0723487 0.0476667 0.0497588 0.0644291 0.0677919 0.0593321 0.0780680 0.0564986 0.0520457 0.0918087 0.0996591 0.0643432 0.0783744 0.0647993 0.0509987 0.0555850 0.0536162 0.0614746 0.0705102 0.0491634 0.0730698 0.0669975 0.0624887 2.5626234 1.9785908 1.9785908 2.5626234 
Potoroidae_Bettongia_penicillata             0.0521626 0.0726519 0.0623468 0.0000000 0.0038080 0.0797301 0.0610741 0.0573760 0.0121025 0.1041660 0.0579079 0.0832622 0.0812531 0.0576103 0.0628693 0.0819184 0.0829751 0.0691148 0.0933939 0.0270644 0.0664045 0.1094042 0.1112896 0.0820527 0.0730874 0.0871822 0.0632833 0.0298588 0.0689336 0.0670966 0.0893881 0.0579515 0.0917341 0.0802022 0.0819845 2.9180636 2.0073503 2.0073503 2.9180636 
Potoroidae_Bettongia_lesueur                 0.0503644 0.0696715 0.0604680 0.0038080 0.0000000 0.0819712 0.0592547 0.0561481 0.0096272 0.1021896 0.0561027 0.0842344 0.0829942 0.0563792 0.0609300 0.0829061 0.0839667 0.0722649 0.0934862 0.0254559 0.0632752 0.1082612 0.1103313 0.0829317 0.0668302 0.0863487 0.0603455 0.0282199 0.0657496 0.0663666 0.0872298 0.0567331 0.0897600 0.0824400 0.0779417 3.0168797 2.0829739 2.0829739 3.0168797 
Dasyuridae_Dasyurus_maculatus                0.0631718 0.0667181 0.0671282 0.0797301 0.0819712 0.0000000 0.0718709 0.0729794 0.0797989 0.0956873 0.0734401 0.0151850 0.0239966 0.0732331 0.0689231 0.0141728 0.0072038 0.0178004 0.0923164 0.0746762 0.0749969 0.1015513 0.1093080 0.0153040 0.0935493 0.0719790 0.0701114 0.0731930 0.0779020 0.0782529 0.0958809 0.0742685 0.0839055 0.0052521 0.0686559 3.0186501 2.3646758 2.3646758 3.0186501 
Phalangeridae_Trichosurus_vulpecula          0.0380586 0.0562298 0.0482086 0.0610741 0.0592547 0.0718709 0.0000000 0.0196837 0.0582336 0.0883736 0.0217126 0.0724554 0.0786007 0.0207829 0.0502915 0.0711608 0.0739965 0.0639946 0.0827653 0.0528664 0.0485824 0.0978174 0.1030468 0.0730669 0.0721458 0.0679152 0.0463703 0.0537519 0.0517783 0.0514654 0.0698998 0.0222397 0.0775939 0.0719348 0.0635191 2.8131030 2.2131718 2.2131718 2.8131030 
Phalangeridae_Spilocuscus_maculatus          0.0373731 0.0573189 0.0474736 0.0573760 0.0561481 0.0729794 0.0196837 0.0000000 0.0545643 0.0871039 0.0058575 0.0715139 0.0770103 0.0038188 0.0483942 0.0702407 0.0730537 0.0644232 0.0773420 0.0498261 0.0495378 0.0967378 0.0985708 0.0708595 0.0768243 0.0678312 0.0467611 0.0518226 0.0523278 0.0541235 0.0696342 0.0052456 0.0763514 0.0722205 0.0680867 2.5815669 2.0812027 2.0812027 2.5815669 
Potoroidae_Aepyprymnus_rufescens             0.0487863 0.0713971 0.0594457 0.0121025 0.0096272 0.0797989 0.0582336 0.0545643 0.0000000 0.0981526 0.0546288 0.0820666 0.0806906 0.0547862 0.0579246 0.0807227 0.0817712 0.0694778 0.0924311 0.0223402 0.0616628 0.1063987 0.1069046 0.0808467 0.0657138 0.0819064 0.0588193 0.0250729 0.0641176 0.0670987 0.0855092 0.0562956 0.0879242 0.0802713 0.0795349 2.8204456 1.9522264 1.9522264 2.8204456 
Peramelidae_Perameles_nasuta                 0.0792746 0.0553281 0.0870152 0.1041660 0.1021896 0.0956873 0.0883736 0.0871039 0.0981526 0.0000000 0.0870364 0.0964023 0.0970133 0.0867979 0.0901418 0.0947772 0.0945918 0.0910780 0.0272614 0.0942883 0.0942987 0.1227202 0.1261068 0.0957906 0.0925454 0.0833594 0.0891586 0.0933914 0.0963382 0.0962128 0.1209667 0.0863473 0.0249902 0.0965515 0.0009162 0.8286880 1.3518276 1.3518276 0.8286880 
Phalangeridae_Strigocuscus_pelengensis       0.0393717 0.0567051 0.0468058 0.0579079 0.0561027 0.0734401 0.0217126 0.0058575 0.0546288 0.0870364 0.0000000 0.0719413 0.0768969 0.0073717 0.0507134 0.0706402 0.0735165 0.0661710 0.0778807 0.0485812 0.0512453 0.0964949 0.0997430 0.0726332 0.0787124 0.0700558 0.0494175 0.0494215 0.0546753 0.0553614 0.0706747 0.0088383 0.0737779 0.0726638 0.0667188 2.6464849 2.1291585 2.1291585 2.6464849 
Dasyuridae_Phascogale_tapoatafa              0.0623723 0.0663856 0.0656974 0.0832622 0.0842344 0.0151850 0.0724554 0.0715139 0.0820666 0.0964023 0.0719413 0.0000000 0.0266141 0.0717579 0.0694033 0.0028477 0.0167106 0.0222751 0.0922779 0.0763005 0.0761735 0.1046547 0.1121021 0.0082309 0.0967677 0.0680713 0.0731446 0.0766991 0.0771646 0.0804921 0.0969097 0.0727932 0.0874544 0.0166700 0.0709683 3.0179981 2.3637963 2.3637963 3.0179981 
Dasyuridae_Sminthopsis_macroura              0.0693177 0.0651004 0.0723487 0.0812531 0.0829942 0.0239966 0.0786007 0.0770103 0.0806906 0.0970133 0.0768969 0.0266141 0.0000000 0.0780155 0.0743413 0.0255453 0.0245175 0.0154577 0.0928187 0.0755756 0.0824171 0.1083980 0.1178488 0.0262966 0.0928672 0.0738049 0.0793683 0.0753646 0.0860585 0.0827153 0.1037028 0.0782930 0.0885126 0.0265662 0.0719664 2.9761729 2.4741284 2.4741284 2.9761729 
Phalangeridae_Phalanger_orientalis           0.0364383 0.0541558 0.0476667 0.0576103 0.0563792 0.0732331 0.0207829 0.0038188 0.0547862 0.0867979 0.0073717 0.0717579 0.0780155 0.0000000 0.0479302 0.0704832 0.0733080 0.0654074 0.0783165 0.0477558 0.0484992 0.0956736 0.0981794 0.0711187 0.0735549 0.0659755 0.0457253 0.0508802 0.0501182 0.0530896 0.0679078 0.0023757 0.0757900 0.0724709 0.0648882 2.7198680 2.1680859 2.1680859 2.7198680 
Acrobatidae_Acrobates_pygmaeus               0.0390182 0.0564563 0.0497588 0.0628693 0.0609300 0.0689231 0.0502915 0.0483942 0.0579246 0.0901418 0.0507134 0.0694033 0.0743413 0.0479302 0.0000000 0.0681062 0.0708841 0.0594813 0.0883772 0.0539178 0.0401160 0.0974435 0.1014373 0.0668496 0.0668131 0.0713418 0.0384974 0.0547565 0.0440160 0.0452432 0.0468210 0.0513472 0.0814231 0.0694120 0.0650803 2.9565181 2.3409346 2.3409346 2.9565181 
Dasyuridae_Phascogale_calura                 0.0617201 0.0664477 0.0644291 0.0819184 0.0829061 0.0141728 0.0711608 0.0702407 0.0807227 0.0947772 0.0706402 0.0028477 0.0255453 0.0704832 0.0681062 0.0000000 0.0156886 0.0216982 0.0901906 0.0749841 0.0736161 0.1055678 0.1116519 0.0072453 0.0968598 0.0696063 0.0706079 0.0753955 0.0745925 0.0804388 0.0954461 0.0714985 0.0859139 0.0156535 0.0698562 2.9204434 2.2774748 2.2774748 2.9204434 
Dasyuridae_Sarcophilus_harrisii              0.0638219 0.0668444 0.0677919 0.0829751 0.0839667 0.0072038 0.0739965 0.0730537 0.0817712 0.0945918 0.0735165 0.0167106 0.0245175 0.0733080 0.0708841 0.0156886 0.0000000 0.0200646 0.0920102 0.0753612 0.0763323 0.1047317 0.1108337 0.0168420 0.0937445 0.0742823 0.0720479 0.0738939 0.0798952 0.0802262 0.0980316 0.0743279 0.0842940 0.0086527 0.0679764 3.0186501 2.4050072 2.4050072 3.0186501 
Dasyuridae_Planigale_tenuirostris            0.0543153 0.0600752 0.0593321 0.0691148 0.0722649 0.0178004 0.0639946 0.0644232 0.0694778 0.0910780 0.0661710 0.0222751 0.0154577 0.0654074 0.0594813 0.0216982 0.0200646 0.0000000 0.0864277 0.0659795 0.0651275 0.0998026 0.1028317 0.0234028 0.0845972 0.0626548 0.0603887 0.0660190 0.0693024 0.0703491 0.0886949 0.0658311 0.0798849 0.0200240 0.0609948 2.9869486 2.3842275 2.3842275 2.9869486 
Peramelidae_Echymipera_kalubu                0.0741838 0.0614073 0.0780680 0.0933939 0.0934862 0.0923164 0.0827653 0.0773420 0.0924311 0.0272614 0.0778807 0.0922779 0.0928187 0.0783165 0.0883772 0.0901906 0.0920102 0.0864277 0.0000000 0.0870886 0.0860402 0.1146254 0.1190541 0.0917119 0.0999078 0.0946896 0.0822647 0.0856149 0.0893346 0.0898625 0.1081155 0.0785981 0.0233041 0.0924039 0.0152758 0.8629056 0.9390160 0.9390160 0.8629056 
Macropodidae_Dorcopsulus_vanheurni           0.0453635 0.0665390 0.0564986 0.0270644 0.0254559 0.0746762 0.0528664 0.0498261 0.0223402 0.0942883 0.0485812 0.0763005 0.0755756 0.0477558 0.0539178 0.0749841 0.0753612 0.0659795 0.0870886 0.0000000 0.0586326 0.1023532 0.1034346 0.0755973 0.0567512 0.0762036 0.0552898 0.0101804 0.0609729 0.0611519 0.0796299 0.0492548 0.0832366 0.0751512 0.0679575 2.8959552 1.9832124 1.9832124 2.8959552 
Pseudochiridae_Pseudochirulus_forbesi        0.0438208 0.0631185 0.0520457 0.0664045 0.0632752 0.0749969 0.0485824 0.0495378 0.0616628 0.0942987 0.0512453 0.0761735 0.0824171 0.0484992 0.0401160 0.0736161 0.0763323 0.0651275 0.0860402 0.0586326 0.0000000 0.0965691 0.1001170 0.0735481 0.0726286 0.0682109 0.0177856 0.0595257 0.0157214 0.0407520 0.0673685 0.0512602 0.0814737 0.0754737 0.0672373 2.9581063 2.2184190 2.2184190 2.9581063 
Didelphidae_Didelphis_virginiana             0.0943428 0.0769881 0.0918087 0.1094042 0.1082612 0.1015513 0.0978174 0.0967378 0.1063987 0.1227202 0.0964949 0.1046547 0.1083980 0.0956736 0.0974435 0.1055678 0.1047317 0.0998026 0.1146254 0.1023532 0.0965691 0.0000000 0.0329872 0.1038605 0.1008898 0.1018584 0.0944826 0.1003369 0.1020058 0.1045108 0.1226153 0.0967367 0.1057856 0.1003322 0.0804287 4.1006732 3.8090436 3.8090436 4.1006732 
Marmosidae_Monodelphis_domestica             0.0941800 0.0875398 0.0996591 0.1112896 0.1103313 0.1093080 0.1030468 0.0985708 0.1069046 0.1261068 0.0997430 0.1121021 0.1178488 0.0981794 0.1014373 0.1116519 0.1108337 0.1028317 0.1190541 0.1034346 0.1001170 0.0329872 0.0000000 0.1106830 0.1123184 0.1019231 0.0983246 0.1017586 0.1050284 0.1104531 0.1194997 0.0978981 0.1110861 0.1073794 0.0884041 3.9755756 3.7501514 3.7501514 3.9755756 
Dasyuridae_Antechinus_stuartii               0.0622758 0.0657866 0.0643432 0.0820527 0.0829317 0.0153040 0.0730669 0.0708595 0.0808467 0.0957906 0.0726332 0.0082309 0.0262966 0.0711187 0.0668496 0.0072453 0.0168420 0.0234028 0.0917119 0.0755973 0.0735481 0.1038605 0.1106830 0.0000000 0.0922984 0.0720644 0.0725038 0.0748228 0.0751029 0.0818128 0.0949645 0.0721616 0.0876689 0.0157850 0.0708671 2.9153132 2.3534848 2.3534848 2.9153132 
Hypsiprymnodontidae_Hypsiprymnodon_moschatus 0.0731612 0.0857871 0.0783744 0.0730874 0.0668302 0.0935493 0.0721458 0.0768243 0.0657138 0.0925454 0.0787124 0.0967677 0.0928672 0.0735549 0.0668131 0.0968598 0.0937445 0.0845972 0.0999078 0.0567512 0.0726286 0.1008898 0.1123184 0.0922984 0.0000000 0.0749503 0.0680006 0.0516421 0.0740557 0.0698741 0.1070591 0.0742783 0.0964580 0.0945098 0.0929632 9.0000000 9.0000000 9.0000000 9.0000000 
Microbiotheriidae_Dromiciops_gliroides       0.0661113 0.0504121 0.0647993 0.0871822 0.0863487 0.0719790 0.0679152 0.0678312 0.0819064 0.0833594 0.0700558 0.0680713 0.0738049 0.0659755 0.0713418 0.0696063 0.0742823 0.0626548 0.0946896 0.0762036 0.0682109 0.1018584 0.1019231 0.0720644 0.0749503 0.0000000 0.0673323 0.0779029 0.0691274 0.0762513 0.0941391 0.0678074 0.0757447 0.0733311 0.0515502 4.2748562 3.3167479 3.3167479 4.2748562 
Pseudochiridae_Petauroides_volans            0.0433351 0.0565995 0.0509987 0.0632833 0.0603455 0.0701114 0.0463703 0.0467611 0.0588193 0.0891586 0.0494175 0.0731446 0.0793683 0.0457253 0.0384974 0.0706079 0.0720479 0.0603887 0.0822647 0.0552898 0.0177856 0.0944826 0.0983246 0.0725038 0.0680006 0.0673323 0.0000000 0.0554917 0.0179296 0.0347628 0.0612645 0.0484711 0.0746108 0.0705917 0.0591994 2.9271944 2.2664401 2.2664401 2.9271944 
Macropodidae_Wallabia_bicolor                0.0461927 0.0657164 0.0555850 0.0298588 0.0282199 0.0731930 0.0537519 0.0518226 0.0250729 0.0933914 0.0494215 0.0766991 0.0753646 0.0508802 0.0547565 0.0753955 0.0738939 0.0660190 0.0856149 0.0101804 0.0595257 0.1003369 0.1017586 0.0748228 0.0516421 0.0779029 0.0554917 0.0000000 0.0612644 0.0614582 0.0755498 0.0524034 0.0825255 0.0736712 0.0672198 2.8227695 1.9541453 1.9541453 2.8227695 
Pseudochiridae_Pseudocheirus_occidentalis    0.0481268 0.0644961 0.0536162 0.0689336 0.0657496 0.0779020 0.0517783 0.0523278 0.0641176 0.0963382 0.0546753 0.0771646 0.0860585 0.0501182 0.0440160 0.0745925 0.0798952 0.0693024 0.0893346 0.0609729 0.0157214 0.1020058 0.1050284 0.0751029 0.0740557 0.0691274 0.0179296 0.0612644 0.0000000 0.0416462 0.0667283 0.0529151 0.0826845 0.0783791 0.0698125 3.0828656 2.2351796 2.2351796 3.0828656 
Tarsipedidae_Tarsipes_rostratus              0.0490554 0.0603894 0.0614746 0.0670966 0.0663666 0.0782529 0.0514654 0.0541235 0.0670987 0.0962128 0.0553614 0.0804921 0.0827153 0.0530896 0.0452432 0.0804388 0.0802262 0.0703491 0.0898625 0.0611519 0.0407520 0.1045108 0.1104531 0.0818128 0.0698741 0.0762513 0.0347628 0.0614582 0.0416462 0.0000000 0.0680133 0.0558503 0.0774253 0.0774710 0.0632918 3.3142625 2.4481411 2.4481411 3.3142625 
Acrobatidae_Distoechurus_pennatus            0.0606725 0.0991123 0.0705102 0.0893881 0.0872298 0.0958809 0.0698998 0.0696342 0.0855092 0.1209667 0.0706747 0.0969097 0.1037028 0.0679078 0.0468210 0.0954461 0.0980316 0.0886949 0.1081155 0.0796299 0.0673685 0.1226153 0.1194997 0.0949645 0.1070591 0.0941391 0.0612645 0.0755498 0.0667283 0.0680133 0.0000000 0.0708770 0.1096036 0.0963594 0.1045442 3.0172918 2.4045887 2.4045887 3.0172918 
Phalangeridae_Phalanger_carmelitae           0.0379239 0.0549604 0.0491634 0.0579515 0.0567331 0.0742685 0.0222397 0.0052456 0.0562956 0.0863473 0.0088383 0.0727932 0.0782930 0.0023757 0.0513472 0.0714985 0.0743279 0.0658311 0.0785981 0.0492548 0.0512602 0.0967367 0.0978981 0.0721616 0.0742783 0.0678074 0.0484711 0.0524034 0.0529151 0.0558503 0.0708770 0.0000000 0.0763353 0.0735042 0.0656109 2.7141353 2.1637104 2.1637104 2.7141353 
Peramelidae_Peroryctes_raffrayana            0.0734262 0.0590577 0.0730698 0.0917341 0.0897600 0.0839055 0.0775939 0.0763514 0.0879242 0.0249902 0.0737779 0.0874544 0.0885126 0.0757900 0.0814231 0.0859139 0.0842940 0.0798849 0.0233041 0.0832366 0.0814737 0.1057856 0.1110861 0.0876689 0.0964580 0.0757447 0.0746108 0.0825255 0.0826845 0.0774253 0.1096036 0.0763353 0.0000000 0.0832689 0.0152770 0.7601299 0.9892027 0.9892027 0.7601299 
Dasyuridae_Dasyurus_geffroii                 0.0624514 0.0653831 0.0669975 0.0802022 0.0824400 0.0052521 0.0719348 0.0722205 0.0802713 0.0965515 0.0726638 0.0166700 0.0265662 0.0724709 0.0694120 0.0156535 0.0086527 0.0200240 0.0924039 0.0751512 0.0754737 0.1003322 0.1073794 0.0157850 0.0945098 0.0733311 0.0705917 0.0736712 0.0783791 0.0774710 0.0963594 0.0735042 0.0832689 0.0000000 0.0688326 2.9190062 2.4088948 2.4088948 2.9190062 
Peramelidae_Perameles_gunnii                 0.0575610 0.0567028 0.0624887 0.0819845 0.0779417 0.0686559 0.0635191 0.0680867 0.0795349 0.0009162 0.0667188 0.0709683 0.0719664 0.0648882 0.0650803 0.0698562 0.0679764 0.0609948 0.0152758 0.0679575 0.0672373 0.0804287 0.0884041 0.0708671 0.0929632 0.0515502 0.0591994 0.0672198 0.0698125 0.0632918 0.1045442 0.0656109 0.0152770 0.0688326 0.0000000 9.0000000 9.0000000 9.0000000 9.0000000 
Peramelidae_Isoodon_obesulus1                2.5447271 9.0000000 2.5626234 2.9180636 3.0168797 3.0186501 2.8131030 2.5815669 2.8204456 0.8286880 2.6464849 3.0179981 2.9761729 2.7198680 2.9565181 2.9204434 3.0186501 2.9869486 0.8629056 2.8959552 2.9581063 4.1006732 3.9755756 2.9153132 9.0000000 4.2748562 2.9271944 2.8227695 3.0828656 3.3142625 3.0172918 2.7141353 0.7601299 2.9190062 9.0000000 0.0000000 1.2251034 1.2251034 0.0000010 
Thylacomyidae_Macrotis_lagotis1              1.8232691 9.0000000 1.9785908 2.0073503 2.0829739 2.3646758 2.2131718 2.0812027 1.9522264 1.3518276 2.1291585 2.3637963 2.4741284 2.1680859 2.3409346 2.2774748 2.4050072 2.3842275 0.9390160 1.9832124 2.2184190 3.8090436 3.7501514 2.3534848 9.0000000 3.3167479 2.2664401 1.9541453 2.2351796 2.4481411 2.4045887 2.1637104 0.9892027 2.4088948 9.0000000 1.2251034 0.0000000 0.0000010 1.2251034 
Thylacomyidae_Macrotis_lagotis2              1.8232691 9.0000000 1.9785908 2.0073503 2.0829739 2.3646758 2.2131718 2.0812027 1.9522264 1.3518276 2.1291585 2.3637963 2.4741284 2.1680859 2.3409346 2.2774748 2.4050072 2.3842275 0.9390160 1.9832124 2.2184190 3.8090436 3.7501514 2.3534848 9.0000000 3.3167479 2.2664401 1.9541453 2.2351796 2.4481411 2.4045887 2.1637104 0.9892027 2.4088948 9.0000000 1.2251034 0.0000010 0.0000000 1.2251034 
Peramelidae_Isoodon_obesulus2                2.5447271 9.0000000 2.5626234 2.9180636 3.0168797 3.0186501 2.8131030 2.5815669 2.8204456 0.8286880 2.6464849 3.0179981 2.9761729 2.7198680 2.9565181 2.9204434 3.0186501 2.9869486 0.8629056 2.8959552 2.9581063 4.1006732 3.9755756 2.9153132 9.0000000 4.2748562 2.9271944 2.8227695 3.0828656 3.3142625 3.0172918 2.7141353 0.7601299 2.9190062 9.0000000 0.0000010 1.2251034 1.2251034 0.0000000 
