177
I0185_86_Accipitridae_Buteo_jamaicensis                   0.0000000 0.0422640 0.0393720 0.0445690 0.0520371 0.0387869 0.0352573 0.0411535 0.0509917 0.0586601 0.0328216 0.0597965 0.0410225 0.0437955 0.0563514 0.0383898 0.0210594 0.0570198 0.0269516 0.0551853 0.0597348 0.0269598 0.0435791 0.0326719 0.0600206 0.0687694 0.0647644 0.0309409 0.0537002 0.0535896 0.0483102 0.0513645 0.0388883 0.0673502 0.0545588 0.0643725 0.0539624 0.0730173 0.0580293 0.0542064 0.0708595 0.0663501 0.0423166 0.0448739 0.0374214 0.0557660 0.0517956 0.0288239 0.0425754 0.0542996 0.0564694 0.0405634 0.0375906 0.0300617 0.0537903 0.0521961 0.0738695 0.0531351 0.0555526 0.0466911 0.0296184 0.0362223 0.0636273 0.0564910 0.0391918 0.0619852 0.0617334 0.0564894 0.0542353 0.0340605 0.0331019 0.0524540 0.0570272 0.0325262 0.0077396 0.0443117 0.0467959 0.0453817 0.0265575 0.0507441 0.0714795 0.0417373 0.0353481 0.0269269 0.0520970 0.0387414 0.0553975 0.0571879 0.0268357 0.0574243 0.0308189 0.0235712 0.0284596 0.0397619 0.0402665 0.0522705 0.0420816 0.0319747 0.0307470 0.0346199 0.0436014 0.0673238 0.0336361 0.0501131 0.0693482 0.0665925 0.0487087 0.0567377 0.0664113 0.0620760 0.0285500 0.0192805 0.0280870 0.0521424 0.0457680 0.0403248 0.0593017 0.0292650 0.0587064 0.0327948 0.0374222 0.0270465 0.0405676 0.0659489 0.0493075 0.0346601 0.0561027 0.0333221 0.0414961 0.0362165 0.0274759 0.0292789 0.0272360 0.0428807 0.0310971 0.0634299 0.0469333 0.0384109 0.0286751 0.0488778 0.0672425 0.0507884 0.0545017 0.0315305 0.0320897 0.0301017 0.0311385 0.0441083 0.0461309 0.0432208 0.0632874 0.0360980 0.0457451 0.0566376 0.0566327 0.0342537 0.0382518 0.0323348 0.0582532 0.0583639 0.0671319 0.0215519 0.0275771 0.0308613 0.0607799 0.0286769 0.0657406 0.0642867 0.0572093 0.0518597 0.1276155 0.0581491 0.0711961 0.0667698 0.0418163 0.0381274 0.0528868 
I0186_111_Momotidae_Momotus_lessonii                      0.0422640 0.0000000 0.0474367 0.0550472 0.0586557 0.0458562 0.0466946 0.0496276 0.0464394 0.0617784 0.0449713 0.0665648 0.0492936 0.0467475 0.0624972 0.0493747 0.0332802 0.0629803 0.0385493 0.0617794 0.0673733 0.0390269 0.0511616 0.0446286 0.0640265 0.0759150 0.0720377 0.0409892 0.0603688 0.0599579 0.0577023 0.0594087 0.0476060 0.0730234 0.0616627 0.0737596 0.0612582 0.0825382 0.0642164 0.0609065 0.0811949 0.0736164 0.0402119 0.0530473 0.0484004 0.0633909 0.0596536 0.0403245 0.0515976 0.0611105 0.0633634 0.0485261 0.0484111 0.0420519 0.0607978 0.0604909 0.0827767 0.0603633 0.0667694 0.0594680 0.0414642 0.0444454 0.0718772 0.0680067 0.0486886 0.0670119 0.0737241 0.0640430 0.0609929 0.0456539 0.0435168 0.0598578 0.0619693 0.0381286 0.0422091 0.0408557 0.0524134 0.0500741 0.0391474 0.0597090 0.0787899 0.0520147 0.0446212 0.0382688 0.0634011 0.0428752 0.0662043 0.0613378 0.0382639 0.0687975 0.0436964 0.0410042 0.0408472 0.0497882 0.0423441 0.0590898 0.0506208 0.0424398 0.0432597 0.0458704 0.0527681 0.0773388 0.0449666 0.0631008 0.0777255 0.0723006 0.0576695 0.0657137 0.0748805 0.0736039 0.0404071 0.0445803 0.0404232 0.0590296 0.0549576 0.0483850 0.0702343 0.0412998 0.0648490 0.0433634 0.0472526 0.0390569 0.0490512 0.0700668 0.0578828 0.0470984 0.0615292 0.0450112 0.0526233 0.0462200 0.0389497 0.0403603 0.0385267 0.0521948 0.0415419 0.0678816 0.0541266 0.0487921 0.0408595 0.0546507 0.0789795 0.0603666 0.0617236 0.0420976 0.0437008 0.0414790 0.0430840 0.0522698 0.0541992 0.0523395 0.0725155 0.0469776 0.0539152 0.0625587 0.0638649 0.0454435 0.0470827 0.0444871 0.0645294 0.0670048 0.0754981 0.0428719 0.0400501 0.0424202 0.0724470 0.0398782 0.0736417 0.0699295 0.0641045 0.0579963 0.1344642 0.0666870 0.0772569 0.0734808 0.0512053 0.0468544 0.0593932 
I0187_115_Trogonidae_Trogon_elegans                       0.0393720 0.0474367 0.0000000 0.0541589 0.0589190 0.0179588 0.0448477 0.0473557 0.0564917 0.0632552 0.0428534 0.0657623 0.0493806 0.0520987 0.0610356 0.0467373 0.0320687 0.0614634 0.0380885 0.0597628 0.0658925 0.0389985 0.0505069 0.0424086 0.0658905 0.0751714 0.0743810 0.0403322 0.0579064 0.0592853 0.0571381 0.0591624 0.0468477 0.0740894 0.0593636 0.0717401 0.0600803 0.0807349 0.0631222 0.0596423 0.0812492 0.0730800 0.0497025 0.0529049 0.0478305 0.0613212 0.0582421 0.0394984 0.0513997 0.0589664 0.0612655 0.0472048 0.0475919 0.0405459 0.0595722 0.0598380 0.0811887 0.0587091 0.0655468 0.0578453 0.0404544 0.0445915 0.0707885 0.0665839 0.0479437 0.0686486 0.0728034 0.0624735 0.0589892 0.0431681 0.0423011 0.0577734 0.0620504 0.0391427 0.0399256 0.0500059 0.0534651 0.0526706 0.0371989 0.0595232 0.0772260 0.0510139 0.0442488 0.0373256 0.0621385 0.0474488 0.0649163 0.0625638 0.0374492 0.0671560 0.0416019 0.0385659 0.0396198 0.0485588 0.0473433 0.0606548 0.0497370 0.0429332 0.0410153 0.0452511 0.0517437 0.0754913 0.0438344 0.0610853 0.0755195 0.0705722 0.0576727 0.0647678 0.0722114 0.0721337 0.0382658 0.0431597 0.0379726 0.0589261 0.0544712 0.0484879 0.0692707 0.0399718 0.0650728 0.0432806 0.0465716 0.0371898 0.0488227 0.0711618 0.0577701 0.0455751 0.0619252 0.0450828 0.0502411 0.0443206 0.0376067 0.0402150 0.0371299 0.0513562 0.0419098 0.0694857 0.0551350 0.0468690 0.0397024 0.0546956 0.0779809 0.0582461 0.0593060 0.0415621 0.0421218 0.0414518 0.0420887 0.0517102 0.0544251 0.0517177 0.0704236 0.0454444 0.0527167 0.0610617 0.0622713 0.0430775 0.0460715 0.0431347 0.0634297 0.0650150 0.0748272 0.0410217 0.0382477 0.0424116 0.0704882 0.0401883 0.0722408 0.0701918 0.0639746 0.0583020 0.1369556 0.0649418 0.0770264 0.0723994 0.0503215 0.0460713 0.0597740 
I0188_135_Apodidae_Streptoprocne_zonaris                  0.0445690 0.0550472 0.0541589 0.0000000 0.0632098 0.0523687 0.0480299 0.0534414 0.0625289 0.0688816 0.0460911 0.0680978 0.0542371 0.0579976 0.0643346 0.0512645 0.0369525 0.0638710 0.0410507 0.0637774 0.0668410 0.0417388 0.0553527 0.0481195 0.0712401 0.0775824 0.0738831 0.0461423 0.0624562 0.0629746 0.0486517 0.0515301 0.0520166 0.0767903 0.0645059 0.0776967 0.0634200 0.0839805 0.0668269 0.0629090 0.0836982 0.0752158 0.0524501 0.0536991 0.0516968 0.0649094 0.0611981 0.0437305 0.0540461 0.0638331 0.0647894 0.0529038 0.0491112 0.0455974 0.0662963 0.0236227 0.0850276 0.0625737 0.0706841 0.0627959 0.0431031 0.0470642 0.0752982 0.0717352 0.0487196 0.0755024 0.0767782 0.0648484 0.0641945 0.0486796 0.0475794 0.0614922 0.0684205 0.0443791 0.0442855 0.0560633 0.0596231 0.0574046 0.0427025 0.0506094 0.0835668 0.0544895 0.0482374 0.0421511 0.0683082 0.0514181 0.0707255 0.0685322 0.0410501 0.0722060 0.0469422 0.0457273 0.0432018 0.0506706 0.0519689 0.0614359 0.0528957 0.0480202 0.0461944 0.0499028 0.0552336 0.0807290 0.0469201 0.0657074 0.0812906 0.0696128 0.0595299 0.0655796 0.0768133 0.0770735 0.0429500 0.0483368 0.0434787 0.0624608 0.0216840 0.0518907 0.0728507 0.0441218 0.0698622 0.0483391 0.0438129 0.0424419 0.0526065 0.0776966 0.0599102 0.0472424 0.0647146 0.0493736 0.0552051 0.0474442 0.0427541 0.0441246 0.0424647 0.0540029 0.0456606 0.0691317 0.0603669 0.0498743 0.0428970 0.0606877 0.0818709 0.0607373 0.0641644 0.0451487 0.0468986 0.0459434 0.0466432 0.0550023 0.0561018 0.0551695 0.0758630 0.0492021 0.0554495 0.0648118 0.0642626 0.0482389 0.0509155 0.0436060 0.0673518 0.0668901 0.0802917 0.0460597 0.0432134 0.0463558 0.0769407 0.0446863 0.0741055 0.0729589 0.0669133 0.0633011 0.1404100 0.0668303 0.0775582 0.0748724 0.0557765 0.0523561 0.0627827 
I0189_225_Eurylaimidae_Smithornis_rufolateralis           0.0520371 0.0586557 0.0589190 0.0632098 0.0000000 0.0565660 0.0567587 0.0579235 0.0647002 0.0718037 0.0548255 0.0505592 0.0612788 0.0625153 0.0400714 0.0570673 0.0449926 0.0428646 0.0505507 0.0411874 0.0436861 0.0510054 0.0594995 0.0533079 0.0748631 0.0616231 0.0578071 0.0518379 0.0393713 0.0406064 0.0643893 0.0670589 0.0567346 0.0581066 0.0396273 0.0811931 0.0409974 0.0897298 0.0443477 0.0400577 0.0912367 0.0573574 0.0598912 0.0617290 0.0584633 0.0404160 0.0382060 0.0520706 0.0605960 0.0396941 0.0418354 0.0570270 0.0588035 0.0539609 0.0416805 0.0680863 0.0901674 0.0401609 0.0757610 0.0690254 0.0524034 0.0547377 0.0810896 0.0774106 0.0581028 0.0786697 0.0827712 0.0400720 0.0413135 0.0562522 0.0537632 0.0391026 0.0699425 0.0472657 0.0519162 0.0606552 0.0634343 0.0598181 0.0494426 0.0672738 0.0875113 0.0591386 0.0566358 0.0507679 0.0732781 0.0570055 0.0759620 0.0702888 0.0509197 0.0780583 0.0547162 0.0534198 0.0522529 0.0598786 0.0574146 0.0664497 0.0604877 0.0540931 0.0539826 0.0568403 0.0619365 0.0849686 0.0550271 0.0728783 0.0864909 0.0510115 0.0662688 0.0508306 0.0600732 0.0826833 0.0504366 0.0542421 0.0509376 0.0267950 0.0633146 0.0580192 0.0799695 0.0510359 0.0754213 0.0562198 0.0581048 0.0504766 0.0595441 0.0797980 0.0666097 0.0568207 0.0304476 0.0575069 0.0590692 0.0554038 0.0508090 0.0515998 0.0506070 0.0620174 0.0542130 0.0758063 0.0672353 0.0573577 0.0520166 0.0668362 0.0887625 0.0450448 0.0403987 0.0538874 0.0549605 0.0525329 0.0540768 0.0626882 0.0616456 0.0620784 0.0797132 0.0552983 0.0639272 0.0418958 0.0429407 0.0540082 0.0565531 0.0547347 0.0314168 0.0517862 0.0835220 0.0528311 0.0511373 0.0529561 0.0817817 0.0517427 0.0571557 0.0546633 0.0490806 0.0216227 0.1406944 0.0511082 0.0620761 0.0591040 0.0591129 0.0593431 0.0476137 
I0190_295_Trogonidae_Apaloderma_aequatoriale              0.0387869 0.0458562 0.0179588 0.0523687 0.0565660 0.0000000 0.0439525 0.0456133 0.0549683 0.0608757 0.0424632 0.0631624 0.0480854 0.0509655 0.0592204 0.0455326 0.0306073 0.0597865 0.0365391 0.0578184 0.0636572 0.0383217 0.0480013 0.0409493 0.0651445 0.0724649 0.0717365 0.0393158 0.0568671 0.0578240 0.0546163 0.0571138 0.0453986 0.0717430 0.0576861 0.0689697 0.0583052 0.0778048 0.0610150 0.0581143 0.0792218 0.0702705 0.0482307 0.0505799 0.0469061 0.0598895 0.0561749 0.0374908 0.0506372 0.0575286 0.0596720 0.0457608 0.0461033 0.0391860 0.0574673 0.0573969 0.0788488 0.0568798 0.0639963 0.0560262 0.0388251 0.0428082 0.0680401 0.0644084 0.0463659 0.0673259 0.0705214 0.0600733 0.0578729 0.0424987 0.0416624 0.0563037 0.0597722 0.0365608 0.0394102 0.0501313 0.0514357 0.0507848 0.0360689 0.0574986 0.0744030 0.0502235 0.0425799 0.0369557 0.0606841 0.0462836 0.0628642 0.0606174 0.0368021 0.0654871 0.0405414 0.0383573 0.0392193 0.0483908 0.0474673 0.0583028 0.0489240 0.0406318 0.0400067 0.0444063 0.0517075 0.0732559 0.0423770 0.0590488 0.0740654 0.0702115 0.0566527 0.0635750 0.0715491 0.0699475 0.0372959 0.0423399 0.0371132 0.0571182 0.0528881 0.0485148 0.0673028 0.0384027 0.0633275 0.0425022 0.0459111 0.0365094 0.0467424 0.0693968 0.0566738 0.0442792 0.0605262 0.0433816 0.0488106 0.0423358 0.0368472 0.0382710 0.0367407 0.0504430 0.0408531 0.0679753 0.0538730 0.0450366 0.0395451 0.0539961 0.0766848 0.0551454 0.0578548 0.0399387 0.0406089 0.0398761 0.0407614 0.0506501 0.0532083 0.0507448 0.0687697 0.0443756 0.0517051 0.0595738 0.0601594 0.0422527 0.0449135 0.0414566 0.0615002 0.0633083 0.0728029 0.0401661 0.0377353 0.0405048 0.0693296 0.0390224 0.0701557 0.0680000 0.0615238 0.0567700 0.1371088 0.0634391 0.0742082 0.0705879 0.0480534 0.0450722 0.0585170 
I0192_375_Musophagidae_Tauraco_macrorhynchus              0.0352573 0.0466946 0.0448477 0.0480299 0.0567587 0.0439525 0.0000000 0.0443435 0.0535136 0.0617655 0.0199895 0.0626372 0.0468797 0.0492749 0.0595470 0.0437810 0.0278116 0.0595091 0.0329215 0.0578303 0.0637683 0.0330663 0.0460287 0.0366183 0.0648956 0.0727646 0.0704913 0.0372905 0.0566691 0.0574439 0.0511166 0.0538166 0.0428802 0.0704172 0.0588135 0.0677590 0.0582810 0.0766332 0.0604028 0.0573813 0.0747695 0.0701489 0.0476550 0.0481935 0.0437106 0.0595471 0.0553306 0.0330276 0.0481565 0.0575619 0.0598508 0.0435019 0.0421430 0.0344314 0.0572184 0.0542477 0.0768373 0.0555784 0.0594264 0.0505398 0.0341093 0.0387313 0.0663598 0.0601447 0.0432070 0.0672231 0.0674447 0.0604172 0.0580953 0.0388304 0.0385245 0.0558538 0.0623057 0.0368773 0.0359167 0.0479500 0.0521999 0.0502654 0.0330186 0.0538834 0.0748324 0.0461989 0.0398228 0.0311293 0.0570168 0.0460815 0.0586327 0.0613410 0.0299894 0.0610406 0.0365439 0.0358028 0.0340208 0.0430137 0.0466927 0.0551233 0.0445903 0.0379907 0.0365499 0.0398447 0.0495971 0.0712802 0.0382191 0.0547163 0.0730171 0.0695959 0.0521820 0.0618654 0.0704368 0.0677129 0.0329466 0.0397170 0.0324708 0.0565712 0.0496526 0.0457522 0.0652518 0.0346567 0.0619973 0.0380664 0.0414507 0.0315423 0.0436434 0.0698400 0.0538322 0.0409180 0.0591745 0.0396246 0.0461662 0.0402283 0.0317731 0.0337878 0.0313229 0.0468919 0.0359725 0.0678778 0.0523829 0.0420802 0.0338849 0.0528613 0.0733199 0.0558689 0.0580016 0.0367997 0.0357299 0.0370375 0.0375461 0.0474010 0.0501212 0.0477198 0.0667472 0.0415039 0.0483774 0.0600203 0.0595251 0.0390758 0.0422826 0.0375550 0.0625564 0.0629799 0.0719031 0.0383631 0.0334528 0.0375336 0.0666765 0.0357495 0.0702182 0.0682997 0.0606723 0.0567335 0.1307477 0.0629530 0.0730882 0.0712131 0.0469111 0.0436884 0.0568617 
I0193_447_Columbidae_Treron_calvus                        0.0411535 0.0496276 0.0473557 0.0534414 0.0579235 0.0456133 0.0443435 0.0000000 0.0571369 0.0621912 0.0424873 0.0631904 0.0494233 0.0530639 0.0607017 0.0465965 0.0265765 0.0611337 0.0364440 0.0604717 0.0653391 0.0374403 0.0193172 0.0412529 0.0659253 0.0714646 0.0687655 0.0409337 0.0583616 0.0585986 0.0544592 0.0568527 0.0162664 0.0696913 0.0596644 0.0697959 0.0590853 0.0800358 0.0619825 0.0595107 0.0788553 0.0700853 0.0498388 0.0504943 0.0485606 0.0617256 0.0574942 0.0377633 0.0510340 0.0594394 0.0616113 0.0171532 0.0461260 0.0392902 0.0589927 0.0591421 0.0804682 0.0587528 0.0642018 0.0568927 0.0384864 0.0432925 0.0692051 0.0645973 0.0459662 0.0676423 0.0720496 0.0622748 0.0599490 0.0432889 0.0440980 0.0582043 0.0623742 0.0310561 0.0411832 0.0522769 0.0543374 0.0527364 0.0365912 0.0569891 0.0771509 0.0498285 0.0422290 0.0356618 0.0613406 0.0484018 0.0639114 0.0617229 0.0354558 0.0663984 0.0412360 0.0404262 0.0375033 0.0452656 0.0481782 0.0576314 0.0462924 0.0423647 0.0407330 0.0438057 0.0528307 0.0742331 0.0416725 0.0606581 0.0752624 0.0716209 0.0559698 0.0628079 0.0696824 0.0714412 0.0370188 0.0439814 0.0366733 0.0586292 0.0531997 0.0491559 0.0694311 0.0380004 0.0657530 0.0434243 0.0452587 0.0357936 0.0484314 0.0713290 0.0548727 0.0436728 0.0612390 0.0444121 0.0489768 0.0416902 0.0360171 0.0385457 0.0355125 0.0504208 0.0414384 0.0675621 0.0546564 0.0447542 0.0372272 0.0545475 0.0784956 0.0558967 0.0595690 0.0395413 0.0406799 0.0413629 0.0407378 0.0512587 0.0528323 0.0507475 0.0688035 0.0442494 0.0521770 0.0616455 0.0613173 0.0429604 0.0155465 0.0422488 0.0637657 0.0625460 0.0735059 0.0419732 0.0368723 0.0416867 0.0706736 0.0400853 0.0686659 0.0666004 0.0612587 0.0579095 0.1343467 0.0625879 0.0735673 0.0704074 0.0495953 0.0458468 0.0594881 
I0194_495_Alcedinidae_Alcedo_quadribrachys                0.0509917 0.0464394 0.0564917 0.0625289 0.0647002 0.0549683 0.0535136 0.0571369 0.0000000 0.0664834 0.0537439 0.0705822 0.0575059 0.0557386 0.0669872 0.0580470 0.0432942 0.0683214 0.0485653 0.0673926 0.0703926 0.0503996 0.0586056 0.0538619 0.0689135 0.0776112 0.0761093 0.0514700 0.0657269 0.0658870 0.0656921 0.0669121 0.0559009 0.0760309 0.0661659 0.0786690 0.0659473 0.0870758 0.0702101 0.0661268 0.0946122 0.0751452 0.0491917 0.0625796 0.0582266 0.0677077 0.0651090 0.0505073 0.0596461 0.0665081 0.0678983 0.0568320 0.0577335 0.0525594 0.0657787 0.0683359 0.0875017 0.0655477 0.0752080 0.0682918 0.0513041 0.0526344 0.0784574 0.0756064 0.0571468 0.0692907 0.0821324 0.0677924 0.0661120 0.0550655 0.0551426 0.0650159 0.0652009 0.0449580 0.0512405 0.0368924 0.0598990 0.0565081 0.0490943 0.0670893 0.0843618 0.0603821 0.0545130 0.0500243 0.0723932 0.0499753 0.0741457 0.0649457 0.0495636 0.0774590 0.0527724 0.0513651 0.0509167 0.0588003 0.0501671 0.0660401 0.0599605 0.0519322 0.0522001 0.0553677 0.0606480 0.0818628 0.0545311 0.0706982 0.0822056 0.0769849 0.0658122 0.0691985 0.0760595 0.0822811 0.0511136 0.0533758 0.0509496 0.0648408 0.0633222 0.0572876 0.0783517 0.0506041 0.0725799 0.0532051 0.0560342 0.0504558 0.0603488 0.0730455 0.0668494 0.0544642 0.0693623 0.0561104 0.0600349 0.0547633 0.0500732 0.0504090 0.0500992 0.0600746 0.0524315 0.0731255 0.0627297 0.0576029 0.0509802 0.0631892 0.0852025 0.0639915 0.0670524 0.0514440 0.0536010 0.0516950 0.0524499 0.0613325 0.0631526 0.0597958 0.0786148 0.0553447 0.0617422 0.0677738 0.0684527 0.0542710 0.0561870 0.0545900 0.0699269 0.0708756 0.0804252 0.0517214 0.0502375 0.0516315 0.0809620 0.0508572 0.0743968 0.0737107 0.0696250 0.0648583 0.1423890 0.0702423 0.0798805 0.0762974 0.0596133 0.0548824 0.0659680 
I0195_522_Ramphastidae_Buccanodon_duchaillui              0.0586601 0.0617784 0.0632552 0.0688816 0.0718037 0.0608757 0.0617655 0.0621912 0.0664834 0.0000000 0.0587294 0.0784409 0.0638646 0.0643828 0.0741315 0.0624874 0.0488550 0.0743093 0.0545478 0.0731533 0.0787098 0.0552663 0.0635307 0.0577227 0.0418212 0.0863462 0.0831517 0.0559293 0.0722539 0.0713636 0.0690669 0.0711371 0.0614585 0.0846941 0.0735780 0.0851233 0.0728372 0.0926390 0.0754099 0.0724390 0.0962717 0.0830700 0.0627837 0.0666818 0.0627984 0.0752824 0.0712373 0.0562739 0.0669820 0.0713184 0.0759649 0.0623515 0.0630198 0.0581217 0.0711717 0.0755080 0.0942537 0.0711085 0.0798182 0.0721067 0.0572399 0.0583507 0.0837686 0.0801407 0.0626592 0.0438380 0.0881048 0.0751201 0.0729839 0.0599477 0.0601028 0.0706390 0.0269271 0.0486670 0.0589069 0.0617355 0.0638078 0.0615185 0.0548040 0.0710084 0.0911248 0.0660474 0.0607177 0.0554879 0.0772457 0.0608584 0.0797274 0.0248852 0.0548592 0.0811698 0.0578855 0.0570088 0.0560409 0.0640375 0.0588810 0.0709321 0.0653024 0.0588667 0.0572244 0.0613047 0.0681303 0.0884329 0.0601968 0.0741518 0.0889663 0.0844658 0.0711016 0.0753713 0.0851938 0.0881508 0.0555642 0.0601115 0.0559449 0.0688388 0.0688381 0.0638487 0.0844492 0.0562027 0.0779569 0.0597691 0.0616355 0.0539781 0.0649184 0.0339134 0.0704963 0.0608595 0.0735240 0.0617102 0.0653455 0.0588044 0.0549244 0.0565911 0.0551018 0.0672230 0.0589366 0.0809109 0.0685530 0.0618330 0.0561483 0.0692713 0.0933957 0.0702297 0.0717657 0.0579882 0.0587953 0.0575607 0.0585349 0.0683549 0.0681563 0.0676847 0.0844260 0.0613541 0.0674381 0.0759819 0.0747470 0.0590563 0.0612796 0.0580684 0.0745783 0.0778049 0.0868281 0.0584445 0.0554917 0.0581593 0.0870898 0.0558812 0.0818974 0.0820276 0.0757654 0.0710283 0.1499100 0.0773578 0.0876929 0.0837411 0.0651030 0.0608315 0.0726571 
I0196_523_Musophagidae_Corythaeola_cristata               0.0328216 0.0449713 0.0428534 0.0460911 0.0548255 0.0424632 0.0199895 0.0424873 0.0537439 0.0587294 0.0000000 0.0624709 0.0443957 0.0477171 0.0582568 0.0409392 0.0252666 0.0595421 0.0298758 0.0572150 0.0626251 0.0301678 0.0449370 0.0354708 0.0621690 0.0713752 0.0693848 0.0348440 0.0556219 0.0565224 0.0507480 0.0529582 0.0414952 0.0700453 0.0573523 0.0659427 0.0575323 0.0763408 0.0604664 0.0556701 0.0742808 0.0691296 0.0453081 0.0465304 0.0411964 0.0589617 0.0541689 0.0320393 0.0452396 0.0566064 0.0597125 0.0418204 0.0392075 0.0328986 0.0569637 0.0532862 0.0767121 0.0553776 0.0571217 0.0492893 0.0323059 0.0368972 0.0660638 0.0588108 0.0407056 0.0641051 0.0656599 0.0589825 0.0567851 0.0368283 0.0368195 0.0551132 0.0595782 0.0360151 0.0331519 0.0463052 0.0505367 0.0480047 0.0299382 0.0532939 0.0732072 0.0445403 0.0370793 0.0294862 0.0552369 0.0440402 0.0568911 0.0591287 0.0295322 0.0597459 0.0344193 0.0328758 0.0311892 0.0412399 0.0440798 0.0536960 0.0419629 0.0368745 0.0344302 0.0370162 0.0469417 0.0698397 0.0362489 0.0524947 0.0713265 0.0697561 0.0511144 0.0600560 0.0700662 0.0657337 0.0307645 0.0364832 0.0303159 0.0556642 0.0482800 0.0439518 0.0632948 0.0320909 0.0613100 0.0355810 0.0390159 0.0296320 0.0420094 0.0675468 0.0509179 0.0373741 0.0589203 0.0373947 0.0444436 0.0378568 0.0296511 0.0317749 0.0297041 0.0451371 0.0340112 0.0642524 0.0496537 0.0396158 0.0315254 0.0504705 0.0707036 0.0547226 0.0570655 0.0342555 0.0345835 0.0346544 0.0351274 0.0451543 0.0465786 0.0461457 0.0647631 0.0394325 0.0475287 0.0590214 0.0597491 0.0366850 0.0404730 0.0352565 0.0616096 0.0628818 0.0697286 0.0354306 0.0309605 0.0356170 0.0640771 0.0334795 0.0696216 0.0671508 0.0605095 0.0551622 0.1281763 0.0625104 0.0734652 0.0708499 0.0448288 0.0412304 0.0559384 
I0197_832_Corvidae_Corvus_albus                           0.0597965 0.0665648 0.0657623 0.0680978 0.0505592 0.0631624 0.0626372 0.0631904 0.0705822 0.0784409 0.0624709 0.0000000 0.0672630 0.0678852 0.0498721 0.0634829 0.0508728 0.0496369 0.0571637 0.0494801 0.0534342 0.0579541 0.0660722 0.0609680 0.0798957 0.0339465 0.0310755 0.0588138 0.0494082 0.0484871 0.0721904 0.0758100 0.0632784 0.0309476 0.0492918 0.0874657 0.0499712 0.0944350 0.0510682 0.0481574 0.0972425 0.0298655 0.0659843 0.0702636 0.0644653 0.0495889 0.0475769 0.0577444 0.0680020 0.0487755 0.0495119 0.0633971 0.0651860 0.0600525 0.0515697 0.0730340 0.0959472 0.0475948 0.0820297 0.0772225 0.0593876 0.0624235 0.0884613 0.0823166 0.0647109 0.0828713 0.0904492 0.0497703 0.0488821 0.0626245 0.0606976 0.0477288 0.0751460 0.0544658 0.0602029 0.0665534 0.0719877 0.0671065 0.0571506 0.0749809 0.0929832 0.0655925 0.0615207 0.0577193 0.0791817 0.0652876 0.0816560 0.0758933 0.0555926 0.0835383 0.0608841 0.0589799 0.0590149 0.0649642 0.0632278 0.0715638 0.0659404 0.0614469 0.0605353 0.0634040 0.0702750 0.0909206 0.0624988 0.0814433 0.0911317 0.0573053 0.0721533 0.0355862 0.0357814 0.0904316 0.0586142 0.0628484 0.0585969 0.0516358 0.0682075 0.0671041 0.0865162 0.0580064 0.0809894 0.0618063 0.0634518 0.0576361 0.0663106 0.0860429 0.0733770 0.0642500 0.0522073 0.0638627 0.0652142 0.0604367 0.0577561 0.0586221 0.0581418 0.0685411 0.0603220 0.0792863 0.0728268 0.0632144 0.0590233 0.0731903 0.0958591 0.0333505 0.0492156 0.0601403 0.0607544 0.0602919 0.0616441 0.0707490 0.0699387 0.0684863 0.0868896 0.0616353 0.0690927 0.0507529 0.0494644 0.0601111 0.0632194 0.0620050 0.0531234 0.0348329 0.0899341 0.0618454 0.0585251 0.0602284 0.0898459 0.0594765 0.0298927 0.0272147 0.0132623 0.0494961 0.1462975 0.0346697 0.0348289 0.0328940 0.0680002 0.0646944 0.0555894 
I0198_937_Bucerotidae_Tockus_camurus                      0.0410225 0.0492936 0.0493806 0.0542371 0.0612788 0.0480854 0.0468797 0.0494233 0.0575059 0.0638646 0.0443957 0.0672630 0.0000000 0.0542714 0.0621938 0.0496892 0.0324266 0.0643372 0.0394687 0.0623840 0.0681068 0.0400980 0.0516984 0.0438655 0.0674043 0.0751392 0.0742751 0.0417864 0.0609306 0.0615852 0.0567903 0.0594381 0.0484051 0.0743617 0.0624481 0.0760445 0.0611542 0.0846296 0.0645283 0.0617100 0.0829814 0.0729981 0.0508671 0.0528064 0.0493491 0.0631598 0.0593698 0.0413073 0.0527224 0.0614174 0.0642247 0.0492089 0.0490566 0.0430517 0.0613016 0.0609609 0.0846130 0.0610128 0.0680143 0.0593389 0.0413813 0.0455968 0.0747135 0.0697833 0.0487330 0.0686322 0.0738034 0.0638560 0.0623619 0.0456098 0.0447202 0.0594506 0.0622318 0.0398215 0.0405833 0.0516155 0.0547261 0.0527299 0.0399843 0.0596994 0.0817209 0.0518210 0.0456331 0.0402199 0.0654719 0.0483180 0.0678125 0.0631784 0.0390132 0.0704572 0.0431331 0.0411890 0.0413368 0.0494612 0.0487130 0.0593902 0.0507865 0.0432373 0.0419328 0.0460024 0.0536273 0.0783019 0.0446052 0.0628329 0.0808877 0.0748225 0.0580038 0.0667503 0.0759070 0.0744363 0.0393723 0.0448472 0.0400625 0.0591146 0.0542576 0.0508054 0.0720175 0.0413396 0.0619936 0.0450876 0.0464326 0.0396185 0.0507210 0.0714978 0.0574847 0.0470537 0.0635688 0.0457899 0.0532581 0.0460258 0.0392188 0.0415703 0.0392680 0.0531437 0.0436384 0.0700618 0.0566480 0.0488885 0.0415199 0.0575254 0.0801381 0.0593364 0.0615782 0.0430479 0.0440805 0.0421604 0.0438069 0.0519781 0.0540702 0.0531966 0.0752207 0.0473512 0.0550131 0.0637097 0.0642690 0.0459040 0.0481389 0.0434527 0.0655180 0.0677654 0.0789664 0.0421866 0.0398961 0.0423176 0.0741165 0.0405470 0.0736847 0.0722848 0.0656117 0.0599913 0.1360870 0.0673038 0.0786689 0.0737136 0.0509074 0.0205695 0.0607934 
I0199_955_Meropidae_Merops_muelleri                       0.0437955 0.0467475 0.0520987 0.0579976 0.0625153 0.0509655 0.0492749 0.0530639 0.0557386 0.0643828 0.0477171 0.0678852 0.0542714 0.0000000 0.0647057 0.0497901 0.0368107 0.0644969 0.0427864 0.0633046 0.0688047 0.0423643 0.0556260 0.0460223 0.0653640 0.0770913 0.0743052 0.0460478 0.0624730 0.0631265 0.0604598 0.0627022 0.0520799 0.0762287 0.0635055 0.0746044 0.0640673 0.0842890 0.0665315 0.0634127 0.0833327 0.0748194 0.0483654 0.0572341 0.0523835 0.0662734 0.0616049 0.0436160 0.0556129 0.0644045 0.0656837 0.0526917 0.0519736 0.0462275 0.0630225 0.0641586 0.0845661 0.0620853 0.0679833 0.0604581 0.0448294 0.0481797 0.0747215 0.0681216 0.0518841 0.0673351 0.0760785 0.0662861 0.0632853 0.0487566 0.0480256 0.0613335 0.0632085 0.0421481 0.0438449 0.0491470 0.0563397 0.0546866 0.0419276 0.0633253 0.0817521 0.0540419 0.0491865 0.0426216 0.0648640 0.0453663 0.0676227 0.0632610 0.0405392 0.0700588 0.0458518 0.0444554 0.0437457 0.0544247 0.0434345 0.0609359 0.0556238 0.0465599 0.0449705 0.0502163 0.0575926 0.0786557 0.0489299 0.0646564 0.0797336 0.0753056 0.0595159 0.0651090 0.0738004 0.0764039 0.0425185 0.0481546 0.0430692 0.0618080 0.0584508 0.0540319 0.0741549 0.0451202 0.0685070 0.0473610 0.0503658 0.0421302 0.0525685 0.0709330 0.0609591 0.0495944 0.0656518 0.0485018 0.0543081 0.0489612 0.0424806 0.0429606 0.0418705 0.0562741 0.0453157 0.0719603 0.0590893 0.0513054 0.0435318 0.0588835 0.0821295 0.0607922 0.0650154 0.0469063 0.0465205 0.0454143 0.0464014 0.0567051 0.0578268 0.0565458 0.0736479 0.0486006 0.0562614 0.0658976 0.0646627 0.0461283 0.0510805 0.0456310 0.0678132 0.0678198 0.0782500 0.0461342 0.0431212 0.0447619 0.0761026 0.0441660 0.0729940 0.0722624 0.0658319 0.0613905 0.1367222 0.0669532 0.0796924 0.0743427 0.0544722 0.0506521 0.0650694 
I0200_988_Furnariidae_Furnarius_rufus                     0.0563514 0.0624972 0.0610356 0.0643346 0.0400714 0.0592204 0.0595470 0.0607017 0.0669872 0.0741315 0.0582568 0.0498721 0.0621938 0.0647057 0.0000000 0.0583485 0.0477316 0.0357256 0.0540754 0.0345315 0.0326878 0.0536958 0.0617221 0.0561779 0.0778806 0.0588430 0.0550694 0.0539190 0.0352653 0.0349104 0.0663941 0.0685223 0.0594270 0.0566803 0.0170102 0.0825994 0.0355085 0.0901336 0.0377018 0.0335204 0.0918801 0.0542386 0.0625968 0.0639717 0.0599743 0.0313550 0.0333988 0.0545757 0.0636292 0.0336860 0.0150947 0.0600253 0.0619101 0.0564750 0.0366768 0.0685291 0.0911372 0.0337210 0.0772862 0.0724021 0.0550390 0.0576584 0.0831332 0.0772031 0.0607819 0.0813467 0.0853491 0.0318376 0.0355407 0.0582202 0.0578053 0.0335835 0.0735080 0.0493601 0.0558226 0.0638724 0.0655665 0.0618594 0.0534202 0.0680802 0.0885429 0.0607762 0.0590371 0.0533898 0.0753360 0.0605638 0.0772840 0.0726559 0.0527206 0.0793042 0.0569358 0.0554052 0.0547225 0.0623533 0.0593343 0.0667487 0.0632149 0.0563946 0.0555249 0.0591835 0.0633935 0.0862853 0.0582456 0.0756449 0.0880660 0.0380911 0.0680045 0.0497312 0.0581995 0.0856769 0.0536940 0.0581248 0.0539604 0.0402235 0.0645132 0.0611662 0.0834997 0.0559259 0.0768921 0.0580099 0.0588565 0.0533759 0.0616405 0.0831493 0.0679380 0.0595434 0.0439839 0.0607646 0.0609687 0.0579949 0.0538829 0.0548930 0.0534005 0.0645356 0.0564925 0.0758917 0.0684422 0.0597002 0.0546713 0.0684187 0.0924741 0.0447349 0.0350138 0.0575507 0.0577910 0.0558082 0.0571648 0.0646411 0.0640953 0.0645026 0.0812029 0.0578506 0.0653493 0.0301052 0.0350796 0.0564717 0.0592564 0.0576882 0.0430884 0.0502546 0.0864013 0.0559813 0.0545848 0.0554113 0.0854331 0.0545805 0.0539424 0.0525084 0.0479565 0.0397191 0.1462600 0.0497235 0.0590575 0.0570954 0.0613702 0.0608042 0.0497244 
I0201_999_Scolopacidae_Tringa_solitaria                   0.0383898 0.0493747 0.0467373 0.0512645 0.0570673 0.0455326 0.0437810 0.0465965 0.0580470 0.0624874 0.0409392 0.0634829 0.0496892 0.0497901 0.0583485 0.0000000 0.0304406 0.0600147 0.0351480 0.0583013 0.0632794 0.0355211 0.0497598 0.0342525 0.0651792 0.0732062 0.0695824 0.0387833 0.0579681 0.0580092 0.0547712 0.0577555 0.0450097 0.0705236 0.0579133 0.0709299 0.0595573 0.0813965 0.0619574 0.0586583 0.0756658 0.0704590 0.0496601 0.0510865 0.0459922 0.0607468 0.0564924 0.0366865 0.0502785 0.0584907 0.0599674 0.0461039 0.0445747 0.0374397 0.0581982 0.0591594 0.0807211 0.0562911 0.0638268 0.0547245 0.0375812 0.0431544 0.0695386 0.0642511 0.0441407 0.0669480 0.0696725 0.0600445 0.0591642 0.0418359 0.0411557 0.0567133 0.0630668 0.0391781 0.0384498 0.0501040 0.0538657 0.0533413 0.0342543 0.0577166 0.0785596 0.0325225 0.0428455 0.0342698 0.0603136 0.0462208 0.0629327 0.0634384 0.0336075 0.0648514 0.0340304 0.0375819 0.0370188 0.0465548 0.0459895 0.0569527 0.0481669 0.0412403 0.0336964 0.0419966 0.0509610 0.0744418 0.0409188 0.0572613 0.0763737 0.0701053 0.0536176 0.0624296 0.0719600 0.0695943 0.0357233 0.0417733 0.0359347 0.0571041 0.0524688 0.0476538 0.0673409 0.0367170 0.0641782 0.0326481 0.0439096 0.0346642 0.0463987 0.0692866 0.0556028 0.0426412 0.0593367 0.0341789 0.0313577 0.0414445 0.0352235 0.0361493 0.0346149 0.0494189 0.0310872 0.0613509 0.0544210 0.0436101 0.0369277 0.0552924 0.0747017 0.0562884 0.0587168 0.0384328 0.0389913 0.0394830 0.0395772 0.0511943 0.0526672 0.0497380 0.0704237 0.0144220 0.0503531 0.0601773 0.0602474 0.0157231 0.0450744 0.0414105 0.0617579 0.0625906 0.0744038 0.0402647 0.0363860 0.0406394 0.0694955 0.0379407 0.0706014 0.0679658 0.0608992 0.0561415 0.1350983 0.0622864 0.0755418 0.0721628 0.0320906 0.0461962 0.0579143 
I0202_1066_Cathartidae_Cathartes_burrovianus              0.0210594 0.0332802 0.0320687 0.0369525 0.0449926 0.0306073 0.0278116 0.0265765 0.0432942 0.0488550 0.0252666 0.0508728 0.0324266 0.0368107 0.0477316 0.0304406 0.0000000 0.0482901 0.0190135 0.0458633 0.0513772 0.0197284 0.0315173 0.0236824 0.0517254 0.0605346 0.0577797 0.0224632 0.0442227 0.0453684 0.0407652 0.0437107 0.0279903 0.0586880 0.0466130 0.0566378 0.0454514 0.0662454 0.0486790 0.0452754 0.0626448 0.0578381 0.0343042 0.0366448 0.0296523 0.0480504 0.0433840 0.0220165 0.0335675 0.0460246 0.0478749 0.0288273 0.0295508 0.0229700 0.0457028 0.0444853 0.0670902 0.0449795 0.0482164 0.0395187 0.0217718 0.0278550 0.0557681 0.0487373 0.0308484 0.0533779 0.0539720 0.0486611 0.0457157 0.0262554 0.0251988 0.0438581 0.0483718 0.0252764 0.0215484 0.0363381 0.0389303 0.0378945 0.0189907 0.0436550 0.0641524 0.0340729 0.0275997 0.0182388 0.0455841 0.0313364 0.0468913 0.0483345 0.0180406 0.0493710 0.0232927 0.0206562 0.0207862 0.0315317 0.0317762 0.0440489 0.0322509 0.0251467 0.0230331 0.0269478 0.0346212 0.0606362 0.0253490 0.0430314 0.0624906 0.0589630 0.0409119 0.0489781 0.0588149 0.0541823 0.0200476 0.0249345 0.0205049 0.0441493 0.0378916 0.0324390 0.0519799 0.0218085 0.0503278 0.0256274 0.0304764 0.0189684 0.0320123 0.0559037 0.0410635 0.0277041 0.0478969 0.0266661 0.0337517 0.0275178 0.0190459 0.0218651 0.0188966 0.0345651 0.0237402 0.0540416 0.0382210 0.0292202 0.0201739 0.0391881 0.0605913 0.0423277 0.0460445 0.0232110 0.0252823 0.0227373 0.0239338 0.0356273 0.0379941 0.0351099 0.0558356 0.0287479 0.0365759 0.0476617 0.0482604 0.0266072 0.0273984 0.0244189 0.0503454 0.0507460 0.0603782 0.0230369 0.0200990 0.0233787 0.0543077 0.0217306 0.0573004 0.0550286 0.0487745 0.0443569 0.1193328 0.0506903 0.0629708 0.0590691 0.0343625 0.0295488 0.0437748 
I0203_1087_Tyrannidae_Hymenops_perspicillatus             0.0570198 0.0629803 0.0614634 0.0638710 0.0428646 0.0597865 0.0595091 0.0611337 0.0683214 0.0743093 0.0595421 0.0496369 0.0643372 0.0644969 0.0357256 0.0600147 0.0482901 0.0000000 0.0556327 0.0123945 0.0405805 0.0556227 0.0626629 0.0576724 0.0772248 0.0582402 0.0552649 0.0558219 0.0231852 0.0222149 0.0684903 0.0708263 0.0597889 0.0567634 0.0352942 0.0841055 0.0214090 0.0918504 0.0211911 0.0226253 0.0919378 0.0542072 0.0646006 0.0663019 0.0622550 0.0371200 0.0214142 0.0549010 0.0647415 0.0224486 0.0368495 0.0597467 0.0631323 0.0570109 0.0137660 0.0679162 0.0914189 0.0212774 0.0780632 0.0735637 0.0569220 0.0595484 0.0849223 0.0779146 0.0615215 0.0804396 0.0882219 0.0366025 0.0226032 0.0608539 0.0585132 0.0206877 0.0732235 0.0515299 0.0568849 0.0642857 0.0673291 0.0651388 0.0540775 0.0706240 0.0911468 0.0640658 0.0596315 0.0546402 0.0760375 0.0632863 0.0782078 0.0727433 0.0529860 0.0803431 0.0580760 0.0567196 0.0563115 0.0638361 0.0608779 0.0696960 0.0646795 0.0570049 0.0567825 0.0599088 0.0663175 0.0881646 0.0601965 0.0770885 0.0893828 0.0423396 0.0693768 0.0482676 0.0559369 0.0885233 0.0545509 0.0610163 0.0551807 0.0429910 0.0651203 0.0628692 0.0863649 0.0560745 0.0772667 0.0597671 0.0611566 0.0540916 0.0634679 0.0818686 0.0708560 0.0614375 0.0441428 0.0613722 0.0632912 0.0581441 0.0538659 0.0553165 0.0543845 0.0668311 0.0578463 0.0785094 0.0688130 0.0610862 0.0558228 0.0694121 0.0943493 0.0439157 0.0233862 0.0585918 0.0577449 0.0572041 0.0589710 0.0675592 0.0659872 0.0664436 0.0833592 0.0587933 0.0682088 0.0357960 0.0119152 0.0580431 0.0601459 0.0587084 0.0448029 0.0469803 0.0877479 0.0586163 0.0550005 0.0574124 0.0863027 0.0565597 0.0547188 0.0533847 0.0478842 0.0418915 0.1465531 0.0467653 0.0597749 0.0551934 0.0642266 0.0609219 0.0518048 
I0204_1174_Threskiornithidae_Harpiprion_caerulescens      0.0269516 0.0385493 0.0380885 0.0410507 0.0505507 0.0365391 0.0329215 0.0364440 0.0485653 0.0545478 0.0298758 0.0571637 0.0394687 0.0427864 0.0540754 0.0351480 0.0190135 0.0556327 0.0000000 0.0536643 0.0580243 0.0216038 0.0396263 0.0292601 0.0583127 0.0672043 0.0640103 0.0288195 0.0514477 0.0522037 0.0453813 0.0481964 0.0354019 0.0656736 0.0526092 0.0612882 0.0523393 0.0715474 0.0560303 0.0523329 0.0630760 0.0648082 0.0401262 0.0404254 0.0363014 0.0549851 0.0503802 0.0226398 0.0402186 0.0528168 0.0540474 0.0367207 0.0340235 0.0236346 0.0519362 0.0484397 0.0718671 0.0517752 0.0524229 0.0444648 0.0238951 0.0324591 0.0609922 0.0543301 0.0351562 0.0602079 0.0593464 0.0547707 0.0529712 0.0309471 0.0320808 0.0508737 0.0544744 0.0287387 0.0275687 0.0417339 0.0445190 0.0430215 0.0199095 0.0487701 0.0670330 0.0386893 0.0321282 0.0221048 0.0494099 0.0377655 0.0521722 0.0548788 0.0220313 0.0539432 0.0279422 0.0269250 0.0230230 0.0358230 0.0387391 0.0486856 0.0373116 0.0309641 0.0278203 0.0311767 0.0404950 0.0649215 0.0276958 0.0475192 0.0663892 0.0644101 0.0459345 0.0561438 0.0662637 0.0597519 0.0216025 0.0310852 0.0225033 0.0493726 0.0419716 0.0381481 0.0574126 0.0230095 0.0558278 0.0302297 0.0344812 0.0214300 0.0371952 0.0633700 0.0452270 0.0317341 0.0544299 0.0312830 0.0389280 0.0324920 0.0212704 0.0257031 0.0212154 0.0390634 0.0284423 0.0602166 0.0452311 0.0351332 0.0238106 0.0451000 0.0660374 0.0492511 0.0527606 0.0240406 0.0257453 0.0291072 0.0282932 0.0399265 0.0429673 0.0399582 0.0598856 0.0334307 0.0408830 0.0556415 0.0551125 0.0309146 0.0345438 0.0294934 0.0563924 0.0571818 0.0649785 0.0291130 0.0221903 0.0298696 0.0590042 0.0277884 0.0644085 0.0609293 0.0554501 0.0504743 0.1259481 0.0569722 0.0697376 0.0659058 0.0391583 0.0360976 0.0501287 
I0205_1183_Tyrannidae_Hirundinea_ferruginea               0.0551853 0.0617794 0.0597628 0.0637774 0.0411874 0.0578184 0.0578303 0.0604717 0.0673926 0.0731533 0.0572150 0.0494801 0.0623840 0.0633046 0.0345315 0.0583013 0.0458633 0.0123945 0.0536643 0.0000000 0.0397806 0.0533871 0.0620539 0.0561171 0.0759906 0.0574871 0.0552436 0.0540036 0.0209493 0.0207474 0.0670177 0.0691110 0.0590149 0.0559360 0.0340551 0.0836083 0.0195804 0.0902424 0.0198433 0.0207000 0.0912626 0.0533149 0.0632911 0.0645626 0.0603916 0.0359476 0.0194791 0.0528226 0.0630557 0.0201561 0.0360407 0.0591804 0.0614676 0.0549020 0.0153721 0.0681888 0.0905609 0.0197143 0.0784155 0.0722471 0.0557770 0.0577005 0.0837986 0.0782653 0.0603587 0.0798970 0.0865921 0.0355963 0.0207980 0.0589162 0.0564709 0.0182621 0.0724398 0.0499400 0.0548247 0.0632912 0.0658547 0.0628974 0.0522942 0.0690198 0.0901500 0.0623514 0.0580693 0.0529325 0.0754047 0.0612465 0.0776176 0.0717100 0.0512591 0.0806306 0.0563967 0.0545988 0.0543578 0.0617231 0.0602889 0.0683289 0.0624267 0.0549805 0.0552485 0.0581527 0.0642441 0.0879903 0.0583771 0.0756240 0.0881091 0.0431632 0.0687108 0.0483737 0.0560224 0.0867974 0.0530042 0.0590092 0.0534466 0.0415144 0.0649358 0.0613160 0.0843417 0.0545181 0.0774620 0.0572497 0.0590612 0.0520920 0.0615541 0.0802567 0.0688840 0.0597422 0.0428041 0.0587146 0.0622903 0.0567943 0.0523786 0.0541623 0.0526998 0.0658914 0.0554594 0.0787295 0.0672806 0.0591545 0.0541776 0.0684759 0.0921232 0.0436522 0.0211108 0.0563891 0.0558259 0.0548142 0.0565970 0.0659436 0.0638608 0.0650954 0.0828690 0.0574677 0.0669406 0.0347856 0.0129451 0.0569037 0.0594219 0.0566576 0.0438992 0.0480606 0.0864637 0.0568154 0.0530530 0.0550321 0.0849516 0.0543894 0.0535004 0.0528755 0.0476027 0.0399083 0.1461528 0.0477701 0.0592436 0.0548032 0.0624514 0.0595784 0.0500134 
I0207_1193_Thamnophilidae_Thamnophilus_ruficapillus       0.0597348 0.0673733 0.0658925 0.0668410 0.0436861 0.0636572 0.0637683 0.0653391 0.0703926 0.0787098 0.0626251 0.0534342 0.0681068 0.0688047 0.0326878 0.0632794 0.0513772 0.0405805 0.0580243 0.0397806 0.0000000 0.0588710 0.0661998 0.0611900 0.0812780 0.0613399 0.0592523 0.0594285 0.0395927 0.0395455 0.0697770 0.0724173 0.0637231 0.0587610 0.0325676 0.0864733 0.0392929 0.0949198 0.0432284 0.0387628 0.0967943 0.0575126 0.0669683 0.0678069 0.0646098 0.0160720 0.0377345 0.0589661 0.0672025 0.0384093 0.0328618 0.0640905 0.0661361 0.0605319 0.0420978 0.0723847 0.0954846 0.0377586 0.0828748 0.0769730 0.0595267 0.0629682 0.0866184 0.0831709 0.0649543 0.0854995 0.0896483 0.0153117 0.0402412 0.0633028 0.0615228 0.0381088 0.0763614 0.0534053 0.0593890 0.0675524 0.0689805 0.0659152 0.0574583 0.0717069 0.0933783 0.0665307 0.0629640 0.0582813 0.0790231 0.0649216 0.0819920 0.0769240 0.0574646 0.0843004 0.0612658 0.0593961 0.0596561 0.0656680 0.0633643 0.0713189 0.0667490 0.0607473 0.0601933 0.0639742 0.0679612 0.0910067 0.0625412 0.0807698 0.0920164 0.0394599 0.0724237 0.0519887 0.0605058 0.0903822 0.0575365 0.0617980 0.0589932 0.0443189 0.0679374 0.0652449 0.0874971 0.0591307 0.0809714 0.0627519 0.0638260 0.0578826 0.0651734 0.0873875 0.0732125 0.0634501 0.0454527 0.0657817 0.0661688 0.0607574 0.0580247 0.0591717 0.0580080 0.0690885 0.0609239 0.0811739 0.0722414 0.0628661 0.0594965 0.0727824 0.0954251 0.0477749 0.0394579 0.0605313 0.0616907 0.0596154 0.0620345 0.0690299 0.0691630 0.0689354 0.0853969 0.0624025 0.0699890 0.0343269 0.0389521 0.0603094 0.0641234 0.0613813 0.0466374 0.0522678 0.0901373 0.0601615 0.0578483 0.0601232 0.0889991 0.0591825 0.0561109 0.0560460 0.0511080 0.0421919 0.1500949 0.0517311 0.0610738 0.0601871 0.0667247 0.0644940 0.0539284 
