200
I0185_86_Accipitridae_Buteo_jamaicensis                   0.0000000 0.0472725 0.0463187 0.0436808 0.0562609 0.0458281 0.0640321 0.0396195 0.0421331 0.0679528 0.0692037 0.0356706 0.0553643 0.0520768 0.0549028 0.0541346 0.0441429 0.0220569 0.0594269 0.0282080 0.0555840 0.0337800 0.0567999 0.0303561 0.0310215 0.0260612 0.0428604 0.0319422 0.0708014 0.0637931 0.0684665 0.0304074 0.0538133 0.0571383 0.0562525 0.0580044 0.0406941 0.0661632 0.0549629 0.0609292 0.0569632 0.0703827 0.0576829 0.0523881 0.1035141 0.0784061 0.0867646 0.0617514 0.0720527 0.0490631 0.0502798 0.0358649 0.0544431 0.0560124 0.0293128 0.0440180 0.0537988 0.0575086 0.0414279 0.0384078 0.0337158 0.0479886 0.0507234 0.0335142 0.0327867 0.0734292 0.0516449 0.0651053 0.0494980 0.0312411 0.0360481 0.0658007 0.0639067 0.0381629 0.0645442 0.0602229 0.0560190 0.0542395 0.0373575 0.0337407 0.0540425 0.0606126 0.0337420 0.0091562 0.0340611 0.0421847 0.0411206 0.0496972 0.0473371 0.0280188 0.0233248 0.0597512 0.0706755 0.0548650 0.0417592 0.0351000 0.0263775 0.0557683 0.0414014 0.0600679 0.0641758 0.0256392 0.0699814 0.0318338 0.0243537 0.0274740 0.0464264 0.0495984 0.0579269 0.0493359 0.0348900 0.0315662 0.0362314 0.0439502 0.0688410 0.0355201 0.0501380 0.0664989 0.0318590 0.0256375 0.0592359 0.0499102 0.0329126 0.0559474 0.0600544 0.0617928 0.0425278 0.0287823 0.0207807 0.0280329 0.0559090 0.0438607 0.0389874 0.0594366 0.0299362 0.0773164 0.0358024 0.0378277 0.0270649 0.0434192 0.0674000 0.0626509 0.0375296 0.0607135 0.0357832 0.0507941 0.0387046 0.0268901 0.0312067 0.0271500 0.0488603 0.0347629 0.0702840 0.0531686 0.0402227 0.0275807 0.0529951 0.0653884 0.0477658 0.0539033 0.0251006 0.0309631 0.0313552 0.0339560 0.0306316 0.0354541 0.0475430 0.0498036 0.0488382 0.0612997 0.0436490 0.0506153 0.0562731 0.0584083 0.0403170 0.0928119 0.0314341 0.0423584 0.0329856 0.0599963 0.0525096 0.0640284 0.0285006 0.0194253 0.0269985 0.0337906 0.0636775 0.0303113 0.0652648 0.0617428 0.0549679 0.0533305 0.1314798 0.1308313 0.0521587 0.0666631 0.0633320 0.0486925 0.0428714 0.0587469 
I0186_111_Momotidae_Momotus_lessonii                      0.0472725 0.0000000 0.0565249 0.0572882 0.0687270 0.0550596 0.0711803 0.0495389 0.0555478 0.0594805 0.0733853 0.0477485 0.0669357 0.0608844 0.0541428 0.0659250 0.0539619 0.0383729 0.0683898 0.0430926 0.0655878 0.0486052 0.0675467 0.0453764 0.0464984 0.0426048 0.0576498 0.0466165 0.0776003 0.0745746 0.0770336 0.0469741 0.0648849 0.0675755 0.0657937 0.0681090 0.0541770 0.0777449 0.0655070 0.0731466 0.0683775 0.0826593 0.0692558 0.0636742 0.1115185 0.0882887 0.0957602 0.0714794 0.0809069 0.0446586 0.0615215 0.0520757 0.0657480 0.0672407 0.0436457 0.0589823 0.0640574 0.0672630 0.0552625 0.0540381 0.0482299 0.0602369 0.0636302 0.0497183 0.0475709 0.0853181 0.0635334 0.0753145 0.0616043 0.0473588 0.0520646 0.0750750 0.0745853 0.0529284 0.0702255 0.0747924 0.0668951 0.0653664 0.0496970 0.0496722 0.0648047 0.0666637 0.0450273 0.0472249 0.0488755 0.0580375 0.0392493 0.0600728 0.0581955 0.0442243 0.0397978 0.0702857 0.0829563 0.0660035 0.0568332 0.0500354 0.0428278 0.0679953 0.0455814 0.0711929 0.0713284 0.0411129 0.0792593 0.0469898 0.0441807 0.0441056 0.0577834 0.0526644 0.0691734 0.0609113 0.0471853 0.0453370 0.0500765 0.0599010 0.0814624 0.0500868 0.0638510 0.0798429 0.0475184 0.0423813 0.0695855 0.0639107 0.0474864 0.0652307 0.0713472 0.0754221 0.0572735 0.0444912 0.0474012 0.0437148 0.0669214 0.0587371 0.0549252 0.0743308 0.0461992 0.0873043 0.0498316 0.0524020 0.0428301 0.0581547 0.0712067 0.0745275 0.0513088 0.0698319 0.0509692 0.0628474 0.0523473 0.0431781 0.0472031 0.0434256 0.0612672 0.0491261 0.0818579 0.0624437 0.0524821 0.0435978 0.0626571 0.0806734 0.0614918 0.0648576 0.0412181 0.0456593 0.0472146 0.0475965 0.0464721 0.0498306 0.0602715 0.0628623 0.0619818 0.0732240 0.0539011 0.0624807 0.0664446 0.0677603 0.0516604 0.1027723 0.0478645 0.0551610 0.0480714 0.0697359 0.0643043 0.0768050 0.0438934 0.0440639 0.0428799 0.0476756 0.0789956 0.0461733 0.0743916 0.0729563 0.0669163 0.0650715 0.1459254 0.1432707 0.0646664 0.0767773 0.0745750 0.0609176 0.0519699 0.0667168 
I0187_115_Trogonidae_Trogon_elegans                       0.0463187 0.0565249 0.0000000 0.0570241 0.0679733 0.0193109 0.0752969 0.0530499 0.0552772 0.0748437 0.0777929 0.0499147 0.0681912 0.0621706 0.0636302 0.0666754 0.0563828 0.0387874 0.0701487 0.0426789 0.0676702 0.0484630 0.0682338 0.0445071 0.0465830 0.0427664 0.0571583 0.0475114 0.0814179 0.0752119 0.0791390 0.0469083 0.0666623 0.0682105 0.0684829 0.0694104 0.0555715 0.0797570 0.0666475 0.0738989 0.0687730 0.0827942 0.0700217 0.0640735 0.1132184 0.0891776 0.0983401 0.0741537 0.0814174 0.0572107 0.0644193 0.0518967 0.0673227 0.0680441 0.0432045 0.0590104 0.0656633 0.0688259 0.0553588 0.0542961 0.0475994 0.0629643 0.0645654 0.0487082 0.0461182 0.0862125 0.0641613 0.0764678 0.0630629 0.0464206 0.0518280 0.0766290 0.0759075 0.0535642 0.0750581 0.0749771 0.0677699 0.0667839 0.0505946 0.0491004 0.0659840 0.0702705 0.0473939 0.0461529 0.0479525 0.0576477 0.0524106 0.0613947 0.0588933 0.0442588 0.0403035 0.0722630 0.0831945 0.0663026 0.0578851 0.0512674 0.0418412 0.0680128 0.0535814 0.0719599 0.0745977 0.0422173 0.0810641 0.0468902 0.0434047 0.0438502 0.0585308 0.0585940 0.0692671 0.0614030 0.0486968 0.0464413 0.0505728 0.0607804 0.0818084 0.0493612 0.0660813 0.0804528 0.0483648 0.0418453 0.0707917 0.0635660 0.0477702 0.0667905 0.0719977 0.0759660 0.0582778 0.0439688 0.0483870 0.0435901 0.0675109 0.0588591 0.0544768 0.0736131 0.0446760 0.0880056 0.0503589 0.0526345 0.0428347 0.0573556 0.0774773 0.0749685 0.0525658 0.0717279 0.0507214 0.0629329 0.0523737 0.0426828 0.0470569 0.0423169 0.0602640 0.0499310 0.0822469 0.0658155 0.0534621 0.0440428 0.0655284 0.0796247 0.0617520 0.0662059 0.0411551 0.0462498 0.0469369 0.0475834 0.0463046 0.0506803 0.0621635 0.0642396 0.0603555 0.0740096 0.0563217 0.0610237 0.0681874 0.0700143 0.0526536 0.1040152 0.0476057 0.0567851 0.0466235 0.0710550 0.0650045 0.0773399 0.0441814 0.0436518 0.0424734 0.0485201 0.0795669 0.0459104 0.0777857 0.0751905 0.0684351 0.0660810 0.1441970 0.1450455 0.0651188 0.0798070 0.0761857 0.0620116 0.0531605 0.0722322 
I0188_135_Apodidae_Streptoprocne_zonaris                  0.0436808 0.0572882 0.0570241 0.0000000 0.0664905 0.0570319 0.0732785 0.0497879 0.0512089 0.0741742 0.0748109 0.0468209 0.0645854 0.0606901 0.0621655 0.0641943 0.0511732 0.0358412 0.0700069 0.0392206 0.0662252 0.0446791 0.0661225 0.0425385 0.0424338 0.0385879 0.0532068 0.0427335 0.0801430 0.0729884 0.0768791 0.0429669 0.0639212 0.0664644 0.0525038 0.0531195 0.0511278 0.0767774 0.0639353 0.0709133 0.0679110 0.0812537 0.0675942 0.0623246 0.1108191 0.0867956 0.0943905 0.0707560 0.0797615 0.0589418 0.0576747 0.0490480 0.0649188 0.0658976 0.0398348 0.0542090 0.0645411 0.0651447 0.0506703 0.0483213 0.0442334 0.0611793 0.0234828 0.0457318 0.0423400 0.0838604 0.0626294 0.0758126 0.0609751 0.0431479 0.0458896 0.0748527 0.0745876 0.0477172 0.0719971 0.0692636 0.0659708 0.0651146 0.0462569 0.0459431 0.0641818 0.0679305 0.0435594 0.0432462 0.0447098 0.0528558 0.0513573 0.0602671 0.0553484 0.0392326 0.0376027 0.0553282 0.0799856 0.0625480 0.0531682 0.0476436 0.0379058 0.0673147 0.0513322 0.0704515 0.0731396 0.0380991 0.0795617 0.0430166 0.0410778 0.0393646 0.0562384 0.0573287 0.0628599 0.0583902 0.0452412 0.0429386 0.0470644 0.0555374 0.0785510 0.0464983 0.0610187 0.0773743 0.0438331 0.0375574 0.0676828 0.0590338 0.0448343 0.0642112 0.0699475 0.0708621 0.0532481 0.0404292 0.0434836 0.0395065 0.0647390 0.0216958 0.0496972 0.0684176 0.0412230 0.0864177 0.0458187 0.0424562 0.0386414 0.0524681 0.0730757 0.0711477 0.0465452 0.0688369 0.0459946 0.0583792 0.0479507 0.0388173 0.0421619 0.0388069 0.0580476 0.0453507 0.0760272 0.0632430 0.0485811 0.0400602 0.0627440 0.0754174 0.0590892 0.0648988 0.0375800 0.0421456 0.0426865 0.0436369 0.0437137 0.0460105 0.0570460 0.0596721 0.0584800 0.0712555 0.0507216 0.0588666 0.0649965 0.0678546 0.0480554 0.1014184 0.0424028 0.0517852 0.0436234 0.0690786 0.0622690 0.0748455 0.0400666 0.0415368 0.0388066 0.0459291 0.0749224 0.0430843 0.0724340 0.0711648 0.0651570 0.0636935 0.1400657 0.1391290 0.0619641 0.0760782 0.0727702 0.0576595 0.0514835 0.0682608 
I0189_225_Eurylaimidae_Smithornis_rufolateralis           0.0562609 0.0687270 0.0679733 0.0664905 0.0000000 0.0688370 0.0822295 0.0627485 0.0647887 0.0847966 0.0851356 0.0598423 0.0498452 0.0748214 0.0759696 0.0411784 0.0661815 0.0487865 0.0457302 0.0541573 0.0425964 0.0572524 0.0440592 0.0549876 0.0561732 0.0535439 0.0651993 0.0571561 0.0874460 0.0574988 0.0612548 0.0573542 0.0399896 0.0437786 0.0754003 0.0777347 0.0644353 0.0602396 0.0429573 0.0836317 0.0428427 0.0912817 0.0458965 0.0391623 0.1220969 0.0996354 0.1079247 0.0555491 0.0921714 0.0704351 0.0697187 0.0615145 0.0425622 0.0421929 0.0539729 0.0654252 0.0399098 0.0440960 0.0641732 0.0627868 0.0580004 0.0440301 0.0727107 0.0589955 0.0580122 0.0952819 0.0390890 0.0854553 0.0727798 0.0556263 0.0605884 0.0854355 0.0857231 0.0630486 0.0841975 0.0838684 0.0433317 0.0415890 0.0612847 0.0590656 0.0401277 0.0784805 0.0544189 0.0563914 0.0579902 0.0637658 0.0638478 0.0716298 0.0693174 0.0543137 0.0501510 0.0793443 0.0911286 0.0773178 0.0639487 0.0600465 0.0532728 0.0758775 0.0640860 0.0820592 0.0821642 0.0522599 0.0892391 0.0576959 0.0547445 0.0540890 0.0683446 0.0685508 0.0760584 0.0709638 0.0575967 0.0562601 0.0613066 0.0662287 0.0905686 0.0608346 0.0750857 0.0884577 0.0572029 0.0531335 0.0459467 0.0722439 0.0595800 0.0515720 0.0552764 0.0855840 0.0653143 0.0546895 0.0571703 0.0533284 0.0327725 0.0671456 0.0612495 0.0821187 0.0553567 0.1005452 0.0594594 0.0611438 0.0533276 0.0667578 0.0850632 0.0798250 0.0607727 0.0361806 0.0599280 0.0736122 0.0630406 0.0533040 0.0570138 0.0529583 0.0685683 0.0592563 0.0860778 0.0743147 0.0640379 0.0544891 0.0738752 0.0896548 0.0436898 0.0399137 0.0519000 0.0567464 0.0574046 0.0576426 0.0569817 0.0605074 0.0678795 0.0724076 0.0682408 0.0825453 0.0673250 0.0684056 0.0442048 0.0448752 0.0631369 0.1130018 0.0577175 0.0659095 0.0586533 0.0356977 0.0474119 0.0861632 0.0538827 0.0537745 0.0538689 0.0579305 0.0887850 0.0554987 0.0587157 0.0557071 0.0504580 0.0252620 0.1510551 0.1482302 0.0472529 0.0604034 0.0563762 0.0720679 0.0659744 0.0584591 
I0190_295_Trogonidae_Apaloderma_aequatoriale              0.0458281 0.0550596 0.0193109 0.0570319 0.0688370 0.0000000 0.0737965 0.0522245 0.0552626 0.0728979 0.0775598 0.0485911 0.0675687 0.0607580 0.0619320 0.0674963 0.0552126 0.0381074 0.0704291 0.0419284 0.0683033 0.0482183 0.0688906 0.0438433 0.0463342 0.0425809 0.0572814 0.0474016 0.0795889 0.0751868 0.0787796 0.0462750 0.0667577 0.0679436 0.0675473 0.0681929 0.0550983 0.0786361 0.0673058 0.0727002 0.0690379 0.0821819 0.0708210 0.0640738 0.1116787 0.0880547 0.0962304 0.0727798 0.0812456 0.0562487 0.0631684 0.0514093 0.0674422 0.0681426 0.0421752 0.0580427 0.0656606 0.0698975 0.0554545 0.0530407 0.0472738 0.0620599 0.0643338 0.0484751 0.0470565 0.0856478 0.0641401 0.0751740 0.0618975 0.0464247 0.0509911 0.0756099 0.0748511 0.0526481 0.0740985 0.0738791 0.0683237 0.0668452 0.0502457 0.0488342 0.0657578 0.0690488 0.0466884 0.0465262 0.0475941 0.0570801 0.0516446 0.0617627 0.0587723 0.0439143 0.0397281 0.0707131 0.0816980 0.0655379 0.0569834 0.0497001 0.0420184 0.0674027 0.0524996 0.0704334 0.0729194 0.0413732 0.0793537 0.0461427 0.0434694 0.0440869 0.0576510 0.0583474 0.0678233 0.0606773 0.0467754 0.0460313 0.0493924 0.0597385 0.0806058 0.0496636 0.0643280 0.0790597 0.0477102 0.0420459 0.0709150 0.0632328 0.0473804 0.0664746 0.0712437 0.0750232 0.0578205 0.0442010 0.0487574 0.0435647 0.0675276 0.0577060 0.0542478 0.0725471 0.0444540 0.0859903 0.0498333 0.0530682 0.0428236 0.0564302 0.0763465 0.0739943 0.0521678 0.0711936 0.0502679 0.0620423 0.0518680 0.0426494 0.0464012 0.0423316 0.0602016 0.0492159 0.0820021 0.0646041 0.0524445 0.0442049 0.0645251 0.0779976 0.0611790 0.0661722 0.0410280 0.0462730 0.0464745 0.0465371 0.0461989 0.0498051 0.0612881 0.0634346 0.0602886 0.0726076 0.0555674 0.0604367 0.0691949 0.0703079 0.0520196 0.1025839 0.0473061 0.0559596 0.0466294 0.0712304 0.0651232 0.0762506 0.0439683 0.0433417 0.0422501 0.0481899 0.0781775 0.0456278 0.0767766 0.0740614 0.0676001 0.0663160 0.1409411 0.1410311 0.0649953 0.0789650 0.0748432 0.0612736 0.0525300 0.0701953 
I0191_344_Indicatoridae_Indicator_exilis                  0.0640321 0.0711803 0.0752969 0.0732785 0.0822295 0.0737965 0.0000000 0.0683917 0.0721703 0.0872918 0.0443024 0.0660131 0.0828821 0.0781796 0.0775379 0.0805765 0.0726530 0.0557862 0.0838628 0.0596676 0.0808882 0.0648879 0.0822968 0.0607179 0.0637192 0.0594669 0.0729546 0.0635006 0.0316934 0.0897725 0.0932875 0.0628271 0.0804341 0.0823290 0.0826395 0.0853664 0.0711816 0.0911021 0.0824039 0.0900023 0.0816414 0.0973648 0.0843507 0.0784157 0.1272791 0.1021913 0.1119962 0.0867209 0.0947986 0.0732768 0.0755058 0.0665913 0.0814809 0.0815605 0.0604136 0.0720193 0.0790416 0.0843019 0.0708931 0.0689782 0.0649721 0.0739997 0.0797627 0.0649511 0.0650555 0.1012887 0.0778193 0.0927628 0.0796587 0.0640657 0.0678785 0.0901210 0.0934429 0.0678019 0.0298495 0.0898515 0.0814059 0.0804813 0.0674624 0.0643646 0.0795657 0.0422602 0.0576865 0.0643088 0.0652610 0.0720489 0.0664751 0.0729777 0.0707097 0.0605062 0.0570221 0.0863902 0.0970901 0.0821612 0.0716041 0.0666624 0.0593844 0.0836161 0.0664758 0.0887135 0.0420311 0.0582252 0.0962615 0.0638894 0.0604424 0.0607172 0.0749059 0.0716264 0.0826018 0.0788030 0.0644199 0.0631082 0.0689973 0.0737568 0.0973112 0.0663246 0.0811788 0.0956393 0.0640221 0.0580992 0.0843094 0.0782860 0.0640893 0.0807792 0.0865551 0.0911041 0.0719479 0.0622679 0.0642839 0.0613155 0.0810515 0.0758064 0.0685404 0.0895930 0.0623184 0.0998671 0.0667814 0.0679821 0.0600265 0.0736844 0.0473839 0.0856718 0.0674772 0.0845335 0.0679750 0.0796951 0.0695122 0.0598834 0.0631885 0.0605460 0.0760124 0.0661159 0.0945093 0.0804968 0.0698776 0.0603848 0.0798337 0.0955090 0.0769191 0.0800086 0.0587436 0.0626826 0.0640318 0.0654825 0.0640704 0.0664783 0.0752880 0.0765307 0.0759089 0.0889974 0.0729987 0.0764449 0.0817232 0.0823164 0.0691072 0.1176460 0.0640868 0.0722095 0.0639655 0.0838567 0.0804292 0.0934360 0.0611033 0.0619922 0.0599969 0.0639467 0.0937321 0.0634647 0.0882756 0.0875054 0.0822075 0.0793891 0.1545498 0.1540856 0.0796632 0.0915846 0.0897040 0.0768918 0.0682434 0.0827346 
I0192_375_Musophagidae_Tauraco_macrorhynchus              0.0396195 0.0495389 0.0530499 0.0497879 0.0627485 0.0522245 0.0683917 0.0000000 0.0468208 0.0682311 0.0731579 0.0244105 0.0606468 0.0559190 0.0559266 0.0602828 0.0476585 0.0303969 0.0632343 0.0357780 0.0606644 0.0412221 0.0620427 0.0376054 0.0383500 0.0344769 0.0486499 0.0385125 0.0762963 0.0676794 0.0713268 0.0402890 0.0603863 0.0609726 0.0598679 0.0618491 0.0461885 0.0707817 0.0601759 0.0676270 0.0639145 0.0763857 0.0635486 0.0584815 0.1046141 0.0807673 0.0892832 0.0657101 0.0764899 0.0519278 0.0544514 0.0448022 0.0607868 0.0622739 0.0368873 0.0516766 0.0601472 0.0630212 0.0461697 0.0452622 0.0418553 0.0545577 0.0559001 0.0420065 0.0391949 0.0792726 0.0587196 0.0702323 0.0566630 0.0392349 0.0432585 0.0695530 0.0686451 0.0444862 0.0691142 0.0674406 0.0615472 0.0608659 0.0440056 0.0423919 0.0593109 0.0651055 0.0408418 0.0396674 0.0409206 0.0500698 0.0471191 0.0571639 0.0533671 0.0360950 0.0327123 0.0632585 0.0755055 0.0582089 0.0495079 0.0403945 0.0349119 0.0624338 0.0463684 0.0659555 0.0691885 0.0338030 0.0735366 0.0385529 0.0374333 0.0362923 0.0504859 0.0514570 0.0615543 0.0531329 0.0406420 0.0383928 0.0418052 0.0532109 0.0744341 0.0441495 0.0577924 0.0730137 0.0409679 0.0342367 0.0646406 0.0564720 0.0408897 0.0609540 0.0662596 0.0683046 0.0516961 0.0375094 0.0407678 0.0363942 0.0616846 0.0502347 0.0468473 0.0670890 0.0380860 0.0815992 0.0425196 0.0458902 0.0346480 0.0495177 0.0705391 0.0659769 0.0443775 0.0662498 0.0430289 0.0542610 0.0453190 0.0348165 0.0387841 0.0352642 0.0538359 0.0420403 0.0747964 0.0577803 0.0454231 0.0362489 0.0576243 0.0725440 0.0552309 0.0603264 0.0339145 0.0394264 0.0389635 0.0419038 0.0385131 0.0421501 0.0539687 0.0561540 0.0544524 0.0665137 0.0468980 0.0551765 0.0616734 0.0624906 0.0451358 0.0964844 0.0388158 0.0476827 0.0395548 0.0647407 0.0587774 0.0704920 0.0366551 0.0380697 0.0358576 0.0402162 0.0716730 0.0378937 0.0684106 0.0659154 0.0607607 0.0600985 0.1407034 0.1397708 0.0585216 0.0703290 0.0687645 0.0534570 0.0483910 0.0631362 
I0193_447_Columbidae_Treron_calvus                        0.0421331 0.0555478 0.0552772 0.0512089 0.0647887 0.0552626 0.0721703 0.0468208 0.0000000 0.0732293 0.0762509 0.0437608 0.0630810 0.0597936 0.0619785 0.0624513 0.0498050 0.0270134 0.0674710 0.0369428 0.0635741 0.0422556 0.0639889 0.0397214 0.0414730 0.0356573 0.0198620 0.0412267 0.0783008 0.0721783 0.0747732 0.0407687 0.0627364 0.0639214 0.0639698 0.0644761 0.0184448 0.0748516 0.0627312 0.0670408 0.0650229 0.0760067 0.0658976 0.0612097 0.1090242 0.0835568 0.0910126 0.0682853 0.0789444 0.0565936 0.0580411 0.0462854 0.0631737 0.0635837 0.0381580 0.0533981 0.0622974 0.0650325 0.0177683 0.0476582 0.0419236 0.0573556 0.0582233 0.0434133 0.0413817 0.0785740 0.0608470 0.0704340 0.0580759 0.0412915 0.0456391 0.0706902 0.0706640 0.0471295 0.0730855 0.0677570 0.0643008 0.0625009 0.0456667 0.0436621 0.0622322 0.0686986 0.0358087 0.0417872 0.0423042 0.0516901 0.0500408 0.0583480 0.0552821 0.0376576 0.0343841 0.0663074 0.0747448 0.0603955 0.0516333 0.0454191 0.0359314 0.0615657 0.0500244 0.0656673 0.0729487 0.0355022 0.0744155 0.0411905 0.0395521 0.0373703 0.0514655 0.0570906 0.0646258 0.0544733 0.0443048 0.0410434 0.0451809 0.0544676 0.0731134 0.0442587 0.0590641 0.0715851 0.0409164 0.0359069 0.0664040 0.0578512 0.0425514 0.0632936 0.0672195 0.0690061 0.0521856 0.0386554 0.0421951 0.0381170 0.0634299 0.0518939 0.0480926 0.0671906 0.0395952 0.0867662 0.0439410 0.0459802 0.0366508 0.0504933 0.0745133 0.0685070 0.0460506 0.0677035 0.0442784 0.0571956 0.0473977 0.0374237 0.0405332 0.0369000 0.0565810 0.0436267 0.0763605 0.0631220 0.0477246 0.0377406 0.0615214 0.0746529 0.0571554 0.0627629 0.0352024 0.0402245 0.0409597 0.0424312 0.0408782 0.0439408 0.0553529 0.0594803 0.0566138 0.0668637 0.0502288 0.0575248 0.0636375 0.0659547 0.0469643 0.0982716 0.0414599 0.0183669 0.0421551 0.0674352 0.0613748 0.0693929 0.0379531 0.0392630 0.0369102 0.0438218 0.0720656 0.0404454 0.0717087 0.0702144 0.0640408 0.0615502 0.1387199 0.1398101 0.0608898 0.0734830 0.0718687 0.0558736 0.0513681 0.0678537 
I0194_495_Alcedinidae_Alcedo_quadribrachys                0.0679528 0.0594805 0.0748437 0.0741742 0.0847966 0.0728979 0.0872918 0.0682311 0.0732293 0.0000000 0.0889666 0.0674864 0.0835815 0.0800733 0.0692585 0.0822489 0.0709332 0.0591938 0.0837172 0.0639135 0.0822803 0.0680253 0.0845612 0.0638859 0.0667247 0.0632376 0.0746115 0.0666789 0.0925154 0.0907112 0.0904574 0.0678415 0.0828464 0.0818552 0.0834845 0.0857132 0.0737688 0.0932077 0.0826175 0.0916100 0.0847885 0.1014546 0.0848772 0.0798495 0.1250199 0.1029267 0.1109510 0.0860584 0.0976019 0.0628727 0.0805506 0.0717932 0.0845485 0.0836136 0.0639737 0.0792767 0.0805992 0.0840869 0.0724642 0.0711618 0.0679855 0.0790475 0.0806242 0.0699022 0.0667198 0.1028833 0.0795610 0.0912846 0.0808613 0.0679053 0.0711024 0.0915342 0.0929719 0.0690036 0.0878535 0.0934983 0.0837235 0.0823274 0.0693666 0.0698597 0.0809980 0.0846259 0.0636576 0.0674985 0.0686879 0.0778810 0.0525707 0.0798806 0.0772287 0.0643275 0.0609904 0.0868585 0.1000486 0.0826406 0.0776665 0.0695549 0.0633753 0.0852158 0.0643318 0.0882722 0.0878578 0.0608627 0.0957906 0.0667335 0.0644018 0.0646864 0.0726787 0.0656721 0.0839473 0.0758053 0.0663117 0.0664452 0.0695908 0.0797128 0.0995853 0.0717175 0.0846181 0.0979037 0.0680205 0.0632171 0.0863685 0.0808075 0.0683198 0.0811650 0.0889993 0.0943317 0.0789631 0.0657081 0.0681492 0.0651347 0.0822497 0.0770222 0.0738138 0.0930517 0.0653755 0.1007825 0.0703723 0.0719316 0.0643493 0.0745324 0.0842994 0.0873196 0.0703020 0.0858909 0.0707229 0.0769748 0.0703496 0.0635185 0.0656208 0.0643653 0.0764500 0.0690500 0.0955970 0.0807863 0.0712273 0.0642582 0.0791165 0.0996746 0.0788413 0.0819149 0.0624124 0.0664994 0.0660133 0.0669156 0.0670924 0.0706962 0.0798759 0.0809630 0.0768781 0.0905188 0.0712927 0.0766604 0.0847175 0.0834606 0.0691410 0.1176163 0.0661134 0.0743230 0.0678735 0.0860456 0.0813112 0.0951171 0.0638486 0.0644424 0.0642624 0.0676608 0.0984602 0.0665201 0.0889277 0.0897585 0.0847329 0.0825652 0.1589961 0.1587040 0.0814745 0.0903063 0.0914079 0.0790611 0.0706544 0.0853007 
I0195_522_Ramphastidae_Buccanodon_duchaillui              0.0692037 0.0733853 0.0777929 0.0748109 0.0851356 0.0775598 0.0443024 0.0731579 0.0762509 0.0889666 0.0000000 0.0708248 0.0844830 0.0798067 0.0811748 0.0829116 0.0755727 0.0600669 0.0853808 0.0639377 0.0830022 0.0690721 0.0843693 0.0654319 0.0673986 0.0638206 0.0771962 0.0662491 0.0492964 0.0911590 0.0952486 0.0670147 0.0823303 0.0837693 0.0850046 0.0882422 0.0749106 0.0939179 0.0836049 0.0932714 0.0842908 0.1005589 0.0867467 0.0808468 0.1301478 0.1063099 0.1150796 0.0882902 0.0970971 0.0769651 0.0791981 0.0714576 0.0832090 0.0838528 0.0651460 0.0775785 0.0811683 0.0865841 0.0750957 0.0725514 0.0693483 0.0796994 0.0813347 0.0695002 0.0687487 0.1034342 0.0795134 0.0953937 0.0838598 0.0682474 0.0713588 0.0946058 0.0964137 0.0709754 0.0478403 0.0943816 0.0836930 0.0823285 0.0707353 0.0691719 0.0825504 0.0317697 0.0605246 0.0700974 0.0694277 0.0764627 0.0714231 0.0754237 0.0723315 0.0650530 0.0619509 0.0877998 0.1004382 0.0828866 0.0759165 0.0687852 0.0639942 0.0879367 0.0690704 0.0919971 0.0307200 0.0629719 0.0986524 0.0671906 0.0646100 0.0656230 0.0775048 0.0740972 0.0860714 0.0814154 0.0670627 0.0664177 0.0723835 0.0785677 0.0993792 0.0698772 0.0843905 0.0986559 0.0684834 0.0629729 0.0862506 0.0815058 0.0689284 0.0823602 0.0897656 0.0954229 0.0771059 0.0660622 0.0693012 0.0668590 0.0833657 0.0772904 0.0733544 0.0931343 0.0667825 0.1033720 0.0707888 0.0719057 0.0650277 0.0771087 0.0394772 0.0878620 0.0729494 0.0867705 0.0717814 0.0810070 0.0738924 0.0654753 0.0680183 0.0655426 0.0788079 0.0697751 0.0945877 0.0825491 0.0738851 0.0652837 0.0825008 0.1003523 0.0795974 0.0821406 0.0629531 0.0671879 0.0683650 0.0694934 0.0680989 0.0707992 0.0790649 0.0803222 0.0798777 0.0925681 0.0754286 0.0792025 0.0840430 0.0840556 0.0735931 0.1210948 0.0690967 0.0759534 0.0653396 0.0844702 0.0838652 0.0956915 0.0652978 0.0672673 0.0646565 0.0687488 0.0971755 0.0673630 0.0885134 0.0901793 0.0841697 0.0832198 0.1541466 0.1557753 0.0833845 0.0932979 0.0907637 0.0798951 0.0715238 0.0859482 
I0196_523_Musophagidae_Corythaeola_cristata               0.0356706 0.0477485 0.0499147 0.0468209 0.0598423 0.0485911 0.0660131 0.0244105 0.0437608 0.0674864 0.0708248 0.0000000 0.0583369 0.0540038 0.0545568 0.0576268 0.0445163 0.0271296 0.0624332 0.0322113 0.0592731 0.0370862 0.0591904 0.0346053 0.0350778 0.0311306 0.0452033 0.0352494 0.0717940 0.0652735 0.0695243 0.0364404 0.0580453 0.0602133 0.0581643 0.0587589 0.0429270 0.0692226 0.0577304 0.0643979 0.0610648 0.0734877 0.0617489 0.0559549 0.1046622 0.0787494 0.0890325 0.0638970 0.0747765 0.0499383 0.0522541 0.0412765 0.0590974 0.0592776 0.0333264 0.0476891 0.0579771 0.0601226 0.0429872 0.0424733 0.0382744 0.0521984 0.0536706 0.0387816 0.0350333 0.0769515 0.0562744 0.0685457 0.0537857 0.0356411 0.0396517 0.0665700 0.0676264 0.0418171 0.0657044 0.0637514 0.0590794 0.0583797 0.0405074 0.0385877 0.0571164 0.0630996 0.0368557 0.0358149 0.0367622 0.0460798 0.0441752 0.0545993 0.0505181 0.0326884 0.0288169 0.0610538 0.0746160 0.0556251 0.0464505 0.0383900 0.0315505 0.0597062 0.0439295 0.0634387 0.0667602 0.0302032 0.0723445 0.0354555 0.0336388 0.0331426 0.0479964 0.0495703 0.0577168 0.0504666 0.0383478 0.0350974 0.0393431 0.0490084 0.0720575 0.0406383 0.0537754 0.0706466 0.0373087 0.0308625 0.0621523 0.0524165 0.0376921 0.0580652 0.0639285 0.0649078 0.0467832 0.0333902 0.0357899 0.0322381 0.0590090 0.0473252 0.0431980 0.0628097 0.0352205 0.0804414 0.0386007 0.0424068 0.0311327 0.0464170 0.0685871 0.0649921 0.0406983 0.0638008 0.0385836 0.0524995 0.0420695 0.0311257 0.0356112 0.0313271 0.0510828 0.0381569 0.0730284 0.0545159 0.0422278 0.0327337 0.0542308 0.0685942 0.0517875 0.0578326 0.0306360 0.0358248 0.0355861 0.0382992 0.0353183 0.0394467 0.0511697 0.0538756 0.0518014 0.0644238 0.0446074 0.0530562 0.0592366 0.0623759 0.0415818 0.0954537 0.0358821 0.0444362 0.0367200 0.0635591 0.0557549 0.0675746 0.0331094 0.0335144 0.0323322 0.0376284 0.0682357 0.0345754 0.0662922 0.0641291 0.0581452 0.0569512 0.1389286 0.1381672 0.0556652 0.0691378 0.0661970 0.0507650 0.0449517 0.0608102 
I0197_832_Corvidae_Corvus_albus                           0.0553643 0.0669357 0.0681912 0.0645854 0.0498452 0.0675687 0.0828821 0.0606468 0.0630810 0.0835815 0.0844830 0.0583369 0.0000000 0.0750410 0.0741064 0.0460326 0.0647154 0.0472045 0.0509128 0.0526070 0.0472055 0.0569586 0.0489558 0.0539544 0.0548450 0.0507290 0.0641788 0.0560779 0.0871146 0.0323867 0.0367040 0.0548083 0.0459913 0.0483076 0.0757786 0.0777054 0.0632518 0.0346194 0.0463991 0.0807968 0.0485792 0.0908705 0.0509628 0.0451752 0.1217821 0.0977642 0.1074646 0.0320189 0.0892563 0.0693771 0.0701684 0.0579339 0.0478370 0.0481182 0.0531110 0.0657492 0.0451119 0.0485195 0.0633629 0.0616507 0.0571690 0.0490157 0.0703838 0.0569186 0.0564634 0.0937761 0.0442188 0.0832477 0.0715635 0.0534308 0.0595020 0.0849933 0.0835714 0.0615633 0.0844712 0.0818146 0.0478274 0.0469597 0.0601569 0.0566873 0.0449461 0.0781489 0.0539265 0.0553882 0.0575712 0.0641277 0.0625368 0.0700993 0.0690999 0.0525675 0.0488141 0.0797382 0.0905219 0.0752378 0.0628080 0.0582187 0.0517045 0.0740298 0.0625253 0.0794117 0.0827521 0.0497591 0.0875659 0.0565333 0.0533707 0.0526071 0.0668611 0.0672142 0.0751445 0.0704510 0.0569084 0.0555758 0.0596502 0.0658973 0.0886357 0.0590044 0.0726743 0.0883465 0.0558248 0.0505078 0.0498700 0.0712251 0.0569955 0.0366152 0.0333118 0.0832939 0.0648079 0.0526661 0.0552986 0.0526537 0.0495665 0.0655891 0.0598343 0.0797803 0.0548010 0.0973173 0.0590649 0.0602830 0.0515535 0.0654252 0.0841561 0.0783091 0.0597609 0.0535606 0.0593858 0.0716490 0.0615665 0.0521002 0.0556979 0.0523976 0.0682997 0.0587394 0.0865632 0.0719872 0.0624591 0.0529745 0.0724445 0.0880140 0.0326098 0.0456014 0.0495913 0.0554964 0.0566979 0.0573139 0.0554943 0.0584315 0.0675539 0.0731107 0.0685003 0.0806068 0.0647338 0.0690330 0.0489862 0.0502095 0.0611577 0.1117711 0.0568563 0.0639632 0.0567080 0.0510110 0.0312911 0.0854047 0.0523681 0.0535590 0.0520942 0.0560008 0.0870289 0.0545711 0.0345991 0.0292242 0.0143680 0.0476474 0.1475329 0.1466720 0.0309379 0.0376028 0.0314265 0.0697238 0.0651636 0.0561145 
I0198_937_Bucerotidae_Tockus_camurus                      0.0520768 0.0608844 0.0621706 0.0606901 0.0748214 0.0607580 0.0781796 0.0559190 0.0597936 0.0800733 0.0798067 0.0540038 0.0750410 0.0000000 0.0681858 0.0723017 0.0610229 0.0429592 0.0762969 0.0480963 0.0733113 0.0543594 0.0745415 0.0483653 0.0524232 0.0474356 0.0622814 0.0522431 0.0842800 0.0828251 0.0844541 0.0515675 0.0726740 0.0746684 0.0734526 0.0748489 0.0594650 0.0849502 0.0734383 0.0780408 0.0744138 0.0876319 0.0750157 0.0696118 0.1184482 0.0928560 0.1017361 0.0792115 0.0805487 0.0612315 0.0676004 0.0567607 0.0725663 0.0737084 0.0487617 0.0636521 0.0716285 0.0747794 0.0597630 0.0583089 0.0536522 0.0668577 0.0681391 0.0536936 0.0516087 0.0908794 0.0704232 0.0819810 0.0686312 0.0526279 0.0554781 0.0835368 0.0809043 0.0575385 0.0784916 0.0800904 0.0741095 0.0721914 0.0566635 0.0539564 0.0717097 0.0735445 0.0510215 0.0518759 0.0537296 0.0605080 0.0572371 0.0668785 0.0627004 0.0489317 0.0448071 0.0766152 0.0876846 0.0722820 0.0604539 0.0556119 0.0476377 0.0751874 0.0562970 0.0778614 0.0779179 0.0475406 0.0859805 0.0515143 0.0492273 0.0486164 0.0631176 0.0619848 0.0735498 0.0675893 0.0537429 0.0517516 0.0563223 0.0642547 0.0852369 0.0559936 0.0699838 0.0844455 0.0523943 0.0469841 0.0768871 0.0688667 0.0526954 0.0734759 0.0780610 0.0803845 0.0622138 0.0499799 0.0524846 0.0497344 0.0743138 0.0623408 0.0580710 0.0789000 0.0513417 0.0859172 0.0562312 0.0573909 0.0486521 0.0613725 0.0790847 0.0797925 0.0566016 0.0777764 0.0565412 0.0686166 0.0570659 0.0487172 0.0518692 0.0486435 0.0666874 0.0553322 0.0878716 0.0713216 0.0569064 0.0487983 0.0699088 0.0856199 0.0675660 0.0726814 0.0475597 0.0526080 0.0531049 0.0523079 0.0518570 0.0554443 0.0657437 0.0698281 0.0663677 0.0778212 0.0609354 0.0666184 0.0748155 0.0747424 0.0577918 0.1094126 0.0528452 0.0600131 0.0525563 0.0772092 0.0713720 0.0822717 0.0494687 0.0490930 0.0483349 0.0522475 0.0847327 0.0513849 0.0835414 0.0809495 0.0741750 0.0732368 0.1484744 0.1470918 0.0708657 0.0852964 0.0826509 0.0676214 0.0249085 0.0758975 
I0199_955_Meropidae_Merops_muelleri                       0.0549028 0.0541428 0.0636302 0.0621655 0.0759696 0.0619320 0.0775379 0.0559266 0.0619785 0.0692585 0.0811748 0.0545568 0.0741064 0.0681858 0.0000000 0.0724998 0.0603443 0.0458784 0.0767920 0.0506719 0.0732653 0.0563475 0.0754990 0.0511943 0.0545494 0.0502832 0.0626863 0.0536874 0.0845423 0.0816776 0.0830980 0.0549848 0.0731021 0.0750881 0.0724885 0.0738899 0.0608036 0.0844687 0.0744795 0.0793723 0.0749071 0.0909092 0.0747846 0.0708207 0.1162143 0.0912196 0.1014341 0.0770595 0.0866687 0.0552142 0.0678174 0.0593389 0.0742352 0.0747958 0.0519461 0.0658269 0.0720945 0.0747080 0.0605342 0.0600681 0.0555587 0.0691515 0.0692178 0.0566279 0.0551873 0.0928235 0.0709585 0.0804137 0.0684316 0.0554263 0.0593834 0.0809581 0.0826330 0.0584051 0.0786589 0.0813576 0.0749326 0.0732802 0.0575852 0.0567372 0.0725366 0.0748942 0.0517678 0.0542946 0.0559849 0.0654274 0.0508748 0.0673787 0.0649148 0.0514284 0.0474725 0.0765169 0.0906550 0.0728331 0.0652579 0.0585527 0.0499399 0.0745020 0.0523616 0.0773222 0.0794211 0.0492864 0.0847843 0.0542976 0.0532270 0.0515720 0.0639530 0.0548667 0.0736459 0.0674568 0.0543663 0.0538258 0.0581967 0.0677225 0.0883536 0.0576477 0.0720170 0.0864911 0.0557001 0.0499014 0.0781915 0.0701675 0.0555796 0.0719002 0.0785293 0.0819042 0.0655804 0.0529388 0.0561855 0.0523914 0.0737141 0.0652596 0.0606812 0.0813792 0.0529944 0.0915322 0.0578729 0.0594048 0.0517600 0.0638979 0.0785008 0.0797316 0.0582913 0.0777694 0.0586234 0.0676959 0.0589085 0.0514950 0.0539534 0.0514982 0.0670721 0.0569976 0.0887099 0.0707166 0.0605407 0.0521754 0.0708171 0.0881467 0.0684289 0.0730797 0.0494691 0.0527914 0.0542286 0.0555621 0.0553945 0.0576006 0.0686999 0.0712722 0.0670947 0.0789678 0.0612636 0.0680839 0.0756188 0.0758523 0.0582717 0.1086102 0.0546926 0.0620879 0.0533531 0.0778795 0.0714368 0.0845061 0.0506423 0.0512670 0.0506723 0.0540780 0.0854024 0.0542565 0.0801123 0.0798621 0.0738599 0.0719725 0.1500161 0.1505946 0.0715139 0.0818295 0.0817215 0.0670698 0.0595267 0.0745513 
I0200_988_Furnariidae_Furnarius_rufus                     0.0541346 0.0659250 0.0666754 0.0641943 0.0411784 0.0674963 0.0805765 0.0602828 0.0624513 0.0822489 0.0829116 0.0576268 0.0460326 0.0723017 0.0724998 0.0000000 0.0638669 0.0462656 0.0379453 0.0522961 0.0343102 0.0561866 0.0303944 0.0539040 0.0539927 0.0509995 0.0634679 0.0558723 0.0855610 0.0544004 0.0575738 0.0546589 0.0338823 0.0368850 0.0734599 0.0761153 0.0617705 0.0570278 0.0173721 0.0809658 0.0359724 0.0895236 0.0383553 0.0326115 0.1190726 0.0962879 0.1046745 0.0532978 0.0888438 0.0683912 0.0686890 0.0586651 0.0289118 0.0358529 0.0517833 0.0646691 0.0330302 0.0174177 0.0624052 0.0613368 0.0555265 0.0398781 0.0704832 0.0568791 0.0554028 0.0915482 0.0324825 0.0813923 0.0704638 0.0537328 0.0583086 0.0828247 0.0808672 0.0603890 0.0822726 0.0808189 0.0294047 0.0343544 0.0582503 0.0568775 0.0336705 0.0766549 0.0530467 0.0539698 0.0566265 0.0629462 0.0628044 0.0689383 0.0661822 0.0525096 0.0485725 0.0764245 0.0891210 0.0733717 0.0622854 0.0580429 0.0512679 0.0729215 0.0613005 0.0771459 0.0802124 0.0494799 0.0850648 0.0553939 0.0518507 0.0522819 0.0648102 0.0649171 0.0736707 0.0686637 0.0556347 0.0548432 0.0584269 0.0651393 0.0873765 0.0589076 0.0724753 0.0873212 0.0560851 0.0502659 0.0315996 0.0706189 0.0568769 0.0471314 0.0519115 0.0830293 0.0636121 0.0518068 0.0544863 0.0519478 0.0412120 0.0649376 0.0600125 0.0800904 0.0550747 0.0952590 0.0575496 0.0595015 0.0516560 0.0643301 0.0809544 0.0765066 0.0583531 0.0445516 0.0580656 0.0704488 0.0605022 0.0513345 0.0546108 0.0512118 0.0661846 0.0575074 0.0826627 0.0714328 0.0613664 0.0524292 0.0707093 0.0875965 0.0411969 0.0332069 0.0494956 0.0547889 0.0542554 0.0555561 0.0543497 0.0577879 0.0655776 0.0704049 0.0659646 0.0805993 0.0649176 0.0660311 0.0293603 0.0370718 0.0611366 0.1095928 0.0554639 0.0636710 0.0569102 0.0428586 0.0436625 0.0841613 0.0523908 0.0521827 0.0523554 0.0565243 0.0852317 0.0536643 0.0548876 0.0515917 0.0460986 0.0404258 0.1467580 0.1442831 0.0433319 0.0570045 0.0532370 0.0685173 0.0634422 0.0539374 
I0201_999_Scolopacidae_Tringa_solitaria                   0.0441429 0.0539619 0.0563828 0.0511732 0.0661815 0.0552126 0.0726530 0.0476585 0.0498050 0.0709332 0.0755727 0.0445163 0.0647154 0.0610229 0.0603443 0.0638669 0.0000000 0.0348923 0.0680035 0.0378903 0.0646171 0.0337627 0.0649944 0.0418303 0.0374526 0.0380228 0.0508594 0.0376732 0.0790808 0.0735245 0.0749043 0.0435136 0.0640898 0.0657872 0.0637229 0.0657996 0.0497614 0.0765571 0.0635096 0.0707820 0.0660731 0.0797141 0.0662628 0.0618399 0.1068428 0.0841837 0.0913295 0.0695547 0.0760499 0.0550760 0.0597193 0.0487787 0.0644971 0.0655736 0.0394956 0.0557730 0.0627661 0.0648288 0.0491038 0.0486269 0.0438453 0.0574798 0.0586206 0.0457001 0.0421338 0.0825332 0.0622676 0.0722950 0.0594725 0.0421035 0.0469976 0.0741053 0.0716388 0.0476103 0.0720336 0.0694379 0.0649277 0.0624863 0.0462453 0.0459403 0.0638325 0.0686173 0.0440344 0.0433458 0.0333060 0.0540569 0.0490473 0.0608327 0.0570855 0.0386715 0.0370443 0.0665613 0.0808246 0.0373098 0.0539644 0.0453769 0.0376388 0.0651374 0.0502958 0.0685031 0.0727212 0.0374374 0.0760377 0.0377357 0.0413711 0.0385415 0.0544029 0.0554256 0.0658856 0.0564881 0.0452428 0.0366264 0.0451299 0.0566871 0.0774515 0.0448948 0.0620409 0.0774821 0.0440185 0.0367044 0.0675926 0.0581501 0.0427596 0.0657281 0.0704002 0.0700486 0.0548914 0.0396845 0.0439070 0.0387338 0.0648992 0.0519814 0.0508175 0.0684415 0.0403065 0.0812576 0.0354805 0.0482154 0.0378349 0.0526832 0.0728844 0.0710923 0.0463105 0.0682715 0.0353484 0.0341884 0.0489873 0.0381976 0.0417986 0.0380838 0.0559360 0.0339386 0.0666297 0.0620370 0.0488780 0.0388007 0.0616520 0.0761100 0.0582661 0.0630949 0.0361885 0.0413370 0.0418690 0.0432543 0.0430580 0.0466778 0.0580040 0.0601917 0.0568508 0.0709347 0.0145198 0.0572985 0.0654540 0.0671802 0.0145485 0.0990046 0.0432528 0.0509258 0.0436682 0.0690883 0.0630636 0.0739384 0.0391077 0.0410595 0.0381034 0.0447967 0.0745793 0.0426338 0.0739202 0.0705261 0.0643039 0.0631865 0.1422545 0.1403665 0.0629801 0.0751394 0.0729502 0.0323201 0.0522345 0.0682134 
I0202_1066_Cathartidae_Cathartes_burrovianus              0.0220569 0.0383729 0.0387874 0.0358412 0.0487865 0.0381074 0.0557862 0.0303969 0.0270134 0.0591938 0.0600669 0.0271296 0.0472045 0.0429592 0.0458784 0.0462656 0.0348923 0.0000000 0.0515077 0.0200267 0.0476838 0.0262883 0.0487840 0.0221291 0.0232603 0.0184138 0.0313593 0.0235379 0.0627250 0.0553010 0.0593581 0.0222408 0.0459862 0.0485748 0.0488027 0.0500871 0.0293022 0.0589110 0.0462175 0.0522411 0.0491307 0.0622728 0.0501319 0.0444839 0.0935576 0.0693817 0.0775776 0.0533119 0.0642455 0.0396461 0.0423060 0.0285097 0.0475561 0.0473233 0.0213900 0.0355932 0.0459520 0.0483307 0.0291372 0.0300805 0.0259107 0.0398559 0.0434919 0.0253857 0.0243718 0.0659764 0.0449485 0.0555331 0.0412306 0.0231643 0.0283412 0.0561592 0.0548963 0.0303070 0.0566301 0.0512748 0.0485355 0.0465153 0.0278861 0.0254083 0.0456153 0.0520274 0.0258975 0.0219871 0.0264331 0.0340434 0.0326420 0.0411989 0.0381790 0.0196760 0.0039063 0.0517601 0.0626202 0.0467048 0.0336994 0.0276988 0.0184454 0.0467319 0.0334268 0.0504511 0.0560978 0.0178704 0.0595855 0.0239558 0.0191613 0.0191047 0.0376310 0.0416824 0.0489823 0.0409489 0.0263030 0.0231813 0.0273349 0.0367397 0.0600803 0.0264512 0.0418055 0.0586265 0.0233108 0.0180086 0.0505308 0.0421686 0.0247895 0.0475674 0.0516838 0.0525497 0.0343704 0.0205135 0.0227630 0.0196634 0.0476715 0.0363443 0.0312146 0.0505016 0.0215516 0.0708575 0.0280073 0.0303636 0.0189990 0.0350433 0.0588223 0.0536327 0.0283034 0.0530035 0.0282714 0.0429061 0.0304257 0.0187915 0.0224960 0.0190179 0.0397614 0.0270808 0.0624577 0.0448972 0.0315243 0.0197368 0.0444861 0.0571809 0.0403407 0.0460033 0.0174245 0.0229784 0.0226798 0.0263533 0.0220759 0.0274262 0.0390008 0.0426774 0.0404299 0.0520863 0.0351325 0.0419674 0.0478132 0.0504230 0.0313478 0.0826775 0.0233039 0.0299540 0.0251981 0.0516132 0.0445695 0.0564811 0.0199986 0.0199523 0.0186699 0.0262417 0.0561935 0.0215917 0.0571448 0.0536063 0.0472361 0.0456456 0.1251794 0.1237606 0.0445976 0.0589480 0.0553660 0.0407794 0.0346429 0.0519317 
I0203_1087_Tyrannidae_Hymenops_perspicillatus             0.0594269 0.0683898 0.0701487 0.0700069 0.0457302 0.0704291 0.0838628 0.0632343 0.0674710 0.0837172 0.0853808 0.0624332 0.0509128 0.0762969 0.0767920 0.0379453 0.0680035 0.0515077 0.0000000 0.0567016 0.0139722 0.0612753 0.0414378 0.0583720 0.0601454 0.0562355 0.0682350 0.0607837 0.0879256 0.0567485 0.0575853 0.0611789 0.0225933 0.0228926 0.0799616 0.0825164 0.0671544 0.0593219 0.0377224 0.0863070 0.0224639 0.0950845 0.0241351 0.0222222 0.1206535 0.0996428 0.1078754 0.0549558 0.0925227 0.0730509 0.0739304 0.0643501 0.0401699 0.0248398 0.0568063 0.0704106 0.0213128 0.0391281 0.0672568 0.0661770 0.0609195 0.0214480 0.0754700 0.0629105 0.0606131 0.0961348 0.0208621 0.0847102 0.0748859 0.0583062 0.0646263 0.0860114 0.0843874 0.0652038 0.0854506 0.0883061 0.0410028 0.0234713 0.0634618 0.0629718 0.0206598 0.0805173 0.0589962 0.0593198 0.0618946 0.0679786 0.0664515 0.0731871 0.0724624 0.0570510 0.0530546 0.0832378 0.0936237 0.0781474 0.0671103 0.0619794 0.0571650 0.0774199 0.0660371 0.0806256 0.0849907 0.0546673 0.0873989 0.0606277 0.0570940 0.0575143 0.0676543 0.0672336 0.0772663 0.0721460 0.0611776 0.0601803 0.0640607 0.0703684 0.0930686 0.0626545 0.0778074 0.0928623 0.0612824 0.0556747 0.0413038 0.0750650 0.0615911 0.0478788 0.0539693 0.0898753 0.0695098 0.0573623 0.0606572 0.0569113 0.0449622 0.0710704 0.0657187 0.0865439 0.0586342 0.1021065 0.0628208 0.0646418 0.0568422 0.0692704 0.0839126 0.0785097 0.0636260 0.0464285 0.0642448 0.0744480 0.0667710 0.0572868 0.0601351 0.0567699 0.0701904 0.0628197 0.0865367 0.0766277 0.0670687 0.0575367 0.0756802 0.0948845 0.0453774 0.0225309 0.0554394 0.0596291 0.0608033 0.0601761 0.0597680 0.0632020 0.0705755 0.0749559 0.0707995 0.0858791 0.0687938 0.0698141 0.0404551 0.0124461 0.0654673 0.1148489 0.0604073 0.0691387 0.0607904 0.0447171 0.0464694 0.0892874 0.0568271 0.0580750 0.0569688 0.0615415 0.0924417 0.0589731 0.0546867 0.0544838 0.0496876 0.0431987 0.1528377 0.1525194 0.0457946 0.0581772 0.0548410 0.0743874 0.0669807 0.0576230 
