35
Burramyidae_Burramys_parvus                  0.0000000 0.0923845 0.0676784 0.0816262 0.0786102 0.0818205 0.0633369 0.0553274 0.0739824 0.0640333 0.0625509 0.0856682 0.1012089 0.0616372 0.0650277 0.0853031 0.0735795 0.0955876 0.0857580 0.0721029 0.0736199 0.1227892 0.1139845 0.0811174 0.0621362 0.0990672 0.0640646 0.0781208 0.0914362 0.0726448 0.0585553 0.0833822 0.0840958 0.0771314 0.0737160 
Notoryctidae_Notoryctes_typhlops             0.0923845 0.0000000 0.1016216 0.0997728 0.0995482 0.1052797 0.1018464 0.0838058 0.0945915 0.1086988 0.0950459 0.1048337 0.1227928 0.0948120 0.1005063 0.1051661 0.0990956 0.1073237 0.1260404 0.0920071 0.1072595 0.1506073 0.1526515 0.1008329 0.1002668 0.1244992 0.0974977 0.0947180 0.1176076 0.1122981 0.0973083 0.1175325 0.1070133 0.1135660 0.1054658 
Vombatidae_Lasiorhinus_latifrons             0.0676784 0.1016216 0.0000000 0.1001899 0.0985405 0.1088314 0.0857763 0.0735902 0.0938637 0.1016654 0.0889264 0.0991831 0.1176900 0.0778886 0.0748182 0.1020413 0.0924065 0.1018615 0.1146334 0.0843059 0.0973599 0.1376974 0.1419399 0.0990041 0.0852172 0.1286700 0.0827403 0.0931255 0.1073531 0.0911764 0.0792430 0.1092532 0.1044288 0.1032760 0.0977106 
Potoroidae_Bettongia_penicillata             0.0816262 0.0997728 0.1001899 0.0000000 0.0099186 0.1196183 0.0879901 0.0733563 0.0211912 0.1058949 0.0931898 0.1151650 0.1339718 0.0799883 0.0774467 0.1160672 0.1039644 0.1129910 0.1216450 0.0334883 0.0959569 0.1511579 0.1538760 0.1123795 0.0546371 0.1281887 0.0878319 0.0345086 0.1077091 0.0943015 0.0895582 0.1189013 0.1151352 0.1112576 0.0729901 
Potoroidae_Bettongia_lesueur                 0.0786102 0.0995482 0.0985405 0.0099186 0.0000000 0.1200187 0.0891027 0.0723201 0.0211173 0.1029599 0.0948879 0.1133253 0.1332768 0.0797110 0.0778675 0.1148898 0.1021293 0.1135390 0.1204481 0.0346279 0.0917755 0.1503367 0.1560513 0.1112151 0.0538574 0.1279032 0.0836605 0.0350124 0.1052433 0.0934419 0.0891937 0.1176752 0.1146616 0.1094875 0.0741696 
Dasyuridae_Dasyurus_maculatus                0.0818205 0.1052797 0.1088314 0.1196183 0.1200187 0.0000000 0.1073980 0.0830735 0.1123449 0.1145373 0.1117006 0.0259487 0.0489626 0.0934244 0.0807660 0.0247382 0.0131283 0.0264345 0.1277621 0.0964583 0.1147924 0.1474156 0.1491262 0.0238479 0.1062115 0.1335485 0.1013854 0.1130274 0.1240083 0.1033565 0.0983094 0.1253124 0.0126864 0.1160582 0.1084612 
Phalangeridae_Trichosurus_vulpecula          0.0633369 0.1018464 0.0857763 0.0879901 0.0891027 0.1073980 0.0000000 0.0323625 0.0826958 0.0959109 0.0406388 0.1076906 0.1172298 0.0323248 0.0693518 0.1079648 0.1014660 0.1025922 0.1108266 0.0777226 0.0798967 0.1423272 0.1343270 0.1039760 0.0753039 0.1114706 0.0745090 0.0832115 0.1007847 0.0832379 0.0448902 0.1113731 0.1103755 0.1002510 0.0846371 
Phalangeridae_Spilocuscus_maculatus          0.0553274 0.0838058 0.0735902 0.0733563 0.0723201 0.0830735 0.0323625 0.0000000 0.0694416 0.0839811 0.0278937 0.0864764 0.0975396 0.0195974 0.0576896 0.0865435 0.0821748 0.0851497 0.0967133 0.0707559 0.0653504 0.1191394 0.1100829 0.0838681 0.0677486 0.1005964 0.0588086 0.0725625 0.0870416 0.0698366 0.0315933 0.0988263 0.0862683 0.0859732 0.0753609 
Potoroidae_Aepyprymnus_rufescens             0.0739824 0.0945915 0.0938637 0.0211912 0.0211173 0.1123449 0.0826958 0.0694416 0.0000000 0.0972033 0.0886584 0.1068171 0.1235510 0.0751780 0.0691889 0.1078982 0.0989416 0.1036252 0.1110827 0.0318317 0.0867569 0.1430059 0.1444179 0.1026897 0.0497749 0.1218895 0.0768138 0.0306586 0.1008122 0.0847189 0.0832292 0.1098946 0.1061853 0.1015375 0.0808196 
Peramelidae_Perameles_nasuta                 0.0640333 0.1086988 0.1016654 0.1058949 0.1029599 0.1145373 0.0959109 0.0839811 0.0972033 0.0000000 0.1048528 0.1120799 0.1254028 0.0830572 0.0785772 0.1087821 0.1059535 0.0965791 0.0330003 0.0894481 0.0960173 0.1344657 0.1323801 0.1087378 0.0912085 0.1365008 0.0913532 0.1030799 0.1188906 0.0970258 0.0911416 0.0353432 0.1087293 0.0115076 0.1154505 
Phalangeridae_Strigocuscus_pelengensis       0.0625509 0.0950459 0.0889264 0.0931898 0.0948879 0.1117006 0.0406388 0.0278937 0.0886584 0.1048528 0.0000000 0.1113261 0.1167301 0.0263457 0.0663678 0.1101318 0.1031530 0.0911408 0.1156557 0.0695333 0.0865336 0.1537464 0.1434130 0.1058360 0.0804275 0.1128877 0.0754815 0.0898403 0.0987459 0.0845196 0.0284106 0.1141784 0.1127303 0.1036066 0.0937496 
Dasyuridae_Phascogale_tapoatafa              0.0856682 0.1048337 0.0991831 0.1151650 0.1133253 0.0259487 0.1076906 0.0864764 0.1068171 0.1120799 0.1113261 0.0000000 0.0423811 0.0930418 0.0817773 0.0036615 0.0193698 0.0313367 0.1279878 0.1003142 0.1047681 0.1424285 0.1508867 0.0106340 0.1021201 0.1301673 0.0943777 0.1078189 0.1144242 0.1029828 0.0977295 0.1227358 0.0225157 0.1156216 0.0967459 
Dasyuridae_Sminthopsis_macroura              0.1012089 0.1227928 0.1176900 0.1339718 0.1332768 0.0489626 0.1172298 0.0975396 0.1235510 0.1254028 0.1167301 0.0423811 0.0000000 0.1044453 0.0969590 0.0404757 0.0445522 0.0301796 0.1422644 0.1144458 0.1201049 0.1609794 0.1673396 0.0390930 0.1202037 0.1436304 0.1118240 0.1235501 0.1295629 0.1188157 0.1035696 0.1355991 0.0440409 0.1300552 0.1215163 
Phalangeridae_Phalanger_orientalis           0.0616372 0.0948120 0.0778886 0.0799883 0.0797110 0.0934244 0.0323248 0.0195974 0.0751780 0.0830572 0.0263457 0.0930418 0.1044453 0.0000000 0.0615397 0.0933512 0.0870232 0.0968011 0.1006165 0.0740847 0.0698902 0.1300771 0.1263526 0.0913051 0.0660332 0.1089628 0.0632546 0.0736532 0.0933733 0.0744229 0.0237489 0.0976805 0.0957162 0.0880958 0.0723402 
Acrobatidae_Acrobates_pygmaeus               0.0650277 0.1005063 0.0748182 0.0774467 0.0778675 0.0807660 0.0693518 0.0576896 0.0691889 0.0785772 0.0663678 0.0817773 0.0969590 0.0615397 0.0000000 0.0827913 0.0767634 0.0915803 0.0926631 0.0709021 0.0615893 0.1224918 0.1209427 0.0822645 0.0696626 0.0990955 0.0538120 0.0735934 0.0799064 0.0412429 0.0617122 0.0862481 0.0836885 0.0821248 0.0678389 
Dasyuridae_Phascogale_calura                 0.0853031 0.1051661 0.1020413 0.1160672 0.1148898 0.0247382 0.1079648 0.0865435 0.1078982 0.1087821 0.1101318 0.0036615 0.0404757 0.0933512 0.0827913 0.0000000 0.0175653 0.0328270 0.1253564 0.0999073 0.1043448 0.1373112 0.1479923 0.0089897 0.1023930 0.1297045 0.0946428 0.1087410 0.1134841 0.1039071 0.0966795 0.1193507 0.0207924 0.1131039 0.0942995 
Dasyuridae_Sarcophilus_harrisii              0.0735795 0.0990956 0.0924065 0.1039644 0.1021293 0.0131283 0.1014660 0.0821748 0.0989416 0.1059535 0.1031530 0.0193698 0.0445522 0.0870232 0.0767634 0.0175653 0.0000000 0.0314075 0.1160567 0.0895266 0.0993841 0.1306278 0.1359561 0.0177733 0.0911313 0.1222928 0.0895335 0.0978586 0.1077808 0.0965912 0.0884558 0.1163357 0.0103278 0.1057448 0.0939053 
Dasyuridae_Planigale_tenuirostris            0.0955876 0.1073237 0.1018615 0.1129910 0.1135390 0.0264345 0.1025922 0.0851497 0.1036252 0.0965791 0.0911408 0.0313367 0.0301796 0.0968011 0.0915803 0.0328270 0.0314075 0.0000000 0.1251319 0.1064409 0.1069359 0.1530222 0.1493860 0.0306344 0.1049236 0.1307139 0.0935623 0.1084849 0.1113612 0.0969894 0.0919932 0.1066520 0.0313705 0.1109655 0.0817193 
Peramelidae_Echymipera_kalubu                0.0857580 0.1260404 0.1146334 0.1216450 0.1204481 0.1277621 0.1108266 0.0967133 0.1110827 0.0330003 0.1156557 0.1279878 0.1422644 0.1006165 0.0926631 0.1253564 0.1160567 0.1251319 0.0000000 0.1042975 0.1136537 0.1512658 0.1515203 0.1230972 0.1062792 0.1459643 0.1045763 0.1158073 0.1337048 0.1138001 0.1055946 0.0419220 0.1236168 0.0262056 0.1167791 
Macropodidae_Dorcopsulus_vanheurni           0.0721029 0.0920071 0.0843059 0.0334883 0.0346279 0.0964583 0.0777226 0.0707559 0.0318317 0.0894481 0.0695333 0.1003142 0.1144458 0.0740847 0.0709021 0.0999073 0.0895266 0.1064409 0.1042975 0.0000000 0.0845625 0.1378839 0.1400470 0.0965315 0.0421608 0.1102128 0.0750405 0.0176779 0.0970537 0.0837051 0.0743891 0.1015484 0.0994334 0.0952836 0.0674083 
Pseudochiridae_Pseudochirulus_forbesi        0.0736199 0.1072595 0.0973599 0.0959569 0.0917755 0.1147924 0.0798967 0.0653504 0.0867569 0.0960173 0.0865336 0.1047681 0.1201049 0.0698902 0.0615893 0.1043448 0.0993841 0.1069359 0.1136537 0.0845625 0.0000000 0.1373158 0.1402075 0.1017855 0.0841923 0.1234655 0.0401602 0.0915112 0.0761292 0.0787409 0.0763240 0.1102588 0.1088172 0.1058611 0.0410403 
Didelphidae_Didelphis_virginiana             0.1227892 0.1506073 0.1376974 0.1511579 0.1503367 0.1474156 0.1423272 0.1191394 0.1430059 0.1344657 0.1537464 0.1424285 0.1609794 0.1300771 0.1224918 0.1373112 0.1306278 0.1530222 0.1512658 0.1378839 0.1373158 0.0000000 0.0689542 0.1422809 0.1440513 0.1748211 0.1294061 0.1490811 0.1577133 0.1499872 0.1394216 0.1500932 0.1391108 0.1405289 0.1296355 
Marmosidae_Monodelphis_domestica             0.1139845 0.1526515 0.1419399 0.1538760 0.1560513 0.1491262 0.1343270 0.1100829 0.1444179 0.1323801 0.1434130 0.1508867 0.1673396 0.1263526 0.1209427 0.1479923 0.1359561 0.1493860 0.1515203 0.1400470 0.1402075 0.0689542 0.0000000 0.1448167 0.1420430 0.1635972 0.1327928 0.1519401 0.1609027 0.1432814 0.1301353 0.1449320 0.1446179 0.1404378 0.1284498 
Dasyuridae_Antechinus_stuartii               0.0811174 0.1008329 0.0990041 0.1123795 0.1112151 0.0238479 0.1039760 0.0838681 0.1026897 0.1087378 0.1058360 0.0106340 0.0390930 0.0913051 0.0822645 0.0089897 0.0177733 0.0306344 0.1230972 0.0965315 0.1017855 0.1422809 0.1448167 0.0000000 0.0993280 0.1269208 0.0924789 0.1059265 0.1108354 0.1000448 0.0936217 0.1204517 0.0198793 0.1101115 0.0939343 
Hypsiprymnodontidae_Hypsiprymnodon_moschatus 0.0621362 0.1002668 0.0852172 0.0546371 0.0538574 0.1062115 0.0753039 0.0677486 0.0497749 0.0912085 0.0804275 0.1021201 0.1202037 0.0660332 0.0696626 0.1023930 0.0911313 0.1049236 0.1062792 0.0421608 0.0841923 0.1440513 0.1420430 0.0993280 0.0000000 0.1211719 0.0771436 0.0515954 0.0997560 0.0820558 0.0694076 0.1077811 0.0991512 0.0957198 0.0779312 
Microbiotheriidae_Dromiciops_gliroides       0.0990672 0.1244992 0.1286700 0.1281887 0.1279032 0.1335485 0.1114706 0.1005964 0.1218895 0.1365008 0.1128877 0.1301673 0.1436304 0.1089628 0.0990955 0.1297045 0.1222928 0.1307139 0.1459643 0.1102128 0.1234655 0.1748211 0.1635972 0.1269208 0.1211719 0.0000000 0.1167077 0.1229897 0.1399286 0.1194422 0.1068820 0.1508168 0.1316366 0.1318171 0.1400125 
Pseudochiridae_Petauroides_volans            0.0640646 0.0974977 0.0827403 0.0878319 0.0836605 0.1013854 0.0745090 0.0588086 0.0768138 0.0913532 0.0754815 0.0943777 0.1118240 0.0632546 0.0538120 0.0946428 0.0895335 0.0935623 0.1045763 0.0750405 0.0401602 0.1294061 0.1327928 0.0924789 0.0771436 0.1167077 0.0000000 0.0837364 0.0664832 0.0735699 0.0692324 0.1029148 0.0948882 0.0961766 0.0430741 
Macropodidae_Wallabia_bicolor                0.0781208 0.0947180 0.0931255 0.0345086 0.0350124 0.1130274 0.0832115 0.0725625 0.0306586 0.1030799 0.0898403 0.1078189 0.1235501 0.0736532 0.0735934 0.1087410 0.0978586 0.1084849 0.1158073 0.0176779 0.0915112 0.1490811 0.1519401 0.1059265 0.0515954 0.1229897 0.0837364 0.0000000 0.1033770 0.0859929 0.0818987 0.1148608 0.1071391 0.1055203 0.0725205 
Tarsipedidae_Tarsipes_rostratus              0.0914362 0.1176076 0.1073531 0.1077091 0.1052433 0.1240083 0.1007847 0.0870416 0.1008122 0.1188906 0.0987459 0.1144242 0.1295629 0.0933733 0.0799064 0.1134841 0.1077808 0.1113612 0.1337048 0.0970537 0.0761292 0.1577133 0.1609027 0.1108354 0.0997560 0.1399286 0.0664832 0.1033770 0.0000000 0.0977017 0.0951806 0.1297563 0.1183949 0.1219711 0.0851572 
Acrobatidae_Distoechurus_pennatus            0.0726448 0.1122981 0.0911764 0.0943015 0.0934419 0.1033565 0.0832379 0.0698366 0.0847189 0.0970258 0.0845196 0.1029828 0.1188157 0.0744229 0.0412429 0.1039071 0.0965912 0.0969894 0.1138001 0.0837051 0.0787409 0.1499872 0.1432814 0.1000448 0.0820558 0.1194422 0.0735699 0.0859929 0.0977017 0.0000000 0.0750598 0.1078611 0.1054152 0.1052289 0.0774737 
Phalangeridae_Phalanger_carmelitae           0.0585553 0.0973083 0.0792430 0.0895582 0.0891937 0.0983094 0.0448902 0.0315933 0.0832292 0.0911416 0.0284106 0.0977295 0.1035696 0.0237489 0.0617122 0.0966795 0.0884558 0.0919932 0.1055946 0.0743891 0.0763240 0.1394216 0.1301353 0.0936217 0.0694076 0.1068820 0.0692324 0.0818987 0.0951806 0.0750598 0.0000000 0.1019222 0.0977118 0.0936897 0.0802502 
Peramelidae_Peroryctes_raffrayana            0.0833822 0.1175325 0.1092532 0.1189013 0.1176752 0.1253124 0.1113731 0.0988263 0.1098946 0.0353432 0.1141784 0.1227358 0.1355991 0.0976805 0.0862481 0.1193507 0.1163357 0.1066520 0.0419220 0.1015484 0.1102588 0.1500932 0.1449320 0.1204517 0.1077811 0.1508168 0.1029148 0.1148608 0.1297563 0.1078611 0.1019222 0.0000000 0.1201581 0.0254452 0.1334848 
Dasyuridae_Dasyurus_geffroii                 0.0840958 0.1070133 0.1044288 0.1151352 0.1146616 0.0126864 0.1103755 0.0862683 0.1061853 0.1087293 0.1127303 0.0225157 0.0440409 0.0957162 0.0836885 0.0207924 0.0103278 0.0313705 0.1236168 0.0994334 0.1088172 0.1391108 0.1446179 0.0198793 0.0991512 0.1316366 0.0948882 0.1071391 0.1183949 0.1054152 0.0977118 0.1201581 0.0000000 0.1113765 0.0991711 
Peramelidae_Perameles_gunnii                 0.0771314 0.1135660 0.1032760 0.1112576 0.1094875 0.1160582 0.1002510 0.0859732 0.1015375 0.0115076 0.1036066 0.1156216 0.1300552 0.0880958 0.0821248 0.1131039 0.1057448 0.1109655 0.0262056 0.0952836 0.1058611 0.1405289 0.1404378 0.1101115 0.0957198 0.1318171 0.0961766 0.1055203 0.1219711 0.1052289 0.0936897 0.0254452 0.1113765 0.0000000 0.1008753 
Pseudochiridae_Pseudocheirus_occidentalis    0.0737160 0.1054658 0.0977106 0.0729901 0.0741696 0.1084612 0.0846371 0.0753609 0.0808196 0.1154505 0.0937496 0.0967459 0.1215163 0.0723402 0.0678389 0.0942995 0.0939053 0.0817193 0.1167791 0.0674083 0.0410403 0.1296355 0.1284498 0.0939343 0.0779312 0.1400125 0.0430741 0.0725205 0.0851572 0.0774737 0.0802502 0.1334848 0.0991711 0.1008753 0.0000000 
