35
Burramyidae_Burramys_parvus                  0.0000000 0.0746048 0.0401716 0.0508020 0.0531428 0.0606720 0.0187632 0.0237988 0.0473997 0.0732864 0.0229190 0.0632690 0.0720525 0.0187746 0.0394399 0.0642577 0.0609812 0.0611531 0.0770033 0.0486663 0.0580230 0.0809847 0.0899873 0.0623818 0.0471013 0.0470625 0.0353181 0.0518039 0.0465201 0.0624941 0.0457154 0.0257675 0.0695061 0.0597186 0.0768998 
Notoryctidae_Notoryctes_typhlops             0.0746048 0.0000000 0.0870204 0.0968566 0.0995085 0.1074327 0.0897868 0.0946498 0.1023035 0.1523162 0.1046291 0.1041554 0.1321546 0.0908644 0.1327812 0.1078864 0.1109095 0.1122369 0.1320256 0.0994436 0.1250712 0.1293534 0.1310448 0.1074504 0.1020009 0.1021649 0.1149771 0.1021965 0.1070472 0.1332082 0.1382118 0.0972966 0.1091248 0.1109734 0.1264795 
Vombatidae_Lasiorhinus_latifrons             0.0401716 0.0870204 0.0000000 0.0677930 0.0702851 0.0783612 0.0369386 0.0481303 0.0718070 0.1103547 0.0515554 0.0724404 0.0981783 0.0431878 0.0788420 0.0749732 0.0814994 0.0874134 0.1047028 0.0718964 0.0772716 0.1099843 0.1213629 0.0749648 0.0657640 0.0747666 0.0694563 0.0763025 0.0594555 0.0864537 0.0874677 0.0495355 0.0994647 0.0817579 0.1014122 
Potoroidae_Bettongia_penicillata             0.0508020 0.0968566 0.0677930 0.0000000 0.0007986 0.0813694 0.0514820 0.0579771 0.0062866 0.1063632 0.0574953 0.0855105 0.0956380 0.0505295 0.0767779 0.0863176 0.0826301 0.0894724 0.0997301 0.0158883 0.0808023 0.0976996 0.1011288 0.0842581 0.0281053 0.0750432 0.0673688 0.0183685 0.0636152 0.0848614 0.0794167 0.0567438 0.0854732 0.0860682 0.0963664 
Potoroidae_Bettongia_lesueur                 0.0531428 0.0995085 0.0702851 0.0007986 0.0000000 0.0840951 0.0532608 0.0597500 0.0066841 0.1085276 0.0592711 0.0882646 0.0984325 0.0523144 0.0776060 0.0890727 0.0853656 0.0926171 0.1028188 0.0166035 0.0826141 0.0999108 0.1033527 0.0863038 0.0290690 0.0769326 0.0691793 0.0191549 0.0659474 0.0867178 0.0812516 0.0584839 0.0878661 0.0888122 0.0985463 
Dasyuridae_Dasyurus_maculatus                0.0606720 0.1074327 0.0783612 0.0813694 0.0840951 0.0000000 0.0631353 0.0648708 0.0833034 0.1020952 0.0646390 0.0088090 0.0244746 0.0603420 0.0753735 0.0087998 0.0032085 0.0132243 0.0961944 0.0780196 0.0849915 0.0981655 0.1091987 0.0100250 0.0818540 0.0722641 0.0763550 0.0817630 0.0862991 0.0924031 0.0817989 0.0664554 0.0919775 0.0035658 0.1020407 
Phalangeridae_Trichosurus_vulpecula          0.0187632 0.0897868 0.0369386 0.0514820 0.0532608 0.0631353 0.0000000 0.0078036 0.0517442 0.0925146 0.0075438 0.0646134 0.0793194 0.0049444 0.0493551 0.0654457 0.0651610 0.0679118 0.0814615 0.0518280 0.0606817 0.0700031 0.0777283 0.0628473 0.0509833 0.0539239 0.0470256 0.0517795 0.0422905 0.0649911 0.0546733 0.0077810 0.0728067 0.0643525 0.0799404 
Phalangeridae_Spilocuscus_maculatus          0.0237988 0.0946498 0.0481303 0.0579771 0.0597500 0.0648708 0.0078036 0.0000000 0.0575861 0.0929082 0.0054379 0.0663619 0.0793487 0.0028780 0.0556846 0.0671903 0.0650455 0.0656975 0.0826297 0.0574570 0.0670735 0.0729571 0.0804973 0.0664494 0.0566439 0.0578281 0.0544223 0.0601175 0.0486948 0.0661911 0.0640470 0.0056911 0.0694618 0.0660937 0.0760230 
Potoroidae_Aepyprymnus_rufescens             0.0473997 0.1023035 0.0718070 0.0062866 0.0066841 0.0833034 0.0517442 0.0575861 0.0000000 0.1055577 0.0570721 0.0874339 0.1002138 0.0501472 0.0781525 0.0882352 0.0845616 0.0914009 0.0983855 0.0157631 0.0812378 0.0985263 0.1029608 0.0863976 0.0260280 0.0761128 0.0676279 0.0182257 0.0624723 0.0857411 0.0813236 0.0563336 0.0840398 0.0879806 0.0940485 
Peramelidae_Perameles_nasuta                 0.0732864 0.1523162 0.1103547 0.1063632 0.1085276 0.1020952 0.0925146 0.0929082 0.1055577 0.0000000 0.0930967 0.1020635 0.1067870 0.0913539 0.0962848 0.1047192 0.1023277 0.1028675 0.0111678 0.1086849 0.0983746 0.1052516 0.1192694 0.0998128 0.1059665 0.0978135 0.0877917 0.1113541 0.0796429 0.0977979 0.1016190 0.0976589 0.0078836 0.1012215 0.0005663 
Phalangeridae_Strigocuscus_pelengensis       0.0229190 0.1046291 0.0515554 0.0574953 0.0592711 0.0646390 0.0075438 0.0054379 0.0570721 0.0930967 0.0000000 0.0658101 0.0790361 0.0032725 0.0518012 0.0667287 0.0667026 0.0675488 0.0840257 0.0579280 0.0631505 0.0749123 0.0817895 0.0638841 0.0545311 0.0586773 0.0500402 0.0594436 0.0477891 0.0674066 0.0627502 0.0062356 0.0734547 0.0667646 0.0807862 
Dasyuridae_Phascogale_tapoatafa              0.0632690 0.1041554 0.0724404 0.0855105 0.0882646 0.0088090 0.0646134 0.0663619 0.0874339 0.1020635 0.0658101 0.0000000 0.0226973 0.0635506 0.0776113 0.0013690 0.0091793 0.0138923 0.0956670 0.0821540 0.0880096 0.1008207 0.1095688 0.0043056 0.0850769 0.0748171 0.0802588 0.0842353 0.0860380 0.0901373 0.0865667 0.0679527 0.0937829 0.0088031 0.1015069 
Dasyuridae_Sminthopsis_macroura              0.0720525 0.1321546 0.0981783 0.0956380 0.0984325 0.0244746 0.0793194 0.0793487 0.1002138 0.1067870 0.0790361 0.0226973 0.0000000 0.0782395 0.0900828 0.0226551 0.0248652 0.0143137 0.1030819 0.0959080 0.0952474 0.1093496 0.1195927 0.0217470 0.0927564 0.0871971 0.0850515 0.1007626 0.0893989 0.0960545 0.0912377 0.0825759 0.1033784 0.0245345 0.1081002 
Phalangeridae_Phalanger_orientalis           0.0187746 0.0908644 0.0431878 0.0505295 0.0523144 0.0603420 0.0049444 0.0028780 0.0501472 0.0913539 0.0032725 0.0635506 0.0782395 0.0000000 0.0489648 0.0643838 0.0623675 0.0655713 0.0794897 0.0508620 0.0632238 0.0713788 0.0766506 0.0637029 0.0481883 0.0546713 0.0478884 0.0517775 0.0459424 0.0639692 0.0594765 0.0019486 0.0692530 0.0632947 0.0778440 
Acrobatidae_Acrobates_pygmaeus               0.0394399 0.1327812 0.0788420 0.0767779 0.0776060 0.0753735 0.0493551 0.0556846 0.0781525 0.0962848 0.0518012 0.0776113 0.0900828 0.0489648 0.0000000 0.0784518 0.0776391 0.0782132 0.0896496 0.0775755 0.0692918 0.0869309 0.0936864 0.0703158 0.0723171 0.0753441 0.0565588 0.0763891 0.0477852 0.0701465 0.0284590 0.0536794 0.0816022 0.0747808 0.0886019 
Dasyuridae_Phascogale_calura                 0.0642577 0.1078864 0.0749732 0.0863176 0.0890727 0.0087998 0.0654457 0.0671903 0.0882352 0.1047192 0.0667287 0.0013690 0.0226551 0.0643838 0.0784518 0.0000000 0.0101773 0.0131588 0.0973638 0.0829665 0.0889397 0.0985996 0.1074676 0.0039512 0.0840247 0.0729316 0.0810787 0.0850545 0.0881140 0.0909742 0.0873911 0.0687744 0.0969737 0.0087940 0.1033054 
Dasyuridae_Sarcophilus_harrisii              0.0609812 0.1109095 0.0814994 0.0826301 0.0853656 0.0032085 0.0651610 0.0650455 0.0845616 0.1023277 0.0667026 0.0091793 0.0248652 0.0623675 0.0776391 0.0101773 0.0000000 0.0136643 0.0974913 0.0802250 0.0863789 0.0952939 0.1063116 0.0115314 0.0859090 0.0744870 0.0777149 0.0840002 0.0856238 0.0918528 0.0812322 0.0684742 0.0921303 0.0045720 0.1021898 
Dasyuridae_Planigale_tenuirostris            0.0611531 0.1122369 0.0874134 0.0894724 0.0926171 0.0132243 0.0679118 0.0656975 0.0914009 0.1028675 0.0675488 0.0138923 0.0143137 0.0655713 0.0782132 0.0131588 0.0136643 0.0000000 0.0923631 0.0865317 0.0873128 0.0972692 0.1073648 0.0148793 0.0836790 0.0707198 0.0773342 0.0908437 0.0858036 0.0925157 0.0795335 0.0696597 0.0914732 0.0146449 0.0981619 
Peramelidae_Echymipera_kalubu                0.0770033 0.1320256 0.1047028 0.0997301 0.1028188 0.0961944 0.0814615 0.0826297 0.0983855 0.0111678 0.0840257 0.0956670 0.1030819 0.0794897 0.0896496 0.0973638 0.0974913 0.0923631 0.0000000 0.1031918 0.0911253 0.1082960 0.1190255 0.0958538 0.1021191 0.0896232 0.0845473 0.1018013 0.0812686 0.0994811 0.0956081 0.0861341 0.0073492 0.0972781 0.0108606 
Macropodidae_Dorcopsulus_vanheurni           0.0486663 0.0994436 0.0718964 0.0158883 0.0166035 0.0780196 0.0518280 0.0574570 0.0157631 0.1086849 0.0579280 0.0821540 0.0959080 0.0508620 0.0775755 0.0829665 0.0802250 0.0865317 0.1031918 0.0000000 0.0820697 0.0977227 0.1027306 0.0789191 0.0251440 0.0796635 0.0668299 0.0055878 0.0679852 0.0869204 0.0807565 0.0571574 0.0889479 0.0799612 0.0988335 
Pseudochiridae_Pseudochirulus_forbesi        0.0580230 0.1250712 0.0772716 0.0808023 0.0826141 0.0849915 0.0606817 0.0670735 0.0812378 0.0983746 0.0631505 0.0880096 0.0952474 0.0632238 0.0692918 0.0889397 0.0863789 0.0873128 0.0911253 0.0820697 0.0000000 0.1036362 0.1068453 0.0830396 0.0811725 0.0847723 0.0351521 0.0830803 0.0169718 0.0716133 0.0795858 0.0675932 0.0905446 0.0824410 0.0936621 
Didelphidae_Didelphis_virginiana             0.0809847 0.1293534 0.1099843 0.0976996 0.0999108 0.0981655 0.0700031 0.0729571 0.0985263 0.1052516 0.0749123 0.1008207 0.1093496 0.0713788 0.0869309 0.0985996 0.0952939 0.0972692 0.1082960 0.0977227 0.1036362 0.0000000 0.0231995 0.0964597 0.0976594 0.0845879 0.0818905 0.1034351 0.0968942 0.0980110 0.0973936 0.0796242 0.0973968 0.0993366 0.1090811 
Marmosidae_Monodelphis_domestica             0.0899873 0.1310448 0.1213629 0.1011288 0.1033527 0.1091987 0.0777283 0.0804973 0.1029608 0.1192694 0.0817895 0.1095688 0.1195927 0.0766506 0.0936864 0.1074676 0.1063116 0.1073648 0.1190255 0.1027306 0.1068453 0.0231995 0.0000000 0.1076545 0.1043000 0.0889919 0.0883346 0.1083049 0.1028517 0.1013436 0.1018306 0.0848736 0.1099062 0.1104004 0.1230665 
Dasyuridae_Antechinus_stuartii               0.0623818 0.1074504 0.0749648 0.0842581 0.0863038 0.0100250 0.0628473 0.0664494 0.0863976 0.0998128 0.0638841 0.0043056 0.0217470 0.0637029 0.0703158 0.0039512 0.0115314 0.0148793 0.0958538 0.0789191 0.0830396 0.0964597 0.1076545 0.0000000 0.0803816 0.0709324 0.0779424 0.0811190 0.0817673 0.0830516 0.0807423 0.0682263 0.0956941 0.0089777 0.0995863 
Hypsiprymnodontidae_Hypsiprymnodon_moschatus 0.0471013 0.1020009 0.0657640 0.0281053 0.0290690 0.0818540 0.0509833 0.0566439 0.0260280 0.1059665 0.0545311 0.0850769 0.0927564 0.0481883 0.0723171 0.0840247 0.0859090 0.0836790 0.1021191 0.0251440 0.0811725 0.0976594 0.1043000 0.0803816 0.0000000 0.0752530 0.0654122 0.0299388 0.0631440 0.0834107 0.0746314 0.0544515 0.0915379 0.0848484 0.0967137 
Microbiotheriidae_Dromiciops_gliroides       0.0470625 0.1021649 0.0747666 0.0750432 0.0769326 0.0722641 0.0539239 0.0578281 0.0761128 0.0978135 0.0586773 0.0748171 0.0871971 0.0546713 0.0753441 0.0729316 0.0744870 0.0707198 0.0896232 0.0796635 0.0847723 0.0845879 0.0889919 0.0709324 0.0752530 0.0000000 0.0698162 0.0795202 0.0687542 0.0854943 0.0881598 0.0574504 0.0808885 0.0735445 0.0898655 
Pseudochiridae_Petauroides_volans            0.0353181 0.1149771 0.0694563 0.0673688 0.0691793 0.0763550 0.0470256 0.0544223 0.0676279 0.0877917 0.0500402 0.0802588 0.0850515 0.0478884 0.0565588 0.0810787 0.0777149 0.0773342 0.0845473 0.0668299 0.0351521 0.0818905 0.0883346 0.0779424 0.0654122 0.0698162 0.0000000 0.0685388 0.0198489 0.0584659 0.0643934 0.0524786 0.0733904 0.0775407 0.0760145 
Macropodidae_Wallabia_bicolor                0.0518039 0.1021965 0.0763025 0.0183685 0.0191549 0.0817630 0.0517795 0.0601175 0.0182257 0.1113541 0.0594436 0.0842353 0.1007626 0.0517775 0.0763891 0.0850545 0.0840002 0.0908437 0.1018013 0.0055878 0.0830803 0.1034351 0.1083049 0.0811190 0.0299388 0.0795202 0.0685388 0.0000000 0.0674055 0.0852108 0.0844336 0.0580542 0.0920833 0.0820098 0.1013731 
Pseudochiridae_Pseudocheirus_occidentalis    0.0465201 0.1070472 0.0594555 0.0636152 0.0659474 0.0862991 0.0422905 0.0486948 0.0624723 0.0796429 0.0477891 0.0860380 0.0893989 0.0459424 0.0477852 0.0881140 0.0856238 0.0858036 0.0812686 0.0679852 0.0169718 0.0968942 0.1028517 0.0817673 0.0631440 0.0687542 0.0198489 0.0674055 0.0000000 0.0607453 0.0573700 0.0517665 0.0804080 0.0833778 0.0845570 
Tarsipedidae_Tarsipes_rostratus              0.0624941 0.1332082 0.0864537 0.0848614 0.0867178 0.0924031 0.0649911 0.0661911 0.0857411 0.0977979 0.0674066 0.0901373 0.0960545 0.0639692 0.0701465 0.0909742 0.0918528 0.0925157 0.0994811 0.0869204 0.0716133 0.0980110 0.1013436 0.0830516 0.0834107 0.0854943 0.0584659 0.0852108 0.0607453 0.0000000 0.0742073 0.0675733 0.0885854 0.0889010 0.0971404 
Acrobatidae_Distoechurus_pennatus            0.0457154 0.1382118 0.0874677 0.0794167 0.0812516 0.0817989 0.0546733 0.0640470 0.0813236 0.1016190 0.0627502 0.0865667 0.0912377 0.0594765 0.0284590 0.0873911 0.0812322 0.0795335 0.0956081 0.0807565 0.0795858 0.0973936 0.1018306 0.0807423 0.0746314 0.0881598 0.0643934 0.0844336 0.0573700 0.0742073 0.0000000 0.0657253 0.0842736 0.0822422 0.0915913 
Phalangeridae_Phalanger_carmelitae           0.0257675 0.0972966 0.0495355 0.0567438 0.0584839 0.0664554 0.0077810 0.0056911 0.0563336 0.0976589 0.0062356 0.0679527 0.0825759 0.0019486 0.0536794 0.0687744 0.0684742 0.0696597 0.0861341 0.0571574 0.0675932 0.0796242 0.0848736 0.0682263 0.0544515 0.0574504 0.0524786 0.0580542 0.0517665 0.0675733 0.0657253 0.0000000 0.0736170 0.0676790 0.0849087 
Peramelidae_Peroryctes_raffrayana            0.0695061 0.1091248 0.0994647 0.0854732 0.0878661 0.0919775 0.0728067 0.0694618 0.0840398 0.0078836 0.0734547 0.0937829 0.1033784 0.0692530 0.0816022 0.0969737 0.0921303 0.0914732 0.0073492 0.0889479 0.0905446 0.0973968 0.1099062 0.0956941 0.0915379 0.0808885 0.0733904 0.0920833 0.0804080 0.0885854 0.0842736 0.0736170 0.0000000 0.0931854 0.0100420 
Dasyuridae_Dasyurus_geffroii                 0.0597186 0.1109734 0.0817579 0.0860682 0.0888122 0.0035658 0.0643525 0.0660937 0.0879806 0.1012215 0.0667646 0.0088031 0.0245345 0.0632947 0.0747808 0.0087940 0.0045720 0.0146449 0.0972781 0.0799612 0.0824410 0.0993366 0.1104004 0.0089777 0.0848484 0.0735445 0.0775407 0.0820098 0.0833778 0.0889010 0.0822422 0.0676790 0.0931854 0.0000000 0.1032068 
Peramelidae_Perameles_gunnii                 0.0768998 0.1264795 0.1014122 0.0963664 0.0985463 0.1020407 0.0799404 0.0760230 0.0940485 0.0005663 0.0807862 0.1015069 0.1081002 0.0778440 0.0886019 0.1033054 0.1021898 0.0981619 0.0108606 0.0988335 0.0936621 0.1090811 0.1230665 0.0995863 0.0967137 0.0898655 0.0760145 0.1013731 0.0845570 0.0971404 0.0915913 0.0849087 0.0100420 0.1032068 0.0000000 
