35
Burramyidae_Burramys_parvus                  0.0000000 0.0717121 0.0616077 0.0516386 0.0502077 0.0932250 0.0484503 0.0482673 0.0511502 0.0702130 0.0460149 0.0875031 0.0668052 0.0474256 0.0449738 0.0670308 0.0682390 0.0577332 0.0706962 0.0550135 0.0538917 0.0749141 0.0779149 0.0671554 0.0524609 0.0633831 0.0483151 0.0547828 0.0700572 0.0600401 0.0505052 0.0464011 0.0702425 0.0696566 0.0724981 
Notoryctidae_Notoryctes_typhlops             0.0717121 0.0000000 0.0831721 0.0777434 0.0767301 0.1198298 0.0760453 0.0761800 0.0761853 0.0836827 0.0728848 0.1125181 0.0816759 0.0748619 0.0697439 0.0791340 0.0828280 0.0763057 0.0817761 0.0796968 0.0761851 0.0908435 0.0915464 0.0792415 0.0801021 0.0809343 0.0733232 0.0773028 0.1042591 0.0835997 0.0741630 0.0750750 0.0820874 0.0832234 0.0852479 
Vombatidae_Lasiorhinus_latifrons             0.0616077 0.0831721 0.0000000 0.0617791 0.0598115 0.1069636 0.0590508 0.0583729 0.0597340 0.0777938 0.0548067 0.1007778 0.0716820 0.0623405 0.0521676 0.0730188 0.0757921 0.0677679 0.0766922 0.0631544 0.0569075 0.0842095 0.0851579 0.0710023 0.0622193 0.0685641 0.0562095 0.0626089 0.0893646 0.0695522 0.0616100 0.0612338 0.0776605 0.0761252 0.0779238 
Potoroidae_Bettongia_penicillata             0.0516386 0.0777434 0.0617791 0.0000000 0.0047889 0.1054710 0.0522346 0.0483751 0.0077708 0.0738752 0.0447056 0.0979427 0.0721444 0.0522478 0.0458328 0.0718038 0.0750345 0.0650899 0.0735447 0.0149705 0.0558705 0.0807149 0.0814142 0.0718914 0.0347910 0.0682276 0.0516261 0.0143891 0.0720902 0.0622994 0.0549868 0.0512288 0.0708362 0.0753669 0.0753524 
Potoroidae_Bettongia_lesueur                 0.0502077 0.0767301 0.0598115 0.0047889 0.0000000 0.1028917 0.0504466 0.0447213 0.0107530 0.0740288 0.0443669 0.0960462 0.0715358 0.0494989 0.0456461 0.0717431 0.0746104 0.0643432 0.0732718 0.0177357 0.0530704 0.0785031 0.0794632 0.0712118 0.0331192 0.0673333 0.0486269 0.0171457 0.0661485 0.0583987 0.0525145 0.0484734 0.0710276 0.0743201 0.0750376 
Dasyuridae_Dasyurus_maculatus                0.0932250 0.1198298 0.1069636 0.1054710 0.1028917 0.0000000 0.0967554 0.0999159 0.1032660 0.1056203 0.1036392 0.0209446 0.0356680 0.1027503 0.0902415 0.0200107 0.0095438 0.0330427 0.1058261 0.1026043 0.1006174 0.1211872 0.1324424 0.0209328 0.1010553 0.1023235 0.0969873 0.1080524 0.0886613 0.1070942 0.0992980 0.1007971 0.1031079 0.0078623 0.1050607 
Phalangeridae_Trichosurus_vulpecula          0.0484503 0.0760453 0.0590508 0.0522346 0.0504466 0.0967554 0.0000000 0.0198330 0.0487674 0.0742006 0.0137346 0.0911932 0.0696783 0.0252163 0.0386218 0.0664644 0.0716255 0.0648434 0.0761402 0.0518368 0.0506552 0.0784760 0.0822172 0.0675087 0.0511480 0.0625229 0.0432908 0.0520969 0.0584957 0.0598043 0.0497434 0.0243117 0.0735536 0.0712151 0.0755437 
Phalangeridae_Spilocuscus_maculatus          0.0482673 0.0761800 0.0583729 0.0483751 0.0447213 0.0999159 0.0198330 0.0000000 0.0449328 0.0763177 0.0124279 0.0933351 0.0694187 0.0152698 0.0417450 0.0697444 0.0734953 0.0640424 0.0756159 0.0473124 0.0480257 0.0784626 0.0826751 0.0708906 0.0510066 0.0594289 0.0445759 0.0488123 0.0557883 0.0575423 0.0528322 0.0144089 0.0752539 0.0742149 0.0763459 
Potoroidae_Aepyprymnus_rufescens             0.0511502 0.0761853 0.0597340 0.0077708 0.0107530 0.1032660 0.0487674 0.0449328 0.0000000 0.0728393 0.0413986 0.0964227 0.0703186 0.0481546 0.0440338 0.0716897 0.0752467 0.0656958 0.0707282 0.0138117 0.0529988 0.0810263 0.0813015 0.0717762 0.0351941 0.0666296 0.0505185 0.0134839 0.0711462 0.0610389 0.0518316 0.0477601 0.0694144 0.0748851 0.0721522 
Peramelidae_Perameles_nasuta                 0.0702130 0.0836827 0.0777938 0.0738752 0.0740288 0.1056203 0.0742006 0.0763177 0.0728393 0.0000000 0.0724387 0.0989862 0.0761582 0.0756141 0.0656215 0.0714999 0.0734065 0.0673995 0.0152052 0.0751345 0.0712410 0.0910742 0.0921137 0.0723095 0.0765818 0.0801322 0.0724908 0.0772718 0.1010799 0.0809922 0.0722395 0.0747961 0.0161308 0.0757787 0.0045789 
Phalangeridae_Strigocuscus_pelengensis       0.0460149 0.0728848 0.0548067 0.0447056 0.0443669 0.1036392 0.0137346 0.0124279 0.0413986 0.0724387 0.0000000 0.0972864 0.0681920 0.0152751 0.0376935 0.0668711 0.0710687 0.0625269 0.0720173 0.0430910 0.0499290 0.0782994 0.0825899 0.0671604 0.0474533 0.0583382 0.0425282 0.0454148 0.0638331 0.0593923 0.0486329 0.0143882 0.0702474 0.0713534 0.0724957 
Dasyuridae_Phascogale_tapoatafa              0.0875031 0.1125181 0.1007778 0.0979427 0.0960462 0.0209446 0.0911932 0.0933351 0.0964227 0.0989862 0.0972864 0.0000000 0.0305080 0.0962022 0.0865955 0.0041009 0.0187298 0.0298811 0.0972936 0.0957487 0.0939775 0.1123668 0.1223073 0.0078687 0.0925291 0.0960057 0.0886433 0.0999440 0.0831009 0.0999943 0.0933852 0.0948621 0.0968718 0.0196078 0.0982166 
Dasyuridae_Sminthopsis_macroura              0.0668052 0.0816759 0.0716820 0.0721444 0.0715358 0.0356680 0.0696783 0.0694187 0.0703186 0.0761582 0.0681920 0.0305080 0.0000000 0.0696229 0.0622216 0.0238100 0.0253335 0.0149875 0.0778497 0.0713668 0.0690142 0.0847978 0.0880743 0.0239513 0.0696992 0.0712822 0.0653670 0.0734934 0.0851388 0.0762354 0.0719023 0.0691593 0.0761399 0.0262047 0.0783319 
Phalangeridae_Phalanger_orientalis           0.0474256 0.0748619 0.0623405 0.0522478 0.0494989 0.1027503 0.0252163 0.0152698 0.0481546 0.0756141 0.0152751 0.0962022 0.0696229 0.0000000 0.0468993 0.0692294 0.0726995 0.0679584 0.0764044 0.0508566 0.0527517 0.0803042 0.0845147 0.0695585 0.0555473 0.0629977 0.0500463 0.0526504 0.0613878 0.0611185 0.0534685 0.0021014 0.0756615 0.0734101 0.0764423 
Acrobatidae_Acrobates_pygmaeus               0.0449738 0.0697439 0.0521676 0.0458328 0.0456461 0.0902415 0.0386218 0.0417450 0.0440338 0.0656215 0.0376935 0.0865955 0.0622216 0.0468993 0.0000000 0.0633251 0.0656521 0.0580408 0.0669444 0.0468114 0.0396752 0.0718665 0.0725561 0.0640355 0.0461166 0.0601464 0.0338039 0.0482711 0.0455834 0.0522484 0.0263776 0.0458814 0.0652384 0.0673930 0.0660213 
Dasyuridae_Phascogale_calura                 0.0670308 0.0791340 0.0730188 0.0718038 0.0717431 0.0200107 0.0664644 0.0697444 0.0716897 0.0714999 0.0668711 0.0041009 0.0238100 0.0692294 0.0633251 0.0000000 0.0146627 0.0230648 0.0713944 0.0713648 0.0684044 0.0831651 0.0878490 0.0077507 0.0694276 0.0718366 0.0645542 0.0734904 0.0829358 0.0744830 0.0710374 0.0684339 0.0703650 0.0155109 0.0720923 
Dasyuridae_Sarcophilus_harrisii              0.0682390 0.0828280 0.0757921 0.0750345 0.0746104 0.0095438 0.0716255 0.0734953 0.0752467 0.0734065 0.0710687 0.0187298 0.0253335 0.0726995 0.0656521 0.0146627 0.0000000 0.0215602 0.0753585 0.0757620 0.0707341 0.0874048 0.0904385 0.0147423 0.0714994 0.0726446 0.0693011 0.0770793 0.0838103 0.0768761 0.0712929 0.0715461 0.0725102 0.0066629 0.0746583 
Dasyuridae_Planigale_tenuirostris            0.0577332 0.0763057 0.0677679 0.0650899 0.0643432 0.0330427 0.0648434 0.0640424 0.0656958 0.0673995 0.0625269 0.0298811 0.0149875 0.0679584 0.0580408 0.0230648 0.0215602 0.0000000 0.0739679 0.0657247 0.0630904 0.0780586 0.0822875 0.0215531 0.0625100 0.0679426 0.0602184 0.0672044 0.0868428 0.0693274 0.0677620 0.0667738 0.0715134 0.0234561 0.0709799 
Peramelidae_Echymipera_kalubu                0.0706962 0.0817761 0.0766922 0.0735447 0.0732718 0.1058261 0.0761402 0.0756159 0.0707282 0.0152052 0.0720173 0.0972936 0.0778497 0.0764044 0.0669444 0.0713944 0.0753585 0.0739679 0.0000000 0.0744000 0.0724047 0.0889478 0.0893504 0.0728709 0.0755515 0.0792384 0.0689964 0.0759133 0.0966651 0.0845536 0.0737233 0.0752285 0.0148134 0.0781944 0.0143528 
Macropodidae_Dorcopsulus_vanheurni           0.0550135 0.0796968 0.0631544 0.0149705 0.0177357 0.1026043 0.0518368 0.0473124 0.0138117 0.0751345 0.0430910 0.0957487 0.0713668 0.0508566 0.0468114 0.0713648 0.0757620 0.0657247 0.0744000 0.0000000 0.0558061 0.0849153 0.0838015 0.0719805 0.0369052 0.0683738 0.0524003 0.0096725 0.0713457 0.0632852 0.0563527 0.0501572 0.0732727 0.0761677 0.0745793 
Pseudochiridae_Pseudochirulus_forbesi        0.0538917 0.0761851 0.0569075 0.0558705 0.0530704 0.1006174 0.0506552 0.0480257 0.0529988 0.0712410 0.0499290 0.0939775 0.0690142 0.0527517 0.0396752 0.0684044 0.0707341 0.0630904 0.0724047 0.0558061 0.0000000 0.0782078 0.0813754 0.0688396 0.0569986 0.0652241 0.0277071 0.0579474 0.0198109 0.0449454 0.0467224 0.0517155 0.0706448 0.0730918 0.0721604 
Didelphidae_Didelphis_virginiana             0.0749141 0.0908435 0.0842095 0.0807149 0.0785031 0.1211872 0.0784760 0.0784626 0.0810263 0.0910742 0.0782994 0.1123668 0.0847978 0.0803042 0.0718665 0.0831651 0.0874048 0.0780586 0.0889478 0.0849153 0.0782078 0.0000000 0.0312336 0.0833286 0.0823305 0.0861616 0.0790009 0.0832398 0.1047400 0.0891924 0.0780122 0.0794736 0.0930005 0.0885408 0.0910187 
Marmosidae_Monodelphis_domestica             0.0779149 0.0915464 0.0851579 0.0814142 0.0794632 0.1324424 0.0822172 0.0826751 0.0813015 0.0921137 0.0825899 0.1223073 0.0880743 0.0845147 0.0725561 0.0878490 0.0904385 0.0822875 0.0893504 0.0838015 0.0813754 0.0312336 0.0000000 0.0888789 0.0790646 0.0867985 0.0770228 0.0833273 0.0975864 0.0931543 0.0764821 0.0832530 0.0931045 0.0929548 0.0920785 
Dasyuridae_Antechinus_stuartii               0.0671554 0.0792415 0.0710023 0.0718914 0.0712118 0.0209328 0.0675087 0.0708906 0.0717762 0.0723095 0.0671604 0.0078687 0.0239513 0.0695585 0.0640355 0.0077507 0.0147423 0.0215531 0.0728709 0.0719805 0.0688396 0.0833286 0.0888789 0.0000000 0.0702746 0.0726282 0.0663717 0.0735871 0.0832505 0.0753015 0.0718142 0.0687583 0.0717984 0.0158690 0.0725317 
Hypsiprymnodontidae_Hypsiprymnodon_moschatus 0.0524609 0.0801021 0.0622193 0.0347910 0.0331192 0.1010553 0.0511480 0.0510066 0.0351941 0.0765818 0.0474533 0.0925291 0.0696992 0.0555473 0.0461166 0.0694276 0.0714994 0.0625100 0.0755515 0.0369052 0.0569986 0.0823305 0.0790646 0.0702746 0.0000000 0.0660037 0.0503765 0.0367607 0.0787026 0.0647485 0.0572786 0.0544934 0.0740272 0.0730218 0.0774126 
Microbiotheriidae_Dromiciops_gliroides       0.0633831 0.0809343 0.0685641 0.0682276 0.0673333 0.1023235 0.0625229 0.0594289 0.0666296 0.0801322 0.0583382 0.0960057 0.0712822 0.0629977 0.0601464 0.0718366 0.0726446 0.0679426 0.0792384 0.0683738 0.0652241 0.0861616 0.0867985 0.0726282 0.0660037 0.0000000 0.0618976 0.0711313 0.0772956 0.0772412 0.0681910 0.0619287 0.0790526 0.0752931 0.0797467 
Pseudochiridae_Petauroides_volans            0.0483151 0.0733232 0.0562095 0.0516261 0.0486269 0.0969873 0.0432908 0.0445759 0.0505185 0.0724908 0.0425282 0.0886433 0.0653670 0.0500463 0.0338039 0.0645542 0.0693011 0.0602184 0.0689964 0.0524003 0.0277071 0.0790009 0.0770228 0.0663717 0.0503765 0.0618976 0.0000000 0.0525258 0.0364674 0.0431320 0.0415596 0.0483950 0.0715338 0.0710312 0.0711635 
Macropodidae_Wallabia_bicolor                0.0547828 0.0773028 0.0626089 0.0143891 0.0171457 0.1080524 0.0520969 0.0488123 0.0134839 0.0772718 0.0454148 0.0999440 0.0734934 0.0526504 0.0482711 0.0734904 0.0770793 0.0672044 0.0759133 0.0096725 0.0579474 0.0832398 0.0833273 0.0735871 0.0367607 0.0711313 0.0525258 0.0000000 0.0791619 0.0641018 0.0567429 0.0516107 0.0745901 0.0764400 0.0777825 
Pseudochiridae_Pseudocheirus_occidentalis    0.0700572 0.1042591 0.0893646 0.0720902 0.0661485 0.0886613 0.0584957 0.0557883 0.0711462 0.1010799 0.0638331 0.0831009 0.0851388 0.0613878 0.0455834 0.0829358 0.0838103 0.0868428 0.0966651 0.0713457 0.0198109 0.1047400 0.0975864 0.0832505 0.0787026 0.0772956 0.0364674 0.0791619 0.0000000 0.0464338 0.0552900 0.0596358 0.1001455 0.0886946 0.0995628 
Tarsipedidae_Tarsipes_rostratus              0.0600401 0.0835997 0.0695522 0.0622994 0.0583987 0.1070942 0.0598043 0.0575423 0.0610389 0.0809922 0.0593923 0.0999943 0.0762354 0.0611185 0.0522484 0.0744830 0.0768761 0.0693274 0.0845536 0.0632852 0.0449454 0.0891924 0.0931543 0.0753015 0.0647485 0.0772412 0.0431320 0.0641018 0.0464338 0.0000000 0.0572245 0.0600219 0.0826201 0.0786972 0.0827606 
Acrobatidae_Distoechurus_pennatus            0.0505052 0.0741630 0.0616100 0.0549868 0.0525145 0.0992980 0.0497434 0.0528322 0.0518316 0.0722395 0.0486329 0.0933852 0.0719023 0.0534685 0.0263776 0.0710374 0.0712929 0.0677620 0.0737233 0.0563527 0.0467224 0.0780122 0.0764821 0.0718142 0.0572786 0.0681910 0.0415596 0.0567429 0.0552900 0.0572245 0.0000000 0.0530551 0.0716913 0.0734415 0.0738564 
Phalangeridae_Phalanger_carmelitae           0.0464011 0.0750750 0.0612338 0.0512288 0.0484734 0.1007971 0.0243117 0.0144089 0.0477601 0.0747961 0.0143882 0.0948621 0.0691593 0.0021014 0.0458814 0.0684339 0.0715461 0.0667738 0.0752285 0.0501572 0.0517155 0.0794736 0.0832530 0.0687583 0.0544934 0.0619287 0.0483950 0.0516107 0.0596358 0.0600219 0.0530551 0.0000000 0.0737148 0.0722532 0.0756430 
Peramelidae_Peroryctes_raffrayana            0.0702425 0.0820874 0.0776605 0.0708362 0.0710276 0.1031079 0.0735536 0.0752539 0.0694144 0.0161308 0.0702474 0.0968718 0.0761399 0.0756615 0.0652384 0.0703650 0.0725102 0.0715134 0.0148134 0.0732727 0.0706448 0.0930005 0.0931045 0.0717984 0.0740272 0.0790526 0.0715338 0.0745901 0.1001455 0.0826201 0.0716913 0.0737148 0.0000000 0.0758778 0.0153645 
Dasyuridae_Dasyurus_geffroii                 0.0696566 0.0832234 0.0761252 0.0753669 0.0743201 0.0078623 0.0712151 0.0742149 0.0748851 0.0757787 0.0713534 0.0196078 0.0262047 0.0734101 0.0673930 0.0155109 0.0066629 0.0234561 0.0781944 0.0761677 0.0730918 0.0885408 0.0929548 0.0158690 0.0730218 0.0752931 0.0710312 0.0764400 0.0886946 0.0786972 0.0734415 0.0722532 0.0758778 0.0000000 0.0767768 
Peramelidae_Perameles_gunnii                 0.0724981 0.0852479 0.0779238 0.0753524 0.0750376 0.1050607 0.0755437 0.0763459 0.0721522 0.0045789 0.0724957 0.0982166 0.0783319 0.0764423 0.0660213 0.0720923 0.0746583 0.0709799 0.0143528 0.0745793 0.0721604 0.0910187 0.0920785 0.0725317 0.0774126 0.0797467 0.0711635 0.0777825 0.0995628 0.0827606 0.0738564 0.0756430 0.0153645 0.0767768 0.0000000 
