35
Burramyidae_Burramys_parvus                  0.0000000 0.0508359 0.0356456 0.0261582 0.0326067 0.0490823 0.0232507 0.0228713 0.0341496 0.0512543 0.0224735 0.0472172 0.0431427 0.0228320 0.0306790 0.0483840 0.0468788 0.0468609 0.0526628 0.0346485 0.0257323 0.0619826 0.0608121 0.0476389 0.0363979 0.0394963 0.0308752 0.0342801 0.0312605 0.0355429 0.0306858 0.0282402 0.0600870 0.0464080 0.0535012 
Notoryctidae_Notoryctes_typhlops             0.0508359 0.0000000 0.0505364 0.0419425 0.0540517 0.0532216 0.0361516 0.0375940 0.0564465 0.0595566 0.0375599 0.0554592 0.0500251 0.0374176 0.0522956 0.0559920 0.0542862 0.0506344 0.0579003 0.0553706 0.0515296 0.0686268 0.0653401 0.0551687 0.0578898 0.0513081 0.0534852 0.0550800 0.0535679 0.0529893 0.0498225 0.0488637 0.0662810 0.0546786 0.0605720 
Vombatidae_Lasiorhinus_latifrons             0.0356456 0.0505364 0.0000000 0.0307079 0.0412077 0.0473851 0.0264786 0.0278062 0.0421609 0.0474402 0.0275361 0.0482572 0.0443562 0.0276060 0.0335322 0.0487454 0.0443940 0.0466050 0.0495929 0.0429358 0.0298251 0.0638841 0.0587868 0.0466259 0.0436737 0.0366760 0.0378368 0.0422145 0.0390700 0.0439241 0.0392119 0.0340489 0.0545156 0.0466852 0.0490441 
Potoroidae_Bettongia_penicillata             0.0261582 0.0419425 0.0307079 0.0000000 0.0019168 0.0412564 0.0265874 0.0263342 0.0064080 0.0461520 0.0271449 0.0429330 0.0396808 0.0270671 0.0261567 0.0438479 0.0416124 0.0406763 0.0470567 0.0115632 0.0235070 0.0537277 0.0530672 0.0428381 0.0169341 0.0328218 0.0267447 0.0098600 0.0305896 0.0325261 0.0305708 0.0255151 0.0524027 0.0405139 0.0473407 
Potoroidae_Bettongia_lesueur                 0.0326067 0.0540517 0.0412077 0.0019168 0.0000000 0.0529278 0.0269370 0.0259245 0.0065265 0.0574511 0.0274822 0.0525451 0.0475303 0.0271966 0.0361928 0.0520750 0.0489612 0.0505467 0.0572228 0.0118430 0.0347074 0.0693071 0.0660499 0.0518995 0.0195092 0.0447769 0.0340653 0.0111735 0.0394255 0.0387949 0.0354255 0.0371242 0.0659288 0.0515865 0.0580302 
Dasyuridae_Dasyurus_maculatus                0.0490823 0.0532216 0.0473851 0.0412564 0.0529278 0.0000000 0.0364628 0.0368894 0.0558968 0.0567725 0.0372151 0.0168630 0.0179891 0.0378836 0.0471469 0.0163771 0.0080087 0.0200434 0.0580300 0.0559927 0.0455362 0.0684866 0.0634555 0.0162160 0.0543507 0.0480877 0.0495452 0.0551305 0.0499084 0.0532025 0.0494882 0.0455967 0.0669782 0.0050467 0.0584305 
Phalangeridae_Trichosurus_vulpecula          0.0232507 0.0361516 0.0264786 0.0265874 0.0269370 0.0364628 0.0000000 0.0075717 0.0276658 0.0396805 0.0080894 0.0388948 0.0367030 0.0078284 0.0225428 0.0412577 0.0379146 0.0381033 0.0413655 0.0268074 0.0193819 0.0502827 0.0473247 0.0393717 0.0284116 0.0292708 0.0239882 0.0263434 0.0226310 0.0293655 0.0262048 0.0078103 0.0450638 0.0362597 0.0419446 
Phalangeridae_Spilocuscus_maculatus          0.0228713 0.0375940 0.0278062 0.0263342 0.0259245 0.0368894 0.0075717 0.0000000 0.0261503 0.0414994 0.0041468 0.0417746 0.0364435 0.0037558 0.0199992 0.0409309 0.0377715 0.0379550 0.0422379 0.0264109 0.0197496 0.0524757 0.0499957 0.0395148 0.0265143 0.0312050 0.0231903 0.0252702 0.0229620 0.0295544 0.0241839 0.0037552 0.0456979 0.0375956 0.0432409 
Potoroidae_Aepyprymnus_rufescens             0.0341496 0.0564465 0.0421609 0.0064080 0.0065265 0.0558968 0.0276658 0.0261503 0.0000000 0.0593644 0.0280871 0.0548831 0.0511208 0.0277130 0.0384490 0.0559793 0.0521764 0.0522894 0.0598707 0.0129685 0.0362667 0.0709229 0.0669318 0.0545472 0.0215578 0.0465624 0.0354455 0.0114940 0.0401420 0.0401517 0.0365909 0.0377545 0.0664862 0.0539890 0.0609216 
Peramelidae_Perameles_nasuta                 0.0512543 0.0595566 0.0474402 0.0461520 0.0574511 0.0567725 0.0396805 0.0414994 0.0593644 0.0000000 0.0403540 0.0545910 0.0502055 0.0409181 0.0512812 0.0542321 0.0526722 0.0541210 0.0069489 0.0598321 0.0437746 0.0724103 0.0687792 0.0538042 0.0615567 0.0495818 0.0546141 0.0601951 0.0528972 0.0556176 0.0512482 0.0493259 0.0075505 0.0550725 0.0003691 
Phalangeridae_Strigocuscus_pelengensis       0.0224735 0.0375599 0.0275361 0.0271449 0.0274822 0.0372151 0.0080894 0.0041468 0.0280871 0.0403540 0.0000000 0.0406050 0.0374862 0.0029998 0.0219283 0.0420805 0.0388215 0.0383065 0.0418871 0.0278440 0.0195712 0.0519108 0.0497801 0.0406596 0.0279767 0.0307061 0.0242745 0.0262207 0.0229018 0.0299514 0.0276631 0.0027972 0.0467232 0.0374388 0.0425237 
Dasyuridae_Phascogale_tapoatafa              0.0472172 0.0554592 0.0482572 0.0429330 0.0525451 0.0168630 0.0388948 0.0417746 0.0548831 0.0545910 0.0406050 0.0000000 0.0171860 0.0401580 0.0471901 0.0015008 0.0147171 0.0191314 0.0541364 0.0555087 0.0451902 0.0701508 0.0628515 0.0056863 0.0553195 0.0483448 0.0501532 0.0549635 0.0516028 0.0527154 0.0490022 0.0476502 0.0629436 0.0155120 0.0546087 
Dasyuridae_Sminthopsis_macroura              0.0431427 0.0500251 0.0443562 0.0396808 0.0475303 0.0179891 0.0367030 0.0364435 0.0511208 0.0502055 0.0374862 0.0171860 0.0000000 0.0381194 0.0441368 0.0170705 0.0163115 0.0124920 0.0511687 0.0512361 0.0423853 0.0653865 0.0590141 0.0159518 0.0527046 0.0424710 0.0445418 0.0506355 0.0467325 0.0482003 0.0479771 0.0460405 0.0598982 0.0173117 0.0519855 
Phalangeridae_Phalanger_orientalis           0.0228320 0.0374176 0.0276060 0.0270671 0.0271966 0.0378836 0.0078284 0.0037558 0.0277130 0.0409181 0.0029998 0.0401580 0.0381194 0.0000000 0.0225886 0.0424868 0.0395827 0.0401420 0.0425963 0.0275222 0.0203898 0.0517771 0.0485844 0.0410386 0.0286758 0.0307290 0.0231810 0.0261878 0.0224095 0.0294226 0.0264582 0.0026397 0.0468012 0.0372561 0.0431767 
Acrobatidae_Acrobates_pygmaeus               0.0306790 0.0522956 0.0335322 0.0261567 0.0361928 0.0471469 0.0225428 0.0199992 0.0384490 0.0512812 0.0219283 0.0471901 0.0441368 0.0225886 0.0000000 0.0493706 0.0447479 0.0462349 0.0526878 0.0397010 0.0268954 0.0608034 0.0590674 0.0479956 0.0387289 0.0373624 0.0292984 0.0395831 0.0292549 0.0344727 0.0226265 0.0279006 0.0601494 0.0464366 0.0537034 
Dasyuridae_Phascogale_calura                 0.0483840 0.0559920 0.0487454 0.0438479 0.0520750 0.0163771 0.0412577 0.0409309 0.0559793 0.0542321 0.0420805 0.0015008 0.0170705 0.0424868 0.0493706 0.0000000 0.0143170 0.0193901 0.0553511 0.0565643 0.0474474 0.0705464 0.0632309 0.0058516 0.0571658 0.0490587 0.0511423 0.0554406 0.0515331 0.0527484 0.0508321 0.0496658 0.0650550 0.0146820 0.0564180 
Dasyuridae_Sarcophilus_harrisii              0.0468788 0.0542862 0.0443940 0.0416124 0.0489612 0.0080087 0.0379146 0.0377715 0.0521764 0.0526722 0.0388215 0.0147171 0.0163115 0.0395827 0.0447479 0.0143170 0.0000000 0.0173065 0.0542684 0.0523484 0.0444393 0.0678243 0.0612876 0.0141525 0.0535263 0.0460829 0.0480367 0.0514430 0.0480182 0.0507655 0.0472042 0.0467214 0.0623687 0.0075717 0.0546389 
Dasyuridae_Planigale_tenuirostris            0.0468609 0.0506344 0.0466050 0.0406763 0.0505467 0.0200434 0.0381033 0.0379550 0.0522894 0.0541210 0.0383065 0.0191314 0.0124920 0.0401420 0.0462349 0.0193901 0.0173065 0.0000000 0.0546121 0.0547956 0.0452534 0.0737447 0.0644436 0.0182054 0.0574156 0.0437861 0.0479163 0.0550852 0.0517372 0.0518552 0.0479676 0.0499444 0.0640615 0.0181505 0.0551866 
Peramelidae_Echymipera_kalubu                0.0526628 0.0579003 0.0495929 0.0470567 0.0572228 0.0580300 0.0413655 0.0422379 0.0598707 0.0069489 0.0418871 0.0541364 0.0511687 0.0425963 0.0526878 0.0553511 0.0542684 0.0546121 0.0000000 0.0600563 0.0452824 0.0713205 0.0680936 0.0548497 0.0618061 0.0506008 0.0553227 0.0604782 0.0531160 0.0571866 0.0522412 0.0514413 0.0077971 0.0551211 0.0072918 
Macropodidae_Dorcopsulus_vanheurni           0.0346485 0.0553706 0.0429358 0.0115632 0.0118430 0.0559927 0.0268074 0.0264109 0.0129685 0.0598321 0.0278440 0.0555087 0.0512361 0.0275222 0.0397010 0.0565643 0.0523484 0.0547956 0.0600563 0.0000000 0.0374184 0.0716570 0.0670251 0.0556559 0.0214112 0.0465472 0.0369671 0.0047537 0.0389621 0.0421384 0.0375172 0.0377911 0.0679477 0.0533953 0.0618179 
Pseudochiridae_Pseudochirulus_forbesi        0.0257323 0.0515296 0.0298251 0.0235070 0.0347074 0.0455362 0.0193819 0.0197496 0.0362667 0.0437746 0.0195712 0.0451902 0.0423853 0.0203898 0.0268954 0.0474474 0.0444393 0.0452534 0.0452824 0.0374184 0.0000000 0.0572753 0.0546892 0.0460310 0.0378799 0.0332273 0.0211664 0.0358382 0.0164906 0.0311606 0.0265680 0.0266951 0.0524542 0.0454210 0.0460174 
Didelphidae_Didelphis_virginiana             0.0619826 0.0686268 0.0638841 0.0537277 0.0693071 0.0684866 0.0502827 0.0524757 0.0709229 0.0724103 0.0519108 0.0701508 0.0653865 0.0517771 0.0608034 0.0705464 0.0678243 0.0737447 0.0713205 0.0716570 0.0572753 0.0000000 0.0269065 0.0695399 0.0713487 0.0576268 0.0664514 0.0701261 0.0689464 0.0687083 0.0626571 0.0624861 0.0810904 0.0686970 0.0731672 
Marmosidae_Monodelphis_domestica             0.0608121 0.0653401 0.0587868 0.0530672 0.0660499 0.0634555 0.0473247 0.0499957 0.0669318 0.0687792 0.0497801 0.0628515 0.0590141 0.0485844 0.0590674 0.0632309 0.0612876 0.0644436 0.0680936 0.0670251 0.0546892 0.0269065 0.0000000 0.0632804 0.0675203 0.0569457 0.0614210 0.0667260 0.0632390 0.0648786 0.0605977 0.0597925 0.0782987 0.0626211 0.0701194 
Dasyuridae_Antechinus_stuartii               0.0476389 0.0551687 0.0466259 0.0428381 0.0518995 0.0162160 0.0393717 0.0395148 0.0545472 0.0538042 0.0406596 0.0056863 0.0159518 0.0410386 0.0479956 0.0058516 0.0141525 0.0182054 0.0548497 0.0556559 0.0460310 0.0695399 0.0632804 0.0000000 0.0573458 0.0467873 0.0497457 0.0547006 0.0509918 0.0529049 0.0499110 0.0482215 0.0645817 0.0152725 0.0555011 
Hypsiprymnodontidae_Hypsiprymnodon_moschatus 0.0363979 0.0578898 0.0436737 0.0169341 0.0195092 0.0543507 0.0284116 0.0265143 0.0215578 0.0615567 0.0279767 0.0553195 0.0527046 0.0286758 0.0387289 0.0571658 0.0535263 0.0574156 0.0618061 0.0214112 0.0378799 0.0713487 0.0675203 0.0573458 0.0000000 0.0467322 0.0359929 0.0215594 0.0387593 0.0418529 0.0388755 0.0379836 0.0685828 0.0556672 0.0633424 
Microbiotheriidae_Dromiciops_gliroides       0.0394963 0.0513081 0.0366760 0.0328218 0.0447769 0.0480877 0.0292708 0.0312050 0.0465624 0.0495818 0.0307061 0.0483448 0.0424710 0.0307290 0.0373624 0.0490587 0.0460829 0.0437861 0.0506008 0.0465472 0.0332273 0.0576268 0.0569457 0.0467873 0.0467322 0.0000000 0.0414464 0.0472100 0.0396304 0.0459351 0.0398621 0.0377048 0.0574348 0.0485449 0.0503649 
Pseudochiridae_Petauroides_volans            0.0308752 0.0534852 0.0378368 0.0267447 0.0340653 0.0495452 0.0239882 0.0231903 0.0354455 0.0546141 0.0242745 0.0501532 0.0445418 0.0231810 0.0292984 0.0511423 0.0480367 0.0479163 0.0553227 0.0369671 0.0211664 0.0664514 0.0614210 0.0497457 0.0359929 0.0414464 0.0000000 0.0366118 0.0195397 0.0295959 0.0323619 0.0331058 0.0632863 0.0501044 0.0564916 
Macropodidae_Wallabia_bicolor                0.0342801 0.0550800 0.0422145 0.0098600 0.0111735 0.0551305 0.0263434 0.0252702 0.0114940 0.0601951 0.0262207 0.0549635 0.0506355 0.0261878 0.0395831 0.0554406 0.0514430 0.0550852 0.0604782 0.0047537 0.0358382 0.0701261 0.0667260 0.0547006 0.0215594 0.0472100 0.0366118 0.0000000 0.0380705 0.0414350 0.0366895 0.0365533 0.0687514 0.0538288 0.0615023 
Pseudochiridae_Pseudocheirus_occidentalis    0.0312605 0.0535679 0.0390700 0.0305896 0.0394255 0.0499084 0.0226310 0.0229620 0.0401420 0.0528972 0.0229018 0.0516028 0.0467325 0.0224095 0.0292549 0.0515331 0.0480182 0.0517372 0.0531160 0.0389621 0.0164906 0.0689464 0.0632390 0.0509918 0.0387593 0.0396304 0.0195397 0.0380705 0.0000000 0.0320594 0.0305044 0.0326478 0.0598176 0.0516988 0.0552241 
Tarsipedidae_Tarsipes_rostratus              0.0355429 0.0529893 0.0439241 0.0325261 0.0387949 0.0532025 0.0293655 0.0295544 0.0401517 0.0556176 0.0299514 0.0527154 0.0482003 0.0294226 0.0344727 0.0527484 0.0507655 0.0518552 0.0571866 0.0421384 0.0311606 0.0687083 0.0648786 0.0529049 0.0418529 0.0459351 0.0295959 0.0414350 0.0320594 0.0000000 0.0370799 0.0383569 0.0634182 0.0519757 0.0579364 
Acrobatidae_Distoechurus_pennatus            0.0306858 0.0498225 0.0392119 0.0305708 0.0354255 0.0494882 0.0262048 0.0241839 0.0365909 0.0512482 0.0276631 0.0490022 0.0479771 0.0264582 0.0226265 0.0508321 0.0472042 0.0479676 0.0522412 0.0375172 0.0265680 0.0626571 0.0605977 0.0499110 0.0388755 0.0398621 0.0323619 0.0366895 0.0305044 0.0370799 0.0000000 0.0344315 0.0596205 0.0495443 0.0535024 
Phalangeridae_Phalanger_carmelitae           0.0282402 0.0488637 0.0340489 0.0255151 0.0371242 0.0455967 0.0078103 0.0037552 0.0377545 0.0493259 0.0027972 0.0476502 0.0460405 0.0026397 0.0279006 0.0496658 0.0467214 0.0499444 0.0514413 0.0377911 0.0266951 0.0624861 0.0597925 0.0482215 0.0379836 0.0377048 0.0331058 0.0365533 0.0326478 0.0383569 0.0344315 0.0000000 0.0576289 0.0448796 0.0513176 
Peramelidae_Peroryctes_raffrayana            0.0600870 0.0662810 0.0545156 0.0524027 0.0659288 0.0669782 0.0450638 0.0456979 0.0664862 0.0075505 0.0467232 0.0629436 0.0598982 0.0468012 0.0601494 0.0650550 0.0623687 0.0640615 0.0077971 0.0679477 0.0524542 0.0810904 0.0782987 0.0645817 0.0685828 0.0574348 0.0632863 0.0687514 0.0598176 0.0634182 0.0596205 0.0576289 0.0000000 0.0642431 0.0080120 
Dasyuridae_Dasyurus_geffroii                 0.0464080 0.0546786 0.0466852 0.0405139 0.0515865 0.0050467 0.0362597 0.0375956 0.0539890 0.0550725 0.0374388 0.0155120 0.0173117 0.0372561 0.0464366 0.0146820 0.0075717 0.0181505 0.0551211 0.0533953 0.0454210 0.0686970 0.0626211 0.0152725 0.0556672 0.0485449 0.0501044 0.0538288 0.0516988 0.0519757 0.0495443 0.0448796 0.0642431 0.0000000 0.0555694 
Peramelidae_Perameles_gunnii                 0.0535012 0.0605720 0.0490441 0.0473407 0.0580302 0.0584305 0.0419446 0.0432409 0.0609216 0.0003691 0.0425237 0.0546087 0.0519855 0.0431767 0.0537034 0.0564180 0.0546389 0.0551866 0.0072918 0.0618179 0.0460174 0.0731672 0.0701194 0.0555011 0.0633424 0.0503649 0.0564916 0.0615023 0.0552241 0.0579364 0.0535024 0.0513176 0.0080120 0.0555694 0.0000000 
