35
Burramyidae_Burramys_parvus                  0.0000000 0.0708647 0.0564472 0.0519744 0.0623651 0.0589975 0.0385731 0.0441638 0.0544816 0.0835459 0.0475263 0.0611175 0.0715149 0.0439578 0.0412939 0.0603025 0.0621171 0.0846790 0.0482123 0.0475676 0.0928380 0.0880351 0.0577885 0.0514857 0.0750848 0.0581298 0.0502638 0.0636007 0.0553573 0.0459205 0.0393480 0.0845522 0.0592789 0.0833762 0.0584772 
Notoryctidae_Notoryctes_typhlops             0.0708647 0.0000000 0.0806265 0.0789251 0.0920656 0.0740090 0.0657263 0.0671653 0.0846386 0.0840471 0.0724931 0.0765817 0.0796257 0.0652020 0.0727432 0.0765394 0.0755583 0.0826168 0.0791810 0.0734125 0.1112999 0.1017599 0.0699863 0.0838855 0.0890032 0.0805908 0.0817592 0.0927201 0.0839952 0.0722251 0.0641720 0.0819562 0.0760904 0.0822850 0.0647219 
Vombatidae_Lasiorhinus_latifrons             0.0564472 0.0806265 0.0000000 0.0676791 0.0726755 0.0711057 0.0534889 0.0599136 0.0710688 0.0907028 0.0637417 0.0716863 0.0835707 0.0595065 0.0581360 0.0712938 0.0731141 0.0915191 0.0641630 0.0654568 0.1044801 0.1015971 0.0679817 0.0658481 0.0825006 0.0666943 0.0638860 0.0737192 0.0730645 0.0620413 0.0550021 0.0896242 0.0717251 0.0891697 0.0752711 
Potoroidae_Bettongia_penicillata             0.0519744 0.0789251 0.0676791 0.0000000 0.0150331 0.0658444 0.0479735 0.0522175 0.0106691 0.0847898 0.0558991 0.0678367 0.0786068 0.0533541 0.0494311 0.0669889 0.0673015 0.0853249 0.0177577 0.0564202 0.1005699 0.0936162 0.0651140 0.0366295 0.0818580 0.0646717 0.0186862 0.0691834 0.0650677 0.0535753 0.0481525 0.0842801 0.0652597 0.0841420 0.0590790 
Potoroidae_Bettongia_lesueur                 0.0623651 0.0920656 0.0726755 0.0150331 0.0000000 0.0742654 0.0592028 0.0650099 0.0241653 0.0963995 0.0688025 0.0767002 0.0888015 0.0649040 0.0607037 0.0758047 0.0764628 0.0971106 0.0294444 0.0658636 0.1113409 0.1019787 0.0730856 0.0480703 0.0944026 0.0716162 0.0297880 0.0747965 0.0755352 0.0651944 0.0593988 0.0970122 0.0736295 0.0955154 0.0782511 
Dasyuridae_Dasyurus_maculatus                0.0589975 0.0740090 0.0711057 0.0658444 0.0742654 0.0000000 0.0555451 0.0606428 0.0678080 0.0812475 0.0636474 0.0141038 0.0281102 0.0620540 0.0593432 0.0128332 0.0081619 0.0791009 0.0632115 0.0648189 0.0961862 0.0889389 0.0115981 0.0657790 0.0708159 0.0686224 0.0651909 0.0757902 0.0706003 0.0648960 0.0567079 0.0770776 0.0057269 0.0794211 0.0177092 
Phalangeridae_Trichosurus_vulpecula          0.0385731 0.0657263 0.0534889 0.0479735 0.0592028 0.0555451 0.0000000 0.0220815 0.0512668 0.0837384 0.0242130 0.0550739 0.0650297 0.0217936 0.0419566 0.0542828 0.0556920 0.0845239 0.0460160 0.0453492 0.0916162 0.0862024 0.0532526 0.0470751 0.0716005 0.0555758 0.0469231 0.0597836 0.0515653 0.0451808 0.0153502 0.0818270 0.0554215 0.0827445 0.0559488 
Phalangeridae_Spilocuscus_maculatus          0.0441638 0.0671653 0.0599136 0.0522175 0.0650099 0.0606428 0.0220815 0.0000000 0.0570405 0.0842873 0.0138349 0.0605295 0.0693073 0.0096034 0.0459631 0.0597060 0.0618855 0.0858627 0.0497852 0.0476223 0.0915122 0.0908706 0.0575054 0.0535456 0.0749840 0.0524351 0.0508777 0.0601711 0.0574313 0.0470923 0.0140044 0.0831862 0.0605038 0.0832697 0.0529305 
Potoroidae_Aepyprymnus_rufescens             0.0544816 0.0846386 0.0710688 0.0106691 0.0241653 0.0678080 0.0512668 0.0570405 0.0000000 0.0901091 0.0603225 0.0701161 0.0806551 0.0574194 0.0519826 0.0693275 0.0688545 0.0905707 0.0193564 0.0575954 0.1047015 0.0963716 0.0674389 0.0390790 0.0865908 0.0687924 0.0197124 0.0730919 0.0688195 0.0572765 0.0521381 0.0895564 0.0679491 0.0893931 0.0624312 
Peramelidae_Perameles_nasuta                 0.0835459 0.0840471 0.0907028 0.0847898 0.0963995 0.0812475 0.0837384 0.0842873 0.0901091 0.0000000 0.0900616 0.0815993 0.0904279 0.0860209 0.0844381 0.0810350 0.0829664 0.0171408 0.0848436 0.0902980 0.1210878 0.1142606 0.0766341 0.0894810 0.0991048 0.0904335 0.0876908 0.1000274 0.0947224 0.0868084 0.0809067 0.0143187 0.0823128 0.0015132 0.0625764 
Phalangeridae_Strigocuscus_pelengensis       0.0475263 0.0724931 0.0637417 0.0558991 0.0688025 0.0636474 0.0242130 0.0138349 0.0603225 0.0900616 0.0000000 0.0638980 0.0710620 0.0146007 0.0499242 0.0630510 0.0654804 0.0917068 0.0522124 0.0459018 0.0948789 0.0962659 0.0608862 0.0572553 0.0778091 0.0568971 0.0539205 0.0628159 0.0634776 0.0523873 0.0146440 0.0888671 0.0635795 0.0895844 0.0511780 
Dasyuridae_Phascogale_tapoatafa              0.0611175 0.0765817 0.0716863 0.0678367 0.0767002 0.0141038 0.0550739 0.0605295 0.0701161 0.0815993 0.0638980 0.0000000 0.0274157 0.0600645 0.0630337 0.0029943 0.0143728 0.0790398 0.0665645 0.0659194 0.0991959 0.0928692 0.0084894 0.0699568 0.0723540 0.0702013 0.0675488 0.0764708 0.0717420 0.0666759 0.0551373 0.0786748 0.0147124 0.0797685 0.0176910 
Dasyuridae_Sminthopsis_macroura              0.0715149 0.0796257 0.0835707 0.0786068 0.0888015 0.0281102 0.0650297 0.0693073 0.0806551 0.0904279 0.0710620 0.0274157 0.0000000 0.0695785 0.0720666 0.0260744 0.0276737 0.0875770 0.0770776 0.0771998 0.1063692 0.1001874 0.0247878 0.0811521 0.0789895 0.0793125 0.0776750 0.0901071 0.0830190 0.0771060 0.0644802 0.0883204 0.0287214 0.0883563 0.0182181 
Phalangeridae_Phalanger_orientalis           0.0439578 0.0652020 0.0595065 0.0533541 0.0649040 0.0620540 0.0217936 0.0096034 0.0574194 0.0860209 0.0146007 0.0600645 0.0695785 0.0000000 0.0460928 0.0600071 0.0633038 0.0874755 0.0498726 0.0491174 0.0940110 0.0903892 0.0586013 0.0528530 0.0750595 0.0523851 0.0516844 0.0619645 0.0589352 0.0482713 0.0088466 0.0849306 0.0619650 0.0849055 0.0517995 
Acrobatidae_Acrobates_pygmaeus               0.0412939 0.0727432 0.0581360 0.0494311 0.0607037 0.0593432 0.0419566 0.0459631 0.0519826 0.0844381 0.0499242 0.0630337 0.0720666 0.0460928 0.0000000 0.0629733 0.0617037 0.0868341 0.0435470 0.0476080 0.0988932 0.0894928 0.0599929 0.0478740 0.0744811 0.0542303 0.0440109 0.0618024 0.0521191 0.0262885 0.0414454 0.0832688 0.0599632 0.0838156 0.0588179 
Dasyuridae_Phascogale_calura                 0.0603025 0.0765394 0.0712938 0.0669889 0.0758047 0.0128332 0.0542828 0.0597060 0.0693275 0.0810350 0.0630510 0.0029943 0.0260744 0.0600071 0.0629733 0.0000000 0.0131047 0.0784925 0.0657825 0.0650838 0.0978288 0.0915828 0.0078663 0.0690985 0.0722819 0.0697703 0.0666702 0.0763957 0.0712705 0.0666759 0.0550851 0.0785823 0.0134402 0.0792168 0.0161303 
Dasyuridae_Sarcophilus_harrisii              0.0621171 0.0755583 0.0731141 0.0673015 0.0764628 0.0081619 0.0556920 0.0618855 0.0688545 0.0829664 0.0654804 0.0143728 0.0276737 0.0633038 0.0617037 0.0131047 0.0000000 0.0816508 0.0656944 0.0664978 0.0995359 0.0915151 0.0118725 0.0679293 0.0717749 0.0708562 0.0670050 0.0786729 0.0715971 0.0669444 0.0579543 0.0809158 0.0078489 0.0815003 0.0187052 
Peramelidae_Echymipera_kalubu                0.0846790 0.0826168 0.0915191 0.0853249 0.0971106 0.0791009 0.0845239 0.0858627 0.0905707 0.0171408 0.0917068 0.0790398 0.0875770 0.0874755 0.0868341 0.0784925 0.0816508 0.0000000 0.0844174 0.0938561 0.1209520 0.1107162 0.0746727 0.0900304 0.1008522 0.0909263 0.0896327 0.1005003 0.0970484 0.0913307 0.0824045 0.0168437 0.0813750 0.0166265 0.0600780 
Macropodidae_Dorcopsulus_vanheurni           0.0482123 0.0791810 0.0641630 0.0177577 0.0294444 0.0632115 0.0460160 0.0497852 0.0193564 0.0848436 0.0522124 0.0665645 0.0770776 0.0498726 0.0435470 0.0657825 0.0656944 0.0844174 0.0000000 0.0532615 0.0995359 0.0902592 0.0642732 0.0313898 0.0790692 0.0603728 0.0072535 0.0661574 0.0613770 0.0500382 0.0454717 0.0837276 0.0634279 0.0843759 0.0624573 
Pseudochiridae_Pseudochirulus_forbesi        0.0475676 0.0734125 0.0654568 0.0564202 0.0658636 0.0648189 0.0453492 0.0476223 0.0575954 0.0902980 0.0459018 0.0659194 0.0771998 0.0491174 0.0476080 0.0650838 0.0664978 0.0938561 0.0532615 0.0000000 0.1015948 0.0993165 0.0613529 0.0558661 0.0805546 0.0428072 0.0540919 0.0404081 0.0524789 0.0520375 0.0454814 0.0886783 0.0661793 0.0895678 0.0584367 
Didelphidae_Didelphis_virginiana             0.0928380 0.1112999 0.1044801 0.1005699 0.1113409 0.0961862 0.0916162 0.0915122 0.1047015 0.1210878 0.0948789 0.0991959 0.1063692 0.0940110 0.0988932 0.0978288 0.0995359 0.1209520 0.0995359 0.1015948 0.0000000 0.0447819 0.0954959 0.1030629 0.1057235 0.1121070 0.1017551 0.1107006 0.1113068 0.1009818 0.0913003 0.1223300 0.0987724 0.1207462 0.0879086 
Marmosidae_Monodelphis_domestica             0.0880351 0.1017599 0.1015971 0.0936162 0.1019787 0.0889389 0.0862024 0.0908706 0.0963716 0.1142606 0.0962659 0.0928692 0.1001874 0.0903892 0.0894928 0.0915828 0.0915151 0.1107162 0.0902592 0.0993165 0.0447819 0.0000000 0.0883789 0.0982300 0.0983367 0.1067943 0.0915136 0.1121998 0.1042367 0.0942547 0.0869300 0.1119664 0.0897217 0.1127586 0.0825669 
Dasyuridae_Antechinus_stuartii               0.0577885 0.0699863 0.0679817 0.0651140 0.0730856 0.0115981 0.0532526 0.0575054 0.0674389 0.0766341 0.0608862 0.0084894 0.0247878 0.0586013 0.0599929 0.0078663 0.0118725 0.0746727 0.0642732 0.0613529 0.0954959 0.0883789 0.0000000 0.0664671 0.0699607 0.0656458 0.0651067 0.0729434 0.0688482 0.0636311 0.0540516 0.0750842 0.0122047 0.0755729 0.0119914 
Hypsiprymnodontidae_Hypsiprymnodon_moschatus 0.0514857 0.0838855 0.0658481 0.0366295 0.0480703 0.0657790 0.0470751 0.0535456 0.0390790 0.0894810 0.0572553 0.0699568 0.0811521 0.0528530 0.0478740 0.0690985 0.0679293 0.0900304 0.0313898 0.0558661 0.1030629 0.0982300 0.0664671 0.0000000 0.0829190 0.0628322 0.0339400 0.0718634 0.0623184 0.0538351 0.0476165 0.0895531 0.0672282 0.0883932 0.0680906 
Microbiotheriidae_Dromiciops_gliroides       0.0750848 0.0890032 0.0825006 0.0818580 0.0944026 0.0708159 0.0716005 0.0749840 0.0865908 0.0991048 0.0778091 0.0723540 0.0789895 0.0750595 0.0744811 0.0722819 0.0717749 0.1008522 0.0790692 0.0805546 0.1057235 0.0983367 0.0699607 0.0829190 0.0000000 0.0868900 0.0790676 0.0924143 0.0908811 0.0779753 0.0697839 0.0988869 0.0713818 0.0964904 0.0758568 
Pseudochiridae_Petauroides_volans            0.0581298 0.0805908 0.0666943 0.0646717 0.0716162 0.0686224 0.0555758 0.0524351 0.0687924 0.0904335 0.0568971 0.0702013 0.0793125 0.0523851 0.0542303 0.0697703 0.0708562 0.0909263 0.0603728 0.0428072 0.1121070 0.1067943 0.0656458 0.0628322 0.0868900 0.0000000 0.0598396 0.0424084 0.0643291 0.0571170 0.0517464 0.0858474 0.0688376 0.0898627 0.0629826 
Macropodidae_Wallabia_bicolor                0.0502638 0.0817592 0.0638860 0.0186862 0.0297880 0.0651909 0.0469231 0.0508777 0.0197124 0.0876908 0.0539205 0.0675488 0.0776750 0.0516844 0.0440109 0.0666702 0.0670050 0.0896327 0.0072535 0.0540919 0.1017551 0.0915136 0.0651067 0.0339400 0.0790676 0.0598396 0.0000000 0.0653847 0.0631211 0.0511821 0.0460033 0.0868414 0.0654106 0.0870878 0.0639334 
Pseudochiridae_Pseudocheirus_occidentalis    0.0636007 0.0927201 0.0737192 0.0691834 0.0747965 0.0757902 0.0597836 0.0601711 0.0730919 0.1000274 0.0628159 0.0764708 0.0901071 0.0619645 0.0618024 0.0763957 0.0786729 0.1005003 0.0661574 0.0404081 0.1107006 0.1121998 0.0729434 0.0718634 0.0924143 0.0424084 0.0653847 0.0000000 0.0699038 0.0630272 0.0563049 0.0966604 0.0760158 0.0995196 0.0689098 
Tarsipedidae_Tarsipes_rostratus              0.0553573 0.0839952 0.0730645 0.0650677 0.0755352 0.0706003 0.0515653 0.0574313 0.0688195 0.0947224 0.0634776 0.0717420 0.0830190 0.0589352 0.0521191 0.0712705 0.0715971 0.0970484 0.0613770 0.0524789 0.1113068 0.1042367 0.0688482 0.0623184 0.0908811 0.0643291 0.0631211 0.0699038 0.0000000 0.0555707 0.0535499 0.0945532 0.0720904 0.0938200 0.0701401 
Acrobatidae_Distoechurus_pennatus            0.0459205 0.0722251 0.0620413 0.0535753 0.0651944 0.0648960 0.0451808 0.0470923 0.0572765 0.0868084 0.0523873 0.0666759 0.0771060 0.0482713 0.0262885 0.0666759 0.0669444 0.0913307 0.0500382 0.0520375 0.1009818 0.0942547 0.0636311 0.0538351 0.0779753 0.0571170 0.0511821 0.0630272 0.0555707 0.0000000 0.0432069 0.0864470 0.0651336 0.0861510 0.0654983 
Phalangeridae_Phalanger_carmelitae           0.0393480 0.0641720 0.0550021 0.0481525 0.0593988 0.0567079 0.0153502 0.0140044 0.0521381 0.0809067 0.0146440 0.0551373 0.0644802 0.0088466 0.0414454 0.0550851 0.0579543 0.0824045 0.0454717 0.0454814 0.0913003 0.0869300 0.0540516 0.0476165 0.0697839 0.0517464 0.0460033 0.0563049 0.0535499 0.0432069 0.0000000 0.0798250 0.0566550 0.0798666 0.0518659 
Peramelidae_Peroryctes_raffrayana            0.0845522 0.0819562 0.0896242 0.0842801 0.0970122 0.0770776 0.0818270 0.0831862 0.0895564 0.0143187 0.0888671 0.0786748 0.0883204 0.0849306 0.0832688 0.0785823 0.0809158 0.0168437 0.0837276 0.0886783 0.1223300 0.1119664 0.0750842 0.0895531 0.0988869 0.0858474 0.0868414 0.0966604 0.0945532 0.0864470 0.0798250 0.0000000 0.0790219 0.0139642 0.0579652 
Dasyuridae_Dasyurus_geffroii                 0.0592789 0.0760904 0.0717251 0.0652597 0.0736295 0.0057269 0.0554215 0.0605038 0.0679491 0.0823128 0.0635795 0.0147124 0.0287214 0.0619650 0.0599632 0.0134402 0.0078489 0.0813750 0.0634279 0.0661793 0.0987724 0.0897217 0.0122047 0.0672282 0.0713818 0.0688376 0.0654106 0.0760158 0.0720904 0.0651336 0.0566550 0.0790219 0.0000000 0.0804718 0.0176635 
Peramelidae_Perameles_gunnii                 0.0833762 0.0822850 0.0891697 0.0841420 0.0955154 0.0794211 0.0827445 0.0832697 0.0893931 0.0015132 0.0895844 0.0797685 0.0883563 0.0849055 0.0838156 0.0792168 0.0815003 0.0166265 0.0843759 0.0895678 0.1207462 0.1127586 0.0755729 0.0883932 0.0964904 0.0898627 0.0870878 0.0995196 0.0938200 0.0861510 0.0798666 0.0139642 0.0804718 0.0000000 0.0601041 
Dasyuridae_Planigale_tenuirostris            0.0584772 0.0647219 0.0752711 0.0590790 0.0782511 0.0177092 0.0559488 0.0529305 0.0624312 0.0625764 0.0511780 0.0176910 0.0182181 0.0517995 0.0588179 0.0161303 0.0187052 0.0600780 0.0624573 0.0584367 0.0879086 0.0825669 0.0119914 0.0680906 0.0758568 0.0629826 0.0639334 0.0689098 0.0701401 0.0654983 0.0518659 0.0579652 0.0176635 0.0601041 0.0000000 
