35
Burramyidae_Burramys_parvus                  0.0000000 0.0673441 0.0579794 0.0522902 0.0470358 0.0599720 0.0491921 0.0496818 0.0556419 0.0563952 0.0482609 0.0809330 0.0804772 0.0482461 0.0529002 0.0654679 0.0768744 0.0586516 0.0775152 0.0423119 0.0577294 0.0645759 0.0679048 0.0761771 0.0502481 0.0568829 0.0518663 0.0419506 0.0478412 0.0681220 0.0579369 0.0493340 0.0622813 0.0815964 0.0773867 
Notoryctidae_Notoryctes_typhlops             0.0673441 0.0000000 0.0780958 0.0790443 0.0770838 0.0746232 0.0765247 0.0757503 0.0795275 0.0680380 0.0749497 0.0988368 0.0996167 0.0779771 0.0749218 0.0893436 0.0981166 0.0930757 0.0976082 0.0727141 0.0836265 0.0752022 0.0790692 0.0938445 0.0790775 0.0759797 0.0770891 0.0705224 0.0841849 0.0953921 0.0814755 0.0788820 0.0757730 0.1004877 0.0938777 
Vombatidae_Lasiorhinus_latifrons             0.0579794 0.0780958 0.0000000 0.0456606 0.0625410 0.0549498 0.0432738 0.0445787 0.0718997 0.0744263 0.0428032 0.0620673 0.0680281 0.0430208 0.0421259 0.0618306 0.0663520 0.0633525 0.0783755 0.0593129 0.0500419 0.0565045 0.0571889 0.0612459 0.0478356 0.0492159 0.0436684 0.0573054 0.0533556 0.0629267 0.0479219 0.0440340 0.0615067 0.0675930 0.0755019 
Potoroidae_Bettongia_penicillata             0.0522902 0.0790443 0.0456606 0.0000000 0.0220899 0.0574251 0.0385933 0.0385738 0.0346776 0.0757933 0.0364216 0.0696334 0.0713788 0.0373748 0.0429137 0.0680097 0.0689184 0.0685502 0.0806138 0.0290047 0.0472644 0.0554117 0.0553786 0.0669929 0.0298251 0.0535607 0.0423301 0.0271291 0.0503079 0.0634522 0.0441032 0.0380699 0.0641856 0.0727177 0.0751598 
Potoroidae_Bettongia_lesueur                 0.0470358 0.0770838 0.0625410 0.0220899 0.0000000 0.0659354 0.0574541 0.0580369 0.0237974 0.0675558 0.0568516 0.0895150 0.0919598 0.0569801 0.0594429 0.0773889 0.0868199 0.0772287 0.0971222 0.0244194 0.0655732 0.0684202 0.0681572 0.0859342 0.0438680 0.0695053 0.0592324 0.0226604 0.0552256 0.0792388 0.0637976 0.0575787 0.0732881 0.0919787 0.0909238 
Dasyuridae_Dasyurus_maculatus                0.0599720 0.0746232 0.0549498 0.0574251 0.0659354 0.0000000 0.0554872 0.0556437 0.0719480 0.0597120 0.0540973 0.0104340 0.0198376 0.0526791 0.0519020 0.0117753 0.0053302 0.0175556 0.0664211 0.0596848 0.0598414 0.0599026 0.0595621 0.0117703 0.0589295 0.0500561 0.0545504 0.0595351 0.0743996 0.0720694 0.0582488 0.0552873 0.0666424 0.0046467 0.0677596 
Phalangeridae_Trichosurus_vulpecula          0.0491921 0.0765247 0.0432738 0.0385933 0.0574541 0.0554872 0.0000000 0.0123836 0.0648642 0.0715548 0.0136778 0.0682240 0.0718398 0.0144595 0.0347742 0.0639719 0.0713056 0.0652140 0.0782846 0.0542630 0.0427551 0.0569812 0.0582543 0.0651200 0.0416857 0.0524173 0.0378861 0.0526595 0.0429896 0.0549694 0.0364063 0.0143697 0.0608674 0.0744364 0.0726192 
Phalangeridae_Spilocuscus_maculatus          0.0496818 0.0757503 0.0445787 0.0385738 0.0580369 0.0556437 0.0123836 0.0000000 0.0654983 0.0738955 0.0075735 0.0645118 0.0715719 0.0111616 0.0374295 0.0626055 0.0689057 0.0654985 0.0801076 0.0526682 0.0435419 0.0570186 0.0587732 0.0636750 0.0406596 0.0513812 0.0386238 0.0521247 0.0467818 0.0555591 0.0377346 0.0110844 0.0637924 0.0719482 0.0748081 
Potoroidae_Aepyprymnus_rufescens             0.0556419 0.0795275 0.0718997 0.0346776 0.0237974 0.0719480 0.0648642 0.0654983 0.0000000 0.0777978 0.0638923 0.0971839 0.1035500 0.0654843 0.0679036 0.0814591 0.0972667 0.0823982 0.1062995 0.0287287 0.0755090 0.0844767 0.0844893 0.0969387 0.0535526 0.0798635 0.0687122 0.0278137 0.0666273 0.0878133 0.0733576 0.0660314 0.0782981 0.1033474 0.0994033 
Peramelidae_Perameles_nasuta                 0.0563952 0.0680380 0.0744263 0.0757933 0.0675558 0.0597120 0.0715548 0.0738955 0.0777978 0.0000000 0.0740161 0.0773385 0.0809362 0.0709513 0.0683890 0.0591773 0.0758834 0.0596462 0.0296319 0.0658906 0.0782517 0.0784357 0.0815051 0.0779698 0.0770509 0.0691729 0.0721570 0.0658741 0.0639673 0.0882223 0.0787118 0.0737048 0.0136582 0.0799567 0.0195821 
Phalangeridae_Strigocuscus_pelengensis       0.0482609 0.0749497 0.0428032 0.0364216 0.0568516 0.0540973 0.0136778 0.0075735 0.0638923 0.0740161 0.0000000 0.0622283 0.0683020 0.0120910 0.0379751 0.0598806 0.0659418 0.0632860 0.0759081 0.0514767 0.0408864 0.0564304 0.0585900 0.0614663 0.0398230 0.0484844 0.0362549 0.0512490 0.0459161 0.0557943 0.0380104 0.0123635 0.0610785 0.0693461 0.0707801 
Dasyuridae_Phascogale_tapoatafa              0.0809330 0.0988368 0.0620673 0.0696334 0.0895150 0.0104340 0.0682240 0.0645118 0.0971839 0.0773385 0.0622283 0.0000000 0.0270252 0.0623079 0.0626418 0.0024888 0.0138264 0.0237139 0.0901666 0.0853243 0.0727624 0.0632112 0.0664198 0.0072217 0.0731464 0.0699949 0.0684693 0.0855927 0.0842736 0.0837923 0.0688603 0.0646548 0.0670439 0.0158229 0.0832422 
Dasyuridae_Sminthopsis_macroura              0.0804772 0.0996167 0.0680281 0.0713788 0.0919598 0.0198376 0.0718398 0.0715719 0.1035500 0.0809362 0.0683020 0.0270252 0.0000000 0.0697293 0.0687337 0.0258290 0.0275585 0.0172402 0.0888672 0.0890889 0.0752512 0.0652650 0.0674923 0.0245815 0.0759647 0.0710434 0.0683361 0.0874111 0.0848661 0.0871682 0.0709996 0.0702878 0.0675116 0.0273339 0.0867502 
Phalangeridae_Phalanger_orientalis           0.0482461 0.0779771 0.0430208 0.0373748 0.0569801 0.0526791 0.0144595 0.0111616 0.0654843 0.0709513 0.0120910 0.0623079 0.0697293 0.0000000 0.0372108 0.0600154 0.0648420 0.0637520 0.0788640 0.0519031 0.0426133 0.0532657 0.0545513 0.0599550 0.0391085 0.0501997 0.0380348 0.0514315 0.0468090 0.0555290 0.0379211 0.0055975 0.0639217 0.0685789 0.0719802 
Acrobatidae_Acrobates_pygmaeus               0.0529002 0.0749218 0.0421259 0.0429137 0.0594429 0.0519020 0.0347742 0.0374295 0.0679036 0.0683890 0.0379751 0.0626418 0.0687337 0.0372108 0.0000000 0.0625152 0.0644905 0.0644541 0.0760711 0.0546502 0.0449157 0.0535935 0.0544276 0.0599031 0.0471804 0.0517183 0.0412461 0.0537972 0.0462296 0.0577085 0.0236771 0.0382732 0.0582040 0.0671523 0.0723820 
Dasyuridae_Phascogale_calura                 0.0654679 0.0893436 0.0618306 0.0680097 0.0773889 0.0117753 0.0639719 0.0626055 0.0814591 0.0591773 0.0598806 0.0024888 0.0258290 0.0600154 0.0625152 0.0000000 0.0141704 0.0236629 0.0838015 0.0708235 0.0703439 0.0616402 0.0612691 0.0088520 0.0660332 0.0631848 0.0651142 0.0698010 0.0846925 0.0807097 0.0676380 0.0624697 0.0692359 0.0158918 0.0768500 
Dasyuridae_Sarcophilus_harrisii              0.0768744 0.0981166 0.0663520 0.0689184 0.0868199 0.0053302 0.0713056 0.0689057 0.0972667 0.0758834 0.0659418 0.0138264 0.0275585 0.0648420 0.0644905 0.0141704 0.0000000 0.0233706 0.0875800 0.0810214 0.0736421 0.0614182 0.0640604 0.0142148 0.0743799 0.0705340 0.0685960 0.0812517 0.0834797 0.0881145 0.0694416 0.0675740 0.0651430 0.0083383 0.0841048 
Dasyuridae_Planigale_tenuirostris            0.0586516 0.0930757 0.0633525 0.0685502 0.0772287 0.0175556 0.0652140 0.0654985 0.0823982 0.0596462 0.0632860 0.0237139 0.0172402 0.0637520 0.0644541 0.0236629 0.0233706 0.0000000 0.0837315 0.0713413 0.0711519 0.0592458 0.0598592 0.0213823 0.0673455 0.0612712 0.0635475 0.0692971 0.0864145 0.0800975 0.0694688 0.0647495 0.0664718 0.0256784 0.0802401 
Peramelidae_Echymipera_kalubu                0.0775152 0.0976082 0.0783755 0.0806138 0.0971222 0.0664211 0.0782846 0.0801076 0.1062995 0.0296319 0.0759081 0.0901666 0.0888672 0.0788640 0.0760711 0.0838015 0.0875800 0.0837315 0.0000000 0.0931013 0.0772935 0.0716087 0.0752188 0.0886531 0.0812278 0.0726431 0.0723133 0.0903586 0.0842177 0.1003350 0.0830995 0.0813886 0.0154471 0.0931083 0.0248975 
Macropodidae_Dorcopsulus_vanheurni           0.0423119 0.0727141 0.0593129 0.0290047 0.0244194 0.0596848 0.0542630 0.0526682 0.0287287 0.0658906 0.0514767 0.0853243 0.0890889 0.0519031 0.0546502 0.0708235 0.0810214 0.0713413 0.0931013 0.0000000 0.0625893 0.0668861 0.0693065 0.0823949 0.0422239 0.0660464 0.0562845 0.0086422 0.0509498 0.0768602 0.0602031 0.0533051 0.0674039 0.0875422 0.0868374 
Pseudochiridae_Pseudochirulus_forbesi        0.0577294 0.0836265 0.0500419 0.0472644 0.0655732 0.0598414 0.0427551 0.0435419 0.0755090 0.0782517 0.0408864 0.0727624 0.0752512 0.0426133 0.0449157 0.0703439 0.0736421 0.0711519 0.0772935 0.0625893 0.0000000 0.0617414 0.0612918 0.0682048 0.0504405 0.0573961 0.0243950 0.0612868 0.0182382 0.0540403 0.0440768 0.0433031 0.0630517 0.0764330 0.0789989 
Didelphidae_Didelphis_virginiana             0.0645759 0.0752022 0.0565045 0.0554117 0.0684202 0.0599026 0.0569812 0.0570186 0.0844767 0.0784357 0.0564304 0.0632112 0.0652650 0.0532657 0.0535935 0.0616402 0.0614182 0.0592458 0.0716087 0.0668861 0.0617414 0.0000000 0.0239688 0.0640169 0.0631319 0.0545094 0.0592384 0.0662474 0.0706566 0.0680918 0.0607353 0.0562092 0.0657398 0.0643862 0.0733624 
Marmosidae_Monodelphis_domestica             0.0679048 0.0790692 0.0571889 0.0553786 0.0681572 0.0595621 0.0582543 0.0587732 0.0844893 0.0815051 0.0585900 0.0664198 0.0674923 0.0545513 0.0544276 0.0612691 0.0640604 0.0598592 0.0752188 0.0693065 0.0612918 0.0239688 0.0000000 0.0661805 0.0642510 0.0575686 0.0582613 0.0677604 0.0678535 0.0713702 0.0611213 0.0570922 0.0638715 0.0666245 0.0773641 
Dasyuridae_Antechinus_stuartii               0.0761771 0.0938445 0.0612459 0.0669929 0.0859342 0.0117703 0.0651200 0.0636750 0.0969387 0.0779698 0.0614663 0.0072217 0.0245815 0.0599550 0.0599031 0.0088520 0.0142148 0.0213823 0.0886531 0.0823949 0.0682048 0.0640169 0.0661805 0.0000000 0.0702036 0.0664457 0.0665436 0.0822077 0.0777969 0.0830045 0.0666355 0.0628329 0.0657953 0.0152726 0.0819261 
Hypsiprymnodontidae_Hypsiprymnodon_moschatus 0.0502481 0.0790775 0.0478356 0.0298251 0.0438680 0.0589295 0.0416857 0.0406596 0.0535526 0.0770509 0.0398230 0.0731464 0.0759647 0.0391085 0.0471804 0.0660332 0.0743799 0.0673455 0.0812278 0.0422239 0.0504405 0.0631319 0.0642510 0.0702036 0.0000000 0.0557580 0.0454084 0.0412195 0.0478152 0.0606696 0.0472806 0.0411036 0.0656564 0.0786860 0.0784366 
Microbiotheriidae_Dromiciops_gliroides       0.0568829 0.0759797 0.0492159 0.0535607 0.0695053 0.0500561 0.0524173 0.0513812 0.0798635 0.0691729 0.0484844 0.0699949 0.0710434 0.0501997 0.0517183 0.0631848 0.0705340 0.0612712 0.0726431 0.0660464 0.0573961 0.0545094 0.0575686 0.0664457 0.0557580 0.0000000 0.0507318 0.0657774 0.0574050 0.0698802 0.0522513 0.0521855 0.0521707 0.0703067 0.0739516 
Pseudochiridae_Petauroides_volans            0.0518663 0.0770891 0.0436684 0.0423301 0.0592324 0.0545504 0.0378861 0.0386238 0.0687122 0.0721570 0.0362549 0.0684693 0.0683361 0.0380348 0.0412461 0.0651142 0.0685960 0.0635475 0.0723133 0.0562845 0.0243950 0.0592384 0.0582613 0.0665436 0.0454084 0.0507318 0.0000000 0.0543787 0.0255549 0.0510845 0.0412174 0.0374329 0.0594013 0.0709201 0.0731618 
Macropodidae_Wallabia_bicolor                0.0419506 0.0705224 0.0573054 0.0271291 0.0226604 0.0595351 0.0526595 0.0521247 0.0278137 0.0658741 0.0512490 0.0855927 0.0874111 0.0514315 0.0537972 0.0698010 0.0812517 0.0692971 0.0903586 0.0086422 0.0612868 0.0662474 0.0677604 0.0822077 0.0412195 0.0657774 0.0543787 0.0000000 0.0485058 0.0751740 0.0581697 0.0521028 0.0646039 0.0878036 0.0843366 
Pseudochiridae_Pseudocheirus_occidentalis    0.0478412 0.0841849 0.0533556 0.0503079 0.0552256 0.0743996 0.0429896 0.0467818 0.0666273 0.0639673 0.0459161 0.0842736 0.0848661 0.0468090 0.0462296 0.0846925 0.0834797 0.0864145 0.0842177 0.0509498 0.0182382 0.0706566 0.0678535 0.0777969 0.0478152 0.0574050 0.0255549 0.0485058 0.0000000 0.0575880 0.0446784 0.0473290 0.0693970 0.0893113 0.0816146 
Tarsipedidae_Tarsipes_rostratus              0.0681220 0.0953921 0.0629267 0.0634522 0.0792388 0.0720694 0.0549694 0.0555591 0.0878133 0.0882223 0.0557943 0.0837923 0.0871682 0.0555290 0.0577085 0.0807097 0.0881145 0.0800975 0.1003350 0.0768602 0.0540403 0.0680918 0.0713702 0.0830045 0.0606696 0.0698802 0.0510845 0.0751740 0.0575880 0.0000000 0.0582112 0.0562554 0.0813072 0.0901485 0.0958852 
Acrobatidae_Distoechurus_pennatus            0.0579369 0.0814755 0.0479219 0.0441032 0.0637976 0.0582488 0.0364063 0.0377346 0.0733576 0.0787118 0.0380104 0.0688603 0.0709996 0.0379211 0.0236771 0.0676380 0.0694416 0.0694688 0.0830995 0.0602031 0.0440768 0.0607353 0.0611213 0.0666355 0.0472806 0.0522513 0.0412174 0.0581697 0.0446784 0.0582112 0.0000000 0.0379732 0.0635374 0.0720204 0.0783193 
Phalangeridae_Phalanger_carmelitae           0.0493340 0.0788820 0.0440340 0.0380699 0.0575787 0.0552873 0.0143697 0.0110844 0.0660314 0.0737048 0.0123635 0.0646548 0.0702878 0.0055975 0.0382732 0.0624697 0.0675740 0.0647495 0.0813886 0.0533051 0.0433031 0.0562092 0.0570922 0.0628329 0.0411036 0.0521855 0.0374329 0.0521028 0.0473290 0.0562554 0.0379732 0.0000000 0.0643131 0.0709938 0.0741179 
Peramelidae_Peroryctes_raffrayana            0.0622813 0.0757730 0.0615067 0.0641856 0.0732881 0.0666424 0.0608674 0.0637924 0.0782981 0.0136582 0.0610785 0.0670439 0.0675116 0.0639217 0.0582040 0.0692359 0.0651430 0.0664718 0.0154471 0.0674039 0.0630517 0.0657398 0.0638715 0.0657953 0.0656564 0.0521707 0.0594013 0.0646039 0.0693970 0.0813072 0.0635374 0.0643131 0.0000000 0.0676810 0.0166673 
Dasyuridae_Dasyurus_geffroii                 0.0815964 0.1004877 0.0675930 0.0727177 0.0919787 0.0046467 0.0744364 0.0719482 0.1033474 0.0799567 0.0693461 0.0158229 0.0273339 0.0685789 0.0671523 0.0158918 0.0083383 0.0256784 0.0931083 0.0875422 0.0764330 0.0643862 0.0666245 0.0152726 0.0786860 0.0703067 0.0709201 0.0878036 0.0893113 0.0901485 0.0720204 0.0709938 0.0676810 0.0000000 0.0891799 
Peramelidae_Perameles_gunnii                 0.0773867 0.0938777 0.0755019 0.0751598 0.0909238 0.0677596 0.0726192 0.0748081 0.0994033 0.0195821 0.0707801 0.0832422 0.0867502 0.0719802 0.0723820 0.0768500 0.0841048 0.0802401 0.0248975 0.0868374 0.0789989 0.0733624 0.0773641 0.0819261 0.0784366 0.0739516 0.0731618 0.0843366 0.0816146 0.0958852 0.0783193 0.0741179 0.0166673 0.0891799 0.0000000 
