192
I0185_86_Accipitridae_Buteo_jamaicensis                   0.0000000 0.0436409 0.0500826 0.0413110 0.0523347 0.0467578 0.0661712 0.0393445 0.0390479 0.0613926 0.0681872 0.0357267 0.0526389 0.0464094 0.0548392 0.0350678 0.0191756 0.0568129 0.0261323 0.0550898 0.0294976 0.0568628 0.0277320 0.0287896 0.0257406 0.0413127 0.0291944 0.0736211 0.0601501 0.0639884 0.0279558 0.0522044 0.0562190 0.0466690 0.0487302 0.0406278 0.0636722 0.0533151 0.0647411 0.0538015 0.0722459 0.0564632 0.0532835 0.0924860 0.0826884 0.0885268 0.0597495 0.0415294 0.0507642 0.0329103 0.0554958 0.0502388 0.0292259 0.0473709 0.0523867 0.0553253 0.0423216 0.0380815 0.0295396 0.0552250 0.0444134 0.0295893 0.0323029 0.0720657 0.0522238 0.0585624 0.0465726 0.0284764 0.0376496 0.0649324 0.0565014 0.0417689 0.0695844 0.0596583 0.0558107 0.0524306 0.0348385 0.0295735 0.0534993 0.0684738 0.0277599 0.0078513 0.0289326 0.0460017 0.0443863 0.0445576 0.0459208 0.0260475 0.0217574 0.0497502 0.0742475 0.0455899 0.0452662 0.0389861 0.0251785 0.0546242 0.0364134 0.0568317 0.0702809 0.0259025 0.0597458 0.0291300 0.0219576 0.0265383 0.0413557 0.0415833 0.0510532 0.0411110 0.0334460 0.0291948 0.0384253 0.0478099 0.0714799 0.0325853 0.0487659 0.0691693 0.0302897 0.0246804 0.0557648 0.0486262 0.0306792 0.0562081 0.0618577 0.0585089 0.0465592 0.0262166 0.0184841 0.0261269 0.0522096 0.0405979 0.0418334 0.0556757 0.0294919 0.0309611 0.0427706 0.0250767 0.0406613 0.0702759 0.0577609 0.0373755 0.0583768 0.0317316 0.0456858 0.0360760 0.0245377 0.0297575 0.0244985 0.0427418 0.0294033 0.0559346 0.0339430 0.0260776 0.0640342 0.0499241 0.0526178 0.0219612 0.0287906 0.0308830 0.0319528 0.0319341 0.0322849 0.0471911 0.0506165 0.0440667 0.0640170 0.0349290 0.0445446 0.0559757 0.0573212 0.0330265 0.0933809 0.0306341 0.0406783 0.0340268 0.0549111 0.0525207 0.0655774 0.0272405 0.0182903 0.0252565 0.0327683 0.0622432 0.0313109 0.0600270 0.0589744 0.0494570 0.0498961 0.1401852 0.0531587 0.0602519 0.0435961 0.0402719 
I0186_111_Momotidae_Momotus_lessonii                      0.0436409 0.0000000 0.0608849 0.0557648 0.0645012 0.0570108 0.0762077 0.0521586 0.0531576 0.0604760 0.0778262 0.0502772 0.0663710 0.0565758 0.0680435 0.0512838 0.0366126 0.0680931 0.0435638 0.0679078 0.0472723 0.0690903 0.0448297 0.0460058 0.0432332 0.0547209 0.0459247 0.0821298 0.0732228 0.0765824 0.0454983 0.0647619 0.0682503 0.0612455 0.0641648 0.0538320 0.0773516 0.0654674 0.0789703 0.0664698 0.0900652 0.0688095 0.0646689 0.1052981 0.0977008 0.1034094 0.0729555 0.0443520 0.0659453 0.0510222 0.0681237 0.0628358 0.0458435 0.0629694 0.0652604 0.0679438 0.0555447 0.0527026 0.0457815 0.0674125 0.0599167 0.0471196 0.0475682 0.0884800 0.0648813 0.0717689 0.0618879 0.0449663 0.0531835 0.0783766 0.0706431 0.0547856 0.0784616 0.0779588 0.0678779 0.0648496 0.0500929 0.0467574 0.0655035 0.0790957 0.0402869 0.0441631 0.0466054 0.0618900 0.0457595 0.0573665 0.0583838 0.0422040 0.0392204 0.0641758 0.0906612 0.0588578 0.0607376 0.0538112 0.0419727 0.0688738 0.0476474 0.0704432 0.0807267 0.0425204 0.0727822 0.0457138 0.0430935 0.0437478 0.0551657 0.0502283 0.0650443 0.0549420 0.0474572 0.0459782 0.0539337 0.0636367 0.0888728 0.0494454 0.0648855 0.0862474 0.0473453 0.0412816 0.0676991 0.0633482 0.0472312 0.0685312 0.0763365 0.0771218 0.0621854 0.0432432 0.0473958 0.0425582 0.0643593 0.0549196 0.0572742 0.0743064 0.0462530 0.0489676 0.0550516 0.0421231 0.0569117 0.0787130 0.0704931 0.0510910 0.0702869 0.0489446 0.0585905 0.0523979 0.0424960 0.0461287 0.0410414 0.0582120 0.0467765 0.0668753 0.0500165 0.0434320 0.0828147 0.0639216 0.0656763 0.0395715 0.0450828 0.0477981 0.0481353 0.0481412 0.0485065 0.0613548 0.0639924 0.0596577 0.0784660 0.0499645 0.0604241 0.0688115 0.0687979 0.0481221 0.1089631 0.0463378 0.0527430 0.0503044 0.0661017 0.0668481 0.0838157 0.0452166 0.0434912 0.0416759 0.0492715 0.0806312 0.0476591 0.0724258 0.0724345 0.0631499 0.0623969 0.1546979 0.0672196 0.0735403 0.0579947 0.0518520 
I0187_115_Trogonidae_Trogon_elegans                       0.0500826 0.0608849 0.0000000 0.0621844 0.0725274 0.0192759 0.0767565 0.0562415 0.0585246 0.0765195 0.0812377 0.0560863 0.0718246 0.0647259 0.0746068 0.0562657 0.0429275 0.0764037 0.0508295 0.0753082 0.0535425 0.0744613 0.0508735 0.0532058 0.0506283 0.0617908 0.0529953 0.0829169 0.0799293 0.0834029 0.0518903 0.0729002 0.0763868 0.0673815 0.0706970 0.0607786 0.0827032 0.0717190 0.0863698 0.0739991 0.0972403 0.0762581 0.0728278 0.1037853 0.0964901 0.1017812 0.0779809 0.0607523 0.0711746 0.0564020 0.0740280 0.0702623 0.0516081 0.0721361 0.0729819 0.0741069 0.0622183 0.0577365 0.0525261 0.0747480 0.0651810 0.0534627 0.0537610 0.0956923 0.0723232 0.0776516 0.0687281 0.0528718 0.0607579 0.0830348 0.0779720 0.0572067 0.0793343 0.0835343 0.0737600 0.0722942 0.0573384 0.0536776 0.0728398 0.0797214 0.0493744 0.0508380 0.0530118 0.0696793 0.0647536 0.0679384 0.0683834 0.0489206 0.0458706 0.0695237 0.0943971 0.0615061 0.0695433 0.0602040 0.0489264 0.0759683 0.0605260 0.0776403 0.0817223 0.0493791 0.0792515 0.0532179 0.0498582 0.0514238 0.0611209 0.0626770 0.0704205 0.0616579 0.0524013 0.0534147 0.0592885 0.0721983 0.0932357 0.0567810 0.0722869 0.0918664 0.0549309 0.0492147 0.0741920 0.0681663 0.0546690 0.0744365 0.0803825 0.0828762 0.0698929 0.0507789 0.0529144 0.0493840 0.0712685 0.0622598 0.0658744 0.0800845 0.0532218 0.0556178 0.0591906 0.0491476 0.0621251 0.0811527 0.0764990 0.0557609 0.0760429 0.0552950 0.0617832 0.0571612 0.0489403 0.0529226 0.0477539 0.0629233 0.0534460 0.0664439 0.0543889 0.0512563 0.0878264 0.0706932 0.0737176 0.0468306 0.0531346 0.0548730 0.0538790 0.0553265 0.0547035 0.0667532 0.0702027 0.0640787 0.0853066 0.0547405 0.0657850 0.0741688 0.0758350 0.0532415 0.1069572 0.0532819 0.0598627 0.0561317 0.0745530 0.0738145 0.0892513 0.0518766 0.0511843 0.0485526 0.0544682 0.0857834 0.0541045 0.0785025 0.0781952 0.0699431 0.0671666 0.1620475 0.0741202 0.0798885 0.0614028 0.0594297 
I0188_135_Apodidae_Streptoprocne_zonaris                  0.0413110 0.0557648 0.0621844 0.0000000 0.0640396 0.0596737 0.0783460 0.0517356 0.0498435 0.0737911 0.0802047 0.0485042 0.0648406 0.0589056 0.0672662 0.0465679 0.0344146 0.0688451 0.0394009 0.0671578 0.0434637 0.0679264 0.0428097 0.0421445 0.0393412 0.0520700 0.0424531 0.0850045 0.0715957 0.0752255 0.0436010 0.0632535 0.0677091 0.0456038 0.0480592 0.0515239 0.0751844 0.0650861 0.0757121 0.0650406 0.0845470 0.0677545 0.0642765 0.1031184 0.0942555 0.0997115 0.0714747 0.0547259 0.0602979 0.0490945 0.0672560 0.0618780 0.0419258 0.0602533 0.0641462 0.0669643 0.0524569 0.0477379 0.0423949 0.0675138 0.0211840 0.0454792 0.0428900 0.0847717 0.0631704 0.0695491 0.0579332 0.0420252 0.0477426 0.0761249 0.0683671 0.0500459 0.0817042 0.0732256 0.0667608 0.0630929 0.0466795 0.0448474 0.0643834 0.0805665 0.0386630 0.0415142 0.0422847 0.0589949 0.0567558 0.0558594 0.0583528 0.0394852 0.0380200 0.0486286 0.0872019 0.0568126 0.0574659 0.0515893 0.0391127 0.0663726 0.0506318 0.0681718 0.0825498 0.0384033 0.0710505 0.0423151 0.0412820 0.0410357 0.0513456 0.0518521 0.0602632 0.0519574 0.0470365 0.0432972 0.0514180 0.0616068 0.0829634 0.0468244 0.0590906 0.0820263 0.0433733 0.0378444 0.0673297 0.0594763 0.0430426 0.0683876 0.0723117 0.0727212 0.0597216 0.0401505 0.0448003 0.0413637 0.0632140 0.0217933 0.0551464 0.0682433 0.0427121 0.0447784 0.0456160 0.0394779 0.0535770 0.0808256 0.0674418 0.0479519 0.0698697 0.0459477 0.0560214 0.0485445 0.0386443 0.0416540 0.0387170 0.0539663 0.0424313 0.0678724 0.0466225 0.0409551 0.0763610 0.0619867 0.0645648 0.0360440 0.0423590 0.0427907 0.0434590 0.0468404 0.0446450 0.0577152 0.0612120 0.0544756 0.0754451 0.0467380 0.0560244 0.0677915 0.0697439 0.0444363 0.1055070 0.0426926 0.0509908 0.0453751 0.0654770 0.0656094 0.0798597 0.0419508 0.0412479 0.0385198 0.0470822 0.0741588 0.0459464 0.0707043 0.0703342 0.0617477 0.0614499 0.1512625 0.0654565 0.0718289 0.0541442 0.0523631 
I0189_225_Eurylaimidae_Smithornis_rufolateralis           0.0523347 0.0645012 0.0725274 0.0640396 0.0000000 0.0684953 0.0866677 0.0633067 0.0609362 0.0834034 0.0895212 0.0601090 0.0458902 0.0665776 0.0425944 0.0591013 0.0453361 0.0444234 0.0513378 0.0422204 0.0542841 0.0428846 0.0537304 0.0545972 0.0529658 0.0630504 0.0543155 0.0945914 0.0522772 0.0564562 0.0536355 0.0387174 0.0430250 0.0682029 0.0705320 0.0623098 0.0561724 0.0411956 0.0883639 0.0404333 0.0977239 0.0426695 0.0395983 0.1127731 0.1050010 0.1092369 0.0529697 0.0634738 0.0729478 0.0589547 0.0423861 0.0369285 0.0547216 0.0689248 0.0392434 0.0425499 0.0644641 0.0620574 0.0542510 0.0435192 0.0671488 0.0554343 0.0575044 0.0968067 0.0386340 0.0776422 0.0693739 0.0530703 0.0607626 0.0879935 0.0774302 0.0644384 0.0910181 0.0839069 0.0416914 0.0391668 0.0595980 0.0553961 0.0394672 0.0880694 0.0484446 0.0533269 0.0539664 0.0669165 0.0669745 0.0677901 0.0668365 0.0510096 0.0493987 0.0707385 0.0981129 0.0678345 0.0675730 0.0623796 0.0508210 0.0756752 0.0609413 0.0773007 0.0912696 0.0512786 0.0796996 0.0530085 0.0524137 0.0529949 0.0636388 0.0623080 0.0716056 0.0635052 0.0579204 0.0533653 0.0634368 0.0693841 0.0952830 0.0586059 0.0711609 0.0927615 0.0566181 0.0514738 0.0417144 0.0713741 0.0552137 0.0484750 0.0527083 0.0830549 0.0679573 0.0522041 0.0557569 0.0521293 0.0295834 0.0639879 0.0632361 0.0796841 0.0544687 0.0553628 0.0647432 0.0512603 0.0661310 0.0898043 0.0785074 0.0614195 0.0327642 0.0568480 0.0677266 0.0605407 0.0510452 0.0538693 0.0504422 0.0658727 0.0542442 0.0755463 0.0591607 0.0520330 0.0870416 0.0431697 0.0400140 0.0479804 0.0547098 0.0555225 0.0557130 0.0578552 0.0570121 0.0698715 0.0725712 0.0661956 0.0868207 0.0585910 0.0667509 0.0431634 0.0442820 0.0564948 0.1168366 0.0548726 0.0624049 0.0595912 0.0312736 0.0463881 0.0913896 0.0545956 0.0516782 0.0511210 0.0573979 0.0868053 0.0573447 0.0512578 0.0513438 0.0440720 0.0229889 0.1600427 0.0465083 0.0519077 0.0650375 0.0612060 
I0190_295_Trogonidae_Apaloderma_aequatoriale              0.0467578 0.0570108 0.0192759 0.0596737 0.0684953 0.0000000 0.0742668 0.0533460 0.0559683 0.0739262 0.0783474 0.0527336 0.0678582 0.0617123 0.0705377 0.0533815 0.0399497 0.0713883 0.0479411 0.0713142 0.0505520 0.0713626 0.0485145 0.0501432 0.0471236 0.0578688 0.0505685 0.0791780 0.0756169 0.0803773 0.0485147 0.0683331 0.0713012 0.0641723 0.0667736 0.0577029 0.0789658 0.0683720 0.0826790 0.0698744 0.0922139 0.0710440 0.0683843 0.1009843 0.0942848 0.1000509 0.0747013 0.0582694 0.0681283 0.0532390 0.0703370 0.0662071 0.0481915 0.0678660 0.0678549 0.0704022 0.0593895 0.0541655 0.0493036 0.0701095 0.0623295 0.0497333 0.0507274 0.0914040 0.0681667 0.0755367 0.0664245 0.0496870 0.0569401 0.0796866 0.0753040 0.0540476 0.0752144 0.0790483 0.0697241 0.0674764 0.0538388 0.0498520 0.0690938 0.0786285 0.0448543 0.0474587 0.0502472 0.0660146 0.0611889 0.0641008 0.0642950 0.0464432 0.0434334 0.0665382 0.0901800 0.0581981 0.0655866 0.0574118 0.0456923 0.0733882 0.0571752 0.0748133 0.0792406 0.0466823 0.0769914 0.0498111 0.0468648 0.0482767 0.0576572 0.0596575 0.0680612 0.0575463 0.0492658 0.0500754 0.0571549 0.0683207 0.0893410 0.0539244 0.0686086 0.0883749 0.0513520 0.0462684 0.0704864 0.0649794 0.0515990 0.0707921 0.0769393 0.0787222 0.0665570 0.0483583 0.0493626 0.0466730 0.0677324 0.0587219 0.0621517 0.0763168 0.0501032 0.0523673 0.0568518 0.0461682 0.0583715 0.0788450 0.0724432 0.0522003 0.0726647 0.0526826 0.0588124 0.0537541 0.0461378 0.0502447 0.0451037 0.0609301 0.0506196 0.0633565 0.0510974 0.0485350 0.0841520 0.0674082 0.0692225 0.0438010 0.0500449 0.0515204 0.0500226 0.0520542 0.0512646 0.0646440 0.0675943 0.0624939 0.0819608 0.0524105 0.0622578 0.0705519 0.0714067 0.0501228 0.1034995 0.0507123 0.0569853 0.0534006 0.0711652 0.0699327 0.0857064 0.0484392 0.0482913 0.0458636 0.0514052 0.0817872 0.0505201 0.0746792 0.0745994 0.0658907 0.0639906 0.1573852 0.0702160 0.0751617 0.0593684 0.0563662 
I0191_344_Indicatoridae_Indicator_exilis                  0.0661712 0.0762077 0.0767565 0.0783460 0.0866677 0.0742668 0.0000000 0.0726551 0.0755092 0.0869499 0.0481107 0.0710461 0.0874920 0.0797058 0.0895831 0.0724658 0.0605981 0.0947109 0.0664784 0.0923752 0.0685090 0.0916266 0.0682862 0.0692951 0.0664040 0.0792024 0.0683552 0.0337622 0.0949740 0.0989756 0.0675614 0.0891575 0.0931224 0.0817327 0.0862507 0.0786759 0.0984592 0.0883773 0.1049927 0.0896289 0.1131281 0.0917131 0.0887989 0.1220280 0.1119282 0.1182662 0.0936448 0.0772810 0.0880992 0.0723615 0.0910347 0.0870589 0.0676745 0.0870148 0.0884729 0.0888031 0.0806180 0.0734418 0.0678802 0.0919842 0.0817801 0.0690330 0.0722151 0.1129224 0.0865726 0.0978347 0.0871439 0.0689076 0.0767540 0.1003823 0.0965667 0.0708386 0.0292862 0.0996675 0.0902483 0.0876426 0.0727908 0.0690184 0.0879930 0.0480350 0.0565904 0.0666975 0.0683776 0.0843690 0.0782023 0.0750533 0.0734342 0.0659967 0.0629552 0.0843928 0.1108807 0.0775655 0.0838874 0.0784204 0.0657981 0.0945046 0.0711316 0.0977506 0.0486000 0.0654803 0.0995008 0.0691175 0.0668639 0.0671161 0.0768426 0.0758242 0.0822834 0.0763063 0.0681787 0.0690567 0.0773070 0.0869912 0.1104120 0.0715443 0.0885491 0.1085521 0.0701793 0.0652926 0.0912632 0.0813118 0.0716748 0.0894202 0.0953828 0.0984061 0.0854115 0.0682670 0.0683674 0.0665245 0.0877761 0.0763872 0.0806135 0.0959402 0.0698487 0.0709372 0.0746288 0.0660654 0.0777933 0.0479838 0.0906653 0.0711894 0.0919458 0.0706099 0.0770788 0.0722534 0.0654994 0.0682373 0.0647760 0.0770743 0.0695940 0.0810974 0.0722585 0.0672651 0.1041103 0.0853249 0.0892049 0.0630432 0.0703707 0.0689509 0.0698234 0.0705156 0.0715269 0.0829654 0.0863735 0.0782900 0.1049605 0.0703689 0.0802749 0.0909754 0.0940998 0.0683246 0.1222404 0.0689070 0.0791590 0.0717326 0.0903943 0.0890134 0.1069816 0.0678867 0.0680917 0.0660139 0.0700800 0.1032635 0.0704315 0.0941204 0.0928247 0.0857307 0.0822934 0.1762074 0.0892523 0.0946147 0.0769562 0.0744028 
I0192_375_Musophagidae_Tauraco_macrorhynchus              0.0393445 0.0521586 0.0562415 0.0517356 0.0633067 0.0533460 0.0726551 0.0000000 0.0481336 0.0690290 0.0760353 0.0250986 0.0638495 0.0576849 0.0659576 0.0463779 0.0325609 0.0683924 0.0388127 0.0661692 0.0418405 0.0663469 0.0427407 0.0419189 0.0379225 0.0509338 0.0415413 0.0791630 0.0715429 0.0746981 0.0431949 0.0628061 0.0652343 0.0577043 0.0599900 0.0508242 0.0741857 0.0643534 0.0770014 0.0648179 0.0853995 0.0668917 0.0637667 0.0964383 0.0902159 0.0960728 0.0706314 0.0522555 0.0605171 0.0483610 0.0651499 0.0609504 0.0402194 0.0597943 0.0634478 0.0666312 0.0524259 0.0469768 0.0407584 0.0659914 0.0558616 0.0451414 0.0429857 0.0847363 0.0626922 0.0687698 0.0590880 0.0404468 0.0492209 0.0745375 0.0667582 0.0480720 0.0751092 0.0741070 0.0651104 0.0630023 0.0465333 0.0450523 0.0635070 0.0765709 0.0387110 0.0405323 0.0413916 0.0579899 0.0552522 0.0581850 0.0594816 0.0370925 0.0360513 0.0605163 0.0840847 0.0540594 0.0566826 0.0494651 0.0363689 0.0653621 0.0498387 0.0665296 0.0782981 0.0371941 0.0689761 0.0409033 0.0403450 0.0374841 0.0506340 0.0520118 0.0611361 0.0504485 0.0448687 0.0415009 0.0498792 0.0604654 0.0825103 0.0446262 0.0606754 0.0816682 0.0424780 0.0366338 0.0658801 0.0592243 0.0421734 0.0656958 0.0723677 0.0727197 0.0584964 0.0385210 0.0432463 0.0376212 0.0623995 0.0511573 0.0538435 0.0697093 0.0414918 0.0429449 0.0504321 0.0371022 0.0514914 0.0770433 0.0650987 0.0455555 0.0689576 0.0435301 0.0535252 0.0471078 0.0368128 0.0417518 0.0356529 0.0530610 0.0414410 0.0620291 0.0444623 0.0377902 0.0778492 0.0614986 0.0640006 0.0339006 0.0413142 0.0427964 0.0420132 0.0450946 0.0428625 0.0568426 0.0602198 0.0542939 0.0764288 0.0452419 0.0557502 0.0660822 0.0680002 0.0430553 0.1002402 0.0428370 0.0496524 0.0454440 0.0656486 0.0630537 0.0788798 0.0407195 0.0407245 0.0372666 0.0460546 0.0778324 0.0444156 0.0703102 0.0703245 0.0612413 0.0614426 0.1504535 0.0636858 0.0714927 0.0534056 0.0518223 
I0193_447_Columbidae_Treron_calvus                        0.0390479 0.0531576 0.0585246 0.0498435 0.0609362 0.0559683 0.0755092 0.0481336 0.0000000 0.0725898 0.0790201 0.0454174 0.0618329 0.0564816 0.0640011 0.0449279 0.0276214 0.0653212 0.0360570 0.0640079 0.0394050 0.0638828 0.0401500 0.0396299 0.0372061 0.0178937 0.0398165 0.0813602 0.0681086 0.0724770 0.0414317 0.0598673 0.0645132 0.0553830 0.0562369 0.0170701 0.0719467 0.0620340 0.0736454 0.0624334 0.0831535 0.0647171 0.0612390 0.0989306 0.0891295 0.0948643 0.0681865 0.0516504 0.0584264 0.0461816 0.0634389 0.0587558 0.0384777 0.0581594 0.0608776 0.0636221 0.0190406 0.0469721 0.0391181 0.0639205 0.0526913 0.0432126 0.0422926 0.0828919 0.0608407 0.0658480 0.0561348 0.0395145 0.0467919 0.0736491 0.0653096 0.0496165 0.0787645 0.0711744 0.0629180 0.0600446 0.0454120 0.0430497 0.0615042 0.0776214 0.0283144 0.0395774 0.0390036 0.0565096 0.0556515 0.0550736 0.0554027 0.0358902 0.0350783 0.0580064 0.0832071 0.0540592 0.0545536 0.0482493 0.0361293 0.0634884 0.0477288 0.0644565 0.0805194 0.0368730 0.0666326 0.0395051 0.0388500 0.0383052 0.0496676 0.0509290 0.0587524 0.0500053 0.0445706 0.0399745 0.0484558 0.0580675 0.0804031 0.0437513 0.0572438 0.0787794 0.0412617 0.0360716 0.0635852 0.0575798 0.0407383 0.0648796 0.0702346 0.0705349 0.0564698 0.0367478 0.0425732 0.0368881 0.0613843 0.0487181 0.0525741 0.0665458 0.0397063 0.0412210 0.0503179 0.0357953 0.0519102 0.0782300 0.0641725 0.0472154 0.0666286 0.0417953 0.0544354 0.0466184 0.0353947 0.0399023 0.0347585 0.0515204 0.0400405 0.0636847 0.0442374 0.0374776 0.0747102 0.0579976 0.0611333 0.0331865 0.0395514 0.0414316 0.0401847 0.0446137 0.0429409 0.0553252 0.0575675 0.0526466 0.0729991 0.0435977 0.0524725 0.0632689 0.0662704 0.0418935 0.1011325 0.0414175 0.0156419 0.0443986 0.0642069 0.0615700 0.0768684 0.0389679 0.0383492 0.0355214 0.0450724 0.0730436 0.0438644 0.0681780 0.0680540 0.0585285 0.0594179 0.1481712 0.0617889 0.0675253 0.0518344 0.0500266 
I0194_495_Alcedinidae_Alcedo_quadribrachys                0.0613926 0.0604760 0.0765195 0.0737911 0.0834034 0.0739262 0.0869499 0.0690290 0.0725898 0.0000000 0.0915299 0.0688837 0.0837610 0.0749083 0.0866556 0.0696296 0.0546164 0.0814438 0.0621387 0.0832371 0.0628649 0.0866270 0.0632142 0.0632914 0.0620879 0.0744254 0.0635631 0.0942331 0.0901060 0.0944409 0.0627298 0.0828440 0.0819167 0.0776922 0.0816185 0.0738727 0.0938029 0.0856675 0.0993516 0.0830627 0.1064950 0.0839598 0.0808079 0.1192273 0.1126142 0.1166869 0.0902176 0.0639916 0.0835901 0.0676381 0.0871474 0.0801900 0.0632062 0.0828708 0.0811066 0.0871292 0.0755645 0.0700374 0.0639954 0.0810738 0.0759790 0.0647280 0.0665834 0.1065924 0.0820049 0.0913178 0.0786276 0.0634322 0.0711307 0.0949190 0.0904273 0.0677294 0.0911141 0.0954770 0.0868675 0.0820178 0.0676406 0.0642416 0.0836120 0.0916996 0.0562204 0.0617806 0.0628460 0.0819380 0.0490804 0.0752342 0.0751583 0.0615839 0.0580981 0.0815221 0.1059808 0.0746160 0.0801801 0.0743724 0.0607723 0.0879599 0.0648511 0.0911011 0.0921440 0.0610568 0.0925541 0.0628866 0.0612440 0.0615458 0.0727481 0.0679765 0.0796235 0.0723048 0.0650141 0.0636437 0.0725084 0.0820746 0.1038103 0.0669596 0.0810768 0.1035986 0.0653929 0.0605122 0.0872975 0.0779361 0.0673240 0.0867764 0.0918604 0.0943649 0.0822510 0.0614620 0.0634648 0.0608008 0.0838835 0.0724884 0.0762574 0.0906885 0.0658443 0.0649559 0.0713937 0.0602249 0.0730403 0.0905126 0.0890605 0.0675721 0.0896048 0.0653613 0.0750583 0.0679497 0.0602838 0.0631988 0.0597684 0.0745518 0.0634329 0.0837863 0.0669952 0.0605672 0.0976946 0.0825231 0.0820461 0.0571933 0.0657661 0.0641660 0.0659281 0.0664204 0.0646174 0.0793293 0.0839412 0.0757324 0.0989061 0.0675478 0.0772941 0.0878184 0.0820849 0.0659447 0.1251239 0.0635273 0.0742085 0.0675252 0.0854140 0.0847003 0.0998790 0.0622764 0.0618965 0.0612461 0.0652478 0.0966871 0.0661940 0.0880915 0.0900070 0.0813281 0.0801378 0.1717673 0.0847938 0.0909545 0.0750919 0.0697229 
I0195_522_Ramphastidae_Buccanodon_duchaillui              0.0681872 0.0778262 0.0812377 0.0802047 0.0895212 0.0783474 0.0481107 0.0760353 0.0790201 0.0915299 0.0000000 0.0752647 0.0897173 0.0822240 0.0944108 0.0747871 0.0630049 0.0979205 0.0690837 0.0953206 0.0705233 0.0943293 0.0704158 0.0707495 0.0684667 0.0818761 0.0705516 0.0520321 0.0968028 0.1009315 0.0699451 0.0925214 0.0964702 0.0842023 0.0881339 0.0812374 0.1010700 0.0920904 0.1081545 0.0925810 0.1149814 0.0951904 0.0918496 0.1272306 0.1178917 0.1223945 0.0959580 0.0805087 0.0897125 0.0742048 0.0951372 0.0895393 0.0706319 0.0894207 0.0912446 0.0928681 0.0827386 0.0743634 0.0697098 0.0954835 0.0849068 0.0706424 0.0747691 0.1144723 0.0908195 0.1007932 0.0888740 0.0708046 0.0784817 0.1043348 0.1005355 0.0732645 0.0492087 0.1020981 0.0937276 0.0915659 0.0740171 0.0708341 0.0912709 0.0332471 0.0598054 0.0688172 0.0696731 0.0882670 0.0807618 0.0779614 0.0773217 0.0680390 0.0654275 0.0869464 0.1129916 0.0803405 0.0872114 0.0805808 0.0686001 0.0969026 0.0744195 0.1001133 0.0323966 0.0680144 0.1028976 0.0706162 0.0684526 0.0697132 0.0794566 0.0781975 0.0856341 0.0788717 0.0716456 0.0705338 0.0794852 0.0901666 0.1119384 0.0746070 0.0899596 0.1102050 0.0725188 0.0670358 0.0936296 0.0829590 0.0736131 0.0929956 0.0981571 0.1003425 0.0889530 0.0699233 0.0700717 0.0688119 0.0902582 0.0789184 0.0819412 0.0978071 0.0719965 0.0720945 0.0774795 0.0685417 0.0797579 0.0367879 0.0932635 0.0730059 0.0956377 0.0731511 0.0808971 0.0761910 0.0675365 0.0709748 0.0671468 0.0801664 0.0707434 0.0853349 0.0759055 0.0681904 0.1049682 0.0887842 0.0922669 0.0652926 0.0720032 0.0719476 0.0709706 0.0716892 0.0724421 0.0861789 0.0895356 0.0802885 0.1071590 0.0742691 0.0824366 0.0938250 0.0973078 0.0713735 0.1275185 0.0710648 0.0825531 0.0748553 0.0931885 0.0914024 0.1079089 0.0698104 0.0684698 0.0685517 0.0732313 0.1040329 0.0720955 0.0955303 0.0959526 0.0873071 0.0866033 0.1793998 0.0919180 0.0975988 0.0792697 0.0764709 
I0196_523_Musophagidae_Corythaeola_cristata               0.0357267 0.0502772 0.0560863 0.0485042 0.0601090 0.0527336 0.0710461 0.0250986 0.0454174 0.0688837 0.0752647 0.0000000 0.0617965 0.0539169 0.0640974 0.0430999 0.0291817 0.0654875 0.0349183 0.0637938 0.0379332 0.0645434 0.0374382 0.0379411 0.0336801 0.0482363 0.0380179 0.0772174 0.0686128 0.0711793 0.0395608 0.0602411 0.0637444 0.0540864 0.0568293 0.0474788 0.0711312 0.0618077 0.0733812 0.0625283 0.0811344 0.0649089 0.0616511 0.0967737 0.0890834 0.0944109 0.0677372 0.0501626 0.0585682 0.0441712 0.0636640 0.0593772 0.0373968 0.0556336 0.0603531 0.0648395 0.0490131 0.0447242 0.0375908 0.0638542 0.0523245 0.0407762 0.0403185 0.0802752 0.0602577 0.0662826 0.0545449 0.0365715 0.0440542 0.0726757 0.0645458 0.0468729 0.0752125 0.0690666 0.0635919 0.0604544 0.0426561 0.0411699 0.0610699 0.0755425 0.0358203 0.0366645 0.0375956 0.0542061 0.0533663 0.0533695 0.0554850 0.0337273 0.0325510 0.0567287 0.0800495 0.0516451 0.0528804 0.0465715 0.0330572 0.0625478 0.0460766 0.0648479 0.0771392 0.0332408 0.0675365 0.0370577 0.0356702 0.0339068 0.0466991 0.0485770 0.0568780 0.0467987 0.0411268 0.0376440 0.0470147 0.0563080 0.0789144 0.0403010 0.0568717 0.0774011 0.0380920 0.0329540 0.0633970 0.0556550 0.0380474 0.0635915 0.0692102 0.0675725 0.0545696 0.0346708 0.0399084 0.0344711 0.0593056 0.0481607 0.0501080 0.0646413 0.0380657 0.0394169 0.0471840 0.0335291 0.0492172 0.0759122 0.0634898 0.0433226 0.0663856 0.0396022 0.0508683 0.0427673 0.0333100 0.0377361 0.0324902 0.0498079 0.0379433 0.0605344 0.0415865 0.0344939 0.0730375 0.0586860 0.0614102 0.0303236 0.0370449 0.0398687 0.0391651 0.0417280 0.0397594 0.0535202 0.0577238 0.0507792 0.0723850 0.0417696 0.0521985 0.0641399 0.0655821 0.0401390 0.0994485 0.0386862 0.0469417 0.0406296 0.0630570 0.0620107 0.0749696 0.0364083 0.0366031 0.0334268 0.0414002 0.0719578 0.0410208 0.0667699 0.0674727 0.0581909 0.0575953 0.1469910 0.0625244 0.0688462 0.0500216 0.0479969 
I0197_832_Corvidae_Corvus_albus                           0.0526389 0.0663710 0.0718246 0.0648406 0.0458902 0.0678582 0.0874920 0.0638495 0.0618329 0.0837610 0.0897173 0.0617965 0.0000000 0.0697180 0.0490780 0.0595965 0.0458116 0.0484403 0.0518589 0.0473331 0.0557797 0.0493389 0.0549318 0.0562860 0.0535787 0.0633636 0.0544080 0.0940309 0.0295260 0.0337529 0.0535961 0.0448293 0.0485220 0.0691016 0.0711492 0.0634529 0.0320961 0.0472782 0.0882211 0.0458581 0.0972666 0.0482283 0.0440809 0.1153413 0.1052097 0.1112638 0.0291067 0.0658303 0.0739968 0.0590616 0.0488294 0.0428811 0.0549732 0.0686764 0.0443084 0.0481296 0.0644505 0.0623142 0.0544873 0.0472063 0.0679317 0.0565711 0.0584717 0.0968052 0.0450143 0.0810873 0.0712412 0.0550884 0.0619405 0.0876827 0.0795918 0.0641894 0.0910530 0.0855092 0.0479831 0.0447798 0.0600912 0.0561309 0.0449939 0.0901259 0.0485682 0.0535705 0.0553009 0.0664041 0.0675526 0.0670324 0.0675278 0.0516374 0.0499658 0.0716603 0.0998455 0.0698324 0.0673618 0.0637212 0.0516790 0.0786650 0.0618308 0.0806685 0.0923643 0.0528499 0.0827951 0.0544359 0.0532684 0.0543135 0.0647141 0.0635988 0.0716221 0.0642650 0.0594472 0.0560518 0.0640781 0.0685907 0.0965346 0.0593765 0.0735654 0.0950503 0.0562120 0.0520407 0.0477690 0.0713362 0.0567238 0.0348963 0.0320515 0.0843605 0.0681738 0.0524519 0.0563729 0.0540914 0.0463485 0.0646963 0.0643212 0.0809069 0.0542392 0.0577930 0.0661377 0.0523170 0.0666382 0.0921071 0.0801829 0.0620567 0.0507540 0.0591515 0.0698990 0.0603955 0.0516715 0.0549383 0.0509879 0.0662641 0.0556145 0.0752736 0.0593687 0.0536657 0.0896465 0.0298658 0.0448119 0.0488958 0.0548201 0.0563788 0.0563511 0.0586104 0.0586803 0.0716314 0.0736183 0.0676350 0.0873957 0.0599239 0.0684555 0.0484363 0.0490045 0.0577131 0.1176901 0.0566092 0.0631637 0.0603932 0.0472327 0.0314489 0.0917500 0.0555443 0.0528405 0.0519589 0.0592975 0.0883184 0.0574528 0.0291594 0.0283825 0.0139302 0.0434563 0.1632597 0.0317750 0.0287213 0.0677206 0.0631640 
I0198_937_Bucerotidae_Tockus_camurus                      0.0464094 0.0565758 0.0647259 0.0589056 0.0665776 0.0617123 0.0797058 0.0576849 0.0564816 0.0749083 0.0822240 0.0539169 0.0697180 0.0000000 0.0725752 0.0547069 0.0397149 0.0713988 0.0470414 0.0707049 0.0498156 0.0722129 0.0490195 0.0496288 0.0469162 0.0587784 0.0495086 0.0865473 0.0754856 0.0801223 0.0482233 0.0684318 0.0710984 0.0646571 0.0668136 0.0577091 0.0801922 0.0698837 0.0828964 0.0686988 0.0927937 0.0716839 0.0686292 0.1056886 0.0973950 0.1028044 0.0763475 0.0575159 0.0692575 0.0533212 0.0710468 0.0661871 0.0481637 0.0655777 0.0685000 0.0719571 0.0587486 0.0555872 0.0483130 0.0710829 0.0626923 0.0497434 0.0505856 0.0913404 0.0682156 0.0767731 0.0658682 0.0487417 0.0551606 0.0814580 0.0749356 0.0556763 0.0825437 0.0806215 0.0709487 0.0678502 0.0529580 0.0495899 0.0683807 0.0825163 0.0440255 0.0465087 0.0488391 0.0642032 0.0606105 0.0607972 0.0614268 0.0461036 0.0428722 0.0671636 0.0932941 0.0601580 0.0632886 0.0564225 0.0448093 0.0736084 0.0547133 0.0757104 0.0835399 0.0467466 0.0779286 0.0482730 0.0454407 0.0463450 0.0588586 0.0573354 0.0678342 0.0582981 0.0522369 0.0485222 0.0579526 0.0661562 0.0908655 0.0529013 0.0686873 0.0890256 0.0512600 0.0455249 0.0700752 0.0640380 0.0509839 0.0730229 0.0775656 0.0797857 0.0646304 0.0465258 0.0492057 0.0461640 0.0674642 0.0582157 0.0596204 0.0758491 0.0490636 0.0510486 0.0587346 0.0456254 0.0592983 0.0824139 0.0733845 0.0547971 0.0733417 0.0521459 0.0600890 0.0546910 0.0452178 0.0486073 0.0446872 0.0605993 0.0496308 0.0689866 0.0533128 0.0468189 0.0827256 0.0672565 0.0687214 0.0432884 0.0496480 0.0500626 0.0509164 0.0503433 0.0518055 0.0657035 0.0666394 0.0620269 0.0823110 0.0531080 0.0634688 0.0717532 0.0736368 0.0506641 0.1081726 0.0495644 0.0571627 0.0536574 0.0699700 0.0706693 0.0860916 0.0488876 0.0463174 0.0459374 0.0527796 0.0812865 0.0508774 0.0748992 0.0752044 0.0665768 0.0651082 0.1568726 0.0708248 0.0766655 0.0604859 0.0247638 
I0200_988_Furnariidae_Furnarius_rufus                     0.0548392 0.0680435 0.0746068 0.0672662 0.0425944 0.0705377 0.0895831 0.0659576 0.0640011 0.0866556 0.0944108 0.0640974 0.0490780 0.0725752 0.0000000 0.0628054 0.0487593 0.0408128 0.0551623 0.0390269 0.0590704 0.0329568 0.0574722 0.0575843 0.0561058 0.0647453 0.0579114 0.0988074 0.0541162 0.0592746 0.0563255 0.0373672 0.0407173 0.0712508 0.0728001 0.0645186 0.0580244 0.0181618 0.0888318 0.0383064 0.0983714 0.0405587 0.0367131 0.1120042 0.1060947 0.1089469 0.0544553 0.0660672 0.0759227 0.0624981 0.0327331 0.0354026 0.0578471 0.0731511 0.0374297 0.0178717 0.0663886 0.0660070 0.0576638 0.0403924 0.0697672 0.0591171 0.0615656 0.0971584 0.0373770 0.0805757 0.0729679 0.0565465 0.0644777 0.0880928 0.0805812 0.0673364 0.0937252 0.0853008 0.0326174 0.0371218 0.0633872 0.0586739 0.0377616 0.0938370 0.0511706 0.0560925 0.0581045 0.0714421 0.0706411 0.0712184 0.0700081 0.0544760 0.0533488 0.0738566 0.0990828 0.0699372 0.0711918 0.0663529 0.0545796 0.0779125 0.0656070 0.0804050 0.0961979 0.0550874 0.0822421 0.0567894 0.0567305 0.0568278 0.0679088 0.0655812 0.0755997 0.0668522 0.0613981 0.0581426 0.0662641 0.0732522 0.0970972 0.0606507 0.0737717 0.0942410 0.0599674 0.0550089 0.0311805 0.0748600 0.0583552 0.0511547 0.0567306 0.0849625 0.0722231 0.0550291 0.0589817 0.0561917 0.0417310 0.0671664 0.0676533 0.0802238 0.0565232 0.0604552 0.0665900 0.0544812 0.0695979 0.0950200 0.0813545 0.0661332 0.0473412 0.0604679 0.0721775 0.0640722 0.0536877 0.0578030 0.0539505 0.0692771 0.0581479 0.0774309 0.0614055 0.0566385 0.0903919 0.0457433 0.0372694 0.0515108 0.0569778 0.0598600 0.0590819 0.0615810 0.0610028 0.0726126 0.0754455 0.0698832 0.0877602 0.0624693 0.0712981 0.0316007 0.0414940 0.0605608 0.1152624 0.0583394 0.0643360 0.0623406 0.0432347 0.0481169 0.0927775 0.0570111 0.0552543 0.0544386 0.0603188 0.0886134 0.0612211 0.0545303 0.0538730 0.0467384 0.0410943 0.1591037 0.0481590 0.0546925 0.0694335 0.0666150 
I0201_999_Scolopacidae_Tringa_solitaria                   0.0350678 0.0512838 0.0562657 0.0465679 0.0591013 0.0533815 0.0724658 0.0463779 0.0449279 0.0696296 0.0747871 0.0430999 0.0595965 0.0547069 0.0628054 0.0000000 0.0283197 0.0641567 0.0344515 0.0631666 0.0294543 0.0631941 0.0375560 0.0322716 0.0344271 0.0467644 0.0318123 0.0783988 0.0671392 0.0711264 0.0381376 0.0599144 0.0632462 0.0541531 0.0552315 0.0462818 0.0704743 0.0608201 0.0704253 0.0612296 0.0790647 0.0636670 0.0605983 0.0957497 0.0864483 0.0923479 0.0664420 0.0494261 0.0572731 0.0434105 0.0622885 0.0574215 0.0360076 0.0564886 0.0601712 0.0628870 0.0484687 0.0448833 0.0368715 0.0625891 0.0510703 0.0401838 0.0400600 0.0787255 0.0599783 0.0649181 0.0541549 0.0367281 0.0449331 0.0707508 0.0646778 0.0482423 0.0753453 0.0655722 0.0627626 0.0594194 0.0406497 0.0401480 0.0610360 0.0754792 0.0348924 0.0357008 0.0280282 0.0551584 0.0526185 0.0524876 0.0539261 0.0340900 0.0320699 0.0568401 0.0792704 0.0343696 0.0532276 0.0452209 0.0334219 0.0613690 0.0458442 0.0635651 0.0773104 0.0324060 0.0661941 0.0316747 0.0345385 0.0355444 0.0466964 0.0495153 0.0568016 0.0472977 0.0419034 0.0320110 0.0454332 0.0561778 0.0776878 0.0406261 0.0552715 0.0757889 0.0381076 0.0334764 0.0623850 0.0541646 0.0376183 0.0637900 0.0681815 0.0645405 0.0549761 0.0339424 0.0393062 0.0346619 0.0589704 0.0465724 0.0499646 0.0624049 0.0372376 0.0313014 0.0482079 0.0336207 0.0465991 0.0766037 0.0626037 0.0442782 0.0646275 0.0324079 0.0356031 0.0429965 0.0329256 0.0358892 0.0326610 0.0489172 0.0290810 0.0620297 0.0417536 0.0351373 0.0701026 0.0578602 0.0608457 0.0305404 0.0369940 0.0380516 0.0384483 0.0406534 0.0394926 0.0536320 0.0564674 0.0503667 0.0694967 0.0140663 0.0509620 0.0624348 0.0647746 0.0148903 0.0971323 0.0375469 0.0464553 0.0414777 0.0616969 0.0606440 0.0732193 0.0361847 0.0361070 0.0333318 0.0408006 0.0682389 0.0400038 0.0675761 0.0671093 0.0571343 0.0570259 0.1445847 0.0609153 0.0676315 0.0323935 0.0482429 
I0202_1066_Cathartidae_Cathartes_burrovianus              0.0191756 0.0366126 0.0429275 0.0344146 0.0453361 0.0399497 0.0605981 0.0325609 0.0276214 0.0546164 0.0630049 0.0291817 0.0458116 0.0397149 0.0487593 0.0283197 0.0000000 0.0497550 0.0185509 0.0479769 0.0226185 0.0495068 0.0220351 0.0218629 0.0187018 0.0318271 0.0222884 0.0666359 0.0534248 0.0573817 0.0227435 0.0451617 0.0482023 0.0396133 0.0406959 0.0312568 0.0560253 0.0462793 0.0577792 0.0462252 0.0676370 0.0488424 0.0458253 0.0848615 0.0760628 0.0810526 0.0532318 0.0353449 0.0449067 0.0281174 0.0480662 0.0431298 0.0217066 0.0413277 0.0455415 0.0490338 0.0319775 0.0299999 0.0217761 0.0483072 0.0378139 0.0243440 0.0250458 0.0673020 0.0453706 0.0520244 0.0397529 0.0212509 0.0305572 0.0578391 0.0504970 0.0337418 0.0636452 0.0532025 0.0485759 0.0446081 0.0274455 0.0245004 0.0457756 0.0632485 0.0216214 0.0191139 0.0214415 0.0394747 0.0375226 0.0382924 0.0396928 0.0180809 0.0043979 0.0427429 0.0681510 0.0386534 0.0385792 0.0309298 0.0178642 0.0484256 0.0305084 0.0502124 0.0650088 0.0180904 0.0530008 0.0216617 0.0189240 0.0197828 0.0336069 0.0345093 0.0444189 0.0341189 0.0269103 0.0221556 0.0313311 0.0414913 0.0653797 0.0258421 0.0412696 0.0634990 0.0230566 0.0172920 0.0478914 0.0422509 0.0235404 0.0493744 0.0548987 0.0519658 0.0396247 0.0184141 0.0231234 0.0192836 0.0444474 0.0334082 0.0354482 0.0492408 0.0224670 0.0241605 0.0357344 0.0182872 0.0332976 0.0641964 0.0507637 0.0296415 0.0511158 0.0247307 0.0386960 0.0289685 0.0173194 0.0221574 0.0168191 0.0362324 0.0224196 0.0493942 0.0274359 0.0193535 0.0576722 0.0423845 0.0459928 0.0149532 0.0213856 0.0238224 0.0236282 0.0247991 0.0249356 0.0403735 0.0435201 0.0376049 0.0567679 0.0278898 0.0374769 0.0486443 0.0495816 0.0252487 0.0860540 0.0232870 0.0300925 0.0266625 0.0480870 0.0454029 0.0607470 0.0207647 0.0193472 0.0178103 0.0269812 0.0559112 0.0239478 0.0530628 0.0518036 0.0429871 0.0437264 0.1342823 0.0459673 0.0540698 0.0362028 0.0332510 
I0203_1087_Tyrannidae_Hymenops_perspicillatus             0.0568129 0.0680931 0.0764037 0.0688451 0.0444234 0.0713883 0.0947109 0.0683924 0.0653212 0.0814438 0.0979205 0.0654875 0.0484403 0.0713988 0.0408128 0.0641567 0.0497550 0.0000000 0.0570735 0.0154839 0.0610231 0.0421147 0.0593614 0.0598026 0.0576076 0.0667226 0.0602948 0.1019354 0.0533426 0.0580272 0.0576945 0.0242556 0.0229287 0.0729723 0.0755534 0.0667301 0.0573116 0.0388123 0.0926111 0.0226024 0.1029074 0.0224690 0.0229325 0.1170069 0.1091103 0.1135016 0.0533368 0.0676329 0.0776781 0.0633183 0.0403823 0.0221322 0.0588357 0.0737148 0.0235700 0.0407080 0.0683610 0.0682102 0.0588051 0.0106330 0.0726901 0.0606835 0.0615401 0.1023527 0.0220153 0.0836428 0.0761158 0.0593512 0.0675430 0.0928793 0.0841968 0.0702747 0.0975059 0.0899613 0.0416029 0.0228175 0.0635034 0.0602679 0.0236697 0.0956201 0.0533208 0.0582850 0.0603572 0.0717050 0.0696828 0.0742385 0.0731412 0.0560577 0.0539784 0.0757484 0.1044097 0.0737360 0.0722856 0.0678401 0.0559692 0.0823382 0.0664823 0.0833488 0.0995358 0.0565781 0.0857291 0.0590065 0.0571570 0.0578476 0.0683306 0.0672172 0.0780937 0.0676400 0.0622622 0.0604620 0.0675977 0.0736392 0.1000547 0.0635575 0.0768884 0.0997137 0.0608496 0.0562137 0.0398716 0.0768911 0.0601111 0.0496395 0.0552925 0.0886459 0.0724157 0.0566883 0.0608125 0.0578480 0.0424406 0.0696745 0.0679993 0.0850630 0.0589151 0.0624417 0.0690255 0.0563011 0.0714029 0.0987783 0.0837114 0.0676631 0.0484244 0.0627407 0.0728019 0.0646102 0.0561949 0.0594774 0.0556490 0.0713434 0.0605482 0.0788944 0.0629319 0.0577024 0.0948526 0.0459981 0.0237386 0.0527494 0.0595000 0.0612106 0.0599973 0.0636744 0.0621195 0.0744403 0.0780210 0.0722912 0.0922295 0.0638789 0.0745886 0.0412573 0.0137791 0.0617881 0.1201256 0.0601610 0.0663006 0.0649898 0.0437659 0.0470068 0.0977502 0.0596285 0.0565587 0.0552582 0.0613924 0.0917061 0.0629957 0.0514399 0.0533779 0.0464683 0.0424954 0.1680041 0.0469600 0.0523932 0.0713031 0.0663402 
I0204_1174_Threskiornithidae_Harpiprion_caerulescens      0.0261323 0.0435638 0.0508295 0.0394009 0.0513378 0.0479411 0.0664784 0.0388127 0.0360570 0.0621387 0.0690837 0.0349183 0.0518589 0.0470414 0.0551623 0.0344515 0.0185509 0.0570735 0.0000000 0.0551810 0.0280930 0.0563616 0.0268015 0.0263005 0.0224871 0.0376198 0.0269498 0.0725292 0.0596193 0.0630835 0.0276658 0.0517771 0.0549931 0.0464030 0.0473132 0.0375310 0.0635909 0.0534260 0.0647413 0.0533868 0.0720638 0.0560581 0.0523022 0.0923100 0.0793437 0.0882613 0.0599069 0.0425274 0.0495499 0.0342443 0.0550925 0.0500389 0.0246180 0.0478659 0.0519487 0.0554731 0.0387762 0.0355298 0.0248705 0.0552799 0.0438935 0.0307672 0.0309450 0.0726040 0.0520215 0.0578135 0.0455838 0.0249166 0.0357596 0.0648162 0.0571841 0.0394998 0.0695586 0.0591430 0.0552441 0.0517190 0.0330238 0.0308266 0.0531493 0.0688782 0.0267029 0.0265187 0.0272910 0.0456583 0.0453751 0.0448616 0.0456923 0.0218785 0.0218459 0.0495533 0.0738449 0.0442885 0.0447090 0.0367661 0.0216561 0.0538046 0.0377675 0.0563697 0.0711508 0.0243181 0.0591601 0.0268871 0.0261082 0.0239083 0.0386499 0.0411707 0.0484813 0.0390988 0.0330456 0.0273312 0.0380767 0.0480958 0.0709897 0.0292988 0.0463468 0.0691683 0.0282423 0.0213720 0.0552308 0.0466438 0.0278327 0.0560927 0.0607927 0.0585349 0.0468399 0.0222571 0.0300922 0.0232532 0.0517614 0.0389125 0.0420059 0.0543337 0.0248857 0.0296575 0.0422739 0.0218757 0.0396831 0.0706338 0.0561208 0.0356110 0.0569585 0.0309736 0.0446947 0.0343638 0.0204577 0.0278728 0.0203416 0.0414845 0.0278472 0.0559466 0.0332092 0.0233206 0.0632115 0.0492598 0.0526985 0.0197223 0.0245905 0.0296882 0.0267131 0.0322711 0.0310709 0.0460098 0.0492705 0.0426225 0.0641350 0.0339101 0.0417831 0.0557458 0.0573173 0.0318829 0.0936629 0.0290082 0.0369569 0.0316310 0.0549636 0.0532982 0.0666597 0.0261741 0.0267641 0.0222371 0.0329724 0.0614982 0.0314139 0.0587856 0.0588317 0.0490767 0.0497986 0.1398952 0.0537322 0.0602775 0.0418394 0.0408270 
I0205_1183_Tyrannidae_Hirundinea_ferruginea               0.0550898 0.0679078 0.0753082 0.0671578 0.0422204 0.0713142 0.0923752 0.0661692 0.0640079 0.0832371 0.0953206 0.0637938 0.0473331 0.0707049 0.0390269 0.0631666 0.0479769 0.0154839 0.0551810 0.0000000 0.0594493 0.0406303 0.0577433 0.0581568 0.0553753 0.0654527 0.0580027 0.1001011 0.0511485 0.0566785 0.0567535 0.0216206 0.0219044 0.0710472 0.0735931 0.0653452 0.0558630 0.0373320 0.0916576 0.0204604 0.1025577 0.0206659 0.0205185 0.1133486 0.1068720 0.1112525 0.0520921 0.0666098 0.0767102 0.0619137 0.0394055 0.0197546 0.0579470 0.0719484 0.0214713 0.0393722 0.0671591 0.0672699 0.0580296 0.0158093 0.0710002 0.0594549 0.0602024 0.1017540 0.0204328 0.0817660 0.0750657 0.0574394 0.0660093 0.0902170 0.0815603 0.0689042 0.0962452 0.0881961 0.0399266 0.0206816 0.0635235 0.0591673 0.0210613 0.0946404 0.0529214 0.0563095 0.0585333 0.0703759 0.0697732 0.0722687 0.0720237 0.0547144 0.0520672 0.0749128 0.1027699 0.0718682 0.0701811 0.0654360 0.0541686 0.0805458 0.0648855 0.0811629 0.0966335 0.0549940 0.0838222 0.0574833 0.0554191 0.0561016 0.0671950 0.0662038 0.0773416 0.0665887 0.0607512 0.0585966 0.0658259 0.0730256 0.0995083 0.0613101 0.0756831 0.0982926 0.0593881 0.0542314 0.0387316 0.0765695 0.0578485 0.0489054 0.0544915 0.0868866 0.0709780 0.0548478 0.0596574 0.0561856 0.0408801 0.0669581 0.0662828 0.0838116 0.0571535 0.0604446 0.0679427 0.0543816 0.0700593 0.0973027 0.0815942 0.0655369 0.0474016 0.0613111 0.0723480 0.0634142 0.0543689 0.0575462 0.0540311 0.0707499 0.0586719 0.0778839 0.0617575 0.0552982 0.0929692 0.0446517 0.0215625 0.0512219 0.0569958 0.0588808 0.0589640 0.0617106 0.0611719 0.0729635 0.0762029 0.0712981 0.0905785 0.0625310 0.0723913 0.0392360 0.0154003 0.0606993 0.1176794 0.0589169 0.0650808 0.0625920 0.0431551 0.0458410 0.0961393 0.0576655 0.0555289 0.0540514 0.0606633 0.0895795 0.0614014 0.0497844 0.0516962 0.0448419 0.0403058 0.1671870 0.0460397 0.0514306 0.0702174 0.0652588 
