37
Burramyidae_Burramys_parvus                  0.0000000 0.0642749 0.0385166 0.0493680 0.0497723 0.0571166 0.0437862 0.0404862 0.0512612 0.0523855 0.0400775 0.0585568 0.0598964 0.0419584 0.0456740 0.0605939 0.0562314 0.0575997 0.0583751 0.0492397 0.0527906 0.0657975 0.0681001 0.0569967 0.0489162 0.0526330 0.0420806 0.0470694 0.0612381 0.0487706 0.0398604 0.0606797 0.0576816 0.0569248 0.0298989 0.0543083 0.0298989 
Notoryctidae_Notoryctes_typhlops             0.0642749 0.0000000 0.0577864 0.0712193 0.0694210 0.0674184 0.0688154 0.0667576 0.0729125 0.0647611 0.0684522 0.0672313 0.0689636 0.0682409 0.0692607 0.0693253 0.0678136 0.0708304 0.0673510 0.0724782 0.0712877 0.0688996 0.0718101 0.0656410 0.0692491 0.0679776 0.0650460 0.0713483 0.0787330 0.0710461 0.0670054 0.0714171 0.0684775 0.0673155 0.0303125 0.0766553 0.0303125 
Vombatidae_Lasiorhinus_latifrons             0.0385166 0.0577864 0.0000000 0.0453174 0.0444657 0.0547475 0.0470695 0.0441162 0.0478009 0.0475834 0.0449841 0.0570825 0.0585568 0.0449778 0.0466145 0.0587780 0.0539332 0.0565677 0.0525274 0.0454981 0.0505397 0.0598793 0.0637055 0.0532648 0.0493986 0.0471660 0.0417530 0.0456993 0.0585767 0.0489925 0.0440666 0.0554890 0.0553234 0.0498918 0.0437588 0.0549782 0.0437588 
Potoroidae_Bettongia_penicillata             0.0493680 0.0712193 0.0453174 0.0000000 0.0031501 0.0659626 0.0551719 0.0517405 0.0126690 0.0615502 0.0515927 0.0692168 0.0705618 0.0527959 0.0538716 0.0706296 0.0650363 0.0700513 0.0668101 0.0229928 0.0594135 0.0710899 0.0761314 0.0679416 0.0374050 0.0586390 0.0535895 0.0223558 0.0702191 0.0566142 0.0518877 0.0690236 0.0658329 0.0650840 0.0126814 0.0539968 0.0126814 
Potoroidae_Bettongia_lesueur                 0.0497723 0.0694210 0.0444657 0.0031501 0.0000000 0.0660384 0.0543859 0.0509539 0.0124055 0.0607191 0.0523469 0.0692981 0.0703888 0.0519719 0.0530752 0.0707101 0.0651762 0.0694699 0.0660259 0.0230393 0.0589046 0.0704239 0.0756449 0.0677168 0.0371620 0.0569377 0.0529451 0.0226871 0.0697420 0.0557868 0.0510628 0.0678589 0.0655889 0.0642589 0.0169533 0.0543584 0.0169533 
Dasyuridae_Dasyurus_maculatus                0.0571166 0.0674184 0.0547475 0.0659626 0.0660384 0.0000000 0.0616662 0.0605251 0.0682532 0.0609531 0.0608252 0.0131466 0.0180877 0.0623628 0.0614469 0.0151182 0.0049137 0.0198506 0.0657800 0.0690896 0.0664096 0.0697387 0.0725686 0.0115657 0.0658781 0.0592010 0.0577558 0.0676785 0.0707998 0.0662167 0.0598313 0.0646276 0.0046141 0.0662111 0.0084240 0.0674855 0.0084240 
Phalangeridae_Trichosurus_vulpecula          0.0437862 0.0688154 0.0470695 0.0551719 0.0543859 0.0616662 0.0000000 0.0187691 0.0564196 0.0580187 0.0202172 0.0625800 0.0632985 0.0202212 0.0478150 0.0644267 0.0607873 0.0615164 0.0635454 0.0520354 0.0567154 0.0702545 0.0737531 0.0618067 0.0540776 0.0548274 0.0475657 0.0507226 0.0629830 0.0508699 0.0178899 0.0639643 0.0615645 0.0624595 0.0211905 0.0498274 0.0211905 
Phalangeridae_Spilocuscus_maculatus          0.0404862 0.0667576 0.0441162 0.0517405 0.0509539 0.0605251 0.0187691 0.0000000 0.0536446 0.0569733 0.0109245 0.0603916 0.0621455 0.0090358 0.0470557 0.0632811 0.0597731 0.0608894 0.0620278 0.0501012 0.0545652 0.0667349 0.0699379 0.0602332 0.0521753 0.0534057 0.0474421 0.0487938 0.0624766 0.0507642 0.0078637 0.0631498 0.0613785 0.0605933 0.0255344 0.0505033 0.0255344 
Potoroidae_Aepyprymnus_rufescens             0.0512612 0.0729125 0.0478009 0.0126690 0.0124055 0.0682532 0.0564196 0.0536446 0.0000000 0.0626201 0.0532295 0.0718284 0.0728552 0.0534607 0.0536190 0.0738385 0.0685617 0.0718937 0.0678568 0.0227127 0.0597797 0.0736689 0.0784645 0.0700062 0.0373860 0.0608624 0.0549008 0.0229611 0.0735368 0.0578748 0.0525309 0.0689827 0.0687192 0.0661089 0.0256027 0.0545810 0.0256027 
Peramelidae_Perameles_nasuta                 0.0523855 0.0647611 0.0475834 0.0615502 0.0607191 0.0609531 0.0580187 0.0569733 0.0626201 0.0000000 0.0564480 0.0621438 0.0625974 0.0581263 0.0586338 0.0630583 0.0615390 0.0611124 0.0138360 0.0615269 0.0608793 0.0687685 0.0728760 0.0594174 0.0627502 0.0538697 0.0536748 0.0607423 0.0707329 0.0607969 0.0564412 0.0156649 0.0625099 0.0012469 0.0383825 0.0713895 0.0383825 
Phalangeridae_Strigocuscus_pelengensis       0.0400775 0.0684522 0.0449841 0.0515927 0.0523469 0.0608252 0.0202172 0.0109245 0.0532295 0.0564480 0.0000000 0.0603754 0.0624690 0.0095916 0.0460422 0.0635860 0.0601697 0.0615128 0.0621602 0.0509309 0.0550584 0.0678692 0.0725563 0.0614315 0.0524060 0.0544545 0.0465068 0.0492805 0.0618275 0.0509886 0.0084289 0.0634636 0.0613507 0.0610237 0.0131856 0.0474233 0.0131856 
Dasyuridae_Phascogale_tapoatafa              0.0585568 0.0672313 0.0570825 0.0692168 0.0692981 0.0131466 0.0625800 0.0603916 0.0718284 0.0621438 0.0603754 0.0000000 0.0191123 0.0625924 0.0635769 0.0026540 0.0139985 0.0213479 0.0664596 0.0734346 0.0699208 0.0715146 0.0750355 0.0058849 0.0684665 0.0626721 0.0617331 0.0710521 0.0721865 0.0679850 0.0600008 0.0665978 0.0142435 0.0659477 0.0168896 0.0712798 0.0168896 
Dasyuridae_Sminthopsis_macroura              0.0598964 0.0689636 0.0585568 0.0705618 0.0703888 0.0180877 0.0632985 0.0621455 0.0728552 0.0625974 0.0624690 0.0191123 0.0000000 0.0637022 0.0638344 0.0212120 0.0194653 0.0169620 0.0666816 0.0724620 0.0694777 0.0705791 0.0746283 0.0191765 0.0682129 0.0636471 0.0617862 0.0713886 0.0749583 0.0678506 0.0611865 0.0673984 0.0191471 0.0671123 0.0127594 0.0662856 0.0127594 
Phalangeridae_Phalanger_orientalis           0.0419584 0.0682409 0.0449778 0.0527959 0.0519719 0.0623628 0.0202212 0.0090358 0.0534607 0.0581263 0.0095916 0.0625924 0.0637022 0.0000000 0.0463504 0.0653796 0.0615189 0.0625583 0.0642163 0.0508620 0.0564256 0.0684771 0.0725645 0.0624861 0.0526077 0.0554275 0.0475916 0.0495221 0.0642550 0.0502995 0.0028506 0.0636494 0.0628958 0.0628046 0.0254972 0.0492123 0.0254972 
Acrobatidae_Acrobates_pygmaeus               0.0456740 0.0692607 0.0466145 0.0538716 0.0530752 0.0614469 0.0478150 0.0470557 0.0536190 0.0586338 0.0460422 0.0635769 0.0638344 0.0463504 0.0000000 0.0654382 0.0611862 0.0607259 0.0614467 0.0533850 0.0462957 0.0697788 0.0744834 0.0626243 0.0540341 0.0556950 0.0399522 0.0515135 0.0572699 0.0238078 0.0445067 0.0643813 0.0623167 0.0612228 0.0427532 0.0458669 0.0427532 
Dasyuridae_Phascogale_calura                 0.0605939 0.0693253 0.0587780 0.0706296 0.0707101 0.0151182 0.0644267 0.0632811 0.0738385 0.0630583 0.0635860 0.0026540 0.0212120 0.0653796 0.0654382 0.0000000 0.0156426 0.0239188 0.0679762 0.0740758 0.0710777 0.0725447 0.0756620 0.0075408 0.0705662 0.0633553 0.0627754 0.0720412 0.0734066 0.0700772 0.0628538 0.0688727 0.0158986 0.0674752 0.0168896 0.0712095 0.0168896 
Dasyuridae_Sarcophilus_harrisii              0.0562314 0.0678136 0.0539332 0.0650363 0.0651762 0.0049137 0.0607873 0.0597731 0.0685617 0.0615390 0.0601697 0.0139985 0.0194653 0.0615189 0.0611862 0.0156426 0.0000000 0.0207312 0.0651817 0.0687705 0.0661562 0.0700889 0.0728787 0.0121233 0.0655634 0.0594952 0.0575235 0.0674210 0.0705228 0.0661555 0.0589984 0.0651754 0.0048812 0.0659565 0.0084240 0.0669782 0.0084240 
Dasyuridae_Planigale_tenuirostris            0.0575997 0.0708304 0.0565677 0.0700513 0.0694699 0.0198506 0.0615164 0.0608894 0.0718937 0.0611124 0.0615128 0.0213479 0.0169620 0.0625583 0.0607259 0.0239188 0.0207312 0.0000000 0.0657751 0.0710120 0.0678869 0.0701636 0.0763568 0.0203663 0.0672912 0.0611948 0.0595720 0.0699454 0.0715990 0.0663475 0.0596379 0.0679270 0.0204274 0.0664934 0.0171218 0.0609499 0.0171218 
Peramelidae_Echymipera_kalubu                0.0583751 0.0673510 0.0525274 0.0668101 0.0660259 0.0657800 0.0635454 0.0620278 0.0678568 0.0138360 0.0621602 0.0664596 0.0666816 0.0642163 0.0614467 0.0679762 0.0651817 0.0657751 0.0000000 0.0664733 0.0686407 0.0694296 0.0733821 0.0642661 0.0651820 0.0575734 0.0599557 0.0653377 0.0732599 0.0660508 0.0626559 0.0180295 0.0659560 0.0147780 0.0382099 0.0736811 0.0382099 
Macropodidae_Dorcopsulus_vanheurni           0.0492397 0.0724782 0.0454981 0.0229928 0.0230393 0.0690896 0.0520354 0.0501012 0.0227127 0.0615269 0.0509309 0.0734346 0.0724620 0.0508620 0.0533850 0.0740758 0.0687705 0.0710120 0.0664733 0.0000000 0.0589207 0.0720152 0.0783345 0.0698106 0.0360255 0.0582977 0.0521570 0.0089200 0.0701061 0.0571212 0.0496368 0.0676204 0.0689219 0.0628785 0.0126828 0.0580652 0.0126828 
Pseudochiridae_Pseudochirulus_forbesi        0.0527906 0.0712877 0.0505397 0.0594135 0.0589046 0.0664096 0.0567154 0.0545652 0.0597797 0.0608793 0.0550584 0.0699208 0.0694777 0.0564256 0.0462957 0.0710777 0.0661562 0.0678869 0.0686407 0.0589207 0.0000000 0.0740722 0.0798128 0.0677535 0.0610521 0.0619325 0.0318927 0.0570042 0.0555870 0.0481025 0.0542541 0.0681631 0.0669257 0.0633064 0.0476761 0.0218783 0.0476761 
Didelphidae_Didelphis_virginiana             0.0657975 0.0688996 0.0598793 0.0710899 0.0704239 0.0697387 0.0702545 0.0667349 0.0736689 0.0687685 0.0678692 0.0715146 0.0705791 0.0684771 0.0697788 0.0725447 0.0700889 0.0701636 0.0694296 0.0720152 0.0740722 0.0000000 0.0240252 0.0711994 0.0680006 0.0650309 0.0680797 0.0696500 0.0817945 0.0712544 0.0675647 0.0752692 0.0692979 0.0698424 0.0436020 0.0755101 0.0436020 
Marmosidae_Monodelphis_domestica             0.0681001 0.0718101 0.0637055 0.0761314 0.0756449 0.0725686 0.0737531 0.0699379 0.0784645 0.0728760 0.0725563 0.0750355 0.0746283 0.0725645 0.0744834 0.0756620 0.0728787 0.0763568 0.0733821 0.0783345 0.0798128 0.0240252 0.0000000 0.0753157 0.0729719 0.0716187 0.0712194 0.0762656 0.0856571 0.0761149 0.0710009 0.0795118 0.0730200 0.0733119 0.0437993 0.0810265 0.0437993 
Dasyuridae_Antechinus_stuartii               0.0569967 0.0656410 0.0532648 0.0679416 0.0677168 0.0115657 0.0618067 0.0602332 0.0700062 0.0594174 0.0614315 0.0058849 0.0191765 0.0624861 0.0626243 0.0075408 0.0121233 0.0203663 0.0642661 0.0698106 0.0677535 0.0711994 0.0753157 0.0000000 0.0662410 0.0603992 0.0591744 0.0684376 0.0678376 0.0675781 0.0595501 0.0644451 0.0123887 0.0637040 0.0076830 0.0680995 0.0076830 
Hypsiprymnodontidae_Hypsiprymnodon_moschatus 0.0489162 0.0692491 0.0493986 0.0374050 0.0371620 0.0658781 0.0540776 0.0521753 0.0373860 0.0627502 0.0524060 0.0684665 0.0682129 0.0526077 0.0540341 0.0705662 0.0655634 0.0672912 0.0651820 0.0360255 0.0610521 0.0680006 0.0729719 0.0662410 0.0000000 0.0594716 0.0546906 0.0356442 0.0729643 0.0570707 0.0510777 0.0668226 0.0653868 0.0653377 0.0084336 0.0581181 0.0084336 
Microbiotheriidae_Dromiciops_gliroides       0.0526330 0.0679776 0.0471660 0.0586390 0.0569377 0.0592010 0.0548274 0.0534057 0.0608624 0.0538697 0.0544545 0.0626721 0.0636471 0.0554275 0.0556950 0.0633553 0.0594952 0.0611948 0.0575734 0.0582977 0.0619325 0.0650309 0.0716187 0.0603992 0.0594716 0.0000000 0.0526105 0.0575223 0.0669742 0.0584631 0.0536097 0.0609548 0.0597706 0.0563868 0.0220094 0.0724006 0.0220094 
Pseudochiridae_Petauroides_volans            0.0420806 0.0650460 0.0417530 0.0535895 0.0529451 0.0577558 0.0475657 0.0474421 0.0549008 0.0536748 0.0465068 0.0617331 0.0617862 0.0475916 0.0399522 0.0627754 0.0575235 0.0595720 0.0599557 0.0521570 0.0318927 0.0680797 0.0712194 0.0591744 0.0546906 0.0526105 0.0000000 0.0503108 0.0437438 0.0439634 0.0454761 0.0615782 0.0583022 0.0568950 0.0427809 0.0335343 0.0427809 
Macropodidae_Wallabia_bicolor                0.0470694 0.0713483 0.0456993 0.0223558 0.0226871 0.0676785 0.0507226 0.0487938 0.0229611 0.0607423 0.0492805 0.0710521 0.0713886 0.0495221 0.0515135 0.0720412 0.0674210 0.0699454 0.0653377 0.0089200 0.0570042 0.0696500 0.0762656 0.0684376 0.0356442 0.0575223 0.0503108 0.0000000 0.0693786 0.0554473 0.0483118 0.0664424 0.0669268 0.0627030 0.0126828 0.0609356 0.0126828 
Tarsipedidae_Tarsipes_rostratus              0.0612381 0.0787330 0.0585767 0.0702191 0.0697420 0.0707998 0.0629830 0.0624766 0.0735368 0.0707329 0.0618275 0.0721865 0.0749583 0.0642550 0.0572699 0.0734066 0.0705228 0.0715990 0.0732599 0.0701061 0.0555870 0.0817945 0.0856571 0.0678376 0.0729643 0.0669742 0.0437438 0.0693786 0.0000000 0.0608944 0.0621027 0.0743820 0.0713494 0.0741460 0.0537138 0.0659599 0.0537138 
Acrobatidae_Distoechurus_pennatus            0.0487706 0.0710461 0.0489925 0.0566142 0.0557868 0.0662167 0.0508699 0.0507642 0.0578748 0.0607969 0.0509886 0.0679850 0.0678506 0.0502995 0.0238078 0.0700772 0.0661555 0.0663475 0.0660508 0.0571212 0.0481025 0.0712544 0.0761149 0.0675781 0.0570707 0.0584631 0.0439634 0.0554473 0.0608944 0.0000000 0.0484476 0.0676266 0.0672235 0.0648974 0.0431850 0.0508988 0.0431850 
Phalangeridae_Phalanger_carmelitae           0.0398604 0.0670054 0.0440666 0.0518877 0.0510628 0.0598313 0.0178899 0.0078637 0.0525309 0.0564412 0.0084289 0.0600008 0.0611865 0.0028506 0.0445067 0.0628538 0.0589984 0.0596379 0.0626559 0.0496368 0.0542541 0.0675647 0.0710009 0.0595501 0.0510777 0.0536097 0.0454761 0.0483118 0.0621027 0.0484476 0.0000000 0.0622410 0.0603777 0.0612429 0.0254972 0.0476399 0.0254972 
Peramelidae_Peroryctes_raffrayana            0.0606797 0.0714171 0.0554890 0.0690236 0.0678589 0.0646276 0.0639643 0.0631498 0.0689827 0.0156649 0.0634636 0.0665978 0.0673984 0.0636494 0.0643813 0.0688727 0.0651754 0.0679270 0.0180295 0.0676204 0.0681631 0.0752692 0.0795118 0.0644451 0.0668226 0.0609548 0.0615782 0.0664424 0.0743820 0.0676266 0.0622410 0.0000000 0.0651243 0.0170549 0.0223636 0.0725008 0.0223636 
Dasyuridae_Dasyurus_geffroii                 0.0576816 0.0684775 0.0553234 0.0658329 0.0655889 0.0046141 0.0615645 0.0613785 0.0687192 0.0625099 0.0613507 0.0142435 0.0191471 0.0628958 0.0623167 0.0158986 0.0048812 0.0204274 0.0659560 0.0689219 0.0669257 0.0692979 0.0730200 0.0123887 0.0653868 0.0597706 0.0583022 0.0669268 0.0713494 0.0672235 0.0603777 0.0651243 0.0000000 0.0667310 0.0084240 0.0689585 0.0084240 
Peramelidae_Perameles_gunnii                 0.0569248 0.0673155 0.0498918 0.0650840 0.0642589 0.0662111 0.0624595 0.0605933 0.0661089 0.0012469 0.0610237 0.0659477 0.0671123 0.0628046 0.0612228 0.0674752 0.0659565 0.0664934 0.0147780 0.0628785 0.0633064 0.0698424 0.0733119 0.0637040 0.0653377 0.0563868 0.0568950 0.0627030 0.0741460 0.0648974 0.0612429 0.0170549 0.0667310 0.0000000 0.0352265 0.0703151 0.0352265 
Myrmecobiidae_Myrmecobius_fasciatus1         0.0298989 0.0303125 0.0437588 0.0126814 0.0169533 0.0084240 0.0211905 0.0255344 0.0256027 0.0383825 0.0131856 0.0168896 0.0127594 0.0254972 0.0427532 0.0168896 0.0084240 0.0171218 0.0382099 0.0126828 0.0476761 0.0436020 0.0437993 0.0076830 0.0084336 0.0220094 0.0427809 0.0126828 0.0537138 0.0431850 0.0254972 0.0223636 0.0084240 0.0352265 0.0000000 0.0429812 0.0000010 
Pseudochiridae_Pseudocheirus_occidentalis    0.0543083 0.0766553 0.0549782 0.0539968 0.0543584 0.0674855 0.0498274 0.0505033 0.0545810 0.0713895 0.0474233 0.0712798 0.0662856 0.0492123 0.0458669 0.0712095 0.0669782 0.0609499 0.0736811 0.0580652 0.0218783 0.0755101 0.0810265 0.0680995 0.0581181 0.0724006 0.0335343 0.0609356 0.0659599 0.0508988 0.0476399 0.0725008 0.0689585 0.0703151 0.0429812 0.0000000 0.0429812 
Myrmecobiidae_Myrmecobius_fasciatus2         0.0298989 0.0303125 0.0437588 0.0126814 0.0169533 0.0084240 0.0211905 0.0255344 0.0256027 0.0383825 0.0131856 0.0168896 0.0127594 0.0254972 0.0427532 0.0168896 0.0084240 0.0171218 0.0382099 0.0126828 0.0476761 0.0436020 0.0437993 0.0076830 0.0084336 0.0220094 0.0427809 0.0126828 0.0537138 0.0431850 0.0254972 0.0223636 0.0084240 0.0352265 0.0000010 0.0429812 0.0000000 
