35
Burramyidae_Burramys_parvus                  0.0000000 0.0392030 0.0234048 0.0232845 0.0236289 0.0523782 0.0180937 0.0210462 0.0232132 0.0520480 0.0211685 0.0608874 0.0590389 0.0203951 0.0190923 0.0595993 0.0529989 0.0545946 0.0561367 0.0222756 0.0212595 0.0772138 0.0695179 0.0579670 0.0258446 0.0409235 0.0231964 0.0233831 0.0213077 0.0361652 0.0187559 0.0204329 0.0562992 0.0515973 0.0496718 
Notoryctidae_Notoryctes_typhlops             0.0392030 0.0000000 0.0459792 0.0477022 0.0483328 0.0818542 0.0402738 0.0437716 0.0468658 0.0763659 0.0434893 0.0815527 0.0800811 0.0438469 0.0406364 0.0798164 0.0797442 0.0809126 0.0777231 0.0445351 0.0435268 0.1184198 0.1080434 0.0805320 0.0473038 0.0558538 0.0468416 0.0479398 0.0458815 0.0629143 0.0389286 0.0456410 0.0775740 0.0791794 0.0747582 
Vombatidae_Lasiorhinus_latifrons             0.0234048 0.0459792 0.0000000 0.0324838 0.0324179 0.0660278 0.0278867 0.0304401 0.0346999 0.0614662 0.0299534 0.0704403 0.0664375 0.0289434 0.0270097 0.0662356 0.0650479 0.0649509 0.0605888 0.0319913 0.0299598 0.0773934 0.0703029 0.0651270 0.0348647 0.0429885 0.0310229 0.0336759 0.0323303 0.0459513 0.0272226 0.0298095 0.0633939 0.0632639 0.0585859 
Potoroidae_Bettongia_penicillata             0.0232845 0.0477022 0.0324838 0.0000000 0.0033824 0.0700624 0.0267183 0.0297340 0.0061446 0.0698370 0.0288318 0.0767052 0.0722988 0.0283212 0.0259921 0.0720735 0.0712599 0.0709815 0.0684738 0.0106100 0.0280339 0.0891480 0.0866441 0.0708396 0.0162276 0.0493437 0.0298324 0.0108363 0.0278779 0.0442594 0.0261322 0.0284393 0.0692154 0.0687395 0.0665896 
Potoroidae_Bettongia_lesueur                 0.0236289 0.0483328 0.0324179 0.0033824 0.0000000 0.0712280 0.0270684 0.0300811 0.0060560 0.0681824 0.0291579 0.0791080 0.0739060 0.0286407 0.0270935 0.0742929 0.0714216 0.0726020 0.0683654 0.0100707 0.0285015 0.0938440 0.0875713 0.0722799 0.0166510 0.0488331 0.0295190 0.0104025 0.0277882 0.0448952 0.0267764 0.0287589 0.0687642 0.0698418 0.0650154 
Dasyuridae_Dasyurus_maculatus                0.0523782 0.0818542 0.0660278 0.0700624 0.0712280 0.0000000 0.0584214 0.0626080 0.0691311 0.1019556 0.0645415 0.0090824 0.0139313 0.0623401 0.0586810 0.0095089 0.0036590 0.0136710 0.0943228 0.0627685 0.0633204 0.1363364 0.1288393 0.0101469 0.0668435 0.0751568 0.0658033 0.0685668 0.0651622 0.0943556 0.0605844 0.0653811 0.1001504 0.0026825 0.0999289 
Phalangeridae_Trichosurus_vulpecula          0.0180937 0.0402738 0.0278867 0.0267183 0.0270684 0.0584214 0.0000000 0.0089061 0.0263734 0.0548086 0.0096080 0.0636548 0.0597528 0.0082727 0.0203946 0.0604082 0.0561576 0.0583286 0.0566356 0.0246480 0.0214188 0.0879368 0.0802867 0.0579585 0.0266950 0.0389267 0.0237289 0.0263297 0.0208428 0.0408922 0.0219673 0.0092602 0.0570631 0.0570603 0.0536468 
Phalangeridae_Spilocuscus_maculatus          0.0210462 0.0437716 0.0304401 0.0297340 0.0300811 0.0626080 0.0089061 0.0000000 0.0289502 0.0620681 0.0044180 0.0655614 0.0675161 0.0034797 0.0243583 0.0649772 0.0621642 0.0643028 0.0644353 0.0292415 0.0250198 0.0938660 0.0849350 0.0651123 0.0324344 0.0439798 0.0252672 0.0296532 0.0242950 0.0426340 0.0248159 0.0042674 0.0670464 0.0625281 0.0620928 
Potoroidae_Aepyprymnus_rufescens             0.0232132 0.0468658 0.0346999 0.0061446 0.0060560 0.0691311 0.0263734 0.0289502 0.0000000 0.0680458 0.0286814 0.0777382 0.0739593 0.0285879 0.0255696 0.0740604 0.0726817 0.0709993 0.0690470 0.0091992 0.0275829 0.0887333 0.0855816 0.0720300 0.0154430 0.0500970 0.0297228 0.0095252 0.0270727 0.0440251 0.0262979 0.0290600 0.0689921 0.0701255 0.0657142 
Peramelidae_Perameles_nasuta                 0.0520480 0.0763659 0.0614662 0.0698370 0.0681824 0.1019556 0.0548086 0.0620681 0.0680458 0.0000000 0.0633263 0.1162290 0.0995183 0.0633231 0.0627497 0.1127605 0.1014456 0.0974861 0.0080129 0.0647904 0.0567596 0.1234134 0.1027565 0.1097448 0.0697263 0.0665071 0.0643676 0.0641832 0.0625942 0.0868974 0.0585428 0.0656970 0.0084906 0.1032527 0.0002494 
Phalangeridae_Strigocuscus_pelengensis       0.0211685 0.0434893 0.0299534 0.0288318 0.0291579 0.0645415 0.0096080 0.0044180 0.0286814 0.0633263 0.0000000 0.0671771 0.0637058 0.0039756 0.0239220 0.0643315 0.0619723 0.0660475 0.0624241 0.0278942 0.0251676 0.0939355 0.0835678 0.0634242 0.0307475 0.0441006 0.0260248 0.0284931 0.0258145 0.0438994 0.0252048 0.0048616 0.0665375 0.0630617 0.0611602 
Dasyuridae_Phascogale_tapoatafa              0.0608874 0.0815527 0.0704403 0.0767052 0.0791080 0.0090824 0.0636548 0.0655614 0.0777382 0.1162290 0.0671771 0.0000000 0.0150007 0.0680997 0.0689393 0.0027665 0.0089432 0.0137731 0.1079063 0.0717428 0.0724821 0.1393242 0.1331349 0.0071517 0.0753895 0.0826777 0.0752326 0.0771444 0.0736869 0.0988208 0.0695845 0.0714613 0.1158798 0.0096312 0.1157165 
Dasyuridae_Sminthopsis_macroura              0.0590389 0.0800811 0.0664375 0.0722988 0.0739060 0.0139313 0.0597528 0.0675161 0.0739593 0.0995183 0.0637058 0.0150007 0.0000000 0.0667584 0.0613971 0.0141111 0.0145341 0.0119709 0.0916115 0.0661547 0.0666994 0.1347743 0.1218504 0.0133380 0.0694607 0.0786864 0.0716426 0.0727994 0.0702672 0.0995143 0.0604297 0.0700605 0.0965254 0.0141771 0.0981987 
Phalangeridae_Phalanger_orientalis           0.0203951 0.0438469 0.0289434 0.0283212 0.0286407 0.0623401 0.0082727 0.0034797 0.0285879 0.0633231 0.0039756 0.0680997 0.0667584 0.0000000 0.0240028 0.0641061 0.0612494 0.0651340 0.0637261 0.0287910 0.0251276 0.0922171 0.0832614 0.0622151 0.0310152 0.0428230 0.0245635 0.0289799 0.0249476 0.0416775 0.0247115 0.0021357 0.0655465 0.0618227 0.0610048 
Acrobatidae_Acrobates_pygmaeus               0.0190923 0.0406364 0.0270097 0.0259921 0.0270935 0.0586810 0.0203946 0.0243583 0.0255696 0.0627497 0.0239220 0.0689393 0.0613971 0.0240028 0.0000000 0.0643076 0.0592053 0.0604056 0.0671167 0.0237735 0.0210487 0.0816127 0.0690420 0.0609494 0.0259197 0.0416815 0.0222530 0.0250163 0.0213851 0.0332433 0.0132620 0.0247556 0.0675427 0.0578483 0.0599648 
Dasyuridae_Phascogale_calura                 0.0595993 0.0798164 0.0662356 0.0720735 0.0742929 0.0095089 0.0604082 0.0649772 0.0740604 0.1127605 0.0643315 0.0027665 0.0141111 0.0641061 0.0643076 0.0000000 0.0088338 0.0139193 0.1022291 0.0673838 0.0668316 0.1306233 0.1251529 0.0066857 0.0718280 0.0776244 0.0702703 0.0739183 0.0710824 0.0979149 0.0657201 0.0672584 0.1086851 0.0093973 0.1102339 
Dasyuridae_Sarcophilus_harrisii              0.0529989 0.0797442 0.0650479 0.0712599 0.0714216 0.0036590 0.0561576 0.0621642 0.0726817 0.1014456 0.0619723 0.0089432 0.0145341 0.0612494 0.0592053 0.0088338 0.0000000 0.0145212 0.0921304 0.0636658 0.0628687 0.1359578 0.1262766 0.0094831 0.0688602 0.0748372 0.0664959 0.0695105 0.0645358 0.0980899 0.0610555 0.0652156 0.0981963 0.0030319 0.1004683 
Dasyuridae_Planigale_tenuirostris            0.0545946 0.0809126 0.0649509 0.0709815 0.0726020 0.0136710 0.0583286 0.0643028 0.0709993 0.0974861 0.0660475 0.0137731 0.0119709 0.0651340 0.0604056 0.0139193 0.0145212 0.0000000 0.0916911 0.0671669 0.0636908 0.1341322 0.1265572 0.0135183 0.0693835 0.0817350 0.0675018 0.0732412 0.0656315 0.1012922 0.0606639 0.0663876 0.0936977 0.0141865 0.0972403 
Peramelidae_Echymipera_kalubu                0.0561367 0.0777231 0.0605888 0.0684738 0.0683654 0.0943228 0.0566356 0.0644353 0.0690470 0.0080129 0.0624241 0.1079063 0.0916115 0.0637261 0.0671167 0.1022291 0.0921304 0.0916911 0.0000000 0.0639800 0.0593818 0.1282076 0.1040718 0.1037896 0.0716931 0.0689085 0.0680470 0.0645320 0.0659888 0.0935477 0.0619069 0.0675382 0.0063753 0.0942053 0.0080713 
Macropodidae_Dorcopsulus_vanheurni           0.0222756 0.0445351 0.0319913 0.0106100 0.0100707 0.0627685 0.0246480 0.0292415 0.0091992 0.0647904 0.0278942 0.0717428 0.0661547 0.0287910 0.0237735 0.0673838 0.0636658 0.0671669 0.0639800 0.0000000 0.0271207 0.0891944 0.0815019 0.0667460 0.0153680 0.0473821 0.0285113 0.0049364 0.0256727 0.0404987 0.0244881 0.0289841 0.0652452 0.0627948 0.0622070 
Pseudochiridae_Pseudochirulus_forbesi        0.0212595 0.0435268 0.0299598 0.0280339 0.0285015 0.0633204 0.0214188 0.0250198 0.0275829 0.0567596 0.0251676 0.0724821 0.0666994 0.0251276 0.0210487 0.0668316 0.0628687 0.0636908 0.0593818 0.0271207 0.0000000 0.0928848 0.0917166 0.0666080 0.0289624 0.0456307 0.0152694 0.0280011 0.0069086 0.0349816 0.0222166 0.0251436 0.0604086 0.0611550 0.0555562 
Didelphidae_Didelphis_virginiana             0.0772138 0.1184198 0.0773934 0.0891480 0.0938440 0.1363364 0.0879368 0.0938660 0.0887333 0.1234134 0.0939355 0.1393242 0.1347743 0.0922171 0.0816127 0.1306233 0.1359578 0.1341322 0.1282076 0.0891944 0.0928848 0.0000000 0.0203110 0.1371302 0.0977917 0.1027031 0.0943899 0.0881223 0.0978639 0.1126485 0.0904010 0.0954443 0.1218355 0.1339159 0.1235517 
Marmosidae_Monodelphis_domestica             0.0695179 0.1080434 0.0703029 0.0866441 0.0875713 0.1288393 0.0802867 0.0849350 0.0855816 0.1027565 0.0835678 0.1331349 0.1218504 0.0832614 0.0690420 0.1251529 0.1262766 0.1265572 0.1040718 0.0815019 0.0917166 0.0203110 0.0000000 0.1242876 0.0911159 0.0840565 0.0883598 0.0806585 0.0918117 0.1014099 0.0810475 0.0825567 0.1047382 0.1282198 0.1013461 
Dasyuridae_Antechinus_stuartii               0.0579670 0.0805320 0.0651270 0.0708396 0.0722799 0.0101469 0.0579585 0.0651123 0.0720300 0.1097448 0.0634242 0.0071517 0.0133380 0.0622151 0.0609494 0.0066857 0.0094831 0.0135183 0.1037896 0.0667460 0.0666080 0.1371302 0.1242876 0.0000000 0.0705775 0.0733450 0.0708721 0.0710665 0.0667887 0.0970704 0.0632756 0.0658183 0.1090480 0.0093833 0.1070351 
Hypsiprymnodontidae_Hypsiprymnodon_moschatus 0.0258446 0.0473038 0.0348647 0.0162276 0.0166510 0.0668435 0.0266950 0.0324344 0.0154430 0.0697263 0.0307475 0.0753895 0.0694607 0.0310152 0.0259197 0.0718280 0.0688602 0.0693835 0.0716931 0.0153680 0.0289624 0.0977917 0.0911159 0.0705775 0.0000000 0.0489433 0.0291914 0.0168201 0.0278562 0.0444199 0.0276749 0.0318947 0.0729809 0.0668847 0.0676472 
Microbiotheriidae_Dromiciops_gliroides       0.0409235 0.0558538 0.0429885 0.0493437 0.0488331 0.0751568 0.0389267 0.0439798 0.0500970 0.0665071 0.0441006 0.0826777 0.0786864 0.0428230 0.0416815 0.0776244 0.0748372 0.0817350 0.0689085 0.0473821 0.0456307 0.1027031 0.0840565 0.0733450 0.0489433 0.0000000 0.0460260 0.0469477 0.0462580 0.0647568 0.0469303 0.0431869 0.0702588 0.0753074 0.0656259 
Pseudochiridae_Petauroides_volans            0.0231964 0.0468416 0.0310229 0.0298324 0.0295190 0.0658033 0.0237289 0.0252672 0.0297228 0.0643676 0.0260248 0.0752326 0.0716426 0.0245635 0.0222530 0.0702703 0.0664959 0.0675018 0.0680470 0.0285113 0.0152694 0.0943899 0.0883598 0.0708721 0.0291914 0.0460260 0.0000000 0.0302655 0.0145833 0.0374395 0.0234006 0.0246284 0.0671802 0.0649577 0.0622809 
Macropodidae_Wallabia_bicolor                0.0233831 0.0479398 0.0336759 0.0108363 0.0104025 0.0685668 0.0263297 0.0296532 0.0095252 0.0641832 0.0284931 0.0771444 0.0727994 0.0289799 0.0250163 0.0739183 0.0695105 0.0732412 0.0645320 0.0049364 0.0280011 0.0881223 0.0806585 0.0710665 0.0168201 0.0469477 0.0302655 0.0000000 0.0265930 0.0432895 0.0264716 0.0294668 0.0638977 0.0685697 0.0617071 
Pseudochiridae_Pseudocheirus_occidentalis    0.0213077 0.0458815 0.0323303 0.0278779 0.0277882 0.0651622 0.0208428 0.0242950 0.0270727 0.0625942 0.0258145 0.0736869 0.0702672 0.0249476 0.0213851 0.0710824 0.0645358 0.0656315 0.0659888 0.0256727 0.0069086 0.0978639 0.0918117 0.0667887 0.0278562 0.0462580 0.0145833 0.0265930 0.0000000 0.0352614 0.0205929 0.0255829 0.0655929 0.0633235 0.0634927 
Tarsipedidae_Tarsipes_rostratus              0.0361652 0.0629143 0.0459513 0.0442594 0.0448952 0.0943556 0.0408922 0.0426340 0.0440251 0.0868974 0.0438994 0.0988208 0.0995143 0.0416775 0.0332433 0.0979149 0.0980899 0.1012922 0.0935477 0.0404987 0.0349816 0.1126485 0.1014099 0.0970704 0.0444199 0.0647568 0.0374395 0.0432895 0.0352614 0.0000000 0.0318334 0.0419651 0.0937137 0.0935713 0.0837081 
Acrobatidae_Distoechurus_pennatus            0.0187559 0.0389286 0.0272226 0.0261322 0.0267764 0.0605844 0.0219673 0.0248159 0.0262979 0.0585428 0.0252048 0.0695845 0.0604297 0.0247115 0.0132620 0.0657201 0.0610555 0.0606639 0.0619069 0.0244881 0.0222166 0.0904010 0.0810475 0.0632756 0.0276749 0.0469303 0.0234006 0.0264716 0.0205929 0.0318334 0.0000000 0.0254701 0.0640114 0.0589628 0.0571773 
Phalangeridae_Phalanger_carmelitae           0.0204329 0.0456410 0.0298095 0.0284393 0.0287589 0.0653811 0.0092602 0.0042674 0.0290600 0.0656970 0.0048616 0.0714613 0.0700605 0.0021357 0.0247556 0.0672584 0.0652156 0.0663876 0.0675382 0.0289841 0.0251436 0.0954443 0.0825567 0.0658183 0.0318947 0.0431869 0.0246284 0.0294668 0.0255829 0.0419651 0.0254701 0.0000000 0.0684574 0.0644112 0.0637792 
Peramelidae_Peroryctes_raffrayana            0.0562992 0.0775740 0.0633939 0.0692154 0.0687642 0.1001504 0.0570631 0.0670464 0.0689921 0.0084906 0.0665375 0.1158798 0.0965254 0.0655465 0.0675427 0.1086851 0.0981963 0.0936977 0.0063753 0.0652452 0.0604086 0.1218355 0.1047382 0.1090480 0.0729809 0.0702588 0.0671802 0.0638977 0.0655929 0.0937137 0.0640114 0.0684574 0.0000000 0.1006965 0.0085552 
Dasyuridae_Dasyurus_geffroii                 0.0515973 0.0791794 0.0632639 0.0687395 0.0698418 0.0026825 0.0570603 0.0625281 0.0701255 0.1032527 0.0630617 0.0096312 0.0141771 0.0618227 0.0578483 0.0093973 0.0030319 0.0141865 0.0942053 0.0627948 0.0611550 0.1339159 0.1282198 0.0093833 0.0668847 0.0753074 0.0649577 0.0685697 0.0633235 0.0935713 0.0589628 0.0644112 0.1006965 0.0000000 0.1019143 
Peramelidae_Perameles_gunnii                 0.0496718 0.0747582 0.0585859 0.0665896 0.0650154 0.0999289 0.0536468 0.0620928 0.0657142 0.0002494 0.0611602 0.1157165 0.0981987 0.0610048 0.0599648 0.1102339 0.1004683 0.0972403 0.0080713 0.0622070 0.0555562 0.1235517 0.1013461 0.1070351 0.0676472 0.0656259 0.0622809 0.0617071 0.0634927 0.0837081 0.0571773 0.0637792 0.0085552 0.1019143 0.0000000 
