37
Burramyidae_Burramys_parvus                  0.0000000 0.0831329 0.0701492 0.0677992 0.0654773 0.1204456 0.0683289 0.0691081 0.0695920 0.1049824 0.1099863 0.0575394 0.1155890 0.1094570 0.0526713 0.0619166 0.1170598 0.1213220 0.1032239 0.0985565 0.0636330 0.0635163 0.1144822 0.1066666 0.1165439 0.0670155 0.0881186 0.0583782 0.0617439 0.0624402 0.0859555 0.0573902 0.1099863 0.0533737 0.0969087 0.1235892 0.1063192 
Notoryctidae_Notoryctes_typhlops             0.0831329 0.0000000 0.0906697 0.0955751 0.0947714 0.1215467 0.1051790 0.0996974 0.0959905 0.0990398 0.1174178 0.0859634 0.1191593 0.1097545 0.0837523 0.0873267 0.1188197 0.1218758 0.1033663 0.0881886 0.0966196 0.0956803 0.1184921 0.1141170 0.1190562 0.0933729 0.0906497 0.0900952 0.0951844 0.0910984 0.1206930 0.0885946 0.1174178 0.0861249 0.0865520 0.1284800 0.0990307 
Vombatidae_Lasiorhinus_latifrons             0.0701492 0.0906697 0.0000000 0.0783858 0.0822018 0.1216270 0.0841077 0.0833804 0.0825039 0.1150683 0.0915450 0.0647798 0.1184550 0.1119321 0.0699672 0.0769727 0.1172236 0.1166165 0.1084715 0.1056462 0.0769467 0.0855746 0.1233271 0.1164844 0.1164722 0.0818042 0.1023360 0.0737951 0.0786198 0.0813637 0.0948644 0.0746748 0.0915450 0.0687195 0.1093783 0.1207260 0.1146159 
Potoroidae_Bettongia_penicillata             0.0677992 0.0955751 0.0783858 0.0000000 0.0054885 0.1299709 0.0827446 0.0810951 0.0188488 0.1200237 0.1154900 0.0662065 0.1243816 0.1191177 0.0630104 0.0825175 0.1254279 0.1284700 0.1155133 0.1119476 0.0247600 0.0818114 0.1295258 0.1232337 0.1266604 0.0439839 0.1040271 0.0703394 0.0275983 0.0767066 0.0967790 0.0756639 0.1154900 0.0631972 0.1145861 0.1357223 0.1208050 
Potoroidae_Bettongia_lesueur                 0.0654773 0.0947714 0.0822018 0.0054885 0.0000000 0.1299985 0.0834567 0.0811572 0.0184241 0.1195546 0.1223267 0.0667435 0.1243875 0.1207776 0.0634767 0.0802310 0.1242969 0.1279813 0.1160994 0.1131497 0.0247769 0.0829252 0.1277385 0.1232603 0.1268764 0.0440490 0.1041970 0.0708636 0.0263813 0.0769716 0.0985629 0.0748745 0.1223267 0.0628084 0.1135735 0.1357507 0.1203348 
Dasyuridae_Dasyurus_maculatus                0.1204456 0.1215467 0.1216270 0.1299709 0.1299985 0.0000000 0.1357562 0.1346083 0.1331722 0.1423411 0.0900800 0.1195331 0.0226376 0.0408685 0.1161500 0.1179998 0.0208660 0.0086173 0.0371661 0.1364376 0.1242307 0.1329984 0.1355663 0.1307681 0.0221880 0.1314193 0.1242557 0.1221806 0.1247418 0.1271666 0.1531721 0.1168783 0.0900800 0.1147909 0.1387431 0.0090615 0.1420463 
Phalangeridae_Trichosurus_vulpecula          0.0683289 0.1051790 0.0841077 0.0827446 0.0834567 0.1357562 0.0000000 0.0310576 0.0848111 0.1227696 0.1170115 0.0348413 0.1290732 0.1275724 0.0283683 0.0820556 0.1289238 0.1324686 0.1214592 0.1142754 0.0764008 0.0887514 0.1422782 0.1326303 0.1296721 0.0819438 0.1131332 0.0782631 0.0798781 0.0855934 0.1052656 0.0806306 0.1170115 0.0278110 0.1209146 0.1377979 0.1235828 
Phalangeridae_Spilocuscus_maculatus          0.0691081 0.0996974 0.0833804 0.0810951 0.0811572 0.1346083 0.0310576 0.0000000 0.0829174 0.1246903 0.1156215 0.0296667 0.1324220 0.1247213 0.0255079 0.0774785 0.1316439 0.1343188 0.1212422 0.1120493 0.0789030 0.0879554 0.1348735 0.1275163 0.1320584 0.0857008 0.1085038 0.0761725 0.0811287 0.0816049 0.1034427 0.0751025 0.1156215 0.0245620 0.1199451 0.1380673 0.1242198 
Potoroidae_Aepyprymnus_rufescens             0.0695920 0.0959905 0.0825039 0.0188488 0.0184241 0.1331722 0.0848111 0.0829174 0.0000000 0.1219250 0.1154900 0.0659779 0.1287529 0.1201919 0.0661766 0.0833253 0.1286694 0.1335411 0.1151433 0.1134403 0.0271683 0.0832250 0.1310531 0.1238676 0.1291853 0.0469953 0.1022229 0.0730197 0.0304620 0.0795001 0.0977184 0.0764400 0.1154900 0.0649724 0.1159829 0.1382696 0.1227106 
Peramelidae_Perameles_nasuta                 0.1049824 0.0990398 0.1150683 0.1200237 0.1195546 0.1423411 0.1227696 0.1246903 0.1219250 0.0000000 0.1313949 0.1067692 0.1398226 0.1363100 0.1019226 0.1156061 0.1397756 0.1409318 0.1311410 0.0170439 0.1212294 0.1237736 0.1435626 0.1396017 0.1362927 0.1120190 0.1089607 0.1079388 0.1171557 0.1156382 0.1393764 0.1156619 0.1313949 0.1030858 0.0174412 0.1444127 0.0010739 
Myrmecobiidae_Myrmecobius_fasciatus1         0.1099863 0.1174178 0.0915450 0.1154900 0.1223267 0.0900800 0.1170115 0.1156215 0.1154900 0.1313949 0.0000000 0.1206362 0.0610689 0.1041616 0.1305933 0.1325937 0.0615368 0.0727453 0.0546614 0.1318206 0.1223267 0.1249232 0.1388573 0.1371351 0.0943538 0.1240943 0.1115575 0.0863559 0.1166165 0.1066241 0.1768963 0.1218989 0.0000010 0.1367626 0.1142881 0.0787270 0.1313949 
Phalangeridae_Strigocuscus_pelengensis       0.0575394 0.0859634 0.0647798 0.0662065 0.0667435 0.1195331 0.0348413 0.0296667 0.0659779 0.1067692 0.1206362 0.0000000 0.1143737 0.1090893 0.0138607 0.0664129 0.1139429 0.1164921 0.1049414 0.0965068 0.0666925 0.0703780 0.1189281 0.1115565 0.1131476 0.0744602 0.0915816 0.0587969 0.0701261 0.0681881 0.0872989 0.0635896 0.1206362 0.0133710 0.1019547 0.1198912 0.1073898 
Dasyuridae_Phascogale_tapoatafa              0.1155890 0.1191593 0.1184550 0.1243816 0.1243875 0.0226376 0.1290732 0.1324220 0.1287529 0.1398226 0.0610689 0.1143737 0.0000000 0.0322237 0.1084729 0.1200382 0.0031875 0.0170224 0.0311141 0.1366768 0.1192049 0.1315248 0.1400176 0.1355812 0.0086419 0.1275045 0.1288499 0.1175964 0.1184207 0.1226486 0.1486975 0.1185589 0.0610689 0.1082776 0.1376858 0.0206204 0.1394343 
Dasyuridae_Sminthopsis_macroura              0.1094570 0.1097545 0.1119321 0.1191177 0.1207776 0.0408685 0.1275724 0.1247213 0.1201919 0.1363100 0.1041616 0.1090893 0.0322237 0.0000000 0.1075220 0.1193891 0.0322822 0.0396843 0.0196000 0.1299475 0.1174520 0.1272953 0.1327468 0.1303841 0.0327381 0.1275774 0.1170070 0.1122594 0.1186061 0.1221208 0.1461494 0.1139804 0.1041616 0.1055029 0.1339900 0.0424289 0.1360101 
Phalangeridae_Phalanger_orientalis           0.0526713 0.0837523 0.0699672 0.0630104 0.0634767 0.1161500 0.0283683 0.0255079 0.0661766 0.1019226 0.1305933 0.0138607 0.1084729 0.1075220 0.0000000 0.0609807 0.1084315 0.1112989 0.1033043 0.0926774 0.0633925 0.0703942 0.1196258 0.1108692 0.1089926 0.0680084 0.0897804 0.0601947 0.0651546 0.0660690 0.0848362 0.0592155 0.1305933 0.0044090 0.0960336 0.1184667 0.1026236 
Acrobatidae_Acrobates_pygmaeus               0.0619166 0.0873267 0.0769727 0.0825175 0.0802310 0.1179998 0.0820556 0.0774785 0.0833253 0.1156061 0.1325937 0.0664129 0.1200382 0.1193891 0.0609807 0.0000000 0.1205071 0.1216546 0.1101467 0.1041412 0.0716130 0.0661759 0.1215567 0.1133363 0.1164984 0.0775750 0.0980127 0.0566350 0.0740146 0.0628979 0.0840102 0.0361710 0.1325937 0.0622829 0.1057872 0.1216168 0.1147554 
Dasyuridae_Phascogale_calura                 0.1170598 0.1188197 0.1172236 0.1254279 0.1242969 0.0208660 0.1289238 0.1316439 0.1286694 0.1397756 0.0615368 0.1139429 0.0031875 0.0322822 0.1084315 0.1205071 0.0000000 0.0154646 0.0308428 0.1348760 0.1186281 0.1329749 0.1378942 0.1343381 0.0086380 0.1277340 0.1283763 0.1168180 0.1173602 0.1242727 0.1491303 0.1189044 0.0615368 0.1085543 0.1358638 0.0198927 0.1394476 
Dasyuridae_Sarcophilus_harrisii              0.1213220 0.1218758 0.1166165 0.1284700 0.1279813 0.0086173 0.1324686 0.1343188 0.1335411 0.1409318 0.0727453 0.1164921 0.0170224 0.0396843 0.1112989 0.1216546 0.0154646 0.0000000 0.0366853 0.1349949 0.1221900 0.1346466 0.1300507 0.1273068 0.0173500 0.1318059 0.1262918 0.1213644 0.1227193 0.1264387 0.1525248 0.1187749 0.0727453 0.1099491 0.1383378 0.0074973 0.1405540 
Dasyuridae_Planigale_tenuirostris            0.1032239 0.1033663 0.1084715 0.1155133 0.1160994 0.0371661 0.1214592 0.1212422 0.1151433 0.1311410 0.0546614 0.1049414 0.0311141 0.0196000 0.1033043 0.1101467 0.0308428 0.0366853 0.0000000 0.1255391 0.1131918 0.1151029 0.1301065 0.1252875 0.0303538 0.1193066 0.1129576 0.1038916 0.1153162 0.1123785 0.1381025 0.1043759 0.0546614 0.1015948 0.1264029 0.0405484 0.1305340 
Peramelidae_Echymipera_kalubu                0.0985565 0.0881886 0.1056462 0.1119476 0.1131497 0.1364376 0.1142754 0.1120493 0.1134403 0.0170439 0.1318206 0.0965068 0.1366768 0.1299475 0.0926774 0.1041412 0.1348760 0.1349949 0.1255391 0.0000000 0.1148342 0.1134112 0.1384107 0.1342952 0.1332925 0.1063075 0.1010035 0.0986710 0.1114141 0.1054677 0.1263954 0.1052549 0.1318206 0.0938417 0.0128139 0.1404279 0.0174509 
Macropodidae_Dorcopsulus_vanheurni           0.0636330 0.0966196 0.0769467 0.0247600 0.0247769 0.1242307 0.0764008 0.0789030 0.0271683 0.1212294 0.1223267 0.0666925 0.1192049 0.1174520 0.0633925 0.0716130 0.1186281 0.1221900 0.1131918 0.1148342 0.0000000 0.0752719 0.1239712 0.1181635 0.1201774 0.0383003 0.1040986 0.0620853 0.0085782 0.0702460 0.0885778 0.0710647 0.1223267 0.0626603 0.1155607 0.1287029 0.1218729 
Pseudochiridae_Pseudochirulus_forbesi        0.0635163 0.0956803 0.0855746 0.0818114 0.0829252 0.1329984 0.0887514 0.0879554 0.0832250 0.1237736 0.1249232 0.0703780 0.1315248 0.1272953 0.0703942 0.0661759 0.1329749 0.1346466 0.1151029 0.1134112 0.0752719 0.0000000 0.1314375 0.1256733 0.1281741 0.0797081 0.1008873 0.0372147 0.0790992 0.0215184 0.0844544 0.0704842 0.1249232 0.0705749 0.1134177 0.1382231 0.1245820 
Didelphidae_Didelphis_virginiana             0.1144822 0.1184921 0.1233271 0.1295258 0.1277385 0.1355663 0.1422782 0.1348735 0.1310531 0.1435626 0.1388573 0.1189281 0.1400176 0.1327468 0.1196258 0.1215567 0.1378942 0.1300507 0.1301065 0.1384107 0.1239712 0.1314375 0.0000000 0.0374418 0.1377571 0.1222845 0.1298543 0.1184077 0.1225024 0.1298419 0.1545104 0.1181414 0.1388573 0.1217654 0.1359365 0.1343482 0.1443600 
Marmosidae_Monodelphis_domestica             0.1066666 0.1141170 0.1164844 0.1232337 0.1232603 0.1307681 0.1326303 0.1275163 0.1238676 0.1396017 0.1371351 0.1115565 0.1355812 0.1303841 0.1108692 0.1133363 0.1343381 0.1273068 0.1252875 0.1342952 0.1181635 0.1256733 0.0374418 0.0000000 0.1352282 0.1171929 0.1203494 0.1109862 0.1169107 0.1207805 0.1431184 0.1128170 0.1371351 0.1105142 0.1297669 0.1300984 0.1391444 
Dasyuridae_Antechinus_stuartii               0.1165439 0.1190562 0.1164722 0.1266604 0.1268764 0.0221880 0.1296721 0.1320584 0.1291853 0.1362927 0.0943538 0.1131476 0.0086419 0.0327381 0.1089926 0.1164984 0.0086380 0.0173500 0.0303538 0.1332925 0.1201774 0.1281741 0.1377571 0.1352282 0.0000000 0.1257553 0.1237102 0.1135140 0.1212497 0.1206082 0.1494678 0.1189146 0.0943538 0.1071030 0.1359168 0.0209973 0.1356893 
Hypsiprymnodontidae_Hypsiprymnodon_moschatus 0.0670155 0.0933729 0.0818042 0.0439839 0.0440490 0.1314193 0.0819438 0.0857008 0.0469953 0.1120190 0.1240943 0.0744602 0.1275045 0.1275774 0.0680084 0.0775750 0.1277340 0.1318059 0.1193066 0.1063075 0.0383003 0.0797081 0.1222845 0.1171929 0.1257553 0.0000000 0.1022811 0.0683772 0.0404340 0.0746905 0.0930050 0.0745594 0.1240943 0.0681530 0.1054044 0.1366509 0.1127732 
Microbiotheriidae_Dromiciops_gliroides       0.0881186 0.0906497 0.1023360 0.1040271 0.1041970 0.1242557 0.1131332 0.1085038 0.1022229 0.1089607 0.1115575 0.0915816 0.1288499 0.1170070 0.0897804 0.0980127 0.1283763 0.1262918 0.1129576 0.1010035 0.1040986 0.1008873 0.1298543 0.1203494 0.1237102 0.1022811 0.0000000 0.0917293 0.1012928 0.0963570 0.1196731 0.1001123 0.1115575 0.0913014 0.1052230 0.1300727 0.1095241 
Pseudochiridae_Petauroides_volans            0.0583782 0.0900952 0.0737951 0.0703394 0.0708636 0.1221806 0.0782631 0.0761725 0.0730197 0.1079388 0.0863559 0.0587969 0.1175964 0.1122594 0.0601947 0.0566350 0.1168180 0.1213644 0.1038916 0.0986710 0.0620853 0.0372147 0.1184077 0.1109862 0.1135140 0.0683772 0.0917293 0.0000000 0.0654017 0.0329761 0.0721697 0.0581128 0.0863559 0.0591882 0.0987144 0.1242258 0.1085439 
Macropodidae_Wallabia_bicolor                0.0617439 0.0951844 0.0786198 0.0275983 0.0263813 0.1247418 0.0798781 0.0811287 0.0304620 0.1171557 0.1166165 0.0701261 0.1184207 0.1186061 0.0651546 0.0740146 0.1173602 0.1227193 0.1153162 0.1114141 0.0085782 0.0790992 0.1225024 0.1169107 0.1212497 0.0404340 0.1012928 0.0654017 0.0000000 0.0724970 0.0901043 0.0697022 0.1166165 0.0648361 0.1107102 0.1289960 0.1179271 
Pseudochiridae_Pseudocheirus_occidentalis    0.0624402 0.0910984 0.0813637 0.0767066 0.0769716 0.1271666 0.0855934 0.0816049 0.0795001 0.1156382 0.1066241 0.0681881 0.1226486 0.1221208 0.0660690 0.0628979 0.1242727 0.1264387 0.1123785 0.1054677 0.0702460 0.0215184 0.1298419 0.1207805 0.1206082 0.0746905 0.0963570 0.0329761 0.0724970 0.0000000 0.0802325 0.0656579 0.1066241 0.0652689 0.1083076 0.1298876 0.1164150 
Tarsipedidae_Tarsipes_rostratus              0.0859555 0.1206930 0.0948644 0.0967790 0.0985629 0.1531721 0.1052656 0.1034427 0.0977184 0.1393764 0.1768963 0.0872989 0.1486975 0.1461494 0.0848362 0.0840102 0.1491303 0.1525248 0.1381025 0.1263954 0.0885778 0.0844544 0.1545104 0.1431184 0.1494678 0.0930050 0.1196731 0.0721697 0.0901043 0.0802325 0.0000000 0.0859925 0.1768963 0.0853803 0.1310497 0.1524783 0.1388745 
Acrobatidae_Distoechurus_pennatus            0.0573902 0.0885946 0.0746748 0.0756639 0.0748745 0.1168783 0.0806306 0.0751025 0.0764400 0.1156619 0.1218989 0.0635896 0.1185589 0.1139804 0.0592155 0.0361710 0.1189044 0.1187749 0.1043759 0.1052549 0.0710647 0.0704842 0.1181414 0.1128170 0.1189146 0.0745594 0.1001123 0.0581128 0.0697022 0.0656579 0.0859925 0.0000000 0.1218989 0.0604892 0.1053374 0.1186433 0.1162968 
Myrmecobiidae_Myrmecobius_fasciatus2         0.1099863 0.1174178 0.0915450 0.1154900 0.1223267 0.0900800 0.1170115 0.1156215 0.1154900 0.1313949 0.0000010 0.1206362 0.0610689 0.1041616 0.1305933 0.1325937 0.0615368 0.0727453 0.0546614 0.1318206 0.1223267 0.1249232 0.1388573 0.1371351 0.0943538 0.1240943 0.1115575 0.0863559 0.1166165 0.1066241 0.1768963 0.1218989 0.0000000 0.1367626 0.1142881 0.0787270 0.1313949 
Phalangeridae_Phalanger_carmelitae           0.0533737 0.0861249 0.0687195 0.0631972 0.0628084 0.1147909 0.0278110 0.0245620 0.0649724 0.1030858 0.1367626 0.0133710 0.1082776 0.1055029 0.0044090 0.0622829 0.1085543 0.1099491 0.1015948 0.0938417 0.0626603 0.0705749 0.1217654 0.1105142 0.1071030 0.0681530 0.0913014 0.0591882 0.0648361 0.0652689 0.0853803 0.0604892 0.1367626 0.0000000 0.0982787 0.1170814 0.1038057 
Peramelidae_Peroryctes_raffrayana            0.0969087 0.0865520 0.1093783 0.1145861 0.1135735 0.1387431 0.1209146 0.1199451 0.1159829 0.0174412 0.1142881 0.1019547 0.1376858 0.1339900 0.0960336 0.1057872 0.1358638 0.1383378 0.1264029 0.0128139 0.1155607 0.1134177 0.1359365 0.1297669 0.1359168 0.1054044 0.1052230 0.0987144 0.1107102 0.1083076 0.1310497 0.1053374 0.1142881 0.0982787 0.0000000 0.1443458 0.0178491 
Dasyuridae_Dasyurus_geffroii                 0.1235892 0.1284800 0.1207260 0.1357223 0.1357507 0.0090615 0.1377979 0.1380673 0.1382696 0.1444127 0.0787270 0.1198912 0.0206204 0.0424289 0.1184667 0.1216168 0.0198927 0.0074973 0.0405484 0.1404279 0.1287029 0.1382231 0.1343482 0.1300984 0.0209973 0.1366509 0.1300727 0.1242258 0.1289960 0.1298876 0.1524783 0.1186433 0.0787270 0.1170814 0.1443458 0.0000000 0.1440357 
Peramelidae_Perameles_gunnii                 0.1063192 0.0990307 0.1146159 0.1208050 0.1203348 0.1420463 0.1235828 0.1242198 0.1227106 0.0010739 0.1313949 0.1073898 0.1394343 0.1360101 0.1026236 0.1147554 0.1394476 0.1405540 0.1305340 0.0174509 0.1218729 0.1245820 0.1443600 0.1391444 0.1356893 0.1127732 0.1095241 0.1085439 0.1179271 0.1164150 0.1388745 0.1162968 0.1313949 0.1038057 0.0178491 0.1440357 0.0000000 
