37
Burramyidae_Burramys_parvus                  0.0000000 0.0964445 0.0738326 0.0706014 0.0723014 0.1069338 0.0556197 0.0738223 0.0729924 0.1153524 0.0648742 0.1141948 0.1046205 0.0670997 0.0864312 0.1144407 0.1038503 0.1058576 0.1128856 0.0759122 0.0821579 0.1450572 0.1303542 0.1129478 0.0670814 0.1104097 0.0825263 0.0752782 0.0836656 0.1289640 0.0767603 0.0656417 0.1175283 0.1111009 0.1136408 9.0000000 9.0000000 
Notoryctidae_Notoryctes_typhlops             0.0964445 0.0000000 0.1030892 0.0888504 0.0881400 0.1030498 0.0704868 0.1031738 0.0881498 0.1044824 0.0823055 0.1107655 0.1034494 0.0839646 0.0889721 0.1056359 0.0995260 0.0934559 0.1049677 0.0877386 0.0811402 0.1208148 0.1169002 0.1067629 0.0786855 0.1061911 0.0873698 0.0852537 0.0851267 0.1383871 0.0802416 0.0832999 0.1072519 0.1035480 0.1058080 0.0319441 0.0319441 
Vombatidae_Lasiorhinus_latifrons             0.0738326 0.1030892 0.0000000 0.0894173 0.0885742 0.1186846 0.0684046 0.0835814 0.0885920 0.1183820 0.0783296 0.1280169 0.1195415 0.0761676 0.0913471 0.1261238 0.1141080 0.1161979 0.1171078 0.0924984 0.0929025 0.1494542 0.1352295 0.1280202 0.0826782 0.1220415 0.0978656 0.0906831 0.0968198 0.1374644 0.0874940 0.0760291 0.1165920 0.1257943 0.1174011 9.0000000 9.0000000 
Potoroidae_Bettongia_penicillata             0.0706014 0.0888504 0.0894173 0.0000000 0.0029648 0.1084653 0.0639288 0.0883936 0.0075794 0.1043617 0.0725906 0.1194331 0.1061150 0.0777897 0.0786753 0.1156269 0.1070205 0.1046721 0.1027288 0.0168532 0.0787942 0.1412055 0.1275430 0.1130027 0.0276488 0.1019328 0.0806092 0.0177336 0.0852156 0.1202957 0.0728715 0.0774374 0.1056295 0.1109844 0.1045769 0.0278497 0.0278497 
Potoroidae_Bettongia_lesueur                 0.0723014 0.0881400 0.0885742 0.0029648 0.0000000 0.1101628 0.0631240 0.0881031 0.0071461 0.1056840 0.0723125 0.1199815 0.1097897 0.0774560 0.0785959 0.1144747 0.1075291 0.1069723 0.1039815 0.0165329 0.0801404 0.1408148 0.1307922 0.1136207 0.0282676 0.1016520 0.0808631 0.0174028 0.0850509 0.1221337 0.0741328 0.0776829 0.1069387 0.1115662 0.1058383 0.0292061 0.0292061 
Dasyuridae_Dasyurus_maculatus                0.1069338 0.1030498 0.1186846 0.1084653 0.1101628 0.0000000 0.0975436 0.1255538 0.1113503 0.1269513 0.1027155 0.0224328 0.0305163 0.1080809 0.1162381 0.0219595 0.0073137 0.0305889 0.1233522 0.1089800 0.1076979 0.1418190 0.1274257 0.0254619 0.1024279 0.1159059 0.1164356 0.1105064 0.1114210 0.1494533 0.1078596 0.1071090 0.1251679 0.0041343 0.1270768 0.0376928 0.0376928 
Phalangeridae_Trichosurus_vulpecula          0.0556197 0.0704868 0.0684046 0.0639288 0.0631240 0.0975436 0.0000000 0.0259760 0.0638279 0.0920325 0.0183232 0.1073040 0.0963967 0.0183953 0.0663770 0.1042459 0.0989893 0.0961578 0.0913223 0.0610454 0.0628055 0.1123456 0.1119236 0.1043037 0.0539445 0.0960652 0.0650131 0.0598760 0.0672748 0.1079335 0.0631451 0.0201721 0.0924159 0.0970845 0.0915052 0.0326517 0.0326517 
Phalangeridae_Spilocuscus_maculatus          0.0738223 0.1031738 0.0835814 0.0883936 0.0881031 0.1255538 0.0259760 0.0000000 0.0884957 0.1229301 0.0129119 0.1311396 0.1187507 0.0119813 0.0857235 0.1294103 0.1209591 0.1206277 0.1245239 0.0873503 0.0843284 0.1442518 0.1358727 0.1287107 0.0807984 0.1282923 0.0888215 0.0880174 0.0859251 0.1416797 0.0780551 0.0119497 0.1262104 0.1234242 0.1233923 9.0000000 9.0000000 
Potoroidae_Aepyprymnus_rufescens             0.0729924 0.0881498 0.0885920 0.0075794 0.0071461 0.1113503 0.0638279 0.0884957 0.0000000 0.1049896 0.0725145 0.1198281 0.1096839 0.0794506 0.0824252 0.1159792 0.1098848 0.1054789 0.1063704 0.0190757 0.0810963 0.1413308 0.1302377 0.1132117 0.0294454 0.1021751 0.0834126 0.0200231 0.0864140 0.1218151 0.0729406 0.0796759 0.1082008 0.1140012 0.1049716 0.0356996 0.0356996 
Peramelidae_Perameles_nasuta                 0.1153524 0.1044824 0.1183820 0.1043617 0.1056840 0.1269513 0.0920325 0.1229301 0.1049896 0.0000000 0.1056121 0.1350451 0.1281036 0.1056698 0.1059673 0.1309550 0.1234402 0.1314069 0.0107081 0.1040879 0.1101784 0.1452272 0.1453114 0.1381186 0.0972026 0.1286328 0.1158685 0.1039908 0.1111262 0.1540254 0.1055666 0.1045958 0.0128479 0.1274770 0.0011887 0.0378585 0.0378585 
Phalangeridae_Strigocuscus_pelengensis       0.0648742 0.0823055 0.0783296 0.0725906 0.0723125 0.1027155 0.0183232 0.0129119 0.0725145 0.1056121 0.0000000 0.1089248 0.0988311 0.0082259 0.0694115 0.1071204 0.1000847 0.0991183 0.1079866 0.0718482 0.0723476 0.1215374 0.1170704 0.1069633 0.0641627 0.1056637 0.0747374 0.0717174 0.0758686 0.1185439 0.0689154 0.0088919 0.1094742 0.1018833 0.1076274 0.0384374 0.0384374 
Dasyuridae_Phascogale_tapoatafa              0.1141948 0.1107655 0.1280169 0.1194331 0.1199815 0.0224328 0.1073040 0.1311396 0.1198281 0.1350451 0.1089248 0.0000000 0.0356604 0.1123305 0.1197465 0.0026734 0.0217197 0.0320458 0.1282536 0.1193044 0.1158314 0.1507008 0.1390290 0.0094648 0.1124906 0.1183283 0.1218136 0.1213787 0.1172051 0.1535977 0.1121849 0.1106360 0.1322699 0.0224754 0.1358013 0.0423621 0.0423621 
Dasyuridae_Sminthopsis_macroura              0.1046205 0.1034494 0.1195415 0.1061150 0.1097897 0.0305163 0.0963967 0.1187507 0.1096839 0.1281036 0.0988311 0.0356604 0.0000000 0.1042171 0.1142203 0.0363245 0.0308228 0.0178828 0.1253731 0.1099103 0.1089464 0.1387420 0.1359970 0.0397540 0.0995905 0.1148470 0.1151712 0.1096785 0.1131839 0.1507969 0.1035311 0.1013913 0.1259260 0.0316317 0.1283963 0.0473630 0.0473630 
Phalangeridae_Phalanger_orientalis           0.0670997 0.0839646 0.0761676 0.0777897 0.0774560 0.1080809 0.0183953 0.0119813 0.0794506 0.1056698 0.0082259 0.1123305 0.1042171 0.0000000 0.0717830 0.1100266 0.1029835 0.1019954 0.1086948 0.0775527 0.0708443 0.1209650 0.1163635 0.1101828 0.0677947 0.1031272 0.0730483 0.0774623 0.0733329 0.1194648 0.0683046 0.0039136 0.1073630 0.1041952 0.1070720 0.0419750 0.0419750 
Acrobatidae_Acrobates_pygmaeus               0.0864312 0.0889721 0.0913471 0.0786753 0.0785959 0.1162381 0.0663770 0.0857235 0.0824252 0.1059673 0.0694115 0.1197465 0.1142203 0.0717830 0.0000000 0.1189348 0.1135917 0.1100997 0.1041715 0.0785655 0.0662228 0.1295217 0.1139582 0.1220815 0.0711564 0.1121512 0.0682852 0.0755556 0.0666265 0.1170378 0.0325415 0.0702616 0.1055896 0.1185011 0.1043271 0.0331748 0.0331748 
Dasyuridae_Phascogale_calura                 0.1144407 0.1056359 0.1261238 0.1156269 0.1144747 0.0219595 0.1042459 0.1294103 0.1159792 0.1309550 0.1071204 0.0026734 0.0363245 0.1100266 0.1189348 0.0000000 0.0215868 0.0335714 0.1241718 0.1157987 0.1108375 0.1470170 0.1360827 0.0094545 0.1093059 0.1156771 0.1160749 0.1172271 0.1115658 0.1499895 0.1095690 0.1090128 0.1281936 0.0226680 0.1316208 0.0351655 0.0351655 
Dasyuridae_Sarcophilus_harrisii              0.1038503 0.0995260 0.1141080 0.1070205 0.1075291 0.0073137 0.0989893 0.1209591 0.1098848 0.1234402 0.1000847 0.0217197 0.0308228 0.1029835 0.1135917 0.0215868 0.0000000 0.0308900 0.1229005 0.1068794 0.1074215 0.1384420 0.1243285 0.0258436 0.1003908 0.1204678 0.1164381 0.1077495 0.1087501 0.1445158 0.1058975 0.1020318 0.1247237 0.0071623 0.1248809 0.0417308 0.0417308 
Dasyuridae_Planigale_tenuirostris            0.1058576 0.0934559 0.1161979 0.1046721 0.1069723 0.0305889 0.0961578 0.1206277 0.1054789 0.1314069 0.0991183 0.0320458 0.0178828 0.1019954 0.1100997 0.0335714 0.0308900 0.0000000 0.1258328 0.1079539 0.1068989 0.1256347 0.1168853 0.0365452 0.1016302 0.1117700 0.1122165 0.1071057 0.1099935 0.1413284 0.0981949 0.0990417 0.1274278 0.0332912 0.1321216 0.0383481 0.0383481 
Peramelidae_Echymipera_kalubu                0.1128856 0.1049677 0.1171078 0.1027288 0.1039815 0.1233522 0.0913223 0.1245239 0.1063704 0.0107081 0.1079866 0.1282536 0.1253731 0.1086948 0.1041715 0.1241718 0.1229005 0.1258328 0.0000000 0.1019571 0.1096659 0.1462845 0.1454325 0.1339723 0.0950637 0.1226072 0.1128389 0.0993555 0.1126862 0.1473702 0.1058532 0.1095202 0.0086335 0.1265630 0.0104843 0.0422082 0.0422082 
Macropodidae_Dorcopsulus_vanheurni           0.0759122 0.0877386 0.0924984 0.0168532 0.0165329 0.1089800 0.0610454 0.0873503 0.0190757 0.1040879 0.0718482 0.1193044 0.1099103 0.0775527 0.0785655 0.1157987 0.1068794 0.1079539 0.1019571 0.0000000 0.0754090 0.1320951 0.1253169 0.1125059 0.0315071 0.1008839 0.0753006 0.0052608 0.0783855 0.1173128 0.0723306 0.0784351 0.1036025 0.1090041 0.1034755 0.0279736 0.0279736 
Pseudochiridae_Pseudochirulus_forbesi        0.0821579 0.0811402 0.0929025 0.0787942 0.0801404 0.1076979 0.0628055 0.0843284 0.0810963 0.1101784 0.0723476 0.1158314 0.1089464 0.0708443 0.0662228 0.1108375 0.1074215 0.1068989 0.1096659 0.0754090 0.0000000 0.1255043 0.1220366 0.1105770 0.0739562 0.1115536 0.0312115 0.0773470 0.0153025 0.0879325 0.0544270 0.0710838 0.1114054 0.1107791 0.1090357 0.0326331 0.0326331 
Didelphidae_Didelphis_virginiana             0.1450572 0.1208148 0.1494542 0.1412055 0.1408148 0.1418190 0.1123456 0.1442518 0.1413308 0.1452272 0.1215374 0.1507008 0.1387420 0.1209650 0.1295217 0.1470170 0.1384420 0.1256347 0.1462845 0.1320951 0.1255043 0.0000000 0.0452452 0.1505458 0.1264849 0.1386461 0.1313692 0.1348557 0.1265743 0.1626800 0.1196996 0.1207016 0.1478256 0.1414547 0.1452375 0.0338778 0.0338778 
Marmosidae_Monodelphis_domestica             0.1303542 0.1169002 0.1352295 0.1275430 0.1307922 0.1274257 0.1119236 0.1358727 0.1302377 0.1453114 0.1170704 0.1390290 0.1359970 0.1163635 0.1139582 0.1360827 0.1243285 0.1168853 0.1454325 0.1253169 0.1220366 0.0452452 0.0000000 0.1342505 0.1156196 0.1363334 0.1243382 0.1254487 0.1197386 0.1586984 0.1158200 0.1168584 0.1484154 0.1283085 0.1439353 0.0377843 0.0377843 
Dasyuridae_Antechinus_stuartii               0.1129478 0.1067629 0.1280202 0.1130027 0.1136207 0.0254619 0.1043037 0.1287107 0.1132117 0.1381186 0.1069633 0.0094648 0.0397540 0.1101828 0.1220815 0.0094545 0.0258436 0.0365452 0.1339723 0.1125059 0.1105770 0.1505458 0.1342505 0.0000000 0.1081333 0.1224955 0.1155771 0.1126723 0.1092117 0.1464983 0.1121344 0.1077896 0.1341123 0.0258223 0.1397946 0.0388045 0.0388045 
Hypsiprymnodontidae_Hypsiprymnodon_moschatus 0.0670814 0.0786855 0.0826782 0.0276488 0.0282676 0.1024279 0.0539445 0.0807984 0.0294454 0.0972026 0.0641627 0.1124906 0.0995905 0.0677947 0.0711564 0.1093059 0.1003908 0.1016302 0.0950637 0.0315071 0.0739562 0.1264849 0.1156196 0.1081333 0.0000000 0.1006191 0.0725061 0.0319757 0.0763314 0.1186849 0.0630931 0.0691036 0.0970579 0.1043831 0.0973466 0.0337194 0.0337194 
Microbiotheriidae_Dromiciops_gliroides       0.1104097 0.1061911 0.1220415 0.1019328 0.1016520 0.1159059 0.0960652 0.1282923 0.1021751 0.1286328 0.1056637 0.1183283 0.1148470 0.1031272 0.1121512 0.1156771 0.1204678 0.1117700 0.1226072 0.1008839 0.1115536 0.1386461 0.1363334 0.1224955 0.1006191 0.0000000 0.1054834 0.0963397 0.1081323 0.1418787 0.1015123 0.1035412 0.1233135 0.1218044 0.1285874 0.0284108 0.0284108 
Pseudochiridae_Petauroides_volans            0.0825263 0.0873698 0.0978656 0.0806092 0.0808631 0.1164356 0.0650131 0.0888215 0.0834126 0.1158685 0.0747374 0.1218136 0.1151712 0.0730483 0.0682852 0.1160749 0.1164381 0.1122165 0.1128389 0.0753006 0.0312115 0.1313692 0.1243382 0.1155771 0.0725061 0.1054834 0.0000000 0.0779218 0.0309620 0.0949551 0.0617783 0.0731957 0.1150214 0.1198460 0.1165158 0.0369152 0.0369152 
Macropodidae_Wallabia_bicolor                0.0752782 0.0852537 0.0906831 0.0177336 0.0174028 0.1105064 0.0598760 0.0880174 0.0200231 0.1039908 0.0717174 0.1213787 0.1096785 0.0774623 0.0755556 0.1172271 0.1077495 0.1071057 0.0993555 0.0052608 0.0773470 0.1348557 0.1254487 0.1126723 0.0319757 0.0963397 0.0779218 0.0000000 0.0791588 0.1198176 0.0731049 0.0783483 0.0986877 0.1118582 0.1035150 0.0257919 0.0257919 
Pseudochiridae_Pseudocheirus_occidentalis    0.0836656 0.0851267 0.0968198 0.0852156 0.0850509 0.1114210 0.0672748 0.0859251 0.0864140 0.1111262 0.0758686 0.1172051 0.1131839 0.0733329 0.0666265 0.1115658 0.1087501 0.1099935 0.1126862 0.0783855 0.0153025 0.1265743 0.1197386 0.1092117 0.0763314 0.1081323 0.0309620 0.0791588 0.0000000 0.0918737 0.0585118 0.0724673 0.1125858 0.1151754 0.1100406 0.0348631 0.0348631 
Tarsipedidae_Tarsipes_rostratus              0.1289640 0.1383871 0.1374644 0.1202957 0.1221337 0.1494533 0.1079335 0.1416797 0.1218151 0.1540254 0.1185439 0.1535977 0.1507969 0.1194648 0.1170378 0.1499895 0.1445158 0.1413284 0.1473702 0.1173128 0.0879325 0.1626800 0.1586984 0.1464983 0.1186849 0.1418787 0.0949551 0.1198176 0.0918737 0.0000000 0.1101416 0.1211139 0.1516252 0.1530254 0.1534365 0.0443120 0.0443120 
Acrobatidae_Distoechurus_pennatus            0.0767603 0.0802416 0.0874940 0.0728715 0.0741328 0.1078596 0.0631451 0.0780551 0.0729406 0.1055666 0.0689154 0.1121849 0.1035311 0.0683046 0.0325415 0.1095690 0.1058975 0.0981949 0.1058532 0.0723306 0.0544270 0.1196996 0.1158200 0.1121344 0.0630931 0.1015123 0.0617783 0.0731049 0.0585118 0.1101416 0.0000000 0.0681764 0.1020694 0.1088635 0.1045046 0.0409337 0.0409337 
Phalangeridae_Phalanger_carmelitae           0.0656417 0.0832999 0.0760291 0.0774374 0.0776829 0.1071090 0.0201721 0.0119497 0.0796759 0.1045958 0.0088919 0.1106360 0.1013913 0.0039136 0.0702616 0.1090128 0.1020318 0.0990417 0.1095202 0.0784351 0.0710838 0.1207016 0.1168584 0.1077896 0.0691036 0.1035412 0.0731957 0.0783483 0.0724673 0.1211139 0.0681764 0.0000000 0.1076294 0.1013555 0.1079012 0.0470369 0.0470369 
Peramelidae_Peroryctes_raffrayana            0.1175283 0.1072519 0.1165920 0.1056295 0.1069387 0.1251679 0.0924159 0.1262104 0.1082008 0.0128479 0.1094742 0.1322699 0.1259260 0.1073630 0.1055896 0.1281936 0.1247237 0.1274278 0.0086335 0.1036025 0.1114054 0.1478256 0.1484154 0.1341123 0.0970579 0.1233135 0.1150214 0.0986877 0.1125858 0.1516252 0.1020694 0.1076294 0.0000000 0.1283936 0.0133790 0.0425137 0.0425137 
Dasyuridae_Dasyurus_geffroii                 0.1111009 0.1035480 0.1257943 0.1109844 0.1115662 0.0041343 0.0970845 0.1234242 0.1140012 0.1274770 0.1018833 0.0224754 0.0316317 0.1041952 0.1185011 0.0226680 0.0071623 0.0332912 0.1265630 0.1090041 0.1107791 0.1414547 0.1283085 0.0258223 0.1043831 0.1218044 0.1198460 0.1118582 0.1151754 0.1530254 0.1088635 0.1013555 0.1283936 0.0000000 0.1278696 0.0381732 0.0381732 
Peramelidae_Perameles_gunnii                 0.1136408 0.1058080 0.1174011 0.1045769 0.1058383 0.1270768 0.0915052 0.1233923 0.1049716 0.0011887 0.1076274 0.1358013 0.1283963 0.1070720 0.1043271 0.1316208 0.1248809 0.1321216 0.0104843 0.1034755 0.1090357 0.1452375 0.1439353 0.1397946 0.0973466 0.1285874 0.1165158 0.1035150 0.1100406 0.1534365 0.1045046 0.1079012 0.0133790 0.1278696 0.0000000 0.0449304 0.0449304 
Vombatidae_Vombatus_ursinus1                 9.0000000 0.0319441 9.0000000 0.0278497 0.0292061 0.0376928 0.0326517 9.0000000 0.0356996 0.0378585 0.0384374 0.0423621 0.0473630 0.0419750 0.0331748 0.0351655 0.0417308 0.0383481 0.0422082 0.0279736 0.0326331 0.0338778 0.0377843 0.0388045 0.0337194 0.0284108 0.0369152 0.0257919 0.0348631 0.0443120 0.0409337 0.0470369 0.0425137 0.0381732 0.0449304 0.0000000 0.0000010 
Vombatidae_Vombatus_ursinus2                 9.0000000 0.0319441 9.0000000 0.0278497 0.0292061 0.0376928 0.0326517 9.0000000 0.0356996 0.0378585 0.0384374 0.0423621 0.0473630 0.0419750 0.0331748 0.0351655 0.0417308 0.0383481 0.0422082 0.0279736 0.0326331 0.0338778 0.0377843 0.0388045 0.0337194 0.0284108 0.0369152 0.0257919 0.0348631 0.0443120 0.0409337 0.0470369 0.0425137 0.0381732 0.0449304 0.0000010 0.0000000 
