37
Burramyidae_Burramys_parvus                  0.0000000 0.1041208 0.0645331 0.0558716 0.0683705 0.0990647 0.0579550 0.0695333 0.0832003 0.0886155 0.0675220 0.0771058 0.1054571 0.0713847 0.0800247 0.0807006 0.0991563 0.0856489 0.1135301 0.0608729 0.0868211 0.1026671 0.1040110 0.0774811 0.0697425 0.0634856 0.0742704 0.0604338 0.0996207 0.1019360 0.0742697 0.0655705 0.0759328 0.0918495 0.0893691 0.2607228 0.2607228 
Notoryctidae_Notoryctes_typhlops             0.1041208 0.0000000 0.1054497 0.0891706 0.0984811 0.1209505 0.1014100 0.1065894 0.1225045 0.1080488 0.1087762 0.0988873 0.1285825 0.1065370 0.1086226 0.1015266 0.1163154 0.1136155 0.1252981 0.0933436 0.1161913 0.1223378 0.1275061 0.1010063 0.1079019 0.0863753 0.1064724 0.0937263 0.1354196 0.1315652 0.1077305 0.1073729 0.1048778 0.1146702 0.1101181 0.2737043 0.2737043 
Vombatidae_Lasiorhinus_latifrons             0.0645331 0.1054497 0.0000000 0.0550847 0.0622003 0.0815458 0.0577707 0.0668612 0.0707132 0.0811837 0.0659383 0.0720579 0.0976907 0.0642304 0.0677890 0.0705705 0.0802182 0.0827214 0.1012763 0.0601433 0.0723786 0.0838499 0.0877427 0.0708117 0.0652122 0.0589384 0.0596196 0.0552044 0.0861865 0.0893127 0.0645071 0.0661178 0.0783592 0.0746895 0.0810282 0.5038464 0.5038464 
Potoroidae_Bettongia_penicillata             0.0558716 0.0891706 0.0550847 0.0000000 0.0173456 0.0914448 0.0574388 0.0662811 0.0238577 0.0790856 0.0644099 0.0741812 0.0989425 0.0674934 0.0702638 0.0748511 0.0895511 0.0764249 0.1001765 0.0191557 0.0760501 0.0900078 0.0897738 0.0724799 0.0416529 0.0524569 0.0662141 0.0213061 0.0911268 0.0921906 0.0688444 0.0653655 0.0692847 0.0815470 0.0798740 0.2464108 0.2464108 
Potoroidae_Bettongia_lesueur                 0.0683705 0.0984811 0.0622003 0.0173456 0.0000000 0.0946229 0.0687230 0.0758072 0.0311387 0.0867708 0.0736279 0.0799967 0.1053552 0.0779494 0.0774939 0.0806609 0.0908182 0.0849848 0.1107784 0.0301536 0.0835203 0.0982672 0.0951632 0.0780092 0.0509363 0.0617064 0.0705052 0.0217671 0.0992248 0.0956051 0.0763467 0.0763884 0.0788042 0.0842675 0.0870899 0.4165559 0.4165559 
Dasyuridae_Dasyurus_maculatus                0.0990647 0.1209505 0.0815458 0.0914448 0.0946229 0.0000000 0.0950093 0.1114536 0.0955837 0.1063130 0.1106893 0.0271792 0.0528139 0.1100865 0.1015210 0.0260688 0.0213957 0.0433070 0.1313338 0.0886719 0.1167863 0.1120400 0.1170290 0.0274474 0.1044157 0.0721491 0.1056399 0.0884393 0.1409143 0.1287036 0.1066521 0.1086852 0.0914069 0.0105417 0.1070339 0.5455453 0.5455453 
Phalangeridae_Trichosurus_vulpecula          0.0579550 0.1014100 0.0577707 0.0574388 0.0687230 0.0950093 0.0000000 0.0312709 0.0770703 0.0887137 0.0402173 0.0742792 0.1009727 0.0407524 0.0660490 0.0792451 0.0916621 0.0793390 0.1068290 0.0607221 0.0765984 0.0959133 0.0991915 0.0783940 0.0684947 0.0657803 0.0678826 0.0635828 0.0879772 0.1001499 0.0687621 0.0320188 0.0719819 0.0827108 0.0894655 0.3706140 0.3706140 
Phalangeridae_Spilocuscus_maculatus          0.0695333 0.1065894 0.0668612 0.0662811 0.0758072 0.1114536 0.0312709 0.0000000 0.0907576 0.0933065 0.0255797 0.0826438 0.1122807 0.0297275 0.0813645 0.0893208 0.1065450 0.0883458 0.1125889 0.0679458 0.0841367 0.1023210 0.1076323 0.0874038 0.0788245 0.0714568 0.0762536 0.0683999 0.0994065 0.1076148 0.0742034 0.0185685 0.0818199 0.0979561 0.0949098 0.3093144 0.3093144 
Potoroidae_Aepyprymnus_rufescens             0.0832003 0.1225045 0.0707132 0.0238577 0.0311387 0.0955837 0.0770703 0.0907576 0.0000000 0.1050542 0.0893731 0.0975820 0.1244347 0.0888664 0.0899399 0.0982906 0.1027229 0.1010750 0.1342433 0.0324291 0.1019492 0.1071327 0.1057884 0.0923698 0.0586018 0.0725175 0.0870601 0.0366676 0.1206605 0.1060911 0.0895165 0.0896037 0.0953339 0.0865750 0.1060918 1.0668890 1.0668890 
Peramelidae_Perameles_nasuta                 0.0886155 0.1080488 0.0811837 0.0790856 0.0867708 0.1063130 0.0887137 0.0933065 0.1050542 0.0000000 0.0908111 0.0831355 0.0998125 0.1015040 0.0967390 0.0854774 0.1043905 0.0956418 0.0341986 0.0799253 0.0909405 0.0980962 0.0964246 0.0847423 0.0922614 0.0573509 0.0852605 0.0769413 0.1126412 0.1057256 0.0913046 0.0959809 0.0215915 0.0940465 0.0021610 0.3554957 0.3554957 
Phalangeridae_Strigocuscus_pelengensis       0.0675220 0.1087762 0.0659383 0.0644099 0.0736279 0.1106893 0.0402173 0.0255797 0.0893731 0.0908111 0.0000000 0.0854067 0.1108506 0.0342534 0.0747482 0.0894263 0.1040119 0.0865920 0.1118240 0.0678369 0.0846382 0.1001857 0.1022288 0.0905165 0.0809308 0.0653733 0.0711664 0.0685049 0.0989044 0.1023419 0.0735499 0.0277524 0.0812690 0.0973373 0.0928824 0.2997301 0.2997301 
Dasyuridae_Phascogale_tapoatafa              0.0771058 0.0988873 0.0720579 0.0741812 0.0799967 0.0271792 0.0742792 0.0826438 0.0975820 0.0831355 0.0854067 0.0000000 0.0333131 0.0855740 0.0866392 0.0032564 0.0348497 0.0256004 0.1069688 0.0742009 0.0899554 0.0943632 0.0963441 0.0086167 0.0848124 0.0559781 0.0862873 0.0725088 0.1144568 0.1053020 0.0845890 0.0806114 0.0750355 0.0213204 0.0832479 0.0258683 0.0258683 
Dasyuridae_Sminthopsis_macroura              0.1054571 0.1285825 0.0976907 0.0989425 0.1053552 0.0528139 0.1009727 0.1122807 0.1244347 0.0998125 0.1108506 0.0333131 0.0000000 0.1189011 0.1068739 0.0342303 0.0555053 0.0380531 0.1261449 0.1001587 0.1169884 0.1136739 0.1167884 0.0342017 0.1116392 0.0727996 0.1087811 0.0972347 0.1442753 0.1232438 0.1072216 0.1116481 0.0931908 0.0423494 0.1000219 0.0459850 0.0459850 
Phalangeridae_Phalanger_orientalis           0.0713847 0.1065370 0.0642304 0.0674934 0.0779494 0.1100865 0.0407524 0.0297275 0.0888664 0.1015040 0.0342534 0.0855740 0.1189011 0.0000000 0.0867939 0.0924578 0.1057406 0.0908997 0.1216492 0.0687034 0.0927855 0.1116809 0.1092012 0.0920087 0.0820813 0.0707397 0.0791575 0.0731682 0.1063922 0.1072316 0.0821485 0.0200036 0.0817087 0.1014616 0.1040802 0.4032544 0.4032544 
Acrobatidae_Acrobates_pygmaeus               0.0800247 0.1086226 0.0677890 0.0702638 0.0774939 0.1015210 0.0660490 0.0813645 0.0899399 0.0967390 0.0747482 0.0866392 0.1068739 0.0867939 0.0000000 0.0878577 0.0943541 0.0853072 0.1159346 0.0665533 0.0689030 0.0992485 0.0992341 0.0852920 0.0803763 0.0567562 0.0602146 0.0704170 0.0885124 0.0963662 0.0446836 0.0825171 0.0819981 0.0932765 0.0983442 0.4180188 0.4180188 
Dasyuridae_Phascogale_calura                 0.0807006 0.1015266 0.0705705 0.0748511 0.0806609 0.0260688 0.0792451 0.0893208 0.0982906 0.0854774 0.0894263 0.0032564 0.0342303 0.0924578 0.0878577 0.0000000 0.0357052 0.0246994 0.1094611 0.0761087 0.0939917 0.0952268 0.0968080 0.0073472 0.0870934 0.0537762 0.0880578 0.0741387 0.1158884 0.1093467 0.0879515 0.0868746 0.0756034 0.0204467 0.0856009 0.0258925 0.0258925 
Dasyuridae_Sarcophilus_harrisii              0.0991563 0.1163154 0.0802182 0.0895511 0.0908182 0.0213957 0.0916621 0.1065450 0.1027229 0.1043905 0.1040119 0.0348497 0.0555053 0.1057406 0.0943541 0.0357052 0.0000000 0.0450502 0.1313946 0.0883204 0.1062188 0.1045620 0.1076880 0.0345527 0.1035413 0.0697482 0.0957312 0.0868975 0.1312160 0.1237347 0.0993544 0.1036709 0.0904570 0.0148835 0.1050898 0.4297983 0.4297983 
Dasyuridae_Planigale_tenuirostris            0.0856489 0.1136155 0.0827214 0.0764249 0.0849848 0.0433070 0.0793390 0.0883458 0.1010750 0.0956418 0.0865920 0.0256004 0.0380531 0.0908997 0.0853072 0.0246994 0.0450502 0.0000000 0.1156839 0.0797409 0.0974427 0.0970694 0.0976972 0.0252222 0.0878694 0.0598847 0.0915801 0.0782206 0.1165569 0.1103747 0.0900373 0.0871872 0.0837598 0.0340315 0.0967327 0.0912818 0.0912818 
Peramelidae_Echymipera_kalubu                0.1135301 0.1252981 0.1012763 0.1001765 0.1107784 0.1313338 0.1068290 0.1125889 0.1342433 0.0341986 0.1118240 0.1069688 0.1261449 0.1216492 0.1159346 0.1094611 0.1313946 0.1156839 0.0000000 0.1069404 0.1173953 0.1160403 0.1187238 0.1077569 0.1138698 0.0834684 0.1071023 0.1073147 0.1385803 0.1380051 0.1101195 0.1137114 0.0318344 0.1217907 0.0350040 0.3729099 0.3729099 
Macropodidae_Dorcopsulus_vanheurni           0.0608729 0.0933436 0.0601433 0.0191557 0.0301536 0.0886719 0.0607221 0.0679458 0.0324291 0.0799253 0.0678369 0.0742009 0.1001587 0.0687034 0.0665533 0.0761087 0.0883204 0.0797409 0.1069404 0.0000000 0.0768025 0.0892285 0.0865060 0.0732530 0.0439870 0.0546923 0.0659196 0.0129428 0.0926128 0.0952786 0.0689510 0.0675893 0.0718969 0.0813446 0.0818916 0.2903060 0.2903060 
Pseudochiridae_Pseudochirulus_forbesi        0.0868211 0.1161913 0.0723786 0.0760501 0.0835203 0.1167863 0.0765984 0.0841367 0.1019492 0.0909405 0.0846382 0.0899554 0.1169884 0.0927855 0.0689030 0.0939917 0.1062188 0.0974427 0.1173953 0.0768025 0.0000000 0.1051723 0.1082238 0.0952133 0.0865255 0.0704331 0.0405259 0.0778464 0.0485040 0.0950129 0.0652967 0.0854808 0.0850913 0.1067773 0.0913669 0.3061851 0.3061851 
Didelphidae_Didelphis_virginiana             0.1026671 0.1223378 0.0838499 0.0900078 0.0982672 0.1120400 0.0959133 0.1023210 0.1071327 0.0980962 0.1001857 0.0943632 0.1136739 0.1116809 0.0992485 0.0952268 0.1045620 0.0970694 0.1160403 0.0892285 0.1051723 0.0000000 0.0406162 0.0957483 0.1027094 0.0738356 0.0937521 0.0905049 0.1258743 0.1205764 0.0942541 0.1044383 0.0881765 0.0978478 0.0997730 0.4405751 0.4405751 
Marmosidae_Monodelphis_domestica             0.1040110 0.1275061 0.0877427 0.0897738 0.0951632 0.1170290 0.0991915 0.1076323 0.1057884 0.0964246 0.1022288 0.0963441 0.1167884 0.1092012 0.0992341 0.0968080 0.1076880 0.0976972 0.1187238 0.0865060 0.1082238 0.0406162 0.0000000 0.0993723 0.1083870 0.0673031 0.0899996 0.0915159 0.1254259 0.1199302 0.1027132 0.1089449 0.0855885 0.1019518 0.0990741 0.3302926 0.3302926 
Dasyuridae_Antechinus_stuartii               0.0774811 0.1010063 0.0708117 0.0724799 0.0780092 0.0274474 0.0783940 0.0874038 0.0923698 0.0847423 0.0905165 0.0086167 0.0342017 0.0920087 0.0852920 0.0073472 0.0345527 0.0252222 0.1077569 0.0732530 0.0952133 0.0957483 0.0993723 0.0000000 0.0845729 0.0543439 0.0903545 0.0712494 0.1181909 0.1060476 0.0849846 0.0852432 0.0776595 0.0207673 0.0843925 0.0137877 0.0137877 
Hypsiprymnodontidae_Hypsiprymnodon_moschatus 0.0697425 0.1079019 0.0652122 0.0416529 0.0509363 0.1044157 0.0684947 0.0788245 0.0586018 0.0922614 0.0809308 0.0848124 0.1116392 0.0820813 0.0803763 0.0870934 0.1035413 0.0878694 0.1138698 0.0439870 0.0865255 0.1027094 0.1083870 0.0845729 0.0000000 0.0682972 0.0789900 0.0406578 0.1002676 0.1088692 0.0787234 0.0805331 0.0817210 0.0939330 0.0938442 0.4691990 0.4691990 
Microbiotheriidae_Dromiciops_gliroides       0.0634856 0.0863753 0.0589384 0.0524569 0.0617064 0.0721491 0.0657803 0.0714568 0.0725175 0.0573509 0.0653733 0.0559781 0.0727996 0.0707397 0.0567562 0.0537762 0.0697482 0.0598847 0.0834684 0.0546923 0.0704331 0.0738356 0.0673031 0.0543439 0.0682972 0.0000000 0.0569138 0.0513343 0.0833665 0.0730575 0.0555473 0.0680145 0.0578604 0.0594570 0.0578533 0.3417151 0.3417151 
Pseudochiridae_Petauroides_volans            0.0742704 0.1064724 0.0596196 0.0662141 0.0705052 0.1056399 0.0678826 0.0762536 0.0870601 0.0852605 0.0711664 0.0862873 0.1087811 0.0791575 0.0602146 0.0880578 0.0957312 0.0915801 0.1071023 0.0659196 0.0405259 0.0937521 0.0899996 0.0903545 0.0789900 0.0569138 0.0000000 0.0682897 0.0579384 0.0848377 0.0611439 0.0747488 0.0756628 0.0922743 0.0850195 0.4181838 0.4181838 
Macropodidae_Wallabia_bicolor                0.0604338 0.0937263 0.0552044 0.0213061 0.0217671 0.0884393 0.0635828 0.0683999 0.0366676 0.0769413 0.0685049 0.0725088 0.0972347 0.0731682 0.0704170 0.0741387 0.0868975 0.0782206 0.1073147 0.0129428 0.0778464 0.0905049 0.0915159 0.0712494 0.0406578 0.0513343 0.0682897 0.0000000 0.0933088 0.0933593 0.0667972 0.0693722 0.0718048 0.0798398 0.0789575 0.1109042 0.1109042 
Pseudochiridae_Pseudocheirus_occidentalis    0.0996207 0.1354196 0.0861865 0.0911268 0.0992248 0.1409143 0.0879772 0.0994065 0.1206605 0.1126412 0.0989044 0.1144568 0.1442753 0.1063922 0.0885124 0.1158884 0.1312160 0.1165569 0.1385803 0.0926128 0.0485040 0.1258743 0.1254259 0.1181909 0.1002676 0.0833665 0.0579384 0.0933088 0.0000000 0.1125907 0.0854052 0.0991034 0.1036607 0.1270136 0.1126626 0.3873140 0.3873140 
Tarsipedidae_Tarsipes_rostratus              0.1019360 0.1315652 0.0893127 0.0921906 0.0956051 0.1287036 0.1001499 0.1076148 0.1060911 0.1057256 0.1023419 0.1053020 0.1232438 0.1072316 0.0963662 0.1093467 0.1237347 0.1103747 0.1380051 0.0952786 0.0950129 0.1205764 0.1199302 0.1060476 0.1088692 0.0730575 0.0848377 0.0933593 0.1125907 0.0000000 0.0888750 0.1074139 0.0972645 0.1142098 0.1076014 0.2809338 0.2809338 
Acrobatidae_Distoechurus_pennatus            0.0742697 0.1077305 0.0645071 0.0688444 0.0763467 0.1066521 0.0687621 0.0742034 0.0895165 0.0913046 0.0735499 0.0845890 0.1072216 0.0821485 0.0446836 0.0879515 0.0993544 0.0900373 0.1101195 0.0689510 0.0652967 0.0942541 0.1027132 0.0849846 0.0787234 0.0555473 0.0611439 0.0667972 0.0854052 0.0888750 0.0000000 0.0749283 0.0812414 0.0925477 0.0928876 0.4423908 0.4423908 
Phalangeridae_Phalanger_carmelitae           0.0655705 0.1073729 0.0661178 0.0653655 0.0763884 0.1086852 0.0320188 0.0185685 0.0896037 0.0959809 0.0277524 0.0806114 0.1116481 0.0200036 0.0825171 0.0868746 0.1036709 0.0871872 0.1137114 0.0675893 0.0854808 0.1044383 0.1089449 0.0852432 0.0805331 0.0680145 0.0747488 0.0693722 0.0991034 0.1074139 0.0749283 0.0000000 0.0813972 0.0970564 0.0967704 0.2706280 0.2706280 
Peramelidae_Peroryctes_raffrayana            0.0759328 0.1048778 0.0783592 0.0692847 0.0788042 0.0914069 0.0719819 0.0818199 0.0953339 0.0215915 0.0812690 0.0750355 0.0931908 0.0817087 0.0819981 0.0756034 0.0904570 0.0837598 0.0318344 0.0718969 0.0850913 0.0881765 0.0855885 0.0776595 0.0817210 0.0578604 0.0756628 0.0718048 0.1036607 0.0972645 0.0812414 0.0813972 0.0000000 0.0848403 0.0223141 0.3922748 0.3922748 
Dasyuridae_Dasyurus_geffroii                 0.0918495 0.1146702 0.0746895 0.0815470 0.0842675 0.0105417 0.0827108 0.0979561 0.0865750 0.0940465 0.0973373 0.0213204 0.0423494 0.1014616 0.0932765 0.0204467 0.0148835 0.0340315 0.1217907 0.0813446 0.1067773 0.0978478 0.1019518 0.0207673 0.0939330 0.0594570 0.0922743 0.0798398 0.1270136 0.1142098 0.0925477 0.0970564 0.0848403 0.0000000 0.0938252 0.2319433 0.2319433 
Peramelidae_Perameles_gunnii                 0.0893691 0.1101181 0.0810282 0.0798740 0.0870899 0.1070339 0.0894655 0.0949098 0.1060918 0.0021610 0.0928824 0.0832479 0.1000219 0.1040802 0.0983442 0.0856009 0.1050898 0.0967327 0.0350040 0.0818916 0.0913669 0.0997730 0.0990741 0.0843925 0.0938442 0.0578533 0.0850195 0.0789575 0.1126626 0.1076014 0.0928876 0.0967704 0.0223141 0.0938252 0.0000000 0.3676736 0.3676736 
Myrmecobiidae_Myrmecobius_fasciatus1         0.2607228 0.2737043 0.5038464 0.2464108 0.4165559 0.5455453 0.3706140 0.3093144 1.0668890 0.3554957 0.2997301 0.0258683 0.0459850 0.4032544 0.4180188 0.0258925 0.4297983 0.0912818 0.3729099 0.2903060 0.3061851 0.4405751 0.3302926 0.0137877 0.4691990 0.3417151 0.4181838 0.1109042 0.3873140 0.2809338 0.4423908 0.2706280 0.3922748 0.2319433 0.3676736 0.0000000 0.0000010 
Myrmecobiidae_Myrmecobius_fasciatus2         0.2607228 0.2737043 0.5038464 0.2464108 0.4165559 0.5455453 0.3706140 0.3093144 1.0668890 0.3554957 0.2997301 0.0258683 0.0459850 0.4032544 0.4180188 0.0258925 0.4297983 0.0912818 0.3729099 0.2903060 0.3061851 0.4405751 0.3302926 0.0137877 0.4691990 0.3417151 0.4181838 0.1109042 0.3873140 0.2809338 0.4423908 0.2706280 0.3922748 0.2319433 0.3676736 0.0000010 0.0000000 
