35
Burramyidae_Burramys_parvus                  0.0000000 0.0354492 0.0259933 0.0379963 0.0333874 0.0486665 0.0264105 0.0279927 0.0338989 0.0653949 0.0309287 0.0525791 0.0510733 0.0280741 0.0409952 0.0531403 0.0498022 0.0392140 0.0718897 0.0320860 0.0458341 0.0603651 0.0513125 0.0297839 0.0491082 0.0505229 0.0316830 0.0409736 0.0491802 0.0379812 0.0280722 0.0715584 0.0507486 0.0662552 0.0566365 
Notoryctidae_Notoryctes_typhlops             0.0354492 0.0000000 0.0383165 0.0466787 0.0459793 0.0537264 0.0412878 0.0442837 0.0445836 0.0516886 0.0489871 0.0554868 0.0576236 0.0447960 0.0446268 0.0565423 0.0562837 0.0531432 0.0545480 0.0438855 0.0490805 0.0559668 0.0560496 0.0422051 0.0452133 0.0543667 0.0429008 0.0469926 0.0597039 0.0430098 0.0468742 0.0559037 0.0542485 0.0521624 0.0616299 
Vombatidae_Lasiorhinus_latifrons             0.0259933 0.0383165 0.0000000 0.0413010 0.0397270 0.0481746 0.0294666 0.0319277 0.0384830 0.0651880 0.0340995 0.0501891 0.0531715 0.0332309 0.0405963 0.0507359 0.0475462 0.0380461 0.0702542 0.0355495 0.0495233 0.0583813 0.0491712 0.0349746 0.0462658 0.0485116 0.0355593 0.0446059 0.0521320 0.0393439 0.0344929 0.0680669 0.0483814 0.0648656 0.0522530 
Potoroidae_Bettongia_penicillata             0.0379963 0.0466787 0.0413010 0.0000000 0.0044679 0.0620708 0.0452129 0.0478061 0.0086532 0.0676892 0.0511575 0.0632282 0.0674272 0.0465494 0.0544532 0.0638340 0.0642016 0.0476640 0.0723213 0.0173274 0.0563444 0.0759232 0.0637302 0.0246014 0.0533227 0.0588420 0.0172990 0.0546603 0.0563860 0.0526733 0.0492175 0.0725978 0.0622603 0.0683119 0.0712552 
Potoroidae_Bettongia_lesueur                 0.0333874 0.0459793 0.0397270 0.0044679 0.0000000 0.0613492 0.0426639 0.0452213 0.0063077 0.0711025 0.0485242 0.0629332 0.0671107 0.0439216 0.0527574 0.0635352 0.0633924 0.0474990 0.0738006 0.0148298 0.0563254 0.0740469 0.0635001 0.0220145 0.0519208 0.0570938 0.0144401 0.0535293 0.0557469 0.0504789 0.0457281 0.0749515 0.0615305 0.0717163 0.0672198 
Dasyuridae_Dasyurus_maculatus                0.0486665 0.0537264 0.0481746 0.0620708 0.0613492 0.0000000 0.0474159 0.0495404 0.0613692 0.0758315 0.0446723 0.0114884 0.0157931 0.0486929 0.0512252 0.0126845 0.0045175 0.0153415 0.0721196 0.0592119 0.0677828 0.0575554 0.0112696 0.0570522 0.0537005 0.0619651 0.0591646 0.0650592 0.0693924 0.0588757 0.0499672 0.0749571 0.0069009 0.0749540 0.0638256 
Phalangeridae_Trichosurus_vulpecula          0.0264105 0.0412878 0.0294666 0.0452129 0.0426639 0.0474159 0.0000000 0.0112541 0.0422848 0.0719262 0.0149245 0.0526935 0.0547041 0.0116477 0.0408657 0.0523502 0.0492235 0.0405895 0.0741513 0.0386185 0.0503900 0.0636549 0.0513086 0.0383790 0.0543124 0.0508829 0.0368813 0.0462085 0.0494741 0.0433156 0.0131847 0.0755351 0.0486600 0.0715671 0.0599907 
Phalangeridae_Spilocuscus_maculatus          0.0279927 0.0442837 0.0319277 0.0478061 0.0452213 0.0495404 0.0112541 0.0000000 0.0444587 0.0715328 0.0109795 0.0543583 0.0555244 0.0078106 0.0437712 0.0540173 0.0513215 0.0424816 0.0747298 0.0411405 0.0470853 0.0631457 0.0525204 0.0408844 0.0560389 0.0489517 0.0398212 0.0423530 0.0524958 0.0445477 0.0093224 0.0759303 0.0503469 0.0711755 0.0567118 
Potoroidae_Aepyprymnus_rufescens             0.0338989 0.0445836 0.0384830 0.0086532 0.0063077 0.0613692 0.0422848 0.0444587 0.0000000 0.0707223 0.0472558 0.0639215 0.0671631 0.0431589 0.0538788 0.0645279 0.0634988 0.0460167 0.0728398 0.0140841 0.0564048 0.0721841 0.0645522 0.0212649 0.0520297 0.0571244 0.0136945 0.0536052 0.0553340 0.0510730 0.0458454 0.0725222 0.0610769 0.0713381 0.0655117 
Peramelidae_Perameles_nasuta                 0.0653949 0.0516886 0.0651880 0.0676892 0.0711025 0.0758315 0.0719262 0.0715328 0.0707223 0.0000000 0.0756135 0.0817714 0.0854516 0.0731065 0.0790956 0.0824577 0.0778873 0.0512285 0.0196388 0.0656556 0.0820897 0.0828791 0.0819157 0.0649914 0.0608677 0.0854025 0.0660793 0.0778190 0.0767725 0.0802776 0.0750456 0.0156524 0.0724769 0.0007344 0.0997486 
Phalangeridae_Strigocuscus_pelengensis       0.0309287 0.0489871 0.0340995 0.0511575 0.0485242 0.0446723 0.0149245 0.0109795 0.0472558 0.0756135 0.0000000 0.0499484 0.0511591 0.0113811 0.0392674 0.0491866 0.0466014 0.0398768 0.0707321 0.0438852 0.0515169 0.0575842 0.0477464 0.0449941 0.0541446 0.0449648 0.0430122 0.0476621 0.0562068 0.0465002 0.0129324 0.0723861 0.0453731 0.0752285 0.0554121 
Dasyuridae_Phascogale_tapoatafa              0.0525791 0.0554868 0.0501891 0.0632282 0.0629332 0.0114884 0.0526935 0.0543583 0.0639215 0.0817714 0.0499484 0.0000000 0.0164025 0.0539579 0.0557797 0.0033155 0.0132131 0.0144716 0.0776311 0.0611278 0.0675707 0.0652052 0.0099401 0.0592326 0.0620065 0.0627589 0.0611800 0.0650105 0.0709547 0.0617764 0.0552327 0.0804311 0.0152888 0.0813542 0.0648729 
Dasyuridae_Sminthopsis_macroura              0.0510733 0.0576236 0.0531715 0.0674272 0.0671107 0.0157931 0.0547041 0.0555244 0.0671631 0.0854516 0.0511591 0.0164025 0.0000000 0.0551245 0.0597769 0.0172065 0.0166971 0.0126102 0.0820856 0.0648372 0.0721132 0.0703240 0.0154598 0.0629762 0.0657357 0.0678285 0.0648926 0.0698586 0.0753393 0.0643383 0.0555001 0.0847589 0.0180876 0.0850129 0.0683988 
Phalangeridae_Phalanger_orientalis           0.0280741 0.0447960 0.0332309 0.0465494 0.0439216 0.0486929 0.0116477 0.0078106 0.0431589 0.0731065 0.0113811 0.0539579 0.0551245 0.0000000 0.0410837 0.0536163 0.0509253 0.0399724 0.0768265 0.0390025 0.0456183 0.0622179 0.0511733 0.0396659 0.0570522 0.0468082 0.0385986 0.0409578 0.0486040 0.0427335 0.0029444 0.0784060 0.0503946 0.0727403 0.0561372 
Acrobatidae_Acrobates_pygmaeus               0.0409952 0.0446268 0.0405963 0.0544532 0.0527574 0.0512252 0.0408657 0.0437712 0.0538788 0.0790956 0.0392674 0.0557797 0.0597769 0.0410837 0.0000000 0.0532827 0.0545537 0.0405598 0.0772262 0.0509052 0.0476790 0.0474758 0.0570014 0.0491289 0.0540214 0.0396885 0.0513543 0.0458912 0.0440126 0.0278482 0.0428409 0.0784521 0.0525580 0.0799907 0.0648604 
Dasyuridae_Phascogale_calura                 0.0531403 0.0565423 0.0507359 0.0638340 0.0635352 0.0126845 0.0523502 0.0540173 0.0645279 0.0824577 0.0491866 0.0033155 0.0172065 0.0536163 0.0532827 0.0000000 0.0136229 0.0140098 0.0764785 0.0617197 0.0663676 0.0645057 0.0103472 0.0598129 0.0635587 0.0610121 0.0617725 0.0657644 0.0691500 0.0601893 0.0548928 0.0811095 0.0157196 0.0820357 0.0675172 
Dasyuridae_Sarcophilus_harrisii              0.0498022 0.0562837 0.0475462 0.0642016 0.0633924 0.0045175 0.0492235 0.0513215 0.0634988 0.0778873 0.0466014 0.0132131 0.0166971 0.0509253 0.0545537 0.0136229 0.0000000 0.0153415 0.0754919 0.0606604 0.0699944 0.0647847 0.0118713 0.0589014 0.0567569 0.0641383 0.0612260 0.0665090 0.0692878 0.0589654 0.0521845 0.0782092 0.0057450 0.0774955 0.0653538 
Dasyuridae_Planigale_tenuirostris            0.0392140 0.0531432 0.0380461 0.0476640 0.0474990 0.0153415 0.0405895 0.0424816 0.0460167 0.0512285 0.0398768 0.0144716 0.0126102 0.0399724 0.0405598 0.0140098 0.0153415 0.0000000 0.0507917 0.0454324 0.0479973 0.0473958 0.0158178 0.0440584 0.0428635 0.0463367 0.0453765 0.0446767 0.0561289 0.0471990 0.0404815 0.0505331 0.0139561 0.0506133 0.0605268 
Peramelidae_Echymipera_kalubu                0.0718897 0.0545480 0.0702542 0.0723213 0.0738006 0.0721196 0.0741513 0.0747298 0.0728398 0.0196388 0.0707321 0.0776311 0.0820856 0.0768265 0.0772262 0.0764785 0.0754919 0.0507917 0.0000000 0.0682694 0.0856525 0.0802047 0.0793517 0.0676970 0.0587555 0.0773217 0.0682177 0.0838482 0.0816746 0.0821838 0.0787923 0.0132232 0.0678377 0.0195513 0.1022290 
Macropodidae_Dorcopsulus_vanheurni           0.0320860 0.0438855 0.0355495 0.0173274 0.0148298 0.0592119 0.0386185 0.0411405 0.0140841 0.0656556 0.0438852 0.0611278 0.0648372 0.0390025 0.0509052 0.0617197 0.0606604 0.0454324 0.0682694 0.0000000 0.0533595 0.0713717 0.0617056 0.0183477 0.0507362 0.0538419 0.0055666 0.0510264 0.0529144 0.0466847 0.0416349 0.0700111 0.0604628 0.0662792 0.0626134 
Pseudochiridae_Pseudochirulus_forbesi        0.0458341 0.0490805 0.0495233 0.0563444 0.0563254 0.0677828 0.0503900 0.0470853 0.0564048 0.0820897 0.0515169 0.0675707 0.0721132 0.0456183 0.0476790 0.0663676 0.0699944 0.0479973 0.0856525 0.0533595 0.0000000 0.0699136 0.0678369 0.0537949 0.0744195 0.0261067 0.0543471 0.0166495 0.0418149 0.0425484 0.0474195 0.0867847 0.0681798 0.0816592 0.0764840 
Marmosidae_Monodelphis_domestica             0.0603651 0.0559668 0.0583813 0.0759232 0.0740469 0.0575554 0.0636549 0.0631457 0.0721841 0.0828791 0.0575842 0.0652052 0.0703240 0.0622179 0.0474758 0.0645057 0.0647847 0.0473958 0.0802047 0.0713717 0.0699136 0.0000000 0.0651053 0.0703054 0.0549206 0.0617109 0.0731821 0.0660651 0.0614537 0.0576130 0.0641807 0.0794988 0.0578141 0.0829006 0.0439788 
Dasyuridae_Antechinus_stuartii               0.0513125 0.0560496 0.0491712 0.0637302 0.0635001 0.0112696 0.0513086 0.0525204 0.0645522 0.0819157 0.0477464 0.0099401 0.0154598 0.0511733 0.0570014 0.0103472 0.0118713 0.0158178 0.0793517 0.0617056 0.0678369 0.0651053 0.0000000 0.0595534 0.0598123 0.0651688 0.0618460 0.0662803 0.0703647 0.0614261 0.0525311 0.0826087 0.0143031 0.0814903 0.0679960 
Hypsiprymnodontidae_Hypsiprymnodon_moschatus 0.0297839 0.0422051 0.0349746 0.0246014 0.0220145 0.0570522 0.0383790 0.0408844 0.0212649 0.0649914 0.0449941 0.0592326 0.0629762 0.0396659 0.0491289 0.0598129 0.0589014 0.0440584 0.0676970 0.0183477 0.0537949 0.0703054 0.0595534 0.0000000 0.0495271 0.0557728 0.0187527 0.0519671 0.0526480 0.0459856 0.0422366 0.0685304 0.0582395 0.0656974 0.0606238 
Microbiotheriidae_Dromiciops_gliroides       0.0491082 0.0452133 0.0462658 0.0533227 0.0519208 0.0537005 0.0543124 0.0560389 0.0520297 0.0608677 0.0541446 0.0620065 0.0657357 0.0570522 0.0540214 0.0635587 0.0567569 0.0428635 0.0587555 0.0507362 0.0744195 0.0549206 0.0598123 0.0495271 0.0000000 0.0627180 0.0517989 0.0667664 0.0648174 0.0628883 0.0571223 0.0576980 0.0504668 0.0615080 0.0712965 
Pseudochiridae_Petauroides_volans            0.0505229 0.0543667 0.0485116 0.0588420 0.0570938 0.0619651 0.0508829 0.0489517 0.0571244 0.0854025 0.0449648 0.0627589 0.0678285 0.0468082 0.0396885 0.0610121 0.0641383 0.0463367 0.0773217 0.0538419 0.0261067 0.0617109 0.0651688 0.0557728 0.0627180 0.0000000 0.0547611 0.0230620 0.0411453 0.0481862 0.0487304 0.0797799 0.0610496 0.0847810 0.0718913 
Macropodidae_Wallabia_bicolor                0.0316830 0.0429008 0.0355593 0.0172990 0.0144401 0.0591646 0.0368813 0.0398212 0.0136945 0.0660793 0.0430122 0.0611800 0.0648926 0.0385986 0.0513543 0.0617725 0.0612260 0.0453765 0.0682177 0.0055666 0.0543471 0.0731821 0.0618460 0.0187527 0.0517989 0.0547611 0.0000000 0.0515383 0.0533420 0.0471368 0.0411743 0.0700571 0.0604260 0.0667012 0.0634954 
Pseudochiridae_Pseudocheirus_occidentalis    0.0409736 0.0469926 0.0446059 0.0546603 0.0535293 0.0650592 0.0462085 0.0423530 0.0536052 0.0778190 0.0476621 0.0650105 0.0698586 0.0409578 0.0458912 0.0657644 0.0665090 0.0446767 0.0838482 0.0510264 0.0166495 0.0660651 0.0662803 0.0519671 0.0667664 0.0230620 0.0515383 0.0000000 0.0371212 0.0405410 0.0436723 0.0821495 0.0643133 0.0776925 0.0683612 
Tarsipedidae_Tarsipes_rostratus              0.0491802 0.0597039 0.0521320 0.0563860 0.0557469 0.0693924 0.0494741 0.0524958 0.0553340 0.0767725 0.0562068 0.0709547 0.0753393 0.0486040 0.0440126 0.0691500 0.0692878 0.0561289 0.0816746 0.0529144 0.0418149 0.0614537 0.0703647 0.0526480 0.0648174 0.0411453 0.0533420 0.0371212 0.0000000 0.0457345 0.0514774 0.0809809 0.0705743 0.0768883 0.0755496 
Acrobatidae_Distoechurus_pennatus            0.0379812 0.0430098 0.0393439 0.0526733 0.0504789 0.0588757 0.0433156 0.0445477 0.0510730 0.0802776 0.0465002 0.0617764 0.0643383 0.0427335 0.0278482 0.0601893 0.0589654 0.0471990 0.0821838 0.0466847 0.0425484 0.0576130 0.0614261 0.0459856 0.0628883 0.0481862 0.0471368 0.0405410 0.0457345 0.0000000 0.0444620 0.0844805 0.0617265 0.0804244 0.0669729 
Phalangeridae_Phalanger_carmelitae           0.0280722 0.0468742 0.0344929 0.0492175 0.0457281 0.0499672 0.0131847 0.0093224 0.0458454 0.0750456 0.0129324 0.0552327 0.0555001 0.0029444 0.0428409 0.0548928 0.0521845 0.0404815 0.0787923 0.0416349 0.0474195 0.0641807 0.0525311 0.0422366 0.0571223 0.0487304 0.0411743 0.0436723 0.0514774 0.0444620 0.0000000 0.0804861 0.0516924 0.0746688 0.0579220 
Peramelidae_Peroryctes_raffrayana            0.0715584 0.0559037 0.0680669 0.0725978 0.0749515 0.0749571 0.0755351 0.0759303 0.0725222 0.0156524 0.0723861 0.0804311 0.0847589 0.0784060 0.0784521 0.0811095 0.0782092 0.0505331 0.0132232 0.0700111 0.0867847 0.0794988 0.0826087 0.0685304 0.0576980 0.0797799 0.0700571 0.0821495 0.0809809 0.0844805 0.0804861 0.0000000 0.0694619 0.0155833 0.1004016 
Dasyuridae_Dasyurus_geffroii                 0.0507486 0.0542485 0.0483814 0.0622603 0.0615305 0.0069009 0.0486600 0.0503469 0.0610769 0.0724769 0.0453731 0.0152888 0.0180876 0.0503946 0.0525580 0.0157196 0.0057450 0.0139561 0.0678377 0.0604628 0.0681798 0.0578141 0.0143031 0.0582395 0.0504668 0.0610496 0.0604260 0.0643133 0.0705743 0.0617265 0.0516924 0.0694619 0.0000000 0.0716159 0.0659206 
Peramelidae_Perameles_gunnii                 0.0662552 0.0521624 0.0648656 0.0683119 0.0717163 0.0749540 0.0715671 0.0711755 0.0713381 0.0007344 0.0752285 0.0813542 0.0850129 0.0727403 0.0799907 0.0820357 0.0774955 0.0506133 0.0195513 0.0662792 0.0816592 0.0829006 0.0814903 0.0656974 0.0615080 0.0847810 0.0667012 0.0776925 0.0768883 0.0804244 0.0746688 0.0155833 0.0716159 0.0000000 0.0996630 
Didelphidae_Didelphis_virginiana             0.0566365 0.0616299 0.0522530 0.0712552 0.0672198 0.0638256 0.0599907 0.0567118 0.0655117 0.0997486 0.0554121 0.0648729 0.0683988 0.0561372 0.0648604 0.0675172 0.0653538 0.0605268 0.1022290 0.0626134 0.0764840 0.0439788 0.0679960 0.0606238 0.0712965 0.0718913 0.0634954 0.0683612 0.0755496 0.0669729 0.0579220 0.1004016 0.0659206 0.0996630 0.0000000 
