35
Burramyidae_Burramys_parvus                  0.0000000 0.0456565 0.0263936 0.0320886 0.0322169 0.0530963 0.0364021 0.0390848 0.0436518 0.0472405 0.0369400 0.0457035 0.0462679 0.0342396 0.0391801 0.0534590 0.0483010 0.0355927 0.0270152 0.0279792 0.0415769 0.0231694 0.0289462 0.0293222 0.0323663 0.0364465 0.0336551 0.0336281 0.0438068 0.0415321 0.0314632 0.0342666 0.0409390 0.0230352 0.0518045 
Notoryctidae_Notoryctes_typhlops             0.0456565 0.0000000 0.0459035 0.0486555 0.0478719 0.0635271 0.0546166 0.0553162 0.0595610 0.0609009 0.0538192 0.0543068 0.0570941 0.0520518 0.0652048 0.0646503 0.0601919 0.0425379 0.0354225 0.0453787 0.0561490 0.0295946 0.0338377 0.0363824 0.0477434 0.0442489 0.0486287 0.0489713 0.0574349 0.0582901 0.0507406 0.0543553 0.0524562 0.0314634 0.0636277 
Vombatidae_Lasiorhinus_latifrons             0.0263936 0.0459035 0.0000000 0.0295271 0.0278942 0.0476163 0.0345155 0.0358083 0.0394504 0.0437975 0.0344417 0.0422355 0.0458165 0.0325218 0.0322697 0.0503677 0.0450780 0.0356922 0.0284706 0.0265071 0.0416185 0.0235592 0.0288097 0.0289565 0.0310976 0.0332570 0.0330671 0.0316793 0.0417603 0.0367742 0.0286881 0.0338048 0.0381311 0.0220093 0.0472304 
Potoroidae_Bettongia_penicillata             0.0320886 0.0486555 0.0295271 0.0000000 0.0019507 0.0519626 0.0376104 0.0403575 0.0154462 0.0473840 0.0371104 0.0458805 0.0497086 0.0361500 0.0412410 0.0546414 0.0482938 0.0366640 0.0283824 0.0090354 0.0454835 0.0224391 0.0264727 0.0299849 0.0180672 0.0405777 0.0390479 0.0133810 0.0445174 0.0413505 0.0354363 0.0377880 0.0402428 0.0244255 0.0512036 
Potoroidae_Bettongia_lesueur                 0.0322169 0.0478719 0.0278942 0.0019507 0.0000000 0.0522438 0.0350791 0.0379684 0.0130312 0.0479848 0.0354162 0.0460717 0.0503801 0.0356153 0.0406837 0.0548923 0.0485738 0.0366295 0.0267132 0.0086773 0.0444515 0.0219935 0.0250578 0.0293687 0.0178077 0.0388386 0.0388375 0.0124494 0.0441121 0.0392019 0.0345741 0.0378400 0.0410757 0.0240297 0.0506810 
Dasyuridae_Dasyurus_maculatus                0.0530963 0.0635271 0.0476163 0.0519626 0.0522438 0.0000000 0.0563703 0.0591238 0.0617389 0.0514911 0.0559204 0.0136770 0.0198578 0.0549035 0.0703752 0.0121289 0.0061054 0.0116626 0.0285416 0.0495762 0.0663584 0.0236347 0.0289594 0.0114365 0.0554855 0.0388490 0.0609376 0.0532055 0.0671578 0.0601949 0.0520182 0.0617825 0.0437927 0.0006569 0.0533298 
Phalangeridae_Trichosurus_vulpecula          0.0364021 0.0546166 0.0345155 0.0376104 0.0350791 0.0563703 0.0000000 0.0230595 0.0442046 0.0544692 0.0228579 0.0504012 0.0531638 0.0205562 0.0465752 0.0582982 0.0533034 0.0451807 0.0383877 0.0342816 0.0503715 0.0328613 0.0332182 0.0372875 0.0381631 0.0441506 0.0455389 0.0387333 0.0492318 0.0471421 0.0389931 0.0209150 0.0477178 0.0322108 0.0585335 
Phalangeridae_Spilocuscus_maculatus          0.0390848 0.0553162 0.0358083 0.0403575 0.0379684 0.0591238 0.0230595 0.0000000 0.0487642 0.0528110 0.0128267 0.0523624 0.0553742 0.0113814 0.0483534 0.0612078 0.0553635 0.0460745 0.0338520 0.0356571 0.0534015 0.0301974 0.0326887 0.0346307 0.0406254 0.0437092 0.0461747 0.0401415 0.0509518 0.0492023 0.0404282 0.0134073 0.0483885 0.0310933 0.0565313 
Potoroidae_Aepyprymnus_rufescens             0.0436518 0.0595610 0.0394504 0.0154462 0.0130312 0.0617389 0.0442046 0.0487642 0.0000000 0.0570707 0.0461604 0.0559003 0.0603066 0.0446671 0.0531872 0.0649686 0.0581629 0.0489653 0.0399598 0.0180308 0.0532395 0.0343469 0.0317055 0.0411669 0.0279207 0.0505637 0.0481466 0.0225223 0.0529459 0.0499569 0.0450210 0.0471441 0.0521256 0.0363876 0.0582509 
Peramelidae_Perameles_nasuta                 0.0472405 0.0609009 0.0437975 0.0473840 0.0479848 0.0514911 0.0544692 0.0528110 0.0570707 0.0000000 0.0511354 0.0469275 0.0534580 0.0481408 0.0597936 0.0532566 0.0491936 0.0382720 0.0090441 0.0447417 0.0631148 0.0176689 0.0255606 0.0260580 0.0488581 0.0420241 0.0563416 0.0483600 0.0654145 0.0540001 0.0470315 0.0544723 0.0115210 0.0233619 0.0091678 
Phalangeridae_Strigocuscus_pelengensis       0.0369400 0.0538192 0.0344417 0.0371104 0.0354162 0.0559204 0.0228579 0.0128267 0.0461604 0.0511354 0.0000000 0.0498431 0.0536359 0.0120258 0.0450639 0.0578464 0.0525418 0.0438221 0.0331719 0.0339724 0.0521821 0.0287487 0.0294273 0.0320044 0.0384713 0.0440639 0.0441801 0.0379644 0.0511659 0.0464604 0.0379690 0.0129285 0.0465609 0.0288462 0.0554346 
Dasyuridae_Phascogale_tapoatafa              0.0457035 0.0543068 0.0422355 0.0458805 0.0460717 0.0136770 0.0504012 0.0523624 0.0559003 0.0469275 0.0498431 0.0000000 0.0160539 0.0467094 0.0596097 0.0050489 0.0149116 0.0123604 0.0298190 0.0438049 0.0612001 0.0242202 0.0302730 0.0085771 0.0485188 0.0374921 0.0538749 0.0483086 0.0631474 0.0528911 0.0445946 0.0513228 0.0397219 0.0082002 0.0490676 
Dasyuridae_Sminthopsis_macroura              0.0462679 0.0570941 0.0458165 0.0497086 0.0503801 0.0198578 0.0531638 0.0553742 0.0603066 0.0534580 0.0536359 0.0160539 0.0000000 0.0504664 0.0657498 0.0211560 0.0199414 0.0087496 0.0305258 0.0460153 0.0635252 0.0245852 0.0306875 0.0139861 0.0516844 0.0408971 0.0562629 0.0505872 0.0664265 0.0571760 0.0492436 0.0561657 0.0447455 0.0078596 0.0547324 
Phalangeridae_Phalanger_orientalis           0.0342396 0.0520518 0.0325218 0.0361500 0.0356153 0.0549035 0.0205562 0.0113814 0.0446671 0.0481408 0.0120258 0.0467094 0.0504664 0.0000000 0.0448888 0.0566807 0.0502196 0.0396742 0.0293177 0.0328552 0.0491104 0.0243653 0.0281726 0.0294121 0.0361714 0.0393302 0.0420323 0.0369830 0.0492187 0.0457516 0.0367527 0.0050016 0.0424387 0.0249041 0.0521347 
Acrobatidae_Acrobates_pygmaeus               0.0391801 0.0652048 0.0322697 0.0412410 0.0406837 0.0703752 0.0465752 0.0483534 0.0531872 0.0597936 0.0450639 0.0596097 0.0657498 0.0448888 0.0000000 0.0708916 0.0662886 0.0549175 0.0357960 0.0372775 0.0539631 0.0295375 0.0394858 0.0343629 0.0420337 0.0530369 0.0446344 0.0413923 0.0543753 0.0410111 0.0207552 0.0440324 0.0537516 0.0328849 0.0639662 
Dasyuridae_Phascogale_calura                 0.0534590 0.0646503 0.0503677 0.0546414 0.0548923 0.0121289 0.0582982 0.0612078 0.0649686 0.0532566 0.0578464 0.0050489 0.0211560 0.0566807 0.0708916 0.0000000 0.0128564 0.0147466 0.0292096 0.0523269 0.0705114 0.0249887 0.0313307 0.0086635 0.0578187 0.0413218 0.0627736 0.0562338 0.0736348 0.0630282 0.0527633 0.0638735 0.0461736 0.0086427 0.0541074 
Dasyuridae_Sarcophilus_harrisii              0.0483010 0.0601919 0.0450780 0.0482938 0.0485738 0.0061054 0.0533034 0.0553635 0.0581629 0.0491936 0.0525418 0.0149116 0.0199414 0.0502196 0.0662886 0.0128564 0.0000000 0.0105098 0.0297516 0.0449705 0.0641624 0.0233863 0.0297691 0.0123578 0.0504038 0.0363556 0.0566988 0.0495429 0.0647893 0.0569303 0.0477557 0.0556112 0.0389911 0.0019584 0.0496567 
Dasyuridae_Planigale_tenuirostris            0.0355927 0.0425379 0.0356922 0.0366640 0.0366295 0.0116626 0.0451807 0.0460745 0.0489653 0.0382720 0.0438221 0.0123604 0.0087496 0.0396742 0.0549175 0.0147466 0.0105098 0.0000000 0.0251694 0.0343488 0.0460146 0.0181259 0.0224964 0.0100900 0.0380465 0.0362465 0.0395635 0.0384123 0.0513445 0.0476456 0.0377754 0.0418692 0.0393539 0.0043630 0.0496922 
Peramelidae_Echymipera_kalubu                0.0270152 0.0354225 0.0284706 0.0283824 0.0267132 0.0285416 0.0383877 0.0338520 0.0399598 0.0090441 0.0331719 0.0298190 0.0305258 0.0293177 0.0357960 0.0292096 0.0297516 0.0251694 0.0000000 0.0245502 0.0491304 0.0241907 0.0323410 0.0345988 0.0287425 0.0290643 0.0368933 0.0280485 0.0462193 0.0358107 0.0258741 0.0317746 0.0096488 0.0291618 0.0176642 
Macropodidae_Dorcopsulus_vanheurni           0.0279792 0.0453787 0.0265071 0.0090354 0.0086773 0.0495762 0.0342816 0.0356571 0.0180308 0.0447417 0.0339724 0.0438049 0.0460153 0.0328552 0.0372775 0.0523269 0.0449705 0.0343488 0.0245502 0.0000000 0.0420712 0.0187026 0.0228712 0.0261929 0.0141958 0.0364670 0.0361897 0.0042576 0.0429927 0.0363317 0.0295421 0.0332039 0.0378389 0.0206929 0.0493445 
Pseudochiridae_Pseudochirulus_forbesi        0.0415769 0.0561490 0.0416185 0.0454835 0.0444515 0.0663584 0.0503715 0.0534015 0.0532395 0.0631148 0.0521821 0.0612001 0.0635252 0.0491104 0.0539631 0.0705114 0.0641624 0.0460146 0.0491304 0.0420712 0.0000000 0.0424513 0.0470485 0.0479969 0.0463131 0.0550424 0.0310483 0.0475116 0.0255830 0.0477259 0.0416935 0.0471818 0.0572292 0.0418926 0.0676687 
Didelphidae_Didelphis_virginiana             0.0231694 0.0295946 0.0235592 0.0224391 0.0219935 0.0236347 0.0328613 0.0301974 0.0343469 0.0176689 0.0287487 0.0242202 0.0245852 0.0243653 0.0295375 0.0249887 0.0233863 0.0181259 0.0241907 0.0187026 0.0424513 0.0000000 0.0175461 0.0295464 0.0231814 0.0219674 0.0309012 0.0228333 0.0405589 0.0317475 0.0207064 0.0232545 0.0196069 0.0239199 0.0314367 
Marmosidae_Monodelphis_domestica             0.0289462 0.0338377 0.0288097 0.0264727 0.0250578 0.0289594 0.0332182 0.0326887 0.0317055 0.0255606 0.0294273 0.0302730 0.0306875 0.0281726 0.0394858 0.0313307 0.0297691 0.0224964 0.0323410 0.0228712 0.0470485 0.0175461 0.0000000 0.0348678 0.0276757 0.0246944 0.0334928 0.0272987 0.0477132 0.0356776 0.0257104 0.0290417 0.0272530 0.0299282 0.0325874 
Dasyuridae_Antechinus_stuartii               0.0293222 0.0363824 0.0289565 0.0299849 0.0293687 0.0114365 0.0372875 0.0346307 0.0411669 0.0260580 0.0320044 0.0085771 0.0139861 0.0294121 0.0343629 0.0086635 0.0123578 0.0100900 0.0345988 0.0261929 0.0479969 0.0295464 0.0348678 0.0000000 0.0303588 0.0269904 0.0370569 0.0303792 0.0468379 0.0373434 0.0245992 0.0314848 0.0286095 0.0116167 0.0398611 
Hypsiprymnodontidae_Hypsiprymnodon_moschatus 0.0323663 0.0477434 0.0310976 0.0180672 0.0178077 0.0554855 0.0381631 0.0406254 0.0279207 0.0488581 0.0384713 0.0485188 0.0516844 0.0361714 0.0420337 0.0578187 0.0504038 0.0380465 0.0287425 0.0141958 0.0463131 0.0231814 0.0276757 0.0303588 0.0000000 0.0400250 0.0390635 0.0173805 0.0479105 0.0407609 0.0328305 0.0378524 0.0428793 0.0262264 0.0533958 
Microbiotheriidae_Dromiciops_gliroides       0.0364465 0.0442489 0.0332570 0.0405777 0.0388386 0.0388490 0.0441506 0.0437092 0.0505637 0.0420241 0.0440639 0.0374921 0.0408971 0.0393302 0.0530369 0.0413218 0.0363556 0.0362465 0.0290643 0.0364670 0.0550424 0.0219674 0.0246944 0.0269904 0.0400250 0.0000000 0.0461811 0.0412927 0.0553461 0.0479146 0.0366448 0.0408614 0.0421413 0.0218089 0.0542964 
Pseudochiridae_Petauroides_volans            0.0336551 0.0486287 0.0330671 0.0390479 0.0388375 0.0609376 0.0455389 0.0461747 0.0481466 0.0563416 0.0441801 0.0538749 0.0562629 0.0420323 0.0446344 0.0627736 0.0566988 0.0395635 0.0368933 0.0361897 0.0310483 0.0309012 0.0334928 0.0370569 0.0390635 0.0461811 0.0000000 0.0415985 0.0369497 0.0416400 0.0326641 0.0437349 0.0490860 0.0322572 0.0601683 
Macropodidae_Wallabia_bicolor                0.0336281 0.0489713 0.0316793 0.0133810 0.0124494 0.0532055 0.0387333 0.0401415 0.0225223 0.0483600 0.0379644 0.0483086 0.0505872 0.0369830 0.0413923 0.0562338 0.0495429 0.0384123 0.0280485 0.0042576 0.0475116 0.0228333 0.0272987 0.0303792 0.0173805 0.0412927 0.0415985 0.0000000 0.0469738 0.0408944 0.0344678 0.0381722 0.0417934 0.0248046 0.0516243 
Pseudochiridae_Pseudocheirus_occidentalis    0.0438068 0.0574349 0.0417603 0.0445174 0.0441121 0.0671578 0.0492318 0.0509518 0.0529459 0.0654145 0.0511659 0.0631474 0.0664265 0.0492187 0.0543753 0.0736348 0.0647893 0.0513445 0.0462193 0.0429927 0.0255830 0.0405589 0.0477132 0.0468379 0.0479105 0.0553461 0.0369497 0.0469738 0.0000000 0.0483556 0.0423975 0.0496551 0.0583165 0.0399250 0.0681957 
Tarsipedidae_Tarsipes_rostratus              0.0415321 0.0582901 0.0367742 0.0413505 0.0392019 0.0601949 0.0471421 0.0492023 0.0499569 0.0540001 0.0464604 0.0528911 0.0571760 0.0457516 0.0410111 0.0630282 0.0569303 0.0476456 0.0358107 0.0363317 0.0477259 0.0317475 0.0356776 0.0373434 0.0407609 0.0479146 0.0416400 0.0408944 0.0483556 0.0000000 0.0368895 0.0486439 0.0495903 0.0333785 0.0561087 
Acrobatidae_Distoechurus_pennatus            0.0314632 0.0507406 0.0286881 0.0354363 0.0345741 0.0520182 0.0389931 0.0404282 0.0450210 0.0470315 0.0379690 0.0445946 0.0492436 0.0367527 0.0207552 0.0527633 0.0477557 0.0377754 0.0258741 0.0295421 0.0416935 0.0207064 0.0257104 0.0245992 0.0328305 0.0366448 0.0326641 0.0344678 0.0423975 0.0368895 0.0000000 0.0378674 0.0404019 0.0219769 0.0509061 
Phalangeridae_Phalanger_carmelitae           0.0342666 0.0543553 0.0338048 0.0377880 0.0378400 0.0617825 0.0209150 0.0134073 0.0471441 0.0544723 0.0129285 0.0513228 0.0561657 0.0050016 0.0440324 0.0638735 0.0556112 0.0418692 0.0317746 0.0332039 0.0471818 0.0232545 0.0290417 0.0314848 0.0378524 0.0408614 0.0437349 0.0381722 0.0496551 0.0486439 0.0378674 0.0000000 0.0458794 0.0257843 0.0598566 
Peramelidae_Peroryctes_raffrayana            0.0409390 0.0524562 0.0381311 0.0402428 0.0410757 0.0437927 0.0477178 0.0483885 0.0521256 0.0115210 0.0465609 0.0397219 0.0447455 0.0424387 0.0537516 0.0461736 0.0389911 0.0393539 0.0096488 0.0378389 0.0572292 0.0196069 0.0272530 0.0286095 0.0428793 0.0421413 0.0490860 0.0417934 0.0583165 0.0495903 0.0404019 0.0458794 0.0000000 0.0226946 0.0218935 
Dasyuridae_Dasyurus_geffroii                 0.0230352 0.0314634 0.0220093 0.0244255 0.0240297 0.0006569 0.0322108 0.0310933 0.0363876 0.0233619 0.0288462 0.0082002 0.0078596 0.0249041 0.0328849 0.0086427 0.0019584 0.0043630 0.0291618 0.0206929 0.0418926 0.0239199 0.0299282 0.0116167 0.0262264 0.0218089 0.0322572 0.0248046 0.0399250 0.0333785 0.0219769 0.0257843 0.0226946 0.0000000 0.0372505 
Peramelidae_Perameles_gunnii                 0.0518045 0.0636277 0.0472304 0.0512036 0.0506810 0.0533298 0.0585335 0.0565313 0.0582509 0.0091678 0.0554346 0.0490676 0.0547324 0.0521347 0.0639662 0.0541074 0.0496567 0.0496922 0.0176642 0.0493445 0.0676687 0.0314367 0.0325874 0.0398611 0.0533958 0.0542964 0.0601683 0.0516243 0.0681957 0.0561087 0.0509061 0.0598566 0.0218935 0.0372505 0.0000000 
