35
Burramyidae_Burramys_parvus                  0.0000000 0.1078956 0.0753222 0.0827589 0.0845284 0.1199922 0.1005930 0.0945028 0.0835409 0.1568046 0.0983102 0.1169760 0.1106875 0.0890162 0.0894493 0.1162218 0.1175340 0.1137496 0.1500182 0.0851513 0.0898260 0.1570835 0.1512921 0.1234086 0.0796002 0.1135576 0.0909721 0.1037068 0.0961418 0.1086314 0.1156556 0.0897845 0.1359762 0.1220467 0.1501461 
Notoryctidae_Notoryctes_typhlops             0.1078956 0.0000000 0.1081255 0.1178623 0.1163103 0.1065638 0.1368831 0.1309126 0.1216582 0.1527054 0.1544955 0.1079581 0.1088133 0.1257410 0.1223695 0.1086377 0.1069500 0.1142195 0.1407124 0.1234979 0.1349821 0.1469868 0.1425047 0.1109650 0.1119230 0.1285644 0.1244108 0.1206923 0.1353063 0.1472108 0.1470250 0.1142413 0.1452731 0.1061011 0.1425498 
Vombatidae_Lasiorhinus_latifrons             0.0753222 0.1081255 0.0000000 0.0801244 0.0833834 0.0914785 0.0770711 0.0732314 0.0836258 0.1363579 0.0885782 0.0873655 0.0910056 0.0887278 0.0719574 0.0866875 0.0919690 0.0929184 0.1362687 0.0877408 0.0797418 0.1306941 0.1374476 0.0897731 0.0703553 0.1109799 0.0795521 0.0978236 0.0793143 0.1053083 0.1003223 0.0836249 0.1238973 0.0915481 0.1326492 
Potoroidae_Bettongia_penicillata             0.0827589 0.1178623 0.0801244 0.0000000 0.0103789 0.1215897 0.0955125 0.0923020 0.0227919 0.1574704 0.1033399 0.1165275 0.1200993 0.0996878 0.0952956 0.1157728 0.1215423 0.1166068 0.1542162 0.0477566 0.1013995 0.1459522 0.1438053 0.1196610 0.0485029 0.1281068 0.0934545 0.0554736 0.1029708 0.1161458 0.1183654 0.0937487 0.1378928 0.1224071 0.1521429 
Potoroidae_Bettongia_lesueur                 0.0845284 0.1163103 0.0833834 0.0103789 0.0000000 0.1252599 0.1050266 0.0972952 0.0180148 0.1575243 0.1048793 0.1195491 0.1216089 0.1014417 0.0886766 0.1187961 0.1215706 0.1193573 0.1504048 0.0481937 0.1030932 0.1470999 0.1490513 0.1233236 0.0515202 0.1340615 0.0940783 0.0507500 0.1046555 0.1160679 0.1194916 0.0967100 0.1380943 0.1260801 0.1522748 
Dasyuridae_Dasyurus_maculatus                0.1199922 0.1065638 0.0914785 0.1215897 0.1252599 0.0000000 0.1183280 0.1146146 0.1242888 0.1386188 0.1339727 0.0283444 0.0409564 0.1220515 0.1188215 0.0283024 0.0083320 0.0444767 0.1335013 0.1134196 0.1287977 0.1274953 0.1345868 0.0294601 0.1132610 0.1338168 0.1177495 0.1209048 0.1289586 0.1465369 0.1451648 0.1097368 0.1268337 0.0039253 0.1338798 
Phalangeridae_Trichosurus_vulpecula          0.1005930 0.1368831 0.0770711 0.0955125 0.1050266 0.1183280 0.0000000 0.0498084 0.1050252 0.1666929 0.0463594 0.1179286 0.1187877 0.0619020 0.1024220 0.1173857 0.1207660 0.1168709 0.1647464 0.1067030 0.1091797 0.1411717 0.1497550 0.1170695 0.0898374 0.1456793 0.0929810 0.1199179 0.1021963 0.1350642 0.1275322 0.0538529 0.1544247 0.1215939 0.1600796 
Phalangeridae_Spilocuscus_maculatus          0.0945028 0.1309126 0.0732314 0.0923020 0.0972952 0.1146146 0.0498084 0.0000000 0.0965318 0.1582755 0.0219242 0.1102171 0.1123548 0.0387551 0.0966850 0.1101613 0.1152130 0.1089058 0.1561968 0.0955104 0.1054513 0.1481401 0.1555829 0.1110418 0.0854360 0.1442981 0.0852521 0.1062987 0.0990603 0.1238955 0.1182616 0.0367592 0.1473480 0.1170474 0.1529680 
Potoroidae_Aepyprymnus_rufescens             0.0835409 0.1216582 0.0836258 0.0227919 0.0180148 0.1242888 0.1050252 0.0965318 0.0000000 0.1566327 0.1052868 0.1166099 0.1170346 0.1004779 0.0856380 0.1158563 0.1199337 0.1154111 0.1503566 0.0478642 0.1015390 0.1439766 0.1485256 0.1200548 0.0501749 0.1296566 0.0949287 0.0488845 0.1042936 0.1197512 0.1199168 0.0981680 0.1377290 0.1261598 0.1518639 
Peramelidae_Perameles_nasuta                 0.1568046 0.1527054 0.1363579 0.1574704 0.1575243 0.1386188 0.1666929 0.1582755 0.1566327 0.0000000 0.2022314 0.1392552 0.1413379 0.1660119 0.1363927 0.1374642 0.1379899 0.1364546 0.0281637 0.1394707 0.1616371 0.1738894 0.1740986 0.1313099 0.1482467 0.1666194 0.1465371 0.1530458 0.1639082 0.1761115 0.1708018 0.1564376 0.0275161 0.1374874 0.0024454 
Phalangeridae_Strigocuscus_pelengensis       0.0983102 0.1544955 0.0885782 0.1033399 0.1048793 0.1339727 0.0463594 0.0219242 0.1052868 0.2022314 0.0000000 0.1244939 0.1286054 0.0151075 0.1146663 0.1247798 0.1357964 0.1327616 0.1928844 0.1280254 0.1321590 0.1604161 0.1645469 0.1314781 0.0915814 0.1598592 0.1108242 0.1258541 0.1301869 0.1560875 0.1552955 0.0157331 0.1956699 0.1365122 0.1959254 
Dasyuridae_Phascogale_tapoatafa              0.1169760 0.1079581 0.0873655 0.1165275 0.1195491 0.0283444 0.1179286 0.1102171 0.1166099 0.1392552 0.1244939 0.0000000 0.0318964 0.1172665 0.1153320 0.0031058 0.0267168 0.0411377 0.1344803 0.1112464 0.1276083 0.1246028 0.1369898 0.0187381 0.1108572 0.1251508 0.1170124 0.1195221 0.1272468 0.1529730 0.1422748 0.1062789 0.1260493 0.0292574 0.1342870 
Dasyuridae_Sminthopsis_macroura              0.1106875 0.1088133 0.0910056 0.1200993 0.1216089 0.0409564 0.1187877 0.1123548 0.1170346 0.1413379 0.1286054 0.0318964 0.0000000 0.1150238 0.1139227 0.0318491 0.0363250 0.0366912 0.1340352 0.1127906 0.1258319 0.1245428 0.1312432 0.0398152 0.1115667 0.1294726 0.1110647 0.1225318 0.1247793 0.1453113 0.1422647 0.1085719 0.1283961 0.0410343 0.1354392 
Phalangeridae_Phalanger_orientalis           0.0890162 0.1257410 0.0887278 0.0996878 0.1014417 0.1220515 0.0619020 0.0387551 0.1004779 0.1660119 0.0151075 0.1172665 0.1150238 0.0000000 0.1027058 0.1167069 0.1245717 0.1195845 0.1615723 0.0958531 0.1128040 0.1541650 0.1551660 0.1209791 0.0905784 0.1391522 0.1057220 0.1137442 0.1154599 0.1394770 0.1332072 0.0206151 0.1400885 0.1238265 0.1613222 
Acrobatidae_Acrobates_pygmaeus               0.0894493 0.1223695 0.0719574 0.0952956 0.0886766 0.1188215 0.1024220 0.0966850 0.0856380 0.1363927 0.1146663 0.1153320 0.1139227 0.1027058 0.0000000 0.1139154 0.1189780 0.1134083 0.1336818 0.0842419 0.0763666 0.1397422 0.1521520 0.1135705 0.0800625 0.1357272 0.0760765 0.0901669 0.0762534 0.1099638 0.0583020 0.0997572 0.1249971 0.1189630 0.1326972 
Dasyuridae_Phascogale_calura                 0.1162218 0.1086377 0.0866875 0.1157728 0.1187961 0.0283024 0.1173857 0.1101613 0.1158563 0.1374642 0.1247798 0.0031058 0.0318491 0.1167069 0.1139154 0.0000000 0.0266777 0.0400482 0.1328083 0.1119462 0.1260255 0.1229872 0.1346873 0.0178515 0.1110462 0.1261442 0.1148154 0.1180179 0.1256623 0.1509452 0.1385281 0.1057417 0.1229820 0.0292140 0.1318510 
Dasyuridae_Sarcophilus_harrisii              0.1175340 0.1069500 0.0919690 0.1215423 0.1215706 0.0083320 0.1207660 0.1152130 0.1199337 0.1379899 0.1357964 0.0267168 0.0363250 0.1245717 0.1189780 0.0266777 0.0000000 0.0413785 0.1303892 0.1134802 0.1270026 0.1297796 0.1391415 0.0282415 0.1109970 0.1337609 0.1154678 0.1191537 0.1271576 0.1417466 0.1447461 0.1122077 0.1253165 0.0083461 0.1330521 
Dasyuridae_Planigale_tenuirostris            0.1137496 0.1142195 0.0929184 0.1166068 0.1193573 0.0444767 0.1168709 0.1089058 0.1154111 0.1364546 0.1327616 0.0411377 0.0366912 0.1195845 0.1134083 0.0400482 0.0413785 0.0000000 0.1363049 0.1158468 0.1207420 0.1163362 0.1238288 0.0450805 0.1091028 0.1315726 0.1149980 0.1228015 0.1212709 0.1468336 0.1414126 0.1091059 0.1223785 0.0450621 0.1294091 
Peramelidae_Echymipera_kalubu                0.1500182 0.1407124 0.1362687 0.1542162 0.1504048 0.1335013 0.1647464 0.1561968 0.1503566 0.0281637 0.1928844 0.1344803 0.1340352 0.1615723 0.1336818 0.1328083 0.1303892 0.1363049 0.0000000 0.1324837 0.1605254 0.1694159 0.1650723 0.1275125 0.1462622 0.1600339 0.1412480 0.1469716 0.1621206 0.1721651 0.1639699 0.1496630 0.0125523 0.1318113 0.0250586 
Macropodidae_Dorcopsulus_vanheurni           0.0851513 0.1234979 0.0877408 0.0477566 0.0481937 0.1134196 0.1067030 0.0955104 0.0478642 0.1394707 0.1280254 0.1112464 0.1127906 0.0958531 0.0842419 0.1119462 0.1134802 0.1158468 0.1324837 0.0000000 0.1102679 0.1336702 0.1247164 0.1029482 0.0584200 0.1155423 0.0909069 0.0170871 0.1100117 0.1140376 0.1084852 0.0901647 0.1307873 0.1155838 0.1330706 
Pseudochiridae_Pseudochirulus_forbesi        0.0898260 0.1349821 0.0797418 0.1013995 0.1030932 0.1287977 0.1091797 0.1054513 0.1015390 0.1616371 0.1321590 0.1276083 0.1258319 0.1128040 0.0763666 0.1260255 0.1270026 0.1207420 0.1605254 0.1102679 0.0000000 0.1587278 0.1655425 0.1324787 0.0869014 0.1483400 0.0516861 0.1149578 0.0246461 0.1046274 0.0986832 0.1112140 0.1477706 0.1310536 0.1570749 
Didelphidae_Didelphis_virginiana             0.1570835 0.1469868 0.1306941 0.1459522 0.1470999 0.1274953 0.1411717 0.1481401 0.1439766 0.1738894 0.1604161 0.1246028 0.1245428 0.1541650 0.1397422 0.1229872 0.1297796 0.1163362 0.1694159 0.1336702 0.1587278 0.0000000 0.0584358 0.1264287 0.1437313 0.1362501 0.1424665 0.1381439 0.1554997 0.1852139 0.1785515 0.1429663 0.1624985 0.1286167 0.1637049 
Marmosidae_Monodelphis_domestica             0.1512921 0.1425047 0.1374476 0.1438053 0.1490513 0.1345868 0.1497550 0.1555829 0.1485256 0.1740986 0.1645469 0.1369898 0.1312432 0.1551660 0.1521520 0.1346873 0.1391415 0.1238288 0.1650723 0.1247164 0.1655425 0.0584358 0.0000000 0.1303585 0.1433241 0.1394009 0.1504380 0.1432243 0.1698727 0.1775096 0.1864837 0.1503045 0.1476282 0.1348604 0.1669238 
Dasyuridae_Antechinus_stuartii               0.1234086 0.1109650 0.0897731 0.1196610 0.1233236 0.0294601 0.1170695 0.1110418 0.1200548 0.1313099 0.1314781 0.0187381 0.0398152 0.1209791 0.1135705 0.0178515 0.0282415 0.0450805 0.1275125 0.1029482 0.1324787 0.1264287 0.1303585 0.0000000 0.1133119 0.1286078 0.1084699 0.1127770 0.1297548 0.1433467 0.1390201 0.1086992 0.1211506 0.0294925 0.1265956 
Hypsiprymnodontidae_Hypsiprymnodon_moschatus 0.0796002 0.1119230 0.0703553 0.0485029 0.0515202 0.1132610 0.0898374 0.0854360 0.0501749 0.1482467 0.0915814 0.1108572 0.1115667 0.0905784 0.0800625 0.1110462 0.1109970 0.1091028 0.1462622 0.0584200 0.0869014 0.1437313 0.1433241 0.1133119 0.0000000 0.1254677 0.0844050 0.0624387 0.0923986 0.1123795 0.1109050 0.0874828 0.1300361 0.1140329 0.1419665 
Microbiotheriidae_Dromiciops_gliroides       0.1135576 0.1285644 0.1109799 0.1281068 0.1340615 0.1338168 0.1456793 0.1442981 0.1296566 0.1666194 0.1598592 0.1251508 0.1294726 0.1391522 0.1357272 0.1261442 0.1337609 0.1315726 0.1600339 0.1155423 0.1483400 0.1362501 0.1394009 0.1286078 0.1254677 0.0000000 0.1413883 0.1306055 0.1560052 0.1613241 0.1593003 0.1358676 0.1376724 0.1348113 0.1583669 
Pseudochiridae_Petauroides_volans            0.0909721 0.1244108 0.0795521 0.0934545 0.0940783 0.1177495 0.0929810 0.0852521 0.0949287 0.1465371 0.1108242 0.1170124 0.1110647 0.1057220 0.0760765 0.1148154 0.1154678 0.1149980 0.1412480 0.0909069 0.0516861 0.1424665 0.1504380 0.1084699 0.0844050 0.1413883 0.0000000 0.1025872 0.0439348 0.0850390 0.0813577 0.0977314 0.1325092 0.1184515 0.1414249 
Macropodidae_Wallabia_bicolor                0.1037068 0.1206923 0.0978236 0.0554736 0.0507500 0.1209048 0.1199179 0.1062987 0.0488845 0.1530458 0.1258541 0.1195221 0.1225318 0.1137442 0.0901669 0.1180179 0.1191537 0.1228015 0.1469716 0.0170871 0.1149578 0.1381439 0.1432243 0.1127770 0.0624387 0.1306055 0.1025872 0.0000000 0.1163822 0.1213176 0.1241567 0.1088460 0.1341546 0.1230019 0.1467113 
Pseudochiridae_Pseudocheirus_occidentalis    0.0961418 0.1353063 0.0793143 0.1029708 0.1046555 0.1289586 0.1021963 0.0990603 0.1042936 0.1639082 0.1301869 0.1272468 0.1247793 0.1154599 0.0762534 0.1256623 0.1271576 0.1212709 0.1621206 0.1100117 0.0246461 0.1554997 0.1698727 0.1297548 0.0923986 0.1560052 0.0439348 0.1163822 0.0000000 0.0949068 0.0940583 0.1065789 0.1511974 0.1311137 0.1587963 
Tarsipedidae_Tarsipes_rostratus              0.1086314 0.1472108 0.1053083 0.1161458 0.1160679 0.1465369 0.1350642 0.1238955 0.1197512 0.1761115 0.1560875 0.1529730 0.1453113 0.1394770 0.1099638 0.1509452 0.1417466 0.1468336 0.1721651 0.1140376 0.1046274 0.1852139 0.1775096 0.1433467 0.1123795 0.1613241 0.0850390 0.1213176 0.0949068 0.0000000 0.1105264 0.1334587 0.1625929 0.1482167 0.1736103 
Acrobatidae_Distoechurus_pennatus            0.1156556 0.1470250 0.1003223 0.1183654 0.1194916 0.1451648 0.1275322 0.1182616 0.1199168 0.1708018 0.1552955 0.1422748 0.1422647 0.1332072 0.0583020 0.1385281 0.1447461 0.1414126 0.1639699 0.1084852 0.0986832 0.1785515 0.1864837 0.1390201 0.1109050 0.1593003 0.0813577 0.1241567 0.0940583 0.1105264 0.0000000 0.1263595 0.1500581 0.1454957 0.1622524 
Phalangeridae_Phalanger_carmelitae           0.0897845 0.1142413 0.0836249 0.0937487 0.0967100 0.1097368 0.0538529 0.0367592 0.0981680 0.1564376 0.0157331 0.1062789 0.1085719 0.0206151 0.0997572 0.1057417 0.1122077 0.1091059 0.1496630 0.0901647 0.1112140 0.1429663 0.1503045 0.1086992 0.0874828 0.1358676 0.0977314 0.1088460 0.1065789 0.1334587 0.1263595 0.0000000 0.1333615 0.1115747 0.1511955 
Peramelidae_Peroryctes_raffrayana            0.1359762 0.1452731 0.1238973 0.1378928 0.1380943 0.1268337 0.1544247 0.1473480 0.1377290 0.0275161 0.1956699 0.1260493 0.1283961 0.1400885 0.1249971 0.1229820 0.1253165 0.1223785 0.0125523 0.1307873 0.1477706 0.1624985 0.1476282 0.1211506 0.1300361 0.1376724 0.1325092 0.1341546 0.1511974 0.1625929 0.1500581 0.1333615 0.0000000 0.1263549 0.0246010 
Dasyuridae_Dasyurus_geffroii                 0.1220467 0.1061011 0.0915481 0.1224071 0.1260801 0.0039253 0.1215939 0.1170474 0.1261598 0.1374874 0.1365122 0.0292574 0.0410343 0.1238265 0.1189630 0.0292140 0.0083461 0.0450621 0.1318113 0.1155838 0.1310536 0.1286167 0.1348604 0.0294925 0.1140329 0.1348113 0.1184515 0.1230019 0.1311137 0.1482167 0.1454957 0.1115747 0.1263549 0.0000000 0.1334005 
Peramelidae_Perameles_gunnii                 0.1501461 0.1425498 0.1326492 0.1521429 0.1522748 0.1338798 0.1600796 0.1529680 0.1518639 0.0024454 0.1959254 0.1342870 0.1354392 0.1613222 0.1326972 0.1318510 0.1330521 0.1294091 0.0250586 0.1330706 0.1570749 0.1637049 0.1669238 0.1265956 0.1419665 0.1583669 0.1414249 0.1467113 0.1587963 0.1736103 0.1622524 0.1511955 0.0246010 0.1334005 0.0000000 
