35
Burramyidae_Burramys_parvus                  0.0000000 0.0790223 0.0562739 0.0729147 0.0731605 0.0761108 0.0455729 0.0441975 0.0570580 0.0993151 0.0544858 0.0834517 0.0889206 0.0715150 0.0616244 0.0811567 0.0816677 0.0751960 0.0988088 0.0689519 0.0684542 0.0936401 0.1017028 0.0817097 0.0675985 0.0888725 0.0830044 0.0646240 0.0700428 0.0697558 0.0495227 0.0489749 0.0986942 0.0768894 0.0987231 
Notoryctidae_Notoryctes_typhlops             0.0790223 0.0000000 0.0868101 0.1073836 0.1067091 0.0849185 0.0841704 0.0862972 0.0910516 0.1072963 0.0928486 0.0842483 0.0906340 0.1127014 0.0785370 0.0830920 0.0833558 0.0825292 0.0952157 0.1018756 0.1033316 0.0992132 0.0970955 0.0840141 0.1026620 0.0865300 0.1041745 0.1017864 0.0895377 0.0914064 0.0661774 0.0904102 0.0990133 0.0849080 0.1041149 
Vombatidae_Lasiorhinus_latifrons             0.0562739 0.0868101 0.0000000 0.0876910 0.0895126 0.0809655 0.0750467 0.0780863 0.0772933 0.0958074 0.0753411 0.0865823 0.0945704 0.0909557 0.0816050 0.0864336 0.0873850 0.0805141 0.0978129 0.0853375 0.0848069 0.0922276 0.0949550 0.0852487 0.0785133 0.0821350 0.0845078 0.0819954 0.0715786 0.0837404 0.0610049 0.0671010 0.0978193 0.0798486 0.0961191 
Potoroidae_Bettongia_penicillata             0.0729147 0.1073836 0.0876910 0.0000000 0.0076950 0.1028833 0.0801657 0.0818587 0.0299212 0.1169046 0.0817662 0.1071085 0.1163336 0.0936648 0.0776547 0.1067981 0.1087388 0.1069495 0.1194324 0.0392784 0.0912911 0.1223537 0.1246383 0.1062439 0.0598395 0.1053913 0.1026511 0.0377111 0.0870082 0.1025872 0.0746224 0.0789530 0.1175828 0.1030128 0.1201970 
Potoroidae_Bettongia_lesueur                 0.0731605 0.1067091 0.0895126 0.0076950 0.0000000 0.1034726 0.0798931 0.0803658 0.0301941 0.1176039 0.0819890 0.1076086 0.1152646 0.0984050 0.0799203 0.1073161 0.1077102 0.1076350 0.1221378 0.0394672 0.0935012 0.1217333 0.1257674 0.1066311 0.0628744 0.1052002 0.1031593 0.0360260 0.0892826 0.1027551 0.0762759 0.0797073 0.1194327 0.1039068 0.1219559 
Dasyuridae_Dasyurus_maculatus                0.0761108 0.0849185 0.0809655 0.1028833 0.1034726 0.0000000 0.0880203 0.0877927 0.0919855 0.0960416 0.0867060 0.0291054 0.0474389 0.1128836 0.0871211 0.0285857 0.0249922 0.0269956 0.0922125 0.0998205 0.0991608 0.0966225 0.0981172 0.0291966 0.0960630 0.0775086 0.1023193 0.0978474 0.0918949 0.1006459 0.0646267 0.0878476 0.0915561 0.0061568 0.0948785 
Phalangeridae_Trichosurus_vulpecula          0.0455729 0.0841704 0.0750467 0.0801657 0.0798931 0.0880203 0.0000000 0.0266825 0.0665392 0.1028019 0.0386056 0.0927917 0.1029441 0.0523273 0.0722042 0.0924776 0.0898998 0.0860903 0.1002590 0.0747263 0.0698385 0.1057662 0.1072787 0.0902892 0.0775369 0.0941120 0.0874443 0.0700202 0.0736145 0.0780933 0.0565046 0.0344920 0.1019571 0.0873334 0.1011611 
Phalangeridae_Spilocuscus_maculatus          0.0441975 0.0862972 0.0780863 0.0818587 0.0803658 0.0877927 0.0266825 0.0000000 0.0690630 0.1030515 0.0226273 0.0964825 0.1040393 0.0482931 0.0760404 0.0949986 0.0954509 0.0881597 0.1003530 0.0765613 0.0711791 0.1066522 0.1144951 0.0953202 0.0814123 0.0951986 0.0837876 0.0720072 0.0732816 0.0751648 0.0536046 0.0329118 0.1016974 0.0898591 0.1024580 
Potoroidae_Aepyprymnus_rufescens             0.0570580 0.0910516 0.0772933 0.0299212 0.0301941 0.0919855 0.0665392 0.0690630 0.0000000 0.1050568 0.0703109 0.0959897 0.1062542 0.0870604 0.0666519 0.0957319 0.0976631 0.0956397 0.1061394 0.0396487 0.0780650 0.1070733 0.1118400 0.0950084 0.0515888 0.0908464 0.0941330 0.0381304 0.0827881 0.0910434 0.0615081 0.0664371 0.1088715 0.0920964 0.1057649 
Peramelidae_Perameles_nasuta                 0.0993151 0.1072963 0.0958074 0.1169046 0.1176039 0.0960416 0.1028019 0.1030515 0.1050568 0.0000000 0.1018389 0.1064903 0.1101941 0.1253331 0.1039977 0.1064960 0.1073649 0.1004875 0.0252458 0.1209468 0.1128346 0.1170385 0.1183825 0.1055879 0.1253506 0.1048396 0.1091221 0.1178846 0.0995721 0.1062745 0.0858182 0.0974020 0.0254813 0.0967283 0.0017505 
Phalangeridae_Strigocuscus_pelengensis       0.0544858 0.0928486 0.0753411 0.0817662 0.0819890 0.0867060 0.0386056 0.0226273 0.0703109 0.1018389 0.0000000 0.0977467 0.1073962 0.0350958 0.0762820 0.0963378 0.0961385 0.0891753 0.1063438 0.0772003 0.0810880 0.1101762 0.1133511 0.0909735 0.0813254 0.0932001 0.0756632 0.0717966 0.0664467 0.0787102 0.0567541 0.0225274 0.1047251 0.0903578 0.1023161 
Dasyuridae_Phascogale_tapoatafa              0.0834517 0.0842483 0.0865823 0.1071085 0.1076086 0.0291054 0.0927917 0.0964825 0.0959897 0.1064903 0.0977467 0.0000000 0.0388319 0.1211678 0.0887664 0.0024247 0.0118605 0.0412863 0.0978691 0.1050652 0.1061698 0.0996182 0.1009839 0.0061782 0.1049680 0.0804949 0.1099327 0.1023358 0.0991268 0.0994852 0.0726469 0.0938612 0.1005034 0.0264445 0.1053980 
Dasyuridae_Sminthopsis_macroura              0.0889206 0.0906340 0.0945704 0.1163336 0.1152646 0.0474389 0.1029441 0.1040393 0.1062542 0.1101941 0.1073962 0.0388319 0.0000000 0.1276366 0.0932243 0.0387036 0.0373506 0.0443129 0.1051543 0.1125124 0.1159551 0.1049420 0.1055291 0.0393141 0.1113814 0.0987849 0.1182527 0.1118313 0.1087761 0.1045293 0.0733404 0.1029667 0.1084922 0.0498572 0.1069374 
Phalangeridae_Phalanger_orientalis           0.0715150 0.1127014 0.0909557 0.0936648 0.0984050 0.1128836 0.0523273 0.0482931 0.0870604 0.1253331 0.0350958 0.1211678 0.1276366 0.0000000 0.0953367 0.1178613 0.1182634 0.1082856 0.1267782 0.0958267 0.0971358 0.1327510 0.1360932 0.1156927 0.0970230 0.1165895 0.0797560 0.0915527 0.0649642 0.0962384 0.0739438 0.0349658 0.1209949 0.1128813 0.1224092 
Acrobatidae_Acrobates_pygmaeus               0.0616244 0.0785370 0.0816050 0.0776547 0.0799203 0.0871211 0.0722042 0.0760404 0.0666519 0.1039977 0.0762820 0.0887664 0.0932243 0.0953367 0.0000000 0.0865347 0.0888860 0.0895608 0.1011025 0.0791761 0.0804829 0.1030734 0.1029907 0.0864990 0.0769718 0.0890575 0.0900651 0.0790209 0.0796645 0.0665248 0.0335044 0.0735483 0.1058353 0.0897278 0.1015482 
Dasyuridae_Phascogale_calura                 0.0811567 0.0830920 0.0864336 0.1067981 0.1073161 0.0285857 0.0924776 0.0949986 0.0957319 0.1064960 0.0963378 0.0024247 0.0387036 0.1178613 0.0865347 0.0000000 0.0118268 0.0401585 0.0986180 0.1048226 0.1042474 0.1018937 0.1022034 0.0070064 0.1041619 0.0792044 0.1082799 0.1026722 0.0986637 0.0986661 0.0709265 0.0930821 0.0997880 0.0263664 0.1048436 
Dasyuridae_Sarcophilus_harrisii              0.0816677 0.0833558 0.0873850 0.1087388 0.1077102 0.0249922 0.0898998 0.0954509 0.0976631 0.1073649 0.0961385 0.0118605 0.0373506 0.1182634 0.0888860 0.0118268 0.0000000 0.0391460 0.1007760 0.1051403 0.1079445 0.0971475 0.1006064 0.0128695 0.1050102 0.0832021 0.1072062 0.1051004 0.1002065 0.0987076 0.0704080 0.0928172 0.1023262 0.0224434 0.1061299 
Dasyuridae_Planigale_tenuirostris            0.0751960 0.0825292 0.0805141 0.1069495 0.1076350 0.0269956 0.0860903 0.0881597 0.0956397 0.1004875 0.0891753 0.0412863 0.0443129 0.1082856 0.0895608 0.0401585 0.0391460 0.0000000 0.0944069 0.1036502 0.0967721 0.0942174 0.0937726 0.0411331 0.0983389 0.0879522 0.1000417 0.1007657 0.0923133 0.1008612 0.0665280 0.0870600 0.0942722 0.0236318 0.0985901 
Peramelidae_Echymipera_kalubu                0.0988088 0.0952157 0.0978129 0.1194324 0.1221378 0.0922125 0.1002590 0.1003530 0.1061394 0.0252458 0.1063438 0.0978691 0.1051543 0.1267782 0.1011025 0.0986180 0.1007760 0.0944069 0.0000000 0.1193708 0.1123119 0.1100976 0.1088334 0.0974198 0.1194733 0.1037651 0.1126908 0.1170435 0.1038498 0.1064593 0.0825577 0.1008138 0.0116380 0.0928072 0.0248820 
Macropodidae_Dorcopsulus_vanheurni           0.0689519 0.1018756 0.0853375 0.0392784 0.0394672 0.0998205 0.0747263 0.0765613 0.0396487 0.1209468 0.0772003 0.1050652 0.1125124 0.0958267 0.0791761 0.1048226 0.1051403 0.1036502 0.1193708 0.0000000 0.0886615 0.1206121 0.1221688 0.1037912 0.0501524 0.1026152 0.0970862 0.0148557 0.0866045 0.1000495 0.0686871 0.0769710 0.1210534 0.1000712 0.1200792 
Pseudochiridae_Pseudochirulus_forbesi        0.0684542 0.1033316 0.0848069 0.0912911 0.0935012 0.0991608 0.0698385 0.0711791 0.0780650 0.1128346 0.0810880 0.1061698 0.1159551 0.0971358 0.0804829 0.1042474 0.1079445 0.0967721 0.1123119 0.0886615 0.0000000 0.1235455 0.1200800 0.1024886 0.0901779 0.0978699 0.0458076 0.0847627 0.0392979 0.0819029 0.0633586 0.0748502 0.1124127 0.0989430 0.1122494 
Didelphidae_Didelphis_virginiana             0.0936401 0.0992132 0.0922276 0.1223537 0.1217333 0.0966225 0.1057662 0.1066522 0.1070733 0.1170385 0.1101762 0.0996182 0.1049420 0.1327510 0.1030734 0.1018937 0.0971475 0.0942174 0.1100976 0.1206121 0.1235455 0.0000000 0.0518229 0.0994233 0.1133538 0.1037520 0.1191018 0.1188202 0.1154285 0.1140391 0.0794768 0.1058454 0.1102796 0.0969145 0.1176361 
Marmosidae_Monodelphis_domestica             0.1017028 0.0970955 0.0949550 0.1246383 0.1257674 0.0981172 0.1072787 0.1144951 0.1118400 0.1183825 0.1133511 0.1009839 0.1055291 0.1360932 0.1029907 0.1022034 0.1006064 0.0937726 0.1088334 0.1221688 0.1200800 0.0518229 0.0000000 0.1009091 0.1212125 0.1007946 0.1196852 0.1194646 0.1095820 0.1163358 0.0849906 0.1093505 0.1115294 0.0984689 0.1167473 
Dasyuridae_Antechinus_stuartii               0.0817097 0.0840141 0.0852487 0.1062439 0.1066311 0.0291966 0.0902892 0.0953202 0.0950084 0.1055879 0.0909735 0.0061782 0.0393141 0.1156927 0.0864990 0.0070064 0.0128695 0.0411331 0.0974198 0.1037912 0.1024886 0.0994233 0.1009091 0.0000000 0.1022251 0.0787563 0.1069756 0.1014626 0.0971614 0.0969320 0.0702462 0.0917607 0.0990369 0.0263802 0.1044320 
Hypsiprymnodontidae_Hypsiprymnodon_moschatus 0.0675985 0.1026620 0.0785133 0.0598395 0.0628744 0.0960630 0.0775369 0.0814123 0.0515888 0.1253506 0.0813254 0.1049680 0.1113814 0.0970230 0.0769718 0.1041619 0.1050102 0.0983389 0.1194733 0.0501524 0.0901779 0.1133538 0.1212125 0.1022251 0.0000000 0.0999524 0.1032954 0.0523855 0.0886283 0.0964275 0.0617350 0.0761796 0.1236426 0.0988789 0.1212945 
Microbiotheriidae_Dromiciops_gliroides       0.0888725 0.0865300 0.0821350 0.1053913 0.1052002 0.0775086 0.0941120 0.0951986 0.0908464 0.1048396 0.0932001 0.0804949 0.0987849 0.1165895 0.0890575 0.0792044 0.0832021 0.0879522 0.1037651 0.1026152 0.0978699 0.1037520 0.1007946 0.0787563 0.0999524 0.0000000 0.0995695 0.0957405 0.0941561 0.1040535 0.0721110 0.0934250 0.1012869 0.0789948 0.1045338 
Pseudochiridae_Petauroides_volans            0.0830044 0.1041745 0.0845078 0.1026511 0.1031593 0.1023193 0.0874443 0.0837876 0.0941330 0.1091221 0.0756632 0.1099327 0.1182527 0.0797560 0.0900651 0.1082799 0.1072062 0.1000417 0.1126908 0.0970862 0.0458076 0.1191018 0.1196852 0.1069756 0.1032954 0.0995695 0.0000000 0.0955063 0.0328933 0.0879840 0.0701518 0.0800918 0.1109763 0.1001149 0.1112579 
Macropodidae_Wallabia_bicolor                0.0646240 0.1017864 0.0819954 0.0377111 0.0360260 0.0978474 0.0700202 0.0720072 0.0381304 0.1178846 0.0717966 0.1023358 0.1118313 0.0915527 0.0790209 0.1026722 0.1051004 0.1007657 0.1170435 0.0148557 0.0847627 0.1188202 0.1194646 0.1014626 0.0523855 0.0957405 0.0955063 0.0000000 0.0839139 0.0946882 0.0679386 0.0700427 0.1167048 0.0981632 0.1178508 
Pseudochiridae_Pseudocheirus_occidentalis    0.0700428 0.0895377 0.0715786 0.0870082 0.0892826 0.0918949 0.0736145 0.0732816 0.0827881 0.0995721 0.0664467 0.0991268 0.1087761 0.0649642 0.0796645 0.0986637 0.1002065 0.0923133 0.1038498 0.0866045 0.0392979 0.1154285 0.1095820 0.0971614 0.0886283 0.0941561 0.0328933 0.0839139 0.0000000 0.0873009 0.0579191 0.0679569 0.1022373 0.0905315 0.1011217 
Tarsipedidae_Tarsipes_rostratus              0.0697558 0.0914064 0.0837404 0.1025872 0.1027551 0.1006459 0.0780933 0.0751648 0.0910434 0.1062745 0.0787102 0.0994852 0.1045293 0.0962384 0.0665248 0.0986661 0.0987076 0.1008612 0.1064593 0.1000495 0.0819029 0.1140391 0.1163358 0.0969320 0.0964275 0.1040535 0.0879840 0.0946882 0.0873009 0.0000000 0.0632439 0.0777070 0.1030412 0.1010899 0.1082318 
Acrobatidae_Distoechurus_pennatus            0.0495227 0.0661774 0.0610049 0.0746224 0.0762759 0.0646267 0.0565046 0.0536046 0.0615081 0.0858182 0.0567541 0.0726469 0.0733404 0.0739438 0.0335044 0.0709265 0.0704080 0.0665280 0.0825577 0.0686871 0.0633586 0.0794768 0.0849906 0.0702462 0.0617350 0.0721110 0.0701518 0.0679386 0.0579191 0.0632439 0.0000000 0.0542341 0.0858277 0.0660587 0.0849662 
Phalangeridae_Phalanger_carmelitae           0.0489749 0.0904102 0.0671010 0.0789530 0.0797073 0.0878476 0.0344920 0.0329118 0.0664371 0.0974020 0.0225274 0.0938612 0.1029667 0.0349658 0.0735483 0.0930821 0.0928172 0.0870600 0.1008138 0.0769710 0.0748502 0.1058454 0.1093505 0.0917607 0.0761796 0.0934250 0.0800918 0.0700427 0.0679569 0.0777070 0.0542341 0.0000000 0.1024165 0.0876685 0.0986896 
Peramelidae_Peroryctes_raffrayana            0.0986942 0.0990133 0.0978193 0.1175828 0.1194327 0.0915561 0.1019571 0.1016974 0.1088715 0.0254813 0.1047251 0.1005034 0.1084922 0.1209949 0.1058353 0.0997880 0.1023262 0.0942722 0.0116380 0.1210534 0.1124127 0.1102796 0.1115294 0.0990369 0.1236426 0.1012869 0.1109763 0.1167048 0.1022373 0.1030412 0.0858277 0.1024165 0.0000000 0.0927903 0.0254140 
Dasyuridae_Dasyurus_geffroii                 0.0768894 0.0849080 0.0798486 0.1030128 0.1039068 0.0061568 0.0873334 0.0898591 0.0920964 0.0967283 0.0903578 0.0264445 0.0498572 0.1128813 0.0897278 0.0263664 0.0224434 0.0236318 0.0928072 0.1000712 0.0989430 0.0969145 0.0984689 0.0263802 0.0988789 0.0789948 0.1001149 0.0981632 0.0905315 0.1010899 0.0660587 0.0876685 0.0927903 0.0000000 0.0959714 
Peramelidae_Perameles_gunnii                 0.0987231 0.1041149 0.0961191 0.1201970 0.1219559 0.0948785 0.1011611 0.1024580 0.1057649 0.0017505 0.1023161 0.1053980 0.1069374 0.1224092 0.1015482 0.1048436 0.1061299 0.0985901 0.0248820 0.1200792 0.1122494 0.1176361 0.1167473 0.1044320 0.1212945 0.1045338 0.1112579 0.1178508 0.1011217 0.1082318 0.0849662 0.0986896 0.0254140 0.0959714 0.0000000 
