35
Burramyidae_Burramys_parvus                  0.0000000 0.1211577 0.0833406 0.0712466 0.0701666 0.1207099 0.0592095 0.0689119 0.0813815 0.1575653 0.0715987 0.1201382 0.1196265 0.0728295 0.0682424 0.1184562 0.1191178 0.1084203 0.1518372 0.0793559 0.0746412 0.1646404 0.1239015 0.0704697 0.1063536 0.0728538 0.0664202 0.0728713 0.0996277 0.0865225 0.0721349 0.1476983 0.1245770 0.1557107 0.1754434 
Notoryctidae_Notoryctes_typhlops             0.1211577 0.0000000 0.1359080 0.1439451 0.1411451 0.1867066 0.1276286 0.1355014 0.1515492 0.2121347 0.1421817 0.1837344 0.1774862 0.1379119 0.1385134 0.1866813 0.1842984 0.1769988 0.1960371 0.1517889 0.1326121 0.2223585 0.1849930 0.1394548 0.1567985 0.1364940 0.1405308 0.1331769 0.1697547 0.1636119 0.1380641 0.1955344 0.1888053 0.2106217 0.2020374 
Vombatidae_Lasiorhinus_latifrons             0.0833406 0.1359080 0.0000000 0.0974758 0.0982009 0.1277673 0.0919861 0.1011059 0.1087506 0.1730266 0.0999500 0.1335077 0.1290932 0.1003007 0.0962992 0.1364709 0.1269113 0.1259217 0.1667379 0.1082856 0.0911254 0.1824356 0.1361720 0.0943870 0.1118206 0.0872871 0.0949343 0.0883148 0.1222585 0.1147170 0.1001744 0.1629306 0.1325552 0.1702725 0.1729635 
Potoroidae_Bettongia_penicillata             0.0712466 0.1439451 0.0974758 0.0000000 0.0042824 0.1415999 0.0721378 0.0815119 0.0251603 0.1721671 0.0857196 0.1446510 0.1440288 0.0831764 0.0846381 0.1476187 0.1406855 0.1439514 0.1646445 0.0407186 0.0976493 0.1832409 0.1492857 0.0568630 0.1087781 0.0900724 0.0299335 0.0995973 0.1168789 0.0953362 0.0817744 0.1613751 0.1465592 0.1702774 0.1869486 
Potoroidae_Bettongia_lesueur                 0.0701666 0.1411451 0.0982009 0.0042824 0.0000000 0.1418545 0.0705354 0.0804317 0.0230756 0.1670074 0.0840197 0.1435125 0.1443749 0.0815577 0.0848477 0.1464741 0.1409382 0.1431402 0.1595520 0.0379052 0.0959776 0.1813343 0.1474350 0.0546775 0.1115450 0.0901763 0.0273171 0.0979326 0.1161513 0.0940069 0.0801605 0.1562809 0.1452058 0.1671488 0.1851696 
Dasyuridae_Dasyurus_maculatus                0.1207099 0.1867066 0.1277673 0.1415999 0.1418545 0.0000000 0.1276595 0.1391837 0.1590650 0.2037412 0.1392772 0.0496621 0.0588722 0.1421766 0.1384485 0.0506244 0.0096819 0.0587821 0.2008002 0.1576001 0.1489789 0.1920342 0.0461705 0.1382383 0.1354125 0.1436806 0.1356366 0.1476066 0.1545177 0.1411013 0.1396287 0.2016131 0.0091938 0.2014005 0.2035403 
Phalangeridae_Trichosurus_vulpecula          0.0592095 0.1276286 0.0919861 0.0721378 0.0705354 0.1276595 0.0000000 0.0250306 0.0817606 0.1615247 0.0289955 0.1304916 0.1278537 0.0256586 0.0737597 0.1341274 0.1238324 0.1281887 0.1560808 0.0815362 0.0858258 0.1656219 0.1353186 0.0806226 0.1061008 0.0820185 0.0699969 0.0845684 0.1062209 0.0789532 0.0266753 0.1527902 0.1316522 0.1602130 0.1679535 
Phalangeridae_Spilocuscus_maculatus          0.0689119 0.1355014 0.1011059 0.0815119 0.0804317 0.1391837 0.0250306 0.0000000 0.0927464 0.1781780 0.0160183 0.1371864 0.1405284 0.0114012 0.0828118 0.1408742 0.1359631 0.1346960 0.1710846 0.0939057 0.0914786 0.1743200 0.1425203 0.0894500 0.1182952 0.0915788 0.0800401 0.0923135 0.1182399 0.0886726 0.0128542 0.1694838 0.1432801 0.1768531 0.1766915 
Potoroidae_Aepyprymnus_rufescens             0.0813815 0.1515492 0.1087506 0.0251603 0.0230756 0.1590650 0.0817606 0.0927464 0.0000000 0.1824516 0.0924338 0.1616585 0.1638526 0.0929212 0.0992097 0.1626506 0.1563821 0.1578627 0.1770855 0.0368598 0.1069078 0.1989417 0.1659854 0.0675490 0.1246328 0.0982094 0.0376738 0.1088517 0.1283927 0.1076863 0.0921177 0.1740548 0.1609431 0.1810644 0.2041402 
Peramelidae_Perameles_nasuta                 0.1575653 0.2121347 0.1730266 0.1721671 0.1670074 0.2037412 0.1615247 0.1781780 0.1824516 0.0000000 0.1746395 0.1994984 0.1869753 0.1736298 0.1822010 0.2006095 0.1989203 0.1785080 0.0342369 0.1712030 0.1580906 0.2269326 0.2117632 0.1673316 0.1699478 0.1664916 0.1625211 0.1650891 0.1945916 0.1788463 0.1710163 0.0316500 0.2075460 0.0009328 0.1787308 
Phalangeridae_Strigocuscus_pelengensis       0.0715987 0.1421817 0.0999500 0.0857196 0.0840197 0.1392772 0.0289955 0.0160183 0.0924338 0.1746395 0.0000000 0.1423244 0.1444622 0.0124863 0.0861168 0.1428673 0.1366645 0.1354384 0.1681301 0.0958803 0.0980355 0.1738222 0.1429645 0.0908242 0.1230164 0.0915081 0.0817226 0.0972070 0.1204015 0.0928181 0.0145602 0.1672015 0.1411743 0.1732659 0.1792354 
Dasyuridae_Phascogale_tapoatafa              0.1201382 0.1837344 0.1335077 0.1446510 0.1435125 0.0496621 0.1304916 0.1371864 0.1616585 0.1994984 0.1423244 0.0000000 0.0617847 0.1428343 0.1398059 0.0093091 0.0476966 0.0617669 0.1960735 0.1620715 0.1510427 0.2079717 0.0293610 0.1418402 0.1424717 0.1422156 0.1397844 0.1488002 0.1648894 0.1513436 0.1418415 0.1983998 0.0499264 0.1991752 0.1943636 
Dasyuridae_Sminthopsis_macroura              0.1196265 0.1774862 0.1290932 0.1440288 0.1443749 0.0588722 0.1278537 0.1405284 0.1638526 0.1869753 0.1444622 0.0617847 0.0000000 0.1453473 0.1353698 0.0642873 0.0567398 0.0418631 0.1852597 0.1562967 0.1377312 0.1994081 0.0671183 0.1419929 0.1451005 0.1261342 0.1405971 0.1346843 0.1645465 0.1480391 0.1443349 0.1843006 0.0612763 0.1850585 0.1929831 
Phalangeridae_Phalanger_orientalis           0.0728295 0.1379119 0.1003007 0.0831764 0.0815577 0.1421766 0.0256586 0.0114012 0.0929212 0.1736298 0.0124863 0.1428343 0.1453473 0.0000000 0.0854607 0.1468728 0.1401923 0.1375162 0.1664578 0.0946681 0.0921231 0.1769571 0.1462313 0.0894706 0.1191586 0.0916464 0.0812280 0.0935025 0.1172418 0.0892060 0.0042419 0.1665129 0.1447214 0.1723065 0.1779421 
Acrobatidae_Acrobates_pygmaeus               0.0682424 0.1385134 0.0962992 0.0846381 0.0848477 0.1384485 0.0737597 0.0828118 0.0992097 0.1822010 0.0861168 0.1398059 0.1353698 0.0854607 0.0000000 0.1442805 0.1393994 0.1322519 0.1730319 0.0966373 0.0817755 0.1867505 0.1445690 0.0862581 0.1193483 0.0741932 0.0848014 0.0820534 0.0994017 0.0554812 0.0840598 0.1702707 0.1463967 0.1794209 0.1970315 
Dasyuridae_Phascogale_calura                 0.1184562 0.1866813 0.1364709 0.1476187 0.1464741 0.0506244 0.1341274 0.1408742 0.1626506 0.2006095 0.1428673 0.0093091 0.0642873 0.1468728 0.1442805 0.0000000 0.0474516 0.0649493 0.1990198 0.1654090 0.1543878 0.2041828 0.0299206 0.1420674 0.1461760 0.1437681 0.1426545 0.1527290 0.1656008 0.1562671 0.1458622 0.2011977 0.0494074 0.2002867 0.1940796 
Dasyuridae_Sarcophilus_harrisii              0.1191178 0.1842984 0.1269113 0.1406855 0.1409382 0.0096819 0.1238324 0.1359631 0.1563821 0.1989203 0.1366645 0.0476966 0.0567398 0.1401923 0.1393994 0.0474516 0.0000000 0.0540822 0.1969443 0.1572209 0.1484631 0.1870004 0.0431966 0.1378554 0.1302607 0.1421847 0.1384474 0.1455106 0.1574275 0.1396629 0.1392112 0.1966993 0.0101569 0.1966048 0.2000927 
Dasyuridae_Planigale_tenuirostris            0.1084203 0.1769988 0.1259217 0.1439514 0.1431402 0.0587821 0.1281887 0.1346960 0.1578627 0.1785080 0.1354384 0.0617669 0.0418631 0.1375162 0.1322519 0.0649493 0.0540822 0.0000000 0.1784576 0.1520530 0.1310828 0.1925236 0.0662239 0.1333877 0.1363708 0.1278334 0.1367069 0.1298876 0.1628454 0.1511542 0.1376406 0.1765258 0.0567704 0.1776928 0.1822571 
Peramelidae_Echymipera_kalubu                0.1518372 0.1960371 0.1667379 0.1646445 0.1595520 0.2008002 0.1560808 0.1710846 0.1770855 0.0342369 0.1681301 0.1960735 0.1852597 0.1664578 0.1730319 0.1990198 0.1969443 0.1784576 0.0000000 0.1662561 0.1577488 0.2230395 0.2064244 0.1586528 0.1671205 0.1665627 0.1545276 0.1612811 0.1908773 0.1734606 0.1626119 0.0194227 0.2055153 0.0332034 0.1873348 
Macropodidae_Dorcopsulus_vanheurni           0.0793559 0.1517889 0.1082856 0.0407186 0.0379052 0.1576001 0.0815362 0.0939057 0.0368598 0.1712030 0.0958803 0.1620715 0.1562967 0.0946681 0.0966373 0.1654090 0.1572209 0.1520530 0.1662561 0.0000000 0.0943384 0.1913995 0.1663834 0.0623179 0.1245209 0.0964916 0.0228598 0.1000817 0.1249043 0.1022575 0.0917998 0.1616451 0.1628976 0.1715915 0.1992611 
Pseudochiridae_Pseudochirulus_forbesi        0.0746412 0.1326121 0.0911254 0.0976493 0.0959776 0.1489789 0.0858258 0.0914786 0.1069078 0.1580906 0.0980355 0.1510427 0.1377312 0.0921231 0.0817755 0.1543878 0.1484631 0.1310828 0.1577488 0.0943384 0.0000000 0.1772232 0.1577447 0.0865193 0.1211352 0.0399206 0.0927427 0.0172052 0.1046026 0.0988991 0.0906885 0.1532057 0.1551402 0.1559493 0.1659139 
Marmosidae_Monodelphis_domestica             0.1646404 0.2223585 0.1824356 0.1832409 0.1813343 0.1920342 0.1656219 0.1743200 0.1989417 0.2269326 0.1738222 0.2079717 0.1994081 0.1769571 0.1867505 0.2041828 0.1870004 0.1925236 0.2230395 0.1913995 0.1772232 0.0000000 0.2087559 0.1799280 0.1890158 0.1832397 0.1726448 0.1802629 0.2003999 0.1863352 0.1733387 0.2260963 0.1916380 0.2249644 0.0908832 
Dasyuridae_Antechinus_stuartii               0.1239015 0.1849930 0.1361720 0.1492857 0.1474350 0.0461705 0.1353186 0.1425203 0.1659854 0.2117632 0.1429645 0.0293610 0.0671183 0.1462313 0.1445690 0.0299206 0.0431966 0.0662239 0.2064244 0.1663834 0.1577447 0.2087559 0.0000000 0.1430806 0.1496318 0.1447630 0.1459071 0.1525510 0.1658030 0.1564083 0.1452146 0.2096201 0.0473380 0.2104085 0.2049355 
Hypsiprymnodontidae_Hypsiprymnodon_moschatus 0.0704697 0.1394548 0.0943870 0.0568630 0.0546775 0.1382383 0.0806226 0.0894500 0.0675490 0.1673316 0.0908242 0.1418402 0.1419929 0.0894706 0.0862581 0.1420674 0.1378554 0.1333877 0.1586528 0.0623179 0.0865193 0.1799280 0.1430806 0.0000000 0.1163233 0.0857175 0.0517276 0.0885989 0.1080464 0.1096392 0.0894809 0.1609799 0.1415326 0.1668990 0.1890275 
Microbiotheriidae_Dromiciops_gliroides       0.1063536 0.1567985 0.1118206 0.1087781 0.1115450 0.1354125 0.1061008 0.1182952 0.1246328 0.1699478 0.1230164 0.1424717 0.1451005 0.1191586 0.1193483 0.1461760 0.1302607 0.1363708 0.1671205 0.1245209 0.1211352 0.1890158 0.1496318 0.1163233 0.0000000 0.1228356 0.1079973 0.1238427 0.1491419 0.1312535 0.1154192 0.1660164 0.1405795 0.1709731 0.1896057 
Pseudochiridae_Petauroides_volans            0.0728538 0.1364940 0.0872871 0.0900724 0.0901763 0.1436806 0.0820185 0.0915788 0.0982094 0.1664916 0.0915081 0.1422156 0.1261342 0.0916464 0.0741932 0.1437681 0.1421847 0.1278334 0.1665627 0.0964916 0.0399206 0.1832397 0.1447630 0.0857175 0.1228356 0.0000000 0.0864109 0.0390321 0.0967366 0.0944137 0.0915805 0.1622030 0.1470723 0.1651510 0.1779320 
Macropodidae_Wallabia_bicolor                0.0664202 0.1405308 0.0949343 0.0299335 0.0273171 0.1356366 0.0699969 0.0800401 0.0376738 0.1625211 0.0817226 0.1397844 0.1405971 0.0812280 0.0848014 0.1426545 0.1384474 0.1367069 0.1545276 0.0228598 0.0927427 0.1726448 0.1459071 0.0517276 0.1079973 0.0864109 0.0000000 0.0940957 0.1058449 0.0941513 0.0792035 0.1517953 0.1404964 0.1620884 0.1837674 
Pseudochiridae_Pseudocheirus_occidentalis    0.0728713 0.1331769 0.0883148 0.0995973 0.0979326 0.1476066 0.0845684 0.0923135 0.1088517 0.1650891 0.0972070 0.1488002 0.1346843 0.0935025 0.0820534 0.1527290 0.1455106 0.1298876 0.1612811 0.1000817 0.0172052 0.1802629 0.1525510 0.0885989 0.1238427 0.0390321 0.0940957 0.0000000 0.1019627 0.1026321 0.0933871 0.1585038 0.1520859 0.1629288 0.1728359 
Tarsipedidae_Tarsipes_rostratus              0.0996277 0.1697547 0.1222585 0.1168789 0.1161513 0.1545177 0.1062209 0.1182399 0.1283927 0.1945916 0.1204015 0.1648894 0.1645465 0.1172418 0.0994017 0.1656008 0.1574275 0.1628454 0.1908773 0.1249043 0.1046026 0.2003999 0.1658030 0.1080464 0.1491419 0.0967366 0.1058449 0.1019627 0.0000000 0.1271429 0.1157961 0.1879472 0.1615140 0.1966239 0.1925376 
Acrobatidae_Distoechurus_pennatus            0.0865225 0.1636119 0.1147170 0.0953362 0.0940069 0.1411013 0.0789532 0.0886726 0.1076863 0.1788463 0.0928181 0.1513436 0.1480391 0.0892060 0.0554812 0.1562671 0.1396629 0.1511542 0.1734606 0.1022575 0.0988991 0.1863352 0.1564083 0.1096392 0.1312535 0.0944137 0.0941513 0.1026321 0.1271429 0.0000000 0.0884570 0.1741517 0.1461921 0.1781376 0.1992212 
Phalangeridae_Phalanger_carmelitae           0.0721349 0.1380641 0.1001744 0.0817744 0.0801605 0.1396287 0.0266753 0.0128542 0.0921177 0.1710163 0.0145602 0.1418415 0.1443349 0.0042419 0.0840598 0.1458622 0.1392112 0.1376406 0.1626119 0.0917998 0.0906885 0.1733387 0.1452146 0.0894809 0.1154192 0.0915805 0.0792035 0.0933871 0.1157961 0.0884570 0.0000000 0.1639162 0.1437204 0.1696971 0.1767658 
Peramelidae_Peroryctes_raffrayana            0.1476983 0.1955344 0.1629306 0.1613751 0.1562809 0.2016131 0.1527902 0.1694838 0.1740548 0.0316500 0.1672015 0.1983998 0.1843006 0.1665129 0.1702707 0.2011977 0.1966993 0.1765258 0.0194227 0.1616451 0.1532057 0.2260963 0.2096201 0.1609799 0.1660164 0.1622030 0.1517953 0.1585038 0.1879472 0.1741517 0.1639162 0.0000000 0.2063585 0.0306230 0.1887119 
Dasyuridae_Dasyurus_geffroii                 0.1245770 0.1888053 0.1325552 0.1465592 0.1452058 0.0091938 0.1316522 0.1432801 0.1609431 0.2075460 0.1411743 0.0499264 0.0612763 0.1447214 0.1463967 0.0494074 0.0101569 0.0567704 0.2055153 0.1628976 0.1551402 0.1916380 0.0473380 0.1415326 0.1405795 0.1470723 0.1404964 0.1520859 0.1615140 0.1461921 0.1437204 0.2063585 0.0000000 0.2051930 0.2035751 
Peramelidae_Perameles_gunnii                 0.1557107 0.2106217 0.1702725 0.1702774 0.1671488 0.2014005 0.1602130 0.1768531 0.1810644 0.0009328 0.1732659 0.1991752 0.1850585 0.1723065 0.1794209 0.2002867 0.1966048 0.1776928 0.0332034 0.1715915 0.1559493 0.2249644 0.2104085 0.1668990 0.1709731 0.1651510 0.1620884 0.1629288 0.1966239 0.1781376 0.1696971 0.0306230 0.2051930 0.0000000 0.1787308 
Didelphidae_Didelphis_virginiana             0.1754434 0.2020374 0.1729635 0.1869486 0.1851696 0.2035403 0.1679535 0.1766915 0.2041402 0.1787308 0.1792354 0.1943636 0.1929831 0.1779421 0.1970315 0.1940796 0.2000927 0.1822571 0.1873348 0.1992611 0.1659139 0.0908832 0.2049355 0.1890275 0.1896057 0.1779320 0.1837674 0.1728359 0.1925376 0.1992212 0.1767658 0.1887119 0.2035751 0.1787308 0.0000000 
