35
Burramyidae_Burramys_parvus                  0.0000000 0.0688491 0.0557815 0.0560352 0.0566264 0.0785801 0.0644842 0.0351674 0.0610953 0.0663771 0.0526230 0.0752242 0.0806891 0.0535653 0.0651739 0.0733386 0.0760943 0.0706594 0.0818331 0.0557219 0.0749829 0.0915983 0.1104443 0.0683807 0.0476991 0.0676590 0.0792913 0.0543544 0.0535863 0.0551760 0.0496759 0.0463880 0.0698487 0.0759892 0.0682058 
Notoryctidae_Notoryctes_typhlops             0.0688491 0.0000000 0.0818222 0.0809991 0.0811115 0.1004322 0.0907910 0.0729380 0.0886371 0.0862526 0.0914776 0.1008964 0.1047075 0.0930403 0.1008892 0.1007545 0.0971797 0.1024261 0.0988711 0.0899401 0.1153874 0.1103185 0.1361516 0.0920179 0.0863180 0.0801190 0.1310015 0.0838865 0.0900411 0.0897888 0.0836442 0.0824411 0.0968940 0.0972433 0.0905521 
Vombatidae_Lasiorhinus_latifrons             0.0557815 0.0818222 0.0000000 0.0763630 0.0768277 0.0803232 0.0905865 0.0596046 0.0805618 0.0740540 0.0762596 0.0761891 0.0848766 0.0760579 0.0882561 0.0751871 0.0784763 0.0833796 0.0888532 0.0765703 0.1004430 0.0908940 0.1117257 0.0765810 0.0715678 0.0748854 0.1006903 0.0723440 0.0724545 0.0756421 0.0666259 0.0696018 0.0773788 0.0777668 0.0751742 
Potoroidae_Bettongia_penicillata             0.0560352 0.0809991 0.0763630 0.0000000 0.0059052 0.0987047 0.0885544 0.0567291 0.0118840 0.0810999 0.0765153 0.0954543 0.1010693 0.0764593 0.0811366 0.0942976 0.0953709 0.0925276 0.0971765 0.0255758 0.0911698 0.0969966 0.1107210 0.0904066 0.0423564 0.0834643 0.0930160 0.0236467 0.0722228 0.0664474 0.0661754 0.0689251 0.0850751 0.0960385 0.0822609 
Potoroidae_Bettongia_lesueur                 0.0566264 0.0811115 0.0768277 0.0059052 0.0000000 0.0990425 0.0925583 0.0588793 0.0138597 0.0800568 0.0777774 0.0942645 0.1013993 0.0777233 0.0800741 0.0940151 0.0957227 0.0941296 0.0960123 0.0275806 0.0941877 0.0965614 0.1136181 0.0912637 0.0429358 0.0822997 0.0942671 0.0257162 0.0719857 0.0679727 0.0651678 0.0701607 0.0830716 0.0963870 0.0811877 
Dasyuridae_Dasyurus_maculatus                0.0785801 0.1004322 0.0803232 0.0987047 0.0990425 0.0000000 0.1153970 0.0806121 0.1045573 0.0901786 0.0971768 0.0264176 0.0300138 0.1014260 0.1093044 0.0256566 0.0099007 0.0255478 0.1053342 0.0971784 0.1163964 0.1028027 0.1270906 0.0214292 0.0888932 0.0888598 0.1256932 0.0970384 0.0913413 0.0962544 0.0901250 0.0923438 0.0921022 0.0058946 0.0921176 
Phalangeridae_Trichosurus_vulpecula          0.0644842 0.0907910 0.0905865 0.0885544 0.0925583 0.1153970 0.0000000 0.0469830 0.0981572 0.1016425 0.0431348 0.1128087 0.1196849 0.0432874 0.0890830 0.1116157 0.1127020 0.1085737 0.1134761 0.0882934 0.1048198 0.1259633 0.1486687 0.0953022 0.0839835 0.1059799 0.1129050 0.0878504 0.0928481 0.0850055 0.0795909 0.0372732 0.1081345 0.1125464 0.1018030 
Phalangeridae_Spilocuscus_maculatus          0.0351674 0.0729380 0.0596046 0.0567291 0.0588793 0.0806121 0.0469830 0.0000000 0.0632732 0.0649234 0.0262604 0.0774393 0.0819931 0.0249424 0.0656717 0.0755625 0.0781521 0.0752916 0.0740877 0.0556486 0.0788617 0.0894010 0.1069410 0.0718764 0.0528253 0.0655845 0.0799218 0.0581556 0.0550668 0.0533269 0.0454219 0.0171095 0.0714210 0.0780457 0.0679615 
Potoroidae_Aepyprymnus_rufescens             0.0610953 0.0886371 0.0805618 0.0118840 0.0138597 0.1045573 0.0981572 0.0632732 0.0000000 0.0862828 0.0808264 0.1013022 0.1069681 0.0798785 0.0829392 0.1010336 0.1012119 0.0985932 0.1021422 0.0295968 0.0987727 0.0995796 0.1156794 0.0969959 0.0478812 0.0877932 0.0989828 0.0277452 0.0771801 0.0727364 0.0702810 0.0722911 0.0902330 0.1018734 0.0874791 
Peramelidae_Perameles_nasuta                 0.0663771 0.0862526 0.0740540 0.0810999 0.0800568 0.0901786 0.1016425 0.0649234 0.0862828 0.0000000 0.0833639 0.0860456 0.0908305 0.0857340 0.0955047 0.0858816 0.0876347 0.0864937 0.0263251 0.0824111 0.1121847 0.0956188 0.1166552 0.0810769 0.0807408 0.0795549 0.1133491 0.0828917 0.0836155 0.0818561 0.0770531 0.0769691 0.0170220 0.0874993 0.0033402 
Phalangeridae_Strigocuscus_pelengensis       0.0526230 0.0914776 0.0762596 0.0765153 0.0777774 0.0971768 0.0431348 0.0262604 0.0808264 0.0833639 0.0000000 0.0938078 0.0987693 0.0158994 0.0769697 0.0917497 0.0944872 0.0882488 0.0952828 0.0751060 0.0965984 0.1095131 0.1276256 0.0844703 0.0721309 0.0869108 0.0974977 0.0779664 0.0692627 0.0723641 0.0666593 0.0124128 0.0931660 0.0944113 0.0851347 
Dasyuridae_Phascogale_tapoatafa              0.0752242 0.1008964 0.0761891 0.0954543 0.0942645 0.0264176 0.1128087 0.0774393 0.1013022 0.0860456 0.0938078 0.0000000 0.0272691 0.0972946 0.1042228 0.0032661 0.0257162 0.0248937 0.0986034 0.0931346 0.1135685 0.1046906 0.1256423 0.0136150 0.0873256 0.0821580 0.1228494 0.0918698 0.0855821 0.0929073 0.0861892 0.0883016 0.0879681 0.0242902 0.0880284 
Dasyuridae_Sminthopsis_macroura              0.0806891 0.1047075 0.0848766 0.1010693 0.1013993 0.0300138 0.1196849 0.0819931 0.1069681 0.0908305 0.0987693 0.0272691 0.0000000 0.1030106 0.1118465 0.0265004 0.0321889 0.0187943 0.1044080 0.1002650 0.1214432 0.1119570 0.1316135 0.0243975 0.0935713 0.0937344 0.1320197 0.1001457 0.0936177 0.0994851 0.0931178 0.0938293 0.0929863 0.0278574 0.0927762 
Phalangeridae_Phalanger_orientalis           0.0535653 0.0930403 0.0760579 0.0764593 0.0777233 0.1014260 0.0432874 0.0249424 0.0798785 0.0857340 0.0158994 0.0972946 0.1030106 0.0000000 0.0754691 0.0970324 0.0978614 0.0936281 0.1009792 0.0751134 0.0975870 0.1125809 0.1267156 0.0893976 0.0717620 0.0872846 0.0950564 0.0779938 0.0751593 0.0753019 0.0644952 0.0059306 0.0941539 0.0987175 0.0868920 
Acrobatidae_Acrobates_pygmaeus               0.0651739 0.1008892 0.0882561 0.0811366 0.0800741 0.1093044 0.0890830 0.0656717 0.0829392 0.0955047 0.0769697 0.1042228 0.1118465 0.0754691 0.0000000 0.1039331 0.1048727 0.1047489 0.1082227 0.0829463 0.0916873 0.1179110 0.1391252 0.1015220 0.0777049 0.0917323 0.0923103 0.0810345 0.0674655 0.0717642 0.0462873 0.0695811 0.1011431 0.1047267 0.0971141 
Dasyuridae_Phascogale_calura                 0.0733386 0.1007545 0.0751871 0.0942976 0.0940151 0.0256566 0.1116157 0.0755625 0.1010336 0.0858816 0.0917497 0.0032661 0.0265004 0.0970324 0.1039331 0.0000000 0.0249582 0.0225468 0.0984173 0.0928890 0.1113777 0.1035605 0.1243943 0.0128918 0.0862784 0.0810895 0.1185239 0.0927199 0.0827852 0.0899967 0.0851503 0.0880671 0.0877954 0.0235390 0.0878630 
Dasyuridae_Sarcophilus_harrisii              0.0760943 0.0971797 0.0784763 0.0953709 0.0957227 0.0099007 0.1127020 0.0781521 0.1012119 0.0876347 0.0944872 0.0257162 0.0321889 0.0978614 0.1048727 0.0249582 0.0000000 0.0262766 0.1027316 0.0938759 0.1129979 0.1000873 0.1247515 0.0221207 0.0856179 0.0859404 0.1246226 0.0937133 0.0871240 0.0927723 0.0876474 0.0898352 0.0904249 0.0065647 0.0895990 
Dasyuridae_Planigale_tenuirostris            0.0706594 0.1024261 0.0833796 0.0925276 0.0941296 0.0255478 0.1085737 0.0752916 0.0985932 0.0864937 0.0882488 0.0248937 0.0187943 0.0936281 0.1047489 0.0225468 0.0262766 0.0000000 0.1012778 0.0932133 0.1110984 0.1051955 0.1302604 0.0214140 0.0854870 0.0856761 0.1202156 0.0933314 0.0846078 0.0904889 0.0849857 0.0835038 0.0885738 0.0239978 0.0892150 
Peramelidae_Echymipera_kalubu                0.0818331 0.0988711 0.0888532 0.0971765 0.0960123 0.1053342 0.1134761 0.0740877 0.1021422 0.0263251 0.0952828 0.0986034 0.1044080 0.1009792 0.1082227 0.0984173 0.1027316 0.1012778 0.0000000 0.0982186 0.1232263 0.1074750 0.1292037 0.0943500 0.0931376 0.0904063 0.1281523 0.0979200 0.0963158 0.0962817 0.0860704 0.0911380 0.0189641 0.1025915 0.0281122 
Macropodidae_Dorcopsulus_vanheurni           0.0557219 0.0899401 0.0765703 0.0255758 0.0275806 0.0971784 0.0882934 0.0556486 0.0295968 0.0824111 0.0751060 0.0931346 0.1002650 0.0751134 0.0829463 0.0928890 0.0938759 0.0932133 0.0982186 0.0000000 0.0963076 0.1012811 0.1177364 0.0886411 0.0443700 0.0878383 0.0966142 0.0139082 0.0764445 0.0694260 0.0694238 0.0676253 0.0870647 0.0945394 0.0843423 
Pseudochiridae_Pseudochirulus_forbesi        0.0749829 0.1153874 0.1004430 0.0911698 0.0941877 0.1163964 0.1048198 0.0788617 0.0987727 0.1121847 0.0965984 0.1135685 0.1214432 0.0975870 0.0916873 0.1113777 0.1129979 0.1110984 0.1232263 0.0963076 0.0000000 0.1273168 0.1477163 0.1079389 0.0921143 0.1092483 0.0641788 0.0953392 0.0450107 0.0796390 0.0730176 0.0896296 0.1135360 0.1144326 0.1130305 
Didelphidae_Didelphis_virginiana             0.0915983 0.1103185 0.0908940 0.0969966 0.0965614 0.1028027 0.1259633 0.0894010 0.0995796 0.0956188 0.1095131 0.1046906 0.1119570 0.1125809 0.1179110 0.1035605 0.1000873 0.1051955 0.1074750 0.1012811 0.1273168 0.0000000 0.0422199 0.1012724 0.1001421 0.0976081 0.1357867 0.0995190 0.1005628 0.1039899 0.0941041 0.1026912 0.1009999 0.1017768 0.0983499 
Marmosidae_Monodelphis_domestica             0.1104443 0.1361516 0.1117257 0.1107210 0.1136181 0.1270906 0.1486687 0.1069410 0.1156794 0.1166552 0.1276256 0.1256423 0.1316135 0.1267156 0.1391252 0.1243943 0.1247515 0.1302604 0.1292037 0.1177364 0.1477163 0.0422199 0.0000000 0.1192908 0.1193947 0.1168152 0.1537143 0.1178442 0.1201887 0.1238728 0.1120045 0.1188602 0.1212937 0.1268261 0.1184999 
Dasyuridae_Antechinus_stuartii               0.0683807 0.0920179 0.0765810 0.0904066 0.0912637 0.0214292 0.0953022 0.0718764 0.0969959 0.0810769 0.0844703 0.0136150 0.0243975 0.0893976 0.1015220 0.0128918 0.0221207 0.0214140 0.0943500 0.0886411 0.1079389 0.1012724 0.1192908 0.0000000 0.0802238 0.0821039 0.1179997 0.0880773 0.0818345 0.0873576 0.0834647 0.0804405 0.0840786 0.0206734 0.0849776 
Hypsiprymnodontidae_Hypsiprymnodon_moschatus 0.0476991 0.0863180 0.0715678 0.0423564 0.0429358 0.0888932 0.0839835 0.0528253 0.0478812 0.0807408 0.0721309 0.0873256 0.0935713 0.0717620 0.0777049 0.0862784 0.0856179 0.0854870 0.0931376 0.0443700 0.0921143 0.1001421 0.1193947 0.0802238 0.0000000 0.0787072 0.0939437 0.0446918 0.0691714 0.0633068 0.0591420 0.0635410 0.0841914 0.0862950 0.0824912 
Microbiotheriidae_Dromiciops_gliroides       0.0676590 0.0801190 0.0748854 0.0834643 0.0822997 0.0888598 0.1059799 0.0655845 0.0877932 0.0795549 0.0869108 0.0821580 0.0937344 0.0872846 0.0917323 0.0810895 0.0859404 0.0856761 0.0904063 0.0878383 0.1092483 0.0976081 0.1168152 0.0821039 0.0787072 0.0000000 0.1093682 0.0866641 0.0808932 0.0769063 0.0738527 0.0760908 0.0833343 0.0869773 0.0816023 
Pseudochiridae_Petauroides_volans            0.0792913 0.1310015 0.1006903 0.0930160 0.0942671 0.1256932 0.1129050 0.0799218 0.0989828 0.1133491 0.0974977 0.1228494 0.1320197 0.0950564 0.0923103 0.1185239 0.1246226 0.1202156 0.1281523 0.0966142 0.0641788 0.1357867 0.1537143 0.1179997 0.0939437 0.1093682 0.0000000 0.0988347 0.0623026 0.0846414 0.0801767 0.0887646 0.1168688 0.1244494 0.1146756 
Macropodidae_Wallabia_bicolor                0.0543544 0.0838865 0.0723440 0.0236467 0.0257162 0.0970384 0.0878504 0.0581556 0.0277452 0.0828917 0.0779664 0.0918698 0.1001457 0.0779938 0.0810345 0.0927199 0.0937133 0.0933314 0.0979200 0.0139082 0.0953392 0.0995190 0.1178442 0.0880773 0.0446918 0.0866641 0.0988347 0.0000000 0.0746258 0.0680980 0.0660567 0.0703979 0.0875673 0.0943894 0.0848287 
Pseudochiridae_Pseudocheirus_occidentalis    0.0535863 0.0900411 0.0724545 0.0722228 0.0719857 0.0913413 0.0928481 0.0550668 0.0771801 0.0836155 0.0692627 0.0855821 0.0936177 0.0751593 0.0674655 0.0827852 0.0871240 0.0846078 0.0963158 0.0764445 0.0450107 0.1005628 0.1201887 0.0818345 0.0691714 0.0808932 0.0623026 0.0746258 0.0000000 0.0568437 0.0456878 0.0668769 0.0848725 0.0895072 0.0848859 
Tarsipedidae_Tarsipes_rostratus              0.0551760 0.0897888 0.0756421 0.0664474 0.0679727 0.0962544 0.0850055 0.0533269 0.0727364 0.0818561 0.0723641 0.0929073 0.0994851 0.0753019 0.0717642 0.0899967 0.0927723 0.0904889 0.0962817 0.0694260 0.0796390 0.1039899 0.1238728 0.0873576 0.0633068 0.0769063 0.0846414 0.0680980 0.0568437 0.0000000 0.0516638 0.0660185 0.0892069 0.0935291 0.0852601 
Acrobatidae_Distoechurus_pennatus            0.0496759 0.0836442 0.0666259 0.0661754 0.0651678 0.0901250 0.0795909 0.0454219 0.0702810 0.0770531 0.0666593 0.0861892 0.0931178 0.0644952 0.0462873 0.0851503 0.0876474 0.0849857 0.0860704 0.0694238 0.0730176 0.0941041 0.1120045 0.0834647 0.0591420 0.0738527 0.0801767 0.0660567 0.0456878 0.0516638 0.0000000 0.0557122 0.0797915 0.0875297 0.0783027 
Phalangeridae_Phalanger_carmelitae           0.0463880 0.0824411 0.0696018 0.0689251 0.0701607 0.0923438 0.0372732 0.0171095 0.0722911 0.0769691 0.0124128 0.0883016 0.0938293 0.0059306 0.0695811 0.0880671 0.0898352 0.0835038 0.0911380 0.0676253 0.0896296 0.1026912 0.1188602 0.0804405 0.0635410 0.0760908 0.0887646 0.0703979 0.0668769 0.0660185 0.0557122 0.0000000 0.0840688 0.0897136 0.0774428 
Peramelidae_Peroryctes_raffrayana            0.0698487 0.0968940 0.0773788 0.0850751 0.0830716 0.0921022 0.1081345 0.0714210 0.0902330 0.0170220 0.0931660 0.0879681 0.0929863 0.0941539 0.1011431 0.0877954 0.0904249 0.0885738 0.0189641 0.0870647 0.1135360 0.1009999 0.1212937 0.0840786 0.0841914 0.0833343 0.1168688 0.0875673 0.0848725 0.0892069 0.0797915 0.0840688 0.0000000 0.0902696 0.0212075 
Dasyuridae_Dasyurus_geffroii                 0.0759892 0.0972433 0.0777668 0.0960385 0.0963870 0.0058946 0.1125464 0.0780457 0.1018734 0.0874993 0.0944113 0.0242902 0.0278574 0.0987175 0.1047267 0.0235390 0.0065647 0.0239978 0.1025915 0.0945394 0.1144326 0.1017768 0.1268261 0.0206734 0.0862950 0.0869773 0.1244494 0.0943894 0.0895072 0.0935291 0.0875297 0.0897136 0.0902696 0.0000000 0.0894624 
Peramelidae_Perameles_gunnii                 0.0682058 0.0905521 0.0751742 0.0822609 0.0811877 0.0921176 0.1018030 0.0679615 0.0874791 0.0033402 0.0851347 0.0880284 0.0927762 0.0868920 0.0971141 0.0878630 0.0895990 0.0892150 0.0281122 0.0843423 0.1130305 0.0983499 0.1184999 0.0849776 0.0824912 0.0816023 0.1146756 0.0848287 0.0848859 0.0852601 0.0783027 0.0774428 0.0212075 0.0894624 0.0000000 
