37
Burramyidae_Burramys_parvus                  0.0000000 0.1305411 0.0911816 0.0842453 0.0786615 0.1308518 0.0825735 0.0725131 0.0867931 0.1297050 0.0820659 0.1281260 0.1332493 0.0776701 0.0686374 0.1288415 0.1323450 0.1266047 0.1256980 0.0813033 0.0961617 0.1563726 0.1464414 0.1315907 0.0804722 0.1139033 0.0749607 0.0832378 0.0827095 0.1058797 0.0895167 0.0768582 0.1230443 0.1303467 0.1284099 0.8508872 0.8508872 
Notoryctidae_Notoryctes_typhlops             0.1305411 0.0000000 0.1198052 0.1187783 0.1126089 0.1369879 0.1246195 0.1181105 0.1238759 0.1295163 0.1199422 0.1376416 0.1345757 0.1229619 0.1273673 0.1366450 0.1372886 0.1328662 0.1281200 0.1152395 0.1329407 0.1558428 0.1644878 0.1344403 0.1184119 0.1219918 0.1223290 0.1200309 0.1142350 0.1403872 0.1209922 0.1223504 0.1286729 0.1359430 0.1276466 0.3100130 0.3100130 
Vombatidae_Lasiorhinus_latifrons             0.0911816 0.1198052 0.0000000 0.0853989 0.0767399 0.1196557 0.0818702 0.0766645 0.0889976 0.1188184 0.0791368 0.1175676 0.1179967 0.0829184 0.0767728 0.1176658 0.1192318 0.1160141 0.1154338 0.0818892 0.0979747 0.1493552 0.1507124 0.1179576 0.0805333 0.0996783 0.0798077 0.0851999 0.0779682 0.0980925 0.0878243 0.0816439 0.1172443 0.1192007 0.1168282 0.3939819 0.3939819 
Potoroidae_Bettongia_penicillata             0.0842453 0.1187783 0.0853989 0.0000000 0.0110640 0.1174967 0.0758082 0.0731269 0.0214208 0.1219270 0.0718151 0.1142649 0.1170625 0.0771709 0.0734089 0.1140823 0.1170990 0.1128920 0.1221840 0.0396419 0.0869870 0.1354305 0.1411380 0.1129604 0.0555474 0.1023452 0.0709498 0.0386902 0.0698067 0.0934770 0.0764485 0.0767229 0.1228012 0.1166612 0.1203209 0.3577468 0.3577468 
Potoroidae_Bettongia_lesueur                 0.0786615 0.1126089 0.0767399 0.0110640 0.0000000 0.1049643 0.0673281 0.0645671 0.0228694 0.1107169 0.0674682 0.1033158 0.1049726 0.0699800 0.0737703 0.1023996 0.1045907 0.1015239 0.1122077 0.0342937 0.0819497 0.1262803 0.1336975 0.1017113 0.0482880 0.0959418 0.0675650 0.0345653 0.0624172 0.0822599 0.0713794 0.0699312 0.1150115 0.1041421 0.1097314 0.2065321 0.2065321 
Dasyuridae_Dasyurus_maculatus                0.1308518 0.1369879 0.1196557 0.1174967 0.1049643 0.0000000 0.1097534 0.1079444 0.1143560 0.1273240 0.1055173 0.0277215 0.0331464 0.1136365 0.1135391 0.0277507 0.0094250 0.0375645 0.1276293 0.1064765 0.1269405 0.1412087 0.1551078 0.0261096 0.1067121 0.1177139 0.1082503 0.1113721 0.1052342 0.1233651 0.1161532 0.1141169 0.1347015 0.0072055 0.1271321 0.0790744 0.0790744 
Phalangeridae_Trichosurus_vulpecula          0.0825735 0.1246195 0.0818702 0.0758082 0.0673281 0.1097534 0.0000000 0.0282868 0.0768122 0.1140850 0.0369554 0.1097559 0.1115880 0.0334021 0.0725940 0.1101527 0.1106637 0.1104454 0.1155703 0.0726823 0.0856065 0.1327392 0.1371245 0.1108949 0.0697806 0.1010134 0.0693265 0.0745768 0.0702210 0.0903397 0.0752939 0.0333675 0.1162183 0.1093022 0.1143012 0.2981417 0.2981417 
Phalangeridae_Spilocuscus_maculatus          0.0725131 0.1181105 0.0766645 0.0731269 0.0645671 0.1079444 0.0282868 0.0000000 0.0750420 0.1086357 0.0297937 0.1082014 0.1106385 0.0132035 0.0630131 0.1091179 0.1088464 0.1080717 0.1081480 0.0689505 0.0792347 0.1373402 0.1349059 0.1094359 0.0707629 0.0998182 0.0658910 0.0707683 0.0668870 0.0858071 0.0669122 0.0125361 0.1072395 0.1074905 0.1085014 0.3577421 0.3577421 
Potoroidae_Aepyprymnus_rufescens             0.0867931 0.1238759 0.0889976 0.0214208 0.0228694 0.1143560 0.0768122 0.0750420 0.0000000 0.1222043 0.0771487 0.1108303 0.1125786 0.0804687 0.0787542 0.1106488 0.1131259 0.1089182 0.1205099 0.0418950 0.0955923 0.1376738 0.1484088 0.1090542 0.0604409 0.1071604 0.0806930 0.0415087 0.0732568 0.0916055 0.0798779 0.0796257 0.1238623 0.1125301 0.1215197 0.2610860 0.2610860 
Peramelidae_Perameles_nasuta                 0.1297050 0.1295163 0.1188184 0.1219270 0.1107169 0.1273240 0.1140850 0.1086357 0.1222043 0.0000000 0.1095745 0.1268852 0.1248659 0.1122093 0.1170361 0.1248069 0.1296342 0.1240492 0.0204706 0.1178184 0.1318494 0.1415907 0.1599695 0.1277238 0.1114780 0.1213343 0.1189905 0.1173191 0.1118401 0.1326215 0.1201595 0.1139089 0.0250374 0.1247847 0.0025195 0.1974178 0.1974178 
Phalangeridae_Strigocuscus_pelengensis       0.0820659 0.1199422 0.0791368 0.0718151 0.0674682 0.1055173 0.0369554 0.0297937 0.0771487 0.1095745 0.0000000 0.1060852 0.1054201 0.0305567 0.0674924 0.1060618 0.1073010 0.1027372 0.1111511 0.0731629 0.0829633 0.1305255 0.1284835 0.1074293 0.0688443 0.1004841 0.0678310 0.0729747 0.0686409 0.0857255 0.0725512 0.0304795 0.1088039 0.1058887 0.1091437 0.2762353 0.2762353 
Dasyuridae_Phascogale_tapoatafa              0.1281260 0.1376416 0.1175676 0.1142649 0.1033158 0.0277215 0.1097559 0.1082014 0.1108303 0.1268852 0.1060852 0.0000000 0.0328438 0.1137485 0.1112245 0.0046920 0.0270829 0.0328567 0.1294852 0.1055102 0.1294354 0.1376275 0.1516518 0.0124173 0.1082384 0.1158556 0.1100224 0.1076734 0.1093812 0.1257454 0.1165610 0.1142309 0.1355546 0.0267953 0.1266949 0.0760642 0.0760642 
Dasyuridae_Sminthopsis_macroura              0.1332493 0.1345757 0.1179967 0.1170625 0.1049726 0.0331464 0.1115880 0.1106385 0.1125786 0.1248659 0.1054201 0.0328438 0.0000000 0.1154097 0.1140749 0.0332200 0.0335591 0.0276399 0.1284754 0.1045810 0.1287454 0.1363107 0.1537178 0.0308903 0.1131208 0.1193511 0.1114206 0.1091940 0.1092057 0.1215210 0.1198964 0.1154412 0.1370526 0.0329254 0.1246870 0.0577475 0.0577475 
Phalangeridae_Phalanger_orientalis           0.0776701 0.1229619 0.0829184 0.0771709 0.0699800 0.1136365 0.0334021 0.0132035 0.0804687 0.1122093 0.0305567 0.1137485 0.1154097 0.0000000 0.0681844 0.1143933 0.1145526 0.1146148 0.1139085 0.0755772 0.0855567 0.1407410 0.1376461 0.1160771 0.0751822 0.1048315 0.0715581 0.0756532 0.0730176 0.0913466 0.0744026 0.0055304 0.1138169 0.1131971 0.1125034 0.3840071 0.3840071 
Acrobatidae_Acrobates_pygmaeus               0.0686374 0.1273673 0.0767728 0.0734089 0.0737703 0.1135391 0.0725940 0.0630131 0.0787542 0.1170361 0.0674924 0.1112245 0.1140749 0.0681844 0.0000000 0.1108715 0.1131238 0.1140719 0.1154207 0.0736449 0.0712271 0.1262139 0.1509351 0.1104218 0.0776491 0.1068894 0.0620865 0.0745411 0.0651339 0.0915770 0.0486558 0.0675648 0.1168175 0.1104917 0.1172113 9.0000000 9.0000000 
Dasyuridae_Phascogale_calura                 0.1288415 0.1366450 0.1176658 0.1140823 0.1023996 0.0277507 0.1101527 0.1091179 0.1106488 0.1248069 0.1060618 0.0046920 0.0332200 0.1143933 0.1108715 0.0000000 0.0271114 0.0340026 0.1274919 0.1041184 0.1284760 0.1356597 0.1523038 0.0127352 0.1072787 0.1146845 0.1093195 0.1077771 0.1072968 0.1245445 0.1173236 0.1148756 0.1341871 0.0268149 0.1244586 0.0715462 0.0715462 
Dasyuridae_Sarcophilus_harrisii              0.1323450 0.1372886 0.1192318 0.1170990 0.1045907 0.0094250 0.1106637 0.1088464 0.1131259 0.1296342 0.1073010 0.0270829 0.0335591 0.1145526 0.1131238 0.0271114 0.0000000 0.0376459 0.1303867 0.1070018 0.1275182 0.1423265 0.1570452 0.0254729 0.1079919 0.1176820 0.1097667 0.1109310 0.1053090 0.1228847 0.1186722 0.1150343 0.1367329 0.0081794 0.1294303 0.0833071 0.0833071 
Dasyuridae_Planigale_tenuirostris            0.1266047 0.1328662 0.1160141 0.1128920 0.1015239 0.0375645 0.1104454 0.1080717 0.1089182 0.1240492 0.1027372 0.0328567 0.0276399 0.1146148 0.1140719 0.0340026 0.0376459 0.0000000 0.1240519 0.0999835 0.1266985 0.1355110 0.1537540 0.0340851 0.1098419 0.1206535 0.1049043 0.1074882 0.1063234 0.1236486 0.1168723 0.1142231 0.1358208 0.0362339 0.1233582 0.0630219 0.0630219 
Peramelidae_Echymipera_kalubu                0.1256980 0.1281200 0.1154338 0.1221840 0.1122077 0.1276293 0.1155703 0.1081480 0.1205099 0.0204706 0.1111511 0.1294852 0.1284754 0.1139085 0.1154207 0.1274919 0.1303867 0.1240519 0.0000000 0.1136710 0.1312643 0.1510086 0.1580871 0.1277228 0.1106487 0.1193424 0.1171088 0.1170722 0.1103742 0.1315466 0.1169445 0.1143173 0.0208927 0.1265289 0.0193768 0.2648690 0.2648690 
Macropodidae_Dorcopsulus_vanheurni           0.0813033 0.1152395 0.0818892 0.0396419 0.0342937 0.1064765 0.0726823 0.0689505 0.0418950 0.1178184 0.0731629 0.1055102 0.1045810 0.0755772 0.0736449 0.1041184 0.1070018 0.0999835 0.1136710 0.0000000 0.0857163 0.1308972 0.1440310 0.1034129 0.0542863 0.0997708 0.0689952 0.0215200 0.0686848 0.0910114 0.0758210 0.0751395 0.1179554 0.1064422 0.1162859 0.2362098 0.2362098 
Pseudochiridae_Pseudochirulus_forbesi        0.0961617 0.1329407 0.0979747 0.0869870 0.0819497 0.1269405 0.0856065 0.0792347 0.0955923 0.1318494 0.0829633 0.1294354 0.1287454 0.0855567 0.0712271 0.1284760 0.1275182 0.1266985 0.1312643 0.0857163 0.0000000 0.1637707 0.1532075 0.1307397 0.0888708 0.1096624 0.0470930 0.0818995 0.0408612 0.0904704 0.0803242 0.0863404 0.1261505 0.1266664 0.1301552 0.5192214 0.5192214 
Didelphidae_Didelphis_virginiana             0.1563726 0.1558428 0.1493552 0.1354305 0.1262803 0.1412087 0.1327392 0.1373402 0.1376738 0.1415907 0.1305255 0.1376275 0.1363107 0.1407410 0.1262139 0.1356597 0.1423265 0.1355110 0.1510086 0.1308972 0.1637707 0.0000000 0.0594141 0.1345705 0.1255762 0.1325515 0.1359091 0.1325082 0.1275969 0.1550911 0.1374617 0.1415195 0.1545989 0.1380887 0.1429971 0.2763416 0.2763416 
Marmosidae_Monodelphis_domestica             0.1464414 0.1644878 0.1507124 0.1411380 0.1336975 0.1551078 0.1371245 0.1349059 0.1484088 0.1599695 0.1284835 0.1516518 0.1537178 0.1376461 0.1509351 0.1523038 0.1570452 0.1537540 0.1580871 0.1440310 0.1532075 0.0594141 0.0000000 0.1519399 0.1387971 0.1460219 0.1396428 0.1374149 0.1363514 0.1523076 0.1414771 0.1385804 0.1592264 0.1535192 0.1578286 0.3008750 0.3008750 
Dasyuridae_Antechinus_stuartii               0.1315907 0.1344403 0.1179576 0.1129604 0.1017113 0.0261096 0.1108949 0.1094359 0.1090542 0.1277238 0.1074293 0.0124173 0.0308903 0.1160771 0.1104218 0.0127352 0.0254729 0.0340851 0.1277228 0.1034129 0.1307397 0.1345705 0.1519399 0.0000000 0.1074419 0.1135886 0.1123813 0.1070726 0.1097191 0.1240586 0.1138012 0.1165644 0.1354203 0.0258484 0.1269259 0.0642987 0.0642987 
Hypsiprymnodontidae_Hypsiprymnodon_moschatus 0.0804722 0.1184119 0.0805333 0.0555474 0.0482880 0.1067121 0.0697806 0.0707629 0.0604409 0.1114780 0.0688443 0.1082384 0.1131208 0.0751822 0.0776491 0.1072787 0.1079919 0.1098419 0.1106487 0.0542863 0.0888708 0.1255762 0.1387971 0.1074419 0.0000000 0.0951798 0.0716441 0.0535221 0.0690829 0.0862617 0.0742701 0.0739844 0.1129373 0.1061374 0.1106388 0.2128500 0.2128500 
Microbiotheriidae_Dromiciops_gliroides       0.1139033 0.1219918 0.0996783 0.1023452 0.0959418 0.1177139 0.1010134 0.0998182 0.1071604 0.1213343 0.1004841 0.1158556 0.1193511 0.1048315 0.1068894 0.1146845 0.1176820 0.1206535 0.1193424 0.0997708 0.1096624 0.1325515 0.1460219 0.1135886 0.0951798 0.0000000 0.1011991 0.1000085 0.0990630 0.1125212 0.1021626 0.1043051 0.1205170 0.1203709 0.1206175 0.2503862 0.2503862 
Pseudochiridae_Petauroides_volans            0.0749607 0.1223290 0.0798077 0.0709498 0.0675650 0.1082503 0.0693265 0.0658910 0.0806930 0.1189905 0.0678310 0.1100224 0.1114206 0.0715581 0.0620865 0.1093195 0.1097667 0.1049043 0.1171088 0.0689952 0.0470930 0.1359091 0.1396428 0.1123813 0.0716441 0.1011991 0.0000000 0.0696095 0.0343652 0.0734084 0.0692739 0.0707094 0.1159495 0.1081952 0.1185971 0.3403555 0.3403555 
Macropodidae_Wallabia_bicolor                0.0832378 0.1200309 0.0851999 0.0386902 0.0345653 0.1113721 0.0745768 0.0707683 0.0415087 0.1173191 0.0729747 0.1076734 0.1091940 0.0756532 0.0745411 0.1077771 0.1109310 0.1074882 0.1170722 0.0215200 0.0818995 0.1325082 0.1374149 0.1070726 0.0535221 0.1000085 0.0696095 0.0000000 0.0690806 0.0918947 0.0742664 0.0755474 0.1141826 0.1099833 0.1161076 0.3325354 0.3325354 
Pseudochiridae_Pseudocheirus_occidentalis    0.0827095 0.1142350 0.0779682 0.0698067 0.0624172 0.1052342 0.0702210 0.0668870 0.0732568 0.1118401 0.0686409 0.1093812 0.1092057 0.0730176 0.0651339 0.1072968 0.1053090 0.1063234 0.1103742 0.0686848 0.0408612 0.1275969 0.1363514 0.1097191 0.0690829 0.0990630 0.0343652 0.0690806 0.0000000 0.0699463 0.0687088 0.0722474 0.1170829 0.1051153 0.1111963 0.2164208 0.2164208 
Tarsipedidae_Tarsipes_rostratus              0.1058797 0.1403872 0.0980925 0.0934770 0.0822599 0.1233651 0.0903397 0.0858071 0.0916055 0.1326215 0.0857255 0.1257454 0.1215210 0.0913466 0.0915770 0.1245445 0.1228847 0.1236486 0.1315466 0.0910114 0.0904704 0.1550911 0.1523076 0.1240586 0.0862617 0.1125212 0.0734084 0.0918947 0.0699463 0.0000000 0.0914800 0.0908534 0.1333500 0.1213808 0.1315979 0.2565768 0.2565768 
Acrobatidae_Distoechurus_pennatus            0.0895167 0.1209922 0.0878243 0.0764485 0.0713794 0.1161532 0.0752939 0.0669122 0.0798779 0.1201595 0.0725512 0.1165610 0.1198964 0.0744026 0.0486558 0.1173236 0.1186722 0.1168723 0.1169445 0.0758210 0.0803242 0.1374617 0.1414771 0.1138012 0.0742701 0.1021626 0.0692739 0.0742664 0.0687088 0.0914800 0.0000000 0.0718036 0.1144353 0.1166339 0.1179639 0.2996863 0.2996863 
Phalangeridae_Phalanger_carmelitae           0.0768582 0.1223504 0.0816439 0.0767229 0.0699312 0.1141169 0.0333675 0.0125361 0.0796257 0.1139089 0.0304795 0.1142309 0.1154412 0.0055304 0.0675648 0.1148756 0.1150343 0.1142231 0.1143173 0.0751395 0.0863404 0.1415195 0.1385804 0.1165644 0.0739844 0.1043051 0.0707094 0.0755474 0.0722474 0.0908534 0.0718036 0.0000000 0.1143610 0.1136788 0.1137466 0.3870001 0.3870001 
Peramelidae_Peroryctes_raffrayana            0.1230443 0.1286729 0.1172443 0.1228012 0.1150115 0.1347015 0.1162183 0.1072395 0.1238623 0.0250374 0.1088039 0.1355546 0.1370526 0.1138169 0.1168175 0.1341871 0.1367329 0.1358208 0.0208927 0.1179554 0.1261505 0.1545989 0.1592264 0.1354203 0.1129373 0.1205170 0.1159495 0.1141826 0.1170829 0.1333500 0.1144353 0.1143610 0.0000000 0.1338148 0.0231126 0.3368624 0.3368624 
Dasyuridae_Dasyurus_geffroii                 0.1303467 0.1359430 0.1192007 0.1166612 0.1041421 0.0072055 0.1093022 0.1074905 0.1125301 0.1247847 0.1058887 0.0267953 0.0329254 0.1131971 0.1104917 0.0268149 0.0081794 0.0362339 0.1265289 0.1064422 0.1266664 0.1380887 0.1535192 0.0258484 0.1061374 0.1203709 0.1081952 0.1099833 0.1051153 0.1213808 0.1166339 0.1136788 0.1338148 0.0000000 0.1246057 0.0791303 0.0791303 
Peramelidae_Perameles_gunnii                 0.1284099 0.1276466 0.1168282 0.1203209 0.1097314 0.1271321 0.1143012 0.1085014 0.1215197 0.0025195 0.1091437 0.1266949 0.1246870 0.1125034 0.1172113 0.1244586 0.1294303 0.1233582 0.0193768 0.1162859 0.1301552 0.1429971 0.1578286 0.1269259 0.1106388 0.1206175 0.1185971 0.1161076 0.1111963 0.1315979 0.1179639 0.1137466 0.0231126 0.1246057 0.0000000 0.1933505 0.1933505 
Myrmecobiidae_Myrmecobius_fasciatus1         0.8508872 0.3100130 0.3939819 0.3577468 0.2065321 0.0790744 0.2981417 0.3577421 0.2610860 0.1974178 0.2762353 0.0760642 0.0577475 0.3840071 9.0000000 0.0715462 0.0833071 0.0630219 0.2648690 0.2362098 0.5192214 0.2763416 0.3008750 0.0642987 0.2128500 0.2503862 0.3403555 0.3325354 0.2164208 0.2565768 0.2996863 0.3870001 0.3368624 0.0791303 0.1933505 0.0000000 0.0000010 
Myrmecobiidae_Myrmecobius_fasciatus2         0.8508872 0.3100130 0.3939819 0.3577468 0.2065321 0.0790744 0.2981417 0.3577421 0.2610860 0.1974178 0.2762353 0.0760642 0.0577475 0.3840071 9.0000000 0.0715462 0.0833071 0.0630219 0.2648690 0.2362098 0.5192214 0.2763416 0.3008750 0.0642987 0.2128500 0.2503862 0.3403555 0.3325354 0.2164208 0.2565768 0.2996863 0.3870001 0.3368624 0.0791303 0.1933505 0.0000010 0.0000000 
