35
Burramyidae_Burramys_parvus                  0.0000000 0.2152728 0.1785553 0.1759046 0.1881744 0.2038137 0.1577559 0.1520093 0.1801720 0.1523995 0.1501980 0.2011189 0.2073667 0.1555447 0.1677167 0.2374922 0.2092572 0.2160504 0.2135640 0.1816757 0.1773203 0.2421422 0.1882806 0.2551891 0.1735421 0.2012907 0.1677393 0.1735907 0.1732689 0.2315073 0.1621467 0.1571421 0.2592186 0.2092264 0.1495543 
Notoryctidae_Notoryctes_typhlops             0.2152728 0.0000000 0.1002910 0.1112817 0.1194829 0.1000564 0.0940983 0.0909887 0.1120222 0.1512402 0.0894786 0.0999300 0.1017565 0.0967641 0.1111636 0.0892490 0.1026482 0.0976560 0.1475970 0.1131475 0.1054653 0.1320456 0.1253451 0.0872504 0.1100511 0.1214470 0.0996946 0.1094160 0.0963065 0.1416287 0.1097835 0.0966765 0.1384278 0.1064247 0.1498859 
Vombatidae_Lasiorhinus_latifrons             0.1785553 0.1002910 0.0000000 0.0828780 0.0942864 0.0984143 0.0740919 0.0760592 0.0854849 0.1359889 0.0772946 0.0917576 0.0982368 0.0845243 0.0769225 0.0816897 0.1018800 0.0949556 0.1276084 0.0855968 0.0807275 0.1206832 0.1079133 0.0865006 0.0836668 0.1082951 0.0742919 0.0826615 0.0755580 0.1120438 0.0771659 0.0842905 0.1259732 0.1014517 0.1354531 
Potoroidae_Bettongia_penicillata             0.1759046 0.1112817 0.0828780 0.0000000 0.0183118 0.1131807 0.0750186 0.0738987 0.0175585 0.1528174 0.0761874 0.1063102 0.1106028 0.0823793 0.0775575 0.0874304 0.1136335 0.1002312 0.1384119 0.0283976 0.0879476 0.1287614 0.1182892 0.0973591 0.0456964 0.1280342 0.0790355 0.0269344 0.0774384 0.1215657 0.0745782 0.0808232 0.1343922 0.1137984 0.1527011 
Potoroidae_Bettongia_lesueur                 0.1881744 0.1194829 0.0942864 0.0183118 0.0000000 0.1261703 0.0876555 0.0848283 0.0168178 0.1675619 0.0874047 0.1209929 0.1256159 0.0946630 0.0888566 0.1045926 0.1277263 0.1162248 0.1539909 0.0292270 0.0999239 0.1395728 0.1309682 0.1140762 0.0555030 0.1427245 0.0899895 0.0282104 0.0873619 0.1358434 0.0864808 0.0930919 0.1432059 0.1279743 0.1676572 
Dasyuridae_Dasyurus_maculatus                0.2038137 0.1000564 0.0984143 0.1131807 0.1261703 0.0000000 0.0977076 0.0974722 0.1145524 0.1439780 0.0988148 0.0158370 0.0242037 0.1081207 0.1070216 0.0132659 0.0070766 0.0179286 0.1409236 0.1163462 0.1039840 0.1250454 0.1154516 0.0143026 0.1127410 0.1128683 0.0940396 0.1094220 0.0967022 0.1367881 0.0954418 0.1064132 0.1318718 0.0078701 0.1447930 
Phalangeridae_Trichosurus_vulpecula          0.1577559 0.0940983 0.0740919 0.0750186 0.0876555 0.0977076 0.0000000 0.0303244 0.0778803 0.1372620 0.0306576 0.0920687 0.0971359 0.0355577 0.0677907 0.0731989 0.0986732 0.0888128 0.1266925 0.0769420 0.0788675 0.1230528 0.1092951 0.0848991 0.0698862 0.1161513 0.0651657 0.0705930 0.0672625 0.1115571 0.0687200 0.0352040 0.1281098 0.0982912 0.1352737 
Phalangeridae_Spilocuscus_maculatus          0.1520093 0.0909887 0.0760592 0.0738987 0.0848283 0.0974722 0.0303244 0.0000000 0.0739526 0.1350290 0.0110185 0.0913212 0.0975764 0.0178479 0.0653652 0.0712946 0.0970068 0.0913427 0.1235897 0.0722427 0.0768999 0.1145807 0.1020487 0.0889319 0.0687861 0.1099654 0.0621404 0.0675439 0.0707926 0.1086246 0.0640428 0.0159651 0.1220796 0.0975374 0.1339537 
Potoroidae_Aepyprymnus_rufescens             0.1801720 0.1120222 0.0854849 0.0175585 0.0168178 0.1145524 0.0778803 0.0739526 0.0000000 0.1533164 0.0790268 0.1097128 0.1140692 0.0830063 0.0806183 0.0929949 0.1150422 0.1058389 0.1427844 0.0247281 0.0900483 0.1302156 0.1237890 0.1042434 0.0491812 0.1308623 0.0811151 0.0229938 0.0787042 0.1244275 0.0784199 0.0814633 0.1323881 0.1183505 0.1540412 
Peramelidae_Perameles_nasuta                 0.1523995 0.1512402 0.1359889 0.1528174 0.1675619 0.1439780 0.1372620 0.1350290 0.1533164 0.0000000 0.1380635 0.1409223 0.1409449 0.1432291 0.1400003 0.1264904 0.1453472 0.1385497 0.0228330 0.1566165 0.1375707 0.1567674 0.1417092 0.1129428 0.1512738 0.1348420 0.1304477 0.1540095 0.1301892 0.1763581 0.1346016 0.1446110 0.0238390 0.1477495 0.0004585 
Phalangeridae_Strigocuscus_pelengensis       0.1501980 0.0894786 0.0772946 0.0761874 0.0874047 0.0988148 0.0306576 0.0110185 0.0790268 0.1380635 0.0000000 0.0939783 0.0993673 0.0188229 0.0670737 0.0765014 0.0978546 0.0924035 0.1275630 0.0774202 0.0777610 0.1139857 0.1022016 0.0878021 0.0720220 0.1079487 0.0666018 0.0712937 0.0700795 0.1091757 0.0683893 0.0176826 0.1287522 0.0992854 0.1368286 
Dasyuridae_Phascogale_tapoatafa              0.2011189 0.0999300 0.0917576 0.1063102 0.1209929 0.0158370 0.0920687 0.0913212 0.1097128 0.1409223 0.0939783 0.0000000 0.0194218 0.1018593 0.1009685 0.0036540 0.0158267 0.0163791 0.1352769 0.1130681 0.1007779 0.1239225 0.1143809 0.0092593 0.1054112 0.1090806 0.0895651 0.1062669 0.0937468 0.1319870 0.0904592 0.1002218 0.1273603 0.0182874 0.1418239 
Dasyuridae_Sminthopsis_macroura              0.2073667 0.1017565 0.0982368 0.1106028 0.1256159 0.0242037 0.0971359 0.0975764 0.1140692 0.1409449 0.0993673 0.0194218 0.0000000 0.1062955 0.1058694 0.0165192 0.0242013 0.0178747 0.1383036 0.1164944 0.1066596 0.1258354 0.1127737 0.0194631 0.1112067 0.1128358 0.0973975 0.1090976 0.0994624 0.1366947 0.0951350 0.1061843 0.1294473 0.0251140 0.1412019 
Phalangeridae_Phalanger_orientalis           0.1555447 0.0967641 0.0845243 0.0823793 0.0946630 0.1081207 0.0355577 0.0178479 0.0830063 0.1432291 0.0188229 0.1018593 0.1062955 0.0000000 0.0752297 0.0831333 0.1071550 0.1032091 0.1304177 0.0821340 0.0844392 0.1180296 0.1087411 0.0929460 0.0777312 0.1189101 0.0706642 0.0764181 0.0746899 0.1153807 0.0763281 0.0086283 0.1344077 0.1077487 0.1417467 
Acrobatidae_Acrobates_pygmaeus               0.1677167 0.1111636 0.0769225 0.0775575 0.0888566 0.1070216 0.0677907 0.0653652 0.0806183 0.1400003 0.0670737 0.1009685 0.1058694 0.0752297 0.0000000 0.0795940 0.1085128 0.1000406 0.1347490 0.0795643 0.0712495 0.1217753 0.1093765 0.0977970 0.0741277 0.1202981 0.0635263 0.0742933 0.0614738 0.1136692 0.0431173 0.0736646 0.1309493 0.1082603 0.1406725 
Dasyuridae_Phascogale_calura                 0.2374922 0.0892490 0.0816897 0.0874304 0.1045926 0.0132659 0.0731989 0.0712946 0.0929949 0.1264904 0.0765014 0.0036540 0.0165192 0.0831333 0.0795940 0.0000000 0.0132440 0.0145345 0.1209760 0.0966583 0.0940495 0.1068048 0.0960910 0.0052025 0.0891533 0.1053073 0.0800575 0.0911547 0.0818979 0.1269841 0.0744960 0.0815526 0.1122792 0.0149750 0.1276299 
Dasyuridae_Sarcophilus_harrisii              0.2092572 0.1026482 0.1018800 0.1136335 0.1277263 0.0070766 0.0986732 0.0970068 0.1150422 0.1453472 0.0978546 0.0158267 0.0242013 0.1071550 0.1085128 0.0132440 0.0000000 0.0188450 0.1413737 0.1184475 0.1065052 0.1255492 0.1177358 0.0162362 0.1137396 0.1187322 0.0961072 0.1129934 0.0993262 0.1373466 0.0974115 0.1059396 0.1330339 0.0105296 0.1461037 
Dasyuridae_Planigale_tenuirostris            0.2160504 0.0976560 0.0949556 0.1002312 0.1162248 0.0179286 0.0888128 0.0913427 0.1058389 0.1385497 0.0924035 0.0163791 0.0178747 0.1032091 0.1000406 0.0145345 0.0188450 0.0000000 0.1332577 0.1054662 0.1015843 0.1246559 0.1081964 0.0134014 0.1015736 0.1130017 0.0906794 0.1005837 0.0925505 0.1368959 0.0884412 0.1017898 0.1236550 0.0193713 0.1375996 
Peramelidae_Echymipera_kalubu                0.2135640 0.1475970 0.1276084 0.1384119 0.1539909 0.1409236 0.1266925 0.1235897 0.1427844 0.0228330 0.1275630 0.1352769 0.1383036 0.1304177 0.1347490 0.1209760 0.1413737 0.1332577 0.0000000 0.1453735 0.1361035 0.1496643 0.1333426 0.1099492 0.1371861 0.1499352 0.1255487 0.1411403 0.1242817 0.1722540 0.1313993 0.1282774 0.0213764 0.1412523 0.0235586 
Macropodidae_Dorcopsulus_vanheurni           0.1816757 0.1131475 0.0855968 0.0283976 0.0292270 0.1163462 0.0769420 0.0722427 0.0247281 0.1566165 0.0774202 0.1130681 0.1164944 0.0821340 0.0795643 0.0966583 0.1184475 0.1054662 0.1453735 0.0000000 0.0935659 0.1338553 0.1309381 0.1100512 0.0490854 0.1310165 0.0792255 0.0087706 0.0805260 0.1268250 0.0753345 0.0804968 0.1345207 0.1185345 0.1575098 
Pseudochiridae_Pseudochirulus_forbesi        0.1773203 0.1054653 0.0807275 0.0879476 0.0999239 0.1039840 0.0788675 0.0768999 0.0900483 0.1375707 0.0777610 0.1007779 0.1066596 0.0844392 0.0712495 0.0940495 0.1065052 0.1015843 0.1361035 0.0935659 0.0000000 0.1300036 0.1193730 0.0980516 0.0827443 0.1190869 0.0501960 0.0876586 0.0293421 0.1094585 0.0694279 0.0858690 0.1307644 0.1071241 0.1367579 
Didelphidae_Didelphis_virginiana             0.2421422 0.1320456 0.1206832 0.1287614 0.1395728 0.1250454 0.1230528 0.1145807 0.1302156 0.1567674 0.1139857 0.1239225 0.1258354 0.1180296 0.1217753 0.1068048 0.1255492 0.1246559 0.1496643 0.1338553 0.1300036 0.0000000 0.0478884 0.1041387 0.1263076 0.1401708 0.1205874 0.1324477 0.1177987 0.1662267 0.1227838 0.1165524 0.1423873 0.1273590 0.1580652 
Marmosidae_Monodelphis_domestica             0.1882806 0.1253451 0.1079133 0.1182892 0.1309682 0.1154516 0.1092951 0.1020487 0.1237890 0.1417092 0.1022016 0.1143809 0.1127737 0.1087411 0.1093765 0.0960910 0.1177358 0.1081964 0.1333426 0.1309381 0.1193730 0.0478884 0.0000000 0.1099316 0.1164970 0.1278341 0.1066086 0.1226541 0.1096129 0.1537790 0.1085260 0.1075032 0.1343784 0.1159854 0.1370550 
Dasyuridae_Antechinus_stuartii               0.2551891 0.0872504 0.0865006 0.0973591 0.1140762 0.0143026 0.0848991 0.0889319 0.1042434 0.1129428 0.0878021 0.0092593 0.0194631 0.0929460 0.0977970 0.0052025 0.0162362 0.0134014 0.1099492 0.1100512 0.0980516 0.1041387 0.1099316 0.0000000 0.0924996 0.1111015 0.0830129 0.1041369 0.0890569 0.1083247 0.0860466 0.0915562 0.1010468 0.0162644 0.1130073 
Hypsiprymnodontidae_Hypsiprymnodon_moschatus 0.1735421 0.1100511 0.0836668 0.0456964 0.0555030 0.1127410 0.0698862 0.0687861 0.0491812 0.1512738 0.0720220 0.1054112 0.1112067 0.0777312 0.0741277 0.0891533 0.1137396 0.1015736 0.1371861 0.0490854 0.0827443 0.1263076 0.1164970 0.0924996 0.0000000 0.1247065 0.0718625 0.0441381 0.0696110 0.1169112 0.0713937 0.0780422 0.1394346 0.1144677 0.1471791 
Microbiotheriidae_Dromiciops_gliroides       0.2012907 0.1214470 0.1082951 0.1280342 0.1427245 0.1128683 0.1161513 0.1099654 0.1308623 0.1348420 0.1079487 0.1090806 0.1128358 0.1189101 0.1202981 0.1053073 0.1187322 0.1130017 0.1499352 0.1310165 0.1190869 0.1401708 0.1278341 0.1111015 0.1247065 0.0000000 0.1081006 0.1275557 0.1104563 0.1660168 0.1165415 0.1184812 0.1535531 0.1177796 0.1345134 
Pseudochiridae_Petauroides_volans            0.1677393 0.0996946 0.0742919 0.0790355 0.0899895 0.0940396 0.0651657 0.0621404 0.0811151 0.1304477 0.0666018 0.0895651 0.0973975 0.0706642 0.0635263 0.0800575 0.0961072 0.0906794 0.1255487 0.0792255 0.0501960 0.1205874 0.1066086 0.0830129 0.0718625 0.1081006 0.0000000 0.0762378 0.0416635 0.1007262 0.0629872 0.0714830 0.1154071 0.0960245 0.1312376 
Macropodidae_Wallabia_bicolor                0.1735907 0.1094160 0.0826615 0.0269344 0.0282104 0.1094220 0.0705930 0.0675439 0.0229938 0.1540095 0.0712937 0.1062669 0.1090976 0.0764181 0.0742933 0.0911547 0.1129934 0.1005837 0.1411403 0.0087706 0.0876586 0.1324477 0.1226541 0.1041369 0.0441381 0.1275557 0.0762378 0.0000000 0.0731753 0.1206285 0.0716150 0.0748767 0.1311301 0.1125832 0.1516546 
Pseudochiridae_Pseudocheirus_occidentalis    0.1732689 0.0963065 0.0755580 0.0774384 0.0873619 0.0967022 0.0672625 0.0707926 0.0787042 0.1301892 0.0700795 0.0937468 0.0994624 0.0746899 0.0614738 0.0818979 0.0993262 0.0925505 0.1242817 0.0805260 0.0293421 0.1177987 0.1096129 0.0890569 0.0696110 0.1104563 0.0416635 0.0731753 0.0000000 0.0985943 0.0649695 0.0756661 0.1189495 0.1002559 0.1278586 
Tarsipedidae_Tarsipes_rostratus              0.2315073 0.1416287 0.1120438 0.1215657 0.1358434 0.1367881 0.1115571 0.1086246 0.1244275 0.1763581 0.1091757 0.1319870 0.1366947 0.1153807 0.1136692 0.1269841 0.1373466 0.1368959 0.1722540 0.1268250 0.1094585 0.1662267 0.1537790 0.1083247 0.1169112 0.1660168 0.1007262 0.1206285 0.0985943 0.0000000 0.1083713 0.1153560 0.1562433 0.1367461 0.1748446 
Acrobatidae_Distoechurus_pennatus            0.1621467 0.1097835 0.0771659 0.0745782 0.0864808 0.0954418 0.0687200 0.0640428 0.0784199 0.1346016 0.0683893 0.0904592 0.0951350 0.0763281 0.0431173 0.0744960 0.0974115 0.0884412 0.1313993 0.0753345 0.0694279 0.1227838 0.1085260 0.0860466 0.0713937 0.1165415 0.0629872 0.0716150 0.0649695 0.1083713 0.0000000 0.0757328 0.1243008 0.0975137 0.1361856 
Phalangeridae_Phalanger_carmelitae           0.1571421 0.0966765 0.0842905 0.0808232 0.0930919 0.1064132 0.0352040 0.0159651 0.0814633 0.1446110 0.0176826 0.1002218 0.1061843 0.0086283 0.0736646 0.0815526 0.1059396 0.1017898 0.1282774 0.0804968 0.0858690 0.1165524 0.1075032 0.0915562 0.0780422 0.1184812 0.0714830 0.0748767 0.0756661 0.1153560 0.0757328 0.0000000 0.1336578 0.1064735 0.1430536 
Peramelidae_Peroryctes_raffrayana            0.2592186 0.1384278 0.1259732 0.1343922 0.1432059 0.1318718 0.1281098 0.1220796 0.1323881 0.0238390 0.1287522 0.1273603 0.1294473 0.1344077 0.1309493 0.1122792 0.1330339 0.1236550 0.0213764 0.1345207 0.1307644 0.1423873 0.1343784 0.1010468 0.1394346 0.1535531 0.1154071 0.1311301 0.1189495 0.1562433 0.1243008 0.1336578 0.0000000 0.1329823 0.0246016 
Dasyuridae_Dasyurus_geffroii                 0.2092264 0.1064247 0.1014517 0.1137984 0.1279743 0.0078701 0.0982912 0.0975374 0.1183505 0.1477495 0.0992854 0.0182874 0.0251140 0.1077487 0.1082603 0.0149750 0.0105296 0.0193713 0.1412523 0.1185345 0.1071241 0.1273590 0.1159854 0.0162644 0.1144677 0.1177796 0.0960245 0.1125832 0.1002559 0.1367461 0.0975137 0.1064735 0.1329823 0.0000000 0.1490698 
Peramelidae_Perameles_gunnii                 0.1495543 0.1498859 0.1354531 0.1527011 0.1676572 0.1447930 0.1352737 0.1339537 0.1540412 0.0004585 0.1368286 0.1418239 0.1412019 0.1417467 0.1406725 0.1276299 0.1461037 0.1375996 0.0235586 0.1575098 0.1367579 0.1580652 0.1370550 0.1130073 0.1471791 0.1345134 0.1312376 0.1516546 0.1278586 0.1748446 0.1361856 0.1430536 0.0246016 0.1490698 0.0000000 
