37
Burramyidae_Burramys_parvus                  0.0000000 0.1827948 0.0818507 0.1498731 0.1657562 0.1116587 0.0680936 0.0587445 0.1781114 0.0731953 0.1282281 0.1225796 0.0680835 0.0614871 0.0749990 0.1073095 0.1269621 0.1109226 0.1374407 0.1658233 0.1630873 0.1277530 0.1207550 0.0784872 0.1428376 0.1682693 0.1559061 0.1233874 0.1730473 0.0800304 0.0685552 0.1266630 0.1926781 0.1134646 0.1055576 0.0879844 0.0879844 
Notoryctidae_Notoryctes_typhlops             0.1827948 0.0000000 0.1838086 0.1009156 0.1033892 0.2162195 0.1948377 0.1906641 0.1090045 0.1792819 0.2204743 0.2060566 0.1962223 0.0923488 0.0976415 0.2176186 0.2349003 0.2116133 0.0869483 0.1024712 0.2228016 0.2110963 0.2279158 0.2006642 0.0893305 0.1022097 0.0883551 0.2532669 0.1134192 0.2032488 0.1979252 0.2309868 0.1028135 0.2481554 0.2245158 0.0474661 0.0474661 
Vombatidae_Lasiorhinus_latifrons             0.0818507 0.1838086 0.0000000 0.1540430 0.1677527 0.1317393 0.0887469 0.0814551 0.1756026 0.0919234 0.1054681 0.1040411 0.0816566 0.0683291 0.0722612 0.1272449 0.1035672 0.1031427 0.1399930 0.1768149 0.1265217 0.1128784 0.0935348 0.0785273 0.1460460 0.1724996 0.1593992 0.1044636 0.1825814 0.1007993 0.0849678 0.1020047 0.1918534 0.1105657 0.1089317 0.1245374 0.1245374 
Potoroidae_Bettongia_penicillata             0.1498731 0.1009156 0.1540430 0.0000000 0.0175566 0.2171225 0.1652778 0.1542880 0.0260563 0.1445057 0.2120955 0.1948519 0.1662779 0.0797260 0.0988394 0.2168928 0.2273643 0.2066140 0.0327870 0.0855549 0.2114459 0.2122694 0.2135152 0.1322956 0.0939424 0.0847273 0.0475405 0.2035109 0.0897895 0.1668258 0.1624743 0.2147616 0.1106481 0.2471462 0.2240573 0.0738329 0.0738329 
Potoroidae_Bettongia_lesueur                 0.1657562 0.1033892 0.1677527 0.0175566 0.0000000 0.2339531 0.1762970 0.1678555 0.0306859 0.1589494 0.2282997 0.2113129 0.1817260 0.0807813 0.1066934 0.2339981 0.2458839 0.2240815 0.0367552 0.0919710 0.2324088 0.2262996 0.2292488 0.1478451 0.0971013 0.0940864 0.0517945 0.2236421 0.0925780 0.1801805 0.1782899 0.2343543 0.1129570 0.2684928 0.2421733 0.0874168 0.0874168 
Dasyuridae_Dasyurus_maculatus                0.1116587 0.2162195 0.1317393 0.2171225 0.2339531 0.0000000 0.1190712 0.1155561 0.2399971 0.1193362 0.0573666 0.0699045 0.1166343 0.1161726 0.0187303 0.0117686 0.0634120 0.1388761 0.1932035 0.2175908 0.1677923 0.1555903 0.0606415 0.1243797 0.1779670 0.2222542 0.2128520 0.1723163 0.2333007 0.1310690 0.1176424 0.1573688 0.0803483 0.1458818 0.1384529 0.0779226 0.0779226 
Phalangeridae_Trichosurus_vulpecula          0.0680936 0.1948377 0.0887469 0.1652778 0.1762970 0.1190712 0.0000000 0.0384080 0.1879762 0.0395191 0.1382294 0.1412313 0.0362196 0.0703638 0.0861786 0.1131023 0.1394080 0.1254834 0.1514364 0.1820639 0.1708359 0.1387845 0.1330586 0.0804496 0.1557051 0.1768295 0.1696161 0.1264723 0.1788202 0.0793235 0.0360524 0.1366450 0.2012304 0.1155885 0.1110052 0.0738329 0.0738329 
Phalangeridae_Spilocuscus_maculatus          0.0587445 0.1906641 0.0814551 0.1542880 0.1678555 0.1155561 0.0384080 0.0000000 0.1809374 0.0330195 0.1300596 0.1254621 0.0330722 0.0726421 0.0830649 0.1087332 0.1301326 0.1247655 0.1401497 0.1710967 0.1634651 0.1372940 0.1232977 0.0788528 0.1553478 0.1672504 0.1616986 0.1157772 0.1783983 0.0900356 0.0336054 0.1310570 0.1917873 0.1230076 0.1178153 0.0742930 0.0742930 
Potoroidae_Aepyprymnus_rufescens             0.1781114 0.1090045 0.1756026 0.0260563 0.0306859 0.2399971 0.1879762 0.1809374 0.0000000 0.1683032 0.2360090 0.2173535 0.1894741 0.0915409 0.1089428 0.2401448 0.2554291 0.2329975 0.0454506 0.1022346 0.2456430 0.2415944 0.2379835 0.1533603 0.1100975 0.1023431 0.0602533 0.2367326 0.0999535 0.1874703 0.1878813 0.2463901 0.1202948 0.2968153 0.2661658 0.0738329 0.0738329 
Phalangeridae_Strigocuscus_pelengensis       0.0731953 0.1792819 0.0919234 0.1445057 0.1589494 0.1193362 0.0395191 0.0330195 0.1683032 0.0000000 0.1445256 0.1445347 0.0233236 0.0740223 0.0914737 0.1148694 0.1551066 0.1252332 0.1442662 0.1623822 0.1757679 0.1431200 0.1406583 0.0861100 0.1585375 0.1554029 0.1534454 0.1134320 0.1622237 0.0915092 0.0247196 0.1407703 0.1795937 0.1305453 0.1230937 0.0619636 0.0619636 
Dasyuridae_Phascogale_tapoatafa              0.1282281 0.2204743 0.1054681 0.2120955 0.2282997 0.0573666 0.1382294 0.1300596 0.2360090 0.1445256 0.0000000 0.0381267 0.1416643 0.1227423 0.0039094 0.0565351 0.0408594 0.1398274 0.1901150 0.2246739 0.1508195 0.1442097 0.0096141 0.1355637 0.1870202 0.2255445 0.2148993 0.1737739 0.2338308 0.1527261 0.1421577 0.1427290 0.1023810 0.1460208 0.1403489 0.0634377 0.0634377 
Dasyuridae_Sminthopsis_macroura              0.1225796 0.2060566 0.1040411 0.1948519 0.2113129 0.0699045 0.1412313 0.1254621 0.2173535 0.1445347 0.0381267 0.0000000 0.1418604 0.1155078 0.0220251 0.0670518 0.0335439 0.1342035 0.1800517 0.2119196 0.1676540 0.1475729 0.0380925 0.1299333 0.1722021 0.2069373 0.1986570 0.1477268 0.2188553 0.1554286 0.1424428 0.1399024 0.1040412 0.1488044 0.1402358 0.0634377 0.0634377 
Phalangeridae_Phalanger_orientalis           0.0680835 0.1962223 0.0816566 0.1662779 0.1817260 0.1166343 0.0362196 0.0330722 0.1894741 0.0233236 0.1416643 0.1418604 0.0000000 0.0725893 0.0859045 0.1113567 0.1471022 0.1172071 0.1505165 0.1814914 0.1686673 0.1429241 0.1344420 0.0784958 0.1589561 0.1695829 0.1687154 0.1203483 0.1853266 0.0925886 0.0058866 0.1273422 0.2017274 0.1264661 0.1198250 0.0930782 0.0930782 
Acrobatidae_Acrobates_pygmaeus               0.0614871 0.0923488 0.0683291 0.0797260 0.0807813 0.1161726 0.0703638 0.0726421 0.0915409 0.0740223 0.1227423 0.1155078 0.0725893 0.0000000 0.0988221 0.1132433 0.1053014 0.1054713 0.0719627 0.0790552 0.1485875 0.1127219 0.1072564 0.0804634 0.0808012 0.0771979 0.0819618 0.0858317 0.0773207 0.0381447 0.0739032 0.1112381 0.1081751 0.1022027 0.0948383 0.1204115 0.1204115 
Dasyuridae_Phascogale_calura                 0.0749990 0.0976415 0.0722612 0.0988394 0.1066934 0.0187303 0.0861786 0.0830649 0.1089428 0.0914737 0.0039094 0.0220251 0.0859045 0.0988221 0.0000000 0.0181858 0.0182995 0.0984034 0.0844755 0.1026224 0.1204092 0.1027017 0.0061306 0.0848584 0.0830170 0.1062661 0.0933032 0.1100925 0.1051753 0.0929917 0.0872456 0.0989188 0.0173131 0.0900550 0.0894847 9.0000000 9.0000000 
Dasyuridae_Sarcophilus_harrisii              0.1073095 0.2176186 0.1272449 0.2168928 0.2339981 0.0117686 0.1131023 0.1087332 0.2401448 0.1148694 0.0565351 0.0670518 0.1113567 0.1132433 0.0181858 0.0000000 0.0615579 0.1355254 0.1955845 0.2227132 0.1687286 0.1535688 0.0597952 0.1180614 0.1785611 0.2266827 0.2166447 0.1690388 0.2352889 0.1286798 0.1124865 0.1507856 0.0856389 0.1415939 0.1340830 0.0634377 0.0634377 
Dasyuridae_Planigale_tenuirostris            0.1269621 0.2349003 0.1035672 0.2273643 0.2458839 0.0634120 0.1394080 0.1301326 0.2554291 0.1551066 0.0408594 0.0335439 0.1471022 0.1053014 0.0182995 0.0615579 0.0000000 0.1452753 0.1986524 0.2379954 0.1628111 0.1468461 0.0400593 0.1450835 0.1837548 0.2331482 0.2111879 0.1655445 0.2451045 0.1513545 0.1501082 0.1399992 0.1143508 0.1426484 0.1369405 9.0000000 9.0000000 
Peramelidae_Echymipera_kalubu                0.1109226 0.2116133 0.1031427 0.2066140 0.2240815 0.1388761 0.1254834 0.1247655 0.2329975 0.1252332 0.1398274 0.1342035 0.1172071 0.1054713 0.0984034 0.1355254 0.1452753 0.0000000 0.1943466 0.2190499 0.1428055 0.1284604 0.1376404 0.1171526 0.1693255 0.2144282 0.2095065 0.1446351 0.2240769 0.1284146 0.1193790 0.0180596 0.2149561 0.0396527 0.0350176 0.0477336 0.0477336 
Macropodidae_Dorcopsulus_vanheurni           0.1374407 0.0869483 0.1399930 0.0327870 0.0367552 0.1932035 0.1514364 0.1401497 0.0454506 0.1442662 0.1901150 0.1800517 0.1505165 0.0719627 0.0844755 0.1955845 0.1986524 0.1943466 0.0000000 0.0763374 0.2155390 0.2041045 0.1867075 0.1233477 0.0853238 0.0735272 0.0316964 0.1754011 0.0824626 0.1492386 0.1481722 0.2001504 0.0934582 0.2306489 0.2127178 0.1020236 0.1020236 
Pseudochiridae_Pseudochirulus_forbesi        0.1658233 0.1024712 0.1768149 0.0855549 0.0919710 0.2175908 0.1820639 0.1710967 0.1022346 0.1623822 0.2246739 0.2119196 0.1814914 0.0790552 0.1026224 0.2227132 0.2379954 0.2190499 0.0763374 0.0000000 0.2242646 0.2268055 0.2269784 0.1849589 0.1028962 0.0642592 0.0833306 0.1333915 0.0880175 0.1740841 0.1762553 0.2289014 0.1081181 0.2574428 0.2350372 0.0474661 0.0474661 
Didelphidae_Didelphis_virginiana             0.1630873 0.2228016 0.1265217 0.2114459 0.2324088 0.1677923 0.1708359 0.1634651 0.2456430 0.1757679 0.1508195 0.1676540 0.1686673 0.1485875 0.1204092 0.1687286 0.1628111 0.1428055 0.2155390 0.2242646 0.0000000 0.0704166 0.1516373 0.1651212 0.2200159 0.2262235 0.2100441 0.1992056 0.2474007 0.1687694 0.1708925 0.1424161 0.2132803 0.1218243 0.1165452 0.0585432 0.0585432 
Marmosidae_Monodelphis_domestica             0.1277530 0.2110963 0.1128784 0.2122694 0.2262996 0.1555903 0.1387845 0.1372940 0.2415944 0.1431200 0.1442097 0.1475729 0.1429241 0.1127219 0.1027017 0.1535688 0.1468461 0.1284604 0.2041045 0.2268055 0.0704166 0.0000000 0.1408618 0.1402629 0.1824715 0.2225306 0.2108975 0.1655935 0.2400347 0.1442439 0.1425247 0.1350848 0.2211523 0.1308783 0.1251616 0.0350487 0.0350487 
Dasyuridae_Antechinus_stuartii               0.1207550 0.2279158 0.0935348 0.2135152 0.2292488 0.0606415 0.1330586 0.1232977 0.2379835 0.1406583 0.0096141 0.0380925 0.1344420 0.1072564 0.0061306 0.0597952 0.0400593 0.1376404 0.1867075 0.2269784 0.1516373 0.1408618 0.0000000 0.1304426 0.1871896 0.2250011 0.2085573 0.1688291 0.2380694 0.1432516 0.1364075 0.1314437 0.1091681 0.1355229 0.1317649 9.0000000 9.0000000 
Hypsiprymnodontidae_Hypsiprymnodon_moschatus 0.0784872 0.2006642 0.0785273 0.1322956 0.1478451 0.1243797 0.0804496 0.0788528 0.1533603 0.0861100 0.1355637 0.1299333 0.0784958 0.0804634 0.0848584 0.1180614 0.1450835 0.1171526 0.1233477 0.1849589 0.1651212 0.1402629 0.1304426 0.0000000 0.1640621 0.1836610 0.1362543 0.1155484 0.1855986 0.0905052 0.0795374 0.1230631 0.2016314 0.1292651 0.1237636 0.1013403 0.1013403 
Microbiotheriidae_Dromiciops_gliroides       0.1428376 0.0893305 0.1460460 0.0939424 0.0971013 0.1779670 0.1557051 0.1553478 0.1100975 0.1585375 0.1870202 0.1722021 0.1589561 0.0808012 0.0830170 0.1785611 0.1837548 0.1693255 0.0853238 0.1028962 0.2200159 0.1824715 0.1871896 0.1640621 0.0000000 0.1014041 0.0843823 0.2129016 0.1047421 0.1653486 0.1543441 0.1922603 0.0959086 0.2071159 0.1862743 0.0874168 0.0874168 
Pseudochiridae_Petauroides_volans            0.1682693 0.1022097 0.1724996 0.0847273 0.0940864 0.2222542 0.1768295 0.1672504 0.1023431 0.1554029 0.2255445 0.2069373 0.1695829 0.0771979 0.1062661 0.2266827 0.2331482 0.2144282 0.0735272 0.0642592 0.2262235 0.2225306 0.2250011 0.1836610 0.1014041 0.0000000 0.0784120 0.1673735 0.0852721 0.1766076 0.1701176 0.2220579 0.1065507 0.2427656 0.2181624 0.0228821 0.0228821 
Macropodidae_Wallabia_bicolor                0.1559061 0.0883551 0.1593992 0.0475405 0.0517945 0.2128520 0.1696161 0.1616986 0.0602533 0.1534454 0.2148993 0.1986570 0.1687154 0.0819618 0.0933032 0.2166447 0.2111879 0.2095065 0.0316964 0.0833306 0.2100441 0.2108975 0.2085573 0.1362543 0.0843823 0.0784120 0.0000000 0.2018687 0.0888931 0.1715492 0.1671836 0.2186127 0.1038695 0.2312272 0.2124268 0.1155882 0.1155882 
Pseudochiridae_Pseudocheirus_occidentalis    0.1233874 0.2532669 0.1044636 0.2035109 0.2236421 0.1723163 0.1264723 0.1157772 0.2367326 0.1134320 0.1737739 0.1477268 0.1203483 0.0858317 0.1100925 0.1690388 0.1655445 0.1446351 0.1754011 0.1333915 0.1992056 0.1655935 0.1688291 0.1155484 0.2129016 0.1673735 0.2018687 0.0000000 0.2132536 0.1330990 0.1154075 0.1442350 0.2471951 0.1722103 0.1696880 0.0228821 0.0228821 
Tarsipedidae_Tarsipes_rostratus              0.1730473 0.1134192 0.1825814 0.0897895 0.0925780 0.2333007 0.1788202 0.1783983 0.0999535 0.1622237 0.2338308 0.2188553 0.1853266 0.0773207 0.1051753 0.2352889 0.2451045 0.2240769 0.0824626 0.0880175 0.2474007 0.2400347 0.2380694 0.1855986 0.1047421 0.0852721 0.0888931 0.2132536 0.0000000 0.1785415 0.1825748 0.2381067 0.1157707 0.2815132 0.2468212 0.1163944 0.1163944 
Acrobatidae_Distoechurus_pennatus            0.0800304 0.2032488 0.1007993 0.1668258 0.1801805 0.1310690 0.0793235 0.0900356 0.1874703 0.0915092 0.1527261 0.1554286 0.0925886 0.0381447 0.0929917 0.1286798 0.1513545 0.1284146 0.1492386 0.1740841 0.1687694 0.1442439 0.1432516 0.0905052 0.1653486 0.1766076 0.1715492 0.1330990 0.1785415 0.0000000 0.0933242 0.1451755 0.2138562 0.1210075 0.1113408 0.1195403 0.1195403 
Phalangeridae_Phalanger_carmelitae           0.0685552 0.1979252 0.0849678 0.1624743 0.1782899 0.1176424 0.0360524 0.0336054 0.1878813 0.0247196 0.1421577 0.1424428 0.0058866 0.0739032 0.0872456 0.1124865 0.1501082 0.1193790 0.1481722 0.1762553 0.1708925 0.1425247 0.1364075 0.0795374 0.1543441 0.1701176 0.1671836 0.1154075 0.1825748 0.0933242 0.0000000 0.1287057 0.1996479 0.1250386 0.1185674 0.0759798 0.0759798 
Peramelidae_Peroryctes_raffrayana            0.1266630 0.2309868 0.1020047 0.2147616 0.2343543 0.1573688 0.1366450 0.1310570 0.2463901 0.1407703 0.1427290 0.1399024 0.1273422 0.1112381 0.0989188 0.1507856 0.1399992 0.0180596 0.2001504 0.2289014 0.1424161 0.1350848 0.1314437 0.1230631 0.1922603 0.2220579 0.2186127 0.1442350 0.2381067 0.1451755 0.1287057 0.0000000 0.2325890 0.0410812 0.0400813 0.0477336 0.0477336 
Dasyuridae_Dasyurus_geffroii                 0.1926781 0.1028135 0.1918534 0.1106481 0.1129570 0.0803483 0.2012304 0.1917873 0.1202948 0.1795937 0.1023810 0.1040412 0.2017274 0.1081751 0.0173131 0.0856389 0.1143508 0.2149561 0.0934582 0.1081181 0.2132803 0.2211523 0.1091681 0.2016314 0.0959086 0.1065507 0.1038695 0.2471951 0.1157707 0.2138562 0.1996479 0.2325890 0.0000000 0.2580412 0.2352704 0.0634377 0.0634377 
Peramelidae_Perameles_nasuta                 0.1134646 0.2481554 0.1105657 0.2471462 0.2684928 0.1458818 0.1155885 0.1230076 0.2968153 0.1305453 0.1460208 0.1488044 0.1264661 0.1022027 0.0900550 0.1415939 0.1426484 0.0396527 0.2306489 0.2574428 0.1218243 0.1308783 0.1355229 0.1292651 0.2071159 0.2427656 0.2312272 0.1722103 0.2815132 0.1210075 0.1250386 0.0410812 0.2580412 0.0000000 0.0016460 0.0352365 0.0352365 
Peramelidae_Perameles_gunnii                 0.1055576 0.2245158 0.1089317 0.2240573 0.2421733 0.1384529 0.1110052 0.1178153 0.2661658 0.1230937 0.1403489 0.1402358 0.1198250 0.0948383 0.0894847 0.1340830 0.1369405 0.0350176 0.2127178 0.2350372 0.1165452 0.1251616 0.1317649 0.1237636 0.1862743 0.2181624 0.2124268 0.1696880 0.2468212 0.1113408 0.1185674 0.0400813 0.2352704 0.0016460 0.0000000 0.0352365 0.0352365 
Thylacomyidae_Macrotis_lagotis1              0.0879844 0.0474661 0.1245374 0.0738329 0.0874168 0.0779226 0.0738329 0.0742930 0.0738329 0.0619636 0.0634377 0.0634377 0.0930782 0.1204115 9.0000000 0.0634377 9.0000000 0.0477336 0.1020236 0.0474661 0.0585432 0.0350487 9.0000000 0.1013403 0.0874168 0.0228821 0.1155882 0.0228821 0.1163944 0.1195403 0.0759798 0.0477336 0.0634377 0.0352365 0.0352365 0.0000000 0.0000010 
Thylacomyidae_Macrotis_lagotis2              0.0879844 0.0474661 0.1245374 0.0738329 0.0874168 0.0779226 0.0738329 0.0742930 0.0738329 0.0619636 0.0634377 0.0634377 0.0930782 0.1204115 9.0000000 0.0634377 9.0000000 0.0477336 0.1020236 0.0474661 0.0585432 0.0350487 9.0000000 0.1013403 0.0874168 0.0228821 0.1155882 0.0228821 0.1163944 0.1195403 0.0759798 0.0477336 0.0634377 0.0352365 0.0352365 0.0000010 0.0000000 
