35
Burramyidae_Burramys_parvus                  0.0000000 0.0409991 0.0268060 0.0284815 0.0302926 0.0370416 0.0239721 0.0223586 0.0280523 0.0385688 0.0223725 0.0353915 0.0358009 0.0234155 0.0255634 0.0352748 0.0357616 0.0334439 0.0403891 0.0279335 0.0259693 0.0431144 0.0452517 0.0356742 0.0280003 0.0378535 0.0249609 0.0262753 0.0265996 0.0337082 0.0271550 0.0234033 0.0366395 0.0364259 0.0390727 
Notoryctidae_Notoryctes_typhlops             0.0409991 0.0000000 0.0330602 0.0388768 0.0408678 0.0410665 0.0357883 0.0348919 0.0376017 0.0376809 0.0350053 0.0395078 0.0391758 0.0339296 0.0359527 0.0395652 0.0400656 0.0372824 0.0386454 0.0369884 0.0367321 0.0416767 0.0429724 0.0412562 0.0390086 0.0400263 0.0370165 0.0355264 0.0398817 0.0445433 0.0351794 0.0348447 0.0362272 0.0408853 0.0384280 
Vombatidae_Lasiorhinus_latifrons             0.0268060 0.0330602 0.0000000 0.0297427 0.0312568 0.0346219 0.0233595 0.0227591 0.0291538 0.0315194 0.0233672 0.0318338 0.0320616 0.0232320 0.0242074 0.0323546 0.0328421 0.0316513 0.0345133 0.0280868 0.0255044 0.0378646 0.0396099 0.0327849 0.0287878 0.0336485 0.0252003 0.0270805 0.0271523 0.0328247 0.0256363 0.0236608 0.0324660 0.0354418 0.0327854 
Potoroidae_Bettongia_penicillata             0.0284815 0.0388768 0.0297427 0.0000000 0.0033409 0.0372830 0.0235363 0.0233507 0.0064147 0.0393510 0.0233424 0.0353401 0.0346431 0.0245303 0.0268664 0.0355538 0.0361733 0.0324124 0.0408245 0.0124902 0.0290737 0.0436591 0.0425312 0.0356378 0.0180101 0.0371127 0.0272971 0.0110951 0.0299559 0.0327257 0.0271504 0.0249538 0.0381336 0.0366673 0.0403777 
Potoroidae_Bettongia_lesueur                 0.0302926 0.0408678 0.0312568 0.0033409 0.0000000 0.0391046 0.0252908 0.0253549 0.0077847 0.0409726 0.0255393 0.0376858 0.0367395 0.0265713 0.0287951 0.0375730 0.0383704 0.0348574 0.0422884 0.0142076 0.0310319 0.0459273 0.0440872 0.0376823 0.0200937 0.0395020 0.0287781 0.0122934 0.0308687 0.0344572 0.0295064 0.0270009 0.0400916 0.0384808 0.0418438 
Dasyuridae_Dasyurus_maculatus                0.0370416 0.0410665 0.0346219 0.0372830 0.0391046 0.0000000 0.0332352 0.0324706 0.0370114 0.0408310 0.0329812 0.0089449 0.0142308 0.0322846 0.0327707 0.0088214 0.0035644 0.0130562 0.0417934 0.0363879 0.0353771 0.0452915 0.0455437 0.0096461 0.0372526 0.0382762 0.0336702 0.0352916 0.0363489 0.0394286 0.0352219 0.0327337 0.0390404 0.0044349 0.0420299 
Phalangeridae_Trichosurus_vulpecula          0.0239721 0.0357883 0.0233595 0.0235363 0.0252908 0.0332352 0.0000000 0.0089002 0.0229566 0.0324587 0.0088511 0.0295738 0.0298654 0.0091178 0.0225943 0.0299309 0.0318539 0.0280732 0.0348905 0.0222315 0.0224194 0.0380298 0.0401003 0.0306383 0.0229014 0.0336326 0.0218195 0.0213488 0.0229459 0.0277573 0.0234247 0.0097551 0.0325255 0.0337339 0.0334277 
Phalangeridae_Spilocuscus_maculatus          0.0223586 0.0348919 0.0227591 0.0233507 0.0253549 0.0324706 0.0089002 0.0000000 0.0232018 0.0333371 0.0043108 0.0290207 0.0293150 0.0043180 0.0212875 0.0292143 0.0312411 0.0270163 0.0349594 0.0220152 0.0211243 0.0377598 0.0389862 0.0296588 0.0220257 0.0318499 0.0200783 0.0209741 0.0221251 0.0257249 0.0233845 0.0045619 0.0321668 0.0323367 0.0343077 
Potoroidae_Aepyprymnus_rufescens             0.0280523 0.0376017 0.0291538 0.0064147 0.0077847 0.0370114 0.0229566 0.0232018 0.0000000 0.0383813 0.0235995 0.0361969 0.0349803 0.0238248 0.0268688 0.0364133 0.0368979 0.0327047 0.0396840 0.0123566 0.0283370 0.0423253 0.0412191 0.0361170 0.0185890 0.0374155 0.0271556 0.0107056 0.0290584 0.0330284 0.0262455 0.0242464 0.0373779 0.0373631 0.0393997 
Peramelidae_Perameles_nasuta                 0.0385688 0.0376809 0.0315194 0.0393510 0.0409726 0.0408310 0.0324587 0.0333371 0.0383813 0.0000000 0.0335053 0.0370039 0.0367716 0.0330034 0.0342653 0.0367244 0.0377368 0.0358465 0.0064304 0.0381148 0.0356033 0.0439020 0.0460217 0.0382179 0.0388204 0.0402031 0.0351970 0.0357256 0.0355601 0.0418131 0.0353009 0.0331415 0.0057911 0.0398552 0.0003560 
Phalangeridae_Strigocuscus_pelengensis       0.0223725 0.0350053 0.0233672 0.0233424 0.0255393 0.0329812 0.0088511 0.0043108 0.0235995 0.0335053 0.0000000 0.0298423 0.0299225 0.0047936 0.0220984 0.0302339 0.0318177 0.0273709 0.0353272 0.0221365 0.0222251 0.0379998 0.0395342 0.0303784 0.0221426 0.0321494 0.0209620 0.0215476 0.0227394 0.0259307 0.0230894 0.0046683 0.0324090 0.0324732 0.0346042 
Dasyuridae_Phascogale_tapoatafa              0.0353915 0.0395078 0.0318338 0.0353401 0.0376858 0.0089449 0.0295738 0.0290207 0.0361969 0.0370039 0.0298423 0.0000000 0.0113401 0.0296290 0.0324941 0.0017122 0.0088150 0.0100474 0.0390072 0.0357086 0.0341741 0.0411223 0.0423254 0.0053733 0.0361122 0.0364300 0.0330636 0.0347635 0.0343223 0.0371483 0.0343887 0.0300822 0.0365996 0.0096193 0.0385340 
Dasyuridae_Sminthopsis_macroura              0.0358009 0.0391758 0.0320616 0.0346431 0.0367395 0.0142308 0.0298654 0.0293150 0.0349803 0.0367716 0.0299225 0.0113401 0.0000000 0.0300555 0.0317611 0.0110823 0.0128046 0.0076433 0.0382057 0.0338862 0.0336959 0.0423377 0.0429206 0.0124100 0.0333361 0.0378624 0.0327936 0.0329537 0.0337214 0.0367768 0.0334070 0.0306469 0.0354905 0.0137271 0.0377649 
Phalangeridae_Phalanger_orientalis           0.0234155 0.0339296 0.0232320 0.0245303 0.0265713 0.0322846 0.0091178 0.0043180 0.0238248 0.0330034 0.0047936 0.0296290 0.0300555 0.0000000 0.0217441 0.0299806 0.0316918 0.0275159 0.0354065 0.0219415 0.0218605 0.0372235 0.0394251 0.0297329 0.0220527 0.0332337 0.0206996 0.0217531 0.0222907 0.0263859 0.0228701 0.0016510 0.0322879 0.0324628 0.0339667 
Acrobatidae_Acrobates_pygmaeus               0.0255634 0.0359527 0.0242074 0.0268664 0.0287951 0.0327707 0.0225943 0.0212875 0.0268688 0.0342653 0.0220984 0.0324941 0.0317611 0.0217441 0.0000000 0.0323798 0.0320524 0.0294073 0.0366661 0.0249777 0.0210226 0.0401547 0.0417031 0.0335121 0.0263625 0.0340509 0.0205978 0.0240989 0.0216572 0.0268281 0.0149940 0.0221565 0.0337995 0.0331092 0.0352388 
Dasyuridae_Phascogale_calura                 0.0352748 0.0395652 0.0323546 0.0355538 0.0375730 0.0088214 0.0299309 0.0292143 0.0364133 0.0367244 0.0302339 0.0017122 0.0110823 0.0299806 0.0323798 0.0000000 0.0080398 0.0099318 0.0385592 0.0362550 0.0334176 0.0401746 0.0413244 0.0044599 0.0361618 0.0369623 0.0329492 0.0345204 0.0337831 0.0372014 0.0345988 0.0302775 0.0366549 0.0083154 0.0382530 
Dasyuridae_Sarcophilus_harrisii              0.0357616 0.0400656 0.0328421 0.0361733 0.0383704 0.0035644 0.0318539 0.0312411 0.0368979 0.0377368 0.0318177 0.0088150 0.0128046 0.0316918 0.0320524 0.0080398 0.0000000 0.0118517 0.0388989 0.0365811 0.0348774 0.0426032 0.0434216 0.0091054 0.0361548 0.0377738 0.0334237 0.0348480 0.0355699 0.0385201 0.0344125 0.0319918 0.0373595 0.0031969 0.0389421 
Dasyuridae_Planigale_tenuirostris            0.0334439 0.0372824 0.0316513 0.0324124 0.0348574 0.0130562 0.0280732 0.0270163 0.0327047 0.0358465 0.0273709 0.0100474 0.0076433 0.0275159 0.0294073 0.0099318 0.0118517 0.0000000 0.0373782 0.0316445 0.0325729 0.0403207 0.0409311 0.0111139 0.0315371 0.0361442 0.0320446 0.0306719 0.0328173 0.0360182 0.0303112 0.0275086 0.0344347 0.0133584 0.0370032 
Peramelidae_Echymipera_kalubu                0.0403891 0.0386454 0.0345133 0.0408245 0.0422884 0.0417934 0.0348905 0.0349594 0.0396840 0.0064304 0.0353272 0.0390072 0.0382057 0.0354065 0.0366661 0.0385592 0.0388989 0.0373782 0.0000000 0.0392789 0.0376997 0.0440375 0.0454289 0.0394455 0.0402807 0.0425330 0.0373031 0.0367109 0.0372872 0.0443543 0.0373862 0.0355455 0.0056366 0.0408150 0.0061855 
Macropodidae_Dorcopsulus_vanheurni           0.0279335 0.0369884 0.0280868 0.0124902 0.0142076 0.0363879 0.0222315 0.0220152 0.0123566 0.0381148 0.0221365 0.0357086 0.0338862 0.0219415 0.0249777 0.0362550 0.0365811 0.0316445 0.0392789 0.0000000 0.0279193 0.0423492 0.0424599 0.0366100 0.0186864 0.0367692 0.0268761 0.0048007 0.0278941 0.0318084 0.0259829 0.0226466 0.0356547 0.0364155 0.0391090 
Pseudochiridae_Pseudochirulus_forbesi        0.0259693 0.0367321 0.0255044 0.0290737 0.0310319 0.0353771 0.0224194 0.0211243 0.0283370 0.0356033 0.0222251 0.0341741 0.0336959 0.0218605 0.0210226 0.0334176 0.0348774 0.0325729 0.0376997 0.0279193 0.0000000 0.0409157 0.0428557 0.0340878 0.0275244 0.0374970 0.0151927 0.0261592 0.0094269 0.0273816 0.0231217 0.0219924 0.0342009 0.0357327 0.0365859 
Didelphidae_Didelphis_virginiana             0.0431144 0.0416767 0.0378646 0.0436591 0.0459273 0.0452915 0.0380298 0.0377598 0.0423253 0.0439020 0.0379998 0.0411223 0.0423377 0.0372235 0.0401547 0.0401746 0.0426032 0.0403207 0.0440375 0.0423492 0.0409157 0.0000000 0.0135052 0.0412814 0.0436870 0.0399035 0.0407875 0.0414321 0.0430618 0.0474383 0.0404330 0.0375349 0.0422684 0.0449890 0.0447729 
Marmosidae_Monodelphis_domestica             0.0452517 0.0429724 0.0396099 0.0425312 0.0440872 0.0455437 0.0401003 0.0389862 0.0412191 0.0460217 0.0395342 0.0423254 0.0429206 0.0394251 0.0417031 0.0413244 0.0434216 0.0409311 0.0454289 0.0424599 0.0428557 0.0135052 0.0000000 0.0426399 0.0439398 0.0432581 0.0417343 0.0414642 0.0430767 0.0496732 0.0425378 0.0397373 0.0441471 0.0445546 0.0467225 
Dasyuridae_Antechinus_stuartii               0.0356742 0.0412562 0.0327849 0.0356378 0.0376823 0.0096461 0.0306383 0.0296588 0.0361170 0.0382179 0.0303784 0.0053733 0.0124100 0.0297329 0.0335121 0.0044599 0.0091054 0.0111139 0.0394455 0.0366100 0.0340878 0.0412814 0.0426399 0.0000000 0.0369110 0.0394014 0.0327032 0.0345385 0.0342949 0.0366702 0.0336038 0.0300384 0.0372680 0.0093862 0.0397970 
Hypsiprymnodontidae_Hypsiprymnodon_moschatus 0.0280003 0.0390086 0.0287878 0.0180101 0.0200937 0.0372526 0.0229014 0.0220257 0.0185890 0.0388204 0.0221426 0.0361122 0.0333361 0.0220527 0.0263625 0.0361618 0.0361548 0.0315371 0.0402807 0.0186864 0.0275244 0.0436870 0.0439398 0.0369110 0.0000000 0.0363375 0.0256137 0.0169001 0.0269506 0.0331093 0.0256170 0.0228969 0.0380433 0.0371170 0.0398337 
Microbiotheriidae_Dromiciops_gliroides       0.0378535 0.0400263 0.0336485 0.0371127 0.0395020 0.0382762 0.0336326 0.0318499 0.0374155 0.0402031 0.0321494 0.0364300 0.0378624 0.0332337 0.0340509 0.0369623 0.0377738 0.0361442 0.0425330 0.0367692 0.0374970 0.0399035 0.0432581 0.0394014 0.0363375 0.0000000 0.0351278 0.0349941 0.0379826 0.0409383 0.0350307 0.0327280 0.0387924 0.0380913 0.0414544 
Pseudochiridae_Petauroides_volans            0.0249609 0.0370165 0.0252003 0.0272971 0.0287781 0.0336702 0.0218195 0.0200783 0.0271556 0.0351970 0.0209620 0.0330636 0.0327936 0.0206996 0.0205978 0.0329492 0.0334237 0.0320446 0.0373031 0.0268761 0.0151927 0.0407875 0.0417343 0.0327032 0.0256137 0.0351278 0.0000000 0.0259628 0.0137905 0.0240863 0.0219639 0.0219612 0.0347933 0.0340241 0.0364758 
Macropodidae_Wallabia_bicolor                0.0262753 0.0355264 0.0270805 0.0110951 0.0122934 0.0352916 0.0213488 0.0209741 0.0107056 0.0357256 0.0215476 0.0347635 0.0329537 0.0217531 0.0240989 0.0345204 0.0348480 0.0306719 0.0367109 0.0048007 0.0261592 0.0414321 0.0414642 0.0345385 0.0169001 0.0349941 0.0259628 0.0000000 0.0265347 0.0320313 0.0246628 0.0217424 0.0339967 0.0346604 0.0367024 
Pseudochiridae_Pseudocheirus_occidentalis    0.0265996 0.0398817 0.0271523 0.0299559 0.0308687 0.0363489 0.0229459 0.0221251 0.0290584 0.0355601 0.0227394 0.0343223 0.0337214 0.0222907 0.0216572 0.0337831 0.0355699 0.0328173 0.0372872 0.0278941 0.0094269 0.0430618 0.0430767 0.0342949 0.0269506 0.0379826 0.0137905 0.0265347 0.0000000 0.0274277 0.0238776 0.0236746 0.0359147 0.0370302 0.0353122 
Tarsipedidae_Tarsipes_rostratus              0.0337082 0.0445433 0.0328247 0.0327257 0.0344572 0.0394286 0.0277573 0.0257249 0.0330284 0.0418131 0.0259307 0.0371483 0.0367768 0.0263859 0.0268281 0.0372014 0.0385201 0.0360182 0.0443543 0.0318084 0.0273816 0.0474383 0.0496732 0.0366702 0.0331093 0.0409383 0.0240863 0.0320313 0.0274277 0.0000000 0.0299677 0.0269716 0.0421197 0.0387876 0.0433814 
Acrobatidae_Distoechurus_pennatus            0.0271550 0.0351794 0.0256363 0.0271504 0.0295064 0.0352219 0.0234247 0.0233845 0.0262455 0.0353009 0.0230894 0.0343887 0.0334070 0.0228701 0.0149940 0.0345988 0.0344125 0.0303112 0.0373862 0.0259829 0.0231217 0.0404330 0.0425378 0.0336038 0.0256170 0.0350307 0.0219639 0.0246628 0.0238776 0.0299677 0.0000000 0.0237058 0.0338419 0.0355628 0.0364407 
Phalangeridae_Phalanger_carmelitae           0.0234033 0.0348447 0.0236608 0.0249538 0.0270009 0.0327337 0.0097551 0.0045619 0.0242464 0.0331415 0.0046683 0.0300822 0.0306469 0.0016510 0.0221565 0.0302775 0.0319918 0.0275086 0.0355455 0.0226466 0.0219924 0.0375349 0.0397373 0.0300384 0.0228969 0.0327280 0.0219612 0.0217424 0.0236746 0.0269716 0.0237058 0.0000000 0.0324396 0.0330666 0.0341055 
Peramelidae_Peroryctes_raffrayana            0.0366395 0.0362272 0.0324660 0.0381336 0.0400916 0.0390404 0.0325255 0.0321668 0.0373779 0.0057911 0.0324090 0.0365996 0.0354905 0.0322879 0.0337995 0.0366549 0.0373595 0.0344347 0.0056366 0.0356547 0.0342009 0.0422684 0.0441471 0.0372680 0.0380433 0.0387924 0.0347933 0.0339967 0.0359147 0.0421197 0.0338419 0.0324396 0.0000000 0.0383485 0.0056409 
Dasyuridae_Dasyurus_geffroii                 0.0364259 0.0408853 0.0354418 0.0366673 0.0384808 0.0044349 0.0337339 0.0323367 0.0373631 0.0398552 0.0324732 0.0096193 0.0137271 0.0324628 0.0331092 0.0083154 0.0031969 0.0133584 0.0408150 0.0364155 0.0357327 0.0449890 0.0445546 0.0093862 0.0371170 0.0380913 0.0340241 0.0346604 0.0370302 0.0387876 0.0355628 0.0330666 0.0383485 0.0000000 0.0410078 
Peramelidae_Perameles_gunnii                 0.0390727 0.0384280 0.0327854 0.0403777 0.0418438 0.0420299 0.0334277 0.0343077 0.0393997 0.0003560 0.0346042 0.0385340 0.0377649 0.0339667 0.0352388 0.0382530 0.0389421 0.0370032 0.0061855 0.0391090 0.0365859 0.0447729 0.0467225 0.0397970 0.0398337 0.0414544 0.0364758 0.0367024 0.0353122 0.0433814 0.0364407 0.0341055 0.0056409 0.0410078 0.0000000 
