37
Burramyidae_Burramys_parvus                  0.0000000 0.0832398 0.0713881 0.0608434 0.0653664 0.0875511 0.0542299 0.0553929 0.0632130 0.0885062 0.0597107 0.0957797 9.0000000 0.0962114 9.0000000 0.0549137 0.0659961 0.0936561 0.0875593 0.0882322 0.1076623 0.0716161 0.0798951 0.1170829 0.1008477 0.0968961 0.0583426 0.0791951 0.0716156 0.0653165 0.0793324 0.0808589 0.0744582 0.0554822 0.1003082 0.0941086 0.1041751 
Notoryctidae_Notoryctes_typhlops             0.0832398 0.0000000 0.0872782 0.0764696 0.0820553 0.0801023 0.0696222 0.0676441 0.0777415 0.0808524 0.0719573 0.0812032 9.0000000 0.0810555 9.0000000 0.0674491 0.0771207 0.0775898 0.0765677 0.0840437 0.0932430 0.0904451 0.0923873 0.0935078 0.0701564 0.0816439 0.0742222 0.0860455 0.0855659 0.0847854 0.1152606 0.0965535 0.0838110 0.0681410 0.0884166 0.0830444 0.0892195 
Vombatidae_Lasiorhinus_latifrons             0.0713881 0.0872782 0.0000000 0.0717988 0.0762478 0.0904545 0.0629257 0.0678388 0.0771656 0.1003837 0.0709740 0.0907461 9.0000000 0.0907183 9.0000000 0.0684017 0.0757697 0.0896789 0.0883107 0.0884045 0.1157603 0.0726922 0.0892877 0.1286704 0.1043402 0.0970838 0.0773084 0.0986520 0.0750735 0.0769946 0.1005743 0.0894373 0.0877068 0.0691246 0.1130740 0.0958063 0.1102977 
Potoroidae_Bettongia_penicillata             0.0608434 0.0764696 0.0717988 0.0000000 0.0041462 0.0865424 0.0534170 0.0555869 0.0150831 0.0821922 0.0602279 0.0864102 9.0000000 0.0885111 9.0000000 0.0556198 0.0648509 0.0867790 0.0865501 0.0847234 0.1060033 0.0366881 0.0762436 0.0992241 0.0814475 0.0940471 0.0443879 0.0814057 0.0649850 0.0295751 0.0940531 0.0739261 0.0707786 0.0556486 0.0950647 0.0897013 0.1000374 
Potoroidae_Bettongia_lesueur                 0.0653664 0.0820553 0.0762478 0.0041462 0.0000000 0.0930894 0.0586290 0.0597691 0.0168151 0.0835481 0.0661039 0.0910584 9.0000000 0.0938651 9.0000000 0.0597092 0.0688262 0.0914446 0.0918955 0.0896050 0.1080852 0.0392215 0.0803882 0.1090867 0.0887964 0.0993072 0.0500369 0.0868264 0.0681687 0.0311436 0.1015213 0.0799544 0.0747920 0.0591642 0.0973584 0.0962744 0.1018133 
Dasyuridae_Dasyurus_maculatus                0.0875511 0.0801023 0.0904545 0.0865424 0.0930894 0.0000000 0.0779069 0.0780854 0.0914146 0.0945146 0.0829451 0.0162018 0.1305670 0.0594848 0.1305670 0.0791281 0.0852383 0.0162586 0.0054487 0.0208805 0.1127322 0.0983657 0.1069872 0.1131350 0.0978302 0.0211332 0.0838494 0.0903965 0.1376860 0.0955746 0.1138812 0.1133732 0.0962647 0.0797358 0.1086767 0.0091455 0.1085293 
Phalangeridae_Trichosurus_vulpecula          0.0542299 0.0696222 0.0629257 0.0534170 0.0586290 0.0779069 0.0000000 0.0187895 0.0571875 0.0784535 0.0222456 0.0777936 9.0000000 0.0804385 9.0000000 0.0167177 0.0578742 0.0746989 0.0756376 0.0738582 0.0945039 0.0652178 0.0703843 0.0958295 0.0858738 0.0810064 0.0504903 0.0720018 0.0626988 0.0586889 0.0810409 0.0760283 0.0622071 0.0181462 0.0883307 0.0814934 0.0936655 
Phalangeridae_Spilocuscus_maculatus          0.0553929 0.0676441 0.0678388 0.0555869 0.0597691 0.0780854 0.0187895 0.0000000 0.0561220 0.0799387 0.0146265 0.0768583 9.0000000 0.0794951 9.0000000 0.0092426 0.0584615 0.0743586 0.0752285 0.0746690 0.0990971 0.0636574 0.0738881 0.0974836 0.0844407 0.0807247 0.0546595 0.0762286 0.0649180 0.0597447 0.0854770 0.0769669 0.0666624 0.0101806 0.0918105 0.0816308 0.0951192 
Potoroidae_Aepyprymnus_rufescens             0.0632130 0.0777415 0.0771656 0.0150831 0.0168151 0.0914146 0.0571875 0.0561220 0.0000000 0.0796027 0.0624035 0.0913588 9.0000000 0.0923760 9.0000000 0.0555538 0.0677749 0.0905566 0.0902238 0.0868399 0.1098647 0.0398623 0.0804917 0.1036662 0.0794429 0.0978165 0.0469956 0.0871153 0.0671193 0.0317410 0.0984571 0.0778218 0.0745400 0.0555538 0.0978291 0.0945889 0.1035740 
Peramelidae_Perameles_nasuta                 0.0885062 0.0808524 0.1003837 0.0821922 0.0835481 0.0945146 0.0784535 0.0799387 0.0796027 0.0000000 0.0822052 0.0948893 9.0000000 0.0951328 9.0000000 0.0765806 0.0924984 0.0928027 0.0937814 0.0935208 0.0175220 0.0947533 0.0977674 0.1177318 0.1091139 0.0990629 0.0790103 0.0928721 0.0958189 0.0850896 0.1205170 0.1116442 0.0881295 0.0752681 0.0141072 0.0976427 0.0016971 
Phalangeridae_Strigocuscus_pelengensis       0.0597107 0.0719573 0.0709740 0.0602279 0.0661039 0.0829451 0.0222456 0.0146265 0.0624035 0.0822052 0.0000000 0.0815138 0.0795212 0.1209091 0.0795212 0.0106756 0.0624569 0.0783767 0.0799819 0.0774821 0.1016419 0.0700753 0.0789734 0.1017765 0.0895330 0.0855475 0.0593158 0.0749330 0.1113820 0.0659748 0.0896000 0.0841312 0.0709645 0.0120910 0.0910828 0.0865954 0.0973031 
Dasyuridae_Phascogale_tapoatafa              0.0957797 0.0812032 0.0907461 0.0864102 0.0910584 0.0162018 0.0777936 0.0768583 0.0913588 0.0948893 0.0815138 0.0000000 9.0000000 0.0225283 9.0000000 0.0778019 0.0861808 0.0045528 0.0152595 0.0198421 0.1111959 0.0968919 0.1066742 0.1150725 0.0965918 0.0143151 0.0842042 0.0908835 0.0948999 0.0941265 0.1216356 0.1131469 0.0984340 0.0784057 0.1083130 0.0219771 0.1076070 
Vombatidae_Vombatus_ursinus1                 9.0000000 9.0000000 9.0000000 9.0000000 9.0000000 0.1305670 9.0000000 9.0000000 9.0000000 9.0000000 0.0795212 9.0000000 0.0000000 0.4855835 0.0000010 9.0000000 9.0000000 9.0000000 9.0000000 9.0000000 9.0000000 9.0000000 9.0000000 9.0000000 9.0000000 0.1343649 9.0000000 0.0971308 0.4790275 9.0000000 9.0000000 0.1413289 9.0000000 9.0000000 9.0000000 9.0000000 9.0000000 
Dasyuridae_Sminthopsis_macroura              0.0962114 0.0810555 0.0907183 0.0885111 0.0938651 0.0594848 0.0804385 0.0794951 0.0923760 0.0951328 0.1209091 0.0225283 0.4855835 0.0000000 0.4855835 0.0804479 0.0864069 0.0230957 0.0230696 0.0198957 0.1148649 0.0979686 0.1083798 0.1148469 0.0994798 0.0620023 0.0845382 0.1233032 0.1099884 0.0945668 0.1134235 0.1531522 0.0983000 0.0810591 0.1100103 0.0299993 0.1106793 
Vombatidae_Vombatus_ursinus2                 9.0000000 9.0000000 9.0000000 9.0000000 9.0000000 0.1305670 9.0000000 9.0000000 9.0000000 9.0000000 0.0795212 9.0000000 0.0000010 0.4855835 0.0000000 9.0000000 9.0000000 9.0000000 9.0000000 9.0000000 9.0000000 9.0000000 9.0000000 9.0000000 9.0000000 0.1343649 9.0000000 0.0971308 0.4790275 9.0000000 9.0000000 0.1413289 9.0000000 9.0000000 9.0000000 9.0000000 9.0000000 
Phalangeridae_Phalanger_orientalis           0.0549137 0.0674491 0.0684017 0.0556198 0.0597092 0.0791281 0.0167177 0.0092426 0.0555538 0.0765806 0.0106756 0.0778019 9.0000000 0.0804479 9.0000000 0.0000000 0.0583346 0.0747060 0.0762877 0.0739014 0.0953082 0.0657643 0.0714380 0.0972783 0.0858479 0.0810160 0.0547324 0.0760987 0.0642911 0.0619229 0.0851529 0.0779957 0.0637332 0.0031683 0.0874516 0.0827759 0.0938386 
Acrobatidae_Acrobates_pygmaeus               0.0659961 0.0771207 0.0757697 0.0648509 0.0688262 0.0852383 0.0578742 0.0584615 0.0677749 0.0924984 0.0624569 0.0861808 9.0000000 0.0864069 9.0000000 0.0583346 0.0000000 0.0859600 0.0834688 0.0826385 0.1061887 0.0779702 0.0732624 0.1117078 0.0996212 0.0908078 0.0674664 0.0797424 0.0671728 0.0715359 0.0835549 0.0800326 0.0443032 0.0578146 0.1014263 0.0901927 0.1033630 
Dasyuridae_Phascogale_calura                 0.0936561 0.0775898 0.0896789 0.0867790 0.0914446 0.0162586 0.0746989 0.0743586 0.0905566 0.0928027 0.0783767 0.0045528 9.0000000 0.0230957 9.0000000 0.0747060 0.0859600 0.0000000 0.0148384 0.0194287 0.1097844 0.0949218 0.1063036 0.1152125 0.0967266 0.0134148 0.0804048 0.0887827 0.0952508 0.0921409 0.1170693 0.1111856 0.0952085 0.0753066 0.1064196 0.0210895 0.1074333 
Dasyuridae_Sarcophilus_harrisii              0.0875593 0.0765677 0.0883107 0.0865501 0.0918955 0.0054487 0.0756376 0.0752285 0.0902238 0.0937814 0.0799819 0.0152595 9.0000000 0.0230696 9.0000000 0.0762877 0.0834688 0.0148384 0.0000000 0.0208846 0.1127582 0.0959609 0.1045084 0.1124577 0.0962148 0.0176960 0.0820989 0.0887713 0.0945536 0.0937834 0.1138479 0.1069699 0.0932535 0.0768904 0.1080248 0.0110066 0.1085548 
Dasyuridae_Planigale_tenuirostris            0.0882322 0.0840437 0.0884045 0.0847234 0.0896050 0.0208805 0.0738582 0.0746690 0.0868399 0.0935208 0.0774821 0.0198421 9.0000000 0.0198957 9.0000000 0.0739014 0.0826385 0.0194287 0.0208846 0.0000000 0.1096029 0.0931042 0.1016067 0.1097603 0.0934711 0.0249685 0.0799514 0.0822965 0.0937816 0.0898381 0.1095544 0.1078725 0.0907984 0.0738144 0.1067728 0.0244191 0.1072826 
Peramelidae_Echymipera_kalubu                0.1076623 0.0932430 0.1157603 0.1060033 0.1080852 0.1127322 0.0945039 0.0990971 0.1098647 0.0175220 0.1016419 0.1111959 9.0000000 0.1148649 9.0000000 0.0953082 0.1061887 0.1097844 0.1127582 0.1096029 0.0000000 0.1171036 0.1178183 0.1362391 0.1165059 0.1148378 0.1075503 0.1092924 0.1135596 0.1092242 0.1348780 0.1312459 0.1111515 0.0953966 0.0169734 0.1155075 0.0191597 
Macropodidae_Dorcopsulus_vanheurni           0.0716161 0.0904451 0.0726922 0.0366881 0.0392215 0.0983657 0.0652178 0.0636574 0.0398623 0.0947533 0.0700753 0.0968919 9.0000000 0.0979686 9.0000000 0.0657643 0.0779702 0.0949218 0.0959609 0.0931042 0.1171036 0.0000000 0.0867388 0.1180030 0.0977953 0.1003842 0.0586749 0.0938164 0.0781774 0.0261872 0.1138354 0.0913090 0.0841040 0.0657643 0.1096072 0.1028085 0.1115309 
Pseudochiridae_Pseudochirulus_forbesi        0.0798951 0.0923873 0.0892877 0.0762436 0.0803882 0.1069872 0.0703843 0.0738881 0.0804917 0.0977674 0.0789734 0.1066742 9.0000000 0.1083798 9.0000000 0.0714380 0.0732624 0.1063036 0.1045084 0.1016067 0.1178183 0.0867388 0.0000000 0.1294846 0.1111052 0.1122167 0.0804591 0.1002006 0.0509208 0.0810734 0.0696925 0.0818926 0.0836343 0.0714283 0.1116990 0.1103469 0.1124947 
Didelphidae_Didelphis_virginiana             0.1170829 0.0935078 0.1286704 0.0992241 0.1090867 0.1131350 0.0958295 0.0974836 0.1036662 0.1177318 0.1017765 0.1150725 9.0000000 0.1148469 9.0000000 0.0972783 0.1117078 0.1152125 0.1124577 0.1097603 0.1362391 0.1180030 0.1294846 0.0000000 0.0331193 0.1235422 0.1063851 0.1170139 0.1162243 0.1150810 0.1463517 0.1261316 0.1169836 0.0993666 0.1230355 0.1211525 0.1293230 
Marmosidae_Monodelphis_domestica             0.1008477 0.0701564 0.1043402 0.0814475 0.0887964 0.0978302 0.0858738 0.0844407 0.0794429 0.1091139 0.0895330 0.0965918 9.0000000 0.0994798 9.0000000 0.0858479 0.0996212 0.0967266 0.0962148 0.0934711 0.1165059 0.0977953 0.1111052 0.0331193 0.0000000 0.1045134 0.0864452 0.0981946 0.0960048 0.0955937 0.1034700 0.1053488 0.1057214 0.0874299 0.1079471 0.1019292 0.1104435 
Dasyuridae_Antechinus_stuartii               0.0968961 0.0816439 0.0970838 0.0940471 0.0993072 0.0211332 0.0810064 0.0807247 0.0978165 0.0990629 0.0855475 0.0143151 0.1343649 0.0620023 0.1343649 0.0810160 0.0908078 0.0134148 0.0176960 0.0249685 0.1148378 0.1003842 0.1122167 0.1235422 0.1045134 0.0000000 0.0875179 0.0959975 0.1430146 0.0994057 0.1207833 0.1242356 0.0995194 0.0815880 0.1108879 0.0225452 0.1094029 
Hypsiprymnodontidae_Hypsiprymnodon_moschatus 0.0583426 0.0742222 0.0773084 0.0443879 0.0500369 0.0838494 0.0504903 0.0546595 0.0469956 0.0790103 0.0593158 0.0842042 9.0000000 0.0845382 9.0000000 0.0547324 0.0674664 0.0804048 0.0820989 0.0799514 0.1075503 0.0586749 0.0804591 0.1063851 0.0864452 0.0875179 0.0000000 0.0822619 0.0645669 0.0517681 0.0956718 0.0749485 0.0706487 0.0552630 0.0937015 0.0892981 0.0997484 
Microbiotheriidae_Dromiciops_gliroides       0.0791951 0.0860455 0.0986520 0.0814057 0.0868264 0.0903965 0.0720018 0.0762286 0.0871153 0.0928721 0.0749330 0.0908835 0.0971308 0.1233032 0.0971308 0.0760987 0.0797424 0.0887827 0.0887713 0.0822965 0.1092924 0.0938164 0.1002006 0.1170139 0.0981946 0.0959975 0.0822619 0.0000000 0.1349463 0.0878589 0.1170330 0.1129681 0.0950512 0.0760869 0.1083816 0.0913348 0.1084087 
Pseudochiridae_Petauroides_volans            0.0716156 0.0855659 0.0750735 0.0649850 0.0681687 0.1376860 0.0626988 0.0649180 0.0671193 0.0958189 0.1113820 0.0948999 0.4790275 0.1099884 0.4790275 0.0642911 0.0671728 0.0952508 0.0945536 0.0937816 0.1135596 0.0781774 0.0509208 0.1162243 0.0960048 0.1430146 0.0645669 0.1349463 0.0000000 0.0738729 0.0751201 0.1151195 0.0749208 0.0648406 0.1096833 0.0990137 0.1082185 
Macropodidae_Wallabia_bicolor                0.0653165 0.0847854 0.0769946 0.0295751 0.0311436 0.0955746 0.0586889 0.0597447 0.0317410 0.0850896 0.0659748 0.0941265 9.0000000 0.0945668 9.0000000 0.0619229 0.0715359 0.0921409 0.0937834 0.0898381 0.1092242 0.0261872 0.0810734 0.1150810 0.0955937 0.0994057 0.0517681 0.0878589 0.0738729 0.0000000 0.0998434 0.0856161 0.0752254 0.0613748 0.0998829 0.0999919 0.1021038 
Pseudochiridae_Pseudocheirus_occidentalis    0.0793324 0.1152606 0.1005743 0.0940531 0.1015213 0.1138812 0.0810409 0.0854770 0.0984571 0.1205170 0.0896000 0.1216356 9.0000000 0.1134235 9.0000000 0.0851529 0.0835549 0.1170693 0.1138479 0.1095544 0.1348780 0.1138354 0.0696925 0.1463517 0.1034700 0.1207833 0.0956718 0.1170330 0.0751201 0.0998434 0.0000000 0.0976696 0.0956768 0.0876427 0.1282811 0.1127202 0.1265355 
Tarsipedidae_Tarsipes_rostratus              0.0808589 0.0965535 0.0894373 0.0739261 0.0799544 0.1133732 0.0760283 0.0769669 0.0778218 0.1116442 0.0841312 0.1131469 0.1413289 0.1531522 0.1413289 0.0779957 0.0800326 0.1111856 0.1069699 0.1078725 0.1312459 0.0913090 0.0818926 0.1261316 0.1053488 0.1242356 0.0749485 0.1129681 0.1151195 0.0856161 0.0976696 0.0000000 0.0866142 0.0791503 0.1242188 0.1161102 0.1224717 
Acrobatidae_Distoechurus_pennatus            0.0744582 0.0838110 0.0877068 0.0707786 0.0747920 0.0962647 0.0622071 0.0666624 0.0745400 0.0881295 0.0709645 0.0984340 9.0000000 0.0983000 9.0000000 0.0637332 0.0443032 0.0952085 0.0932535 0.0907984 0.1111515 0.0841040 0.0836343 0.1169836 0.1057214 0.0995194 0.0706487 0.0950512 0.0749208 0.0752254 0.0956768 0.0866142 0.0000000 0.0642778 0.1060801 0.1007549 0.1106537 
Phalangeridae_Phalanger_carmelitae           0.0554822 0.0681410 0.0691246 0.0556486 0.0591642 0.0797358 0.0181462 0.0101806 0.0555538 0.0752681 0.0120910 0.0784057 9.0000000 0.0810591 9.0000000 0.0031683 0.0578146 0.0753066 0.0768904 0.0738144 0.0953966 0.0657643 0.0714283 0.0993666 0.0874299 0.0815880 0.0552630 0.0760869 0.0648406 0.0613748 0.0876427 0.0791503 0.0642778 0.0000000 0.0876411 0.0839295 0.0921453 
Peramelidae_Peroryctes_raffrayana            0.1003082 0.0884166 0.1130740 0.0950647 0.0973584 0.1086767 0.0883307 0.0918105 0.0978291 0.0141072 0.0910828 0.1083130 9.0000000 0.1100103 9.0000000 0.0874516 0.1014263 0.1064196 0.1080248 0.1067728 0.0169734 0.1096072 0.1116990 0.1230355 0.1079471 0.1108879 0.0937015 0.1083816 0.1096833 0.0998829 0.1282811 0.1242188 0.1060801 0.0876411 0.0000000 0.1121077 0.0168868 
Dasyuridae_Dasyurus_geffroii                 0.0941086 0.0830444 0.0958063 0.0897013 0.0962744 0.0091455 0.0814934 0.0816308 0.0945889 0.0976427 0.0865954 0.0219771 9.0000000 0.0299993 9.0000000 0.0827759 0.0901927 0.0210895 0.0110066 0.0244191 0.1155075 0.1028085 0.1103469 0.1211525 0.1019292 0.0225452 0.0892981 0.0913348 0.0990137 0.0999919 0.1127202 0.1161102 0.1007549 0.0839295 0.1121077 0.0000000 0.1126641 
Peramelidae_Perameles_gunnii                 0.1041751 0.0892195 0.1102977 0.1000374 0.1018133 0.1085293 0.0936655 0.0951192 0.1035740 0.0016971 0.0973031 0.1076070 9.0000000 0.1106793 9.0000000 0.0938386 0.1033630 0.1074333 0.1085548 0.1072826 0.0191597 0.1115309 0.1124947 0.1293230 0.1104435 0.1094029 0.0997484 0.1084087 0.1082185 0.1021038 0.1265355 0.1224717 0.1106537 0.0921453 0.0168868 0.1126641 0.0000000 
