35
Burramyidae_Burramys_parvus                  0.0000000 0.0732661 0.0522099 0.0451775 0.0444838 0.0722139 0.0376480 0.0437808 0.0510743 0.0947674 0.0453954 0.0720957 0.0719977 0.0461310 0.0428798 0.0711660 0.0713984 0.0656704 0.0913632 0.0498831 0.0469260 0.1174519 0.0978345 0.0743825 0.0444591 0.0645608 0.0458015 0.0423148 0.0460782 0.0619942 0.0538973 0.0457148 0.0884447 0.0742340 0.0936465 
Notoryctidae_Notoryctes_typhlops             0.0732661 0.0000000 0.0820887 0.0865399 0.0848269 0.1070551 0.0761192 0.0814459 0.0901723 0.1238267 0.0850258 0.1056377 0.1027026 0.0825673 0.0837958 0.1069388 0.1060946 0.1020698 0.1147269 0.0906634 0.0801248 0.1336789 0.1289754 0.1061152 0.0831514 0.0912113 0.0817828 0.0846890 0.0804653 0.1001552 0.0975202 0.0824625 0.1141144 0.1080177 0.1230754 
Vombatidae_Lasiorhinus_latifrons             0.0522099 0.0820887 0.0000000 0.0601990 0.0606498 0.0767171 0.0567030 0.0625304 0.0662611 0.1042308 0.0610231 0.0802991 0.0774905 0.0614694 0.0596812 0.0817798 0.0763622 0.0752597 0.1013054 0.0658462 0.0566482 0.1143997 0.1077760 0.0819886 0.0582831 0.0684799 0.0543175 0.0588055 0.0552600 0.0743194 0.0707303 0.0613991 0.0982104 0.0791975 0.1026357 
Potoroidae_Bettongia_penicillata             0.0451775 0.0865399 0.0601990 0.0000000 0.0028376 0.0840157 0.0455976 0.0515559 0.0163605 0.1025456 0.0539843 0.0861635 0.0861312 0.0523983 0.0527685 0.0877395 0.0837102 0.0854972 0.0985992 0.0262713 0.0604954 0.1229789 0.1065079 0.0888811 0.0365008 0.0665716 0.0561054 0.0195751 0.0618866 0.0723672 0.0589412 0.0515913 0.0959763 0.0865378 0.1014029 
Potoroidae_Bettongia_lesueur                 0.0444838 0.0848269 0.0606498 0.0028376 0.0000000 0.0840395 0.0445416 0.0508597 0.0150348 0.0999153 0.0528632 0.0853417 0.0862217 0.0513255 0.0528211 0.0869123 0.0837340 0.0849648 0.0959925 0.0245327 0.0593902 0.1221864 0.1052532 0.0876838 0.0351088 0.0681549 0.0561300 0.0179146 0.0607813 0.0719016 0.0581262 0.0505213 0.0933861 0.0857194 0.0999943 
Dasyuridae_Dasyurus_maculatus                0.0722139 0.1070551 0.0767171 0.0840157 0.0840395 0.0000000 0.0757357 0.0824731 0.0926782 0.1176646 0.0823090 0.0311670 0.0369895 0.0839929 0.0824780 0.0316385 0.0063129 0.0368490 0.1165115 0.0920950 0.0877406 0.1320985 0.1106230 0.0292492 0.0818391 0.0800805 0.0850120 0.0808938 0.0874872 0.0906980 0.0845256 0.0826457 0.1163298 0.0059876 0.1164035 
Phalangeridae_Trichosurus_vulpecula          0.0376480 0.0761192 0.0567030 0.0455976 0.0445416 0.0757357 0.0000000 0.0163668 0.0510887 0.0964107 0.0188234 0.0771604 0.0761349 0.0167325 0.0460917 0.0791130 0.0737105 0.0759852 0.0934373 0.0506990 0.0531630 0.1114457 0.0975085 0.0796794 0.0503273 0.0635776 0.0508659 0.0442134 0.0526489 0.0655011 0.0489357 0.0173757 0.0909988 0.0777716 0.0957238 
Phalangeridae_Spilocuscus_maculatus          0.0437808 0.0814459 0.0625304 0.0515559 0.0508597 0.0824731 0.0163668 0.0000000 0.0579908 0.1063131 0.0106001 0.0814381 0.0829981 0.0075999 0.0517277 0.0834315 0.0808078 0.0798190 0.1028244 0.0584154 0.0570936 0.1171139 0.1035240 0.0840333 0.0560229 0.0713733 0.0570821 0.0505301 0.0577029 0.0729850 0.0550622 0.0085541 0.1012062 0.0845491 0.1056237 
Potoroidae_Aepyprymnus_rufescens             0.0510743 0.0901723 0.0662611 0.0163605 0.0150348 0.0926782 0.0510887 0.0579908 0.0000000 0.1075788 0.0574552 0.0944533 0.0962797 0.0577123 0.0612882 0.0948473 0.0915042 0.0921944 0.1048937 0.0235049 0.0653175 0.1331027 0.1146015 0.0969095 0.0428562 0.0749979 0.0603654 0.0243297 0.0666936 0.0783231 0.0657547 0.0572617 0.1023261 0.0935480 0.1068715 
Peramelidae_Perameles_nasuta                 0.0947674 0.1238267 0.1042308 0.1025456 0.0999153 0.1176646 0.0964107 0.1063131 0.1075788 0.0000000 0.1050607 0.1145801 0.1073370 0.1041349 0.1081506 0.1151628 0.1157218 0.1031854 0.0225421 0.1021069 0.0951298 0.1216984 0.1337070 0.1224681 0.0996484 0.1013545 0.0994501 0.0979547 0.0992002 0.1156841 0.1071763 0.1028520 0.0208287 0.1195208 0.0006249 
Phalangeridae_Strigocuscus_pelengensis       0.0453954 0.0850258 0.0610231 0.0539843 0.0528632 0.0823090 0.0188234 0.0106001 0.0574552 0.1050607 0.0000000 0.0839626 0.0853713 0.0082353 0.0534817 0.0843325 0.0811267 0.0803888 0.1014351 0.0592145 0.0607004 0.1201007 0.1031758 0.0841059 0.0565515 0.0741956 0.0567419 0.0511901 0.0604596 0.0741022 0.0572030 0.0095791 0.1002252 0.0831752 0.1043421 
Dasyuridae_Phascogale_tapoatafa              0.0720957 0.1056377 0.0802991 0.0861635 0.0853417 0.0311670 0.0771604 0.0814381 0.0944533 0.1145801 0.0839626 0.0000000 0.0385435 0.0843340 0.0835732 0.0060280 0.0300389 0.0386768 0.1132430 0.0947167 0.0893144 0.1257459 0.1187462 0.0187384 0.0842173 0.0835816 0.0847550 0.0833715 0.0886259 0.0968092 0.0901061 0.0838151 0.1137835 0.0311263 0.1144305 
Dasyuridae_Sminthopsis_macroura              0.0719977 0.1027026 0.0774905 0.0861312 0.0862217 0.0369895 0.0761349 0.0829981 0.0962797 0.1073370 0.0853713 0.0385435 0.0000000 0.0859369 0.0805400 0.0401261 0.0358427 0.0265668 0.1073753 0.0921905 0.0814440 0.1251889 0.1147393 0.0420910 0.0839205 0.0859587 0.0756604 0.0841743 0.0806885 0.0963524 0.0880136 0.0854098 0.1064806 0.0383775 0.1061810 
Phalangeridae_Phalanger_orientalis           0.0461310 0.0825673 0.0614694 0.0523983 0.0513255 0.0839929 0.0167325 0.0075999 0.0577123 0.1041349 0.0082353 0.0843340 0.0859369 0.0000000 0.0530442 0.0867844 0.0832719 0.0813639 0.1002266 0.0585658 0.0572705 0.1187955 0.1047046 0.0861386 0.0556815 0.0718800 0.0568432 0.0509953 0.0582636 0.0722163 0.0551314 0.0028235 0.0994866 0.0852458 0.1034455 
Acrobatidae_Acrobates_pygmaeus               0.0428798 0.0837958 0.0596812 0.0527685 0.0528211 0.0824780 0.0460917 0.0517277 0.0612882 0.1081506 0.0534817 0.0835732 0.0805400 0.0530442 0.0000000 0.0859667 0.0832980 0.0792378 0.1032691 0.0594986 0.0506886 0.1301078 0.1087751 0.0859824 0.0535486 0.0719415 0.0461219 0.0529037 0.0509996 0.0614505 0.0353537 0.0522366 0.1010619 0.0866613 0.1065544 
Dasyuridae_Phascogale_calura                 0.0711660 0.1069388 0.0817798 0.0877395 0.0869123 0.0316385 0.0791130 0.0834315 0.0948473 0.1151628 0.0843325 0.0060280 0.0401261 0.0867844 0.0859667 0.0000000 0.0298017 0.0406058 0.1147426 0.0964475 0.0909787 0.1258362 0.1170657 0.0190771 0.0843805 0.0854679 0.0855299 0.0849304 0.0907114 0.0971616 0.0926473 0.0862578 0.1152147 0.0308920 0.1150137 
Dasyuridae_Sarcophilus_harrisii              0.0713984 0.1060946 0.0763622 0.0837102 0.0837340 0.0063129 0.0737105 0.0808078 0.0915042 0.1157218 0.0811267 0.0300389 0.0358427 0.0832719 0.0832980 0.0298017 0.0000000 0.0340582 0.1150314 0.0920950 0.0878077 0.1301078 0.1086912 0.0274417 0.0819496 0.0770963 0.0845229 0.0826759 0.0867078 0.0925968 0.0836865 0.0827569 0.1139342 0.0066239 0.1144656 
Dasyuridae_Planigale_tenuirostris            0.0656704 0.1020698 0.0752597 0.0854972 0.0849648 0.0368490 0.0759852 0.0798190 0.0921944 0.1031854 0.0803888 0.0386768 0.0265668 0.0813639 0.0792378 0.0406058 0.0340582 0.0000000 0.1034427 0.0892721 0.0781391 0.1194682 0.1104898 0.0413524 0.0792757 0.0807670 0.0764778 0.0815467 0.0781337 0.0947607 0.0901813 0.0814308 0.1017872 0.0356304 0.1027871 
Peramelidae_Echymipera_kalubu                0.0913632 0.1147269 0.1013054 0.0985992 0.0959925 0.1165115 0.0934373 0.1028244 0.1048937 0.0225421 0.1014351 0.1132430 0.1073753 0.1002266 0.1032691 0.1147426 0.1150314 0.1034427 0.0000000 0.0993666 0.0948601 0.1291375 0.1325400 0.1195732 0.0948463 0.0994890 0.0997680 0.0936053 0.0972573 0.1143090 0.1042522 0.0980845 0.0128296 0.1188314 0.0218868 
Macropodidae_Dorcopsulus_vanheurni           0.0498831 0.0906634 0.0658462 0.0262713 0.0245327 0.0920950 0.0506990 0.0584154 0.0235049 0.1021069 0.0592145 0.0947167 0.0921905 0.0585658 0.0594986 0.0964475 0.0920950 0.0892721 0.0993666 0.0000000 0.0579465 0.1305441 0.1105515 0.0972994 0.0396374 0.0750904 0.0593133 0.0148647 0.0616367 0.0767121 0.0625922 0.0569468 0.0962233 0.0947243 0.1023180 
Pseudochiridae_Pseudochirulus_forbesi        0.0469260 0.0801248 0.0566482 0.0604954 0.0593902 0.0877406 0.0531630 0.0570936 0.0653175 0.0951298 0.0607004 0.0893144 0.0814440 0.0572705 0.0506886 0.0909787 0.0878077 0.0781391 0.0948601 0.0579465 0.0000000 0.1112588 0.1045866 0.0927452 0.0535086 0.0730111 0.0256921 0.0575532 0.0112788 0.0646278 0.0613835 0.0564428 0.0920312 0.0908635 0.0940046 
Didelphidae_Didelphis_virginiana             0.1174519 0.1336789 0.1143997 0.1229789 0.1221864 0.1320985 0.1114457 0.1171139 0.1331027 0.1216984 0.1201007 0.1257459 0.1251889 0.1187955 0.1301078 0.1258362 0.1301078 0.1194682 0.1291375 0.1305441 0.1112588 0.0000000 0.0602441 0.1324565 0.1258089 0.1234324 0.1187358 0.1215651 0.1155950 0.1293408 0.1316456 0.1180164 0.1293577 0.1320985 0.1216984 
Marmosidae_Monodelphis_domestica             0.0978345 0.1289754 0.1077760 0.1065079 0.1052532 0.1106230 0.0975085 0.1035240 0.1146015 0.1337070 0.1031758 0.1187462 0.1147393 0.1047046 0.1087751 0.1170657 0.1086912 0.1104898 0.1325400 0.1105515 0.1045866 0.0602441 0.0000000 0.1198708 0.1053854 0.1085525 0.1080946 0.1011349 0.1065037 0.1177491 0.1092300 0.1027729 0.1332192 0.1106230 0.1324935 
Dasyuridae_Antechinus_stuartii               0.0743825 0.1061152 0.0819886 0.0888811 0.0876838 0.0292492 0.0796794 0.0840333 0.0969095 0.1224681 0.0841059 0.0187384 0.0420910 0.0861386 0.0859824 0.0190771 0.0274417 0.0413524 0.1195732 0.0972994 0.0927452 0.1324565 0.1198708 0.0000000 0.0853571 0.0872711 0.0857496 0.0871585 0.0902455 0.0980166 0.0921692 0.0856102 0.1206271 0.0299142 0.1217551 
Hypsiprymnodontidae_Hypsiprymnodon_moschatus 0.0444591 0.0831514 0.0582831 0.0365008 0.0351088 0.0818391 0.0503273 0.0560229 0.0428562 0.0996484 0.0565515 0.0842173 0.0839205 0.0556815 0.0535486 0.0843805 0.0819496 0.0792757 0.0948463 0.0396374 0.0535086 0.1258089 0.1053854 0.0853571 0.0000000 0.0704694 0.0530687 0.0333870 0.0549356 0.0664940 0.0674688 0.0556815 0.0952940 0.0835076 0.0993909 
Microbiotheriidae_Dromiciops_gliroides       0.0645608 0.0912113 0.0684799 0.0665716 0.0681549 0.0800805 0.0635776 0.0713733 0.0749979 0.1013545 0.0741956 0.0835816 0.0859587 0.0718800 0.0719415 0.0854679 0.0770963 0.0807670 0.0994890 0.0750904 0.0730111 0.1234324 0.1085525 0.0872711 0.0704694 0.0000000 0.0736674 0.0662929 0.0744317 0.0893366 0.0789814 0.0698299 0.0978297 0.0826569 0.1018938 
Pseudochiridae_Petauroides_volans            0.0458015 0.0817828 0.0543175 0.0561054 0.0561300 0.0850120 0.0508659 0.0570821 0.0603654 0.0994501 0.0567419 0.0847550 0.0756604 0.0568432 0.0461219 0.0855299 0.0845229 0.0764778 0.0997680 0.0593133 0.0256921 0.1187358 0.1080946 0.0857496 0.0530687 0.0736674 0.0000000 0.0537903 0.0252014 0.0597714 0.0586483 0.0568109 0.0968996 0.0867141 0.0987519 
Macropodidae_Wallabia_bicolor                0.0423148 0.0846890 0.0588055 0.0195751 0.0179146 0.0808938 0.0442134 0.0505301 0.0243297 0.0979547 0.0511901 0.0833715 0.0841743 0.0509953 0.0529037 0.0849304 0.0826759 0.0815467 0.0936053 0.0148647 0.0575532 0.1215651 0.1011349 0.0871585 0.0333870 0.0662929 0.0537903 0.0000000 0.0585573 0.0658505 0.0583261 0.0498188 0.0914421 0.0834016 0.0976955 
Pseudochiridae_Pseudocheirus_occidentalis    0.0460782 0.0804653 0.0552600 0.0618866 0.0607813 0.0874872 0.0526489 0.0577029 0.0666936 0.0992002 0.0604596 0.0886259 0.0806885 0.0582636 0.0509996 0.0907114 0.0867078 0.0781337 0.0972573 0.0616367 0.0112788 0.1155950 0.1065037 0.0902455 0.0549356 0.0744317 0.0252014 0.0585573 0.0000000 0.0632884 0.0637380 0.0581978 0.0953623 0.0897460 0.0980687 
Tarsipedidae_Tarsipes_rostratus              0.0619942 0.1001552 0.0743194 0.0723672 0.0719016 0.0906980 0.0655011 0.0729850 0.0783231 0.1156841 0.0741022 0.0968092 0.0963524 0.0722163 0.0614505 0.0971616 0.0925968 0.0947607 0.1143090 0.0767121 0.0646278 0.1293408 0.1177491 0.0980166 0.0664940 0.0893366 0.0597714 0.0658505 0.0632884 0.0000000 0.0778347 0.0713948 0.1119642 0.0942402 0.1167303 
Acrobatidae_Distoechurus_pennatus            0.0538973 0.0975202 0.0707303 0.0589412 0.0581262 0.0845256 0.0489357 0.0550622 0.0657547 0.1071763 0.0572030 0.0901061 0.0880136 0.0551314 0.0353537 0.0926473 0.0836865 0.0901813 0.1042522 0.0625922 0.0613835 0.1316456 0.1092300 0.0921692 0.0674688 0.0789814 0.0586483 0.0583261 0.0637380 0.0778347 0.0000000 0.0547530 0.1038164 0.0870538 0.1068135 
Phalangeridae_Phalanger_carmelitae           0.0457148 0.0824625 0.0613991 0.0515913 0.0505213 0.0826457 0.0173757 0.0085541 0.0572617 0.1028520 0.0095791 0.0838151 0.0854098 0.0028235 0.0522366 0.0862578 0.0827569 0.0814308 0.0980845 0.0569468 0.0564428 0.1180164 0.1027729 0.0856102 0.0556815 0.0698299 0.0568109 0.0498188 0.0581978 0.0713948 0.0547530 0.0000000 0.0982143 0.0847267 0.1021624 
Peramelidae_Peroryctes_raffrayana            0.0884447 0.1141144 0.0982104 0.0959763 0.0933861 0.1163298 0.0909988 0.1012062 0.1023261 0.0208287 0.1002252 0.1137835 0.1064806 0.0994866 0.1010619 0.1152147 0.1139342 0.1017872 0.0128296 0.0962233 0.0920312 0.1293577 0.1332192 0.1206271 0.0952940 0.0978297 0.0968996 0.0914421 0.0953623 0.1119642 0.1038164 0.0982143 0.0000000 0.1186448 0.0201761 
Dasyuridae_Dasyurus_geffroii                 0.0742340 0.1080177 0.0791975 0.0865378 0.0857194 0.0059876 0.0777716 0.0845491 0.0935480 0.1195208 0.0831752 0.0311263 0.0383775 0.0852458 0.0866613 0.0308920 0.0066239 0.0356304 0.1188314 0.0947243 0.0908635 0.1320985 0.1106230 0.0299142 0.0835076 0.0826569 0.0867141 0.0834016 0.0897460 0.0942402 0.0870538 0.0847267 0.1186448 0.0000000 0.1182559 
Peramelidae_Perameles_gunnii                 0.0936465 0.1230754 0.1026357 0.1014029 0.0999943 0.1164035 0.0957238 0.1056237 0.1068715 0.0006249 0.1043421 0.1144305 0.1061810 0.1034455 0.1065544 0.1150137 0.1144656 0.1027871 0.0218868 0.1023180 0.0940046 0.1216984 0.1324935 0.1217551 0.0993909 0.1018938 0.0987519 0.0976955 0.0980687 0.1167303 0.1068135 0.1021624 0.0201761 0.1182559 0.0000000 
