35
Burramyidae_Burramys_parvus                  0.0000000 0.0772354 0.0500782 0.0552436 0.0538727 0.0749038 0.0374492 0.0381292 0.0507339 0.0858082 0.0359414 0.0808957 0.0822791 0.0393061 0.0514426 0.0812532 0.0780023 0.0769722 0.0877005 0.0451619 0.0521210 0.0877097 0.0801893 0.0781597 0.0540534 0.0574341 0.0442146 0.0463927 0.0475732 0.0791442 0.0484062 0.0394590 0.0854479 0.0781841 0.0877235 
Notoryctidae_Notoryctes_typhlops             0.0772354 0.0000000 0.0770431 0.0949615 0.0956866 0.0935137 0.0782108 0.0832356 0.0920364 0.0977040 0.0819697 0.1019497 0.1023497 0.0821862 0.0894199 0.1010142 0.0950814 0.0969148 0.1016313 0.0881011 0.0900325 0.1139066 0.1059907 0.0977900 0.0926742 0.0762576 0.0822385 0.0897089 0.0858546 0.1192520 0.0888365 0.0833611 0.0990889 0.0948194 0.1023952 
Vombatidae_Lasiorhinus_latifrons             0.0500782 0.0770431 0.0000000 0.0625836 0.0632489 0.0715714 0.0485849 0.0503198 0.0568901 0.0825028 0.0489221 0.0781247 0.0802072 0.0504873 0.0584595 0.0771904 0.0744621 0.0724877 0.0865138 0.0549753 0.0600776 0.0874603 0.0798383 0.0753302 0.0589489 0.0565749 0.0536002 0.0554494 0.0578053 0.0847165 0.0568908 0.0509706 0.0844760 0.0735644 0.0856610 
Potoroidae_Bettongia_penicillata             0.0552436 0.0949615 0.0625836 0.0000000 0.0044678 0.0831953 0.0541242 0.0553964 0.0168099 0.0988210 0.0556119 0.0889011 0.0894174 0.0577048 0.0622964 0.0892374 0.0864499 0.0877031 0.0987910 0.0267017 0.0684818 0.1042370 0.0938229 0.0864632 0.0479077 0.0734140 0.0623215 0.0290018 0.0617754 0.0952562 0.0600051 0.0563665 0.0991687 0.0866495 0.1036750 
Potoroidae_Bettongia_lesueur                 0.0538727 0.0956866 0.0632489 0.0044678 0.0000000 0.0833627 0.0537787 0.0546849 0.0156226 0.1005043 0.0541062 0.0906333 0.0911613 0.0566525 0.0619366 0.0909784 0.0873942 0.0890836 0.1000555 0.0263904 0.0676171 0.1042574 0.0942715 0.0882076 0.0481873 0.0745639 0.0613823 0.0283614 0.0616163 0.0948948 0.0596514 0.0560176 0.1000598 0.0875959 0.1050699 
Dasyuridae_Dasyurus_maculatus                0.0749038 0.0935137 0.0715714 0.0831953 0.0833627 0.0000000 0.0728544 0.0741726 0.0824905 0.0981961 0.0715755 0.0203567 0.0287136 0.0753156 0.0839592 0.0189610 0.0052887 0.0273781 0.0989456 0.0781988 0.0860692 0.0969996 0.0942193 0.0185604 0.0874941 0.0680666 0.0762911 0.0838467 0.0809803 0.1123819 0.0814598 0.0758016 0.1010223 0.0044563 0.1029194 
Phalangeridae_Trichosurus_vulpecula          0.0374492 0.0782108 0.0485849 0.0541242 0.0537787 0.0728544 0.0000000 0.0157203 0.0474548 0.0851597 0.0155511 0.0778724 0.0788716 0.0178529 0.0493469 0.0777739 0.0751078 0.0701215 0.0854836 0.0439204 0.0538494 0.0942617 0.0818433 0.0766607 0.0514478 0.0547194 0.0432620 0.0465169 0.0488463 0.0751587 0.0476185 0.0168774 0.0859414 0.0752854 0.0884316 
Phalangeridae_Spilocuscus_maculatus          0.0381292 0.0832356 0.0503198 0.0553964 0.0546849 0.0741726 0.0157203 0.0000000 0.0495532 0.0857230 0.0092486 0.0793310 0.0794586 0.0105181 0.0501521 0.0792373 0.0756933 0.0706502 0.0874651 0.0466114 0.0560370 0.0963455 0.0830343 0.0765003 0.0548837 0.0560651 0.0439902 0.0482087 0.0503878 0.0765476 0.0477302 0.0096022 0.0875459 0.0766161 0.0891616 
Potoroidae_Aepyprymnus_rufescens             0.0507339 0.0920364 0.0568901 0.0168099 0.0156226 0.0824905 0.0474548 0.0495532 0.0000000 0.0954881 0.0500552 0.0889650 0.0896445 0.0511554 0.0594375 0.0889043 0.0857266 0.0848788 0.0949898 0.0204716 0.0620634 0.1012545 0.0909399 0.0861365 0.0409527 0.0690890 0.0569461 0.0231734 0.0557529 0.0886778 0.0564965 0.0498808 0.0948804 0.0859243 0.0981419 
Peramelidae_Perameles_nasuta                 0.0858082 0.0977040 0.0825028 0.0988210 0.1005043 0.0981961 0.0851597 0.0857230 0.0954881 0.0000000 0.0847879 0.1057124 0.1061099 0.0846500 0.0953060 0.1051831 0.0999082 0.1017032 0.0214987 0.0895125 0.1013132 0.1165665 0.1006734 0.1047117 0.0994531 0.0850234 0.0896832 0.0934058 0.0967420 0.1275250 0.0908982 0.0852736 0.0184121 0.0996506 0.0014828 
Phalangeridae_Strigocuscus_pelengensis       0.0359414 0.0819697 0.0489221 0.0556119 0.0541062 0.0715755 0.0155511 0.0092486 0.0500552 0.0847879 0.0000000 0.0787006 0.0784306 0.0105374 0.0497820 0.0782435 0.0734688 0.0706179 0.0887445 0.0464160 0.0545383 0.0962891 0.0841475 0.0761653 0.0564496 0.0577888 0.0432268 0.0482880 0.0500481 0.0794778 0.0477067 0.0095588 0.0866479 0.0741436 0.0850992 
Dasyuridae_Phascogale_tapoatafa              0.0808957 0.1019497 0.0781247 0.0889011 0.0906333 0.0203567 0.0778724 0.0793310 0.0889650 0.1057124 0.0787006 0.0000000 0.0345848 0.0825891 0.0905187 0.0064226 0.0224856 0.0335050 0.1072074 0.0857103 0.0923512 0.1042751 0.1000753 0.0134706 0.0936765 0.0745228 0.0833377 0.0909157 0.0866664 0.1185764 0.0864346 0.0823052 0.1087018 0.0201487 0.1110710 
Dasyuridae_Sminthopsis_macroura              0.0822791 0.1023497 0.0802072 0.0894174 0.0911613 0.0287136 0.0788716 0.0794586 0.0896445 0.1061099 0.0784306 0.0345848 0.0000000 0.0827357 0.0891724 0.0338234 0.0299862 0.0256912 0.1074460 0.0866764 0.0922144 0.1061352 0.0997796 0.0352276 0.0947736 0.0732174 0.0813826 0.0915700 0.0875808 0.1197854 0.0876955 0.0815891 0.1103478 0.0287884 0.1111326 
Phalangeridae_Phalanger_orientalis           0.0393061 0.0821862 0.0504873 0.0577048 0.0566525 0.0753156 0.0178529 0.0105181 0.0511554 0.0846500 0.0105374 0.0825891 0.0827357 0.0000000 0.0520437 0.0825061 0.0775992 0.0735641 0.0890749 0.0474988 0.0568560 0.0955913 0.0849315 0.0801327 0.0549480 0.0586601 0.0442045 0.0491347 0.0515852 0.0801503 0.0499091 0.0041975 0.0892159 0.0785337 0.0884593 
Acrobatidae_Acrobates_pygmaeus               0.0514426 0.0894199 0.0584595 0.0622964 0.0619366 0.0839592 0.0493469 0.0501521 0.0594375 0.0953060 0.0497820 0.0905187 0.0891724 0.0520437 0.0000000 0.0894112 0.0861650 0.0835964 0.0972959 0.0546907 0.0582815 0.1046923 0.0943043 0.0878404 0.0629379 0.0677118 0.0482449 0.0580631 0.0518078 0.0803116 0.0317758 0.0514380 0.0955406 0.0863976 0.0999592 
Dasyuridae_Phascogale_calura                 0.0812532 0.1010142 0.0771904 0.0892374 0.0909784 0.0189610 0.0777739 0.0792373 0.0889043 0.1051831 0.0782435 0.0064226 0.0338234 0.0825061 0.0894112 0.0000000 0.0210870 0.0323596 0.1067003 0.0856381 0.0916023 0.1022860 0.0968800 0.0117705 0.0936325 0.0745277 0.0829957 0.0900287 0.0855730 0.1195454 0.0863649 0.0822215 0.1076162 0.0190450 0.1105161 
Dasyuridae_Sarcophilus_harrisii              0.0780023 0.0950814 0.0744621 0.0864499 0.0873942 0.0052887 0.0751078 0.0756933 0.0857266 0.0999082 0.0734688 0.0224856 0.0299862 0.0775992 0.0861650 0.0210870 0.0000000 0.0290158 0.1006572 0.0806425 0.0873086 0.1009718 0.0977992 0.0215963 0.0906569 0.0707247 0.0796091 0.0864008 0.0833842 0.1149663 0.0837834 0.0773350 0.1027935 0.0058787 0.1043514 
Dasyuridae_Planigale_tenuirostris            0.0769722 0.0969148 0.0724877 0.0877031 0.0890836 0.0273781 0.0701215 0.0706502 0.0848788 0.1017032 0.0706179 0.0335050 0.0256912 0.0735641 0.0835964 0.0323596 0.0290158 0.0000000 0.1007062 0.0799122 0.0850347 0.1038558 0.0998329 0.0307764 0.0884854 0.0685922 0.0780624 0.0826042 0.0807909 0.1097792 0.0827313 0.0742155 0.1041172 0.0280693 0.1054346 
Peramelidae_Echymipera_kalubu                0.0877005 0.1016313 0.0865138 0.0987910 0.1000555 0.0989456 0.0854836 0.0874651 0.0949898 0.0214987 0.0887445 0.1072074 0.1074460 0.0890749 0.0972959 0.1067003 0.1006572 0.1007062 0.0000000 0.0878546 0.1011315 0.1171771 0.1046285 0.1054502 0.1004738 0.0863228 0.0923229 0.0923941 0.0972930 0.1302117 0.0921444 0.0891577 0.0169877 0.1003998 0.0217979 
Macropodidae_Dorcopsulus_vanheurni           0.0451619 0.0881011 0.0549753 0.0267017 0.0263904 0.0781988 0.0439204 0.0466114 0.0204716 0.0895125 0.0464160 0.0857103 0.0866764 0.0474988 0.0546907 0.0856381 0.0806425 0.0799122 0.0878546 0.0000000 0.0590731 0.0997316 0.0891410 0.0820115 0.0391090 0.0652489 0.0522412 0.0089277 0.0531443 0.0810977 0.0525400 0.0466052 0.0887408 0.0815881 0.0927805 
Pseudochiridae_Pseudochirulus_forbesi        0.0521210 0.0900325 0.0600776 0.0684818 0.0676171 0.0860692 0.0538494 0.0560370 0.0620634 0.1013132 0.0545383 0.0923512 0.0922144 0.0568560 0.0582815 0.0916023 0.0873086 0.0850347 0.1011315 0.0590731 0.0000000 0.0994771 0.0865653 0.0904367 0.0657427 0.0724353 0.0310302 0.0598591 0.0165587 0.0828319 0.0549589 0.0569686 0.1005017 0.0875923 0.1038847 
Didelphidae_Didelphis_virginiana             0.0877097 0.1139066 0.0874603 0.1042370 0.1042574 0.0969996 0.0942617 0.0963455 0.1012545 0.1165665 0.0962891 0.1042751 0.1061352 0.0955913 0.1046923 0.1022860 0.1009718 0.1038558 0.1171771 0.0997316 0.0994771 0.0000000 0.0366012 0.1043815 0.1027445 0.0892621 0.0918824 0.1003986 0.0955738 0.1321925 0.0965672 0.0956193 0.1202695 0.0997572 0.1222142 
Marmosidae_Monodelphis_domestica             0.0801893 0.1059907 0.0798383 0.0938229 0.0942715 0.0942193 0.0818433 0.0830343 0.0909399 0.1006734 0.0841475 0.1000753 0.0997796 0.0849315 0.0943043 0.0968800 0.0977992 0.0998329 0.1046285 0.0891410 0.0865653 0.0366012 0.0000000 0.0959041 0.0942223 0.0826111 0.0786281 0.0889893 0.0829286 0.1194172 0.0907652 0.0840919 0.1029412 0.0967526 0.1054348 
Dasyuridae_Antechinus_stuartii               0.0781597 0.0977900 0.0753302 0.0864632 0.0882076 0.0185604 0.0766607 0.0765003 0.0861365 0.1047117 0.0761653 0.0134706 0.0352276 0.0801327 0.0878404 0.0117705 0.0215963 0.0307764 0.1054502 0.0820115 0.0904367 0.1043815 0.0959041 0.0000000 0.0910707 0.0733341 0.0816685 0.0869192 0.0851696 0.1167862 0.0823371 0.0795602 0.1059836 0.0194751 0.1096481 
Hypsiprymnodontidae_Hypsiprymnodon_moschatus 0.0540534 0.0926742 0.0589489 0.0479077 0.0481873 0.0874941 0.0514478 0.0548837 0.0409527 0.0994531 0.0564496 0.0936765 0.0947736 0.0549480 0.0629379 0.0936325 0.0906569 0.0884854 0.1004738 0.0391090 0.0657427 0.1027445 0.0942223 0.0910707 0.0000000 0.0689298 0.0556227 0.0415274 0.0589557 0.0901910 0.0582932 0.0543483 0.0997013 0.0906098 0.1040514 
Microbiotheriidae_Dromiciops_gliroides       0.0574341 0.0762576 0.0565749 0.0734140 0.0745639 0.0680666 0.0547194 0.0560651 0.0690890 0.0850234 0.0577888 0.0745228 0.0732174 0.0586601 0.0677118 0.0745277 0.0707247 0.0685922 0.0863228 0.0652489 0.0724353 0.0892621 0.0826111 0.0733341 0.0689298 0.0000000 0.0629347 0.0669284 0.0676948 0.0945730 0.0671614 0.0580583 0.0872550 0.0692803 0.0884953 
Pseudochiridae_Petauroides_volans            0.0442146 0.0822385 0.0536002 0.0623215 0.0613823 0.0762911 0.0432620 0.0439902 0.0569461 0.0896832 0.0432268 0.0833377 0.0813826 0.0442045 0.0482449 0.0829957 0.0796091 0.0780624 0.0923229 0.0522412 0.0310302 0.0918824 0.0786281 0.0816685 0.0556227 0.0629347 0.0000000 0.0553542 0.0272562 0.0748671 0.0457596 0.0443536 0.0928739 0.0795343 0.0942252 
Macropodidae_Wallabia_bicolor                0.0463927 0.0897089 0.0554494 0.0290018 0.0283614 0.0838467 0.0465169 0.0482087 0.0231734 0.0934058 0.0482880 0.0909157 0.0915700 0.0491347 0.0580631 0.0900287 0.0864008 0.0826042 0.0923941 0.0089277 0.0598591 0.1003986 0.0889893 0.0869192 0.0415274 0.0669284 0.0553542 0.0000000 0.0556104 0.0841968 0.0554430 0.0486105 0.0903283 0.0873922 0.0956962 
Pseudochiridae_Pseudocheirus_occidentalis    0.0475732 0.0858546 0.0578053 0.0617754 0.0616163 0.0809803 0.0488463 0.0503878 0.0557529 0.0967420 0.0500481 0.0866664 0.0875808 0.0515852 0.0518078 0.0855730 0.0833842 0.0807909 0.0972930 0.0531443 0.0165587 0.0955738 0.0829286 0.0851696 0.0589557 0.0676948 0.0272562 0.0556104 0.0000000 0.0753713 0.0490471 0.0506362 0.0978545 0.0824716 0.1015271 
Tarsipedidae_Tarsipes_rostratus              0.0791442 0.1192520 0.0847165 0.0952562 0.0948948 0.1123819 0.0751587 0.0765476 0.0886778 0.1275250 0.0794778 0.1185764 0.1197854 0.0801503 0.0803116 0.1195454 0.1149663 0.1097792 0.1302117 0.0810977 0.0828319 0.1321925 0.1194172 0.1167862 0.0901910 0.0945730 0.0748671 0.0841968 0.0753713 0.0000000 0.0814941 0.0795274 0.1305714 0.1145248 0.1303329 
Acrobatidae_Distoechurus_pennatus            0.0484062 0.0888365 0.0568908 0.0600051 0.0596514 0.0814598 0.0476185 0.0477302 0.0564965 0.0908982 0.0477067 0.0864346 0.0876955 0.0499091 0.0317758 0.0863649 0.0837834 0.0827313 0.0921444 0.0525400 0.0549589 0.0965672 0.0907652 0.0823371 0.0582932 0.0671614 0.0457596 0.0554430 0.0490471 0.0814941 0.0000000 0.0499983 0.0910807 0.0831878 0.0967131 
Phalangeridae_Phalanger_carmelitae           0.0394590 0.0833611 0.0509706 0.0563665 0.0560176 0.0758016 0.0168774 0.0096022 0.0498808 0.0852736 0.0095588 0.0823052 0.0815891 0.0041975 0.0514380 0.0822215 0.0773350 0.0742155 0.0891577 0.0466052 0.0569686 0.0956193 0.0840919 0.0795602 0.0543483 0.0580583 0.0443536 0.0486105 0.0506362 0.0795274 0.0499983 0.0000000 0.0894480 0.0782655 0.0887024 
Peramelidae_Peroryctes_raffrayana            0.0854479 0.0990889 0.0844760 0.0991687 0.1000598 0.1010223 0.0859414 0.0875459 0.0948804 0.0184121 0.0866479 0.1087018 0.1103478 0.0892159 0.0955406 0.1076162 0.1027935 0.1041172 0.0169877 0.0887408 0.1005017 0.1202695 0.1029412 0.1059836 0.0997013 0.0872550 0.0928739 0.0903283 0.0978545 0.1305714 0.0910807 0.0894480 0.0000000 0.1025299 0.0189771 
Dasyuridae_Dasyurus_geffroii                 0.0781841 0.0948194 0.0735644 0.0866495 0.0875959 0.0044563 0.0752854 0.0766161 0.0859243 0.0996506 0.0741436 0.0201487 0.0287884 0.0785337 0.0863976 0.0190450 0.0058787 0.0280693 0.1003998 0.0815881 0.0875923 0.0997572 0.0967526 0.0194751 0.0906098 0.0692803 0.0795343 0.0873922 0.0824716 0.1145248 0.0831878 0.0782655 0.1025299 0.0000000 0.1045070 
Peramelidae_Perameles_gunnii                 0.0877235 0.1023952 0.0856610 0.1036750 0.1050699 0.1029194 0.0884316 0.0891616 0.0981419 0.0014828 0.0850992 0.1110710 0.1111326 0.0884593 0.0999592 0.1105161 0.1043514 0.1054346 0.0217979 0.0927805 0.1038847 0.1222142 0.1054348 0.1096481 0.1040514 0.0884953 0.0942252 0.0956962 0.1015271 0.1303329 0.0967131 0.0887024 0.0189771 0.1045070 0.0000000 
