35
Burramyidae_Burramys_parvus                  0.0000000 0.0978367 0.0681069 0.0636469 0.0562415 0.0958212 0.0481449 0.0447776 0.0567915 0.1177686 0.0390224 0.0928956 0.1138586 0.0511174 0.0575316 0.0940022 0.0985793 0.1001468 0.1152916 0.0597601 0.0850862 0.1483725 0.1312902 0.0955019 0.0780747 0.0604567 0.0626510 0.0828326 0.0658060 0.0596299 0.0487928 0.0963324 0.0926628 0.1166252 0.0700086 
Notoryctidae_Notoryctes_typhlops             0.0978367 0.0000000 0.1145927 0.1103804 0.0963837 0.1342021 0.0974973 0.0933143 0.0983755 0.1417071 0.0790108 0.1425305 0.1641965 0.1023957 0.0970994 0.1373723 0.1376743 0.1418312 0.1419581 0.1050530 0.1339644 0.1810358 0.1582362 0.1371399 0.1264211 0.1116357 0.1109701 0.1264907 0.1177704 0.0991339 0.0998341 0.1158123 0.1366056 0.1415532 0.0944825 
Vombatidae_Lasiorhinus_latifrons             0.0681069 0.1145927 0.0000000 0.0761321 0.0631472 0.1072812 0.0640993 0.0604377 0.0617009 0.1262905 0.0511330 0.1083627 0.1241116 0.0657638 0.0693578 0.1065831 0.1068987 0.1029381 0.1250222 0.0691779 0.0948031 0.1479293 0.1309012 0.1100235 0.0895379 0.0714682 0.0708824 0.0935654 0.0800964 0.0772486 0.0649728 0.0975467 0.1053083 0.1236089 0.0812873 
Potoroidae_Bettongia_penicillata             0.0636469 0.1103804 0.0761321 0.0000000 0.0024618 0.1070623 0.0540796 0.0544359 0.0131408 0.1311613 0.0452549 0.1100656 0.1232286 0.0600786 0.0703977 0.1067981 0.1090318 0.1087503 0.1304705 0.0298985 0.0921782 0.1477352 0.1378344 0.1092750 0.0569969 0.0700971 0.0272956 0.0921539 0.0756384 0.0690337 0.0571021 0.1045591 0.1042889 0.1285466 0.0864436 
Potoroidae_Bettongia_lesueur                 0.0562415 0.0963837 0.0631472 0.0024618 0.0000000 0.0964737 0.0453550 0.0425814 0.0126617 0.1204595 0.0397535 0.0979718 0.1105170 0.0489431 0.0574750 0.0977460 0.0966164 0.0962738 0.1180999 0.0240525 0.0824284 0.1251683 0.1241600 0.0988977 0.0526930 0.0602999 0.0254705 0.0826854 0.0764091 0.0568516 0.0474737 0.0929082 0.0935729 0.1196120 0.0768900 
Dasyuridae_Dasyurus_maculatus                0.0958212 0.1342021 0.1072812 0.1070623 0.0964737 0.0000000 0.0926951 0.0918034 0.0933692 0.1483681 0.0719512 0.0310417 0.0541702 0.0947921 0.0955795 0.0308691 0.0136912 0.0466459 0.1507936 0.1002365 0.1276667 0.1514425 0.1406178 0.0337931 0.1259976 0.0977733 0.1062963 0.1269891 0.1119820 0.1010350 0.0924277 0.1168690 0.0069729 0.1466065 0.1092115 
Phalangeridae_Trichosurus_vulpecula          0.0481449 0.0974973 0.0640993 0.0540796 0.0453550 0.0926951 0.0000000 0.0216400 0.0465118 0.1163743 0.0182383 0.0969400 0.1130787 0.0251262 0.0507155 0.0934564 0.0953310 0.0954051 0.1110545 0.0524454 0.0817931 0.1391595 0.1306877 0.0955849 0.0718074 0.0563455 0.0553375 0.0774816 0.0644745 0.0545099 0.0245461 0.0874274 0.0914724 0.1173062 0.0636229 
Phalangeridae_Spilocuscus_maculatus          0.0447776 0.0933143 0.0604377 0.0544359 0.0425814 0.0918034 0.0216400 0.0000000 0.0418007 0.1177130 0.0097323 0.0945609 0.1106240 0.0131031 0.0487982 0.0924834 0.0938282 0.0959390 0.1132232 0.0490234 0.0757552 0.1463059 0.1294357 0.0964017 0.0673741 0.0555398 0.0540138 0.0737324 0.0595170 0.0547199 0.0120664 0.0964600 0.0904548 0.1214704 0.0651768 
Potoroidae_Aepyprymnus_rufescens             0.0567915 0.0983755 0.0617009 0.0131408 0.0126617 0.0933692 0.0465118 0.0418007 0.0000000 0.1161728 0.0391679 0.0951949 0.1046122 0.0488767 0.0528976 0.0945918 0.0940519 0.0946218 0.1139143 0.0207285 0.0867137 0.1212464 0.1222666 0.0965059 0.0502307 0.0590098 0.0226908 0.0852654 0.0750526 0.0548959 0.0474293 0.0891675 0.0904138 0.1154186 0.0798497 
Peramelidae_Perameles_nasuta                 0.1177686 0.1417071 0.1262905 0.1311613 0.1204595 0.1483681 0.1163743 0.1177130 0.1161728 0.0000000 0.1029785 0.1515881 0.1609845 0.1220293 0.1220106 0.1464940 0.1513284 0.1514978 0.0548354 0.1193050 0.1538713 0.1891928 0.1845159 0.1497669 0.1285984 0.1270381 0.1266349 0.1487666 0.1350148 0.1305101 0.1188854 0.0426438 0.1492927 0.0078542 0.1070128 
Phalangeridae_Strigocuscus_pelengensis       0.0390224 0.0790108 0.0511330 0.0452549 0.0397535 0.0719512 0.0182383 0.0097323 0.0391679 0.1029785 0.0000000 0.0751984 0.0906265 0.0092123 0.0389726 0.0747015 0.0753382 0.0754902 0.0998587 0.0429329 0.0726773 0.1256327 0.1101349 0.0751315 0.0598010 0.0438446 0.0464721 0.0653382 0.0548186 0.0438338 0.0082413 0.0805241 0.0710157 0.1038930 0.0501738 
Dasyuridae_Phascogale_tapoatafa              0.0928956 0.1425305 0.1083627 0.1100656 0.0979718 0.0310417 0.0969400 0.0945609 0.0951949 0.1515881 0.0751984 0.0000000 0.0502325 0.0984205 0.0941594 0.0064636 0.0275929 0.0397076 0.1551939 0.1007418 0.1358774 0.1493236 0.1292462 0.0148986 0.1314204 0.1000511 0.1092015 0.1330881 0.1158520 0.1052931 0.0965028 0.1163111 0.0276774 0.1494197 0.1112965 
Dasyuridae_Sminthopsis_macroura              0.1138586 0.1641965 0.1241116 0.1232286 0.1105170 0.0541702 0.1130787 0.1106240 0.1046122 0.1609845 0.0906265 0.0502325 0.0000000 0.1085364 0.1066048 0.0490800 0.0519732 0.0372527 0.1651284 0.1166116 0.1545799 0.1552789 0.1407888 0.0508547 0.1416269 0.1183386 0.1214296 0.1538863 0.1283568 0.1224908 0.1087874 0.1259121 0.0481831 0.1593845 0.1509563 
Phalangeridae_Phalanger_orientalis           0.0511174 0.1023957 0.0657638 0.0600786 0.0489431 0.0947921 0.0251262 0.0131031 0.0488767 0.1220293 0.0092123 0.0984205 0.1085364 0.0000000 0.0500175 0.0967676 0.0953701 0.0974520 0.1163834 0.0546043 0.0885140 0.1451415 0.1355125 0.1013923 0.0759742 0.0611812 0.0602582 0.0811302 0.0638435 0.0591947 0.0029951 0.0941842 0.0942573 0.1223771 0.0739029 
Acrobatidae_Acrobates_pygmaeus               0.0575316 0.0970994 0.0693578 0.0703977 0.0574750 0.0955795 0.0507155 0.0487982 0.0528976 0.1220106 0.0389726 0.0941594 0.1066048 0.0500175 0.0000000 0.0961948 0.0974378 0.0963975 0.1137549 0.0665768 0.0815107 0.1334366 0.1302515 0.1009489 0.0800984 0.0567471 0.0688516 0.0745654 0.0666274 0.0366374 0.0477551 0.0938307 0.0950384 0.1245051 0.0755709 
Dasyuridae_Phascogale_calura                 0.0940022 0.1373723 0.1065831 0.1067981 0.0977460 0.0308691 0.0934564 0.0924834 0.0945918 0.1464940 0.0747015 0.0064636 0.0490800 0.0967676 0.0961948 0.0000000 0.0303354 0.0398885 0.1522879 0.1001431 0.1315599 0.1417840 0.1349709 0.0129746 0.1234096 0.0989840 0.1060338 0.1314108 0.1167255 0.1033096 0.0950985 0.1171087 0.0284377 0.1455196 0.1077512 
Dasyuridae_Sarcophilus_harrisii              0.0985793 0.1376743 0.1068987 0.1090318 0.0966164 0.0136912 0.0953310 0.0938282 0.0940519 0.1513284 0.0753382 0.0275929 0.0519732 0.0953701 0.0974378 0.0303354 0.0000000 0.0457842 0.1569507 0.1023815 0.1332556 0.1536220 0.1436982 0.0327086 0.1280074 0.0980551 0.1084509 0.1302829 0.1145978 0.1027598 0.0936652 0.1213509 0.0109457 0.1496774 0.1152487 
Dasyuridae_Planigale_tenuirostris            0.1001468 0.1418312 0.1029381 0.1087503 0.0962738 0.0466459 0.0954051 0.0959390 0.0946218 0.1514978 0.0754902 0.0397076 0.0372527 0.0974520 0.0963975 0.0398885 0.0457842 0.0000000 0.1569056 0.1015796 0.1325132 0.1300525 0.1273615 0.0396133 0.1311155 0.1029570 0.1070279 0.1282137 0.1120801 0.1078467 0.0970348 0.1240026 0.0437225 0.1496707 0.1221750 
Peramelidae_Echymipera_kalubu                0.1152916 0.1419581 0.1250222 0.1304705 0.1180999 0.1507936 0.1110545 0.1132232 0.1139143 0.0548354 0.0998587 0.1551939 0.1651284 0.1163834 0.1137549 0.1522879 0.1569507 0.1569056 0.0000000 0.1224083 0.1567977 0.1955569 0.1888227 0.1533054 0.1355585 0.1269703 0.1261549 0.1458913 0.1235634 0.1277290 0.1138491 0.0384891 0.1521937 0.0516065 0.0925763 
Macropodidae_Dorcopsulus_vanheurni           0.0597601 0.1050530 0.0691779 0.0298985 0.0240525 0.1002365 0.0524454 0.0490234 0.0207285 0.1193050 0.0429329 0.1007418 0.1166116 0.0546043 0.0665768 0.1001431 0.1023815 0.1015796 0.1224083 0.0000000 0.0904110 0.1424293 0.1296656 0.1025940 0.0542386 0.0662600 0.0092586 0.0854431 0.0723155 0.0635358 0.0522680 0.0990900 0.0989028 0.1167592 0.0848371 
Pseudochiridae_Pseudochirulus_forbesi        0.0850862 0.1339644 0.0948031 0.0921782 0.0824284 0.1276667 0.0817931 0.0757552 0.0867137 0.1538713 0.0726773 0.1358774 0.1545799 0.0885140 0.0815107 0.1315599 0.1332556 0.1325132 0.1567977 0.0904110 0.0000000 0.1790631 0.1664050 0.1322443 0.1116213 0.0613885 0.0947447 0.0354330 0.0993573 0.0859375 0.0853159 0.1291194 0.1275539 0.1519467 0.0855477 
Didelphidae_Didelphis_virginiana             0.1483725 0.1810358 0.1479293 0.1477352 0.1251683 0.1514425 0.1391595 0.1463059 0.1212464 0.1891928 0.1256327 0.1493236 0.1552789 0.1451415 0.1334366 0.1417840 0.1536220 0.1300525 0.1955569 0.1424293 0.1790631 0.0000000 0.0685588 0.1469608 0.1686351 0.1530276 0.1500881 0.1850177 0.1434449 0.1380438 0.1426028 0.1664674 0.1487667 0.1907315 0.1764152 
Marmosidae_Monodelphis_domestica             0.1312902 0.1582362 0.1309012 0.1378344 0.1241600 0.1406178 0.1306877 0.1294357 0.1222666 0.1845159 0.1101349 0.1292462 0.1407888 0.1355125 0.1302515 0.1349709 0.1436982 0.1273615 0.1888227 0.1296656 0.1664050 0.0685588 0.0000000 0.1392525 0.1534331 0.1355030 0.1360680 0.1645626 0.1485441 0.1296707 0.1321249 0.1605756 0.1326951 0.1847267 0.1522571 
Dasyuridae_Antechinus_stuartii               0.0955019 0.1371399 0.1100235 0.1092750 0.0988977 0.0337931 0.0955849 0.0964017 0.0965059 0.1497669 0.0751315 0.0148986 0.0508547 0.1013923 0.1009489 0.0129746 0.0327086 0.0396133 0.1533054 0.1025940 0.1322443 0.1469608 0.1392525 0.0000000 0.1293618 0.1011473 0.1091782 0.1302670 0.1174742 0.1087909 0.0984227 0.1179040 0.0302407 0.1479904 0.1108885 
Hypsiprymnodontidae_Hypsiprymnodon_moschatus 0.0780747 0.1264211 0.0895379 0.0569969 0.0526930 0.1259976 0.0718074 0.0673741 0.0502307 0.1285984 0.0598010 0.1314204 0.1416269 0.0759742 0.0800984 0.1234096 0.1280074 0.1311155 0.1355585 0.0542386 0.1116213 0.1686351 0.1534331 0.1293618 0.0000000 0.0833085 0.0548140 0.1060515 0.0993531 0.0813998 0.0733623 0.1142498 0.1241956 0.1283688 0.0845587 
Pseudochiridae_Petauroides_volans            0.0604567 0.1116357 0.0714682 0.0700971 0.0602999 0.0977733 0.0563455 0.0555398 0.0590098 0.1270381 0.0438446 0.1000511 0.1183386 0.0611812 0.0567471 0.0989840 0.0980551 0.1029570 0.1269703 0.0662600 0.0613885 0.1530276 0.1355030 0.1011473 0.0833085 0.0000000 0.0698227 0.0541055 0.0671044 0.0612103 0.0571450 0.1000902 0.0952260 0.1265548 0.0735441 
Macropodidae_Wallabia_bicolor                0.0626510 0.1109701 0.0708824 0.0272956 0.0254705 0.1062963 0.0553375 0.0540138 0.0226908 0.1266349 0.0464721 0.1092015 0.1214296 0.0602582 0.0688516 0.1060338 0.1084509 0.1070279 0.1261549 0.0092586 0.0947447 0.1500881 0.1360680 0.1091782 0.0548140 0.0698227 0.0000000 0.0903770 0.0756936 0.0681515 0.0583710 0.1019782 0.1035210 0.1240052 0.0901543 
Pseudochiridae_Pseudocheirus_occidentalis    0.0828326 0.1264907 0.0935654 0.0921539 0.0826854 0.1269891 0.0774816 0.0737324 0.0852654 0.1487666 0.0653382 0.1330881 0.1538863 0.0811302 0.0745654 0.1314108 0.1302829 0.1282137 0.1458913 0.0854431 0.0354330 0.1850177 0.1645626 0.1302670 0.1060515 0.0541055 0.0903770 0.0000000 0.0952063 0.0788396 0.0779942 0.1238669 0.1274455 0.1470772 0.0794878 
Tarsipedidae_Tarsipes_rostratus              0.0658060 0.1177704 0.0800964 0.0756384 0.0764091 0.1119820 0.0644745 0.0595170 0.0750526 0.1350148 0.0548186 0.1158520 0.1283568 0.0638435 0.0666274 0.1167255 0.1145978 0.1120801 0.1235634 0.0723155 0.0993573 0.1434449 0.1485441 0.1174742 0.0993531 0.0671044 0.0756936 0.0952063 0.0000000 0.0753993 0.0609292 0.1046227 0.1110762 0.1347535 0.0792944 
Acrobatidae_Distoechurus_pennatus            0.0596299 0.0991339 0.0772486 0.0690337 0.0568516 0.1010350 0.0545099 0.0547199 0.0548959 0.1305101 0.0438338 0.1052931 0.1224908 0.0591947 0.0366374 0.1033096 0.1027598 0.1078467 0.1277290 0.0635358 0.0859375 0.1380438 0.1296707 0.1087909 0.0813998 0.0612103 0.0681515 0.0788396 0.0753993 0.0000000 0.0568200 0.1032251 0.0997126 0.1279085 0.0809037 
Phalangeridae_Phalanger_carmelitae           0.0487928 0.0998341 0.0649728 0.0571021 0.0474737 0.0924277 0.0245461 0.0120664 0.0474293 0.1188854 0.0082413 0.0965028 0.1087874 0.0029951 0.0477551 0.0950985 0.0936652 0.0970348 0.1138491 0.0522680 0.0853159 0.1426028 0.1321249 0.0984227 0.0733623 0.0571450 0.0583710 0.0779942 0.0609292 0.0568200 0.0000000 0.0919071 0.0919109 0.1191737 0.0689209 
Peramelidae_Peroryctes_raffrayana            0.0963324 0.1158123 0.0975467 0.1045591 0.0929082 0.1168690 0.0874274 0.0964600 0.0891675 0.0426438 0.0805241 0.1163111 0.1259121 0.0941842 0.0938307 0.1171087 0.1213509 0.1240026 0.0384891 0.0990900 0.1291194 0.1664674 0.1605756 0.1179040 0.1142498 0.1000902 0.1019782 0.1238669 0.1046227 0.1032251 0.0919071 0.0000000 0.1177599 0.0429495 0.0920925 
Dasyuridae_Dasyurus_geffroii                 0.0926628 0.1366056 0.1053083 0.1042889 0.0935729 0.0069729 0.0914724 0.0904548 0.0904138 0.1492927 0.0710157 0.0276774 0.0481831 0.0942573 0.0950384 0.0284377 0.0109457 0.0437225 0.1521937 0.0989028 0.1275539 0.1487667 0.1326951 0.0302407 0.1241956 0.0952260 0.1035210 0.1274455 0.1110762 0.0997126 0.0919109 0.1177599 0.0000000 0.1475351 0.1077682 
Peramelidae_Perameles_gunnii                 0.1166252 0.1415532 0.1236089 0.1285466 0.1196120 0.1466065 0.1173062 0.1214704 0.1154186 0.0078542 0.1038930 0.1494197 0.1593845 0.1223771 0.1245051 0.1455196 0.1496774 0.1496707 0.0516065 0.1167592 0.1519467 0.1907315 0.1847267 0.1479904 0.1283688 0.1265548 0.1240052 0.1470772 0.1347535 0.1279085 0.1191737 0.0429495 0.1475351 0.0000000 0.1081875 
Microbiotheriidae_Dromiciops_gliroides       0.0700086 0.0944825 0.0812873 0.0864436 0.0768900 0.1092115 0.0636229 0.0651768 0.0798497 0.1070128 0.0501738 0.1112965 0.1509563 0.0739029 0.0755709 0.1077512 0.1152487 0.1221750 0.0925763 0.0848371 0.0855477 0.1764152 0.1522571 0.1108885 0.0845587 0.0735441 0.0901543 0.0794878 0.0792944 0.0809037 0.0689209 0.0920925 0.1077682 0.1081875 0.0000000 
