192
I0185_86_Accipitridae_Buteo_jamaicensis                   0.0000000 0.0438765 0.0412036 0.0414704 0.0499967 0.0421573 0.0328071 0.0393860 0.0602077 0.0573267 0.0323796 0.0524559 0.0449459 0.0478718 0.0504580 0.0360178 0.0187191 0.0509052 0.0256884 0.0504054 0.0527628 0.0267443 0.0283712 0.0244631 0.0402640 0.0289229 0.0558502 0.0588640 0.0608253 0.0281727 0.0496935 0.0498022 0.0464696 0.0470781 0.0376937 0.0589528 0.0513965 0.0602111 0.0505460 0.0669842 0.0531396 0.0481568 0.0864442 0.0703697 0.0789665 0.0568791 0.0607271 0.0413312 0.0534410 0.0331029 0.0519148 0.0485173 0.0269200 0.0440369 0.0489235 0.0514310 0.0383841 0.0359851 0.0287678 0.0512438 0.0457770 0.0295373 0.0299543 0.0693188 0.0475580 0.0566373 0.0418079 0.0269536 0.0355800 0.0630253 0.0566627 0.0366246 0.0555647 0.0581848 0.0519016 0.0496788 0.0324544 0.0297625 0.0483343 0.0551720 0.0313664 0.0066897 0.0293448 0.0404539 0.0407101 0.0439198 0.0443578 0.0249731 0.0209083 0.0476847 0.0662251 0.0478994 0.0397513 0.0352865 0.0241015 0.0500004 0.0367778 0.0534615 0.0545970 0.0249747 0.0585748 0.0235899 0.0257638 0.0416653 0.0391684 0.0495268 0.0436096 0.0322367 0.0285685 0.0353003 0.0445721 0.0654722 0.0309506 0.0628253 0.0315391 0.0233653 0.0533284 0.0468142 0.0282294 0.0534724 0.0573463 0.0413045 0.0250981 0.0187666 0.0243695 0.0516428 0.0399785 0.0399185 0.0553584 0.0259272 0.0320524 0.0362658 0.0232981 0.0446784 0.0588067 0.0573385 0.0320640 0.0556733 0.0313946 0.0455061 0.0374707 0.0234334 0.0283248 0.0236696 0.0451241 0.0292239 0.0623982 0.0481715 0.0379547 0.0265844 0.0519269 0.0621469 0.0474174 0.0492112 0.0220613 0.0284903 0.0311902 0.0297224 0.0281004 0.0319984 0.0452133 0.0458074 0.0456765 0.0609691 0.0352717 0.0445435 0.0550189 0.0504195 0.0333932 0.0851965 0.0283641 0.0376551 0.0315807 0.0521411 0.0521529 0.0633898 0.0249636 0.0186848 0.0248084 0.0302959 0.0586152 0.0283070 0.0568190 0.0578067 0.0502317 0.0476801 0.0518624 0.0617715 0.0590396 0.0425797 0.0379206 0.0496057 
I0186_111_Momotidae_Momotus_lessonii                      0.0438765 0.0000000 0.0532426 0.0560739 0.0612566 0.0531439 0.0487356 0.0515786 0.0574483 0.0670960 0.0481040 0.0633125 0.0549676 0.0508678 0.0614809 0.0479709 0.0361491 0.0609996 0.0434391 0.0604148 0.0655649 0.0429541 0.0458529 0.0422657 0.0526415 0.0449437 0.0667260 0.0688228 0.0694631 0.0467320 0.0612900 0.0597674 0.0595326 0.0599680 0.0504671 0.0699772 0.0622601 0.0731302 0.0611535 0.0788138 0.0628056 0.0591642 0.0948854 0.0804571 0.0884315 0.0659480 0.0731693 0.0418623 0.0651108 0.0503981 0.0640564 0.0593952 0.0453523 0.0571843 0.0597219 0.0613717 0.0514059 0.0504984 0.0473138 0.0620588 0.0597026 0.0469778 0.0457524 0.0808938 0.0580124 0.0682535 0.0578948 0.0452581 0.0495853 0.0748300 0.0691842 0.0508907 0.0644838 0.0754919 0.0638456 0.0591908 0.0477263 0.0475952 0.0591348 0.0651807 0.0447116 0.0444840 0.0458669 0.0550684 0.0402449 0.0572834 0.0563775 0.0431457 0.0389549 0.0599578 0.0794330 0.0586993 0.0547263 0.0507470 0.0418906 0.0642743 0.0458240 0.0673351 0.0657794 0.0414165 0.0694597 0.0450627 0.0444068 0.0565098 0.0481206 0.0616955 0.0587268 0.0472297 0.0454711 0.0505942 0.0581422 0.0780995 0.0483922 0.0776533 0.0494509 0.0422046 0.0638847 0.0587300 0.0465248 0.0631604 0.0751450 0.0553779 0.0429971 0.0475894 0.0426398 0.0633975 0.0556275 0.0535808 0.0734784 0.0440970 0.0473965 0.0508404 0.0415301 0.0566228 0.0676983 0.0676808 0.0475179 0.0672625 0.0468554 0.0568746 0.0527597 0.0414351 0.0457652 0.0413201 0.0589901 0.0450713 0.0761369 0.0609000 0.0530069 0.0443362 0.0611495 0.0809703 0.0580066 0.0602920 0.0403222 0.0458163 0.0496419 0.0479475 0.0460957 0.0464322 0.0595274 0.0589137 0.0601965 0.0728477 0.0473922 0.0584452 0.0649025 0.0609768 0.0461744 0.0938686 0.0458712 0.0507313 0.0470657 0.0627550 0.0602794 0.0753754 0.0423620 0.0454027 0.0424284 0.0469575 0.0768970 0.0461978 0.0656299 0.0668034 0.0606410 0.0594004 0.0600547 0.0709944 0.0676152 0.0567116 0.0502906 0.0652843 
I0187_115_Trogonidae_Trogon_elegans                       0.0412036 0.0532426 0.0000000 0.0549991 0.0605765 0.0184252 0.0456573 0.0516646 0.0693433 0.0660651 0.0450658 0.0631127 0.0552289 0.0577564 0.0608890 0.0484766 0.0355252 0.0591121 0.0406130 0.0592095 0.0630951 0.0409166 0.0439484 0.0404420 0.0528935 0.0432390 0.0655430 0.0679514 0.0687117 0.0435858 0.0600045 0.0583029 0.0584953 0.0592694 0.0492503 0.0675598 0.0619729 0.0702719 0.0597500 0.0776160 0.0607965 0.0576246 0.0953337 0.0815055 0.0889130 0.0660214 0.0713196 0.0513866 0.0631402 0.0481203 0.0623949 0.0583525 0.0429488 0.0565712 0.0576873 0.0621024 0.0512627 0.0499958 0.0444606 0.0592835 0.0580974 0.0447635 0.0433837 0.0796269 0.0559944 0.0672960 0.0552294 0.0430932 0.0478965 0.0730827 0.0677008 0.0506067 0.0637262 0.0730504 0.0622520 0.0586259 0.0463933 0.0451110 0.0577523 0.0665601 0.0443928 0.0422851 0.0443093 0.0532613 0.0529142 0.0568763 0.0568681 0.0408822 0.0380379 0.0593578 0.0772279 0.0590577 0.0527830 0.0476827 0.0393317 0.0625908 0.0500212 0.0659372 0.0651321 0.0402247 0.0693960 0.0425489 0.0414749 0.0551432 0.0531780 0.0615162 0.0570510 0.0452402 0.0440895 0.0496122 0.0573794 0.0749213 0.0464893 0.0750121 0.0461630 0.0402813 0.0633850 0.0583380 0.0442548 0.0621862 0.0718381 0.0537729 0.0416896 0.0460374 0.0409229 0.0624061 0.0534678 0.0520018 0.0710791 0.0413058 0.0462698 0.0484039 0.0394071 0.0555766 0.0675999 0.0671750 0.0466663 0.0662056 0.0459350 0.0555025 0.0498829 0.0394389 0.0435394 0.0395895 0.0576328 0.0434834 0.0743603 0.0588360 0.0510632 0.0417035 0.0609549 0.0778968 0.0570108 0.0589503 0.0388272 0.0429309 0.0460810 0.0451427 0.0432596 0.0451244 0.0576698 0.0566558 0.0578233 0.0708505 0.0467510 0.0576799 0.0648951 0.0589964 0.0449388 0.0932559 0.0442125 0.0505619 0.0458548 0.0633851 0.0613919 0.0742089 0.0402804 0.0436517 0.0398116 0.0447807 0.0751915 0.0441467 0.0661894 0.0666948 0.0599183 0.0579442 0.0606825 0.0708099 0.0690037 0.0550056 0.0495477 0.0632393 
I0188_135_Apodidae_Streptoprocne_zonaris                  0.0414704 0.0560739 0.0549991 0.0000000 0.0605275 0.0565143 0.0447437 0.0487291 0.0730076 0.0666303 0.0442157 0.0631584 0.0570991 0.0602529 0.0628566 0.0473315 0.0339220 0.0624877 0.0403165 0.0626404 0.0636443 0.0416192 0.0405026 0.0383622 0.0489358 0.0411437 0.0662726 0.0681820 0.0709959 0.0440802 0.0612376 0.0605072 0.0447362 0.0462015 0.0463010 0.0683007 0.0637972 0.0729447 0.0618636 0.0766792 0.0636060 0.0592272 0.0943035 0.0791177 0.0873972 0.0664612 0.0735344 0.0536356 0.0612044 0.0486922 0.0635423 0.0595983 0.0408269 0.0567425 0.0597865 0.0628833 0.0476959 0.0456805 0.0423811 0.0633800 0.0221962 0.0449272 0.0396996 0.0798708 0.0586442 0.0690889 0.0539322 0.0411925 0.0451107 0.0738269 0.0685985 0.0447078 0.0656265 0.0688070 0.0633502 0.0605649 0.0460219 0.0450437 0.0593450 0.0649156 0.0430283 0.0422565 0.0423527 0.0536531 0.0530117 0.0562441 0.0559589 0.0387069 0.0368861 0.0453932 0.0774358 0.0571753 0.0528447 0.0462050 0.0397495 0.0625186 0.0495509 0.0658490 0.0650593 0.0386591 0.0708164 0.0424946 0.0401429 0.0523563 0.0528168 0.0595261 0.0546187 0.0458953 0.0410907 0.0478380 0.0570857 0.0751616 0.0447662 0.0740340 0.0431585 0.0383389 0.0647887 0.0562672 0.0429474 0.0640694 0.0682903 0.0547609 0.0393865 0.0452016 0.0396914 0.0625947 0.0218725 0.0534267 0.0664492 0.0401397 0.0439912 0.0404591 0.0382457 0.0535561 0.0684426 0.0658051 0.0416516 0.0661567 0.0438732 0.0546204 0.0483002 0.0379635 0.0407292 0.0386994 0.0561039 0.0414147 0.0694327 0.0605611 0.0490666 0.0399456 0.0636615 0.0745009 0.0575280 0.0605208 0.0373828 0.0437353 0.0444844 0.0441587 0.0437580 0.0443439 0.0556751 0.0550854 0.0565298 0.0737877 0.0464942 0.0548632 0.0667801 0.0620913 0.0444414 0.0937009 0.0404364 0.0468397 0.0411907 0.0633128 0.0623700 0.0737291 0.0399534 0.0426148 0.0390867 0.0454310 0.0699209 0.0440926 0.0659967 0.0684281 0.0602088 0.0587907 0.0621691 0.0713193 0.0684832 0.0539142 0.0513748 0.0616340 
I0189_225_Eurylaimidae_Smithornis_rufolateralis           0.0499967 0.0612566 0.0605765 0.0605275 0.0000000 0.0615305 0.0533799 0.0588111 0.0784456 0.0726493 0.0535835 0.0448048 0.0617274 0.0640227 0.0377322 0.0559027 0.0430318 0.0364324 0.0501626 0.0365408 0.0385580 0.0492384 0.0510066 0.0485582 0.0590142 0.0512486 0.0714752 0.0496543 0.0513176 0.0522439 0.0358213 0.0356113 0.0656052 0.0659719 0.0559581 0.0508071 0.0383392 0.0769600 0.0359193 0.0833135 0.0378329 0.0337764 0.0995799 0.0848483 0.0907746 0.0476536 0.0777099 0.0585041 0.0655553 0.0567895 0.0385758 0.0351730 0.0509137 0.0620941 0.0337744 0.0376972 0.0572262 0.0579456 0.0520991 0.0369734 0.0630002 0.0532140 0.0502570 0.0856636 0.0332053 0.0720449 0.0633921 0.0505628 0.0570298 0.0802613 0.0721051 0.0567412 0.0712044 0.0785095 0.0380375 0.0352227 0.0559848 0.0535008 0.0349387 0.0701847 0.0501673 0.0502386 0.0517637 0.0589411 0.0591527 0.0627498 0.0623002 0.0499051 0.0456992 0.0668078 0.0829787 0.0650962 0.0584348 0.0551101 0.0482446 0.0670805 0.0573867 0.0706669 0.0708351 0.0487378 0.0739103 0.0517152 0.0500636 0.0610564 0.0588369 0.0683141 0.0638380 0.0537942 0.0516678 0.0572700 0.0634800 0.0822038 0.0545749 0.0803372 0.0544781 0.0481888 0.0396282 0.0660617 0.0516649 0.0454945 0.0780741 0.0602677 0.0497847 0.0528881 0.0492489 0.0292053 0.0590237 0.0577065 0.0772569 0.0499758 0.0534114 0.0542614 0.0478469 0.0628921 0.0726155 0.0715697 0.0547911 0.0312117 0.0534100 0.0624935 0.0581231 0.0491597 0.0515908 0.0482989 0.0656511 0.0520278 0.0774113 0.0672537 0.0577322 0.0499023 0.0688046 0.0843543 0.0392217 0.0345977 0.0469180 0.0513100 0.0563478 0.0533571 0.0518216 0.0540624 0.0628198 0.0625099 0.0661117 0.0763348 0.0554860 0.0648575 0.0408516 0.0360997 0.0535522 0.0981746 0.0523484 0.0574405 0.0520260 0.0289131 0.0438350 0.0808445 0.0495964 0.0514642 0.0494193 0.0544832 0.0809156 0.0524252 0.0468907 0.0487471 0.0423822 0.0209744 0.0436266 0.0523600 0.0512171 0.0610546 0.0575318 0.0479436 
I0190_295_Trogonidae_Apaloderma_aequatoriale              0.0421573 0.0531439 0.0184252 0.0565143 0.0615305 0.0000000 0.0457023 0.0522342 0.0700518 0.0668534 0.0451430 0.0635174 0.0551113 0.0583498 0.0623121 0.0485291 0.0357201 0.0609174 0.0413718 0.0600694 0.0635542 0.0416860 0.0445680 0.0409161 0.0528215 0.0438644 0.0656906 0.0686382 0.0695826 0.0442961 0.0602387 0.0600509 0.0597405 0.0603380 0.0496252 0.0689745 0.0626468 0.0721867 0.0602352 0.0789607 0.0617347 0.0591381 0.0969244 0.0825170 0.0893509 0.0664383 0.0728430 0.0517958 0.0635735 0.0482095 0.0637421 0.0586608 0.0434011 0.0566173 0.0591258 0.0623278 0.0517277 0.0504044 0.0450360 0.0608568 0.0587907 0.0450517 0.0439401 0.0809164 0.0575723 0.0680994 0.0557867 0.0439441 0.0488729 0.0744672 0.0691865 0.0512674 0.0634885 0.0742296 0.0630924 0.0594219 0.0471968 0.0454948 0.0594647 0.0660261 0.0451929 0.0433854 0.0451157 0.0537580 0.0532469 0.0573539 0.0576170 0.0415437 0.0377971 0.0601462 0.0797263 0.0596872 0.0525572 0.0488076 0.0400531 0.0632707 0.0503485 0.0667771 0.0652237 0.0403041 0.0697211 0.0432852 0.0419878 0.0553819 0.0529118 0.0625858 0.0572208 0.0459119 0.0445723 0.0500730 0.0573343 0.0770190 0.0480380 0.0769887 0.0475094 0.0404066 0.0645380 0.0594526 0.0454239 0.0629166 0.0733475 0.0534587 0.0418478 0.0459802 0.0411539 0.0624885 0.0547177 0.0526518 0.0721628 0.0423425 0.0470101 0.0495164 0.0399478 0.0556277 0.0684288 0.0675532 0.0475296 0.0668227 0.0464678 0.0567209 0.0504008 0.0393906 0.0444230 0.0400322 0.0590968 0.0440229 0.0742558 0.0590035 0.0516220 0.0418408 0.0603368 0.0789774 0.0578437 0.0603699 0.0391449 0.0440233 0.0471600 0.0462713 0.0441906 0.0457661 0.0586130 0.0578123 0.0591200 0.0724854 0.0471143 0.0586180 0.0662609 0.0609541 0.0459159 0.0943723 0.0447820 0.0511300 0.0465838 0.0641108 0.0616553 0.0746967 0.0411725 0.0448133 0.0408021 0.0454584 0.0755345 0.0448021 0.0665433 0.0676583 0.0607939 0.0589754 0.0608490 0.0717972 0.0696513 0.0552197 0.0494788 0.0634404 
I0192_375_Musophagidae_Tauraco_macrorhynchus              0.0328071 0.0487356 0.0456573 0.0447437 0.0533799 0.0457023 0.0000000 0.0423373 0.0656665 0.0621441 0.0191536 0.0560283 0.0509085 0.0522718 0.0541939 0.0384334 0.0249127 0.0536583 0.0311456 0.0536210 0.0566458 0.0331943 0.0338044 0.0306628 0.0425729 0.0329079 0.0606412 0.0623161 0.0637910 0.0359961 0.0521568 0.0517248 0.0489968 0.0496732 0.0404041 0.0620744 0.0553320 0.0645480 0.0532196 0.0703049 0.0546519 0.0512010 0.0885157 0.0718822 0.0809080 0.0589255 0.0661809 0.0462179 0.0535674 0.0394257 0.0564234 0.0516414 0.0326077 0.0503529 0.0520712 0.0548726 0.0411874 0.0394865 0.0339080 0.0536542 0.0488896 0.0365229 0.0334399 0.0729633 0.0501248 0.0608977 0.0478633 0.0330725 0.0396059 0.0660926 0.0604522 0.0394817 0.0589829 0.0644108 0.0554450 0.0522291 0.0366717 0.0369232 0.0518437 0.0603163 0.0367097 0.0336389 0.0344753 0.0473381 0.0463813 0.0508265 0.0500175 0.0314094 0.0280393 0.0504665 0.0713816 0.0501664 0.0457017 0.0388944 0.0299703 0.0550062 0.0428068 0.0586996 0.0604236 0.0294118 0.0622850 0.0327031 0.0317487 0.0458118 0.0461097 0.0523757 0.0480577 0.0382054 0.0328559 0.0398842 0.0515638 0.0699974 0.0369691 0.0684384 0.0364533 0.0301003 0.0562328 0.0491020 0.0349341 0.0561231 0.0632730 0.0479267 0.0316032 0.0366890 0.0314800 0.0556559 0.0437635 0.0462457 0.0620309 0.0312537 0.0363980 0.0398427 0.0307605 0.0463305 0.0637762 0.0583912 0.0363799 0.0601116 0.0362856 0.0469301 0.0412758 0.0300379 0.0332673 0.0297090 0.0486338 0.0330883 0.0660146 0.0529016 0.0421233 0.0323495 0.0546497 0.0687902 0.0511468 0.0527115 0.0286318 0.0338088 0.0356099 0.0355648 0.0355838 0.0362820 0.0480755 0.0467438 0.0490684 0.0644740 0.0371924 0.0482162 0.0591786 0.0532568 0.0354946 0.0870524 0.0330421 0.0415822 0.0362675 0.0558217 0.0550113 0.0677659 0.0315318 0.0349344 0.0306726 0.0374279 0.0652830 0.0359424 0.0600826 0.0612447 0.0536496 0.0508893 0.0545881 0.0634952 0.0628808 0.0456582 0.0450795 0.0545289 
I0193_447_Columbidae_Treron_calvus                        0.0393860 0.0515786 0.0516646 0.0487291 0.0588111 0.0522342 0.0423373 0.0000000 0.0687091 0.0668788 0.0412589 0.0600958 0.0545779 0.0557096 0.0596190 0.0443685 0.0239680 0.0587793 0.0375579 0.0583693 0.0613767 0.0389955 0.0393030 0.0371988 0.0188147 0.0394070 0.0651615 0.0651765 0.0672899 0.0417808 0.0585455 0.0568759 0.0551131 0.0560589 0.0160858 0.0657013 0.0596544 0.0684675 0.0580317 0.0744443 0.0598836 0.0568218 0.0923584 0.0787833 0.0841431 0.0626624 0.0703541 0.0519128 0.0601421 0.0464744 0.0601292 0.0573122 0.0386438 0.0543047 0.0564989 0.0586580 0.0173221 0.0449098 0.0396965 0.0582971 0.0529760 0.0434457 0.0386421 0.0771219 0.0551840 0.0652436 0.0530556 0.0393852 0.0462204 0.0689946 0.0652174 0.0444402 0.0637964 0.0685678 0.0602589 0.0576347 0.0421561 0.0435792 0.0567834 0.0637013 0.0356089 0.0395705 0.0397731 0.0513902 0.0514081 0.0544153 0.0554278 0.0374609 0.0344119 0.0561916 0.0743231 0.0544519 0.0505062 0.0447458 0.0368590 0.0597589 0.0480323 0.0638982 0.0638147 0.0363247 0.0670063 0.0401671 0.0383660 0.0498553 0.0509930 0.0581672 0.0516503 0.0441075 0.0392644 0.0463992 0.0536893 0.0726459 0.0428503 0.0723762 0.0441380 0.0366295 0.0602748 0.0542549 0.0414750 0.0602601 0.0679726 0.0514114 0.0375666 0.0432392 0.0373324 0.0604304 0.0484177 0.0499157 0.0662446 0.0379579 0.0421580 0.0440202 0.0360774 0.0518799 0.0661816 0.0627142 0.0423384 0.0631734 0.0414152 0.0519879 0.0460401 0.0358519 0.0394568 0.0363119 0.0540730 0.0394389 0.0704203 0.0557507 0.0471037 0.0392563 0.0576645 0.0739177 0.0551866 0.0576625 0.0353823 0.0412900 0.0428187 0.0419151 0.0403140 0.0415959 0.0540876 0.0527802 0.0539529 0.0679727 0.0426986 0.0537114 0.0621391 0.0583928 0.0411568 0.0903150 0.0401456 0.0156166 0.0415129 0.0606599 0.0589939 0.0714203 0.0374600 0.0406204 0.0375595 0.0440417 0.0703538 0.0407550 0.0633945 0.0642232 0.0575287 0.0548731 0.0586752 0.0676209 0.0662068 0.0513180 0.0497022 0.0597470 
I0194_495_Alcedinidae_Alcedo_quadribrachys                0.0602077 0.0574483 0.0693433 0.0730076 0.0784456 0.0700518 0.0656665 0.0687091 0.0000000 0.0806480 0.0649576 0.0794593 0.0724450 0.0661706 0.0776835 0.0640355 0.0553351 0.0768956 0.0599673 0.0769157 0.0811045 0.0582430 0.0610254 0.0587362 0.0694450 0.0612795 0.0790828 0.0821402 0.0842488 0.0629495 0.0768807 0.0761329 0.0761632 0.0753764 0.0666334 0.0842030 0.0776215 0.0873587 0.0772265 0.0920992 0.0788007 0.0752164 0.1091900 0.0951018 0.1037113 0.0796641 0.0874333 0.0579627 0.0805157 0.0674065 0.0797610 0.0754055 0.0615925 0.0735014 0.0746612 0.0772971 0.0673714 0.0679325 0.0636469 0.0775829 0.0742666 0.0640058 0.0608681 0.0941807 0.0744620 0.0802936 0.0726908 0.0608818 0.0650947 0.0872836 0.0832442 0.0669398 0.0783830 0.0897314 0.0789709 0.0753034 0.0644571 0.0647109 0.0755583 0.0789182 0.0578894 0.0607769 0.0625403 0.0710931 0.0469335 0.0733459 0.0706090 0.0599982 0.0562715 0.0747897 0.0930567 0.0732419 0.0708187 0.0661918 0.0595180 0.0783828 0.0602887 0.0806834 0.0789685 0.0591770 0.0822138 0.0618331 0.0603001 0.0716508 0.0629161 0.0758772 0.0737422 0.0643499 0.0623359 0.0665764 0.0750507 0.0924680 0.0647129 0.0916086 0.0654946 0.0584791 0.0798861 0.0758373 0.0632559 0.0770886 0.0901747 0.0721749 0.0601176 0.0649031 0.0595605 0.0773411 0.0714120 0.0696401 0.0882233 0.0608219 0.0643320 0.0670754 0.0587970 0.0730566 0.0820123 0.0821117 0.0641420 0.0837380 0.0643459 0.0713178 0.0699345 0.0589079 0.0620595 0.0589611 0.0735632 0.0622130 0.0898186 0.0756357 0.0692406 0.0603085 0.0758546 0.0946665 0.0727524 0.0760039 0.0573986 0.0624614 0.0656421 0.0640842 0.0622401 0.0623237 0.0745302 0.0754914 0.0744595 0.0875581 0.0629118 0.0736973 0.0809508 0.0761391 0.0614816 0.1078256 0.0625738 0.0678791 0.0641832 0.0793112 0.0774644 0.0895178 0.0590957 0.0621914 0.0577099 0.0623525 0.0905859 0.0622836 0.0789020 0.0828771 0.0766843 0.0749072 0.0769528 0.0845117 0.0843398 0.0704951 0.0673159 0.0777556 
I0195_522_Ramphastidae_Buccanodon_duchaillui              0.0573267 0.0670960 0.0660651 0.0666303 0.0726493 0.0668534 0.0621441 0.0668788 0.0806480 0.0000000 0.0622332 0.0746204 0.0686480 0.0699910 0.0744376 0.0634762 0.0503161 0.0734496 0.0565015 0.0732098 0.0757734 0.0568954 0.0579532 0.0547413 0.0676970 0.0586108 0.0420993 0.0793430 0.0825488 0.0580769 0.0722859 0.0724358 0.0709694 0.0723102 0.0632705 0.0789432 0.0760004 0.0850548 0.0732624 0.0912673 0.0740017 0.0714515 0.1082431 0.0946125 0.1024553 0.0775352 0.0827232 0.0641933 0.0758668 0.0635413 0.0752533 0.0707311 0.0583369 0.0694320 0.0706881 0.0748607 0.0645188 0.0642705 0.0598089 0.0742146 0.0701913 0.0594107 0.0557442 0.0924212 0.0708862 0.0824067 0.0705118 0.0585444 0.0623281 0.0872493 0.0826209 0.0638780 0.0431095 0.0862446 0.0753188 0.0724768 0.0612041 0.0598361 0.0720394 0.0266382 0.0506788 0.0575816 0.0603890 0.0665526 0.0644753 0.0644156 0.0615915 0.0558514 0.0528691 0.0717109 0.0904237 0.0712643 0.0659458 0.0630605 0.0557831 0.0783591 0.0625996 0.0814211 0.0243853 0.0565560 0.0845654 0.0571741 0.0572020 0.0683887 0.0615087 0.0733121 0.0704588 0.0604783 0.0584213 0.0647778 0.0700823 0.0901374 0.0612515 0.0875560 0.0621649 0.0546400 0.0761869 0.0715684 0.0600399 0.0751222 0.0848979 0.0677375 0.0570718 0.0603079 0.0566005 0.0745676 0.0661920 0.0661307 0.0835689 0.0574480 0.0617682 0.0629940 0.0560225 0.0709260 0.0323475 0.0812505 0.0603923 0.0776713 0.0607631 0.0697030 0.0654216 0.0558120 0.0592235 0.0561425 0.0710321 0.0590478 0.0836761 0.0729543 0.0663787 0.0568166 0.0735479 0.0916709 0.0703893 0.0715911 0.0541158 0.0588465 0.0623596 0.0600662 0.0584131 0.0592967 0.0711946 0.0705815 0.0712621 0.0847535 0.0621641 0.0708305 0.0784803 0.0730350 0.0612973 0.1095375 0.0598913 0.0653143 0.0604945 0.0747152 0.0744979 0.0881557 0.0568055 0.0581631 0.0543546 0.0601838 0.0873521 0.0576843 0.0770195 0.0796712 0.0728316 0.0707166 0.0746566 0.0826297 0.0808313 0.0682483 0.0635769 0.0750304 
I0196_523_Musophagidae_Corythaeola_cristata               0.0323796 0.0481040 0.0450658 0.0442157 0.0535835 0.0451430 0.0191536 0.0412589 0.0649576 0.0622332 0.0000000 0.0558158 0.0496061 0.0512687 0.0538986 0.0378242 0.0242702 0.0536466 0.0301879 0.0539119 0.0561828 0.0328174 0.0323236 0.0298323 0.0423298 0.0322920 0.0606661 0.0617056 0.0639606 0.0350100 0.0526000 0.0533053 0.0490981 0.0499496 0.0389954 0.0622231 0.0547483 0.0652326 0.0539587 0.0714347 0.0549845 0.0514903 0.0886705 0.0714296 0.0806629 0.0587807 0.0652480 0.0458376 0.0539369 0.0392979 0.0562302 0.0518471 0.0323724 0.0500124 0.0520289 0.0549871 0.0409575 0.0392370 0.0338536 0.0539308 0.0491930 0.0358602 0.0332650 0.0736582 0.0497905 0.0615067 0.0477168 0.0321767 0.0396056 0.0660561 0.0608037 0.0395407 0.0589921 0.0631900 0.0555237 0.0528819 0.0365032 0.0358948 0.0522771 0.0598563 0.0355585 0.0325930 0.0337194 0.0468910 0.0455589 0.0500169 0.0501090 0.0300730 0.0270087 0.0500343 0.0704202 0.0498704 0.0457152 0.0388492 0.0290331 0.0546217 0.0419445 0.0594824 0.0595707 0.0291290 0.0626077 0.0328586 0.0308209 0.0445897 0.0458363 0.0515488 0.0466835 0.0364816 0.0324716 0.0399141 0.0508167 0.0693717 0.0363875 0.0674246 0.0357254 0.0290711 0.0564013 0.0488164 0.0335582 0.0567347 0.0614414 0.0468735 0.0306360 0.0363661 0.0302105 0.0551946 0.0431936 0.0459581 0.0603420 0.0312006 0.0356876 0.0387241 0.0295677 0.0470511 0.0631232 0.0579143 0.0357976 0.0590670 0.0353856 0.0471630 0.0401263 0.0290052 0.0323703 0.0291613 0.0479284 0.0320423 0.0654791 0.0521721 0.0411300 0.0316195 0.0544369 0.0675407 0.0510453 0.0527141 0.0274681 0.0332817 0.0355301 0.0351703 0.0337514 0.0354279 0.0476823 0.0466275 0.0484632 0.0651262 0.0371005 0.0475542 0.0577134 0.0531250 0.0354426 0.0857461 0.0323577 0.0406544 0.0349764 0.0553648 0.0546282 0.0669977 0.0300655 0.0344947 0.0299986 0.0364120 0.0639827 0.0342566 0.0598333 0.0618155 0.0537647 0.0514263 0.0540049 0.0640393 0.0626391 0.0452103 0.0440761 0.0545248 
I0197_832_Corvidae_Corvus_albus                           0.0524559 0.0633125 0.0631127 0.0631584 0.0448048 0.0635174 0.0560283 0.0600958 0.0794593 0.0746204 0.0558158 0.0000000 0.0641482 0.0651914 0.0444014 0.0573427 0.0473197 0.0421033 0.0531211 0.0426712 0.0482502 0.0527084 0.0530513 0.0510583 0.0613430 0.0541220 0.0743280 0.0273633 0.0298736 0.0550375 0.0434182 0.0424594 0.0672331 0.0669607 0.0583023 0.0288260 0.0452710 0.0785156 0.0434411 0.0852297 0.0444403 0.0415791 0.1007530 0.0870465 0.0944862 0.0249653 0.0787262 0.0607325 0.0689397 0.0585164 0.0465075 0.0421590 0.0542201 0.0655008 0.0422189 0.0442325 0.0597225 0.0602860 0.0554828 0.0435535 0.0654180 0.0555915 0.0514447 0.0880306 0.0402203 0.0730982 0.0649848 0.0541495 0.0590385 0.0819097 0.0739298 0.0595636 0.0738489 0.0824067 0.0467312 0.0422524 0.0565396 0.0559570 0.0418444 0.0729581 0.0520078 0.0530986 0.0557142 0.0621509 0.0626162 0.0666871 0.0649107 0.0521156 0.0482113 0.0675779 0.0850639 0.0678527 0.0616411 0.0575598 0.0516163 0.0686176 0.0605286 0.0719395 0.0734813 0.0510504 0.0744011 0.0540831 0.0539081 0.0626531 0.0618604 0.0686428 0.0649914 0.0558112 0.0540072 0.0582754 0.0663326 0.0839425 0.0571907 0.0833261 0.0579364 0.0514427 0.0471524 0.0680204 0.0547629 0.0323080 0.0816215 0.0630055 0.0535632 0.0555138 0.0525176 0.0463737 0.0615986 0.0615969 0.0808783 0.0535936 0.0567718 0.0569013 0.0518722 0.0650181 0.0755781 0.0743889 0.0575266 0.0494149 0.0558343 0.0637284 0.0603429 0.0518266 0.0543014 0.0519229 0.0652307 0.0543685 0.0790065 0.0677603 0.0601116 0.0540195 0.0686946 0.0882636 0.0297819 0.0430716 0.0509227 0.0541277 0.0577345 0.0572447 0.0535753 0.0575011 0.0655391 0.0650396 0.0653067 0.0782884 0.0567288 0.0646300 0.0490627 0.0419379 0.0550526 0.1013863 0.0547040 0.0588801 0.0548833 0.0455105 0.0302669 0.0815258 0.0521025 0.0543526 0.0524028 0.0558829 0.0847760 0.0539812 0.0254020 0.0270247 0.0121529 0.0422761 0.0303872 0.0298665 0.0286213 0.0630146 0.0595174 0.0508738 
I0198_937_Bucerotidae_Tockus_camurus                      0.0449459 0.0549676 0.0552289 0.0570991 0.0617274 0.0551113 0.0509085 0.0545779 0.0724450 0.0686480 0.0496061 0.0641482 0.0000000 0.0581629 0.0629510 0.0517524 0.0383872 0.0620287 0.0442700 0.0623214 0.0653114 0.0437736 0.0464762 0.0428737 0.0541533 0.0457941 0.0689180 0.0693452 0.0709691 0.0474290 0.0621463 0.0617231 0.0614450 0.0607214 0.0516450 0.0693333 0.0647901 0.0750910 0.0627175 0.0817610 0.0632433 0.0604671 0.0973352 0.0828973 0.0896356 0.0668384 0.0679748 0.0531801 0.0656805 0.0513043 0.0640928 0.0610131 0.0460724 0.0597022 0.0603051 0.0633527 0.0527030 0.0538341 0.0477339 0.0629454 0.0603816 0.0490753 0.0460708 0.0833732 0.0595587 0.0713678 0.0594132 0.0463569 0.0519938 0.0772468 0.0714062 0.0523340 0.0679589 0.0752740 0.0636463 0.0609781 0.0501926 0.0487975 0.0607328 0.0661287 0.0459628 0.0455872 0.0481203 0.0569220 0.0541849 0.0580763 0.0581881 0.0435623 0.0404568 0.0616603 0.0814920 0.0607219 0.0562545 0.0509292 0.0431023 0.0667583 0.0517865 0.0693048 0.0671472 0.0435483 0.0727181 0.0458337 0.0445225 0.0573118 0.0546867 0.0640462 0.0588139 0.0473890 0.0471371 0.0523686 0.0601814 0.0800147 0.0498389 0.0788658 0.0501753 0.0426558 0.0651007 0.0623147 0.0480266 0.0640604 0.0746322 0.0569308 0.0445774 0.0482697 0.0440268 0.0632481 0.0558575 0.0562104 0.0726119 0.0443630 0.0490996 0.0514392 0.0430302 0.0598030 0.0696160 0.0690068 0.0486368 0.0672090 0.0491839 0.0593077 0.0533683 0.0427334 0.0462315 0.0429384 0.0618358 0.0467274 0.0760488 0.0620810 0.0544442 0.0449704 0.0647699 0.0788707 0.0588577 0.0609495 0.0421002 0.0462283 0.0501646 0.0489488 0.0462799 0.0482856 0.0619234 0.0585223 0.0626826 0.0749849 0.0509395 0.0610446 0.0659453 0.0615073 0.0488737 0.0960573 0.0469282 0.0527980 0.0478150 0.0636218 0.0626534 0.0787164 0.0431644 0.0461609 0.0432230 0.0485068 0.0758191 0.0467208 0.0666650 0.0689228 0.0617675 0.0591967 0.0625446 0.0713105 0.0701682 0.0576598 0.0226027 0.0632060 
I0199_955_Meropidae_Merops_muelleri                       0.0478718 0.0508678 0.0577564 0.0602529 0.0640227 0.0583498 0.0522718 0.0557096 0.0661706 0.0699910 0.0512687 0.0651914 0.0581629 0.0000000 0.0634279 0.0521666 0.0418441 0.0626676 0.0484154 0.0631298 0.0667697 0.0478619 0.0504006 0.0470640 0.0567786 0.0489104 0.0682082 0.0707553 0.0723484 0.0508633 0.0634901 0.0625889 0.0628249 0.0634727 0.0541847 0.0715631 0.0659446 0.0727192 0.0636054 0.0802498 0.0652729 0.0629965 0.0963343 0.0850571 0.0916706 0.0677095 0.0753652 0.0496904 0.0678590 0.0547141 0.0651813 0.0623472 0.0488545 0.0604527 0.0625446 0.0640821 0.0549541 0.0564535 0.0510638 0.0638589 0.0615298 0.0515459 0.0501926 0.0820297 0.0607063 0.0689215 0.0606348 0.0495603 0.0545339 0.0762011 0.0717702 0.0554376 0.0675655 0.0783294 0.0653054 0.0615647 0.0527155 0.0519215 0.0616287 0.0687920 0.0468816 0.0481269 0.0498623 0.0587278 0.0513225 0.0602467 0.0592160 0.0479502 0.0434551 0.0627211 0.0801871 0.0629438 0.0575761 0.0533283 0.0459903 0.0665080 0.0499930 0.0695045 0.0687963 0.0458413 0.0711082 0.0493650 0.0480802 0.0593272 0.0490680 0.0634380 0.0616787 0.0516143 0.0500076 0.0538669 0.0620296 0.0792423 0.0530172 0.0772834 0.0543545 0.0462833 0.0653331 0.0629401 0.0508970 0.0657286 0.0772858 0.0584611 0.0474798 0.0526130 0.0474243 0.0649870 0.0589824 0.0573465 0.0773011 0.0485786 0.0523246 0.0538409 0.0458006 0.0611155 0.0707015 0.0698296 0.0532131 0.0706227 0.0520446 0.0610115 0.0574827 0.0458707 0.0493770 0.0460767 0.0620306 0.0496270 0.0785467 0.0630925 0.0574005 0.0486508 0.0640533 0.0838902 0.0616621 0.0631635 0.0459594 0.0504481 0.0521568 0.0513189 0.0499537 0.0509730 0.0625227 0.0613053 0.0630334 0.0727388 0.0507800 0.0623642 0.0674088 0.0631499 0.0499251 0.0965799 0.0502329 0.0546432 0.0516751 0.0653671 0.0644338 0.0760748 0.0475729 0.0502994 0.0466904 0.0510786 0.0801249 0.0505161 0.0672004 0.0692928 0.0626602 0.0615473 0.0639259 0.0732632 0.0718959 0.0591842 0.0530934 0.0661373 
I0200_988_Furnariidae_Furnarius_rufus                     0.0504580 0.0614809 0.0608890 0.0628566 0.0377322 0.0623121 0.0541939 0.0596190 0.0776835 0.0744376 0.0538986 0.0444014 0.0629510 0.0634279 0.0000000 0.0571271 0.0450189 0.0331097 0.0511149 0.0327828 0.0292406 0.0502022 0.0522398 0.0497286 0.0596603 0.0522243 0.0742856 0.0490796 0.0511004 0.0534171 0.0328889 0.0325391 0.0667929 0.0666047 0.0562697 0.0510059 0.0162993 0.0749236 0.0332633 0.0828331 0.0347632 0.0313195 0.0996530 0.0873723 0.0927890 0.0476664 0.0771006 0.0582197 0.0664428 0.0574503 0.0282255 0.0320270 0.0531957 0.0628581 0.0314519 0.0140637 0.0577058 0.0594748 0.0543611 0.0336666 0.0648055 0.0540218 0.0516414 0.0847391 0.0304077 0.0705261 0.0625512 0.0522820 0.0562209 0.0796331 0.0716050 0.0581125 0.0734331 0.0803011 0.0289921 0.0321030 0.0557554 0.0543616 0.0318851 0.0721795 0.0515577 0.0508684 0.0535045 0.0600192 0.0604275 0.0649614 0.0639383 0.0511009 0.0468020 0.0665270 0.0834004 0.0666434 0.0589220 0.0559047 0.0497012 0.0665762 0.0590269 0.0691414 0.0724649 0.0493817 0.0719739 0.0521561 0.0523957 0.0625310 0.0593346 0.0679806 0.0649141 0.0545240 0.0526563 0.0578964 0.0645353 0.0806043 0.0562028 0.0809840 0.0559607 0.0496973 0.0290662 0.0672957 0.0525426 0.0450305 0.0793520 0.0605567 0.0505667 0.0533384 0.0505966 0.0382148 0.0607401 0.0584813 0.0781273 0.0507537 0.0553811 0.0537110 0.0495231 0.0634739 0.0752774 0.0720591 0.0554753 0.0413851 0.0545122 0.0637659 0.0606483 0.0499702 0.0529355 0.0499807 0.0665559 0.0531626 0.0795118 0.0670050 0.0601339 0.0519705 0.0690221 0.0859666 0.0389691 0.0323912 0.0485137 0.0524420 0.0567292 0.0554479 0.0512662 0.0557550 0.0636653 0.0635850 0.0670450 0.0747742 0.0568595 0.0662968 0.0292634 0.0325057 0.0548952 0.0994352 0.0528082 0.0575909 0.0528498 0.0379532 0.0435798 0.0795738 0.0511567 0.0523225 0.0511419 0.0554510 0.0819389 0.0522670 0.0474343 0.0482216 0.0424760 0.0354160 0.0434422 0.0523013 0.0512957 0.0627083 0.0571702 0.0472874 
I0201_999_Scolopacidae_Tringa_solitaria                   0.0360178 0.0479709 0.0484766 0.0473315 0.0559027 0.0485291 0.0384334 0.0443685 0.0640355 0.0634762 0.0378242 0.0573427 0.0517524 0.0521666 0.0571271 0.0000000 0.0286466 0.0553641 0.0342328 0.0558555 0.0592700 0.0355597 0.0304850 0.0328877 0.0449061 0.0289666 0.0613476 0.0634533 0.0656541 0.0387050 0.0546822 0.0546491 0.0517767 0.0523428 0.0419403 0.0639391 0.0574260 0.0640342 0.0558438 0.0717283 0.0575155 0.0540938 0.0882872 0.0726391 0.0816908 0.0604235 0.0681407 0.0472738 0.0568310 0.0428808 0.0585321 0.0536989 0.0354796 0.0512734 0.0539893 0.0571947 0.0430536 0.0414417 0.0372473 0.0558060 0.0509514 0.0391624 0.0368907 0.0746772 0.0518108 0.0610433 0.0488869 0.0361239 0.0409280 0.0658826 0.0627108 0.0417259 0.0595600 0.0653796 0.0582635 0.0544204 0.0392665 0.0394667 0.0535732 0.0615979 0.0385366 0.0364089 0.0276705 0.0481662 0.0472484 0.0529332 0.0514323 0.0341303 0.0308603 0.0528249 0.0716382 0.0328354 0.0471639 0.0416646 0.0321725 0.0558396 0.0449918 0.0590442 0.0616171 0.0316128 0.0633122 0.0376063 0.0341652 0.0473426 0.0467586 0.0547131 0.0483421 0.0410524 0.0298895 0.0411128 0.0523850 0.0708073 0.0396669 0.0690271 0.0380839 0.0321336 0.0595107 0.0510053 0.0370309 0.0569697 0.0641554 0.0490434 0.0342223 0.0399324 0.0330946 0.0577945 0.0464347 0.0483723 0.0617137 0.0351546 0.0298721 0.0414060 0.0317725 0.0477063 0.0651202 0.0589596 0.0384961 0.0610645 0.0291301 0.0304824 0.0432635 0.0319454 0.0355219 0.0320969 0.0498572 0.0266846 0.0597014 0.0539549 0.0440035 0.0349600 0.0559959 0.0695865 0.0518508 0.0549990 0.0309440 0.0365997 0.0383343 0.0390971 0.0378959 0.0368480 0.0504523 0.0500006 0.0504971 0.0645863 0.0123696 0.0492146 0.0610713 0.0551598 0.0127097 0.0861530 0.0357133 0.0435852 0.0373609 0.0582486 0.0552769 0.0676235 0.0333657 0.0377733 0.0330140 0.0391926 0.0661547 0.0382231 0.0610851 0.0629133 0.0551969 0.0534573 0.0547748 0.0649599 0.0636232 0.0291959 0.0452748 0.0576974 
I0202_1066_Cathartidae_Cathartes_burrovianus              0.0187191 0.0361491 0.0355252 0.0339220 0.0430318 0.0357201 0.0249127 0.0239680 0.0553351 0.0503161 0.0242702 0.0473197 0.0383872 0.0418441 0.0450189 0.0286466 0.0000000 0.0449744 0.0180053 0.0445974 0.0460956 0.0194438 0.0210895 0.0170510 0.0286100 0.0211952 0.0489448 0.0532095 0.0547688 0.0224446 0.0432235 0.0439916 0.0396107 0.0407209 0.0253728 0.0528173 0.0457022 0.0561602 0.0441896 0.0621224 0.0456865 0.0416708 0.0805766 0.0632506 0.0729225 0.0504176 0.0533281 0.0346735 0.0471260 0.0270297 0.0458461 0.0422176 0.0197240 0.0384440 0.0425722 0.0458494 0.0275873 0.0289582 0.0218046 0.0448387 0.0392297 0.0238020 0.0237086 0.0639694 0.0413874 0.0521226 0.0369875 0.0203116 0.0285537 0.0573208 0.0513637 0.0292612 0.0484814 0.0523111 0.0459805 0.0431867 0.0256780 0.0240140 0.0426946 0.0481718 0.0259704 0.0188475 0.0215301 0.0346068 0.0342092 0.0372877 0.0386395 0.0180574 0.0041888 0.0412626 0.0613324 0.0404879 0.0335444 0.0284828 0.0161012 0.0449881 0.0301169 0.0488375 0.0479651 0.0178131 0.0533623 0.0194662 0.0189905 0.0348751 0.0345166 0.0428106 0.0362504 0.0250439 0.0208427 0.0283584 0.0382233 0.0610423 0.0236476 0.0591019 0.0240115 0.0161023 0.0469202 0.0393404 0.0209605 0.0474681 0.0518396 0.0350356 0.0165000 0.0228122 0.0165924 0.0444097 0.0328080 0.0339946 0.0492649 0.0191025 0.0238553 0.0289468 0.0157191 0.0369464 0.0512517 0.0511057 0.0247094 0.0500612 0.0239820 0.0369642 0.0303700 0.0160062 0.0209959 0.0159467 0.0387749 0.0214941 0.0575961 0.0416162 0.0307652 0.0190186 0.0441702 0.0570060 0.0404493 0.0430474 0.0146143 0.0211941 0.0249901 0.0241474 0.0205638 0.0250595 0.0394198 0.0387023 0.0394347 0.0563456 0.0274730 0.0391838 0.0488611 0.0445804 0.0257345 0.0791636 0.0208839 0.0261213 0.0245153 0.0460655 0.0454660 0.0581473 0.0175953 0.0208510 0.0179556 0.0238637 0.0533533 0.0210662 0.0509657 0.0518831 0.0440563 0.0412420 0.0453476 0.0556895 0.0541331 0.0353192 0.0315377 0.0459182 
I0203_1087_Tyrannidae_Hymenops_perspicillatus             0.0509052 0.0609996 0.0591121 0.0624877 0.0364324 0.0609174 0.0536583 0.0587793 0.0768956 0.0734496 0.0536466 0.0421033 0.0620287 0.0626676 0.0331097 0.0553641 0.0449744 0.0000000 0.0505860 0.0104450 0.0361225 0.0502991 0.0526099 0.0494043 0.0595671 0.0527043 0.0730268 0.0473656 0.0488032 0.0536816 0.0193606 0.0184990 0.0663365 0.0665166 0.0558157 0.0489233 0.0345299 0.0759101 0.0177350 0.0842009 0.0184600 0.0166021 0.0969110 0.0844806 0.0908977 0.0457217 0.0778817 0.0583371 0.0667321 0.0576731 0.0355726 0.0186352 0.0525826 0.0646566 0.0173311 0.0328480 0.0574761 0.0584775 0.0538918 0.0087986 0.0638828 0.0544716 0.0516417 0.0865209 0.0165674 0.0709047 0.0647454 0.0521457 0.0567319 0.0796555 0.0721051 0.0572729 0.0717322 0.0803954 0.0350829 0.0176541 0.0554657 0.0547531 0.0175031 0.0720262 0.0502987 0.0517785 0.0530814 0.0612130 0.0607066 0.0639736 0.0632188 0.0507866 0.0468260 0.0659832 0.0842532 0.0651326 0.0602591 0.0554852 0.0492156 0.0673596 0.0575434 0.0702472 0.0712084 0.0492071 0.0720242 0.0524876 0.0518564 0.0617383 0.0589616 0.0681786 0.0637259 0.0539934 0.0530212 0.0570382 0.0661678 0.0816864 0.0562278 0.0815874 0.0547807 0.0494042 0.0339707 0.0666987 0.0535775 0.0424280 0.0798237 0.0621411 0.0513586 0.0549338 0.0500777 0.0378153 0.0607595 0.0589661 0.0784865 0.0506691 0.0549216 0.0544023 0.0491548 0.0626729 0.0729374 0.0718617 0.0554421 0.0398517 0.0543296 0.0626747 0.0596385 0.0488978 0.0530403 0.0493161 0.0651671 0.0529632 0.0789518 0.0658889 0.0586289 0.0519179 0.0671891 0.0856350 0.0374529 0.0182196 0.0487716 0.0525005 0.0566565 0.0553630 0.0523512 0.0551043 0.0631802 0.0620255 0.0657268 0.0758948 0.0548807 0.0642362 0.0368564 0.0094539 0.0534851 0.0970273 0.0538057 0.0569855 0.0541269 0.0376466 0.0413518 0.0802752 0.0503098 0.0529005 0.0512035 0.0546310 0.0822607 0.0531380 0.0450739 0.0465685 0.0401271 0.0344693 0.0413310 0.0495563 0.0489922 0.0608650 0.0571419 0.0472228 
I0204_1174_Threskiornithidae_Harpiprion_caerulescens      0.0256884 0.0434391 0.0406130 0.0403165 0.0501626 0.0413718 0.0311456 0.0375579 0.0599673 0.0565015 0.0301879 0.0531211 0.0442700 0.0484154 0.0511149 0.0342328 0.0180053 0.0505860 0.0000000 0.0504904 0.0530444 0.0265266 0.0266879 0.0211932 0.0382533 0.0272542 0.0556654 0.0590060 0.0610616 0.0290976 0.0494084 0.0496431 0.0458129 0.0462536 0.0359707 0.0590942 0.0520430 0.0599533 0.0505519 0.0669362 0.0524062 0.0479962 0.0834285 0.0643427 0.0767003 0.0559412 0.0607075 0.0403583 0.0516077 0.0335110 0.0526347 0.0482962 0.0223887 0.0440757 0.0482806 0.0523038 0.0369081 0.0345056 0.0238563 0.0508863 0.0440342 0.0304709 0.0296420 0.0689167 0.0472813 0.0569080 0.0421373 0.0226007 0.0344682 0.0622677 0.0569020 0.0350371 0.0540306 0.0573337 0.0523749 0.0494784 0.0307373 0.0303551 0.0487680 0.0554310 0.0321306 0.0261940 0.0284207 0.0417781 0.0411223 0.0446426 0.0447006 0.0204103 0.0206998 0.0467669 0.0660370 0.0456969 0.0406153 0.0340743 0.0200714 0.0501736 0.0367695 0.0546807 0.0544346 0.0233497 0.0584516 0.0271559 0.0221699 0.0403245 0.0411695 0.0479070 0.0428220 0.0321628 0.0271253 0.0340524 0.0449910 0.0651090 0.0266813 0.0629492 0.0311163 0.0200444 0.0527217 0.0433621 0.0246895 0.0532357 0.0561258 0.0423886 0.0204524 0.0307070 0.0212169 0.0518859 0.0393191 0.0414006 0.0542778 0.0213621 0.0305515 0.0360405 0.0199470 0.0412920 0.0582178 0.0548718 0.0305408 0.0562619 0.0297282 0.0428122 0.0356608 0.0200276 0.0259409 0.0198602 0.0425061 0.0277988 0.0631211 0.0480600 0.0367341 0.0224590 0.0503787 0.0615758 0.0470249 0.0489117 0.0191180 0.0242804 0.0294535 0.0257557 0.0279383 0.0304040 0.0443386 0.0436138 0.0436444 0.0602864 0.0336078 0.0431328 0.0557147 0.0500782 0.0314385 0.0830487 0.0262722 0.0361740 0.0303363 0.0521925 0.0515026 0.0627682 0.0230274 0.0281928 0.0210701 0.0295861 0.0580585 0.0282105 0.0573044 0.0578053 0.0506330 0.0470856 0.0512476 0.0613285 0.0595037 0.0410390 0.0386656 0.0509457 
I0205_1183_Tyrannidae_Hirundinea_ferruginea               0.0504054 0.0604148 0.0592095 0.0626404 0.0365408 0.0600694 0.0536210 0.0583693 0.0769157 0.0732098 0.0539119 0.0426712 0.0623214 0.0631298 0.0327828 0.0558555 0.0445974 0.0104450 0.0504904 0.0000000 0.0364055 0.0501120 0.0516550 0.0494564 0.0594483 0.0525510 0.0734732 0.0477722 0.0493729 0.0535503 0.0190155 0.0185829 0.0663975 0.0663032 0.0556736 0.0488380 0.0347336 0.0759359 0.0169176 0.0837573 0.0180418 0.0162830 0.0980440 0.0847856 0.0913590 0.0460062 0.0777073 0.0584565 0.0659435 0.0576574 0.0350832 0.0184738 0.0524073 0.0640265 0.0172702 0.0334582 0.0571261 0.0580780 0.0538561 0.0109687 0.0636656 0.0547512 0.0513365 0.0859933 0.0167059 0.0709582 0.0652622 0.0518024 0.0564329 0.0797050 0.0729258 0.0572744 0.0710911 0.0796429 0.0349279 0.0171730 0.0548340 0.0546237 0.0174232 0.0720836 0.0510171 0.0514532 0.0529948 0.0608325 0.0602253 0.0645146 0.0638291 0.0504854 0.0467501 0.0660892 0.0837028 0.0661395 0.0596564 0.0560919 0.0492108 0.0675691 0.0573096 0.0703662 0.0713297 0.0490310 0.0726080 0.0517517 0.0514801 0.0612523 0.0589445 0.0686345 0.0632564 0.0532456 0.0524887 0.0572821 0.0655195 0.0811897 0.0557099 0.0816296 0.0551623 0.0493192 0.0346667 0.0665026 0.0530938 0.0437291 0.0792022 0.0613971 0.0509970 0.0549249 0.0497688 0.0381512 0.0605529 0.0584742 0.0781457 0.0504820 0.0547060 0.0546778 0.0488776 0.0621958 0.0732585 0.0713888 0.0548378 0.0406932 0.0550389 0.0636179 0.0593446 0.0488583 0.0523347 0.0492414 0.0652182 0.0529363 0.0801372 0.0662267 0.0582891 0.0517075 0.0676030 0.0853571 0.0374412 0.0179979 0.0487804 0.0524752 0.0562641 0.0552556 0.0523784 0.0548748 0.0628897 0.0626728 0.0654653 0.0754270 0.0551971 0.0646611 0.0360651 0.0105006 0.0540387 0.0972237 0.0532675 0.0562648 0.0534248 0.0380050 0.0420946 0.0800844 0.0500285 0.0526280 0.0505357 0.0541506 0.0828607 0.0527615 0.0462981 0.0466111 0.0401866 0.0343696 0.0419443 0.0502205 0.0491866 0.0615289 0.0570742 0.0467736 
