35
Burramyidae_Burramys_parvus                  0.0000000 0.0579938 0.0395870 0.0445195 0.0462170 0.0607129 0.0344949 0.0323829 0.0427757 0.0684320 0.0349235 0.0617677 0.0696603 0.0349372 0.0405566 0.0604840 0.0611609 0.0568909 0.0715192 0.0412021 0.0472785 0.0769276 0.0753822 0.0596204 0.0455418 0.0594856 0.0413659 0.0400717 0.0474225 0.0559671 0.0383946 0.0343035 0.0691186 0.0590260 0.0689801 
Notoryctidae_Notoryctes_typhlops             0.0579938 0.0000000 0.0577446 0.0605180 0.0611160 0.0717247 0.0569613 0.0546490 0.0608097 0.0752314 0.0554602 0.0709079 0.0740948 0.0566976 0.0604592 0.0702075 0.0726916 0.0647001 0.0768658 0.0591519 0.0648326 0.0881870 0.0828999 0.0692082 0.0621944 0.0658985 0.0602563 0.0576764 0.0701485 0.0741652 0.0588103 0.0565618 0.0750731 0.0702707 0.0763271 
Vombatidae_Lasiorhinus_latifrons             0.0395870 0.0577446 0.0000000 0.0443985 0.0472307 0.0601470 0.0368724 0.0353169 0.0436400 0.0676225 0.0381902 0.0596055 0.0672018 0.0379381 0.0416322 0.0577162 0.0602920 0.0569083 0.0681110 0.0394081 0.0460306 0.0773573 0.0727524 0.0567910 0.0448133 0.0562746 0.0402939 0.0388004 0.0499319 0.0544279 0.0403096 0.0367965 0.0662829 0.0588645 0.0679317 
Potoroidae_Bettongia_penicillata             0.0445195 0.0605180 0.0443985 0.0000000 0.0041931 0.0653894 0.0423802 0.0408540 0.0090491 0.0749228 0.0426817 0.0638513 0.0734489 0.0422456 0.0466332 0.0623768 0.0649501 0.0626262 0.0743395 0.0156055 0.0507326 0.0847768 0.0807416 0.0620878 0.0309070 0.0641055 0.0461965 0.0146183 0.0570349 0.0612096 0.0445766 0.0418697 0.0725335 0.0647988 0.0752365 
Potoroidae_Bettongia_lesueur                 0.0462170 0.0611160 0.0472307 0.0041931 0.0000000 0.0674359 0.0441507 0.0426170 0.0108213 0.0765721 0.0442735 0.0655132 0.0757867 0.0439101 0.0493493 0.0643438 0.0675915 0.0621360 0.0758303 0.0176087 0.0529109 0.0849838 0.0828423 0.0638114 0.0332562 0.0655545 0.0471677 0.0167076 0.0578832 0.0630070 0.0474029 0.0436490 0.0741930 0.0670205 0.0769089 
Dasyuridae_Dasyurus_maculatus                0.0607129 0.0717247 0.0601470 0.0653894 0.0674359 0.0000000 0.0573191 0.0545722 0.0643536 0.0793981 0.0567533 0.0128886 0.0209564 0.0583626 0.0654182 0.0115264 0.0042662 0.0174638 0.0802002 0.0599552 0.0683443 0.0919749 0.0854092 0.0110131 0.0645778 0.0709759 0.0633270 0.0593933 0.0709002 0.0806265 0.0618016 0.0576424 0.0792460 0.0033202 0.0798784 
Phalangeridae_Trichosurus_vulpecula          0.0344949 0.0569613 0.0368724 0.0423802 0.0441507 0.0573191 0.0000000 0.0112638 0.0407190 0.0648144 0.0130695 0.0574077 0.0654829 0.0121113 0.0386616 0.0555579 0.0579118 0.0541547 0.0669098 0.0378931 0.0449918 0.0744640 0.0716374 0.0553116 0.0426026 0.0555694 0.0385833 0.0370217 0.0473639 0.0542991 0.0354897 0.0119095 0.0649366 0.0573719 0.0651256 
Phalangeridae_Spilocuscus_maculatus          0.0323829 0.0546490 0.0353169 0.0408540 0.0426170 0.0545722 0.0112638 0.0000000 0.0391976 0.0629328 0.0080364 0.0540562 0.0628375 0.0064254 0.0357839 0.0522567 0.0554480 0.0521943 0.0637528 0.0365350 0.0437051 0.0727280 0.0699919 0.0518816 0.0409058 0.0536013 0.0373689 0.0354267 0.0459053 0.0543345 0.0324439 0.0057380 0.0633279 0.0543110 0.0632331 
Potoroidae_Aepyprymnus_rufescens             0.0427757 0.0608097 0.0436400 0.0090491 0.0108213 0.0643536 0.0407190 0.0391976 0.0000000 0.0742571 0.0413840 0.0634872 0.0725452 0.0411015 0.0452786 0.0621400 0.0640647 0.0607425 0.0732754 0.0142780 0.0490735 0.0837803 0.0803449 0.0621715 0.0300779 0.0634612 0.0447329 0.0136158 0.0553586 0.0587688 0.0430652 0.0404560 0.0721570 0.0640776 0.0743371 
Peramelidae_Perameles_nasuta                 0.0684320 0.0752314 0.0676225 0.0749228 0.0765721 0.0793981 0.0648144 0.0629328 0.0742571 0.0000000 0.0642402 0.0825452 0.0865765 0.0657227 0.0698702 0.0799872 0.0809931 0.0740715 0.0129222 0.0683975 0.0788872 0.0940213 0.0939086 0.0784119 0.0746828 0.0749528 0.0739672 0.0678810 0.0819560 0.0879528 0.0706718 0.0652599 0.0112913 0.0804314 0.0005606 
Phalangeridae_Strigocuscus_pelengensis       0.0349235 0.0554602 0.0381902 0.0426817 0.0442735 0.0567533 0.0130695 0.0080364 0.0413840 0.0642402 0.0000000 0.0565440 0.0643947 0.0071407 0.0390496 0.0549663 0.0576828 0.0552645 0.0662603 0.0391752 0.0456779 0.0754304 0.0727424 0.0542632 0.0438829 0.0565184 0.0395375 0.0378425 0.0465802 0.0540429 0.0359486 0.0064392 0.0647069 0.0565927 0.0648237 
Dasyuridae_Phascogale_tapoatafa              0.0617677 0.0709079 0.0596055 0.0638513 0.0655132 0.0128886 0.0574077 0.0540562 0.0634872 0.0825452 0.0565440 0.0000000 0.0216579 0.0584582 0.0633565 0.0025390 0.0127839 0.0163406 0.0812067 0.0585613 0.0671917 0.0891321 0.0856125 0.0060153 0.0634958 0.0679567 0.0618802 0.0584248 0.0687484 0.0788252 0.0602831 0.0577290 0.0807091 0.0127487 0.0827012 
Dasyuridae_Sminthopsis_macroura              0.0696603 0.0740948 0.0672018 0.0734489 0.0757867 0.0209564 0.0654829 0.0628375 0.0725452 0.0865765 0.0643947 0.0216579 0.0000000 0.0667361 0.0719283 0.0207345 0.0206118 0.0148592 0.0874153 0.0681114 0.0754338 0.0976669 0.0903148 0.0201649 0.0659648 0.0710194 0.0733033 0.0673130 0.0767764 0.0872716 0.0697855 0.0654978 0.0878047 0.0208260 0.0870989 
Phalangeridae_Phalanger_orientalis           0.0349372 0.0566976 0.0379381 0.0422456 0.0439101 0.0583626 0.0121113 0.0064254 0.0411015 0.0657227 0.0071407 0.0584582 0.0667361 0.0000000 0.0383517 0.0565934 0.0592716 0.0549342 0.0662279 0.0379982 0.0459560 0.0762932 0.0722857 0.0560693 0.0436232 0.0569314 0.0397693 0.0368726 0.0484788 0.0537221 0.0354599 0.0017866 0.0656544 0.0579658 0.0657092 
Acrobatidae_Acrobates_pygmaeus               0.0405566 0.0604592 0.0416322 0.0466332 0.0493493 0.0654182 0.0386616 0.0357839 0.0452786 0.0698702 0.0390496 0.0633565 0.0719283 0.0383517 0.0000000 0.0616033 0.0657984 0.0619278 0.0718096 0.0410156 0.0424762 0.0837656 0.0769511 0.0613543 0.0463638 0.0608953 0.0379804 0.0405319 0.0463193 0.0524279 0.0215691 0.0372147 0.0699718 0.0639564 0.0700339 
Dasyuridae_Phascogale_calura                 0.0604840 0.0702075 0.0577162 0.0623768 0.0643438 0.0115264 0.0555579 0.0522567 0.0621400 0.0799872 0.0549663 0.0025390 0.0207345 0.0565934 0.0616033 0.0000000 0.0116263 0.0157481 0.0788972 0.0571071 0.0655323 0.0879159 0.0842382 0.0043542 0.0618690 0.0670140 0.0600990 0.0567117 0.0679690 0.0772840 0.0588626 0.0558741 0.0785405 0.0114848 0.0801413 
Dasyuridae_Sarcophilus_harrisii              0.0611609 0.0726916 0.0602920 0.0649501 0.0675915 0.0042662 0.0579118 0.0554480 0.0640647 0.0809931 0.0576828 0.0127839 0.0206118 0.0592716 0.0657984 0.0116263 0.0000000 0.0171119 0.0811564 0.0599856 0.0690514 0.0930496 0.0867203 0.0109072 0.0652337 0.0704932 0.0640254 0.0595757 0.0717852 0.0799482 0.0621760 0.0585391 0.0802084 0.0049682 0.0814976 
Dasyuridae_Planigale_tenuirostris            0.0568909 0.0647001 0.0569083 0.0626262 0.0621360 0.0174638 0.0541547 0.0521943 0.0607425 0.0740715 0.0552645 0.0163406 0.0148592 0.0549342 0.0619278 0.0157481 0.0171119 0.0000000 0.0745242 0.0572082 0.0653742 0.0815176 0.0770757 0.0147310 0.0581669 0.0636800 0.0627503 0.0568316 0.0620552 0.0764129 0.0593074 0.0540143 0.0736469 0.0173337 0.0749380 
Peramelidae_Echymipera_kalubu                0.0715192 0.0768658 0.0681110 0.0743395 0.0758303 0.0802002 0.0669098 0.0637528 0.0732754 0.0129222 0.0662603 0.0812067 0.0874153 0.0662279 0.0718096 0.0788972 0.0811564 0.0745242 0.0000000 0.0693530 0.0795111 0.0964528 0.0954272 0.0779711 0.0760116 0.0751675 0.0733150 0.0683896 0.0803075 0.0848266 0.0714639 0.0657721 0.0109919 0.0802283 0.0128184 
Macropodidae_Dorcopsulus_vanheurni           0.0412021 0.0591519 0.0394081 0.0156055 0.0176087 0.0599552 0.0378931 0.0365350 0.0142780 0.0683975 0.0391752 0.0585613 0.0681114 0.0379982 0.0410156 0.0571071 0.0599856 0.0572082 0.0693530 0.0000000 0.0471674 0.0795557 0.0743546 0.0575698 0.0252753 0.0588689 0.0411108 0.0045688 0.0514584 0.0540865 0.0390177 0.0376315 0.0683090 0.0594026 0.0689869 
Pseudochiridae_Pseudochirulus_forbesi        0.0472785 0.0648326 0.0460306 0.0507326 0.0529109 0.0683443 0.0449918 0.0437051 0.0490735 0.0788872 0.0456779 0.0671917 0.0754338 0.0459560 0.0424762 0.0655323 0.0690514 0.0653742 0.0795111 0.0471674 0.0000000 0.0847924 0.0814289 0.0647137 0.0538742 0.0683548 0.0219078 0.0462553 0.0186591 0.0513245 0.0404679 0.0455417 0.0770629 0.0672218 0.0788808 
Didelphidae_Didelphis_virginiana             0.0769276 0.0881870 0.0773573 0.0847768 0.0849838 0.0919749 0.0744640 0.0727280 0.0837803 0.0940213 0.0754304 0.0891321 0.0976669 0.0762932 0.0837656 0.0879159 0.0930496 0.0815176 0.0964528 0.0795557 0.0847924 0.0000000 0.0305776 0.0888231 0.0846147 0.0831685 0.0808951 0.0783577 0.0885129 0.0945602 0.0793040 0.0756234 0.0931451 0.0919304 0.0953329 
Marmosidae_Monodelphis_domestica             0.0753822 0.0828999 0.0727524 0.0807416 0.0828423 0.0854092 0.0716374 0.0699919 0.0803449 0.0939086 0.0727424 0.0856125 0.0903148 0.0722857 0.0769511 0.0842382 0.0867203 0.0770757 0.0954272 0.0743546 0.0814289 0.0305776 0.0000000 0.0835356 0.0815962 0.0814248 0.0767490 0.0733292 0.0804643 0.0885189 0.0733475 0.0718051 0.0947851 0.0859018 0.0940340 
Dasyuridae_Antechinus_stuartii               0.0596204 0.0692082 0.0567910 0.0620878 0.0638114 0.0110131 0.0553116 0.0518816 0.0621715 0.0784119 0.0542632 0.0060153 0.0201649 0.0560693 0.0613543 0.0043542 0.0109072 0.0147310 0.0779711 0.0575698 0.0647137 0.0888231 0.0835356 0.0000000 0.0623285 0.0665987 0.0589730 0.0568959 0.0669041 0.0773544 0.0586461 0.0553598 0.0774312 0.0107628 0.0785652 
Hypsiprymnodontidae_Hypsiprymnodon_moschatus 0.0455418 0.0621944 0.0448133 0.0309070 0.0332562 0.0645778 0.0426026 0.0409058 0.0300779 0.0746828 0.0438829 0.0634958 0.0659648 0.0436232 0.0463638 0.0618690 0.0652337 0.0581669 0.0760116 0.0252753 0.0538742 0.0846147 0.0815962 0.0623285 0.0000000 0.0622098 0.0481612 0.0240522 0.0578028 0.0631560 0.0455401 0.0428310 0.0744172 0.0647415 0.0750147 
Microbiotheriidae_Dromiciops_gliroides       0.0594856 0.0658985 0.0562746 0.0641055 0.0655545 0.0709759 0.0555694 0.0536013 0.0634612 0.0749528 0.0565184 0.0679567 0.0710194 0.0569314 0.0608953 0.0670140 0.0704932 0.0636800 0.0751675 0.0588689 0.0683548 0.0831685 0.0814248 0.0665987 0.0622098 0.0000000 0.0615911 0.0583184 0.0677494 0.0766033 0.0579463 0.0563687 0.0741135 0.0699494 0.0752386 
Pseudochiridae_Petauroides_volans            0.0413659 0.0602563 0.0402939 0.0461965 0.0471677 0.0633270 0.0385833 0.0373689 0.0447329 0.0739672 0.0395375 0.0618802 0.0733033 0.0397693 0.0379804 0.0600990 0.0640254 0.0627503 0.0733150 0.0411108 0.0219078 0.0808951 0.0767490 0.0589730 0.0481612 0.0615911 0.0000000 0.0402506 0.0250194 0.0465125 0.0360420 0.0391321 0.0717326 0.0623368 0.0738331 
Macropodidae_Wallabia_bicolor                0.0400717 0.0576764 0.0388004 0.0146183 0.0167076 0.0593933 0.0370217 0.0354267 0.0136158 0.0678810 0.0378425 0.0584248 0.0673130 0.0368726 0.0405319 0.0567117 0.0595757 0.0568316 0.0683896 0.0045688 0.0462553 0.0783577 0.0733292 0.0568959 0.0240522 0.0583184 0.0402506 0.0000000 0.0504770 0.0531900 0.0380665 0.0365049 0.0669616 0.0590441 0.0681829 
Pseudochiridae_Pseudocheirus_occidentalis    0.0474225 0.0701485 0.0499319 0.0570349 0.0578832 0.0709002 0.0473639 0.0459053 0.0553586 0.0819560 0.0465802 0.0687484 0.0767764 0.0484788 0.0463193 0.0679690 0.0717852 0.0620552 0.0803075 0.0514584 0.0186591 0.0885129 0.0804643 0.0669041 0.0578028 0.0677494 0.0250194 0.0504770 0.0000000 0.0529654 0.0436059 0.0477945 0.0799396 0.0699243 0.0813569 
Tarsipedidae_Tarsipes_rostratus              0.0559671 0.0741652 0.0544279 0.0612096 0.0630070 0.0806265 0.0542991 0.0543345 0.0587688 0.0879528 0.0540429 0.0788252 0.0872716 0.0537221 0.0524279 0.0772840 0.0799482 0.0764129 0.0848266 0.0540865 0.0513245 0.0945602 0.0885189 0.0773544 0.0631560 0.0766033 0.0465125 0.0531900 0.0529654 0.0000000 0.0521268 0.0530275 0.0847216 0.0784339 0.0875919 
Acrobatidae_Distoechurus_pennatus            0.0383946 0.0588103 0.0403096 0.0445766 0.0474029 0.0618016 0.0354897 0.0324439 0.0430652 0.0706718 0.0359486 0.0602831 0.0697855 0.0354599 0.0215691 0.0588626 0.0621760 0.0593074 0.0714639 0.0390177 0.0404679 0.0793040 0.0733475 0.0586461 0.0455401 0.0579463 0.0360420 0.0380665 0.0436059 0.0521268 0.0000000 0.0345882 0.0702733 0.0598031 0.0708195 
Phalangeridae_Phalanger_carmelitae           0.0343035 0.0565618 0.0367965 0.0418697 0.0436490 0.0576424 0.0119095 0.0057380 0.0404560 0.0652599 0.0064392 0.0577290 0.0654978 0.0017866 0.0372147 0.0558741 0.0585391 0.0540143 0.0657721 0.0376315 0.0455417 0.0756234 0.0718051 0.0553598 0.0428310 0.0563687 0.0391321 0.0365049 0.0477945 0.0530275 0.0345882 0.0000000 0.0652079 0.0572438 0.0652556 
Peramelidae_Peroryctes_raffrayana            0.0691186 0.0750731 0.0662829 0.0725335 0.0741930 0.0792460 0.0649366 0.0633279 0.0721570 0.0112913 0.0647069 0.0807091 0.0878047 0.0656544 0.0699718 0.0785405 0.0802084 0.0736469 0.0109919 0.0683090 0.0770629 0.0931451 0.0947851 0.0774312 0.0744172 0.0741135 0.0717326 0.0669616 0.0799396 0.0847216 0.0702733 0.0652079 0.0000000 0.0796174 0.0111916 
Dasyuridae_Dasyurus_geffroii                 0.0590260 0.0702707 0.0588645 0.0647988 0.0670205 0.0033202 0.0573719 0.0543110 0.0640776 0.0804314 0.0565927 0.0127487 0.0208260 0.0579658 0.0639564 0.0114848 0.0049682 0.0173337 0.0802283 0.0594026 0.0672218 0.0919304 0.0859018 0.0107628 0.0647415 0.0699494 0.0623368 0.0590441 0.0699243 0.0784339 0.0598031 0.0572438 0.0796174 0.0000000 0.0809168 
Peramelidae_Perameles_gunnii                 0.0689801 0.0763271 0.0679317 0.0752365 0.0769089 0.0798784 0.0651256 0.0632331 0.0743371 0.0005606 0.0648237 0.0827012 0.0870989 0.0657092 0.0700339 0.0801413 0.0814976 0.0749380 0.0128184 0.0689869 0.0788808 0.0953329 0.0940340 0.0785652 0.0750147 0.0752386 0.0738331 0.0681829 0.0813569 0.0875919 0.0708195 0.0652556 0.0111916 0.0809168 0.0000000 
