35
Burramyidae_Burramys_parvus                  0.0000000 0.0812029 0.0632771 0.0815907 0.0649478 0.0875712 0.0545813 0.0417817 0.0735136 0.0743864 0.0537199 0.0846033 0.0846482 0.0445182 0.0451464 0.0830561 0.0898355 0.0801853 0.0755437 0.0704297 0.0501785 0.0923276 0.0845323 0.0884382 0.0586233 0.0857037 0.0438912 0.0714307 0.0503870 0.0796195 0.0500498 0.0398569 0.0856822 0.0907667 0.0717306 
Notoryctidae_Notoryctes_typhlops             0.0812029 0.0000000 0.0999675 0.1293786 0.1112090 0.1196061 0.0993955 0.0844819 0.1227000 0.1003109 0.0998689 0.1148783 0.1158867 0.0857778 0.0949435 0.1142502 0.1220864 0.1102075 0.1025542 0.1150985 0.0953622 0.1212394 0.1187670 0.1181647 0.1032628 0.1108968 0.0862663 0.1141934 0.0945716 0.1290219 0.0991666 0.0818064 0.1142508 0.1213835 0.0983551 
Vombatidae_Lasiorhinus_latifrons             0.0632771 0.0999675 0.0000000 0.0978541 0.0965258 0.1104866 0.0623539 0.0592120 0.0999899 0.0865723 0.0615918 0.1087168 0.1111258 0.0613372 0.0680908 0.1085896 0.1127881 0.1089015 0.0869593 0.0849417 0.0770967 0.1178163 0.1139201 0.1096789 0.0868677 0.0964479 0.0618465 0.0828389 0.0704617 0.1161755 0.0755867 0.0591758 0.0981990 0.1121506 0.0849086 
Potoroidae_Bettongia_penicillata             0.0815907 0.1293786 0.0978541 0.0000000 0.0131544 0.1282617 0.0925364 0.0794468 0.0154519 0.1053377 0.0909251 0.1184144 0.1232355 0.0831226 0.0860796 0.1195041 0.1307328 0.1179148 0.1083249 0.0339324 0.0969254 0.1272964 0.1224932 0.1192294 0.0597858 0.1296581 0.0844648 0.0296426 0.0921080 0.1228908 0.0923828 0.0795824 0.1178820 0.1309458 0.1039463 
Potoroidae_Bettongia_lesueur                 0.0649478 0.1112090 0.0965258 0.0131544 0.0000000 0.1080970 0.0784402 0.0604565 0.0165479 0.0902326 0.0775550 0.1021793 0.1034481 0.0627636 0.0671736 0.1032575 0.1103686 0.0944257 0.0913804 0.0355981 0.0778208 0.1110516 0.1040723 0.1037305 0.0433492 0.1137709 0.0679697 0.0327064 0.0736186 0.1026749 0.0714776 0.0620424 0.1006381 0.1110262 0.0889923 
Dasyuridae_Dasyurus_maculatus                0.0875712 0.1196061 0.1104866 0.1282617 0.1080970 0.0000000 0.1059579 0.0838818 0.1236265 0.1052712 0.1061617 0.0147698 0.0210030 0.0901476 0.0937563 0.0160258 0.0030794 0.0217024 0.1082990 0.1153338 0.0989161 0.1175936 0.1146487 0.0170974 0.1047308 0.1162614 0.0911806 0.1157614 0.0959197 0.1224816 0.0953302 0.0887640 0.1129136 0.0030843 0.1027838 
Phalangeridae_Trichosurus_vulpecula          0.0545813 0.0993955 0.0623539 0.0925364 0.0784402 0.1059579 0.0000000 0.0271502 0.0859153 0.0904842 0.0288465 0.1006244 0.0990084 0.0318087 0.0636660 0.1011029 0.1094193 0.0955641 0.0934837 0.0883798 0.0676147 0.1107579 0.1100183 0.1030641 0.0789173 0.0987489 0.0595438 0.0854190 0.0639707 0.0960725 0.0686140 0.0270461 0.0998604 0.1089063 0.0892090 
Phalangeridae_Spilocuscus_maculatus          0.0417817 0.0844819 0.0592120 0.0794468 0.0604565 0.0838818 0.0271502 0.0000000 0.0755010 0.0741750 0.0220862 0.0804185 0.0778700 0.0062951 0.0478057 0.0804194 0.0865750 0.0739561 0.0765540 0.0690312 0.0517282 0.0943154 0.0890114 0.0852923 0.0601417 0.0828119 0.0452109 0.0675908 0.0494003 0.0779066 0.0531658 0.0054238 0.0813370 0.0870768 0.0726218 
Potoroidae_Aepyprymnus_rufescens             0.0735136 0.1227000 0.0999899 0.0154519 0.0165479 0.1236265 0.0859153 0.0755010 0.0000000 0.0985703 0.0826338 0.1141657 0.1186691 0.0796613 0.0772857 0.1149522 0.1240916 0.1126528 0.1032871 0.0298172 0.0908737 0.1225367 0.1148254 0.1157720 0.0550243 0.1216543 0.0784543 0.0257741 0.0882331 0.1178823 0.0837065 0.0766548 0.1126515 0.1249538 0.0983425 
Peramelidae_Perameles_nasuta                 0.0743864 0.1003109 0.0865723 0.1053377 0.0902326 0.1052712 0.0904842 0.0741750 0.0985703 0.0000000 0.0911674 0.1011566 0.1015058 0.0773846 0.0785920 0.0991080 0.1069219 0.0941781 0.0069581 0.0925627 0.0836551 0.1074968 0.1028824 0.1057003 0.0821929 0.1046040 0.0717792 0.0921941 0.0824743 0.1044507 0.0845181 0.0757687 0.0131998 0.1062266 0.0007794 
Phalangeridae_Strigocuscus_pelengensis       0.0537199 0.0998689 0.0615918 0.0909251 0.0775550 0.1061617 0.0288465 0.0220862 0.0826338 0.0911674 0.0000000 0.1001144 0.1002317 0.0269160 0.0637677 0.0990738 0.1102014 0.0932278 0.0937604 0.0813411 0.0693811 0.1134392 0.1034221 0.1051383 0.0741598 0.0964841 0.0585844 0.0806817 0.0638696 0.0970657 0.0678693 0.0215526 0.1049688 0.1091515 0.0900287 
Dasyuridae_Phascogale_tapoatafa              0.0846033 0.1148783 0.1087168 0.1184144 0.1021793 0.0147698 0.1006244 0.0804185 0.1141657 0.1011566 0.1001144 0.0000000 0.0190825 0.0860552 0.0902261 0.0017795 0.0160590 0.0188043 0.1030951 0.1099126 0.0958829 0.1160306 0.1096272 0.0043054 0.0982028 0.1096172 0.0881835 0.1098285 0.0939422 0.1224635 0.0936380 0.0826126 0.1104494 0.0183470 0.0987196 
Dasyuridae_Sminthopsis_macroura              0.0846482 0.1158867 0.1111258 0.1232355 0.1034481 0.0210030 0.0990084 0.0778700 0.1186691 0.1015058 0.1002317 0.0190825 0.0000000 0.0819194 0.0889478 0.0195839 0.0227993 0.0121421 0.1044243 0.1113558 0.0959486 0.1110924 0.1073581 0.0238897 0.0983901 0.1143035 0.0886967 0.1101291 0.0935161 0.1212540 0.0928601 0.0821174 0.1097827 0.0233926 0.0990319 
Phalangeridae_Phalanger_orientalis           0.0445182 0.0857778 0.0613372 0.0831226 0.0627636 0.0901476 0.0318087 0.0062951 0.0796613 0.0773846 0.0269160 0.0860552 0.0819194 0.0000000 0.0487451 0.0855405 0.0939574 0.0787017 0.0787231 0.0704671 0.0527626 0.0971488 0.0914129 0.0909837 0.0597704 0.0879168 0.0457310 0.0709998 0.0499168 0.0822186 0.0540457 0.0027653 0.0839725 0.0934247 0.0748170 
Acrobatidae_Acrobates_pygmaeus               0.0451464 0.0949435 0.0680908 0.0860796 0.0671736 0.0937563 0.0636660 0.0478057 0.0772857 0.0785920 0.0637677 0.0902261 0.0889478 0.0487451 0.0000000 0.0905910 0.0971323 0.0811834 0.0817917 0.0735180 0.0520819 0.0923671 0.0919550 0.0951812 0.0657053 0.0951973 0.0422149 0.0736227 0.0490700 0.0825289 0.0239297 0.0480117 0.0876199 0.0964961 0.0778829 
Dasyuridae_Phascogale_calura                 0.0830561 0.1142502 0.1085896 0.1195041 0.1032575 0.0160258 0.1011029 0.0804194 0.1149522 0.0991080 0.0990738 0.0017795 0.0195839 0.0855405 0.0905910 0.0000000 0.0169056 0.0192630 0.1014395 0.1109534 0.0954171 0.1158704 0.1068715 0.0048729 0.0981872 0.1091228 0.0872553 0.1108650 0.0930136 0.1217880 0.0926402 0.0826115 0.1087173 0.0174162 0.0966878 
Dasyuridae_Sarcophilus_harrisii              0.0898355 0.1220864 0.1127881 0.1307328 0.1103686 0.0030794 0.1094193 0.0865750 0.1240916 0.1069219 0.1102014 0.0160590 0.0227993 0.0939574 0.0971323 0.0169056 0.0000000 0.0221742 0.1088906 0.1177775 0.1029504 0.1210527 0.1169498 0.0179964 0.1063585 0.1198851 0.0944723 0.1187515 0.1009799 0.1261026 0.0995134 0.0925556 0.1146949 0.0037403 0.1044224 
Dasyuridae_Planigale_tenuirostris            0.0801853 0.1102075 0.1089015 0.1179148 0.0944257 0.0217024 0.0955641 0.0739561 0.1126528 0.0941781 0.0932278 0.0188043 0.0121421 0.0787017 0.0811834 0.0192630 0.0221742 0.0000000 0.0955116 0.1045043 0.0903899 0.1145783 0.1062945 0.0217161 0.0920597 0.1111018 0.0828775 0.1046833 0.0874170 0.1147155 0.0884461 0.0780148 0.1066414 0.0222975 0.0923992 
Peramelidae_Echymipera_kalubu                0.0755437 0.1025542 0.0869593 0.1083249 0.0913804 0.1082990 0.0934837 0.0765540 0.1032871 0.0069581 0.0937604 0.1030951 0.1044243 0.0787231 0.0817917 0.1014395 0.1088906 0.0955116 0.0000000 0.0986040 0.0838810 0.1107740 0.1060076 0.1070616 0.0863136 0.1094316 0.0720312 0.0976843 0.0821687 0.1055133 0.0868673 0.0781216 0.0094420 0.1092688 0.0071978 
Macropodidae_Dorcopsulus_vanheurni           0.0704297 0.1150985 0.0849417 0.0339324 0.0355981 0.1153338 0.0883798 0.0690312 0.0298172 0.0925627 0.0813411 0.1099126 0.1113558 0.0704671 0.0735180 0.1109534 0.1177775 0.1045043 0.0986040 0.0000000 0.0815284 0.1176456 0.1075347 0.1106944 0.0478429 0.1129484 0.0703914 0.0056846 0.0796666 0.1149339 0.0775652 0.0687100 0.1072452 0.1178629 0.0912921 
Pseudochiridae_Pseudochirulus_forbesi        0.0501785 0.0953622 0.0770967 0.0969254 0.0778208 0.0989161 0.0676147 0.0517282 0.0908737 0.0836551 0.0693811 0.0958829 0.0959486 0.0527626 0.0520819 0.0954171 0.1029504 0.0903899 0.0838810 0.0815284 0.0000000 0.1030238 0.0972619 0.0989037 0.0714508 0.0997944 0.0228443 0.0806809 0.0101361 0.0799998 0.0554366 0.0511582 0.0922817 0.1027689 0.0819227 
Didelphidae_Didelphis_virginiana             0.0923276 0.1212394 0.1178163 0.1272964 0.1110516 0.1175936 0.1107579 0.0943154 0.1225367 0.1074968 0.1134392 0.1160306 0.1110924 0.0971488 0.0923671 0.1158704 0.1210527 0.1145783 0.1107740 0.1176456 0.1030238 0.0000000 0.0282961 0.1210607 0.1021458 0.1173316 0.0916473 0.1159230 0.1016554 0.1308442 0.0940719 0.0959357 0.1178008 0.1198652 0.1071777 
Marmosidae_Monodelphis_domestica             0.0845323 0.1187670 0.1139201 0.1224932 0.1040723 0.1146487 0.1100183 0.0890114 0.1148254 0.1028824 0.1034221 0.1096272 0.1073581 0.0914129 0.0919550 0.1068715 0.1169498 0.1062945 0.1060076 0.1075347 0.0972619 0.0282961 0.0000000 0.1134208 0.0981790 0.1139048 0.0899175 0.1055204 0.0959191 0.1294567 0.0899410 0.0901241 0.1122312 0.1153013 0.1010132 
Dasyuridae_Antechinus_stuartii               0.0884382 0.1181647 0.1096789 0.1192294 0.1037305 0.0170974 0.1030641 0.0852923 0.1157720 0.1057003 0.1051383 0.0043054 0.0238897 0.0909837 0.0951812 0.0048729 0.0179964 0.0217161 0.1070616 0.1106944 0.0989037 0.1210607 0.1134208 0.0000000 0.1003815 0.1149187 0.0903885 0.1120477 0.0970094 0.1267749 0.0975452 0.0875116 0.1144120 0.0208062 0.1037209 
Hypsiprymnodontidae_Hypsiprymnodon_moschatus 0.0586233 0.1032628 0.0868677 0.0597858 0.0433492 0.1047308 0.0789173 0.0601417 0.0550243 0.0821929 0.0741598 0.0982028 0.0983901 0.0597704 0.0657053 0.0981872 0.1063585 0.0920597 0.0863136 0.0478429 0.0714508 0.1021458 0.0981790 0.1003815 0.0000000 0.1054735 0.0600037 0.0494683 0.0697517 0.1008046 0.0691644 0.0607875 0.0925381 0.1063945 0.0804596 
Microbiotheriidae_Dromiciops_gliroides       0.0857037 0.1108968 0.0964479 0.1296581 0.1137709 0.1162614 0.0987489 0.0828119 0.1216543 0.1046040 0.0964841 0.1096172 0.1143035 0.0879168 0.0951973 0.1091228 0.1198851 0.1111018 0.1094316 0.1129484 0.0997944 0.1173316 0.1139048 0.1149187 0.1054735 0.0000000 0.0902629 0.1148186 0.0967813 0.1293027 0.0951094 0.0855855 0.1189074 0.1186213 0.1044974 
Pseudochiridae_Petauroides_volans            0.0438912 0.0862663 0.0618465 0.0844648 0.0679697 0.0911806 0.0595438 0.0452109 0.0784543 0.0717792 0.0585844 0.0881835 0.0886967 0.0457310 0.0422149 0.0872553 0.0944723 0.0828775 0.0720312 0.0703914 0.0228443 0.0916473 0.0899175 0.0903885 0.0600037 0.0902629 0.0000000 0.0701347 0.0214435 0.0709858 0.0452230 0.0437045 0.0819520 0.0922063 0.0706066 
Macropodidae_Wallabia_bicolor                0.0714307 0.1141934 0.0828389 0.0296426 0.0327064 0.1157614 0.0854190 0.0675908 0.0257741 0.0921941 0.0806817 0.1098285 0.1101291 0.0709998 0.0736227 0.1108650 0.1187515 0.1046833 0.0976843 0.0056846 0.0806809 0.1159230 0.1055204 0.1120477 0.0494683 0.1148186 0.0701347 0.0000000 0.0773154 0.1119698 0.0791666 0.0692481 0.1048510 0.1175702 0.0909340 
Pseudochiridae_Pseudocheirus_occidentalis    0.0503870 0.0945716 0.0704617 0.0921080 0.0736186 0.0959197 0.0639707 0.0494003 0.0882331 0.0824743 0.0638696 0.0939422 0.0935161 0.0499168 0.0490700 0.0930136 0.1009799 0.0874170 0.0821687 0.0796666 0.0101361 0.1016554 0.0959191 0.0970094 0.0697517 0.0967813 0.0214435 0.0773154 0.0000000 0.0761829 0.0539231 0.0483065 0.0927273 0.1007940 0.0807548 
Tarsipedidae_Tarsipes_rostratus              0.0796195 0.1290219 0.1161755 0.1228908 0.1026749 0.1224816 0.0960725 0.0779066 0.1178823 0.1044507 0.0970657 0.1224635 0.1212540 0.0822186 0.0825289 0.1217880 0.1261026 0.1147155 0.1055133 0.1149339 0.0799998 0.1308442 0.1294567 0.1267749 0.1008046 0.1293027 0.0709858 0.1119698 0.0761829 0.0000000 0.0796157 0.0793590 0.1140905 0.1247636 0.1041464 
Acrobatidae_Distoechurus_pennatus            0.0500498 0.0991666 0.0755867 0.0923828 0.0714776 0.0953302 0.0686140 0.0531658 0.0837065 0.0845181 0.0678693 0.0936380 0.0928601 0.0540457 0.0239297 0.0926402 0.0995134 0.0884461 0.0868673 0.0775652 0.0554366 0.0940719 0.0899410 0.0975452 0.0691644 0.0951094 0.0452230 0.0791666 0.0539231 0.0796157 0.0000000 0.0533474 0.0927427 0.1011929 0.0827645 
Phalangeridae_Phalanger_carmelitae           0.0398569 0.0818064 0.0591758 0.0795824 0.0620424 0.0887640 0.0270461 0.0054238 0.0766548 0.0757687 0.0215526 0.0826126 0.0821174 0.0027653 0.0480117 0.0826115 0.0925556 0.0780148 0.0781216 0.0687100 0.0511582 0.0959357 0.0901241 0.0875116 0.0607875 0.0855855 0.0437045 0.0692481 0.0483065 0.0793590 0.0533474 0.0000000 0.0823894 0.0920182 0.0731821 
Peramelidae_Peroryctes_raffrayana            0.0856822 0.1142508 0.0981990 0.1178820 0.1006381 0.1129136 0.0998604 0.0813370 0.1126515 0.0131998 0.1049688 0.1104494 0.1097827 0.0839725 0.0876199 0.1087173 0.1146949 0.1066414 0.0094420 0.1072452 0.0922817 0.1178008 0.1122312 0.1144120 0.0925381 0.1189074 0.0819520 0.1048510 0.0927273 0.1140905 0.0927427 0.0823894 0.0000000 0.1139230 0.0127956 
Dasyuridae_Dasyurus_geffroii                 0.0907667 0.1213835 0.1121506 0.1309458 0.1110262 0.0030843 0.1089063 0.0870768 0.1249538 0.1062266 0.1091515 0.0183470 0.0233926 0.0934247 0.0964961 0.0174162 0.0037403 0.0222975 0.1092688 0.1178629 0.1027689 0.1198652 0.1153013 0.0208062 0.1063945 0.1186213 0.0922063 0.1175702 0.1007940 0.1247636 0.1011929 0.0920182 0.1139230 0.0000000 0.1037248 
Peramelidae_Perameles_gunnii                 0.0717306 0.0983551 0.0849086 0.1039463 0.0889923 0.1027838 0.0892090 0.0726218 0.0983425 0.0007794 0.0900287 0.0987196 0.0990319 0.0748170 0.0778829 0.0966878 0.1044224 0.0923992 0.0071978 0.0912921 0.0819227 0.1071777 0.1010132 0.1037209 0.0804596 0.1044974 0.0706066 0.0909340 0.0807548 0.1041464 0.0827645 0.0731821 0.0127956 0.1037248 0.0000000 
