37
Burramyidae_Burramys_parvus                  0.0000000 0.1238885 0.0795209 0.0811890 0.0809435 0.1202083 0.0603959 0.0677633 0.0819960 0.1235816 0.0672706 0.1183180 0.1255604 0.0672400 0.1194382 0.1191991 0.1137116 0.1218513 0.0782944 0.0877632 0.1175031 0.0816765 0.0833833 0.0764254 0.0818527 0.1181173 0.0695848 0.0684254 0.1322175 0.1199631 0.1251121 0.0731397 0.1848565 0.1720188 0.0919337 0.2076992 0.2076992 
Notoryctidae_Notoryctes_typhlops             0.1238885 0.0000000 0.1389422 0.1454334 0.1455134 0.1580509 0.1269299 0.1208214 0.1441719 0.1554387 0.1203832 0.1560961 0.1633296 0.1219278 0.1554142 0.1592632 0.1517572 0.1591042 0.1399074 0.1363222 0.1538682 0.1478642 0.1190180 0.1357725 0.1353311 0.1833249 0.1269561 0.1226871 0.1620961 0.1556018 0.1560191 0.1434827 0.2267782 0.1978205 0.1491547 0.2209138 0.2209138 
Vombatidae_Lasiorhinus_latifrons             0.0795209 0.1389422 0.0000000 0.1005949 0.0999129 0.1276387 0.0775153 0.0779969 0.1028953 0.1298977 0.0812265 0.1228858 0.1258246 0.0809824 0.1230616 0.1267226 0.1186175 0.1308904 0.0969909 0.0984946 0.1196752 0.1055886 0.0961999 0.0951056 0.0930275 0.1310421 0.0882211 0.0812273 0.1379664 0.1251199 0.1309733 0.0909302 0.2037885 0.1807676 0.0892623 0.1810472 0.1810472 
Potoroidae_Bettongia_penicillata             0.0811890 0.1454334 0.1005949 0.0000000 0.0031877 0.1431361 0.0829314 0.0889853 0.0203886 0.1361781 0.0886013 0.1394668 0.1452941 0.0879640 0.1397952 0.1426769 0.1343106 0.1389312 0.0341227 0.1004500 0.1380932 0.0533991 0.1023565 0.0349458 0.0948215 0.1438446 0.0869791 0.0879501 0.1440181 0.1442169 0.1379371 0.0913981 0.2124014 0.1880122 0.1002175 0.2186222 0.2186222 
Potoroidae_Bettongia_lesueur                 0.0809435 0.1455134 0.0999129 0.0031877 0.0000000 0.1426650 0.0830512 0.0894671 0.0206847 0.1348620 0.0891032 0.1398192 0.1456590 0.0884441 0.1401490 0.1430361 0.1346849 0.1382179 0.0352881 0.1000329 0.1376089 0.0541065 0.1025922 0.0361262 0.0938323 0.1418694 0.0874575 0.0890172 0.1424244 0.1437444 0.1366117 0.0911413 0.2117348 0.1892283 0.0998376 0.2186222 0.2186222 
Dasyuridae_Dasyurus_maculatus                0.1202083 0.1580509 0.1276387 0.1431361 0.1426650 0.0000000 0.1279418 0.1276588 0.1394406 0.1414749 0.1285569 0.0321941 0.0496348 0.1266592 0.0329239 0.0153670 0.0455736 0.1477206 0.1417830 0.1377800 0.0320014 0.1453375 0.1217071 0.1411467 0.1360918 0.1654648 0.1280801 0.1258980 0.1520190 0.0113712 0.1409951 0.1621120 0.2411040 0.2251944 0.1733716 0.0791286 0.0791286 
Phalangeridae_Trichosurus_vulpecula          0.0603959 0.1269299 0.0775153 0.0829314 0.0830512 0.1279418 0.0000000 0.0318479 0.0809393 0.1319810 0.0323040 0.1233473 0.1263996 0.0316587 0.1241033 0.1262444 0.1198204 0.1318350 0.0805887 0.0817198 0.1216792 0.0842264 0.0868765 0.0813597 0.0755053 0.1211572 0.0714674 0.0313253 0.1394827 0.1263936 0.1337867 0.0806654 0.1824147 0.1720849 0.0888843 0.1893184 0.1893184 
Phalangeridae_Spilocuscus_maculatus          0.0677633 0.1208214 0.0779969 0.0889853 0.0894671 0.1276588 0.0318479 0.0000000 0.0883543 0.1227753 0.0208228 0.1212375 0.1264117 0.0187319 0.1219496 0.1249082 0.1170717 0.1233029 0.0859253 0.0867824 0.1208960 0.0887082 0.0869435 0.0854242 0.0817752 0.1242559 0.0743940 0.0179093 0.1297417 0.1265980 0.1244449 0.0811500 0.1915947 0.1725859 0.0905405 0.1855176 0.1855176 
Potoroidae_Aepyprymnus_rufescens             0.0819960 0.1441719 0.1028953 0.0203886 0.0206847 0.1394406 0.0809393 0.0883543 0.0000000 0.1340228 0.0880496 0.1380803 0.1431058 0.0879190 0.1384002 0.1396750 0.1314625 0.1367016 0.0328159 0.0969233 0.1359634 0.0530472 0.1031288 0.0333960 0.0914777 0.1411738 0.0858927 0.0884886 0.1404838 0.1412295 0.1357581 0.0950355 0.2210228 0.1955747 0.1054070 0.2201908 0.2201908 
Peramelidae_Perameles_nasuta                 0.1235816 0.1554387 0.1298977 0.1361781 0.1348620 0.1414749 0.1319810 0.1227753 0.1340228 0.0000000 0.1248147 0.1403114 0.1434993 0.1230163 0.1409582 0.1397058 0.1363331 0.0211623 0.1284770 0.1365259 0.1358001 0.1433623 0.1269645 0.1322738 0.1307939 0.1608351 0.1234952 0.1245008 0.0288748 0.1394204 0.0007536 0.1668062 0.2474448 0.2145641 0.1779329 0.1903571 0.1903571 
Phalangeridae_Strigocuscus_pelengensis       0.0672706 0.1203832 0.0812265 0.0886013 0.0891032 0.1285569 0.0323040 0.0208228 0.0880496 0.1248147 0.0000000 0.1213489 0.1287587 0.0172285 0.1224081 0.1291481 0.1199378 0.1267356 0.0843761 0.0861469 0.1210601 0.0891564 0.0892981 0.0839204 0.0821097 0.1252360 0.0713669 0.0166715 0.1320743 0.1280953 0.1262840 0.0776955 0.1981835 0.1747836 0.0915034 0.2033435 0.2033435 
Dasyuridae_Phascogale_tapoatafa              0.1183180 0.1560961 0.1228858 0.1394668 0.1398192 0.0321941 0.1233473 0.1212375 0.1380803 0.1403114 0.1213489 0.0000000 0.0439348 0.1228608 0.0046910 0.0280788 0.0391867 0.1442896 0.1366444 0.1332227 0.0130835 0.1392555 0.1187492 0.1333044 0.1318344 0.1634251 0.1242010 0.1217017 0.1476420 0.0303547 0.1392016 0.1524578 0.2369384 0.2096377 0.1728747 0.0509339 0.0509339 
Dasyuridae_Sminthopsis_macroura              0.1255604 0.1633296 0.1258246 0.1452941 0.1456590 0.0496348 0.1263996 0.1264117 0.1431058 0.1434993 0.1287587 0.0439348 0.0000000 0.1260248 0.0438058 0.0506581 0.0292414 0.1449332 0.1389204 0.1420748 0.0436225 0.1454547 0.1270624 0.1372067 0.1417915 0.1704636 0.1299951 0.1256559 0.1500155 0.0487369 0.1418299 0.1640575 0.2341380 0.2195695 0.1691942 0.0716185 0.0716185 
Phalangeridae_Phalanger_orientalis           0.0672400 0.1219278 0.0809824 0.0879640 0.0884441 0.1266592 0.0316587 0.0187319 0.0879190 0.1230163 0.0172285 0.1228608 0.1260248 0.0000000 0.1235841 0.1264112 0.1180332 0.1236698 0.0840727 0.0874423 0.1201270 0.0896160 0.0882114 0.0836417 0.0835106 0.1248991 0.0737546 0.0068352 0.1300197 0.1262081 0.1246948 0.0772958 0.1872311 0.1703159 0.0869300 0.1866084 0.1866084 
Dasyuridae_Phascogale_calura                 0.1194382 0.1554142 0.1230616 0.1397952 0.1401490 0.0329239 0.1241033 0.1219496 0.1384002 0.1409582 0.1224081 0.0046910 0.0438058 0.1235841 0.0000000 0.0285190 0.0391495 0.1452454 0.1373187 0.1349075 0.0128613 0.1401723 0.1204955 0.1339649 0.1333436 0.1653981 0.1243537 0.1228254 0.1483184 0.0310779 0.1398466 0.1528888 0.2354724 0.2082796 0.1783349 0.0447276 0.0447276 
Dasyuridae_Sarcophilus_harrisii              0.1191991 0.1592632 0.1267226 0.1426769 0.1430361 0.0153670 0.1262444 0.1249082 0.1396750 0.1397058 0.1291481 0.0280788 0.0506581 0.1264112 0.0285190 0.0000000 0.0435637 0.1423630 0.1406942 0.1366211 0.0283274 0.1425087 0.1187010 0.1387838 0.1334956 0.1680476 0.1261776 0.1252468 0.1474062 0.0148921 0.1390404 0.1614543 0.2385662 0.2208537 0.1610400 0.0699573 0.0699573 
Dasyuridae_Planigale_tenuirostris            0.1137116 0.1517572 0.1186175 0.1343106 0.1346849 0.0455736 0.1198204 0.1170717 0.1314625 0.1363331 0.1199378 0.0391867 0.0292414 0.1180332 0.0391495 0.0435637 0.0000000 0.1395956 0.1318161 0.1288006 0.0398541 0.1381823 0.1147662 0.1291714 0.1293082 0.1601767 0.1200079 0.1166804 0.1452529 0.0453405 0.1356805 0.1333911 0.2153836 0.1964101 0.1410748 0.0599587 0.0599587 
Peramelidae_Echymipera_kalubu                0.1218513 0.1591042 0.1308904 0.1389312 0.1382179 0.1477206 0.1318350 0.1233029 0.1367016 0.0211623 0.1267356 0.1442896 0.1449332 0.1236698 0.1452454 0.1423630 0.1395956 0.0000000 0.1332634 0.1374614 0.1418957 0.1450167 0.1257806 0.1353618 0.1322486 0.1601058 0.1235650 0.1264690 0.0253120 0.1447070 0.0215202 0.1672952 0.2299552 0.2080330 0.1840022 0.1917593 0.1917593 
Macropodidae_Dorcopsulus_vanheurni           0.0782944 0.1399074 0.0969909 0.0341227 0.0352881 0.1417830 0.0805887 0.0859253 0.0328159 0.1284770 0.0843761 0.1366444 0.1389204 0.0840727 0.1373187 0.1406942 0.1318161 0.1332634 0.0000000 0.0966209 0.1358032 0.0485566 0.1007250 0.0115135 0.0915307 0.1350545 0.0830286 0.0842343 0.1359932 0.1408971 0.1300152 0.0967428 0.2239610 0.2014037 0.1036866 0.2088247 0.2088247 
Pseudochiridae_Pseudochirulus_forbesi        0.0877632 0.1363222 0.0984946 0.1004500 0.1000329 0.1377800 0.0817198 0.0867824 0.0969233 0.1365259 0.0861469 0.1332227 0.1420748 0.0874423 0.1349075 0.1366211 0.1288006 0.1374614 0.0966209 0.0000000 0.1343692 0.1021478 0.1029152 0.0959242 0.0283292 0.1205594 0.0859685 0.0888180 0.1441728 0.1356652 0.1382962 0.0890686 0.2112182 0.1889845 0.0564696 0.2006096 0.2006096 
Dasyuridae_Antechinus_stuartii               0.1175031 0.1538682 0.1196752 0.1380932 0.1376089 0.0320014 0.1216792 0.1208960 0.1359634 0.1358001 0.1210601 0.0130835 0.0436225 0.1201270 0.0128613 0.0283274 0.0398541 0.1418957 0.1358032 0.1343692 0.0000000 0.1396087 0.1217324 0.1337721 0.1328760 0.1646294 0.1223759 0.1197538 0.1462985 0.0309471 0.1346813 0.1540926 0.2287335 0.2097222 0.1616625 0.0500762 0.0500762 
Hypsiprymnodontidae_Hypsiprymnodon_moschatus 0.0816765 0.1478642 0.1055886 0.0533991 0.0541065 0.1453375 0.0842264 0.0887082 0.0530472 0.1433623 0.0891564 0.1392555 0.1454547 0.0896160 0.1401723 0.1425087 0.1381823 0.1450167 0.0485566 0.1021478 0.1396087 0.0000000 0.1073841 0.0498553 0.0986710 0.1439735 0.0898979 0.0905063 0.1512947 0.1451130 0.1451702 0.1028288 0.2237907 0.2072893 0.1228105 0.2084983 0.2084983 
Microbiotheriidae_Dromiciops_gliroides       0.0833833 0.1190180 0.0961999 0.1023565 0.1025922 0.1217071 0.0868765 0.0869435 0.1031288 0.1269645 0.0892981 0.1187492 0.1270624 0.0882114 0.1204955 0.1187010 0.1147662 0.1257806 0.1007250 0.1029152 0.1217324 0.1073841 0.0000000 0.1013114 0.0989536 0.1315596 0.0889139 0.0887588 0.1331218 0.1207194 0.1278774 0.1032229 0.1809471 0.1647181 0.1068273 0.1844662 0.1844662 
Macropodidae_Wallabia_bicolor                0.0764254 0.1357725 0.0951056 0.0349458 0.0361262 0.1411467 0.0813597 0.0854242 0.0333960 0.1322738 0.0839204 0.1333044 0.1372067 0.0836417 0.1339649 0.1387838 0.1291714 0.1353618 0.0115135 0.0959242 0.1337721 0.0498553 0.1013114 0.0000000 0.0913969 0.1356494 0.0844141 0.0848063 0.1392051 0.1390212 0.1340230 0.0966390 0.2140275 0.1903399 0.1082719 0.2020301 0.2020301 
Pseudochiridae_Pseudocheirus_occidentalis    0.0818527 0.1353311 0.0930275 0.0948215 0.0938323 0.1360918 0.0755053 0.0817752 0.0914777 0.1307939 0.0821097 0.1318344 0.1417915 0.0835106 0.1333436 0.1334956 0.1293082 0.1322486 0.0915307 0.0283292 0.1328760 0.0986710 0.0989536 0.0913969 0.0000000 0.1180248 0.0817540 0.0840412 0.1363969 0.1339825 0.1325266 0.0871803 0.2141643 0.1888609 0.0498563 0.2008747 0.2008747 
Tarsipedidae_Tarsipes_rostratus              0.1181173 0.1833249 0.1310421 0.1438446 0.1418694 0.1654648 0.1211572 0.1242559 0.1411738 0.1608351 0.1252360 0.1634251 0.1704636 0.1248991 0.1653981 0.1680476 0.1601767 0.1601058 0.1350545 0.1205594 0.1646294 0.1439735 0.1315596 0.1356494 0.1180248 0.0000000 0.1231465 0.1264128 0.1696084 0.1665464 0.1612241 0.1465858 0.2668501 0.2255759 0.1312595 0.2018688 0.2018688 
Acrobatidae_Distoechurus_pennatus            0.0695848 0.1269561 0.0882211 0.0869791 0.0874575 0.1280801 0.0714674 0.0743940 0.0858927 0.1234952 0.0713669 0.1242010 0.1299951 0.0737546 0.1243537 0.1261776 0.1200079 0.1235650 0.0830286 0.0859685 0.1223759 0.0898979 0.0889139 0.0844141 0.0817540 0.1231465 0.0000000 0.0735521 0.1297296 0.1270328 0.1242008 0.0511636 0.1790543 0.1658079 0.0876200 0.2026187 0.2026187 
Phalangeridae_Phalanger_carmelitae           0.0684254 0.1226871 0.0812273 0.0879501 0.0890172 0.1258980 0.0313253 0.0179093 0.0884886 0.1245008 0.0166715 0.1217017 0.1256559 0.0068352 0.1228254 0.1252468 0.1166804 0.1264690 0.0842343 0.0888180 0.1197538 0.0905063 0.0887588 0.0848063 0.0840412 0.1264128 0.0735521 0.0000000 0.1315370 0.1254480 0.1261877 0.0817206 0.1914185 0.1712118 0.0878104 0.1926751 0.1926751 
Peramelidae_Peroryctes_raffrayana            0.1322175 0.1620961 0.1379664 0.1440181 0.1424244 0.1520190 0.1394827 0.1297417 0.1404838 0.0288748 0.1320743 0.1476420 0.1500155 0.1300197 0.1483184 0.1474062 0.1452529 0.0253120 0.1359932 0.1441728 0.1462985 0.1512947 0.1331218 0.1392051 0.1363969 0.1696084 0.1297296 0.1315370 0.0000000 0.1487294 0.0286865 0.1696226 0.2311237 0.2148383 0.1746094 0.2026845 0.2026845 
Dasyuridae_Dasyurus_geffroii                 0.1199631 0.1556018 0.1251199 0.1442169 0.1437444 0.0113712 0.1263936 0.1265980 0.1412295 0.1394204 0.1280953 0.0303547 0.0487369 0.1262081 0.0310779 0.0148921 0.0453405 0.1447070 0.1408971 0.1356652 0.0309471 0.1451130 0.1207194 0.1390212 0.1339825 0.1665464 0.1270328 0.1254480 0.1487294 0.0000000 0.1383096 0.1614441 0.2417294 0.2214567 0.1641318 0.0725350 0.0725350 
Peramelidae_Perameles_gunnii                 0.1251121 0.1560191 0.1309733 0.1379371 0.1366117 0.1409951 0.1337867 0.1244449 0.1357581 0.0007536 0.1262840 0.1392016 0.1418299 0.1246948 0.1398466 0.1390404 0.1356805 0.0215202 0.1300152 0.1382962 0.1346813 0.1451702 0.1278774 0.1340230 0.1325266 0.1612241 0.1242008 0.1261877 0.0286865 0.1383096 0.0000000 0.1688372 0.2463972 0.2147713 0.1770046 0.1893496 0.1893496 
Acrobatidae_Acrobates_pygmaeus               0.0731397 0.1434827 0.0909302 0.0913981 0.0911413 0.1621120 0.0806654 0.0811500 0.0950355 0.1668062 0.0776955 0.1524578 0.1640575 0.0772958 0.1528888 0.1614543 0.1333911 0.1672952 0.0967428 0.0890686 0.1540926 0.1028288 0.1032229 0.0966390 0.0871803 0.1465858 0.0511636 0.0817206 0.1696226 0.1614441 0.1688372 0.0000000 0.1880947 0.1676933 0.0727929 0.1879210 0.1879210 
Didelphidae_Didelphis_virginiana             0.1848565 0.2267782 0.2037885 0.2124014 0.2117348 0.2411040 0.1824147 0.1915947 0.2210228 0.2474448 0.1981835 0.2369384 0.2341380 0.1872311 0.2354724 0.2385662 0.2153836 0.2299552 0.2239610 0.2112182 0.2287335 0.2237907 0.1809471 0.2140275 0.2141643 0.2668501 0.1790543 0.1914185 0.2311237 0.2417294 0.2463972 0.1880947 0.0000000 0.0809919 0.2192679 0.2267788 0.2267788 
Marmosidae_Monodelphis_domestica             0.1720188 0.1978205 0.1807676 0.1880122 0.1892283 0.2251944 0.1720849 0.1725859 0.1955747 0.2145641 0.1747836 0.2096377 0.2195695 0.1703159 0.2082796 0.2208537 0.1964101 0.2080330 0.2014037 0.1889845 0.2097222 0.2072893 0.1647181 0.1903399 0.1888609 0.2255759 0.1658079 0.1712118 0.2148383 0.2214567 0.2147713 0.1676933 0.0809919 0.0000000 0.1749349 0.1978088 0.1978088 
Pseudochiridae_Petauroides_volans            0.0919337 0.1491547 0.0892623 0.1002175 0.0998376 0.1733716 0.0888843 0.0905405 0.1054070 0.1779329 0.0915034 0.1728747 0.1691942 0.0869300 0.1783349 0.1610400 0.1410748 0.1840022 0.1036866 0.0564696 0.1616625 0.1228105 0.1068273 0.1082719 0.0498563 0.1312595 0.0876200 0.0878104 0.1746094 0.1641318 0.1770046 0.0727929 0.2192679 0.1749349 0.0000000 0.2033421 0.2033421 
Myrmecobiidae_Myrmecobius_fasciatus1         0.2076992 0.2209138 0.1810472 0.2186222 0.2186222 0.0791286 0.1893184 0.1855176 0.2201908 0.1903571 0.2033435 0.0509339 0.0716185 0.1866084 0.0447276 0.0699573 0.0599587 0.1917593 0.2088247 0.2006096 0.0500762 0.2084983 0.1844662 0.2020301 0.2008747 0.2018688 0.2026187 0.1926751 0.2026845 0.0725350 0.1893496 0.1879210 0.2267788 0.1978088 0.2033421 0.0000000 0.0000010 
Myrmecobiidae_Myrmecobius_fasciatus2         0.2076992 0.2209138 0.1810472 0.2186222 0.2186222 0.0791286 0.1893184 0.1855176 0.2201908 0.1903571 0.2033435 0.0509339 0.0716185 0.1866084 0.0447276 0.0699573 0.0599587 0.1917593 0.2088247 0.2006096 0.0500762 0.2084983 0.1844662 0.2020301 0.2008747 0.2018688 0.2026187 0.1926751 0.2026845 0.0725350 0.1893496 0.1879210 0.2267788 0.1978088 0.2033421 0.0000010 0.0000000 
