35
Burramyidae_Burramys_parvus                  0.0000000 0.0591578 0.0421173 0.0450029 0.0413277 0.0471813 0.0289922 0.0346722 0.0431545 0.0708512 0.0347996 0.0462584 0.0378334 0.0338544 0.0525977 0.0464111 0.0467052 0.0416727 0.0681628 0.0466132 0.0462199 0.0914117 0.0720180 0.0438596 0.0408641 0.0441543 0.0509604 0.0462430 0.0560888 0.0533960 0.0506579 0.0347229 0.0684354 0.0488327 0.0720991 
Notoryctidae_Notoryctes_typhlops             0.0591578 0.0000000 0.0613117 0.0675557 0.0656533 0.0634992 0.0479414 0.0546407 0.0682664 0.0857916 0.0518541 0.0612998 0.0515568 0.0500081 0.0772803 0.0626211 0.0652212 0.0624308 0.0814498 0.0660485 0.0667577 0.1183005 0.0903531 0.0602836 0.0675188 0.0658229 0.0774659 0.0681267 0.0731311 0.0732258 0.0745766 0.0532663 0.0813797 0.0661986 0.0876410 
Vombatidae_Lasiorhinus_latifrons             0.0421173 0.0613117 0.0000000 0.0512809 0.0499616 0.0514055 0.0381235 0.0426401 0.0514242 0.0773910 0.0419402 0.0482819 0.0451129 0.0404393 0.0561962 0.0484152 0.0534775 0.0501401 0.0805060 0.0519690 0.0488245 0.1094425 0.0831154 0.0476242 0.0503628 0.0461533 0.0534584 0.0526048 0.0547545 0.0573513 0.0526376 0.0418065 0.0795356 0.0556140 0.0792715 
Potoroidae_Bettongia_penicillata             0.0450029 0.0675557 0.0512809 0.0000000 0.0057518 0.0587611 0.0437646 0.0494136 0.0113614 0.0857651 0.0492084 0.0586317 0.0507680 0.0485099 0.0593996 0.0582245 0.0602949 0.0581739 0.0858012 0.0221334 0.0576838 0.1108104 0.0827971 0.0581566 0.0348776 0.0589776 0.0622373 0.0215162 0.0626535 0.0630753 0.0544941 0.0484767 0.0837701 0.0618644 0.0882597 
Potoroidae_Bettongia_lesueur                 0.0413277 0.0656533 0.0499616 0.0057518 0.0000000 0.0569291 0.0410293 0.0466356 0.0077869 0.0818567 0.0464324 0.0568232 0.0488317 0.0452569 0.0564478 0.0563821 0.0584590 0.0557975 0.0818830 0.0175735 0.0556078 0.1073540 0.0796851 0.0563036 0.0308774 0.0564350 0.0610815 0.0169214 0.0607417 0.0616825 0.0516663 0.0457040 0.0805930 0.0600230 0.0838246 
Dasyuridae_Dasyurus_maculatus                0.0471813 0.0634992 0.0514055 0.0587611 0.0569291 0.0000000 0.0387028 0.0461450 0.0563145 0.0728567 0.0465117 0.0069246 0.0088028 0.0434031 0.0630049 0.0073140 0.0045685 0.0107413 0.0690183 0.0583281 0.0545187 0.0985578 0.0756020 0.0085304 0.0561396 0.0531401 0.0613195 0.0590723 0.0625447 0.0646070 0.0652676 0.0456877 0.0694923 0.0038076 0.0711974 
Phalangeridae_Trichosurus_vulpecula          0.0289922 0.0479414 0.0381235 0.0437646 0.0410293 0.0387028 0.0000000 0.0129637 0.0404664 0.0733567 0.0106965 0.0396789 0.0317179 0.0105823 0.0471820 0.0398157 0.0386765 0.0393335 0.0722469 0.0444104 0.0394671 0.0951441 0.0738666 0.0382481 0.0366023 0.0456424 0.0494079 0.0440145 0.0497239 0.0456450 0.0449608 0.0113755 0.0714638 0.0412086 0.0739491 
Phalangeridae_Spilocuscus_maculatus          0.0346722 0.0546407 0.0426401 0.0494136 0.0466356 0.0461450 0.0129637 0.0000000 0.0469811 0.0789721 0.0098685 0.0461747 0.0371059 0.0093471 0.0510207 0.0463270 0.0456714 0.0474017 0.0794263 0.0490603 0.0424218 0.0968178 0.0752417 0.0442850 0.0440341 0.0497854 0.0527097 0.0496985 0.0556606 0.0479736 0.0511336 0.0101343 0.0778345 0.0477830 0.0803989 
Potoroidae_Aepyprymnus_rufescens             0.0431545 0.0682664 0.0514242 0.0113614 0.0077869 0.0563145 0.0404664 0.0469811 0.0000000 0.0836400 0.0458378 0.0567052 0.0482257 0.0447364 0.0566478 0.0562653 0.0583374 0.0568130 0.0820300 0.0191485 0.0518842 0.1071977 0.0805620 0.0572660 0.0325172 0.0574916 0.0608850 0.0194079 0.0589667 0.0602590 0.0556121 0.0451139 0.0811628 0.0593954 0.0844030 
Peramelidae_Perameles_nasuta                 0.0708512 0.0857916 0.0773910 0.0857651 0.0818567 0.0728567 0.0733567 0.0789721 0.0836400 0.0000000 0.0780188 0.0717158 0.0646003 0.0738210 0.0930285 0.0724589 0.0747252 0.0689288 0.0219650 0.0794028 0.0823345 0.1339870 0.1003251 0.0711802 0.0782080 0.0868751 0.0966190 0.0814598 0.0866179 0.0928578 0.0975761 0.0760732 0.0168839 0.0774176 0.0000010 
Phalangeridae_Strigocuscus_pelengensis       0.0347996 0.0518541 0.0419402 0.0492084 0.0464324 0.0465117 0.0106965 0.0098685 0.0458378 0.0780188 0.0000000 0.0454727 0.0380142 0.0066548 0.0519821 0.0466470 0.0469963 0.0467613 0.0779096 0.0489470 0.0432537 0.1021616 0.0791275 0.0444721 0.0423778 0.0512680 0.0523206 0.0495647 0.0539456 0.0505092 0.0521755 0.0074439 0.0764214 0.0491612 0.0789244 
Dasyuridae_Phascogale_tapoatafa              0.0462584 0.0612998 0.0482819 0.0586317 0.0568232 0.0069246 0.0396789 0.0461747 0.0567052 0.0717158 0.0454727 0.0000000 0.0084540 0.0434302 0.0624025 0.0018936 0.0100935 0.0111700 0.0690999 0.0597746 0.0523798 0.0969880 0.0731432 0.0042254 0.0562973 0.0523670 0.0618330 0.0610400 0.0590451 0.0646373 0.0648040 0.0457169 0.0684264 0.0101152 0.0701604 
Dasyuridae_Sminthopsis_macroura              0.0378334 0.0515568 0.0451129 0.0507680 0.0488317 0.0088028 0.0317179 0.0371059 0.0482257 0.0646003 0.0380142 0.0084540 0.0000000 0.0359492 0.0538646 0.0080807 0.0098447 0.0048155 0.0567664 0.0524153 0.0461482 0.0835746 0.0648410 0.0077319 0.0471252 0.0405359 0.0468104 0.0507714 0.0541156 0.0617787 0.0561370 0.0381879 0.0567653 0.0098935 0.0548414 
Phalangeridae_Phalanger_orientalis           0.0338544 0.0500081 0.0404393 0.0485099 0.0452569 0.0434031 0.0105823 0.0093471 0.0447364 0.0738210 0.0066548 0.0434302 0.0359492 0.0000000 0.0471867 0.0435763 0.0448432 0.0443958 0.0732609 0.0477861 0.0415441 0.1006484 0.0776167 0.0425136 0.0408416 0.0490469 0.0503223 0.0483332 0.0517549 0.0487464 0.0473520 0.0030462 0.0724469 0.0469494 0.0749414 
Acrobatidae_Acrobates_pygmaeus               0.0525977 0.0772803 0.0561962 0.0593996 0.0564478 0.0630049 0.0471820 0.0510207 0.0566478 0.0930285 0.0519821 0.0624025 0.0538646 0.0471867 0.0000000 0.0625230 0.0641104 0.0655274 0.0878292 0.0588091 0.0460383 0.1200840 0.0945624 0.0624650 0.0586288 0.0647671 0.0555042 0.0606580 0.0557013 0.0581159 0.0405669 0.0485705 0.0836661 0.0670491 0.0926680 
Dasyuridae_Phascogale_calura                 0.0464111 0.0626211 0.0484152 0.0582245 0.0563821 0.0073140 0.0398157 0.0463270 0.0562653 0.0724589 0.0466470 0.0018936 0.0080807 0.0435763 0.0625230 0.0000000 0.0096933 0.0107486 0.0697712 0.0593322 0.0524604 0.0969950 0.0742194 0.0046099 0.0558567 0.0523433 0.0620922 0.0606268 0.0592099 0.0648857 0.0649976 0.0458681 0.0685758 0.0097141 0.0708175 
Dasyuridae_Sarcophilus_harrisii              0.0467052 0.0652212 0.0534775 0.0602949 0.0584590 0.0045685 0.0386765 0.0456714 0.0583374 0.0747252 0.0469963 0.0100935 0.0098447 0.0448432 0.0641104 0.0096933 0.0000000 0.0115970 0.0726081 0.0604238 0.0567698 0.0972529 0.0779683 0.0085367 0.0581741 0.0548578 0.0624808 0.0616716 0.0641398 0.0656107 0.0653535 0.0471369 0.0707340 0.0053578 0.0730165 
Dasyuridae_Planigale_tenuirostris            0.0416727 0.0624308 0.0501401 0.0581739 0.0557975 0.0107413 0.0393335 0.0474017 0.0568130 0.0689288 0.0467613 0.0111700 0.0048155 0.0443958 0.0655274 0.0107486 0.0115970 0.0000000 0.0660813 0.0572670 0.0525748 0.0984999 0.0759141 0.0103387 0.0536787 0.0526849 0.0586148 0.0588954 0.0606484 0.0626440 0.0628935 0.0464047 0.0658296 0.0129210 0.0680554 
Peramelidae_Echymipera_kalubu                0.0681628 0.0814498 0.0805060 0.0858012 0.0818830 0.0690183 0.0722469 0.0794263 0.0820300 0.0219650 0.0779096 0.0690999 0.0567664 0.0732609 0.0878292 0.0697712 0.0726081 0.0660813 0.0000000 0.0791851 0.0813845 0.1244206 0.0957733 0.0685995 0.0786435 0.0840799 0.0913911 0.0825982 0.0819240 0.0920427 0.0977363 0.0746957 0.0165703 0.0739937 0.0218420 
Macropodidae_Dorcopsulus_vanheurni           0.0466132 0.0660485 0.0519690 0.0221334 0.0175735 0.0583281 0.0444104 0.0490603 0.0191485 0.0794028 0.0489470 0.0597746 0.0524153 0.0477861 0.0588091 0.0593322 0.0604238 0.0572670 0.0791851 0.0000000 0.0518421 0.1085881 0.0839206 0.0582209 0.0324893 0.0569466 0.0611863 0.0077549 0.0634630 0.0619138 0.0546935 0.0471982 0.0789311 0.0614371 0.0811484 
Pseudochiridae_Pseudochirulus_forbesi        0.0462199 0.0667577 0.0488245 0.0576838 0.0556078 0.0545187 0.0394671 0.0424218 0.0518842 0.0823345 0.0432537 0.0523798 0.0461482 0.0415441 0.0460383 0.0524604 0.0567698 0.0525748 0.0813845 0.0518421 0.0000000 0.1037153 0.0800672 0.0518394 0.0522113 0.0545052 0.0302090 0.0542552 0.0256513 0.0450563 0.0467920 0.0409572 0.0772228 0.0574967 0.0825281 
Didelphidae_Didelphis_virginiana             0.0914117 0.1183005 0.1094425 0.1108104 0.1073540 0.0985578 0.0951441 0.0968178 0.1071977 0.1339870 0.1021616 0.0969880 0.0835746 0.1006484 0.1200840 0.0969950 0.0972529 0.0984999 0.1244206 0.1085881 0.1037153 0.0000000 0.0413533 0.0957898 0.1072750 0.1018677 0.1200870 0.1133575 0.1138301 0.1230579 0.1222024 0.1032895 0.1220976 0.1028553 0.1331100 
Marmosidae_Monodelphis_domestica             0.0720180 0.0903531 0.0831154 0.0827971 0.0796851 0.0756020 0.0738666 0.0752417 0.0805620 0.1003251 0.0791275 0.0731432 0.0648410 0.0776167 0.0945624 0.0742194 0.0779683 0.0759141 0.0957733 0.0839206 0.0800672 0.0413533 0.0000000 0.0764429 0.0830292 0.0802751 0.0926142 0.0857029 0.0837587 0.1013348 0.0962915 0.0798017 0.0914705 0.0800019 0.1007988 
Dasyuridae_Antechinus_stuartii               0.0438596 0.0602836 0.0476242 0.0581566 0.0563036 0.0085304 0.0382481 0.0442850 0.0572660 0.0711802 0.0444721 0.0042254 0.0077319 0.0425136 0.0624650 0.0046099 0.0085367 0.0103387 0.0685995 0.0582209 0.0518394 0.0957898 0.0764429 0.0000000 0.0558247 0.0522490 0.0608404 0.0588656 0.0591114 0.0629341 0.0622197 0.0447971 0.0680714 0.0101537 0.0700897 
Hypsiprymnodontidae_Hypsiprymnodon_moschatus 0.0408641 0.0675188 0.0503628 0.0348776 0.0308774 0.0561396 0.0366023 0.0440341 0.0325172 0.0782080 0.0423778 0.0562973 0.0471252 0.0408416 0.0586288 0.0558567 0.0581741 0.0536787 0.0786435 0.0324893 0.0522113 0.1072750 0.0830292 0.0558247 0.0000000 0.0532678 0.0588695 0.0319924 0.0570709 0.0568743 0.0544548 0.0416282 0.0783934 0.0592380 0.0798765 
Microbiotheriidae_Dromiciops_gliroides       0.0441543 0.0658229 0.0461533 0.0589776 0.0564350 0.0531401 0.0456424 0.0497854 0.0574916 0.0868751 0.0512680 0.0523670 0.0405359 0.0490469 0.0647671 0.0523433 0.0548578 0.0526849 0.0840799 0.0569466 0.0545052 0.1018677 0.0802751 0.0522490 0.0532678 0.0000000 0.0576108 0.0596756 0.0619460 0.0596637 0.0627955 0.0502558 0.0810203 0.0560382 0.0857435 
Pseudochiridae_Petauroides_volans            0.0509604 0.0774659 0.0534584 0.0622373 0.0610815 0.0613195 0.0494079 0.0527097 0.0608850 0.0966190 0.0523206 0.0618330 0.0468104 0.0503223 0.0555042 0.0620922 0.0624808 0.0586148 0.0913911 0.0611863 0.0302090 0.1200870 0.0926142 0.0608404 0.0588695 0.0576108 0.0000000 0.0629277 0.0371999 0.0477008 0.0536764 0.0503340 0.0920469 0.0639575 0.0966368 
Macropodidae_Wallabia_bicolor                0.0462430 0.0681267 0.0526048 0.0215162 0.0169214 0.0590723 0.0440145 0.0496985 0.0194079 0.0814598 0.0495647 0.0610400 0.0507714 0.0483332 0.0606580 0.0606268 0.0616716 0.0588954 0.0825982 0.0077549 0.0542552 0.1133575 0.0857029 0.0588656 0.0319924 0.0596756 0.0629277 0.0000000 0.0642859 0.0619541 0.0559311 0.0482996 0.0843016 0.0627605 0.0843121 
Pseudochiridae_Pseudocheirus_occidentalis    0.0560888 0.0731311 0.0547545 0.0626535 0.0607417 0.0625447 0.0497239 0.0556606 0.0589667 0.0866179 0.0539456 0.0590451 0.0541156 0.0517549 0.0557013 0.0592099 0.0641398 0.0606484 0.0819240 0.0634630 0.0256513 0.1138301 0.0837587 0.0591114 0.0570709 0.0619460 0.0371999 0.0642859 0.0000000 0.0545817 0.0569820 0.0516016 0.0816134 0.0659962 0.0859915 
Tarsipedidae_Tarsipes_rostratus              0.0533960 0.0732258 0.0573513 0.0630753 0.0616825 0.0646070 0.0456450 0.0479736 0.0602590 0.0928578 0.0505092 0.0646373 0.0617787 0.0487464 0.0581159 0.0648857 0.0656107 0.0626440 0.0920427 0.0619138 0.0450563 0.1230579 0.1013348 0.0629341 0.0568743 0.0596637 0.0477008 0.0619541 0.0545817 0.0000000 0.0552821 0.0491951 0.0943018 0.0676778 0.0961337 
Acrobatidae_Distoechurus_pennatus            0.0506579 0.0745766 0.0526376 0.0544941 0.0516663 0.0652676 0.0449608 0.0511336 0.0556121 0.0975761 0.0521755 0.0648040 0.0561370 0.0473520 0.0405669 0.0649976 0.0653535 0.0628935 0.0977363 0.0546935 0.0467920 0.1222024 0.0962915 0.0622197 0.0544548 0.0627955 0.0536764 0.0559311 0.0569820 0.0552821 0.0000000 0.0478193 0.0946492 0.0692697 0.0999899 
Phalangeridae_Phalanger_carmelitae           0.0347229 0.0532663 0.0418065 0.0484767 0.0457040 0.0456877 0.0113755 0.0101343 0.0451139 0.0760732 0.0074439 0.0457169 0.0381879 0.0030462 0.0485705 0.0458681 0.0471369 0.0464047 0.0746957 0.0471982 0.0409572 0.1032895 0.0798017 0.0447971 0.0416282 0.0502558 0.0503340 0.0482996 0.0516016 0.0491951 0.0478193 0.0000000 0.0732336 0.0492658 0.0770904 
Peramelidae_Peroryctes_raffrayana            0.0684354 0.0813797 0.0795356 0.0837701 0.0805930 0.0694923 0.0714638 0.0778345 0.0811628 0.0168839 0.0764214 0.0684264 0.0567653 0.0724469 0.0836661 0.0685758 0.0707340 0.0658296 0.0165703 0.0789311 0.0772228 0.1220976 0.0914705 0.0680714 0.0783934 0.0810203 0.0920469 0.0843016 0.0816134 0.0943018 0.0946492 0.0732336 0.0000000 0.0731714 0.0178390 
Dasyuridae_Dasyurus_geffroii                 0.0488327 0.0661986 0.0556140 0.0618644 0.0600230 0.0038076 0.0412086 0.0477830 0.0593954 0.0774176 0.0491612 0.0101152 0.0098935 0.0469494 0.0670491 0.0097141 0.0053578 0.0129210 0.0739937 0.0614371 0.0574967 0.1028553 0.0800019 0.0101537 0.0592380 0.0560382 0.0639575 0.0627605 0.0659962 0.0676778 0.0692697 0.0492658 0.0731714 0.0000000 0.0755096 
Peramelidae_Perameles_gunnii                 0.0720991 0.0876410 0.0792715 0.0882597 0.0838246 0.0711974 0.0739491 0.0803989 0.0844030 0.0000010 0.0789244 0.0701604 0.0548414 0.0749414 0.0926680 0.0708175 0.0730165 0.0680554 0.0218420 0.0811484 0.0825281 0.1331100 0.1007988 0.0700897 0.0798765 0.0857435 0.0966368 0.0843121 0.0859915 0.0961337 0.0999899 0.0770904 0.0178390 0.0755096 0.0000000 
