35
Burramyidae_Burramys_parvus                  0.0000000 0.0966424 0.0511220 0.0578927 0.0575367 0.0893726 0.0448654 0.0484015 0.0607025 0.0799964 0.0492484 0.1052381 0.0890521 0.0470168 0.0469592 0.1013298 0.0977803 0.1010298 0.0780778 0.0584163 0.0500762 0.1187384 0.1081032 0.1046885 0.0548264 0.0542499 0.0495971 0.0590599 0.0492609 0.0663553 0.0551330 0.0465895 0.0783592 0.0937443 0.0789593 
Notoryctidae_Notoryctes_typhlops             0.0966424 0.0000000 0.1090916 0.1126046 0.1140291 0.1301436 0.1081025 0.1123375 0.1058116 0.1250562 0.1052672 0.1577126 0.1410135 0.1108898 0.1109052 0.1511792 0.1393845 0.1536251 0.1213306 0.1083681 0.1124827 0.1759079 0.1623255 0.1597216 0.1169119 0.0906527 0.0984291 0.1208749 0.1090617 0.1227191 0.1052089 0.1097426 0.1205412 0.1353587 0.1246396 
Vombatidae_Lasiorhinus_latifrons             0.0511220 0.1090916 0.0000000 0.0688242 0.0677829 0.1001994 0.0626100 0.0645604 0.0741243 0.0894642 0.0669958 0.1245692 0.0980890 0.0623261 0.0602065 0.1185504 0.1076458 0.1170301 0.0869519 0.0706137 0.0623989 0.1309599 0.1198565 0.1212253 0.0697350 0.0638215 0.0603687 0.0722972 0.0596426 0.0808797 0.0679089 0.0613171 0.0861379 0.1027937 0.0891759 
Potoroidae_Bettongia_penicillata             0.0578927 0.1126046 0.0688242 0.0000000 0.0066430 0.1033555 0.0652533 0.0663599 0.0159410 0.0948661 0.0688521 0.1237894 0.1025982 0.0675247 0.0643985 0.1184470 0.1106093 0.1203904 0.0903569 0.0302729 0.0634436 0.1334391 0.1243808 0.1216423 0.0429912 0.0707541 0.0660682 0.0331227 0.0626575 0.0809113 0.0711391 0.0660180 0.0921195 0.1067960 0.0945810 
Potoroidae_Bettongia_lesueur                 0.0575367 0.1140291 0.0677829 0.0066430 0.0000000 0.1062960 0.0645546 0.0654064 0.0158804 0.0955072 0.0702530 0.1273362 0.1032879 0.0668178 0.0642929 0.1219047 0.1148810 0.1204270 0.0897138 0.0297464 0.0629870 0.1331719 0.1233874 0.1265515 0.0433662 0.0711743 0.0653990 0.0318219 0.0622768 0.0819321 0.0715384 0.0655538 0.0918706 0.1104921 0.0952642 
Dasyuridae_Dasyurus_maculatus                0.0893726 0.1301436 0.1001994 0.1033555 0.1062960 0.0000000 0.0957432 0.0960592 0.1019385 0.1140274 0.0882856 0.0387203 0.0409283 0.0963949 0.0970416 0.0335409 0.0173947 0.0386848 0.1126784 0.0999834 0.0979256 0.1308246 0.1358053 0.0329250 0.1056453 0.0863691 0.0888303 0.1105467 0.0987212 0.1076865 0.0950129 0.0935954 0.1139246 0.0086466 0.1139985 
Phalangeridae_Trichosurus_vulpecula          0.0448654 0.1081025 0.0626100 0.0652533 0.0645546 0.0957432 0.0000000 0.0189945 0.0690178 0.0820847 0.0236399 0.1067653 0.0826712 0.0174152 0.0548939 0.1073731 0.0927762 0.0930449 0.0811401 0.0668584 0.0593467 0.1126571 0.1022797 0.0951234 0.0655860 0.0644343 0.0611516 0.0642927 0.0618743 0.0668454 0.0607585 0.0171585 0.0808697 0.0993314 0.0818051 
Phalangeridae_Spilocuscus_maculatus          0.0484015 0.1123375 0.0645604 0.0663599 0.0654064 0.0960592 0.0189945 0.0000000 0.0710429 0.0841813 0.0154571 0.1101731 0.0847223 0.0091680 0.0573419 0.1114844 0.0940492 0.0917050 0.0826034 0.0683896 0.0605558 0.1150268 0.1030969 0.0983425 0.0661456 0.0643763 0.0647723 0.0649448 0.0627015 0.0674816 0.0652912 0.0084853 0.0829337 0.1006195 0.0838685 
Potoroidae_Aepyprymnus_rufescens             0.0607025 0.1058116 0.0741243 0.0159410 0.0158804 0.1019385 0.0690178 0.0710429 0.0000000 0.1002768 0.0649076 0.1179470 0.1080873 0.0709484 0.0691769 0.1127196 0.1067272 0.1144311 0.0950928 0.0253293 0.0652911 0.1347390 0.1277569 0.1149638 0.0455672 0.0688160 0.0604768 0.0365273 0.0662356 0.0810633 0.0665179 0.0689403 0.0987770 0.1035330 0.0994614 
Peramelidae_Perameles_nasuta                 0.0799964 0.1250562 0.0894642 0.0948661 0.0955072 0.1140274 0.0820847 0.0841813 0.1002768 0.0000000 0.0852248 0.1271974 0.1012591 0.0838150 0.0898530 0.1244729 0.1159015 0.1156287 0.0200662 0.0975854 0.0911135 0.1390632 0.1290118 0.1216563 0.0986282 0.0841362 0.0910415 0.0950195 0.0932360 0.1018507 0.0960587 0.0811535 0.0202203 0.1188375 0.0009546 
Phalangeridae_Strigocuscus_pelengensis       0.0492484 0.1052672 0.0669958 0.0688521 0.0702530 0.0882856 0.0236399 0.0154571 0.0649076 0.0852248 0.0000000 0.0912238 0.0840751 0.0139930 0.0616213 0.0925980 0.0845435 0.0772122 0.0852499 0.0616862 0.0630902 0.1128553 0.1045140 0.0824184 0.0708277 0.0605176 0.0578380 0.0691267 0.0667067 0.0678504 0.0572683 0.0129219 0.0844886 0.0908047 0.0851648 
Dasyuridae_Phascogale_tapoatafa              0.1052381 0.1577126 0.1245692 0.1237894 0.1273362 0.0387203 0.1067653 0.1101731 0.1179470 0.1271974 0.0912238 0.0000000 0.0467423 0.1075240 0.1175734 0.0119060 0.0337475 0.0413391 0.1260912 0.1176259 0.1186609 0.1624736 0.1600750 0.0253900 0.1248520 0.0986763 0.1043722 0.1311342 0.1204338 0.1185535 0.1070735 0.1067429 0.1290877 0.0396868 0.1263203 
Dasyuridae_Sminthopsis_macroura              0.0890521 0.1410135 0.0980890 0.1025982 0.1032879 0.0409283 0.0826712 0.0847223 0.1080873 0.1012591 0.0840751 0.0467423 0.0000000 0.0851677 0.0926696 0.0451824 0.0331295 0.0270070 0.1027684 0.1067399 0.0970072 0.1168229 0.1205440 0.0417902 0.1014610 0.0921175 0.0977921 0.1045211 0.0982028 0.1057576 0.1033185 0.0831520 0.1059416 0.0430769 0.1011750 
Phalangeridae_Phalanger_orientalis           0.0470168 0.1108898 0.0623261 0.0675247 0.0668178 0.0963949 0.0174152 0.0091680 0.0709484 0.0838150 0.0139930 0.1075240 0.0851677 0.0000000 0.0573648 0.1088344 0.0941593 0.0910965 0.0827446 0.0678626 0.0598986 0.1149625 0.1031989 0.0958919 0.0660141 0.0646889 0.0631509 0.0659307 0.0630972 0.0659912 0.0628714 0.0025808 0.0812703 0.0994781 0.0834927 
Acrobatidae_Acrobates_pygmaeus               0.0469592 0.1109052 0.0602065 0.0643985 0.0642929 0.0970416 0.0548939 0.0573419 0.0691769 0.0898530 0.0616213 0.1175734 0.0926696 0.0573648 0.0000000 0.1132189 0.1019688 0.1094381 0.0834106 0.0638282 0.0495933 0.1234076 0.1122200 0.1127236 0.0617772 0.0639646 0.0494526 0.0657827 0.0475082 0.0624624 0.0348908 0.0564226 0.0865142 0.1004303 0.0893336 
Dasyuridae_Phascogale_calura                 0.1013298 0.1511792 0.1185504 0.1184470 0.1219047 0.0335409 0.1073731 0.1114844 0.1127196 0.1244729 0.0925980 0.0119060 0.0451824 0.1088344 0.1132189 0.0000000 0.0314896 0.0397910 0.1226015 0.1124174 0.1159285 0.1592863 0.1564442 0.0237473 0.1203583 0.0949093 0.1014061 0.1319534 0.1175575 0.1128783 0.1024011 0.1080518 0.1262657 0.0338643 0.1236104 
Dasyuridae_Sarcophilus_harrisii              0.0977803 0.1393845 0.1076458 0.1106093 0.1148810 0.0173947 0.0927762 0.0940492 0.1067272 0.1159015 0.0845435 0.0337475 0.0331295 0.0941593 0.1019688 0.0314896 0.0000000 0.0318436 0.1150831 0.1068449 0.1047917 0.1240590 0.1256479 0.0268216 0.1101157 0.0937194 0.0966704 0.1165053 0.1051801 0.1098600 0.1012604 0.0913834 0.1184424 0.0187773 0.1153949 
Dasyuridae_Planigale_tenuirostris            0.1010298 0.1536251 0.1170301 0.1203904 0.1204270 0.0386848 0.0930449 0.0917050 0.1144311 0.1156287 0.0772122 0.0413391 0.0270070 0.0910965 0.1094381 0.0397910 0.0318436 0.0000000 0.1188261 0.1103943 0.1106041 0.1459430 0.1471726 0.0332417 0.1190869 0.0927892 0.0978111 0.1241692 0.1132439 0.1056543 0.1020182 0.0887270 0.1211864 0.0429535 0.1147386 
Peramelidae_Echymipera_kalubu                0.0780778 0.1213306 0.0869519 0.0903569 0.0897138 0.1126784 0.0811401 0.0826034 0.0950928 0.0200662 0.0852499 0.1260912 0.1027684 0.0827446 0.0834106 0.1226015 0.1150831 0.1188261 0.0000000 0.0931596 0.0881526 0.1374419 0.1272705 0.1219403 0.0938207 0.0789769 0.0879002 0.0912151 0.0893194 0.1015720 0.0922274 0.0806011 0.0157337 0.1180080 0.0196917 
Macropodidae_Dorcopsulus_vanheurni           0.0584163 0.1083681 0.0706137 0.0302729 0.0297464 0.0999834 0.0668584 0.0683896 0.0253293 0.0975854 0.0616862 0.1176259 0.1067399 0.0678626 0.0638282 0.1124174 0.1068449 0.1103943 0.0931596 0.0000000 0.0652601 0.1350068 0.1263786 0.1151830 0.0435181 0.0677364 0.0584338 0.0206589 0.0657778 0.0785603 0.0637475 0.0666455 0.0947936 0.1008477 0.0965854 
Pseudochiridae_Pseudochirulus_forbesi        0.0500762 0.1124827 0.0623989 0.0634436 0.0629870 0.0979256 0.0593467 0.0605558 0.0652911 0.0911135 0.0630902 0.1186609 0.0970072 0.0598986 0.0495933 0.1159285 0.1047917 0.1106041 0.0881526 0.0652601 0.0000000 0.1290357 0.1147639 0.1144721 0.0642559 0.0663873 0.0327774 0.0637602 0.0156972 0.0572913 0.0520107 0.0585055 0.0898893 0.1027144 0.0900253 
Didelphidae_Didelphis_virginiana             0.1187384 0.1759079 0.1309599 0.1334391 0.1331719 0.1308246 0.1126571 0.1150268 0.1347390 0.1390632 0.1128553 0.1624736 0.1168229 0.1149625 0.1234076 0.1592863 0.1240590 0.1459430 0.1374419 0.1350068 0.1290357 0.0000000 0.0355512 0.1577474 0.1326057 0.1199475 0.1315717 0.1336541 0.1302759 0.1351694 0.1337856 0.1132841 0.1378375 0.1319706 0.1384152 
Marmosidae_Monodelphis_domestica             0.1081032 0.1623255 0.1198565 0.1243808 0.1233874 0.1358053 0.1022797 0.1030969 0.1277569 0.1290118 0.1045140 0.1600750 0.1205440 0.1031989 0.1122200 0.1564442 0.1256479 0.1471726 0.1272705 0.1263786 0.1147639 0.0355512 0.0000000 0.1571382 0.1251505 0.1055925 0.1227832 0.1257826 0.1159253 0.1254027 0.1233476 0.1013377 0.1266621 0.1359686 0.1278055 
Dasyuridae_Antechinus_stuartii               0.1046885 0.1597216 0.1212253 0.1216423 0.1265515 0.0329250 0.0951234 0.0983425 0.1149638 0.1216563 0.0824184 0.0253900 0.0417902 0.0958919 0.1127236 0.0237473 0.0268216 0.0332417 0.1219403 0.1151830 0.1144721 0.1577474 0.1571382 0.0000000 0.1238277 0.0978978 0.1028754 0.1285806 0.1179010 0.1075870 0.1040914 0.0941909 0.1250294 0.0347241 0.1208280 
Hypsiprymnodontidae_Hypsiprymnodon_moschatus 0.0548264 0.1169119 0.0697350 0.0429912 0.0433662 0.1056453 0.0655860 0.0661456 0.0455672 0.0986282 0.0708277 0.1248520 0.1014610 0.0660141 0.0617772 0.1203583 0.1101157 0.1190869 0.0938207 0.0435181 0.0642559 0.1326057 0.1251505 0.1238277 0.0000000 0.0690440 0.0662472 0.0447912 0.0625448 0.0846636 0.0678943 0.0652039 0.0967783 0.1083263 0.0980288 
Microbiotheriidae_Dromiciops_gliroides       0.0542499 0.0906527 0.0638215 0.0707541 0.0711743 0.0863691 0.0644343 0.0643763 0.0688160 0.0841362 0.0605176 0.0986763 0.0921175 0.0646889 0.0639646 0.0949093 0.0937194 0.0927892 0.0789769 0.0677364 0.0663873 0.1199475 0.1055925 0.0978978 0.0690440 0.0000000 0.0552315 0.0780736 0.0644046 0.0796009 0.0625308 0.0641365 0.0818481 0.0898350 0.0835729 
Pseudochiridae_Petauroides_volans            0.0495971 0.0984291 0.0603687 0.0660682 0.0653990 0.0888303 0.0611516 0.0647723 0.0604768 0.0910415 0.0578380 0.1043722 0.0977921 0.0631509 0.0494526 0.1014061 0.0966704 0.0978111 0.0879002 0.0584338 0.0327774 0.1315717 0.1227832 0.1028754 0.0662472 0.0552315 0.0000000 0.0678963 0.0325596 0.0559334 0.0435943 0.0621768 0.0919935 0.0932364 0.0899646 
Macropodidae_Wallabia_bicolor                0.0590599 0.1208749 0.0722972 0.0331227 0.0318219 0.1105467 0.0642927 0.0649448 0.0365273 0.0950195 0.0691267 0.1311342 0.1045211 0.0659307 0.0657827 0.1319534 0.1165053 0.1241692 0.0912151 0.0206589 0.0637602 0.1336541 0.1257826 0.1285806 0.0447912 0.0780736 0.0678963 0.0000000 0.0646498 0.0834769 0.0742064 0.0647185 0.0937859 0.1133162 0.0935764 
Pseudochiridae_Pseudocheirus_occidentalis    0.0492609 0.1090617 0.0596426 0.0626575 0.0622768 0.0987212 0.0618743 0.0627015 0.0662356 0.0932360 0.0667067 0.1204338 0.0982028 0.0630972 0.0475082 0.1175575 0.1051801 0.1132439 0.0893194 0.0657778 0.0156972 0.1302759 0.1159253 0.1179010 0.0625448 0.0644046 0.0325596 0.0646498 0.0000000 0.0580951 0.0531162 0.0616887 0.0916448 0.1034334 0.0921525 
Tarsipedidae_Tarsipes_rostratus              0.0663553 0.1227191 0.0808797 0.0809113 0.0819321 0.1076865 0.0668454 0.0674816 0.0810633 0.1018507 0.0678504 0.1185535 0.1057576 0.0659912 0.0624624 0.1128783 0.1098600 0.1056543 0.1015720 0.0785603 0.0572913 0.1351694 0.1254027 0.1075870 0.0846636 0.0796009 0.0559334 0.0834769 0.0580951 0.0000000 0.0649783 0.0652691 0.1033795 0.1138063 0.1014989 
Acrobatidae_Distoechurus_pennatus            0.0551330 0.1052089 0.0679089 0.0711391 0.0715384 0.0950129 0.0607585 0.0652912 0.0665179 0.0960587 0.0572683 0.1070735 0.1033185 0.0628714 0.0348908 0.1024011 0.1012604 0.1020182 0.0922274 0.0637475 0.0520107 0.1337856 0.1233476 0.1040914 0.0678943 0.0625308 0.0435943 0.0742064 0.0531162 0.0649783 0.0000000 0.0618963 0.0946542 0.0982975 0.0955250 
Phalangeridae_Phalanger_carmelitae           0.0465895 0.1097426 0.0613171 0.0660180 0.0655538 0.0935954 0.0171585 0.0084853 0.0689403 0.0811535 0.0129219 0.1067429 0.0831520 0.0025808 0.0564226 0.1080518 0.0913834 0.0887270 0.0806011 0.0666455 0.0585055 0.1132841 0.1013377 0.0941909 0.0652039 0.0641365 0.0621768 0.0647185 0.0616887 0.0652691 0.0618963 0.0000000 0.0793383 0.0971715 0.0806541 
Peramelidae_Peroryctes_raffrayana            0.0783592 0.1205412 0.0861379 0.0921195 0.0918706 0.1139246 0.0808697 0.0829337 0.0987770 0.0202203 0.0844886 0.1290877 0.1059416 0.0812703 0.0865142 0.1262657 0.1184424 0.1211864 0.0157337 0.0947936 0.0898893 0.1378375 0.1266621 0.1250294 0.0967783 0.0818481 0.0919935 0.0937859 0.0916448 0.1033795 0.0946542 0.0793383 0.0000000 0.1175390 0.0200259 
Dasyuridae_Dasyurus_geffroii                 0.0937443 0.1353587 0.1027937 0.1067960 0.1104921 0.0086466 0.0993314 0.1006195 0.1035330 0.1188375 0.0908047 0.0396868 0.0430769 0.0994781 0.1004303 0.0338643 0.0187773 0.0429535 0.1180080 0.1008477 0.1027144 0.1319706 0.1359686 0.0347241 0.1083263 0.0898350 0.0932364 0.1133162 0.1034334 0.1138063 0.0982975 0.0971715 0.1175390 0.0000000 0.1188068 
Peramelidae_Perameles_gunnii                 0.0789593 0.1246396 0.0891759 0.0945810 0.0952642 0.1139985 0.0818051 0.0838685 0.0994614 0.0009546 0.0851648 0.1263203 0.1011750 0.0834927 0.0893336 0.1236104 0.1153949 0.1147386 0.0196917 0.0965854 0.0900253 0.1384152 0.1278055 0.1208280 0.0980288 0.0835729 0.0899646 0.0935764 0.0921525 0.1014989 0.0955250 0.0806541 0.0200259 0.1188068 0.0000000 
