37
Burramyidae_Burramys_parvus                  0.0000000 0.0860379 0.0566880 0.0621355 0.0625802 0.0994350 0.0514543 0.0526044 0.0617612 0.0954631 0.1186935 0.0511574 0.1054738 0.1029126 0.0536040 0.0526170 0.1021859 0.0989271 0.0923720 0.0980459 0.0593092 0.0563945 0.0801448 0.0908129 0.0993179 0.0580108 0.0624109 0.0610984 0.0594789 0.0559935 0.0857465 0.0583165 0.1186935 0.0513962 0.0936087 0.1029388 0.0952559 
Notoryctidae_Notoryctes_typhlops             0.0860379 0.0000000 0.0841942 0.0889907 0.0897193 0.1061310 0.0860088 0.0871181 0.0889227 0.1023193 0.0979497 0.0850166 0.1106013 0.1113043 0.0871383 0.0850832 0.1128867 0.1065386 0.1055020 0.1032922 0.0883753 0.0936387 0.0921017 0.1039307 0.1065221 0.0856264 0.0765242 0.0985885 0.0882487 0.0919915 0.1054695 0.0908229 0.0979497 0.0856841 0.0956481 0.1126968 0.1025129 
Vombatidae_Lasiorhinus_latifrons             0.0566880 0.0841942 0.0000000 0.0664094 0.0666424 0.0950514 0.0567688 0.0586920 0.0659535 0.0879863 0.0943673 0.0586136 0.1005617 0.0961427 0.0604267 0.0590698 0.0993484 0.0959234 0.0915403 0.0898918 0.0619023 0.0622084 0.0779043 0.0946474 0.0961281 0.0653894 0.0568058 0.0659744 0.0621089 0.0596546 0.0869336 0.0636922 0.0943673 0.0589054 0.0896446 0.0988625 0.0894082 
Potoroidae_Bettongia_penicillata             0.0621355 0.0889907 0.0664094 0.0000000 0.0042869 0.1085350 0.0646580 0.0644262 0.0139105 0.0981930 0.1094642 0.0615128 0.1102688 0.1071289 0.0649835 0.0587397 0.1097166 0.1089596 0.1063589 0.0984315 0.0255615 0.0673361 0.0853287 0.0948077 0.1044728 0.0390885 0.0654923 0.0703634 0.0234804 0.0639815 0.0878358 0.0643937 0.1094642 0.0626755 0.0970719 0.1137824 0.0992701 
Potoroidae_Bettongia_lesueur                 0.0625802 0.0897193 0.0666424 0.0042869 0.0000000 0.1077901 0.0641302 0.0646237 0.0143315 0.0993353 0.1125485 0.0617140 0.1104973 0.1081938 0.0646833 0.0591655 0.1099463 0.1081060 0.1068502 0.0991860 0.0258228 0.0678924 0.0862518 0.0939024 0.1049518 0.0395207 0.0651792 0.0708876 0.0241756 0.0639939 0.0890714 0.0653867 0.1125485 0.0623790 0.0981448 0.1130815 0.1000275 
Dasyuridae_Dasyurus_maculatus                0.0994350 0.1061310 0.0950514 0.1085350 0.1077901 0.0000000 0.0985820 0.0999614 0.1075456 0.1163989 0.0896974 0.0990170 0.0224827 0.0307774 0.1007806 0.0993469 0.0238740 0.0058666 0.0271098 0.1155578 0.1059135 0.1067822 0.0955130 0.1119864 0.0200615 0.1008205 0.0871185 0.1132160 0.1057495 0.1058300 0.1353622 0.1059201 0.0896974 0.0974468 0.1086337 0.0064826 0.1172809 
Phalangeridae_Trichosurus_vulpecula          0.0514543 0.0860088 0.0567688 0.0646580 0.0641302 0.0985820 0.0000000 0.0252227 0.0617557 0.0947734 0.1101553 0.0248142 0.1037034 0.1022413 0.0256751 0.0544505 0.1013371 0.0968087 0.0963672 0.0972522 0.0613924 0.0555164 0.0854404 0.0995663 0.0987191 0.0592856 0.0579361 0.0586198 0.0619845 0.0519631 0.0775303 0.0579852 0.1101553 0.0228195 0.0932791 0.1001428 0.0969593 
Phalangeridae_Spilocuscus_maculatus          0.0526044 0.0871181 0.0586920 0.0644262 0.0646237 0.0999614 0.0252227 0.0000000 0.0625151 0.0975633 0.1174115 0.0153559 0.1050825 0.1052261 0.0148679 0.0575458 0.1032967 0.0975732 0.0989962 0.0984572 0.0628564 0.0569551 0.0883308 0.1018708 0.0996618 0.0609933 0.0625208 0.0608424 0.0629625 0.0547905 0.0783790 0.0577313 0.1174115 0.0125395 0.0960113 0.1026873 0.0984744 
Potoroidae_Aepyprymnus_rufescens             0.0617612 0.0889227 0.0659535 0.0139105 0.0143315 0.1075456 0.0617557 0.0625151 0.0000000 0.0998840 0.1135483 0.0593470 0.1104671 0.1068720 0.0625748 0.0583071 0.1093202 0.1073789 0.1039990 0.0995776 0.0255049 0.0656961 0.0846688 0.0949486 0.1035639 0.0373649 0.0663781 0.0664403 0.0245225 0.0623551 0.0888801 0.0637235 0.1135483 0.0607772 0.0979438 0.1112939 0.1007966 
Peramelidae_Perameles_nasuta                 0.0954631 0.1023193 0.0879863 0.0981930 0.0993353 0.1163989 0.0947734 0.0975633 0.0998840 0.0000000 0.0927454 0.0955148 0.1243439 0.1182430 0.0981775 0.0957499 0.1245888 0.1204892 0.1165545 0.0184400 0.0979602 0.1003915 0.0920932 0.1093272 0.1198562 0.0961070 0.0799784 0.1046446 0.0962858 0.0973547 0.1200966 0.0996505 0.0927454 0.0960622 0.0158256 0.1218351 0.0024677 
Myrmecobiidae_Myrmecobius_fasciatus1         0.1186935 0.0979497 0.0943673 0.1094642 0.1125485 0.0896974 0.1101553 0.1174115 0.1135483 0.0927454 0.0000000 0.0986103 0.0843330 0.0775331 0.1122346 0.0817826 0.0878124 9.0000000 9.0000000 0.0846200 0.1060478 0.0981446 0.0926200 9.0000000 9.0000000 0.1039784 0.0692854 0.0822503 0.1064643 0.0962970 0.1297491 0.0967518 0.0000010 0.1122346 0.0886437 0.0870626 0.0891621 
Phalangeridae_Strigocuscus_pelengensis       0.0511574 0.0850166 0.0586136 0.0615128 0.0617140 0.0990170 0.0248142 0.0153559 0.0593470 0.0955148 0.0986103 0.0000000 0.1028989 0.1039963 0.0132133 0.0537648 0.1017387 0.1003896 0.0991221 0.0971278 0.0592583 0.0557751 0.0864729 0.1026382 0.1008244 0.0581689 0.0589483 0.0593803 0.0590430 0.0543604 0.0757520 0.0563865 0.0986103 0.0117078 0.0942360 0.1021014 0.0970368 
Dasyuridae_Phascogale_tapoatafa              0.1054738 0.1106013 0.1005617 0.1102688 0.1104973 0.0224827 0.1037034 0.1050825 0.1104671 0.1243439 0.0843330 0.1028989 0.0000000 0.0330712 0.1058964 0.1054515 0.0058044 0.0235127 0.0310986 0.1242989 0.1093771 0.1093548 0.1024408 0.1194986 0.0114241 0.1053315 0.0933994 0.1178751 0.1095912 0.1087899 0.1378055 0.1099099 0.0843330 0.1034351 0.1159015 0.0252327 0.1241071 
Dasyuridae_Sminthopsis_macroura              0.1029126 0.1113043 0.0961427 0.1071289 0.1081938 0.0307774 0.1022413 0.1052261 0.1068720 0.1182430 0.0775331 0.1039963 0.0330712 0.0000000 0.1046088 0.1018809 0.0325812 0.0281361 0.0203331 0.1188602 0.1060850 0.1078444 0.0983492 0.1154076 0.0279638 0.1027782 0.0911505 0.1138601 0.1066764 0.1059541 0.1343689 0.1046398 0.0775331 0.1031043 0.1122653 0.0343669 0.1183451 
Phalangeridae_Phalanger_orientalis           0.0536040 0.0871383 0.0604267 0.0649835 0.0646833 0.1007806 0.0256751 0.0148679 0.0625748 0.0981775 0.1122346 0.0132133 0.1058964 0.1046088 0.0000000 0.0573453 0.1041121 0.0998573 0.0993907 0.0993756 0.0623879 0.0559865 0.0883444 0.1018924 0.1005002 0.0588503 0.0601506 0.0598023 0.0629945 0.0545925 0.0805963 0.0590015 0.1122346 0.0058907 0.0963733 0.1034944 0.0999204 
Acrobatidae_Acrobates_pygmaeus               0.0526170 0.0850832 0.0590698 0.0587397 0.0591655 0.0993469 0.0544505 0.0575458 0.0583071 0.0957499 0.0817826 0.0537648 0.1054515 0.1018809 0.0573453 0.0000000 0.1042417 0.1018837 0.1000134 0.0946499 0.0588323 0.0499873 0.0789334 0.0923731 0.1023942 0.0566383 0.0591132 0.0539476 0.0579005 0.0465221 0.0729586 0.0356316 0.0817826 0.0548676 0.0918878 0.1036819 0.0958333 
Dasyuridae_Phascogale_calura                 0.1021859 0.1128867 0.0993484 0.1097166 0.1099463 0.0238740 0.1013371 0.1032967 0.1093202 0.1245888 0.0878124 0.1017387 0.0058044 0.0325812 0.1041121 0.1042417 0.0000000 0.0242757 0.0316531 0.1251190 0.1082240 0.1072463 0.1021007 0.1202305 0.0121557 0.1050569 0.0946642 0.1160471 0.1087385 0.1069987 0.1366324 0.1081165 0.0878124 0.1016511 0.1174879 0.0256355 0.1246348 
Dasyuridae_Sarcophilus_harrisii              0.0989271 0.1065386 0.0959234 0.1089596 0.1081060 0.0058666 0.0968087 0.0975732 0.1073789 0.1204892 9.0000000 0.1003896 0.0235127 0.0281361 0.0998573 0.1018837 0.0242757 0.0000000 0.0258449 0.1203651 0.1065883 0.1072109 0.0942591 0.1148681 0.0208428 0.1022213 0.0893985 0.1151275 0.1066769 0.1064751 0.1360837 0.1068105 9.0000000 0.0968807 0.1116451 0.0084925 0.1207404 
Dasyuridae_Planigale_tenuirostris            0.0923720 0.1055020 0.0915403 0.1063589 0.1068502 0.0271098 0.0963672 0.0989962 0.1039990 0.1165545 9.0000000 0.0991221 0.0310986 0.0203331 0.0993907 0.1000134 0.0316531 0.0258449 0.0000000 0.1188681 0.1021516 0.1024711 0.0919506 0.1146916 0.0274820 0.1007142 0.0898159 0.1093983 0.1038935 0.1003743 0.1282997 0.1025047 9.0000000 0.0978347 0.1095967 0.0300197 0.1178242 
Peramelidae_Echymipera_kalubu                0.0980459 0.1032922 0.0898918 0.0984315 0.0991860 0.1155578 0.0972522 0.0984572 0.0995776 0.0184400 0.0846200 0.0971278 0.1242989 0.1188602 0.0993756 0.0946499 0.1251190 0.1203651 0.1188681 0.0000000 0.0975970 0.1017486 0.0953996 0.1132379 0.1197263 0.0959534 0.0808230 0.1056047 0.0958461 0.0983366 0.1208021 0.1000858 0.0846200 0.0967828 0.0140944 0.1212091 0.0182025 
Macropodidae_Dorcopsulus_vanheurni           0.0593092 0.0883753 0.0619023 0.0255615 0.0258228 0.1059135 0.0613924 0.0628564 0.0255049 0.0979602 0.1060478 0.0592583 0.1093771 0.1060850 0.0623879 0.0588323 0.1082240 0.1065883 0.1021516 0.0975970 0.0000000 0.0635130 0.0837956 0.0956456 0.1027474 0.0400736 0.0627682 0.0664704 0.0107911 0.0604166 0.0890553 0.0644353 0.1060478 0.0603620 0.0945028 0.1114848 0.0990633 
Pseudochiridae_Pseudochirulus_forbesi        0.0563945 0.0936387 0.0622084 0.0673361 0.0678924 0.1067822 0.0555164 0.0569551 0.0656961 0.1003915 0.0981446 0.0557751 0.1093548 0.1078444 0.0559865 0.0499873 0.1072463 0.1072109 0.1024711 0.1017486 0.0635130 0.0000000 0.0843771 0.1004007 0.1059759 0.0636103 0.0622094 0.0379730 0.0628135 0.0176895 0.0729899 0.0526568 0.0981446 0.0544708 0.0989501 0.1107961 0.1010497 
Didelphidae_Didelphis_virginiana             0.0801448 0.0921017 0.0779043 0.0853287 0.0862518 0.0955130 0.0854404 0.0883308 0.0846688 0.0920932 0.0926200 0.0864729 0.1024408 0.0983492 0.0883444 0.0789334 0.1021007 0.0942591 0.0919506 0.0953996 0.0837956 0.0843771 0.0000000 0.0316060 0.0992896 0.0830600 0.0672356 0.0906205 0.0861938 0.0818735 0.1011443 0.0854319 0.0926200 0.0868979 0.0939408 0.1015225 0.0954707 
Marmosidae_Monodelphis_domestica             0.0908129 0.1039307 0.0946474 0.0948077 0.0939024 0.1119864 0.0995663 0.1018708 0.0949486 0.1093272 9.0000000 0.1026382 0.1194986 0.1154076 0.1018924 0.0923731 0.1202305 0.1148681 0.1146916 0.1132379 0.0956456 0.1004007 0.0316060 0.0000000 0.1182788 0.0995478 0.0828291 0.1090591 0.0968664 0.0976089 0.1462665 0.1002308 9.0000000 0.0998908 0.1086882 0.1153046 0.1135317 
Dasyuridae_Antechinus_stuartii               0.0993179 0.1065221 0.0961281 0.1044728 0.1049518 0.0200615 0.0987191 0.0996618 0.1035639 0.1198562 9.0000000 0.1008244 0.0114241 0.0279638 0.1005002 0.1023942 0.0121557 0.0208428 0.0274820 0.1197263 0.1027474 0.1059759 0.0992896 0.1182788 0.0000000 0.1000178 0.0883950 0.1149280 0.1037514 0.1053596 0.1315788 0.1065729 9.0000000 0.0985146 0.1110541 0.0233462 0.1204071 
Hypsiprymnodontidae_Hypsiprymnodon_moschatus 0.0580108 0.0856264 0.0653894 0.0390885 0.0395207 0.1008205 0.0592856 0.0609933 0.0373649 0.0961070 0.1039784 0.0581689 0.1053315 0.1027782 0.0588503 0.0566383 0.1050569 0.1022213 0.1007142 0.0959534 0.0400736 0.0636103 0.0830600 0.0995478 0.1000178 0.0000000 0.0627580 0.0655953 0.0399845 0.0607231 0.0874362 0.0614150 0.1039784 0.0585347 0.0925289 0.1054665 0.0960382 
Microbiotheriidae_Dromiciops_gliroides       0.0624109 0.0765242 0.0568058 0.0654923 0.0651792 0.0871185 0.0579361 0.0625208 0.0663781 0.0799784 0.0692854 0.0589483 0.0933994 0.0911505 0.0601506 0.0591132 0.0946642 0.0893985 0.0898159 0.0808230 0.0627682 0.0622094 0.0672356 0.0828291 0.0883950 0.0627580 0.0000000 0.0684739 0.0623610 0.0610657 0.0896921 0.0631214 0.0692854 0.0591771 0.0794520 0.0930681 0.0813001 
Pseudochiridae_Petauroides_volans            0.0610984 0.0985885 0.0659744 0.0703634 0.0708876 0.1132160 0.0586198 0.0608424 0.0664403 0.1046446 0.0822503 0.0593803 0.1178751 0.1138601 0.0598023 0.0539476 0.1160471 0.1151275 0.1093983 0.1056047 0.0664704 0.0379730 0.0906205 0.1090591 0.1149280 0.0655953 0.0684739 0.0000000 0.0662564 0.0368436 0.0704221 0.0572878 0.0822503 0.0588442 0.1037814 0.1169839 0.1059431 
Macropodidae_Wallabia_bicolor                0.0594789 0.0882487 0.0621089 0.0234804 0.0241756 0.1057495 0.0619845 0.0629625 0.0245225 0.0962858 0.1064643 0.0590430 0.1095912 0.1066764 0.0629945 0.0579005 0.1087385 0.1066769 0.1038935 0.0958461 0.0107911 0.0628135 0.0861938 0.0968664 0.1037514 0.0399845 0.0623610 0.0662564 0.0000000 0.0594662 0.0900834 0.0645558 0.1064643 0.0607004 0.0950786 0.1110067 0.0976100 
Pseudochiridae_Pseudocheirus_occidentalis    0.0559935 0.0919915 0.0596546 0.0639815 0.0639939 0.1058300 0.0519631 0.0547905 0.0623551 0.0973547 0.0962970 0.0543604 0.1087899 0.1059541 0.0545925 0.0465221 0.1069987 0.1064751 0.1003743 0.0983366 0.0604166 0.0176895 0.0818735 0.0976089 0.1053596 0.0607231 0.0610657 0.0368436 0.0594662 0.0000000 0.0685323 0.0503507 0.0962970 0.0530827 0.0957738 0.1088671 0.0984475 
Tarsipedidae_Tarsipes_rostratus              0.0857465 0.1054695 0.0869336 0.0878358 0.0890714 0.1353622 0.0775303 0.0783790 0.0888801 0.1200966 0.1297491 0.0757520 0.1378055 0.1343689 0.0805963 0.0729586 0.1366324 0.1360837 0.1282997 0.1208021 0.0890553 0.0729899 0.1011443 0.1462665 0.1315788 0.0874362 0.0896921 0.0704221 0.0900834 0.0685323 0.0000000 0.0767868 0.1297491 0.0788551 0.1134157 0.1391734 0.1197244 
Acrobatidae_Distoechurus_pennatus            0.0583165 0.0908229 0.0636922 0.0643937 0.0653867 0.1059201 0.0579852 0.0577313 0.0637235 0.0996505 0.0967518 0.0563865 0.1099099 0.1046398 0.0590015 0.0356316 0.1081165 0.1068105 0.1025047 0.1000858 0.0644353 0.0526568 0.0854319 0.1002308 0.1065729 0.0614150 0.0631214 0.0572878 0.0645558 0.0503507 0.0767868 0.0000000 0.0967518 0.0572075 0.0958301 0.1105397 0.0998633 
Myrmecobiidae_Myrmecobius_fasciatus2         0.1186935 0.0979497 0.0943673 0.1094642 0.1125485 0.0896974 0.1101553 0.1174115 0.1135483 0.0927454 0.0000010 0.0986103 0.0843330 0.0775331 0.1122346 0.0817826 0.0878124 9.0000000 9.0000000 0.0846200 0.1060478 0.0981446 0.0926200 9.0000000 9.0000000 0.1039784 0.0692854 0.0822503 0.1064643 0.0962970 0.1297491 0.0967518 0.0000000 0.1122346 0.0886437 0.0870626 0.0891621 
Phalangeridae_Phalanger_carmelitae           0.0513962 0.0856841 0.0589054 0.0626755 0.0623790 0.0974468 0.0228195 0.0125395 0.0607772 0.0960622 0.1122346 0.0117078 0.1034351 0.1031043 0.0058907 0.0548676 0.1016511 0.0968807 0.0978347 0.0967828 0.0603620 0.0544708 0.0868979 0.0998908 0.0985146 0.0585347 0.0591771 0.0588442 0.0607004 0.0530827 0.0788551 0.0572075 0.1122346 0.0000000 0.0933158 0.1002007 0.0973483 
Peramelidae_Peroryctes_raffrayana            0.0936087 0.0956481 0.0896446 0.0970719 0.0981448 0.1086337 0.0932791 0.0960113 0.0979438 0.0158256 0.0886437 0.0942360 0.1159015 0.1122653 0.0963733 0.0918878 0.1174879 0.1116451 0.1095967 0.0140944 0.0945028 0.0989501 0.0939408 0.1086882 0.1110541 0.0925289 0.0794520 0.1037814 0.0950786 0.0957738 0.1134157 0.0958301 0.0886437 0.0933158 0.0000000 0.1149264 0.0164347 
Dasyuridae_Dasyurus_geffroii                 0.1029388 0.1126968 0.0988625 0.1137824 0.1130815 0.0064826 0.1001428 0.1026873 0.1112939 0.1218351 0.0870626 0.1021014 0.0252327 0.0343669 0.1034944 0.1036819 0.0256355 0.0084925 0.0300197 0.1212091 0.1114848 0.1107961 0.1015225 0.1153046 0.0233462 0.1054665 0.0930681 0.1169839 0.1110067 0.1088671 0.1391734 0.1105397 0.0870626 0.1002007 0.1149264 0.0000000 0.1222376 
Peramelidae_Perameles_gunnii                 0.0952559 0.1025129 0.0894082 0.0992701 0.1000275 0.1172809 0.0969593 0.0984744 0.1007966 0.0024677 0.0891621 0.0970368 0.1241071 0.1183451 0.0999204 0.0958333 0.1246348 0.1207404 0.1178242 0.0182025 0.0990633 0.1010497 0.0954707 0.1135317 0.1204071 0.0960382 0.0813001 0.1059431 0.0976100 0.0984475 0.1197244 0.0998633 0.0891621 0.0973483 0.0164347 0.1222376 0.0000000 
