35
Burramyidae_Burramys_parvus                  0.0000000 0.0663308 0.0469417 0.0552509 0.0532301 0.0682920 0.0582391 0.0474718 0.0529605 0.0610726 0.0521620 0.0705036 0.0704725 0.0506424 0.0727559 0.0672457 0.0673128 0.0842952 0.0695887 0.0598779 0.0555096 0.0854349 0.0813459 0.0649208 0.0477776 0.0521926 0.0577469 0.0593346 0.0735896 0.0593344 0.0706137 0.0498087 0.0654106 0.0688713 0.0604094 
Notoryctidae_Notoryctes_typhlops             0.0663308 0.0000000 0.0722711 0.0821167 0.0798388 0.0789965 0.0790578 0.0695124 0.0787880 0.0747867 0.0782685 0.0762475 0.0822352 0.0765802 0.0857614 0.0727714 0.0736029 0.0953030 0.0758576 0.0822051 0.0850703 0.0954095 0.0836729 0.0720252 0.0763008 0.0691933 0.0802745 0.0825940 0.0922230 0.0839198 0.0803841 0.0773675 0.0670617 0.0788743 0.0737587 
Vombatidae_Lasiorhinus_latifrons             0.0469417 0.0722711 0.0000000 0.0655540 0.0633875 0.0721787 0.0672849 0.0610809 0.0647861 0.0629621 0.0653305 0.0695108 0.0746452 0.0611168 0.0740639 0.0661244 0.0668685 0.0896363 0.0678985 0.0648653 0.0690961 0.0881151 0.0742217 0.0660945 0.0572632 0.0568892 0.0608214 0.0658104 0.0823836 0.0704564 0.0731560 0.0611080 0.0619221 0.0721787 0.0611981 
Potoroidae_Bettongia_penicillata             0.0552509 0.0821167 0.0655540 0.0000000 0.0106756 0.0769877 0.0697524 0.0604221 0.0177421 0.0718162 0.0681959 0.0794670 0.0802740 0.0645550 0.0800789 0.0786245 0.0745135 0.0889279 0.0769165 0.0373759 0.0654400 0.0979297 0.0892335 0.0755441 0.0353915 0.0632202 0.0652469 0.0374257 0.0821909 0.0652652 0.0735061 0.0652938 0.0796663 0.0751613 0.0717012 
Potoroidae_Bettongia_lesueur                 0.0532301 0.0798388 0.0633875 0.0106756 0.0000000 0.0766406 0.0682896 0.0591094 0.0176048 0.0704419 0.0676841 0.0780393 0.0788385 0.0639955 0.0795905 0.0772056 0.0731363 0.0864979 0.0764531 0.0370729 0.0682743 0.0954708 0.0894216 0.0733247 0.0373271 0.0621067 0.0640213 0.0386032 0.0843192 0.0674426 0.0756617 0.0647276 0.0781460 0.0747148 0.0695369 
Dasyuridae_Dasyurus_maculatus                0.0682920 0.0789965 0.0721787 0.0769877 0.0766406 0.0000000 0.0827190 0.0780581 0.0771878 0.0756306 0.0852668 0.0202914 0.0274627 0.0797555 0.0957904 0.0195951 0.0086504 0.0342128 0.0776042 0.0813998 0.0841339 0.0901335 0.0785220 0.0161879 0.0770033 0.0636518 0.0845308 0.0789755 0.1067762 0.0787166 0.0938567 0.0806334 0.0792440 0.0093169 0.0738633 
Phalangeridae_Trichosurus_vulpecula          0.0582391 0.0790578 0.0672849 0.0697524 0.0682896 0.0827190 0.0000000 0.0490762 0.0697291 0.0723980 0.0574390 0.0841637 0.0860067 0.0515227 0.0774868 0.0832903 0.0807660 0.0964299 0.0871391 0.0766457 0.0792131 0.1059293 0.0912531 0.0809819 0.0613540 0.0685539 0.0659820 0.0750406 0.0881368 0.0786223 0.0832974 0.0506724 0.0755580 0.0841637 0.0703520 
Phalangeridae_Spilocuscus_maculatus          0.0474718 0.0695124 0.0610809 0.0604221 0.0591094 0.0780581 0.0490762 0.0000000 0.0580892 0.0684553 0.0109955 0.0778989 0.0769094 0.0099855 0.0819250 0.0753827 0.0737887 0.0912433 0.0759579 0.0645100 0.0713223 0.1008691 0.0862748 0.0739806 0.0584037 0.0608214 0.0666062 0.0646027 0.0867310 0.0663862 0.0814070 0.0119903 0.0740843 0.0770584 0.0657894 
Potoroidae_Aepyprymnus_rufescens             0.0529605 0.0787880 0.0647861 0.0177421 0.0176048 0.0771878 0.0697291 0.0580892 0.0000000 0.0703172 0.0658512 0.0777555 0.0766559 0.0638163 0.0830102 0.0752453 0.0736551 0.0852397 0.0764988 0.0358837 0.0681340 0.0961988 0.0847280 0.0746809 0.0376922 0.0644131 0.0638188 0.0359312 0.0826315 0.0646206 0.0739133 0.0645550 0.0798871 0.0752453 0.0694040 
Peramelidae_Perameles_nasuta                 0.0610726 0.0747867 0.0629621 0.0718162 0.0704419 0.0756306 0.0723980 0.0684553 0.0703172 0.0000000 0.0769286 0.0755178 0.0797701 0.0709816 0.0893325 0.0721480 0.0705458 0.0903442 0.0180139 0.0741257 0.0790347 0.0950968 0.0874024 0.0714237 0.0677670 0.0636700 0.0663372 0.0803366 0.0942200 0.0850857 0.0802605 0.0710056 0.0172921 0.0747840 0.0006675 
Phalangeridae_Strigocuscus_pelengensis       0.0521620 0.0782685 0.0653305 0.0681959 0.0676841 0.0852668 0.0574390 0.0109955 0.0658512 0.0769286 0.0000000 0.0850857 0.0850440 0.0096189 0.0879810 0.0824421 0.0807745 0.0940375 0.0820855 0.0725304 0.0753076 0.1070184 0.0930444 0.0807355 0.0627950 0.0629432 0.0741414 0.0709347 0.0908710 0.0707137 0.0858440 0.0096043 0.0811042 0.0842026 0.0743363 
Dasyuridae_Phascogale_tapoatafa              0.0705036 0.0762475 0.0695108 0.0794670 0.0780393 0.0202914 0.0841637 0.0778989 0.0777555 0.0755178 0.0850857 0.0000000 0.0252459 0.0795925 0.0990359 0.0032712 0.0133297 0.0333277 0.0814451 0.0805059 0.0889426 0.0918868 0.0758175 0.0066138 0.0775759 0.0642626 0.0882104 0.0780866 0.1093789 0.0784376 0.0920516 0.0804684 0.0795899 0.0181510 0.0737537 
Dasyuridae_Sminthopsis_macroura              0.0704725 0.0822352 0.0746452 0.0802740 0.0788385 0.0274627 0.0860067 0.0769094 0.0766559 0.0797701 0.0850440 0.0252459 0.0000000 0.0785957 0.1027757 0.0245385 0.0252692 0.0393088 0.0816510 0.0847261 0.0871927 0.0972978 0.0882541 0.0217955 0.0772311 0.0683683 0.0870897 0.0822892 0.1082522 0.0817182 0.0955183 0.0794670 0.0823899 0.0273769 0.0779834 
Phalangeridae_Phalanger_orientalis           0.0506424 0.0765802 0.0611168 0.0645550 0.0639955 0.0797555 0.0515227 0.0099855 0.0638163 0.0709816 0.0096189 0.0795925 0.0785957 0.0000000 0.0864503 0.0770661 0.0754672 0.0943172 0.0802034 0.0703424 0.0780543 0.1036717 0.0907544 0.0756636 0.0584955 0.0625175 0.0750695 0.0687962 0.0904771 0.0715296 0.0858137 0.0046240 0.0785685 0.0787486 0.0682928 
Acrobatidae_Acrobates_pygmaeus               0.0727559 0.0857614 0.0740639 0.0800789 0.0795905 0.0957904 0.0774868 0.0819250 0.0830102 0.0893325 0.0879810 0.0990359 0.1027757 0.0864503 0.0000000 0.0954366 0.0946420 0.1016204 0.1021503 0.0906086 0.0750467 0.1100325 0.0970637 0.0939000 0.0735412 0.0789339 0.0529670 0.0837376 0.0718817 0.0865745 0.0724349 0.0880627 0.0945997 0.0964851 0.0882541 
Dasyuridae_Phascogale_calura                 0.0672457 0.0727714 0.0661244 0.0786245 0.0772056 0.0195951 0.0832903 0.0753827 0.0752453 0.0721480 0.0824421 0.0032712 0.0245385 0.0770661 0.0954366 0.0000000 0.0126505 0.0324956 0.0789022 0.0796591 0.0863824 0.0891824 0.0732491 0.0052805 0.0750467 0.0609287 0.0853003 0.0772437 0.1055984 0.0759037 0.0911776 0.0779348 0.0760562 0.0174611 0.0712371 
Dasyuridae_Sarcophilus_harrisii              0.0673128 0.0736029 0.0668685 0.0745135 0.0731363 0.0086504 0.0807660 0.0737887 0.0736551 0.0705458 0.0807745 0.0133297 0.0252692 0.0754672 0.0946420 0.0126505 0.0000000 0.0333277 0.0749965 0.0763674 0.0830774 0.0874830 0.0741807 0.0099797 0.0726074 0.0617595 0.0844327 0.0739646 0.1057150 0.0734605 0.0921476 0.0763323 0.0733131 0.0066141 0.0688064 
Dasyuridae_Planigale_tenuirostris            0.0842952 0.0953030 0.0896363 0.0889279 0.0864979 0.0342128 0.0964299 0.0912433 0.0852397 0.0903442 0.0940375 0.0333277 0.0393088 0.0943172 0.1016204 0.0324956 0.0333277 0.0000000 0.0941394 0.0972883 0.0963179 0.1055077 0.0962842 0.0291747 0.0833253 0.0770099 0.0906146 0.0915580 0.1159217 0.0945985 0.1033052 0.0963343 0.0903938 0.0358357 0.0894517 
Peramelidae_Echymipera_kalubu                0.0695887 0.0758576 0.0678985 0.0769165 0.0764531 0.0776042 0.0871391 0.0759579 0.0764988 0.0180139 0.0820855 0.0814451 0.0816510 0.0802034 0.1021503 0.0789022 0.0749965 0.0941394 0.0000000 0.0796578 0.0807162 0.1036371 0.0921378 0.0777277 0.0752246 0.0665817 0.0748725 0.0832155 0.1047547 0.0878808 0.0917959 0.0802337 0.0209241 0.0791376 0.0172867 
Macropodidae_Dorcopsulus_vanheurni           0.0598779 0.0822051 0.0648653 0.0373759 0.0370729 0.0813998 0.0766457 0.0645100 0.0358837 0.0741257 0.0725304 0.0805059 0.0847261 0.0703424 0.0906086 0.0796591 0.0763674 0.0972883 0.0796578 0.0000000 0.0722070 0.1023417 0.0976611 0.0782542 0.0483919 0.0668511 0.0708991 0.0182521 0.0933374 0.0720005 0.0800733 0.0710880 0.0786376 0.0813545 0.0733895 
Pseudochiridae_Pseudochirulus_forbesi        0.0555096 0.0850703 0.0690961 0.0654400 0.0682743 0.0841339 0.0792131 0.0713223 0.0681340 0.0790347 0.0753076 0.0889426 0.0871927 0.0780543 0.0750467 0.0863824 0.0830774 0.0963179 0.0807162 0.0722070 0.0000000 0.0970374 0.0852457 0.0841407 0.0580072 0.0646215 0.0391643 0.0739623 0.0474858 0.0524874 0.0708418 0.0771353 0.0788264 0.0821499 0.0772493 
Didelphidae_Didelphis_virginiana             0.0854349 0.0954095 0.0881151 0.0979297 0.0954708 0.0901335 0.1059293 0.1008691 0.0961988 0.0950968 0.1070184 0.0918868 0.0972978 0.1036717 0.1100325 0.0891824 0.0874830 0.1055077 0.1036371 0.1023417 0.0970374 0.0000000 0.0364363 0.0847627 0.0874314 0.0826875 0.0901547 0.1009758 0.1197144 0.0965744 0.1073104 0.1046615 0.1024927 0.0909834 0.0930329 
Marmosidae_Monodelphis_domestica             0.0813459 0.0836729 0.0742217 0.0892335 0.0894216 0.0785220 0.0912531 0.0862748 0.0847280 0.0874024 0.0930444 0.0758175 0.0882541 0.0907544 0.0970637 0.0732491 0.0741807 0.0962842 0.0921378 0.0976611 0.0852457 0.0364363 0.0000000 0.0716618 0.0788431 0.0671747 0.0789082 0.0941487 0.1032416 0.0769131 0.0962296 0.0916951 0.0834209 0.0785220 0.0852530 
Dasyuridae_Antechinus_stuartii               0.0649208 0.0720252 0.0660945 0.0755441 0.0733247 0.0161879 0.0809819 0.0739806 0.0746809 0.0714237 0.0807355 0.0066138 0.0217955 0.0756636 0.0939000 0.0052805 0.0099797 0.0291747 0.0777277 0.0782542 0.0841407 0.0847627 0.0716618 0.0000000 0.0735611 0.0583963 0.0805457 0.0758375 0.1008651 0.0744934 0.0888924 0.0765312 0.0735477 0.0140783 0.0698216 
Hypsiprymnodontidae_Hypsiprymnodon_moschatus 0.0477776 0.0763008 0.0572632 0.0353915 0.0373271 0.0770033 0.0613540 0.0584037 0.0376922 0.0677670 0.0627950 0.0775759 0.0772311 0.0584955 0.0735412 0.0750467 0.0726074 0.0833253 0.0752246 0.0483919 0.0580072 0.0874314 0.0788431 0.0735611 0.0000000 0.0586710 0.0563102 0.0430723 0.0727462 0.0600990 0.0768531 0.0608456 0.0727914 0.0750467 0.0660295 
Microbiotheriidae_Dromiciops_gliroides       0.0521926 0.0691933 0.0568892 0.0632202 0.0621067 0.0636518 0.0685539 0.0608214 0.0644131 0.0636700 0.0629432 0.0642626 0.0683683 0.0625175 0.0789339 0.0609287 0.0617595 0.0770099 0.0665817 0.0668511 0.0646215 0.0826875 0.0671747 0.0583963 0.0586710 0.0000000 0.0666613 0.0652648 0.0877639 0.0715717 0.0712725 0.0625087 0.0673027 0.0615782 0.0622360 
Pseudochiridae_Petauroides_volans            0.0577469 0.0802745 0.0608214 0.0652469 0.0640213 0.0845308 0.0659820 0.0666062 0.0638188 0.0663372 0.0741414 0.0882104 0.0870897 0.0750695 0.0529670 0.0853003 0.0844327 0.0906146 0.0748725 0.0708991 0.0391643 0.0901547 0.0789082 0.0805457 0.0563102 0.0666613 0.0000000 0.0719496 0.0310749 0.0537653 0.0681595 0.0750606 0.0666193 0.0851558 0.0653308 
Macropodidae_Wallabia_bicolor                0.0593346 0.0825940 0.0658104 0.0374257 0.0386032 0.0789755 0.0750406 0.0646027 0.0359312 0.0803366 0.0709347 0.0780866 0.0822892 0.0687962 0.0837376 0.0772437 0.0739646 0.0915580 0.0832155 0.0182521 0.0739623 0.1009758 0.0941487 0.0758375 0.0430723 0.0652648 0.0719496 0.0000000 0.0869977 0.0729464 0.0810367 0.0695412 0.0823610 0.0789314 0.0786164 
Pseudochiridae_Pseudocheirus_occidentalis    0.0735896 0.0922230 0.0823836 0.0821909 0.0843192 0.1067762 0.0881368 0.0867310 0.0826315 0.0942200 0.0908710 0.1093789 0.1082522 0.0904771 0.0718817 0.1055984 0.1057150 0.1159217 0.1047547 0.0933374 0.0474858 0.1197144 0.1032416 0.1008651 0.0727462 0.0877639 0.0310749 0.0869977 0.0000000 0.0807872 0.0881527 0.0912781 0.1042537 0.1065405 0.0935039 
Tarsipedidae_Tarsipes_rostratus              0.0593344 0.0839198 0.0704564 0.0652652 0.0674426 0.0787166 0.0786223 0.0663862 0.0646206 0.0850857 0.0707137 0.0784376 0.0817182 0.0715296 0.0865745 0.0759037 0.0734605 0.0945985 0.0878808 0.0720005 0.0524874 0.0965744 0.0769131 0.0744934 0.0600990 0.0715717 0.0537653 0.0729464 0.0807872 0.0000000 0.0813607 0.0714155 0.0830926 0.0741137 0.0833214 
Acrobatidae_Distoechurus_pennatus            0.0706137 0.0803841 0.0731560 0.0735061 0.0756617 0.0938567 0.0832974 0.0814070 0.0739133 0.0802605 0.0858440 0.0920516 0.0955183 0.0858137 0.0724349 0.0911776 0.0921476 0.1033052 0.0917959 0.0800733 0.0708418 0.1073104 0.0962296 0.0888924 0.0768531 0.0712725 0.0681595 0.0810367 0.0881527 0.0813607 0.0000000 0.0848604 0.0887893 0.0938051 0.0783429 
Phalangeridae_Phalanger_carmelitae           0.0498087 0.0773675 0.0611080 0.0652938 0.0647276 0.0806334 0.0506724 0.0119903 0.0645550 0.0710056 0.0096043 0.0804684 0.0794670 0.0046240 0.0880627 0.0779348 0.0763323 0.0963343 0.0802337 0.0710880 0.0771353 0.1046615 0.0916951 0.0765312 0.0608456 0.0625087 0.0750606 0.0695412 0.0912781 0.0714155 0.0848604 0.0000000 0.0776685 0.0796221 0.0683151 
Peramelidae_Peroryctes_raffrayana            0.0654106 0.0670617 0.0619221 0.0796663 0.0781460 0.0792440 0.0755580 0.0740843 0.0798871 0.0172921 0.0811042 0.0795899 0.0823899 0.0785685 0.0945997 0.0760562 0.0733131 0.0903938 0.0209241 0.0786376 0.0788264 0.1024927 0.0834209 0.0735477 0.0727914 0.0673027 0.0666193 0.0823610 0.1042537 0.0830926 0.0887893 0.0776685 0.0000000 0.0798392 0.0165858 
Dasyuridae_Dasyurus_geffroii                 0.0688713 0.0788743 0.0721787 0.0751613 0.0747148 0.0093169 0.0841637 0.0770584 0.0752453 0.0747840 0.0842026 0.0181510 0.0273769 0.0787486 0.0964851 0.0174611 0.0066141 0.0358357 0.0791376 0.0813545 0.0821499 0.0909834 0.0785220 0.0140783 0.0750467 0.0615782 0.0851558 0.0789314 0.1065405 0.0741137 0.0938051 0.0796221 0.0798392 0.0000000 0.0737537 
Peramelidae_Perameles_gunnii                 0.0604094 0.0737587 0.0611981 0.0717012 0.0695369 0.0738633 0.0703520 0.0657894 0.0694040 0.0006675 0.0743363 0.0737537 0.0779834 0.0682928 0.0882541 0.0712371 0.0688064 0.0894517 0.0172867 0.0733895 0.0772493 0.0930329 0.0852530 0.0698216 0.0660295 0.0622360 0.0653308 0.0786164 0.0935039 0.0833214 0.0783429 0.0683151 0.0165858 0.0737537 0.0000000 
