35
Burramyidae_Burramys_parvus                  0.0000000 0.0754384 0.0425380 0.0525140 0.0577192 0.0522573 0.0382447 0.0436487 0.0454840 0.0538980 0.0442045 0.0635567 0.0609130 0.0472391 0.0510371 0.0690484 0.0547111 0.0564017 0.0663426 0.0676787 0.0457626 0.0654466 0.0701641 0.0475434 0.0671788 0.0438779 0.0410454 0.0660982 0.0358140 0.0458408 0.0396908 0.0483332 0.0520529 0.0532118 0.0601906 
Notoryctidae_Notoryctes_typhlops             0.0754384 0.0000000 0.0808594 0.0931060 0.0986168 0.0830777 0.0839180 0.0954857 0.0862610 0.0726377 0.0936242 0.0950475 0.0903635 0.0928306 0.0910190 0.1006262 0.0799690 0.0802581 0.0960295 0.1155214 0.0906777 0.1014500 0.1120141 0.0808905 0.1081850 0.0822239 0.0833658 0.1111081 0.0687162 0.0951851 0.0838410 0.0959643 0.0747390 0.0843398 0.0894470 
Vombatidae_Lasiorhinus_latifrons             0.0425380 0.0808594 0.0000000 0.0600166 0.0636983 0.0613172 0.0505876 0.0565057 0.0550934 0.0571572 0.0576224 0.0729498 0.0725510 0.0581792 0.0602431 0.0793813 0.0599919 0.0597468 0.0743211 0.0762347 0.0563371 0.0728426 0.0779986 0.0604703 0.0740327 0.0532397 0.0491205 0.0756297 0.0363838 0.0569715 0.0470268 0.0592848 0.0556389 0.0618784 0.0714299 
Potoroidae_Bettongia_penicillata             0.0525140 0.0931060 0.0600166 0.0000000 0.0068594 0.0713158 0.0585330 0.0640900 0.0220626 0.0692729 0.0671051 0.0832587 0.0835193 0.0650327 0.0635270 0.0881159 0.0699213 0.0736190 0.0851256 0.0431305 0.0626953 0.0873319 0.0914398 0.0727329 0.0471473 0.0642486 0.0566867 0.0400377 0.0470565 0.0654890 0.0553463 0.0677446 0.0651583 0.0710843 0.0807802 
Potoroidae_Bettongia_lesueur                 0.0577192 0.0986168 0.0636983 0.0068594 0.0000000 0.0764505 0.0634743 0.0693863 0.0255568 0.0726085 0.0723225 0.0887957 0.0881778 0.0696195 0.0672560 0.0935693 0.0755256 0.0775018 0.0908336 0.0485813 0.0673370 0.0932291 0.0960054 0.0823394 0.0502281 0.0687452 0.0620511 0.0446751 0.0493144 0.0701894 0.0594010 0.0732972 0.0684488 0.0766203 0.0866441 
Dasyuridae_Dasyurus_maculatus                0.0522573 0.0830777 0.0613172 0.0713158 0.0764505 0.0000000 0.0586272 0.0656683 0.0651686 0.0668360 0.0671483 0.0247529 0.0255908 0.0678063 0.0711462 0.0305855 0.0078206 0.0206937 0.0808351 0.0907564 0.0671178 0.0831503 0.0827213 0.0106971 0.0899945 0.0531602 0.0580265 0.0878486 0.0548349 0.0687564 0.0607990 0.0683453 0.0643083 0.0042028 0.0745763 
Phalangeridae_Trichosurus_vulpecula          0.0382447 0.0839180 0.0505876 0.0585330 0.0634743 0.0586272 0.0000000 0.0242866 0.0523283 0.0584962 0.0243044 0.0709044 0.0668576 0.0246616 0.0551388 0.0748233 0.0573964 0.0570405 0.0745206 0.0752181 0.0553229 0.0782883 0.0836743 0.0607173 0.0744294 0.0490907 0.0468149 0.0717691 0.0404136 0.0559430 0.0485371 0.0241098 0.0575478 0.0596376 0.0701889 
Phalangeridae_Spilocuscus_maculatus          0.0436487 0.0954857 0.0565057 0.0640900 0.0693863 0.0656683 0.0242866 0.0000000 0.0559999 0.0707400 0.0159689 0.0814891 0.0768674 0.0222400 0.0626844 0.0850712 0.0674488 0.0676400 0.0817376 0.0827922 0.0601151 0.0861875 0.0919109 0.0607485 0.0824552 0.0593842 0.0525126 0.0805248 0.0465895 0.0598594 0.0543636 0.0223091 0.0697577 0.0658565 0.0771040 
Potoroidae_Aepyprymnus_rufescens             0.0454840 0.0862610 0.0550934 0.0220626 0.0255568 0.0651686 0.0523283 0.0559999 0.0000000 0.0614017 0.0597786 0.0782737 0.0755021 0.0603438 0.0540961 0.0831368 0.0644045 0.0629841 0.0771395 0.0480798 0.0567173 0.0804010 0.0872730 0.0633658 0.0536351 0.0581842 0.0485842 0.0458507 0.0364277 0.0591216 0.0483438 0.0601305 0.0578927 0.0653600 0.0733317 
Peramelidae_Perameles_nasuta                 0.0538980 0.0726377 0.0571572 0.0692729 0.0726085 0.0668360 0.0584962 0.0707400 0.0614017 0.0000000 0.0664623 0.0728398 0.0712166 0.0639807 0.0597924 0.0722985 0.0699743 0.0711663 0.0089106 0.0868241 0.0611783 0.0758431 0.0852116 0.0599440 0.0822304 0.0594263 0.0561724 0.0884051 0.0522968 0.0708645 0.0575408 0.0680125 0.0114511 0.0683818 0.0003514 
Phalangeridae_Strigocuscus_pelengensis       0.0442045 0.0936242 0.0576224 0.0671051 0.0723225 0.0671483 0.0243044 0.0159689 0.0597786 0.0664623 0.0000000 0.0789870 0.0777677 0.0199723 0.0610098 0.0848905 0.0665336 0.0655199 0.0819016 0.0859314 0.0628772 0.0879701 0.0882378 0.0610239 0.0847969 0.0552272 0.0518811 0.0840754 0.0441408 0.0603428 0.0539106 0.0203118 0.0646526 0.0683955 0.0779290 
Dasyuridae_Phascogale_tapoatafa              0.0635567 0.0950475 0.0729498 0.0832587 0.0887957 0.0247529 0.0709044 0.0814891 0.0782737 0.0728398 0.0789870 0.0000000 0.0241220 0.0765450 0.0797370 0.0052963 0.0243633 0.0206610 0.0897330 0.1074234 0.0792785 0.0915870 0.0939803 0.0218642 0.1023496 0.0670083 0.0701634 0.1052930 0.0631248 0.0794870 0.0738678 0.0805551 0.0702907 0.0255399 0.0836838 
Dasyuridae_Sminthopsis_macroura              0.0609130 0.0903635 0.0725510 0.0835193 0.0881778 0.0255908 0.0668576 0.0768674 0.0755021 0.0712166 0.0777677 0.0241220 0.0000000 0.0759102 0.0752440 0.0255094 0.0221246 0.0159462 0.0865770 0.1003115 0.0784764 0.0885729 0.0928549 0.0276603 0.1009937 0.0596160 0.0659130 0.0975998 0.0636518 0.0793033 0.0712306 0.0765731 0.0679522 0.0255779 0.0810570 
Phalangeridae_Phalanger_orientalis           0.0472391 0.0928306 0.0581792 0.0650327 0.0696195 0.0678063 0.0246616 0.0222400 0.0603438 0.0639807 0.0199723 0.0765450 0.0759102 0.0000000 0.0628425 0.0832028 0.0645633 0.0608578 0.0833911 0.0833466 0.0604615 0.0876296 0.0913607 0.0648942 0.0826689 0.0568109 0.0522565 0.0807181 0.0426756 0.0633519 0.0543119 0.0082190 0.0630408 0.0683986 0.0781084 
Acrobatidae_Acrobates_pygmaeus               0.0510371 0.0910190 0.0602431 0.0635270 0.0672560 0.0711462 0.0551388 0.0626844 0.0540961 0.0597924 0.0610098 0.0797370 0.0752440 0.0628425 0.0000000 0.0861764 0.0712086 0.0646260 0.0794597 0.0800869 0.0569116 0.0750420 0.0867607 0.0702123 0.0760496 0.0613272 0.0478388 0.0781206 0.0362043 0.0593833 0.0345022 0.0649993 0.0556716 0.0702201 0.0770095 
Dasyuridae_Phascogale_calura                 0.0690484 0.1006262 0.0793813 0.0881159 0.0935693 0.0305855 0.0748233 0.0850712 0.0831368 0.0722985 0.0848905 0.0052963 0.0255094 0.0832028 0.0861764 0.0000000 0.0234829 0.0198492 0.0974541 0.1124227 0.0843802 0.0985658 0.1020791 0.0318647 0.1046916 0.0702336 0.0755599 0.1087359 0.0610440 0.0874945 0.0787599 0.0858482 0.0693052 0.0301875 0.0903712 
Dasyuridae_Sarcophilus_harrisii              0.0547111 0.0799690 0.0599919 0.0699213 0.0755256 0.0078206 0.0573964 0.0674488 0.0644045 0.0699743 0.0665336 0.0243633 0.0221246 0.0645633 0.0712086 0.0234829 0.0000000 0.0206671 0.0779527 0.0915567 0.0663605 0.0801828 0.0846235 0.0145735 0.0895968 0.0555819 0.0576540 0.0890719 0.0580482 0.0702067 0.0631801 0.0652518 0.0674493 0.0081669 0.0730130 
Dasyuridae_Planigale_tenuirostris            0.0564017 0.0802581 0.0597468 0.0736190 0.0775018 0.0206937 0.0570405 0.0676400 0.0629841 0.0711663 0.0655199 0.0206610 0.0159462 0.0608578 0.0646260 0.0198492 0.0206671 0.0000000 0.0712478 0.0907010 0.0690113 0.0767938 0.0837125 0.0232735 0.0892908 0.0540540 0.0588750 0.0900512 0.0625644 0.0734214 0.0636684 0.0625345 0.0675873 0.0210917 0.0719311 
Peramelidae_Echymipera_kalubu                0.0663426 0.0960295 0.0743211 0.0851256 0.0908336 0.0808351 0.0745206 0.0817376 0.0771395 0.0089106 0.0819016 0.0897330 0.0865770 0.0833911 0.0794597 0.0974541 0.0779527 0.0712478 0.0000000 0.1032189 0.0781945 0.0990317 0.1085938 0.0748047 0.0980162 0.0722692 0.0692032 0.1024101 0.0533824 0.0813995 0.0723204 0.0873602 0.0085138 0.0824732 0.0223209 
Macropodidae_Dorcopsulus_vanheurni           0.0676787 0.1155214 0.0762347 0.0431305 0.0485813 0.0907564 0.0752181 0.0827922 0.0480798 0.0868241 0.0859314 0.1074234 0.1003115 0.0833466 0.0800869 0.1124227 0.0915567 0.0907010 0.1032189 0.0000000 0.0785586 0.1071653 0.1149231 0.1007588 0.0666991 0.0843121 0.0703610 0.0269829 0.0604551 0.0800046 0.0723593 0.0839824 0.0847254 0.0909956 0.0959786 
Pseudochiridae_Pseudochirulus_forbesi        0.0457626 0.0906777 0.0563371 0.0626953 0.0673370 0.0671178 0.0553229 0.0601151 0.0567173 0.0611783 0.0628772 0.0792785 0.0784764 0.0604615 0.0569116 0.0843802 0.0663605 0.0690113 0.0781945 0.0785586 0.0000000 0.0815042 0.0889106 0.0648280 0.0767639 0.0585587 0.0281587 0.0771162 0.0124371 0.0494858 0.0460406 0.0617535 0.0573941 0.0686595 0.0751108 
Didelphidae_Didelphis_virginiana             0.0654466 0.1014500 0.0728426 0.0873319 0.0932291 0.0831503 0.0782883 0.0861875 0.0804010 0.0758431 0.0879701 0.0915870 0.0885729 0.0876296 0.0750420 0.0985658 0.0801828 0.0767938 0.0990317 0.1071653 0.0815042 0.0000000 0.0475125 0.0767843 0.1006489 0.0725782 0.0766956 0.1048397 0.0617243 0.0854757 0.0742382 0.0894427 0.0742349 0.0841781 0.0926400 
Marmosidae_Monodelphis_domestica             0.0701641 0.1120141 0.0779986 0.0914398 0.0960054 0.0827213 0.0836743 0.0919109 0.0872730 0.0852116 0.0882378 0.0939803 0.0928549 0.0913607 0.0867607 0.1020791 0.0846235 0.0837125 0.1085938 0.1149231 0.0889106 0.0475125 0.0000000 0.0806345 0.1075898 0.0766755 0.0810625 0.1123826 0.0688378 0.0927034 0.0849939 0.0939870 0.0842830 0.0842138 0.1001066 
Dasyuridae_Antechinus_stuartii               0.0475434 0.0808905 0.0604703 0.0727329 0.0823394 0.0106971 0.0607173 0.0607485 0.0633658 0.0599440 0.0610239 0.0218642 0.0276603 0.0648942 0.0702123 0.0318647 0.0145735 0.0232735 0.0748047 0.1007588 0.0648280 0.0767843 0.0806345 0.0000000 0.0946252 0.0484434 0.0523061 0.0982384 0.0522752 0.0599077 0.0537537 0.0672681 0.0505600 0.0117420 0.0709593 
Hypsiprymnodontidae_Hypsiprymnodon_moschatus 0.0671788 0.1081850 0.0740327 0.0471473 0.0502281 0.0899945 0.0744294 0.0824552 0.0536351 0.0822304 0.0847969 0.1023496 0.1009937 0.0826689 0.0760496 0.1046916 0.0895968 0.0892908 0.0980162 0.0666991 0.0767639 0.1006489 0.1075898 0.0946252 0.0000000 0.0828680 0.0702034 0.0665304 0.0594012 0.0790898 0.0692238 0.0869180 0.0800666 0.0896809 0.0920124 
Microbiotheriidae_Dromiciops_gliroides       0.0438779 0.0822239 0.0532397 0.0642486 0.0687452 0.0531602 0.0490907 0.0593842 0.0581842 0.0594263 0.0552272 0.0670083 0.0596160 0.0568109 0.0613272 0.0702336 0.0555819 0.0540540 0.0722692 0.0843121 0.0585587 0.0725782 0.0766755 0.0484434 0.0828680 0.0000000 0.0505550 0.0805390 0.0482471 0.0596555 0.0538903 0.0602447 0.0570238 0.0541037 0.0649969 
Pseudochiridae_Petauroides_volans            0.0410454 0.0833658 0.0491205 0.0566867 0.0620511 0.0580265 0.0468149 0.0525126 0.0485842 0.0561724 0.0518811 0.0701634 0.0659130 0.0522565 0.0478388 0.0755599 0.0576540 0.0588750 0.0692032 0.0703610 0.0281587 0.0766956 0.0810625 0.0523061 0.0702034 0.0505550 0.0000000 0.0683461 0.0182088 0.0424229 0.0361436 0.0548403 0.0499109 0.0589269 0.0672956 
Macropodidae_Wallabia_bicolor                0.0660982 0.1111081 0.0756297 0.0400377 0.0446751 0.0878486 0.0717691 0.0805248 0.0458507 0.0884051 0.0840754 0.1052930 0.0975998 0.0807181 0.0781206 0.1087359 0.0890719 0.0900512 0.1024101 0.0269829 0.0771162 0.1048397 0.1123826 0.0982384 0.0665304 0.0805390 0.0683461 0.0000000 0.0625305 0.0782272 0.0694586 0.0799909 0.0876182 0.0881093 0.0950802 
Pseudochiridae_Pseudocheirus_occidentalis    0.0358140 0.0687162 0.0363838 0.0470565 0.0493144 0.0548349 0.0404136 0.0465895 0.0364277 0.0522968 0.0441408 0.0631248 0.0636518 0.0426756 0.0362043 0.0610440 0.0580482 0.0625644 0.0533824 0.0604551 0.0124371 0.0617243 0.0688378 0.0522752 0.0594012 0.0482471 0.0182088 0.0625305 0.0000000 0.0339747 0.0306044 0.0451142 0.0491261 0.0563547 0.0554877 
Tarsipedidae_Tarsipes_rostratus              0.0458408 0.0951851 0.0569715 0.0654890 0.0701894 0.0687564 0.0559430 0.0598594 0.0591216 0.0708645 0.0603428 0.0794870 0.0793033 0.0633519 0.0593833 0.0874945 0.0702067 0.0734214 0.0813995 0.0800046 0.0494858 0.0854757 0.0927034 0.0599077 0.0790898 0.0596555 0.0424229 0.0782272 0.0339747 0.0000000 0.0461721 0.0665993 0.0650021 0.0698538 0.0809065 
Acrobatidae_Distoechurus_pennatus            0.0396908 0.0838410 0.0470268 0.0553463 0.0594010 0.0607990 0.0485371 0.0543636 0.0483438 0.0575408 0.0539106 0.0738678 0.0712306 0.0543119 0.0345022 0.0787599 0.0631801 0.0636684 0.0723204 0.0723593 0.0460406 0.0742382 0.0849939 0.0537537 0.0692238 0.0538903 0.0361436 0.0694586 0.0306044 0.0461721 0.0000000 0.0555407 0.0526558 0.0618255 0.0696392 
Phalangeridae_Phalanger_carmelitae           0.0483332 0.0959643 0.0592848 0.0677446 0.0732972 0.0683453 0.0241098 0.0223091 0.0601305 0.0680125 0.0203118 0.0805551 0.0765731 0.0082190 0.0649993 0.0858482 0.0652518 0.0625345 0.0873602 0.0839824 0.0617535 0.0894427 0.0939870 0.0672681 0.0869180 0.0602447 0.0548403 0.0799909 0.0451142 0.0665993 0.0555407 0.0000000 0.0650594 0.0688711 0.0825927 
Peramelidae_Peroryctes_raffrayana            0.0520529 0.0747390 0.0556389 0.0651583 0.0684488 0.0643083 0.0575478 0.0697577 0.0578927 0.0114511 0.0646526 0.0702907 0.0679522 0.0630408 0.0556716 0.0693052 0.0674493 0.0675873 0.0085138 0.0847254 0.0573941 0.0742349 0.0842830 0.0505600 0.0800666 0.0570238 0.0499109 0.0876182 0.0491261 0.0650021 0.0526558 0.0650594 0.0000000 0.0658722 0.0120926 
Dasyuridae_Dasyurus_geffroii                 0.0532118 0.0843398 0.0618784 0.0710843 0.0766203 0.0042028 0.0596376 0.0658565 0.0653600 0.0683818 0.0683955 0.0255399 0.0255779 0.0683986 0.0702201 0.0301875 0.0081669 0.0210917 0.0824732 0.0909956 0.0686595 0.0841781 0.0842138 0.0117420 0.0896809 0.0541037 0.0589269 0.0881093 0.0563547 0.0698538 0.0618255 0.0688711 0.0658722 0.0000000 0.0761743 
Peramelidae_Perameles_gunnii                 0.0601906 0.0894470 0.0714299 0.0807802 0.0866441 0.0745763 0.0701889 0.0771040 0.0733317 0.0003514 0.0779290 0.0836838 0.0810570 0.0781084 0.0770095 0.0903712 0.0730130 0.0719311 0.0223209 0.0959786 0.0751108 0.0926400 0.1001066 0.0709593 0.0920124 0.0649969 0.0672956 0.0950802 0.0554877 0.0809065 0.0696392 0.0825927 0.0120926 0.0761743 0.0000000 
