169
I0185_86_Accipitridae_Buteo_jamaicensis                0.0000000 0.0374171 0.0385734 0.0386233 0.0440574 0.0376249 0.0312766 0.0349586 0.0482053 0.0498845 0.0294952 0.0447619 0.0422433 0.0428350 0.0424485 0.0345957 0.0189635 0.0401743 0.0240390 0.0403769 0.0293111 0.0455792 0.0254226 0.0255143 0.0249907 0.0378582 0.0273799 0.0519679 0.0535326 0.0268142 0.0419032 0.0411887 0.0441503 0.0440179 0.0348443 0.0506813 0.0431703 0.0421054 0.0439191 0.0394502 0.0764154 0.0812131 0.0484109 0.0583103 0.0365660 0.0415347 0.0332291 0.0447406 0.0413226 0.0266131 0.0377451 0.0388957 0.0424454 0.0361735 0.0340870 0.0288936 0.0412139 0.0436874 0.0295624 0.0274333 0.0401646 0.0279048 0.0315858 0.0339861 0.0649010 0.0450625 0.0415355 0.0302770 0.0292851 0.0403054 0.0293712 0.0072317 0.0281114 0.0363495 0.0375328 0.0421262 0.0264121 0.0209218 0.0457099 0.0385960 0.0348301 0.0314389 0.0240953 0.0339862 0.0500548 0.0230901 0.0273532 0.0215163 0.0246652 0.0372178 0.0373823 0.0287139 0.0256998 0.0355433 0.0383278 0.0314391 0.0278978 0.0238480 0.0475300 0.0286230 0.0456760 0.0524996 0.0627800 0.0361370 0.0242483 0.0172003 0.0242686 0.0464828 0.0369704 0.0341632 0.0620628 0.0262932 0.0581868 0.0309042 0.0333527 0.0226301 0.0370599 0.0503383 0.0314056 0.0490149 0.0319119 0.0394414 0.0348200 0.0234714 0.0267102 0.0227669 0.0392341 0.0284730 0.0462203 0.0359616 0.0250376 0.0480519 0.0709135 0.0375220 0.0402541 0.0224433 0.0287135 0.0285194 0.0283381 0.0263663 0.0276923 0.0403490 0.0433472 0.0415816 0.0334543 0.0455291 0.0413962 0.0313838 0.0866310 0.0274274 0.0352183 0.0460855 0.0274385 0.0183803 0.0240347 0.0292535 0.0685389 0.0250623 0.0484337 0.0477536 0.0442390 0.0446116 0.1375482 0.0422838 0.0511782 0.0493234 0.0413509 0.0334341 0.0421123 
I0186_111_Momotidae_Momotus_lessonii                   0.0374171 0.0000000 0.0516411 0.0491154 0.0555128 0.0500859 0.0440113 0.0481123 0.0486711 0.0583406 0.0424006 0.0561602 0.0542280 0.0492317 0.0550532 0.0484651 0.0329903 0.0523964 0.0380482 0.0522892 0.0425248 0.0579168 0.0381635 0.0398511 0.0393104 0.0511768 0.0410518 0.0614243 0.0633831 0.0409584 0.0530032 0.0527242 0.0551931 0.0544876 0.0485455 0.0615861 0.0551978 0.0533861 0.0547901 0.0505732 0.0870814 0.0923150 0.0581500 0.0699608 0.0389310 0.0536659 0.0461340 0.0557436 0.0521583 0.0395917 0.0511925 0.0504729 0.0540133 0.0501332 0.0464272 0.0427340 0.0530315 0.0539936 0.0427805 0.0413069 0.0511047 0.0416716 0.0447339 0.0455878 0.0776643 0.0564787 0.0532969 0.0436263 0.0425993 0.0516177 0.0411657 0.0381428 0.0411195 0.0494604 0.0387995 0.0517352 0.0408568 0.0344904 0.0563169 0.0496594 0.0474103 0.0453506 0.0380439 0.0400803 0.0600862 0.0374918 0.0417236 0.0399112 0.0391488 0.0514177 0.0510815 0.0422297 0.0405144 0.0487711 0.0516888 0.0453533 0.0426893 0.0382488 0.0586297 0.0422008 0.0576872 0.0622222 0.0761062 0.0490913 0.0377220 0.0418061 0.0380017 0.0593059 0.0488457 0.0476770 0.0751069 0.0401895 0.0669115 0.0439976 0.0459731 0.0379560 0.0497293 0.0613313 0.0435360 0.0611568 0.0448671 0.0499937 0.0484356 0.0387022 0.0402156 0.0379082 0.0510027 0.0417501 0.0590488 0.0502918 0.0391872 0.0601491 0.0828681 0.0491972 0.0515001 0.0370846 0.0430541 0.0419717 0.0419934 0.0408240 0.0418757 0.0531579 0.0557357 0.0533326 0.0468644 0.0573928 0.0528829 0.0440205 0.0984120 0.0399518 0.0487588 0.0578030 0.0414010 0.0400290 0.0393349 0.0429009 0.0810437 0.0398566 0.0582665 0.0582542 0.0552975 0.0565728 0.1471024 0.0542319 0.0622246 0.0581852 0.0535662 0.0458837 0.0539996 
I0187_115_Trogonidae_Trogon_elegans                    0.0385734 0.0516411 0.0000000 0.0518235 0.0600568 0.0175286 0.0459729 0.0494786 0.0607117 0.0638385 0.0454583 0.0604211 0.0576935 0.0563421 0.0577210 0.0492140 0.0348544 0.0558829 0.0399785 0.0562089 0.0447867 0.0609175 0.0404406 0.0413855 0.0413074 0.0513929 0.0431225 0.0656308 0.0666737 0.0426880 0.0573729 0.0560915 0.0584593 0.0582160 0.0490718 0.0660462 0.0577404 0.0570581 0.0589722 0.0552024 0.0911485 0.0967621 0.0624977 0.0729476 0.0509485 0.0558004 0.0480788 0.0594022 0.0561250 0.0416586 0.0527849 0.0546867 0.0571491 0.0512243 0.0499840 0.0452627 0.0567350 0.0567581 0.0445432 0.0438765 0.0542936 0.0433529 0.0466764 0.0484160 0.0808653 0.0603797 0.0566143 0.0457975 0.0442844 0.0552563 0.0433987 0.0399135 0.0430862 0.0520443 0.0515756 0.0570945 0.0432777 0.0363134 0.0598288 0.0521268 0.0504977 0.0465755 0.0394558 0.0493046 0.0634672 0.0392632 0.0428306 0.0414243 0.0407270 0.0522877 0.0521345 0.0438960 0.0414559 0.0501265 0.0540650 0.0463581 0.0451585 0.0399770 0.0618373 0.0443155 0.0604211 0.0665115 0.0792148 0.0511968 0.0406117 0.0440203 0.0398150 0.0621948 0.0521934 0.0506113 0.0788928 0.0418651 0.0702022 0.0461605 0.0483571 0.0388913 0.0519657 0.0630133 0.0460562 0.0637524 0.0468459 0.0532451 0.0510180 0.0390806 0.0416521 0.0388606 0.0540572 0.0441921 0.0615294 0.0528515 0.0409769 0.0631266 0.0865178 0.0533017 0.0557444 0.0390417 0.0448529 0.0434132 0.0436778 0.0411132 0.0432594 0.0551953 0.0577765 0.0560618 0.0488699 0.0591883 0.0563612 0.0465911 0.1015947 0.0425348 0.0498780 0.0616788 0.0428956 0.0425931 0.0405496 0.0451115 0.0857916 0.0404810 0.0623196 0.0619131 0.0590634 0.0593595 0.1478388 0.0570292 0.0660460 0.0632985 0.0559587 0.0486633 0.0564830 
I0188_135_Apodidae_Streptoprocne_zonaris               0.0386233 0.0491154 0.0518235 0.0000000 0.0556472 0.0501893 0.0437264 0.0452519 0.0588249 0.0599880 0.0428143 0.0570534 0.0546551 0.0544239 0.0530510 0.0465005 0.0328424 0.0524819 0.0360094 0.0527351 0.0410700 0.0574186 0.0374026 0.0370686 0.0370761 0.0480525 0.0397948 0.0611871 0.0641734 0.0403572 0.0520729 0.0521903 0.0437946 0.0439367 0.0449565 0.0625371 0.0538117 0.0525307 0.0546591 0.0512146 0.0857855 0.0913831 0.0592201 0.0707277 0.0498235 0.0508553 0.0460703 0.0559192 0.0517812 0.0380923 0.0494160 0.0498876 0.0524822 0.0466599 0.0434550 0.0407255 0.0523740 0.0228162 0.0425044 0.0379427 0.0509048 0.0394933 0.0405241 0.0426194 0.0767169 0.0567794 0.0532783 0.0422895 0.0423799 0.0513907 0.0401202 0.0388257 0.0401062 0.0480661 0.0496247 0.0530056 0.0383557 0.0354575 0.0453957 0.0482253 0.0464638 0.0420016 0.0364666 0.0468277 0.0609139 0.0353500 0.0396648 0.0401187 0.0359389 0.0484534 0.0482113 0.0414064 0.0388884 0.0473211 0.0500656 0.0415418 0.0416037 0.0366163 0.0592527 0.0396108 0.0572307 0.0643365 0.0752516 0.0489082 0.0365163 0.0421554 0.0363812 0.0580682 0.0205515 0.0464075 0.0733567 0.0382417 0.0665359 0.0422780 0.0388452 0.0358919 0.0482453 0.0581017 0.0405759 0.0589173 0.0423284 0.0484852 0.0458680 0.0361863 0.0379353 0.0361384 0.0497272 0.0400704 0.0589607 0.0465980 0.0367434 0.0594857 0.0811241 0.0492608 0.0509986 0.0343904 0.0395839 0.0398693 0.0407298 0.0399707 0.0407658 0.0499419 0.0515052 0.0510276 0.0445531 0.0552736 0.0526235 0.0424284 0.0970694 0.0384846 0.0459100 0.0584017 0.0386593 0.0407187 0.0375425 0.0422105 0.0797354 0.0390813 0.0589489 0.0582701 0.0559602 0.0547513 0.1447002 0.0551703 0.0622830 0.0579884 0.0512080 0.0463427 0.0518199 
I0189_225_Eurylaimidae_Smithornis_rufolateralis        0.0440574 0.0555128 0.0600568 0.0556472 0.0000000 0.0583858 0.0518456 0.0551358 0.0652259 0.0676044 0.0493660 0.0430298 0.0616197 0.0625489 0.0361249 0.0581138 0.0402393 0.0347965 0.0460730 0.0347958 0.0497578 0.0386962 0.0451544 0.0462576 0.0466670 0.0577207 0.0485335 0.0489614 0.0524831 0.0479644 0.0346219 0.0344448 0.0626180 0.0614700 0.0555199 0.0490399 0.0364279 0.0358618 0.0366141 0.0338741 0.0945395 0.1010531 0.0466482 0.0761122 0.0550902 0.0593491 0.0530177 0.0378344 0.0346308 0.0483020 0.0540632 0.0331142 0.0362694 0.0561557 0.0544946 0.0502975 0.0351828 0.0613949 0.0489097 0.0484736 0.0343955 0.0484764 0.0507460 0.0530049 0.0843476 0.0381686 0.0351166 0.0510905 0.0487930 0.0341653 0.0468798 0.0452974 0.0491079 0.0542589 0.0541089 0.0589238 0.0460214 0.0423837 0.0631182 0.0568546 0.0525334 0.0521926 0.0467727 0.0521461 0.0677036 0.0449710 0.0494187 0.0468776 0.0458773 0.0557772 0.0570993 0.0493495 0.0473601 0.0557413 0.0559297 0.0514582 0.0493843 0.0460285 0.0414757 0.0499512 0.0449763 0.0515389 0.0832108 0.0529803 0.0459089 0.0486358 0.0460919 0.0298225 0.0553308 0.0537001 0.0814112 0.0468468 0.0749821 0.0504304 0.0524874 0.0457703 0.0568903 0.0656758 0.0517488 0.0328908 0.0536425 0.0582567 0.0547219 0.0461507 0.0491447 0.0459976 0.0577210 0.0499828 0.0656847 0.0547033 0.0472184 0.0666724 0.0885776 0.0374053 0.0341087 0.0450938 0.0488955 0.0501099 0.0499591 0.0466206 0.0496623 0.0589695 0.0605768 0.0607848 0.0563462 0.0386659 0.0352260 0.0530365 0.1071645 0.0489915 0.0561122 0.0300553 0.0481409 0.0466697 0.0460765 0.0506065 0.0885345 0.0462075 0.0467005 0.0464109 0.0422906 0.0227759 0.1506754 0.0430919 0.0490127 0.0468040 0.0616212 0.0536793 0.0415118 
I0190_295_Trogonidae_Apaloderma_aequatoriale           0.0376249 0.0500859 0.0175286 0.0501893 0.0583858 0.0000000 0.0434635 0.0475126 0.0593342 0.0627750 0.0426474 0.0583380 0.0556659 0.0548490 0.0558614 0.0476898 0.0329727 0.0536164 0.0381008 0.0538896 0.0435938 0.0591113 0.0396652 0.0401034 0.0397827 0.0502616 0.0414746 0.0638488 0.0654096 0.0411304 0.0551645 0.0536769 0.0561246 0.0559039 0.0475191 0.0642859 0.0568129 0.0545926 0.0569602 0.0532302 0.0897119 0.0952903 0.0606628 0.0707604 0.0493045 0.0543511 0.0464971 0.0575813 0.0543115 0.0405385 0.0512191 0.0532715 0.0553540 0.0497197 0.0483054 0.0437778 0.0547054 0.0556709 0.0429426 0.0421706 0.0526970 0.0422153 0.0455698 0.0472622 0.0790320 0.0584524 0.0552888 0.0441089 0.0428778 0.0536382 0.0418548 0.0388357 0.0426766 0.0507860 0.0505056 0.0550804 0.0402450 0.0347241 0.0578340 0.0516274 0.0489705 0.0455190 0.0374918 0.0480855 0.0631038 0.0371465 0.0415506 0.0400730 0.0390903 0.0506735 0.0505788 0.0424472 0.0400536 0.0494044 0.0521888 0.0454557 0.0435900 0.0388079 0.0601839 0.0431703 0.0589968 0.0645952 0.0779315 0.0502184 0.0388199 0.0424933 0.0378478 0.0610452 0.0504281 0.0489889 0.0770332 0.0403662 0.0684232 0.0448317 0.0466696 0.0369803 0.0501436 0.0616300 0.0450108 0.0623376 0.0457879 0.0517732 0.0497009 0.0376707 0.0401698 0.0373158 0.0529121 0.0431557 0.0613773 0.0513015 0.0391402 0.0615591 0.0842214 0.0513315 0.0542481 0.0368210 0.0424687 0.0414450 0.0421623 0.0398957 0.0413754 0.0542638 0.0562026 0.0551951 0.0468390 0.0574092 0.0544482 0.0450261 0.0996991 0.0408139 0.0484484 0.0605675 0.0410836 0.0412386 0.0392210 0.0433751 0.0835785 0.0392117 0.0609483 0.0607847 0.0575888 0.0578358 0.1468832 0.0555993 0.0644726 0.0620446 0.0544750 0.0472558 0.0553385 
I0192_375_Musophagidae_Tauraco_macrorhynchus           0.0312766 0.0440113 0.0459729 0.0437264 0.0518456 0.0434635 0.0000000 0.0393557 0.0553042 0.0576876 0.0194937 0.0528705 0.0500340 0.0499597 0.0496060 0.0396964 0.0264857 0.0484571 0.0301488 0.0489254 0.0342573 0.0543769 0.0324361 0.0307653 0.0298555 0.0420959 0.0325706 0.0587177 0.0604602 0.0342979 0.0496888 0.0492328 0.0502577 0.0498710 0.0396411 0.0589790 0.0496719 0.0499697 0.0519342 0.0474089 0.0808893 0.0866728 0.0551300 0.0676886 0.0424366 0.0481432 0.0403005 0.0526493 0.0486628 0.0314646 0.0445074 0.0463059 0.0482426 0.0405657 0.0405843 0.0343358 0.0490960 0.0493710 0.0361195 0.0327506 0.0473874 0.0342859 0.0374064 0.0400060 0.0696871 0.0530552 0.0493280 0.0364288 0.0364982 0.0477258 0.0355873 0.0316152 0.0328594 0.0435064 0.0448213 0.0499807 0.0317101 0.0289148 0.0519599 0.0432911 0.0418315 0.0365847 0.0300285 0.0414192 0.0571641 0.0289839 0.0328030 0.0326878 0.0304167 0.0437675 0.0437135 0.0362347 0.0317946 0.0395857 0.0455855 0.0371155 0.0339120 0.0290987 0.0547370 0.0335599 0.0532423 0.0607386 0.0683543 0.0429561 0.0303193 0.0353770 0.0293665 0.0544094 0.0430787 0.0418140 0.0676509 0.0318056 0.0638304 0.0357945 0.0380818 0.0284834 0.0417578 0.0551725 0.0371197 0.0561253 0.0357533 0.0440480 0.0406031 0.0288782 0.0326197 0.0282617 0.0450579 0.0334173 0.0528124 0.0414200 0.0303672 0.0537119 0.0754538 0.0463464 0.0479664 0.0281914 0.0339217 0.0338522 0.0340808 0.0336556 0.0334922 0.0460584 0.0483722 0.0473417 0.0388128 0.0521269 0.0494427 0.0373585 0.0912117 0.0333787 0.0393518 0.0537775 0.0327068 0.0341624 0.0303218 0.0360292 0.0739344 0.0326500 0.0561163 0.0558981 0.0516688 0.0522610 0.1414661 0.0504906 0.0585647 0.0557592 0.0469622 0.0414812 0.0489918 
I0193_447_Columbidae_Treron_calvus                     0.0349586 0.0481123 0.0494786 0.0452519 0.0551358 0.0475126 0.0393557 0.0000000 0.0567926 0.0602931 0.0389937 0.0545491 0.0517364 0.0517727 0.0527389 0.0436162 0.0252229 0.0507289 0.0335286 0.0515485 0.0388534 0.0563775 0.0361598 0.0343674 0.0346286 0.0163916 0.0363536 0.0603475 0.0616964 0.0387408 0.0516297 0.0518625 0.0521979 0.0522175 0.0145188 0.0610095 0.0526198 0.0523869 0.0546957 0.0502503 0.0842117 0.0893847 0.0575541 0.0683724 0.0460120 0.0510189 0.0441744 0.0553752 0.0513680 0.0355623 0.0490465 0.0493830 0.0524318 0.0159850 0.0423551 0.0379424 0.0517810 0.0505252 0.0413703 0.0361343 0.0502042 0.0372313 0.0405380 0.0422320 0.0740973 0.0548487 0.0527632 0.0403400 0.0409550 0.0509093 0.0262771 0.0355144 0.0373757 0.0483757 0.0479053 0.0532139 0.0354895 0.0322245 0.0523480 0.0466479 0.0466008 0.0401526 0.0340803 0.0437398 0.0594914 0.0321236 0.0361449 0.0372151 0.0339102 0.0452555 0.0448569 0.0392796 0.0348361 0.0436826 0.0489992 0.0402877 0.0382526 0.0337313 0.0577837 0.0368486 0.0553271 0.0616689 0.0719864 0.0474379 0.0340522 0.0401932 0.0339338 0.0585404 0.0443198 0.0462589 0.0707790 0.0350450 0.0662146 0.0398534 0.0410134 0.0319512 0.0448225 0.0576803 0.0399776 0.0591935 0.0403629 0.0462090 0.0443660 0.0326278 0.0367958 0.0324533 0.0476928 0.0377450 0.0576888 0.0450946 0.0344745 0.0580865 0.0788776 0.0481286 0.0500748 0.0320844 0.0375209 0.0375205 0.0370380 0.0377231 0.0366668 0.0508189 0.0519091 0.0499705 0.0423581 0.0544019 0.0521138 0.0402035 0.0932670 0.0368136 0.0133885 0.0568974 0.0352466 0.0378415 0.0333937 0.0399706 0.0772266 0.0367570 0.0577589 0.0574851 0.0534410 0.0553655 0.1430803 0.0517965 0.0599085 0.0567690 0.0500220 0.0445620 0.0526771 
I0194_495_Alcedinidae_Alcedo_quadribrachys             0.0482053 0.0486711 0.0607117 0.0588249 0.0652259 0.0593342 0.0553042 0.0567926 0.0000000 0.0664937 0.0544820 0.0654432 0.0657701 0.0591259 0.0645817 0.0595740 0.0440318 0.0625552 0.0502727 0.0628755 0.0545710 0.0675374 0.0484153 0.0512757 0.0514880 0.0599747 0.0519720 0.0683747 0.0716667 0.0532441 0.0634999 0.0624675 0.0647082 0.0643551 0.0566164 0.0690056 0.0649708 0.0632397 0.0650986 0.0606264 0.0943767 0.0999747 0.0664318 0.0794917 0.0486538 0.0632466 0.0574332 0.0665541 0.0624804 0.0509962 0.0610220 0.0611675 0.0630941 0.0581679 0.0580501 0.0547940 0.0629580 0.0620671 0.0543939 0.0516989 0.0614805 0.0528006 0.0554740 0.0559884 0.0874859 0.0662751 0.0626750 0.0531871 0.0541143 0.0621478 0.0501274 0.0493544 0.0536692 0.0604407 0.0399107 0.0618400 0.0520658 0.0470019 0.0653511 0.0612965 0.0585417 0.0568107 0.0499108 0.0517238 0.0678875 0.0483265 0.0529093 0.0495494 0.0502279 0.0596342 0.0594021 0.0535369 0.0517145 0.0598926 0.0623595 0.0560347 0.0535835 0.0507308 0.0676755 0.0531315 0.0656345 0.0701372 0.0850679 0.0602080 0.0501600 0.0538430 0.0505467 0.0685693 0.0580353 0.0583920 0.0839895 0.0513687 0.0759448 0.0559019 0.0569566 0.0500247 0.0607046 0.0695114 0.0545729 0.0688637 0.0558735 0.0633536 0.0588967 0.0502623 0.0511238 0.0503563 0.0602496 0.0540395 0.0677036 0.0595559 0.0505073 0.0689615 0.0924467 0.0593435 0.0617565 0.0489550 0.0531436 0.0523406 0.0534470 0.0516198 0.0523551 0.0626159 0.0649166 0.0621557 0.0588281 0.0663477 0.0625496 0.0552929 0.1076158 0.0513501 0.0575040 0.0668070 0.0525177 0.0507418 0.0500218 0.0524881 0.0914069 0.0502289 0.0649107 0.0668122 0.0642270 0.0662943 0.1510124 0.0634537 0.0694834 0.0665206 0.0647654 0.0578284 0.0627976 
I0195_522_Ramphastidae_Buccanodon_duchaillui           0.0498845 0.0583406 0.0638385 0.0599880 0.0676044 0.0627750 0.0576876 0.0602931 0.0664937 0.0000000 0.0557030 0.0668021 0.0639140 0.0652238 0.0649336 0.0588536 0.0452866 0.0636265 0.0519639 0.0635681 0.0556555 0.0678385 0.0508071 0.0518678 0.0530551 0.0614846 0.0534082 0.0704637 0.0743633 0.0536247 0.0639914 0.0633232 0.0678427 0.0667502 0.0593068 0.0710439 0.0662147 0.0633910 0.0653570 0.0623189 0.0950847 0.1020329 0.0691671 0.0796488 0.0592828 0.0640787 0.0575682 0.0671008 0.0630660 0.0533411 0.0597886 0.0618856 0.0650667 0.0610734 0.0605229 0.0552093 0.0633392 0.0643646 0.0548988 0.0537511 0.0615886 0.0546704 0.0562798 0.0581412 0.0892930 0.0676792 0.0644225 0.0547491 0.0551674 0.0619331 0.0473324 0.0520753 0.0545878 0.0594207 0.0577170 0.0589291 0.0528256 0.0476837 0.0679231 0.0577641 0.0580225 0.0583858 0.0524020 0.0556195 0.0243815 0.0505046 0.0537050 0.0518455 0.0522269 0.0612675 0.0631859 0.0529738 0.0524767 0.0611799 0.0609400 0.0565602 0.0554845 0.0521674 0.0707412 0.0547211 0.0673177 0.0736058 0.0881046 0.0589621 0.0512745 0.0535902 0.0517508 0.0688960 0.0605544 0.0574011 0.0863827 0.0524580 0.0757310 0.0562994 0.0576895 0.0511147 0.0617999 0.0713962 0.0561231 0.0706798 0.0576966 0.0587879 0.0591764 0.0520964 0.0536416 0.0512781 0.0626177 0.0551308 0.0704295 0.0595498 0.0523888 0.0713452 0.0936641 0.0626001 0.0626061 0.0520201 0.0538106 0.0551651 0.0549686 0.0531399 0.0556446 0.0642329 0.0633217 0.0641932 0.0580506 0.0670960 0.0638409 0.0547586 0.1094836 0.0535512 0.0609362 0.0688881 0.0536706 0.0511092 0.0511718 0.0549449 0.0910293 0.0524298 0.0679250 0.0692524 0.0665197 0.0679125 0.1494586 0.0658974 0.0726298 0.0677468 0.0629057 0.0569337 0.0630573 
I0196_523_Musophagidae_Corythaeola_cristata            0.0294952 0.0424006 0.0454583 0.0428143 0.0493660 0.0426474 0.0194937 0.0389937 0.0544820 0.0557030 0.0000000 0.0518768 0.0480912 0.0471643 0.0481516 0.0389574 0.0251227 0.0463944 0.0282971 0.0462654 0.0337416 0.0511640 0.0309506 0.0298386 0.0285510 0.0418881 0.0321913 0.0576438 0.0584523 0.0340229 0.0477587 0.0462603 0.0477926 0.0479536 0.0391302 0.0574575 0.0480964 0.0479464 0.0496967 0.0452335 0.0796744 0.0855361 0.0541265 0.0663628 0.0419797 0.0471135 0.0392225 0.0504437 0.0465696 0.0306274 0.0437260 0.0442322 0.0476616 0.0401246 0.0383115 0.0331091 0.0473235 0.0480706 0.0351731 0.0318101 0.0452081 0.0325786 0.0363729 0.0375119 0.0684327 0.0505072 0.0467671 0.0350333 0.0356795 0.0457547 0.0350527 0.0301990 0.0322219 0.0428229 0.0435706 0.0485948 0.0310636 0.0268025 0.0496300 0.0420714 0.0413826 0.0358025 0.0288601 0.0405996 0.0553791 0.0278203 0.0316796 0.0323279 0.0286214 0.0420737 0.0420944 0.0361150 0.0309828 0.0376914 0.0450233 0.0354676 0.0337831 0.0279147 0.0528123 0.0323286 0.0511031 0.0588449 0.0671063 0.0429219 0.0287832 0.0344537 0.0284232 0.0520552 0.0420243 0.0412048 0.0661944 0.0305638 0.0620328 0.0355323 0.0373509 0.0277945 0.0401943 0.0552221 0.0351273 0.0552577 0.0360138 0.0426485 0.0391059 0.0285361 0.0316399 0.0275771 0.0436970 0.0322999 0.0530512 0.0402582 0.0292834 0.0541426 0.0739620 0.0442573 0.0457806 0.0264980 0.0326216 0.0327477 0.0326483 0.0328883 0.0325839 0.0465214 0.0477973 0.0457129 0.0380296 0.0499582 0.0478026 0.0361466 0.0894176 0.0319922 0.0393763 0.0518014 0.0303157 0.0329004 0.0290786 0.0345003 0.0719630 0.0317157 0.0542507 0.0545822 0.0505484 0.0496512 0.1426593 0.0480213 0.0573433 0.0543955 0.0448564 0.0405853 0.0477540 
I0197_832_Corvidae_Corvus_albus                        0.0447619 0.0561602 0.0604211 0.0570534 0.0430298 0.0583380 0.0528705 0.0545491 0.0654432 0.0668021 0.0518768 0.0000000 0.0614651 0.0612536 0.0414206 0.0573811 0.0406842 0.0392692 0.0469493 0.0393961 0.0506700 0.0453396 0.0464297 0.0469390 0.0472485 0.0577453 0.0490972 0.0288799 0.0308220 0.0482976 0.0395524 0.0394921 0.0627985 0.0618644 0.0553963 0.0296425 0.0416506 0.0399999 0.0421924 0.0375292 0.0931529 0.0989877 0.0262904 0.0761768 0.0551412 0.0597761 0.0545384 0.0435555 0.0389079 0.0474164 0.0556126 0.0375203 0.0417846 0.0566624 0.0555280 0.0505812 0.0390702 0.0617841 0.0498587 0.0493823 0.0384880 0.0482700 0.0512002 0.0542781 0.0846675 0.0444106 0.0395357 0.0515303 0.0494611 0.0384758 0.0480088 0.0456402 0.0501493 0.0550648 0.0555257 0.0599968 0.0477806 0.0430629 0.0629380 0.0579773 0.0530197 0.0538667 0.0470857 0.0530664 0.0676090 0.0446582 0.0496741 0.0479348 0.0469273 0.0572551 0.0575460 0.0499737 0.0483669 0.0566433 0.0571291 0.0520425 0.0502395 0.0465342 0.0460388 0.0495341 0.0315274 0.0336592 0.0828902 0.0545447 0.0470724 0.0499737 0.0459745 0.0446850 0.0564072 0.0537726 0.0819225 0.0477026 0.0753604 0.0520750 0.0532538 0.0448655 0.0575022 0.0680129 0.0523546 0.0482986 0.0531776 0.0588851 0.0562138 0.0456033 0.0484896 0.0451270 0.0595586 0.0505263 0.0655478 0.0580822 0.0476203 0.0657977 0.0902316 0.0288453 0.0379007 0.0456835 0.0492998 0.0500413 0.0499753 0.0479582 0.0496749 0.0590850 0.0620134 0.0615430 0.0558447 0.0447226 0.0391453 0.0531648 0.1043182 0.0488930 0.0558885 0.0444844 0.0480670 0.0475865 0.0471052 0.0510524 0.0892465 0.0472879 0.0269223 0.0267407 0.0147158 0.0423721 0.1525223 0.0295284 0.0294162 0.0267499 0.0609105 0.0535541 0.0452618 
I0198_937_Bucerotidae_Tockus_camurus                   0.0422433 0.0542280 0.0576935 0.0546551 0.0616197 0.0556659 0.0500340 0.0517364 0.0657701 0.0639140 0.0480912 0.0614651 0.0000000 0.0587739 0.0602602 0.0519856 0.0367534 0.0584830 0.0430483 0.0589328 0.0479609 0.0645187 0.0430714 0.0444142 0.0434617 0.0543285 0.0462469 0.0675437 0.0703839 0.0470014 0.0584233 0.0576580 0.0611317 0.0608827 0.0522765 0.0681067 0.0613178 0.0574650 0.0616055 0.0567026 0.0940998 0.0986808 0.0655954 0.0688106 0.0522294 0.0584712 0.0510715 0.0630065 0.0573248 0.0442138 0.0552013 0.0563078 0.0606064 0.0532488 0.0514231 0.0469706 0.0586384 0.0589754 0.0479447 0.0460814 0.0571818 0.0459526 0.0490304 0.0512328 0.0833341 0.0634154 0.0584660 0.0483513 0.0476671 0.0569945 0.0445178 0.0433547 0.0461073 0.0549606 0.0544174 0.0590476 0.0451153 0.0362452 0.0617170 0.0526964 0.0531385 0.0505131 0.0429275 0.0504664 0.0638968 0.0419961 0.0459038 0.0449316 0.0431598 0.0547164 0.0544189 0.0482057 0.0451864 0.0543235 0.0556122 0.0504732 0.0463085 0.0428253 0.0653966 0.0455864 0.0635269 0.0702243 0.0816514 0.0551506 0.0430514 0.0468901 0.0429681 0.0635291 0.0536321 0.0528613 0.0798495 0.0446576 0.0656359 0.0487543 0.0510871 0.0420162 0.0548363 0.0653937 0.0493894 0.0666704 0.0497250 0.0537332 0.0526030 0.0427734 0.0449566 0.0421533 0.0563017 0.0472216 0.0653634 0.0535877 0.0436656 0.0669354 0.0879516 0.0560612 0.0577996 0.0418387 0.0464102 0.0464645 0.0468632 0.0460539 0.0470684 0.0572545 0.0591756 0.0585606 0.0505951 0.0629088 0.0594160 0.0486688 0.1026554 0.0455895 0.0523378 0.0640471 0.0460348 0.0442603 0.0431294 0.0463698 0.0865233 0.0451811 0.0632242 0.0658114 0.0608562 0.0621194 0.1505802 0.0603589 0.0678801 0.0653113 0.0569357 0.0232290 0.0592498 
I0199_955_Meropidae_Merops_muelleri                    0.0428350 0.0492317 0.0563421 0.0544239 0.0625489 0.0548490 0.0499597 0.0517727 0.0591259 0.0652238 0.0471643 0.0612536 0.0587739 0.0000000 0.0603318 0.0526093 0.0370092 0.0579878 0.0433467 0.0573433 0.0471367 0.0630647 0.0439364 0.0457168 0.0445981 0.0549639 0.0459468 0.0655852 0.0675194 0.0467567 0.0592166 0.0582258 0.0596326 0.0595437 0.0523520 0.0660818 0.0604094 0.0590669 0.0615523 0.0569065 0.0907643 0.0959610 0.0625906 0.0755161 0.0469313 0.0582957 0.0516392 0.0620142 0.0580151 0.0452409 0.0574038 0.0567007 0.0592474 0.0536890 0.0526623 0.0489773 0.0579228 0.0589638 0.0487137 0.0468176 0.0561648 0.0467194 0.0490187 0.0515916 0.0821188 0.0624360 0.0581846 0.0493937 0.0483188 0.0567651 0.0449046 0.0444265 0.0468679 0.0559999 0.0493364 0.0592734 0.0465117 0.0392227 0.0596205 0.0545654 0.0543085 0.0505905 0.0436028 0.0462348 0.0650370 0.0417230 0.0470331 0.0457878 0.0439984 0.0568607 0.0566575 0.0482522 0.0451453 0.0537765 0.0574025 0.0509316 0.0481597 0.0433045 0.0632173 0.0476937 0.0610159 0.0658270 0.0803449 0.0556838 0.0442402 0.0486036 0.0431418 0.0648979 0.0555483 0.0534177 0.0793990 0.0445411 0.0719483 0.0495454 0.0498558 0.0423538 0.0536660 0.0675520 0.0497115 0.0674690 0.0504924 0.0541837 0.0545305 0.0434315 0.0456119 0.0425156 0.0558698 0.0472563 0.0624471 0.0543692 0.0451246 0.0626724 0.0878757 0.0541529 0.0578942 0.0421635 0.0468344 0.0471060 0.0475459 0.0453153 0.0469281 0.0591479 0.0599951 0.0578781 0.0513566 0.0609683 0.0574985 0.0500129 0.1004110 0.0459558 0.0527208 0.0641229 0.0458208 0.0457302 0.0444064 0.0460693 0.0851380 0.0444243 0.0621308 0.0630021 0.0599346 0.0619650 0.1494672 0.0573320 0.0664798 0.0624046 0.0572802 0.0521745 0.0589315 
I0200_988_Furnariidae_Furnarius_rufus                  0.0424485 0.0550532 0.0577210 0.0530510 0.0361249 0.0558614 0.0496060 0.0527389 0.0645817 0.0649336 0.0481516 0.0414206 0.0602602 0.0603318 0.0000000 0.0551193 0.0385026 0.0303889 0.0429198 0.0310033 0.0481965 0.0280335 0.0440869 0.0440832 0.0444374 0.0550590 0.0455862 0.0469513 0.0495801 0.0461295 0.0308682 0.0314946 0.0594117 0.0589765 0.0533120 0.0494285 0.0145591 0.0316998 0.0338781 0.0304497 0.0930569 0.0986293 0.0444757 0.0727438 0.0525565 0.0578544 0.0515092 0.0273721 0.0307725 0.0448942 0.0531432 0.0292798 0.0143067 0.0544999 0.0527303 0.0470152 0.0306704 0.0585749 0.0470934 0.0463088 0.0303210 0.0469100 0.0484055 0.0516886 0.0817707 0.0270120 0.0317179 0.0482108 0.0472335 0.0301999 0.0444417 0.0431213 0.0474475 0.0528283 0.0529570 0.0580115 0.0449512 0.0398087 0.0606088 0.0543724 0.0521132 0.0497005 0.0446735 0.0510301 0.0651721 0.0428949 0.0471686 0.0455380 0.0446900 0.0543886 0.0542258 0.0475008 0.0454345 0.0540780 0.0546169 0.0502317 0.0478016 0.0438024 0.0296827 0.0470835 0.0415784 0.0507728 0.0807058 0.0526355 0.0444004 0.0466944 0.0444574 0.0383605 0.0522169 0.0522086 0.0795064 0.0440972 0.0717420 0.0493026 0.0509199 0.0428855 0.0563773 0.0644301 0.0496908 0.0408419 0.0515523 0.0562004 0.0527052 0.0437913 0.0457022 0.0432776 0.0555042 0.0477777 0.0639643 0.0542328 0.0446214 0.0649587 0.0864227 0.0356306 0.0304120 0.0430685 0.0471611 0.0471555 0.0470194 0.0450818 0.0479508 0.0564443 0.0592539 0.0579161 0.0536879 0.0269653 0.0310921 0.0510646 0.1045333 0.0465579 0.0543164 0.0385310 0.0455876 0.0452421 0.0437129 0.0484387 0.0858967 0.0442383 0.0454010 0.0451694 0.0412319 0.0359087 0.1497775 0.0396565 0.0473572 0.0450233 0.0585260 0.0510838 0.0415672 
I0201_999_Scolopacidae_Tringa_solitaria                0.0345957 0.0484651 0.0492140 0.0465005 0.0581138 0.0476898 0.0396964 0.0436162 0.0595740 0.0588536 0.0389574 0.0573811 0.0519856 0.0526093 0.0551193 0.0000000 0.0302362 0.0522213 0.0335865 0.0527925 0.0321455 0.0581598 0.0364328 0.0307678 0.0351339 0.0463617 0.0323312 0.0625919 0.0651067 0.0388681 0.0537896 0.0535143 0.0542305 0.0538824 0.0438533 0.0632125 0.0545590 0.0531557 0.0553835 0.0509241 0.0844025 0.0894559 0.0593671 0.0703823 0.0474588 0.0518626 0.0441128 0.0577480 0.0526142 0.0359088 0.0488599 0.0506805 0.0546564 0.0456919 0.0438010 0.0382856 0.0533566 0.0507895 0.0400253 0.0371250 0.0522375 0.0379641 0.0415973 0.0418832 0.0741705 0.0568769 0.0530772 0.0406695 0.0398477 0.0523974 0.0396119 0.0353816 0.0303797 0.0472905 0.0486233 0.0529670 0.0367137 0.0308621 0.0551736 0.0297912 0.0454535 0.0412378 0.0338210 0.0459275 0.0596207 0.0324861 0.0324285 0.0373666 0.0346446 0.0463315 0.0462649 0.0398553 0.0313908 0.0419449 0.0491150 0.0406724 0.0392601 0.0339032 0.0587860 0.0376319 0.0565617 0.0638417 0.0722774 0.0469188 0.0339646 0.0398848 0.0337520 0.0600863 0.0444093 0.0459379 0.0724460 0.0367896 0.0660670 0.0330434 0.0413588 0.0321516 0.0457040 0.0593667 0.0401803 0.0624268 0.0342544 0.0307223 0.0445973 0.0332161 0.0367659 0.0325991 0.0491817 0.0305535 0.0568049 0.0457294 0.0350413 0.0581601 0.0802511 0.0493189 0.0524817 0.0326670 0.0382552 0.0388506 0.0380284 0.0375437 0.0379264 0.0508254 0.0523078 0.0510690 0.0138654 0.0573146 0.0539229 0.0157213 0.0942821 0.0375264 0.0443245 0.0600739 0.0363130 0.0381908 0.0346758 0.0390543 0.0785504 0.0371351 0.0593548 0.0599003 0.0553423 0.0574963 0.1483536 0.0548558 0.0625274 0.0597138 0.0317007 0.0442110 0.0539760 
I0202_1066_Cathartidae_Cathartes_burrovianus           0.0189635 0.0329903 0.0348544 0.0328424 0.0402393 0.0329727 0.0264857 0.0252229 0.0440318 0.0452866 0.0251227 0.0406842 0.0367534 0.0370092 0.0385026 0.0302362 0.0000000 0.0363200 0.0191384 0.0365527 0.0248404 0.0414173 0.0199500 0.0212274 0.0200086 0.0302570 0.0221119 0.0467766 0.0483688 0.0223602 0.0370729 0.0365182 0.0392370 0.0393288 0.0279723 0.0469319 0.0384350 0.0371247 0.0397400 0.0351969 0.0711768 0.0769883 0.0434130 0.0547791 0.0306485 0.0373944 0.0288300 0.0406737 0.0365243 0.0212550 0.0332465 0.0347380 0.0380890 0.0290602 0.0286781 0.0243495 0.0370505 0.0384697 0.0250618 0.0224066 0.0357699 0.0229732 0.0271934 0.0289021 0.0599741 0.0401601 0.0376081 0.0256978 0.0248132 0.0355444 0.0242832 0.0200821 0.0232379 0.0317958 0.0326894 0.0377210 0.0213060 0.0047850 0.0400269 0.0337489 0.0302760 0.0276484 0.0188266 0.0290420 0.0452326 0.0181892 0.0228080 0.0215022 0.0198726 0.0328486 0.0327157 0.0244900 0.0218111 0.0300780 0.0334500 0.0266263 0.0239300 0.0192625 0.0429885 0.0234651 0.0414079 0.0484581 0.0587719 0.0319078 0.0196217 0.0238637 0.0190282 0.0427392 0.0326794 0.0301388 0.0583182 0.0212385 0.0523464 0.0256966 0.0286576 0.0175841 0.0324704 0.0435467 0.0261849 0.0444203 0.0269070 0.0341616 0.0310120 0.0184935 0.0219501 0.0179901 0.0351245 0.0239774 0.0425155 0.0317129 0.0200645 0.0440893 0.0650978 0.0336060 0.0360299 0.0179814 0.0234734 0.0238147 0.0240305 0.0217352 0.0235980 0.0361410 0.0380534 0.0370426 0.0290529 0.0399242 0.0374060 0.0268611 0.0809639 0.0225971 0.0272799 0.0425315 0.0226516 0.0217461 0.0192076 0.0241627 0.0640797 0.0209383 0.0446519 0.0437318 0.0399116 0.0401534 0.1319545 0.0380669 0.0464966 0.0440626 0.0365830 0.0289881 0.0371401 
I0203_1087_Tyrannidae_Hymenops_perspicillatus          0.0401743 0.0523964 0.0558829 0.0524819 0.0347965 0.0536164 0.0484571 0.0507289 0.0625552 0.0636265 0.0463944 0.0392692 0.0584830 0.0579878 0.0303889 0.0522213 0.0363200 0.0000000 0.0419183 0.0099502 0.0455525 0.0335878 0.0416273 0.0421843 0.0432812 0.0537488 0.0435753 0.0454021 0.0480216 0.0438465 0.0182279 0.0178647 0.0582118 0.0567576 0.0507689 0.0458548 0.0305102 0.0165080 0.0179123 0.0171799 0.0889624 0.0965068 0.0412730 0.0736770 0.0501308 0.0572283 0.0499284 0.0328348 0.0171345 0.0426029 0.0517096 0.0169620 0.0304709 0.0519981 0.0515094 0.0461889 0.0081194 0.0573965 0.0453849 0.0444363 0.0169296 0.0450908 0.0469057 0.0500058 0.0809404 0.0326097 0.0179218 0.0471785 0.0455495 0.0169862 0.0436766 0.0410920 0.0444502 0.0512672 0.0517151 0.0565357 0.0432397 0.0384048 0.0588430 0.0535085 0.0494086 0.0474762 0.0416584 0.0491158 0.0645734 0.0406245 0.0447054 0.0434052 0.0429089 0.0533716 0.0540511 0.0456942 0.0429287 0.0530765 0.0535020 0.0487832 0.0456631 0.0423427 0.0342740 0.0455880 0.0394701 0.0466138 0.0797657 0.0508959 0.0422018 0.0452084 0.0420598 0.0376532 0.0518117 0.0498687 0.0784758 0.0427705 0.0720017 0.0469908 0.0497761 0.0411643 0.0531140 0.0650526 0.0479100 0.0395526 0.0494288 0.0536236 0.0528459 0.0421295 0.0447713 0.0411798 0.0547738 0.0462744 0.0608226 0.0528405 0.0428072 0.0621381 0.0855929 0.0332121 0.0177328 0.0418854 0.0458820 0.0464378 0.0455499 0.0433440 0.0458028 0.0568118 0.0577766 0.0577039 0.0515676 0.0332907 0.0105399 0.0488134 0.1019262 0.0451894 0.0518139 0.0371587 0.0441995 0.0434880 0.0419609 0.0457531 0.0864969 0.0420389 0.0423743 0.0428712 0.0384821 0.0355181 0.1471586 0.0369383 0.0448090 0.0422768 0.0573854 0.0502605 0.0398000 
I0204_1174_Threskiornithidae_Harpiprion_caerulescens   0.0240390 0.0380482 0.0399785 0.0360094 0.0460730 0.0381008 0.0301488 0.0335286 0.0502727 0.0519639 0.0282971 0.0469493 0.0430483 0.0433467 0.0429198 0.0335865 0.0191384 0.0419183 0.0000000 0.0424561 0.0284347 0.0470896 0.0248775 0.0244391 0.0209637 0.0359145 0.0266951 0.0536788 0.0555002 0.0277423 0.0431507 0.0429211 0.0432766 0.0436687 0.0332262 0.0532191 0.0434179 0.0434428 0.0459507 0.0418052 0.0718710 0.0812641 0.0500162 0.0611564 0.0371058 0.0404664 0.0338661 0.0468729 0.0421946 0.0220679 0.0380456 0.0406699 0.0427024 0.0350694 0.0326156 0.0249107 0.0421456 0.0418683 0.0298074 0.0260732 0.0415933 0.0230712 0.0303057 0.0319606 0.0654571 0.0463623 0.0435959 0.0287069 0.0299641 0.0414303 0.0294319 0.0247397 0.0270972 0.0368409 0.0389092 0.0435406 0.0218636 0.0213071 0.0447174 0.0375211 0.0357330 0.0305104 0.0207586 0.0344956 0.0504244 0.0213049 0.0261766 0.0265035 0.0213070 0.0363055 0.0357128 0.0290652 0.0250752 0.0327196 0.0388515 0.0280409 0.0276867 0.0202854 0.0491017 0.0236921 0.0473411 0.0546159 0.0635030 0.0373350 0.0199392 0.0288924 0.0208665 0.0482236 0.0351577 0.0356766 0.0622422 0.0217174 0.0577853 0.0301917 0.0315400 0.0194775 0.0351699 0.0481575 0.0294921 0.0502072 0.0306267 0.0391294 0.0347571 0.0200674 0.0252693 0.0195481 0.0379346 0.0281020 0.0482706 0.0354785 0.0213782 0.0497889 0.0696684 0.0398070 0.0419657 0.0191261 0.0242525 0.0268612 0.0246981 0.0260997 0.0268273 0.0391094 0.0410085 0.0396996 0.0322723 0.0462371 0.0434119 0.0303167 0.0870981 0.0261334 0.0335165 0.0480887 0.0250937 0.0270635 0.0201337 0.0291553 0.0680031 0.0256176 0.0506223 0.0499316 0.0466463 0.0460216 0.1413468 0.0444205 0.0526401 0.0503861 0.0408329 0.0345107 0.0425088 
I0205_1183_Tyrannidae_Hirundinea_ferruginea            0.0403769 0.0522892 0.0562089 0.0527351 0.0347958 0.0538896 0.0489254 0.0515485 0.0628755 0.0635681 0.0462654 0.0393961 0.0589328 0.0573433 0.0310033 0.0527925 0.0365527 0.0099502 0.0424561 0.0000000 0.0457678 0.0340977 0.0420225 0.0428702 0.0437979 0.0543746 0.0443438 0.0458318 0.0478436 0.0442480 0.0186391 0.0179598 0.0577073 0.0573206 0.0513798 0.0465510 0.0308999 0.0159800 0.0179455 0.0170603 0.0901039 0.0961645 0.0425169 0.0739321 0.0500897 0.0572378 0.0500348 0.0331552 0.0170587 0.0437160 0.0529025 0.0170229 0.0306735 0.0534086 0.0519802 0.0460644 0.0103084 0.0572891 0.0457752 0.0448105 0.0169639 0.0459850 0.0469113 0.0504440 0.0811956 0.0329126 0.0179495 0.0478036 0.0457291 0.0169937 0.0441790 0.0418902 0.0452867 0.0521029 0.0523518 0.0565829 0.0437933 0.0389715 0.0589689 0.0545281 0.0504242 0.0476978 0.0426755 0.0486035 0.0644934 0.0405452 0.0451786 0.0437393 0.0431933 0.0527871 0.0535366 0.0462662 0.0432859 0.0530749 0.0535797 0.0491832 0.0459572 0.0426236 0.0348723 0.0460107 0.0393839 0.0473342 0.0800728 0.0515815 0.0426021 0.0454543 0.0423347 0.0371239 0.0521275 0.0506665 0.0785334 0.0428936 0.0723023 0.0472297 0.0492834 0.0412447 0.0541363 0.0640760 0.0484222 0.0400515 0.0493565 0.0537047 0.0520125 0.0424989 0.0447317 0.0417286 0.0544563 0.0464549 0.0618643 0.0529397 0.0432146 0.0632514 0.0860874 0.0335960 0.0177110 0.0419880 0.0463493 0.0463875 0.0460112 0.0437258 0.0457395 0.0570590 0.0577662 0.0577946 0.0515731 0.0336419 0.0112042 0.0492565 0.1014306 0.0451649 0.0524331 0.0366246 0.0442871 0.0435404 0.0424551 0.0458312 0.0858299 0.0424452 0.0428321 0.0434966 0.0387758 0.0351804 0.1462242 0.0370094 0.0459981 0.0429312 0.0578636 0.0504076 0.0404795 
I0206_1192_Laridae_Chroicocephalus_cirrocephalus       0.0293111 0.0425248 0.0447867 0.0410700 0.0497578 0.0435938 0.0342573 0.0388534 0.0545710 0.0556555 0.0337416 0.0506700 0.0479609 0.0471367 0.0481965 0.0321455 0.0248404 0.0455525 0.0284347 0.0457678 0.0000000 0.0508515 0.0302362 0.0257373 0.0291353 0.0410005 0.0280023 0.0574856 0.0587775 0.0331416 0.0467128 0.0462279 0.0473476 0.0475389 0.0389640 0.0571578 0.0480962 0.0470571 0.0483943 0.0443681 0.0803796 0.0848661 0.0537901 0.0640346 0.0412767 0.0449961 0.0385811 0.0501157 0.0452450 0.0306347 0.0425476 0.0442366 0.0472115 0.0401149 0.0373582 0.0327421 0.0460156 0.0464473 0.0342698 0.0319878 0.0449811 0.0324601 0.0362853 0.0365752 0.0685833 0.0502439 0.0465740 0.0348358 0.0345732 0.0455303 0.0344503 0.0296232 0.0092258 0.0420031 0.0427117 0.0482774 0.0308911 0.0270087 0.0492809 0.0360779 0.0411224 0.0351599 0.0285605 0.0385129 0.0553588 0.0271008 0.0272217 0.0318303 0.0286784 0.0409336 0.0406631 0.0338181 0.0264960 0.0387374 0.0440178 0.0358502 0.0333975 0.0279197 0.0527138 0.0324724 0.0514309 0.0580194 0.0669828 0.0427685 0.0284019 0.0339919 0.0288535 0.0517210 0.0397518 0.0408493 0.0657871 0.0303898 0.0630016 0.0118795 0.0367044 0.0271421 0.0412062 0.0534791 0.0343904 0.0548128 0.0202401 0.0368331 0.0389618 0.0276975 0.0308955 0.0274734 0.0433446 0.0131569 0.0521678 0.0404011 0.0288246 0.0534794 0.0741766 0.0439202 0.0454318 0.0271125 0.0324149 0.0324546 0.0323902 0.0330719 0.0326664 0.0445078 0.0463972 0.0451169 0.0311467 0.0499312 0.0464663 0.0290959 0.0898918 0.0309929 0.0390237 0.0518317 0.0304746 0.0323999 0.0289536 0.0354286 0.0717994 0.0321147 0.0544547 0.0536577 0.0500821 0.0502990 0.1421709 0.0489401 0.0557806 0.0545557 0.0393807 0.0387471 0.0467255 
I0207_1193_Thamnophilidae_Thamnophilus_ruficapillus    0.0455792 0.0579168 0.0609175 0.0574186 0.0386962 0.0591113 0.0543769 0.0563775 0.0675374 0.0678385 0.0511640 0.0453396 0.0645187 0.0630647 0.0280335 0.0581598 0.0414173 0.0335878 0.0470896 0.0340977 0.0508515 0.0000000 0.0469990 0.0473037 0.0486546 0.0584632 0.0490267 0.0508197 0.0524675 0.0493817 0.0335831 0.0342492 0.0653520 0.0646678 0.0567114 0.0518364 0.0279527 0.0343482 0.0363962 0.0323941 0.0947673 0.0999564 0.0481515 0.0771253 0.0555584 0.0614804 0.0549376 0.0153969 0.0339979 0.0485635 0.0556695 0.0319752 0.0279333 0.0581711 0.0563515 0.0516644 0.0338514 0.0628414 0.0507286 0.0501320 0.0324057 0.0495276 0.0524145 0.0547593 0.0849633 0.0144646 0.0345880 0.0522204 0.0505255 0.0332575 0.0480111 0.0468541 0.0504914 0.0555239 0.0558026 0.0612028 0.0486180 0.0432580 0.0662466 0.0580379 0.0545445 0.0537036 0.0482753 0.0536511 0.0683493 0.0463874 0.0505600 0.0489337 0.0484960 0.0578772 0.0586131 0.0506377 0.0483458 0.0572482 0.0577906 0.0531220 0.0512892 0.0478945 0.0303200 0.0503590 0.0453252 0.0529359 0.0834586 0.0554943 0.0466187 0.0500912 0.0473871 0.0405680 0.0566271 0.0550510 0.0819805 0.0485267 0.0770706 0.0520878 0.0548978 0.0470502 0.0584590 0.0684631 0.0528829 0.0433143 0.0544230 0.0603146 0.0566440 0.0475464 0.0494148 0.0472308 0.0595102 0.0512979 0.0678351 0.0570745 0.0485194 0.0682008 0.0882766 0.0395241 0.0330440 0.0468133 0.0506772 0.0513449 0.0513471 0.0484900 0.0514278 0.0611674 0.0629543 0.0617478 0.0569690 0.0301757 0.0343753 0.0540130 0.1063477 0.0497992 0.0578064 0.0408915 0.0500810 0.0487099 0.0469491 0.0515647 0.0889861 0.0475397 0.0481420 0.0485002 0.0449203 0.0383398 0.1517814 0.0437706 0.0509877 0.0477722 0.0614725 0.0552001 0.0438441 
