40
Altingia               0.0000000 0.0139663 0.0113202 0.0059591 0.0125222 0.0179452 0.0072984 0.0276258 0.0091824 0.0072616 0.0233379 0.0063878 0.0201365 0.0071744 0.0118629 0.0103264 0.0200992 0.0197398 0.0127093 0.0016937 0.0205580 0.0065623 0.0181604 0.0180842 0.0177700 0.0181321 0.0132553 0.0143931 0.0161463 0.0099584 0.0068314 0.0121625 0.0164320 0.0175580 0.0242230 0.0113561 0.0175354 0.0167599 0.0163488 0.0127278 
Aphanopetalum          0.0139663 0.0000000 0.0162173 0.0117655 0.0169147 0.0214907 0.0127411 0.0267483 0.0148302 0.0135473 0.0230118 0.0129216 0.0162338 0.0131567 0.0167289 0.0157164 0.0203179 0.0252419 0.0176063 0.0139732 0.0162508 0.0127693 0.0217143 0.0216810 0.0215981 0.0212226 0.0181562 0.0103751 0.0210205 0.0151094 0.0129196 0.0167015 0.0200679 0.0230658 0.0240087 0.0165542 0.0135759 0.0211019 0.0210681 0.0179171 
Boykinia               0.0113202 0.0162173 0.0000000 0.0093876 0.0134508 0.0122850 0.0111245 0.0287508 0.0127233 0.0107549 0.0247099 0.0101466 0.0214410 0.0106163 0.0061279 0.0111690 0.0218341 0.0230690 0.0161500 0.0113494 0.0226124 0.0100303 0.0205506 0.0203630 0.0201822 0.0194376 0.0080821 0.0160264 0.0187895 0.0105211 0.0109522 0.0123809 0.0107737 0.0129892 0.0260630 0.0032207 0.0200309 0.0192606 0.0187322 0.0163766 
Cercidiphyllum         0.0059591 0.0117655 0.0093876 0.0000000 0.0102616 0.0154911 0.0048337 0.0251531 0.0065479 0.0045759 0.0211693 0.0040568 0.0173737 0.0047343 0.0095085 0.0085066 0.0180317 0.0182158 0.0108250 0.0059209 0.0181863 0.0040369 0.0161842 0.0161216 0.0155730 0.0159646 0.0109792 0.0119728 0.0135202 0.0080618 0.0045129 0.0097363 0.0140733 0.0157680 0.0218437 0.0097103 0.0151943 0.0145980 0.0139609 0.0110009 
Choristylis            0.0125222 0.0169147 0.0134508 0.0102616 0.0000000 0.0186443 0.0111973 0.0281664 0.0132836 0.0113553 0.0258850 0.0099260 0.0211712 0.0112870 0.0134134 0.0069266 0.0230120 0.0245316 0.0162758 0.0123596 0.0215765 0.0108770 0.0212793 0.0210848 0.0207903 0.0210981 0.0147302 0.0163787 0.0196391 0.0098904 0.0110747 0.0132934 0.0180227 0.0189352 0.0269166 0.0133571 0.0202489 0.0191537 0.0182351 0.0162429 
Chrysosplenium         0.0179452 0.0214907 0.0122850 0.0154911 0.0186443 0.0000000 0.0158937 0.0319674 0.0184436 0.0163821 0.0297705 0.0152695 0.0255744 0.0159306 0.0105622 0.0164534 0.0267870 0.0290430 0.0221832 0.0179325 0.0266245 0.0161403 0.0247464 0.0247081 0.0242525 0.0234608 0.0091226 0.0203038 0.0252739 0.0162360 0.0167720 0.0162254 0.0135440 0.0158218 0.0299350 0.0120938 0.0232066 0.0241022 0.0235150 0.0222172 
Corylopsis             0.0072984 0.0127411 0.0111245 0.0048337 0.0111973 0.0158937 0.0000000 0.0256205 0.0078351 0.0045756 0.0225284 0.0046103 0.0184794 0.0025588 0.0103730 0.0094320 0.0196195 0.0199009 0.0111323 0.0071860 0.0189115 0.0045985 0.0163449 0.0162806 0.0159068 0.0164089 0.0119622 0.0124475 0.0147021 0.0090720 0.0054349 0.0100319 0.0151074 0.0163889 0.0233067 0.0108344 0.0165703 0.0151727 0.0151586 0.0113048 
Crassula               0.0276258 0.0267483 0.0287508 0.0251531 0.0281664 0.0319674 0.0256205 0.0000000 0.0281012 0.0253235 0.0189718 0.0253754 0.0303626 0.0258709 0.0277562 0.0269372 0.0172261 0.0360779 0.0315609 0.0273386 0.0301375 0.0251789 0.0341889 0.0339161 0.0335945 0.0340652 0.0293075 0.0260350 0.0334915 0.0265363 0.0260559 0.0281926 0.0307007 0.0319653 0.0198149 0.0287316 0.0290782 0.0339147 0.0340452 0.0309619 
Daphniphyllum          0.0091824 0.0148302 0.0127233 0.0065479 0.0132836 0.0184436 0.0078351 0.0281012 0.0000000 0.0081191 0.0241537 0.0073353 0.0207762 0.0075511 0.0126057 0.0115455 0.0215804 0.0205093 0.0136152 0.0088825 0.0211507 0.0070466 0.0184964 0.0184177 0.0181485 0.0182020 0.0138695 0.0151603 0.0160680 0.0104289 0.0076274 0.0123588 0.0169758 0.0183888 0.0256411 0.0126008 0.0180451 0.0165637 0.0155817 0.0137268 
Disanthus              0.0072616 0.0135473 0.0107549 0.0045759 0.0113553 0.0163821 0.0045756 0.0253235 0.0081191 0.0000000 0.0223449 0.0046936 0.0185431 0.0042817 0.0105788 0.0092524 0.0194177 0.0196041 0.0114494 0.0074305 0.0188061 0.0047622 0.0171140 0.0170373 0.0166373 0.0170103 0.0119650 0.0131029 0.0149968 0.0090400 0.0055494 0.0104539 0.0149751 0.0162142 0.0230228 0.0106767 0.0166230 0.0156349 0.0149644 0.0119137 
Dudleya                0.0233379 0.0230118 0.0247099 0.0211693 0.0258850 0.0297705 0.0225284 0.0189718 0.0241537 0.0223449 0.0000000 0.0216145 0.0277544 0.0227497 0.0246309 0.0234862 0.0102639 0.0327652 0.0276486 0.0230840 0.0275096 0.0214900 0.0311783 0.0310013 0.0307935 0.0318439 0.0265023 0.0227301 0.0290921 0.0225659 0.0225986 0.0251979 0.0283698 0.0311011 0.0090944 0.0246003 0.0263780 0.0298143 0.0299057 0.0273400 
Exbucklandia           0.0063878 0.0129216 0.0101466 0.0040568 0.0099260 0.0152695 0.0046103 0.0253754 0.0073353 0.0046936 0.0216145 0.0000000 0.0182506 0.0047178 0.0098669 0.0083279 0.0185737 0.0183807 0.0105075 0.0065984 0.0188625 0.0041662 0.0157241 0.0157105 0.0153768 0.0157987 0.0112470 0.0125634 0.0134508 0.0077400 0.0035615 0.0100426 0.0144181 0.0154450 0.0222755 0.0096386 0.0153696 0.0145982 0.0137770 0.0108872 
Haloragis              0.0201365 0.0162338 0.0214410 0.0173737 0.0211712 0.0255744 0.0184794 0.0303626 0.0207762 0.0185431 0.0277544 0.0182506 0.0000000 0.0188181 0.0216161 0.0194362 0.0257455 0.0309812 0.0232301 0.0198138 0.0054452 0.0182216 0.0265721 0.0264982 0.0261848 0.0264088 0.0227921 0.0128355 0.0265295 0.0195771 0.0182287 0.0214129 0.0236800 0.0270980 0.0288241 0.0212237 0.0179732 0.0261181 0.0261420 0.0233399 
Hamamelis              0.0071744 0.0131567 0.0106163 0.0047343 0.0112870 0.0159306 0.0025588 0.0258709 0.0075511 0.0042817 0.0227497 0.0047178 0.0188181 0.0000000 0.0099355 0.0093357 0.0197588 0.0195490 0.0111666 0.0071786 0.0194804 0.0044193 0.0171027 0.0169860 0.0165792 0.0170459 0.0113718 0.0129751 0.0150802 0.0087218 0.0051793 0.0101407 0.0148266 0.0160751 0.0233056 0.0102426 0.0169150 0.0150466 0.0147943 0.0113874 
Heuchera               0.0118629 0.0167289 0.0061279 0.0095085 0.0134134 0.0105622 0.0103730 0.0277562 0.0126057 0.0105788 0.0246309 0.0098669 0.0216161 0.0099355 0.0000000 0.0109322 0.0223025 0.0230530 0.0159736 0.0115275 0.0221465 0.0099303 0.0205209 0.0202681 0.0200984 0.0192943 0.0063165 0.0159355 0.0188478 0.0106393 0.0108569 0.0116066 0.0098312 0.0110191 0.0253185 0.0058996 0.0194718 0.0182444 0.0180806 0.0167413 
Itea                   0.0103264 0.0157164 0.0111690 0.0085066 0.0069266 0.0164534 0.0094320 0.0269372 0.0115455 0.0092524 0.0234862 0.0083279 0.0194362 0.0093357 0.0109322 0.0000000 0.0214859 0.0217120 0.0138439 0.0100711 0.0207462 0.0087712 0.0188719 0.0187412 0.0185680 0.0186531 0.0124910 0.0148644 0.0169569 0.0076474 0.0092420 0.0119831 0.0154736 0.0172520 0.0253222 0.0110061 0.0186384 0.0175039 0.0172924 0.0142123 
Kalanchoe              0.0200992 0.0203179 0.0218341 0.0180317 0.0230120 0.0267870 0.0196195 0.0172261 0.0215804 0.0194177 0.0102639 0.0185737 0.0257455 0.0197588 0.0223025 0.0214859 0.0000000 0.0302467 0.0243642 0.0202917 0.0253622 0.0185279 0.0288625 0.0288145 0.0282902 0.0290553 0.0237573 0.0198944 0.0267389 0.0202036 0.0193042 0.0222925 0.0262229 0.0278156 0.0117944 0.0216089 0.0230011 0.0273298 0.0275433 0.0242383 
Lambertia              0.0197398 0.0252419 0.0230690 0.0182158 0.0245316 0.0290430 0.0199009 0.0360779 0.0205093 0.0196041 0.0327652 0.0183807 0.0309812 0.0195490 0.0230530 0.0217120 0.0302467 0.0000000 0.0212064 0.0200684 0.0311650 0.0189261 0.0291842 0.0290408 0.0288805 0.0290562 0.0238512 0.0258295 0.0129695 0.0210855 0.0189034 0.0231463 0.0274596 0.0291520 0.0340544 0.0228391 0.0293467 0.0180538 0.0176835 0.0217825 
Leea                   0.0127093 0.0176063 0.0161500 0.0108250 0.0162758 0.0221832 0.0111323 0.0315609 0.0136152 0.0114494 0.0276486 0.0105075 0.0232301 0.0111666 0.0159736 0.0138439 0.0243642 0.0212064 0.0000000 0.0127419 0.0243113 0.0109235 0.0219083 0.0216614 0.0215300 0.0221636 0.0174752 0.0185241 0.0159087 0.0140187 0.0111418 0.0159658 0.0207353 0.0217769 0.0284579 0.0157109 0.0213679 0.0172890 0.0172723 0.0065749 
Liquidambar            0.0016937 0.0139732 0.0113494 0.0059209 0.0123596 0.0179325 0.0071860 0.0273386 0.0088825 0.0074305 0.0230840 0.0065984 0.0198138 0.0071786 0.0115275 0.0100711 0.0202917 0.0200684 0.0127419 0.0000000 0.0205864 0.0064107 0.0176668 0.0176961 0.0173692 0.0178329 0.0130080 0.0145378 0.0160806 0.0099851 0.0069091 0.0119628 0.0158762 0.0173240 0.0241524 0.0113048 0.0174926 0.0166458 0.0163681 0.0126749 
Myriophyllum           0.0205580 0.0162508 0.0226124 0.0181863 0.0215765 0.0266245 0.0189115 0.0301375 0.0211507 0.0188061 0.0275096 0.0188625 0.0054452 0.0194804 0.0221465 0.0207462 0.0253622 0.0311650 0.0243113 0.0205864 0.0000000 0.0188418 0.0275202 0.0269173 0.0271728 0.0269359 0.0240806 0.0127823 0.0272673 0.0205171 0.0188382 0.0221538 0.0248193 0.0286379 0.0280024 0.0224809 0.0178087 0.0267713 0.0269117 0.0245404 
Mytilaria              0.0065623 0.0127693 0.0100303 0.0040369 0.0108770 0.0161403 0.0045985 0.0251789 0.0070466 0.0047622 0.0214900 0.0041662 0.0182216 0.0044193 0.0099303 0.0087712 0.0185279 0.0189261 0.0109235 0.0064107 0.0188418 0.0000000 0.0162672 0.0162042 0.0158064 0.0162531 0.0113348 0.0123468 0.0140712 0.0084513 0.0049170 0.0103389 0.0147923 0.0163221 0.0224622 0.0099054 0.0159080 0.0152351 0.0148289 0.0113285 
Paeonia_brownii        0.0181604 0.0217143 0.0205506 0.0161842 0.0212793 0.0247464 0.0163449 0.0341889 0.0184964 0.0171140 0.0311783 0.0157241 0.0265721 0.0171027 0.0205209 0.0188719 0.0288625 0.0291842 0.0219083 0.0176668 0.0275202 0.0162672 0.0000000 0.0011613 0.0017347 0.0023094 0.0215871 0.0220954 0.0243414 0.0186814 0.0166623 0.0206901 0.0245382 0.0260665 0.0323884 0.0206713 0.0253524 0.0245260 0.0243226 0.0224287 
Paeonia_californica    0.0180842 0.0216810 0.0203630 0.0161216 0.0210848 0.0247081 0.0162806 0.0339161 0.0184177 0.0170373 0.0310013 0.0157105 0.0264982 0.0169860 0.0202681 0.0187412 0.0288145 0.0290408 0.0216614 0.0176961 0.0269173 0.0162042 0.0011613 0.0000000 0.0019798 0.0024453 0.0213377 0.0218485 0.0243322 0.0183177 0.0167056 0.0205009 0.0244512 0.0257213 0.0324155 0.0204829 0.0249162 0.0245636 0.0243721 0.0222777 
Paeonia_suffruticosa   0.0177700 0.0215981 0.0201822 0.0155730 0.0207903 0.0242525 0.0159068 0.0335945 0.0181485 0.0166373 0.0307935 0.0153768 0.0261848 0.0165792 0.0200984 0.0185680 0.0282902 0.0288805 0.0215300 0.0173692 0.0271728 0.0158064 0.0017347 0.0019798 0.0000000 0.0022271 0.0210579 0.0221203 0.0241821 0.0183658 0.0165204 0.0202435 0.0242183 0.0258152 0.0318837 0.0202476 0.0248556 0.0242459 0.0242862 0.0221892 
Paeonia_tenuifolia     0.0181321 0.0212226 0.0194376 0.0159646 0.0210981 0.0234608 0.0164089 0.0340652 0.0182020 0.0170103 0.0318439 0.0157987 0.0264088 0.0170459 0.0192943 0.0186531 0.0290553 0.0290562 0.0221636 0.0178329 0.0269359 0.0162531 0.0023094 0.0024453 0.0022271 0.0000000 0.0205241 0.0220032 0.0247448 0.0186332 0.0170125 0.0203167 0.0230004 0.0248465 0.0322802 0.0193572 0.0244049 0.0248695 0.0243234 0.0226075 
Peltoboykinia          0.0132553 0.0181562 0.0080821 0.0109792 0.0147302 0.0091226 0.0119622 0.0293075 0.0138695 0.0119650 0.0265023 0.0112470 0.0227921 0.0113718 0.0063165 0.0124910 0.0237573 0.0238512 0.0174752 0.0130080 0.0240806 0.0113348 0.0215871 0.0213377 0.0210579 0.0205241 0.0000000 0.0173364 0.0204210 0.0119581 0.0120248 0.0122783 0.0104544 0.0125631 0.0270593 0.0078834 0.0199086 0.0195749 0.0190772 0.0179998 
Penthorum              0.0143931 0.0103751 0.0160264 0.0119728 0.0163787 0.0203038 0.0124475 0.0260350 0.0151603 0.0131029 0.0227301 0.0125634 0.0128355 0.0129751 0.0159355 0.0148644 0.0198944 0.0258295 0.0185241 0.0145378 0.0127823 0.0123468 0.0220954 0.0218485 0.0221203 0.0220032 0.0173364 0.0000000 0.0206002 0.0140349 0.0128165 0.0163879 0.0199682 0.0219236 0.0236742 0.0160295 0.0119302 0.0202883 0.0203276 0.0183115 
Platanus               0.0161463 0.0210205 0.0187895 0.0135202 0.0196391 0.0252739 0.0147021 0.0334915 0.0160680 0.0149968 0.0290921 0.0134508 0.0265295 0.0150802 0.0188478 0.0169569 0.0267389 0.0129695 0.0159087 0.0160806 0.0272673 0.0140712 0.0243414 0.0243322 0.0241821 0.0247448 0.0204210 0.0206002 0.0000000 0.0162797 0.0142567 0.0184862 0.0236983 0.0251384 0.0309254 0.0188107 0.0240500 0.0123423 0.0121972 0.0165181 
Pterostemon            0.0099584 0.0151094 0.0105211 0.0080618 0.0098904 0.0162360 0.0090720 0.0265363 0.0104289 0.0090400 0.0225659 0.0077400 0.0195771 0.0087218 0.0106393 0.0076474 0.0202036 0.0210855 0.0140187 0.0099851 0.0205171 0.0084513 0.0186814 0.0183177 0.0183658 0.0186332 0.0119581 0.0140349 0.0162797 0.0000000 0.0088750 0.0111625 0.0154079 0.0162523 0.0241687 0.0107753 0.0181161 0.0160910 0.0157534 0.0141926 
Rhodoleia              0.0068314 0.0129196 0.0109522 0.0045129 0.0110747 0.0167720 0.0054349 0.0260559 0.0076274 0.0055494 0.0225986 0.0035615 0.0182287 0.0051793 0.0108569 0.0092420 0.0193042 0.0189034 0.0111418 0.0069091 0.0188382 0.0049170 0.0166623 0.0167056 0.0165204 0.0170125 0.0120248 0.0128165 0.0142567 0.0088750 0.0000000 0.0108934 0.0154999 0.0166196 0.0229199 0.0105819 0.0161621 0.0153210 0.0148247 0.0113832 
Ribes                  0.0121625 0.0167015 0.0123809 0.0097363 0.0132934 0.0162254 0.0100319 0.0281926 0.0123588 0.0104539 0.0251979 0.0100426 0.0214129 0.0101407 0.0116066 0.0119831 0.0222925 0.0231463 0.0159658 0.0119628 0.0221538 0.0103389 0.0206901 0.0205009 0.0202435 0.0203167 0.0122783 0.0163879 0.0184862 0.0111625 0.0108934 0.0000000 0.0157330 0.0174342 0.0263512 0.0123873 0.0190175 0.0193541 0.0190238 0.0160389 
Saxifraga_integrifolia 0.0164320 0.0200679 0.0107737 0.0140733 0.0180227 0.0135440 0.0151074 0.0307007 0.0169758 0.0149751 0.0283698 0.0144181 0.0236800 0.0148266 0.0098312 0.0154736 0.0262229 0.0274596 0.0207353 0.0158762 0.0248193 0.0147923 0.0245382 0.0244512 0.0242183 0.0230004 0.0104544 0.0199682 0.0236983 0.0154079 0.0154999 0.0157330 0.0000000 0.0155989 0.0300529 0.0108079 0.0225122 0.0225269 0.0225235 0.0206022 
Saxifraga_mertensiana  0.0175580 0.0230658 0.0129892 0.0157680 0.0189352 0.0158218 0.0163889 0.0319653 0.0183888 0.0162142 0.0311011 0.0154450 0.0270980 0.0160751 0.0110191 0.0172520 0.0278156 0.0291520 0.0217769 0.0173240 0.0286379 0.0163221 0.0260665 0.0257213 0.0258152 0.0248465 0.0125631 0.0219236 0.0251384 0.0162523 0.0166196 0.0174342 0.0155989 0.0000000 0.0317393 0.0124953 0.0245149 0.0240336 0.0238710 0.0221156 
Sedum                  0.0242230 0.0240087 0.0260630 0.0218437 0.0269166 0.0299350 0.0233067 0.0198149 0.0256411 0.0230228 0.0090944 0.0222755 0.0288241 0.0233056 0.0253185 0.0253222 0.0117944 0.0340544 0.0284579 0.0241524 0.0280024 0.0224622 0.0323884 0.0324155 0.0318837 0.0322802 0.0270593 0.0236742 0.0309254 0.0241687 0.0229199 0.0263512 0.0300529 0.0317393 0.0000000 0.0259638 0.0271182 0.0322501 0.0322848 0.0278422 
Sullivantia            0.0113561 0.0165542 0.0032207 0.0097103 0.0133571 0.0120938 0.0108344 0.0287316 0.0126008 0.0106767 0.0246003 0.0096386 0.0212237 0.0102426 0.0058996 0.0110061 0.0216089 0.0228391 0.0157109 0.0113048 0.0224809 0.0099054 0.0206713 0.0204829 0.0202476 0.0193572 0.0078834 0.0160295 0.0188107 0.0107753 0.0105819 0.0123873 0.0108079 0.0124953 0.0259638 0.0000000 0.0197778 0.0190841 0.0185006 0.0163585 
Tetracarpaea           0.0175354 0.0135759 0.0200309 0.0151943 0.0202489 0.0232066 0.0165703 0.0290782 0.0180451 0.0166230 0.0263780 0.0153696 0.0179732 0.0169150 0.0194718 0.0186384 0.0230011 0.0293467 0.0213679 0.0174926 0.0178087 0.0159080 0.0253524 0.0249162 0.0248556 0.0244049 0.0199086 0.0119302 0.0240500 0.0181161 0.0161621 0.0190175 0.0225122 0.0245149 0.0271182 0.0197778 0.0000000 0.0238722 0.0235697 0.0215103 
Tetracentron           0.0167599 0.0211019 0.0192606 0.0145980 0.0191537 0.0241022 0.0151727 0.0339147 0.0165637 0.0156349 0.0298143 0.0145982 0.0261181 0.0150466 0.0182444 0.0175039 0.0273298 0.0180538 0.0172890 0.0166458 0.0267713 0.0152351 0.0245260 0.0245636 0.0242459 0.0248695 0.0195749 0.0202883 0.0123423 0.0160910 0.0153210 0.0193541 0.0225269 0.0240336 0.0322501 0.0190841 0.0238722 0.0000000 0.0040199 0.0173050 
Trochodendron          0.0163488 0.0210681 0.0187322 0.0139609 0.0182351 0.0235150 0.0151586 0.0340452 0.0155817 0.0149644 0.0299057 0.0137770 0.0261420 0.0147943 0.0180806 0.0172924 0.0275433 0.0176835 0.0172723 0.0163681 0.0269117 0.0148289 0.0243226 0.0243721 0.0242862 0.0243234 0.0190772 0.0203276 0.0121972 0.0157534 0.0148247 0.0190238 0.0225235 0.0238710 0.0322848 0.0185006 0.0235697 0.0040199 0.0000000 0.0172918 
Vitis                  0.0127278 0.0179171 0.0163766 0.0110009 0.0162429 0.0222172 0.0113048 0.0309619 0.0137268 0.0119137 0.0273400 0.0108872 0.0233399 0.0113874 0.0167413 0.0142123 0.0242383 0.0217825 0.0065749 0.0126749 0.0245404 0.0113285 0.0224287 0.0222777 0.0221892 0.0226075 0.0179998 0.0183115 0.0165181 0.0141926 0.0113832 0.0160389 0.0206022 0.0221156 0.0278422 0.0163585 0.0215103 0.0173050 0.0172918 0.0000000 
