37
Burramyidae_Burramys_parvus                  0.0000000 0.1042898 0.0643536 0.0561285 0.0685344 0.0992045 0.0587464 0.0699198 0.0830775 0.0889839 0.0681594 0.0772785 0.1061747 0.0717102 0.0803167 0.0808152 0.0992165 0.0858555 0.1139045 0.0611013 0.0870060 0.1022753 0.1042744 0.0776712 0.0694384 0.0751260 0.0745607 0.0603912 0.1004658 0.1031853 0.0747832 0.0659627 0.0757961 0.0921742 0.0897039 0.6528913 0.6528913 
Notoryctidae_Notoryctes_typhlops             0.1042898 0.0000000 0.1055960 0.0894838 0.0990095 0.1205897 0.1021958 0.1069083 0.1212733 0.1084749 0.1094352 0.0988347 0.1291730 0.1070315 0.1088645 0.1014557 0.1160124 0.1140660 0.1249878 0.0934917 0.1163157 0.1215148 0.1279595 0.1010924 0.1073019 0.1040186 0.1067747 0.0937797 0.1364191 0.1322964 0.1084130 0.1079116 0.1045448 0.1145223 0.1105214 0.6944641 0.6944641 
Vombatidae_Lasiorhinus_latifrons             0.0643536 0.1055960 0.0000000 0.0550006 0.0620162 0.0814002 0.0579204 0.0667645 0.0700902 0.0813671 0.0660110 0.0720324 0.0981415 0.0642199 0.0677884 0.0705683 0.0800070 0.0829918 0.1014725 0.0600405 0.0720915 0.0833763 0.0875053 0.0709242 0.0646286 0.0698097 0.0595678 0.0551721 0.0863323 0.0897785 0.0648361 0.0660505 0.0782381 0.0746853 0.0811738 1.2138046 1.2138046 
Potoroidae_Bettongia_penicillata             0.0561285 0.0894838 0.0550006 0.0000000 0.0173579 0.0915328 0.0581587 0.0666687 0.0237722 0.0797905 0.0650909 0.0744097 0.1000579 0.0679652 0.0704011 0.0751274 0.0895356 0.0765097 0.1008345 0.0191829 0.0761540 0.0897632 0.0901576 0.0727705 0.0411513 0.0616640 0.0664667 0.0213060 0.0916500 0.0932767 0.0691303 0.0658542 0.0693489 0.0817134 0.0805295 0.6237409 0.6237409 
Potoroidae_Bettongia_lesueur                 0.0685344 0.0990095 0.0620162 0.0173579 0.0000000 0.0943703 0.0694561 0.0762632 0.0311115 0.0871515 0.0740274 0.0801113 0.1062204 0.0784904 0.0777379 0.0806827 0.0906433 0.0849184 0.1113969 0.0302801 0.0835476 0.0979065 0.0954483 0.0781362 0.0505151 0.0720590 0.0707460 0.0216657 0.0997740 0.0967387 0.0767268 0.0770012 0.0788102 0.0841521 0.0873701 1.0316812 1.0316812 
Dasyuridae_Dasyurus_maculatus                0.0992045 0.1205897 0.0814002 0.0915328 0.0943703 0.0000000 0.0956315 0.1114727 0.0953727 0.1068971 0.1107235 0.0271165 0.0530226 0.1102519 0.1015013 0.0260080 0.0213354 0.0432686 0.1315906 0.0887385 0.1168745 0.1114909 0.1178422 0.0273349 0.1042255 0.0855936 0.1056984 0.0882703 0.1416221 0.1294416 0.1070853 0.1089370 0.0914308 0.0105414 0.1075797 1.3238841 1.3238841 
Phalangeridae_Trichosurus_vulpecula          0.0587464 0.1021958 0.0579204 0.0581587 0.0694561 0.0956315 0.0000000 0.0315012 0.0776442 0.0897364 0.0407808 0.0747538 0.1026778 0.0411575 0.0666666 0.0800202 0.0925622 0.0800068 0.1081188 0.0612599 0.0773328 0.0963326 0.1002074 0.0789070 0.0687209 0.0742336 0.0685267 0.0639919 0.0896192 0.1022144 0.0700623 0.0322292 0.0724715 0.0835827 0.0904630 0.9280024 0.9280024 
Phalangeridae_Spilocuscus_maculatus          0.0699198 0.1069083 0.0667645 0.0666687 0.0762632 0.1114727 0.0315012 0.0000000 0.0908733 0.0939292 0.0256545 0.0826392 0.1133908 0.0297934 0.0818696 0.0896702 0.1070074 0.0885192 0.1130874 0.0682714 0.0847420 0.1027059 0.1082705 0.0873908 0.0786684 0.0844906 0.0768150 0.0686404 0.1011430 0.1091717 0.0751458 0.0185737 0.0818631 0.0982656 0.0955134 0.7729410 0.7729410 
Potoroidae_Aepyprymnus_rufescens             0.0830775 0.1212733 0.0700902 0.0237722 0.0311115 0.0953727 0.0776442 0.0908733 0.0000000 0.1054381 0.0896405 0.0973579 0.1252003 0.0890474 0.0895496 0.0981677 0.1023789 0.1008171 0.1342836 0.0323489 0.1017642 0.1065039 0.1057418 0.0923882 0.0576796 0.0886944 0.0870284 0.0365441 0.1208263 0.1072101 0.0895519 0.0897048 0.0949781 0.0867871 0.1064064 2.4970752 2.4970752 
Peramelidae_Perameles_nasuta                 0.0889839 0.1084749 0.0813671 0.0797905 0.0871515 0.1068971 0.0897364 0.0939292 0.1054381 0.0000000 0.0914183 0.0837337 0.1007503 0.1024862 0.0972055 0.0861878 0.1047617 0.0963721 0.0342629 0.0806069 0.0913350 0.0979089 0.0970455 0.0854850 0.0922584 0.0675486 0.0857029 0.0771981 0.1137681 0.1073388 0.0922452 0.0966903 0.0215536 0.0946018 0.0021626 0.8872059 0.8872059 
Phalangeridae_Strigocuscus_pelengensis       0.0681594 0.1094352 0.0660110 0.0650909 0.0740274 0.1107235 0.0407808 0.0256545 0.0896405 0.0914183 0.0000000 0.0855826 0.1118748 0.0344158 0.0752063 0.0898312 0.1041885 0.0869207 0.1126250 0.0682333 0.0851733 0.0999990 0.1026426 0.0906918 0.0813271 0.0776897 0.0715323 0.0686370 0.1002223 0.1034013 0.0744304 0.0278135 0.0815718 0.0976704 0.0934553 0.7589574 0.7589574 
Dasyuridae_Phascogale_tapoatafa              0.0772785 0.0988347 0.0720324 0.0744097 0.0801113 0.0271165 0.0747538 0.0826392 0.0973579 0.0837337 0.0855826 0.0000000 0.0334846 0.0855576 0.0864519 0.0032637 0.0347549 0.0257594 0.1072261 0.0744792 0.0901558 0.0941692 0.0975222 0.0086352 0.0846581 0.0686966 0.0864948 0.0724893 0.1152650 0.1062262 0.0850687 0.0806328 0.0750890 0.0212898 0.0838247 0.0675913 0.0675913 
Dasyuridae_Sminthopsis_macroura              0.1061747 0.1291730 0.0981415 0.1000579 0.1062204 0.0530226 0.1026778 0.1133908 0.1252003 0.1007503 0.1118748 0.0334846 0.0000000 0.1198766 0.1078107 0.0343980 0.0557502 0.0383867 0.1272374 0.1015057 0.1181486 0.1137750 0.1184896 0.0344659 0.1122547 0.0909225 0.1098235 0.0980988 0.1465794 0.1254236 0.1090154 0.1128928 0.0936436 0.0425547 0.1009392 0.1216187 0.1216187 
Phalangeridae_Phalanger_orientalis           0.0717102 0.1070315 0.0642199 0.0679652 0.0784904 0.1102519 0.0411575 0.0297934 0.0890474 0.1024862 0.0344158 0.0855576 0.1198766 0.0000000 0.0874039 0.0927519 0.1059723 0.0912295 0.1222125 0.0691285 0.0934062 0.1119191 0.1094379 0.0923403 0.0822310 0.0834120 0.0795437 0.0734288 0.1082110 0.1086109 0.0832234 0.0200076 0.0818830 0.1015711 0.1050508 0.9909184 0.9909184 
Acrobatidae_Acrobates_pygmaeus               0.0803167 0.1088645 0.0677884 0.0704011 0.0777379 0.1015013 0.0666666 0.0818696 0.0895496 0.0972055 0.0752063 0.0864519 0.1078107 0.0874039 0.0000000 0.0879088 0.0945523 0.0854186 0.1160227 0.0665677 0.0689221 0.0990500 0.0995421 0.0853855 0.0801184 0.0669413 0.0600890 0.0703950 0.0889764 0.0971502 0.0448589 0.0831193 0.0822172 0.0934819 0.0987856 1.0390009 1.0390009 
Dasyuridae_Phascogale_calura                 0.0808152 0.1014557 0.0705683 0.0751274 0.0806827 0.0260080 0.0800202 0.0896702 0.0981677 0.0861878 0.0898312 0.0032637 0.0343980 0.0927519 0.0879088 0.0000000 0.0356551 0.0248087 0.1100495 0.0764786 0.0943598 0.0951643 0.0981934 0.0073638 0.0870597 0.0660360 0.0886090 0.0740562 0.1167970 0.1104296 0.0886521 0.0872557 0.0756749 0.0204208 0.0862908 0.0678143 0.0678143 
Dasyuridae_Sarcophilus_harrisii              0.0992165 0.1160124 0.0800070 0.0895356 0.0906433 0.0213354 0.0925622 0.1070074 0.1023789 0.1047617 0.1041885 0.0347549 0.0557502 0.1059723 0.0945523 0.0356551 0.0000000 0.0450488 0.1317672 0.0884176 0.1061938 0.1042115 0.1081074 0.0343249 0.1029943 0.0821705 0.0958983 0.0868374 0.1318115 0.1244781 0.0999509 0.1043530 0.0903459 0.0148601 0.1054210 1.0538619 1.0538619 
Dasyuridae_Planigale_tenuirostris            0.0858555 0.1140660 0.0829918 0.0765097 0.0849184 0.0432686 0.0800068 0.0885192 0.1008171 0.0963721 0.0869207 0.0257594 0.0383867 0.0912295 0.0854186 0.0248087 0.0450488 0.0000000 0.1160187 0.0797878 0.0982117 0.0971943 0.0982086 0.0253933 0.0874220 0.0719570 0.0917191 0.0782213 0.1176319 0.1114905 0.0910803 0.0874796 0.0840014 0.0340509 0.0974516 0.2379513 0.2379513 
Peramelidae_Echymipera_kalubu                0.1139045 0.1249878 0.1014725 0.1008345 0.1113969 0.1315906 0.1081188 0.1130874 0.1342836 0.0342629 0.1126250 0.1072261 0.1272374 0.1222125 0.1160227 0.1100495 0.1317672 0.1160187 0.0000000 0.1073673 0.1176202 0.1159220 0.1199866 0.1083962 0.1137123 0.0989512 0.1073506 0.1075877 0.1394781 0.1396707 0.1109637 0.1142387 0.0316728 0.1222785 0.0350606 0.9196873 0.9196873 
Macropodidae_Dorcopsulus_vanheurni           0.0611013 0.0934917 0.0600405 0.0191829 0.0302801 0.0887385 0.0612599 0.0682714 0.0323489 0.0806069 0.0682333 0.0744792 0.1015057 0.0691285 0.0665677 0.0764786 0.0884176 0.0797878 0.1073673 0.0000000 0.0769830 0.0889519 0.0870683 0.0736204 0.0435093 0.0656804 0.0662320 0.0129664 0.0932901 0.0966517 0.0694025 0.0679770 0.0720285 0.0816732 0.0825694 0.7318617 0.7318617 
Pseudochiridae_Pseudochirulus_forbesi        0.0870060 0.1163157 0.0720915 0.0761540 0.0835476 0.1168745 0.0773328 0.0847420 0.1017642 0.0913350 0.0851733 0.0901558 0.1181486 0.0934062 0.0689221 0.0943598 0.1061938 0.0982117 0.1176202 0.0769830 0.0000000 0.1046177 0.1089152 0.0955912 0.0861854 0.0831031 0.0403312 0.0776809 0.0484851 0.0960282 0.0654441 0.0862308 0.0852202 0.1070450 0.0917210 0.7672661 0.7672661 
Didelphidae_Didelphis_virginiana             0.1022753 0.1215148 0.0833763 0.0897632 0.0979065 0.1114909 0.0963326 0.1027059 0.1065039 0.0979089 0.0999990 0.0941692 0.1137750 0.1119191 0.0990500 0.0951643 0.1042115 0.0971943 0.1159220 0.0889519 0.1046177 0.0000000 0.0406513 0.0955631 0.1018592 0.0871401 0.0934056 0.0900692 0.1263590 0.1213913 0.0944488 0.1047616 0.0877433 0.0977662 0.0995465 1.0483720 1.0483720 
Marmosidae_Monodelphis_domestica             0.1042744 0.1279595 0.0875053 0.0901576 0.0954483 0.1178422 0.1002074 0.1082705 0.1057418 0.0970455 0.1026426 0.0975222 0.1184896 0.1094379 0.0995421 0.0981934 0.1081074 0.0982086 0.1199866 0.0870683 0.1089152 0.0406513 0.0000000 0.1006256 0.1083554 0.0809972 0.0903837 0.0918053 0.1263343 0.1214334 0.1037314 0.1095973 0.0858710 0.1031177 0.0996747 0.8155364 0.8155364 
Dasyuridae_Antechinus_stuartii               0.0776712 0.1010924 0.0709242 0.0727705 0.0781362 0.0273349 0.0789070 0.0873908 0.0923882 0.0854850 0.0906918 0.0086352 0.0344659 0.0923403 0.0853855 0.0073638 0.0343249 0.0253933 0.1083962 0.0736204 0.0955912 0.0955631 0.1006256 0.0000000 0.0845562 0.0666714 0.0906728 0.0713636 0.1191049 0.1071497 0.0856909 0.0852832 0.0778364 0.0207033 0.0851008 0.0363471 0.0363471 
Hypsiprymnodontidae_Hypsiprymnodon_moschatus 0.0694384 0.1073019 0.0646286 0.0411513 0.0505151 0.1042255 0.0687209 0.0786684 0.0576796 0.0922584 0.0813271 0.0846581 0.1122547 0.0822310 0.0801184 0.0870597 0.1029943 0.0874220 0.1137123 0.0435093 0.0861854 0.1018592 0.1083554 0.0845562 0.0000000 0.0795479 0.0786873 0.0402631 0.1004259 0.1093893 0.0786697 0.0803604 0.0812757 0.0937919 0.0938097 1.1193744 1.1193744 
Microbiotheriidae_Dromiciops_gliroides       0.0751260 0.1040186 0.0698097 0.0616640 0.0720590 0.0855936 0.0742336 0.0844906 0.0886944 0.0675486 0.0776897 0.0686966 0.0909225 0.0834120 0.0669413 0.0660360 0.0821705 0.0719570 0.0989512 0.0656804 0.0831031 0.0871401 0.0809972 0.0666714 0.0795479 0.0000000 0.0680102 0.0631092 0.0992845 0.0875903 0.0657439 0.0803320 0.0684985 0.0749137 0.0681441 0.8658210 0.8658210 
Pseudochiridae_Petauroides_volans            0.0745607 0.1067747 0.0595678 0.0664667 0.0707460 0.1056984 0.0685267 0.0768150 0.0870284 0.0857029 0.0715323 0.0864948 0.1098235 0.0795437 0.0600890 0.0886090 0.0958983 0.0917191 0.1073506 0.0662320 0.0403312 0.0934056 0.0903837 0.0906728 0.0786873 0.0680102 0.0000000 0.0684831 0.0577680 0.0856925 0.0612413 0.0753428 0.0757113 0.0929576 0.0853775 1.0143821 1.0143821 
Macropodidae_Wallabia_bicolor                0.0603912 0.0937797 0.0551721 0.0213060 0.0216657 0.0882703 0.0639919 0.0686404 0.0365441 0.0771981 0.0686370 0.0724893 0.0980988 0.0734288 0.0703950 0.0740562 0.0868374 0.0782213 0.1075877 0.0129664 0.0776809 0.0900692 0.0918053 0.0713636 0.0402631 0.0631092 0.0684831 0.0000000 0.0934114 0.0948172 0.0670656 0.0696818 0.0719519 0.0798247 0.0791976 0.2833970 0.2833970 
Pseudochiridae_Pseudocheirus_occidentalis    0.1004658 0.1364191 0.0863323 0.0916500 0.0997740 0.1416221 0.0896192 0.1011430 0.1208263 0.1137681 0.1002223 0.1152650 0.1465794 0.1082110 0.0889764 0.1167970 0.1318115 0.1176319 0.1394781 0.0932901 0.0484851 0.1263590 0.1263343 0.1191049 0.1004259 0.0992845 0.0577680 0.0934114 0.0000000 0.1142054 0.0865178 0.1008363 0.1044269 0.1276312 0.1136894 0.9701443 0.9701443 
Tarsipedidae_Tarsipes_rostratus              0.1031853 0.1322964 0.0897785 0.0932767 0.0967387 0.1294416 0.1022144 0.1091717 0.1072101 0.1073388 0.1034013 0.1062262 0.1254236 0.1086109 0.0971502 0.1104296 0.1244781 0.1114905 0.1396707 0.0966517 0.0960282 0.1213913 0.1214334 0.1071497 0.1093893 0.0875903 0.0856925 0.0948172 0.1142054 0.0000000 0.0903133 0.1089032 0.0977421 0.1151583 0.1091897 0.7282036 0.7282036 
Acrobatidae_Distoechurus_pennatus            0.0747832 0.1084130 0.0648361 0.0691303 0.0767268 0.1070853 0.0700623 0.0751458 0.0895519 0.0922452 0.0744304 0.0850687 0.1090154 0.0832234 0.0448589 0.0886521 0.0999509 0.0910803 0.1109637 0.0694025 0.0654441 0.0944488 0.1037314 0.0856909 0.0786697 0.0657439 0.0612413 0.0670656 0.0865178 0.0903133 0.0000000 0.0758977 0.0819881 0.0932100 0.0938127 1.1466208 1.1466208 
Phalangeridae_Phalanger_carmelitae           0.0659627 0.1079116 0.0660505 0.0658542 0.0770012 0.1089370 0.0322292 0.0185737 0.0897048 0.0966903 0.0278135 0.0806328 0.1128928 0.0200076 0.0831193 0.0872557 0.1043530 0.0874796 0.1142387 0.0679770 0.0862308 0.1047616 0.1095973 0.0852832 0.0803604 0.0803320 0.0753428 0.0696818 0.1008363 0.1089032 0.0758977 0.0000000 0.0815378 0.0975445 0.0974479 0.6757988 0.6757988 
Peramelidae_Peroryctes_raffrayana            0.0757961 0.1045448 0.0782381 0.0693489 0.0788102 0.0914308 0.0724715 0.0818631 0.0949781 0.0215536 0.0815718 0.0750890 0.0936436 0.0818830 0.0822172 0.0756749 0.0903459 0.0840014 0.0316728 0.0720285 0.0852202 0.0877433 0.0858710 0.0778364 0.0812757 0.0684985 0.0757113 0.0719519 0.1044269 0.0977421 0.0819881 0.0815378 0.0000000 0.0848059 0.0222747 0.9654192 0.9654192 
Dasyuridae_Dasyurus_geffroii                 0.0921742 0.1145223 0.0746853 0.0817134 0.0841521 0.0105414 0.0835827 0.0982656 0.0867871 0.0946018 0.0976704 0.0212898 0.0425547 0.1015711 0.0934819 0.0204208 0.0148601 0.0340509 0.1222785 0.0816732 0.1070450 0.0977662 0.1031177 0.0207033 0.0937919 0.0749137 0.0929576 0.0798247 0.1276312 0.1151583 0.0932100 0.0975445 0.0848059 0.0000000 0.0943260 0.5941611 0.5941611 
Peramelidae_Perameles_gunnii                 0.0897039 0.1105214 0.0811738 0.0805295 0.0873701 0.1075797 0.0904630 0.0955134 0.1064064 0.0021626 0.0934553 0.0838247 0.1009392 0.1050508 0.0987856 0.0862908 0.1054210 0.0974516 0.0350606 0.0825694 0.0917210 0.0995465 0.0996747 0.0851008 0.0938097 0.0681441 0.0853775 0.0791976 0.1136894 0.1091897 0.0938127 0.0974479 0.0222747 0.0943260 0.0000000 0.9171104 0.9171104 
Myrmecobiidae_Myrmecobius_fasciatus1         0.6528913 0.6944641 1.2138046 0.6237409 1.0316812 1.3238841 0.9280024 0.7729410 2.4970752 0.8872059 0.7589574 0.0675913 0.1216187 0.9909184 1.0390009 0.0678143 1.0538619 0.2379513 0.9196873 0.7318617 0.7672661 1.0483720 0.8155364 0.0363471 1.1193744 0.8658210 1.0143821 0.2833970 0.9701443 0.7282036 1.1466208 0.6757988 0.9654192 0.5941611 0.9171104 0.0000000 0.0000010 
Myrmecobiidae_Myrmecobius_fasciatus2         0.6528913 0.6944641 1.2138046 0.6237409 1.0316812 1.3238841 0.9280024 0.7729410 2.4970752 0.8872059 0.7589574 0.0675913 0.1216187 0.9909184 1.0390009 0.0678143 1.0538619 0.2379513 0.9196873 0.7318617 0.7672661 1.0483720 0.8155364 0.0363471 1.1193744 0.8658210 1.0143821 0.2833970 0.9701443 0.7282036 1.1466208 0.6757988 0.9654192 0.5941611 0.9171104 0.0000010 0.0000000 
