35
Burramyidae_Burramys_parvus                  0.0000000 0.0642986 0.0473046 0.0494176 0.0482120 0.0822802 0.0427806 0.0447424 0.0465826 0.0774812 0.0472961 0.0748248 0.0772484 0.0457006 0.0497825 0.0816111 0.0828476 0.0718046 0.0753324 0.0454670 0.0579970 0.0775128 0.0847067 0.0697995 0.0463056 0.0524372 0.0524570 0.0438396 0.0506385 0.0780216 0.0454626 0.0440636 0.0740452 0.0935202 0.0790756 
Notoryctidae_Notoryctes_typhlops             0.0642986 0.0000000 0.0657417 0.0700443 0.0709695 0.0869682 0.0726255 0.0701557 0.0681933 0.0771470 0.0679905 0.0882373 0.0856963 0.0702650 0.0721648 0.0898880 0.0875183 0.0829871 0.0779501 0.0645727 0.0769090 0.0876388 0.0866641 0.0797377 0.0738247 0.0579340 0.0699854 0.0623323 0.0655887 0.1050812 0.0689531 0.0690526 0.0791933 0.1004699 0.0781996 
Vombatidae_Lasiorhinus_latifrons             0.0473046 0.0657417 0.0000000 0.0491842 0.0512483 0.0763926 0.0538508 0.0498308 0.0462686 0.0715311 0.0526937 0.0785219 0.0742053 0.0532624 0.0496496 0.0830050 0.0775067 0.0717103 0.0696644 0.0453691 0.0509757 0.0818500 0.0837932 0.0673953 0.0508020 0.0504409 0.0425704 0.0404756 0.0462188 0.0802686 0.0538027 0.0532707 0.0714358 0.0879586 0.0769752 
Potoroidae_Bettongia_penicillata             0.0494176 0.0700443 0.0491842 0.0000000 0.0061503 0.0827886 0.0481103 0.0487245 0.0126222 0.0709019 0.0479273 0.0841984 0.0830267 0.0451246 0.0467654 0.0870454 0.0826361 0.0752399 0.0732949 0.0218381 0.0507186 0.0829055 0.0878919 0.0741813 0.0357384 0.0528772 0.0472325 0.0193317 0.0490950 0.0779103 0.0442511 0.0445455 0.0727206 0.0941578 0.0733705 
Potoroidae_Bettongia_lesueur                 0.0482120 0.0709695 0.0512483 0.0061503 0.0000000 0.0837559 0.0468409 0.0497177 0.0140016 0.0725171 0.0484016 0.0852409 0.0845757 0.0455635 0.0473203 0.0880235 0.0848685 0.0761412 0.0742626 0.0232599 0.0534007 0.0846113 0.0922997 0.0765243 0.0367110 0.0544281 0.0487474 0.0217172 0.0506032 0.0787810 0.0435626 0.0449848 0.0723747 0.0953991 0.0743458 
Dasyuridae_Dasyurus_maculatus                0.0822802 0.0869682 0.0763926 0.0827886 0.0837559 0.0000000 0.0961816 0.0807925 0.0820651 0.0962446 0.0826387 0.0153335 0.0224974 0.0853563 0.0785163 0.0170428 0.0066888 0.0233644 0.0935749 0.0760618 0.0769613 0.1084613 0.1043067 0.0128736 0.0829868 0.0730861 0.0747020 0.0749521 0.0774051 0.1046464 0.0813850 0.0853186 0.0924015 0.0180033 0.0997797 
Phalangeridae_Trichosurus_vulpecula          0.0427806 0.0726255 0.0538508 0.0481103 0.0468409 0.0961816 0.0000000 0.0255497 0.0486579 0.0852164 0.0252475 0.0926628 0.0906061 0.0224576 0.0562720 0.0971509 0.0974775 0.0848316 0.0847129 0.0470040 0.0611295 0.0932790 0.0955014 0.0872905 0.0566390 0.0618210 0.0553616 0.0446994 0.0513024 0.0875176 0.0523744 0.0246436 0.0866127 0.1090773 0.0872419 
Phalangeridae_Spilocuscus_maculatus          0.0447424 0.0701557 0.0498308 0.0487245 0.0497177 0.0807925 0.0255497 0.0000000 0.0474032 0.0744831 0.0138243 0.0794934 0.0772368 0.0112054 0.0491899 0.0848255 0.0813296 0.0725690 0.0740846 0.0465562 0.0523081 0.0825809 0.0875499 0.0721459 0.0540915 0.0546272 0.0498930 0.0433194 0.0449546 0.0824827 0.0507927 0.0130813 0.0770908 0.0924914 0.0816410 
Potoroidae_Aepyprymnus_rufescens             0.0465826 0.0681933 0.0462686 0.0126222 0.0140016 0.0820651 0.0486579 0.0474032 0.0000000 0.0720275 0.0460707 0.0828905 0.0810062 0.0455986 0.0460973 0.0857012 0.0813014 0.0736864 0.0749029 0.0217890 0.0499270 0.0860897 0.0913846 0.0735257 0.0361944 0.0522523 0.0454687 0.0212500 0.0467571 0.0776724 0.0408183 0.0439375 0.0736967 0.0946606 0.0758151 
Peramelidae_Perameles_nasuta                 0.0774812 0.0771470 0.0715311 0.0709019 0.0725171 0.0962446 0.0852164 0.0744831 0.0720275 0.0000000 0.0744328 0.0932914 0.0916582 0.0764731 0.0758768 0.0996905 0.0953986 0.0880863 0.0125346 0.0704467 0.0775826 0.1022280 0.1051763 0.0867542 0.0800537 0.0681539 0.0755510 0.0662487 0.0669976 0.1055002 0.0760877 0.0758061 0.0122960 0.1010958 0.0063471 
Phalangeridae_Strigocuscus_pelengensis       0.0472961 0.0679905 0.0526937 0.0479273 0.0484016 0.0826387 0.0252475 0.0138243 0.0460707 0.0744328 0.0000000 0.0839090 0.0815606 0.0096078 0.0522183 0.0881483 0.0845199 0.0750458 0.0733402 0.0474161 0.0559450 0.0840798 0.0872738 0.0759495 0.0534331 0.0533887 0.0533564 0.0440409 0.0490512 0.0809166 0.0495558 0.0100808 0.0755027 0.0954496 0.0781790 
Dasyuridae_Phascogale_tapoatafa              0.0748248 0.0882373 0.0785219 0.0841984 0.0852409 0.0153335 0.0926628 0.0794934 0.0828905 0.0932914 0.0839090 0.0000000 0.0227878 0.0846963 0.0810154 0.0072189 0.0143642 0.0241175 0.0900876 0.0777816 0.0786175 0.1059288 0.1037142 0.0118482 0.0831667 0.0775034 0.0750638 0.0748973 0.0770407 0.1024484 0.0814278 0.0846582 0.0894667 0.0263083 0.0975071 
Dasyuridae_Sminthopsis_macroura              0.0772484 0.0856963 0.0742053 0.0830267 0.0845757 0.0224974 0.0906061 0.0772368 0.0810062 0.0916582 0.0815606 0.0227878 0.0000000 0.0798771 0.0802095 0.0248804 0.0199987 0.0146691 0.0897588 0.0756491 0.0736260 0.1036396 0.1020363 0.0194255 0.0795997 0.0721549 0.0711912 0.0721018 0.0701800 0.1003281 0.0802429 0.0804018 0.0905843 0.0332336 0.0930461 
Phalangeridae_Phalanger_orientalis           0.0457006 0.0702650 0.0532624 0.0451246 0.0455635 0.0853563 0.0224576 0.0112054 0.0455986 0.0764731 0.0096078 0.0846963 0.0798771 0.0000000 0.0511285 0.0882732 0.0865093 0.0745070 0.0758804 0.0441868 0.0552848 0.0859936 0.0891309 0.0769204 0.0511162 0.0554506 0.0511535 0.0409507 0.0468951 0.0814665 0.0490428 0.0017393 0.0786926 0.0965377 0.0807227 
Acrobatidae_Acrobates_pygmaeus               0.0497825 0.0721648 0.0496496 0.0467654 0.0473203 0.0785163 0.0562720 0.0491899 0.0460973 0.0758768 0.0522183 0.0810154 0.0802095 0.0511285 0.0000000 0.0872544 0.0822918 0.0715960 0.0733673 0.0425250 0.0548550 0.0867763 0.0910859 0.0723545 0.0534366 0.0544289 0.0492119 0.0425483 0.0496574 0.0734173 0.0326782 0.0511455 0.0758595 0.0844283 0.0812720 
Dasyuridae_Phascogale_calura                 0.0816111 0.0898880 0.0830050 0.0870454 0.0880235 0.0170428 0.0971509 0.0848255 0.0857012 0.0996905 0.0881483 0.0072189 0.0248804 0.0882732 0.0872544 0.0000000 0.0146321 0.0248360 0.0963026 0.0796053 0.0830748 0.1077695 0.1088043 0.0093743 0.0877336 0.0769801 0.0777082 0.0784445 0.0827562 0.1049828 0.0862429 0.0882329 0.0952705 0.0285250 0.1025855 
Dasyuridae_Sarcophilus_harrisii              0.0828476 0.0875183 0.0775067 0.0826361 0.0848685 0.0066888 0.0974775 0.0813296 0.0813014 0.0953986 0.0845199 0.0143642 0.0199987 0.0865093 0.0822918 0.0146321 0.0000000 0.0202623 0.0946999 0.0777984 0.0780686 0.1096835 0.1049467 0.0108930 0.0828656 0.0761347 0.0758104 0.0742146 0.0785229 0.1050065 0.0837877 0.0864698 0.0942439 0.0185010 0.0976778 
Dasyuridae_Planigale_tenuirostris            0.0718046 0.0829871 0.0717103 0.0752399 0.0761412 0.0233644 0.0848316 0.0725690 0.0736864 0.0880863 0.0750458 0.0241175 0.0146691 0.0745070 0.0715960 0.0248360 0.0202623 0.0000000 0.0880037 0.0714132 0.0734496 0.0945358 0.0963500 0.0200720 0.0777237 0.0682237 0.0708609 0.0677962 0.0663153 0.0918361 0.0722140 0.0732248 0.0855689 0.0350627 0.0855482 
Peramelidae_Echymipera_kalubu                0.0753324 0.0779501 0.0696644 0.0732949 0.0742626 0.0935749 0.0847129 0.0740846 0.0749029 0.0125346 0.0733402 0.0900876 0.0897588 0.0758804 0.0733673 0.0963026 0.0946999 0.0880037 0.0000000 0.0728153 0.0791824 0.0992715 0.1025254 0.0843029 0.0802202 0.0676637 0.0741529 0.0686270 0.0672571 0.1046077 0.0785852 0.0752333 0.0111790 0.1012498 0.0189232 
Macropodidae_Dorcopsulus_vanheurni           0.0454670 0.0645727 0.0453691 0.0218381 0.0232599 0.0760618 0.0470040 0.0465562 0.0217890 0.0704467 0.0474161 0.0777816 0.0756491 0.0441868 0.0425250 0.0796053 0.0777984 0.0714132 0.0728153 0.0000000 0.0485149 0.0816018 0.0847799 0.0679873 0.0338590 0.0498127 0.0423890 0.0079977 0.0452671 0.0734784 0.0400140 0.0452768 0.0741044 0.0872703 0.0730464 
Pseudochiridae_Pseudochirulus_forbesi        0.0579970 0.0769090 0.0509757 0.0507186 0.0534007 0.0769613 0.0611295 0.0523081 0.0499270 0.0775826 0.0559450 0.0786175 0.0736260 0.0552848 0.0548550 0.0830748 0.0780686 0.0734496 0.0791824 0.0485149 0.0000000 0.0827239 0.0864316 0.0720197 0.0593228 0.0588030 0.0369018 0.0468910 0.0216182 0.0733605 0.0549585 0.0558392 0.0811158 0.0909645 0.0844674 
Didelphidae_Didelphis_virginiana             0.0775128 0.0876388 0.0818500 0.0829055 0.0846113 0.1084613 0.0932790 0.0825809 0.0860897 0.1022280 0.0840798 0.1059288 0.1036396 0.0859936 0.0867763 0.1077695 0.1096835 0.0945358 0.0992715 0.0816018 0.0827239 0.0000000 0.0369012 0.1005744 0.0867078 0.0786046 0.0765349 0.0780119 0.0806577 0.1130113 0.0831654 0.0847429 0.1009280 0.1203235 0.1008179 
Marmosidae_Monodelphis_domestica             0.0847067 0.0866641 0.0837932 0.0878919 0.0922997 0.1043067 0.0955014 0.0875499 0.0913846 0.1051763 0.0872738 0.1037142 0.1020363 0.0891309 0.0910859 0.1088043 0.1049467 0.0963500 0.1025254 0.0847799 0.0864316 0.0369012 0.0000000 0.1004814 0.0929565 0.0776665 0.0830523 0.0818071 0.0861956 0.1175025 0.0876019 0.0878547 0.1047869 0.1177125 0.1051069 
Dasyuridae_Antechinus_stuartii               0.0697995 0.0797377 0.0673953 0.0741813 0.0765243 0.0128736 0.0872905 0.0721459 0.0735257 0.0867542 0.0759495 0.0118482 0.0194255 0.0769204 0.0723545 0.0093743 0.0108930 0.0200720 0.0843029 0.0679873 0.0720197 0.1005744 0.1004814 0.0000000 0.0757266 0.0691097 0.0677566 0.0648124 0.0696333 0.0950483 0.0744170 0.0768865 0.0834213 0.0246892 0.0911226 
Hypsiprymnodontidae_Hypsiprymnodon_moschatus 0.0463056 0.0738247 0.0508020 0.0357384 0.0367110 0.0829868 0.0566390 0.0540915 0.0361944 0.0800537 0.0534331 0.0831667 0.0795997 0.0511162 0.0534366 0.0877336 0.0828656 0.0777237 0.0802202 0.0338590 0.0593228 0.0867078 0.0929565 0.0757266 0.0000000 0.0562751 0.0505434 0.0317589 0.0547668 0.0838000 0.0462524 0.0517175 0.0844031 0.0955048 0.0828221 
Microbiotheriidae_Dromiciops_gliroides       0.0524372 0.0579340 0.0504409 0.0528772 0.0544281 0.0730861 0.0618210 0.0546272 0.0522523 0.0681539 0.0533887 0.0775034 0.0721549 0.0554506 0.0544289 0.0769801 0.0761347 0.0682237 0.0676637 0.0498127 0.0588030 0.0786046 0.0776665 0.0691097 0.0562751 0.0000000 0.0484787 0.0474990 0.0525771 0.0899086 0.0563966 0.0536770 0.0672908 0.0881895 0.0725722 
Pseudochiridae_Petauroides_volans            0.0524570 0.0699854 0.0425704 0.0472325 0.0487474 0.0747020 0.0553616 0.0498930 0.0454687 0.0755510 0.0533564 0.0750638 0.0711912 0.0511535 0.0492119 0.0777082 0.0758104 0.0708609 0.0741529 0.0423890 0.0369018 0.0765349 0.0830523 0.0677566 0.0505434 0.0484787 0.0000000 0.0391328 0.0322133 0.0719918 0.0495020 0.0522770 0.0760874 0.0854920 0.0822392 
Macropodidae_Wallabia_bicolor                0.0438396 0.0623323 0.0404756 0.0193317 0.0217172 0.0749521 0.0446994 0.0433194 0.0212500 0.0662487 0.0440409 0.0748973 0.0721018 0.0409507 0.0425483 0.0784445 0.0742146 0.0677962 0.0686270 0.0079977 0.0468910 0.0780119 0.0818071 0.0648124 0.0317589 0.0474990 0.0391328 0.0000000 0.0413628 0.0684572 0.0394594 0.0420291 0.0711626 0.0842353 0.0687522 
Pseudochiridae_Pseudocheirus_occidentalis    0.0506385 0.0655887 0.0462188 0.0490950 0.0506032 0.0774051 0.0513024 0.0449546 0.0467571 0.0669976 0.0490512 0.0770407 0.0701800 0.0468951 0.0496574 0.0827562 0.0785229 0.0663153 0.0672571 0.0452671 0.0216182 0.0806577 0.0861956 0.0696333 0.0547668 0.0525771 0.0322133 0.0413628 0.0000000 0.0709642 0.0514514 0.0469107 0.0695320 0.0862154 0.0743624 
Tarsipedidae_Tarsipes_rostratus              0.0780216 0.1050812 0.0802686 0.0779103 0.0787810 0.1046464 0.0875176 0.0824827 0.0776724 0.1055002 0.0809166 0.1024484 0.1003281 0.0814665 0.0734173 0.1049828 0.1050065 0.0918361 0.1046077 0.0734784 0.0733605 0.1130113 0.1175025 0.0950483 0.0838000 0.0899086 0.0719918 0.0684572 0.0709642 0.0000000 0.0791821 0.0788473 0.1008006 0.1118869 0.1086927 
Acrobatidae_Distoechurus_pennatus            0.0454626 0.0689531 0.0538027 0.0442511 0.0435626 0.0813850 0.0523744 0.0507927 0.0408183 0.0760877 0.0495558 0.0814278 0.0802429 0.0490428 0.0326782 0.0862429 0.0837877 0.0722140 0.0785852 0.0400140 0.0549585 0.0831654 0.0876019 0.0744170 0.0462524 0.0563966 0.0495020 0.0394594 0.0514514 0.0791821 0.0000000 0.0479524 0.0777178 0.0910102 0.0782669 
Phalangeridae_Phalanger_carmelitae           0.0440636 0.0690526 0.0532707 0.0445455 0.0449848 0.0853186 0.0246436 0.0130813 0.0439375 0.0758061 0.0100808 0.0846582 0.0804018 0.0017393 0.0511455 0.0882329 0.0864698 0.0732248 0.0752333 0.0452768 0.0558392 0.0847429 0.0878547 0.0768865 0.0517175 0.0536770 0.0522770 0.0420291 0.0469107 0.0788473 0.0479524 0.0000000 0.0767530 0.0964912 0.0800566 
Peramelidae_Peroryctes_raffrayana            0.0740452 0.0791933 0.0714358 0.0727206 0.0723747 0.0924015 0.0866127 0.0770908 0.0736967 0.0122960 0.0755027 0.0894667 0.0905843 0.0786926 0.0758595 0.0952705 0.0942439 0.0855689 0.0111790 0.0741044 0.0811158 0.1009280 0.1047869 0.0834213 0.0844031 0.0672908 0.0760874 0.0711626 0.0695320 0.1008006 0.0777178 0.0767530 0.0000000 0.0987548 0.0189984 
Dasyuridae_Dasyurus_geffroii                 0.0935202 0.1004699 0.0879586 0.0941578 0.0953991 0.0180033 0.1090773 0.0924914 0.0946606 0.1010958 0.0954496 0.0263083 0.0332336 0.0965377 0.0844283 0.0285250 0.0185010 0.0350627 0.1012498 0.0872703 0.0909645 0.1203235 0.1177125 0.0246892 0.0955048 0.0881895 0.0854920 0.0842353 0.0862154 0.1118869 0.0910102 0.0964912 0.0987548 0.0000000 0.1076488 
Peramelidae_Perameles_gunnii                 0.0790756 0.0781996 0.0769752 0.0733705 0.0743458 0.0997797 0.0872419 0.0816410 0.0758151 0.0063471 0.0781790 0.0975071 0.0930461 0.0807227 0.0812720 0.1025855 0.0976778 0.0855482 0.0189232 0.0730464 0.0844674 0.1008179 0.1051069 0.0911226 0.0828221 0.0725722 0.0822392 0.0687522 0.0743624 0.1086927 0.0782669 0.0800566 0.0189984 0.1076488 0.0000000 
