37
Burramyidae_Burramys_parvus                  0.0000000 0.1468804 0.0981756 0.1017275 0.1009322 0.1711632 0.0791675 0.0850861 0.0994739 0.1491932 0.0794452 0.1663490 0.0802463 0.1396174 0.1641870 0.1371789 0.1173323 0.1111618 0.2168288 0.1610435 0.1194197 0.1392844 0.1072195 0.0979896 0.1091956 0.1048604 0.0818780 0.1450600 0.1661241 0.1515685 0.1593874 0.1619675 0.1563436 0.1660413 0.1086860 0.6116071 0.6116071 
Notoryctidae_Notoryctes_typhlops             0.1468804 0.0000000 0.1198225 0.1403630 0.1389027 0.1572155 0.1187114 0.1248831 0.1402335 0.1476164 0.1253530 0.1592668 0.1248254 0.1825895 0.1547140 0.1377280 0.1669680 0.1396537 0.2187665 0.1555443 0.1574331 0.1415452 0.1435996 0.1454465 0.1442561 0.1465333 0.1213929 0.1446755 0.1569401 0.1492516 0.1620454 0.1664884 0.1700726 0.1715210 0.1612981 0.7071262 0.7071262 
Vombatidae_Lasiorhinus_latifrons             0.0981756 0.1198225 0.0000000 0.0893959 0.0876784 0.1408667 0.0709714 0.0750465 0.0879253 0.1159456 0.0780770 0.1388745 0.0748931 0.1230808 0.1346672 0.1077439 0.1018127 0.0894520 0.1798325 0.1210511 0.1056710 0.1099624 0.0849470 0.0862533 0.0843948 0.0969607 0.0737484 0.1163385 0.1384603 0.1189916 0.1195848 0.1173046 0.1166757 0.1232624 0.0953593 0.5173945 0.5173945 
Potoroidae_Bettongia_penicillata             0.1017275 0.1403630 0.0893959 0.0000000 0.0073242 0.1576193 0.0729447 0.0742330 0.0177793 0.1297973 0.0784362 0.1560469 0.0747316 0.1267393 0.1514023 0.1230963 0.0471792 0.0902855 0.2006236 0.1394442 0.0632710 0.1246731 0.0920932 0.0287505 0.0920977 0.1033625 0.0770330 0.1261509 0.1554793 0.1297615 0.1567495 0.1574104 0.1527896 0.1655459 0.1153170 0.5906262 0.5906262 
Potoroidae_Bettongia_lesueur                 0.1009322 0.1389027 0.0876784 0.0073242 0.0000000 0.1570193 0.0725410 0.0750677 0.0172912 0.1267104 0.0782769 0.1557429 0.0762793 0.1263542 0.1512808 0.1215424 0.0466031 0.0953716 0.1998818 0.1417474 0.0650072 0.1242717 0.0942754 0.0297313 0.0962555 0.1039603 0.0776022 0.1257051 0.1549041 0.1266845 0.1574543 0.1546267 0.1514637 0.1663260 0.1140900 0.5906262 0.5906262 
Dasyuridae_Dasyurus_maculatus                0.1711632 0.1572155 0.1408667 0.1576193 0.1570193 0.0000000 0.1505971 0.1500434 0.1507877 0.1521682 0.1520786 0.0443290 0.1440428 0.1951080 0.0106905 0.1419188 0.1813287 0.1576014 0.2225802 0.1773128 0.1717046 0.1499041 0.1489077 0.1533223 0.1513897 0.1598215 0.1464950 0.1514549 0.0115545 0.1554655 0.0188788 0.0174792 0.0263398 0.0212307 0.2000779 0.2979064 0.2979064 
Phalangeridae_Trichosurus_vulpecula          0.0791675 0.1187114 0.0709714 0.0729447 0.0725410 0.1505971 0.0000000 0.0315176 0.0712784 0.1229970 0.0275530 0.1438843 0.0301719 0.1169203 0.1442363 0.1134929 0.0933390 0.0834671 0.1931294 0.1307551 0.0931401 0.1064632 0.0792213 0.0703051 0.0830442 0.0852379 0.0292037 0.1219837 0.1468922 0.1252741 0.1361806 0.1401283 0.1346345 0.1437039 0.0779088 0.6556031 0.6556031 
Phalangeridae_Spilocuscus_maculatus          0.0850861 0.1248831 0.0750465 0.0742330 0.0750677 0.1500434 0.0315176 0.0000000 0.0694024 0.1286130 0.0191063 0.1514735 0.0202448 0.1199603 0.1445314 0.1204178 0.0906278 0.0819868 0.1963286 0.1396207 0.0972743 0.1147843 0.0773567 0.0718138 0.0828381 0.0872642 0.0202906 0.1275733 0.1463449 0.1312788 0.1398632 0.1472308 0.1405463 0.1493807 0.0809076 0.6823123 0.6823123 
Potoroidae_Aepyprymnus_rufescens             0.0994739 0.1402335 0.0879253 0.0177793 0.0172912 0.1507877 0.0712784 0.0694024 0.0000000 0.1261503 0.0743761 0.1498853 0.0727970 0.1251494 0.1439518 0.1210510 0.0457092 0.0944359 0.2005893 0.1421454 0.0642291 0.1257199 0.0911113 0.0285059 0.0923733 0.0997466 0.0722079 0.1297760 0.1494603 0.1268737 0.1421562 0.1395717 0.1380850 0.1501643 0.1075509 0.5693668 0.5693668 
Peramelidae_Perameles_nasuta                 0.1491932 0.1476164 0.1159456 0.1297973 0.1267104 0.1521682 0.1229970 0.1286130 0.1261503 0.0000000 0.1272623 0.1490984 0.1230878 0.1859917 0.1479745 0.0248180 0.1510804 0.1481685 0.2107070 0.1469896 0.1469710 0.1312171 0.1362261 0.1310454 0.1460107 0.1507356 0.1226291 0.0324499 0.1527207 0.0038039 0.1379552 0.1369952 0.1361279 0.1492311 0.1815771 0.5829177 0.5829177 
Phalangeridae_Strigocuscus_pelengensis       0.0794452 0.1253530 0.0780770 0.0784362 0.0782769 0.1520786 0.0275530 0.0191063 0.0743761 0.1272623 0.0000000 0.1517072 0.0142965 0.1139062 0.1482645 0.1187315 0.0921564 0.0859140 0.1982851 0.1375865 0.0954016 0.1135338 0.0790343 0.0726795 0.0857075 0.0853336 0.0128908 0.1248721 0.1476288 0.1300955 0.1387417 0.1461535 0.1433609 0.1481347 0.0854066 0.6629262 0.6629262 
Dasyuridae_Sminthopsis_macroura              0.1663490 0.1592668 0.1388745 0.1560469 0.1557429 0.0443290 0.1438843 0.1514735 0.1498853 0.1490984 0.1517072 0.0000000 0.1442099 0.1892876 0.0425248 0.1391594 0.1756997 0.1514799 0.2318644 0.1711435 0.1721812 0.1513685 0.1446035 0.1558453 0.1474679 0.1585390 0.1461193 0.1530616 0.0435007 0.1533692 0.0231479 0.0236945 0.0205654 0.0266532 0.1922526 0.3177122 0.3177122 
Phalangeridae_Phalanger_orientalis           0.0802463 0.1248254 0.0748931 0.0747316 0.0762793 0.1440428 0.0301719 0.0202448 0.0727970 0.1230878 0.0142965 0.1442099 0.0000000 0.1147776 0.1391752 0.1149625 0.0868593 0.0825930 0.1910838 0.1323884 0.0948034 0.1088425 0.0795437 0.0712356 0.0830755 0.0820493 0.0076277 0.1196550 0.1375242 0.1256937 0.1293335 0.1362317 0.1315774 0.1404383 0.0843483 0.6512040 0.6512040 
Acrobatidae_Acrobates_pygmaeus               0.1396174 0.1825895 0.1230808 0.1267393 0.1263542 0.1951080 0.1169203 0.1199603 0.1251494 0.1859917 0.1139062 0.1892876 0.1147776 0.0000000 0.1930488 0.1750179 0.1533666 0.1128017 0.2265814 0.1841635 0.1471119 0.1600240 0.1083833 0.1274752 0.1155022 0.0875352 0.1146883 0.1786169 0.1916983 0.1903427 0.1562685 0.1571009 0.1526218 0.1535868 0.1047048 0.7122575 0.7122575 
Dasyuridae_Sarcophilus_harrisii              0.1641870 0.1547140 0.1346672 0.1514023 0.1512808 0.0106905 0.1442363 0.1445314 0.1439518 0.1479745 0.1482645 0.0425248 0.1391752 0.1930488 0.0000000 0.1379438 0.1740275 0.1531088 0.2270660 0.1711962 0.1630703 0.1428110 0.1437726 0.1472132 0.1461481 0.1570745 0.1407293 0.1482465 0.0103044 0.1512271 0.0174774 0.0161056 0.0222226 0.0183602 0.1917435 0.3158803 0.3158803 
Peramelidae_Echymipera_kalubu                0.1371789 0.1377280 0.1077439 0.1230963 0.1215424 0.1419188 0.1134929 0.1204178 0.1210510 0.0248180 0.1187315 0.1391594 0.1149625 0.1750179 0.1379438 0.0000000 0.1443951 0.1401626 0.1986505 0.1367032 0.1424205 0.1228427 0.1317024 0.1241049 0.1363972 0.1417018 0.1155304 0.0229269 0.1422310 0.0253691 0.1223074 0.1227812 0.1216075 0.1298168 0.1547917 0.6337428 0.6337428 
Macropodidae_Dorcopsulus_vanheurni           0.1173323 0.1669680 0.1018127 0.0471792 0.0466031 0.1813287 0.0933390 0.0906278 0.0457092 0.1510804 0.0921564 0.1756997 0.0868593 0.1533666 0.1740275 0.1443951 0.0000000 0.1145193 0.2203145 0.1631226 0.0706516 0.1425524 0.1109867 0.0317326 0.1115739 0.1177466 0.0918537 0.1513362 0.1782663 0.1514399 0.1837145 0.1846168 0.1829784 0.2029008 0.1493204 0.6337428 0.6337428 
Pseudochiridae_Pseudochirulus_forbesi        0.1111618 0.1396537 0.0894520 0.0902855 0.0953716 0.1576014 0.0834671 0.0819868 0.0944359 0.1481685 0.0859140 0.1514799 0.0825930 0.1128017 0.1531088 0.1401626 0.1145193 0.0000000 0.2019317 0.1414065 0.1150538 0.1264856 0.0498154 0.0967763 0.0206974 0.0933370 0.0844254 0.1453660 0.1504576 0.1520116 0.1652312 0.1681424 0.1543824 0.1810432 0.0894469 0.7844690 0.7844690 
Didelphidae_Didelphis_virginiana             0.2168288 0.2187665 0.1798325 0.2006236 0.1998818 0.2225802 0.1931294 0.1963286 0.2005893 0.2107070 0.1982851 0.2318644 0.1910838 0.2265814 0.2270660 0.1986505 0.2203145 0.2019317 0.0000000 0.0810444 0.2203995 0.1906955 0.2047776 0.2012442 0.2022325 0.2089617 0.1866259 0.2061223 0.2337248 0.2131022 0.2419970 0.2485413 0.2392469 0.2468507 0.2302948 0.7679801 0.7679801 
Marmosidae_Monodelphis_domestica             0.1610435 0.1555443 0.1210511 0.1394442 0.1417474 0.1773128 0.1307551 0.1396207 0.1421454 0.1469896 0.1375865 0.1711435 0.1323884 0.1841635 0.1711962 0.1367032 0.1631226 0.1414065 0.0810444 0.0000000 0.1545085 0.1399863 0.1417001 0.1399837 0.1406215 0.1535518 0.1289124 0.1466021 0.1744708 0.1498099 0.2023548 0.2128590 0.1952441 0.2140324 0.1889019 0.8500645 0.8500645 
Hypsiprymnodontidae_Hypsiprymnodon_moschatus 0.1194197 0.1574331 0.1056710 0.0632710 0.0650072 0.1717046 0.0931401 0.0972743 0.0642291 0.1469710 0.0954016 0.1721812 0.0948034 0.1471119 0.1630703 0.1424205 0.0706516 0.1150538 0.2203995 0.1545085 0.0000000 0.1483893 0.1043047 0.0575048 0.1089581 0.1149603 0.0955769 0.1492011 0.1700278 0.1484785 0.1715866 0.1668939 0.1712736 0.1774713 0.1416473 0.6398446 0.6398446 
Microbiotheriidae_Dromiciops_gliroides       0.1392844 0.1415452 0.1099624 0.1246731 0.1242717 0.1499041 0.1064632 0.1147843 0.1257199 0.1312171 0.1135338 0.1513685 0.1088425 0.1600240 0.1428110 0.1228427 0.1425524 0.1264856 0.1906955 0.1399863 0.1483893 0.0000000 0.1190954 0.1174388 0.1285752 0.1318852 0.1098340 0.1249371 0.1475303 0.1349652 0.1338586 0.1434530 0.1328591 0.1480583 0.1608454 0.5941059 0.5941059 
Pseudochiridae_Petauroides_volans            0.1072195 0.1435996 0.0849470 0.0920932 0.0942754 0.1489077 0.0792213 0.0773567 0.0911113 0.1362261 0.0790343 0.1446035 0.0795437 0.1083833 0.1437726 0.1317024 0.1109867 0.0498154 0.2047776 0.1417001 0.1043047 0.1190954 0.0000000 0.0879055 0.0460784 0.0871275 0.0771639 0.1367504 0.1442001 0.1396460 0.1389430 0.1396580 0.1453963 0.1521520 0.0788745 0.7077990 0.7077990 
Macropodidae_Wallabia_bicolor                0.0979896 0.1454465 0.0862533 0.0287505 0.0297313 0.1533223 0.0703051 0.0718138 0.0285059 0.1310454 0.0726795 0.1558453 0.0712356 0.1274752 0.1472132 0.1241049 0.0317326 0.0967763 0.2012442 0.1399837 0.0575048 0.1174388 0.0879055 0.0000000 0.0926409 0.0989511 0.0717124 0.1325862 0.1547192 0.1317609 0.1438209 0.1445420 0.1447220 0.1574805 0.1096332 0.6120844 0.6120844 
Pseudochiridae_Pseudocheirus_occidentalis    0.1091956 0.1442561 0.0843948 0.0920977 0.0962555 0.1513897 0.0830442 0.0828381 0.0923733 0.1460107 0.0857075 0.1474679 0.0830755 0.1155022 0.1461481 0.1363972 0.1115739 0.0206974 0.2022325 0.1406215 0.1089581 0.1285752 0.0460784 0.0926409 0.0000000 0.0912575 0.0850917 0.1466541 0.1474993 0.1494749 0.1550177 0.1578182 0.1546733 0.1699888 0.0898799 0.7609760 0.7609760 
Acrobatidae_Distoechurus_pennatus            0.1048604 0.1465333 0.0969607 0.1033625 0.1039603 0.1598215 0.0852379 0.0872642 0.0997466 0.1507356 0.0853336 0.1585390 0.0820493 0.0875352 0.1570745 0.1417018 0.1177466 0.0933370 0.2089617 0.1535518 0.1149603 0.1318852 0.0871275 0.0989511 0.0912575 0.0000000 0.0845709 0.1440631 0.1560673 0.1556457 0.1634174 0.1642910 0.1583811 0.1650561 0.1020706 0.7788886 0.7788886 
Phalangeridae_Phalanger_carmelitae           0.0818780 0.1213929 0.0737484 0.0770330 0.0776022 0.1464950 0.0292037 0.0202906 0.0722079 0.1226291 0.0128908 0.1461193 0.0076277 0.1146883 0.1407293 0.1155304 0.0918537 0.0844254 0.1866259 0.1289124 0.0955769 0.1098340 0.0771639 0.0717124 0.0850917 0.0845709 0.0000000 0.1234727 0.1404628 0.1239581 0.1323959 0.1394278 0.1359049 0.1416778 0.0829397 0.6730879 0.6730879 
Peramelidae_Peroryctes_raffrayana            0.1450600 0.1446755 0.1163385 0.1261509 0.1257051 0.1514549 0.1219837 0.1275733 0.1297760 0.0324499 0.1248721 0.1530616 0.1196550 0.1786169 0.1482465 0.0229269 0.1513362 0.1453660 0.2061223 0.1466021 0.1492011 0.1249371 0.1367504 0.1325862 0.1466541 0.1440631 0.1234727 0.0000000 0.1522003 0.0339735 0.1420048 0.1425896 0.1373106 0.1487601 0.1693264 0.6332359 0.6332359 
Dasyuridae_Dasyurus_geffroii                 0.1661241 0.1569401 0.1384603 0.1554793 0.1549041 0.0115545 0.1468922 0.1463449 0.1494603 0.1527207 0.1476288 0.0435007 0.1375242 0.1916983 0.0103044 0.1422310 0.1782663 0.1504576 0.2337248 0.1744708 0.1700278 0.1475303 0.1442001 0.1547192 0.1474993 0.1560673 0.1404628 0.1522003 0.0000000 0.1559369 0.0188587 0.0165297 0.0241929 0.0202337 0.1939619 0.3158803 0.3158803 
Peramelidae_Perameles_gunnii                 0.1515685 0.1492516 0.1189916 0.1297615 0.1266845 0.1554655 0.1252741 0.1312788 0.1268737 0.0038039 0.1300955 0.1533692 0.1256937 0.1903427 0.1512271 0.0253691 0.1514399 0.1520116 0.2131022 0.1498099 0.1484785 0.1349652 0.1396460 0.1317609 0.1494749 0.1556457 0.1239581 0.0339735 0.1559369 0.0000000 0.1455438 0.1445477 0.1442522 0.1573954 0.1878354 0.5829177 0.5829177 
Dasyuridae_Phascogale_tapoatafa              0.1593874 0.1620454 0.1195848 0.1567495 0.1574543 0.0188788 0.1361806 0.1398632 0.1421562 0.1379552 0.1387417 0.0231479 0.1293335 0.1562685 0.0174774 0.1223074 0.1837145 0.1652312 0.2419970 0.2023548 0.1715866 0.1338586 0.1389430 0.1438209 0.1550177 0.1634174 0.1323959 0.1420048 0.0188587 0.1455438 0.0000000 0.0034145 0.0211041 0.0078064 0.1909024 0.3917043 0.3917043 
Dasyuridae_Phascogale_calura                 0.1619675 0.1664884 0.1173046 0.1574104 0.1546267 0.0174792 0.1401283 0.1472308 0.1395717 0.1369952 0.1461535 0.0236945 0.1362317 0.1571009 0.0161056 0.1227812 0.1846168 0.1681424 0.2485413 0.2128590 0.1668939 0.1434530 0.1396580 0.1445420 0.1578182 0.1642910 0.1394278 0.1425896 0.0165297 0.1445477 0.0034145 0.0000000 0.0201467 0.0074069 0.1987310 0.3917043 0.3917043 
Dasyuridae_Planigale_tenuirostris            0.1563436 0.1700726 0.1166757 0.1527896 0.1514637 0.0263398 0.1346345 0.1405463 0.1380850 0.1361279 0.1433609 0.0205654 0.1315774 0.1526218 0.0222226 0.1216075 0.1829784 0.1543824 0.2392469 0.1952441 0.1712736 0.1328591 0.1453963 0.1447220 0.1546733 0.1583811 0.1359049 0.1373106 0.0241929 0.1442522 0.0211041 0.0201467 0.0000000 0.0220119 0.2052875 0.3228578 0.3228578 
Dasyuridae_Antechinus_stuartii               0.1660413 0.1715210 0.1232624 0.1655459 0.1663260 0.0212307 0.1437039 0.1493807 0.1501643 0.1492311 0.1481347 0.0266532 0.1404383 0.1535868 0.0183602 0.1298168 0.2029008 0.1810432 0.2468507 0.2140324 0.1774713 0.1480583 0.1521520 0.1574805 0.1699888 0.1650561 0.1416778 0.1487601 0.0202337 0.1573954 0.0078064 0.0074069 0.0220119 0.0000000 0.2062388 0.4571219 0.4571219 
Tarsipedidae_Tarsipes_rostratus              0.1086860 0.1612981 0.0953593 0.1153170 0.1140900 0.2000779 0.0779088 0.0809076 0.1075509 0.1815771 0.0854066 0.1922526 0.0843483 0.1047048 0.1917435 0.1547917 0.1493204 0.0894469 0.2302948 0.1889019 0.1416473 0.1608454 0.0788745 0.1096332 0.0898799 0.1020706 0.0829397 0.1693264 0.1939619 0.1878354 0.1909024 0.1987310 0.2052875 0.2062388 0.0000000 0.8081835 0.8081835 
Myrmecobiidae_Myrmecobius_fasciatus1         0.6116071 0.7071262 0.5173945 0.5906262 0.5906262 0.2979064 0.6556031 0.6823123 0.5693668 0.5829177 0.6629262 0.3177122 0.6512040 0.7122575 0.3158803 0.6337428 0.6337428 0.7844690 0.7679801 0.8500645 0.6398446 0.5941059 0.7077990 0.6120844 0.7609760 0.7788886 0.6730879 0.6332359 0.3158803 0.5829177 0.3917043 0.3917043 0.3228578 0.4571219 0.8081835 0.0000000 0.0000010 
Myrmecobiidae_Myrmecobius_fasciatus2         0.6116071 0.7071262 0.5173945 0.5906262 0.5906262 0.2979064 0.6556031 0.6823123 0.5693668 0.5829177 0.6629262 0.3177122 0.6512040 0.7122575 0.3158803 0.6337428 0.6337428 0.7844690 0.7679801 0.8500645 0.6398446 0.5941059 0.7077990 0.6120844 0.7609760 0.7788886 0.6730879 0.6332359 0.3158803 0.5829177 0.3917043 0.3917043 0.3228578 0.4571219 0.8081835 0.0000010 0.0000000 
