35
Burramyidae_Burramys_parvus                  0.0000000 0.1032554 0.0593095 0.0773732 0.0787460 0.1175423 0.0541010 0.0525260 0.0860256 0.1262272 0.0571747 0.1232616 0.1184739 0.0563521 0.0719764 0.1277811 0.1156634 0.1164546 0.1047109 0.0875496 0.0774678 0.1298111 0.1290061 0.1134639 0.0900705 0.0911510 0.0676217 0.0822896 0.0683320 0.1206374 0.0623456 0.0579979 0.1111410 0.1159115 0.1252475 
Notoryctidae_Notoryctes_typhlops             0.1032554 0.0000000 0.0989517 0.1344785 0.1362078 0.1301342 0.1073667 0.1092599 0.1524488 0.1462783 0.1193894 0.1347526 0.1309842 0.1126084 0.1251894 0.1342775 0.1263102 0.1225576 0.1223298 0.1469224 0.1242375 0.1452646 0.1287275 0.1264659 0.1463923 0.1115606 0.1114122 0.1419125 0.1208481 0.1607966 0.1156189 0.1200367 0.1304264 0.1238578 0.1444421 
Vombatidae_Lasiorhinus_latifrons             0.0593095 0.0989517 0.0000000 0.0855270 0.0864357 0.1100738 0.0676656 0.0650046 0.0930796 0.1358933 0.0702269 0.1218884 0.1140658 0.0665030 0.0772531 0.1208772 0.1107800 0.1132850 0.1070879 0.0933501 0.0812027 0.1309400 0.1198581 0.1099841 0.0923238 0.0900500 0.0693185 0.0915189 0.0738106 0.1266833 0.0731033 0.0678305 0.1206505 0.1115120 0.1354701 
Potoroidae_Bettongia_penicillata             0.0773732 0.1344785 0.0855270 0.0000000 0.0020319 0.1595168 0.0743321 0.0804394 0.0165167 0.1418497 0.0776512 0.1704176 0.1753380 0.0741479 0.0761383 0.1778708 0.1567861 0.1630667 0.1159706 0.0270825 0.0794261 0.1512294 0.1455241 0.1599341 0.0361998 0.1172150 0.0750233 0.0248550 0.0725115 0.1551699 0.0760819 0.0789122 0.1293169 0.1578812 0.1402896 
Potoroidae_Bettongia_lesueur                 0.0787460 0.1362078 0.0864357 0.0020319 0.0000000 0.1630006 0.0761566 0.0810153 0.0171496 0.1431955 0.0791149 0.1739697 0.1789309 0.0755925 0.0780784 0.1807645 0.1589550 0.1643483 0.1176925 0.0273927 0.0818906 0.1531511 0.1494755 0.1628243 0.0368413 0.1209582 0.0760884 0.0253984 0.0752750 0.1589425 0.0788542 0.0799784 0.1306195 0.1609184 0.1416297 
Dasyuridae_Dasyurus_maculatus                0.1175423 0.1301342 0.1100738 0.1595168 0.1630006 0.0000000 0.1353886 0.1321916 0.1730528 0.2035599 0.1436831 0.0156465 0.0221078 0.1364509 0.1458264 0.0158360 0.0078907 0.0199087 0.1661037 0.1699223 0.1533955 0.1658727 0.1542832 0.0137886 0.1721303 0.1067483 0.1323137 0.1683042 0.1435561 0.1768429 0.1377849 0.1404239 0.1847976 0.0068251 0.2018698 
Phalangeridae_Trichosurus_vulpecula          0.0541010 0.1073667 0.0676656 0.0743321 0.0761566 0.1353886 0.0000000 0.0191477 0.0815720 0.1331751 0.0223786 0.1457891 0.1462076 0.0184752 0.0739665 0.1492569 0.1356517 0.1375187 0.1103644 0.0852417 0.0735017 0.1361537 0.1346356 0.1396238 0.0856722 0.1031000 0.0663104 0.0792866 0.0675970 0.1393577 0.0666960 0.0189934 0.1191212 0.1361571 0.1318715 
Phalangeridae_Spilocuscus_maculatus          0.0525260 0.1092599 0.0650046 0.0804394 0.0810153 0.1321916 0.0191477 0.0000000 0.0886144 0.1374866 0.0169665 0.1380137 0.1382085 0.0133380 0.0734633 0.1441034 0.1273857 0.1339804 0.1061971 0.0848530 0.0725839 0.1348699 0.1372052 0.1307892 0.0871849 0.1071240 0.0608814 0.0818620 0.0658299 0.1370923 0.0626958 0.0107194 0.1154936 0.1294830 0.1359978 
Potoroidae_Aepyprymnus_rufescens             0.0860256 0.1524488 0.0930796 0.0165167 0.0171496 0.1730528 0.0815720 0.0886144 0.0000000 0.1519311 0.0866029 0.1812971 0.1845568 0.0839853 0.0911147 0.1858554 0.1677358 0.1743133 0.1248895 0.0210434 0.0921645 0.1715184 0.1629973 0.1727927 0.0386212 0.1330764 0.0901871 0.0198195 0.0841606 0.1597172 0.0877528 0.0875680 0.1412271 0.1692543 0.1489670 
Peramelidae_Perameles_nasuta                 0.1262272 0.1462783 0.1358933 0.1418497 0.1431955 0.2035599 0.1331751 0.1374866 0.1519311 0.0000000 0.1418405 0.2071653 0.2014016 0.1384487 0.1382876 0.2192476 0.2005386 0.2000883 0.0224630 0.1540568 0.1465628 0.1846897 0.1862203 0.2018560 0.1526934 0.1628576 0.1437542 0.1473150 0.1356121 0.2093006 0.1289001 0.1416608 0.0247949 0.1997821 0.0008261 
Phalangeridae_Strigocuscus_pelengensis       0.0571747 0.1193894 0.0702269 0.0776512 0.0791149 0.1436831 0.0223786 0.0169665 0.0866029 0.1418405 0.0000000 0.1536762 0.1530890 0.0138603 0.0739718 0.1601941 0.1423370 0.1481918 0.1128136 0.0896244 0.0762176 0.1414461 0.1396505 0.1445784 0.0874722 0.1104225 0.0686605 0.0849370 0.0678060 0.1449557 0.0639374 0.0149389 0.1233873 0.1444388 0.1396228 
Dasyuridae_Phascogale_tapoatafa              0.1232616 0.1347526 0.1218884 0.1704176 0.1739697 0.0156465 0.1457891 0.1380137 0.1812971 0.2071653 0.1536762 0.0000000 0.0172743 0.1425647 0.1598735 0.0058342 0.0126680 0.0160067 0.1705008 0.1845792 0.1585448 0.1773885 0.1597950 0.0079987 0.1794495 0.1115546 0.1362152 0.1770582 0.1475670 0.1782244 0.1504791 0.1458522 0.1901044 0.0157983 0.2053637 
Dasyuridae_Sminthopsis_macroura              0.1184739 0.1309842 0.1140658 0.1753380 0.1789309 0.0221078 0.1462076 0.1382085 0.1845568 0.2014016 0.1530890 0.0172743 0.0000000 0.1450134 0.1614011 0.0178619 0.0180396 0.0119410 0.1691543 0.1897053 0.1595669 0.1723074 0.1553138 0.0168073 0.1837576 0.1094598 0.1339384 0.1801642 0.1494033 0.1792989 0.1484312 0.1471835 0.1866018 0.0200020 0.1989149 
Phalangeridae_Phalanger_orientalis           0.0563521 0.1126084 0.0665030 0.0741479 0.0755925 0.1364509 0.0184752 0.0133380 0.0839853 0.1384487 0.0138603 0.1425647 0.1450134 0.0000000 0.0706734 0.1509242 0.1320410 0.1323483 0.1106639 0.0824719 0.0719353 0.1301050 0.1328165 0.1334085 0.0891073 0.1047647 0.0633418 0.0796645 0.0645567 0.1436708 0.0620979 0.0066786 0.1168911 0.1338917 0.1362783 
Acrobatidae_Acrobates_pygmaeus               0.0719764 0.1251894 0.0772531 0.0761383 0.0780784 0.1458264 0.0739665 0.0734633 0.0911147 0.1382876 0.0739718 0.1598735 0.1614011 0.0706734 0.0000000 0.1672257 0.1414164 0.1498693 0.1165808 0.0943903 0.0744071 0.1477282 0.1470683 0.1542871 0.0925878 0.1110453 0.0649581 0.0891901 0.0707543 0.1378343 0.0363980 0.0735901 0.1240998 0.1448056 0.1393900 
Dasyuridae_Phascogale_calura                 0.1277811 0.1342775 0.1208772 0.1778708 0.1807645 0.0158360 0.1492569 0.1441034 0.1858554 0.2192476 0.1601941 0.0058342 0.0178619 0.1509242 0.1672257 0.0000000 0.0138373 0.0173111 0.1807522 0.1940563 0.1654292 0.1820187 0.1661294 0.0080135 0.1890037 0.1141541 0.1384050 0.1864483 0.1560173 0.1808410 0.1555914 0.1518783 0.2013598 0.0161957 0.2166763 
Dasyuridae_Sarcophilus_harrisii              0.1156634 0.1263102 0.1107800 0.1567861 0.1589550 0.0078907 0.1356517 0.1273857 0.1677358 0.2005386 0.1423370 0.0126680 0.0180396 0.1320410 0.1414164 0.0138373 0.0000000 0.0163002 0.1631862 0.1673490 0.1505368 0.1632840 0.1566417 0.0104061 0.1624562 0.1043802 0.1283935 0.1607267 0.1366654 0.1775190 0.1334735 0.1355930 0.1812406 0.0073525 0.1988658 
Dasyuridae_Planigale_tenuirostris            0.1164546 0.1225576 0.1132850 0.1630667 0.1643483 0.0199087 0.1375187 0.1339804 0.1743133 0.2000883 0.1481918 0.0160067 0.0119410 0.1323483 0.1498693 0.0173111 0.0163002 0.0000000 0.1563860 0.1778308 0.1515162 0.1674599 0.1463436 0.0162685 0.1714745 0.1054374 0.1319209 0.1657384 0.1453749 0.1733402 0.1456928 0.1333984 0.1833641 0.0192409 0.1950581 
Peramelidae_Echymipera_kalubu                0.1047109 0.1223298 0.1070879 0.1159706 0.1176925 0.1661037 0.1103644 0.1061971 0.1248895 0.0224630 0.1128136 0.1705008 0.1691543 0.1106639 0.1165808 0.1807522 0.1631862 0.1563860 0.0000000 0.1232838 0.1157797 0.1628566 0.1561120 0.1610770 0.1260750 0.1338597 0.1157795 0.1197070 0.1102606 0.1844710 0.1097114 0.1119845 0.0143208 0.1620775 0.0227428 
Macropodidae_Dorcopsulus_vanheurni           0.0875496 0.1469224 0.0933501 0.0270825 0.0273927 0.1699223 0.0852417 0.0848530 0.0210434 0.1540568 0.0896244 0.1845792 0.1897053 0.0824719 0.0943903 0.1940563 0.1673490 0.1778308 0.1232838 0.0000000 0.0870832 0.1645991 0.1618230 0.1775514 0.0376852 0.1300214 0.0880621 0.0087482 0.0820857 0.1554786 0.0897175 0.0858057 0.1360775 0.1700558 0.1517553 
Pseudochiridae_Pseudochirulus_forbesi        0.0774678 0.1242375 0.0812027 0.0794261 0.0818906 0.1533955 0.0735017 0.0725839 0.0921645 0.1465628 0.0762176 0.1585448 0.1595669 0.0719353 0.0744071 0.1654292 0.1505368 0.1515162 0.1157797 0.0870832 0.0000000 0.1509387 0.1497235 0.1545907 0.0935053 0.1176587 0.0323975 0.0858040 0.0128984 0.1377595 0.0628025 0.0732595 0.1315849 0.1543744 0.1490702 
Didelphidae_Didelphis_virginiana             0.1298111 0.1452646 0.1309400 0.1512294 0.1531511 0.1658727 0.1361537 0.1348699 0.1715184 0.1846897 0.1414461 0.1773885 0.1723074 0.1301050 0.1477282 0.1820187 0.1632840 0.1674599 0.1628566 0.1645991 0.1509387 0.0000000 0.0274863 0.1709390 0.1704512 0.1311604 0.1405371 0.1595777 0.1415952 0.2311195 0.1361300 0.1365113 0.1634593 0.1633580 0.1842590 
Marmosidae_Monodelphis_domestica             0.1290061 0.1287275 0.1198581 0.1455241 0.1494755 0.1542832 0.1346356 0.1372052 0.1629973 0.1862203 0.1396505 0.1597950 0.1553138 0.1328165 0.1470683 0.1661294 0.1566417 0.1463436 0.1561120 0.1618230 0.1497235 0.0274863 0.0000000 0.1566211 0.1677786 0.1256160 0.1365015 0.1544987 0.1411766 0.2228024 0.1361606 0.1394744 0.1738558 0.1573300 0.1867741 
Dasyuridae_Antechinus_stuartii               0.1134639 0.1264659 0.1099841 0.1599341 0.1628243 0.0137886 0.1396238 0.1307892 0.1727927 0.2018560 0.1445784 0.0079987 0.0168073 0.1334085 0.1542871 0.0080135 0.0104061 0.0162685 0.1610770 0.1775514 0.1545907 0.1709390 0.1566211 0.0000000 0.1727525 0.1029846 0.1267007 0.1718822 0.1400943 0.1832345 0.1417531 0.1385547 0.1843656 0.0129568 0.1993042 
Hypsiprymnodontidae_Hypsiprymnodon_moschatus 0.0900705 0.1463923 0.0923238 0.0361998 0.0368413 0.1721303 0.0856722 0.0871849 0.0386212 0.1526934 0.0874722 0.1794495 0.1837576 0.0891073 0.0925878 0.1890037 0.1624562 0.1714745 0.1260750 0.0376852 0.0935053 0.1704512 0.1677786 0.1727525 0.0000000 0.1321092 0.0876610 0.0356181 0.0842251 0.1537543 0.0818567 0.0919099 0.1415199 0.1702308 0.1522301 
Microbiotheriidae_Dromiciops_gliroides       0.0911510 0.1115606 0.0900500 0.1172150 0.1209582 0.1067483 0.1031000 0.1071240 0.1330764 0.1628576 0.1104225 0.1115546 0.1094598 0.1047647 0.1110453 0.1141541 0.1043802 0.1054374 0.1338597 0.1300214 0.1176587 0.1311604 0.1256160 0.1029846 0.1321092 0.0000000 0.1038947 0.1247652 0.1085291 0.1389489 0.1101368 0.1085514 0.1479389 0.1056811 0.1600599 
Pseudochiridae_Petauroides_volans            0.0676217 0.1114122 0.0693185 0.0750233 0.0760884 0.1323137 0.0663104 0.0608814 0.0901871 0.1437542 0.0686605 0.1362152 0.1339384 0.0633418 0.0649581 0.1384050 0.1283935 0.1319209 0.1157795 0.0880621 0.0323975 0.1405371 0.1365015 0.1267007 0.0876610 0.1038947 0.0000000 0.0846830 0.0253612 0.1060046 0.0592763 0.0663668 0.1278354 0.1344775 0.1469006 
Macropodidae_Wallabia_bicolor                0.0822896 0.1419125 0.0915189 0.0248550 0.0253984 0.1683042 0.0792866 0.0818620 0.0198195 0.1473150 0.0849370 0.1770582 0.1801642 0.0796645 0.0891901 0.1864483 0.1607267 0.1657384 0.1197070 0.0087482 0.0858040 0.1595777 0.1544987 0.1718822 0.0356181 0.1247652 0.0846830 0.0000000 0.0807822 0.1483618 0.0812034 0.0823799 0.1306334 0.1660714 0.1440237 
Pseudochiridae_Pseudocheirus_occidentalis    0.0683320 0.1208481 0.0738106 0.0725115 0.0752750 0.1435561 0.0675970 0.0658299 0.0841606 0.1356121 0.0678060 0.1475670 0.1494033 0.0645567 0.0707543 0.1560173 0.1366654 0.1453749 0.1102606 0.0820857 0.0128984 0.1415952 0.1411766 0.1400943 0.0842251 0.1085291 0.0253612 0.0807822 0.0000000 0.1221226 0.0557903 0.0678069 0.1211212 0.1425625 0.1368239 
Tarsipedidae_Tarsipes_rostratus              0.1206374 0.1607966 0.1266833 0.1551699 0.1589425 0.1768429 0.1393577 0.1370923 0.1597172 0.2093006 0.1449557 0.1782244 0.1792989 0.1436708 0.1378343 0.1808410 0.1775190 0.1733402 0.1844710 0.1554786 0.1377595 0.2311195 0.2228024 0.1832345 0.1537543 0.1389489 0.1060046 0.1483618 0.1221226 0.0000000 0.1201052 0.1430925 0.1819661 0.1764586 0.2105917 
Acrobatidae_Distoechurus_pennatus            0.0623456 0.1156189 0.0731033 0.0760819 0.0788542 0.1377849 0.0666960 0.0626958 0.0877528 0.1289001 0.0639374 0.1504791 0.1484312 0.0620979 0.0363980 0.1555914 0.1334735 0.1456928 0.1097114 0.0897175 0.0628025 0.1361300 0.1361606 0.1417531 0.0818567 0.1101368 0.0592763 0.0812034 0.0557903 0.1201052 0.0000000 0.0647621 0.1197365 0.1389212 0.1308077 
Phalangeridae_Phalanger_carmelitae           0.0579979 0.1200367 0.0678305 0.0789122 0.0799784 0.1404239 0.0189934 0.0107194 0.0875680 0.1416608 0.0149389 0.1458522 0.1471835 0.0066786 0.0735901 0.1518783 0.1355930 0.1333984 0.1119845 0.0858057 0.0732595 0.1365113 0.1394744 0.1385547 0.0919099 0.1085514 0.0663668 0.0823799 0.0678069 0.1430925 0.0647621 0.0000000 0.1225381 0.1398833 0.1394856 
Peramelidae_Peroryctes_raffrayana            0.1111410 0.1304264 0.1206505 0.1293169 0.1306195 0.1847976 0.1191212 0.1154936 0.1412271 0.0247949 0.1233873 0.1901044 0.1866018 0.1168911 0.1240998 0.2013598 0.1812406 0.1833641 0.0143208 0.1360775 0.1315849 0.1634593 0.1738558 0.1843656 0.1415199 0.1479389 0.1278354 0.1306334 0.1211212 0.1819661 0.1197365 0.1225381 0.0000000 0.1778559 0.0253442 
Dasyuridae_Dasyurus_geffroii                 0.1159115 0.1238578 0.1115120 0.1578812 0.1609184 0.0068251 0.1361571 0.1294830 0.1692543 0.1997821 0.1444388 0.0157983 0.0200020 0.1338917 0.1448056 0.0161957 0.0073525 0.0192409 0.1620775 0.1700558 0.1543744 0.1633580 0.1573300 0.0129568 0.1702308 0.1056811 0.1344775 0.1660714 0.1425625 0.1764586 0.1389212 0.1398833 0.1778559 0.0000000 0.1981161 
Peramelidae_Perameles_gunnii                 0.1252475 0.1444421 0.1354701 0.1402896 0.1416297 0.2018698 0.1318715 0.1359978 0.1489670 0.0008261 0.1396228 0.2053637 0.1989149 0.1362783 0.1393900 0.2166763 0.1988658 0.1950581 0.0227428 0.1517553 0.1490702 0.1842590 0.1867741 0.1993042 0.1522301 0.1600599 0.1469006 0.1440237 0.1368239 0.2105917 0.1308077 0.1394856 0.0253442 0.1981161 0.0000000 
