35
Burramyidae_Burramys_parvus                  0.0000000 0.1455259 0.1133302 0.1118347 0.1124103 0.1420441 0.1061651 0.1087963 0.1099326 0.1523377 0.1082710 0.1479667 0.1423032 0.1247990 0.1251438 0.1498664 0.1424669 0.1371935 0.1485178 0.1109357 0.1136671 0.1523683 0.1480565 0.1464229 0.1228081 0.1151696 0.1143028 0.1427748 0.1099087 0.1422376 0.1197800 0.1388813 0.1458752 0.1356455 0.1492456 
Notoryctidae_Notoryctes_typhlops             0.1455259 0.0000000 0.1245178 0.1156494 0.1247771 0.1074982 0.1078428 0.1187154 0.0911047 0.1214496 0.1050260 0.1084616 0.1095030 0.1323623 0.1326984 0.1117964 0.1064629 0.1075205 0.1232417 0.1102636 0.1205856 0.1283069 0.1143619 0.1070124 0.1234171 0.0833411 0.1136964 0.1259514 0.1000424 0.1292077 0.1002263 0.1491778 0.1192315 0.1039845 0.1197815 
Vombatidae_Lasiorhinus_latifrons             0.1133302 0.1245178 0.0000000 0.0972057 0.1064858 0.1171793 0.0834966 0.0856527 0.0890763 0.1161635 0.0923565 0.1190328 0.1134444 0.0984261 0.1100946 0.1207391 0.1139935 0.1076205 0.1169571 0.0896082 0.0938491 0.1241767 0.1146249 0.1151577 0.0984880 0.0913498 0.0865648 0.1199160 0.0869714 0.1135552 0.0937737 0.1119621 0.1142157 0.1130066 0.1162269 
Potoroidae_Bettongia_penicillata             0.1118347 0.1156494 0.0972057 0.0000000 0.0171573 0.1099517 0.0841751 0.0875044 0.0438660 0.1228554 0.0936781 0.1154431 0.1147453 0.1017427 0.0960005 0.1162272 0.1146067 0.1102578 0.1243548 0.0373226 0.0832775 0.1203495 0.1135574 0.1173917 0.0622372 0.0886362 0.0867836 0.0719996 0.0824772 0.1073053 0.0881300 0.1125671 0.1221665 0.1096820 0.1221313 
Potoroidae_Bettongia_lesueur                 0.1124103 0.1247771 0.1064858 0.0171573 0.0000000 0.1163078 0.0849827 0.0868344 0.0490280 0.1366327 0.0937038 0.1242877 0.1215512 0.1080300 0.1085754 0.1242436 0.1187150 0.1165319 0.1344950 0.0444845 0.0956605 0.1346342 0.1254992 0.1237025 0.0664324 0.0905889 0.0966656 0.0806556 0.0940267 0.1189505 0.0901073 0.1210379 0.1329650 0.1160488 0.1356080 
Dasyuridae_Dasyurus_maculatus                0.1420441 0.1074982 0.1171793 0.1099517 0.1163078 0.0000000 0.1042501 0.1116894 0.0903490 0.1125962 0.1012700 0.0214464 0.0321204 0.1193759 0.1266144 0.0214516 0.0110477 0.0283672 0.1126748 0.0972245 0.1093244 0.1158723 0.1086170 0.0234519 0.1196405 0.0886886 0.1014003 0.1347398 0.0911724 0.1204503 0.0974171 0.1351109 0.1119488 0.0093467 0.1102189 
Phalangeridae_Trichosurus_vulpecula          0.1061651 0.1078428 0.0834966 0.0841751 0.0849827 0.1042501 0.0000000 0.0355190 0.0767811 0.1129004 0.0586048 0.1050956 0.1065669 0.0552352 0.0921559 0.1066702 0.1036342 0.0961283 0.1104414 0.0825177 0.0885183 0.1175551 0.1090570 0.1038630 0.0925434 0.0771662 0.0806111 0.1101374 0.0769654 0.1034037 0.0821636 0.0586038 0.1079886 0.0996340 0.1122528 
Phalangeridae_Spilocuscus_maculatus          0.1087963 0.1187154 0.0856527 0.0875044 0.0868344 0.1116894 0.0355190 0.0000000 0.0830623 0.1181123 0.0421344 0.1127048 0.1130966 0.0431385 0.0956706 0.1143271 0.1104014 0.1070534 0.1169811 0.0807275 0.0892299 0.1178641 0.1108833 0.1122626 0.0920158 0.0848304 0.0782936 0.1113340 0.0821340 0.1109594 0.0897981 0.0388734 0.1168596 0.1069510 0.1173895 
Potoroidae_Aepyprymnus_rufescens             0.1099326 0.0911047 0.0890763 0.0438660 0.0490280 0.0903490 0.0767811 0.0830623 0.0000000 0.1099959 0.0700067 0.0921833 0.0909363 0.0936927 0.0981623 0.0914086 0.0922716 0.0816685 0.1059923 0.0429890 0.0828355 0.1005242 0.0899244 0.0899043 0.0692242 0.0733662 0.0812391 0.0806230 0.0650187 0.0859499 0.0658657 0.1081206 0.1068343 0.0899973 0.1077597 
Peramelidae_Perameles_nasuta                 0.1523377 0.1214496 0.1161635 0.1228554 0.1366327 0.1125962 0.1129004 0.1181123 0.1099959 0.0000000 0.1043554 0.1158886 0.1158541 0.1299507 0.1333288 0.1158938 0.1138498 0.1153420 0.0164162 0.1135213 0.1190252 0.1216890 0.1151491 0.1187214 0.1332102 0.0966986 0.1167269 0.1514258 0.0951623 0.1315521 0.1099798 0.1426456 0.0148255 0.1128654 0.0000010 
Phalangeridae_Strigocuscus_pelengensis       0.1082710 0.1050260 0.0923565 0.0936781 0.0937038 0.1012700 0.0586048 0.0421344 0.0700067 0.1043554 0.0000000 0.0995542 0.1043571 0.0667046 0.0962118 0.1010993 0.0974139 0.0902861 0.1035463 0.0823608 0.0917367 0.1107747 0.0992728 0.0961254 0.1001085 0.0749643 0.0810006 0.1082128 0.0674365 0.0965942 0.0747078 0.0553677 0.1059002 0.0966931 0.1038072 
Dasyuridae_Phascogale_tapoatafa              0.1479667 0.1084616 0.1190328 0.1154431 0.1242877 0.0214464 0.1050956 0.1127048 0.0921833 0.1158886 0.0995542 0.0000000 0.0321100 0.1227561 0.1281947 0.0054554 0.0202268 0.0283177 0.1167330 0.1047511 0.1113937 0.1160698 0.1072343 0.0117043 0.1225576 0.0954783 0.1054094 0.1344966 0.0911635 0.1179559 0.0951443 0.1387573 0.1146777 0.0219463 0.1135316 
Dasyuridae_Sminthopsis_macroura              0.1423032 0.1095030 0.1134444 0.1147453 0.1215512 0.0321204 0.1065669 0.1130966 0.0909363 0.1158541 0.1043571 0.0321100 0.0000000 0.1248489 0.1306220 0.0339487 0.0315708 0.0269250 0.1153989 0.1025678 0.1067747 0.1236312 0.1079268 0.0343019 0.1195340 0.0953353 0.0988800 0.1370031 0.0912362 0.1206458 0.1020832 0.1398494 0.1115563 0.0320889 0.1143461 
Phalangeridae_Phalanger_orientalis           0.1247990 0.1323623 0.0984261 0.1017427 0.1080300 0.1193759 0.0552352 0.0431385 0.0936927 0.1299507 0.0667046 0.1227561 0.1248489 0.0000000 0.1123555 0.1244704 0.1162225 0.1201297 0.1274446 0.0939057 0.1014265 0.1324654 0.1259588 0.1247816 0.1076729 0.0979682 0.0910133 0.1240242 0.0928586 0.1202985 0.1036155 0.0156910 0.1275485 0.1160717 0.1290447 
Acrobatidae_Acrobates_pygmaeus               0.1251438 0.1326984 0.1100946 0.0960005 0.1085754 0.1266144 0.0921559 0.0956706 0.0981623 0.1333288 0.0962118 0.1281947 0.1306220 0.1123555 0.0000000 0.1283039 0.1284127 0.1169302 0.1363283 0.0952740 0.0952696 0.1352116 0.1265279 0.1249888 0.1083340 0.0942511 0.1035053 0.1150423 0.0938366 0.1270463 0.0776667 0.1270543 0.1336871 0.1247682 0.1324956 
Dasyuridae_Phascogale_calura                 0.1498664 0.1117964 0.1207391 0.1162272 0.1242436 0.0214516 0.1066702 0.1143271 0.0914086 0.1158938 0.1010993 0.0054554 0.0339487 0.1244704 0.1283039 0.0000000 0.0214057 0.0283246 0.1167380 0.1039322 0.1114003 0.1144339 0.1040616 0.0122657 0.1250419 0.0939517 0.1054168 0.1387374 0.0911726 0.1204410 0.0982221 0.1405926 0.1146832 0.0231312 0.1135372 
Dasyuridae_Sarcophilus_harrisii              0.1424669 0.1064629 0.1139935 0.1146067 0.1187150 0.0110477 0.1036342 0.1104014 0.0922716 0.1138498 0.0974139 0.0202268 0.0315708 0.1162225 0.1284127 0.0214057 0.0000000 0.0264307 0.1139049 0.1008822 0.1098347 0.1132453 0.1048553 0.0222072 0.1201289 0.0869380 0.1007369 0.1335171 0.0904270 0.1207883 0.0974790 0.1317692 0.1133734 0.0082303 0.1115375 
Dasyuridae_Planigale_tenuirostris            0.1371935 0.1075205 0.1076205 0.1102578 0.1165319 0.0283672 0.0961283 0.1070534 0.0816685 0.1153420 0.0902861 0.0283177 0.0269250 0.1201297 0.1169302 0.0283246 0.0264307 0.0000000 0.1116283 0.1022528 0.1023289 0.1150796 0.1021564 0.0270460 0.1203038 0.0855808 0.0956676 0.1307347 0.0819764 0.1124866 0.0880892 0.1333137 0.1126293 0.0302818 0.1140434 
Peramelidae_Echymipera_kalubu                0.1485178 0.1232417 0.1169571 0.1243548 0.1344950 0.1126748 0.1104414 0.1169811 0.1059923 0.0164162 0.1035463 0.1167330 0.1153989 0.1274446 0.1363283 0.1167380 0.1139049 0.1116283 0.0000000 0.1151051 0.1188376 0.1193108 0.1147361 0.1178490 0.1336440 0.0978251 0.1127502 0.1502587 0.0956701 0.1326582 0.1107071 0.1414331 0.0124237 0.1129387 0.0162225 
Macropodidae_Dorcopsulus_vanheurni           0.1109357 0.1102636 0.0896082 0.0373226 0.0444845 0.0972245 0.0825177 0.0807275 0.0429890 0.1135213 0.0823608 0.1047511 0.1025678 0.0939057 0.0952740 0.1039322 0.1008822 0.1022528 0.1151051 0.0000000 0.0817476 0.1161903 0.1048544 0.1056811 0.0546152 0.0822520 0.0819138 0.0584354 0.0729203 0.1002827 0.0826875 0.1061814 0.1142622 0.0983642 0.1128573 
Pseudochiridae_Pseudochirulus_forbesi        0.1136671 0.1205856 0.0938491 0.0832775 0.0956605 0.1093244 0.0885183 0.0892299 0.0828355 0.1190252 0.0917367 0.1113937 0.1067747 0.1014265 0.0952696 0.1114003 0.1098347 0.1023289 0.1188376 0.0817476 0.0000000 0.1235151 0.1120615 0.1120487 0.0905241 0.0843309 0.0396544 0.1176357 0.0424660 0.0952706 0.0890335 0.1145285 0.1201949 0.1076764 0.1188214 
Didelphidae_Didelphis_virginiana             0.1523683 0.1283069 0.1241767 0.1203495 0.1346342 0.1158723 0.1175551 0.1178641 0.1005242 0.1216890 0.1107747 0.1160698 0.1236312 0.1324654 0.1352116 0.1144339 0.1132453 0.1150796 0.1193108 0.1161903 0.1235151 0.0000000 0.0438986 0.1211079 0.1344523 0.0968332 0.1130122 0.1514908 0.1064010 0.1256289 0.1138738 0.1480737 0.1172209 0.1113975 0.1200663 
Marmosidae_Monodelphis_domestica             0.1480565 0.1143619 0.1146249 0.1135574 0.1254992 0.1086170 0.1090570 0.1108833 0.0899244 0.1151491 0.0992728 0.1072343 0.1079268 0.1259588 0.1265279 0.1040616 0.1048553 0.1021564 0.1147361 0.1048544 0.1120615 0.0438986 0.0000000 0.1081378 0.1299392 0.0938942 0.1040215 0.1395714 0.0937474 0.1218383 0.1029702 0.1411053 0.1150166 0.1046401 0.1128190 
Dasyuridae_Antechinus_stuartii               0.1464229 0.1070124 0.1151577 0.1173917 0.1237025 0.0234519 0.1038630 0.1122626 0.0899043 0.1187214 0.0961254 0.0117043 0.0343019 0.1247816 0.1249888 0.0122657 0.0222072 0.0270460 0.1178490 0.1056811 0.1120487 0.1211079 0.1081378 0.0000000 0.1229180 0.0955500 0.1048451 0.1374211 0.0903969 0.1189038 0.0959549 0.1404332 0.1168939 0.0227604 0.1162264 
Hypsiprymnodontidae_Hypsiprymnodon_moschatus 0.1228081 0.1234171 0.0984880 0.0622372 0.0664324 0.1196405 0.0925434 0.0920158 0.0692242 0.1332102 0.1001085 0.1225576 0.1195340 0.1076729 0.1083340 0.1250419 0.1201289 0.1203038 0.1336440 0.0546152 0.0905241 0.1344523 0.1299392 0.1229180 0.0000000 0.0943204 0.0973743 0.0801975 0.0882731 0.1164201 0.0982842 0.1208475 0.1291229 0.1175315 0.1323182 
Microbiotheriidae_Dromiciops_gliroides       0.1151696 0.0833411 0.0913498 0.0886362 0.0905889 0.0886886 0.0771662 0.0848304 0.0733662 0.0966986 0.0749643 0.0954783 0.0953353 0.0979682 0.0942511 0.0939517 0.0869380 0.0855808 0.0978251 0.0822520 0.0843309 0.0968332 0.0938942 0.0955500 0.0943204 0.0000000 0.0860372 0.1150489 0.0708472 0.1015430 0.0743852 0.1067753 0.0976698 0.0868923 0.0960724 
Pseudochiridae_Petauroides_volans            0.1143028 0.1136964 0.0865648 0.0867836 0.0966656 0.1014003 0.0806111 0.0782936 0.0812391 0.1167269 0.0810006 0.1054094 0.0988800 0.0910133 0.1035053 0.1054168 0.1007369 0.0956676 0.1127502 0.0819138 0.0396544 0.1130122 0.1040215 0.1048451 0.0973743 0.0860372 0.0000000 0.1135890 0.0506539 0.0920915 0.0905268 0.1017664 0.1150882 0.0974591 0.1155524 
Macropodidae_Wallabia_bicolor                0.1427748 0.1259514 0.1199160 0.0719996 0.0806556 0.1347398 0.1101374 0.1113340 0.0806230 0.1514258 0.1082128 0.1344966 0.1370031 0.1240242 0.1150423 0.1387374 0.1335171 0.1307347 0.1502587 0.0584354 0.1176357 0.1514908 0.1395714 0.1374211 0.0801975 0.1150489 0.1135890 0.0000000 0.1081498 0.1285904 0.1118383 0.1388904 0.1501460 0.1300681 0.1503795 
Pseudochiridae_Pseudocheirus_occidentalis    0.1099087 0.1000424 0.0869714 0.0824772 0.0940267 0.0911724 0.0769654 0.0821340 0.0650187 0.0951623 0.0674365 0.0911635 0.0912362 0.0928586 0.0938366 0.0911726 0.0904270 0.0819764 0.0956701 0.0729203 0.0424660 0.1064010 0.0937474 0.0903969 0.0882731 0.0708472 0.0506539 0.1081498 0.0000000 0.0708645 0.0645273 0.1034879 0.0963202 0.0887405 0.0948741 
Tarsipedidae_Tarsipes_rostratus              0.1422376 0.1292077 0.1135552 0.1073053 0.1189505 0.1204503 0.1034037 0.1109594 0.0859499 0.1315521 0.0965942 0.1179559 0.1206458 0.1202985 0.1270463 0.1204410 0.1207883 0.1124866 0.1326582 0.1002827 0.0952706 0.1256289 0.1218383 0.1189038 0.1164201 0.1015430 0.0920915 0.1285904 0.0708645 0.0000000 0.0947742 0.1382777 0.1317419 0.1182759 0.1305243 
Acrobatidae_Distoechurus_pennatus            0.1197800 0.1002263 0.0937737 0.0881300 0.0901073 0.0974171 0.0821636 0.0897981 0.0658657 0.1099798 0.0747078 0.0951443 0.1020832 0.1036155 0.0776667 0.0982221 0.0974790 0.0880892 0.1107071 0.0826875 0.0890335 0.1138738 0.1029702 0.0959549 0.0982842 0.0743852 0.0905268 0.1118383 0.0645273 0.0947742 0.0000000 0.1154637 0.1123109 0.0943717 0.1077627 
Phalangeridae_Phalanger_carmelitae           0.1388813 0.1491778 0.1119621 0.1125671 0.1210379 0.1351109 0.0586038 0.0388734 0.1081206 0.1426456 0.0553677 0.1387573 0.1398494 0.0156910 0.1270543 0.1405926 0.1317692 0.1333137 0.1414331 0.1061814 0.1145285 0.1480737 0.1411053 0.1404332 0.1208475 0.1067753 0.1017664 0.1388904 0.1034879 0.1382777 0.1154637 0.0000000 0.1400927 0.1324062 0.1433198 
Peramelidae_Peroryctes_raffrayana            0.1458752 0.1192315 0.1142157 0.1221665 0.1329650 0.1119488 0.1079886 0.1168596 0.1068343 0.0148255 0.1059002 0.1146777 0.1115563 0.1275485 0.1336871 0.1146832 0.1133734 0.1126293 0.0124237 0.1142622 0.1201949 0.1172209 0.1150166 0.1168939 0.1291229 0.0976698 0.1150882 0.1501460 0.0963202 0.1317419 0.1123109 0.1400927 0.0000000 0.1122201 0.0147996 
Dasyuridae_Dasyurus_geffroii                 0.1356455 0.1039845 0.1130066 0.1096820 0.1160488 0.0093467 0.0996340 0.1069510 0.0899973 0.1128654 0.0966931 0.0219463 0.0320889 0.1160717 0.1247682 0.0231312 0.0082303 0.0302818 0.1129387 0.0983642 0.1076764 0.1113975 0.1046401 0.0227604 0.1175315 0.0868923 0.0974591 0.1300681 0.0887405 0.1182759 0.0943717 0.1324062 0.1122201 0.0000000 0.1104910 
Peramelidae_Perameles_gunnii                 0.1492456 0.1197815 0.1162269 0.1221313 0.1356080 0.1102189 0.1122528 0.1173895 0.1077597 0.0000010 0.1038072 0.1135316 0.1143461 0.1290447 0.1324956 0.1135372 0.1115375 0.1140434 0.0162225 0.1128573 0.1188214 0.1200663 0.1128190 0.1162264 0.1323182 0.0960724 0.1155524 0.1503795 0.0948741 0.1305243 0.1077627 0.1433198 0.0147996 0.1104910 0.0000000 
