200
I0185_86_Accipitridae_Buteo_jamaicensis                   0.0000000 0.0462554 0.0454234 0.0428463 0.0551233 0.0449670 0.0626406 0.0388666 0.0412830 0.0663662 0.0675747 0.0349858 0.0542348 0.0509138 0.0534681 0.0530598 0.0433098 0.0216584 0.0582488 0.0276841 0.0545066 0.0331231 0.0556654 0.0297652 0.0304665 0.0256131 0.0420032 0.0313466 0.0692320 0.0624739 0.0669358 0.0298613 0.0527545 0.0561177 0.0550874 0.0568546 0.0398796 0.0647649 0.0538422 0.0596055 0.0558779 0.0687394 0.0565128 0.0513786 0.1010703 0.0767966 0.0848658 0.0604753 0.0705434 0.0479744 0.0491711 0.0352308 0.0533570 0.0549117 0.0287763 0.0431471 0.0527682 0.0563586 0.0405871 0.0376730 0.0330732 0.0470248 0.0497598 0.0328806 0.0321646 0.0717633 0.0506748 0.0637148 0.0486123 0.0306417 0.0353724 0.0643068 0.0625644 0.0374050 0.0633195 0.0589130 0.0549319 0.0532170 0.0366371 0.0331074 0.0530396 0.0594340 0.0331309 0.0090164 0.0334409 0.0413711 0.0403306 0.0486984 0.0464178 0.0275083 0.0229325 0.0584505 0.0690278 0.0538494 0.0409605 0.0344552 0.0259065 0.0545507 0.0405677 0.0588165 0.0626713 0.0252016 0.0684189 0.0312192 0.0239187 0.0269694 0.0455122 0.0485288 0.0567599 0.0483657 0.0342526 0.0309884 0.0355692 0.0431004 0.0672311 0.0348615 0.0491164 0.0649279 0.0312644 0.0251882 0.0580256 0.0489561 0.0323166 0.0549257 0.0588249 0.0604227 0.0417176 0.0282750 0.0204320 0.0275297 0.0547704 0.0430231 0.0382632 0.0582171 0.0293634 0.0757946 0.0351324 0.0370955 0.0265608 0.0425539 0.0660587 0.0611196 0.0367731 0.0594156 0.0351125 0.0498534 0.0379830 0.0264096 0.0306202 0.0266631 0.0478497 0.0341122 0.0686036 0.0520593 0.0394808 0.0270682 0.0518791 0.0639520 0.0468827 0.0528669 0.0246759 0.0304046 0.0307509 0.0332851 0.0300843 0.0348007 0.0465559 0.0487650 0.0478380 0.0599916 0.0428245 0.0495724 0.0551505 0.0572304 0.0395868 0.0906115 0.0308153 0.0414863 0.0325003 0.0587802 0.0514772 0.0626034 0.0279647 0.0191713 0.0265256 0.0331510 0.0622714 0.0297799 0.0640582 0.0604814 0.0539447 0.0522498 0.1287942 0.1279821 0.0511533 0.0652665 0.0620181 0.0477960 0.0420438 0.0577343 
I0186_111_Momotidae_Momotus_lessonii                      0.0462554 0.0000000 0.0552828 0.0560200 0.0671702 0.0539137 0.0695429 0.0484618 0.0542220 0.0581060 0.0715824 0.0467315 0.0653893 0.0593772 0.0527236 0.0644673 0.0528191 0.0375622 0.0668266 0.0421688 0.0641216 0.0475204 0.0659782 0.0443739 0.0455281 0.0417344 0.0563334 0.0456153 0.0757554 0.0728580 0.0751533 0.0459705 0.0633977 0.0661594 0.0642761 0.0666152 0.0529297 0.0758954 0.0640056 0.0713273 0.0668442 0.0804716 0.0676405 0.0622364 0.1085873 0.0862618 0.0933762 0.0698056 0.0789765 0.0436946 0.0600527 0.0509659 0.0642259 0.0656764 0.0427100 0.0576493 0.0626075 0.0657468 0.0539680 0.0528164 0.0471705 0.0588474 0.0622079 0.0486131 0.0465348 0.0831381 0.0621405 0.0734803 0.0602905 0.0463235 0.0509420 0.0731848 0.0728424 0.0517181 0.0687878 0.0729959 0.0653708 0.0639042 0.0486211 0.0485748 0.0633888 0.0652915 0.0440917 0.0461920 0.0478501 0.0567295 0.0385139 0.0587280 0.0569235 0.0432902 0.0389892 0.0686175 0.0807414 0.0646487 0.0555847 0.0489795 0.0419522 0.0663553 0.0446252 0.0695198 0.0695923 0.0402833 0.0772724 0.0459680 0.0432339 0.0431531 0.0564650 0.0514758 0.0676242 0.0595064 0.0461716 0.0443973 0.0490195 0.0585720 0.0792728 0.0490048 0.0623784 0.0777363 0.0464816 0.0414963 0.0680018 0.0624698 0.0464667 0.0638694 0.0696677 0.0735770 0.0559967 0.0435819 0.0463907 0.0428176 0.0653775 0.0574233 0.0537102 0.0726016 0.0451823 0.0853460 0.0487609 0.0512373 0.0419095 0.0568078 0.0697097 0.0725322 0.0501405 0.0681326 0.0498598 0.0615266 0.0512204 0.0422880 0.0462006 0.0425427 0.0598511 0.0480754 0.0797477 0.0609886 0.0513480 0.0426613 0.0611781 0.0786937 0.0601801 0.0633874 0.0403929 0.0447017 0.0461790 0.0465218 0.0454708 0.0487767 0.0588713 0.0614109 0.0605692 0.0714466 0.0527435 0.0610608 0.0649327 0.0661835 0.0505858 0.1000412 0.0468028 0.0538651 0.0472158 0.0681356 0.0628560 0.0748410 0.0429615 0.0432835 0.0420017 0.0466672 0.0770643 0.0451892 0.0728107 0.0712754 0.0654589 0.0635820 0.1425263 0.1398113 0.0632405 0.0749487 0.0728391 0.0596033 0.0508259 0.0654091 
I0187_115_Trogonidae_Trogon_elegans                       0.0454234 0.0552828 0.0000000 0.0558735 0.0665586 0.0190106 0.0736043 0.0519551 0.0541020 0.0730862 0.0759036 0.0489058 0.0667615 0.0607128 0.0619383 0.0652934 0.0552589 0.0380202 0.0686988 0.0418534 0.0662711 0.0474884 0.0668234 0.0436030 0.0457149 0.0419767 0.0559591 0.0465836 0.0795417 0.0736374 0.0772820 0.0460111 0.0652845 0.0669377 0.0669811 0.0679665 0.0544072 0.0780217 0.0652273 0.0722109 0.0673762 0.0807130 0.0685454 0.0627554 0.1102748 0.0872073 0.0960643 0.0725452 0.0796577 0.0559205 0.0629170 0.0509333 0.0659007 0.0666343 0.0423876 0.0577739 0.0643405 0.0674010 0.0541717 0.0531873 0.0466571 0.0616459 0.0632520 0.0477482 0.0451976 0.0841374 0.0628862 0.0746809 0.0618250 0.0455111 0.0508088 0.0747670 0.0741773 0.0524362 0.0735687 0.0732480 0.0663725 0.0654350 0.0495823 0.0481254 0.0646757 0.0688569 0.0464711 0.0452498 0.0470437 0.0564326 0.0514012 0.0601143 0.0576884 0.0434059 0.0395549 0.0706406 0.0811069 0.0650523 0.0566715 0.0502754 0.0410619 0.0664611 0.0524892 0.0703529 0.0728204 0.0414506 0.0790754 0.0459465 0.0425537 0.0430217 0.0572969 0.0573185 0.0678122 0.0600872 0.0477678 0.0455394 0.0496276 0.0594994 0.0797402 0.0484157 0.0646501 0.0784571 0.0474233 0.0410537 0.0693054 0.0622730 0.0468508 0.0655276 0.0704633 0.0741851 0.0570632 0.0431397 0.0474298 0.0427782 0.0660951 0.0576795 0.0533504 0.0719693 0.0437807 0.0862410 0.0493693 0.0515416 0.0420048 0.0561172 0.0758413 0.0730449 0.0514700 0.0701138 0.0497355 0.0617173 0.0513344 0.0418901 0.0461517 0.0415261 0.0589864 0.0489547 0.0802620 0.0643526 0.0523978 0.0431935 0.0640225 0.0777682 0.0605326 0.0648700 0.0404196 0.0453640 0.0460156 0.0465975 0.0454238 0.0497016 0.0608174 0.0628233 0.0590940 0.0723394 0.0551893 0.0597405 0.0667845 0.0685266 0.0516097 0.1013852 0.0466485 0.0555407 0.0458955 0.0695399 0.0636969 0.0755236 0.0433116 0.0429892 0.0416955 0.0475563 0.0777281 0.0450463 0.0762598 0.0736177 0.0671013 0.0646585 0.1412948 0.1418369 0.0638319 0.0780633 0.0745117 0.0607904 0.0521103 0.0708965 
I0188_135_Apodidae_Streptoprocne_zonaris                  0.0428463 0.0560200 0.0558735 0.0000000 0.0651198 0.0559092 0.0716573 0.0488007 0.0500855 0.0723672 0.0730512 0.0458646 0.0632458 0.0592397 0.0605011 0.0628541 0.0501511 0.0351525 0.0685252 0.0384565 0.0648575 0.0437697 0.0647225 0.0416558 0.0416294 0.0378712 0.0520399 0.0418792 0.0782857 0.0714769 0.0751227 0.0421532 0.0626152 0.0652338 0.0514252 0.0520484 0.0500320 0.0750755 0.0626209 0.0692525 0.0665580 0.0791769 0.0661121 0.0610395 0.1079807 0.0849403 0.0922439 0.0692434 0.0781225 0.0575925 0.0563695 0.0481079 0.0635256 0.0645353 0.0390752 0.0530322 0.0632403 0.0638058 0.0495863 0.0473454 0.0433615 0.0598715 0.0231043 0.0448147 0.0414719 0.0818033 0.0613928 0.0740688 0.0597664 0.0423073 0.0449852 0.0730534 0.0729489 0.0467213 0.0706058 0.0676678 0.0645693 0.0637953 0.0453154 0.0450184 0.0629307 0.0666283 0.0427116 0.0424100 0.0438411 0.0517255 0.0503228 0.0590086 0.0542246 0.0384913 0.0369170 0.0541561 0.0779246 0.0613562 0.0520373 0.0467218 0.0371995 0.0657992 0.0502551 0.0689269 0.0714029 0.0374165 0.0776980 0.0421562 0.0402843 0.0386124 0.0550388 0.0559938 0.0615173 0.0571275 0.0443672 0.0421095 0.0461594 0.0543563 0.0765719 0.0456106 0.0596535 0.0754111 0.0429841 0.0368507 0.0662302 0.0577830 0.0439699 0.0630200 0.0684608 0.0692009 0.0521119 0.0396701 0.0426286 0.0387727 0.0633389 0.0213326 0.0486584 0.0669067 0.0403994 0.0847120 0.0449340 0.0416357 0.0379139 0.0513655 0.0715340 0.0693677 0.0455956 0.0673082 0.0450948 0.0572745 0.0469815 0.0380913 0.0413403 0.0380950 0.0567770 0.0444615 0.0741350 0.0618474 0.0476096 0.0392858 0.0613543 0.0736467 0.0579323 0.0635813 0.0369140 0.0413399 0.0418363 0.0427296 0.0428765 0.0451199 0.0558199 0.0584053 0.0572197 0.0696137 0.0497334 0.0576056 0.0636455 0.0664210 0.0471236 0.0989506 0.0415451 0.0506565 0.0429388 0.0676067 0.0610354 0.0730619 0.0392851 0.0408459 0.0380844 0.0450435 0.0731802 0.0422748 0.0710810 0.0696815 0.0638942 0.0623087 0.1370423 0.1359458 0.0607605 0.0744234 0.0712279 0.0565006 0.0504575 0.0670295 
I0189_225_Eurylaimidae_Smithornis_rufolateralis           0.0551233 0.0671702 0.0665586 0.0651198 0.0000000 0.0674498 0.0803605 0.0614307 0.0633441 0.0827952 0.0831144 0.0585628 0.0488387 0.0730567 0.0738914 0.0403930 0.0648118 0.0477879 0.0448794 0.0530244 0.0418230 0.0559984 0.0431959 0.0538150 0.0549774 0.0524610 0.0637789 0.0559284 0.0854265 0.0563551 0.0599516 0.0561883 0.0392606 0.0430552 0.0736570 0.0760122 0.0630183 0.0590148 0.0421168 0.0816098 0.0420718 0.0889639 0.0450088 0.0384441 0.1191362 0.0975479 0.1054825 0.0544096 0.0900950 0.0687492 0.0681490 0.0602673 0.0417299 0.0414061 0.0528569 0.0640087 0.0391869 0.0432526 0.0627679 0.0614459 0.0567777 0.0431641 0.0711465 0.0577711 0.0567728 0.0929338 0.0384090 0.0834152 0.0712986 0.0544361 0.0593025 0.0833528 0.0837539 0.0616234 0.0825378 0.0818692 0.0424824 0.0408116 0.0599868 0.0578334 0.0394260 0.0768987 0.0532856 0.0552380 0.0567885 0.0623982 0.0624981 0.0700352 0.0677509 0.0531858 0.0491825 0.0774450 0.0887741 0.0757525 0.0625925 0.0588034 0.0521901 0.0741019 0.0626609 0.0802077 0.0801872 0.0512456 0.0870771 0.0564508 0.0536024 0.0529478 0.0669001 0.0669640 0.0744098 0.0694612 0.0563719 0.0550905 0.0600453 0.0648049 0.0882308 0.0595820 0.0733661 0.0861734 0.0560028 0.0520447 0.0450568 0.0706557 0.0583406 0.0506385 0.0541357 0.0835320 0.0639499 0.0535790 0.0559582 0.0522349 0.0321941 0.0657411 0.0599788 0.0802367 0.0541831 0.0984112 0.0582110 0.0598308 0.0522034 0.0653419 0.0833461 0.0778315 0.0594011 0.0354953 0.0586548 0.0721354 0.0617494 0.0522247 0.0558389 0.0518703 0.0670628 0.0580187 0.0839029 0.0726229 0.0627046 0.0533402 0.0721671 0.0874484 0.0428808 0.0391933 0.0508594 0.0555794 0.0561911 0.0563798 0.0558586 0.0592376 0.0664107 0.0707866 0.0667337 0.0805779 0.0659262 0.0669394 0.0433757 0.0440241 0.0618335 0.1102707 0.0564848 0.0644147 0.0576268 0.0350580 0.0465063 0.0840210 0.0527188 0.0528237 0.0527779 0.0567024 0.0866743 0.0544150 0.0576590 0.0546157 0.0495299 0.0248384 0.1476484 0.1447124 0.0463696 0.0591738 0.0552377 0.0705686 0.0646136 0.0574814 
I0190_295_Trogonidae_Apaloderma_aequatoriale              0.0449670 0.0539137 0.0190106 0.0559092 0.0674498 0.0000000 0.0721613 0.0511667 0.0541068 0.0712413 0.0756916 0.0476297 0.0661658 0.0593360 0.0603432 0.0661179 0.0541396 0.0373744 0.0689990 0.0411282 0.0669288 0.0472656 0.0674846 0.0429585 0.0454887 0.0418106 0.0560965 0.0464927 0.0777974 0.0736406 0.0769579 0.0454126 0.0654060 0.0667166 0.0660964 0.0667951 0.0539778 0.0769466 0.0659134 0.0710776 0.0676702 0.0801780 0.0693839 0.0627994 0.1089024 0.0861884 0.0940789 0.0712358 0.0794668 0.0549981 0.0617251 0.0504616 0.0660385 0.0667775 0.0413888 0.0568719 0.0643738 0.0684613 0.0542973 0.0519659 0.0463440 0.0607975 0.0630724 0.0475307 0.0461348 0.0836057 0.0629014 0.0734398 0.0607164 0.0455286 0.0499903 0.0738571 0.0731692 0.0515583 0.0726708 0.0722521 0.0669401 0.0655420 0.0492366 0.0478801 0.0645224 0.0676814 0.0457879 0.0456334 0.0467006 0.0559123 0.0506514 0.0604938 0.0575631 0.0430837 0.0390059 0.0691418 0.0796997 0.0643329 0.0558472 0.0487446 0.0412541 0.0658760 0.0514392 0.0688723 0.0712147 0.0406175 0.0774567 0.0452280 0.0426374 0.0432589 0.0564662 0.0571021 0.0664174 0.0594168 0.0459092 0.0451606 0.0484807 0.0585184 0.0785990 0.0487191 0.0629512 0.0771638 0.0467931 0.0412644 0.0694711 0.0619601 0.0464835 0.0652344 0.0697763 0.0733265 0.0566570 0.0433868 0.0478197 0.0427674 0.0661461 0.0565893 0.0531605 0.0709751 0.0435715 0.0842673 0.0488873 0.0519741 0.0420079 0.0552360 0.0747809 0.0721202 0.0510971 0.0696385 0.0493225 0.0608752 0.0508707 0.0418728 0.0455069 0.0415514 0.0589496 0.0482736 0.0800494 0.0632110 0.0514338 0.0433548 0.0630968 0.0762421 0.0599963 0.0648758 0.0403030 0.0453963 0.0455664 0.0455914 0.0453205 0.0488696 0.0599824 0.0620763 0.0590454 0.0710170 0.0544744 0.0591723 0.0677857 0.0688623 0.0510203 0.1000334 0.0463537 0.0547562 0.0459318 0.0697497 0.0638409 0.0744932 0.0431189 0.0426950 0.0414864 0.0472615 0.0764235 0.0447797 0.0753219 0.0725376 0.0662982 0.0649460 0.1382289 0.1380429 0.0637387 0.0772838 0.0732722 0.0600885 0.0514951 0.0689516 
I0191_344_Indicatoridae_Indicator_exilis                  0.0626406 0.0695429 0.0736043 0.0716573 0.0803605 0.0721613 0.0000000 0.0668731 0.0704755 0.0851027 0.0434803 0.0645294 0.0809564 0.0762288 0.0754072 0.0787490 0.0710488 0.0545550 0.0819810 0.0583654 0.0790883 0.0634305 0.0804127 0.0593929 0.0623410 0.0582170 0.0712676 0.0621101 0.0311811 0.0876974 0.0909693 0.0615136 0.0786090 0.0806227 0.0807007 0.0834348 0.0695710 0.0889644 0.0805290 0.0877919 0.0798486 0.0948371 0.0823999 0.0766381 0.1239568 0.0998350 0.1092464 0.0847106 0.0926283 0.0715471 0.0736940 0.0651939 0.0796053 0.0797226 0.0591056 0.0703500 0.0772913 0.0823469 0.0692873 0.0674172 0.0635366 0.0722873 0.0779698 0.0635408 0.0635851 0.0987413 0.0761136 0.0905705 0.0779744 0.0626622 0.0663706 0.0878900 0.0912805 0.0662141 0.0294532 0.0875805 0.0795381 0.0787011 0.0659720 0.0629710 0.0778452 0.0415989 0.0564765 0.0628991 0.0638501 0.0704182 0.0650439 0.0713890 0.0691154 0.0592020 0.0558304 0.0842467 0.0945773 0.0804008 0.0699864 0.0652183 0.0581103 0.0816357 0.0649958 0.0866963 0.0412428 0.0570072 0.0938917 0.0624529 0.0591171 0.0593941 0.0732670 0.0699062 0.0807411 0.0770375 0.0630045 0.0617361 0.0674917 0.0720850 0.0947814 0.0648996 0.0792826 0.0931031 0.0625992 0.0568639 0.0823475 0.0765764 0.0627070 0.0790907 0.0845923 0.0887930 0.0703311 0.0609573 0.0628970 0.0600012 0.0791983 0.0740968 0.0670445 0.0874156 0.0609316 0.0977384 0.0653182 0.0664695 0.0586881 0.0720148 0.0465678 0.0834842 0.0659206 0.0824853 0.0664676 0.0779881 0.0680014 0.0586057 0.0618100 0.0592425 0.0742496 0.0646915 0.0921030 0.0785811 0.0683422 0.0590659 0.0779216 0.0931179 0.0752127 0.0782383 0.0575249 0.0613168 0.0626101 0.0639729 0.0626688 0.0650235 0.0735250 0.0747415 0.0741279 0.0868646 0.0713959 0.0746768 0.0798842 0.0804556 0.0676328 0.1145995 0.0626382 0.0705134 0.0628086 0.0819265 0.0786333 0.0910600 0.0597598 0.0608320 0.0587328 0.0625775 0.0913874 0.0620970 0.0864691 0.0854597 0.0804213 0.0775486 0.1511435 0.1504091 0.0779148 0.0894388 0.0875781 0.0751995 0.0667633 0.0810762 
I0192_375_Musophagidae_Tauraco_macrorhynchus              0.0388666 0.0484618 0.0519551 0.0488007 0.0614307 0.0511667 0.0668731 0.0000000 0.0458222 0.0666325 0.0714346 0.0239726 0.0593757 0.0546482 0.0544800 0.0590371 0.0467228 0.0298434 0.0619338 0.0350954 0.0594399 0.0403976 0.0607730 0.0368582 0.0376405 0.0338487 0.0476372 0.0377910 0.0745603 0.0662486 0.0697139 0.0395367 0.0591583 0.0598498 0.0585694 0.0605293 0.0452310 0.0692259 0.0589067 0.0661498 0.0626237 0.0745734 0.0622074 0.0572873 0.1022355 0.0790564 0.0872864 0.0643252 0.0748038 0.0507538 0.0532416 0.0439632 0.0595602 0.0609683 0.0361946 0.0506059 0.0589228 0.0616861 0.0452044 0.0443647 0.0410416 0.0534412 0.0547611 0.0411746 0.0384244 0.0774603 0.0575566 0.0686715 0.0555726 0.0384749 0.0424298 0.0679191 0.0671489 0.0435721 0.0677700 0.0659574 0.0602813 0.0596558 0.0431130 0.0415503 0.0581382 0.0638031 0.0400789 0.0389094 0.0401462 0.0490568 0.0461929 0.0559756 0.0522910 0.0354212 0.0321206 0.0618527 0.0737013 0.0571201 0.0485218 0.0396201 0.0342695 0.0610345 0.0454192 0.0645502 0.0675604 0.0332002 0.0718322 0.0377985 0.0367144 0.0356028 0.0494358 0.0503074 0.0602614 0.0520160 0.0398696 0.0376652 0.0410025 0.0521300 0.0726819 0.0433150 0.0565845 0.0712876 0.0401934 0.0336044 0.0632657 0.0553253 0.0401194 0.0598171 0.0648519 0.0667679 0.0506646 0.0368182 0.0399868 0.0357353 0.0603723 0.0492401 0.0459451 0.0656768 0.0373552 0.0799311 0.0417009 0.0450071 0.0340019 0.0484962 0.0691047 0.0643456 0.0434488 0.0647415 0.0421952 0.0532391 0.0444031 0.0341820 0.0380421 0.0346311 0.0527108 0.0412251 0.0729839 0.0565484 0.0445117 0.0355610 0.0563710 0.0709615 0.0541509 0.0590877 0.0333210 0.0386928 0.0381993 0.0410514 0.0377833 0.0413664 0.0528180 0.0549414 0.0533043 0.0650858 0.0459766 0.0540307 0.0603955 0.0611918 0.0442691 0.0941940 0.0380638 0.0466585 0.0389786 0.0633666 0.0575790 0.0688946 0.0359449 0.0374865 0.0351957 0.0394202 0.0700873 0.0371961 0.0670967 0.0645310 0.0595832 0.0588110 0.1378493 0.1366881 0.0573486 0.0688291 0.0672817 0.0523923 0.0474237 0.0620583 
I0193_447_Columbidae_Treron_calvus                        0.0412830 0.0542220 0.0541020 0.0500855 0.0633441 0.0541068 0.0704755 0.0458222 0.0000000 0.0713190 0.0743730 0.0428248 0.0617215 0.0582543 0.0601810 0.0611064 0.0487854 0.0264798 0.0660013 0.0361839 0.0622172 0.0413645 0.0626133 0.0388585 0.0406538 0.0349639 0.0195097 0.0403849 0.0764459 0.0705965 0.0729439 0.0399404 0.0613911 0.0626611 0.0624817 0.0630573 0.0181205 0.0731447 0.0613702 0.0654185 0.0636288 0.0740653 0.0644116 0.0598707 0.1062642 0.0816911 0.0888997 0.0667338 0.0771497 0.0552053 0.0566248 0.0453488 0.0618117 0.0622028 0.0373716 0.0521952 0.0609537 0.0636058 0.0174562 0.0466457 0.0410495 0.0560648 0.0569461 0.0424824 0.0404730 0.0766414 0.0595799 0.0688354 0.0569050 0.0404330 0.0446881 0.0689673 0.0690969 0.0460860 0.0715516 0.0661633 0.0629135 0.0612055 0.0447069 0.0427333 0.0609453 0.0672672 0.0351124 0.0409310 0.0414540 0.0505593 0.0489353 0.0570756 0.0540955 0.0368940 0.0337166 0.0647333 0.0728403 0.0591925 0.0505196 0.0444777 0.0352163 0.0602036 0.0489038 0.0642379 0.0711233 0.0348344 0.0726552 0.0403324 0.0387304 0.0366077 0.0503344 0.0556973 0.0632167 0.0532558 0.0433839 0.0402198 0.0442515 0.0532877 0.0712695 0.0433729 0.0577441 0.0697682 0.0400780 0.0351908 0.0649437 0.0566475 0.0416789 0.0620231 0.0657401 0.0673571 0.0510448 0.0378965 0.0413184 0.0373564 0.0619796 0.0507781 0.0470526 0.0656664 0.0387705 0.0848761 0.0430433 0.0450128 0.0358954 0.0493463 0.0728840 0.0666546 0.0450287 0.0660871 0.0433725 0.0560462 0.0463790 0.0366798 0.0397004 0.0361608 0.0553070 0.0427249 0.0743745 0.0616390 0.0467164 0.0369604 0.0600655 0.0729053 0.0559690 0.0614069 0.0345339 0.0393897 0.0401062 0.0415131 0.0400385 0.0430470 0.0540768 0.0581158 0.0553460 0.0652895 0.0491705 0.0562490 0.0622632 0.0644865 0.0460098 0.0958038 0.0405644 0.0180406 0.0414327 0.0659383 0.0600578 0.0677278 0.0371629 0.0385832 0.0361918 0.0429010 0.0703936 0.0396371 0.0702414 0.0686540 0.0627399 0.0601610 0.1356637 0.1365679 0.0596127 0.0717934 0.0702463 0.0547115 0.0502194 0.0664892 
I0194_495_Alcedinidae_Alcedo_quadribrachys                0.0663662 0.0581060 0.0730862 0.0723672 0.0827952 0.0712413 0.0851027 0.0666325 0.0713190 0.0000000 0.0866637 0.0659099 0.0815955 0.0778578 0.0673232 0.0803423 0.0692598 0.0578107 0.0817688 0.0623883 0.0803722 0.0663693 0.0825847 0.0623608 0.0652224 0.0618053 0.0727146 0.0651288 0.0900458 0.0885309 0.0881552 0.0662589 0.0809246 0.0800743 0.0814019 0.0836165 0.0718964 0.0908988 0.0806848 0.0891653 0.0828348 0.0985599 0.0828332 0.0779965 0.1214677 0.1003773 0.1080344 0.0839384 0.0951415 0.0613512 0.0783832 0.0701372 0.0825576 0.0816820 0.0624733 0.0773210 0.0787289 0.0821262 0.0705993 0.0694619 0.0663502 0.0771071 0.0786781 0.0681948 0.0650802 0.1000532 0.0777634 0.0889629 0.0789749 0.0663535 0.0694066 0.0891589 0.0906294 0.0673170 0.0858017 0.0910687 0.0817602 0.0804651 0.0677236 0.0681742 0.0791414 0.0827114 0.0622224 0.0659196 0.0670742 0.0759825 0.0514739 0.0780236 0.0753845 0.0628414 0.0596192 0.0845761 0.0972010 0.0807345 0.0757832 0.0679422 0.0619168 0.0830629 0.0628692 0.0860996 0.0855414 0.0595290 0.0932920 0.0651392 0.0628882 0.0631529 0.0708695 0.0640779 0.0820018 0.0738779 0.0647663 0.0649049 0.0679856 0.0778090 0.0967372 0.0700271 0.0825088 0.0952075 0.0664174 0.0617529 0.0843212 0.0789374 0.0667193 0.0793971 0.0868471 0.0918565 0.0770485 0.0641992 0.0665684 0.0636614 0.0802715 0.0751535 0.0720417 0.0907544 0.0638121 0.0984153 0.0686761 0.0702025 0.0628311 0.0726844 0.0823161 0.0848768 0.0685864 0.0837829 0.0690327 0.0751913 0.0686403 0.0620797 0.0640909 0.0629015 0.0745902 0.0673912 0.0929551 0.0787412 0.0694990 0.0627342 0.0771136 0.0970889 0.0770417 0.0800134 0.0610395 0.0649466 0.0644383 0.0652451 0.0655298 0.0690585 0.0778236 0.0789310 0.0750422 0.0881746 0.0695804 0.0748086 0.0827551 0.0815036 0.0675180 0.1142976 0.0645328 0.0724046 0.0664899 0.0840248 0.0793797 0.0925263 0.0623444 0.0631272 0.0627780 0.0660813 0.0959005 0.0649920 0.0869564 0.0876191 0.0828071 0.0805733 0.1553781 0.1548150 0.0795857 0.0880741 0.0891787 0.0771800 0.0689306 0.0835208 
I0195_522_Ramphastidae_Buccanodon_duchaillui              0.0675747 0.0715824 0.0759036 0.0730512 0.0831144 0.0756916 0.0434803 0.0714346 0.0743730 0.0866637 0.0000000 0.0691529 0.0824315 0.0777395 0.0788580 0.0809821 0.0738205 0.0586678 0.0834216 0.0624307 0.0811304 0.0673930 0.0823731 0.0638990 0.0658145 0.0623951 0.0752878 0.0647147 0.0483484 0.0889227 0.0928074 0.0654657 0.0804682 0.0819819 0.0829128 0.0861325 0.0730871 0.0915617 0.0816515 0.0909044 0.0824081 0.0978346 0.0847314 0.0790189 0.1265355 0.1037258 0.1121058 0.0861667 0.0947714 0.0750558 0.0771874 0.0698392 0.0812516 0.0819836 0.0636349 0.0756815 0.0793704 0.0845130 0.0732612 0.0708137 0.0677174 0.0778047 0.0794200 0.0678589 0.0671135 0.1007280 0.0778132 0.0930065 0.0819374 0.0666731 0.0696670 0.0921498 0.0940088 0.0692444 0.0470652 0.0919069 0.0817343 0.0804633 0.0690502 0.0675233 0.0807496 0.0313194 0.0592096 0.0684396 0.0678231 0.0746512 0.0697910 0.0737018 0.0706556 0.0635459 0.0605546 0.0855652 0.0978069 0.0810804 0.0741100 0.0671962 0.0625173 0.0857143 0.0674521 0.0897402 0.0301942 0.0615584 0.0960885 0.0655997 0.0631203 0.0641080 0.0757516 0.0722139 0.0839677 0.0795199 0.0655187 0.0649067 0.0706792 0.0767151 0.0967173 0.0682417 0.0823418 0.0960184 0.0668655 0.0615409 0.0842125 0.0796023 0.0673289 0.0805607 0.0876308 0.0929359 0.0752455 0.0645395 0.0676772 0.0653247 0.0813931 0.0754480 0.0716607 0.0907665 0.0651966 0.1010182 0.0691145 0.0701860 0.0634806 0.0752262 0.0388956 0.0855432 0.0710882 0.0846376 0.0700845 0.0792404 0.0721506 0.0639771 0.0664285 0.0640453 0.0769050 0.0681425 0.0921088 0.0804909 0.0721291 0.0637660 0.0804612 0.0976872 0.0777892 0.0803140 0.0615300 0.0656212 0.0667677 0.0677728 0.0665137 0.0691552 0.0771389 0.0783663 0.0778976 0.0902612 0.0737034 0.0772864 0.0820885 0.0821138 0.0719139 0.1177835 0.0674209 0.0740490 0.0641473 0.0824800 0.0819158 0.0932078 0.0637674 0.0658911 0.0631687 0.0671542 0.0946585 0.0658150 0.0866129 0.0879576 0.0822485 0.0812215 0.1505599 0.1518976 0.0814593 0.0910447 0.0885711 0.0781119 0.0698893 0.0841614 
I0196_523_Musophagidae_Corythaeola_cristata               0.0349858 0.0467315 0.0489058 0.0458646 0.0585628 0.0476297 0.0645294 0.0239726 0.0428248 0.0659099 0.0691529 0.0000000 0.0571148 0.0527531 0.0531265 0.0564244 0.0436479 0.0266036 0.0611389 0.0315825 0.0580680 0.0363353 0.0579524 0.0339072 0.0344070 0.0305538 0.0442509 0.0345733 0.0701327 0.0638857 0.0679267 0.0357338 0.0568489 0.0590777 0.0568887 0.0574969 0.0420198 0.0676894 0.0564989 0.0629004 0.0598292 0.0716948 0.0604077 0.0548037 0.1021164 0.0770535 0.0869801 0.0625178 0.0730825 0.0488097 0.0510612 0.0404995 0.0578448 0.0580455 0.0326739 0.0467047 0.0568056 0.0588305 0.0420804 0.0416211 0.0375239 0.0511058 0.0525810 0.0379892 0.0343322 0.0751473 0.0551657 0.0669803 0.0527396 0.0349393 0.0388747 0.0650197 0.0661531 0.0409509 0.0643752 0.0622788 0.0578371 0.0572144 0.0396892 0.0378043 0.0559773 0.0618260 0.0361544 0.0351224 0.0360595 0.0451457 0.0433025 0.0534372 0.0494707 0.0320658 0.0282916 0.0596554 0.0727388 0.0545759 0.0455160 0.0376544 0.0309632 0.0583625 0.0430213 0.0620757 0.0651511 0.0296513 0.0706516 0.0347451 0.0329783 0.0324939 0.0469953 0.0484561 0.0565295 0.0494048 0.0376098 0.0344158 0.0385838 0.0480292 0.0702799 0.0398492 0.0525995 0.0688988 0.0365795 0.0302808 0.0608330 0.0513669 0.0369635 0.0569702 0.0625677 0.0633803 0.0458418 0.0327635 0.0350866 0.0316428 0.0577064 0.0463574 0.0423413 0.0614156 0.0345140 0.0787522 0.0378418 0.0415471 0.0305339 0.0454631 0.0671665 0.0633415 0.0398451 0.0623281 0.0378375 0.0514909 0.0412340 0.0305433 0.0349091 0.0307463 0.0499750 0.0374182 0.0711643 0.0533309 0.0413912 0.0320927 0.0530593 0.0670282 0.0507670 0.0566608 0.0300896 0.0351447 0.0348719 0.0375094 0.0346439 0.0386814 0.0500572 0.0527108 0.0506838 0.0629275 0.0437442 0.0519289 0.0579829 0.0610511 0.0408009 0.0931119 0.0351572 0.0434795 0.0361480 0.0621663 0.0546209 0.0659829 0.0324577 0.0330163 0.0317219 0.0368937 0.0666667 0.0339353 0.0649978 0.0627576 0.0570219 0.0557115 0.1359524 0.1350337 0.0545642 0.0676080 0.0647654 0.0497715 0.0440339 0.0597169 
I0197_832_Corvidae_Corvus_albus                           0.0542348 0.0653893 0.0667615 0.0632458 0.0488387 0.0661658 0.0809564 0.0593757 0.0617215 0.0815955 0.0824315 0.0571148 0.0000000 0.0732621 0.0721362 0.0451466 0.0633973 0.0462561 0.0499033 0.0515029 0.0463009 0.0557337 0.0479956 0.0528276 0.0537077 0.0497304 0.0628004 0.0549103 0.0850950 0.0318446 0.0360432 0.0537001 0.0450955 0.0474446 0.0740579 0.0760333 0.0619099 0.0340094 0.0454776 0.0788735 0.0476720 0.0885976 0.0499508 0.0443193 0.1188335 0.0956702 0.1049777 0.0314714 0.0873335 0.0676933 0.0685220 0.0567703 0.0468885 0.0471720 0.0520238 0.0643110 0.0442659 0.0475775 0.0620032 0.0603274 0.0559736 0.0480018 0.0688938 0.0557317 0.0552633 0.0915177 0.0434006 0.0812962 0.0701127 0.0522910 0.0582603 0.0829365 0.0816490 0.0602076 0.0827382 0.0798618 0.0468966 0.0460634 0.0588908 0.0555146 0.0441323 0.0765213 0.0528297 0.0542420 0.0564063 0.0627177 0.0612375 0.0685495 0.0675907 0.0514691 0.0478842 0.0778619 0.0882066 0.0737839 0.0614224 0.0570133 0.0506797 0.0723326 0.0611477 0.0776488 0.0807264 0.0488010 0.0854280 0.0553338 0.0522700 0.0515001 0.0654847 0.0656862 0.0734595 0.0689649 0.0557108 0.0544285 0.0584235 0.0644500 0.0864399 0.0577764 0.0710087 0.0860836 0.0546588 0.0494923 0.0489079 0.0696886 0.0558163 0.0360406 0.0327334 0.0812913 0.0634076 0.0515972 0.0541555 0.0515841 0.0485817 0.0641978 0.0585546 0.0779860 0.0536214 0.0952735 0.0578344 0.0590125 0.0504655 0.0640788 0.0823832 0.0763556 0.0584301 0.0524290 0.0581477 0.0702377 0.0603426 0.0510350 0.0545670 0.0513323 0.0667886 0.0575374 0.0843674 0.0704044 0.0611968 0.0518581 0.0708191 0.0858808 0.0320457 0.0447450 0.0485978 0.0543692 0.0555200 0.0560692 0.0543755 0.0572067 0.0660349 0.0714514 0.0669839 0.0787355 0.0634060 0.0675395 0.0480408 0.0492107 0.0599313 0.1089702 0.0556623 0.0625445 0.0557294 0.0499826 0.0307561 0.0833387 0.0512617 0.0526586 0.0510446 0.0548539 0.0849754 0.0534771 0.0340929 0.0287184 0.0141701 0.0466848 0.1444236 0.1432821 0.0304168 0.0369616 0.0308876 0.0683179 0.0637875 0.0551998 
I0198_937_Bucerotidae_Tockus_camurus                      0.0509138 0.0593772 0.0607128 0.0592397 0.0730567 0.0593360 0.0762288 0.0546482 0.0582543 0.0778578 0.0777395 0.0527531 0.0732621 0.0000000 0.0661792 0.0706511 0.0596414 0.0419946 0.0744984 0.0470045 0.0716015 0.0531255 0.0728138 0.0472579 0.0512745 0.0464161 0.0607244 0.0510491 0.0821328 0.0808594 0.0822962 0.0504348 0.0709787 0.0730581 0.0716097 0.0729830 0.0579867 0.0828970 0.0716985 0.0760106 0.0727253 0.0852949 0.0731939 0.0680006 0.1150573 0.0905736 0.0990779 0.0772832 0.0787040 0.0596561 0.0658544 0.0555183 0.0708564 0.0719770 0.0476771 0.0620989 0.0700190 0.0730292 0.0582549 0.0569657 0.0524448 0.0652554 0.0664986 0.0524266 0.0504174 0.0885256 0.0689033 0.0799587 0.0671342 0.0514466 0.0542235 0.0812874 0.0789489 0.0561360 0.0767067 0.0780626 0.0724244 0.0705865 0.0553452 0.0526775 0.0701169 0.0718782 0.0498665 0.0506961 0.0525581 0.0590886 0.0559506 0.0653031 0.0612366 0.0478511 0.0438629 0.0745995 0.0852556 0.0706866 0.0590445 0.0543529 0.0466098 0.0733315 0.0549699 0.0759705 0.0758820 0.0465129 0.0837980 0.0503168 0.0481312 0.0475408 0.0615809 0.0603933 0.0717908 0.0658789 0.0525073 0.0506025 0.0550563 0.0627345 0.0829005 0.0547472 0.0682974 0.0821461 0.0512003 0.0459516 0.0750619 0.0672158 0.0515254 0.0718502 0.0761921 0.0783139 0.0607569 0.0488985 0.0512932 0.0486507 0.0725080 0.0608993 0.0567397 0.0769837 0.0501727 0.0840940 0.0549568 0.0560759 0.0475697 0.0599139 0.0771962 0.0775333 0.0552509 0.0758065 0.0552565 0.0671194 0.0557381 0.0476622 0.0507014 0.0475801 0.0650208 0.0541016 0.0854401 0.0695311 0.0556023 0.0477139 0.0681704 0.0834455 0.0660443 0.0710202 0.0465615 0.0514218 0.0518857 0.0510505 0.0507085 0.0542200 0.0641150 0.0681005 0.0647160 0.0758174 0.0595318 0.0649809 0.0730671 0.0729556 0.0565298 0.1064034 0.0516182 0.0584927 0.0515926 0.0753687 0.0697212 0.0801091 0.0483518 0.0481833 0.0472811 0.0511010 0.0825565 0.0502674 0.0816971 0.0790407 0.0725312 0.0714513 0.1449649 0.1435072 0.0692626 0.0831972 0.0806924 0.0660523 0.0244370 0.0742407 
I0199_955_Meropidae_Merops_muelleri                       0.0534681 0.0527236 0.0619383 0.0605011 0.0738914 0.0603432 0.0754072 0.0544800 0.0601810 0.0673232 0.0788580 0.0531265 0.0721362 0.0661792 0.0000000 0.0705313 0.0587596 0.0447099 0.0747637 0.0493146 0.0713470 0.0548918 0.0734434 0.0498139 0.0531705 0.0490075 0.0608966 0.0523022 0.0821407 0.0794607 0.0806833 0.0535695 0.0711542 0.0732155 0.0705276 0.0719236 0.0591047 0.0821435 0.0724166 0.0770503 0.0729325 0.0880929 0.0727434 0.0689420 0.1129295 0.0887100 0.0984538 0.0749179 0.0842655 0.0537082 0.0658458 0.0578227 0.0722376 0.0727781 0.0505818 0.0639989 0.0701790 0.0726751 0.0587941 0.0584852 0.0540769 0.0672749 0.0673265 0.0551040 0.0536845 0.0900334 0.0691167 0.0781605 0.0666714 0.0539618 0.0578280 0.0785814 0.0802937 0.0567945 0.0766350 0.0789823 0.0729058 0.0713411 0.0560542 0.0552154 0.0706455 0.0729565 0.0504591 0.0528768 0.0545550 0.0636197 0.0495975 0.0655745 0.0632025 0.0501099 0.0462666 0.0743727 0.0878067 0.0710101 0.0634816 0.0570426 0.0486517 0.0723990 0.0509962 0.0751555 0.0771054 0.0480313 0.0822982 0.0528670 0.0517916 0.0502268 0.0621537 0.0533718 0.0716502 0.0655673 0.0529631 0.0524588 0.0566783 0.0658779 0.0856062 0.0561726 0.0700138 0.0838476 0.0542267 0.0486150 0.0760363 0.0682965 0.0541351 0.0701064 0.0763770 0.0794721 0.0637801 0.0515873 0.0546952 0.0510689 0.0717003 0.0635212 0.0590234 0.0791217 0.0515750 0.0891367 0.0563771 0.0578777 0.0503914 0.0621352 0.0763773 0.0771808 0.0567077 0.0755851 0.0570873 0.0659812 0.0573314 0.0501742 0.0525508 0.0501788 0.0652120 0.0555216 0.0859445 0.0687027 0.0589469 0.0507856 0.0687861 0.0855678 0.0666384 0.0711316 0.0482488 0.0514236 0.0527901 0.0540163 0.0539521 0.0561223 0.0667618 0.0692553 0.0652343 0.0767248 0.0596493 0.0661999 0.0735439 0.0737971 0.0567659 0.1053860 0.0532365 0.0602800 0.0522533 0.0757566 0.0695482 0.0820082 0.0493052 0.0500757 0.0493734 0.0526699 0.0830015 0.0528532 0.0780509 0.0777154 0.0719737 0.0699460 0.1462230 0.1465601 0.0696410 0.0795398 0.0794763 0.0653019 0.0579515 0.0727397 
I0200_988_Furnariidae_Furnarius_rufus                     0.0530598 0.0644673 0.0652934 0.0628541 0.0403930 0.0661179 0.0787490 0.0590371 0.0611064 0.0803423 0.0809821 0.0564244 0.0451466 0.0706511 0.0705313 0.0000000 0.0625878 0.0453464 0.0372707 0.0512219 0.0337221 0.0550013 0.0298764 0.0527860 0.0529072 0.0500066 0.0621087 0.0547037 0.0836489 0.0533706 0.0563715 0.0535677 0.0332841 0.0363197 0.0718511 0.0745292 0.0604558 0.0559039 0.0170959 0.0790686 0.0353625 0.0873236 0.0376737 0.0320418 0.1161787 0.0942986 0.1022921 0.0522555 0.0869268 0.0667924 0.0671045 0.0575196 0.0284228 0.0352257 0.0507461 0.0632937 0.0324744 0.0171487 0.0610808 0.0600410 0.0543967 0.0391288 0.0689926 0.0557198 0.0542428 0.0893622 0.0319503 0.0795002 0.0690906 0.0525981 0.0571024 0.0808561 0.0791175 0.0590711 0.0806351 0.0789764 0.0289218 0.0337739 0.0570626 0.0557084 0.0331077 0.0751612 0.0520077 0.0528812 0.0555007 0.0616208 0.0614886 0.0674705 0.0647742 0.0514406 0.0476404 0.0747049 0.0868985 0.0719715 0.0609977 0.0568687 0.0502430 0.0712700 0.0599966 0.0754728 0.0783055 0.0485444 0.0830943 0.0542260 0.0508010 0.0512071 0.0634848 0.0635150 0.0721156 0.0672251 0.0544748 0.0537353 0.0572382 0.0637835 0.0851515 0.0577087 0.0708964 0.0851267 0.0549373 0.0492683 0.0310799 0.0691381 0.0557176 0.0463235 0.0509059 0.0811199 0.0623060 0.0507949 0.0533700 0.0509052 0.0404305 0.0635962 0.0587707 0.0783145 0.0539164 0.0933265 0.0563859 0.0582264 0.0505713 0.0630066 0.0793404 0.0745818 0.0570501 0.0436493 0.0568810 0.0691214 0.0592724 0.0503146 0.0535329 0.0501770 0.0647584 0.0563481 0.0806461 0.0698779 0.0601369 0.0513668 0.0691348 0.0855387 0.0404438 0.0326397 0.0485392 0.0536793 0.0531578 0.0543874 0.0532662 0.0566247 0.0641509 0.0688600 0.0645711 0.0787364 0.0636133 0.0646594 0.0288641 0.0364006 0.0599333 0.1069891 0.0543253 0.0622563 0.0559639 0.0420405 0.0428624 0.0821586 0.0512932 0.0513196 0.0513156 0.0553572 0.0832809 0.0526122 0.0539592 0.0506180 0.0453181 0.0396506 0.1436265 0.1410582 0.0425482 0.0558831 0.0521899 0.0671283 0.0621405 0.0530638 
I0201_999_Scolopacidae_Tringa_solitaria                   0.0433098 0.0528191 0.0552589 0.0501511 0.0648118 0.0541396 0.0710488 0.0467228 0.0487854 0.0692598 0.0738205 0.0436479 0.0633973 0.0596414 0.0587596 0.0625878 0.0000000 0.0342497 0.0666115 0.0371799 0.0633079 0.0331305 0.0636415 0.0410158 0.0368101 0.0373503 0.0498278 0.0369979 0.0772643 0.0720034 0.0732208 0.0427197 0.0627952 0.0645853 0.0623760 0.0644596 0.0487679 0.0749407 0.0622107 0.0692188 0.0647799 0.0778852 0.0648592 0.0605817 0.1042327 0.0824351 0.0893047 0.0680949 0.0743662 0.0538842 0.0583658 0.0478871 0.0631433 0.0642404 0.0387912 0.0546101 0.0615119 0.0635302 0.0481021 0.0476923 0.0430255 0.0562949 0.0574535 0.0447928 0.0412940 0.0806670 0.0610749 0.0707934 0.0584098 0.0413198 0.0461099 0.0724023 0.0701389 0.0466650 0.0706619 0.0679040 0.0635891 0.0612703 0.0453660 0.0450259 0.0625976 0.0672715 0.0432057 0.0425203 0.0327096 0.0529608 0.0481075 0.0595949 0.0559248 0.0379895 0.0363951 0.0651267 0.0789228 0.0366932 0.0528812 0.0445525 0.0369712 0.0637673 0.0492829 0.0670897 0.0710426 0.0367984 0.0743841 0.0370402 0.0405900 0.0378507 0.0532235 0.0542488 0.0645274 0.0552795 0.0443715 0.0359759 0.0442883 0.0555303 0.0755778 0.0440794 0.0607651 0.0756631 0.0431895 0.0360502 0.0661885 0.0569929 0.0419909 0.0645312 0.0689363 0.0685027 0.0537785 0.0389855 0.0430754 0.0380603 0.0635154 0.0509620 0.0497891 0.0670628 0.0395412 0.0795522 0.0348399 0.0472797 0.0371430 0.0516152 0.0713664 0.0692987 0.0454039 0.0668007 0.0347132 0.0335970 0.0480349 0.0375301 0.0410143 0.0374199 0.0547709 0.0333398 0.0650787 0.0606905 0.0479470 0.0380890 0.0602779 0.0744869 0.0571333 0.0618358 0.0355824 0.0405920 0.0410669 0.0424015 0.0422725 0.0458162 0.0568006 0.0588967 0.0556601 0.0694049 0.0142800 0.0560941 0.0641279 0.0657887 0.0143104 0.0966477 0.0424041 0.0498688 0.0430285 0.0676684 0.0618294 0.0722928 0.0383828 0.0404534 0.0374235 0.0439546 0.0729745 0.0418644 0.0725121 0.0690662 0.0630922 0.0618547 0.1395220 0.1374671 0.0617673 0.0735194 0.0714197 0.0317377 0.0512049 0.0670268 
I0202_1066_Cathartidae_Cathartes_burrovianus              0.0216584 0.0375622 0.0380202 0.0351525 0.0477879 0.0373744 0.0545550 0.0298434 0.0264798 0.0578107 0.0586678 0.0266036 0.0462561 0.0419946 0.0447099 0.0453464 0.0342497 0.0000000 0.0504644 0.0196519 0.0467448 0.0258052 0.0477992 0.0217168 0.0228398 0.0180919 0.0307274 0.0230998 0.0612937 0.0541549 0.0580275 0.0218373 0.0450636 0.0477061 0.0477927 0.0490795 0.0287205 0.0576418 0.0452859 0.0510839 0.0481758 0.0607817 0.0490901 0.0436002 0.0914392 0.0679642 0.0759115 0.0521924 0.0629031 0.0387798 0.0413591 0.0280055 0.0466119 0.0463802 0.0209871 0.0348750 0.0450497 0.0473586 0.0285483 0.0295061 0.0254234 0.0390525 0.0426536 0.0249013 0.0239004 0.0644742 0.0440826 0.0543522 0.0404653 0.0227277 0.0278082 0.0548922 0.0537445 0.0297054 0.0555372 0.0501484 0.0475613 0.0456128 0.0273570 0.0249240 0.0447556 0.0510289 0.0254231 0.0215934 0.0259561 0.0333725 0.0320037 0.0403633 0.0374245 0.0193200 0.0038444 0.0506548 0.0611185 0.0458601 0.0330477 0.0271882 0.0181157 0.0457485 0.0327517 0.0494210 0.0547607 0.0175595 0.0582645 0.0234920 0.0188163 0.0187542 0.0368937 0.0407603 0.0479849 0.0401267 0.0258190 0.0227478 0.0268412 0.0360199 0.0586545 0.0259642 0.0409374 0.0572277 0.0228783 0.0176900 0.0494958 0.0413504 0.0243308 0.0467001 0.0506198 0.0513839 0.0336996 0.0201489 0.0223540 0.0193184 0.0466785 0.0356379 0.0306219 0.0494601 0.0211407 0.0694615 0.0274874 0.0297999 0.0186512 0.0343661 0.0576163 0.0523281 0.0277440 0.0518232 0.0277493 0.0421232 0.0298474 0.0184539 0.0220740 0.0186824 0.0389320 0.0265792 0.0609452 0.0439611 0.0309432 0.0193684 0.0435332 0.0559206 0.0395689 0.0450985 0.0171273 0.0225578 0.0222495 0.0258314 0.0216754 0.0269249 0.0381867 0.0417832 0.0395882 0.0509519 0.0344874 0.0411165 0.0468465 0.0493777 0.0307944 0.0807550 0.0228604 0.0293458 0.0248556 0.0505491 0.0436953 0.0551973 0.0196204 0.0196718 0.0183372 0.0257442 0.0549609 0.0212117 0.0560780 0.0525015 0.0463537 0.0446870 0.1225887 0.1210321 0.0437375 0.0577005 0.0541951 0.0400044 0.0339686 0.0510072 
I0203_1087_Tyrannidae_Hymenops_perspicillatus             0.0582488 0.0668266 0.0686988 0.0685252 0.0448794 0.0689990 0.0819810 0.0619338 0.0660013 0.0817688 0.0834216 0.0611389 0.0499033 0.0744984 0.0747637 0.0372707 0.0666115 0.0504644 0.0000000 0.0555271 0.0137603 0.0599619 0.0406872 0.0571477 0.0589228 0.0551259 0.0667685 0.0595250 0.0859663 0.0556511 0.0564210 0.0599413 0.0222304 0.0225602 0.0781870 0.0807341 0.0656961 0.0581526 0.0370307 0.0842112 0.0221193 0.0926603 0.0237400 0.0218628 0.1177676 0.0976103 0.1054716 0.0538959 0.0905312 0.0713092 0.0722452 0.0630355 0.0394417 0.0244339 0.0556501 0.0689012 0.0209735 0.0384244 0.0658057 0.0647533 0.0596345 0.0211102 0.0738434 0.0615949 0.0593283 0.0937918 0.0205405 0.0827798 0.0733836 0.0570629 0.0632996 0.0839753 0.0825243 0.0637555 0.0837666 0.0862824 0.0402591 0.0230957 0.0621452 0.0616468 0.0203458 0.0789299 0.0577937 0.0581235 0.0606401 0.0665300 0.0650548 0.0715811 0.0708884 0.0559092 0.0520299 0.0813153 0.0912512 0.0766230 0.0656896 0.0607369 0.0560058 0.0756785 0.0645706 0.0788617 0.0830012 0.0536071 0.0853632 0.0593737 0.0559394 0.0563191 0.0662766 0.0657150 0.0756730 0.0706497 0.0599058 0.0589682 0.0627525 0.0688720 0.0906750 0.0613890 0.0760725 0.0904910 0.0600197 0.0545668 0.0405485 0.0734697 0.0603358 0.0470439 0.0529022 0.0878096 0.0680479 0.0562279 0.0594184 0.0557532 0.0441204 0.0695681 0.0643531 0.0846806 0.0574100 0.0999948 0.0615155 0.0632663 0.0556504 0.0678013 0.0822236 0.0765695 0.0621998 0.0455032 0.0628966 0.0729897 0.0653681 0.0561325 0.0589439 0.0556177 0.0687083 0.0615207 0.0844149 0.0749049 0.0657173 0.0563389 0.0739850 0.0926918 0.0445272 0.0221731 0.0543558 0.0584195 0.0595556 0.0588816 0.0585619 0.0618893 0.0690630 0.0732629 0.0692885 0.0838602 0.0673791 0.0683482 0.0397233 0.0122530 0.0641646 0.1120978 0.0591493 0.0675860 0.0597212 0.0438755 0.0455932 0.0871064 0.0556054 0.0570897 0.0558286 0.0602603 0.0903329 0.0577909 0.0537633 0.0534373 0.0487979 0.0423997 0.1495294 0.1490351 0.0449529 0.0570606 0.0537713 0.0728669 0.0655763 0.0566876 
