35
Burramyidae_Burramys_parvus                  0.0000000 0.0672604 0.0451689 0.0468291 0.0476075 0.0700895 0.0253236 0.0453271 0.0435103 0.0670847 0.0480461 0.0660979 0.0755278 0.0534926 0.0526665 0.0678331 0.0681646 0.0799974 0.0633623 0.0481338 0.0340952 0.0766919 0.0884613 0.0648435 0.0448629 0.0693333 0.0439221 0.0443676 0.0470696 0.0507087 0.0485962 0.0505604 0.0620332 0.0672595 0.0679025 
Notoryctidae_Notoryctes_typhlops             0.0672604 0.0000000 0.0623456 0.0717129 0.0725451 0.0827799 0.0379812 0.0683269 0.0680850 0.0744164 0.0697122 0.0809220 0.0925129 0.0750103 0.0784453 0.0823625 0.0804273 0.0931167 0.0782615 0.0718626 0.0481572 0.0934642 0.1029915 0.0784543 0.0633257 0.0772340 0.0700456 0.0680691 0.0703962 0.0799260 0.0746994 0.0724363 0.0744080 0.0805417 0.0752325 
Vombatidae_Lasiorhinus_latifrons             0.0451689 0.0623456 0.0000000 0.0555969 0.0556277 0.0639760 0.0310486 0.0465755 0.0521354 0.0642128 0.0511277 0.0650756 0.0790035 0.0578703 0.0625579 0.0666933 0.0628891 0.0745391 0.0660550 0.0553157 0.0400718 0.0784307 0.0868931 0.0642288 0.0482319 0.0680883 0.0486035 0.0510417 0.0532389 0.0623278 0.0599588 0.0542229 0.0657886 0.0620150 0.0644897 
Potoroidae_Bettongia_penicillata             0.0468291 0.0717129 0.0555969 0.0000000 0.0023033 0.0712908 0.0264420 0.0535300 0.0085769 0.0756345 0.0560462 0.0694854 0.0822757 0.0614178 0.0603715 0.0729509 0.0695048 0.0830035 0.0802212 0.0186569 0.0357136 0.0829600 0.0888574 0.0687459 0.0302165 0.0678936 0.0484926 0.0158106 0.0545120 0.0635108 0.0512586 0.0576210 0.0758166 0.0683495 0.0779846 
Potoroidae_Bettongia_lesueur                 0.0476075 0.0725451 0.0556277 0.0023033 0.0000000 0.0713433 0.0267880 0.0543851 0.0082886 0.0755748 0.0570483 0.0695989 0.0828572 0.0618572 0.0611427 0.0730746 0.0695543 0.0835778 0.0783331 0.0186038 0.0350332 0.0823794 0.0876804 0.0677839 0.0302264 0.0678268 0.0478542 0.0155121 0.0548904 0.0632028 0.0494038 0.0580422 0.0744502 0.0684566 0.0774661 
Dasyuridae_Dasyurus_maculatus                0.0700895 0.0827799 0.0639760 0.0712908 0.0713433 0.0000000 0.0411574 0.0703500 0.0642154 0.0764037 0.0732263 0.0150296 0.0274697 0.0823000 0.0822707 0.0162578 0.0049284 0.0269902 0.0816626 0.0730543 0.0533444 0.0857400 0.0923590 0.0132136 0.0648867 0.0777103 0.0690647 0.0665656 0.0759752 0.0846996 0.0771075 0.0768996 0.0757589 0.0033371 0.0788557 
Phalangeridae_Trichosurus_vulpecula          0.0253236 0.0379812 0.0310486 0.0264420 0.0267880 0.0411574 0.0000000 0.0088807 0.0277919 0.0361396 0.0086083 0.0408886 0.0539647 0.0124711 0.0311231 0.0432388 0.0398644 0.0524563 0.0394053 0.0298091 0.0312770 0.0432330 0.0468630 0.0411363 0.0285141 0.0412378 0.0283685 0.0289709 0.0298799 0.0352297 0.0296472 0.0113668 0.0380070 0.0405122 0.0351484 
Phalangeridae_Spilocuscus_maculatus          0.0453271 0.0683269 0.0465755 0.0535300 0.0543851 0.0703500 0.0088807 0.0000000 0.0524045 0.0696469 0.0116702 0.0724333 0.0805115 0.0154507 0.0565965 0.0747955 0.0689949 0.0809182 0.0723302 0.0572068 0.0300514 0.0829794 0.0898360 0.0711379 0.0489046 0.0687937 0.0487746 0.0535364 0.0445643 0.0625466 0.0513650 0.0119419 0.0683281 0.0675324 0.0715718 
Potoroidae_Aepyprymnus_rufescens             0.0435103 0.0680850 0.0521354 0.0085769 0.0082886 0.0642154 0.0277919 0.0524045 0.0000000 0.0722631 0.0543466 0.0636013 0.0762540 0.0596218 0.0577665 0.0668946 0.0619860 0.0761463 0.0771801 0.0166856 0.0356900 0.0775072 0.0843664 0.0633895 0.0269628 0.0645197 0.0446792 0.0136653 0.0520410 0.0585506 0.0497567 0.0559282 0.0717514 0.0625141 0.0729046 
Peramelidae_Perameles_nasuta                 0.0670847 0.0744164 0.0642128 0.0756345 0.0755748 0.0764037 0.0361396 0.0696469 0.0722631 0.0000000 0.0726156 0.0785978 0.0899446 0.0793518 0.0841884 0.0782095 0.0769053 0.0860903 0.0132636 0.0794840 0.0503701 0.0902258 0.1019242 0.0760354 0.0713422 0.0881329 0.0739495 0.0742656 0.0756538 0.0909632 0.0761670 0.0739948 0.0093057 0.0763206 0.0005062 
Phalangeridae_Strigocuscus_pelengensis       0.0480461 0.0697122 0.0511277 0.0560462 0.0570483 0.0732263 0.0086083 0.0116702 0.0543466 0.0726156 0.0000000 0.0749558 0.0814116 0.0125300 0.0571416 0.0774531 0.0714704 0.0809867 0.0743411 0.0564251 0.0328537 0.0884204 0.0931812 0.0735537 0.0494610 0.0767658 0.0491935 0.0542348 0.0490458 0.0665493 0.0570287 0.0107389 0.0701947 0.0698668 0.0745180 
Dasyuridae_Phascogale_tapoatafa              0.0660979 0.0809220 0.0650756 0.0694854 0.0695989 0.0150296 0.0408886 0.0724333 0.0636013 0.0785978 0.0749558 0.0000000 0.0256087 0.0825773 0.0851036 0.0025445 0.0137823 0.0223252 0.0837098 0.0718391 0.0505093 0.0861594 0.0943632 0.0057559 0.0630897 0.0771687 0.0672733 0.0679403 0.0746691 0.0831850 0.0782052 0.0771824 0.0784366 0.0135028 0.0810662 
Dasyuridae_Sminthopsis_macroura              0.0755278 0.0925129 0.0790035 0.0822757 0.0828572 0.0274697 0.0539647 0.0805115 0.0762540 0.0899446 0.0814116 0.0256087 0.0000000 0.0902095 0.0934462 0.0260203 0.0277489 0.0225554 0.0941695 0.0803546 0.0602463 0.0943882 0.1028118 0.0236709 0.0726827 0.0831848 0.0786441 0.0747786 0.0828684 0.0958576 0.0888289 0.0861182 0.0876579 0.0271226 0.0920676 
Phalangeridae_Phalanger_orientalis           0.0534926 0.0750103 0.0578703 0.0614178 0.0618572 0.0823000 0.0124711 0.0154507 0.0596218 0.0793518 0.0125300 0.0825773 0.0902095 0.0000000 0.0601669 0.0848079 0.0807537 0.0917332 0.0824392 0.0638527 0.0418288 0.0961268 0.1016073 0.0825602 0.0574768 0.0802724 0.0548690 0.0594371 0.0550283 0.0733858 0.0640955 0.0047195 0.0777014 0.0791479 0.0814472 
Acrobatidae_Acrobates_pygmaeus               0.0526665 0.0784453 0.0625579 0.0603715 0.0611427 0.0822707 0.0311231 0.0565965 0.0577665 0.0841884 0.0571416 0.0851036 0.0934462 0.0601669 0.0000000 0.0859716 0.0802804 0.0879406 0.0848731 0.0561344 0.0421484 0.1019649 0.1093993 0.0824284 0.0563428 0.0830973 0.0479939 0.0544740 0.0455618 0.0637718 0.0360589 0.0641128 0.0825715 0.0814332 0.0856511 
Dasyuridae_Phascogale_calura                 0.0678331 0.0823625 0.0666933 0.0729509 0.0730746 0.0162578 0.0432388 0.0747955 0.0668946 0.0782095 0.0774531 0.0025445 0.0260203 0.0848079 0.0859716 0.0000000 0.0156058 0.0230376 0.0839407 0.0753481 0.0530591 0.0857638 0.0966390 0.0065831 0.0632676 0.0791002 0.0685506 0.0713534 0.0771028 0.0870597 0.0784136 0.0803493 0.0774347 0.0153229 0.0812886 
Dasyuridae_Sarcophilus_harrisii              0.0681646 0.0804273 0.0628891 0.0695048 0.0695543 0.0049284 0.0398644 0.0689949 0.0619860 0.0769053 0.0714704 0.0137823 0.0277489 0.0807537 0.0802804 0.0156058 0.0000000 0.0248152 0.0819973 0.0735075 0.0518569 0.0847099 0.0898535 0.0119935 0.0646107 0.0760358 0.0672759 0.0663130 0.0734721 0.0848312 0.0751851 0.0754563 0.0761049 0.0038614 0.0793612 
Dasyuridae_Planigale_tenuirostris            0.0799974 0.0931167 0.0745391 0.0830035 0.0835778 0.0269902 0.0524563 0.0809182 0.0761463 0.0860903 0.0809867 0.0223252 0.0225554 0.0917332 0.0879406 0.0230376 0.0248152 0.0000000 0.0903892 0.0846982 0.0651827 0.0954285 0.1033675 0.0227872 0.0741562 0.0830516 0.0780252 0.0799161 0.0840782 0.0968563 0.0859182 0.0871705 0.0855004 0.0245286 0.0881564 
Peramelidae_Echymipera_kalubu                0.0633623 0.0782615 0.0660550 0.0802212 0.0783331 0.0816626 0.0394053 0.0723302 0.0771801 0.0132636 0.0743411 0.0837098 0.0941695 0.0824392 0.0848731 0.0839407 0.0819973 0.0903892 0.0000000 0.0845735 0.0499146 0.0997650 0.1108305 0.0805691 0.0741498 0.0887120 0.0742432 0.0787744 0.0750564 0.0911012 0.0761149 0.0774204 0.0098714 0.0813984 0.0135123 
Macropodidae_Dorcopsulus_vanheurni           0.0481338 0.0718626 0.0553157 0.0186569 0.0186038 0.0730543 0.0298091 0.0572068 0.0166856 0.0794840 0.0564251 0.0718391 0.0803546 0.0638527 0.0561344 0.0753481 0.0735075 0.0846982 0.0845735 0.0000000 0.0399161 0.0892266 0.0940982 0.0722913 0.0321671 0.0729885 0.0516735 0.0086661 0.0564239 0.0634800 0.0544664 0.0613776 0.0796782 0.0708739 0.0818249 
Pseudochiridae_Pseudochirulus_forbesi        0.0340952 0.0481572 0.0400718 0.0357136 0.0350332 0.0533444 0.0312770 0.0300514 0.0356900 0.0503701 0.0328537 0.0505093 0.0602463 0.0418288 0.0421484 0.0530591 0.0518569 0.0651827 0.0499146 0.0399161 0.0000000 0.0531116 0.0557604 0.0508603 0.0387862 0.0519759 0.0193972 0.0384954 0.0095511 0.0315223 0.0353337 0.0371733 0.0513550 0.0526025 0.0498995 
Didelphidae_Didelphis_virginiana             0.0766919 0.0934642 0.0784307 0.0829600 0.0823794 0.0857400 0.0432330 0.0829794 0.0775072 0.0902258 0.0884204 0.0861594 0.0943882 0.0961268 0.1019649 0.0857638 0.0847099 0.0954285 0.0997650 0.0892266 0.0531116 0.0000000 0.0232028 0.0832929 0.0784200 0.0900619 0.0799660 0.0845958 0.0850917 0.0919733 0.0924458 0.0898333 0.0856432 0.0824736 0.0915423 
Marmosidae_Monodelphis_domestica             0.0884613 0.1029915 0.0868931 0.0888574 0.0876804 0.0923590 0.0468630 0.0898360 0.0843664 0.1019242 0.0931812 0.0943632 0.1028118 0.1016073 0.1093993 0.0966390 0.0898535 0.1033675 0.1108305 0.0940982 0.0557604 0.0232028 0.0000000 0.0936015 0.0800692 0.0938242 0.0864760 0.0875007 0.0889573 0.1024844 0.1028441 0.0943935 0.0997044 0.0886968 0.1046037 
Dasyuridae_Antechinus_stuartii               0.0648435 0.0784543 0.0642288 0.0687459 0.0677839 0.0132136 0.0411363 0.0711379 0.0633895 0.0760354 0.0735537 0.0057559 0.0236709 0.0825602 0.0824284 0.0065831 0.0119935 0.0227872 0.0805691 0.0722913 0.0508603 0.0832929 0.0936015 0.0000000 0.0608382 0.0759107 0.0649547 0.0677716 0.0728212 0.0822080 0.0751652 0.0771364 0.0752703 0.0117093 0.0783198 
Hypsiprymnodontidae_Hypsiprymnodon_moschatus 0.0448629 0.0633257 0.0482319 0.0302165 0.0302264 0.0648867 0.0285141 0.0489046 0.0269628 0.0713422 0.0494610 0.0630897 0.0726827 0.0574768 0.0563428 0.0632676 0.0646107 0.0741562 0.0741498 0.0321671 0.0387862 0.0784200 0.0800692 0.0608382 0.0000000 0.0654712 0.0451247 0.0271957 0.0499835 0.0593559 0.0471306 0.0543697 0.0714548 0.0646971 0.0726061 
Microbiotheriidae_Dromiciops_gliroides       0.0693333 0.0772340 0.0680883 0.0678936 0.0678268 0.0777103 0.0412378 0.0687937 0.0645197 0.0881329 0.0767658 0.0771687 0.0831848 0.0802724 0.0830973 0.0791002 0.0760358 0.0830516 0.0887120 0.0729885 0.0519759 0.0900619 0.0938242 0.0759107 0.0654712 0.0000000 0.0690970 0.0663035 0.0737707 0.0836733 0.0774952 0.0755801 0.0875074 0.0748778 0.0878242 
Pseudochiridae_Petauroides_volans            0.0439221 0.0700456 0.0486035 0.0484926 0.0478542 0.0690647 0.0283685 0.0487746 0.0446792 0.0739495 0.0491935 0.0672733 0.0786441 0.0548690 0.0479939 0.0685506 0.0672759 0.0780252 0.0742432 0.0516735 0.0193972 0.0799660 0.0864760 0.0649547 0.0451247 0.0690970 0.0000000 0.0462309 0.0228384 0.0441612 0.0416708 0.0508042 0.0723373 0.0668506 0.0758619 
Macropodidae_Wallabia_bicolor                0.0443676 0.0680691 0.0510417 0.0158106 0.0155121 0.0665656 0.0289709 0.0535364 0.0136653 0.0742656 0.0542348 0.0679403 0.0747786 0.0594371 0.0544740 0.0713534 0.0663130 0.0799161 0.0787744 0.0086661 0.0384954 0.0845958 0.0875007 0.0677716 0.0271957 0.0663035 0.0462309 0.0000000 0.0527630 0.0592896 0.0495870 0.0566511 0.0743159 0.0658589 0.0765829 
Pseudochiridae_Pseudocheirus_occidentalis    0.0470696 0.0703962 0.0532389 0.0545120 0.0548904 0.0759752 0.0298799 0.0445643 0.0520410 0.0756538 0.0490458 0.0746691 0.0828684 0.0550283 0.0455618 0.0771028 0.0734721 0.0840782 0.0750564 0.0564239 0.0095511 0.0850917 0.0889573 0.0728212 0.0499835 0.0737707 0.0228384 0.0527630 0.0000000 0.0465061 0.0453903 0.0497046 0.0754256 0.0740747 0.0769329 
Tarsipedidae_Tarsipes_rostratus              0.0507087 0.0799260 0.0623278 0.0635108 0.0632028 0.0846996 0.0352297 0.0625466 0.0585506 0.0909632 0.0665493 0.0831850 0.0958576 0.0733858 0.0637718 0.0870597 0.0848312 0.0968563 0.0911012 0.0634800 0.0315223 0.0919733 0.1024844 0.0822080 0.0593559 0.0836733 0.0441612 0.0592896 0.0465061 0.0000000 0.0579766 0.0687244 0.0868442 0.0848779 0.0921338 
Acrobatidae_Distoechurus_pennatus            0.0485962 0.0746994 0.0599588 0.0512586 0.0494038 0.0771075 0.0296472 0.0513650 0.0497567 0.0761670 0.0570287 0.0782052 0.0888289 0.0640955 0.0360589 0.0784136 0.0751851 0.0859182 0.0761149 0.0544664 0.0353337 0.0924458 0.1028441 0.0751652 0.0471306 0.0774952 0.0416708 0.0495870 0.0453903 0.0579766 0.0000000 0.0605999 0.0715788 0.0752891 0.0788012 
Phalangeridae_Phalanger_carmelitae           0.0505604 0.0724363 0.0542229 0.0576210 0.0580422 0.0768996 0.0113668 0.0119419 0.0559282 0.0739948 0.0107389 0.0771824 0.0861182 0.0047195 0.0641128 0.0803493 0.0754563 0.0871705 0.0774204 0.0613776 0.0371733 0.0898333 0.0943935 0.0771364 0.0543697 0.0755801 0.0508042 0.0566511 0.0497046 0.0687244 0.0605999 0.0000000 0.0715579 0.0739319 0.0759978 
Peramelidae_Peroryctes_raffrayana            0.0620332 0.0744080 0.0657886 0.0758166 0.0744502 0.0757589 0.0380070 0.0683281 0.0717514 0.0093057 0.0701947 0.0784366 0.0876579 0.0777014 0.0825715 0.0774347 0.0761049 0.0855004 0.0098714 0.0796782 0.0513550 0.0856432 0.0997044 0.0752703 0.0714548 0.0875074 0.0723373 0.0743159 0.0754256 0.0868442 0.0715788 0.0715579 0.0000000 0.0755119 0.0095748 
Dasyuridae_Dasyurus_geffroii                 0.0672595 0.0805417 0.0620150 0.0683495 0.0684566 0.0033371 0.0405122 0.0675324 0.0625141 0.0763206 0.0698668 0.0135028 0.0271226 0.0791479 0.0814332 0.0153229 0.0038614 0.0245286 0.0813984 0.0708739 0.0526025 0.0824736 0.0886968 0.0117093 0.0646971 0.0748778 0.0668506 0.0658589 0.0740747 0.0848779 0.0752891 0.0739319 0.0755119 0.0000000 0.0786994 
Peramelidae_Perameles_gunnii                 0.0679025 0.0752325 0.0644897 0.0779846 0.0774661 0.0788557 0.0351484 0.0715718 0.0729046 0.0005062 0.0745180 0.0810662 0.0920676 0.0814472 0.0856511 0.0812886 0.0793612 0.0881564 0.0135123 0.0818249 0.0498995 0.0915423 0.1046037 0.0783198 0.0726061 0.0878242 0.0758619 0.0765829 0.0769329 0.0921338 0.0788012 0.0759978 0.0095748 0.0786994 0.0000000 
