35
Burramyidae_Burramys_parvus                  0.0000000 0.0658359 0.0513192 0.0733961 0.0785468 0.0658473 0.0506936 0.0544909 0.0749285 0.0526381 0.0654703 0.0685124 0.0525692 0.0589894 0.0641370 0.0633151 0.0649787 0.0777093 0.0650652 0.0628387 0.0845612 0.0867219 0.0609530 0.0621952 0.0731939 0.0627785 0.0637640 0.0642008 0.0739481 0.0680269 0.0551474 0.0768407 0.0652955 0.0730334 0.0634971 
Notoryctidae_Notoryctes_typhlops             0.0658359 0.0000000 0.0580065 0.0859353 0.0927342 0.0677964 0.0628280 0.0683955 0.0733412 0.0660042 0.0647483 0.0706768 0.0624891 0.0729917 0.0645151 0.0647030 0.0647968 0.0768319 0.0755336 0.0743865 0.0833896 0.0819387 0.0607349 0.0759949 0.0762667 0.0751053 0.0741000 0.0733445 0.0865689 0.0816126 0.0657238 0.0721743 0.0649523 0.0720981 0.0813106 
Vombatidae_Lasiorhinus_latifrons             0.0513192 0.0580065 0.0000000 0.0658255 0.0692995 0.0585841 0.0468725 0.0517159 0.0680465 0.0481561 0.0570222 0.0589924 0.0481174 0.0539346 0.0569057 0.0558923 0.0601411 0.0706974 0.0529420 0.0583538 0.0772014 0.0755149 0.0522532 0.0485153 0.0634472 0.0572009 0.0531708 0.0574690 0.0642229 0.0623487 0.0524255 0.0703514 0.0546215 0.0661941 0.0617139 
Potoroidae_Bettongia_penicillata             0.0733961 0.0859353 0.0658255 0.0000000 0.0161307 0.0782818 0.0684374 0.0691642 0.0825730 0.0639299 0.0750400 0.0776614 0.0643370 0.0685145 0.0765440 0.0763220 0.0778372 0.0823039 0.0352961 0.0747779 0.0903502 0.0925153 0.0729075 0.0406071 0.0877156 0.0723340 0.0344390 0.0725770 0.0792809 0.0735500 0.0674826 0.0859413 0.0770250 0.0809870 0.0191930 
Potoroidae_Bettongia_lesueur                 0.0785468 0.0927342 0.0692995 0.0161307 0.0000000 0.0840432 0.0734995 0.0742802 0.0919356 0.0706679 0.0807913 0.0840153 0.0699570 0.0746016 0.0811775 0.0815335 0.0821797 0.0940630 0.0413224 0.0707509 0.0979308 0.1017510 0.0776211 0.0488196 0.0935877 0.0745018 0.0415530 0.0714755 0.0865905 0.0791540 0.0731033 0.0960851 0.0833545 0.0907305 0.0257305 
Dasyuridae_Dasyurus_maculatus                0.0658473 0.0677964 0.0585841 0.0782818 0.0840432 0.0000000 0.0568125 0.0628520 0.0711428 0.0593656 0.0197423 0.0209099 0.0586834 0.0634220 0.0196834 0.0077535 0.0218272 0.0751126 0.0664668 0.0716651 0.0792045 0.0759344 0.0156869 0.0679747 0.0659604 0.0693147 0.0679845 0.0696274 0.0818150 0.0701351 0.0613037 0.0765860 0.0062040 0.0687608 0.0692751 
Phalangeridae_Trichosurus_vulpecula          0.0506936 0.0628280 0.0468725 0.0684374 0.0734995 0.0568125 0.0000000 0.0216044 0.0689500 0.0199508 0.0586024 0.0621443 0.0183283 0.0538319 0.0583940 0.0559126 0.0589047 0.0692786 0.0589871 0.0574775 0.0724061 0.0755879 0.0557369 0.0561418 0.0696684 0.0537601 0.0560577 0.0551913 0.0629924 0.0593828 0.0214349 0.0726552 0.0546236 0.0671754 0.0621819 
Phalangeridae_Spilocuscus_maculatus          0.0544909 0.0683955 0.0517159 0.0691642 0.0742802 0.0628520 0.0216044 0.0000000 0.0690426 0.0120924 0.0613604 0.0644085 0.0088985 0.0577465 0.0616905 0.0608555 0.0592903 0.0693569 0.0590297 0.0584146 0.0776029 0.0808459 0.0585145 0.0544305 0.0713296 0.0570651 0.0566259 0.0540172 0.0681263 0.0610042 0.0115127 0.0743598 0.0587753 0.0672491 0.0601039 
Peramelidae_Perameles_nasuta                 0.0749285 0.0733412 0.0680465 0.0825730 0.0919356 0.0711428 0.0689500 0.0690426 0.0000000 0.0648221 0.0707769 0.0718916 0.0623203 0.0734854 0.0718038 0.0691716 0.0690554 0.0182295 0.0754770 0.0799884 0.0805216 0.0820896 0.0668503 0.0722455 0.0812811 0.0805888 0.0730536 0.0773233 0.0881300 0.0806362 0.0644001 0.0202198 0.0689390 0.0005284 0.0740962 
Phalangeridae_Strigocuscus_pelengensis       0.0526381 0.0660042 0.0481561 0.0639299 0.0706679 0.0593656 0.0199508 0.0120924 0.0648221 0.0000000 0.0584220 0.0608148 0.0083528 0.0525943 0.0587915 0.0562955 0.0584983 0.0692829 0.0571508 0.0565615 0.0754713 0.0782259 0.0549230 0.0520738 0.0669748 0.0529303 0.0553096 0.0521767 0.0650797 0.0591485 0.0114846 0.0718190 0.0548736 0.0637003 0.0593650 
Dasyuridae_Phascogale_tapoatafa              0.0654703 0.0647483 0.0570222 0.0750400 0.0807913 0.0197423 0.0586024 0.0613604 0.0707769 0.0584220 0.0000000 0.0236058 0.0577405 0.0630371 0.0077353 0.0187696 0.0218631 0.0724650 0.0632398 0.0678730 0.0730850 0.0710635 0.0120131 0.0664025 0.0651057 0.0668804 0.0652918 0.0642992 0.0779806 0.0692099 0.0609163 0.0744056 0.0176241 0.0689510 0.0669082 
Dasyuridae_Sminthopsis_macroura              0.0685124 0.0706768 0.0589924 0.0776614 0.0840153 0.0209099 0.0621443 0.0644085 0.0718916 0.0608148 0.0236058 0.0000000 0.0607526 0.0660513 0.0229972 0.0199253 0.0197514 0.0746546 0.0645805 0.0717820 0.0815068 0.0805020 0.0190052 0.0661950 0.0672252 0.0704167 0.0660924 0.0696547 0.0799684 0.0687652 0.0633750 0.0756321 0.0195098 0.0700230 0.0699459 
Phalangeridae_Phalanger_orientalis           0.0525692 0.0624891 0.0481174 0.0643370 0.0699570 0.0586834 0.0183283 0.0088985 0.0623203 0.0083528 0.0577405 0.0607526 0.0000000 0.0524473 0.0580812 0.0561386 0.0566646 0.0637391 0.0542726 0.0546714 0.0725255 0.0752723 0.0542409 0.0508795 0.0673945 0.0522857 0.0524436 0.0488262 0.0626839 0.0545503 0.0025857 0.0682622 0.0535710 0.0607151 0.0586746 
Acrobatidae_Acrobates_pygmaeus               0.0589894 0.0729917 0.0539346 0.0685145 0.0746016 0.0634220 0.0538319 0.0577465 0.0734854 0.0525943 0.0630371 0.0660513 0.0524473 0.0000000 0.0616549 0.0597147 0.0666001 0.0770840 0.0584340 0.0596074 0.0800358 0.0839034 0.0596439 0.0616529 0.0733133 0.0561811 0.0605026 0.0605840 0.0645252 0.0486755 0.0544969 0.0773147 0.0606041 0.0711742 0.0609368 
Dasyuridae_Phascogale_calura                 0.0641370 0.0645151 0.0569057 0.0765440 0.0811775 0.0196834 0.0583940 0.0616905 0.0718038 0.0587915 0.0077353 0.0229972 0.0580812 0.0616549 0.0000000 0.0166006 0.0218180 0.0729070 0.0642045 0.0676948 0.0730425 0.0709864 0.0114661 0.0668123 0.0643506 0.0643777 0.0662592 0.0652007 0.0789344 0.0678539 0.0612462 0.0749310 0.0176068 0.0699536 0.0686977 
Dasyuridae_Sarcophilus_harrisii              0.0633151 0.0647030 0.0558923 0.0763220 0.0815335 0.0077535 0.0559126 0.0608555 0.0691716 0.0562955 0.0187696 0.0199253 0.0561386 0.0597147 0.0166006 0.0000000 0.0190334 0.0724963 0.0644532 0.0683859 0.0772779 0.0751869 0.0146937 0.0660013 0.0634709 0.0662718 0.0641491 0.0683442 0.0781582 0.0653750 0.0592865 0.0732018 0.0068043 0.0668312 0.0673816 
Dasyuridae_Planigale_tenuirostris            0.0649787 0.0647968 0.0601411 0.0778372 0.0821797 0.0218272 0.0589047 0.0592903 0.0690554 0.0584983 0.0218631 0.0197514 0.0566646 0.0666001 0.0218180 0.0190334 0.0000000 0.0706618 0.0627023 0.0680265 0.0761500 0.0733356 0.0173312 0.0637953 0.0604769 0.0680102 0.0633272 0.0668335 0.0770023 0.0690678 0.0601791 0.0716878 0.0190399 0.0668810 0.0697454 
Peramelidae_Echymipera_kalubu                0.0777093 0.0768319 0.0706974 0.0823039 0.0940630 0.0751126 0.0692786 0.0693569 0.0182295 0.0692829 0.0724650 0.0746546 0.0637391 0.0770840 0.0729070 0.0724963 0.0706618 0.0000000 0.0753326 0.0819738 0.0816162 0.0831887 0.0694129 0.0727148 0.0788597 0.0809514 0.0746207 0.0800960 0.0873967 0.0804571 0.0670003 0.0163135 0.0719951 0.0182934 0.0777089 
Macropodidae_Dorcopsulus_vanheurni           0.0650652 0.0755336 0.0529420 0.0352961 0.0413224 0.0664668 0.0589871 0.0590297 0.0754770 0.0571508 0.0632398 0.0645805 0.0542726 0.0584340 0.0642045 0.0644532 0.0627023 0.0753326 0.0000000 0.0644192 0.0804962 0.0832749 0.0599102 0.0357106 0.0778162 0.0638261 0.0130620 0.0620161 0.0696299 0.0650453 0.0568687 0.0756826 0.0640047 0.0729681 0.0274991 
Pseudochiridae_Pseudochirulus_forbesi        0.0628387 0.0743865 0.0583538 0.0747779 0.0707509 0.0716651 0.0574775 0.0584146 0.0799884 0.0565615 0.0678730 0.0717820 0.0546714 0.0596074 0.0676948 0.0683859 0.0680265 0.0819738 0.0644192 0.0000000 0.0879796 0.0931540 0.0644039 0.0654592 0.0668433 0.0433721 0.0658939 0.0193120 0.0648631 0.0676359 0.0568173 0.0810066 0.0697069 0.0796574 0.0659569 
Didelphidae_Didelphis_virginiana             0.0845612 0.0833896 0.0772014 0.0903502 0.0979308 0.0792045 0.0724061 0.0776029 0.0805216 0.0754713 0.0730850 0.0815068 0.0725255 0.0800358 0.0730425 0.0772779 0.0761500 0.0816162 0.0804962 0.0879796 0.0000000 0.0262972 0.0719699 0.0792651 0.0905760 0.0877593 0.0815684 0.0887371 0.0904844 0.0886805 0.0752375 0.0789541 0.0719539 0.0795796 0.0869131 
Marmosidae_Monodelphis_domestica             0.0867219 0.0819387 0.0755149 0.0925153 0.1017510 0.0759344 0.0755879 0.0808459 0.0820896 0.0782259 0.0710635 0.0805020 0.0752723 0.0839034 0.0709864 0.0751869 0.0733356 0.0831887 0.0832749 0.0931540 0.0262972 0.0000000 0.0705777 0.0819767 0.0903421 0.0917295 0.0842050 0.0918911 0.0944531 0.0916845 0.0778971 0.0822896 0.0716211 0.0804984 0.0899727 
Dasyuridae_Antechinus_stuartii               0.0609530 0.0607349 0.0522532 0.0729075 0.0776211 0.0156869 0.0557369 0.0585145 0.0668503 0.0549230 0.0120131 0.0190052 0.0542409 0.0596439 0.0114661 0.0146937 0.0173312 0.0694129 0.0599102 0.0644039 0.0719699 0.0705777 0.0000000 0.0620406 0.0615351 0.0650777 0.0618991 0.0647806 0.0740142 0.0652499 0.0575362 0.0696637 0.0154707 0.0645564 0.0673601 
Hypsiprymnodontidae_Hypsiprymnodon_moschatus 0.0621952 0.0759949 0.0485153 0.0406071 0.0488196 0.0679747 0.0561418 0.0544305 0.0722455 0.0520738 0.0664025 0.0661950 0.0508795 0.0616529 0.0668123 0.0660013 0.0637953 0.0727148 0.0357106 0.0654592 0.0792651 0.0819767 0.0620406 0.0000000 0.0805256 0.0660696 0.0348576 0.0646254 0.0752154 0.0660084 0.0550632 0.0776947 0.0637524 0.0703871 0.0310664 
Microbiotheriidae_Dromiciops_gliroides       0.0731939 0.0762667 0.0634472 0.0877156 0.0935877 0.0659604 0.0696684 0.0713296 0.0812811 0.0669748 0.0651057 0.0672252 0.0673945 0.0733133 0.0643506 0.0634709 0.0604769 0.0788597 0.0778162 0.0668433 0.0905760 0.0903421 0.0615351 0.0805256 0.0000000 0.0741529 0.0787771 0.0666126 0.0877353 0.0783653 0.0707515 0.0809349 0.0657471 0.0802058 0.0742391 
Pseudochiridae_Petauroides_volans            0.0627785 0.0751053 0.0572009 0.0723340 0.0745018 0.0693147 0.0537601 0.0570651 0.0805888 0.0529303 0.0668804 0.0704167 0.0522857 0.0561811 0.0643777 0.0662718 0.0680102 0.0809514 0.0638261 0.0433721 0.0877593 0.0917295 0.0650777 0.0660696 0.0741529 0.0000000 0.0636854 0.0377727 0.0666203 0.0642297 0.0560329 0.0791180 0.0690971 0.0811453 0.0656587 
Macropodidae_Wallabia_bicolor                0.0637640 0.0741000 0.0531708 0.0344390 0.0415530 0.0679845 0.0560577 0.0566259 0.0730536 0.0553096 0.0652918 0.0660924 0.0524436 0.0605026 0.0662592 0.0641491 0.0633272 0.0746207 0.0130620 0.0658939 0.0815684 0.0842050 0.0618991 0.0348576 0.0787771 0.0636854 0.0000000 0.0640557 0.0669264 0.0637416 0.0545030 0.0742202 0.0663164 0.0711400 0.0258771 
Pseudochiridae_Pseudocheirus_occidentalis    0.0642008 0.0733445 0.0574690 0.0725770 0.0714755 0.0696274 0.0551913 0.0540172 0.0773233 0.0521767 0.0642992 0.0696547 0.0488262 0.0605840 0.0652007 0.0683442 0.0668335 0.0800960 0.0620161 0.0193120 0.0887371 0.0918911 0.0647806 0.0646254 0.0666126 0.0377727 0.0640557 0.0000000 0.0645529 0.0673382 0.0530443 0.0814883 0.0676394 0.0775082 0.0653239 
Tarsipedidae_Tarsipes_rostratus              0.0739481 0.0865689 0.0642229 0.0792809 0.0865905 0.0818150 0.0629924 0.0681263 0.0881300 0.0650797 0.0779806 0.0799684 0.0626839 0.0645252 0.0789344 0.0781582 0.0770023 0.0873967 0.0696299 0.0648631 0.0904844 0.0944531 0.0740142 0.0752154 0.0877353 0.0666203 0.0669264 0.0645529 0.0000000 0.0683291 0.0642872 0.0886507 0.0807352 0.0857686 0.0684689 
Acrobatidae_Distoechurus_pennatus            0.0680269 0.0816126 0.0623487 0.0735500 0.0791540 0.0701351 0.0593828 0.0610042 0.0806362 0.0591485 0.0692099 0.0687652 0.0545503 0.0486755 0.0678539 0.0653750 0.0690678 0.0804571 0.0650453 0.0676359 0.0886805 0.0916845 0.0652499 0.0660084 0.0783653 0.0642297 0.0637416 0.0673382 0.0683291 0.0000000 0.0576831 0.0833883 0.0690302 0.0779719 0.0621951 
Phalangeridae_Phalanger_carmelitae           0.0551474 0.0657238 0.0524255 0.0674826 0.0731033 0.0613037 0.0214349 0.0115127 0.0644001 0.0114846 0.0609163 0.0633750 0.0025857 0.0544969 0.0612462 0.0592865 0.0601791 0.0670003 0.0568687 0.0568173 0.0752375 0.0778971 0.0575362 0.0550632 0.0707515 0.0560329 0.0545030 0.0530443 0.0642872 0.0576831 0.0000000 0.0715310 0.0577108 0.0627451 0.0585904 
Peramelidae_Peroryctes_raffrayana            0.0768407 0.0721743 0.0703514 0.0859413 0.0960851 0.0765860 0.0726552 0.0743598 0.0202198 0.0718190 0.0744056 0.0756321 0.0682622 0.0773147 0.0749310 0.0732018 0.0716878 0.0163135 0.0756826 0.0810066 0.0789541 0.0822896 0.0696637 0.0776947 0.0809349 0.0791180 0.0742202 0.0814883 0.0886507 0.0833883 0.0715310 0.0000000 0.0721705 0.0196101 0.0793659 
Dasyuridae_Dasyurus_geffroii                 0.0652955 0.0649523 0.0546215 0.0770250 0.0833545 0.0062040 0.0546236 0.0587753 0.0689390 0.0548736 0.0176241 0.0195098 0.0535710 0.0606041 0.0176068 0.0068043 0.0190399 0.0719951 0.0640047 0.0697069 0.0719539 0.0716211 0.0154707 0.0637524 0.0657471 0.0690971 0.0663164 0.0676394 0.0807352 0.0690302 0.0577108 0.0721705 0.0000000 0.0663913 0.0714952 
Peramelidae_Perameles_gunnii                 0.0730334 0.0720981 0.0661941 0.0809870 0.0907305 0.0687608 0.0671754 0.0672491 0.0005284 0.0637003 0.0689510 0.0700230 0.0607151 0.0711742 0.0699536 0.0668312 0.0668810 0.0182934 0.0729681 0.0796574 0.0795796 0.0804984 0.0645564 0.0703871 0.0802058 0.0811453 0.0711400 0.0775082 0.0857686 0.0779719 0.0627451 0.0196101 0.0663913 0.0000000 0.0719992 
Potoroidae_Aepyprymnus_rufescens             0.0634971 0.0813106 0.0617139 0.0191930 0.0257305 0.0692751 0.0621819 0.0601039 0.0740962 0.0593650 0.0669082 0.0699459 0.0586746 0.0609368 0.0686977 0.0673816 0.0697454 0.0777089 0.0274991 0.0659569 0.0869131 0.0899727 0.0673601 0.0310664 0.0742391 0.0656587 0.0258771 0.0653239 0.0684689 0.0621951 0.0585904 0.0793659 0.0714952 0.0719992 0.0000000 
