35
Burramyidae_Burramys_parvus                  0.0000000 0.0810039 0.0708016 0.0614458 0.0631553 0.0860845 0.0496709 0.0465432 0.0644306 0.0920805 0.0505083 0.0866438 0.0955330 0.0541717 0.0573294 0.0860829 0.0839888 0.0856464 0.0888689 0.0645932 0.0565331 0.1056766 0.1104943 0.0886690 0.0676640 0.0838942 0.0603197 0.0658384 0.0567859 0.0750014 0.0533060 0.0505522 0.0889863 0.0858783 0.0920925 
Notoryctidae_Notoryctes_typhlops             0.0810039 0.0000000 0.0943962 0.0931192 0.0975830 0.0961543 0.0837439 0.0841486 0.1018502 0.0914818 0.0866790 0.0918286 0.0959380 0.0887256 0.0904406 0.0906663 0.0938901 0.0919910 0.0904625 0.0921915 0.0854565 0.1114344 0.1198290 0.0912660 0.1029626 0.0855548 0.0893457 0.0961060 0.0863355 0.1144561 0.0939765 0.0844267 0.0945663 0.0965114 0.0929749 
Vombatidae_Lasiorhinus_latifrons             0.0708016 0.0943962 0.0000000 0.0823578 0.0862386 0.0909748 0.0677647 0.0681404 0.0899066 0.0937778 0.0745274 0.0902853 0.0973775 0.0766657 0.0777848 0.0892469 0.0912785 0.0918350 0.0926616 0.0821042 0.0739718 0.1100168 0.1122231 0.0919744 0.0869899 0.0837207 0.0754403 0.0828028 0.0713801 0.0989416 0.0793218 0.0723794 0.0930337 0.0936401 0.0951576 
Potoroidae_Bettongia_penicillata             0.0614458 0.0931192 0.0823578 0.0000000 0.0054690 0.0904489 0.0599329 0.0577785 0.0151890 0.0986547 0.0626640 0.0887204 0.0970942 0.0638616 0.0660502 0.0884299 0.0885104 0.0894884 0.0960216 0.0206768 0.0645995 0.1132082 0.1225050 0.0898706 0.0470119 0.0849652 0.0704876 0.0214679 0.0627057 0.0910367 0.0662167 0.0613693 0.0976435 0.0909943 0.1013974 
Potoroidae_Bettongia_lesueur                 0.0631553 0.0975830 0.0862386 0.0054690 0.0000000 0.0940490 0.0628804 0.0612528 0.0179943 0.1015875 0.0658382 0.0915495 0.0999660 0.0663741 0.0694723 0.0912621 0.0921024 0.0919843 0.0992333 0.0235200 0.0669593 0.1154108 0.1255387 0.0923036 0.0487547 0.0874244 0.0740125 0.0228849 0.0658135 0.0942189 0.0687186 0.0647845 0.0986515 0.0946006 0.1043431 
Dasyuridae_Dasyurus_maculatus                0.0860845 0.0961543 0.0909748 0.0904489 0.0940490 0.0000000 0.0763083 0.0774100 0.1000290 0.0954171 0.0843732 0.0251578 0.0304257 0.0873276 0.0874369 0.0248104 0.0088985 0.0244308 0.0914330 0.0903389 0.0818048 0.1110863 0.1126007 0.0223843 0.0989290 0.0871383 0.0842164 0.0922278 0.0821964 0.1087595 0.0834814 0.0811428 0.0917469 0.0085492 0.0969644 
Phalangeridae_Trichosurus_vulpecula          0.0496709 0.0837439 0.0677647 0.0599329 0.0628804 0.0763083 0.0000000 0.0165099 0.0671305 0.0937892 0.0206972 0.0738193 0.0828146 0.0210749 0.0517003 0.0750228 0.0753585 0.0737429 0.0875095 0.0572476 0.0509275 0.0993381 0.1028733 0.0782554 0.0622761 0.0734031 0.0552020 0.0578593 0.0509480 0.0775472 0.0535350 0.0193194 0.0892848 0.0763401 0.0942692 
Phalangeridae_Spilocuscus_maculatus          0.0465432 0.0841486 0.0681404 0.0577785 0.0612528 0.0774100 0.0165099 0.0000000 0.0632303 0.0926957 0.0082695 0.0718391 0.0828626 0.0099654 0.0494233 0.0730625 0.0746310 0.0719877 0.0880026 0.0539701 0.0483184 0.0970881 0.1030425 0.0765913 0.0609222 0.0723073 0.0514969 0.0565190 0.0498356 0.0756745 0.0502429 0.0083496 0.0894928 0.0774429 0.0940106 
Potoroidae_Aepyprymnus_rufescens             0.0644306 0.1018502 0.0899066 0.0151890 0.0179943 0.1000290 0.0671305 0.0632303 0.0000000 0.1045484 0.0702228 0.0970429 0.1060139 0.0702737 0.0723155 0.0975492 0.0988698 0.0979611 0.1026183 0.0282371 0.0713251 0.1207868 0.1271948 0.0986330 0.0536800 0.0922043 0.0780967 0.0283384 0.0672180 0.0949835 0.0722661 0.0674822 0.1060640 0.1010042 0.1081389 
Peramelidae_Perameles_nasuta                 0.0920805 0.0914818 0.0937778 0.0986547 0.1015875 0.0954171 0.0937892 0.0926957 0.1045484 0.0000000 0.1025339 0.0962692 0.0984517 0.1023487 0.1014393 0.0967015 0.0953676 0.0951250 0.0248976 0.0966813 0.0948153 0.1220528 0.1263257 0.0956998 0.1054542 0.0923297 0.0987341 0.0990291 0.0930050 0.1213834 0.0934201 0.0962244 0.0252776 0.0975187 0.0053054 
Phalangeridae_Strigocuscus_pelengensis       0.0505083 0.0866790 0.0745274 0.0626640 0.0658382 0.0843732 0.0206972 0.0082695 0.0702228 0.1025339 0.0000000 0.0784727 0.0883036 0.0118294 0.0543718 0.0789380 0.0811836 0.0797213 0.0957730 0.0597319 0.0523581 0.1031847 0.1107364 0.0829054 0.0648642 0.0798211 0.0559595 0.0618660 0.0532712 0.0814217 0.0563275 0.0106197 0.0979705 0.0839658 0.1021162 
Dasyuridae_Phascogale_tapoatafa              0.0866438 0.0918286 0.0902853 0.0887204 0.0915495 0.0251578 0.0738193 0.0718391 0.0970429 0.0962692 0.0784727 0.0000000 0.0321694 0.0806668 0.0838686 0.0044411 0.0229022 0.0276385 0.0933491 0.0881793 0.0786358 0.1075711 0.1116646 0.0131553 0.0931181 0.0876679 0.0820714 0.0900024 0.0788141 0.1066795 0.0805080 0.0760241 0.0918968 0.0246708 0.0978749 
Dasyuridae_Sminthopsis_macroura              0.0955330 0.0959380 0.0973775 0.0970942 0.0999660 0.0304257 0.0828146 0.0828626 0.1060139 0.0984517 0.0883036 0.0321694 0.0000000 0.0902834 0.0931207 0.0322556 0.0286473 0.0209909 0.0969617 0.0946282 0.0848788 0.1119071 0.1124327 0.0282463 0.1038160 0.0907084 0.0885624 0.0956906 0.0836157 0.1136880 0.0853420 0.0869197 0.0954482 0.0308232 0.1017052 
Phalangeridae_Phalanger_orientalis           0.0541717 0.0887256 0.0766657 0.0638616 0.0663741 0.0873276 0.0210749 0.0099654 0.0702737 0.1023487 0.0118294 0.0806668 0.0902834 0.0000000 0.0553212 0.0820273 0.0837958 0.0813468 0.0968157 0.0596518 0.0540048 0.1014646 0.1114101 0.0841489 0.0648297 0.0808514 0.0564551 0.0615300 0.0540499 0.0829083 0.0563747 0.0056531 0.0979846 0.0873657 0.1038090 
Acrobatidae_Acrobates_pygmaeus               0.0573294 0.0904406 0.0777848 0.0660502 0.0694723 0.0874369 0.0517003 0.0494233 0.0723155 0.1014393 0.0543718 0.0838686 0.0931207 0.0553212 0.0000000 0.0838154 0.0857024 0.0814656 0.0967555 0.0619731 0.0503792 0.1049606 0.1117780 0.0863905 0.0698751 0.0788084 0.0520847 0.0654457 0.0505369 0.0810339 0.0441930 0.0516748 0.0997784 0.0878607 0.1027174 
Dasyuridae_Phascogale_calura                 0.0860829 0.0906663 0.0892469 0.0884299 0.0912621 0.0248104 0.0750228 0.0730625 0.0975492 0.0967015 0.0789380 0.0044411 0.0322556 0.0820273 0.0838154 0.0000000 0.0225559 0.0272439 0.0933671 0.0870271 0.0774501 0.1061413 0.1113450 0.0121190 0.0918529 0.0871346 0.0816513 0.0888793 0.0779749 0.1068199 0.0805703 0.0772339 0.0926992 0.0250307 0.0982509 
Dasyuridae_Sarcophilus_harrisii              0.0839888 0.0938901 0.0912785 0.0885104 0.0921024 0.0088985 0.0753585 0.0746310 0.0988698 0.0953676 0.0811836 0.0229022 0.0286473 0.0837958 0.0857024 0.0225559 0.0000000 0.0225324 0.0913605 0.0883848 0.0799007 0.1085079 0.1107410 0.0213242 0.0969662 0.0844114 0.0818480 0.0906581 0.0802399 0.1045653 0.0823319 0.0791679 0.0913142 0.0092599 0.0969148 
Dasyuridae_Planigale_tenuirostris            0.0856464 0.0919910 0.0918350 0.0894884 0.0919843 0.0244308 0.0737429 0.0719877 0.0979611 0.0951250 0.0797213 0.0276385 0.0209909 0.0813468 0.0814656 0.0272439 0.0225324 0.0000000 0.0943509 0.0895222 0.0742666 0.1047900 0.1060881 0.0254049 0.0923033 0.0829841 0.0767705 0.0893040 0.0777522 0.1011358 0.0812293 0.0774179 0.0917022 0.0252715 0.0969166 
Peramelidae_Echymipera_kalubu                0.0888689 0.0904625 0.0926616 0.0960216 0.0992333 0.0914330 0.0875095 0.0880026 0.1026183 0.0248976 0.0957730 0.0933491 0.0969617 0.0968157 0.0967555 0.0933671 0.0913605 0.0943509 0.0000000 0.0962313 0.0936203 0.1163673 0.1221454 0.0929532 0.1033867 0.0937729 0.0962375 0.0977250 0.0899717 0.1184708 0.0921660 0.0915477 0.0220040 0.0950403 0.0267499 
Macropodidae_Dorcopsulus_vanheurni           0.0645932 0.0921915 0.0821042 0.0206768 0.0235200 0.0903389 0.0572476 0.0539701 0.0282371 0.0966813 0.0597319 0.0881793 0.0946282 0.0596518 0.0619731 0.0870271 0.0883848 0.0895222 0.0962313 0.0000000 0.0624897 0.1117634 0.1203924 0.0886112 0.0435594 0.0856495 0.0678145 0.0129686 0.0609232 0.0899292 0.0647088 0.0577297 0.0958465 0.0904936 0.0988379 
Pseudochiridae_Pseudochirulus_forbesi        0.0565331 0.0854565 0.0739718 0.0645995 0.0669593 0.0818048 0.0509275 0.0483184 0.0713251 0.0948153 0.0523581 0.0786358 0.0848788 0.0540048 0.0503792 0.0774501 0.0799007 0.0742666 0.0936203 0.0624897 0.0000000 0.1044345 0.1117912 0.0800755 0.0688207 0.0740337 0.0294939 0.0641844 0.0153161 0.0719815 0.0535198 0.0521247 0.0936223 0.0819318 0.0970167 
Didelphidae_Didelphis_virginiana             0.1056766 0.1114344 0.1100168 0.1132082 0.1154108 0.1110863 0.0993381 0.0970881 0.1207868 0.1220528 0.1031847 0.1075711 0.1119071 0.1014646 0.1049606 0.1061413 0.1085079 0.1047900 0.1163673 0.1117634 0.1044345 0.0000000 0.0557376 0.1118538 0.1170977 0.1036622 0.1026314 0.1143382 0.0982820 0.1285283 0.1068208 0.0998749 0.1178835 0.1109061 0.1222331 
Marmosidae_Monodelphis_domestica             0.1104943 0.1198290 0.1122231 0.1225050 0.1255387 0.1126007 0.1028733 0.1030425 0.1271948 0.1263257 0.1107364 0.1116646 0.1124327 0.1114101 0.1117780 0.1113450 0.1107410 0.1060881 0.1221454 0.1203924 0.1117912 0.0557376 0.0000000 0.1136360 0.1217142 0.1005118 0.1102991 0.1222582 0.1057574 0.1291717 0.1113950 0.1073077 0.1244174 0.1125448 0.1262437 
Dasyuridae_Antechinus_stuartii               0.0886690 0.0912660 0.0919744 0.0898706 0.0923036 0.0223843 0.0782554 0.0765913 0.0986330 0.0956998 0.0829054 0.0131553 0.0282463 0.0841489 0.0863905 0.0121190 0.0213242 0.0254049 0.0929532 0.0886112 0.0800755 0.1118538 0.1136360 0.0000000 0.0952023 0.0886225 0.0856010 0.0918228 0.0809282 0.1084992 0.0811380 0.0803069 0.0921453 0.0238198 0.0989519 
Hypsiprymnodontidae_Hypsiprymnodon_moschatus 0.0676640 0.1029626 0.0869899 0.0470119 0.0487547 0.0989290 0.0622761 0.0609222 0.0536800 0.1054542 0.0648642 0.0931181 0.1038160 0.0648297 0.0698751 0.0918529 0.0969662 0.0923033 0.1033867 0.0435594 0.0688207 0.1170977 0.1217142 0.0952023 0.0000000 0.0931916 0.0730505 0.0458133 0.0668315 0.0892142 0.0647153 0.0641606 0.1047620 0.0990780 0.1076798 
Microbiotheriidae_Dromiciops_gliroides       0.0838942 0.0855548 0.0837207 0.0849652 0.0874244 0.0871383 0.0734031 0.0723073 0.0922043 0.0923297 0.0798211 0.0876679 0.0907084 0.0808514 0.0788084 0.0871346 0.0844114 0.0829841 0.0937729 0.0856495 0.0740337 0.1036622 0.1005118 0.0886225 0.0931916 0.0000000 0.0755596 0.0858257 0.0738614 0.1001187 0.0768469 0.0746198 0.0957484 0.0870236 0.0950721 
Pseudochiridae_Petauroides_volans            0.0603197 0.0893457 0.0754403 0.0704876 0.0740125 0.0842164 0.0552020 0.0514969 0.0780967 0.0987341 0.0559595 0.0820714 0.0885624 0.0564551 0.0520847 0.0816513 0.0818480 0.0767705 0.0962375 0.0678145 0.0294939 0.1026314 0.1102991 0.0856010 0.0730505 0.0755596 0.0000000 0.0693499 0.0293848 0.0743037 0.0514438 0.0531150 0.0973775 0.0843386 0.1012147 
Macropodidae_Wallabia_bicolor                0.0658384 0.0961060 0.0828028 0.0214679 0.0228849 0.0922278 0.0578593 0.0565190 0.0283384 0.0990291 0.0618660 0.0900024 0.0956906 0.0615300 0.0654457 0.0888793 0.0906581 0.0893040 0.0977250 0.0129686 0.0641844 0.1143382 0.1222582 0.0918228 0.0458133 0.0858257 0.0693499 0.0000000 0.0619666 0.0880120 0.0672918 0.0594986 0.0973088 0.0935716 0.1020810 
Pseudochiridae_Pseudocheirus_occidentalis    0.0567859 0.0863355 0.0713801 0.0627057 0.0658135 0.0821964 0.0509480 0.0498356 0.0672180 0.0930050 0.0532712 0.0788141 0.0836157 0.0540499 0.0505369 0.0779749 0.0802399 0.0777522 0.0899717 0.0609232 0.0153161 0.0982820 0.1057574 0.0809282 0.0668315 0.0738614 0.0293848 0.0619666 0.0000000 0.0676385 0.0494581 0.0513730 0.0923718 0.0815295 0.0952164 
Tarsipedidae_Tarsipes_rostratus              0.0750014 0.1144561 0.0989416 0.0910367 0.0942189 0.1087595 0.0775472 0.0756745 0.0949835 0.1213834 0.0814217 0.1066795 0.1136880 0.0829083 0.0810339 0.1068199 0.1045653 0.1011358 0.1184708 0.0899292 0.0719815 0.1285283 0.1291717 0.1084992 0.0892142 0.1001187 0.0743037 0.0880120 0.0676385 0.0000000 0.0777864 0.0799111 0.1179689 0.1088758 0.1220484 
Acrobatidae_Distoechurus_pennatus            0.0533060 0.0939765 0.0793218 0.0662167 0.0687186 0.0834814 0.0535350 0.0502429 0.0722661 0.0934201 0.0563275 0.0805080 0.0853420 0.0563747 0.0441930 0.0805703 0.0823319 0.0812293 0.0921660 0.0647088 0.0535198 0.1068208 0.1113950 0.0811380 0.0647153 0.0768469 0.0514438 0.0672918 0.0494581 0.0777864 0.0000000 0.0515270 0.0934236 0.0834554 0.0960759 
Phalangeridae_Phalanger_carmelitae           0.0505522 0.0844267 0.0723794 0.0613693 0.0647845 0.0811428 0.0193194 0.0083496 0.0674822 0.0962244 0.0106197 0.0760241 0.0869197 0.0056531 0.0516748 0.0772339 0.0791679 0.0774179 0.0915477 0.0577297 0.0521247 0.0998749 0.1073077 0.0803069 0.0641606 0.0746198 0.0531150 0.0594986 0.0513730 0.0799111 0.0515270 0.0000000 0.0917654 0.0819438 0.0975167 
Peramelidae_Peroryctes_raffrayana            0.0889863 0.0945663 0.0930337 0.0976435 0.0986515 0.0917469 0.0892848 0.0894928 0.1060640 0.0252776 0.0979705 0.0918968 0.0954482 0.0979846 0.0997784 0.0926992 0.0913142 0.0917022 0.0220040 0.0958465 0.0936223 0.1178835 0.1244174 0.0921453 0.1047620 0.0957484 0.0973775 0.0973088 0.0923718 0.1179689 0.0934236 0.0917654 0.0000000 0.0937927 0.0271327 
Dasyuridae_Dasyurus_geffroii                 0.0858783 0.0965114 0.0936401 0.0909943 0.0946006 0.0085492 0.0763401 0.0774429 0.1010042 0.0975187 0.0839658 0.0246708 0.0308232 0.0873657 0.0878607 0.0250307 0.0092599 0.0252715 0.0950403 0.0904936 0.0819318 0.1109061 0.1125448 0.0238198 0.0990780 0.0870236 0.0843386 0.0935716 0.0815295 0.1088758 0.0834554 0.0819438 0.0937927 0.0000000 0.0990689 
Peramelidae_Perameles_gunnii                 0.0920925 0.0929749 0.0951576 0.1013974 0.1043431 0.0969644 0.0942692 0.0940106 0.1081389 0.0053054 0.1021162 0.0978749 0.1017052 0.1038090 0.1027174 0.0982509 0.0969148 0.0969166 0.0267499 0.0988379 0.0970167 0.1222331 0.1262437 0.0989519 0.1076798 0.0950721 0.1012147 0.1020810 0.0952164 0.1220484 0.0960759 0.0975167 0.0271327 0.0990689 0.0000000 
