35
Burramyidae_Burramys_parvus                  0.0000000 0.1223175 0.0488462 0.0839013 0.0824980 0.0684630 0.0537146 0.0505475 0.0812752 0.1213474 0.0490019 0.0628507 0.1024965 0.0521191 0.0573557 0.0621863 0.1003158 0.0619522 0.0948647 0.0656943 0.0649379 0.1304468 0.1243545 0.0669061 0.0789774 0.0727882 0.0566550 0.0714428 0.0541333 0.0648301 0.0719173 0.0509951 0.0948267 0.1053986 0.1196993 
Notoryctidae_Notoryctes_typhlops             0.1223175 0.0000000 0.1220049 0.1449634 0.1471474 0.0979089 0.1243335 0.1213609 0.1410493 0.1506729 0.1213487 0.0938888 0.1439267 0.1251837 0.1286391 0.0935506 0.1367968 0.0959983 0.1348670 0.1239239 0.1483691 0.1838720 0.1614842 0.0972768 0.1472936 0.1198675 0.1312381 0.1363857 0.1231700 0.1483023 0.1537401 0.1250998 0.1403810 0.1435027 0.1463812 
Vombatidae_Lasiorhinus_latifrons             0.0488462 0.1220049 0.0000000 0.0938321 0.0924063 0.0635739 0.0604130 0.0592095 0.0922157 0.1156032 0.0572906 0.0605161 0.0966236 0.0607409 0.0644059 0.0582281 0.0912125 0.0590015 0.0945591 0.0781134 0.0749520 0.1178211 0.1056294 0.0608194 0.0827580 0.0734771 0.0613416 0.0809944 0.0627581 0.0745683 0.0839027 0.0589164 0.0962613 0.0944305 0.1150054 
Potoroidae_Bettongia_penicillata             0.0839013 0.1449634 0.0938321 0.0000000 0.0065888 0.0906377 0.0976734 0.0905205 0.0141513 0.1517683 0.0881738 0.0820737 0.1331869 0.0896311 0.0975865 0.0798157 0.1289918 0.0828318 0.1266407 0.0361597 0.1069798 0.1673301 0.1526975 0.0865419 0.0593440 0.1021286 0.0911461 0.0340257 0.0822689 0.1092671 0.1168006 0.0895980 0.1262970 0.1336173 0.1496858 
Potoroidae_Bettongia_lesueur                 0.0824980 0.1471474 0.0924063 0.0065888 0.0000000 0.0887396 0.0963608 0.0905777 0.0122336 0.1504997 0.0881442 0.0802274 0.1314686 0.0905860 0.0978448 0.0779762 0.1257676 0.0807586 0.1292834 0.0365791 0.1059877 0.1640960 0.1546783 0.0846291 0.0582122 0.1026585 0.0933028 0.0344763 0.0870177 0.1094531 0.1180174 0.0914304 0.1294731 0.1304412 0.1510703 
Dasyuridae_Dasyurus_maculatus                0.0684630 0.0979089 0.0635739 0.0906377 0.0887396 0.0000000 0.0715763 0.0681520 0.0897423 0.0798191 0.0673344 0.0096392 0.0179077 0.0724990 0.0716499 0.0108938 0.0023765 0.0130992 0.0753534 0.0748177 0.0818239 0.0993528 0.0834497 0.0104308 0.0817957 0.0614583 0.0682240 0.0778264 0.0715644 0.0806016 0.0899814 0.0729712 0.0765669 0.0023710 0.0791643 
Phalangeridae_Trichosurus_vulpecula          0.0537146 0.1243335 0.0604130 0.0976734 0.0963608 0.0715763 0.0000000 0.0244649 0.0928120 0.1205142 0.0282696 0.0669173 0.1084070 0.0266706 0.0723212 0.0678406 0.1049493 0.0679726 0.1007878 0.0813216 0.0782424 0.1326445 0.1209197 0.0676548 0.0797075 0.0876639 0.0692722 0.0898956 0.0603910 0.0720190 0.0863610 0.0264718 0.0971767 0.1111581 0.1217872 
Phalangeridae_Spilocuscus_maculatus          0.0505475 0.1213609 0.0592095 0.0905205 0.0905777 0.0681520 0.0244649 0.0000000 0.0870362 0.1189149 0.0187949 0.0649473 0.1065893 0.0180491 0.0689654 0.0658668 0.1017448 0.0640386 0.0966419 0.0741195 0.0777609 0.1281724 0.1112245 0.0664444 0.0812514 0.0798244 0.0674289 0.0800038 0.0620663 0.0734529 0.0826395 0.0185869 0.0917248 0.1082169 0.1202083 
Potoroidae_Aepyprymnus_rufescens             0.0812752 0.1410493 0.0922157 0.0141513 0.0122336 0.0897423 0.0928120 0.0870362 0.0000000 0.1481010 0.0837501 0.0812134 0.1327052 0.0886710 0.0975150 0.0789612 0.1270036 0.0792747 0.1222932 0.0338750 0.1044595 0.1646546 0.1531125 0.0856454 0.0592100 0.1053827 0.0920882 0.0324367 0.0857332 0.1087855 0.1176014 0.0895321 0.1254495 0.1310280 0.1474594 
Peramelidae_Perameles_nasuta                 0.1213474 0.1506729 0.1156032 0.1517683 0.1504997 0.0798191 0.1205142 0.1189149 0.1481010 0.0000000 0.1225559 0.0763474 0.1303855 0.1223169 0.1333701 0.0776653 0.1204801 0.0746978 0.0360661 0.1340952 0.1392149 0.1746192 0.1598548 0.0757625 0.1437962 0.1069587 0.1201648 0.1422369 0.1183754 0.1402197 0.1541893 0.1205362 0.0350621 0.1246660 0.0012261 
Phalangeridae_Strigocuscus_pelengensis       0.0490019 0.1213487 0.0572906 0.0881738 0.0881442 0.0673344 0.0282696 0.0187949 0.0837501 0.1225559 0.0000000 0.0609656 0.1058335 0.0189479 0.0686233 0.0635594 0.1037899 0.0631773 0.0967902 0.0733883 0.0818043 0.1276040 0.1150867 0.0653917 0.0824034 0.0815182 0.0684413 0.0808761 0.0634326 0.0713481 0.0816936 0.0175546 0.0958143 0.1094864 0.1209195 
Dasyuridae_Phascogale_tapoatafa              0.0628507 0.0938888 0.0605161 0.0820737 0.0802274 0.0096392 0.0669173 0.0649473 0.0812134 0.0763474 0.0609656 0.0000000 0.0218362 0.0657899 0.0649314 0.0035508 0.0109077 0.0179091 0.0729338 0.0699427 0.0797387 0.0975149 0.0799730 0.0072874 0.0800708 0.0591986 0.0645746 0.0720207 0.0680346 0.0740822 0.0857115 0.0662846 0.0739478 0.0109083 0.0760190 
Dasyuridae_Sminthopsis_macroura              0.1024965 0.1439267 0.0966236 0.1331869 0.1314686 0.0179077 0.1084070 0.1065893 0.1327052 0.1303855 0.1058335 0.0218362 0.0000000 0.1098321 0.1039388 0.0219020 0.0302969 0.0143675 0.1149388 0.1105664 0.1168829 0.1492413 0.1248329 0.0228907 0.1215719 0.0958733 0.1011409 0.1147240 0.1086578 0.1206156 0.1323062 0.1098862 0.1161914 0.0322906 0.1297409 
Phalangeridae_Phalanger_orientalis           0.0521191 0.1251837 0.0607409 0.0896311 0.0905860 0.0724990 0.0266706 0.0180491 0.0886710 0.1223169 0.0189479 0.0657899 0.1098321 0.0000000 0.0718642 0.0667159 0.1069906 0.0696788 0.0993540 0.0772385 0.0812004 0.1325183 0.1184459 0.0688847 0.0781523 0.0848252 0.0715130 0.0842729 0.0655910 0.0717542 0.0888108 0.0072133 0.0998747 0.1134424 0.1226204 
Acrobatidae_Acrobates_pygmaeus               0.0573557 0.1286391 0.0644059 0.0975865 0.0978448 0.0716499 0.0723212 0.0689654 0.0975150 0.1333701 0.0686233 0.0649314 0.1039388 0.0718642 0.0000000 0.0684233 0.1015715 0.0661333 0.1107150 0.0854582 0.0755831 0.1459953 0.1302051 0.0701345 0.0944381 0.0854685 0.0610051 0.0870185 0.0598184 0.0697787 0.0458562 0.0709736 0.1117711 0.1039451 0.1320369 
Dasyuridae_Phascogale_calura                 0.0621863 0.0935506 0.0582281 0.0798157 0.0779762 0.0108938 0.0678406 0.0658668 0.0789612 0.0776653 0.0635594 0.0035508 0.0219020 0.0667159 0.0684233 0.0000000 0.0121751 0.0179661 0.0723880 0.0695227 0.0773148 0.0968913 0.0820402 0.0073083 0.0779089 0.0585427 0.0620979 0.0715935 0.0663432 0.0752050 0.0866456 0.0672084 0.0752195 0.0121760 0.0772561 
Dasyuridae_Sarcophilus_harrisii              0.1003158 0.1367968 0.0912125 0.1289918 0.1257676 0.0023765 0.1049493 0.1017448 0.1270036 0.1204801 0.1037899 0.0109077 0.0302969 0.1069906 0.1015715 0.0121751 0.0000000 0.0144707 0.1068959 0.1063846 0.1156331 0.1420946 0.1187757 0.0117276 0.1175777 0.0904412 0.1009646 0.1116749 0.1037260 0.1161645 0.1248954 0.1085434 0.1074063 0.0074648 0.1214724 
Dasyuridae_Planigale_tenuirostris            0.0619522 0.0959983 0.0590015 0.0828318 0.0807586 0.0130992 0.0679726 0.0640386 0.0792747 0.0746978 0.0631773 0.0179091 0.0143675 0.0696788 0.0661333 0.0179661 0.0144707 0.0000000 0.0684169 0.0657892 0.0776183 0.0981863 0.0809767 0.0167111 0.0805207 0.0564296 0.0643829 0.0677989 0.0675526 0.0782063 0.0820701 0.0701953 0.0731820 0.0158440 0.0733336 
Peramelidae_Echymipera_kalubu                0.0948647 0.1348670 0.0945591 0.1266407 0.1292834 0.0753534 0.1007878 0.0966419 0.1222932 0.0360661 0.0967902 0.0729338 0.1149388 0.0993540 0.1107150 0.0723880 0.1068959 0.0684169 0.0000000 0.1109031 0.1171032 0.1487281 0.1275402 0.0727900 0.1217675 0.0906554 0.0909377 0.1184677 0.0942557 0.1141516 0.1285319 0.0984564 0.0146933 0.1134371 0.0356771 
Macropodidae_Dorcopsulus_vanheurni           0.0656943 0.1239239 0.0781134 0.0361597 0.0365791 0.0748177 0.0813216 0.0741195 0.0338750 0.1340952 0.0733883 0.0699427 0.1105664 0.0772385 0.0854582 0.0695227 0.1063846 0.0657892 0.1109031 0.0000000 0.0909743 0.1466288 0.1253144 0.0713331 0.0545974 0.0876164 0.0807617 0.0106340 0.0769151 0.0951976 0.1043245 0.0781588 0.1088256 0.1145493 0.1339825 
Pseudochiridae_Pseudochirulus_forbesi        0.0649379 0.1483691 0.0749520 0.1069798 0.1059877 0.0818239 0.0782424 0.0777609 0.1044595 0.1392149 0.0818043 0.0797387 0.1168829 0.0812004 0.0755831 0.0773148 0.1156331 0.0776183 0.1171032 0.0909743 0.0000000 0.1506076 0.1355014 0.0796157 0.0949906 0.0982229 0.0416371 0.0974318 0.0183753 0.0701801 0.0998748 0.0815887 0.1162935 0.1152734 0.1393854 
Didelphidae_Didelphis_virginiana             0.1304468 0.1838720 0.1178211 0.1673301 0.1640960 0.0993528 0.1326445 0.1281724 0.1646546 0.1746192 0.1276040 0.0975149 0.1492413 0.1325183 0.1459953 0.0968913 0.1420946 0.0981863 0.1487281 0.1466288 0.1506076 0.0000000 0.0469515 0.0973154 0.1560601 0.1309811 0.1341607 0.1522993 0.1294670 0.1545466 0.1742505 0.1348403 0.1539996 0.1408732 0.1755224 
Marmosidae_Monodelphis_domestica             0.1243545 0.1614842 0.1056294 0.1526975 0.1546783 0.0834497 0.1209197 0.1112245 0.1531125 0.1598548 0.1150867 0.0799730 0.1248329 0.1184459 0.1302051 0.0820402 0.1187757 0.0809767 0.1275402 0.1253144 0.1355014 0.0469515 0.0000000 0.0802143 0.1356804 0.1143866 0.1189483 0.1330777 0.1187955 0.1396986 0.1566546 0.1201772 0.1329805 0.1205805 0.1606225 
Dasyuridae_Antechinus_stuartii               0.0669061 0.0972768 0.0608194 0.0865419 0.0846291 0.0104308 0.0676548 0.0664444 0.0856454 0.0757625 0.0653917 0.0072874 0.0228907 0.0688847 0.0701345 0.0073083 0.0117276 0.0167111 0.0727900 0.0713331 0.0796157 0.0973154 0.0802143 0.0000000 0.0846428 0.0597176 0.0649321 0.0734640 0.0698284 0.0774551 0.0821033 0.0693791 0.0744100 0.0123646 0.0762288 
Hypsiprymnodontidae_Hypsiprymnodon_moschatus 0.0789774 0.1472936 0.0827580 0.0593440 0.0582122 0.0817957 0.0797075 0.0812514 0.0592100 0.1437962 0.0824034 0.0800708 0.1215719 0.0781523 0.0944381 0.0779089 0.1175777 0.0805207 0.1217675 0.0545974 0.0949906 0.1560601 0.1356804 0.0846428 0.0000000 0.1000923 0.0843280 0.0577367 0.0799912 0.1041215 0.1157778 0.0782199 0.1229923 0.1204249 0.1447195 
Microbiotheriidae_Dromiciops_gliroides       0.0727882 0.1198675 0.0734771 0.1021286 0.1026585 0.0614583 0.0876639 0.0798244 0.1053827 0.1069587 0.0815182 0.0591986 0.0958733 0.0848252 0.0854685 0.0585427 0.0904412 0.0564296 0.0906554 0.0876164 0.0982229 0.1309811 0.1143866 0.0597176 0.1000923 0.0000000 0.0798492 0.0916975 0.0800958 0.0912402 0.1001276 0.0807944 0.0938640 0.0945076 0.1055885 
Pseudochiridae_Petauroides_volans            0.0566550 0.1312381 0.0613416 0.0911461 0.0933028 0.0682240 0.0692722 0.0674289 0.0920882 0.1201648 0.0684413 0.0645746 0.1011409 0.0715130 0.0610051 0.0620979 0.1009646 0.0643829 0.0909377 0.0807617 0.0416371 0.1341607 0.1189483 0.0649321 0.0843280 0.0798492 0.0000000 0.0863775 0.0307352 0.0554523 0.0793819 0.0686932 0.0962940 0.1048977 0.1179157 
Macropodidae_Wallabia_bicolor                0.0714428 0.1363857 0.0809944 0.0340257 0.0344763 0.0778264 0.0898956 0.0800038 0.0324367 0.1422369 0.0808761 0.0720207 0.1147240 0.0842729 0.0870185 0.0715935 0.1116749 0.0677989 0.1184677 0.0106340 0.0974318 0.1522993 0.1330777 0.0734640 0.0577367 0.0916975 0.0863775 0.0000000 0.0822490 0.1030965 0.1025792 0.0851864 0.1150855 0.1173595 0.1418266 
Pseudochiridae_Pseudocheirus_occidentalis    0.0541333 0.1231700 0.0627581 0.0822689 0.0870177 0.0715644 0.0603910 0.0620663 0.0857332 0.1183754 0.0634326 0.0680346 0.1086578 0.0655910 0.0598184 0.0663432 0.1037260 0.0675526 0.0942557 0.0769151 0.0183753 0.1294670 0.1187955 0.0698284 0.0799912 0.0800958 0.0307352 0.0822490 0.0000000 0.0551965 0.0854901 0.0635285 0.0960652 0.1078391 0.1178225 
Tarsipedidae_Tarsipes_rostratus              0.0648301 0.1483023 0.0745683 0.1092671 0.1094531 0.0806016 0.0720190 0.0734529 0.1087855 0.1402197 0.0713481 0.0740822 0.1206156 0.0717542 0.0697787 0.0752050 0.1161645 0.0782063 0.1141516 0.0951976 0.0701801 0.1545466 0.1396986 0.0774551 0.1041215 0.0912402 0.0554523 0.1030965 0.0551965 0.0000000 0.0919991 0.0702128 0.1138639 0.1189696 0.1396277 
Acrobatidae_Distoechurus_pennatus            0.0719173 0.1537401 0.0839027 0.1168006 0.1180174 0.0899814 0.0863610 0.0826395 0.1176014 0.1541893 0.0816936 0.0857115 0.1323062 0.0888108 0.0458562 0.0866456 0.1248954 0.0820701 0.1285319 0.1043245 0.0998748 0.1742505 0.1566546 0.0821033 0.1157778 0.1001276 0.0793819 0.1025792 0.0854901 0.0919991 0.0000000 0.0884582 0.1265883 0.1311805 0.1533423 
Phalangeridae_Phalanger_carmelitae           0.0509951 0.1250998 0.0589164 0.0895980 0.0914304 0.0729712 0.0264718 0.0185869 0.0895321 0.1205362 0.0175546 0.0662846 0.1098862 0.0072133 0.0709736 0.0672084 0.1085434 0.0701953 0.0984564 0.0781588 0.0815887 0.1348403 0.1201772 0.0693791 0.0782199 0.0807944 0.0686932 0.0851864 0.0635285 0.0702128 0.0884582 0.0000000 0.0976621 0.1149149 0.1209025 
Peramelidae_Peroryctes_raffrayana            0.0948267 0.1403810 0.0962613 0.1262970 0.1294731 0.0765669 0.0971767 0.0917248 0.1254495 0.0350621 0.0958143 0.0739478 0.1161914 0.0998747 0.1117711 0.0752195 0.1074063 0.0731820 0.0146933 0.1088256 0.1162935 0.1539996 0.1329805 0.0744100 0.1229923 0.0938640 0.0962940 0.1150855 0.0960652 0.1138639 0.1265883 0.0976621 0.0000000 0.1154515 0.0343598 
Dasyuridae_Dasyurus_geffroii                 0.1053986 0.1435027 0.0944305 0.1336173 0.1304412 0.0023710 0.1111581 0.1082169 0.1310280 0.1246660 0.1094864 0.0109083 0.0322906 0.1134424 0.1039451 0.0121760 0.0074648 0.0158440 0.1134371 0.1145493 0.1152734 0.1408732 0.1205805 0.0123646 0.1204249 0.0945076 0.1048977 0.1173595 0.1078391 0.1189696 0.1311805 0.1149149 0.1154515 0.0000000 0.1253541 
Peramelidae_Perameles_gunnii                 0.1196993 0.1463812 0.1150054 0.1496858 0.1510703 0.0791643 0.1217872 0.1202083 0.1474594 0.0012261 0.1209195 0.0760190 0.1297409 0.1226204 0.1320369 0.0772561 0.1214724 0.0733336 0.0356771 0.1339825 0.1393854 0.1755224 0.1606225 0.0762288 0.1447195 0.1055885 0.1179157 0.1418266 0.1178225 0.1396277 0.1533423 0.1209025 0.0343598 0.1253541 0.0000000 
