35
Burramyidae_Burramys_parvus                  0.0000000 0.0953391 0.1024593 0.0973177 0.1258112 0.0793420 0.0831454 0.0970948 0.2031977 0.0904135 0.1441379 0.1383294 0.0811351 0.0918283 0.1438344 0.1468666 0.1346046 0.1973784 0.0918395 0.0910225 0.1429300 0.0920201 0.1291906 0.0864571 0.0916991 0.0957504 0.0947021 0.0838689 0.2026543 0.1249685 0.1999077 0.0820195 0.0860619 0.1012799 0.1463340 
Vombatidae_Lasiorhinus_latifrons             0.0953391 0.0000000 0.0922670 0.0865221 0.1017910 0.0709879 0.0774716 0.0835632 0.1497287 0.0832739 0.1220854 0.1104580 0.0768220 0.0828967 0.1206863 0.1197973 0.1126739 0.1438735 0.0792405 0.0765307 0.1180152 0.0745039 0.0962231 0.0730427 0.0774324 0.0824304 0.0809718 0.0762728 0.1504361 0.0994016 0.1531645 0.0728756 0.0755358 0.0890898 0.1312822 
Potoroidae_Bettongia_penicillata             0.1024593 0.0922670 0.0000000 0.0093108 0.1263387 0.0763315 0.0805772 0.0205689 0.1809577 0.0850615 0.1514877 0.1421460 0.0786390 0.0895582 0.1476454 0.1484311 0.1385761 0.1741983 0.0339443 0.0839290 0.1472298 0.0475498 0.1181181 0.0788325 0.0315266 0.0878057 0.0871874 0.0807265 0.1798090 0.1258616 0.1792526 0.0840062 0.0925763 0.1137871 0.1385278 
Potoroidae_Bettongia_lesueur                 0.0973177 0.0865221 0.0093108 0.0000000 0.1218944 0.0733151 0.0781673 0.0167763 0.1745629 0.0821784 0.1482079 0.1377922 0.0741494 0.0838328 0.1443427 0.1452240 0.1346181 0.1682564 0.0299606 0.0791574 0.1434434 0.0431891 0.1137939 0.0730825 0.0278515 0.0818899 0.0813919 0.0779591 0.1734119 0.1214308 0.1725102 0.0790936 0.0840535 0.1054595 0.1282866 
Dasyuridae_Dasyurus_maculatus                0.1258112 0.1017910 0.1263387 0.1218944 0.0000000 0.0951321 0.1050101 0.1173554 0.1592871 0.1111584 0.0137294 0.0203823 0.1035105 0.1050591 0.0141158 0.0098108 0.0213702 0.1621941 0.1158582 0.1086511 0.0137951 0.1063728 0.1001846 0.1056549 0.1151602 0.1158739 0.1087914 0.1030030 0.1588698 0.0073878 0.1606119 0.0895724 0.0977254 0.1205551 0.1499239 
Phalangeridae_Trichosurus_vulpecula          0.0793420 0.0709879 0.0763315 0.0733151 0.0951321 0.0000000 0.0237194 0.0701217 0.1495728 0.0373093 0.1120575 0.1066369 0.0223963 0.0745323 0.1117978 0.1153784 0.1050818 0.1469977 0.0660679 0.0683381 0.1088121 0.0637584 0.0933457 0.0649824 0.0649155 0.0741662 0.0738432 0.0242686 0.1474369 0.0961323 0.1452429 0.0748892 0.0791939 0.0991042 0.1355517 
Phalangeridae_Spilocuscus_maculatus          0.0831454 0.0774716 0.0805772 0.0781673 0.1050101 0.0237194 0.0000000 0.0758061 0.1542936 0.0339240 0.1223934 0.1164704 0.0187220 0.0770120 0.1221763 0.1228881 0.1136783 0.1569252 0.0692364 0.0695281 0.1191434 0.0693275 0.1022304 0.0684146 0.0691390 0.0748317 0.0760426 0.0197516 0.1553737 0.1064779 0.1518760 0.0788136 0.0861718 0.1058989 0.1393646 
Potoroidae_Aepyprymnus_rufescens             0.0970948 0.0835632 0.0205689 0.0167763 0.1173554 0.0701217 0.0758061 0.0000000 0.1673681 0.0782135 0.1406545 0.1318420 0.0733351 0.0797613 0.1365070 0.1400840 0.1243558 0.1593887 0.0287315 0.0798579 0.1353676 0.0421448 0.1111940 0.0706197 0.0264210 0.0825228 0.0805290 0.0753266 0.1646227 0.1188228 0.1613693 0.0751770 0.0786044 0.1044668 0.1243560 
Peramelidae_Perameles_nasuta                 0.2031977 0.1497287 0.1809577 0.1745629 0.1592871 0.1495728 0.1542936 0.1673681 0.0000000 0.1752975 0.1956316 0.1820488 0.1526345 0.1597650 0.1960948 0.1951692 0.1954149 0.0253705 0.1618865 0.1481959 0.1954092 0.1577139 0.1475590 0.1395248 0.1583749 0.1551929 0.1542527 0.1541361 0.0247251 0.1544970 0.0009471 0.1074033 0.1592035 0.1734704 0.1174132 
Phalangeridae_Strigocuscus_pelengensis       0.0904135 0.0832739 0.0850615 0.0821784 0.1111584 0.0373093 0.0339240 0.0782135 0.1752975 0.0000000 0.1308880 0.1243264 0.0301219 0.0822204 0.1319130 0.1300230 0.1217671 0.1756099 0.0747157 0.0764685 0.1286417 0.0740057 0.1043446 0.0724735 0.0748231 0.0787290 0.0803303 0.0294671 0.1766446 0.1115451 0.1720587 0.0864508 0.0953607 0.1154421 0.1692977 
Dasyuridae_Phascogale_tapoatafa              0.1441379 0.1220854 0.1514877 0.1482079 0.0137294 0.1120575 0.1223934 0.1406545 0.1956316 0.1308880 0.0000000 0.0257971 0.1204505 0.1249153 0.0040195 0.0185213 0.0226182 0.1978039 0.1357453 0.1282163 0.0102648 0.1292308 0.1254837 0.1254087 0.1342990 0.1352197 0.1300779 0.1215729 0.1925636 0.0127529 0.1954475 0.0884488 0.0893223 0.1114970 0.1488860 
Dasyuridae_Sminthopsis_macroura              0.1383294 0.1104580 0.1421460 0.1377922 0.0203823 0.1066369 0.1164704 0.1318420 0.1820488 0.1243264 0.0257971 0.0000000 0.1158119 0.1197457 0.0258315 0.0281650 0.0215029 0.1910665 0.1275902 0.1209260 0.0238738 0.1193200 0.1126988 0.1216289 0.1267809 0.1292421 0.1269903 0.1144934 0.1854963 0.0193478 0.1903869 0.0793583 0.0927253 0.1098271 0.1412049 
Phalangeridae_Phalanger_orientalis           0.0811351 0.0768220 0.0786390 0.0741494 0.1035105 0.0223963 0.0187220 0.0733351 0.1526345 0.0301219 0.1204505 0.1158119 0.0000000 0.0744097 0.1210879 0.1223675 0.1114090 0.1515048 0.0658331 0.0674819 0.1171234 0.0662340 0.0969425 0.0667543 0.0663462 0.0741701 0.0762099 0.0115593 0.1528437 0.1049320 0.1487599 0.0763836 0.0825878 0.0999373 0.1335615 
Acrobatidae_Acrobates_pygmaeus               0.0918283 0.0828967 0.0895582 0.0838328 0.1050591 0.0745323 0.0770120 0.0797613 0.1597650 0.0822204 0.1249153 0.1197457 0.0744097 0.0000000 0.1245699 0.1270516 0.1170419 0.1614636 0.0753126 0.0624058 0.1246567 0.0722708 0.0983462 0.0580704 0.0756429 0.0666362 0.0449812 0.0781421 0.1613455 0.1052702 0.1560588 0.0786139 0.0815895 0.1000057 0.1207641 
Dasyuridae_Phascogale_calura                 0.1438344 0.1206863 0.1476454 0.1443427 0.0141158 0.1117978 0.1221763 0.1365070 0.1960948 0.1319130 0.0040195 0.0258315 0.1210879 0.1245699 0.0000000 0.0188922 0.0214079 0.1972294 0.1340550 0.1274475 0.0099848 0.1284826 0.1232173 0.1237366 0.1326255 0.1344637 0.1279772 0.1213248 0.1933414 0.0131329 0.1958219 0.0871113 0.0899431 0.1146305 0.1512392 
Dasyuridae_Sarcophilus_harrisii              0.1468666 0.1197973 0.1484311 0.1452240 0.0098108 0.1153784 0.1228881 0.1400840 0.1951692 0.1300230 0.0185213 0.0281650 0.1223675 0.1270516 0.0188922 0.0000000 0.0242565 0.1983203 0.1350188 0.1284083 0.0178216 0.1261995 0.1281305 0.1257206 0.1343177 0.1355552 0.1310432 0.1235174 0.1987245 0.0100950 0.2014766 0.0864958 0.0972672 0.1161058 0.1415465 
Dasyuridae_Planigale_tenuirostris            0.1346046 0.1126739 0.1385761 0.1346181 0.0213702 0.1050818 0.1136783 0.1243558 0.1954149 0.1217671 0.0226182 0.0215029 0.1114090 0.1170419 0.0214079 0.0242565 0.0000000 0.1954177 0.1222928 0.1199880 0.0217141 0.1182313 0.1140474 0.1173526 0.1220879 0.1263954 0.1204653 0.1117634 0.1966530 0.0206206 0.1929957 0.0762383 0.0800801 0.1051825 0.1432742 
Peramelidae_Echymipera_kalubu                0.1973784 0.1438735 0.1741983 0.1682564 0.1621941 0.1469977 0.1569252 0.1593887 0.0253705 0.1756099 0.1978039 0.1910665 0.1515048 0.1614636 0.1972294 0.1983203 0.1954177 0.0000000 0.1574436 0.1494345 0.1959632 0.1556214 0.1440495 0.1401745 0.1540751 0.1593016 0.1507165 0.1556510 0.0214260 0.1551338 0.0246788 0.1041035 0.1718538 0.1854858 0.1129994 
Macropodidae_Dorcopsulus_vanheurni           0.0918395 0.0792405 0.0339443 0.0299606 0.1158582 0.0660679 0.0692364 0.0287315 0.1618865 0.0747157 0.1357453 0.1275902 0.0658331 0.0753126 0.1340550 0.1350188 0.1222928 0.1574436 0.0000000 0.0701676 0.1337159 0.0381846 0.1066515 0.0654868 0.0073672 0.0729541 0.0731386 0.0678162 0.1608539 0.1154856 0.1606606 0.0712957 0.0783867 0.0963159 0.1204328 
Pseudochiridae_Pseudochirulus_forbesi        0.0910225 0.0765307 0.0839290 0.0791574 0.1086511 0.0683381 0.0695281 0.0798579 0.1481959 0.0764685 0.1282163 0.1209260 0.0674819 0.0624058 0.1274475 0.1284083 0.1199880 0.1494345 0.0701676 0.0000000 0.1231398 0.0656281 0.1046396 0.0336392 0.0690405 0.0248891 0.0654769 0.0694946 0.1517020 0.1068053 0.1483696 0.0728294 0.0768513 0.0937060 0.1026137 
Dasyuridae_Antechinus_stuartii               0.1429300 0.1180152 0.1472298 0.1434434 0.0137951 0.1088121 0.1191434 0.1353676 0.1954092 0.1286417 0.0102648 0.0238738 0.1171234 0.1246567 0.0099848 0.0178216 0.0217141 0.1959632 0.1337159 0.1231398 0.0000000 0.1277470 0.1249142 0.1231484 0.1325001 0.1309702 0.1255678 0.1165861 0.1968444 0.0127914 0.1945627 0.0805743 0.0863371 0.1110683 0.1474452 
Hypsiprymnodontidae_Hypsiprymnodon_moschatus 0.0920201 0.0745039 0.0475498 0.0431891 0.1063728 0.0637584 0.0693275 0.0421448 0.1577139 0.0740057 0.1292308 0.1193200 0.0662340 0.0722708 0.1284826 0.1261995 0.1182313 0.1556214 0.0381846 0.0656281 0.1277470 0.0000000 0.1035387 0.0627095 0.0350824 0.0714397 0.0725996 0.0678716 0.1591837 0.1059655 0.1563878 0.0696632 0.0743998 0.0928163 0.1169841 
Microbiotheriidae_Dromiciops_gliroides       0.1291906 0.0962231 0.1181181 0.1137939 0.1001846 0.0933457 0.1022304 0.1111940 0.1475590 0.1043446 0.1254837 0.1126988 0.0969425 0.0983462 0.1232173 0.1281305 0.1140474 0.1440495 0.1066515 0.1046396 0.1249142 0.1035387 0.0000000 0.0977603 0.1040905 0.1115454 0.1021787 0.1000461 0.1505625 0.1037145 0.1454019 0.0666626 0.0780275 0.0979900 0.1456107 
Pseudochiridae_Petauroides_volans            0.0864571 0.0730427 0.0788325 0.0730825 0.1056549 0.0649824 0.0684146 0.0706197 0.1395248 0.0724735 0.1254087 0.1216289 0.0667543 0.0580704 0.1237366 0.1257206 0.1173526 0.1401745 0.0654868 0.0336392 0.1231484 0.0627095 0.0977603 0.0000000 0.0645595 0.0379488 0.0626271 0.0673418 0.1411615 0.1075483 0.1416737 0.0719057 0.0757023 0.0944139 0.0959172 
Macropodidae_Wallabia_bicolor                0.0916991 0.0774324 0.0315266 0.0278515 0.1151602 0.0649155 0.0691390 0.0264210 0.1583749 0.0748231 0.1342990 0.1267809 0.0663462 0.0756429 0.1326255 0.1343177 0.1220879 0.1540751 0.0073672 0.0690405 0.1325001 0.0350824 0.1040905 0.0645595 0.0000000 0.0737813 0.0736687 0.0679861 0.1563295 0.1147938 0.1564310 0.0704048 0.0775090 0.0959598 0.1188145 
Pseudochiridae_Pseudocheirus_occidentalis    0.0957504 0.0824304 0.0878057 0.0818899 0.1158739 0.0741662 0.0748317 0.0825228 0.1551929 0.0787290 0.1352197 0.1292421 0.0741701 0.0666362 0.1344637 0.1355552 0.1263954 0.1593016 0.0729541 0.0248891 0.1309702 0.0714397 0.1115454 0.0379488 0.0737813 0.0000000 0.0695142 0.0757490 0.1614163 0.1158429 0.1518622 0.0838631 0.0861844 0.1050553 0.1225565 
Acrobatidae_Distoechurus_pennatus            0.0947021 0.0809718 0.0871874 0.0813919 0.1087914 0.0738432 0.0760426 0.0805290 0.1542527 0.0803303 0.1300779 0.1269903 0.0762099 0.0449812 0.1279772 0.1310432 0.1204653 0.1507165 0.0731386 0.0654769 0.1255678 0.0725996 0.1021787 0.0626271 0.0736687 0.0695142 0.0000000 0.0769893 0.1565212 0.1083811 0.1498077 0.0884166 0.0943620 0.1120027 0.1222414 
Phalangeridae_Phalanger_carmelitae           0.0838689 0.0762728 0.0807265 0.0779591 0.1030030 0.0242686 0.0197516 0.0753266 0.1541361 0.0294671 0.1215729 0.1144934 0.0115593 0.0781421 0.1213248 0.1235174 0.1117634 0.1556510 0.0678162 0.0694946 0.1165861 0.0678716 0.1000461 0.0673418 0.0679861 0.0757490 0.0769893 0.0000000 0.1567130 0.1053399 0.1523604 0.0776703 0.0856982 0.1032922 0.1370151 
Peramelidae_Peroryctes_raffrayana            0.2026543 0.1504361 0.1798090 0.1734119 0.1588698 0.1474369 0.1553737 0.1646227 0.0247251 0.1766446 0.1925636 0.1854963 0.1528437 0.1613455 0.1933414 0.1987245 0.1966530 0.0214260 0.1608539 0.1517020 0.1968444 0.1591837 0.1505625 0.1411615 0.1563295 0.1614163 0.1565212 0.1567130 0.0000000 0.1589689 0.0218581 0.1071944 0.1608947 0.1746049 0.1225144 
Dasyuridae_Dasyurus_geffroii                 0.1249685 0.0994016 0.1258616 0.1214308 0.0073878 0.0961323 0.1064779 0.1188228 0.1544970 0.1115451 0.0127529 0.0193478 0.1049320 0.1052702 0.0131329 0.0100950 0.0206206 0.1551338 0.1154856 0.1068053 0.0127914 0.1059655 0.1037145 0.1075483 0.1147938 0.1158429 0.1083811 0.1053399 0.1589689 0.0000000 0.1548730 0.0852500 0.0938837 0.1150803 0.1491776 
Peramelidae_Perameles_gunnii                 0.1999077 0.1531645 0.1792526 0.1725102 0.1606119 0.1452429 0.1518760 0.1613693 0.0009471 0.1720587 0.1954475 0.1903869 0.1487599 0.1560588 0.1958219 0.2014766 0.1929957 0.0246788 0.1606606 0.1483696 0.1945627 0.1563878 0.1454019 0.1416737 0.1564310 0.1518622 0.1498077 0.1523604 0.0218581 0.1548730 0.0000000 0.1064658 0.1504155 0.1696210 0.1124740 
Notoryctidae_Notoryctes_typhlops             0.0820195 0.0728756 0.0840062 0.0790936 0.0895724 0.0748892 0.0788136 0.0751770 0.1074033 0.0864508 0.0884488 0.0793583 0.0763836 0.0786139 0.0871113 0.0864958 0.0762383 0.1041035 0.0712957 0.0728294 0.0805743 0.0696632 0.0666626 0.0719057 0.0704048 0.0838631 0.0884166 0.0776703 0.1071944 0.0852500 0.1064658 0.0000000 0.0803341 0.0878908 0.1490643 
Didelphidae_Didelphis_virginiana             0.0860619 0.0755358 0.0925763 0.0840535 0.0977254 0.0791939 0.0861718 0.0786044 0.1592035 0.0953607 0.0893223 0.0927253 0.0825878 0.0815895 0.0899431 0.0972672 0.0800801 0.1718538 0.0783867 0.0768513 0.0863371 0.0743998 0.0780275 0.0757023 0.0775090 0.0861844 0.0943620 0.0856982 0.1608947 0.0938837 0.1504155 0.0803341 0.0000000 0.0278290 0.1834772 
Marmosidae_Monodelphis_domestica             0.1012799 0.0890898 0.1137871 0.1054595 0.1205551 0.0991042 0.1058989 0.1044668 0.1734704 0.1154421 0.1114970 0.1098271 0.0999373 0.1000057 0.1146305 0.1161058 0.1051825 0.1854858 0.0963159 0.0937060 0.1110683 0.0928163 0.0979900 0.0944139 0.0959598 0.1050553 0.1120027 0.1032922 0.1746049 0.1150803 0.1696210 0.0878908 0.0278290 0.0000000 0.1830042 
Tarsipedidae_Tarsipes_rostratus              0.1463340 0.1312822 0.1385278 0.1282866 0.1499239 0.1355517 0.1393646 0.1243560 0.1174132 0.1692977 0.1488860 0.1412049 0.1335615 0.1207641 0.1512392 0.1415465 0.1432742 0.1129994 0.1204328 0.1026137 0.1474452 0.1169841 0.1456107 0.0959172 0.1188145 0.1225565 0.1222414 0.1370151 0.1225144 0.1491776 0.1124740 0.1490643 0.1834772 0.1830042 0.0000000 
