39
Peramelidae_Isoodon_obesulus1                0.0000000 0.0528947 0.0627513 0.0548511 0.0530035 0.0548277 0.0584947 0.0505549 0.0682663 0.0626400 0.0046083 0.0685145 0.0662083 0.0641868 0.0660862 0.0584143 0.0622925 0.0623619 0.0687670 0.0125154 0.0527111 0.0648804 0.0589091 0.0603973 0.0605895 0.0510788 0.0516951 0.0564742 0.0529665 0.0667473 0.0667866 0.0599990 0.0660862 0.0000010 0.0173245 0.0604110 0.0030631 9.0000000 9.0000000 
Burramyidae_Burramys_parvus                  0.0528947 0.0000000 0.0501370 0.0398533 0.0377142 0.0376243 0.0476079 0.0293156 0.0320771 0.0412222 0.0882940 0.0361047 0.0467432 0.0488717 0.0394062 0.0412065 0.0460343 0.0482152 0.0441335 0.0859641 0.0353473 0.0442857 0.0575483 0.0611192 0.0440856 0.0363966 0.0404982 0.0312567 0.0343477 0.0358508 0.0352301 0.0396314 0.0395979 0.0528947 0.0512382 0.0479068 0.0907901 0.1663022 0.1663022 
Notoryctidae_Notoryctes_typhlops             0.0627513 0.0501370 0.0000000 0.0544002 0.0522958 0.0532490 0.0571396 0.0489623 0.0517235 0.0555641 0.0923947 0.0553589 0.0558478 0.0577001 0.0556745 0.0540196 0.0549429 0.0580620 0.0497424 0.0901600 0.0513278 0.0601225 0.0629767 0.0670084 0.0503530 0.0531769 0.0467536 0.0444366 0.0510591 0.0559305 0.0460545 0.0559855 0.0588719 0.0627513 0.0647685 0.0565872 0.0946810 0.2335926 0.2335926 
Vombatidae_Lasiorhinus_latifrons             0.0548511 0.0398533 0.0544002 0.0000000 0.0468476 0.0468921 0.0551857 0.0392263 0.0415463 0.0497518 0.0918970 0.0445814 0.0532873 0.0539687 0.0485972 0.0481583 0.0525976 0.0559327 0.0497491 0.0901621 0.0457188 0.0540911 0.0614725 0.0637876 0.0511860 0.0445783 0.0450721 0.0316556 0.0446949 0.0371075 0.0345972 0.0485412 0.0492361 0.0548511 0.0545470 0.0543395 0.0940654 0.1794953 0.1794953 
Potoroidae_Bettongia_penicillata             0.0530035 0.0377142 0.0522958 0.0468476 0.0000000 0.0026251 0.0517649 0.0391346 0.0418482 0.0103059 0.0905248 0.0459128 0.0527404 0.0537221 0.0480508 0.0462738 0.0513284 0.0519064 0.0472218 0.0879361 0.0136849 0.0500476 0.0590473 0.0646231 0.0486441 0.0278951 0.0439176 0.0390974 0.0128162 0.0411903 0.0387850 0.0463715 0.0497500 0.0530035 0.0588147 0.0515751 0.0923720 0.1903690 0.1903690 
Potoroidae_Bettongia_lesueur                 0.0548277 0.0376243 0.0532490 0.0468921 0.0026251 0.0000000 0.0527428 0.0394507 0.0420241 0.0100497 0.0916968 0.0462859 0.0529703 0.0540742 0.0482286 0.0467839 0.0518170 0.0528828 0.0480358 0.0890670 0.0136933 0.0503872 0.0598770 0.0654520 0.0494309 0.0281900 0.0440758 0.0397514 0.0125575 0.0419519 0.0398345 0.0472955 0.0499285 0.0548277 0.0606830 0.0520638 0.0935182 0.1875035 0.1875035 
Dasyuridae_Dasyurus_maculatus                0.0584947 0.0476079 0.0571396 0.0551857 0.0517649 0.0527428 0.0000000 0.0474494 0.0515027 0.0536643 0.0953202 0.0544203 0.0131916 0.0160789 0.0579496 0.0569130 0.0134442 0.0041370 0.0155751 0.0935591 0.0511395 0.0585406 0.0628526 0.0640449 0.0128619 0.0526757 0.0494397 0.0501048 0.0502431 0.0524978 0.0486548 0.0546742 0.0589156 0.0584947 0.0637426 0.0022514 0.0970128 0.0849141 0.0849141 
Phalangeridae_Trichosurus_vulpecula          0.0505549 0.0293156 0.0489623 0.0392263 0.0391346 0.0394507 0.0474494 0.0000000 0.0147248 0.0405752 0.0853936 0.0174245 0.0449362 0.0474293 0.0215865 0.0393892 0.0452368 0.0478794 0.0427266 0.0831418 0.0384823 0.0441108 0.0557102 0.0606890 0.0419041 0.0368406 0.0403790 0.0286842 0.0367493 0.0360742 0.0326047 0.0388296 0.0212224 0.0505549 0.0542469 0.0467929 0.0875413 0.1587991 0.1587991 
Phalangeridae_Spilocuscus_maculatus          0.0682663 0.0320771 0.0517235 0.0415463 0.0418482 0.0420241 0.0515027 0.0147248 0.0000000 0.0437710 0.0918202 0.0099247 0.0497433 0.0507257 0.0157892 0.0424511 0.0492497 0.0517864 0.0462952 0.0892211 0.0406046 0.0467579 0.0590666 0.0634266 0.0462452 0.0395420 0.0427182 0.0338306 0.0387106 0.0384581 0.0363191 0.0422683 0.0130270 0.0682663 0.0614283 0.0505280 0.0937168 0.1528877 0.1528877 
Potoroidae_Aepyprymnus_rufescens             0.0626400 0.0412222 0.0555641 0.0497518 0.0103059 0.0100497 0.0536643 0.0405752 0.0437710 0.0000000 0.0936158 0.0476431 0.0545959 0.0549819 0.0499053 0.0494193 0.0533380 0.0539541 0.0485764 0.0913513 0.0169173 0.0515977 0.0632847 0.0675426 0.0500966 0.0309384 0.0476780 0.0440897 0.0160466 0.0452768 0.0435284 0.0493787 0.0522121 0.0626400 0.0638877 0.0534342 0.0952996 0.2116358 0.2116358 
Peramelidae_Perameles_nasuta                 0.0046083 0.0882940 0.0923947 0.0918970 0.0905248 0.0916968 0.0953202 0.0853936 0.0918202 0.0936158 0.0000000 0.0984650 0.0934200 0.0948024 0.0970645 0.0931618 0.0920657 0.0962701 0.0907880 0.0134928 0.0914930 0.0950703 0.0943066 0.0992651 0.0859727 0.0916204 0.0821582 0.0508961 0.0909343 0.0579328 0.0500919 0.0947546 0.1012791 0.0046083 0.0124720 0.0951424 0.0010874 0.2177452 0.2177452 
Phalangeridae_Strigocuscus_pelengensis       0.0685145 0.0361047 0.0553589 0.0445814 0.0459128 0.0462859 0.0544203 0.0174245 0.0099247 0.0476431 0.0984650 0.0000000 0.0526534 0.0534290 0.0151415 0.0465846 0.0523274 0.0547338 0.0513912 0.0962545 0.0448668 0.0515784 0.0653859 0.0694764 0.0509369 0.0427306 0.0468500 0.0420392 0.0426958 0.0449091 0.0428303 0.0460924 0.0133656 0.0685145 0.0663283 0.0540811 0.1004981 0.1241797 0.1241797 
Dasyuridae_Phascogale_tapoatafa              0.0662083 0.0467432 0.0558478 0.0532873 0.0527404 0.0529703 0.0131916 0.0449362 0.0497433 0.0545959 0.0934200 0.0526534 0.0000000 0.0162797 0.0560320 0.0550278 0.0032972 0.0142559 0.0152665 0.0910951 0.0511823 0.0563873 0.0609232 0.0627136 0.0067445 0.0518128 0.0481263 0.0455704 0.0502983 0.0510522 0.0456698 0.0520360 0.0568947 0.0662083 0.0607240 0.0134581 0.0953317 0.0731512 0.0731512 
Dasyuridae_Sminthopsis_macroura              0.0641868 0.0488717 0.0577001 0.0539687 0.0537221 0.0540742 0.0160789 0.0474293 0.0507257 0.0549819 0.0948024 0.0534290 0.0162797 0.0000000 0.0571549 0.0565858 0.0159536 0.0168669 0.0146173 0.0932779 0.0526134 0.0582685 0.0625161 0.0623021 0.0160756 0.0531363 0.0477465 0.0506939 0.0511340 0.0532125 0.0479081 0.0536147 0.0579736 0.0641868 0.0649944 0.0152719 0.0972839 0.0852590 0.0852590 
Phalangeridae_Phalanger_orientalis           0.0660862 0.0394062 0.0556745 0.0485972 0.0480508 0.0482286 0.0579496 0.0215865 0.0157892 0.0499053 0.0970645 0.0151415 0.0560320 0.0571549 0.0000000 0.0468199 0.0559053 0.0575933 0.0552507 0.0958828 0.0469198 0.0525995 0.0693453 0.0695636 0.0553579 0.0465848 0.0493166 0.0464897 0.0451270 0.0503008 0.0537618 0.0480599 0.0144241 0.0660862 0.0694058 0.0570801 0.0987602 0.1233668 0.1233668 
Acrobatidae_Acrobates_pygmaeus               0.0584143 0.0412065 0.0540196 0.0481583 0.0462738 0.0467839 0.0569130 0.0393892 0.0424511 0.0494193 0.0931618 0.0465846 0.0550278 0.0565858 0.0468199 0.0000000 0.0548948 0.0573592 0.0495411 0.0913378 0.0441350 0.0438916 0.0629004 0.0669577 0.0507009 0.0455469 0.0475218 0.0251530 0.0441557 0.0367072 0.0305864 0.0280902 0.0493889 0.0584143 0.0571867 0.0562499 0.0955313 0.1932054 0.1932054 
Dasyuridae_Phascogale_calura                 0.0622925 0.0460343 0.0549429 0.0525976 0.0513284 0.0518170 0.0134442 0.0452368 0.0492497 0.0533380 0.0920657 0.0523274 0.0032972 0.0159536 0.0559053 0.0548948 0.0000000 0.0144979 0.0149093 0.0900381 0.0502119 0.0558104 0.0594251 0.0620466 0.0065402 0.0506877 0.0467660 0.0448937 0.0496302 0.0490573 0.0443712 0.0522715 0.0564454 0.0622925 0.0596289 0.0129038 0.0936479 0.0769686 0.0769686 
Dasyuridae_Sarcophilus_harrisii              0.0623619 0.0482152 0.0580620 0.0559327 0.0519064 0.0528828 0.0041370 0.0478794 0.0517864 0.0539541 0.0962701 0.0547338 0.0142559 0.0168669 0.0575933 0.0573592 0.0144979 0.0000000 0.0155739 0.0945008 0.0512795 0.0582516 0.0622188 0.0639200 0.0133968 0.0529736 0.0498913 0.0530734 0.0503826 0.0531533 0.0503340 0.0548393 0.0590259 0.0623619 0.0653817 0.0046476 0.0981339 0.0884621 0.0884621 
Dasyuridae_Planigale_tenuirostris            0.0687670 0.0441335 0.0497424 0.0497491 0.0472218 0.0480358 0.0155751 0.0427266 0.0462952 0.0485764 0.0907880 0.0513912 0.0152665 0.0146173 0.0552507 0.0495411 0.0149093 0.0155739 0.0000000 0.0891592 0.0463815 0.0525067 0.0610441 0.0582141 0.0159987 0.0469050 0.0444094 0.0418066 0.0456734 0.0443287 0.0489058 0.0497390 0.0538407 0.0687670 0.0530635 0.0151567 0.0919253 0.0626542 0.0626542 
Peramelidae_Echymipera_kalubu                0.0125154 0.0859641 0.0901600 0.0901621 0.0879361 0.0890670 0.0935591 0.0831418 0.0892211 0.0913513 0.0134928 0.0962545 0.0910951 0.0932779 0.0958828 0.0913378 0.0900381 0.0945008 0.0891592 0.0000000 0.0891999 0.0940318 0.0945547 0.0991231 0.0855130 0.0895792 0.0838467 0.0503482 0.0884933 0.0580390 0.0498428 0.0930846 0.0981537 0.0125154 0.0124510 0.0935759 0.0135115 0.2342496 0.2342496 
Macropodidae_Dorcopsulus_vanheurni           0.0527111 0.0353473 0.0513278 0.0457188 0.0136849 0.0136933 0.0511395 0.0384823 0.0406046 0.0169173 0.0914930 0.0448668 0.0511823 0.0526134 0.0469198 0.0441350 0.0502119 0.0512795 0.0463815 0.0891999 0.0000000 0.0482953 0.0601274 0.0655632 0.0476574 0.0262789 0.0431049 0.0391787 0.0073562 0.0404206 0.0386029 0.0449672 0.0492171 0.0527111 0.0625088 0.0507679 0.0932763 0.1922434 0.1922434 
Pseudochiridae_Pseudochirulus_forbesi        0.0648804 0.0442857 0.0601225 0.0540911 0.0500476 0.0503872 0.0585406 0.0441108 0.0467579 0.0515977 0.0950703 0.0515784 0.0563873 0.0582685 0.0525995 0.0438916 0.0558104 0.0582516 0.0525067 0.0940318 0.0482953 0.0000000 0.0655478 0.0709155 0.0517617 0.0478218 0.0527970 0.0194230 0.0471116 0.0124167 0.0317758 0.0452728 0.0548457 0.0648804 0.0608549 0.0577206 0.0974657 0.2336596 0.2336596 
Didelphidae_Didelphis_virginiana             0.0589091 0.0575483 0.0629767 0.0614725 0.0590473 0.0598770 0.0628526 0.0557102 0.0590666 0.0632847 0.0943066 0.0653859 0.0609232 0.0625161 0.0693453 0.0629004 0.0594251 0.0622188 0.0610441 0.0945547 0.0601274 0.0655478 0.0000000 0.0236751 0.0618340 0.0600538 0.0539391 0.0390532 0.0589043 0.0429077 0.0459935 0.0629504 0.0683848 0.0589091 0.0484269 0.0612814 0.0982443 0.2026952 0.2026952 
Marmosidae_Monodelphis_domestica             0.0603973 0.0611192 0.0670084 0.0637876 0.0646231 0.0654520 0.0640449 0.0606890 0.0634266 0.0675426 0.0992651 0.0694764 0.0627136 0.0623021 0.0695636 0.0669577 0.0620466 0.0639200 0.0582141 0.0991231 0.0655632 0.0709155 0.0236751 0.0000000 0.0593193 0.0637220 0.0579731 0.0523411 0.0646397 0.0583348 0.0491925 0.0667675 0.0723255 0.0603973 0.0654096 0.0625463 0.1035779 0.2381749 0.2381749 
Dasyuridae_Antechinus_stuartii               0.0605895 0.0440856 0.0503530 0.0511860 0.0486441 0.0494309 0.0128619 0.0419041 0.0462452 0.0500966 0.0859727 0.0509369 0.0067445 0.0160756 0.0553579 0.0507009 0.0065402 0.0133968 0.0159987 0.0855130 0.0476574 0.0517617 0.0618340 0.0593193 0.0000000 0.0483040 0.0445209 0.0382595 0.0466259 0.0402152 0.0447273 0.0498894 0.0533327 0.0605895 0.0459741 0.0120477 0.0877101 0.0518716 0.0518716 
Hypsiprymnodontidae_Hypsiprymnodon_moschatus 0.0510788 0.0363966 0.0531769 0.0445783 0.0278951 0.0281900 0.0526757 0.0368406 0.0395420 0.0309384 0.0916204 0.0427306 0.0518128 0.0531363 0.0465848 0.0455469 0.0506877 0.0529736 0.0469050 0.0895792 0.0262789 0.0478218 0.0600538 0.0637220 0.0483040 0.0000000 0.0437282 0.0377870 0.0255330 0.0412952 0.0372097 0.0444735 0.0479930 0.0510788 0.0637386 0.0518460 0.0934405 0.1963622 0.1963622 
Microbiotheriidae_Dromiciops_gliroides       0.0516951 0.0404982 0.0467536 0.0450721 0.0439176 0.0440758 0.0494397 0.0403790 0.0427182 0.0476780 0.0821582 0.0468500 0.0481263 0.0477465 0.0493166 0.0475218 0.0467660 0.0498913 0.0444094 0.0838467 0.0431049 0.0527970 0.0539391 0.0579731 0.0445209 0.0437282 0.0000000 0.0352923 0.0424041 0.0405738 0.0389326 0.0453659 0.0508722 0.0516951 0.0521956 0.0489283 0.0851542 0.1565580 0.1565580 
Pseudochiridae_Petauroides_volans            0.0564742 0.0312567 0.0444366 0.0316556 0.0390974 0.0397514 0.0501048 0.0286842 0.0338306 0.0440897 0.0508961 0.0420392 0.0455704 0.0506939 0.0464897 0.0251530 0.0448937 0.0530734 0.0418066 0.0503482 0.0391787 0.0194230 0.0390532 0.0523411 0.0382595 0.0377870 0.0352923 0.0000000 0.0365542 0.0208236 0.0280651 0.0311147 0.0492378 0.0564742 0.0505658 0.0499992 0.0503028 0.1862306 0.1862306 
Macropodidae_Wallabia_bicolor                0.0529665 0.0343477 0.0510591 0.0446949 0.0128162 0.0125575 0.0502431 0.0367493 0.0387106 0.0160466 0.0909343 0.0426958 0.0502983 0.0511340 0.0451270 0.0441557 0.0496302 0.0503826 0.0456734 0.0884933 0.0073562 0.0471116 0.0589043 0.0646397 0.0466259 0.0255330 0.0424041 0.0365542 0.0000000 0.0387683 0.0385195 0.0435072 0.0468585 0.0529665 0.0605860 0.0500238 0.0929140 0.1870850 0.1870850 
Pseudochiridae_Pseudocheirus_occidentalis    0.0667473 0.0358508 0.0559305 0.0371075 0.0411903 0.0419519 0.0524978 0.0360742 0.0384581 0.0452768 0.0579328 0.0449091 0.0510522 0.0532125 0.0503008 0.0367072 0.0490573 0.0531533 0.0443287 0.0580390 0.0404206 0.0124167 0.0429077 0.0583348 0.0402152 0.0412952 0.0405738 0.0208236 0.0387683 0.0000000 0.0305308 0.0329727 0.0543064 0.0667473 0.0569211 0.0535177 0.0580559 0.2218713 0.2218713 
Tarsipedidae_Tarsipes_rostratus              0.0667866 0.0352301 0.0460545 0.0345972 0.0387850 0.0398345 0.0486548 0.0326047 0.0363191 0.0435284 0.0500919 0.0428303 0.0456698 0.0479081 0.0537618 0.0305864 0.0443712 0.0503340 0.0489058 0.0498428 0.0386029 0.0317758 0.0459935 0.0491925 0.0447273 0.0372097 0.0389326 0.0280651 0.0385195 0.0305308 0.0000000 0.0331924 0.0521099 0.0667866 0.0493358 0.0472340 0.0498092 0.1520017 0.1520017 
Acrobatidae_Distoechurus_pennatus            0.0599990 0.0396314 0.0559855 0.0485412 0.0463715 0.0472955 0.0546742 0.0388296 0.0422683 0.0493787 0.0947546 0.0460924 0.0520360 0.0536147 0.0480599 0.0280902 0.0522715 0.0548393 0.0497390 0.0930846 0.0449672 0.0452728 0.0629504 0.0667675 0.0498894 0.0444735 0.0453659 0.0311147 0.0435072 0.0329727 0.0331924 0.0000000 0.0500565 0.0599990 0.0575134 0.0540230 0.0975930 0.1741818 0.1741818 
Phalangeridae_Phalanger_carmelitae           0.0660862 0.0395979 0.0588719 0.0492361 0.0497500 0.0499285 0.0589156 0.0212224 0.0130270 0.0522121 0.1012791 0.0133656 0.0568947 0.0579736 0.0144241 0.0493889 0.0564454 0.0590259 0.0538407 0.0981537 0.0492171 0.0548457 0.0683848 0.0723255 0.0533327 0.0479930 0.0508722 0.0492378 0.0468585 0.0543064 0.0521099 0.0500565 0.0000000 0.0660862 0.0783964 0.0579087 0.1034975 0.1616886 0.1616886 
Peramelidae_Isoodon_obesulus2                0.0000010 0.0528947 0.0627513 0.0548511 0.0530035 0.0548277 0.0584947 0.0505549 0.0682663 0.0626400 0.0046083 0.0685145 0.0662083 0.0641868 0.0660862 0.0584143 0.0622925 0.0623619 0.0687670 0.0125154 0.0527111 0.0648804 0.0589091 0.0603973 0.0605895 0.0510788 0.0516951 0.0564742 0.0529665 0.0667473 0.0667866 0.0599990 0.0660862 0.0000000 0.0173245 0.0604110 0.0030631 9.0000000 9.0000000 
Peramelidae_Peroryctes_raffrayana            0.0173245 0.0512382 0.0647685 0.0545470 0.0588147 0.0606830 0.0637426 0.0542469 0.0614283 0.0638877 0.0124720 0.0663283 0.0607240 0.0649944 0.0694058 0.0571867 0.0596289 0.0653817 0.0530635 0.0124510 0.0625088 0.0608549 0.0484269 0.0654096 0.0459741 0.0637386 0.0521956 0.0505658 0.0605860 0.0569211 0.0493358 0.0575134 0.0783964 0.0173245 0.0000000 0.0642630 0.0113083 0.2323795 0.2323795 
Dasyuridae_Dasyurus_geffroii                 0.0604110 0.0479068 0.0565872 0.0543395 0.0515751 0.0520638 0.0022514 0.0467929 0.0505280 0.0534342 0.0951424 0.0540811 0.0134581 0.0152719 0.0570801 0.0562499 0.0129038 0.0046476 0.0151567 0.0935759 0.0507679 0.0577206 0.0612814 0.0625463 0.0120477 0.0518460 0.0489283 0.0499992 0.0500238 0.0535177 0.0472340 0.0540230 0.0579087 0.0604110 0.0642630 0.0000000 0.0970448 0.0888471 0.0888471 
Peramelidae_Perameles_gunnii                 0.0030631 0.0907901 0.0946810 0.0940654 0.0923720 0.0935182 0.0970128 0.0875413 0.0937168 0.0952996 0.0010874 0.1004981 0.0953317 0.0972839 0.0987602 0.0955313 0.0936479 0.0981339 0.0919253 0.0135115 0.0932763 0.0974657 0.0982443 0.1035779 0.0877101 0.0934405 0.0851542 0.0503028 0.0929140 0.0580559 0.0498092 0.0975930 0.1034975 0.0030631 0.0113083 0.0970448 0.0000000 0.2161609 0.2161609 
Myrmecobiidae_Myrmecobius_fasciatus1         9.0000000 0.1663022 0.2335926 0.1794953 0.1903690 0.1875035 0.0849141 0.1587991 0.1528877 0.2116358 0.2177452 0.1241797 0.0731512 0.0852590 0.1233668 0.1932054 0.0769686 0.0884621 0.0626542 0.2342496 0.1922434 0.2336596 0.2026952 0.2381749 0.0518716 0.1963622 0.1565580 0.1862306 0.1870850 0.2218713 0.1520017 0.1741818 0.1616886 9.0000000 0.2323795 0.0888471 0.2161609 0.0000000 0.0000010 
Myrmecobiidae_Myrmecobius_fasciatus2         9.0000000 0.1663022 0.2335926 0.1794953 0.1903690 0.1875035 0.0849141 0.1587991 0.1528877 0.2116358 0.2177452 0.1241797 0.0731512 0.0852590 0.1233668 0.1932054 0.0769686 0.0884621 0.0626542 0.2342496 0.1922434 0.2336596 0.2026952 0.2381749 0.0518716 0.1963622 0.1565580 0.1862306 0.1870850 0.2218713 0.1520017 0.1741818 0.1616886 9.0000000 0.2323795 0.0888471 0.2161609 0.0000010 0.0000000 
