35
Burramyidae_Burramys_parvus                  0.0000000 0.0672245 0.0316911 0.0606275 0.0443946 0.0537923 0.0646681 0.0721604 0.0530243 0.0571413 0.0464883 0.0425811 0.0491407 0.0573005 0.0465102 0.0477393 0.0708007 0.0657625 0.0718439 0.0839855 0.0783356 0.0580127 0.0376220 0.0719223 0.0550228 0.0496345 0.0697750 0.0588493 0.0414549 0.0665568 0.0498557 0.0675490 0.0417210 0.0511718 0.0171009 
Notoryctidae_Notoryctes_typhlops             0.0672245 0.0000000 0.0447993 0.0722842 0.0704425 0.0768686 0.0852082 0.0800704 0.0755162 0.0714798 0.0542805 0.0672618 0.0725940 0.0709323 0.0544639 0.0543928 0.0777046 0.0830714 0.0980791 0.0956536 0.0883558 0.0688314 0.0464150 0.0954249 0.0751461 0.0667956 0.0857900 0.0808829 0.0651930 0.0728846 0.0572497 0.0771489 0.0457205 0.0541701 0.0227565 
Vombatidae_Lasiorhinus_latifrons             0.0316911 0.0447993 0.0000000 0.0544319 0.0421323 0.0394307 0.0490992 0.0517363 0.0383870 0.0500751 0.0493284 0.0404776 0.0446188 0.0492342 0.0509079 0.0516228 0.0566527 0.0431335 0.0548912 0.0576404 0.0593022 0.0549814 0.0271333 0.0517127 0.0430466 0.0349210 0.0492001 0.0431520 0.0389003 0.0507493 0.0539004 0.0549199 0.0203147 0.0236089 0.0148537 
Dasyuridae_Dasyurus_maculatus                0.0606275 0.0722842 0.0544319 0.0000000 0.0802718 0.0831892 0.0946187 0.0983652 0.0837264 0.0203765 0.0191078 0.0760215 0.0839921 0.0211405 0.0057600 0.0255013 0.0959663 0.0923521 0.1095384 0.1002960 0.0927080 0.0246272 0.0473831 0.1064138 0.0828317 0.0740534 0.0913984 0.0924512 0.0744557 0.0918834 0.0060689 0.0933201 0.0465035 0.0560687 0.0194817 
Phalangeridae_Trichosurus_vulpecula          0.0443946 0.0704425 0.0421323 0.0802718 0.0000000 0.0283592 0.0825846 0.0880723 0.0307085 0.0761611 0.0633222 0.0207248 0.0607354 0.0757590 0.0616967 0.0646594 0.0874296 0.0621887 0.0804711 0.0989981 0.0934530 0.0844948 0.0442730 0.0679459 0.0648434 0.0531755 0.0740999 0.0725768 0.0188429 0.0802626 0.0668537 0.0869287 0.0393428 0.0482991 0.0169057 
Phalangeridae_Spilocuscus_maculatus          0.0537923 0.0768686 0.0394307 0.0831892 0.0283592 0.0000000 0.0855200 0.0964371 0.0175296 0.0805458 0.0589856 0.0212251 0.0666618 0.0799990 0.0585383 0.0619378 0.0920694 0.0810956 0.0835680 0.1001787 0.0996595 0.0876939 0.0460108 0.0898759 0.0697698 0.0567469 0.0778582 0.0736490 0.0199983 0.0880182 0.0634550 0.0933856 0.0456448 0.0549445 0.0219419 
Potoroidae_Aepyprymnus_rufescens             0.0646681 0.0852082 0.0490992 0.0946187 0.0825846 0.0855200 0.0000000 0.1021766 0.0879567 0.0926630 0.0618422 0.0784570 0.0937425 0.0923795 0.0649753 0.0674518 0.1039127 0.0387891 0.1106265 0.1077213 0.1061467 0.0908284 0.0521029 0.0993667 0.0395767 0.0676146 0.0890976 0.0934315 0.0766843 0.0961474 0.0663566 0.1022033 0.0101404 0.0184113 0.0213242 
Peramelidae_Perameles_nasuta                 0.0721604 0.0800704 0.0517363 0.0983652 0.0880723 0.0964371 0.1021766 0.0000000 0.0922653 0.0917485 0.0720076 0.0865743 0.0923114 0.0916923 0.0716728 0.0736682 0.0234317 0.0956816 0.1147530 0.1028799 0.1036507 0.0951822 0.0612982 0.1171714 0.0891886 0.0790174 0.0970068 0.0967930 0.0840350 0.0280658 0.0735738 0.0077206 0.0479537 0.0574404 0.0225496 
Phalangeridae_Strigocuscus_pelengensis       0.0530243 0.0755162 0.0383870 0.0837264 0.0307085 0.0175296 0.0879567 0.0922653 0.0000000 0.0806858 0.0580826 0.0207586 0.0708350 0.0802810 0.0567764 0.0601668 0.0890283 0.0825707 0.0843533 0.1013814 0.1014329 0.0874840 0.0498882 0.0906762 0.0721726 0.0599057 0.0792228 0.0762571 0.0177801 0.0879555 0.0622109 0.0907095 0.0454451 0.0538498 0.0228356 
Dasyuridae_Phascogale_tapoatafa              0.0571413 0.0714798 0.0500751 0.0203765 0.0761611 0.0805458 0.0926630 0.0917485 0.0806858 0.0000000 0.0171755 0.0714104 0.0801578 0.0010974 0.0151205 0.0234002 0.0913851 0.0886340 0.1071660 0.0964903 0.0905503 0.0193863 0.0472300 0.1019138 0.0787633 0.0754010 0.0915386 0.0911823 0.0695177 0.0856300 0.0179598 0.0874149 0.0443791 0.0541967 0.0197083 
Dasyuridae_Sminthopsis_macroura              0.0464883 0.0542805 0.0493284 0.0191078 0.0633222 0.0589856 0.0618422 0.0720076 0.0580826 0.0171755 0.0000000 0.0593459 0.0672904 0.0173016 0.0169617 0.0182155 0.0740304 0.0621573 0.0787541 0.0677665 0.0691266 0.0208716 0.0349154 0.0717937 0.0628028 0.0489651 0.0705213 0.0684265 0.0579230 0.0717163 0.0184128 0.0738657 0.0281382 0.0321015 0.0221271 
Phalangeridae_Phalanger_orientalis           0.0425811 0.0672618 0.0404776 0.0760215 0.0207248 0.0212251 0.0784570 0.0865743 0.0207586 0.0714104 0.0593459 0.0000000 0.0611769 0.0709516 0.0583399 0.0609349 0.0841384 0.0674974 0.0803305 0.0963115 0.0903161 0.0783331 0.0412870 0.0780386 0.0632993 0.0540420 0.0701662 0.0704665 0.0047108 0.0776525 0.0637135 0.0835330 0.0408013 0.0493526 0.0152483 
Acrobatidae_Acrobates_pygmaeus               0.0491407 0.0725940 0.0446188 0.0839921 0.0607354 0.0666618 0.0937425 0.0923114 0.0708350 0.0801578 0.0672904 0.0611769 0.0000000 0.0777680 0.0666795 0.0643798 0.0927108 0.0841641 0.0676663 0.1035323 0.0973431 0.0889642 0.0498418 0.0636322 0.0748037 0.0454323 0.0609621 0.0381540 0.0594456 0.0839449 0.0707245 0.0886705 0.0369429 0.0464627 0.0114833 
Dasyuridae_Phascogale_calura                 0.0573005 0.0709323 0.0492342 0.0211405 0.0757590 0.0799990 0.0923795 0.0916923 0.0802810 0.0010974 0.0173016 0.0709516 0.0777680 0.0000000 0.0157415 0.0234293 0.0906353 0.0887085 0.1065535 0.0951541 0.0902402 0.0201484 0.0467002 0.1003230 0.0783103 0.0749998 0.0906143 0.0887682 0.0690527 0.0854028 0.0186380 0.0870434 0.0435523 0.0536711 0.0193582 
Dasyuridae_Sarcophilus_harrisii              0.0465102 0.0544639 0.0509079 0.0057600 0.0616967 0.0585383 0.0649753 0.0716728 0.0567764 0.0151205 0.0169617 0.0583399 0.0666795 0.0157415 0.0000000 0.0242561 0.0740477 0.0638476 0.0781232 0.0739784 0.0724302 0.0193766 0.0345480 0.0707836 0.0641589 0.0496029 0.0675374 0.0676103 0.0572426 0.0712490 0.0068377 0.0726900 0.0286364 0.0326421 0.0217380 
Dasyuridae_Planigale_tenuirostris            0.0477393 0.0543928 0.0516228 0.0255013 0.0646594 0.0619378 0.0674518 0.0736682 0.0601668 0.0234002 0.0182155 0.0609349 0.0643798 0.0234293 0.0242561 0.0000000 0.0764561 0.0635886 0.0744234 0.0721589 0.0723425 0.0283126 0.0367968 0.0696466 0.0637886 0.0480120 0.0707125 0.0653305 0.0594146 0.0738499 0.0244982 0.0756820 0.0291926 0.0330588 0.0218874 
Peramelidae_Echymipera_kalubu                0.0708007 0.0777046 0.0566527 0.0959663 0.0874296 0.0920694 0.1039127 0.0234317 0.0890283 0.0913851 0.0740304 0.0841384 0.0927108 0.0906353 0.0740477 0.0764561 0.0000000 0.0979350 0.1124612 0.1062086 0.1020855 0.0959285 0.0582329 0.1164073 0.0912529 0.0776219 0.0972329 0.0931953 0.0813641 0.0222817 0.0762254 0.0188595 0.0500800 0.0607388 0.0221621 
Macropodidae_Dorcopsulus_vanheurni           0.0657625 0.0830714 0.0431335 0.0923521 0.0621887 0.0810956 0.0387891 0.0956816 0.0825707 0.0886340 0.0621573 0.0674974 0.0841641 0.0887085 0.0638476 0.0635886 0.0979350 0.0000000 0.1041487 0.1082038 0.1036879 0.0915125 0.0549254 0.0898814 0.0130397 0.0688202 0.0872582 0.0864127 0.0699599 0.0903315 0.0656594 0.0952223 0.0256883 0.0381232 0.0234885 
Pseudochiridae_Pseudochirulus_forbesi        0.0718439 0.0980791 0.0548912 0.1095384 0.0804711 0.0835680 0.1106265 0.1147530 0.0843533 0.1071660 0.0787541 0.0803305 0.0676663 0.1065535 0.0781232 0.0744234 0.1124612 0.1041487 0.0000000 0.1220345 0.1192808 0.1126614 0.0696722 0.0664841 0.0918773 0.0199761 0.0796693 0.0738750 0.0771123 0.1111425 0.0809207 0.1113530 0.0535498 0.0628301 0.0289149 
Didelphidae_Didelphis_virginiana             0.0839855 0.0956536 0.0576404 0.1002960 0.0989981 0.1001787 0.1077213 0.1028799 0.1013814 0.0964903 0.0677665 0.0963115 0.1035323 0.0951541 0.0739784 0.0721589 0.1062086 0.1082038 0.1220345 0.0000000 0.0382673 0.0988664 0.0648438 0.1255513 0.0994165 0.0845919 0.1113644 0.1075293 0.0928564 0.1023166 0.0739894 0.1014584 0.0596860 0.0699240 0.0310286 
Marmosidae_Monodelphis_domestica             0.0783356 0.0883558 0.0593022 0.0927080 0.0934530 0.0996595 0.1061467 0.1036507 0.1014329 0.0905503 0.0691266 0.0903161 0.0973431 0.0902402 0.0724302 0.0723425 0.1020855 0.1036879 0.1192808 0.0382673 0.0000000 0.0908021 0.0561733 0.1173995 0.0952611 0.0813126 0.1044781 0.1024808 0.0893494 0.0963141 0.0731233 0.1008274 0.0544372 0.0639229 0.0248018 
Dasyuridae_Antechinus_stuartii               0.0580127 0.0688314 0.0549814 0.0246272 0.0844948 0.0876939 0.0908284 0.0951822 0.0874840 0.0193863 0.0208716 0.0783331 0.0889642 0.0201484 0.0193766 0.0283126 0.0959285 0.0915125 0.1126614 0.0988664 0.0908021 0.0000000 0.0522493 0.1106400 0.0814871 0.0784664 0.0893720 0.0987389 0.0755377 0.0906751 0.0205255 0.0913854 0.0432215 0.0530243 0.0194763 
Microbiotheriidae_Dromiciops_gliroides       0.0376220 0.0464150 0.0271333 0.0473831 0.0442730 0.0460108 0.0521029 0.0612982 0.0498882 0.0472300 0.0349154 0.0412870 0.0498418 0.0467002 0.0345480 0.0367968 0.0582329 0.0549254 0.0696722 0.0648438 0.0561733 0.0522493 0.0000000 0.0708505 0.0440827 0.0594631 0.0521192 0.0526333 0.0402494 0.0545542 0.0369695 0.0582438 0.0260765 0.0333956 0.0182438 
Pseudochiridae_Petauroides_volans            0.0719223 0.0954249 0.0517127 0.1064138 0.0679459 0.0898759 0.0993667 0.1171714 0.0906762 0.1019138 0.0717937 0.0780386 0.0636322 0.1003230 0.0707836 0.0696466 0.1164073 0.0898814 0.0664841 0.1255513 0.1173995 0.1106400 0.0708505 0.0000000 0.0787837 0.0482123 0.0819849 0.0784388 0.0810517 0.1108822 0.0746389 0.1144650 0.0523119 0.0654542 0.0294542 
Macropodidae_Wallabia_bicolor                0.0550228 0.0751461 0.0430466 0.0828317 0.0648434 0.0697698 0.0395767 0.0891886 0.0721726 0.0787633 0.0628028 0.0632993 0.0748037 0.0783103 0.0641589 0.0637886 0.0912529 0.0130397 0.0918773 0.0994165 0.0952611 0.0814871 0.0440827 0.0787837 0.0000000 0.0572807 0.0765367 0.0776400 0.0609657 0.0823815 0.0662937 0.0884260 0.0227595 0.0301651 0.0166084 
Pseudochiridae_Pseudocheirus_occidentalis    0.0496345 0.0667956 0.0349210 0.0740534 0.0531755 0.0567469 0.0676146 0.0790174 0.0599057 0.0754010 0.0489651 0.0540420 0.0454323 0.0749998 0.0496029 0.0480120 0.0776219 0.0688202 0.0199761 0.0845919 0.0813126 0.0784664 0.0594631 0.0482123 0.0572807 0.0000000 0.0474545 0.0486130 0.0525161 0.0773860 0.0508538 0.0783698 0.0314059 0.0376259 0.0246009 
Tarsipedidae_Tarsipes_rostratus              0.0697750 0.0857900 0.0492001 0.0913984 0.0740999 0.0778582 0.0890976 0.0970068 0.0792228 0.0915386 0.0705213 0.0701662 0.0609621 0.0906143 0.0675374 0.0707125 0.0972329 0.0872582 0.0796693 0.1113644 0.1044781 0.0893720 0.0521192 0.0819849 0.0765367 0.0474545 0.0000000 0.0700910 0.0668585 0.0851694 0.0707992 0.0945605 0.0504313 0.0604039 0.0189395 
Acrobatidae_Distoechurus_pennatus            0.0588493 0.0808829 0.0431520 0.0924512 0.0725768 0.0736490 0.0934315 0.0967930 0.0762571 0.0911823 0.0684265 0.0704665 0.0381540 0.0887682 0.0676103 0.0653305 0.0931953 0.0864127 0.0738750 0.1075293 0.1024808 0.0987389 0.0526333 0.0784388 0.0776400 0.0486130 0.0700910 0.0000000 0.0666984 0.0900336 0.0699621 0.0946081 0.0412801 0.0500628 0.0176704 
Phalangeridae_Phalanger_carmelitae           0.0414549 0.0651930 0.0389003 0.0744557 0.0188429 0.0199983 0.0766843 0.0840350 0.0177801 0.0695177 0.0579230 0.0047108 0.0594456 0.0690527 0.0572426 0.0594146 0.0813641 0.0699599 0.0771123 0.0928564 0.0893494 0.0755377 0.0402494 0.0810517 0.0609657 0.0525161 0.0668585 0.0666984 0.0000000 0.0754895 0.0625721 0.0819560 0.0389140 0.0484377 0.0150120 
Peramelidae_Peroryctes_raffrayana            0.0665568 0.0728846 0.0507493 0.0918834 0.0802626 0.0880182 0.0961474 0.0280658 0.0879555 0.0856300 0.0717163 0.0776525 0.0839449 0.0854028 0.0712490 0.0738499 0.0222817 0.0903315 0.1111425 0.1023166 0.0963141 0.0906751 0.0545542 0.1108822 0.0823815 0.0773860 0.0851694 0.0900336 0.0754895 0.0000000 0.0726077 0.0213524 0.0473512 0.0590469 0.0214603 
Dasyuridae_Dasyurus_geffroii                 0.0498557 0.0572497 0.0539004 0.0060689 0.0668537 0.0634550 0.0663566 0.0735738 0.0622109 0.0179598 0.0184128 0.0637135 0.0707245 0.0186380 0.0068377 0.0244982 0.0762254 0.0656594 0.0809207 0.0739894 0.0731233 0.0205255 0.0369695 0.0746389 0.0662937 0.0508538 0.0707992 0.0699621 0.0625721 0.0726077 0.0000000 0.0747779 0.0300065 0.0340200 0.0233026 
Peramelidae_Perameles_gunnii                 0.0675490 0.0771489 0.0549199 0.0933201 0.0869287 0.0933856 0.1022033 0.0077206 0.0907095 0.0874149 0.0738657 0.0835330 0.0886705 0.0870434 0.0726900 0.0756820 0.0188595 0.0952223 0.1113530 0.1014584 0.1008274 0.0913854 0.0582438 0.1144650 0.0884260 0.0783698 0.0945605 0.0946081 0.0819560 0.0213524 0.0747779 0.0000000 0.0490825 0.0593038 0.0193462 
Potoroidae_Bettongia_penicillata             0.0417210 0.0457205 0.0203147 0.0465035 0.0393428 0.0456448 0.0101404 0.0479537 0.0454451 0.0443791 0.0281382 0.0408013 0.0369429 0.0435523 0.0286364 0.0291926 0.0500800 0.0256883 0.0535498 0.0596860 0.0544372 0.0432215 0.0260765 0.0523119 0.0227595 0.0314059 0.0504313 0.0412801 0.0389140 0.0473512 0.0300065 0.0490825 0.0000000 0.0119800 0.0198146 
Potoroidae_Bettongia_lesueur                 0.0511718 0.0541701 0.0236089 0.0560687 0.0482991 0.0549445 0.0184113 0.0574404 0.0538498 0.0541967 0.0321015 0.0493526 0.0464627 0.0536711 0.0326421 0.0330588 0.0607388 0.0381232 0.0628301 0.0699240 0.0639229 0.0530243 0.0333956 0.0654542 0.0301651 0.0376259 0.0604039 0.0500628 0.0484377 0.0590469 0.0340200 0.0593038 0.0119800 0.0000000 0.0265371 
Hypsiprymnodontidae_Hypsiprymnodon_moschatus 0.0171009 0.0227565 0.0148537 0.0194817 0.0169057 0.0219419 0.0213242 0.0225496 0.0228356 0.0197083 0.0221271 0.0152483 0.0114833 0.0193582 0.0217380 0.0218874 0.0221621 0.0234885 0.0289149 0.0310286 0.0248018 0.0194763 0.0182438 0.0294542 0.0166084 0.0246009 0.0189395 0.0176704 0.0150120 0.0214603 0.0233026 0.0193462 0.0198146 0.0265371 0.0000000 
