37
Burramyidae_Burramys_parvus                  0.0000000 0.0772996 0.0513027 0.0447223 0.0466372 0.0652215 0.0368391 0.0441452 0.0493846 0.0577247 9.0000000 0.0377912 0.0665890 0.0621801 0.0425624 0.0463938 0.0669182 0.0645306 0.0586979 0.0602963 0.0479781 0.0420846 0.1129784 0.0781402 0.0595381 0.0481247 0.0482236 0.0437610 0.0460107 0.0457317 0.0570836 0.0439109 9.0000000 0.0436168 0.0566199 0.0622632 0.0587482 
Notoryctidae_Notoryctes_typhlops             0.0772996 0.0000000 0.0735608 0.0781108 0.0805642 0.0951393 0.0695580 0.0773344 0.0816825 0.0816688 0.0871284 0.0807480 0.0980650 0.1170825 0.0812483 0.0787564 0.0988460 0.1054717 0.0961133 0.0817335 0.0849625 0.0790161 0.1044570 0.1087123 0.0911099 0.0786474 0.0788067 0.0775003 0.0800875 0.0867535 0.0990820 0.0768112 0.0871284 0.0822577 0.0850091 0.0926723 0.0834532 
Vombatidae_Lasiorhinus_latifrons             0.0513027 0.0735608 0.0000000 0.0524604 0.0523091 0.0704972 0.0447455 0.0493331 0.0532977 0.0647927 0.0836344 0.0470042 0.0723327 0.0744258 0.0511871 0.0553565 0.0720512 0.0711404 0.0698724 0.0653944 0.0551716 0.0497127 0.1103835 0.0735996 0.0651444 0.0505842 0.0548211 0.0497924 0.0510192 0.0565803 0.0678486 0.0537324 0.0836344 0.0510622 0.0656219 0.0681688 0.0649610 
Potoroidae_Bettongia_penicillata             0.0447223 0.0781108 0.0524604 0.0000000 0.0047496 0.0733822 0.0472370 0.0521820 0.0126780 0.0660448 0.1001638 0.0448037 0.0760142 0.0666182 0.0489770 0.0484730 0.0752560 0.0689983 0.0743959 0.0678925 0.0194405 0.0480351 0.1041027 0.0781037 0.0696935 0.0322659 0.0604399 0.0526251 0.0177035 0.0528681 0.0622610 0.0529918 0.1001638 0.0500283 0.0683210 0.0715027 0.0670154 
Potoroidae_Bettongia_lesueur                 0.0466372 0.0805642 0.0523091 0.0047496 0.0000000 0.0733951 0.0470631 0.0522178 0.0130210 0.0671350 0.1016768 0.0451483 0.0762196 0.0662576 0.0490293 0.0487670 0.0754788 0.0690203 0.0738839 0.0689890 0.0199851 0.0465128 0.1034804 0.0786106 0.0701151 0.0322821 0.0604481 0.0522245 0.0173627 0.0522575 0.0626986 0.0537718 0.1016768 0.0500816 0.0688111 0.0712817 0.0683638 
Dasyuridae_Dasyurus_maculatus                0.0652215 0.0951393 0.0704972 0.0733822 0.0733951 0.0000000 0.0675250 0.0711863 0.0741006 0.0765881 0.0427986 0.0626688 0.0171425 0.0232222 0.0673177 0.0662631 0.0168930 0.0091990 0.0195036 0.0756760 0.0749197 0.0644915 0.1161440 0.0872674 0.0146589 0.0720949 0.0678516 0.0695429 0.0702636 0.0715201 0.0801738 0.0725578 0.0427986 0.0671051 0.0738422 0.0049818 0.0763200 
Phalangeridae_Trichosurus_vulpecula          0.0368391 0.0695580 0.0447455 0.0472370 0.0470631 0.0675250 0.0000000 0.0182323 0.0487406 0.0599474 0.0857199 0.0176915 0.0667619 0.0667653 0.0181363 0.0395823 0.0667051 0.0618780 0.0664583 0.0624285 0.0484693 0.0390124 0.1095568 0.0736109 0.0615559 0.0468055 0.0521994 0.0434870 0.0448193 0.0435613 0.0582542 0.0432752 0.0857199 0.0180867 0.0614950 0.0650486 0.0607038 
Phalangeridae_Spilocuscus_maculatus          0.0441452 0.0773344 0.0493331 0.0521820 0.0522178 0.0711863 0.0182323 0.0000000 0.0533401 0.0653271 0.0890581 0.0121599 0.0725435 0.0725703 0.0111948 0.0446544 0.0720044 0.0687914 0.0717340 0.0664107 0.0522702 0.0436163 0.1117284 0.0774788 0.0669660 0.0517669 0.0568097 0.0493382 0.0495654 0.0467501 0.0642351 0.0473524 0.0890581 0.0106360 0.0660161 0.0700002 0.0664683 
Potoroidae_Aepyprymnus_rufescens             0.0493846 0.0816825 0.0532977 0.0126780 0.0130210 0.0741006 0.0487406 0.0533401 0.0000000 0.0679127 0.0978854 0.0481933 0.0769755 0.0705395 0.0530229 0.0578012 0.0767028 0.0711332 0.0743243 0.0704162 0.0205160 0.0524732 0.1083129 0.0814110 0.0702960 0.0330117 0.0614187 0.0518167 0.0166566 0.0567581 0.0669409 0.0565163 0.0978854 0.0540441 0.0707276 0.0721130 0.0693726 
Peramelidae_Perameles_nasuta                 0.0577247 0.0816688 0.0647927 0.0660448 0.0671350 0.0765881 0.0599474 0.0653271 0.0679127 0.0000000 0.0862031 0.0582302 0.0779068 0.0777880 0.0642733 0.0631462 0.0778669 0.0731913 0.0775410 0.0159583 0.0701035 0.0616672 0.1125438 0.0859904 0.0717351 0.0689874 0.0651524 0.0644796 0.0663605 0.0641521 0.0731485 0.0660644 0.0862031 0.0650270 0.0156915 0.0731606 0.0008385 
Myrmecobiidae_Myrmecobius_fasciatus1         9.0000000 0.0871284 0.0836344 0.1001638 0.1016768 0.0427986 0.0857199 0.0890581 0.0978854 0.0862031 0.0000000 9.0000000 0.0491226 9.0000000 9.0000000 9.0000000 0.0519256 9.0000000 0.0485879 0.0853134 0.1048166 9.0000000 9.0000000 0.0856141 0.0498072 0.0905581 0.0934027 0.0917306 0.0935861 9.0000000 9.0000000 0.0967461 0.0000010 9.0000000 0.0903320 0.0427875 0.0869790 
Phalangeridae_Strigocuscus_pelengensis       0.0377912 0.0807480 0.0470042 0.0448037 0.0451483 0.0626688 0.0176915 0.0121599 0.0481933 0.0582302 9.0000000 0.0000000 0.0639395 0.0650281 0.0123991 0.0429305 0.0622766 0.0622204 0.0605977 0.0596341 0.0450920 0.0405626 0.1054491 0.0762194 0.0556687 0.0472757 0.0445581 0.0456515 0.0450296 0.0426480 0.0601137 0.0429125 9.0000000 0.0118375 0.0601362 0.0613128 0.0594374 
Dasyuridae_Phascogale_tapoatafa              0.0665890 0.0980650 0.0723327 0.0760142 0.0762196 0.0171425 0.0667619 0.0725435 0.0769755 0.0779068 0.0491226 0.0639395 0.0000000 0.0258760 0.0667959 0.0684136 0.0056016 0.0169698 0.0202903 0.0770439 0.0756260 0.0665763 0.1212939 0.0928284 0.0111099 0.0720181 0.0708669 0.0707350 0.0731763 0.0734571 0.0799147 0.0737676 0.0491226 0.0673104 0.0764167 0.0156708 0.0782250 
Dasyuridae_Sminthopsis_macroura              0.0621801 0.1170825 0.0744258 0.0666182 0.0662576 0.0232222 0.0667653 0.0725703 0.0705395 0.0777880 9.0000000 0.0650281 0.0258760 0.0000000 0.0685475 0.0667256 0.0251606 0.0241760 0.0165786 0.0792048 0.0692134 0.0637507 0.1321362 0.0925944 0.0229432 0.0689738 0.0635718 0.0678943 0.0662657 0.0684100 0.0797674 0.0655279 9.0000000 0.0697550 0.0748891 0.0221293 0.0787882 
Phalangeridae_Phalanger_orientalis           0.0425624 0.0812483 0.0511871 0.0489770 0.0490293 0.0673177 0.0181363 0.0111948 0.0530229 0.0642733 9.0000000 0.0123991 0.0667959 0.0685475 0.0000000 0.0464104 0.0651134 0.0666481 0.0642859 0.0662783 0.0478427 0.0441215 0.1103897 0.0800063 0.0606155 0.0497351 0.0497308 0.0499398 0.0483117 0.0478547 0.0656311 0.0448861 9.0000000 0.0040902 0.0630268 0.0644850 0.0656309 
Acrobatidae_Acrobates_pygmaeus               0.0463938 0.0787564 0.0553565 0.0484730 0.0487670 0.0662631 0.0395823 0.0446544 0.0578012 0.0631462 9.0000000 0.0429305 0.0684136 0.0667256 0.0464104 0.0000000 0.0661123 0.0662963 0.0623931 0.0636329 0.0527767 0.0424700 0.1114689 0.0802486 0.0597087 0.0512591 0.0516925 0.0462225 0.0520442 0.0455529 0.0635954 0.0229070 9.0000000 0.0453898 0.0640132 0.0651277 0.0644921 
Dasyuridae_Phascogale_calura                 0.0669182 0.0988460 0.0720512 0.0752560 0.0754788 0.0168930 0.0667051 0.0720044 0.0767028 0.0778669 0.0519256 0.0622766 0.0056016 0.0251606 0.0651134 0.0661123 0.0000000 0.0168847 0.0196487 0.0771980 0.0751168 0.0649402 0.1211314 0.0906777 0.0098630 0.0728537 0.0698359 0.0713863 0.0720090 0.0724410 0.0791425 0.0738907 0.0519256 0.0655983 0.0766026 0.0157883 0.0781828 
Dasyuridae_Sarcophilus_harrisii              0.0645306 0.1054717 0.0711404 0.0689983 0.0690203 0.0091990 0.0618780 0.0687914 0.0711332 0.0731913 9.0000000 0.0622204 0.0169698 0.0241760 0.0666481 0.0662963 0.0168847 0.0000000 0.0191020 0.0734318 0.0695818 0.0633032 0.1193120 0.0945041 0.0144426 0.0676501 0.0609082 0.0652050 0.0675278 0.0707452 0.0754523 0.0648444 9.0000000 0.0675135 0.0726652 0.0087841 0.0743047 
Dasyuridae_Planigale_tenuirostris            0.0586979 0.0961133 0.0698724 0.0743959 0.0738839 0.0195036 0.0664583 0.0717340 0.0743243 0.0775410 0.0485879 0.0605977 0.0202903 0.0165786 0.0642859 0.0623931 0.0196487 0.0191020 0.0000000 0.0765589 0.0744182 0.0622861 0.1246811 0.0874853 0.0162385 0.0697996 0.0697511 0.0695833 0.0693570 0.0663401 0.0743604 0.0727948 0.0485879 0.0655543 0.0743151 0.0182316 0.0766465 
Peramelidae_Echymipera_kalubu                0.0602963 0.0817335 0.0653944 0.0678925 0.0689890 0.0756760 0.0624285 0.0664107 0.0704162 0.0159583 0.0853134 0.0596341 0.0770439 0.0792048 0.0662783 0.0636329 0.0771980 0.0734318 0.0765589 0.0000000 0.0712296 0.0648245 0.1129153 0.0877532 0.0708191 0.0698721 0.0665496 0.0668017 0.0670399 0.0661556 0.0748124 0.0684100 0.0853134 0.0671550 0.0147424 0.0735718 0.0156151 
Macropodidae_Dorcopsulus_vanheurni           0.0479781 0.0849625 0.0551716 0.0194405 0.0199851 0.0749197 0.0484693 0.0522702 0.0205160 0.0701035 0.1048166 0.0450920 0.0756260 0.0692134 0.0478427 0.0527767 0.0751168 0.0695818 0.0744182 0.0712296 0.0000000 0.0486639 0.1074869 0.0814806 0.0698642 0.0329483 0.0612816 0.0538081 0.0107180 0.0538136 0.0642415 0.0559536 0.1048166 0.0492945 0.0705851 0.0728622 0.0714191 
Pseudochiridae_Pseudochirulus_forbesi        0.0420846 0.0790161 0.0497127 0.0480351 0.0465128 0.0644915 0.0390124 0.0436163 0.0524732 0.0616672 9.0000000 0.0405626 0.0665763 0.0637507 0.0441215 0.0424700 0.0649402 0.0633032 0.0622861 0.0648245 0.0486639 0.0000000 0.1086998 0.0772304 0.0601917 0.0495566 0.0453245 0.0220596 0.0470586 0.0173373 0.0481042 0.0438456 9.0000000 0.0439792 0.0644718 0.0623279 0.0626944 
Didelphidae_Didelphis_virginiana             0.1129784 0.1044570 0.1103835 0.1041027 0.1034804 0.1161440 0.1095568 0.1117284 0.1083129 0.1125438 9.0000000 0.1054491 0.1212939 0.1321362 0.1103897 0.1114689 0.1211314 0.1193120 0.1246811 0.1129153 0.1074869 0.1086998 0.0000000 0.0801834 0.1128223 0.1070129 0.1042932 0.1088170 0.1003124 0.1124433 0.1176406 0.1116378 9.0000000 0.1118487 0.1141001 0.1148315 0.1130943 
Marmosidae_Monodelphis_domestica             0.0781402 0.1087123 0.0735996 0.0781037 0.0786106 0.0872674 0.0736109 0.0774788 0.0814110 0.0859904 0.0856141 0.0762194 0.0928284 0.0925944 0.0800063 0.0802486 0.0906777 0.0945041 0.0874853 0.0877532 0.0814806 0.0772304 0.0801834 0.0000000 0.0826674 0.0776982 0.0790902 0.0790960 0.0793561 0.0795982 0.0892413 0.0788334 0.0856141 0.0798762 0.0857591 0.0864592 0.0866674 
Dasyuridae_Antechinus_stuartii               0.0595381 0.0911099 0.0651444 0.0696935 0.0701151 0.0146589 0.0615559 0.0669660 0.0702960 0.0717351 0.0498072 0.0556687 0.0111099 0.0229432 0.0606155 0.0597087 0.0098630 0.0144426 0.0162385 0.0708191 0.0698642 0.0601917 0.1128223 0.0826674 0.0000000 0.0668070 0.0628005 0.0652770 0.0667722 0.0666489 0.0721723 0.0677921 0.0498072 0.0608452 0.0696511 0.0138882 0.0716847 
Hypsiprymnodontidae_Hypsiprymnodon_moschatus 0.0481247 0.0786474 0.0505842 0.0322659 0.0322821 0.0720949 0.0468055 0.0517669 0.0330117 0.0689874 0.0905581 0.0472757 0.0720181 0.0689738 0.0497351 0.0512591 0.0728537 0.0676501 0.0697996 0.0698721 0.0329483 0.0495566 0.1070129 0.0776982 0.0668070 0.0000000 0.0623838 0.0526406 0.0309952 0.0547231 0.0646642 0.0545473 0.0905581 0.0510975 0.0698999 0.0697451 0.0705526 
Microbiotheriidae_Dromiciops_gliroides       0.0482236 0.0788067 0.0548211 0.0604399 0.0604481 0.0678516 0.0521994 0.0568097 0.0614187 0.0651524 0.0934027 0.0445581 0.0708669 0.0635718 0.0497308 0.0516925 0.0698359 0.0609082 0.0697511 0.0665496 0.0612816 0.0453245 0.1042932 0.0790902 0.0628005 0.0623838 0.0000000 0.0562703 0.0589867 0.0497463 0.0636131 0.0562780 0.0934027 0.0493175 0.0654202 0.0649473 0.0652335 
Pseudochiridae_Petauroides_volans            0.0437610 0.0775003 0.0497924 0.0526251 0.0522245 0.0695429 0.0434870 0.0493382 0.0518167 0.0644796 0.0917306 0.0456515 0.0707350 0.0678943 0.0499398 0.0462225 0.0713863 0.0652050 0.0695833 0.0668017 0.0538081 0.0220596 0.1088170 0.0790960 0.0652770 0.0526406 0.0562703 0.0000000 0.0506649 0.0257089 0.0512369 0.0437516 0.0917306 0.0497847 0.0666061 0.0687098 0.0658610 
Macropodidae_Wallabia_bicolor                0.0460107 0.0800875 0.0510192 0.0177035 0.0173627 0.0702636 0.0448193 0.0495654 0.0166566 0.0663605 0.0935861 0.0450296 0.0731763 0.0662657 0.0483117 0.0520442 0.0720090 0.0675278 0.0693570 0.0670399 0.0107180 0.0470586 0.1003124 0.0793561 0.0667722 0.0309952 0.0589867 0.0506649 0.0000000 0.0523472 0.0622708 0.0519524 0.0935861 0.0497610 0.0684336 0.0685104 0.0677774 
Pseudochiridae_Pseudocheirus_occidentalis    0.0457317 0.0867535 0.0565803 0.0528681 0.0522575 0.0715201 0.0435613 0.0467501 0.0567581 0.0641521 9.0000000 0.0426480 0.0734571 0.0684100 0.0478547 0.0455529 0.0724410 0.0707452 0.0663401 0.0661556 0.0538136 0.0173373 0.1124433 0.0795982 0.0666489 0.0547231 0.0497463 0.0257089 0.0523472 0.0000000 0.0528671 0.0482779 9.0000000 0.0486549 0.0670356 0.0691592 0.0652337 
Tarsipedidae_Tarsipes_rostratus              0.0570836 0.0990820 0.0678486 0.0622610 0.0626986 0.0801738 0.0582542 0.0642351 0.0669409 0.0731485 9.0000000 0.0601137 0.0799147 0.0797674 0.0656311 0.0635954 0.0791425 0.0754523 0.0743604 0.0748124 0.0642415 0.0481042 0.1176406 0.0892413 0.0721723 0.0646642 0.0636131 0.0512369 0.0622708 0.0528671 0.0000000 0.0598857 9.0000000 0.0655641 0.0770136 0.0757330 0.0739854 
Acrobatidae_Distoechurus_pennatus            0.0439109 0.0768112 0.0537324 0.0529918 0.0537718 0.0725578 0.0432752 0.0473524 0.0565163 0.0660644 0.0967461 0.0429125 0.0737676 0.0655279 0.0448861 0.0229070 0.0738907 0.0648444 0.0727948 0.0684100 0.0559536 0.0438456 0.1116378 0.0788334 0.0677921 0.0545473 0.0562780 0.0437516 0.0519524 0.0482779 0.0598857 0.0000000 0.0967461 0.0444679 0.0649812 0.0708613 0.0654817 
Myrmecobiidae_Myrmecobius_fasciatus2         9.0000000 0.0871284 0.0836344 0.1001638 0.1016768 0.0427986 0.0857199 0.0890581 0.0978854 0.0862031 0.0000010 9.0000000 0.0491226 9.0000000 9.0000000 9.0000000 0.0519256 9.0000000 0.0485879 0.0853134 0.1048166 9.0000000 9.0000000 0.0856141 0.0498072 0.0905581 0.0934027 0.0917306 0.0935861 9.0000000 9.0000000 0.0967461 0.0000000 9.0000000 0.0903320 0.0427875 0.0869790 
Phalangeridae_Phalanger_carmelitae           0.0436168 0.0822577 0.0510622 0.0500283 0.0500816 0.0671051 0.0180867 0.0106360 0.0540441 0.0650270 9.0000000 0.0118375 0.0673104 0.0697550 0.0040902 0.0453898 0.0655983 0.0675135 0.0655543 0.0671550 0.0492945 0.0439792 0.1118487 0.0798762 0.0608452 0.0510975 0.0493175 0.0497847 0.0497610 0.0486549 0.0655641 0.0444679 9.0000000 0.0000000 0.0639620 0.0662628 0.0660591 
Peramelidae_Peroryctes_raffrayana            0.0566199 0.0850091 0.0656219 0.0683210 0.0688111 0.0738422 0.0614950 0.0660161 0.0707276 0.0156915 0.0903320 0.0601362 0.0764167 0.0748891 0.0630268 0.0640132 0.0766026 0.0726652 0.0743151 0.0147424 0.0705851 0.0644718 0.1141001 0.0857591 0.0696511 0.0698999 0.0654202 0.0666061 0.0684336 0.0670356 0.0770136 0.0649812 0.0903320 0.0639620 0.0000000 0.0713964 0.0160975 
Dasyuridae_Dasyurus_geffroii                 0.0622632 0.0926723 0.0681688 0.0715027 0.0712817 0.0049818 0.0650486 0.0700002 0.0721130 0.0731606 0.0427875 0.0613128 0.0156708 0.0221293 0.0644850 0.0651277 0.0157883 0.0087841 0.0182316 0.0735718 0.0728622 0.0623279 0.1148315 0.0864592 0.0138882 0.0697451 0.0649473 0.0687098 0.0685104 0.0691592 0.0757330 0.0708613 0.0427875 0.0662628 0.0713964 0.0000000 0.0732839 
Peramelidae_Perameles_gunnii                 0.0587482 0.0834532 0.0649610 0.0670154 0.0683638 0.0763200 0.0607038 0.0664683 0.0693726 0.0008385 0.0869790 0.0594374 0.0782250 0.0787882 0.0656309 0.0644921 0.0781828 0.0743047 0.0766465 0.0156151 0.0714191 0.0626944 0.1130943 0.0866674 0.0716847 0.0705526 0.0652335 0.0658610 0.0677774 0.0652337 0.0739854 0.0654817 0.0869790 0.0660591 0.0160975 0.0732839 0.0000000 
