35
Burramyidae_Burramys_parvus                  0.0000000 0.0995707 0.0673388 0.0714958 0.0744695 0.1058367 0.0593626 0.0415017 0.0725532 0.1194805 0.0500907 0.1031371 0.1068740 0.0444481 0.0544886 0.1043328 0.1075291 0.0910277 0.1213019 0.0843421 0.0636103 0.1515891 0.1291567 0.1025926 0.0722437 0.0985964 0.0959140 0.0780453 0.0623470 0.0815221 0.0508646 0.0443247 0.1069461 0.1116789 0.1127466 
Notoryctidae_Notoryctes_typhlops             0.0995707 0.0000000 0.0908216 0.1043309 0.1040211 0.1114093 0.1063230 0.0855011 0.1068504 0.1094299 0.0948735 0.1049384 0.1091406 0.0853637 0.0997295 0.1069876 0.1133931 0.0958469 0.1134352 0.1137425 0.1041953 0.1412829 0.1333485 0.1045320 0.1065506 0.1094947 0.1331879 0.1054080 0.1122240 0.1194868 0.0969724 0.0871115 0.1014489 0.1118085 0.1059806 
Vombatidae_Lasiorhinus_latifrons             0.0673388 0.0908216 0.0000000 0.0779595 0.0769644 0.0952433 0.0755266 0.0485495 0.0773198 0.1154153 0.0550121 0.0959509 0.0896228 0.0535845 0.0694676 0.0936107 0.0994452 0.0799634 0.1176635 0.0855354 0.0768451 0.1419809 0.1240700 0.0953898 0.0816775 0.1044757 0.0992519 0.0757038 0.0828304 0.0936893 0.0649574 0.0534172 0.1037069 0.0967649 0.1104023 
Potoroidae_Bettongia_penicillata             0.0714958 0.1043309 0.0779595 0.0000000 0.0036569 0.1167217 0.0759822 0.0589008 0.0067953 0.1161357 0.0662191 0.1174943 0.1179550 0.0537413 0.0699438 0.1213977 0.1202492 0.1096874 0.1206992 0.0213099 0.0729387 0.1453308 0.1325792 0.1182299 0.0382922 0.1120333 0.0995654 0.0158268 0.0773714 0.0935438 0.0627038 0.0545176 0.1059404 0.1190410 0.1119239 
Potoroidae_Bettongia_lesueur                 0.0744695 0.1040211 0.0769644 0.0036569 0.0000000 0.1153716 0.0743589 0.0580832 0.0059248 0.1191739 0.0649925 0.1187051 0.1175615 0.0532257 0.0721622 0.1207831 0.1196059 0.1111254 0.1213086 0.0192937 0.0730108 0.1444009 0.1331292 0.1175465 0.0373009 0.1124917 0.0965176 0.0150487 0.0793309 0.0947809 0.0711940 0.0531272 0.1119916 0.1175917 0.1140567 
Dasyuridae_Dasyurus_maculatus                0.1058367 0.1114093 0.0952433 0.1167217 0.1153716 0.0000000 0.1120330 0.0869268 0.1181394 0.1211426 0.0993924 0.0100110 0.0139379 0.0933071 0.1105085 0.0097232 0.0031696 0.0143712 0.1213779 0.1215290 0.1155104 0.1516716 0.1365660 0.0089957 0.1215222 0.1178772 0.1411302 0.1130841 0.1176178 0.1354486 0.0993836 0.0946981 0.1048003 0.0027662 0.1168835 
Phalangeridae_Trichosurus_vulpecula          0.0593626 0.1063230 0.0755266 0.0759822 0.0743589 0.1120330 0.0000000 0.0167929 0.0731125 0.1222006 0.0209189 0.1120016 0.1100902 0.0198734 0.0587150 0.1123026 0.1190065 0.1067942 0.1250791 0.0833053 0.0677986 0.1522558 0.1405028 0.1102145 0.0716571 0.1128419 0.0954486 0.0700365 0.0663882 0.0847011 0.0640281 0.0193924 0.1160796 0.1153261 0.1151711 
Phalangeridae_Spilocuscus_maculatus          0.0415017 0.0855011 0.0485495 0.0589008 0.0580832 0.0869268 0.0167929 0.0000000 0.0588922 0.1030243 0.0050259 0.0871398 0.0865694 0.0044903 0.0388898 0.0873783 0.0937347 0.0789981 0.1067864 0.0690385 0.0504910 0.1293661 0.1166897 0.0849607 0.0578816 0.0950141 0.0803678 0.0552957 0.0559788 0.0639738 0.0421677 0.0044863 0.0928524 0.0920079 0.0968687 
Potoroidae_Aepyprymnus_rufescens             0.0725532 0.1068504 0.0773198 0.0067953 0.0059248 0.1181394 0.0731125 0.0588922 0.0000000 0.1223786 0.0639321 0.1206234 0.1202491 0.0548882 0.0719240 0.1226923 0.1233865 0.1114257 0.1243128 0.0200003 0.0727255 0.1496881 0.1377233 0.1215285 0.0346537 0.1138341 0.0957747 0.0141623 0.0780109 0.0922602 0.0679139 0.0547874 0.1135938 0.1204338 0.1161407 
Peramelidae_Perameles_nasuta                 0.1194805 0.1094299 0.1154153 0.1161357 0.1191739 0.1211426 0.1222006 0.1030243 0.1223786 0.0000000 0.1123498 0.1193507 0.1143291 0.1069220 0.1174071 0.1223012 0.1206286 0.1014428 0.0134115 0.1362392 0.1226258 0.1567524 0.1425831 0.1197075 0.1176379 0.1253775 0.1489656 0.1252109 0.1254147 0.1337112 0.1098717 0.1054393 0.0107501 0.1202333 0.0017506 
Phalangeridae_Strigocuscus_pelengensis       0.0500907 0.0948735 0.0550121 0.0662191 0.0649925 0.0993924 0.0209189 0.0050259 0.0639321 0.1123498 0.0000000 0.1001819 0.0987788 0.0060089 0.0475980 0.1004547 0.1061401 0.0909002 0.1125438 0.0745232 0.0588299 0.1363348 0.1217877 0.0980647 0.0659304 0.1023833 0.0882712 0.0613989 0.0648306 0.0720497 0.0508956 0.0060044 0.1025277 0.1056275 0.1057349 
Dasyuridae_Phascogale_tapoatafa              0.1031371 0.1049384 0.0959509 0.1174943 0.1187051 0.0100110 0.1120016 0.0871398 0.1206234 0.1193507 0.1001819 0.0000000 0.0161168 0.0900016 0.1107554 0.0023195 0.0100344 0.0114407 0.1179220 0.1248298 0.1109342 0.1465552 0.1352423 0.0036473 0.1179511 0.1167288 0.1424782 0.1132336 0.1165948 0.1336986 0.1020539 0.0913968 0.1039809 0.0101555 0.1142308 
Dasyuridae_Sminthopsis_macroura              0.1068740 0.1091406 0.0896228 0.1179550 0.1175615 0.0139379 0.1100902 0.0865694 0.1202491 0.1143291 0.0987788 0.0161168 0.0000000 0.0910251 0.1065527 0.0161321 0.0154755 0.0096467 0.1201500 0.1182801 0.1062695 0.1462735 0.1312255 0.0148742 0.1157428 0.1106478 0.1329661 0.1109285 0.1107976 0.1282742 0.0961929 0.0915551 0.1018996 0.0137929 0.1128606 
Phalangeridae_Phalanger_orientalis           0.0444481 0.0853637 0.0535845 0.0537413 0.0532257 0.0933071 0.0198734 0.0044903 0.0548882 0.1069220 0.0060089 0.0900016 0.0910251 0.0000000 0.0427305 0.0919603 0.0999820 0.0819075 0.1071952 0.0649970 0.0530382 0.1267510 0.1107231 0.0895528 0.0597991 0.0949924 0.0847301 0.0537913 0.0543132 0.0693142 0.0454078 0.0015124 0.0940431 0.0982532 0.1014390 
Acrobatidae_Acrobates_pygmaeus               0.0544886 0.0997295 0.0694676 0.0699438 0.0721622 0.1105085 0.0587150 0.0388898 0.0719240 0.1174071 0.0475980 0.1107554 0.1065527 0.0427305 0.0000000 0.1083686 0.1149648 0.0980710 0.1209333 0.0830128 0.0477492 0.1394579 0.1206170 0.1091783 0.0714860 0.1027383 0.0831651 0.0714029 0.0459664 0.0692830 0.0272066 0.0411799 0.1079654 0.1116042 0.1115616 
Dasyuridae_Phascogale_calura                 0.1043328 0.1069876 0.0936107 0.1213977 0.1207831 0.0097232 0.1123026 0.0873783 0.1226923 0.1223012 0.1004547 0.0023195 0.0161321 0.0919603 0.1083686 0.0000000 0.0097455 0.0111186 0.1208282 0.1259422 0.1113814 0.1497993 0.1393276 0.0034286 0.1192851 0.1180327 0.1436479 0.1144036 0.1170556 0.1333013 0.1023340 0.0933526 0.1080923 0.0098617 0.1170439 
Dasyuridae_Sarcophilus_harrisii              0.1075291 0.1133931 0.0994452 0.1202492 0.1196059 0.0031696 0.1190065 0.0937347 0.1233865 0.1206286 0.1061401 0.0100344 0.0154755 0.0999820 0.1149648 0.0097455 0.0000000 0.0146941 0.1208620 0.1260522 0.1181235 0.1572548 0.1383990 0.0089989 0.1251024 0.1203259 0.1468881 0.1174927 0.1177322 0.1384026 0.1045300 0.1013630 0.1042120 0.0027706 0.1180801 
Dasyuridae_Planigale_tenuirostris            0.0910277 0.0958469 0.0799634 0.1096874 0.1111254 0.0143712 0.1067942 0.0789981 0.1114257 0.1014428 0.0909002 0.0114407 0.0096467 0.0819075 0.0980710 0.0111186 0.0146941 0.0000000 0.1005569 0.1131987 0.0935808 0.1387983 0.1231673 0.0112428 0.1052323 0.0977585 0.1320886 0.1017778 0.0976404 0.1192457 0.0899111 0.0834520 0.0917658 0.0134557 0.0962104 
Peramelidae_Echymipera_kalubu                0.1213019 0.1134352 0.1176635 0.1206992 0.1213086 0.1213779 0.1250791 0.1067864 0.1243128 0.0134115 0.1125438 0.1179220 0.1201500 0.1071952 0.1209333 0.1208282 0.1208620 0.1005569 0.0000000 0.1345586 0.1247120 0.1512507 0.1399783 0.1187552 0.1197822 0.1319765 0.1502598 0.1244091 0.1272622 0.1378839 0.1144928 0.1085916 0.0100658 0.1213986 0.0119860 
Macropodidae_Dorcopsulus_vanheurni           0.0843421 0.1137425 0.0855354 0.0213099 0.0192937 0.1215290 0.0833053 0.0690385 0.0200003 0.1362392 0.0745232 0.1248298 0.1182801 0.0649970 0.0830128 0.1259422 0.1260522 0.1131987 0.1345586 0.0000000 0.0843533 0.1547995 0.1432352 0.1223224 0.0456167 0.1189595 0.1090235 0.0070594 0.0924461 0.1037343 0.0800991 0.0648731 0.1241997 0.1248049 0.1287305 
Pseudochiridae_Pseudochirulus_forbesi        0.0636103 0.1041953 0.0768451 0.0729387 0.0730108 0.1155104 0.0677986 0.0504910 0.0727255 0.1226258 0.0588299 0.1109342 0.1062695 0.0530382 0.0477492 0.1113814 0.1181235 0.0935808 0.1247120 0.0843533 0.0000000 0.1442740 0.1277131 0.1097266 0.0694545 0.1123519 0.0583765 0.0755426 0.0149581 0.0605994 0.0504763 0.0545194 0.1127259 0.1130601 0.1173130 
Didelphidae_Didelphis_virginiana             0.1515891 0.1412829 0.1419809 0.1453308 0.1444009 0.1516716 0.1522558 0.1293661 0.1496881 0.1567524 0.1363348 0.1465552 0.1462735 0.1267510 0.1394579 0.1497993 0.1572548 0.1387983 0.1512507 0.1547995 0.1442740 0.0000000 0.0378494 0.1501551 0.1560943 0.1314257 0.1750037 0.1453840 0.1527193 0.1681254 0.1401456 0.1272471 0.1437673 0.1529651 0.1514302 
Marmosidae_Monodelphis_domestica             0.1291567 0.1333485 0.1240700 0.1325792 0.1331292 0.1365660 0.1405028 0.1166897 0.1377233 0.1425831 0.1217877 0.1352423 0.1312255 0.1107231 0.1206170 0.1393276 0.1383990 0.1231673 0.1399783 0.1432352 0.1277131 0.0378494 0.0000000 0.1373331 0.1378895 0.1243172 0.1689127 0.1344494 0.1309834 0.1500605 0.1217376 0.1129940 0.1221890 0.1372538 0.1392809 
Dasyuridae_Antechinus_stuartii               0.1025926 0.1045320 0.0953898 0.1182299 0.1175465 0.0089957 0.1102145 0.0849607 0.1215285 0.1197075 0.0980647 0.0036473 0.0148742 0.0895528 0.1091783 0.0034286 0.0089989 0.0112428 0.1187552 0.1223224 0.1097266 0.1501551 0.1373331 0.0000000 0.1206726 0.1140976 0.1417054 0.1130044 0.1150396 0.1326676 0.0997935 0.0909581 0.1029577 0.0091129 0.1151289 
Hypsiprymnodontidae_Hypsiprymnodon_moschatus 0.0722437 0.1065506 0.0816775 0.0382922 0.0373009 0.1215222 0.0716571 0.0578816 0.0346537 0.1176379 0.0659304 0.1179511 0.1157428 0.0597991 0.0714860 0.1192851 0.1251024 0.1052323 0.1197822 0.0456167 0.0694545 0.1560943 0.1378895 0.1206726 0.0000000 0.1054346 0.1067702 0.0385186 0.0775068 0.0947174 0.0688204 0.0579870 0.1057774 0.1231856 0.1108518 
Microbiotheriidae_Dromiciops_gliroides       0.0985964 0.1094947 0.1044757 0.1120333 0.1124917 0.1178772 0.1128419 0.0950141 0.1138341 0.1253775 0.1023833 0.1167288 0.1106478 0.0949924 0.1027383 0.1180327 0.1203259 0.0977585 0.1319765 0.1189595 0.1123519 0.1314257 0.1243172 0.1140976 0.1054346 0.0000000 0.1401290 0.1107931 0.1166953 0.1339935 0.0930614 0.0937355 0.1240653 0.1205701 0.1222240 
Pseudochiridae_Petauroides_volans            0.0959140 0.1331879 0.0992519 0.0995654 0.0965176 0.1411302 0.0954486 0.0803678 0.0957747 0.1489656 0.0882712 0.1424782 0.1329661 0.0847301 0.0831651 0.1436479 0.1468881 0.1320886 0.1502598 0.1090235 0.0583765 0.1750037 0.1689127 0.1417054 0.1067702 0.1401290 0.0000000 0.0978981 0.0617596 0.0954060 0.0791137 0.0836602 0.1439920 0.1377143 0.1457437 
Macropodidae_Wallabia_bicolor                0.0780453 0.1054080 0.0757038 0.0158268 0.0150487 0.1130841 0.0700365 0.0552957 0.0141623 0.1252109 0.0613989 0.1132336 0.1109285 0.0537913 0.0714029 0.1144036 0.1174927 0.1017778 0.1244091 0.0070594 0.0755426 0.1453840 0.1344494 0.1130044 0.0385186 0.1107931 0.0978981 0.0000000 0.0831012 0.0909882 0.0685665 0.0545604 0.1147404 0.1158661 0.1180167 
Pseudochiridae_Pseudocheirus_occidentalis    0.0623470 0.1122240 0.0828304 0.0773714 0.0793309 0.1176178 0.0663882 0.0559788 0.0780109 0.1254147 0.0648306 0.1165948 0.1107976 0.0543132 0.0459664 0.1170556 0.1177322 0.0976404 0.1272622 0.0924461 0.0149581 0.1527193 0.1309834 0.1150396 0.0775068 0.1166953 0.0617596 0.0831012 0.0000000 0.0691580 0.0501941 0.0575808 0.1155752 0.1179397 0.1204620 
Tarsipedidae_Tarsipes_rostratus              0.0815221 0.1194868 0.0936893 0.0935438 0.0947809 0.1354486 0.0847011 0.0639738 0.0922602 0.1337112 0.0720497 0.1336986 0.1282742 0.0693142 0.0692830 0.1333013 0.1384026 0.1192457 0.1378839 0.1037343 0.0605994 0.1681254 0.1500605 0.1326676 0.0947174 0.1339935 0.0954060 0.0909882 0.0691580 0.0000000 0.0706021 0.0673774 0.1269010 0.1376190 0.1279104 
Acrobatidae_Distoechurus_pennatus            0.0508646 0.0969724 0.0649574 0.0627038 0.0711940 0.0993836 0.0640281 0.0421677 0.0679139 0.1098717 0.0508956 0.1020539 0.0961929 0.0454078 0.0272066 0.1023340 0.1045300 0.0899111 0.1144928 0.0800991 0.0504763 0.1401456 0.1217376 0.0997935 0.0688204 0.0930614 0.0791137 0.0685665 0.0501941 0.0706021 0.0000000 0.0445900 0.1000519 0.0988198 0.1052723 
Phalangeridae_Phalanger_carmelitae           0.0443247 0.0871115 0.0534172 0.0545176 0.0531272 0.0946981 0.0193924 0.0044863 0.0547874 0.1054393 0.0060044 0.0913968 0.0915551 0.0015124 0.0411799 0.0933526 0.1013630 0.0834520 0.1085916 0.0648731 0.0545194 0.1272471 0.1129940 0.0909581 0.0579870 0.0937355 0.0836602 0.0545604 0.0575808 0.0673774 0.0445900 0.0000000 0.0947858 0.0989381 0.1000413 
Peramelidae_Peroryctes_raffrayana            0.1069461 0.1014489 0.1037069 0.1059404 0.1119916 0.1048003 0.1160796 0.0928524 0.1135938 0.0107501 0.1025277 0.1039809 0.1018996 0.0940431 0.1079654 0.1080923 0.1042120 0.0917658 0.0100658 0.1241997 0.1127259 0.1437673 0.1221890 0.1029577 0.1057774 0.1240653 0.1439920 0.1147404 0.1155752 0.1269010 0.1000519 0.0947858 0.0000000 0.1031199 0.0088313 
Dasyuridae_Dasyurus_geffroii                 0.1116789 0.1118085 0.0967649 0.1190410 0.1175917 0.0027662 0.1153261 0.0920079 0.1204338 0.1202333 0.1056275 0.0101555 0.0137929 0.0982532 0.1116042 0.0098617 0.0027706 0.0134557 0.1213986 0.1248049 0.1130601 0.1529651 0.1372538 0.0091129 0.1231856 0.1205701 0.1377143 0.1158661 0.1179397 0.1376190 0.0988198 0.0989381 0.1031199 0.0000000 0.1157607 
Peramelidae_Perameles_gunnii                 0.1127466 0.1059806 0.1104023 0.1119239 0.1140567 0.1168835 0.1151711 0.0968687 0.1161407 0.0017506 0.1057349 0.1142308 0.1128606 0.1014390 0.1115616 0.1170439 0.1180801 0.0962104 0.0119860 0.1287305 0.1173130 0.1514302 0.1392809 0.1151289 0.1108518 0.1222240 0.1457437 0.1180167 0.1204620 0.1279104 0.1052723 0.1000413 0.0088313 0.1157607 0.0000000 
