35
Burramyidae_Burramys_parvus                  0.0000000 0.0959408 0.0764506 0.0717764 0.0706137 0.0731991 0.0598740 0.0651115 0.0833569 0.0883832 0.0652851 0.1189029 0.1186204 0.0634173 0.0719791 0.1186143 0.1137401 0.1056407 0.0923167 0.0749262 0.0748724 0.1166551 0.1188296 0.1182935 0.0433228 0.0854490 0.0787744 0.0737855 0.0755176 0.0959746 0.0852317 0.0629399 0.0869481 0.1165906 0.0929731 
Notoryctidae_Notoryctes_typhlops             0.0959408 0.0000000 0.0916434 0.0957392 0.0964234 0.0692094 0.0865000 0.0916849 0.1069170 0.0849961 0.0891760 0.1127950 0.1160339 0.0899865 0.0920990 0.1119377 0.1096781 0.1100607 0.0904988 0.0998059 0.1004719 0.1142471 0.1114058 0.1151914 0.0566638 0.0849895 0.0975952 0.1052187 0.0973305 0.1176281 0.0843355 0.0882165 0.0840511 0.1140281 0.0890110 
Vombatidae_Lasiorhinus_latifrons             0.0764506 0.0916434 0.0000000 0.0727608 0.0729370 0.0667986 0.0626578 0.0655138 0.0855461 0.0797773 0.0658835 0.1079132 0.1043278 0.0695857 0.0706486 0.1065716 0.1028656 0.1006088 0.0848097 0.0765998 0.0755569 0.1078434 0.1039636 0.1076323 0.0429734 0.0768630 0.0731612 0.0802477 0.0673186 0.0962540 0.0895416 0.0666824 0.0771837 0.1060513 0.0826100 
Potoroidae_Bettongia_penicillata             0.0717764 0.0957392 0.0727608 0.0000000 0.0035452 0.0751818 0.0575867 0.0616803 0.0299738 0.0763615 0.0639996 0.1149645 0.1149664 0.0653979 0.0645862 0.1125541 0.1128304 0.1056460 0.0838766 0.0285004 0.0672138 0.1080144 0.1092727 0.1152802 0.0203672 0.0744165 0.0653689 0.0379199 0.0582524 0.0932697 0.0622521 0.0630411 0.0746949 0.1161692 0.0804490 
Potoroidae_Bettongia_lesueur                 0.0706137 0.0964234 0.0729370 0.0035452 0.0000000 0.0711786 0.0565134 0.0601363 0.0255642 0.0779281 0.0625861 0.1130290 0.1138849 0.0616749 0.0680234 0.1120394 0.1118400 0.1052313 0.0844578 0.0259595 0.0709966 0.1120029 0.1129847 0.1125599 0.0205885 0.0786976 0.0685981 0.0345442 0.0625937 0.0969311 0.0614042 0.0609263 0.0774547 0.1147197 0.0814739 
Dasyuridae_Dasyurus_maculatus                0.0731991 0.0692094 0.0667986 0.0751818 0.0711786 0.0000000 0.0568659 0.0587310 0.0824840 0.0724887 0.0604962 0.0143145 0.0143255 0.0604783 0.0641264 0.0138943 0.0028958 0.0148252 0.0695725 0.0743715 0.0761005 0.0821866 0.0799155 0.0132310 0.0608857 0.0573396 0.0752516 0.0763042 0.0716395 0.0757812 0.0740642 0.0572984 0.0684493 0.0028856 0.0744145 
Phalangeridae_Trichosurus_vulpecula          0.0598740 0.0865000 0.0626578 0.0575867 0.0565134 0.0568659 0.0000000 0.0200360 0.0678314 0.0716965 0.0206844 0.0915696 0.0927706 0.0199485 0.0625095 0.0894680 0.0918932 0.0876117 0.0750318 0.0591715 0.0644144 0.1031603 0.1008770 0.0917523 0.0304548 0.0630430 0.0623622 0.0636790 0.0602858 0.0828821 0.0557667 0.0182355 0.0707215 0.0937921 0.0752673 
Phalangeridae_Spilocuscus_maculatus          0.0651115 0.0916849 0.0655138 0.0616803 0.0601363 0.0587310 0.0200360 0.0000000 0.0727845 0.0791863 0.0147552 0.0997946 0.0939356 0.0147125 0.0660180 0.0994371 0.0972431 0.0935881 0.0806742 0.0635644 0.0724792 0.1030656 0.1042499 0.0991934 0.0327802 0.0693448 0.0702709 0.0684961 0.0654023 0.0873155 0.0680626 0.0117890 0.0755688 0.0988124 0.0826567 
Potoroidae_Aepyprymnus_rufescens             0.0833569 0.1069170 0.0855461 0.0299738 0.0255642 0.0824840 0.0678314 0.0727845 0.0000000 0.0895991 0.0741840 0.1255949 0.1265803 0.0744151 0.0781320 0.1231199 0.1247518 0.1193221 0.0958069 0.0386040 0.0801033 0.1251311 0.1267470 0.1243079 0.0304054 0.0885694 0.0796568 0.0275582 0.0744362 0.1097848 0.0825673 0.0735304 0.0894581 0.1277697 0.0939445 
Peramelidae_Perameles_nasuta                 0.0883832 0.0849961 0.0797773 0.0763615 0.0779281 0.0724887 0.0716965 0.0791863 0.0895991 0.0000000 0.0761021 0.1092266 0.1050566 0.0779972 0.0803244 0.1076830 0.1081432 0.1052439 0.0134767 0.0822247 0.0888318 0.1055818 0.1050273 0.1071879 0.0501219 0.0752952 0.0856636 0.0842576 0.0846974 0.1106095 0.0652128 0.0766325 0.0122185 0.1118949 0.0018286 
Phalangeridae_Strigocuscus_pelengensis       0.0652851 0.0891760 0.0658835 0.0639996 0.0625861 0.0604962 0.0206844 0.0147552 0.0741840 0.0761021 0.0000000 0.0985587 0.0931697 0.0111682 0.0656286 0.0977971 0.0971639 0.0908878 0.0773616 0.0640768 0.0679195 0.1008737 0.0969923 0.0997304 0.0331239 0.0675653 0.0668792 0.0678456 0.0637751 0.0856213 0.0580599 0.0089282 0.0715675 0.0990956 0.0767103 
Dasyuridae_Phascogale_tapoatafa              0.1189029 0.1127950 0.1079132 0.1149645 0.1130290 0.0143145 0.0915696 0.0997946 0.1255949 0.1092266 0.0985587 0.0000000 0.0305046 0.0996212 0.1047198 0.0046132 0.0243852 0.0269738 0.1039936 0.1155802 0.1170370 0.1239789 0.1212662 0.0126123 0.0632984 0.0970532 0.1157420 0.1233866 0.1066650 0.1171153 0.0873077 0.0974205 0.1030239 0.0264549 0.1113557 
Dasyuridae_Sminthopsis_macroura              0.1186204 0.1160339 0.1043278 0.1149664 0.1138849 0.0143255 0.0927706 0.0939356 0.1265803 0.1050566 0.0931697 0.0305046 0.0000000 0.0979054 0.1001804 0.0288241 0.0259552 0.0239417 0.1047837 0.1150297 0.1179546 0.1245136 0.1256173 0.0333470 0.0614617 0.0962493 0.1122747 0.1214745 0.1061140 0.1164538 0.0863481 0.0948532 0.1018977 0.0287384 0.1091420 
Phalangeridae_Phalanger_orientalis           0.0634173 0.0899865 0.0695857 0.0653979 0.0616749 0.0604783 0.0199485 0.0147125 0.0744151 0.0779972 0.0111682 0.0996212 0.0979054 0.0000000 0.0687729 0.0988014 0.0990790 0.0945534 0.0805909 0.0654573 0.0701592 0.1057416 0.1034060 0.0994760 0.0332052 0.0721973 0.0701869 0.0696427 0.0660578 0.0880941 0.0663835 0.0027038 0.0753670 0.1010195 0.0809109 
Acrobatidae_Acrobates_pygmaeus               0.0719791 0.0920990 0.0706486 0.0645862 0.0680234 0.0641264 0.0625095 0.0660180 0.0781320 0.0803244 0.0656286 0.1047198 0.1001804 0.0687729 0.0000000 0.1035557 0.1008357 0.0975856 0.0824225 0.0736977 0.0651164 0.1090958 0.1089924 0.1056981 0.0424442 0.0754926 0.0598732 0.0740955 0.0598647 0.0852321 0.0392685 0.0652004 0.0800753 0.1031508 0.0822232 
Dasyuridae_Phascogale_calura                 0.1186143 0.1119377 0.1065716 0.1125541 0.1120394 0.0138943 0.0894680 0.0994371 0.1231199 0.1076830 0.0977971 0.0046132 0.0288241 0.0988014 0.1035557 0.0000000 0.0227482 0.0247545 0.1028567 0.1145744 0.1158655 0.1240751 0.1208057 0.0103680 0.0638831 0.0970942 0.1136804 0.1216863 0.1073394 0.1181211 0.0864280 0.0966642 0.1027176 0.0248062 0.1093447 
Dasyuridae_Sarcophilus_harrisii              0.1137401 0.1096781 0.1028656 0.1128304 0.1118400 0.0028958 0.0918932 0.0972431 0.1247518 0.1081432 0.0971639 0.0243852 0.0259552 0.0990790 0.1008357 0.0227482 0.0000000 0.0250282 0.1044252 0.1155235 0.1147154 0.1227598 0.1197093 0.0260490 0.0643905 0.0977148 0.1125975 0.1208678 0.1056380 0.1159952 0.0781311 0.0960394 0.1026399 0.0068030 0.1109892 
Dasyuridae_Planigale_tenuirostris            0.1056407 0.1100607 0.1006088 0.1056460 0.1052313 0.0148252 0.0876117 0.0935881 0.1193221 0.1052439 0.0908878 0.0269738 0.0239417 0.0945534 0.0975856 0.0247545 0.0250282 0.0000000 0.1034529 0.1112273 0.1041962 0.1220813 0.1231035 0.0304913 0.0588804 0.0962952 0.1054971 0.1124727 0.0997466 0.1133821 0.0916453 0.0920992 0.1020926 0.0284133 0.1065234 
Peramelidae_Echymipera_kalubu                0.0923167 0.0904988 0.0848097 0.0838766 0.0844578 0.0695725 0.0750318 0.0806742 0.0958069 0.0134767 0.0773616 0.1039936 0.1047837 0.0805909 0.0824225 0.1028567 0.1044252 0.1034529 0.0000000 0.0884957 0.0905335 0.1040647 0.1042888 0.1040814 0.0519875 0.0762254 0.0892378 0.0897988 0.0853243 0.1131889 0.0673022 0.0794201 0.0092335 0.1081904 0.0147723 
Macropodidae_Dorcopsulus_vanheurni           0.0749262 0.0998059 0.0765998 0.0285004 0.0259595 0.0743715 0.0591715 0.0635644 0.0386040 0.0822247 0.0640768 0.1155802 0.1150297 0.0654573 0.0736977 0.1145744 0.1155235 0.1112273 0.0884957 0.0000000 0.0769721 0.1153527 0.1156621 0.1162236 0.0209666 0.0772572 0.0726610 0.0284966 0.0679752 0.0999444 0.0784182 0.0632460 0.0814988 0.1170988 0.0857672 
Pseudochiridae_Pseudochirulus_forbesi        0.0748724 0.1004719 0.0755569 0.0672138 0.0709966 0.0761005 0.0644144 0.0724792 0.0801033 0.0888318 0.0679195 0.1170370 0.1179546 0.0701592 0.0651164 0.1158655 0.1147154 0.1041962 0.0905335 0.0769721 0.0000000 0.1115635 0.1166415 0.1191843 0.0442423 0.0805522 0.0425374 0.0753122 0.0258944 0.0841061 0.0665539 0.0703991 0.0857096 0.1176682 0.0921194 
Didelphidae_Didelphis_virginiana             0.1166551 0.1142471 0.1078434 0.1080144 0.1120029 0.0821866 0.1031603 0.1030656 0.1251311 0.1055818 0.1008737 0.1239789 0.1245136 0.1057416 0.1090958 0.1240751 0.1227598 0.1220813 0.1040647 0.1153527 0.1115635 0.0000000 0.0367530 0.1293146 0.0694581 0.1025617 0.1139759 0.1157406 0.1013904 0.1351152 0.1052086 0.1033985 0.1009021 0.1284906 0.1052246 
Marmosidae_Monodelphis_domestica             0.1188296 0.1114058 0.1039636 0.1092727 0.1129847 0.0799155 0.1008770 0.1042499 0.1267470 0.1050273 0.0969923 0.1212662 0.1256173 0.1034060 0.1089924 0.1208057 0.1197093 0.1231035 0.1042888 0.1156621 0.1166415 0.0367530 0.0000000 0.1249998 0.0697574 0.1008136 0.1135088 0.1206896 0.1063718 0.1322626 0.0984123 0.1008550 0.0991884 0.1274878 0.1062158 
Dasyuridae_Antechinus_stuartii               0.1182935 0.1151914 0.1076323 0.1152802 0.1125599 0.0132310 0.0917523 0.0991934 0.1243079 0.1071879 0.0997304 0.0126123 0.0333470 0.0994760 0.1056981 0.0103680 0.0260490 0.0304913 0.1040814 0.1162236 0.1191843 0.1293146 0.1249998 0.0000000 0.0632373 0.0971339 0.1148820 0.1248110 0.1075922 0.1187324 0.0968323 0.0968548 0.1029037 0.0274423 0.1106168 
Hypsiprymnodontidae_Hypsiprymnodon_moschatus 0.0433228 0.0566638 0.0429734 0.0203672 0.0205885 0.0608857 0.0304548 0.0327802 0.0304054 0.0501219 0.0331239 0.0632984 0.0614617 0.0332052 0.0424442 0.0638831 0.0643905 0.0588804 0.0519875 0.0209666 0.0442423 0.0694581 0.0697574 0.0632373 0.0000000 0.0448519 0.0425630 0.0252450 0.0426586 0.0606256 0.0504528 0.0310311 0.0506506 0.0645975 0.0520043 
Microbiotheriidae_Dromiciops_gliroides       0.0854490 0.0849895 0.0768630 0.0744165 0.0786976 0.0573396 0.0630430 0.0693448 0.0885694 0.0752952 0.0675653 0.0970532 0.0962493 0.0721973 0.0754926 0.0970942 0.0977148 0.0962952 0.0762254 0.0772572 0.0805522 0.1025617 0.1008136 0.0971339 0.0448519 0.0000000 0.0783040 0.0815779 0.0749860 0.0957977 0.0639093 0.0690867 0.0742958 0.0991939 0.0767569 
Pseudochiridae_Petauroides_volans            0.0787744 0.0975952 0.0731612 0.0653689 0.0685981 0.0752516 0.0623622 0.0702709 0.0796568 0.0856636 0.0668792 0.1157420 0.1122747 0.0701869 0.0598732 0.1136804 0.1125975 0.1054971 0.0892378 0.0726610 0.0425374 0.1139759 0.1135088 0.1148820 0.0425630 0.0783040 0.0000000 0.0741603 0.0387240 0.0775526 0.0607594 0.0678859 0.0859362 0.1145875 0.0882205 
Macropodidae_Wallabia_bicolor                0.0737855 0.1052187 0.0802477 0.0379199 0.0345442 0.0763042 0.0636790 0.0684961 0.0275582 0.0842576 0.0678456 0.1233866 0.1214745 0.0696427 0.0740955 0.1216863 0.1208678 0.1124727 0.0897988 0.0284966 0.0753122 0.1157406 0.1206896 0.1248110 0.0252450 0.0815779 0.0741603 0.0000000 0.0721233 0.1038685 0.0845872 0.0669017 0.0821500 0.1235222 0.0874024 
Pseudochiridae_Pseudocheirus_occidentalis    0.0755176 0.0973305 0.0673186 0.0582524 0.0625937 0.0716395 0.0602858 0.0654023 0.0744362 0.0846974 0.0637751 0.1066650 0.1061140 0.0660578 0.0598647 0.1073394 0.1056380 0.0997466 0.0853243 0.0679752 0.0258944 0.1013904 0.1063718 0.1075922 0.0426586 0.0749860 0.0387240 0.0721233 0.0000000 0.0767685 0.0562161 0.0641474 0.0827140 0.1099863 0.0859784 
Tarsipedidae_Tarsipes_rostratus              0.0959746 0.1176281 0.0962540 0.0932697 0.0969311 0.0757812 0.0828821 0.0873155 0.1097848 0.1106095 0.0856213 0.1171153 0.1164538 0.0880941 0.0852321 0.1181211 0.1159952 0.1133821 0.1131889 0.0999444 0.0841061 0.1351152 0.1322626 0.1187324 0.0606256 0.0957977 0.0775526 0.1038685 0.0767685 0.0000000 0.0634545 0.0862618 0.1093470 0.1182396 0.1121331 
Acrobatidae_Distoechurus_pennatus            0.0852317 0.0843355 0.0895416 0.0622521 0.0614042 0.0740642 0.0557667 0.0680626 0.0825673 0.0652128 0.0580599 0.0873077 0.0863481 0.0663835 0.0392685 0.0864280 0.0781311 0.0916453 0.0673022 0.0784182 0.0665539 0.1052086 0.0984123 0.0968323 0.0504528 0.0639093 0.0607594 0.0845872 0.0562161 0.0634545 0.0000000 0.0654230 0.0613910 0.0790873 0.0698392 
Phalangeridae_Phalanger_carmelitae           0.0629399 0.0882165 0.0666824 0.0630411 0.0609263 0.0572984 0.0182355 0.0117890 0.0735304 0.0766325 0.0089282 0.0974205 0.0948532 0.0027038 0.0652004 0.0966642 0.0960394 0.0920992 0.0794201 0.0632460 0.0703991 0.1033985 0.1008550 0.0968548 0.0310311 0.0690867 0.0678859 0.0669017 0.0641474 0.0862618 0.0654230 0.0000000 0.0735388 0.0979539 0.0797338 
Peramelidae_Peroryctes_raffrayana            0.0869481 0.0840511 0.0771837 0.0746949 0.0774547 0.0684493 0.0707215 0.0755688 0.0894581 0.0122185 0.0715675 0.1030239 0.1018977 0.0753670 0.0800753 0.1027176 0.1026399 0.1020926 0.0092335 0.0814988 0.0857096 0.1009021 0.0991884 0.1029037 0.0506506 0.0742958 0.0859362 0.0821500 0.0827140 0.1093470 0.0613910 0.0735388 0.0000000 0.1069630 0.0135632 
Dasyuridae_Dasyurus_geffroii                 0.1165906 0.1140281 0.1060513 0.1161692 0.1147197 0.0028856 0.0937921 0.0988124 0.1277697 0.1118949 0.0990956 0.0264549 0.0287384 0.1010195 0.1031508 0.0248062 0.0068030 0.0284133 0.1081904 0.1170988 0.1176682 0.1284906 0.1274878 0.0274423 0.0645975 0.0991939 0.1145875 0.1235222 0.1099863 0.1182396 0.0790873 0.0979539 0.1069630 0.0000000 0.1143011 
Peramelidae_Perameles_gunnii                 0.0929731 0.0890110 0.0826100 0.0804490 0.0814739 0.0744145 0.0752673 0.0826567 0.0939445 0.0018286 0.0767103 0.1113557 0.1091420 0.0809109 0.0822232 0.1093447 0.1109892 0.1065234 0.0147723 0.0857672 0.0921194 0.1052246 0.1062158 0.1106168 0.0520043 0.0767569 0.0882205 0.0874024 0.0859784 0.1121331 0.0698392 0.0797338 0.0135632 0.1143011 0.0000000 
