35
Burramyidae_Burramys_parvus                  0.0000000 0.0781071 0.0518387 0.0511539 0.0509313 0.0845094 0.0348759 0.0369945 0.0530563 0.0725883 0.0302573 0.0862854 0.0820958 0.0366974 0.0603624 0.0855554 0.0854190 0.0754877 0.0720160 0.0510680 0.0556103 0.1166115 0.1090475 0.0855637 0.0587390 0.0630601 0.0518504 0.0538229 0.0542560 0.0802048 0.0648741 0.0332570 0.0762069 0.0741458 0.0713747 
Notoryctidae_Notoryctes_typhlops             0.0781071 0.0000000 0.0806687 0.0940912 0.0872086 0.1073112 0.0810394 0.0887854 0.0947025 0.1162834 0.0799208 0.1168228 0.1096534 0.0825072 0.1160069 0.1196924 0.1068430 0.1127119 0.1183350 0.0962657 0.1014740 0.1480933 0.1471693 0.1153825 0.0894646 0.0817535 0.0981561 0.0911625 0.0938124 0.1106235 0.0986617 0.0824254 0.1291442 0.1115222 0.1183898 
Vombatidae_Lasiorhinus_latifrons             0.0518387 0.0806687 0.0000000 0.0561609 0.0517824 0.0687347 0.0423816 0.0461674 0.0594742 0.0680326 0.0420398 0.0835273 0.0725205 0.0406226 0.0710053 0.0827591 0.0735945 0.0701937 0.0671143 0.0572342 0.0578883 0.1148276 0.1044425 0.0767180 0.0540209 0.0517144 0.0555931 0.0589343 0.0517575 0.0670564 0.0600453 0.0405939 0.0779092 0.0721519 0.0664593 
Potoroidae_Bettongia_penicillata             0.0511539 0.0940912 0.0561609 0.0000000 0.0040733 0.0916577 0.0547003 0.0503193 0.0108149 0.0810422 0.0493436 0.0947334 0.0828362 0.0496405 0.0761874 0.0940337 0.0928553 0.0765270 0.0846774 0.0158228 0.0620126 0.1181612 0.1124218 0.0927410 0.0233549 0.0630349 0.0673729 0.0141336 0.0579036 0.0843236 0.0629649 0.0486650 0.0878265 0.0826335 0.0826278 
Potoroidae_Bettongia_lesueur                 0.0509313 0.0872086 0.0517824 0.0040733 0.0000000 0.0874536 0.0512922 0.0470448 0.0089165 0.0841483 0.0458526 0.0934256 0.0807028 0.0449413 0.0749504 0.0918199 0.0903276 0.0755989 0.0852088 0.0162821 0.0610318 0.1229928 0.1135007 0.0914759 0.0211559 0.0610719 0.0654173 0.0146197 0.0563147 0.0827531 0.0596893 0.0453626 0.0894533 0.0805396 0.0846675 
Dasyuridae_Dasyurus_maculatus                0.0845094 0.1073112 0.0687347 0.0916577 0.0874536 0.0000000 0.0794554 0.0815376 0.0924238 0.0993888 0.0683889 0.0207042 0.0250877 0.0815096 0.1042986 0.0220998 0.0072922 0.0125720 0.1020379 0.0916518 0.0934994 0.1475020 0.1323691 0.0203704 0.0946504 0.0863447 0.0904236 0.0899223 0.0852592 0.1166944 0.0885026 0.0806091 0.1016174 0.0092409 0.0996346 
Phalangeridae_Trichosurus_vulpecula          0.0348759 0.0810394 0.0423816 0.0547003 0.0512922 0.0794554 0.0000000 0.0181433 0.0540119 0.0738154 0.0097882 0.0827664 0.0724113 0.0184639 0.0696007 0.0830738 0.0819188 0.0647290 0.0771617 0.0537722 0.0566617 0.1190213 0.1055289 0.0805316 0.0587171 0.0565840 0.0565421 0.0539158 0.0556712 0.0873859 0.0588476 0.0157771 0.0804664 0.0720715 0.0745786 
Phalangeridae_Spilocuscus_maculatus          0.0369945 0.0887854 0.0461674 0.0503193 0.0470448 0.0815376 0.0181433 0.0000000 0.0496607 0.0734385 0.0057801 0.0859071 0.0762943 0.0123906 0.0722473 0.0868463 0.0839892 0.0711215 0.0736253 0.0503206 0.0534609 0.1159099 0.1048331 0.0837879 0.0558646 0.0531477 0.0561699 0.0503121 0.0528804 0.0834885 0.0595861 0.0098215 0.0785152 0.0748204 0.0724284 
Potoroidae_Aepyprymnus_rufescens             0.0530563 0.0947025 0.0594742 0.0108149 0.0089165 0.0924238 0.0540119 0.0496607 0.0000000 0.0847438 0.0487321 0.0953200 0.0835224 0.0488519 0.0815365 0.0956774 0.0936006 0.0786164 0.0884406 0.0183736 0.0655923 0.1245570 0.1125046 0.0951686 0.0261532 0.0644547 0.0704521 0.0166679 0.0638411 0.0899523 0.0655919 0.0478577 0.0920674 0.0853429 0.0879176 
Peramelidae_Perameles_nasuta                 0.0725883 0.1162834 0.0680326 0.0810422 0.0841483 0.0993888 0.0738154 0.0734385 0.0847438 0.0000000 0.0690741 0.1012586 0.0937480 0.0714501 0.0984399 0.0995301 0.0982938 0.0904620 0.0093812 0.0828688 0.0890872 0.1092000 0.1045914 0.0974232 0.0872203 0.0803627 0.0830129 0.0844030 0.0818229 0.1146138 0.0873435 0.0684533 0.0161480 0.0889706 0.0018249 
Phalangeridae_Strigocuscus_pelengensis       0.0302573 0.0799208 0.0420398 0.0493436 0.0458526 0.0683889 0.0097882 0.0057801 0.0487321 0.0690741 0.0000000 0.0798804 0.0688137 0.0085714 0.0713408 0.0811629 0.0731793 0.0661092 0.0695610 0.0501082 0.0505775 0.1063727 0.0971378 0.0760916 0.0509115 0.0444817 0.0517630 0.0490085 0.0492297 0.0625312 0.0586983 0.0058782 0.0746011 0.0700715 0.0682933 
Dasyuridae_Phascogale_tapoatafa              0.0862854 0.1168228 0.0835273 0.0947334 0.0934256 0.0207042 0.0827664 0.0859071 0.0953200 0.1012586 0.0798804 0.0000000 0.0260629 0.0863711 0.1084680 0.0035922 0.0218544 0.0209139 0.1062731 0.0957015 0.0954508 0.1452873 0.1315913 0.0107012 0.0976741 0.0871400 0.0921797 0.0907527 0.0871750 0.1239625 0.0899924 0.0840053 0.1100899 0.0170773 0.1029145 
Dasyuridae_Sminthopsis_macroura              0.0820958 0.1096534 0.0725205 0.0828362 0.0807028 0.0250877 0.0724113 0.0762943 0.0835224 0.0937480 0.0688137 0.0260629 0.0000000 0.0740828 0.1031689 0.0267807 0.0276201 0.0118280 0.0953080 0.0828285 0.0851716 0.1417959 0.1240980 0.0243900 0.0848280 0.0740387 0.0850976 0.0802635 0.0788670 0.1168984 0.0848601 0.0746442 0.0992402 0.0226434 0.0931363 
Phalangeridae_Phalanger_orientalis           0.0366974 0.0825072 0.0406226 0.0496405 0.0449413 0.0815096 0.0184639 0.0123906 0.0488519 0.0714501 0.0085714 0.0863711 0.0740828 0.0000000 0.0708745 0.0866942 0.0840214 0.0671715 0.0695530 0.0490081 0.0526406 0.1106161 0.1019837 0.0839459 0.0529675 0.0479140 0.0512496 0.0488580 0.0507614 0.0793075 0.0593074 0.0036276 0.0765116 0.0742535 0.0704894 
Acrobatidae_Acrobates_pygmaeus               0.0603624 0.1160069 0.0710053 0.0761874 0.0749504 0.1042986 0.0696007 0.0722473 0.0815365 0.0984399 0.0713408 0.1084680 0.1031689 0.0708745 0.0000000 0.1077504 0.1094409 0.0963971 0.1038498 0.0776252 0.0700491 0.1505585 0.1397646 0.1042723 0.0846418 0.0856932 0.0618740 0.0752605 0.0620244 0.0927340 0.0413472 0.0699752 0.0979658 0.0972266 0.1040342 
Dasyuridae_Phascogale_calura                 0.0855554 0.1196924 0.0827591 0.0940337 0.0918199 0.0220998 0.0830738 0.0868463 0.0956774 0.0995301 0.0811629 0.0035922 0.0267807 0.0866942 0.1077504 0.0000000 0.0232447 0.0224752 0.1035853 0.0960621 0.0947561 0.1427436 0.1286362 0.0107011 0.0960475 0.0884381 0.0905141 0.0920219 0.0865043 0.1219021 0.0883918 0.0843174 0.1080589 0.0170685 0.1012190 
Dasyuridae_Sarcophilus_harrisii              0.0854190 0.1068430 0.0735945 0.0928553 0.0903276 0.0072922 0.0819188 0.0839892 0.0936006 0.0982938 0.0731793 0.0218544 0.0276201 0.0840214 0.1094409 0.0232447 0.0000000 0.0175879 0.1019421 0.0914510 0.0974390 0.1455712 0.1314731 0.0215227 0.0960953 0.0834023 0.0909647 0.0909381 0.0893085 0.1187733 0.0924715 0.0830730 0.1035605 0.0130192 0.0985846 
Dasyuridae_Planigale_tenuirostris            0.0754877 0.1127119 0.0701937 0.0765270 0.0755989 0.0125720 0.0647290 0.0711215 0.0786164 0.0904620 0.0661092 0.0209139 0.0118280 0.0671715 0.0963971 0.0224752 0.0175879 0.0000000 0.0957922 0.0814747 0.0768772 0.1280702 0.1204301 0.0196694 0.0776454 0.0661363 0.0764781 0.0744006 0.0688399 0.0959579 0.0810764 0.0673319 0.1029489 0.0169557 0.0931818 
Peramelidae_Echymipera_kalubu                0.0720160 0.1183350 0.0671143 0.0846774 0.0852088 0.1020379 0.0771617 0.0736253 0.0884406 0.0093812 0.0695610 0.1062731 0.0953080 0.0695530 0.1038498 0.1035853 0.1019421 0.0957922 0.0000000 0.0867515 0.0914688 0.1183372 0.1054159 0.1013477 0.0894104 0.0800450 0.0823321 0.0899905 0.0823225 0.1160460 0.0901221 0.0681308 0.0167336 0.0916522 0.0085585 
Macropodidae_Dorcopsulus_vanheurni           0.0510680 0.0962657 0.0572342 0.0158228 0.0162821 0.0916518 0.0537722 0.0503206 0.0183736 0.0828688 0.0501082 0.0957015 0.0828285 0.0490081 0.0776252 0.0960621 0.0914510 0.0814747 0.0867515 0.0000000 0.0622636 0.1261731 0.1171092 0.0957669 0.0247700 0.0644207 0.0667392 0.0090688 0.0612056 0.0851093 0.0651756 0.0486575 0.0941591 0.0846212 0.0861902 
Pseudochiridae_Pseudochirulus_forbesi        0.0556103 0.1014740 0.0578883 0.0620126 0.0610318 0.0934994 0.0566617 0.0534609 0.0655923 0.0890872 0.0505775 0.0954508 0.0851716 0.0526406 0.0700491 0.0947561 0.0974390 0.0768772 0.0914688 0.0622636 0.0000000 0.1312527 0.1270228 0.0925111 0.0708955 0.0698998 0.0379459 0.0623662 0.0144034 0.0703296 0.0587267 0.0501965 0.0921306 0.0835716 0.0915958 
Didelphidae_Didelphis_virginiana             0.1166115 0.1480933 0.1148276 0.1181612 0.1229928 0.1475020 0.1190213 0.1159099 0.1245570 0.1092000 0.1063727 0.1452873 0.1417959 0.1106161 0.1505585 0.1427436 0.1455712 0.1280702 0.1183372 0.1261731 0.1312527 0.0000000 0.0367934 0.1445049 0.1309909 0.1003728 0.1271210 0.1216708 0.1236393 0.1510698 0.1292468 0.1120695 0.1146698 0.1357181 0.1142308 
Marmosidae_Monodelphis_domestica             0.1090475 0.1471693 0.1044425 0.1124218 0.1135007 0.1323691 0.1055289 0.1048331 0.1125046 0.1045914 0.0971378 0.1315913 0.1240980 0.1019837 0.1397646 0.1286362 0.1314731 0.1204301 0.1054159 0.1171092 0.1270228 0.0367934 0.0000000 0.1340737 0.1164536 0.0979975 0.1195558 0.1150963 0.1189010 0.1420248 0.1207378 0.1028606 0.1117716 0.1240091 0.1063264 
Dasyuridae_Antechinus_stuartii               0.0855637 0.1153825 0.0767180 0.0927410 0.0914759 0.0203704 0.0805316 0.0837879 0.0951686 0.0974232 0.0760916 0.0107012 0.0243900 0.0839459 0.1042723 0.0107011 0.0215227 0.0196694 0.1013477 0.0957669 0.0925111 0.1445049 0.1340737 0.0000000 0.0968918 0.0848098 0.0868120 0.0927463 0.0849470 0.1228758 0.0884694 0.0816396 0.1062263 0.0153281 0.0996253 
Hypsiprymnodontidae_Hypsiprymnodon_moschatus 0.0587390 0.0894646 0.0540209 0.0233549 0.0211559 0.0946504 0.0587171 0.0558646 0.0261532 0.0872203 0.0509115 0.0976741 0.0848280 0.0529675 0.0846418 0.0960475 0.0960953 0.0776454 0.0894104 0.0247700 0.0708955 0.1309909 0.1164536 0.0968918 0.0000000 0.0632538 0.0713603 0.0251476 0.0644727 0.0940930 0.0701750 0.0533594 0.0872325 0.0855308 0.0882590 
Microbiotheriidae_Dromiciops_gliroides       0.0630601 0.0817535 0.0517144 0.0630349 0.0610719 0.0863447 0.0565840 0.0531477 0.0644547 0.0803627 0.0444817 0.0871400 0.0740387 0.0479140 0.0856932 0.0884381 0.0834023 0.0661363 0.0800450 0.0644207 0.0698998 0.1003728 0.0979975 0.0848098 0.0632538 0.0000000 0.0680918 0.0626880 0.0620289 0.0923008 0.0760858 0.0468337 0.0790427 0.0826074 0.0808321 
Pseudochiridae_Petauroides_volans            0.0518504 0.0981561 0.0555931 0.0673729 0.0654173 0.0904236 0.0565421 0.0561699 0.0704521 0.0830129 0.0517630 0.0921797 0.0850976 0.0512496 0.0618740 0.0905141 0.0909647 0.0764781 0.0823321 0.0667392 0.0379459 0.1271210 0.1195558 0.0868120 0.0713603 0.0680918 0.0000000 0.0668063 0.0350203 0.0633356 0.0544983 0.0512339 0.0888195 0.0832242 0.0863323 
Macropodidae_Wallabia_bicolor                0.0538229 0.0911625 0.0589343 0.0141336 0.0146197 0.0899223 0.0539158 0.0503121 0.0166679 0.0844030 0.0490085 0.0907527 0.0802635 0.0488580 0.0752605 0.0920219 0.0909381 0.0744006 0.0899905 0.0090688 0.0623662 0.1216708 0.1150963 0.0927463 0.0251476 0.0626880 0.0668063 0.0000000 0.0585813 0.0838134 0.0614010 0.0485043 0.0924678 0.0827990 0.0879068 
Pseudochiridae_Pseudocheirus_occidentalis    0.0542560 0.0938124 0.0517575 0.0579036 0.0563147 0.0852592 0.0556712 0.0528804 0.0638411 0.0818229 0.0492297 0.0871750 0.0788670 0.0507614 0.0620244 0.0865043 0.0893085 0.0688399 0.0823225 0.0612056 0.0144034 0.1236393 0.1189010 0.0849470 0.0644727 0.0620289 0.0350203 0.0585813 0.0000000 0.0671009 0.0505813 0.0487708 0.0827686 0.0757593 0.0814210 
Tarsipedidae_Tarsipes_rostratus              0.0802048 0.1106235 0.0670564 0.0843236 0.0827531 0.1166944 0.0873859 0.0834885 0.0899523 0.1146138 0.0625312 0.1239625 0.1168984 0.0793075 0.0927340 0.1219021 0.1187733 0.0959579 0.1160460 0.0851093 0.0703296 0.1510698 0.1420248 0.1228758 0.0940930 0.0923008 0.0633356 0.0838134 0.0671009 0.0000000 0.0782550 0.0773726 0.1033808 0.1117771 0.1128660 
Acrobatidae_Distoechurus_pennatus            0.0648741 0.0986617 0.0600453 0.0629649 0.0596893 0.0885026 0.0588476 0.0595861 0.0655919 0.0873435 0.0586983 0.0899924 0.0848601 0.0593074 0.0413472 0.0883918 0.0924715 0.0810764 0.0901221 0.0651756 0.0587267 0.1292468 0.1207378 0.0884694 0.0701750 0.0760858 0.0544983 0.0614010 0.0505813 0.0782550 0.0000000 0.0590742 0.0955172 0.0812300 0.0896997 
Phalangeridae_Phalanger_carmelitae           0.0332570 0.0824254 0.0405939 0.0486650 0.0453626 0.0806091 0.0157771 0.0098215 0.0478577 0.0684533 0.0058782 0.0840053 0.0746442 0.0036276 0.0699752 0.0843174 0.0830730 0.0673319 0.0681308 0.0486575 0.0501965 0.1120695 0.1028606 0.0816396 0.0533594 0.0468337 0.0512339 0.0485043 0.0487708 0.0773726 0.0590742 0.0000000 0.0745551 0.0733442 0.0675768 
Peramelidae_Peroryctes_raffrayana            0.0762069 0.1291442 0.0779092 0.0878265 0.0894533 0.1016174 0.0804664 0.0785152 0.0920674 0.0161480 0.0746011 0.1100899 0.0992402 0.0765116 0.0979658 0.1080589 0.1035605 0.1029489 0.0167336 0.0941591 0.0921306 0.1146698 0.1117716 0.1062263 0.0872325 0.0790427 0.0888195 0.0924678 0.0827686 0.1033808 0.0955172 0.0745551 0.0000000 0.1011874 0.0167469 
Dasyuridae_Dasyurus_geffroii                 0.0741458 0.1115222 0.0721519 0.0826335 0.0805396 0.0092409 0.0720715 0.0748204 0.0853429 0.0889706 0.0700715 0.0170773 0.0226434 0.0742535 0.0972266 0.0170685 0.0130192 0.0169557 0.0916522 0.0846212 0.0835716 0.1357181 0.1240091 0.0153281 0.0855308 0.0826074 0.0832242 0.0827990 0.0757593 0.1117771 0.0812300 0.0733442 0.1011874 0.0000000 0.0894538 
Peramelidae_Perameles_gunnii                 0.0713747 0.1183898 0.0664593 0.0826278 0.0846675 0.0996346 0.0745786 0.0724284 0.0879176 0.0018249 0.0682933 0.1029145 0.0931363 0.0704894 0.1040342 0.1012190 0.0985846 0.0931818 0.0085585 0.0861902 0.0915958 0.1142308 0.1063264 0.0996253 0.0882590 0.0808321 0.0863323 0.0879068 0.0814210 0.1128660 0.0896997 0.0675768 0.0167469 0.0894538 0.0000000 
