37
Burramyidae_Burramys_parvus                  0.0000000 0.1007375 0.0480475 0.0456791 0.0444659 0.0955376 0.0370543 0.0489945 0.0468823 0.0828634 0.0392450 0.1005850 0.0956942 0.0437705 0.0572032 0.0946581 0.0916513 0.1066079 0.0842718 0.0485673 0.0527013 0.1044577 0.0590013 0.0697594 0.0506062 0.0528125 0.0517833 0.1074923 0.0423817 0.0437460 0.0910571 0.0944115 0.0846778 0.0840176 0.0843411 0.1117065 0.1117065 
Notoryctidae_Notoryctes_typhlops             0.1007375 0.0000000 0.0988710 0.1052392 0.1064272 0.1414031 0.0897462 0.1074222 0.1047035 0.1229676 0.0978109 0.1394840 0.1333895 0.1038659 0.1101491 0.1371978 0.1368490 0.1477300 0.1135064 0.1113707 0.1059927 0.1502399 0.1205149 0.1096922 0.1085823 0.1081503 0.1000790 0.1689196 0.0952107 0.1021385 0.1299806 0.1399333 0.1185314 0.1188562 0.1106630 0.1463413 0.1463413 
Vombatidae_Lasiorhinus_latifrons             0.0480475 0.0988710 0.0000000 0.0550858 0.0538268 0.0982813 0.0482049 0.0644247 0.0565132 0.0928475 0.0567445 0.0958647 0.0918535 0.0607832 0.0655289 0.0911117 0.0903739 0.1046353 0.0960490 0.0615203 0.0629433 0.1012667 0.0693782 0.0736094 0.0585118 0.0632154 0.0601278 0.1169493 0.0543097 0.0587305 0.1026399 0.0955574 0.0937863 0.0835599 0.0740356 0.1383087 0.1383087 
Potoroidae_Bettongia_penicillata             0.0456791 0.1052392 0.0550858 0.0000000 0.0045476 0.1045660 0.0524223 0.0692081 0.0059328 0.0910572 0.0568213 0.1066808 0.1022613 0.0654791 0.0707382 0.0997263 0.0998013 0.1147379 0.0923925 0.0167328 0.0664949 0.1114090 0.0386856 0.0863300 0.0616563 0.0187492 0.0599018 0.1173622 0.0577752 0.0627198 0.0961094 0.1018032 0.0910304 0.0889171 0.0934381 0.1043768 0.1043768 
Potoroidae_Bettongia_lesueur                 0.0444659 0.1064272 0.0538268 0.0045476 0.0000000 0.1029068 0.0510959 0.0663350 0.0069742 0.0913378 0.0554959 0.1031655 0.1005360 0.0640172 0.0708714 0.0963021 0.0980848 0.1127392 0.0927979 0.0175553 0.0650279 0.1080252 0.0407898 0.0853842 0.0606986 0.0195772 0.0580752 0.1180188 0.0568078 0.0612820 0.0963760 0.1000843 0.0914363 0.0900823 0.0944251 0.1060397 0.1060397 
Dasyuridae_Dasyurus_maculatus                0.0955376 0.1414031 0.0982813 0.1045660 0.1029068 0.0000000 0.0935602 0.1144998 0.1012127 0.1209751 0.1017143 0.0150428 0.0211715 0.1125531 0.1241607 0.0148844 0.0042165 0.0257003 0.1232817 0.1024289 0.1186953 0.0177845 0.1169767 0.1147703 0.1075326 0.1065950 0.1134408 0.1765718 0.1092986 0.1089399 0.1299162 0.0028735 0.1197133 0.0915186 0.0897369 0.0754344 0.0754344 
Phalangeridae_Trichosurus_vulpecula          0.0370543 0.0897462 0.0482049 0.0524223 0.0510959 0.0935602 0.0000000 0.0201766 0.0511772 0.0855029 0.0144309 0.0933778 0.0896905 0.0167688 0.0553316 0.0878517 0.0865437 0.1025787 0.0850979 0.0524582 0.0558516 0.0987313 0.0656818 0.0671232 0.0498808 0.0539298 0.0497041 0.1072518 0.0404044 0.0171895 0.0961997 0.0908483 0.0830646 0.0704737 0.0703679 0.0821057 0.0821057 
Phalangeridae_Spilocuscus_maculatus          0.0489945 0.1074222 0.0644247 0.0692081 0.0663350 0.1144998 0.0201766 0.0000000 0.0684602 0.1009392 0.0135254 0.1125233 0.1074813 0.0121970 0.0702210 0.1066909 0.1069812 0.1133160 0.1004860 0.0706935 0.0697478 0.1194407 0.0826645 0.0796595 0.0653140 0.0708346 0.0593834 0.1243832 0.0563672 0.0106543 0.1085551 0.1114997 0.1032034 0.0881391 0.0867090 0.1173548 0.1173548 
Potoroidae_Aepyprymnus_rufescens             0.0468823 0.1047035 0.0565132 0.0059328 0.0069742 0.1012127 0.0511772 0.0684602 0.0000000 0.0911975 0.0561840 0.1023866 0.0981617 0.0641235 0.0713869 0.0955657 0.0957268 0.1110577 0.0908614 0.0162999 0.0672228 0.1072658 0.0425221 0.0857753 0.0623247 0.0191686 0.0613667 0.1190398 0.0578047 0.0619913 0.0934647 0.0984139 0.0904874 0.0890579 0.0885365 0.0984827 0.0984827 
Peramelidae_Perameles_nasuta                 0.0828634 0.1229676 0.0928475 0.0910572 0.0913378 0.1209751 0.0855029 0.1009392 0.0911975 0.0000000 0.0908563 0.1177575 0.1205489 0.0962367 0.1030013 0.1166266 0.1175259 0.1269384 0.0170643 0.0913364 0.1014475 0.1314301 0.1044272 0.0999547 0.0910368 0.0959199 0.1013878 0.1684393 0.0909132 0.0933671 0.0196675 0.1174722 0.0006644 0.1012002 0.0899352 9.0000000 9.0000000 
Phalangeridae_Strigocuscus_pelengensis       0.0392450 0.0978109 0.0567445 0.0568213 0.0554959 0.1017143 0.0144309 0.0135254 0.0561840 0.0908563 0.0000000 0.1007684 0.0957738 0.0104253 0.0603180 0.0947298 0.0960263 0.1105690 0.0905427 0.0584504 0.0604856 0.1055333 0.0675577 0.0755421 0.0538780 0.0604370 0.0535466 0.1094274 0.0464934 0.0104236 0.1030506 0.0988902 0.0890888 0.0776502 0.0807250 0.0899369 0.0899369 
Dasyuridae_Phascogale_tapoatafa              0.1005850 0.1394840 0.0958647 0.1066808 0.1031655 0.0150428 0.0933778 0.1125233 0.1023866 0.1177575 0.1007684 0.0000000 0.0225886 0.1050634 0.1223619 0.0038537 0.0141758 0.0258929 0.1249895 0.1070375 0.1182796 0.0111337 0.1122030 0.1122457 0.1064312 0.1100097 0.1118085 0.1879519 0.1117971 0.1039768 0.1290445 0.0145848 0.1195829 0.0897649 0.0889799 0.0835082 0.0835082 
Dasyuridae_Sminthopsis_macroura              0.0956942 0.1333895 0.0918535 0.1022613 0.1005360 0.0211715 0.0896905 0.1074813 0.0981617 0.1205489 0.0957738 0.0225886 0.0000000 0.1039881 0.1146472 0.0206367 0.0198565 0.0178604 0.1189091 0.1025576 0.1109774 0.0243818 0.1110475 0.1065056 0.1033627 0.1051225 0.1096867 0.1625761 0.1025802 0.1021495 0.1293264 0.0193455 0.1163511 0.0840322 0.0797443 0.0608868 0.0608868 
Phalangeridae_Phalanger_orientalis           0.0437705 0.1038659 0.0607832 0.0654791 0.0640172 0.1125531 0.0167688 0.0121970 0.0641235 0.0962367 0.0104253 0.1050634 0.1039881 0.0000000 0.0626785 0.1021836 0.1049950 0.1144997 0.0997881 0.0669349 0.0659188 0.1167266 0.0757670 0.0783152 0.0601820 0.0678084 0.0545101 0.1231779 0.0534604 0.0035398 0.1085451 0.1095610 0.0990732 0.0827383 0.0884248 0.1237341 0.1237341 
Acrobatidae_Acrobates_pygmaeus               0.0572032 0.1101491 0.0655289 0.0707382 0.0708714 0.1241607 0.0553316 0.0702210 0.0713869 0.1030013 0.0603180 0.1223619 0.1146472 0.0626785 0.0000000 0.1152477 0.1165635 0.1191646 0.1042716 0.0787644 0.0623981 0.1258834 0.0834104 0.0861018 0.0589083 0.0816189 0.0555809 0.1151299 0.0392126 0.0620077 0.1108442 0.1211064 0.1072586 0.1116770 0.1084924 0.1607946 0.1607946 
Dasyuridae_Phascogale_calura                 0.0946581 0.1371978 0.0911117 0.0997263 0.0963021 0.0148844 0.0878517 0.1066909 0.0955657 0.1166266 0.0947298 0.0038537 0.0206367 0.1021836 0.1152477 0.0000000 0.0144957 0.0234485 0.1203374 0.1000385 0.1147645 0.0100389 0.1050561 0.1032669 0.1025448 0.1026414 0.1119754 0.1752559 0.1046492 0.1003174 0.1279295 0.0144513 0.1158948 0.0802934 0.0796357 0.0679657 0.0679657 
Dasyuridae_Sarcophilus_harrisii              0.0916513 0.1368490 0.0903739 0.0998013 0.0980848 0.0042165 0.0865437 0.1069812 0.0957268 0.1175259 0.0960263 0.0141758 0.0198565 0.1049950 0.1165635 0.0144957 0.0000000 0.0241464 0.1179351 0.0993959 0.1145395 0.0160725 0.1119333 0.1062412 0.1033275 0.1042113 0.1090968 0.1709493 0.1003135 0.1031440 0.1283626 0.0032075 0.1126663 0.0857438 0.0839532 0.0658847 0.0658847 
Dasyuridae_Planigale_tenuirostris            0.1066079 0.1477300 0.1046353 0.1147379 0.1127392 0.0257003 0.1025787 0.1133160 0.1110577 0.1269384 0.1105690 0.0258929 0.0178604 0.1144997 0.1191646 0.0234485 0.0241464 0.0000000 0.1335151 0.1146078 0.1262987 0.0261978 0.1183101 0.1188391 0.1147692 0.1174883 0.1190220 0.1853106 0.1154805 0.1104745 0.1362305 0.0230881 0.1329091 0.0886923 0.0849235 0.1220042 0.1220042 
Peramelidae_Echymipera_kalubu                0.0842718 0.1135064 0.0960490 0.0923925 0.0927979 0.1232817 0.0850979 0.1004860 0.0908614 0.0170643 0.0905427 0.1249895 0.1189091 0.0997881 0.1042716 0.1203374 0.1179351 0.1335151 0.0000000 0.0937065 0.1053609 0.1312166 0.1053567 0.0965327 0.0943336 0.0974198 0.0973245 0.1603660 0.0927470 0.0963799 0.0136103 0.1201587 0.0169239 0.1031741 0.0957719 0.1295897 0.1295897 
Macropodidae_Dorcopsulus_vanheurni           0.0485673 0.1113707 0.0615203 0.0167328 0.0175553 0.1024289 0.0524582 0.0706935 0.0162999 0.0913364 0.0584504 0.1070375 0.1025576 0.0669349 0.0787644 0.1000385 0.0993959 0.1146078 0.0937065 0.0000000 0.0714280 0.1134471 0.0427008 0.0913084 0.0649969 0.0088843 0.0674773 0.1204811 0.0626800 0.0648359 0.0991128 0.1005203 0.0903929 0.0947772 0.0899647 0.0990770 0.0990770 
Pseudochiridae_Pseudochirulus_forbesi        0.0527013 0.1059927 0.0629433 0.0664949 0.0650279 0.1186953 0.0558516 0.0697478 0.0672228 0.1014475 0.0604856 0.1182796 0.1109774 0.0659188 0.0623981 0.1147645 0.1145395 0.1262987 0.1053609 0.0714280 0.0000000 0.1238242 0.0788509 0.0813897 0.0339044 0.0728926 0.0198283 0.1132951 0.0527743 0.0638062 0.1000361 0.1156624 0.1057267 0.1005583 0.0925036 0.1763970 0.1763970 
Dasyuridae_Antechinus_stuartii               0.1044577 0.1502399 0.1012667 0.1114090 0.1080252 0.0177845 0.0987313 0.1194407 0.1072658 0.1314301 0.1055333 0.0111337 0.0243818 0.1167266 0.1258834 0.0100389 0.0160725 0.0261978 0.1312166 0.1134471 0.1238242 0.0000000 0.1145235 0.1188486 0.1121076 0.1139557 0.1182539 0.1803242 0.1133303 0.1138660 0.1422614 0.0173285 0.1289691 0.0918110 0.0871998 0.0758796 0.0758796 
Hypsiprymnodontidae_Hypsiprymnodon_moschatus 0.0590013 0.1205149 0.0693782 0.0386856 0.0407898 0.1169767 0.0656818 0.0826645 0.0425221 0.1044272 0.0675577 0.1122030 0.1110475 0.0757670 0.0834104 0.1050561 0.1119333 0.1183101 0.1053567 0.0427008 0.0788509 0.1145235 0.0000000 0.0961023 0.0760766 0.0466790 0.0734505 0.1402090 0.0750957 0.0728298 0.1105715 0.1139665 0.1066638 0.1133221 0.1116828 0.1878603 0.1878603 
Microbiotheriidae_Dromiciops_gliroides       0.0697594 0.1096922 0.0736094 0.0863300 0.0853842 0.1147703 0.0671232 0.0796595 0.0857753 0.0999547 0.0755421 0.1122457 0.1065056 0.0783152 0.0861018 0.1032669 0.1062412 0.1188391 0.0965327 0.0913084 0.0813897 0.1188486 0.0961023 0.0000000 0.0829061 0.0917963 0.0786758 0.1536174 0.0734092 0.0782634 0.1046626 0.1125366 0.0999605 0.1018035 0.0960043 0.1130126 0.1130126 
Pseudochiridae_Petauroides_volans            0.0506062 0.1085823 0.0585118 0.0616563 0.0606986 0.1075326 0.0498808 0.0653140 0.0623247 0.0910368 0.0538780 0.1064312 0.1033627 0.0601820 0.0589083 0.1025448 0.1033275 0.1147692 0.0943336 0.0649969 0.0339044 0.1121076 0.0760766 0.0829061 0.0000000 0.0691584 0.0318921 0.1061538 0.0471577 0.0580859 0.0959168 0.1047060 0.0926778 0.0872655 0.0891953 0.1647827 0.1647827 
Macropodidae_Wallabia_bicolor                0.0528125 0.1081503 0.0632154 0.0187492 0.0195772 0.1065950 0.0539298 0.0708346 0.0191686 0.0959199 0.0604370 0.1100097 0.1051225 0.0678084 0.0816189 0.1026414 0.1042113 0.1174883 0.0974198 0.0088843 0.0728926 0.1139557 0.0466790 0.0917963 0.0691584 0.0000000 0.0705944 0.1225333 0.0651988 0.0663863 0.1046689 0.1046551 0.0956778 0.1035427 0.1022600 0.1012155 0.1012155 
Pseudochiridae_Pseudocheirus_occidentalis    0.0517833 0.1000790 0.0601278 0.0599018 0.0580752 0.1134408 0.0497041 0.0593834 0.0613667 0.1013878 0.0535466 0.1118085 0.1096867 0.0545101 0.0555809 0.1119754 0.1090968 0.1190220 0.0973245 0.0674773 0.0198283 0.1182539 0.0734505 0.0786758 0.0318921 0.0705944 0.0000000 0.1098223 0.0494644 0.0515803 0.1015369 0.1100532 0.1012065 0.0845913 0.0815549 9.0000000 9.0000000 
Tarsipedidae_Tarsipes_rostratus              0.1074923 0.1689196 0.1169493 0.1173622 0.1180188 0.1765718 0.1072518 0.1243832 0.1190398 0.1684393 0.1094274 0.1879519 0.1625761 0.1231779 0.1151299 0.1752559 0.1709493 0.1853106 0.1603660 0.1204811 0.1132951 0.1803242 0.1402090 0.1536174 0.1061538 0.1225333 0.1098223 0.0000000 0.0964250 0.1205338 0.1732593 0.1729780 0.1616810 0.1642196 0.1526321 0.1170556 0.1170556 
Acrobatidae_Distoechurus_pennatus            0.0423817 0.0952107 0.0543097 0.0577752 0.0568078 0.1092986 0.0404044 0.0563672 0.0578047 0.0909132 0.0464934 0.1117971 0.1025802 0.0534604 0.0392126 0.1046492 0.1003135 0.1154805 0.0927470 0.0626800 0.0527743 0.1133303 0.0750957 0.0734092 0.0471577 0.0651988 0.0494644 0.0964250 0.0000000 0.0527969 0.0994894 0.1063904 0.0904299 0.0836041 0.0810615 0.1128476 0.1128476 
Phalangeridae_Phalanger_carmelitae           0.0437460 0.1021385 0.0587305 0.0627198 0.0612820 0.1089399 0.0171895 0.0106543 0.0619913 0.0933671 0.0104236 0.1039768 0.1021495 0.0035398 0.0620077 0.1003174 0.1031440 0.1104745 0.0963799 0.0648359 0.0638062 0.1138660 0.0728298 0.0782634 0.0580859 0.0663863 0.0515803 0.1205338 0.0527969 0.0000000 0.1036286 0.1059956 0.0972944 0.0778236 0.0810578 0.1308069 0.1308069 
Peramelidae_Peroryctes_raffrayana            0.0910571 0.1299806 0.1026399 0.0961094 0.0963760 0.1299162 0.0961997 0.1085551 0.0934647 0.0196675 0.1030506 0.1290445 0.1293264 0.1085451 0.1108442 0.1279295 0.1283626 0.1362305 0.0136103 0.0991128 0.1000361 0.1422614 0.1105715 0.1046626 0.0959168 0.1046689 0.1015369 0.1732593 0.0994894 0.1036286 0.0000000 0.1262462 0.0196574 0.1011260 0.0928202 9.0000000 9.0000000 
Dasyuridae_Dasyurus_geffroii                 0.0944115 0.1399333 0.0955574 0.1018032 0.1000843 0.0028735 0.0908483 0.1114997 0.0984139 0.1174722 0.0988902 0.0145848 0.0193455 0.1095610 0.1211064 0.0144513 0.0032075 0.0230881 0.1201587 0.1005203 0.1156624 0.0173285 0.1139665 0.1125366 0.1047060 0.1046551 0.1100532 0.1729780 0.1063904 0.1059956 0.1262462 0.0000000 0.1166232 0.0888525 0.0870186 0.0754344 0.0754344 
Peramelidae_Perameles_gunnii                 0.0846778 0.1185314 0.0937863 0.0910304 0.0914363 0.1197133 0.0830646 0.1032034 0.0904874 0.0006644 0.0890888 0.1195829 0.1163511 0.0990732 0.1072586 0.1158948 0.1126663 0.1329091 0.0169239 0.0903929 0.1057267 0.1289691 0.1066638 0.0999605 0.0926778 0.0956778 0.1012065 0.1616810 0.0904299 0.0972944 0.0196574 0.1166232 0.0000000 0.1010644 0.0900818 0.1383579 0.1383579 
Didelphidae_Didelphis_virginiana             0.0840176 0.1188562 0.0835599 0.0889171 0.0900823 0.0915186 0.0704737 0.0881391 0.0890579 0.1012002 0.0776502 0.0897649 0.0840322 0.0827383 0.1116770 0.0802934 0.0857438 0.0886923 0.1031741 0.0947772 0.1005583 0.0918110 0.1133221 0.1018035 0.0872655 0.1035427 0.0845913 0.1642196 0.0836041 0.0778236 0.1011260 0.0888525 0.1010644 0.0000000 0.0248234 0.1307758 0.1307758 
Marmosidae_Monodelphis_domestica             0.0843411 0.1106630 0.0740356 0.0934381 0.0944251 0.0897369 0.0703679 0.0867090 0.0885365 0.0899352 0.0807250 0.0889799 0.0797443 0.0884248 0.1084924 0.0796357 0.0839532 0.0849235 0.0957719 0.0899647 0.0925036 0.0871998 0.1116828 0.0960043 0.0891953 0.1022600 0.0815549 0.1526321 0.0810615 0.0810578 0.0928202 0.0870186 0.0900818 0.0248234 0.0000000 0.1228357 0.1228357 
Myrmecobiidae_Myrmecobius_fasciatus1         0.1117065 0.1463413 0.1383087 0.1043768 0.1060397 0.0754344 0.0821057 0.1173548 0.0984827 9.0000000 0.0899369 0.0835082 0.0608868 0.1237341 0.1607946 0.0679657 0.0658847 0.1220042 0.1295897 0.0990770 0.1763970 0.0758796 0.1878603 0.1130126 0.1647827 0.1012155 9.0000000 0.1170556 0.1128476 0.1308069 9.0000000 0.0754344 0.1383579 0.1307758 0.1228357 0.0000000 0.0000010 
Myrmecobiidae_Myrmecobius_fasciatus2         0.1117065 0.1463413 0.1383087 0.1043768 0.1060397 0.0754344 0.0821057 0.1173548 0.0984827 9.0000000 0.0899369 0.0835082 0.0608868 0.1237341 0.1607946 0.0679657 0.0658847 0.1220042 0.1295897 0.0990770 0.1763970 0.0758796 0.1878603 0.1130126 0.1647827 0.1012155 9.0000000 0.1170556 0.1128476 0.1308069 9.0000000 0.0754344 0.1383579 0.1307758 0.1228357 0.0000010 0.0000000 
