166
I0185_86_Accipitridae_Buteo_jamaicensis                   0.0000000 0.0360695 0.0366311 0.0404599 0.0361278 0.0438727 0.0277724 0.0339880 0.0428925 0.0453217 0.0280212 0.0396332 0.0415195 0.0420296 0.0157833 0.0376643 0.0211024 0.0367422 0.0260629 0.0216698 0.0234672 0.0203532 0.0340674 0.0244843 0.0482090 0.0501340 0.0227936 0.0367115 0.0385015 0.0368470 0.0382881 0.0335868 0.0485581 0.0389573 0.0514304 0.0376344 0.0382480 0.0362481 0.0554891 0.0638182 0.0552197 0.0330451 0.0291701 0.0386299 0.0367624 0.0233258 0.0371583 0.0350061 0.0384028 0.0341051 0.0291559 0.0238643 0.0372160 0.0362897 0.0243023 0.0243338 0.0592046 0.0365967 0.0457512 0.0238751 0.0275111 0.0499892 0.0454637 0.0304223 0.0468518 0.0501843 0.0383176 0.0373903 0.0279898 0.0245840 0.0364300 0.0262494 0.0064438 0.0253219 0.0363675 0.0374832 0.0398081 0.0216224 0.0183514 0.0404611 0.0349641 0.0351649 0.0281442 0.0203401 0.0298020 0.0439852 0.0438211 0.0218170 0.0460459 0.0184768 0.0211603 0.0304571 0.0425280 0.0323272 0.0258893 0.0225057 0.0278661 0.0369564 0.0565030 0.0256080 0.0391788 0.0556737 0.0235867 0.0410408 0.0378650 0.0446503 0.0497163 0.0348466 0.0151417 0.0206934 0.0397886 0.0330140 0.0328369 0.0217045 0.0570321 0.0276636 0.0309759 0.0196902 0.0335276 0.0485475 0.0277221 0.0443383 0.0295470 0.0231190 0.0193901 0.0355325 0.0275047 0.0580593 0.0275613 0.0217583 0.0433963 0.0547998 0.0351191 0.0360701 0.0194121 0.0237736 0.0255903 0.0236169 0.0253533 0.0328303 0.0357555 0.0289122 0.0361415 0.0415246 0.0372733 0.0258977 0.0245560 0.0330173 0.0279228 0.0417335 0.0389640 0.0531608 0.0208189 0.0150518 0.0230593 0.0508699 0.0232955 0.0485590 0.0456006 0.0391568 0.0380480 0.1059821 0.1063998 0.0393948 0.0470604 0.0450437 
I0186_111_Momotidae_Momotus_lessonii                      0.0360695 0.0000000 0.0485116 0.0523127 0.0474269 0.0522743 0.0389849 0.0429464 0.0435071 0.0538390 0.0396618 0.0517183 0.0518176 0.0476111 0.0287458 0.0506338 0.0341521 0.0500240 0.0392649 0.0337781 0.0366075 0.0341406 0.0428426 0.0369978 0.0588618 0.0620823 0.0366703 0.0491734 0.0502935 0.0501293 0.0505217 0.0427003 0.0613263 0.0501274 0.0621667 0.0505021 0.0501564 0.0489993 0.0658464 0.0737393 0.0637908 0.0360007 0.0411210 0.0494265 0.0490751 0.0357367 0.0494593 0.0477322 0.0498008 0.0427631 0.0428327 0.0368429 0.0501821 0.0494444 0.0380235 0.0382431 0.0700524 0.0489424 0.0577855 0.0364530 0.0417419 0.0607816 0.0576076 0.0435390 0.0555041 0.0646894 0.0503978 0.0504453 0.0395687 0.0385471 0.0484941 0.0348378 0.0362925 0.0375954 0.0488495 0.0372134 0.0503176 0.0348531 0.0321819 0.0516239 0.0461913 0.0482445 0.0401094 0.0334014 0.0358626 0.0558351 0.0524763 0.0359611 0.0584263 0.0356283 0.0349826 0.0438437 0.0517742 0.0450226 0.0381434 0.0347248 0.0417782 0.0496497 0.0671161 0.0386698 0.0518720 0.0663814 0.0372022 0.0528992 0.0477905 0.0552259 0.0643923 0.0467182 0.0372292 0.0348181 0.0512206 0.0464775 0.0449936 0.0344719 0.0668864 0.0405975 0.0431052 0.0334852 0.0450953 0.0580129 0.0419263 0.0558265 0.0424038 0.0359415 0.0329592 0.0456462 0.0406222 0.0641394 0.0408023 0.0350659 0.0546185 0.0673502 0.0479067 0.0487679 0.0322853 0.0371989 0.0382681 0.0369345 0.0383111 0.0451671 0.0472415 0.0413759 0.0459461 0.0513195 0.0499339 0.0382129 0.0367761 0.0427922 0.0397082 0.0538345 0.0518652 0.0640388 0.0342696 0.0350159 0.0366482 0.0643435 0.0368829 0.0602661 0.0581182 0.0513300 0.0498235 0.1183884 0.1180648 0.0526559 0.0597322 0.0574135 
I0187_115_Trogonidae_Trogon_elegans                       0.0366311 0.0485116 0.0000000 0.0533948 0.0140112 0.0543430 0.0405830 0.0443225 0.0535417 0.0569592 0.0409816 0.0516529 0.0517694 0.0513779 0.0304533 0.0487857 0.0359612 0.0491247 0.0409527 0.0363846 0.0375427 0.0357513 0.0438582 0.0385832 0.0567661 0.0593730 0.0367818 0.0489459 0.0505013 0.0497185 0.0511669 0.0436030 0.0589130 0.0511772 0.0615947 0.0499123 0.0501717 0.0483828 0.0701073 0.0775235 0.0647650 0.0461210 0.0421225 0.0516924 0.0486775 0.0374855 0.0496513 0.0470651 0.0514895 0.0437877 0.0436637 0.0388459 0.0490774 0.0507677 0.0385734 0.0379495 0.0680270 0.0488346 0.0575463 0.0382636 0.0412005 0.0605405 0.0567466 0.0444351 0.0572214 0.0645763 0.0512039 0.0498059 0.0408840 0.0393758 0.0487452 0.0348940 0.0372079 0.0393114 0.0488936 0.0480211 0.0522056 0.0362721 0.0342627 0.0520547 0.0482260 0.0486228 0.0410172 0.0345718 0.0422710 0.0552827 0.0553891 0.0359328 0.0581559 0.0372378 0.0362868 0.0426193 0.0528431 0.0445234 0.0394375 0.0369444 0.0422246 0.0503655 0.0650583 0.0396423 0.0511633 0.0646418 0.0372179 0.0535366 0.0509020 0.0538831 0.0645742 0.0481395 0.0383935 0.0351519 0.0525159 0.0455785 0.0459693 0.0367181 0.0683574 0.0419745 0.0436829 0.0338558 0.0468547 0.0595694 0.0420207 0.0559099 0.0430328 0.0378985 0.0336814 0.0469373 0.0424006 0.0678343 0.0415422 0.0366812 0.0548988 0.0685640 0.0474267 0.0485052 0.0336905 0.0385277 0.0399708 0.0382089 0.0397345 0.0459359 0.0493782 0.0416097 0.0467600 0.0515760 0.0489294 0.0400771 0.0383835 0.0444820 0.0412345 0.0548052 0.0498822 0.0633162 0.0354882 0.0366563 0.0373327 0.0649383 0.0377958 0.0573371 0.0564534 0.0512131 0.0511557 0.1226344 0.1209384 0.0505711 0.0579836 0.0556248 
I0189_225_Eurylaimidae_Smithornis_rufolateralis           0.0404599 0.0523127 0.0533948 0.0000000 0.0526905 0.0579367 0.0444705 0.0480339 0.0579768 0.0603167 0.0453706 0.0354377 0.0578959 0.0593144 0.0332808 0.0317939 0.0384802 0.0310603 0.0440083 0.0380074 0.0399103 0.0382117 0.0476089 0.0428436 0.0421268 0.0444227 0.0392978 0.0302442 0.0318441 0.0528643 0.0541413 0.0470067 0.0421456 0.0321435 0.0663495 0.0314545 0.0324403 0.0296432 0.0712308 0.0791942 0.0700327 0.0508396 0.0448308 0.0318469 0.0302659 0.0413572 0.0508838 0.0287660 0.0327685 0.0471501 0.0463842 0.0420097 0.0317322 0.0521455 0.0413319 0.0417640 0.0736701 0.0306799 0.0614282 0.0410911 0.0438765 0.0666894 0.0609658 0.0466040 0.0608159 0.0681817 0.0323070 0.0308960 0.0436776 0.0415630 0.0307612 0.0394108 0.0408133 0.0427858 0.0499503 0.0541665 0.0559790 0.0385631 0.0372854 0.0549078 0.0511083 0.0502443 0.0448476 0.0392530 0.0449602 0.0600141 0.0579281 0.0391491 0.0619548 0.0408195 0.0391116 0.0454560 0.0551448 0.0473423 0.0436398 0.0401762 0.0457985 0.0509989 0.0695407 0.0428951 0.0566956 0.0705183 0.0405492 0.0344903 0.0533387 0.0388467 0.0677829 0.0485901 0.0419925 0.0381586 0.0244504 0.0486321 0.0474657 0.0387635 0.0743879 0.0446848 0.0459325 0.0385204 0.0505540 0.0624912 0.0436477 0.0283446 0.0456502 0.0404136 0.0378925 0.0495938 0.0454337 0.0692454 0.0438375 0.0395759 0.0594440 0.0715084 0.0321075 0.0301564 0.0364952 0.0411075 0.0437036 0.0417659 0.0422968 0.0485890 0.0502545 0.0453683 0.0498552 0.0334134 0.0311575 0.0429861 0.0416510 0.0467078 0.0449420 0.0258299 0.0356223 0.0672407 0.0391303 0.0402345 0.0408738 0.0666743 0.0420371 0.0418376 0.0395485 0.0339433 0.0193669 0.1212258 0.1207382 0.0357312 0.0417934 0.0397899 
I0190_295_Trogonidae_Apaloderma_aequatoriale              0.0361278 0.0474269 0.0140112 0.0526905 0.0000000 0.0535873 0.0404024 0.0432800 0.0526587 0.0561722 0.0411450 0.0511958 0.0512806 0.0513897 0.0295737 0.0484098 0.0347253 0.0484557 0.0402580 0.0361335 0.0369094 0.0352585 0.0429538 0.0386413 0.0557875 0.0587235 0.0367331 0.0483079 0.0501025 0.0498354 0.0510341 0.0427892 0.0582205 0.0505438 0.0615942 0.0496714 0.0498254 0.0472826 0.0689375 0.0754961 0.0654803 0.0450930 0.0416543 0.0509601 0.0483747 0.0366787 0.0496974 0.0461430 0.0509816 0.0433109 0.0431664 0.0376045 0.0483022 0.0504958 0.0381182 0.0378495 0.0672081 0.0483662 0.0568761 0.0371281 0.0406487 0.0601001 0.0571921 0.0435092 0.0559402 0.0648317 0.0508455 0.0496983 0.0395582 0.0389426 0.0482351 0.0344174 0.0369123 0.0388531 0.0485231 0.0463157 0.0514242 0.0357467 0.0337488 0.0516143 0.0480635 0.0481295 0.0400211 0.0342988 0.0418470 0.0556516 0.0547310 0.0350978 0.0576279 0.0358913 0.0353182 0.0421462 0.0524296 0.0436686 0.0383067 0.0367987 0.0410045 0.0500112 0.0653390 0.0387213 0.0517000 0.0648198 0.0370518 0.0527366 0.0507017 0.0539192 0.0641685 0.0469935 0.0378287 0.0349712 0.0519016 0.0459698 0.0457556 0.0360537 0.0678630 0.0415787 0.0430330 0.0338863 0.0462577 0.0584722 0.0416022 0.0552060 0.0427447 0.0372299 0.0334235 0.0467511 0.0421086 0.0663912 0.0407636 0.0361654 0.0537520 0.0692558 0.0468938 0.0478847 0.0330979 0.0378212 0.0387740 0.0375563 0.0391899 0.0454183 0.0480957 0.0412681 0.0466829 0.0510903 0.0482505 0.0394476 0.0375517 0.0436772 0.0403251 0.0538094 0.0500061 0.0634641 0.0351339 0.0358876 0.0368142 0.0650420 0.0371952 0.0567285 0.0561269 0.0505672 0.0505102 0.1218916 0.1200896 0.0505283 0.0571026 0.0551653 
I0191_344_Indicatoridae_Indicator_exilis                  0.0438727 0.0522743 0.0543430 0.0579367 0.0535873 0.0000000 0.0475015 0.0519112 0.0572804 0.0303843 0.0475521 0.0557447 0.0599901 0.0545109 0.0369404 0.0541212 0.0422337 0.0542498 0.0473981 0.0431965 0.0441325 0.0415895 0.0504671 0.0457689 0.0623346 0.0649858 0.0440830 0.0544054 0.0557703 0.0553183 0.0562358 0.0509343 0.0634917 0.0560163 0.0700117 0.0556958 0.0559280 0.0534585 0.0750041 0.0813769 0.0673165 0.0514806 0.0491046 0.0552023 0.0537545 0.0440996 0.0557816 0.0524118 0.0561399 0.0511154 0.0498149 0.0449700 0.0535287 0.0553255 0.0463688 0.0450030 0.0762343 0.0538872 0.0630756 0.0455124 0.0475224 0.0679153 0.0629185 0.0488110 0.0210379 0.0715561 0.0553360 0.0557134 0.0478617 0.0468835 0.0540593 0.0378578 0.0439309 0.0452621 0.0551361 0.0542593 0.0514758 0.0431054 0.0408426 0.0577739 0.0542680 0.0548045 0.0482907 0.0417329 0.0451453 0.0612309 0.0295544 0.0428280 0.0632058 0.0428773 0.0432713 0.0497063 0.0592606 0.0507854 0.0462171 0.0438384 0.0479645 0.0559782 0.0721940 0.0472817 0.0599081 0.0722450 0.0440379 0.0578493 0.0577239 0.0593580 0.0711756 0.0533833 0.0449458 0.0421208 0.0572823 0.0521396 0.0508653 0.0430930 0.0701818 0.0481794 0.0498564 0.0409759 0.0539156 0.0334098 0.0481114 0.0603924 0.0476872 0.0439729 0.0405021 0.0521972 0.0488778 0.0714768 0.0475729 0.0440476 0.0618593 0.0742503 0.0536943 0.0540891 0.0412118 0.0457502 0.0463081 0.0449000 0.0459852 0.0532400 0.0547997 0.0493001 0.0523718 0.0571661 0.0533352 0.0468486 0.0454200 0.0507345 0.0492426 0.0585716 0.0557233 0.0693694 0.0431931 0.0436005 0.0436808 0.0703879 0.0446417 0.0611416 0.0603639 0.0555317 0.0555004 0.1275327 0.1265976 0.0556747 0.0610324 0.0597916 
I0192_375_Musophagidae_Tauraco_macrorhynchus              0.0277724 0.0389849 0.0405830 0.0444705 0.0404024 0.0475015 0.0000000 0.0348597 0.0466777 0.0496096 0.0176262 0.0414132 0.0448741 0.0453064 0.0205384 0.0405673 0.0245644 0.0396449 0.0299637 0.0274217 0.0271312 0.0249705 0.0357369 0.0282106 0.0491334 0.0511374 0.0280583 0.0399913 0.0410155 0.0420915 0.0428944 0.0347797 0.0510638 0.0408973 0.0545363 0.0410193 0.0414937 0.0397917 0.0586991 0.0672439 0.0585566 0.0375950 0.0333917 0.0417399 0.0403570 0.0266026 0.0410404 0.0380990 0.0411035 0.0358179 0.0337207 0.0268789 0.0397183 0.0412721 0.0300037 0.0276736 0.0617155 0.0395369 0.0504111 0.0281006 0.0305309 0.0536040 0.0502540 0.0347163 0.0516377 0.0555526 0.0417205 0.0411003 0.0318030 0.0304934 0.0399032 0.0299383 0.0284809 0.0284442 0.0391820 0.0412181 0.0459144 0.0248265 0.0243334 0.0444898 0.0385440 0.0388756 0.0312083 0.0241791 0.0338298 0.0477167 0.0472795 0.0251266 0.0503110 0.0271471 0.0256551 0.0339596 0.0445207 0.0349953 0.0306287 0.0259407 0.0323605 0.0409066 0.0601656 0.0294507 0.0418412 0.0581503 0.0278493 0.0437824 0.0403425 0.0463144 0.0549166 0.0382883 0.0294658 0.0244528 0.0434078 0.0370809 0.0370561 0.0256625 0.0615537 0.0311140 0.0341724 0.0236079 0.0360794 0.0529691 0.0325357 0.0474912 0.0336075 0.0267934 0.0229549 0.0363112 0.0303183 0.0603911 0.0321849 0.0261510 0.0465128 0.0599150 0.0384013 0.0395828 0.0235329 0.0281701 0.0297536 0.0284365 0.0296041 0.0369999 0.0392185 0.0322758 0.0376318 0.0433998 0.0402095 0.0294889 0.0279910 0.0348248 0.0308813 0.0457802 0.0412574 0.0559377 0.0258988 0.0277919 0.0295257 0.0558711 0.0281935 0.0497894 0.0470582 0.0408681 0.0412441 0.1122461 0.1123949 0.0413796 0.0497747 0.0463281 
I0193_447_Columbidae_Treron_calvus                        0.0339880 0.0429464 0.0443225 0.0480339 0.0432800 0.0519112 0.0348597 0.0000000 0.0513464 0.0524026 0.0350380 0.0462973 0.0496524 0.0487257 0.0206895 0.0461556 0.0307860 0.0454277 0.0355663 0.0305158 0.0329111 0.0310466 0.0142861 0.0342236 0.0518051 0.0535528 0.0334833 0.0445195 0.0460841 0.0462859 0.0474791 0.0133226 0.0542159 0.0459069 0.0589424 0.0463475 0.0467792 0.0445798 0.0642956 0.0716441 0.0633332 0.0423343 0.0379438 0.0461944 0.0443957 0.0326544 0.0455207 0.0431203 0.0460950 0.0141001 0.0389481 0.0333860 0.0454885 0.0450680 0.0346633 0.0337871 0.0640209 0.0440956 0.0542368 0.0326740 0.0368719 0.0569950 0.0543715 0.0396101 0.0550715 0.0616342 0.0460043 0.0462311 0.0362648 0.0353333 0.0445420 0.0217832 0.0341890 0.0338016 0.0440673 0.0438649 0.0511908 0.0309600 0.0298362 0.0472955 0.0427743 0.0439005 0.0360921 0.0309950 0.0392636 0.0527214 0.0513596 0.0317266 0.0546204 0.0334487 0.0313470 0.0390268 0.0468290 0.0408534 0.0361559 0.0329830 0.0374584 0.0451893 0.0618586 0.0349877 0.0485569 0.0615270 0.0334801 0.0474716 0.0450413 0.0484393 0.0614351 0.0416585 0.0354147 0.0309984 0.0476331 0.0418382 0.0402773 0.0314001 0.0669685 0.0363339 0.0377272 0.0301481 0.0414732 0.0560761 0.0374627 0.0503593 0.0383282 0.0331261 0.0293443 0.0415631 0.0363236 0.0580136 0.0367916 0.0321483 0.0503892 0.0653510 0.0421407 0.0442078 0.0296430 0.0334691 0.0350314 0.0341912 0.0353063 0.0408065 0.0431996 0.0369713 0.0411810 0.0466826 0.0457111 0.0347867 0.0339370 0.0128720 0.0370985 0.0493066 0.0456197 0.0593303 0.0319174 0.0333701 0.0350042 0.0625272 0.0336172 0.0522734 0.0514136 0.0458470 0.0456442 0.1162860 0.1162513 0.0461093 0.0528562 0.0504011 
I0194_495_Alcedinidae_Alcedo_quadribrachys                0.0428925 0.0435071 0.0535417 0.0579768 0.0526587 0.0572804 0.0466777 0.0513464 0.0000000 0.0577765 0.0479628 0.0555455 0.0583212 0.0535650 0.0367093 0.0544212 0.0413280 0.0541226 0.0467309 0.0423943 0.0435316 0.0416314 0.0506848 0.0452322 0.0625350 0.0645906 0.0426733 0.0531525 0.0548072 0.0553009 0.0559540 0.0499939 0.0635486 0.0548522 0.0709825 0.0553939 0.0554781 0.0537807 0.0728463 0.0820071 0.0707328 0.0428572 0.0477523 0.0552065 0.0533830 0.0437948 0.0567173 0.0520046 0.0545618 0.0511131 0.0488410 0.0446677 0.0543288 0.0558298 0.0455350 0.0446800 0.0773788 0.0527783 0.0652953 0.0450667 0.0460287 0.0689322 0.0649720 0.0494742 0.0602982 0.0718820 0.0550140 0.0541633 0.0476939 0.0457171 0.0533804 0.0399805 0.0432495 0.0451028 0.0550078 0.0354574 0.0538178 0.0427786 0.0401765 0.0562641 0.0530699 0.0541939 0.0476367 0.0420986 0.0429815 0.0635454 0.0568598 0.0421587 0.0655710 0.0429703 0.0417180 0.0493812 0.0593252 0.0504888 0.0459089 0.0429288 0.0481608 0.0569913 0.0745018 0.0464035 0.0598519 0.0747910 0.0433874 0.0577710 0.0562785 0.0592135 0.0715068 0.0530923 0.0436615 0.0420197 0.0569525 0.0514360 0.0519953 0.0422217 0.0744557 0.0478416 0.0489235 0.0411126 0.0530263 0.0624542 0.0477953 0.0600330 0.0487397 0.0434541 0.0406804 0.0519786 0.0477340 0.0711289 0.0471861 0.0428015 0.0601672 0.0752996 0.0519754 0.0536092 0.0404728 0.0450564 0.0453849 0.0441015 0.0449207 0.0518881 0.0537989 0.0477381 0.0514526 0.0566216 0.0543039 0.0458796 0.0446910 0.0506822 0.0475150 0.0582414 0.0550222 0.0721638 0.0419737 0.0422345 0.0442564 0.0693490 0.0444469 0.0624186 0.0611005 0.0553920 0.0550801 0.1273477 0.1272848 0.0556348 0.0620196 0.0603495 
I0195_522_Ramphastidae_Buccanodon_duchaillui              0.0453217 0.0538390 0.0569592 0.0603167 0.0561722 0.0303843 0.0496096 0.0524026 0.0577765 0.0000000 0.0501872 0.0572340 0.0607149 0.0573226 0.0387732 0.0575735 0.0441240 0.0568954 0.0490545 0.0451575 0.0468955 0.0443728 0.0527160 0.0485286 0.0649770 0.0663710 0.0459787 0.0567160 0.0579786 0.0572522 0.0582199 0.0517537 0.0660701 0.0572356 0.0708493 0.0578995 0.0576691 0.0561290 0.0754010 0.0800023 0.0722806 0.0524146 0.0508252 0.0576822 0.0567090 0.0461243 0.0577944 0.0549451 0.0577366 0.0529891 0.0515922 0.0464622 0.0569598 0.0582316 0.0485075 0.0475052 0.0787222 0.0556021 0.0647807 0.0475522 0.0498270 0.0684599 0.0648853 0.0501513 0.0332157 0.0717243 0.0578188 0.0576739 0.0504162 0.0490866 0.0562540 0.0394131 0.0462577 0.0467478 0.0569795 0.0555084 0.0526142 0.0446521 0.0430755 0.0591785 0.0556998 0.0569429 0.0511626 0.0439423 0.0470320 0.0634872 0.0178872 0.0456565 0.0649258 0.0455060 0.0438173 0.0515104 0.0607247 0.0524026 0.0479246 0.0462438 0.0505515 0.0577126 0.0751993 0.0495271 0.0613450 0.0749806 0.0459305 0.0608589 0.0594851 0.0616272 0.0712923 0.0557119 0.0463879 0.0434878 0.0595782 0.0539140 0.0532112 0.0445828 0.0750777 0.0498122 0.0516071 0.0427566 0.0548005 0.0249523 0.0505349 0.0629377 0.0502227 0.0459116 0.0425497 0.0542553 0.0512321 0.0727058 0.0494536 0.0446717 0.0631994 0.0754591 0.0548590 0.0560342 0.0426412 0.0472169 0.0482449 0.0466618 0.0483156 0.0546223 0.0556713 0.0511552 0.0544539 0.0586746 0.0568028 0.0489306 0.0474800 0.0525062 0.0509645 0.0605514 0.0577840 0.0724586 0.0453588 0.0449958 0.0450594 0.0713468 0.0465789 0.0641843 0.0621926 0.0565081 0.0574869 0.1294004 0.1282197 0.0582131 0.0633343 0.0613627 
I0196_523_Musophagidae_Corythaeola_cristata               0.0280212 0.0396618 0.0409816 0.0453706 0.0411450 0.0475521 0.0176262 0.0350380 0.0479628 0.0501872 0.0000000 0.0433828 0.0463461 0.0455582 0.0212686 0.0414306 0.0254132 0.0408299 0.0315781 0.0275710 0.0285379 0.0264333 0.0357001 0.0293598 0.0505662 0.0522781 0.0288790 0.0412278 0.0422003 0.0426267 0.0431133 0.0345361 0.0521113 0.0417888 0.0562765 0.0421747 0.0427757 0.0410291 0.0604175 0.0673345 0.0590360 0.0382698 0.0340207 0.0421883 0.0409326 0.0285076 0.0413547 0.0394617 0.0419165 0.0357297 0.0344888 0.0288518 0.0410974 0.0419217 0.0304752 0.0291526 0.0622217 0.0406917 0.0513549 0.0288002 0.0319852 0.0552660 0.0510097 0.0351834 0.0509158 0.0557673 0.0422212 0.0422338 0.0317463 0.0307910 0.0410236 0.0300745 0.0285006 0.0298101 0.0402014 0.0424753 0.0470787 0.0260022 0.0253652 0.0448066 0.0398404 0.0388155 0.0321436 0.0250137 0.0348556 0.0487944 0.0486034 0.0268576 0.0517093 0.0284764 0.0267684 0.0346770 0.0446397 0.0358184 0.0319808 0.0273697 0.0326217 0.0410597 0.0604964 0.0304014 0.0434179 0.0585848 0.0282492 0.0443485 0.0411481 0.0467573 0.0550193 0.0391000 0.0304464 0.0255116 0.0443866 0.0384741 0.0366351 0.0273012 0.0620316 0.0324038 0.0346799 0.0243710 0.0373048 0.0528882 0.0334962 0.0482695 0.0344102 0.0275236 0.0237122 0.0378178 0.0318237 0.0595678 0.0322651 0.0275813 0.0467589 0.0603989 0.0391939 0.0404737 0.0243859 0.0288438 0.0307172 0.0290814 0.0313109 0.0372975 0.0389502 0.0339171 0.0383237 0.0438727 0.0412628 0.0307654 0.0284816 0.0345241 0.0315878 0.0460575 0.0424691 0.0569073 0.0267180 0.0282704 0.0301187 0.0567430 0.0288494 0.0516480 0.0487257 0.0423771 0.0419935 0.1147700 0.1140930 0.0428083 0.0505854 0.0480026 
I0197_832_Corvidae_Corvus_albus                           0.0396332 0.0517183 0.0516529 0.0354377 0.0511958 0.0557447 0.0414132 0.0462973 0.0555455 0.0572340 0.0433828 0.0000000 0.0560392 0.0559093 0.0323419 0.0320534 0.0369323 0.0317781 0.0415104 0.0379362 0.0389181 0.0374092 0.0465846 0.0403547 0.0256058 0.0267145 0.0384075 0.0316792 0.0333277 0.0516585 0.0526991 0.0459351 0.0253773 0.0334585 0.0634303 0.0327000 0.0334107 0.0313178 0.0707320 0.0785316 0.0671153 0.0491659 0.0432311 0.0328146 0.0313928 0.0388646 0.0498378 0.0297840 0.0335198 0.0466334 0.0450056 0.0398650 0.0318358 0.0506659 0.0396085 0.0407809 0.0700050 0.0314566 0.0593585 0.0394704 0.0417947 0.0628109 0.0599980 0.0444334 0.0581358 0.0653103 0.0332544 0.0320599 0.0424589 0.0400350 0.0313737 0.0384434 0.0397401 0.0402221 0.0490018 0.0513754 0.0550639 0.0383226 0.0360375 0.0538980 0.0493918 0.0484469 0.0435702 0.0361158 0.0443857 0.0577070 0.0552514 0.0381924 0.0596605 0.0394263 0.0374381 0.0439996 0.0543030 0.0458878 0.0417948 0.0381362 0.0433283 0.0498857 0.0673510 0.0414513 0.0545146 0.0672229 0.0393588 0.0367798 0.0515927 0.0285577 0.0654565 0.0477249 0.0401806 0.0362475 0.0360782 0.0465733 0.0457189 0.0379263 0.0716437 0.0426591 0.0442278 0.0359875 0.0483951 0.0600230 0.0432602 0.0396305 0.0446504 0.0392858 0.0360884 0.0493856 0.0434195 0.0690302 0.0431036 0.0381595 0.0569958 0.0697897 0.0218246 0.0311891 0.0356475 0.0399707 0.0411360 0.0401575 0.0411385 0.0478611 0.0487558 0.0432015 0.0507139 0.0351773 0.0314525 0.0410488 0.0399540 0.0451571 0.0420057 0.0368791 0.0226620 0.0647452 0.0374342 0.0395180 0.0403719 0.0644393 0.0400630 0.0260464 0.0227827 0.0108989 0.0334720 0.1205064 0.1204579 0.0229507 0.0254970 0.0231928 
I0198_937_Bucerotidae_Tockus_camurus                      0.0415195 0.0518176 0.0517694 0.0578959 0.0512806 0.0599901 0.0448741 0.0496524 0.0583212 0.0607149 0.0463461 0.0560392 0.0000000 0.0577042 0.0336380 0.0557818 0.0395220 0.0548125 0.0455589 0.0402089 0.0428686 0.0394596 0.0505944 0.0430366 0.0636632 0.0657677 0.0424187 0.0534857 0.0556418 0.0547417 0.0571311 0.0500283 0.0650587 0.0549747 0.0676122 0.0555468 0.0561269 0.0549015 0.0743862 0.0843276 0.0685581 0.0494286 0.0470080 0.0541294 0.0538012 0.0410618 0.0551294 0.0531496 0.0545437 0.0495474 0.0476205 0.0411177 0.0548103 0.0548434 0.0443389 0.0424689 0.0753849 0.0534380 0.0635417 0.0423093 0.0469183 0.0664756 0.0631052 0.0486506 0.0627358 0.0717346 0.0555074 0.0556023 0.0451548 0.0450533 0.0541603 0.0415744 0.0420415 0.0432527 0.0550808 0.0519289 0.0575969 0.0401898 0.0381863 0.0587432 0.0514704 0.0532970 0.0460567 0.0395126 0.0462423 0.0621234 0.0587055 0.0404751 0.0644653 0.0412699 0.0408249 0.0482126 0.0573317 0.0492703 0.0447614 0.0414488 0.0461127 0.0554020 0.0719254 0.0440447 0.0566810 0.0723787 0.0427149 0.0565638 0.0548575 0.0608982 0.0705481 0.0531145 0.0437560 0.0400806 0.0570986 0.0512418 0.0511694 0.0401821 0.0681046 0.0467453 0.0488274 0.0390225 0.0512156 0.0642691 0.0472252 0.0604092 0.0483872 0.0416452 0.0385776 0.0514107 0.0463534 0.0697721 0.0468546 0.0409329 0.0587322 0.0752402 0.0526160 0.0545731 0.0380057 0.0428205 0.0441133 0.0434504 0.0437707 0.0502198 0.0523011 0.0468252 0.0508420 0.0581267 0.0553494 0.0439797 0.0425929 0.0496244 0.0453722 0.0586931 0.0554063 0.0701081 0.0405970 0.0412571 0.0415095 0.0712099 0.0435120 0.0634239 0.0615564 0.0553727 0.0549636 0.1269671 0.1262905 0.0559315 0.0639262 0.0611490 
I0199_955_Meropidae_Merops_muelleri                       0.0420296 0.0476111 0.0513779 0.0593144 0.0513897 0.0545109 0.0453064 0.0487257 0.0535650 0.0573226 0.0455582 0.0559093 0.0577042 0.0000000 0.0353560 0.0545681 0.0404567 0.0543671 0.0457133 0.0423807 0.0436528 0.0406456 0.0495432 0.0448297 0.0616970 0.0638003 0.0431040 0.0546051 0.0553392 0.0549791 0.0555188 0.0488361 0.0638158 0.0562371 0.0659967 0.0561442 0.0548721 0.0540155 0.0741012 0.0796964 0.0653435 0.0449734 0.0466910 0.0558988 0.0540549 0.0427098 0.0544893 0.0530525 0.0550775 0.0501488 0.0489506 0.0427539 0.0542496 0.0554390 0.0443232 0.0442063 0.0730949 0.0537557 0.0620541 0.0437565 0.0461216 0.0652101 0.0619658 0.0494148 0.0574072 0.0720879 0.0567930 0.0559371 0.0464725 0.0449465 0.0540824 0.0382572 0.0423872 0.0432907 0.0521743 0.0475591 0.0545364 0.0420828 0.0386575 0.0568870 0.0535340 0.0528683 0.0470798 0.0398547 0.0421664 0.0604048 0.0564154 0.0416871 0.0626248 0.0414823 0.0410164 0.0475088 0.0550207 0.0493038 0.0453827 0.0421161 0.0466236 0.0544992 0.0696525 0.0457104 0.0580125 0.0701335 0.0427272 0.0578286 0.0556610 0.0572572 0.0708964 0.0514360 0.0427503 0.0402371 0.0581956 0.0526115 0.0500215 0.0414858 0.0683453 0.0471203 0.0487575 0.0390916 0.0512435 0.0591650 0.0489741 0.0623292 0.0477303 0.0426869 0.0381339 0.0504371 0.0462523 0.0699108 0.0462731 0.0418811 0.0572576 0.0755374 0.0521649 0.0543868 0.0393142 0.0445534 0.0444317 0.0443930 0.0465381 0.0530852 0.0541485 0.0464191 0.0499092 0.0566267 0.0540885 0.0447040 0.0431778 0.0489659 0.0474777 0.0603009 0.0549083 0.0684966 0.0406711 0.0419817 0.0433252 0.0704296 0.0438776 0.0609735 0.0604934 0.0552232 0.0568585 0.1265808 0.1266752 0.0555386 0.0615112 0.0589763 
I0202_1066_Cathartidae_Cathartes_burrovianus              0.0157833 0.0287458 0.0304533 0.0332808 0.0295737 0.0369404 0.0205384 0.0206895 0.0367093 0.0387732 0.0212686 0.0323419 0.0336380 0.0353560 0.0000000 0.0311227 0.0137310 0.0303117 0.0196967 0.0153215 0.0170526 0.0139886 0.0229368 0.0178319 0.0409310 0.0431600 0.0163555 0.0296455 0.0314655 0.0316237 0.0323415 0.0221765 0.0415387 0.0313752 0.0442427 0.0314273 0.0317507 0.0298258 0.0485682 0.0578227 0.0473112 0.0261567 0.0219309 0.0319706 0.0297689 0.0161656 0.0291905 0.0280505 0.0317716 0.0227030 0.0226086 0.0167218 0.0306429 0.0307480 0.0185105 0.0174851 0.0517004 0.0295742 0.0386466 0.0167592 0.0213116 0.0431144 0.0378529 0.0232402 0.0404072 0.0448348 0.0323961 0.0306754 0.0209572 0.0185518 0.0297141 0.0201705 0.0156778 0.0185213 0.0283506 0.0307629 0.0338199 0.0150330 0.0030040 0.0342889 0.0275917 0.0278989 0.0210953 0.0135717 0.0218898 0.0368486 0.0371366 0.0151938 0.0389629 0.0145318 0.0145242 0.0245566 0.0346607 0.0259118 0.0192845 0.0158478 0.0214815 0.0293721 0.0489627 0.0188404 0.0326160 0.0482974 0.0176451 0.0346825 0.0307670 0.0372544 0.0450345 0.0268545 0.0176901 0.0139880 0.0328650 0.0264800 0.0255886 0.0153264 0.0506777 0.0211387 0.0241130 0.0127958 0.0260087 0.0424805 0.0214181 0.0370282 0.0236451 0.0163007 0.0122615 0.0281662 0.0207473 0.0491274 0.0214480 0.0149263 0.0370731 0.0494103 0.0279460 0.0292915 0.0128858 0.0173819 0.0190284 0.0168132 0.0183158 0.0256972 0.0280482 0.0211900 0.0290169 0.0342256 0.0306683 0.0185734 0.0178641 0.0222419 0.0204465 0.0352988 0.0317276 0.0457817 0.0147955 0.0152121 0.0173766 0.0448177 0.0166161 0.0404649 0.0374250 0.0318643 0.0312878 0.1003473 0.1003625 0.0321342 0.0403103 0.0380754 
I0203_1087_Tyrannidae_Hymenops_perspicillatus             0.0376643 0.0506338 0.0487857 0.0317939 0.0484098 0.0541212 0.0405673 0.0461556 0.0544212 0.0575735 0.0414306 0.0320534 0.0557818 0.0545681 0.0311227 0.0000000 0.0356983 0.0096910 0.0406744 0.0373584 0.0380083 0.0356073 0.0454544 0.0394258 0.0396041 0.0413948 0.0369738 0.0151064 0.0161192 0.0500075 0.0509873 0.0445871 0.0392688 0.0268685 0.0603162 0.0151698 0.0150742 0.0142420 0.0691932 0.0771130 0.0674424 0.0481717 0.0426177 0.0265801 0.0155819 0.0382835 0.0480744 0.0138868 0.0262351 0.0451442 0.0440026 0.0392296 0.0071148 0.0481167 0.0385035 0.0384728 0.0686262 0.0142383 0.0579406 0.0385350 0.0403499 0.0614288 0.0575647 0.0437021 0.0574088 0.0646509 0.0265298 0.0146042 0.0420630 0.0391802 0.0141902 0.0375208 0.0380429 0.0396405 0.0474124 0.0496117 0.0542798 0.0367372 0.0346959 0.0523557 0.0480473 0.0469980 0.0424242 0.0352530 0.0438115 0.0563622 0.0552871 0.0361953 0.0584672 0.0383498 0.0355189 0.0431692 0.0525002 0.0443286 0.0409209 0.0366694 0.0426939 0.0489954 0.0658845 0.0402991 0.0540123 0.0664287 0.0382736 0.0286965 0.0514854 0.0368014 0.0644300 0.0451689 0.0392942 0.0352581 0.0314440 0.0457798 0.0441012 0.0370978 0.0700347 0.0421305 0.0430997 0.0349759 0.0474968 0.0582593 0.0426620 0.0350541 0.0434775 0.0379766 0.0344441 0.0482314 0.0417921 0.0667777 0.0412738 0.0368417 0.0555766 0.0693273 0.0286254 0.0151749 0.0342028 0.0384468 0.0412606 0.0388724 0.0405694 0.0470171 0.0487691 0.0418528 0.0483420 0.0280715 0.0091433 0.0396028 0.0387709 0.0440470 0.0409558 0.0327778 0.0309417 0.0624551 0.0367960 0.0380104 0.0391347 0.0636646 0.0387683 0.0389918 0.0367719 0.0308028 0.0291630 0.1207494 0.1207234 0.0311179 0.0388123 0.0372117 
I0204_1174_Threskiornithidae_Harpiprion_caerulescens      0.0211024 0.0341521 0.0359612 0.0384802 0.0347253 0.0422337 0.0245644 0.0307860 0.0413280 0.0441240 0.0254132 0.0369323 0.0395220 0.0404567 0.0137310 0.0356983 0.0000000 0.0348657 0.0239440 0.0204627 0.0211517 0.0164329 0.0310197 0.0228096 0.0451985 0.0474212 0.0211870 0.0347335 0.0361991 0.0356602 0.0372463 0.0302847 0.0461216 0.0362695 0.0484279 0.0362265 0.0365568 0.0346477 0.0508891 0.0623170 0.0527838 0.0317213 0.0271787 0.0369125 0.0348060 0.0181071 0.0341513 0.0334773 0.0364045 0.0305704 0.0268946 0.0190205 0.0350994 0.0344347 0.0233792 0.0219280 0.0571386 0.0346988 0.0440980 0.0189690 0.0256986 0.0483996 0.0433132 0.0277164 0.0450786 0.0495036 0.0368028 0.0352882 0.0250998 0.0238427 0.0345437 0.0245079 0.0213530 0.0226698 0.0332036 0.0351202 0.0388418 0.0168875 0.0166350 0.0384888 0.0330611 0.0324839 0.0255258 0.0168890 0.0275363 0.0422978 0.0418036 0.0191994 0.0443138 0.0200700 0.0178244 0.0285461 0.0386743 0.0300565 0.0244940 0.0200728 0.0259850 0.0345990 0.0541080 0.0214890 0.0371086 0.0532478 0.0215982 0.0391265 0.0352841 0.0417527 0.0494370 0.0314185 0.0228790 0.0168950 0.0376806 0.0310657 0.0297936 0.0172680 0.0565101 0.0255160 0.0275519 0.0158657 0.0312985 0.0475984 0.0255124 0.0418868 0.0273961 0.0204121 0.0157158 0.0321088 0.0251034 0.0537842 0.0252675 0.0184719 0.0407644 0.0542128 0.0330481 0.0348221 0.0154212 0.0214348 0.0210157 0.0219624 0.0231821 0.0293019 0.0320079 0.0260952 0.0326187 0.0392764 0.0351165 0.0231679 0.0219130 0.0300100 0.0245584 0.0399960 0.0359486 0.0506487 0.0176696 0.0209129 0.0222425 0.0502314 0.0218688 0.0457483 0.0426571 0.0361326 0.0367132 0.1055808 0.1063089 0.0363607 0.0449519 0.0422553 
I0205_1183_Tyrannidae_Hirundinea_ferruginea               0.0367422 0.0500240 0.0491247 0.0310603 0.0484557 0.0542498 0.0396449 0.0454277 0.0541226 0.0568954 0.0408299 0.0317781 0.0548125 0.0543671 0.0303117 0.0096910 0.0348657 0.0000000 0.0396699 0.0362852 0.0374779 0.0349182 0.0445049 0.0383272 0.0393015 0.0413517 0.0361044 0.0141310 0.0151794 0.0495569 0.0503819 0.0440426 0.0395676 0.0260032 0.0615584 0.0143993 0.0145067 0.0139332 0.0680546 0.0757197 0.0673396 0.0476714 0.0417259 0.0262147 0.0150189 0.0373192 0.0475073 0.0130887 0.0257867 0.0443732 0.0434621 0.0384481 0.0096336 0.0481856 0.0371764 0.0375889 0.0690080 0.0138220 0.0576551 0.0378506 0.0401245 0.0605910 0.0573430 0.0438753 0.0571148 0.0637582 0.0259417 0.0144164 0.0412660 0.0376445 0.0136659 0.0363849 0.0372355 0.0389466 0.0465462 0.0495469 0.0534044 0.0357900 0.0341835 0.0515415 0.0474556 0.0461934 0.0417598 0.0347331 0.0430845 0.0561271 0.0545290 0.0357551 0.0584561 0.0375555 0.0348518 0.0423877 0.0520783 0.0438864 0.0405240 0.0361724 0.0419491 0.0485189 0.0657655 0.0392693 0.0533373 0.0665073 0.0371850 0.0282000 0.0496241 0.0363070 0.0636932 0.0447680 0.0388366 0.0351444 0.0305390 0.0455474 0.0436721 0.0364857 0.0694977 0.0413828 0.0427210 0.0343141 0.0470834 0.0589413 0.0413396 0.0350623 0.0431386 0.0371586 0.0338993 0.0470641 0.0414576 0.0673021 0.0407456 0.0359557 0.0552422 0.0679473 0.0279046 0.0143034 0.0335029 0.0377904 0.0401958 0.0379554 0.0400233 0.0465648 0.0479110 0.0417702 0.0472661 0.0278173 0.0092933 0.0393330 0.0377719 0.0435029 0.0406134 0.0320519 0.0310170 0.0629846 0.0361966 0.0368797 0.0386489 0.0631373 0.0380340 0.0392539 0.0365721 0.0304093 0.0289638 0.1208698 0.1204913 0.0311492 0.0393270 0.0371192 
I0206_1192_Laridae_Chroicocephalus_cirrocephalus          0.0260629 0.0392649 0.0409527 0.0440083 0.0402580 0.0473981 0.0299637 0.0355663 0.0467309 0.0490545 0.0315781 0.0415104 0.0455589 0.0457133 0.0196967 0.0406744 0.0239440 0.0396699 0.0000000 0.0257587 0.0222030 0.0236458 0.0354273 0.0236371 0.0504310 0.0525037 0.0272349 0.0396714 0.0409471 0.0405626 0.0420571 0.0351800 0.0516146 0.0409805 0.0537847 0.0410899 0.0416941 0.0395886 0.0583461 0.0687082 0.0582101 0.0369418 0.0328442 0.0416862 0.0396581 0.0262016 0.0392815 0.0382291 0.0414548 0.0357480 0.0320176 0.0271130 0.0400725 0.0398461 0.0285277 0.0267480 0.0615819 0.0394529 0.0498813 0.0264353 0.0310460 0.0531752 0.0490701 0.0334742 0.0503864 0.0559266 0.0417378 0.0408789 0.0303328 0.0284765 0.0394716 0.0292014 0.0265802 0.0084912 0.0388971 0.0415112 0.0446310 0.0241634 0.0231687 0.0438487 0.0309499 0.0377179 0.0304482 0.0238648 0.0326677 0.0480489 0.0475762 0.0248626 0.0504140 0.0259525 0.0252042 0.0333583 0.0445307 0.0352770 0.0300885 0.0214962 0.0316287 0.0392316 0.0578597 0.0285054 0.0426267 0.0574016 0.0266576 0.0439526 0.0399157 0.0471123 0.0554302 0.0372754 0.0283174 0.0239973 0.0427446 0.0355398 0.0356232 0.0242816 0.0617361 0.0105278 0.0339586 0.0234005 0.0345103 0.0523681 0.0311182 0.0468703 0.0323485 0.0262591 0.0226762 0.0382840 0.0121758 0.0516581 0.0310879 0.0256639 0.0463859 0.0605769 0.0382559 0.0397794 0.0224539 0.0267003 0.0286984 0.0270044 0.0283703 0.0348973 0.0371186 0.0242027 0.0384891 0.0435146 0.0402806 0.0217378 0.0272455 0.0359553 0.0293873 0.0443627 0.0417644 0.0553793 0.0248987 0.0258382 0.0279222 0.0553526 0.0267382 0.0504231 0.0476269 0.0410525 0.0416667 0.1102230 0.1100220 0.0423253 0.0493684 0.0472362 
I0208_1208_Strigidae_Strix_varia                          0.0216698 0.0337781 0.0363846 0.0380074 0.0361335 0.0431965 0.0274217 0.0305158 0.0423943 0.0451575 0.0275710 0.0379362 0.0402089 0.0423807 0.0153215 0.0373584 0.0204627 0.0362852 0.0257587 0.0000000 0.0227871 0.0202756 0.0311767 0.0245335 0.0456310 0.0481548 0.0227075 0.0352530 0.0367273 0.0381357 0.0389506 0.0311456 0.0471020 0.0364666 0.0502160 0.0366037 0.0373169 0.0352923 0.0545834 0.0637673 0.0534554 0.0326052 0.0280837 0.0367241 0.0351021 0.0220401 0.0359163 0.0337887 0.0370588 0.0312326 0.0287541 0.0228248 0.0366796 0.0364001 0.0244828 0.0241055 0.0575010 0.0354875 0.0463779 0.0225527 0.0275790 0.0499934 0.0452436 0.0299129 0.0463930 0.0514751 0.0363093 0.0368768 0.0272569 0.0246986 0.0354870 0.0245096 0.0218932 0.0246528 0.0348417 0.0364187 0.0401932 0.0213538 0.0184262 0.0400282 0.0343774 0.0341654 0.0275010 0.0200920 0.0284037 0.0447161 0.0431626 0.0210442 0.0468379 0.0215988 0.0214224 0.0303861 0.0391635 0.0319722 0.0260232 0.0223761 0.0277997 0.0357899 0.0552503 0.0243048 0.0390473 0.0541745 0.0235278 0.0398563 0.0359923 0.0422658 0.0510938 0.0338577 0.0235717 0.0200709 0.0378392 0.0329260 0.0322996 0.0209907 0.0581849 0.0269317 0.0298436 0.0195249 0.0329820 0.0491800 0.0279136 0.0408976 0.0301393 0.0227516 0.0193402 0.0341131 0.0271611 0.0541562 0.0276402 0.0221987 0.0429504 0.0557954 0.0339542 0.0351783 0.0188003 0.0238323 0.0250799 0.0232886 0.0244627 0.0316634 0.0329573 0.0275308 0.0341514 0.0397110 0.0364800 0.0251513 0.0246644 0.0306289 0.0272300 0.0392446 0.0375973 0.0520765 0.0212698 0.0207599 0.0205346 0.0514585 0.0232296 0.0464207 0.0431930 0.0375856 0.0361910 0.1049528 0.1060000 0.0382149 0.0460997 0.0436757 
I0209_1223_Burhinidae_Burhinus_oedicnemus                 0.0234672 0.0366075 0.0375427 0.0399103 0.0369094 0.0441325 0.0271312 0.0329111 0.0435316 0.0468955 0.0285379 0.0389181 0.0428686 0.0436528 0.0170526 0.0380083 0.0211517 0.0374779 0.0222030 0.0227871 0.0000000 0.0206553 0.0325550 0.0197869 0.0472642 0.0492169 0.0236158 0.0368954 0.0390305 0.0374624 0.0385431 0.0318967 0.0480164 0.0384783 0.0514311 0.0385521 0.0388757 0.0367307 0.0558531 0.0645693 0.0559843 0.0348047 0.0298429 0.0391418 0.0368442 0.0237588 0.0370585 0.0358440 0.0392008 0.0324227 0.0289073 0.0244507 0.0376801 0.0364588 0.0259319 0.0237683 0.0589122 0.0371725 0.0473499 0.0234847 0.0271349 0.0505867 0.0463030 0.0305980 0.0482429 0.0511921 0.0387835 0.0379830 0.0277477 0.0262482 0.0372101 0.0269291 0.0236718 0.0207072 0.0368201 0.0384210 0.0413592 0.0217210 0.0203570 0.0404299 0.0315113 0.0356369 0.0278466 0.0208503 0.0297771 0.0452889 0.0454763 0.0211840 0.0474013 0.0228145 0.0221783 0.0306637 0.0409053 0.0326539 0.0265042 0.0176471 0.0287731 0.0371872 0.0553669 0.0258394 0.0402974 0.0550923 0.0236098 0.0418993 0.0365256 0.0450518 0.0510600 0.0349736 0.0251839 0.0206646 0.0395203 0.0318627 0.0328454 0.0213708 0.0602880 0.0234497 0.0307095 0.0202227 0.0326843 0.0501370 0.0281362 0.0431867 0.0301630 0.0226820 0.0196815 0.0345384 0.0228829 0.0528631 0.0285687 0.0228621 0.0445913 0.0553792 0.0352206 0.0367722 0.0189912 0.0235210 0.0268796 0.0245621 0.0250047 0.0322749 0.0338265 0.0247563 0.0355813 0.0417154 0.0378007 0.0219628 0.0238147 0.0326887 0.0271596 0.0411489 0.0387387 0.0522604 0.0222655 0.0228307 0.0250111 0.0511974 0.0241281 0.0471696 0.0443993 0.0386616 0.0378228 0.1065215 0.1060840 0.0392118 0.0470439 0.0440671 
I0210_1226_Ciconiidae_Ciconia_nigra                       0.0203532 0.0341406 0.0357513 0.0382117 0.0352585 0.0415895 0.0249705 0.0310466 0.0416314 0.0443728 0.0264333 0.0374092 0.0394596 0.0406456 0.0139886 0.0356073 0.0164329 0.0349182 0.0236458 0.0202756 0.0206553 0.0000000 0.0308688 0.0221085 0.0453207 0.0473027 0.0215499 0.0349301 0.0357827 0.0355927 0.0364230 0.0309506 0.0460644 0.0364614 0.0478441 0.0361502 0.0365389 0.0344857 0.0530543 0.0627350 0.0527385 0.0314901 0.0272655 0.0372263 0.0348444 0.0189505 0.0339849 0.0331387 0.0368295 0.0311878 0.0263038 0.0199979 0.0351189 0.0340626 0.0232783 0.0220045 0.0564817 0.0347981 0.0441148 0.0191123 0.0256959 0.0474132 0.0428718 0.0280187 0.0452803 0.0493209 0.0368205 0.0355181 0.0256243 0.0236971 0.0341191 0.0242866 0.0209641 0.0224462 0.0336520 0.0358113 0.0388463 0.0177034 0.0170799 0.0384431 0.0329774 0.0327544 0.0256799 0.0165410 0.0272403 0.0418641 0.0417891 0.0194490 0.0444161 0.0201466 0.0175334 0.0284985 0.0391199 0.0299885 0.0241496 0.0206834 0.0256988 0.0341845 0.0535624 0.0221555 0.0362065 0.0528345 0.0215393 0.0394704 0.0348226 0.0420132 0.0493350 0.0320582 0.0228298 0.0166888 0.0376243 0.0297538 0.0307349 0.0172861 0.0570870 0.0249732 0.0282610 0.0161729 0.0315912 0.0473642 0.0255933 0.0415790 0.0268173 0.0209972 0.0156493 0.0328440 0.0244423 0.0553910 0.0253738 0.0179034 0.0416804 0.0547986 0.0332496 0.0343315 0.0155057 0.0216205 0.0219473 0.0217688 0.0230361 0.0303521 0.0318223 0.0254391 0.0342790 0.0390576 0.0353180 0.0233077 0.0225541 0.0310553 0.0250245 0.0393766 0.0369839 0.0505045 0.0178595 0.0201099 0.0223445 0.0501524 0.0213808 0.0463228 0.0430529 0.0364863 0.0360045 0.1052375 0.1061814 0.0372388 0.0458656 0.0429616 
I0211_1232_Columbidae_Columba_livia                       0.0340674 0.0428426 0.0438582 0.0476089 0.0429538 0.0504671 0.0357369 0.0142861 0.0506848 0.0527160 0.0357001 0.0465846 0.0505944 0.0495432 0.0229368 0.0454544 0.0310197 0.0445049 0.0354273 0.0311767 0.0325550 0.0308688 0.0000000 0.0346568 0.0522251 0.0540770 0.0335568 0.0440233 0.0454837 0.0459837 0.0471576 0.0108812 0.0539031 0.0450688 0.0588605 0.0457480 0.0465008 0.0437775 0.0638473 0.0710596 0.0631873 0.0426771 0.0383844 0.0457636 0.0440113 0.0328713 0.0451413 0.0426102 0.0455700 0.0144828 0.0383461 0.0335112 0.0453096 0.0445725 0.0351817 0.0330836 0.0649632 0.0438398 0.0542674 0.0329136 0.0363560 0.0578250 0.0539838 0.0394103 0.0535730 0.0608350 0.0461964 0.0454721 0.0365182 0.0352724 0.0437056 0.0152886 0.0343011 0.0333574 0.0434411 0.0454387 0.0500995 0.0312663 0.0300268 0.0474472 0.0435617 0.0436322 0.0361313 0.0312666 0.0393485 0.0525341 0.0509772 0.0316886 0.0548321 0.0325281 0.0312044 0.0395493 0.0476200 0.0412039 0.0362348 0.0322582 0.0374423 0.0451225 0.0625463 0.0344608 0.0481846 0.0621710 0.0337761 0.0482249 0.0452910 0.0490284 0.0607595 0.0419865 0.0356391 0.0313695 0.0470800 0.0411106 0.0408907 0.0312570 0.0669913 0.0362894 0.0375533 0.0302931 0.0413905 0.0557678 0.0371984 0.0501698 0.0385832 0.0333911 0.0298715 0.0412316 0.0365951 0.0589772 0.0368307 0.0319797 0.0504963 0.0650739 0.0427640 0.0435536 0.0298350 0.0338358 0.0356012 0.0343584 0.0355157 0.0416040 0.0435516 0.0378405 0.0411257 0.0473333 0.0449741 0.0349584 0.0340591 0.0138214 0.0368401 0.0488305 0.0458674 0.0606695 0.0325060 0.0334968 0.0346817 0.0611874 0.0341701 0.0530309 0.0517329 0.0458294 0.0451969 0.1167701 0.1157997 0.0462263 0.0533571 0.0510227 
