35
Burramyidae_Burramys_parvus                  0.0000000 0.0543928 0.0322336 0.0388289 0.0383099 0.0749991 0.0375794 0.0341480 0.0386469 0.0784142 0.0359133 0.0716829 0.0720542 0.0338884 0.0345330 0.0693170 0.0751351 0.0635997 0.0744503 0.0392319 0.0805055 0.0703028 0.0634292 0.0435405 0.0522599 0.0345316 0.0399358 0.0314959 0.0563092 0.0337142 0.0350452 0.0714063 0.0757843 0.0768611 0.0406775 
Notoryctidae_Notoryctes_typhlops             0.0543928 0.0000000 0.0555640 0.0701838 0.0697608 0.0824061 0.0656309 0.0644051 0.0706099 0.0869355 0.0645527 0.0797756 0.0811269 0.0644821 0.0670800 0.0769404 0.0817549 0.0705403 0.0808621 0.0701310 0.0951218 0.0807730 0.0719310 0.0717794 0.0620972 0.0672290 0.0707466 0.0621457 0.0923632 0.0641085 0.0657655 0.0758270 0.0840200 0.0868157 0.0700277 
Vombatidae_Lasiorhinus_latifrons             0.0322336 0.0555640 0.0000000 0.0453712 0.0443033 0.0757141 0.0461839 0.0441038 0.0448607 0.0753782 0.0448753 0.0750143 0.0784165 0.0427404 0.0425032 0.0719687 0.0758420 0.0664140 0.0724328 0.0471415 0.0820883 0.0716403 0.0635516 0.0458045 0.0547310 0.0401662 0.0452295 0.0400462 0.0632576 0.0409838 0.0437336 0.0692120 0.0757685 0.0751792 0.0578985 
Potoroidae_Bettongia_penicillata             0.0388289 0.0701838 0.0453712 0.0000000 0.0025325 0.0920244 0.0502961 0.0480618 0.0075220 0.0938859 0.0500077 0.0880893 0.0915152 0.0490190 0.0488753 0.0853971 0.0905095 0.0793653 0.0922939 0.0138128 0.0968305 0.0896550 0.0791216 0.0292710 0.0664021 0.0496056 0.0139962 0.0457475 0.0737063 0.0476880 0.0494760 0.0877732 0.0928071 0.0916863 0.0560854 
Potoroidae_Bettongia_lesueur                 0.0383099 0.0697608 0.0443033 0.0025325 0.0000000 0.0903528 0.0488637 0.0474972 0.0071760 0.0924319 0.0488090 0.0864625 0.0894513 0.0481643 0.0483016 0.0837733 0.0888589 0.0791177 0.0906386 0.0130656 0.0952216 0.0888557 0.0780125 0.0284158 0.0653967 0.0491286 0.0132484 0.0449704 0.0733780 0.0463084 0.0486449 0.0860871 0.0911781 0.0899855 0.0555196 
Dasyuridae_Dasyurus_maculatus                0.0749991 0.0824061 0.0757141 0.0920244 0.0903528 0.0000000 0.0918530 0.0888190 0.0914094 0.1060409 0.0894378 0.0128899 0.0235300 0.0871707 0.0811733 0.0118117 0.0041516 0.0177124 0.1027575 0.0910023 0.1222060 0.1042792 0.0132854 0.0946988 0.0786079 0.0849524 0.0931218 0.0817555 0.1065043 0.0810198 0.0877544 0.0968198 0.0046588 0.1062364 0.1056335 
Phalangeridae_Trichosurus_vulpecula          0.0375794 0.0656309 0.0461839 0.0502961 0.0488637 0.0918530 0.0000000 0.0184912 0.0517747 0.0872620 0.0203288 0.0890330 0.0876239 0.0186658 0.0488251 0.0856362 0.0906278 0.0808530 0.0849566 0.0507039 0.0946740 0.0898524 0.0799581 0.0534223 0.0636283 0.0487794 0.0521183 0.0457531 0.0761428 0.0481734 0.0196514 0.0845152 0.0921499 0.0869184 0.0566165 
Phalangeridae_Spilocuscus_maculatus          0.0341480 0.0644051 0.0441038 0.0480618 0.0474972 0.0888190 0.0184912 0.0000000 0.0492336 0.0913175 0.0067123 0.0835128 0.0834000 0.0061895 0.0463677 0.0816344 0.0873401 0.0747737 0.0857948 0.0489859 0.0970530 0.0873958 0.0750525 0.0520756 0.0631445 0.0469823 0.0492838 0.0428486 0.0725099 0.0457649 0.0063527 0.0830328 0.0888324 0.0904869 0.0560232 
Potoroidae_Aepyprymnus_rufescens             0.0386469 0.0706099 0.0448607 0.0075220 0.0071760 0.0914094 0.0517747 0.0492336 0.0000000 0.0927456 0.0509130 0.0880681 0.0918840 0.0504420 0.0506398 0.0861677 0.0905937 0.0823027 0.0895269 0.0137635 0.0954733 0.0892622 0.0807058 0.0301373 0.0663020 0.0496704 0.0145074 0.0456673 0.0743592 0.0477490 0.0512168 0.0859937 0.0922359 0.0907035 0.0564046 
Peramelidae_Perameles_nasuta                 0.0784142 0.0869355 0.0753782 0.0938859 0.0924319 0.1060409 0.0872620 0.0913175 0.0927456 0.0000000 0.0937858 0.1039474 0.1077506 0.0887770 0.0890923 0.1005986 0.1048626 0.0999526 0.0145617 0.0915285 0.1293041 0.1177531 0.0967315 0.0947697 0.0921492 0.0893875 0.0934794 0.0891468 0.1187330 0.0869382 0.0914792 0.0126062 0.1055828 0.0006398 0.1105374 
Phalangeridae_Strigocuscus_pelengensis       0.0359133 0.0645527 0.0448753 0.0500077 0.0488090 0.0894378 0.0203288 0.0067123 0.0509130 0.0937858 0.0000000 0.0851105 0.0850573 0.0060179 0.0488023 0.0832024 0.0891414 0.0755764 0.0888632 0.0498315 0.0946658 0.0872149 0.0764166 0.0521801 0.0625087 0.0496313 0.0507546 0.0444144 0.0753618 0.0493986 0.0065382 0.0865104 0.0894494 0.0930744 0.0593296 
Dasyuridae_Phascogale_tapoatafa              0.0716829 0.0797756 0.0750143 0.0880893 0.0864625 0.0128899 0.0890330 0.0835128 0.0880681 0.1039474 0.0851105 0.0000000 0.0220486 0.0834781 0.0804047 0.0015775 0.0130836 0.0159421 0.0995125 0.0874556 0.1182842 0.1032899 0.0070933 0.0926438 0.0755360 0.0868548 0.0881337 0.0818083 0.1058725 0.0798201 0.0836685 0.0946721 0.0130765 0.1023885 0.1076333 
Dasyuridae_Sminthopsis_macroura              0.0720542 0.0811269 0.0784165 0.0915152 0.0894513 0.0235300 0.0876239 0.0834000 0.0918840 0.1077506 0.0850573 0.0220486 0.0000000 0.0849051 0.0839263 0.0204461 0.0230762 0.0136150 0.1015072 0.0928747 0.1187185 0.1060665 0.0195415 0.0914961 0.0784355 0.0875760 0.0922448 0.0828355 0.1109603 0.0821994 0.0854841 0.0964275 0.0243203 0.1062547 0.1059825 
Phalangeridae_Phalanger_orientalis           0.0338884 0.0644821 0.0427404 0.0490190 0.0481643 0.0871707 0.0186658 0.0061895 0.0504420 0.0887770 0.0060179 0.0834781 0.0849051 0.0000000 0.0460249 0.0812615 0.0864970 0.0750588 0.0836843 0.0495997 0.0939989 0.0859570 0.0741824 0.0510130 0.0612661 0.0478406 0.0504931 0.0426899 0.0724472 0.0465665 0.0022158 0.0828445 0.0871896 0.0880015 0.0550809 
Acrobatidae_Acrobates_pygmaeus               0.0345330 0.0670800 0.0425032 0.0488753 0.0483016 0.0811733 0.0488251 0.0463677 0.0506398 0.0890923 0.0488023 0.0804047 0.0839263 0.0460249 0.0000000 0.0785949 0.0812920 0.0728711 0.0856299 0.0500565 0.0929658 0.0814921 0.0725415 0.0521757 0.0673283 0.0392505 0.0501258 0.0357171 0.0637759 0.0196065 0.0468141 0.0821902 0.0823319 0.0874290 0.0447290 
Dasyuridae_Phascogale_calura                 0.0693170 0.0769404 0.0719687 0.0853971 0.0837733 0.0118117 0.0856362 0.0816344 0.0861677 0.1005986 0.0832024 0.0015775 0.0204461 0.0812615 0.0785949 0.0000000 0.0120023 0.0151030 0.0959353 0.0855791 0.1158830 0.1011838 0.0056222 0.0891677 0.0722231 0.0838689 0.0856322 0.0785046 0.1020071 0.0770156 0.0814534 0.0915133 0.0119959 0.0990349 0.1024506 
Dasyuridae_Sarcophilus_harrisii              0.0751351 0.0817549 0.0758420 0.0905095 0.0888589 0.0041516 0.0906278 0.0873401 0.0905937 0.1048626 0.0891414 0.0130836 0.0230762 0.0864970 0.0812920 0.0120023 0.0000000 0.0178975 0.1007958 0.0902724 0.1203801 0.1030551 0.0130615 0.0940995 0.0778844 0.0853806 0.0924155 0.0819055 0.1087841 0.0811373 0.0878693 0.0964281 0.0056473 0.1042092 0.1076233 
Dasyuridae_Planigale_tenuirostris            0.0635997 0.0705403 0.0664140 0.0793653 0.0791177 0.0177124 0.0808530 0.0747737 0.0823027 0.0999526 0.0755764 0.0159421 0.0136150 0.0750588 0.0728711 0.0151030 0.0178975 0.0000000 0.0945712 0.0813917 0.1126462 0.0949169 0.0161623 0.0823494 0.0690236 0.0771311 0.0802997 0.0742417 0.1030787 0.0711500 0.0756638 0.0867631 0.0181300 0.0988797 0.0921651 
Peramelidae_Echymipera_kalubu                0.0744503 0.0808621 0.0724328 0.0922939 0.0906386 0.1027575 0.0849566 0.0857948 0.0895269 0.0145617 0.0888632 0.0995125 0.1015072 0.0836843 0.0856299 0.0959353 0.1007958 0.0945712 0.0000000 0.0890154 0.1244688 0.1105362 0.0921030 0.0896297 0.0868242 0.0841142 0.0919779 0.0856574 0.1166882 0.0813395 0.0859221 0.0095953 0.1015362 0.0146346 0.1089162 
Macropodidae_Dorcopsulus_vanheurni           0.0392319 0.0701310 0.0471415 0.0138128 0.0130656 0.0910023 0.0507039 0.0489859 0.0137635 0.0915285 0.0498315 0.0874556 0.0928747 0.0495997 0.0500565 0.0855791 0.0902724 0.0813917 0.0890154 0.0000000 0.0975844 0.0877760 0.0794837 0.0304309 0.0662732 0.0500825 0.0070204 0.0445711 0.0751932 0.0478096 0.0503869 0.0853867 0.0910868 0.0887224 0.0555704 
Didelphidae_Didelphis_virginiana             0.0805055 0.0951218 0.0820883 0.0968305 0.0952216 0.1222060 0.0946740 0.0970530 0.0954733 0.1293041 0.0946658 0.1182842 0.1187185 0.0939989 0.0929658 0.1158830 0.1203801 0.1126462 0.1244688 0.0975844 0.0000000 0.0304171 0.1054940 0.0977582 0.0902935 0.0931486 0.0968611 0.0888187 0.1242069 0.0946477 0.0952733 0.1228784 0.1211720 0.1279547 0.1159888 
Marmosidae_Monodelphis_domestica             0.0703028 0.0807730 0.0716403 0.0896550 0.0888557 0.1042792 0.0898524 0.0873958 0.0892622 0.1177531 0.0872149 0.1032899 0.1060665 0.0859570 0.0814921 0.1011838 0.1030551 0.0949169 0.1105362 0.0877760 0.0304171 0.0000000 0.0951525 0.0929076 0.0838690 0.0848283 0.0901992 0.0813703 0.1135881 0.0818139 0.0877781 0.1078338 0.1046813 0.1170067 0.1098900 
Dasyuridae_Antechinus_stuartii               0.0634292 0.0719310 0.0635516 0.0791216 0.0780125 0.0132854 0.0799581 0.0750525 0.0807058 0.0967315 0.0764166 0.0070933 0.0195415 0.0741824 0.0725415 0.0056222 0.0130615 0.0161623 0.0921030 0.0794837 0.1054940 0.0951525 0.0000000 0.0824779 0.0670255 0.0759335 0.0799234 0.0728536 0.0998562 0.0712251 0.0747688 0.0866874 0.0140804 0.0958855 0.0941418 
Hypsiprymnodontidae_Hypsiprymnodon_moschatus 0.0435405 0.0717794 0.0458045 0.0292710 0.0284158 0.0946988 0.0534223 0.0520756 0.0301373 0.0947697 0.0521801 0.0926438 0.0914961 0.0510130 0.0521757 0.0891677 0.0940995 0.0823494 0.0896297 0.0304309 0.0977582 0.0929076 0.0824779 0.0000000 0.0668020 0.0514465 0.0307102 0.0494236 0.0745056 0.0478812 0.0520666 0.0869822 0.0944111 0.0938762 0.0641124 
Microbiotheriidae_Dromiciops_gliroides       0.0522599 0.0620972 0.0547310 0.0664021 0.0653967 0.0786079 0.0636283 0.0631445 0.0663020 0.0921492 0.0625087 0.0755360 0.0784355 0.0612661 0.0673283 0.0722231 0.0778844 0.0690236 0.0868242 0.0662732 0.0902935 0.0838690 0.0670255 0.0668020 0.0000000 0.0603353 0.0672099 0.0606469 0.0840138 0.0643544 0.0608307 0.0857302 0.0782651 0.0908360 0.0823063 
Pseudochiridae_Petauroides_volans            0.0345316 0.0672290 0.0401662 0.0496056 0.0491286 0.0849524 0.0487794 0.0469823 0.0496704 0.0893875 0.0496313 0.0868548 0.0875760 0.0478406 0.0392505 0.0838689 0.0853806 0.0771311 0.0841142 0.0500825 0.0931486 0.0848283 0.0759335 0.0514465 0.0603353 0.0000000 0.0497976 0.0186563 0.0497551 0.0383961 0.0485981 0.0817198 0.0859826 0.0885072 0.0257777 
Macropodidae_Wallabia_bicolor                0.0399358 0.0707466 0.0452295 0.0139962 0.0132484 0.0931218 0.0521183 0.0492838 0.0145074 0.0934794 0.0507546 0.0881337 0.0922448 0.0504931 0.0501258 0.0856322 0.0924155 0.0802997 0.0919779 0.0070204 0.0968611 0.0901992 0.0799234 0.0307102 0.0672099 0.0497976 0.0000000 0.0453356 0.0755110 0.0467236 0.0512683 0.0887381 0.0931206 0.0906138 0.0550597 
Pseudochiridae_Pseudocheirus_occidentalis    0.0314959 0.0621457 0.0400462 0.0457475 0.0449704 0.0817555 0.0457531 0.0428486 0.0456673 0.0891468 0.0444144 0.0818083 0.0828355 0.0426899 0.0357171 0.0785046 0.0819055 0.0742417 0.0856574 0.0445711 0.0888187 0.0813703 0.0728536 0.0494236 0.0606469 0.0186563 0.0453356 0.0000000 0.0498016 0.0346577 0.0439794 0.0820336 0.0825415 0.0885886 0.0083487 
Tarsipedidae_Tarsipes_rostratus              0.0563092 0.0923632 0.0632576 0.0737063 0.0733780 0.1065043 0.0761428 0.0725099 0.0743592 0.1187330 0.0753618 0.1058725 0.1109603 0.0724472 0.0637759 0.1020071 0.1087841 0.1030787 0.1166882 0.0751932 0.1242069 0.1135881 0.0998562 0.0745056 0.0840138 0.0497551 0.0755110 0.0498016 0.0000000 0.0616946 0.0723720 0.1073755 0.1095634 0.1201724 0.0761221 
Acrobatidae_Distoechurus_pennatus            0.0337142 0.0641085 0.0409838 0.0476880 0.0463084 0.0810198 0.0481734 0.0457649 0.0477490 0.0869382 0.0493986 0.0798201 0.0821994 0.0465665 0.0196065 0.0770156 0.0811373 0.0711500 0.0813395 0.0478096 0.0946477 0.0818139 0.0712251 0.0478812 0.0643544 0.0383961 0.0467236 0.0346577 0.0616946 0.0000000 0.0465274 0.0773454 0.0818094 0.0857663 0.0450867 
Phalangeridae_Phalanger_carmelitae           0.0350452 0.0657655 0.0437336 0.0494760 0.0486449 0.0877544 0.0196514 0.0063527 0.0512168 0.0914792 0.0065382 0.0836685 0.0854841 0.0022158 0.0468141 0.0814534 0.0878693 0.0756638 0.0859221 0.0503869 0.0952733 0.0877781 0.0747688 0.0520666 0.0608307 0.0485981 0.0512683 0.0439794 0.0723720 0.0465274 0.0000000 0.0835703 0.0877265 0.0903223 0.0559155 
Peramelidae_Peroryctes_raffrayana            0.0714063 0.0758270 0.0692120 0.0877732 0.0860871 0.0968198 0.0845152 0.0830328 0.0859937 0.0126062 0.0865104 0.0946721 0.0964275 0.0828445 0.0821902 0.0915133 0.0964281 0.0867631 0.0095953 0.0853867 0.1228784 0.1078338 0.0866874 0.0869822 0.0857302 0.0817198 0.0887381 0.0820336 0.1073755 0.0773454 0.0835703 0.0000000 0.0964493 0.0124921 0.1104691 
Dasyuridae_Dasyurus_geffroii                 0.0757843 0.0840200 0.0757685 0.0928071 0.0911781 0.0046588 0.0921499 0.0888324 0.0922359 0.1055828 0.0894494 0.0130765 0.0243203 0.0871896 0.0823319 0.0119959 0.0056473 0.0181300 0.1015362 0.0910868 0.1211720 0.1046813 0.0140804 0.0944111 0.0782651 0.0859826 0.0931206 0.0825415 0.1095634 0.0818094 0.0877265 0.0964493 0.0000000 0.1049683 0.1057046 
Peramelidae_Perameles_gunnii                 0.0768611 0.0868157 0.0751792 0.0916863 0.0899855 0.1062364 0.0869184 0.0904869 0.0907035 0.0006398 0.0930744 0.1023885 0.1062547 0.0880015 0.0874290 0.0990349 0.1042092 0.0988797 0.0146346 0.0887224 0.1279547 0.1170067 0.0958855 0.0938762 0.0908360 0.0885072 0.0906138 0.0885886 0.1201724 0.0857663 0.0903223 0.0124921 0.1049683 0.0000000 0.1086019 
Pseudochiridae_Pseudochirulus_forbesi        0.0406775 0.0700277 0.0578985 0.0560854 0.0555196 0.1056335 0.0566165 0.0560232 0.0564046 0.1105374 0.0593296 0.1076333 0.1059825 0.0550809 0.0447290 0.1024506 0.1076233 0.0921651 0.1089162 0.0555704 0.1159888 0.1098900 0.0941418 0.0641124 0.0823063 0.0257777 0.0550597 0.0083487 0.0761221 0.0450867 0.0559155 0.1104691 0.1057046 0.1086019 0.0000000 
