38
Hovahydrus_minutissimus    0.0000000 0.1498342 0.1204514 0.1211753 0.0558151 0.0908111 0.1174188 0.1446526 0.1388611 0.1149132 0.1040580 0.1091269 0.1265775 0.1417126 0.1156640 0.1139269 0.1219777 0.1051604 0.1274062 0.1210488 0.1125639 0.1095136 0.1192634 0.1119177 0.1089878 0.0973859 0.1291652 0.1165987 0.0949903 0.1160069 0.0932040 0.1135183 0.1218273 0.1126320 0.1048465 0.1034567 0.1190211 0.1170021 
Sanfilippodytes_terminalis 0.1498342 0.0000000 0.1255293 0.1548793 0.1349189 0.1333435 0.0958736 0.1272225 0.1099906 0.0944496 0.0981966 0.0982351 0.1016832 0.1017473 0.0831038 0.0801252 0.0968773 0.0572909 0.0874851 0.0509527 0.0569102 0.0810352 0.0779851 0.0657458 0.0949168 0.0879299 0.0798895 0.0904259 0.0883858 0.1066450 0.0819659 0.0893214 0.1100114 0.0835095 0.0795986 0.0980055 0.1033226 0.0940075 
Canthyporus_hottentotus    0.1204514 0.1255293 0.0000000 0.1203167 0.1397613 0.1484923 0.1393199 0.1490014 0.1255490 0.1007653 0.1157750 0.1184178 0.1107021 0.1264548 0.1225675 0.1150679 0.1177449 0.1196443 0.1417983 0.1042525 0.1087234 0.0983428 0.0998054 0.1207479 0.1223639 0.1035794 0.1181745 0.1132641 0.1178953 0.1143663 0.1198157 0.1032404 0.1079422 0.1131461 0.1073457 0.1107478 0.1072496 0.1126988 
Laccornellus_copelatoides  0.1211753 0.1548793 0.1203167 0.0000000 0.1331306 0.1477122 0.1619244 0.1596529 0.1584132 0.1461912 0.1044893 0.1134206 0.1302437 0.1166449 0.1358197 0.1332895 0.1469203 0.1387483 0.1457584 0.1476249 0.1399453 0.1128923 0.1223116 0.1312070 0.1576516 0.1032468 0.1555069 0.1098742 0.1078242 0.1236298 0.1122016 0.1058846 0.1024525 0.1413045 0.1405039 0.0926963 0.0971884 0.1020375 
Andex_insignis             0.0558151 0.1349189 0.1397613 0.1331306 0.0000000 0.0952047 0.1374886 0.1159721 0.1367753 0.1188318 0.1078961 0.1092382 0.1213002 0.1279280 0.1121073 0.1070292 0.1224040 0.1128640 0.1269255 0.1140765 0.1207859 0.1158498 0.0753982 0.1175483 0.1041457 0.1170463 0.1159971 0.1204887 0.1068108 0.1275654 0.0961597 0.1093659 0.1109545 0.0997546 0.0922425 0.0926115 0.0976571 0.1092703 
Hyphydrus_ovatus           0.0908111 0.1333435 0.1484923 0.1477122 0.0952047 0.0000000 0.1377821 0.1393590 0.1352233 0.1231337 0.1123077 0.1168215 0.1128878 0.1378320 0.1026081 0.0950230 0.1174128 0.1057939 0.1294930 0.0966987 0.1011158 0.1149955 0.0927552 0.1129909 0.1229612 0.1160540 0.1276335 0.1094462 0.1164561 0.1292136 0.1026106 0.1211046 0.1294184 0.1109082 0.1075784 0.1109579 0.1246270 0.1046915 
Heterosternusa_pulcher     0.1174188 0.0958736 0.1393199 0.1619244 0.1374886 0.1377821 0.0000000 0.0379052 0.0562678 0.1122430 0.1092249 0.1148962 0.1084314 0.1392481 0.0826122 0.0799921 0.1125730 0.0834289 0.1131543 0.0922840 0.0874835 0.0863327 0.0887529 0.0873794 0.1015974 0.0993943 0.1055638 0.0853836 0.1095984 0.1094208 0.1010986 0.1002568 0.1293310 0.0939471 0.0912959 0.1244157 0.1207520 0.1310435 
Neoporus_arizonicus        0.1446526 0.1272225 0.1490014 0.1596529 0.1159721 0.1393590 0.0379052 0.0000000 0.0320501 0.1210372 0.0829176 0.0756337 0.0903853 0.1360171 0.0976744 0.0919682 0.1178888 0.1068800 0.1162053 0.1043904 0.1025997 0.0933712 0.0926636 0.0898086 0.1177354 0.0896451 0.1117678 0.1000129 0.1085646 0.1167063 0.1051682 0.1001430 0.1165969 0.0997815 0.0946660 0.1008286 0.1116304 0.1046214 
Neoporus_undulatus         0.1388611 0.1099906 0.1255490 0.1584132 0.1367753 0.1352233 0.0562678 0.0320501 0.0000000 0.1035257 0.0806731 0.0889395 0.0801248 0.1355768 0.0917507 0.0870265 0.1039534 0.0894973 0.1072819 0.0827951 0.0863994 0.0773800 0.0935319 0.0864199 0.1073816 0.0950628 0.1103992 0.0987559 0.1047555 0.1133213 0.0939640 0.1128032 0.1382109 0.1001784 0.0985007 0.1265683 0.1170332 0.1236868 
Hydrocolus_sahlbergi       0.1149132 0.0944496 0.1007653 0.1461912 0.1188318 0.1231337 0.1122430 0.1210372 0.1035257 0.0000000 0.0596485 0.0486404 0.0743353 0.0727645 0.0445724 0.0393244 0.0373032 0.0362039 0.0534900 0.0362499 0.0380482 0.0546800 0.0409322 0.0526762 0.0566929 0.0475571 0.0430272 0.0403669 0.0433887 0.0710706 0.0357389 0.0563038 0.0620443 0.0395342 0.0366249 0.0612834 0.0397668 0.0695016 
Suphrodytes_figuratus      0.1040580 0.0981966 0.1157750 0.1044893 0.1078961 0.1123077 0.1092249 0.0829176 0.0806731 0.0596485 0.0000000 0.0086397 0.0383997 0.0564464 0.0344372 0.0318854 0.0372285 0.0287028 0.0463685 0.0280076 0.0322020 0.0292321 0.0305270 0.0345624 0.0542615 0.0413628 0.0415463 0.0366034 0.0464819 0.0565819 0.0293399 0.0392502 0.0622740 0.0350618 0.0320675 0.0395487 0.0415730 0.0462840 
Suphrodytes_dorsalis       0.1091269 0.0982351 0.1184178 0.1134206 0.1092382 0.1168215 0.1148962 0.0756337 0.0889395 0.0486404 0.0086397 0.0000000 0.0437688 0.0570140 0.0266225 0.0247636 0.0326051 0.0260717 0.0447932 0.0281616 0.0284177 0.0261553 0.0305865 0.0313750 0.0472423 0.0321517 0.0378745 0.0311287 0.0351631 0.0488572 0.0253717 0.0308896 0.0533641 0.0295080 0.0259906 0.0397574 0.0289230 0.0446094 
Hydroporus_scalesianus     0.1265775 0.1016832 0.1107021 0.1302437 0.1213002 0.1128878 0.1084314 0.0903853 0.0801248 0.0743353 0.0383997 0.0437688 0.0000000 0.0553985 0.0462894 0.0377936 0.0471716 0.0310560 0.0489225 0.0380544 0.0453362 0.0141838 0.0282457 0.0449184 0.0534340 0.0497726 0.0478129 0.0393384 0.0325726 0.0498369 0.0336006 0.0302121 0.0420038 0.0384126 0.0400424 0.0401799 0.0389548 0.0451958 
Hydroporus_vagepictus      0.1417126 0.1017473 0.1264548 0.1166449 0.1279280 0.1378320 0.1392481 0.1360171 0.1355768 0.0727645 0.0564464 0.0570140 0.0553985 0.0000000 0.0690050 0.0658823 0.0906452 0.0410126 0.0675595 0.0614041 0.0621082 0.0547229 0.0267575 0.0558634 0.0775291 0.0519492 0.0598623 0.0513151 0.0506124 0.0728056 0.0511980 0.0192928 0.0516764 0.0629983 0.0582546 0.0545061 0.0455841 0.0476425 
Hydroporus_longiusculus    0.1156640 0.0831038 0.1225675 0.1358197 0.1121073 0.1026081 0.0826122 0.0976744 0.0917507 0.0445724 0.0344372 0.0266225 0.0462894 0.0690050 0.0000000 0.0002641 0.0095036 0.0140911 0.0203574 0.0128533 0.0135833 0.0345019 0.0153746 0.0193002 0.0294153 0.0435297 0.0179622 0.0175951 0.0281030 0.0619793 0.0174629 0.0451512 0.0486275 0.0112630 0.0110474 0.0475135 0.0440867 0.0543567 
Hydroporus_carri           0.1139269 0.0801252 0.1150679 0.1332895 0.1070292 0.0950230 0.0799921 0.0919682 0.0870265 0.0393244 0.0318854 0.0247636 0.0377936 0.0658823 0.0002641 0.0000000 0.0092812 0.0143992 0.0208033 0.0131255 0.0134094 0.0327345 0.0153315 0.0179756 0.0275646 0.0424058 0.0156927 0.0172036 0.0281836 0.0544412 0.0149448 0.0421854 0.0453338 0.0106252 0.0104150 0.0406897 0.0420688 0.0496016 
Hydroporus_nigellus        0.1219777 0.0968773 0.1177449 0.1469203 0.1224040 0.1174128 0.1125730 0.1178888 0.1039534 0.0373032 0.0372285 0.0326051 0.0471716 0.0906452 0.0095036 0.0092812 0.0000000 0.0138263 0.0164342 0.0124587 0.0127371 0.0324668 0.0167886 0.0186428 0.0250600 0.0439715 0.0215532 0.0181135 0.0365596 0.0696504 0.0143354 0.0529919 0.0696668 0.0103203 0.0096606 0.0590471 0.0584103 0.0601285 
Hydroporus_niger           0.1051604 0.0572909 0.1196443 0.1387483 0.1128640 0.1057939 0.0834289 0.1068800 0.0894973 0.0362039 0.0287028 0.0260717 0.0310560 0.0410126 0.0140911 0.0143992 0.0138263 0.0000000 0.0064739 0.0103525 0.0115563 0.0267348 0.0095416 0.0121040 0.0173808 0.0327269 0.0161784 0.0138155 0.0318478 0.0498642 0.0130766 0.0269488 0.0398351 0.0126077 0.0115811 0.0399329 0.0322533 0.0308361 
Hydroporus_notabilis       0.1274062 0.0874851 0.1417983 0.1457584 0.1269255 0.1294930 0.1131543 0.1162053 0.1072819 0.0534900 0.0463685 0.0447932 0.0489225 0.0675595 0.0203574 0.0208033 0.0164342 0.0064739 0.0000000 0.0170017 0.0169433 0.0353746 0.0107862 0.0187777 0.0267254 0.0532150 0.0217746 0.0182119 0.0455845 0.0711674 0.0161195 0.0376851 0.0583822 0.0148263 0.0139984 0.0516358 0.0476210 0.0511401 
Hydroporus_appalachius     0.1210488 0.0509527 0.1042525 0.1476249 0.1140765 0.0966987 0.0922840 0.1043904 0.0827951 0.0362499 0.0280076 0.0281616 0.0380544 0.0614041 0.0128533 0.0131255 0.0124587 0.0103525 0.0170017 0.0000000 0.0027920 0.0325836 0.0120305 0.0121200 0.0219900 0.0373271 0.0153399 0.0141868 0.0347621 0.0500746 0.0112241 0.0340413 0.0642338 0.0115157 0.0098919 0.0542797 0.0505720 0.0474860 
Hydroporus_mannerheimi     0.1125639 0.0569102 0.1087234 0.1399453 0.1207859 0.1011158 0.0874835 0.1025997 0.0863994 0.0380482 0.0322020 0.0284177 0.0453362 0.0621082 0.0135833 0.0134094 0.0127371 0.0115563 0.0169433 0.0027920 0.0000000 0.0370175 0.0139557 0.0147618 0.0209058 0.0418348 0.0175734 0.0147630 0.0384241 0.0518516 0.0122914 0.0343160 0.0631986 0.0124797 0.0117305 0.0513481 0.0517343 0.0612856 
Hydroporus_neglectus       0.1095136 0.0810352 0.0983428 0.1128923 0.1158498 0.1149955 0.0863327 0.0933712 0.0773800 0.0546800 0.0292321 0.0261553 0.0141838 0.0547229 0.0345019 0.0327345 0.0324668 0.0267348 0.0353746 0.0325836 0.0370175 0.0000000 0.0233808 0.0298943 0.0556059 0.0297631 0.0310066 0.0351357 0.0324393 0.0489094 0.0301912 0.0306350 0.0359688 0.0343000 0.0313529 0.0335885 0.0278082 0.0345746 
Hydroporus_sinuatipes      0.1192634 0.0779851 0.0998054 0.1223116 0.0753982 0.0927552 0.0887529 0.0926636 0.0935319 0.0409322 0.0305270 0.0305865 0.0282457 0.0267575 0.0153746 0.0153315 0.0167886 0.0095416 0.0107862 0.0120305 0.0139557 0.0233808 0.0000000 0.0170793 0.0270029 0.0376525 0.0170963 0.0184922 0.0293942 0.0382563 0.0144266 0.0140791 0.0334459 0.0153653 0.0138020 0.0330206 0.0342706 0.0406323 
Hydroporus_obscurus        0.1119177 0.0657458 0.1207479 0.1312070 0.1175483 0.1129909 0.0873794 0.0898086 0.0864199 0.0526762 0.0345624 0.0313750 0.0449184 0.0558634 0.0193002 0.0179756 0.0186428 0.0121040 0.0187777 0.0121200 0.0147618 0.0298943 0.0170793 0.0000000 0.0153195 0.0395508 0.0244619 0.0160449 0.0281007 0.0467455 0.0110675 0.0330131 0.0426057 0.0162656 0.0141231 0.0409826 0.0446530 0.0324518 
Hydroporus_erythrocephalus 0.1089878 0.0949168 0.1223639 0.1576516 0.1041457 0.1229612 0.1015974 0.1177354 0.1073816 0.0566929 0.0542615 0.0472423 0.0534340 0.0775291 0.0294153 0.0275646 0.0250600 0.0173808 0.0267254 0.0219900 0.0209058 0.0556059 0.0270029 0.0153195 0.0000000 0.0517781 0.0259404 0.0264125 0.0457715 0.0560416 0.0137654 0.0485231 0.0555213 0.0210887 0.0203154 0.0543277 0.0532224 0.0460623 
Hydroporus_puberulus       0.0973859 0.0879299 0.1035794 0.1032468 0.1170463 0.1160540 0.0993943 0.0896451 0.0950628 0.0475571 0.0413628 0.0321517 0.0497726 0.0519492 0.0435297 0.0424058 0.0439715 0.0327269 0.0532150 0.0373271 0.0418348 0.0297631 0.0376525 0.0395508 0.0517781 0.0000000 0.0526340 0.0386736 0.0256559 0.0389629 0.0350800 0.0324382 0.0372854 0.0396966 0.0350964 0.0271221 0.0270261 0.0361875 
Hydroporus_axillaris       0.1291652 0.0798895 0.1181745 0.1555069 0.1159971 0.1276335 0.1055638 0.1117678 0.1103992 0.0430272 0.0415463 0.0378745 0.0478129 0.0598623 0.0179622 0.0156927 0.0215532 0.0161784 0.0217746 0.0153399 0.0175734 0.0310066 0.0170963 0.0244619 0.0259404 0.0526340 0.0000000 0.0128193 0.0340174 0.0644327 0.0206214 0.0440540 0.0653796 0.0190219 0.0172445 0.0610265 0.0447311 0.0682652 
Hydroporus_fortis          0.1165987 0.0904259 0.1132641 0.1098742 0.1204887 0.1094462 0.0853836 0.1000129 0.0987559 0.0403669 0.0366034 0.0311287 0.0393384 0.0513151 0.0175951 0.0172036 0.0181135 0.0138155 0.0182119 0.0141868 0.0147630 0.0351357 0.0184922 0.0160449 0.0264125 0.0386736 0.0128193 0.0000000 0.0339992 0.0507345 0.0190919 0.0420614 0.0675639 0.0154054 0.0138865 0.0592398 0.0378359 0.0596464 
Hydroporus_kraatzii        0.0949903 0.0883858 0.1178953 0.1078242 0.1068108 0.1164561 0.1095984 0.1085646 0.1047555 0.0433887 0.0464819 0.0351631 0.0325726 0.0506124 0.0281030 0.0281836 0.0365596 0.0318478 0.0455845 0.0347621 0.0384241 0.0324393 0.0293942 0.0281007 0.0457715 0.0256559 0.0340174 0.0339992 0.0000000 0.0093678 0.0263125 0.0273984 0.0218925 0.0332803 0.0300463 0.0249406 0.0200086 0.0275906 
Hydroporus_memnonius       0.1160069 0.1066450 0.1143663 0.1236298 0.1275654 0.1292136 0.1094208 0.1167063 0.1133213 0.0710706 0.0565819 0.0488572 0.0498369 0.0728056 0.0619793 0.0544412 0.0696504 0.0498642 0.0711674 0.0500746 0.0518516 0.0489094 0.0382563 0.0467455 0.0560416 0.0389629 0.0644327 0.0507345 0.0093678 0.0000000 0.0456852 0.0427114 0.0282547 0.0536580 0.0471211 0.0346800 0.0285165 0.0333850 
Hydroporus_rufifrons       0.0932040 0.0819659 0.1198157 0.1122016 0.0961597 0.1026106 0.1010986 0.1051682 0.0939640 0.0357389 0.0293399 0.0253717 0.0336006 0.0511980 0.0174629 0.0149448 0.0143354 0.0130766 0.0161195 0.0112241 0.0122914 0.0301912 0.0144266 0.0110675 0.0137654 0.0350800 0.0206214 0.0190919 0.0263125 0.0456852 0.0000000 0.0351262 0.0327829 0.0134060 0.0118203 0.0316980 0.0314334 0.0337634 
Hydroporus_tristis         0.1135183 0.0893214 0.1032404 0.1058846 0.1093659 0.1211046 0.1002568 0.1001430 0.1128032 0.0563038 0.0392502 0.0308896 0.0302121 0.0192928 0.0451512 0.0421854 0.0529919 0.0269488 0.0376851 0.0340413 0.0343160 0.0306350 0.0140791 0.0330131 0.0485231 0.0324382 0.0440540 0.0420614 0.0273984 0.0427114 0.0351262 0.0000000 0.0284532 0.0427942 0.0430312 0.0268703 0.0325945 0.0327115 
Hydroporus_nigrita         0.1218273 0.1100114 0.1079422 0.1024525 0.1109545 0.1294184 0.1293310 0.1165969 0.1382109 0.0620443 0.0622740 0.0533641 0.0420038 0.0516764 0.0486275 0.0453338 0.0696668 0.0398351 0.0583822 0.0642338 0.0631986 0.0359688 0.0334459 0.0426057 0.0555213 0.0372854 0.0653796 0.0675639 0.0218925 0.0282547 0.0327829 0.0284532 0.0000000 0.0490654 0.0466979 0.0144691 0.0090698 0.0120187 
Hydroporus_lapponum        0.1126320 0.0835095 0.1131461 0.1413045 0.0997546 0.1109082 0.0939471 0.0997815 0.1001784 0.0395342 0.0350618 0.0295080 0.0384126 0.0629983 0.0112630 0.0106252 0.0103203 0.0126077 0.0148263 0.0115157 0.0124797 0.0343000 0.0153653 0.0162656 0.0210887 0.0396966 0.0190219 0.0154054 0.0332803 0.0536580 0.0134060 0.0427942 0.0490654 0.0000000 0.0021920 0.0419666 0.0353821 0.0425350 
Hydroporus_submuticus      0.1048465 0.0795986 0.1073457 0.1405039 0.0922425 0.1075784 0.0912959 0.0946660 0.0985007 0.0366249 0.0320675 0.0259906 0.0400424 0.0582546 0.0110474 0.0104150 0.0096606 0.0115811 0.0139984 0.0098919 0.0117305 0.0313529 0.0138020 0.0141231 0.0203154 0.0350964 0.0172445 0.0138865 0.0300463 0.0471211 0.0118203 0.0430312 0.0466979 0.0021920 0.0000000 0.0427379 0.0342843 0.0396402 
Hydroporus_pilosus         0.1034567 0.0980055 0.1107478 0.0926963 0.0926115 0.1109579 0.1244157 0.1008286 0.1265683 0.0612834 0.0395487 0.0397574 0.0401799 0.0545061 0.0475135 0.0406897 0.0590471 0.0399329 0.0516358 0.0542797 0.0513481 0.0335885 0.0330206 0.0409826 0.0543277 0.0271221 0.0610265 0.0592398 0.0249406 0.0346800 0.0316980 0.0268703 0.0144691 0.0419666 0.0427379 0.0000000 0.0126025 0.0159956 
Hydroporus_pubescens       0.1190211 0.1033226 0.1072496 0.0971884 0.0976571 0.1246270 0.1207520 0.1116304 0.1170332 0.0397668 0.0415730 0.0289230 0.0389548 0.0455841 0.0440867 0.0420688 0.0584103 0.0322533 0.0476210 0.0505720 0.0517343 0.0278082 0.0342706 0.0446530 0.0532224 0.0270261 0.0447311 0.0378359 0.0200086 0.0285165 0.0314334 0.0325945 0.0090698 0.0353821 0.0342843 0.0126025 0.0000000 0.0116864 
Hydroporus_tessellatus     0.1170021 0.0940075 0.1126988 0.1020375 0.1092703 0.1046915 0.1310435 0.1046214 0.1236868 0.0695016 0.0462840 0.0446094 0.0451958 0.0476425 0.0543567 0.0496016 0.0601285 0.0308361 0.0511401 0.0474860 0.0612856 0.0345746 0.0406323 0.0324518 0.0460623 0.0361875 0.0682652 0.0596464 0.0275906 0.0333850 0.0337634 0.0327115 0.0120187 0.0425350 0.0396402 0.0159956 0.0116864 0.0000000 
