35
Notoryctidae_Notoryctes_typhlops             0.0000000 0.0823397 0.1032805 0.0908386 0.0929137 0.1389040 0.0949013 0.0884552 0.0815579 0.1034500 0.0920581 0.1227934 0.1090674 0.1008160 0.1070683 0.1023914 0.0999152 0.1098179 0.1166681 0.1074089 0.1098601 0.1209407 0.1317441 0.1093196 0.1413976 0.1067377 0.1162681 0.1073463 0.1001715 0.0964128 0.1134643 0.1104905 0.1102037 0.0983833 0.1057923 
Potoroidae_Bettongia_lesueur                 0.0823397 0.0000000 0.0996382 0.0871537 0.0886998 0.1182310 0.0894437 0.0678240 0.0295733 0.1003335 0.0633127 0.0907031 0.0096087 0.0661929 0.0703751 0.0117956 0.0725466 0.0715892 0.1116274 0.0682396 0.0740098 0.1278377 0.1184254 0.0850677 0.0558038 0.0828343 0.1029091 0.0413479 0.0732033 0.0750974 0.0885190 0.0811439 0.0814080 0.0791718 0.0850307 
Dasyuridae_Dasyurus_maculatus                0.1032805 0.0996382 0.0000000 0.0282080 0.0303584 0.1268614 0.0192596 0.0876484 0.0959978 0.0053786 0.1284993 0.1575470 0.1491076 0.1358070 0.1407669 0.1449546 0.1317959 0.1210120 0.0549035 0.1384631 0.1515187 0.0280105 0.0489844 0.1370992 0.1708534 0.1494561 0.1193214 0.1389356 0.1562964 0.1492762 0.1619501 0.1560195 0.1403442 0.1311372 0.1304380 
Dasyuridae_Phascogale_tapoatafa              0.0908386 0.0871537 0.0282080 0.0000000 0.0041294 0.1279766 0.0163451 0.0810210 0.0836072 0.0281384 0.1047501 0.1264635 0.1213791 0.1081873 0.1140589 0.1175203 0.1002897 0.1129007 0.0292346 0.1118263 0.1164954 0.0238987 0.0524420 0.1128496 0.1422443 0.1206492 0.1135768 0.1114146 0.1264272 0.1190140 0.1379441 0.1215570 0.1131559 0.1039687 0.1059288 
Dasyuridae_Phascogale_calura                 0.0929137 0.0886998 0.0303584 0.0041294 0.0000000 0.1299904 0.0178603 0.0839482 0.0850218 0.0302843 0.1067856 0.1302574 0.1243309 0.1117500 0.1176798 0.1204498 0.1018632 0.1166574 0.0333343 0.1154539 0.1203191 0.0267615 0.0570290 0.1164692 0.1459350 0.1244164 0.1188751 0.1149822 0.1276527 0.1220519 0.1419612 0.1268790 0.1186514 0.1071988 0.1094979 
Didelphidae_Didelphis_virginiana             0.1389040 0.1182310 0.1268614 0.1279766 0.1299904 0.0000000 0.1221836 0.1003058 0.1199470 0.1288774 0.1773161 0.1946937 0.1931639 0.1879632 0.1947201 0.1888409 0.1990444 0.1829491 0.2061979 0.1917808 0.2017475 0.2082811 0.1979103 0.1913684 0.2248062 0.1999497 0.0438051 0.1960348 0.2024280 0.1868853 0.2118472 0.2088602 0.1501452 0.1929351 0.1890130 
Dasyuridae_Antechinus_stuartii               0.0949013 0.0894437 0.0192596 0.0163451 0.0178603 0.1221836 0.0000000 0.0796611 0.0865318 0.0195538 0.1186407 0.1422266 0.1330673 0.1210029 0.1283682 0.1290569 0.1146575 0.1118553 0.0434831 0.1217674 0.1289667 0.0396208 0.0438765 0.1230025 0.1560316 0.1344641 0.1114817 0.1256883 0.1368987 0.1297254 0.1456632 0.1376096 0.1253918 0.1153793 0.1173246 
Microbiotheriidae_Dromiciops_gliroides       0.0884552 0.0678240 0.0876484 0.0810210 0.0839482 0.1003058 0.0796611 0.0000000 0.0644618 0.0878077 0.0870846 0.1043148 0.0947381 0.0956858 0.0989651 0.0923882 0.0696511 0.1003907 0.1145294 0.0959427 0.0873079 0.1230477 0.1099294 0.0921469 0.1219148 0.1029548 0.1095651 0.0946854 0.1035257 0.1000405 0.1069384 0.1040293 0.1039227 0.0859831 0.0907467 
Macropodidae_Wallabia_bicolor                0.0815579 0.0295733 0.0959978 0.0836072 0.0850218 0.1199470 0.0865318 0.0644618 0.0000000 0.0962392 0.0648072 0.0874073 0.0373238 0.0663177 0.0718677 0.0337550 0.0682832 0.0738402 0.1134656 0.0710809 0.0772081 0.1212078 0.1186544 0.0847857 0.0420653 0.0809065 0.1074769 0.0448383 0.0700192 0.0712116 0.0856159 0.0793972 0.0832335 0.0738253 0.0826045 
Dasyuridae_Dasyurus_geffroii                 0.1034500 0.1003335 0.0053786 0.0281384 0.0302843 0.1288774 0.0195538 0.0878077 0.0962392 0.0000000 0.1265939 0.1536007 0.1473545 0.1330051 0.1379026 0.1432209 0.1361958 0.1190235 0.0516763 0.1363447 0.1493867 0.0262100 0.0462047 0.1359374 0.1697905 0.1457055 0.1202992 0.1364226 0.1523598 0.1453019 0.1592970 0.1529637 0.1392363 0.1336321 0.1309615 
Burramyidae_Burramys_parvus                  0.0920581 0.0633127 0.1284993 0.1047501 0.1067856 0.1773161 0.1186407 0.0870846 0.0648072 0.1265939 0.0000000 0.0811386 0.0661629 0.0577736 0.0638583 0.0627212 0.0570173 0.0654148 0.1017536 0.0636581 0.0695094 0.1126051 0.1076781 0.0759600 0.0912115 0.0697134 0.0984505 0.0645970 0.0637530 0.0629967 0.0790979 0.0731473 0.0736559 0.0674399 0.0774063 
Vombatidae_Lasiorhinus_latifrons             0.1227934 0.0907031 0.1575470 0.1264635 0.1302574 0.1946937 0.1422266 0.1043148 0.0874073 0.1536007 0.0811386 0.0000000 0.0913380 0.0936107 0.0959767 0.0883397 0.0714458 0.0982169 0.1263041 0.0952276 0.0915532 0.1361504 0.1322185 0.0937972 0.1211864 0.0951935 0.1120707 0.0930267 0.0959980 0.0889943 0.1116595 0.0996326 0.1042889 0.0882677 0.0955612 
Potoroidae_Bettongia_penicillata             0.1090674 0.0096087 0.1491076 0.1213791 0.1243309 0.1931639 0.1330673 0.0947381 0.0373238 0.1473545 0.0661629 0.0913380 0.0000000 0.0688072 0.0730277 0.0140155 0.0783501 0.0729667 0.1172849 0.0708944 0.0762961 0.1313606 0.1252160 0.0887118 0.0566345 0.0851548 0.1065091 0.0456118 0.0768561 0.0782020 0.0932926 0.0821417 0.0843083 0.0833716 0.0886731 
Phalangeridae_Trichosurus_vulpecula          0.1008160 0.0661929 0.1358070 0.1081873 0.1117500 0.1879632 0.1210029 0.0956858 0.0663177 0.1330051 0.0577736 0.0936107 0.0688072 0.0000000 0.0257979 0.0662352 0.0638956 0.0274910 0.1060550 0.0260030 0.0705084 0.1191363 0.1125615 0.0851611 0.0926728 0.0683807 0.1033020 0.0655615 0.0676300 0.0638014 0.0866245 0.0685364 0.0359348 0.0734553 0.0865282 
Phalangeridae_Spilocuscus_maculatus          0.1070683 0.0703751 0.1407669 0.1140589 0.1176798 0.1947201 0.1283682 0.0989651 0.0718677 0.1379026 0.0638583 0.0959767 0.0730277 0.0257979 0.0000000 0.0717713 0.0739394 0.0185677 0.1094998 0.0140547 0.0748457 0.1237789 0.1161166 0.0911234 0.0986139 0.0798753 0.1062111 0.0737975 0.0760594 0.0718550 0.0921339 0.0760548 0.0259764 0.0840422 0.0917974 
Potoroidae_Aepyprymnus_rufescens             0.1023914 0.0117956 0.1449546 0.1175203 0.1204498 0.1888409 0.1290569 0.0923882 0.0337550 0.1432209 0.0627212 0.0883397 0.0140155 0.0662352 0.0717713 0.0000000 0.0691101 0.0723167 0.1127352 0.0696350 0.0728602 0.1273916 0.1185103 0.0839001 0.0553313 0.0809920 0.1028921 0.0407509 0.0706389 0.0738897 0.0874054 0.0791966 0.0797308 0.0761568 0.0838635 
Peramelidae_Perameles_nasuta                 0.0999152 0.0725466 0.1317959 0.1002897 0.1018632 0.1990444 0.1146575 0.0696511 0.0682832 0.1361958 0.0570173 0.0714458 0.0783501 0.0638956 0.0739394 0.0691101 0.0000000 0.0664576 0.1025257 0.0716566 0.0666375 0.1138021 0.1057803 0.0156543 0.1082244 0.0789004 0.0874257 0.0771218 0.0710864 0.0697874 0.0868230 0.0682419 0.0789935 0.0084315 0.0006873 
Phalangeridae_Strigocuscus_pelengensis       0.1098179 0.0715892 0.1210120 0.1129007 0.1166574 0.1829491 0.1118553 0.1003907 0.0738402 0.1190235 0.0654148 0.0982169 0.0729667 0.0274910 0.0185677 0.0723167 0.0664576 0.0000000 0.1104663 0.0129143 0.0734106 0.1218444 0.1033853 0.0900994 0.0988383 0.0809150 0.1078295 0.0737039 0.0786806 0.0728484 0.0912778 0.0797672 0.0296466 0.0803441 0.0908001 
Dasyuridae_Sminthopsis_macroura              0.1166681 0.1116274 0.0549035 0.0292346 0.0333343 0.2061979 0.0434831 0.1145294 0.1134656 0.0516763 0.1017536 0.1263041 0.1172849 0.1060550 0.1094998 0.1127352 0.1025257 0.1104663 0.0000000 0.1082346 0.1178483 0.0389188 0.0412316 0.1131737 0.1404937 0.1193553 0.1154453 0.1124147 0.1217379 0.1141149 0.1295739 0.1183983 0.1146672 0.1032366 0.1069442 
Phalangeridae_Phalanger_orientalis           0.1074089 0.0682396 0.1384631 0.1118263 0.1154539 0.1917808 0.1217674 0.0959427 0.0710809 0.1363447 0.0636581 0.0952276 0.0708944 0.0260030 0.0140547 0.0696350 0.0716566 0.0129143 0.1082346 0.0000000 0.0747833 0.1230676 0.1120283 0.0903734 0.0979170 0.0793664 0.1048714 0.0722844 0.0752720 0.0729450 0.0908311 0.0787984 0.0171546 0.0819692 0.0917561 
Acrobatidae_Acrobates_pygmaeus               0.1098601 0.0740098 0.1515187 0.1164954 0.1203191 0.2017475 0.1289667 0.0873079 0.0772081 0.1493867 0.0695094 0.0915532 0.0762961 0.0705084 0.0748457 0.0728602 0.0666375 0.0734106 0.1178483 0.0747833 0.0000000 0.1311457 0.1199574 0.0891053 0.1055011 0.0735343 0.1123045 0.0769045 0.0658750 0.0667460 0.0820189 0.0446733 0.0891188 0.0805133 0.0877371 
Dasyuridae_Sarcophilus_harrisii              0.1209407 0.1278377 0.0280105 0.0238987 0.0267615 0.2082811 0.0396208 0.1230477 0.1212078 0.0262100 0.1126051 0.1361504 0.1313606 0.1191363 0.1237789 0.1273916 0.1138021 0.1218444 0.0389188 0.1230676 0.1311457 0.0000000 0.0604935 0.1241341 0.1516257 0.1273626 0.1214475 0.1214608 0.1348293 0.1269266 0.1434619 0.1346767 0.1259330 0.1160460 0.1177247 
Dasyuridae_Planigale_tenuirostris            0.1317441 0.1184254 0.0489844 0.0524420 0.0570290 0.1979103 0.0438765 0.1099294 0.1186544 0.0462047 0.1076781 0.1322185 0.1252160 0.1125615 0.1161166 0.1185103 0.1057803 0.1033853 0.0412316 0.1120283 0.1199574 0.0604935 0.0000000 0.1179368 0.1508507 0.1198525 0.1188019 0.1150994 0.1284530 0.1231648 0.1377737 0.1256939 0.1286616 0.1127308 0.1154766 
Peramelidae_Echymipera_kalubu                0.1093196 0.0850677 0.1370992 0.1128496 0.1164692 0.1913684 0.1230025 0.0921469 0.0847857 0.1359374 0.0759600 0.0937972 0.0887118 0.0851611 0.0911234 0.0839001 0.0156543 0.0900994 0.1131737 0.0903734 0.0891053 0.1241341 0.1179368 0.0000000 0.1125715 0.0997601 0.1096416 0.0834816 0.0956166 0.0919344 0.1083268 0.0896746 0.0990478 0.0150221 0.0174561 
Macropodidae_Dorcopsulus_vanheurni           0.1413976 0.0558038 0.1708534 0.1422443 0.1459350 0.2248062 0.1560316 0.1219148 0.0420653 0.1697905 0.0912115 0.1211864 0.0566345 0.0926728 0.0986139 0.0553313 0.1082244 0.0988383 0.1404937 0.0979170 0.1055011 0.1516257 0.1508507 0.1125715 0.0000000 0.1089062 0.1360470 0.0684480 0.0993521 0.1002449 0.1207756 0.1064515 0.1103872 0.1059929 0.1102769 
Pseudochiridae_Pseudochirulus_forbesi        0.1067377 0.0828343 0.1494561 0.1206492 0.1244164 0.1999497 0.1344641 0.1029548 0.0809065 0.1457055 0.0697134 0.0951935 0.0851548 0.0683807 0.0798753 0.0809920 0.0789004 0.0809150 0.1193553 0.0793664 0.0735343 0.1273626 0.1198525 0.0997601 0.1089062 0.0000000 0.1154921 0.0877334 0.0524921 0.0286364 0.0818780 0.0745038 0.0897208 0.0920012 0.0981737 
Marmosidae_Monodelphis_domestica             0.1162681 0.1029091 0.1193214 0.1135768 0.1188751 0.0438051 0.1114817 0.1095651 0.1074769 0.1202992 0.0984505 0.1120707 0.1065091 0.1033020 0.1062111 0.1028921 0.0874257 0.1078295 0.1154453 0.1048714 0.1123045 0.1214475 0.1188019 0.1096416 0.1360470 0.1154921 0.0000000 0.1091244 0.1028886 0.1087085 0.1133412 0.1234178 0.1088410 0.1011830 0.1062021 
Hypsiprymnodontidae_Hypsiprymnodon_moschatus 0.1073463 0.0413479 0.1389356 0.1114146 0.1149822 0.1960348 0.1256883 0.0946854 0.0448383 0.1364226 0.0645970 0.0930267 0.0456118 0.0655615 0.0737975 0.0407509 0.0771218 0.0737039 0.1124147 0.0722844 0.0769045 0.1214608 0.1150994 0.0834816 0.0684480 0.0877334 0.1091244 0.0000000 0.0768488 0.0820329 0.0926061 0.0790949 0.0813385 0.0824625 0.0849423 
Pseudochiridae_Petauroides_volans            0.1001715 0.0732033 0.1562964 0.1264272 0.1276527 0.2024280 0.1368987 0.1035257 0.0700192 0.1523598 0.0637530 0.0959980 0.0768561 0.0676300 0.0760594 0.0706389 0.0710864 0.0786806 0.1217379 0.0752720 0.0658750 0.1348293 0.1284530 0.0956166 0.0993521 0.0524921 0.1028886 0.0768488 0.0000000 0.0404937 0.0679588 0.0668158 0.0867789 0.0843265 0.0940451 
Pseudochiridae_Pseudocheirus_occidentalis    0.0964128 0.0750974 0.1492762 0.1190140 0.1220519 0.1868853 0.1297254 0.1000405 0.0712116 0.1453019 0.0629967 0.0889943 0.0782020 0.0638014 0.0718550 0.0738897 0.0697874 0.0728484 0.1141149 0.0729450 0.0667460 0.1269266 0.1231648 0.0919344 0.1002449 0.0286364 0.1087085 0.0820329 0.0404937 0.0000000 0.0720769 0.0687013 0.0826783 0.0814140 0.0887682 
Tarsipedidae_Tarsipes_rostratus              0.1134643 0.0885190 0.1619501 0.1379441 0.1419612 0.2118472 0.1456632 0.1069384 0.0856159 0.1592970 0.0790979 0.1116595 0.0932926 0.0866245 0.0921339 0.0874054 0.0868230 0.0912778 0.1295739 0.0908311 0.0820189 0.1434619 0.1377737 0.1083268 0.1207756 0.0818780 0.1133412 0.0926061 0.0679588 0.0720769 0.0000000 0.0897269 0.1055323 0.1026180 0.1100218 
Acrobatidae_Distoechurus_pennatus            0.1104905 0.0811439 0.1560195 0.1215570 0.1268790 0.2088602 0.1376096 0.1040293 0.0793972 0.1529637 0.0731473 0.0996326 0.0821417 0.0685364 0.0760548 0.0791966 0.0682419 0.0797672 0.1183983 0.0787984 0.0446733 0.1346767 0.1256939 0.0896746 0.1064515 0.0745038 0.1234178 0.0790949 0.0668158 0.0687013 0.0897269 0.0000000 0.0907993 0.0817120 0.0883173 
Phalangeridae_Phalanger_carmelitae           0.1102037 0.0814080 0.1403442 0.1131559 0.1186514 0.1501452 0.1253918 0.1039227 0.0832335 0.1392363 0.0736559 0.1042889 0.0843083 0.0359348 0.0259764 0.0797308 0.0789935 0.0296466 0.1146672 0.0171546 0.0891188 0.1259330 0.1286616 0.0990478 0.1103872 0.0897208 0.1088410 0.0813385 0.0867789 0.0826783 0.1055323 0.0907993 0.0000000 0.0928508 0.1000513 
Peramelidae_Peroryctes_raffrayana            0.0983833 0.0791718 0.1311372 0.1039687 0.1071988 0.1929351 0.1153793 0.0859831 0.0738253 0.1336321 0.0674399 0.0882677 0.0833716 0.0734553 0.0840422 0.0761568 0.0084315 0.0803441 0.1032366 0.0819692 0.0805133 0.1160460 0.1127308 0.0150221 0.1059929 0.0920012 0.1011830 0.0824625 0.0843265 0.0814140 0.1026180 0.0817120 0.0928508 0.0000000 0.0124499 
Peramelidae_Perameles_gunnii                 0.1057923 0.0850307 0.1304380 0.1059288 0.1094979 0.1890130 0.1173246 0.0907467 0.0826045 0.1309615 0.0774063 0.0955612 0.0886731 0.0865282 0.0917974 0.0838635 0.0006873 0.0908001 0.1069442 0.0917561 0.0877371 0.1177247 0.1154766 0.0174561 0.1102769 0.0981737 0.1062021 0.0849423 0.0940451 0.0887682 0.1100218 0.0883173 0.1000513 0.0124499 0.0000000 
