37
Burramyidae_Burramys_parvus                  0.0000000 0.0814097 0.0618741 0.0774286 0.0838364 0.0960715 0.0510431 0.0551580 0.0835545 0.0908364 0.1904207 0.0488578 0.0873096 0.0888217 0.0581804 0.0600682 0.0872798 0.0905610 0.0843963 0.0898139 0.0729578 0.0731810 0.1059493 0.0878875 0.0721747 0.0780306 0.0650140 0.0694901 0.0696199 0.0697593 0.0647532 0.1904207 0.0586426 0.0935984 0.0952991 0.0887462 0.0671672 
Notoryctidae_Notoryctes_typhlops             0.0814097 0.0000000 0.0839655 0.1010186 0.1010890 0.1024879 0.0874191 0.0914667 0.0999239 0.1070030 0.2070865 0.0848148 0.0985015 0.0956064 0.0900526 0.0905166 0.1005196 0.1054564 0.0966472 0.1038364 0.0978728 0.0963151 0.1238288 0.1003690 0.1020648 0.0930651 0.0988900 0.0948107 0.0934810 0.1016548 0.0912898 0.2070865 0.0911486 0.1066353 0.1006584 0.1052271 0.0722758 
Vombatidae_Lasiorhinus_latifrons             0.0618741 0.0839655 0.0000000 0.0735920 0.0825169 0.0852908 0.0588696 0.0606902 0.0801949 0.0884314 0.1805553 0.0539136 0.0776081 0.0809931 0.0616831 0.0643861 0.0798139 0.0828726 0.0746453 0.0904232 0.0760220 0.0710244 0.1059713 0.0806149 0.0699388 0.0756390 0.0662446 0.0667095 0.0691603 0.0688154 0.0699098 0.1805553 0.0631838 0.0912155 0.0837534 0.0870404 0.0709261 
Potoroidae_Bettongia_penicillata             0.0774286 0.1010186 0.0735920 0.0000000 0.0169148 0.0991564 0.0751079 0.0799353 0.0244697 0.1065941 0.2051288 0.0749401 0.0946923 0.0938811 0.0795181 0.0796592 0.0948718 0.0975264 0.0901181 0.1062666 0.0334927 0.0860454 0.1251468 0.0930277 0.0437943 0.0889405 0.0840832 0.0239050 0.0824507 0.0887900 0.0804890 0.2051288 0.0809847 0.1059610 0.0983149 0.1051462 0.0863572 
Potoroidae_Bettongia_lesueur                 0.0838364 0.1010890 0.0825169 0.0169148 0.0000000 0.1081576 0.0808232 0.0850534 0.0166065 0.1154401 0.2048608 0.0745083 0.1010645 0.1009883 0.0849664 0.0877376 0.0937159 0.0970651 0.0905229 0.1158524 0.0278895 0.0926887 0.1307694 0.0918735 0.0534882 0.0941750 0.0907510 0.0312439 0.0884156 0.0909800 0.0881536 0.2048608 0.0871506 0.1166840 0.1073410 0.1139506 0.0910780 
Dasyuridae_Dasyurus_maculatus                0.0960715 0.1024879 0.0852908 0.0991564 0.1081576 0.0000000 0.0917664 0.0891206 0.1066972 0.1038749 0.1287323 0.0833456 0.0216480 0.0371079 0.0873401 0.0936375 0.0231854 0.0153705 0.0373468 0.1066375 0.1043355 0.1058115 0.1301106 0.0246506 0.0997905 0.0954391 0.0986892 0.0938054 0.1028753 0.1038509 0.0999721 0.1287323 0.0881175 0.1078833 0.0084451 0.1014306 0.0791013 
Phalangeridae_Trichosurus_vulpecula          0.0510431 0.0874191 0.0588696 0.0751079 0.0808232 0.0917664 0.0000000 0.0221750 0.0777363 0.0891798 0.1839762 0.0200460 0.0853038 0.0858848 0.0243860 0.0598220 0.0879859 0.0900994 0.0827942 0.0907620 0.0754627 0.0692205 0.1079485 0.0881680 0.0699857 0.0738823 0.0643302 0.0647004 0.0666389 0.0643047 0.0646948 0.1839762 0.0239819 0.0907197 0.0898902 0.0864538 0.0712508 
Phalangeridae_Spilocuscus_maculatus          0.0551580 0.0914667 0.0606902 0.0799353 0.0850534 0.0891206 0.0221750 0.0000000 0.0819277 0.0918716 0.1904688 0.0105828 0.0839919 0.0887165 0.0146516 0.0622714 0.0854867 0.0895016 0.0820925 0.0939072 0.0786200 0.0718850 0.1095401 0.0863367 0.0722426 0.0773564 0.0675641 0.0687170 0.0689304 0.0666544 0.0665571 0.1904688 0.0146032 0.0932154 0.0879051 0.0894406 0.0696867 
Potoroidae_Aepyprymnus_rufescens             0.0835545 0.0999239 0.0801949 0.0244697 0.0166065 0.1066972 0.0777363 0.0819277 0.0000000 0.1133458 0.2153083 0.0723263 0.1015312 0.1018428 0.0814920 0.0848655 0.0961359 0.0990738 0.0923710 0.1130302 0.0291838 0.0938991 0.1277271 0.0931231 0.0528758 0.0917903 0.0878994 0.0331792 0.0894983 0.0900930 0.0842868 0.2153083 0.0836797 0.1134178 0.1059166 0.1118630 0.0883244 
Peramelidae_Perameles_nasuta                 0.0908364 0.1070030 0.0884314 0.1065941 0.1154401 0.1038749 0.0891798 0.0918716 0.1133458 0.0000000 0.2372339 0.0883399 0.1031701 0.1073794 0.0941729 0.0964316 0.1045368 0.1061504 0.1023648 0.0190716 0.1097170 0.1033030 0.1308972 0.1056005 0.1019020 0.0954070 0.0976560 0.0999466 0.1029633 0.1056764 0.0995306 0.2372339 0.0956658 0.0206457 0.1052846 0.0039024 0.0763227 
Myrmecobiidae_Myrmecobius_fasciatus1         0.1904207 0.2070865 0.1805553 0.2051288 0.2048608 0.1287323 0.1839762 0.1904688 0.2153083 0.2372339 0.0000000 0.1843607 0.1154625 0.1071216 0.1884997 0.1893564 0.1236908 0.1318851 0.1099534 0.2570775 0.1951000 0.2156861 0.2764104 0.1154762 0.2067995 0.1863028 0.1939554 0.1877081 0.1952566 0.2307875 0.1917258 0.0000010 0.1945471 0.2651176 0.1271384 0.2356983 9.0000000 
Phalangeridae_Strigocuscus_pelengensis       0.0488578 0.0848148 0.0539136 0.0749401 0.0745083 0.0833456 0.0200460 0.0105828 0.0723263 0.0883399 0.1843607 0.0000000 0.0798438 0.0839593 0.0132368 0.0544445 0.0823070 0.0871041 0.0775015 0.0893449 0.0688687 0.0649664 0.1071089 0.0842731 0.0692642 0.0737715 0.0604459 0.0647975 0.0616579 0.0626045 0.0612830 0.1843607 0.0132326 0.0897639 0.0818502 0.0856673 0.0563481 
Dasyuridae_Phascogale_tapoatafa              0.0873096 0.0985015 0.0776081 0.0946923 0.1010645 0.0216480 0.0853038 0.0839919 0.1015312 0.1031701 0.1154625 0.0798438 0.0000000 0.0316248 0.0829018 0.0871194 0.0045231 0.0221651 0.0294287 0.1056742 0.0965102 0.1029128 0.1222029 0.0117799 0.0953514 0.0936747 0.0931137 0.0870084 0.0964630 0.0996120 0.0952410 0.1154625 0.0848914 0.1072571 0.0213095 0.1006356 0.0709665 
Dasyuridae_Sminthopsis_macroura              0.0888217 0.0956064 0.0809931 0.0938811 0.1009883 0.0371079 0.0858848 0.0887165 0.1018428 0.1073794 0.1071216 0.0839593 0.0316248 0.0000000 0.0863545 0.0912493 0.0341108 0.0396764 0.0243412 0.1069364 0.0972097 0.1015901 0.1273535 0.0356407 0.0956797 0.0934202 0.0930580 0.0875095 0.0997103 0.1021679 0.0969854 0.1071216 0.0887629 0.1090471 0.0370896 0.1052425 0.0802238 
Phalangeridae_Phalanger_orientalis           0.0581804 0.0900526 0.0616831 0.0795181 0.0849664 0.0873401 0.0243860 0.0146516 0.0814920 0.0941729 0.1884997 0.0132368 0.0829018 0.0863545 0.0000000 0.0615953 0.0847508 0.0880004 0.0801695 0.0965562 0.0792447 0.0728879 0.1129915 0.0860249 0.0722180 0.0785671 0.0672234 0.0704181 0.0709694 0.0700754 0.0686817 0.1884997 0.0041969 0.0962787 0.0865555 0.0917864 0.0694484 
Acrobatidae_Acrobates_pygmaeus               0.0600682 0.0905166 0.0643861 0.0796592 0.0877376 0.0936375 0.0598220 0.0622714 0.0848655 0.0964316 0.1893564 0.0544445 0.0871194 0.0912493 0.0615953 0.0000000 0.0857065 0.0928019 0.0839256 0.0989284 0.0818964 0.0667207 0.1108625 0.0909100 0.0792074 0.0833337 0.0601910 0.0739238 0.0645208 0.0682989 0.0433578 0.1893564 0.0624214 0.0989668 0.0952133 0.0954103 0.0707246 
Dasyuridae_Phascogale_calura                 0.0872798 0.1005196 0.0798139 0.0948718 0.0937159 0.0231854 0.0879859 0.0854867 0.0961359 0.1045368 0.1236908 0.0823070 0.0045231 0.0341108 0.0847508 0.0857065 0.0000000 0.0242026 0.0319122 0.1076711 0.0918779 0.0997188 0.1209016 0.0131053 0.0968011 0.0935376 0.0916894 0.0872083 0.0938192 0.0999921 0.0934163 0.1236908 0.0868782 0.1090604 0.0231797 0.1017546 0.0618871 
Dasyuridae_Sarcophilus_harrisii              0.0905610 0.1054564 0.0828726 0.0975264 0.0970651 0.0153705 0.0900994 0.0895016 0.0990738 0.1061504 0.1318851 0.0871041 0.0221651 0.0396764 0.0880004 0.0928019 0.0242026 0.0000000 0.0388440 0.1097364 0.0948090 0.1031983 0.1296365 0.0256746 0.0987181 0.0965817 0.0975428 0.0906682 0.0950181 0.1040704 0.0989326 0.1318851 0.0901049 0.1108519 0.0150393 0.1037576 0.0656755 
Dasyuridae_Planigale_tenuirostris            0.0843963 0.0966472 0.0746453 0.0901181 0.0905229 0.0373468 0.0827942 0.0820925 0.0923710 0.1023648 0.1099534 0.0775015 0.0294287 0.0243412 0.0801695 0.0839256 0.0319122 0.0388440 0.0000000 0.1048102 0.0880973 0.0931031 0.1206963 0.0356835 0.0943259 0.0915585 0.0866715 0.0848271 0.0896555 0.0996758 0.0913891 0.1099534 0.0828769 0.1058268 0.0359319 0.0996187 0.0658663 
Peramelidae_Echymipera_kalubu                0.0898139 0.1038364 0.0904232 0.1062666 0.1158524 0.1066375 0.0907620 0.0939072 0.1130302 0.0190716 0.2570775 0.0893449 0.1056742 0.1069364 0.0965562 0.0989284 0.1076711 0.1097364 0.1048102 0.0000000 0.1097967 0.1033646 0.1358641 0.1079809 0.1005762 0.0970322 0.1009252 0.1008465 0.1042324 0.1071163 0.1003699 0.2570775 0.0961218 0.0158896 0.1072606 0.0187157 0.0771942 
Macropodidae_Dorcopsulus_vanheurni           0.0729578 0.0978728 0.0760220 0.0334927 0.0278895 0.1043355 0.0754627 0.0786200 0.0291838 0.1097170 0.1951000 0.0688687 0.0965102 0.0972097 0.0792447 0.0818964 0.0918779 0.0948090 0.0880973 0.1097967 0.0000000 0.0908124 0.1233585 0.0888789 0.0517475 0.0896771 0.0854276 0.0204687 0.0857158 0.0889851 0.0835523 0.1951000 0.0814684 0.1101561 0.1035238 0.1082897 0.0854844 
Pseudochiridae_Pseudochirulus_forbesi        0.0731810 0.0963151 0.0710244 0.0860454 0.0926887 0.1058115 0.0692205 0.0718850 0.0938991 0.1033030 0.2156861 0.0649664 0.1029128 0.1015901 0.0728879 0.0667207 0.0997188 0.1031983 0.0931031 0.1033646 0.0908124 0.0000000 0.1167299 0.1014658 0.0843092 0.0898258 0.0372355 0.0808785 0.0259579 0.0624333 0.0710826 0.2156861 0.0729936 0.1053742 0.1051799 0.1015035 0.0826477 
Didelphidae_Didelphis_virginiana             0.1059493 0.1238288 0.1059713 0.1251468 0.1307694 0.1301106 0.1079485 0.1095401 0.1277271 0.1308972 0.2764104 0.1071089 0.1222029 0.1273535 0.1129915 0.1108625 0.1209016 0.1296365 0.1206963 0.1358641 0.1233585 0.1167299 0.0000000 0.1216447 0.1189053 0.1140945 0.1113999 0.1166318 0.1165915 0.1255269 0.1166582 0.2764104 0.1132635 0.1361053 0.1310945 0.1309670 0.0221069 
Dasyuridae_Antechinus_stuartii               0.0878875 0.1003690 0.0806149 0.0930277 0.0918735 0.0246506 0.0881680 0.0863367 0.0931231 0.1056005 0.1154762 0.0842731 0.0117799 0.0356407 0.0860249 0.0909100 0.0131053 0.0256746 0.0356835 0.1079809 0.0888789 0.1014658 0.1216447 0.0000000 0.0960812 0.0959304 0.0942481 0.0850580 0.0940672 0.0999719 0.0970104 0.1154762 0.0881641 0.1104096 0.0239556 0.1028055 0.0638273 
Hypsiprymnodontidae_Hypsiprymnodon_moschatus 0.0721747 0.1020648 0.0699388 0.0437943 0.0534882 0.0997905 0.0699857 0.0722426 0.0528758 0.1019020 0.2067995 0.0692642 0.0953514 0.0956797 0.0722180 0.0792074 0.0968011 0.0987181 0.0943259 0.1005762 0.0517475 0.0843092 0.1189053 0.0960812 0.0000000 0.0849179 0.0769782 0.0409719 0.0788595 0.0850400 0.0814559 0.2067995 0.0729524 0.1010185 0.0989481 0.1004779 0.0781883 
Microbiotheriidae_Dromiciops_gliroides       0.0780306 0.0930651 0.0756390 0.0889405 0.0941750 0.0954391 0.0738823 0.0773564 0.0917903 0.0954070 0.1863028 0.0737715 0.0936747 0.0934202 0.0785671 0.0833337 0.0935376 0.0965817 0.0915585 0.0970322 0.0896771 0.0898258 0.1140945 0.0959304 0.0849179 0.0000000 0.0838699 0.0812797 0.0878856 0.0925196 0.0839981 0.1863028 0.0791757 0.0961702 0.0953004 0.0947075 0.0759860 
Pseudochiridae_Petauroides_volans            0.0650140 0.0988900 0.0662446 0.0840832 0.0907510 0.0986892 0.0643302 0.0675641 0.0878994 0.0976560 0.1939554 0.0604459 0.0931137 0.0930580 0.0672234 0.0601910 0.0916894 0.0975428 0.0866715 0.1009252 0.0854276 0.0372355 0.1113999 0.0942481 0.0769782 0.0838699 0.0000000 0.0755410 0.0324177 0.0598326 0.0637647 0.1939554 0.0673470 0.1014967 0.0983295 0.0961797 0.0757852 
Macropodidae_Wallabia_bicolor                0.0694901 0.0948107 0.0667095 0.0239050 0.0312439 0.0938054 0.0647004 0.0687170 0.0331792 0.0999466 0.1877081 0.0647975 0.0870084 0.0875095 0.0704181 0.0739238 0.0872083 0.0906682 0.0848271 0.1008465 0.0204687 0.0808785 0.1166318 0.0850580 0.0409719 0.0812797 0.0755410 0.0000000 0.0763403 0.0814412 0.0762149 0.1877081 0.0722251 0.0996481 0.0922385 0.0990009 0.0821042 
Pseudochiridae_Pseudocheirus_occidentalis    0.0696199 0.0934810 0.0691603 0.0824507 0.0884156 0.1028753 0.0666389 0.0689304 0.0894983 0.1029633 0.1952566 0.0616579 0.0964630 0.0997103 0.0709694 0.0645208 0.0938192 0.0950181 0.0896555 0.1042324 0.0857158 0.0259579 0.1165915 0.0940672 0.0788595 0.0878856 0.0324177 0.0763403 0.0000000 0.0598188 0.0680610 0.1952566 0.0714249 0.1055888 0.1022406 0.1011591 0.0853688 
Tarsipedidae_Tarsipes_rostratus              0.0697593 0.1016548 0.0688154 0.0887900 0.0909800 0.1038509 0.0643047 0.0666544 0.0900930 0.1056764 0.2307875 0.0626045 0.0996120 0.1021679 0.0700754 0.0682989 0.0999921 0.1040704 0.0996758 0.1071163 0.0889851 0.0624333 0.1255269 0.0999719 0.0850400 0.0925196 0.0598326 0.0814412 0.0598188 0.0000000 0.0739222 0.2307875 0.0696166 0.1058953 0.1036205 0.1037923 0.0795371 
Acrobatidae_Distoechurus_pennatus            0.0647532 0.0912898 0.0699098 0.0804890 0.0881536 0.0999721 0.0646948 0.0665571 0.0842868 0.0995306 0.1917258 0.0612830 0.0952410 0.0969854 0.0686817 0.0433578 0.0934163 0.0989326 0.0913891 0.1003699 0.0835523 0.0710826 0.1166582 0.0970104 0.0814559 0.0839981 0.0637647 0.0762149 0.0680610 0.0739222 0.0000000 0.1917258 0.0687724 0.1000546 0.1010210 0.0988194 0.0786065 
Myrmecobiidae_Myrmecobius_fasciatus2         0.1904207 0.2070865 0.1805553 0.2051288 0.2048608 0.1287323 0.1839762 0.1904688 0.2153083 0.2372339 0.0000010 0.1843607 0.1154625 0.1071216 0.1884997 0.1893564 0.1236908 0.1318851 0.1099534 0.2570775 0.1951000 0.2156861 0.2764104 0.1154762 0.2067995 0.1863028 0.1939554 0.1877081 0.1952566 0.2307875 0.1917258 0.0000000 0.1945471 0.2651176 0.1271384 0.2356983 9.0000000 
Phalangeridae_Phalanger_carmelitae           0.0586426 0.0911486 0.0631838 0.0809847 0.0871506 0.0881175 0.0239819 0.0146032 0.0836797 0.0956658 0.1945471 0.0132326 0.0848914 0.0887629 0.0041969 0.0624214 0.0868782 0.0901049 0.0828769 0.0961218 0.0814684 0.0729936 0.1132635 0.0881641 0.0729524 0.0791757 0.0673470 0.0722251 0.0714249 0.0696166 0.0687724 0.1945471 0.0000000 0.0958836 0.0876354 0.0932805 0.0712182 
Peramelidae_Peroryctes_raffrayana            0.0935984 0.1066353 0.0912155 0.1059610 0.1166840 0.1078833 0.0907197 0.0932154 0.1134178 0.0206457 0.2651176 0.0897639 0.1072571 0.1090471 0.0962787 0.0989668 0.1090604 0.1108519 0.1058268 0.0158896 0.1101561 0.1053742 0.1361053 0.1104096 0.1010185 0.0961702 0.1014967 0.0996481 0.1055888 0.1058953 0.1000546 0.2651176 0.0958836 0.0000000 0.1081408 0.0196412 0.0775462 
Dasyuridae_Dasyurus_geffroii                 0.0952991 0.1006584 0.0837534 0.0983149 0.1073410 0.0084451 0.0898902 0.0879051 0.1059166 0.1052846 0.1271384 0.0818502 0.0213095 0.0370896 0.0865555 0.0952133 0.0231797 0.0150393 0.0359319 0.1072606 0.1035238 0.1051799 0.1310945 0.0239556 0.0989481 0.0953004 0.0983295 0.0922385 0.1022406 0.1036205 0.1010210 0.1271384 0.0876354 0.1081408 0.0000000 0.1028360 0.0818564 
Peramelidae_Perameles_gunnii                 0.0887462 0.1052271 0.0870404 0.1051462 0.1139506 0.1014306 0.0864538 0.0894406 0.1118630 0.0039024 0.2356983 0.0856673 0.1006356 0.1052425 0.0917864 0.0954103 0.1017546 0.1037576 0.0996187 0.0187157 0.1082897 0.1015035 0.1309670 0.1028055 0.1004779 0.0947075 0.0961797 0.0990009 0.1011591 0.1037923 0.0988194 0.2356983 0.0932805 0.0196412 0.1028360 0.0000000 0.0760732 
Marmosidae_Monodelphis_domestica             0.0671672 0.0722758 0.0709261 0.0863572 0.0910780 0.0791013 0.0712508 0.0696867 0.0883244 0.0763227 9.0000000 0.0563481 0.0709665 0.0802238 0.0694484 0.0707246 0.0618871 0.0656755 0.0658663 0.0771942 0.0854844 0.0826477 0.0221069 0.0638273 0.0781883 0.0759860 0.0757852 0.0821042 0.0853688 0.0795371 0.0786065 9.0000000 0.0712182 0.0775462 0.0818564 0.0760732 0.0000000 
