37
Burramyidae_Burramys_parvus                  0.0000000 0.0893210 0.0419744 0.0513811 0.0579989 0.0713358 0.0438280 0.0491766 0.0513907 0.0884054 0.0660345 0.0408864 0.0702931 0.0730708 0.0465965 0.0480409 0.0692697 0.0694020 0.0711098 0.0933114 0.0531821 0.0585759 0.0883319 0.0956571 0.0760698 0.0542887 0.0641898 0.0487520 0.0497894 0.0649255 0.0645970 0.0538968 0.0660345 0.0463433 0.0914570 0.0702468 0.0904620 
Notoryctidae_Notoryctes_typhlops             0.0893210 0.0000000 0.0829455 0.1056857 0.0990228 0.0870350 0.0931491 0.0998026 0.1028798 0.1198071 0.1364938 0.0908357 0.0939263 0.0881714 0.0990588 0.1014467 0.1075990 0.0856866 0.0916784 0.1238849 0.1104444 0.0975779 0.1154682 0.1299339 0.1006344 0.1104910 0.1003991 0.0963862 0.0950163 0.1704781 0.1211451 0.1049689 0.1364938 0.0966903 0.1225188 0.0894247 0.1208536 
Vombatidae_Lasiorhinus_latifrons             0.0419744 0.0829455 0.0000000 0.0537436 0.0603437 0.0698866 0.0481498 0.0544635 0.0528175 0.0842722 0.0681348 0.0453981 0.0666892 0.0675494 0.0500302 0.0486287 0.0647616 0.0687862 0.0708963 0.0865506 0.0574360 0.0582734 0.0957433 0.0982475 0.0743015 0.0612625 0.0606260 0.0512799 0.0548816 0.0684283 0.0678043 0.0554213 0.0681348 0.0479397 0.0871160 0.0669219 0.0849516 
Potoroidae_Bettongia_penicillata             0.0513811 0.1056857 0.0537436 0.0000000 0.0074532 0.0852308 0.0528103 0.0609092 0.0107807 0.0972491 0.0804353 0.0557353 0.0826994 0.0797927 0.0564003 0.0602193 0.0825521 0.0821853 0.0777539 0.1051455 0.0228350 0.0646822 0.1057505 0.1171012 0.0869630 0.0443182 0.0718007 0.0598445 0.0203316 0.0771506 0.0733975 0.0690114 0.0804353 0.0542235 0.1024385 0.0803263 0.0995900 
Potoroidae_Bettongia_lesueur                 0.0579989 0.0990228 0.0603437 0.0074532 0.0000000 0.0741194 0.0583216 0.0636200 0.0158362 0.1040962 0.0855327 0.0574842 0.0749725 0.0845904 0.0591449 0.0685669 0.0754470 0.0880203 0.0832696 0.1090964 0.0307195 0.0712731 0.0964174 0.1210856 0.0744341 0.0470449 0.0700063 0.0636378 0.0201126 0.0527334 0.0813807 0.0756141 0.0855327 0.0568537 0.1073388 0.0731150 0.1064295 
Dasyuridae_Dasyurus_maculatus                0.0713358 0.0870350 0.0698866 0.0852308 0.0741194 0.0000000 0.0747206 0.0823967 0.0804571 0.0999929 0.0418600 0.0774520 0.0186160 0.0210241 0.0764157 0.0807675 0.0181774 0.0082752 0.0237282 0.1025675 0.0864302 0.0830305 0.0884092 0.1088804 0.0188278 0.0942869 0.0670496 0.0796048 0.0680710 0.0673005 0.0988394 0.0899842 0.0418600 0.0777174 0.1057925 0.0052620 0.1012829 
Phalangeridae_Trichosurus_vulpecula          0.0438280 0.0931491 0.0481498 0.0528103 0.0583216 0.0747206 0.0000000 0.0194435 0.0528725 0.0900871 0.0534681 0.0181297 0.0774119 0.0782741 0.0160654 0.0525147 0.0763783 0.0766444 0.0722992 0.0921752 0.0557567 0.0553587 0.0992876 0.1065717 0.0824588 0.0565079 0.0720597 0.0483801 0.0540699 0.0674863 0.0658311 0.0593401 0.0534681 0.0185031 0.0941178 0.0755701 0.0907844 
Phalangeridae_Spilocuscus_maculatus          0.0491766 0.0998026 0.0544635 0.0609092 0.0636200 0.0823967 0.0194435 0.0000000 0.0600392 0.0939892 0.0648973 0.0093515 0.0837569 0.0846146 0.0142933 0.0569259 0.0827122 0.0851520 0.0789602 0.0999388 0.0628337 0.0596075 0.0998283 0.1081824 0.0897985 0.0608778 0.0798260 0.0528861 0.0603490 0.0709969 0.0702987 0.0619206 0.0648973 0.0141912 0.0995704 0.0832448 0.0952365 
Potoroidae_Aepyprymnus_rufescens             0.0513907 0.1028798 0.0528175 0.0107807 0.0158362 0.0804571 0.0528725 0.0600392 0.0000000 0.0991566 0.0715685 0.0519293 0.0778999 0.0788635 0.0555161 0.0602478 0.0760087 0.0773626 0.0746804 0.1043280 0.0271075 0.0634725 0.1016159 0.1110499 0.0819874 0.0416033 0.0757985 0.0606875 0.0245858 0.0742776 0.0782016 0.0653416 0.0715685 0.0533103 0.1002508 0.0775008 0.1014707 
Peramelidae_Perameles_nasuta                 0.0884054 0.1198071 0.0842722 0.0972491 0.1040962 0.0999929 0.0900871 0.0939892 0.0991566 0.0000000 0.2142775 0.0928577 0.1004941 0.1013708 0.0903038 0.0920472 0.1023795 0.0988202 0.1052563 0.0240780 0.0982201 0.0954662 0.1069300 0.1154499 0.1065986 0.1081837 0.0892141 0.0878372 0.0954005 0.1157534 0.1135884 0.0968399 0.2142775 0.0876955 0.0248237 0.0968696 0.0016753 
Myrmecobiidae_Myrmecobius_fasciatus1         0.0660345 0.1364938 0.0681348 0.0804353 0.0855327 0.0418600 0.0534681 0.0648973 0.0715685 0.2142775 0.0000000 0.0646662 0.0337534 0.0337534 0.0718493 0.1060821 0.0298614 0.0416650 0.0308816 0.2164160 0.0714384 0.0841840 0.1436719 0.2250341 0.0432571 0.0924731 0.0814292 0.0764927 0.0712247 0.0661327 0.0699878 0.0874477 0.0000010 0.0667531 0.2324363 0.0458824 0.2140745 
Phalangeridae_Strigocuscus_pelengensis       0.0408864 0.0908357 0.0453981 0.0557353 0.0574842 0.0774520 0.0181297 0.0093515 0.0519293 0.0928577 0.0646662 0.0000000 0.0769191 0.0787493 0.0128436 0.0480153 0.0759426 0.0782959 0.0752651 0.0970783 0.0566960 0.0573468 0.0968986 0.1047904 0.0819526 0.0536425 0.0735953 0.0483970 0.0556846 0.0714704 0.0666645 0.0501236 0.0646662 0.0119259 0.0956656 0.0783978 0.0930954 
Dasyuridae_Phascogale_tapoatafa              0.0702931 0.0939263 0.0666892 0.0826994 0.0749725 0.0186160 0.0774119 0.0837569 0.0778999 0.1004941 0.0337534 0.0769191 0.0000000 0.0158798 0.0778131 0.0775032 0.0036238 0.0150603 0.0208389 0.1071513 0.0857251 0.0844744 0.0900364 0.1073160 0.0119493 0.0925643 0.0690132 0.0804669 0.0703021 0.0720188 0.0982545 0.0866123 0.0337534 0.0790982 0.1084113 0.0205913 0.1036488 
Dasyuridae_Sminthopsis_macroura              0.0730708 0.0881714 0.0675494 0.0797927 0.0845904 0.0210241 0.0782741 0.0846146 0.0788635 0.1013708 0.0337534 0.0787493 0.0158798 0.0000000 0.0786771 0.0783566 0.0175595 0.0210214 0.0217978 0.1111318 0.0867020 0.0853299 0.0995174 0.1103178 0.0221074 0.0944993 0.0709336 0.0813497 0.0831023 0.1043153 0.1001467 0.0874697 0.0337534 0.0780525 0.1092771 0.0193112 0.1034891 
Phalangeridae_Phalanger_orientalis           0.0465965 0.0990588 0.0500302 0.0564003 0.0591449 0.0764157 0.0160654 0.0142933 0.0555161 0.0903038 0.0718493 0.0128436 0.0778131 0.0786771 0.0000000 0.0579808 0.0768507 0.0791746 0.0740187 0.0940014 0.0584663 0.0580302 0.0982638 0.1067257 0.0826346 0.0592158 0.0736939 0.0532501 0.0557620 0.0698659 0.0714496 0.0639502 0.0718493 0.0083125 0.0940148 0.0773459 0.0905069 
Acrobatidae_Acrobates_pygmaeus               0.0480409 0.1014467 0.0486287 0.0602193 0.0685669 0.0807675 0.0525147 0.0569259 0.0602478 0.0920472 0.1060821 0.0480153 0.0775032 0.0783566 0.0579808 0.0000000 0.0783929 0.0787242 0.0742472 0.0979894 0.0640057 0.0610097 0.0997437 0.1010856 0.0834652 0.0602278 0.0721820 0.0479263 0.0596551 0.0674356 0.0640687 0.0296257 0.1060821 0.0530177 0.0969561 0.0769216 0.0942057 
Dasyuridae_Phascogale_calura                 0.0692697 0.1075990 0.0647616 0.0825521 0.0754470 0.0181774 0.0763783 0.0827122 0.0760087 0.1023795 0.0298614 0.0759426 0.0036238 0.0175595 0.0768507 0.0783929 0.0000000 0.0167423 0.0227225 0.1081551 0.0837299 0.0825714 0.0924953 0.1085496 0.0165410 0.0906354 0.0699925 0.0803654 0.0698231 0.0863213 0.0961822 0.0856202 0.0298614 0.0781412 0.1082082 0.0205829 0.1055066 
Dasyuridae_Sarcophilus_harrisii              0.0694020 0.0856866 0.0687862 0.0821853 0.0880203 0.0082752 0.0766444 0.0851520 0.0773626 0.0988202 0.0416650 0.0782959 0.0150603 0.0210214 0.0791746 0.0787242 0.0167423 0.0000000 0.0227777 0.1030743 0.0872105 0.0857773 0.1000134 0.1115909 0.0187227 0.0910988 0.0723457 0.0805815 0.0855739 0.1112115 0.1016790 0.0878901 0.0416650 0.0785018 0.1026102 0.0066069 0.1001246 
Dasyuridae_Planigale_tenuirostris            0.0711098 0.0916784 0.0708963 0.0777539 0.0832696 0.0237282 0.0722992 0.0789602 0.0746804 0.1052563 0.0308816 0.0752651 0.0208389 0.0217978 0.0740187 0.0742472 0.0227225 0.0227777 0.0000000 0.1102640 0.0810201 0.0795455 0.1001244 0.1048422 0.0266991 0.0856080 0.0717873 0.0755500 0.0758313 0.0957736 0.0922164 0.0854166 0.0308816 0.0761004 0.1087972 0.0237047 0.1062380 
Peramelidae_Echymipera_kalubu                0.0933114 0.1238849 0.0865506 0.1051455 0.1090964 0.1025675 0.0921752 0.0999388 0.1043280 0.0240780 0.2164160 0.0970783 0.1071513 0.1111318 0.0940014 0.0979894 0.1081551 0.1030743 0.1102640 0.0000000 0.1076241 0.0996285 0.1170323 0.1231173 0.1133953 0.1114790 0.0961093 0.0960055 0.1037389 0.1302846 0.1195219 0.1065605 0.2164160 0.0917067 0.0315580 0.1013684 0.0227478 
Macropodidae_Dorcopsulus_vanheurni           0.0531821 0.1104444 0.0574360 0.0228350 0.0307195 0.0864302 0.0557567 0.0628337 0.0271075 0.0982201 0.0714384 0.0566960 0.0857251 0.0867020 0.0584663 0.0640057 0.0837299 0.0872105 0.0810201 0.1076241 0.0000000 0.0647589 0.1087942 0.1162474 0.0899820 0.0471870 0.0737734 0.0627057 0.0074814 0.0816199 0.0718169 0.0710360 0.0714384 0.0580639 0.1060870 0.0852934 0.1016235 
Pseudochiridae_Pseudochirulus_forbesi        0.0585759 0.0975779 0.0582734 0.0646822 0.0712731 0.0830305 0.0553587 0.0596075 0.0634725 0.0954662 0.0841840 0.0573468 0.0844744 0.0853299 0.0580302 0.0610097 0.0825714 0.0857773 0.0795455 0.0996285 0.0647589 0.0000000 0.1038541 0.1076507 0.0906103 0.0664580 0.0780811 0.0423766 0.0640189 0.0218597 0.0689653 0.0642241 0.0841840 0.0594671 0.0985984 0.0839573 0.0998643 
Didelphidae_Didelphis_virginiana             0.0883319 0.1154682 0.0957433 0.1057505 0.0964174 0.0884092 0.0992876 0.0998283 0.1016159 0.1069300 0.1436719 0.0968986 0.0900364 0.0995174 0.0982638 0.0997437 0.0924953 0.1000134 0.1001244 0.1170323 0.1087942 0.1038541 0.0000000 0.0523619 0.0898407 0.1088925 0.0919367 0.1022345 0.0905592 0.0946690 0.1218550 0.1024421 0.1436719 0.0958551 0.1183401 0.0878542 0.1088151 
Marmosidae_Monodelphis_domestica             0.0956571 0.1299339 0.0982475 0.1171012 0.1210856 0.1088804 0.1065717 0.1081824 0.1110499 0.1154499 0.2250341 0.1047904 0.1073160 0.1103178 0.1067257 0.1010856 0.1085496 0.1115909 0.1048422 0.1231173 0.1162474 0.1076507 0.0523619 0.0000000 0.1160015 0.1180400 0.1061399 0.0976846 0.1125639 0.1254248 0.1218054 0.1074879 0.2250341 0.1059800 0.1281556 0.1057271 0.1178255 
Dasyuridae_Antechinus_stuartii               0.0760698 0.1006344 0.0743015 0.0869630 0.0744341 0.0188278 0.0824588 0.0897985 0.0819874 0.1065986 0.0432571 0.0819526 0.0119493 0.0221074 0.0826346 0.0834652 0.0165410 0.0187227 0.0266991 0.1133953 0.0899820 0.0906103 0.0898407 0.1160015 0.0000000 0.0949479 0.0692388 0.0844032 0.0703969 0.0808635 0.1002750 0.0917486 0.0432571 0.0841518 0.1150757 0.0200001 0.1094110 
Hypsiprymnodontidae_Hypsiprymnodon_moschatus 0.0542887 0.1104910 0.0612625 0.0443182 0.0470449 0.0942869 0.0565079 0.0608778 0.0416033 0.1081837 0.0924731 0.0536425 0.0925643 0.0944993 0.0592158 0.0602278 0.0906354 0.0910988 0.0856080 0.1114790 0.0471870 0.0664580 0.1088925 0.1180400 0.0949479 0.0000000 0.0845799 0.0646737 0.0426949 0.0709696 0.0802268 0.0688884 0.0924731 0.0568871 0.1113247 0.0932171 0.1104810 
Microbiotheriidae_Dromiciops_gliroides       0.0641898 0.1003991 0.0606260 0.0718007 0.0700063 0.0670496 0.0720597 0.0798260 0.0757985 0.0892141 0.0814292 0.0735953 0.0690132 0.0709336 0.0736939 0.0721820 0.0699925 0.0723457 0.0717873 0.0961093 0.0737734 0.0780811 0.0919367 0.1061399 0.0692388 0.0845799 0.0000000 0.0746809 0.0596700 0.0691262 0.0907068 0.0849189 0.0814292 0.0755274 0.0991803 0.0658513 0.0913956 
Pseudochiridae_Petauroides_volans            0.0487520 0.0963862 0.0512799 0.0598445 0.0636378 0.0796048 0.0483801 0.0528861 0.0606875 0.0878372 0.0764927 0.0483970 0.0804669 0.0813497 0.0532501 0.0479263 0.0803654 0.0805815 0.0755500 0.0960055 0.0627057 0.0423766 0.1022345 0.0976846 0.0844032 0.0646737 0.0746809 0.0000000 0.0591822 0.0481639 0.0606502 0.0593544 0.0764927 0.0528751 0.0965006 0.0804734 0.0902385 
Macropodidae_Wallabia_bicolor                0.0497894 0.0950163 0.0548816 0.0203316 0.0201126 0.0680710 0.0540699 0.0603490 0.0245858 0.0954005 0.0712247 0.0556846 0.0703021 0.0831023 0.0557620 0.0596551 0.0698231 0.0855739 0.0758313 0.1037389 0.0074814 0.0640189 0.0905592 0.1125639 0.0703969 0.0426949 0.0596700 0.0591822 0.0000000 0.0488524 0.0682169 0.0646912 0.0712247 0.0554757 0.1027350 0.0690109 0.0985625 
Pseudochiridae_Pseudocheirus_occidentalis    0.0649255 0.1704781 0.0684283 0.0771506 0.0527334 0.0673005 0.0674863 0.0709969 0.0742776 0.1157534 0.0661327 0.0714704 0.0720188 0.1043153 0.0698659 0.0674356 0.0863213 0.1112115 0.0957736 0.1302846 0.0816199 0.0218597 0.0946690 0.1254248 0.0808635 0.0709696 0.0691262 0.0481639 0.0488524 0.0000000 0.0685689 0.0794620 0.0661327 0.0695113 0.1257978 0.0697079 0.1237949 
Tarsipedidae_Tarsipes_rostratus              0.0645970 0.1211451 0.0678043 0.0733975 0.0813807 0.0988394 0.0658311 0.0702987 0.0782016 0.1135884 0.0699878 0.0666645 0.0982545 0.1001467 0.0714496 0.0640687 0.0961822 0.1016790 0.0922164 0.1195219 0.0718169 0.0689653 0.1218550 0.1218054 0.1002750 0.0802268 0.0907068 0.0606502 0.0682169 0.0685689 0.0000000 0.0729770 0.0699878 0.0711343 0.1228858 0.0996975 0.1166188 
Acrobatidae_Distoechurus_pennatus            0.0538968 0.1049689 0.0554213 0.0690114 0.0756141 0.0899842 0.0593401 0.0619206 0.0653416 0.0968399 0.0874477 0.0501236 0.0866123 0.0874697 0.0639502 0.0296257 0.0856202 0.0878901 0.0854166 0.1065605 0.0710360 0.0642241 0.1024421 0.1074879 0.0917486 0.0688884 0.0849189 0.0593544 0.0646912 0.0794620 0.0729770 0.0000000 0.0874477 0.0570040 0.1007547 0.0860629 0.0990257 
Myrmecobiidae_Myrmecobius_fasciatus2         0.0660345 0.1364938 0.0681348 0.0804353 0.0855327 0.0418600 0.0534681 0.0648973 0.0715685 0.2142775 0.0000010 0.0646662 0.0337534 0.0337534 0.0718493 0.1060821 0.0298614 0.0416650 0.0308816 0.2164160 0.0714384 0.0841840 0.1436719 0.2250341 0.0432571 0.0924731 0.0814292 0.0764927 0.0712247 0.0661327 0.0699878 0.0874477 0.0000000 0.0667531 0.2324363 0.0458824 0.2140745 
Phalangeridae_Phalanger_carmelitae           0.0463433 0.0966903 0.0479397 0.0542235 0.0568537 0.0777174 0.0185031 0.0141912 0.0533103 0.0876955 0.0667531 0.0119259 0.0790982 0.0780525 0.0083125 0.0530177 0.0781412 0.0785018 0.0761004 0.0917067 0.0580639 0.0594671 0.0958551 0.1059800 0.0841518 0.0568871 0.0755274 0.0528751 0.0554757 0.0695113 0.0711343 0.0570040 0.0667531 0.0000000 0.0915681 0.0747804 0.0881623 
Peramelidae_Peroryctes_raffrayana            0.0914570 0.1225188 0.0871160 0.1024385 0.1073388 0.1057925 0.0941178 0.0995704 0.1002508 0.0248237 0.2324363 0.0956656 0.1084113 0.1092771 0.0940148 0.0969561 0.1082082 0.1026102 0.1087972 0.0315580 0.1060870 0.0985984 0.1183401 0.1281556 0.1150757 0.1113247 0.0991803 0.0965006 0.1027350 0.1257978 0.1228858 0.1007547 0.2324363 0.0915681 0.0000000 0.1025722 0.0252860 
Dasyuridae_Dasyurus_geffroii                 0.0702468 0.0894247 0.0669219 0.0803263 0.0731150 0.0052620 0.0755701 0.0832448 0.0775008 0.0968696 0.0458824 0.0783978 0.0205913 0.0193112 0.0773459 0.0769216 0.0205829 0.0066069 0.0237047 0.1013684 0.0852934 0.0839573 0.0878542 0.1057271 0.0200001 0.0932171 0.0658513 0.0804734 0.0690109 0.0697079 0.0996975 0.0860629 0.0458824 0.0747804 0.1025722 0.0000000 0.0982024 
Peramelidae_Perameles_gunnii                 0.0904620 0.1208536 0.0849516 0.0995900 0.1064295 0.1012829 0.0907844 0.0952365 0.1014707 0.0016753 0.2140745 0.0930954 0.1036488 0.1034891 0.0905069 0.0942057 0.1055066 0.1001246 0.1062380 0.0227478 0.1016235 0.0998643 0.1088151 0.1178255 0.1094110 0.1104810 0.0913956 0.0902385 0.0985625 0.1237949 0.1166188 0.0990257 0.2140745 0.0881623 0.0252860 0.0982024 0.0000000 
