35
Burramyidae_Burramys_parvus                  0.0000000 0.0592917 0.0296942 0.0531822 0.0571328 0.0555701 0.0312016 0.0323949 0.0564399 0.0845633 0.0333060 0.0575110 0.0618465 0.0307778 0.0352986 0.0585531 0.0555670 0.0594484 0.0842646 0.0581583 0.0426431 0.0805819 0.0918147 0.0599404 0.0396137 0.0536967 0.0362022 0.0551976 0.0342593 0.0641029 0.0397762 0.0389660 0.0772369 0.0554791 0.0838269 
Notoryctidae_Notoryctes_typhlops             0.0592917 0.0000000 0.0562284 0.0736782 0.0777875 0.0694050 0.0574209 0.0557664 0.0755190 0.0924362 0.0527012 0.0712394 0.0786264 0.0535169 0.0560342 0.0720580 0.0695610 0.0748614 0.0940319 0.0806116 0.0668757 0.0979462 0.1037627 0.0709039 0.0595600 0.0639347 0.0555798 0.0772486 0.0588391 0.0791321 0.0607913 0.0611518 0.0928920 0.0701499 0.0911219 
Vombatidae_Lasiorhinus_latifrons             0.0296942 0.0562284 0.0000000 0.0488953 0.0521120 0.0521847 0.0321079 0.0311127 0.0524718 0.0746109 0.0309214 0.0531348 0.0563403 0.0301315 0.0338906 0.0534927 0.0507522 0.0511349 0.0764823 0.0534113 0.0382066 0.0772615 0.0860484 0.0540486 0.0387773 0.0484360 0.0302249 0.0526428 0.0292432 0.0603004 0.0353913 0.0382293 0.0724754 0.0520999 0.0744867 
Potoroidae_Bettongia_penicillata             0.0531822 0.0736782 0.0488953 0.0000000 0.0036525 0.0720883 0.0522783 0.0524673 0.0100100 0.0836518 0.0506054 0.0720983 0.0634248 0.0496569 0.0432888 0.0724952 0.0717601 0.0727470 0.0823065 0.0148425 0.0504112 0.0994101 0.0901479 0.0734900 0.0355264 0.0729034 0.0523510 0.0164781 0.0523935 0.0852379 0.0577158 0.0602299 0.0834370 0.0712955 0.0817752 
Potoroidae_Bettongia_lesueur                 0.0571328 0.0777875 0.0521120 0.0036525 0.0000000 0.0759331 0.0568954 0.0570728 0.0117175 0.0860735 0.0547627 0.0754415 0.0670677 0.0549066 0.0470819 0.0758421 0.0755280 0.0759469 0.0858137 0.0174980 0.0539557 0.1037374 0.0945335 0.0764475 0.0379933 0.0762176 0.0560471 0.0185218 0.0568554 0.0888799 0.0614297 0.0653356 0.0860048 0.0750555 0.0841334 
Dasyuridae_Dasyurus_maculatus                0.0555701 0.0694050 0.0521847 0.0720883 0.0759331 0.0000000 0.0581448 0.0559536 0.0753868 0.0917712 0.0536193 0.0145156 0.0220221 0.0568720 0.0489613 0.0145198 0.0061346 0.0190628 0.0892803 0.0754356 0.0618240 0.0867297 0.0957397 0.0147440 0.0612025 0.0628347 0.0577952 0.0721058 0.0563192 0.0772259 0.0594282 0.0629219 0.0850504 0.0035981 0.0901858 
Phalangeridae_Trichosurus_vulpecula          0.0312016 0.0574209 0.0321079 0.0522783 0.0568954 0.0581448 0.0000000 0.0121444 0.0555360 0.0798871 0.0125569 0.0572939 0.0608450 0.0118448 0.0369892 0.0576586 0.0564128 0.0584456 0.0794295 0.0554879 0.0405530 0.0829931 0.0897449 0.0593301 0.0374759 0.0483775 0.0329012 0.0543345 0.0326001 0.0648597 0.0373644 0.0188065 0.0773194 0.0573531 0.0793027 
Phalangeridae_Spilocuscus_maculatus          0.0323949 0.0557664 0.0311127 0.0524673 0.0570728 0.0559536 0.0121444 0.0000000 0.0557442 0.0782318 0.0116042 0.0555510 0.0604523 0.0086690 0.0355135 0.0559128 0.0538987 0.0580051 0.0762790 0.0556985 0.0414476 0.0823013 0.0874791 0.0568141 0.0386776 0.0517391 0.0315442 0.0538684 0.0312158 0.0617282 0.0366284 0.0163735 0.0739432 0.0551723 0.0773097 
Potoroidae_Aepyprymnus_rufescens             0.0564399 0.0755190 0.0524718 0.0100100 0.0117175 0.0753868 0.0555360 0.0557442 0.0000000 0.0878636 0.0538657 0.0749747 0.0659529 0.0535932 0.0479165 0.0753724 0.0746968 0.0733572 0.0868572 0.0171024 0.0529596 0.1046770 0.0965498 0.0757087 0.0374749 0.0741029 0.0568283 0.0172260 0.0568433 0.0872480 0.0588021 0.0645969 0.0882904 0.0742289 0.0859248 
Peramelidae_Perameles_nasuta                 0.0845633 0.0924362 0.0746109 0.0836518 0.0860735 0.0917712 0.0798871 0.0782318 0.0878636 0.0000000 0.0776449 0.0905162 0.0852278 0.0792261 0.0576261 0.0914810 0.0917692 0.0905384 0.0250659 0.0892690 0.0726568 0.1129803 0.1032298 0.0924620 0.0810178 0.0846335 0.0773440 0.0867972 0.0833257 0.1011013 0.0828087 0.0802863 0.0314535 0.0920278 0.0008512 
Phalangeridae_Strigocuscus_pelengensis       0.0333060 0.0527012 0.0309214 0.0506054 0.0547627 0.0536193 0.0125569 0.0116042 0.0538657 0.0776449 0.0000000 0.0532931 0.0577356 0.0112834 0.0376717 0.0536950 0.0526535 0.0497630 0.0715302 0.0541057 0.0436482 0.0774463 0.0845719 0.0545158 0.0365684 0.0498409 0.0329790 0.0530130 0.0337132 0.0616617 0.0371538 0.0173147 0.0687023 0.0533092 0.0763167 
Dasyuridae_Phascogale_tapoatafa              0.0575110 0.0712394 0.0531348 0.0720983 0.0754415 0.0145156 0.0572939 0.0555510 0.0749747 0.0905162 0.0532931 0.0000000 0.0223463 0.0551125 0.0504123 0.0022095 0.0148113 0.0193605 0.0902233 0.0743357 0.0606059 0.0873795 0.0989086 0.0050780 0.0612076 0.0621658 0.0574691 0.0718113 0.0558981 0.0781819 0.0580370 0.0615146 0.0854931 0.0147872 0.0898112 
Dasyuridae_Sminthopsis_macroura              0.0618465 0.0786264 0.0563403 0.0634248 0.0670677 0.0220221 0.0608450 0.0604523 0.0659529 0.0852278 0.0577356 0.0223463 0.0000000 0.0613796 0.0493742 0.0223531 0.0220102 0.0220940 0.0853012 0.0681153 0.0541902 0.0912911 0.0917295 0.0230147 0.0650949 0.0686946 0.0604439 0.0657272 0.0607378 0.0832656 0.0638814 0.0683414 0.0805290 0.0228928 0.0838240 
Phalangeridae_Phalanger_orientalis           0.0307778 0.0535169 0.0301315 0.0496569 0.0549066 0.0568720 0.0118448 0.0086690 0.0535932 0.0792261 0.0112834 0.0551125 0.0613796 0.0000000 0.0361364 0.0561512 0.0551538 0.0582737 0.0787246 0.0535608 0.0394193 0.0817189 0.0877521 0.0577586 0.0351079 0.0494903 0.0311820 0.0517392 0.0299090 0.0623653 0.0359054 0.0125445 0.0769735 0.0560885 0.0782792 
Acrobatidae_Acrobates_pygmaeus               0.0352986 0.0560342 0.0338906 0.0432888 0.0470819 0.0489613 0.0369892 0.0355135 0.0479165 0.0576261 0.0376717 0.0504123 0.0493742 0.0361364 0.0000000 0.0508128 0.0486209 0.0476478 0.0598111 0.0501027 0.0317700 0.0673036 0.0681819 0.0494810 0.0388492 0.0411189 0.0329187 0.0480003 0.0342633 0.0600538 0.0258328 0.0351907 0.0558307 0.0489417 0.0568777 
Dasyuridae_Phascogale_calura                 0.0585531 0.0720580 0.0534927 0.0724952 0.0758421 0.0145198 0.0576586 0.0559128 0.0753724 0.0914810 0.0536950 0.0022095 0.0223531 0.0561512 0.0508128 0.0000000 0.0148156 0.0197075 0.0911825 0.0743108 0.0609788 0.0878688 0.0993610 0.0050794 0.0611834 0.0625926 0.0578389 0.0722026 0.0559083 0.0789089 0.0584069 0.0625908 0.0864091 0.0147915 0.0907011 
Dasyuridae_Sarcophilus_harrisii              0.0555670 0.0695610 0.0507522 0.0717601 0.0755280 0.0061346 0.0564128 0.0538987 0.0746968 0.0917692 0.0526535 0.0148113 0.0220102 0.0551538 0.0486209 0.0148156 0.0000000 0.0197233 0.0911544 0.0755315 0.0617567 0.0861877 0.0974100 0.0156409 0.0597255 0.0614486 0.0571732 0.0729320 0.0556256 0.0772351 0.0581068 0.0611488 0.0865383 0.0052827 0.0901838 
Dasyuridae_Planigale_tenuirostris            0.0594484 0.0748614 0.0511349 0.0727470 0.0759469 0.0190628 0.0584456 0.0580051 0.0733572 0.0905384 0.0497630 0.0193605 0.0220940 0.0582737 0.0476478 0.0197075 0.0197233 0.0000000 0.0876562 0.0753828 0.0627120 0.0845082 0.1003292 0.0201458 0.0598527 0.0615117 0.0600740 0.0720011 0.0590668 0.0804013 0.0603892 0.0651409 0.0826321 0.0203284 0.0885153 
Peramelidae_Echymipera_kalubu                0.0842646 0.0940319 0.0764823 0.0823065 0.0858137 0.0892803 0.0794295 0.0762790 0.0868572 0.0250659 0.0715302 0.0902233 0.0853012 0.0787246 0.0598111 0.0911825 0.0911544 0.0876562 0.0000000 0.0875072 0.0757485 0.1077332 0.0980485 0.0921006 0.0801342 0.0801410 0.0804076 0.0847102 0.0837565 0.0986673 0.0824723 0.0856187 0.0238901 0.0895313 0.0244816 
Macropodidae_Dorcopsulus_vanheurni           0.0581583 0.0806116 0.0534113 0.0148425 0.0174980 0.0754356 0.0554879 0.0556985 0.0171024 0.0892690 0.0541057 0.0743357 0.0681153 0.0535608 0.0501027 0.0743108 0.0755315 0.0753828 0.0875072 0.0000000 0.0546357 0.1055204 0.0965277 0.0753304 0.0368477 0.0769991 0.0559880 0.0076701 0.0558526 0.0898806 0.0608193 0.0639318 0.0870354 0.0743064 0.0880860 
Pseudochiridae_Pseudochirulus_forbesi        0.0426431 0.0668757 0.0382066 0.0504112 0.0539557 0.0618240 0.0405530 0.0414476 0.0529596 0.0726568 0.0436482 0.0606059 0.0541902 0.0394193 0.0317700 0.0609788 0.0617567 0.0627120 0.0757485 0.0546357 0.0000000 0.0875724 0.0836632 0.0623638 0.0487074 0.0582343 0.0294668 0.0514392 0.0214745 0.0670422 0.0426949 0.0483131 0.0736439 0.0620705 0.0718878 
Didelphidae_Didelphis_virginiana             0.0805819 0.0979462 0.0772615 0.0994101 0.1037374 0.0867297 0.0829931 0.0823013 0.1046770 0.1129803 0.0774463 0.0873795 0.0912911 0.0817189 0.0673036 0.0878688 0.0861877 0.0845082 0.1077332 0.1055204 0.0875724 0.0000000 0.0696098 0.0867156 0.0869262 0.0771111 0.0831617 0.0998623 0.0833956 0.1027787 0.0837318 0.0850083 0.1011818 0.0840128 0.1131263 
Marmosidae_Monodelphis_domestica             0.0918147 0.1037627 0.0860484 0.0901479 0.0945335 0.0957397 0.0897449 0.0874791 0.0965498 0.1032298 0.0845719 0.0989086 0.0917295 0.0877521 0.0681819 0.0993610 0.0974100 0.1003292 0.0980485 0.0965277 0.0836632 0.0696098 0.0000000 0.0966505 0.0937175 0.0835072 0.0885728 0.0923854 0.0895235 0.0908182 0.0914478 0.0935286 0.0974174 0.0931321 0.1026451 
Dasyuridae_Antechinus_stuartii               0.0599404 0.0709039 0.0540486 0.0734900 0.0764475 0.0147440 0.0593301 0.0568141 0.0757087 0.0924620 0.0545158 0.0050780 0.0230147 0.0577586 0.0494810 0.0050794 0.0156409 0.0201458 0.0921006 0.0753304 0.0623638 0.0867156 0.0966505 0.0000000 0.0618287 0.0630223 0.0588020 0.0715056 0.0579712 0.0779945 0.0573628 0.0643838 0.0875755 0.0156150 0.0916501 
Hypsiprymnodontidae_Hypsiprymnodon_moschatus 0.0396137 0.0595600 0.0387773 0.0355264 0.0379933 0.0612025 0.0374759 0.0386776 0.0374749 0.0810178 0.0365684 0.0612076 0.0650949 0.0351079 0.0388492 0.0611834 0.0597255 0.0598527 0.0801342 0.0368477 0.0487074 0.0869262 0.0937175 0.0618287 0.0000000 0.0528435 0.0412881 0.0350646 0.0405149 0.0687411 0.0431926 0.0444526 0.0784341 0.0603958 0.0792680 
Microbiotheriidae_Dromiciops_gliroides       0.0536967 0.0639347 0.0484360 0.0729034 0.0762176 0.0628347 0.0483775 0.0517391 0.0741029 0.0846335 0.0498409 0.0621658 0.0686946 0.0494903 0.0411189 0.0625926 0.0614486 0.0615117 0.0801410 0.0769991 0.0582343 0.0771111 0.0835072 0.0630223 0.0528435 0.0000000 0.0521558 0.0727658 0.0506954 0.0741483 0.0518250 0.0552424 0.0736210 0.0610187 0.0833363 
Pseudochiridae_Petauroides_volans            0.0362022 0.0555798 0.0302249 0.0523510 0.0560471 0.0577952 0.0329012 0.0315442 0.0568283 0.0773440 0.0329790 0.0574691 0.0604439 0.0311820 0.0329187 0.0578389 0.0571732 0.0600740 0.0804076 0.0559880 0.0294668 0.0831617 0.0885728 0.0588020 0.0412881 0.0521558 0.0000000 0.0549583 0.0195992 0.0597458 0.0338105 0.0397792 0.0778104 0.0577857 0.0760547 
Macropodidae_Wallabia_bicolor                0.0551976 0.0772486 0.0526428 0.0164781 0.0185218 0.0721058 0.0543345 0.0538684 0.0172260 0.0867972 0.0530130 0.0718113 0.0657272 0.0517392 0.0480003 0.0722026 0.0729320 0.0720011 0.0847102 0.0076701 0.0514392 0.0998623 0.0923854 0.0715056 0.0350646 0.0727658 0.0549583 0.0000000 0.0548823 0.0882439 0.0583130 0.0626186 0.0862504 0.0717359 0.0853142 
Pseudochiridae_Pseudocheirus_occidentalis    0.0342593 0.0588391 0.0292432 0.0523935 0.0568554 0.0563192 0.0326001 0.0312158 0.0568433 0.0833257 0.0337132 0.0558981 0.0607378 0.0299090 0.0342633 0.0559083 0.0556256 0.0590668 0.0837565 0.0558526 0.0214745 0.0833956 0.0895235 0.0579712 0.0405149 0.0506954 0.0195992 0.0548823 0.0000000 0.0584117 0.0343380 0.0392709 0.0803704 0.0558861 0.0817734 
Tarsipedidae_Tarsipes_rostratus              0.0641029 0.0791321 0.0603004 0.0852379 0.0888799 0.0772259 0.0648597 0.0617282 0.0872480 0.1011013 0.0616617 0.0781819 0.0832656 0.0623653 0.0600538 0.0789089 0.0772351 0.0804013 0.0986673 0.0898806 0.0670422 0.1027787 0.0908182 0.0779945 0.0687411 0.0741483 0.0597458 0.0882439 0.0584117 0.0000000 0.0628424 0.0676629 0.0969268 0.0761045 0.0986695 
Acrobatidae_Distoechurus_pennatus            0.0397762 0.0607913 0.0353913 0.0577158 0.0614297 0.0594282 0.0373644 0.0366284 0.0588021 0.0828087 0.0371538 0.0580370 0.0638814 0.0359054 0.0258328 0.0584069 0.0581068 0.0603892 0.0824723 0.0608193 0.0426949 0.0837318 0.0914478 0.0573628 0.0431926 0.0518250 0.0338105 0.0583130 0.0343380 0.0628424 0.0000000 0.0457831 0.0811128 0.0590717 0.0812435 
Phalangeridae_Phalanger_carmelitae           0.0389660 0.0611518 0.0382293 0.0602299 0.0653356 0.0629219 0.0188065 0.0163735 0.0645969 0.0802863 0.0173147 0.0615146 0.0683414 0.0125445 0.0351907 0.0625908 0.0611488 0.0651409 0.0856187 0.0639318 0.0483131 0.0850083 0.0935286 0.0643838 0.0444526 0.0552424 0.0397792 0.0626186 0.0392709 0.0676629 0.0457831 0.0000000 0.0851093 0.0621040 0.0796795 
Peramelidae_Peroryctes_raffrayana            0.0772369 0.0928920 0.0724754 0.0834370 0.0860048 0.0850504 0.0773194 0.0739432 0.0882904 0.0314535 0.0687023 0.0854931 0.0805290 0.0769735 0.0558307 0.0864091 0.0865383 0.0826321 0.0238901 0.0870354 0.0736439 0.1011818 0.0974174 0.0875755 0.0784341 0.0736210 0.0778104 0.0862504 0.0803704 0.0969268 0.0811128 0.0851093 0.0000000 0.0857958 0.0302880 
Dasyuridae_Dasyurus_geffroii                 0.0554791 0.0701499 0.0520999 0.0712955 0.0750555 0.0035981 0.0573531 0.0551723 0.0742289 0.0920278 0.0533092 0.0147872 0.0228928 0.0560885 0.0489417 0.0147915 0.0052827 0.0203284 0.0895313 0.0743064 0.0620705 0.0840128 0.0931321 0.0156150 0.0603958 0.0610187 0.0577857 0.0717359 0.0558861 0.0761045 0.0590717 0.0621040 0.0857958 0.0000000 0.0904376 
Peramelidae_Perameles_gunnii                 0.0838269 0.0911219 0.0744867 0.0817752 0.0841334 0.0901858 0.0793027 0.0773097 0.0859248 0.0008512 0.0763167 0.0898112 0.0838240 0.0782792 0.0568777 0.0907011 0.0901838 0.0885153 0.0244816 0.0880860 0.0718878 0.1131263 0.1026451 0.0916501 0.0792680 0.0833363 0.0760547 0.0853142 0.0817734 0.0986695 0.0812435 0.0796795 0.0302880 0.0904376 0.0000000 
