35
Burramyidae_Burramys_parvus                  0.0000000 0.0450308 0.0406895 0.0418512 0.0413518 0.0562992 0.0377201 0.0404594 0.0433673 0.0618695 0.0439850 0.0616165 0.0415896 0.0406267 0.0604893 0.0596637 0.0549698 0.0417704 0.0486923 0.0727647 0.0707805 0.0588416 0.0422660 0.0548776 0.0412569 0.0425477 0.0509626 0.0526217 0.0372638 0.0644743 0.0660634 0.0522764 0.0626573 0.0380333 0.0536044 
Notoryctidae_Notoryctes_typhlops             0.0450308 0.0000000 0.0470187 0.0511907 0.0511789 0.0526175 0.0450283 0.0459377 0.0537565 0.0608849 0.0520870 0.0590378 0.0489703 0.0465661 0.0589853 0.0564419 0.0540829 0.0469091 0.0592335 0.0723080 0.0697933 0.0556617 0.0478744 0.0501096 0.0523860 0.0501710 0.0616046 0.0631385 0.0501326 0.0571453 0.0644329 0.0486055 0.0557921 0.0426961 0.0510423 
Vombatidae_Lasiorhinus_latifrons             0.0406895 0.0470187 0.0000000 0.0471189 0.0466611 0.0556197 0.0388738 0.0412855 0.0496859 0.0643155 0.0437360 0.0639135 0.0422548 0.0408623 0.0632572 0.0594556 0.0553084 0.0471137 0.0521125 0.0742581 0.0683307 0.0609853 0.0463925 0.0518770 0.0445647 0.0477276 0.0519718 0.0552150 0.0429067 0.0659309 0.0684092 0.0541567 0.0692081 0.0434873 0.0553012 
Potoroidae_Bettongia_penicillata             0.0418512 0.0511907 0.0471189 0.0000000 0.0048290 0.0605866 0.0418635 0.0433860 0.0134102 0.0669363 0.0463882 0.0684129 0.0453672 0.0424517 0.0672615 0.0666886 0.0617997 0.0227740 0.0541704 0.0759366 0.0754400 0.0643821 0.0314201 0.0585039 0.0441273 0.0200195 0.0550695 0.0561476 0.0435200 0.0682200 0.0713853 0.0599087 0.0728561 0.0434937 0.0585009 
Potoroidae_Bettongia_lesueur                 0.0413518 0.0511789 0.0466611 0.0048290 0.0000000 0.0590644 0.0413880 0.0429417 0.0125032 0.0665309 0.0459349 0.0668591 0.0448889 0.0419354 0.0657129 0.0645906 0.0600059 0.0213747 0.0537115 0.0771530 0.0755463 0.0623931 0.0294976 0.0579468 0.0452280 0.0195633 0.0550612 0.0556663 0.0425307 0.0682325 0.0714579 0.0575173 0.0722489 0.0423744 0.0561250 
Dasyuridae_Dasyurus_maculatus                0.0562992 0.0526175 0.0556197 0.0605866 0.0590644 0.0000000 0.0565316 0.0571069 0.0610690 0.0715900 0.0599745 0.0226987 0.0591140 0.0581926 0.0198876 0.0084017 0.0180976 0.0615893 0.0715096 0.0842901 0.0798759 0.0167285 0.0598236 0.0640489 0.0634609 0.0595980 0.0750702 0.0676446 0.0580814 0.0689030 0.0739102 0.0197567 0.0701415 0.0531715 0.0040512 
Phalangeridae_Trichosurus_vulpecula          0.0377201 0.0450283 0.0388738 0.0418635 0.0413880 0.0565316 0.0000000 0.0158053 0.0438721 0.0607336 0.0178807 0.0625185 0.0156213 0.0402229 0.0613993 0.0609118 0.0526990 0.0433904 0.0466979 0.0697442 0.0659560 0.0602112 0.0397448 0.0517571 0.0378399 0.0419704 0.0477046 0.0517917 0.0397507 0.0641163 0.0667975 0.0502895 0.0694537 0.0159642 0.0538553 
Phalangeridae_Spilocuscus_maculatus          0.0404594 0.0459377 0.0412855 0.0433860 0.0429417 0.0571069 0.0158053 0.0000000 0.0453667 0.0643483 0.0118880 0.0646956 0.0098239 0.0416274 0.0635581 0.0620870 0.0567948 0.0443236 0.0470596 0.0714176 0.0682318 0.0596540 0.0416158 0.0532385 0.0386754 0.0440001 0.0461171 0.0517735 0.0406323 0.0659867 0.0660002 0.0533761 0.0639753 0.0097892 0.0538671 
Potoroidae_Aepyprymnus_rufescens             0.0433673 0.0537565 0.0496859 0.0134102 0.0125032 0.0610690 0.0438721 0.0453667 0.0000000 0.0680986 0.0473335 0.0687799 0.0473946 0.0439729 0.0676298 0.0671765 0.0621652 0.0246699 0.0556259 0.0834196 0.0783856 0.0643118 0.0303775 0.0611477 0.0466538 0.0223544 0.0571592 0.0572865 0.0455436 0.0686918 0.0707148 0.0591959 0.0700540 0.0445892 0.0584188 
Peramelidae_Perameles_nasuta                 0.0618695 0.0608849 0.0643155 0.0669363 0.0665309 0.0715900 0.0607336 0.0643483 0.0680986 0.0000000 0.0660211 0.0802391 0.0649529 0.0641222 0.0783833 0.0736662 0.0754922 0.0655250 0.0766393 0.0895524 0.0881600 0.0753052 0.0675081 0.0672426 0.0663702 0.0662365 0.0752804 0.0766162 0.0643976 0.0171807 0.0019408 0.0600698 0.0162980 0.0569163 0.0603958 
Phalangeridae_Strigocuscus_pelengensis       0.0439850 0.0520870 0.0437360 0.0463882 0.0459349 0.0599745 0.0178807 0.0118880 0.0473335 0.0660211 0.0000000 0.0677486 0.0099311 0.0461522 0.0665852 0.0650615 0.0587237 0.0483792 0.0506895 0.0783756 0.0718586 0.0630342 0.0430285 0.0572223 0.0415116 0.0469401 0.0486208 0.0574312 0.0460806 0.0714631 0.0708105 0.0548158 0.0706412 0.0087741 0.0572026 
Dasyuridae_Phascogale_tapoatafa              0.0616165 0.0590378 0.0639135 0.0684129 0.0668591 0.0226987 0.0625185 0.0646956 0.0687799 0.0802391 0.0677486 0.0000000 0.0673527 0.0659404 0.0052723 0.0241655 0.0251948 0.0682242 0.0750479 0.0922938 0.0878592 0.0153236 0.0686836 0.0713965 0.0670508 0.0691032 0.0760545 0.0749576 0.0646396 0.0792348 0.0828852 0.0225315 0.0760194 0.0613274 0.0230296 
Phalangeridae_Phalanger_orientalis           0.0415896 0.0489703 0.0422548 0.0453672 0.0448889 0.0591140 0.0156213 0.0098239 0.0473946 0.0649529 0.0099311 0.0673527 0.0000000 0.0446268 0.0662140 0.0635302 0.0574352 0.0473928 0.0480109 0.0755180 0.0706773 0.0639381 0.0425793 0.0547570 0.0412057 0.0459450 0.0469445 0.0541946 0.0430788 0.0692205 0.0706567 0.0532544 0.0713130 0.0035214 0.0555926 
Acrobatidae_Acrobates_pygmaeus               0.0406267 0.0465661 0.0408623 0.0424517 0.0419354 0.0581926 0.0402229 0.0416274 0.0439729 0.0641222 0.0461522 0.0659404 0.0446268 0.0000000 0.0647875 0.0621113 0.0594995 0.0424830 0.0441015 0.0740208 0.0708140 0.0581444 0.0427347 0.0541346 0.0393342 0.0416079 0.0489592 0.0510710 0.0206250 0.0653746 0.0661894 0.0476357 0.0601391 0.0385454 0.0488286 
Dasyuridae_Phascogale_calura                 0.0604893 0.0589853 0.0632572 0.0672615 0.0657129 0.0198876 0.0613993 0.0635581 0.0676298 0.0783833 0.0665852 0.0052723 0.0662140 0.0647875 0.0000000 0.0222783 0.0213834 0.0670765 0.0754012 0.0910509 0.0866750 0.0134644 0.0675357 0.0702080 0.0663256 0.0679472 0.0769361 0.0731920 0.0635039 0.0774960 0.0818170 0.0208778 0.0741245 0.0594137 0.0203267 
Dasyuridae_Sarcophilus_harrisii              0.0596637 0.0564419 0.0594556 0.0666886 0.0645906 0.0084017 0.0609118 0.0620870 0.0671765 0.0736662 0.0650615 0.0241655 0.0635302 0.0621113 0.0222783 0.0000000 0.0208286 0.0666232 0.0766820 0.0863908 0.0814515 0.0191016 0.0658869 0.0681137 0.0680061 0.0662875 0.0776033 0.0727206 0.0608990 0.0708478 0.0780569 0.0219849 0.0736725 0.0576287 0.0107610 
Dasyuridae_Planigale_tenuirostris            0.0549698 0.0540829 0.0553084 0.0617997 0.0600059 0.0180976 0.0526990 0.0567948 0.0621652 0.0754922 0.0587237 0.0251948 0.0574352 0.0594995 0.0213834 0.0208286 0.0000000 0.0578455 0.0672659 0.0823473 0.0735185 0.0204213 0.0572176 0.0592141 0.0578004 0.0617569 0.0689627 0.0620811 0.0570662 0.0712173 0.0737639 0.0118672 0.0658750 0.0528536 0.0198907 
Macropodidae_Dorcopsulus_vanheurni           0.0417704 0.0469091 0.0471137 0.0227740 0.0213747 0.0615893 0.0433904 0.0443236 0.0246699 0.0655250 0.0483792 0.0682242 0.0473928 0.0424830 0.0670765 0.0666232 0.0578455 0.0000000 0.0540679 0.0767001 0.0750637 0.0637601 0.0299136 0.0583906 0.0440813 0.0129797 0.0554833 0.0561015 0.0450285 0.0679746 0.0711404 0.0583946 0.0725214 0.0427727 0.0576752 
Pseudochiridae_Pseudochirulus_forbesi        0.0486923 0.0592335 0.0521125 0.0541704 0.0537115 0.0715096 0.0466979 0.0470596 0.0556259 0.0766393 0.0506895 0.0750479 0.0480109 0.0441015 0.0754012 0.0766820 0.0672659 0.0540679 0.0000000 0.0818524 0.0823179 0.0718672 0.0545015 0.0679509 0.0203641 0.0547975 0.0182180 0.0523213 0.0445268 0.0787524 0.0781464 0.0643283 0.0787210 0.0473083 0.0680040 
Didelphidae_Didelphis_virginiana             0.0727647 0.0723080 0.0742581 0.0759366 0.0771530 0.0842901 0.0697442 0.0714176 0.0834196 0.0895524 0.0783756 0.0922938 0.0755180 0.0740208 0.0910509 0.0863908 0.0823473 0.0767001 0.0818524 0.0000000 0.0291499 0.0908893 0.0721511 0.0753540 0.0781151 0.0763067 0.0866730 0.0852057 0.0719898 0.0837545 0.0956380 0.0780067 0.0913029 0.0704662 0.0791093 
Marmosidae_Monodelphis_domestica             0.0707805 0.0697933 0.0683307 0.0754400 0.0755463 0.0798759 0.0659560 0.0682318 0.0783856 0.0881600 0.0718586 0.0878592 0.0706773 0.0708140 0.0866750 0.0814515 0.0735185 0.0750637 0.0823179 0.0291499 0.0000000 0.0837512 0.0698118 0.0717842 0.0759427 0.0735046 0.0867400 0.0844033 0.0694409 0.0804332 0.0924728 0.0719335 0.0880801 0.0645111 0.0748777 
Dasyuridae_Antechinus_stuartii               0.0588416 0.0556617 0.0609853 0.0643821 0.0623931 0.0167285 0.0602112 0.0596540 0.0643118 0.0753052 0.0630342 0.0153236 0.0639381 0.0581444 0.0134644 0.0191016 0.0204213 0.0637601 0.0718672 0.0908893 0.0837512 0.0000000 0.0647371 0.0688578 0.0639059 0.0651327 0.0753675 0.0707844 0.0602911 0.0735886 0.0779777 0.0193433 0.0699950 0.0560304 0.0177367 
Hypsiprymnodontidae_Hypsiprymnodon_moschatus 0.0422660 0.0478744 0.0463925 0.0314201 0.0294976 0.0598236 0.0397448 0.0416158 0.0303775 0.0675081 0.0430285 0.0686836 0.0425793 0.0427347 0.0675357 0.0658869 0.0572176 0.0299136 0.0545015 0.0721511 0.0698118 0.0647371 0.0000000 0.0561881 0.0455564 0.0290233 0.0549119 0.0564469 0.0442561 0.0647113 0.0741374 0.0565076 0.0714186 0.0391571 0.0564526 
Microbiotheriidae_Dromiciops_gliroides       0.0548776 0.0501096 0.0518770 0.0585039 0.0579468 0.0640489 0.0517571 0.0532385 0.0611477 0.0672426 0.0572223 0.0713965 0.0547570 0.0541346 0.0702080 0.0681137 0.0592141 0.0583906 0.0679509 0.0753540 0.0717842 0.0688578 0.0561881 0.0000000 0.0588636 0.0579839 0.0694127 0.0663122 0.0540940 0.0681698 0.0733879 0.0578186 0.0702701 0.0492766 0.0591100 
Pseudochiridae_Petauroides_volans            0.0412569 0.0523860 0.0445647 0.0441273 0.0452280 0.0634609 0.0378399 0.0386754 0.0466538 0.0663702 0.0415116 0.0670508 0.0412057 0.0393342 0.0663256 0.0680061 0.0578004 0.0440813 0.0203641 0.0781151 0.0759427 0.0639059 0.0455564 0.0588636 0.0000000 0.0451658 0.0209498 0.0426818 0.0390813 0.0708301 0.0700983 0.0586940 0.0719364 0.0405309 0.0623843 
Macropodidae_Wallabia_bicolor                0.0425477 0.0501710 0.0477276 0.0200195 0.0195633 0.0595980 0.0419704 0.0440001 0.0223544 0.0662365 0.0469401 0.0691032 0.0459450 0.0416079 0.0679472 0.0662875 0.0617569 0.0129797 0.0547975 0.0763067 0.0735046 0.0651327 0.0290233 0.0579839 0.0451658 0.0000000 0.0558029 0.0568198 0.0440850 0.0674499 0.0712487 0.0597541 0.0720161 0.0428547 0.0566036 
Pseudochiridae_Pseudocheirus_occidentalis    0.0509626 0.0616046 0.0519718 0.0550695 0.0550612 0.0750702 0.0477046 0.0461171 0.0571592 0.0752804 0.0486208 0.0760545 0.0469445 0.0489592 0.0769361 0.0776033 0.0689627 0.0554833 0.0182180 0.0866730 0.0867400 0.0753675 0.0549119 0.0694127 0.0209498 0.0558029 0.0000000 0.0495986 0.0474952 0.0808743 0.0785839 0.0673900 0.0800289 0.0470886 0.0722539 
Tarsipedidae_Tarsipes_rostratus              0.0526217 0.0631385 0.0552150 0.0561476 0.0556663 0.0676446 0.0517917 0.0517735 0.0572865 0.0766162 0.0574312 0.0749576 0.0541946 0.0510710 0.0731920 0.0727206 0.0620811 0.0561015 0.0523213 0.0852057 0.0844033 0.0707844 0.0564469 0.0663122 0.0426818 0.0568198 0.0495986 0.0000000 0.0517932 0.0834133 0.0855957 0.0608338 0.0839345 0.0499269 0.0625532 
Acrobatidae_Distoechurus_pennatus            0.0372638 0.0501326 0.0429067 0.0435200 0.0425307 0.0580814 0.0397507 0.0406323 0.0455436 0.0643976 0.0460806 0.0646396 0.0430788 0.0206250 0.0635039 0.0608990 0.0570662 0.0450285 0.0445268 0.0719898 0.0694409 0.0602911 0.0442561 0.0540940 0.0390813 0.0440850 0.0474952 0.0517932 0.0000000 0.0658866 0.0676080 0.0507502 0.0651575 0.0421738 0.0525575 
Peramelidae_Peroryctes_raffrayana            0.0644743 0.0571453 0.0659309 0.0682200 0.0682325 0.0689030 0.0641163 0.0659867 0.0686918 0.0171807 0.0714631 0.0792348 0.0692205 0.0653746 0.0774960 0.0708478 0.0712173 0.0679746 0.0787524 0.0837545 0.0804332 0.0735886 0.0647113 0.0681698 0.0708301 0.0674499 0.0808743 0.0834133 0.0658866 0.0000000 0.0198254 0.0616059 0.0193200 0.0610970 0.0599568 
Peramelidae_Perameles_gunnii                 0.0660634 0.0644329 0.0684092 0.0713853 0.0714579 0.0739102 0.0667975 0.0660002 0.0707148 0.0019408 0.0708105 0.0828852 0.0706567 0.0661894 0.0818170 0.0780569 0.0737639 0.0711404 0.0781464 0.0956380 0.0924728 0.0779777 0.0741374 0.0733879 0.0700983 0.0712487 0.0785839 0.0855957 0.0676080 0.0198254 0.0000000 0.0646478 0.0231770 0.0637526 0.0649769 
Dasyuridae_Sminthopsis_macroura              0.0522764 0.0486055 0.0541567 0.0599087 0.0575173 0.0197567 0.0502895 0.0533761 0.0591959 0.0600698 0.0548158 0.0225315 0.0532544 0.0476357 0.0208778 0.0219849 0.0118672 0.0583946 0.0643283 0.0780067 0.0719335 0.0193433 0.0565076 0.0578186 0.0586940 0.0597541 0.0673900 0.0608338 0.0507502 0.0616059 0.0646478 0.0000000 0.0730755 0.0544738 0.0208434 
Peramelidae_Echymipera_kalubu                0.0626573 0.0557921 0.0692081 0.0728561 0.0722489 0.0701415 0.0694537 0.0639753 0.0700540 0.0162980 0.0706412 0.0760194 0.0713130 0.0601391 0.0741245 0.0736725 0.0658750 0.0725214 0.0787210 0.0913029 0.0880801 0.0699950 0.0714186 0.0702701 0.0719364 0.0720161 0.0800289 0.0839345 0.0651575 0.0193200 0.0231770 0.0730755 0.0000000 0.0713065 0.0714405 
Phalangeridae_Phalanger_carmelitae           0.0380333 0.0426961 0.0434873 0.0434937 0.0423744 0.0531715 0.0159642 0.0097892 0.0445892 0.0569163 0.0087741 0.0613274 0.0035214 0.0385454 0.0594137 0.0576287 0.0528536 0.0427727 0.0473083 0.0704662 0.0645111 0.0560304 0.0391571 0.0492766 0.0405309 0.0428547 0.0470886 0.0499269 0.0421738 0.0610970 0.0637526 0.0544738 0.0713065 0.0000000 0.0555880 
Dasyuridae_Dasyurus_geffroii                 0.0536044 0.0510423 0.0553012 0.0585009 0.0561250 0.0040512 0.0538553 0.0538671 0.0584188 0.0603958 0.0572026 0.0230296 0.0555926 0.0488286 0.0203267 0.0107610 0.0198907 0.0576752 0.0680040 0.0791093 0.0748777 0.0177367 0.0564526 0.0591100 0.0623843 0.0566036 0.0722539 0.0625532 0.0525575 0.0599568 0.0649769 0.0208434 0.0714405 0.0555880 0.0000000 
