35
Burramyidae_Burramys_parvus                  0.0000000 0.0561153 0.0443478 0.0461780 0.0485385 0.0576386 0.0539041 0.0459669 0.0425733 0.0585287 0.0560172 0.0582509 0.0509647 0.0583045 0.0360409 0.0536565 0.0540168 0.0559982 0.0472586 0.0434293 0.0448441 0.0559530 0.0563397 0.0517727 0.0394197 0.0537170 0.0381974 0.0419418 0.0466451 0.0570936 0.0350612 0.0563160 0.0674737 0.0554010 0.0543646 
Notoryctidae_Notoryctes_typhlops             0.0561153 0.0000000 0.0605780 0.0643534 0.0652009 0.0732551 0.0732203 0.0695894 0.0630969 0.0688348 0.0802327 0.0673762 0.0660304 0.0840268 0.0601669 0.0666335 0.0710652 0.0687155 0.0721528 0.0614033 0.0723510 0.0768030 0.0787701 0.0672755 0.0540717 0.0614344 0.0650998 0.0633384 0.0647720 0.0850071 0.0603105 0.0817199 0.0838804 0.0718564 0.0792794 
Vombatidae_Lasiorhinus_latifrons             0.0443478 0.0605780 0.0000000 0.0469527 0.0492999 0.0633057 0.0549953 0.0468298 0.0429748 0.0593132 0.0638808 0.0511339 0.0565142 0.0649907 0.0446677 0.0581902 0.0602073 0.0621880 0.0596971 0.0422659 0.0577881 0.0645846 0.0646376 0.0563059 0.0470038 0.0577251 0.0462127 0.0459672 0.0629525 0.0673871 0.0442312 0.0625618 0.0632227 0.0614844 0.0671696 
Potoroidae_Bettongia_penicillata             0.0461780 0.0643534 0.0469527 0.0000000 0.0064866 0.0713650 0.0558005 0.0522670 0.0132339 0.0702782 0.0655799 0.0618964 0.0648897 0.0666083 0.0457257 0.0669056 0.0695609 0.0691244 0.0625048 0.0192315 0.0614120 0.0691834 0.0708955 0.0662771 0.0325062 0.0655911 0.0485664 0.0203931 0.0617719 0.0711061 0.0465631 0.0637334 0.0712684 0.0699377 0.0691092 
Potoroidae_Bettongia_lesueur                 0.0485385 0.0652009 0.0492999 0.0064866 0.0000000 0.0721756 0.0541090 0.0570205 0.0158710 0.0721769 0.0691215 0.0597640 0.0647610 0.0702644 0.0472009 0.0688328 0.0708088 0.0699453 0.0618419 0.0215720 0.0627504 0.0710792 0.0732392 0.0662171 0.0345258 0.0642847 0.0517469 0.0233270 0.0641467 0.0744797 0.0493106 0.0677149 0.0712381 0.0711753 0.0689019 
Dasyuridae_Dasyurus_maculatus                0.0576386 0.0732551 0.0633057 0.0713650 0.0721756 0.0000000 0.0759250 0.0787255 0.0679418 0.0791851 0.0804195 0.0204221 0.0195186 0.0826392 0.0616912 0.0229948 0.0046357 0.0201924 0.0645362 0.0689789 0.0727005 0.0728402 0.0745447 0.0158696 0.0618670 0.0675638 0.0658542 0.0707252 0.0817157 0.0835067 0.0643495 0.0803898 0.0765244 0.0035129 0.0705721 
Phalangeridae_Trichosurus_vulpecula          0.0539041 0.0732203 0.0549953 0.0558005 0.0541090 0.0759250 0.0000000 0.0347689 0.0540416 0.0663781 0.0335986 0.0530373 0.0679797 0.0327155 0.0502270 0.0739617 0.0732070 0.0701885 0.0676324 0.0547791 0.0677329 0.0745487 0.0759953 0.0699765 0.0536445 0.0638718 0.0549958 0.0564943 0.0749923 0.0762337 0.0551385 0.0302420 0.0684772 0.0749131 0.0745055 
Phalangeridae_Spilocuscus_maculatus          0.0459669 0.0695894 0.0468298 0.0522670 0.0570205 0.0787255 0.0347689 0.0000000 0.0504100 0.0739328 0.0114697 0.0751422 0.0728707 0.0093041 0.0539938 0.0759921 0.0759015 0.0729124 0.0645547 0.0507669 0.0652648 0.0661566 0.0751682 0.0721301 0.0553828 0.0722200 0.0523632 0.0506060 0.0691833 0.0608539 0.0518606 0.0088323 0.0780016 0.0758095 0.0720845 
Potoroidae_Aepyprymnus_rufescens             0.0425733 0.0630969 0.0429748 0.0132339 0.0158710 0.0679418 0.0540416 0.0504100 0.0000000 0.0723695 0.0633508 0.0577559 0.0597168 0.0641592 0.0442089 0.0610818 0.0652253 0.0651017 0.0597379 0.0184791 0.0576043 0.0699439 0.0716008 0.0618097 0.0339980 0.0649822 0.0467015 0.0192863 0.0629818 0.0684582 0.0463967 0.0611715 0.0664617 0.0651823 0.0653056 
Peramelidae_Perameles_nasuta                 0.0585287 0.0688348 0.0593132 0.0702782 0.0721769 0.0791851 0.0663781 0.0739328 0.0723695 0.0000000 0.0689388 0.0775373 0.0751318 0.0733124 0.0575527 0.0730810 0.0778806 0.0769383 0.0172896 0.0681394 0.0766358 0.0763044 0.0759379 0.0706710 0.0683501 0.0620088 0.0667859 0.0672965 0.0840332 0.0890228 0.0645189 0.0705253 0.0353124 0.0784246 0.0195285 
Phalangeridae_Strigocuscus_pelengensis       0.0560172 0.0802327 0.0638808 0.0655799 0.0691215 0.0804195 0.0335986 0.0114697 0.0633508 0.0689388 0.0000000 0.0670932 0.0760434 0.0117711 0.0598797 0.0765376 0.0757857 0.0735115 0.0689401 0.0650723 0.0766455 0.0746827 0.0819290 0.0754610 0.0634747 0.0786039 0.0627471 0.0670548 0.0922756 0.0790143 0.0649507 0.0106318 0.0690047 0.0780236 0.0753943 
Dasyuridae_Phascogale_tapoatafa              0.0582509 0.0673762 0.0511339 0.0618964 0.0597640 0.0204221 0.0530373 0.0751422 0.0577559 0.0775373 0.0670932 0.0000000 0.0181928 0.0677997 0.0605826 0.0159079 0.0182677 0.0251356 0.0628564 0.0613347 0.0708289 0.0748524 0.0796634 0.0120059 0.0578448 0.0696646 0.0655649 0.0613224 0.0863870 0.0781052 0.0607731 0.0664502 0.0745568 0.0186462 0.0694315 
Dasyuridae_Sminthopsis_macroura              0.0509647 0.0660304 0.0565142 0.0648897 0.0647610 0.0195186 0.0679797 0.0728707 0.0597168 0.0751318 0.0760434 0.0181928 0.0000000 0.0796502 0.0549312 0.0241152 0.0182597 0.0184078 0.0602803 0.0609798 0.0657035 0.0693956 0.0720976 0.0169886 0.0547275 0.0607165 0.0560917 0.0633493 0.0722836 0.0757107 0.0546083 0.0774368 0.0747424 0.0180112 0.0681333 
Phalangeridae_Phalanger_orientalis           0.0583045 0.0840268 0.0649907 0.0666083 0.0702644 0.0826392 0.0327155 0.0093041 0.0641592 0.0733124 0.0117711 0.0677997 0.0796502 0.0000000 0.0609746 0.0809050 0.0780904 0.0782641 0.0731840 0.0644340 0.0769166 0.0759267 0.0820958 0.0780521 0.0657208 0.0806128 0.0656705 0.0668224 0.0928775 0.0795313 0.0666316 0.0024611 0.0727206 0.0802292 0.0796661 
Acrobatidae_Acrobates_pygmaeus               0.0360409 0.0601669 0.0446677 0.0457257 0.0472009 0.0616912 0.0502270 0.0539938 0.0442089 0.0575527 0.0598797 0.0605826 0.0549312 0.0609746 0.0000000 0.0567574 0.0597608 0.0624463 0.0492726 0.0430475 0.0418133 0.0582864 0.0636550 0.0538221 0.0372793 0.0499107 0.0323440 0.0455871 0.0343617 0.0501597 0.0213179 0.0580834 0.0636456 0.0608016 0.0577783 
Dasyuridae_Phascogale_calura                 0.0536565 0.0666335 0.0581902 0.0669056 0.0688328 0.0229948 0.0739617 0.0759921 0.0610818 0.0730810 0.0765376 0.0159079 0.0241152 0.0809050 0.0567574 0.0000000 0.0208979 0.0293058 0.0648051 0.0611535 0.0676608 0.0739818 0.0794372 0.0139242 0.0559248 0.0633722 0.0595339 0.0636008 0.0748202 0.0798790 0.0575734 0.0786517 0.0785255 0.0214107 0.0711394 
Dasyuridae_Sarcophilus_harrisii              0.0540168 0.0710652 0.0602073 0.0695609 0.0708088 0.0046357 0.0732070 0.0759015 0.0652253 0.0778806 0.0757857 0.0182677 0.0182597 0.0780904 0.0597608 0.0208979 0.0000000 0.0202683 0.0639900 0.0662292 0.0709445 0.0705750 0.0745405 0.0145556 0.0596653 0.0660172 0.0627601 0.0671957 0.0792578 0.0790648 0.0612392 0.0758627 0.0750192 0.0035556 0.0685841 
Dasyuridae_Planigale_tenuirostris            0.0559982 0.0687155 0.0621880 0.0691244 0.0699453 0.0201924 0.0701885 0.0729124 0.0651017 0.0769383 0.0735115 0.0251356 0.0184078 0.0782641 0.0624463 0.0293058 0.0202683 0.0000000 0.0605310 0.0669830 0.0737589 0.0677071 0.0739833 0.0225938 0.0603189 0.0711512 0.0626269 0.0693170 0.0904783 0.0751309 0.0604667 0.0758320 0.0743377 0.0184482 0.0686637 
Peramelidae_Echymipera_kalubu                0.0472586 0.0721528 0.0596971 0.0625048 0.0618419 0.0645362 0.0676324 0.0645547 0.0597379 0.0172896 0.0689401 0.0628564 0.0602803 0.0731840 0.0492726 0.0648051 0.0639900 0.0605310 0.0000000 0.0579437 0.0626856 0.0634516 0.0636171 0.0605143 0.0528116 0.0502566 0.0580847 0.0609075 0.0603650 0.0742339 0.0546444 0.0729420 0.0292215 0.0640331 0.0228507 
Macropodidae_Dorcopsulus_vanheurni           0.0434293 0.0614033 0.0422659 0.0192315 0.0215720 0.0689789 0.0547791 0.0507669 0.0184791 0.0681394 0.0650723 0.0613347 0.0609798 0.0644340 0.0430475 0.0611535 0.0662292 0.0669830 0.0579437 0.0000000 0.0597112 0.0661224 0.0670176 0.0634425 0.0328420 0.0628638 0.0477589 0.0122572 0.0549625 0.0709384 0.0448688 0.0619561 0.0637471 0.0661722 0.0645540 
Pseudochiridae_Pseudochirulus_forbesi        0.0448441 0.0723510 0.0577881 0.0614120 0.0627504 0.0727005 0.0677329 0.0652648 0.0576043 0.0766358 0.0766455 0.0708289 0.0657035 0.0769166 0.0418133 0.0676608 0.0709445 0.0737589 0.0626856 0.0597112 0.0000000 0.0705920 0.0744277 0.0671189 0.0505878 0.0683162 0.0270200 0.0577079 0.0099772 0.0558072 0.0393604 0.0743486 0.0715735 0.0716915 0.0711409 
Didelphidae_Didelphis_virginiana             0.0559530 0.0768030 0.0645846 0.0691834 0.0710792 0.0728402 0.0745487 0.0661566 0.0699439 0.0763044 0.0746827 0.0748524 0.0693956 0.0759267 0.0582864 0.0739818 0.0705750 0.0677071 0.0634516 0.0661224 0.0705920 0.0000000 0.0298356 0.0659169 0.0604579 0.0689355 0.0624178 0.0662681 0.0788195 0.0701101 0.0613930 0.0743497 0.0808560 0.0709838 0.0705810 
Marmosidae_Monodelphis_domestica             0.0563397 0.0787701 0.0646376 0.0708955 0.0732392 0.0745447 0.0759953 0.0751682 0.0716008 0.0759379 0.0819290 0.0796634 0.0720976 0.0820958 0.0636550 0.0794372 0.0745405 0.0739833 0.0636171 0.0670176 0.0744277 0.0298356 0.0000000 0.0747595 0.0640890 0.0710476 0.0655403 0.0671931 0.0825067 0.0729092 0.0660327 0.0808473 0.0824397 0.0757558 0.0706204 
Dasyuridae_Antechinus_stuartii               0.0517727 0.0672755 0.0563059 0.0662771 0.0662171 0.0158696 0.0699765 0.0721301 0.0618097 0.0706710 0.0754610 0.0120059 0.0169886 0.0780521 0.0538221 0.0139242 0.0145556 0.0225938 0.0605143 0.0634425 0.0671189 0.0659169 0.0747595 0.0000000 0.0554495 0.0605356 0.0580847 0.0647043 0.0764182 0.0746177 0.0550750 0.0758509 0.0724208 0.0154884 0.0662094 
Hypsiprymnodontidae_Hypsiprymnodon_moschatus 0.0394197 0.0540717 0.0470038 0.0325062 0.0345258 0.0618670 0.0536445 0.0553828 0.0339980 0.0683501 0.0634747 0.0578448 0.0547275 0.0657208 0.0372793 0.0559248 0.0596653 0.0603189 0.0528116 0.0328420 0.0505878 0.0604579 0.0640890 0.0554495 0.0000000 0.0550451 0.0398172 0.0335761 0.0527673 0.0589494 0.0366350 0.0636528 0.0705900 0.0592214 0.0595563 
Microbiotheriidae_Dromiciops_gliroides       0.0537170 0.0614344 0.0577251 0.0655911 0.0642847 0.0675638 0.0638718 0.0722200 0.0649822 0.0620088 0.0786039 0.0696646 0.0607165 0.0806128 0.0499107 0.0633722 0.0660172 0.0711512 0.0502566 0.0628638 0.0683162 0.0689355 0.0710476 0.0605356 0.0550451 0.0000000 0.0564689 0.0641276 0.0707621 0.0788792 0.0542692 0.0783643 0.0660189 0.0675824 0.0579274 
Pseudochiridae_Petauroides_volans            0.0381974 0.0650998 0.0462127 0.0485664 0.0517469 0.0658542 0.0549958 0.0523632 0.0467015 0.0667859 0.0627471 0.0655649 0.0560917 0.0656705 0.0323440 0.0595339 0.0627601 0.0626269 0.0580847 0.0477589 0.0270200 0.0624178 0.0655403 0.0580847 0.0398172 0.0564689 0.0000000 0.0467328 0.0211203 0.0496264 0.0329526 0.0640824 0.0656797 0.0640313 0.0644771 
Macropodidae_Wallabia_bicolor                0.0419418 0.0633384 0.0459672 0.0203931 0.0233270 0.0707252 0.0564943 0.0506060 0.0192863 0.0672965 0.0670548 0.0613224 0.0633493 0.0668224 0.0455871 0.0636008 0.0671957 0.0693170 0.0609075 0.0122572 0.0577079 0.0662681 0.0671931 0.0647043 0.0335761 0.0641276 0.0467328 0.0000000 0.0534969 0.0680403 0.0460382 0.0639151 0.0652984 0.0680016 0.0683724 
Pseudochiridae_Pseudocheirus_occidentalis    0.0466451 0.0647720 0.0629525 0.0617719 0.0641467 0.0817157 0.0749923 0.0691833 0.0629818 0.0840332 0.0922756 0.0863870 0.0722836 0.0928775 0.0343617 0.0748202 0.0792578 0.0904783 0.0603650 0.0549625 0.0099772 0.0788195 0.0825067 0.0764182 0.0527673 0.0707621 0.0211203 0.0534969 0.0000000 0.0616926 0.0340677 0.0900068 0.0682787 0.0814573 0.0763302 
Tarsipedidae_Tarsipes_rostratus              0.0570936 0.0850071 0.0673871 0.0711061 0.0744797 0.0835067 0.0762337 0.0608539 0.0684582 0.0890228 0.0790143 0.0781052 0.0757107 0.0795313 0.0501597 0.0798790 0.0790648 0.0751309 0.0742339 0.0709384 0.0558072 0.0701101 0.0729092 0.0746177 0.0589494 0.0788792 0.0496264 0.0680403 0.0616926 0.0000000 0.0517422 0.0774329 0.0862152 0.0810928 0.0835957 
Acrobatidae_Distoechurus_pennatus            0.0350612 0.0603105 0.0442312 0.0465631 0.0493106 0.0643495 0.0551385 0.0518606 0.0463967 0.0645189 0.0649507 0.0607731 0.0546083 0.0666316 0.0213179 0.0575734 0.0612392 0.0604667 0.0546444 0.0448688 0.0393604 0.0613930 0.0660327 0.0550750 0.0366350 0.0542692 0.0329526 0.0460382 0.0340677 0.0517422 0.0000000 0.0632854 0.0652934 0.0621021 0.0614390 
Phalangeridae_Phalanger_carmelitae           0.0563160 0.0817199 0.0625618 0.0637334 0.0677149 0.0803898 0.0302420 0.0088323 0.0611715 0.0705253 0.0106318 0.0664502 0.0774368 0.0024611 0.0580834 0.0786517 0.0758627 0.0758320 0.0729420 0.0619561 0.0743486 0.0743497 0.0808473 0.0758509 0.0636528 0.0783643 0.0640824 0.0639151 0.0900068 0.0774329 0.0632854 0.0000000 0.0716836 0.0780068 0.0788614 
Peramelidae_Peroryctes_raffrayana            0.0674737 0.0838804 0.0632227 0.0712684 0.0712381 0.0765244 0.0684772 0.0780016 0.0664617 0.0353124 0.0690047 0.0745568 0.0747424 0.0727206 0.0636456 0.0785255 0.0750192 0.0743377 0.0292215 0.0637471 0.0715735 0.0808560 0.0824397 0.0724208 0.0705900 0.0660189 0.0656797 0.0652984 0.0682787 0.0862152 0.0652934 0.0716836 0.0000000 0.0748087 0.0457607 
Dasyuridae_Dasyurus_geffroii                 0.0554010 0.0718564 0.0614844 0.0699377 0.0711753 0.0035129 0.0749131 0.0758095 0.0651823 0.0784246 0.0780236 0.0186462 0.0180112 0.0802292 0.0608016 0.0214107 0.0035556 0.0184482 0.0640331 0.0661722 0.0716915 0.0709838 0.0757558 0.0154884 0.0592214 0.0675824 0.0640313 0.0680016 0.0814573 0.0810928 0.0621021 0.0780068 0.0748087 0.0000000 0.0700532 
Peramelidae_Perameles_gunnii                 0.0543646 0.0792794 0.0671696 0.0691092 0.0689019 0.0705721 0.0745055 0.0720845 0.0653056 0.0195285 0.0753943 0.0694315 0.0681333 0.0796661 0.0577783 0.0711394 0.0685841 0.0686637 0.0228507 0.0645540 0.0711409 0.0705810 0.0706204 0.0662094 0.0595563 0.0579274 0.0644771 0.0683724 0.0763302 0.0835957 0.0614390 0.0788614 0.0457607 0.0700532 0.0000000 
