194
I0185_86_Accipitridae_Buteo_jamaicensis                   0.0000000 0.0463208 0.0370022 0.0479270 0.0460630 0.0626613 0.0316425 0.0372327 0.0540053 0.0770372 0.0317561 0.0519451 0.0471075 0.0520963 0.0472400 0.0329883 0.0171563 0.0473789 0.0240241 0.0471218 0.0281917 0.0506401 0.0251925 0.0258530 0.0242974 0.0403411 0.0270995 0.0643806 0.0556388 0.0594677 0.0280240 0.0442786 0.0462913 0.0451738 0.0467325 0.0394855 0.0579560 0.0472094 0.0547425 0.0476881 0.0626437 0.0465166 0.0440258 0.0791726 0.0622488 0.0723916 0.0561291 0.0713099 0.0443144 0.0436059 0.0344678 0.0486754 0.0251628 0.0426017 0.0430746 0.0476434 0.0391258 0.0320025 0.0263603 0.0465182 0.0443759 0.0287146 0.0288517 0.0638826 0.0443660 0.0531293 0.0399358 0.0256894 0.0327552 0.0613916 0.0511834 0.0356899 0.0654490 0.0542701 0.0497277 0.0447067 0.0327647 0.0286359 0.0439026 0.0374798 0.0075973 0.0284991 0.0398200 0.0446029 0.0510491 0.0534816 0.0243392 0.0201441 0.0499801 0.0645675 0.0425426 0.0379238 0.0342569 0.0240460 0.0472807 0.0484134 0.0699445 0.0248354 0.0545587 0.0278440 0.0215397 0.0261477 0.0373026 0.0460705 0.0484846 0.0397700 0.0302422 0.0280725 0.0313643 0.0427124 0.0626910 0.0301178 0.0412202 0.0598464 0.0293503 0.0227914 0.0519444 0.0448617 0.0256277 0.0518644 0.0537034 0.0407075 0.0236057 0.0172793 0.0249882 0.0503670 0.0381637 0.0372839 0.0520944 0.0250979 0.0647958 0.0299687 0.0375415 0.0231777 0.0428383 0.0700301 0.0539034 0.0307827 0.0563639 0.0312457 0.0411362 0.0354772 0.0237264 0.0286075 0.0237990 0.0402483 0.0289058 0.0621592 0.0495038 0.0356229 0.0257637 0.0508768 0.0595264 0.0433597 0.0448902 0.0227069 0.0276189 0.0301155 0.0273826 0.0267790 0.0306403 0.0426604 0.0455426 0.0402035 0.0542418 0.0323430 0.0401565 0.0488011 0.0481448 0.0305122 0.0774149 0.0295558 0.0381839 0.0282675 0.0525708 0.0488274 0.0578071 0.0245679 0.0171332 0.0245898 0.0283145 0.0537276 0.0265936 0.0573012 0.0556440 0.0497347 0.0453947 0.1263643 0.0490853 0.0610205 0.0556343 0.0375911 0.0401859 0.0445594 
I0187_115_Trogonidae_Trogon_elegans                       0.0463208 0.0000000 0.0571597 0.0670954 0.0193156 0.0750204 0.0521425 0.0568679 0.0701922 0.0877304 0.0522138 0.0703832 0.0618136 0.0685014 0.0657699 0.0546682 0.0392359 0.0643199 0.0454912 0.0635605 0.0497481 0.0683951 0.0458785 0.0482820 0.0464469 0.0593055 0.0479438 0.0757116 0.0746641 0.0767885 0.0497544 0.0628976 0.0649577 0.0641785 0.0660583 0.0589378 0.0746825 0.0654945 0.0730109 0.0649477 0.0819489 0.0657655 0.0629992 0.0965445 0.0802057 0.0898413 0.0741744 0.0852763 0.0604963 0.0642265 0.0549625 0.0663710 0.0467310 0.0620744 0.0619160 0.0667068 0.0587444 0.0520624 0.0480352 0.0636067 0.0639765 0.0505476 0.0498570 0.0827203 0.0633348 0.0708196 0.0609367 0.0475175 0.0533451 0.0795122 0.0699103 0.0539265 0.0768969 0.0745868 0.0671481 0.0623508 0.0540403 0.0501678 0.0628740 0.0521584 0.0471393 0.0498576 0.0603629 0.0628609 0.0673413 0.0685706 0.0466845 0.0431713 0.0670839 0.0835429 0.0619465 0.0570593 0.0542022 0.0447330 0.0676985 0.0680168 0.0826679 0.0465997 0.0728853 0.0482467 0.0462893 0.0470829 0.0563605 0.0613000 0.0668879 0.0583108 0.0502534 0.0486373 0.0516742 0.0629457 0.0803681 0.0522124 0.0612508 0.0788632 0.0510833 0.0446982 0.0702880 0.0645010 0.0476127 0.0699381 0.0739377 0.0608783 0.0463539 0.0496484 0.0461269 0.0682132 0.0577055 0.0574942 0.0721486 0.0470211 0.0800425 0.0509424 0.0565465 0.0445452 0.0611560 0.0810578 0.0719756 0.0508034 0.0749960 0.0524897 0.0608272 0.0548253 0.0448639 0.0508211 0.0443229 0.0589502 0.0502084 0.0809905 0.0647893 0.0554437 0.0463981 0.0663342 0.0803729 0.0625781 0.0632046 0.0439215 0.0496887 0.0525695 0.0487613 0.0488227 0.0512382 0.0625181 0.0647428 0.0598076 0.0732479 0.0538665 0.0575413 0.0684225 0.0657025 0.0518196 0.0946249 0.0524206 0.0589779 0.0480413 0.0707907 0.0661471 0.0761296 0.0458251 0.0471961 0.0458237 0.0501330 0.0754436 0.0487053 0.0748158 0.0740938 0.0673804 0.0639010 0.1398885 0.0666175 0.0782106 0.0741840 0.0583211 0.0571158 0.0632677 
I0188_135_Apodidae_Streptoprocne_zonaris                  0.0370022 0.0571597 0.0000000 0.0562449 0.0569700 0.0693670 0.0423341 0.0479604 0.0622558 0.0859601 0.0429852 0.0607637 0.0563884 0.0622510 0.0559003 0.0446750 0.0293704 0.0570279 0.0357098 0.0557669 0.0391408 0.0588186 0.0379979 0.0364665 0.0347427 0.0501388 0.0368247 0.0717026 0.0650899 0.0683944 0.0408121 0.0538425 0.0548237 0.0452709 0.0466989 0.0489248 0.0666012 0.0551909 0.0627381 0.0559251 0.0685160 0.0558317 0.0530562 0.0904425 0.0728101 0.0832559 0.0649103 0.0824659 0.0559931 0.0513984 0.0471435 0.0562990 0.0373979 0.0526684 0.0528082 0.0567306 0.0488308 0.0420239 0.0390993 0.0560501 0.0219542 0.0421164 0.0400685 0.0707593 0.0540012 0.0625801 0.0501906 0.0372161 0.0426405 0.0697856 0.0611357 0.0456339 0.0741632 0.0635984 0.0573931 0.0542258 0.0437086 0.0418398 0.0533347 0.0457089 0.0380456 0.0387977 0.0511960 0.0553416 0.0607551 0.0619824 0.0352551 0.0325146 0.0500129 0.0725705 0.0519163 0.0478102 0.0452240 0.0350360 0.0568328 0.0585157 0.0798013 0.0363933 0.0652957 0.0378690 0.0380532 0.0376614 0.0474311 0.0561409 0.0575218 0.0502362 0.0430260 0.0375744 0.0436034 0.0520643 0.0700484 0.0411494 0.0508048 0.0676199 0.0404231 0.0333828 0.0602827 0.0545702 0.0375188 0.0615928 0.0638966 0.0507674 0.0352743 0.0406717 0.0367693 0.0592067 0.0216556 0.0469904 0.0622171 0.0355467 0.0775012 0.0404930 0.0436494 0.0356282 0.0533255 0.0779246 0.0623847 0.0404911 0.0644211 0.0416352 0.0508692 0.0461121 0.0361095 0.0394571 0.0353942 0.0506475 0.0398417 0.0693656 0.0599588 0.0455103 0.0369794 0.0625859 0.0701310 0.0530911 0.0542110 0.0338086 0.0383373 0.0413590 0.0394464 0.0394867 0.0409965 0.0520205 0.0551711 0.0509387 0.0629768 0.0443619 0.0501588 0.0576347 0.0574856 0.0420301 0.0888110 0.0410092 0.0484850 0.0394871 0.0604993 0.0585937 0.0655749 0.0360649 0.0372176 0.0360120 0.0419136 0.0645418 0.0389930 0.0666208 0.0650382 0.0582790 0.0543361 0.1286319 0.0586621 0.0704892 0.0635246 0.0478508 0.0514271 0.0546850 
I0189_225_Eurylaimidae_Smithornis_rufolateralis           0.0479270 0.0670954 0.0562449 0.0000000 0.0659293 0.0755055 0.0519245 0.0566011 0.0725818 0.0921443 0.0526997 0.0484349 0.0661075 0.0690154 0.0379058 0.0546402 0.0399249 0.0384808 0.0467344 0.0378442 0.0506295 0.0401290 0.0468276 0.0479353 0.0469272 0.0587834 0.0484557 0.0788960 0.0511731 0.0547658 0.0505162 0.0362893 0.0373512 0.0634513 0.0642300 0.0580393 0.0521829 0.0375083 0.0727712 0.0375014 0.0793156 0.0381792 0.0355215 0.0943875 0.0803512 0.0911588 0.0516514 0.0904972 0.0639775 0.0615424 0.0557877 0.0385840 0.0484985 0.0592637 0.0351789 0.0381568 0.0585146 0.0521318 0.0489191 0.0381470 0.0624301 0.0507889 0.0505037 0.0813073 0.0358365 0.0726850 0.0604500 0.0474131 0.0523923 0.0798507 0.0712574 0.0550742 0.0788800 0.0735044 0.0395370 0.0361953 0.0549803 0.0505282 0.0357092 0.0544191 0.0490537 0.0509741 0.0581097 0.0641661 0.0694414 0.0701983 0.0466891 0.0437144 0.0673374 0.0818217 0.0607069 0.0557857 0.0553515 0.0474736 0.0669053 0.0683751 0.0857208 0.0477748 0.0740374 0.0492398 0.0486880 0.0491556 0.0576104 0.0654136 0.0654606 0.0600485 0.0532891 0.0490369 0.0548040 0.0595289 0.0795744 0.0522327 0.0613348 0.0783949 0.0516109 0.0457596 0.0421796 0.0649568 0.0480276 0.0473973 0.0732992 0.0576460 0.0464634 0.0505167 0.0483162 0.0302359 0.0564484 0.0543705 0.0723388 0.0470562 0.0848969 0.0526545 0.0555173 0.0472189 0.0631945 0.0848223 0.0692972 0.0512750 0.0350140 0.0532158 0.0618699 0.0569565 0.0470558 0.0508069 0.0470395 0.0607259 0.0513058 0.0794407 0.0699715 0.0557520 0.0483188 0.0710512 0.0785862 0.0408626 0.0366185 0.0459202 0.0498041 0.0524229 0.0491824 0.0498983 0.0512893 0.0601648 0.0626183 0.0613899 0.0725359 0.0538206 0.0602251 0.0401931 0.0387466 0.0519839 0.0964499 0.0520030 0.0585581 0.0507294 0.0314514 0.0441145 0.0758389 0.0473558 0.0474138 0.0475362 0.0510502 0.0749271 0.0502573 0.0527631 0.0515204 0.0456374 0.0221560 0.1362508 0.0441223 0.0571433 0.0512415 0.0583390 0.0610366 0.0466546 
I0190_295_Trogonidae_Apaloderma_aequatoriale              0.0460630 0.0193156 0.0569700 0.0659293 0.0000000 0.0741290 0.0511147 0.0561215 0.0697671 0.0868140 0.0513498 0.0694450 0.0631772 0.0675292 0.0655849 0.0528526 0.0391064 0.0643255 0.0452742 0.0634183 0.0482206 0.0684835 0.0451506 0.0473172 0.0457407 0.0590541 0.0471498 0.0748078 0.0731594 0.0748961 0.0491071 0.0627312 0.0646341 0.0637461 0.0660961 0.0585655 0.0739621 0.0657907 0.0714352 0.0650060 0.0804270 0.0653115 0.0622744 0.0955781 0.0790400 0.0891928 0.0724021 0.0839094 0.0603207 0.0634942 0.0543555 0.0658778 0.0462658 0.0627993 0.0615408 0.0664983 0.0583366 0.0519203 0.0483283 0.0635970 0.0628301 0.0501333 0.0495739 0.0804437 0.0623234 0.0693762 0.0601475 0.0471694 0.0524154 0.0775634 0.0686209 0.0531159 0.0760787 0.0737103 0.0675615 0.0629111 0.0531208 0.0496730 0.0625363 0.0521696 0.0464268 0.0488977 0.0602923 0.0623545 0.0673618 0.0685895 0.0459354 0.0430248 0.0670170 0.0828169 0.0610505 0.0572989 0.0534245 0.0446427 0.0665646 0.0664647 0.0809833 0.0461501 0.0710724 0.0472589 0.0457845 0.0466385 0.0564357 0.0605914 0.0662384 0.0577846 0.0501578 0.0475070 0.0506197 0.0627338 0.0792606 0.0514128 0.0605180 0.0776580 0.0503542 0.0445159 0.0693404 0.0633001 0.0468886 0.0690922 0.0727859 0.0607378 0.0459969 0.0492371 0.0455285 0.0675270 0.0575824 0.0571271 0.0714446 0.0462561 0.0785592 0.0501458 0.0566816 0.0440377 0.0600968 0.0804771 0.0709828 0.0511887 0.0737955 0.0512869 0.0595959 0.0541239 0.0445329 0.0500214 0.0439872 0.0588318 0.0489331 0.0795940 0.0644864 0.0549126 0.0456458 0.0658896 0.0796642 0.0626664 0.0626832 0.0436168 0.0489603 0.0521265 0.0488682 0.0479907 0.0502248 0.0620023 0.0634155 0.0591880 0.0719964 0.0522003 0.0579032 0.0673592 0.0650870 0.0502521 0.0938937 0.0514594 0.0579681 0.0480331 0.0700860 0.0659054 0.0753363 0.0451145 0.0465171 0.0452499 0.0491863 0.0742056 0.0475802 0.0737375 0.0733986 0.0670295 0.0637681 0.1391388 0.0663392 0.0775745 0.0727842 0.0574270 0.0565341 0.0620341 
I0191_344_Indicatoridae_Indicator_exilis                  0.0626613 0.0750204 0.0693670 0.0755055 0.0741290 0.0000000 0.0655392 0.0704243 0.0783938 0.0503006 0.0661954 0.0772194 0.0754459 0.0762472 0.0766352 0.0668486 0.0538162 0.0741102 0.0604416 0.0745822 0.0625496 0.0763994 0.0615560 0.0617433 0.0615783 0.0733140 0.0615291 0.0279217 0.0789942 0.0804089 0.0635204 0.0749641 0.0765818 0.0745052 0.0756993 0.0700933 0.0814763 0.0760414 0.0841779 0.0765131 0.0913333 0.0762248 0.0735463 0.1029728 0.0955174 0.0996949 0.0779548 0.0946469 0.0715724 0.0719631 0.0697627 0.0762647 0.0625189 0.0734393 0.0728889 0.0756578 0.0727585 0.0655179 0.0626063 0.0733027 0.0736572 0.0650830 0.0646243 0.0930870 0.0740798 0.0840980 0.0724396 0.0620231 0.0646292 0.0886578 0.0828002 0.0648837 0.0282566 0.0871196 0.0773074 0.0746842 0.0681982 0.0650317 0.0740236 0.0593012 0.0623559 0.0621124 0.0715629 0.0729520 0.0731660 0.0728017 0.0607194 0.0581035 0.0766610 0.0932760 0.0724910 0.0687753 0.0687283 0.0590085 0.0801534 0.0811194 0.0406092 0.0613980 0.0848448 0.0628572 0.0615927 0.0618111 0.0721611 0.0710163 0.0782592 0.0747111 0.0641516 0.0622828 0.0668543 0.0745435 0.0914871 0.0645410 0.0747947 0.0899583 0.0661419 0.0597033 0.0779316 0.0778962 0.0618569 0.0765213 0.0865084 0.0726845 0.0615626 0.0641983 0.0603567 0.0749484 0.0694906 0.0686775 0.0847495 0.0616259 0.0886372 0.0631853 0.0670574 0.0597680 0.0771659 0.0431163 0.0802886 0.0650979 0.0835265 0.0658350 0.0724930 0.0702740 0.0599330 0.0652965 0.0593890 0.0735125 0.0636079 0.0893905 0.0761403 0.0694646 0.0611518 0.0771041 0.0909965 0.0719511 0.0747544 0.0592451 0.0651959 0.0667844 0.0626877 0.0636871 0.0649543 0.0727306 0.0740903 0.0739032 0.0838478 0.0652872 0.0731565 0.0775527 0.0749693 0.0655481 0.1062465 0.0659460 0.0727633 0.0643753 0.0779096 0.0737801 0.0879119 0.0596130 0.0626300 0.0613143 0.0636786 0.0874294 0.0630529 0.0782254 0.0786076 0.0736719 0.0737301 0.1432300 0.0744262 0.0822732 0.0773861 0.0705233 0.0704071 0.0749151 
I0192_375_Musophagidae_Tauraco_macrorhynchus              0.0316425 0.0521425 0.0423341 0.0519245 0.0511147 0.0655392 0.0000000 0.0409692 0.0584176 0.0796642 0.0191240 0.0562365 0.0512416 0.0565467 0.0515348 0.0381701 0.0234768 0.0512574 0.0286063 0.0513064 0.0337377 0.0540436 0.0317952 0.0316687 0.0304104 0.0435354 0.0321943 0.0672796 0.0603160 0.0635459 0.0349385 0.0489895 0.0504701 0.0503186 0.0512772 0.0437713 0.0623736 0.0511493 0.0589332 0.0515093 0.0663694 0.0512960 0.0486066 0.0818738 0.0647539 0.0755868 0.0604519 0.0743633 0.0494524 0.0465667 0.0411854 0.0525590 0.0308836 0.0477368 0.0480233 0.0520097 0.0437578 0.0370587 0.0318427 0.0500537 0.0491891 0.0360257 0.0346041 0.0682754 0.0495358 0.0579709 0.0449623 0.0310132 0.0369587 0.0645099 0.0565087 0.0396763 0.0684864 0.0584554 0.0529794 0.0486639 0.0378040 0.0357259 0.0483305 0.0407802 0.0324451 0.0337795 0.0454020 0.0497892 0.0557058 0.0575187 0.0295936 0.0266539 0.0547265 0.0689700 0.0476698 0.0427158 0.0385637 0.0287916 0.0520803 0.0532282 0.0731388 0.0303092 0.0588420 0.0335828 0.0320059 0.0312555 0.0421725 0.0512687 0.0529255 0.0449936 0.0370491 0.0328759 0.0369899 0.0474641 0.0660011 0.0356634 0.0470328 0.0638990 0.0338625 0.0284568 0.0565021 0.0494058 0.0310611 0.0568258 0.0585572 0.0446047 0.0292095 0.0344944 0.0303737 0.0544151 0.0425765 0.0414828 0.0565013 0.0301287 0.0697007 0.0351095 0.0422300 0.0284544 0.0462174 0.0750476 0.0551679 0.0361793 0.0594814 0.0363275 0.0457410 0.0391384 0.0293722 0.0345451 0.0280746 0.0454841 0.0341435 0.0666416 0.0540009 0.0393399 0.0306064 0.0546186 0.0640336 0.0492118 0.0494125 0.0279114 0.0326498 0.0362556 0.0328339 0.0330052 0.0349510 0.0463724 0.0476209 0.0458654 0.0577928 0.0373944 0.0449209 0.0531366 0.0519102 0.0359774 0.0811599 0.0353134 0.0426632 0.0345380 0.0564725 0.0532936 0.0618797 0.0299989 0.0324659 0.0292935 0.0348342 0.0585139 0.0327360 0.0611789 0.0607891 0.0535400 0.0503270 0.1306755 0.0538083 0.0651539 0.0601470 0.0421119 0.0452324 0.0501258 
I0193_447_Columbidae_Treron_calvus                        0.0372327 0.0568679 0.0479604 0.0566011 0.0561215 0.0704243 0.0409692 0.0000000 0.0641047 0.0850366 0.0410470 0.0616354 0.0563678 0.0616751 0.0567120 0.0430067 0.0203564 0.0564116 0.0348024 0.0558963 0.0380463 0.0585671 0.0367209 0.0367466 0.0344641 0.0173017 0.0365657 0.0724878 0.0661768 0.0684380 0.0391740 0.0536251 0.0547915 0.0567382 0.0574500 0.0182290 0.0668635 0.0557212 0.0624580 0.0561555 0.0705119 0.0563048 0.0538849 0.0874470 0.0709190 0.0802437 0.0655093 0.0819054 0.0552892 0.0517256 0.0452465 0.0566155 0.0366539 0.0514330 0.0525843 0.0569609 0.0174278 0.0426373 0.0376160 0.0550079 0.0550397 0.0407313 0.0396632 0.0723643 0.0545333 0.0617590 0.0492622 0.0370392 0.0421908 0.0682000 0.0606426 0.0459215 0.0724808 0.0628214 0.0579200 0.0544158 0.0438672 0.0402956 0.0536203 0.0376292 0.0385495 0.0380011 0.0490327 0.0555019 0.0601198 0.0617953 0.0345570 0.0319286 0.0602909 0.0738479 0.0514158 0.0469765 0.0433896 0.0337708 0.0574411 0.0587090 0.0796561 0.0345385 0.0632264 0.0374905 0.0374636 0.0363540 0.0465837 0.0550921 0.0560877 0.0486503 0.0418929 0.0378417 0.0423134 0.0515333 0.0712377 0.0406645 0.0509862 0.0691773 0.0402470 0.0334471 0.0601248 0.0535512 0.0371850 0.0625876 0.0621754 0.0497460 0.0355043 0.0403558 0.0352415 0.0595717 0.0482557 0.0467473 0.0605532 0.0348099 0.0758437 0.0397792 0.0471486 0.0333105 0.0514094 0.0794853 0.0614043 0.0411505 0.0657205 0.0410229 0.0498240 0.0451835 0.0339074 0.0385742 0.0335362 0.0478143 0.0387550 0.0680750 0.0599636 0.0443801 0.0348497 0.0608001 0.0689440 0.0533355 0.0542175 0.0325566 0.0381238 0.0414445 0.0390950 0.0386225 0.0399718 0.0499071 0.0528892 0.0487009 0.0625000 0.0420563 0.0487516 0.0581912 0.0574623 0.0402007 0.0857597 0.0401219 0.0161465 0.0393822 0.0609888 0.0584968 0.0657271 0.0350177 0.0367851 0.0343663 0.0397998 0.0631379 0.0385892 0.0669529 0.0648347 0.0587353 0.0559174 0.1292162 0.0592329 0.0706584 0.0661217 0.0476425 0.0513170 0.0540795 
I0194_495_Alcedinidae_Alcedo_quadribrachys                0.0540053 0.0701922 0.0622558 0.0725818 0.0697671 0.0783938 0.0584176 0.0641047 0.0000000 0.0912333 0.0597442 0.0744768 0.0704412 0.0633546 0.0712488 0.0603998 0.0461349 0.0709981 0.0529788 0.0707005 0.0561165 0.0745806 0.0532754 0.0562267 0.0534810 0.0661182 0.0549291 0.0800114 0.0779898 0.0820891 0.0555864 0.0698567 0.0714355 0.0708740 0.0712941 0.0655671 0.0782065 0.0710529 0.0805398 0.0726784 0.0862889 0.0709461 0.0691722 0.0976083 0.0864697 0.0941950 0.0765920 0.0830934 0.0565730 0.0674139 0.0612999 0.0730858 0.0549763 0.0676733 0.0688464 0.0721781 0.0648934 0.0593068 0.0561632 0.0701801 0.0689728 0.0570190 0.0568127 0.0872168 0.0691382 0.0799443 0.0668996 0.0548405 0.0593934 0.0868171 0.0776328 0.0619413 0.0814617 0.0814294 0.0724962 0.0693662 0.0605699 0.0568775 0.0689036 0.0551691 0.0541442 0.0571788 0.0670701 0.0452625 0.0709440 0.0708639 0.0546639 0.0505913 0.0746287 0.0897686 0.0685207 0.0644251 0.0628812 0.0527881 0.0744210 0.0759628 0.0828618 0.0531044 0.0805731 0.0571646 0.0539338 0.0547478 0.0650211 0.0596073 0.0723488 0.0677237 0.0585947 0.0563302 0.0597350 0.0687313 0.0856357 0.0599419 0.0683410 0.0853257 0.0588459 0.0526015 0.0757433 0.0697686 0.0557355 0.0747490 0.0806070 0.0671844 0.0532797 0.0567981 0.0542426 0.0725335 0.0635006 0.0638201 0.0796608 0.0545255 0.0848732 0.0586286 0.0638815 0.0529079 0.0707476 0.0802666 0.0783005 0.0575122 0.0803266 0.0598107 0.0666682 0.0625701 0.0531705 0.0567639 0.0525723 0.0664582 0.0574866 0.0852491 0.0726461 0.0626482 0.0540868 0.0747644 0.0871309 0.0667789 0.0709301 0.0506869 0.0569431 0.0594350 0.0562173 0.0559844 0.0579824 0.0686582 0.0708343 0.0678316 0.0808666 0.0603776 0.0671502 0.0748830 0.0730829 0.0582717 0.0990484 0.0587014 0.0654395 0.0561359 0.0754252 0.0723452 0.0826088 0.0530977 0.0546399 0.0533245 0.0564165 0.0807883 0.0555002 0.0768998 0.0781557 0.0719266 0.0693632 0.1458790 0.0725534 0.0811450 0.0775312 0.0640772 0.0650619 0.0694576 
I0195_522_Ramphastidae_Buccanodon_duchaillui              0.0770372 0.0877304 0.0859601 0.0921443 0.0868140 0.0503006 0.0796642 0.0850366 0.0912333 0.0000000 0.0801614 0.0942487 0.0909492 0.0879996 0.0931261 0.0808055 0.0682785 0.0892525 0.0757264 0.0899111 0.0776818 0.0944343 0.0766601 0.0770736 0.0762123 0.0877130 0.0766249 0.0527852 0.0955572 0.0993244 0.0797790 0.0895331 0.0912881 0.0895092 0.0912534 0.0847140 0.0989911 0.0928922 0.0982434 0.0920724 0.1061453 0.0912153 0.0886898 0.1182302 0.1059601 0.1141347 0.0957493 0.1065156 0.0859152 0.0885205 0.0844264 0.0931361 0.0763102 0.0891756 0.0877704 0.0927092 0.0888282 0.0807647 0.0763698 0.0881455 0.0910393 0.0802186 0.0792199 0.1070115 0.0897283 0.0999017 0.0885847 0.0766485 0.0798924 0.1031161 0.0974218 0.0803907 0.0534205 0.1017454 0.0944214 0.0898490 0.0823702 0.0796527 0.0903114 0.0702660 0.0768735 0.0777867 0.0886091 0.0868314 0.0858245 0.0855501 0.0758995 0.0735515 0.0920020 0.1077182 0.0879505 0.0845264 0.0843705 0.0733432 0.0960327 0.0966054 0.0324781 0.0769239 0.1011090 0.0786790 0.0767791 0.0772156 0.0866467 0.0833108 0.0928242 0.0888490 0.0799058 0.0781892 0.0819040 0.0903165 0.1057077 0.0805529 0.0902191 0.1049767 0.0810918 0.0747842 0.0941453 0.0914474 0.0773864 0.0936888 0.1012035 0.0882487 0.0773308 0.0795874 0.0753076 0.0918026 0.0855700 0.0847451 0.0995088 0.0775278 0.0984192 0.0794790 0.0828821 0.0742800 0.0925670 0.0402833 0.0958265 0.0801609 0.0995569 0.0813695 0.0869875 0.0840448 0.0751926 0.0794782 0.0744952 0.0885767 0.0794965 0.1052882 0.0886479 0.0840602 0.0767626 0.0901568 0.1060664 0.0891218 0.0900389 0.0741127 0.0799300 0.0810789 0.0762411 0.0782199 0.0803004 0.0896029 0.0906599 0.0899885 0.0980019 0.0798787 0.0888610 0.0928874 0.0907338 0.0792945 0.1167940 0.0807672 0.0870200 0.0783547 0.0943223 0.0911396 0.1010704 0.0759085 0.0780458 0.0768404 0.0768090 0.1009636 0.0783208 0.0964568 0.0969035 0.0923589 0.0891938 0.1586433 0.0917178 0.1000235 0.0957155 0.0858538 0.0864657 0.0906053 
I0196_523_Musophagidae_Corythaeola_cristata               0.0317561 0.0522138 0.0429852 0.0526997 0.0513498 0.0661954 0.0191240 0.0410470 0.0597442 0.0801614 0.0000000 0.0573601 0.0528745 0.0578948 0.0522580 0.0377809 0.0233939 0.0526525 0.0283551 0.0521660 0.0329659 0.0546535 0.0312797 0.0311095 0.0291596 0.0439652 0.0317533 0.0678834 0.0613606 0.0642981 0.0348237 0.0497104 0.0515583 0.0512584 0.0520525 0.0439080 0.0632136 0.0521657 0.0587078 0.0520704 0.0654113 0.0516322 0.0494310 0.0840997 0.0669226 0.0766798 0.0617248 0.0764428 0.0491985 0.0465813 0.0412630 0.0533276 0.0306760 0.0474318 0.0489779 0.0530810 0.0435086 0.0363918 0.0314724 0.0514988 0.0506048 0.0360263 0.0343038 0.0672265 0.0495585 0.0583646 0.0452218 0.0308693 0.0374875 0.0642174 0.0567006 0.0401357 0.0683605 0.0583562 0.0538286 0.0489882 0.0377149 0.0356142 0.0485205 0.0417085 0.0325937 0.0325919 0.0462837 0.0497440 0.0568185 0.0584126 0.0291059 0.0266477 0.0556092 0.0683349 0.0463979 0.0428216 0.0382043 0.0284854 0.0521776 0.0536838 0.0741231 0.0300752 0.0598357 0.0329859 0.0322064 0.0309945 0.0419034 0.0515082 0.0526345 0.0443856 0.0372136 0.0324767 0.0364910 0.0479232 0.0660563 0.0349935 0.0461750 0.0633427 0.0334028 0.0277350 0.0566980 0.0485555 0.0307279 0.0575785 0.0584253 0.0453423 0.0293581 0.0342216 0.0300487 0.0548056 0.0437104 0.0421195 0.0566543 0.0296045 0.0711101 0.0349006 0.0421112 0.0281735 0.0473234 0.0753184 0.0558581 0.0354807 0.0611616 0.0356483 0.0455299 0.0394565 0.0285311 0.0333993 0.0282039 0.0450711 0.0338169 0.0654231 0.0550552 0.0391061 0.0300584 0.0558943 0.0642398 0.0498182 0.0502033 0.0269983 0.0317614 0.0354568 0.0319741 0.0331162 0.0349353 0.0465736 0.0483078 0.0456060 0.0578395 0.0367683 0.0449914 0.0547707 0.0536442 0.0354404 0.0829301 0.0346843 0.0431783 0.0334799 0.0568883 0.0545906 0.0611632 0.0292048 0.0315865 0.0288977 0.0343830 0.0585109 0.0327262 0.0619074 0.0613277 0.0541746 0.0502138 0.1311997 0.0548268 0.0659355 0.0605618 0.0417160 0.0465155 0.0497872 
I0197_832_Corvidae_Corvus_albus                           0.0519451 0.0703832 0.0607637 0.0484349 0.0694450 0.0772194 0.0562365 0.0616354 0.0744768 0.0942487 0.0573601 0.0000000 0.0695763 0.0732841 0.0458489 0.0598265 0.0441753 0.0454413 0.0507457 0.0458637 0.0542637 0.0476030 0.0522326 0.0526318 0.0518720 0.0637302 0.0538456 0.0782114 0.0286578 0.0315869 0.0544051 0.0450603 0.0464492 0.0680519 0.0694592 0.0629175 0.0294785 0.0454211 0.0763509 0.0470800 0.0819982 0.0466336 0.0436993 0.0989429 0.0846957 0.0941463 0.0274731 0.0934202 0.0669261 0.0659436 0.0608455 0.0465130 0.0520965 0.0646031 0.0428525 0.0467820 0.0622265 0.0576279 0.0534854 0.0450764 0.0665433 0.0544713 0.0548808 0.0833624 0.0445170 0.0766161 0.0642643 0.0526851 0.0566673 0.0820576 0.0749145 0.0593058 0.0783541 0.0781143 0.0483783 0.0446313 0.0596799 0.0549194 0.0444039 0.0574557 0.0523457 0.0550579 0.0632229 0.0675955 0.0734295 0.0725163 0.0515671 0.0485990 0.0715143 0.0851006 0.0648265 0.0606624 0.0589580 0.0510566 0.0711378 0.0729306 0.0873577 0.0510871 0.0782626 0.0542876 0.0535450 0.0527789 0.0616165 0.0670170 0.0687541 0.0641269 0.0559781 0.0540641 0.0580872 0.0650728 0.0826920 0.0571496 0.0659315 0.0812938 0.0555587 0.0503387 0.0493387 0.0676378 0.0525860 0.0344360 0.0780646 0.0631356 0.0519122 0.0549151 0.0525626 0.0465716 0.0612243 0.0588393 0.0763109 0.0515327 0.0876515 0.0558088 0.0606538 0.0506560 0.0665810 0.0851911 0.0744894 0.0557407 0.0548781 0.0572513 0.0651500 0.0611944 0.0514436 0.0548825 0.0504539 0.0644268 0.0549185 0.0837980 0.0736359 0.0602851 0.0518174 0.0743840 0.0822494 0.0324401 0.0443711 0.0493338 0.0540491 0.0566904 0.0543855 0.0542617 0.0557407 0.0649390 0.0671744 0.0636738 0.0767103 0.0589221 0.0628247 0.0482100 0.0464676 0.0565602 0.1002282 0.0563689 0.0629130 0.0555793 0.0491316 0.0308490 0.0779425 0.0515992 0.0520709 0.0517271 0.0558700 0.0795738 0.0541221 0.0281736 0.0280319 0.0131154 0.0447313 0.1424697 0.0308502 0.0324918 0.0271024 0.0634642 0.0638672 0.0507759 
I0198_937_Bucerotidae_Tockus_camurus                      0.0471075 0.0618136 0.0563884 0.0661075 0.0631772 0.0754459 0.0512416 0.0563678 0.0704412 0.0909492 0.0528745 0.0695763 0.0000000 0.0665648 0.0647621 0.0554353 0.0389712 0.0651129 0.0453491 0.0644737 0.0486192 0.0681119 0.0460924 0.0470325 0.0458025 0.0593015 0.0476936 0.0769324 0.0731556 0.0758766 0.0493751 0.0621563 0.0637886 0.0642263 0.0647964 0.0583615 0.0750482 0.0639543 0.0724143 0.0649537 0.0786046 0.0648917 0.0623329 0.0968782 0.0801027 0.0906418 0.0726341 0.0819412 0.0588545 0.0600845 0.0555459 0.0670335 0.0472301 0.0612436 0.0617523 0.0648881 0.0584838 0.0518920 0.0476520 0.0633937 0.0629222 0.0503638 0.0486014 0.0801590 0.0640362 0.0720544 0.0599858 0.0480562 0.0523109 0.0788279 0.0708318 0.0556102 0.0792209 0.0744672 0.0668363 0.0628307 0.0527338 0.0502877 0.0631290 0.0518359 0.0475418 0.0489659 0.0595892 0.0612370 0.0653807 0.0682996 0.0453462 0.0423388 0.0669257 0.0820482 0.0619740 0.0567638 0.0541357 0.0453044 0.0661227 0.0686030 0.0852771 0.0466231 0.0738575 0.0486476 0.0468150 0.0477324 0.0577433 0.0584842 0.0667215 0.0608041 0.0498470 0.0488380 0.0520491 0.0614573 0.0789490 0.0510035 0.0601243 0.0771170 0.0514967 0.0450052 0.0696757 0.0641356 0.0476829 0.0697589 0.0744064 0.0586007 0.0448020 0.0503199 0.0462357 0.0683955 0.0559109 0.0562669 0.0724210 0.0462594 0.0770907 0.0501319 0.0570714 0.0453511 0.0624518 0.0842993 0.0712703 0.0516664 0.0738047 0.0520107 0.0609995 0.0545841 0.0452902 0.0489401 0.0453688 0.0597984 0.0502174 0.0801363 0.0701768 0.0546238 0.0473167 0.0715878 0.0793060 0.0615518 0.0632279 0.0442689 0.0486342 0.0511258 0.0481791 0.0478995 0.0516939 0.0609442 0.0631916 0.0606921 0.0721774 0.0542039 0.0600503 0.0671560 0.0659896 0.0525936 0.0970476 0.0504085 0.0577897 0.0479566 0.0702466 0.0668312 0.0743755 0.0458736 0.0467011 0.0455484 0.0495816 0.0744682 0.0474518 0.0742788 0.0737930 0.0665992 0.0640114 0.1384595 0.0672608 0.0784958 0.0726189 0.0582625 0.0260992 0.0630039 
I0199_955_Meropidae_Merops_muelleri                       0.0520963 0.0685014 0.0622510 0.0690154 0.0675292 0.0762472 0.0565467 0.0616751 0.0633546 0.0879996 0.0578948 0.0732841 0.0665648 0.0000000 0.0696815 0.0598555 0.0434260 0.0682805 0.0515969 0.0675061 0.0552689 0.0711445 0.0515448 0.0528051 0.0507727 0.0650958 0.0531618 0.0764078 0.0762678 0.0789933 0.0552262 0.0665557 0.0675364 0.0673688 0.0690204 0.0644121 0.0778492 0.0687362 0.0781299 0.0677766 0.0853365 0.0682804 0.0658098 0.0975234 0.0847754 0.0945806 0.0754513 0.0835610 0.0605653 0.0665407 0.0606758 0.0697407 0.0532329 0.0675351 0.0651625 0.0698023 0.0640413 0.0574718 0.0536362 0.0664554 0.0680865 0.0558806 0.0555016 0.0862997 0.0657885 0.0759286 0.0662013 0.0532079 0.0575829 0.0822752 0.0766329 0.0589888 0.0771618 0.0817598 0.0700308 0.0661223 0.0589927 0.0560069 0.0654778 0.0552992 0.0532929 0.0552680 0.0658624 0.0599709 0.0677024 0.0684182 0.0521959 0.0477042 0.0716196 0.0874601 0.0667670 0.0632617 0.0598149 0.0516192 0.0730799 0.0734635 0.0836135 0.0523995 0.0778713 0.0544817 0.0522960 0.0535218 0.0618643 0.0578057 0.0730425 0.0643286 0.0557595 0.0546956 0.0592748 0.0683210 0.0855547 0.0571233 0.0682027 0.0840356 0.0565359 0.0495342 0.0731743 0.0684396 0.0532233 0.0732235 0.0809721 0.0662343 0.0509446 0.0562983 0.0522896 0.0702945 0.0634135 0.0623594 0.0805647 0.0523893 0.0829197 0.0569974 0.0619249 0.0505068 0.0675443 0.0814331 0.0770846 0.0573559 0.0762299 0.0582111 0.0649202 0.0618406 0.0513750 0.0558277 0.0505843 0.0642768 0.0561732 0.0853609 0.0709977 0.0613119 0.0527655 0.0725470 0.0869015 0.0652464 0.0666610 0.0502142 0.0545228 0.0578920 0.0540049 0.0528520 0.0563033 0.0676703 0.0699676 0.0656765 0.0774937 0.0590923 0.0654781 0.0709606 0.0689332 0.0572321 0.1002968 0.0572183 0.0638927 0.0542864 0.0732960 0.0681954 0.0810997 0.0517340 0.0533924 0.0517772 0.0548382 0.0807099 0.0534022 0.0748428 0.0769841 0.0702844 0.0667618 0.1463573 0.0683652 0.0807328 0.0752602 0.0640574 0.0611745 0.0684119 
I0200_988_Furnariidae_Furnarius_rufus                     0.0472400 0.0657699 0.0559003 0.0379058 0.0655849 0.0766352 0.0515348 0.0567120 0.0712488 0.0931261 0.0522580 0.0458489 0.0647621 0.0696815 0.0000000 0.0550120 0.0393728 0.0347892 0.0456515 0.0342463 0.0492118 0.0297836 0.0457214 0.0471879 0.0459300 0.0594535 0.0474847 0.0781724 0.0496660 0.0531123 0.0495071 0.0318052 0.0338805 0.0614508 0.0629359 0.0584303 0.0514552 0.0151006 0.0711170 0.0335657 0.0766534 0.0341742 0.0307274 0.0945739 0.0789671 0.0885302 0.0496334 0.0889097 0.0632468 0.0606279 0.0551605 0.0282272 0.0478132 0.0590787 0.0308919 0.0145439 0.0585708 0.0519812 0.0486343 0.0342888 0.0621472 0.0496159 0.0498219 0.0788489 0.0320248 0.0716564 0.0588467 0.0476450 0.0520131 0.0776164 0.0690205 0.0545069 0.0765643 0.0723530 0.0291373 0.0316686 0.0541188 0.0493537 0.0316296 0.0531270 0.0480255 0.0502080 0.0571690 0.0644246 0.0681846 0.0687765 0.0470239 0.0435354 0.0657745 0.0804796 0.0618214 0.0547186 0.0548752 0.0468350 0.0647354 0.0675956 0.0870912 0.0465548 0.0721991 0.0485522 0.0479213 0.0485235 0.0566460 0.0640078 0.0636579 0.0595385 0.0529663 0.0483434 0.0531418 0.0586618 0.0778505 0.0515399 0.0606305 0.0771792 0.0502823 0.0453096 0.0312696 0.0631248 0.0472444 0.0465257 0.0720446 0.0571775 0.0459130 0.0499417 0.0479741 0.0392203 0.0569098 0.0535140 0.0709659 0.0471481 0.0831812 0.0510077 0.0561039 0.0466623 0.0615437 0.0861422 0.0692915 0.0507596 0.0450494 0.0529670 0.0609663 0.0563756 0.0469963 0.0502042 0.0465721 0.0596546 0.0500322 0.0782202 0.0677741 0.0551857 0.0478278 0.0696569 0.0768171 0.0401188 0.0320388 0.0456187 0.0492171 0.0513600 0.0500507 0.0483276 0.0510042 0.0603737 0.0623585 0.0598904 0.0702204 0.0533246 0.0590511 0.0277464 0.0351980 0.0519842 0.0954810 0.0512666 0.0588474 0.0498143 0.0407022 0.0430399 0.0737960 0.0466214 0.0464429 0.0467435 0.0504387 0.0735819 0.0487630 0.0504114 0.0503705 0.0434140 0.0358131 0.1337594 0.0432295 0.0547557 0.0496040 0.0579371 0.0600511 0.0448282 
I0201_999_Scolopacidae_Tringa_solitaria                   0.0329883 0.0546682 0.0446750 0.0546402 0.0528526 0.0668486 0.0381701 0.0430067 0.0603998 0.0808055 0.0377809 0.0598265 0.0554353 0.0598555 0.0550120 0.0000000 0.0254994 0.0550793 0.0314490 0.0541841 0.0274818 0.0571867 0.0336130 0.0276041 0.0311636 0.0464014 0.0285756 0.0686963 0.0634308 0.0672249 0.0371003 0.0516697 0.0535609 0.0526537 0.0535591 0.0451905 0.0650689 0.0545882 0.0608390 0.0550222 0.0672899 0.0537147 0.0523224 0.0844816 0.0689867 0.0784235 0.0635161 0.0766231 0.0524650 0.0499782 0.0424062 0.0553904 0.0322989 0.0492710 0.0512383 0.0556865 0.0455682 0.0385407 0.0329791 0.0540185 0.0515245 0.0384027 0.0361595 0.0680902 0.0522563 0.0584373 0.0462584 0.0328415 0.0394570 0.0666251 0.0571631 0.0417627 0.0690340 0.0596474 0.0569697 0.0525576 0.0403070 0.0378471 0.0516535 0.0431443 0.0337321 0.0271829 0.0485312 0.0522573 0.0582093 0.0591764 0.0318720 0.0288263 0.0572192 0.0692504 0.0311887 0.0449044 0.0406282 0.0291458 0.0535467 0.0543905 0.0754522 0.0307487 0.0600192 0.0287969 0.0334780 0.0317106 0.0434498 0.0536054 0.0544271 0.0460724 0.0389164 0.0290390 0.0386219 0.0501303 0.0680139 0.0371715 0.0469040 0.0648036 0.0365628 0.0297071 0.0597892 0.0501722 0.0328597 0.0595268 0.0591366 0.0478419 0.0312213 0.0360121 0.0307363 0.0574425 0.0448320 0.0443789 0.0575634 0.0318483 0.0713692 0.0291479 0.0443161 0.0289761 0.0478144 0.0757770 0.0586571 0.0370426 0.0633678 0.0296930 0.0296450 0.0411208 0.0295800 0.0352448 0.0295017 0.0470939 0.0286043 0.0605485 0.0567558 0.0413890 0.0305170 0.0584713 0.0647930 0.0510881 0.0531702 0.0285311 0.0350994 0.0374782 0.0337275 0.0344853 0.0373321 0.0486326 0.0504169 0.0478556 0.0604451 0.0113397 0.0472973 0.0578394 0.0560171 0.0125868 0.0828616 0.0361909 0.0445953 0.0354126 0.0601395 0.0556265 0.0628739 0.0325012 0.0333616 0.0304981 0.0360166 0.0605594 0.0343702 0.0650149 0.0637123 0.0569819 0.0528019 0.1283140 0.0560000 0.0685123 0.0635183 0.0284276 0.0481317 0.0519738 
I0202_1066_Cathartidae_Cathartes_burrovianus              0.0171563 0.0392359 0.0293704 0.0399249 0.0391064 0.0538162 0.0234768 0.0203564 0.0461349 0.0682785 0.0233939 0.0441753 0.0389712 0.0434260 0.0393728 0.0254994 0.0000000 0.0391136 0.0164693 0.0384037 0.0203440 0.0419600 0.0176421 0.0181235 0.0163746 0.0267818 0.0190829 0.0560858 0.0483661 0.0507477 0.0207258 0.0362056 0.0379447 0.0385840 0.0396895 0.0262256 0.0494471 0.0388638 0.0460654 0.0390240 0.0543692 0.0385927 0.0363179 0.0709845 0.0545278 0.0650461 0.0485324 0.0627315 0.0366236 0.0351483 0.0270598 0.0401488 0.0173180 0.0339988 0.0357123 0.0395206 0.0258169 0.0241617 0.0193896 0.0379750 0.0372063 0.0216528 0.0210431 0.0554857 0.0367365 0.0447015 0.0318125 0.0183949 0.0249943 0.0520353 0.0429704 0.0276854 0.0569207 0.0459831 0.0411479 0.0367943 0.0258191 0.0214980 0.0357287 0.0286970 0.0184241 0.0203714 0.0323145 0.0373200 0.0420087 0.0453762 0.0167050 0.0030781 0.0433261 0.0569568 0.0339717 0.0297575 0.0266123 0.0163633 0.0398244 0.0405299 0.0612574 0.0173433 0.0460387 0.0197121 0.0175409 0.0188254 0.0294823 0.0381362 0.0410445 0.0326515 0.0232030 0.0196404 0.0236156 0.0342698 0.0550346 0.0227480 0.0333622 0.0528021 0.0223043 0.0150823 0.0433327 0.0370023 0.0182092 0.0448903 0.0453014 0.0322716 0.0163815 0.0206090 0.0174809 0.0421318 0.0301553 0.0289250 0.0439529 0.0170484 0.0564931 0.0219541 0.0292411 0.0156996 0.0341315 0.0629692 0.0450279 0.0230630 0.0475054 0.0236078 0.0328894 0.0275906 0.0158693 0.0211574 0.0157147 0.0332752 0.0208541 0.0524393 0.0424015 0.0276987 0.0181664 0.0437414 0.0518724 0.0358036 0.0372073 0.0149128 0.0196173 0.0230264 0.0195272 0.0190060 0.0224755 0.0336301 0.0358982 0.0337889 0.0459638 0.0247525 0.0337596 0.0420367 0.0401576 0.0228381 0.0696729 0.0221664 0.0252981 0.0215203 0.0441761 0.0404819 0.0495441 0.0164557 0.0178872 0.0163015 0.0207915 0.0465458 0.0192196 0.0495928 0.0484296 0.0415413 0.0371861 0.1164196 0.0408759 0.0526757 0.0483877 0.0298387 0.0320717 0.0363883 
I0203_1087_Tyrannidae_Hymenops_perspicillatus             0.0473789 0.0643199 0.0570279 0.0384808 0.0643255 0.0741102 0.0512574 0.0564116 0.0709981 0.0892525 0.0526525 0.0454413 0.0651129 0.0682805 0.0347892 0.0550793 0.0391136 0.0000000 0.0465054 0.0126024 0.0504419 0.0371160 0.0465340 0.0487061 0.0471232 0.0590657 0.0491092 0.0751477 0.0494652 0.0516100 0.0500148 0.0209400 0.0214757 0.0639139 0.0656564 0.0590456 0.0511118 0.0340652 0.0709948 0.0207710 0.0774628 0.0190797 0.0196733 0.0925540 0.0786332 0.0881662 0.0487152 0.0879425 0.0621718 0.0624399 0.0556886 0.0359299 0.0479817 0.0593113 0.0199447 0.0353885 0.0587747 0.0525840 0.0490711 0.0097243 0.0620058 0.0502347 0.0495403 0.0791945 0.0196660 0.0710265 0.0599641 0.0469727 0.0517924 0.0782903 0.0701008 0.0545197 0.0736932 0.0731575 0.0364741 0.0196827 0.0545425 0.0498193 0.0202174 0.0544095 0.0479254 0.0507130 0.0575830 0.0647069 0.0693916 0.0699318 0.0469812 0.0427218 0.0670825 0.0812076 0.0612158 0.0547155 0.0547988 0.0465247 0.0659693 0.0675104 0.0842219 0.0473723 0.0717496 0.0498626 0.0485823 0.0489417 0.0581739 0.0632612 0.0629569 0.0611350 0.0529405 0.0494346 0.0532118 0.0593939 0.0787464 0.0528503 0.0613204 0.0779696 0.0507963 0.0460352 0.0376817 0.0635605 0.0479233 0.0449625 0.0727834 0.0576723 0.0466255 0.0501539 0.0474720 0.0394578 0.0572672 0.0536015 0.0711737 0.0469366 0.0833541 0.0519363 0.0556982 0.0462253 0.0628488 0.0825127 0.0700830 0.0511517 0.0457444 0.0533956 0.0610326 0.0573531 0.0464796 0.0509813 0.0460270 0.0596207 0.0507626 0.0802176 0.0672104 0.0555047 0.0478255 0.0682552 0.0779307 0.0393378 0.0209968 0.0451480 0.0500163 0.0527288 0.0499865 0.0490148 0.0517349 0.0597774 0.0631821 0.0594695 0.0705574 0.0534926 0.0586909 0.0366464 0.0114822 0.0518799 0.0941900 0.0518859 0.0578755 0.0495880 0.0418603 0.0411673 0.0747092 0.0458982 0.0474619 0.0470326 0.0507196 0.0747184 0.0494438 0.0493330 0.0496647 0.0424756 0.0359998 0.1374925 0.0412628 0.0529841 0.0495765 0.0589608 0.0598187 0.0459795 
I0204_1174_Threskiornithidae_Harpiprion_caerulescens      0.0240241 0.0454912 0.0357098 0.0467344 0.0452742 0.0604416 0.0286063 0.0348024 0.0529788 0.0757264 0.0283551 0.0507457 0.0453491 0.0515969 0.0456515 0.0314490 0.0164693 0.0465054 0.0000000 0.0460144 0.0259150 0.0492286 0.0241624 0.0228625 0.0211653 0.0377819 0.0240354 0.0623160 0.0552198 0.0582053 0.0273044 0.0437757 0.0456522 0.0438007 0.0450678 0.0377539 0.0563647 0.0456390 0.0517884 0.0465551 0.0591200 0.0459131 0.0434043 0.0769343 0.0556874 0.0699990 0.0552984 0.0699383 0.0432165 0.0408217 0.0336707 0.0472392 0.0213665 0.0405756 0.0429278 0.0469454 0.0369376 0.0296886 0.0223329 0.0455988 0.0435692 0.0282073 0.0267374 0.0607517 0.0441819 0.0512374 0.0369799 0.0224002 0.0308550 0.0591099 0.0491212 0.0339537 0.0636385 0.0513975 0.0479047 0.0439264 0.0314407 0.0281443 0.0433802 0.0348766 0.0251866 0.0259281 0.0390574 0.0439054 0.0486973 0.0517256 0.0199152 0.0191872 0.0486785 0.0617628 0.0397476 0.0359657 0.0319992 0.0198722 0.0449959 0.0467525 0.0691464 0.0222661 0.0522557 0.0251396 0.0247825 0.0226790 0.0343833 0.0443805 0.0463836 0.0377387 0.0298403 0.0249814 0.0294097 0.0409358 0.0598234 0.0267079 0.0392037 0.0572081 0.0262046 0.0195296 0.0508458 0.0420069 0.0223380 0.0522495 0.0507063 0.0387546 0.0199674 0.0276138 0.0213267 0.0492196 0.0360059 0.0352753 0.0487964 0.0210008 0.0644202 0.0275578 0.0352174 0.0197332 0.0394352 0.0687972 0.0500612 0.0280795 0.0553505 0.0289344 0.0380940 0.0323969 0.0201644 0.0268625 0.0196121 0.0382262 0.0264163 0.0597213 0.0490250 0.0327232 0.0219133 0.0492751 0.0572229 0.0433270 0.0443354 0.0182180 0.0234836 0.0280175 0.0230265 0.0254682 0.0275571 0.0394484 0.0416958 0.0386780 0.0515030 0.0309896 0.0387337 0.0482652 0.0476330 0.0292534 0.0761392 0.0278582 0.0366143 0.0270174 0.0514815 0.0476791 0.0536445 0.0221934 0.0243611 0.0203120 0.0266818 0.0518738 0.0252576 0.0569718 0.0543425 0.0485176 0.0448164 0.1235304 0.0478779 0.0610476 0.0552664 0.0353881 0.0389290 0.0433962 
I0205_1183_Tyrannidae_Hirundinea_ferruginea               0.0471218 0.0635605 0.0557669 0.0378442 0.0634183 0.0745822 0.0513064 0.0558963 0.0707005 0.0899111 0.0521660 0.0458637 0.0644737 0.0675061 0.0342463 0.0541841 0.0384037 0.0126024 0.0460144 0.0000000 0.0495311 0.0365687 0.0459121 0.0474664 0.0464503 0.0583936 0.0478407 0.0750837 0.0500718 0.0518202 0.0492675 0.0200585 0.0211497 0.0631362 0.0643544 0.0580038 0.0520717 0.0336327 0.0700163 0.0199020 0.0759946 0.0190497 0.0193954 0.0921230 0.0773253 0.0866889 0.0499226 0.0878749 0.0615097 0.0610379 0.0544067 0.0359007 0.0470618 0.0579773 0.0193505 0.0345460 0.0584295 0.0511037 0.0479882 0.0129563 0.0617881 0.0491486 0.0488662 0.0781885 0.0197944 0.0703323 0.0591257 0.0469222 0.0517304 0.0761391 0.0691724 0.0536505 0.0746079 0.0722790 0.0365078 0.0197169 0.0531556 0.0491428 0.0199004 0.0531656 0.0476946 0.0497147 0.0566837 0.0630477 0.0682480 0.0691950 0.0466576 0.0417483 0.0658931 0.0802675 0.0604013 0.0537629 0.0536053 0.0453526 0.0654573 0.0665153 0.0848405 0.0465813 0.0711772 0.0485451 0.0477082 0.0474763 0.0572615 0.0629662 0.0623038 0.0599312 0.0514009 0.0478016 0.0518971 0.0584550 0.0773252 0.0520176 0.0603847 0.0768317 0.0505331 0.0451426 0.0379073 0.0626540 0.0469261 0.0457245 0.0716261 0.0568174 0.0460840 0.0498847 0.0469412 0.0390669 0.0562424 0.0526260 0.0702585 0.0460228 0.0827166 0.0508908 0.0550336 0.0457481 0.0623117 0.0836503 0.0681216 0.0504620 0.0452959 0.0529986 0.0604530 0.0561496 0.0456039 0.0498917 0.0455720 0.0588729 0.0503346 0.0785395 0.0666258 0.0549061 0.0470194 0.0674314 0.0771184 0.0394328 0.0204638 0.0444897 0.0492165 0.0513983 0.0486985 0.0481889 0.0503640 0.0587347 0.0617557 0.0584980 0.0697938 0.0530238 0.0583475 0.0361721 0.0136250 0.0518110 0.0924697 0.0506809 0.0571663 0.0488132 0.0412229 0.0418008 0.0734266 0.0446558 0.0469696 0.0463898 0.0495688 0.0741540 0.0487198 0.0504409 0.0497138 0.0435496 0.0354468 0.1355712 0.0418712 0.0538751 0.0498953 0.0586109 0.0590843 0.0460128 
