35
Burramyidae_Burramys_parvus                  0.0000000 0.0771700 0.0523050 0.0517487 0.0512156 0.0775380 0.0534404 0.0591680 0.0655301 0.0915743 0.0481024 0.0822639 0.0840202 0.0660728 0.0586147 0.0808628 0.0799006 0.0810544 0.0677957 0.0474624 0.0497564 0.0965841 0.0882962 0.0843298 0.0567852 0.0667954 0.0501235 0.0449609 0.0485515 0.0677816 0.0552480 0.0644713 0.0664899 0.0817785 0.0872380 
Notoryctidae_Notoryctes_typhlops             0.0771700 0.0000000 0.0642968 0.0763601 0.0764692 0.0845168 0.0769554 0.0825705 0.0866695 0.0882343 0.0693589 0.0894106 0.0876467 0.0887964 0.0785418 0.0885981 0.0852463 0.0856827 0.0682102 0.0744141 0.0747070 0.0981726 0.0897712 0.0900247 0.0821236 0.0704171 0.0751159 0.0662396 0.0723580 0.0836813 0.0821215 0.0854976 0.0662068 0.0877819 0.0860913 
Vombatidae_Lasiorhinus_latifrons             0.0523050 0.0642968 0.0000000 0.0531770 0.0534780 0.0727411 0.0584680 0.0640737 0.0608857 0.0797604 0.0462658 0.0725863 0.0762721 0.0649811 0.0577334 0.0715491 0.0750509 0.0720254 0.0545747 0.0499125 0.0509056 0.0870767 0.0800706 0.0729279 0.0559033 0.0599465 0.0514902 0.0395387 0.0480538 0.0635603 0.0567322 0.0630549 0.0539079 0.0772421 0.0756609 
Potoroidae_Bettongia_penicillata             0.0517487 0.0763601 0.0531770 0.0000000 0.0034479 0.0865333 0.0564025 0.0625307 0.0250974 0.0889924 0.0509149 0.0889033 0.0925653 0.0706236 0.0536157 0.0880933 0.0889615 0.0867635 0.0649528 0.0187814 0.0461758 0.0968702 0.0905550 0.0890769 0.0346685 0.0678511 0.0462621 0.0134494 0.0425703 0.0641851 0.0515409 0.0669411 0.0626075 0.0898234 0.0855107 
Potoroidae_Bettongia_lesueur                 0.0512156 0.0764692 0.0534780 0.0034479 0.0000000 0.0862250 0.0563837 0.0623918 0.0253911 0.0874064 0.0516977 0.0885718 0.0921975 0.0701284 0.0541628 0.0874807 0.0886293 0.0861016 0.0650856 0.0181733 0.0470283 0.0968988 0.0912187 0.0884516 0.0345995 0.0668520 0.0446320 0.0130015 0.0421553 0.0641349 0.0515185 0.0670343 0.0618640 0.0894656 0.0837273 
Dasyuridae_Dasyurus_maculatus                0.0775380 0.0845168 0.0727411 0.0865333 0.0862250 0.0000000 0.0783992 0.0804726 0.0900640 0.0886057 0.0663452 0.0162605 0.0226560 0.0860751 0.0796204 0.0147130 0.0046538 0.0188152 0.0671486 0.0838265 0.0851700 0.0953831 0.0913298 0.0156526 0.0920216 0.0843052 0.0835482 0.0702768 0.0812503 0.0835703 0.0889888 0.0835897 0.0673446 0.0039837 0.0846411 
Phalangeridae_Trichosurus_vulpecula          0.0534404 0.0769554 0.0584680 0.0564025 0.0563837 0.0783992 0.0000000 0.0266075 0.0672616 0.0876608 0.0237382 0.0829280 0.0840216 0.0287026 0.0570947 0.0821051 0.0812941 0.0819143 0.0641676 0.0561230 0.0519969 0.0979920 0.0870853 0.0822050 0.0635243 0.0723933 0.0548177 0.0490509 0.0505060 0.0666980 0.0594254 0.0261030 0.0643635 0.0823468 0.0833149 
Phalangeridae_Spilocuscus_maculatus          0.0591680 0.0825705 0.0640737 0.0625307 0.0623918 0.0804726 0.0266075 0.0000000 0.0670649 0.0883950 0.0162859 0.0852076 0.0860491 0.0182463 0.0586075 0.0838447 0.0830933 0.0852838 0.0676967 0.0635954 0.0595833 0.1018682 0.0918159 0.0857438 0.0709001 0.0800500 0.0608234 0.0527822 0.0567495 0.0714517 0.0619977 0.0165023 0.0662369 0.0836516 0.0846329 
Potoroidae_Aepyprymnus_rufescens             0.0655301 0.0866695 0.0608857 0.0250974 0.0253911 0.0900640 0.0672616 0.0670649 0.0000000 0.0900331 0.0521388 0.0905740 0.0963163 0.0736150 0.0591202 0.0894544 0.0927642 0.0904014 0.0657863 0.0324524 0.0620606 0.1012369 0.0960596 0.0897382 0.0494808 0.0825197 0.0612097 0.0148157 0.0571440 0.0645548 0.0657082 0.0715936 0.0631779 0.0929035 0.0865151 
Peramelidae_Perameles_nasuta                 0.0915743 0.0882343 0.0797604 0.0889924 0.0874064 0.0886057 0.0876608 0.0883950 0.0900331 0.0000000 0.0702250 0.0931736 0.0918741 0.0965943 0.0865040 0.0901127 0.0899304 0.0867027 0.0148524 0.0857013 0.0865554 0.1070015 0.1015116 0.0908121 0.0894947 0.0893331 0.0880123 0.0630282 0.0829035 0.0849541 0.0961565 0.0939797 0.0149566 0.0906918 0.0047840 
Phalangeridae_Strigocuscus_pelengensis       0.0481024 0.0693589 0.0462658 0.0509149 0.0516977 0.0663452 0.0237382 0.0162859 0.0521388 0.0702250 0.0000000 0.0710020 0.0717397 0.0170762 0.0494049 0.0692190 0.0685605 0.0670070 0.0638881 0.0518871 0.0487230 0.0811891 0.0708282 0.0714782 0.0556311 0.0654126 0.0481951 0.0511600 0.0462107 0.0654594 0.0512279 0.0154964 0.0637730 0.0695591 0.0651691 
Dasyuridae_Phascogale_tapoatafa              0.0822639 0.0894106 0.0725863 0.0889033 0.0885718 0.0162605 0.0829280 0.0852076 0.0905740 0.0931736 0.0710020 0.0000000 0.0263779 0.0903157 0.0799186 0.0048697 0.0180601 0.0210075 0.0693235 0.0858710 0.0896937 0.0983556 0.0952170 0.0127467 0.0937864 0.0849035 0.0866873 0.0713553 0.0841590 0.0861527 0.0918082 0.0877723 0.0718999 0.0192063 0.0890246 
Dasyuridae_Sminthopsis_macroura              0.0840202 0.0876467 0.0762721 0.0925653 0.0921975 0.0226560 0.0840216 0.0860491 0.0963163 0.0918741 0.0717397 0.0263779 0.0000000 0.0911167 0.0858021 0.0247816 0.0238147 0.0176333 0.0690557 0.0882875 0.0899231 0.1024695 0.0968718 0.0260461 0.0958043 0.0871251 0.0885077 0.0742095 0.0876731 0.0902315 0.0944883 0.0884648 0.0713541 0.0245289 0.0878073 
Phalangeridae_Phalanger_orientalis           0.0660728 0.0887964 0.0649811 0.0706236 0.0701284 0.0860751 0.0287026 0.0182463 0.0736150 0.0965943 0.0170762 0.0903157 0.0911167 0.0000000 0.0641345 0.0883042 0.0884849 0.0875782 0.0710219 0.0704385 0.0657219 0.1048100 0.0956154 0.0905225 0.0753882 0.0846849 0.0660596 0.0542505 0.0629881 0.0730447 0.0678559 0.0053534 0.0692135 0.0899371 0.0915637 
Acrobatidae_Acrobates_pygmaeus               0.0586147 0.0785418 0.0577334 0.0536157 0.0541628 0.0796204 0.0570947 0.0586075 0.0591202 0.0865040 0.0494049 0.0799186 0.0858021 0.0641345 0.0000000 0.0778616 0.0823627 0.0790703 0.0648907 0.0529435 0.0511520 0.0995033 0.0893947 0.0797938 0.0607688 0.0759101 0.0504687 0.0402675 0.0462052 0.0613223 0.0375938 0.0630971 0.0630199 0.0828970 0.0813881 
Dasyuridae_Phascogale_calura                 0.0808628 0.0885981 0.0715491 0.0880933 0.0874807 0.0147130 0.0821051 0.0838447 0.0894544 0.0901127 0.0692190 0.0048697 0.0247816 0.0883042 0.0778616 0.0000000 0.0160625 0.0186142 0.0673220 0.0849678 0.0873537 0.0984978 0.0938936 0.0116393 0.0920520 0.0828872 0.0852970 0.0704997 0.0819531 0.0852867 0.0898418 0.0858221 0.0698411 0.0170995 0.0861058 
Dasyuridae_Sarcophilus_harrisii              0.0799006 0.0852463 0.0750509 0.0889615 0.0886293 0.0046538 0.0812941 0.0830933 0.0927642 0.0899304 0.0685605 0.0180601 0.0238147 0.0884849 0.0823627 0.0160625 0.0000000 0.0190622 0.0692033 0.0859685 0.0867451 0.0966177 0.0930973 0.0179089 0.0944634 0.0863817 0.0859931 0.0712432 0.0830681 0.0852548 0.0921890 0.0859624 0.0691276 0.0064519 0.0858846 
Dasyuridae_Planigale_tenuirostris            0.0810544 0.0856827 0.0720254 0.0867635 0.0861016 0.0188152 0.0819143 0.0852838 0.0904014 0.0867027 0.0670070 0.0210075 0.0176333 0.0875782 0.0790703 0.0186142 0.0190622 0.0000000 0.0645342 0.0850116 0.0850952 0.0999885 0.0936066 0.0193666 0.0925657 0.0801449 0.0837011 0.0700784 0.0797682 0.0849249 0.0884519 0.0855004 0.0661234 0.0195505 0.0821154 
Peramelidae_Echymipera_kalubu                0.0677957 0.0682102 0.0545747 0.0649528 0.0650856 0.0671486 0.0641676 0.0676967 0.0657863 0.0148524 0.0638881 0.0693235 0.0690557 0.0710219 0.0648907 0.0673220 0.0692033 0.0645342 0.0000000 0.0634010 0.0657143 0.0777437 0.0763228 0.0686434 0.0682094 0.0640935 0.0633575 0.0608637 0.0596436 0.0806262 0.0722131 0.0682430 0.0086529 0.0699117 0.0114099 
Macropodidae_Dorcopsulus_vanheurni           0.0474624 0.0744141 0.0499125 0.0187814 0.0181733 0.0838265 0.0561230 0.0635954 0.0324524 0.0857013 0.0518871 0.0858710 0.0882875 0.0704385 0.0529435 0.0849678 0.0859685 0.0850116 0.0634010 0.0000000 0.0449209 0.0942987 0.0881692 0.0862909 0.0315368 0.0667227 0.0457907 0.0067770 0.0428756 0.0633608 0.0512450 0.0675259 0.0610154 0.0867226 0.0831709 
Pseudochiridae_Pseudochirulus_forbesi        0.0497564 0.0747070 0.0509056 0.0461758 0.0470283 0.0851700 0.0519969 0.0595833 0.0620606 0.0865554 0.0487230 0.0896937 0.0899231 0.0657219 0.0511520 0.0873537 0.0867451 0.0850952 0.0657143 0.0449209 0.0000000 0.0982277 0.0909510 0.0877319 0.0534538 0.0700956 0.0250661 0.0405749 0.0134264 0.0559539 0.0506205 0.0637323 0.0626499 0.0873295 0.0835588 
Didelphidae_Didelphis_virginiana             0.0965841 0.0981726 0.0870767 0.0968702 0.0968988 0.0953831 0.0979920 0.1018682 0.1012369 0.1070015 0.0811891 0.0983556 0.1024695 0.1048100 0.0995033 0.0984978 0.0966177 0.0999885 0.0777437 0.0942987 0.0982277 0.0000000 0.0422002 0.0995303 0.1024052 0.0913601 0.0967962 0.0735770 0.0934615 0.0888035 0.1042407 0.1026030 0.0774316 0.0993551 0.1032837 
Marmosidae_Monodelphis_domestica             0.0882962 0.0897712 0.0800706 0.0905550 0.0912187 0.0913298 0.0870853 0.0918159 0.0960596 0.1015116 0.0708282 0.0952170 0.0968718 0.0956154 0.0893947 0.0938936 0.0930973 0.0936066 0.0763228 0.0881692 0.0909510 0.0422002 0.0000000 0.0964196 0.0948570 0.0843749 0.0909154 0.0646829 0.0857917 0.0822415 0.0958724 0.0938972 0.0742507 0.0955088 0.0970159 
Dasyuridae_Antechinus_stuartii               0.0843298 0.0900247 0.0729279 0.0890769 0.0884516 0.0156526 0.0822050 0.0857438 0.0897382 0.0908121 0.0714782 0.0127467 0.0260461 0.0905225 0.0797938 0.0116393 0.0179089 0.0193666 0.0686434 0.0862909 0.0877319 0.0995303 0.0964196 0.0000000 0.0935844 0.0864562 0.0862707 0.0712542 0.0833410 0.0875110 0.0895665 0.0879980 0.0705820 0.0192582 0.0870946 
Hypsiprymnodontidae_Hypsiprymnodon_moschatus 0.0567852 0.0821236 0.0559033 0.0346685 0.0345995 0.0920216 0.0635243 0.0709001 0.0494808 0.0894947 0.0556311 0.0937864 0.0958043 0.0753882 0.0607688 0.0920520 0.0944634 0.0925657 0.0682094 0.0315368 0.0534538 0.1024052 0.0948570 0.0935844 0.0000000 0.0743963 0.0526982 0.0266381 0.0503422 0.0672195 0.0589353 0.0728003 0.0658059 0.0962232 0.0860032 
Microbiotheriidae_Dromiciops_gliroides       0.0667954 0.0704171 0.0599465 0.0678511 0.0668520 0.0843052 0.0723933 0.0800500 0.0825197 0.0893331 0.0654126 0.0849035 0.0871251 0.0846849 0.0759101 0.0828872 0.0863817 0.0801449 0.0640935 0.0667227 0.0700956 0.0913601 0.0843749 0.0864562 0.0743963 0.0000000 0.0678063 0.0617833 0.0646079 0.0783018 0.0761157 0.0830306 0.0648669 0.0873573 0.0852916 
Pseudochiridae_Petauroides_volans            0.0501235 0.0751159 0.0514902 0.0462621 0.0446320 0.0835482 0.0548177 0.0608234 0.0612097 0.0880123 0.0481951 0.0866873 0.0885077 0.0660596 0.0504687 0.0852970 0.0859931 0.0837011 0.0633575 0.0457907 0.0250661 0.0967962 0.0909154 0.0862707 0.0526982 0.0678063 0.0000000 0.0414645 0.0221909 0.0547406 0.0495251 0.0636425 0.0614365 0.0877357 0.0831740 
Macropodidae_Wallabia_bicolor                0.0449609 0.0662396 0.0395387 0.0134494 0.0130015 0.0702768 0.0490509 0.0527822 0.0148157 0.0630282 0.0511600 0.0713553 0.0742095 0.0542505 0.0402675 0.0704997 0.0712432 0.0700784 0.0608637 0.0067770 0.0405749 0.0735770 0.0646829 0.0712542 0.0266381 0.0617833 0.0414645 0.0000000 0.0390442 0.0612822 0.0460973 0.0519223 0.0575870 0.0718493 0.0605550 
Pseudochiridae_Pseudocheirus_occidentalis    0.0485515 0.0723580 0.0480538 0.0425703 0.0421553 0.0812503 0.0505060 0.0567495 0.0571440 0.0829035 0.0462107 0.0841590 0.0876731 0.0629881 0.0462052 0.0819531 0.0830681 0.0797682 0.0596436 0.0428756 0.0134264 0.0934615 0.0857917 0.0833410 0.0503422 0.0646079 0.0221909 0.0390442 0.0000000 0.0507595 0.0450925 0.0611708 0.0570632 0.0838447 0.0794103 
Tarsipedidae_Tarsipes_rostratus              0.0677816 0.0836813 0.0635603 0.0641851 0.0641349 0.0835703 0.0666980 0.0714517 0.0645548 0.0849541 0.0654594 0.0861527 0.0902315 0.0730447 0.0613223 0.0852867 0.0852548 0.0849249 0.0806262 0.0633608 0.0559539 0.0888035 0.0822415 0.0875110 0.0672195 0.0783018 0.0547406 0.0612822 0.0507595 0.0000000 0.0660110 0.0708058 0.0786516 0.0845758 0.0796774 
Acrobatidae_Distoechurus_pennatus            0.0552480 0.0821215 0.0567322 0.0515409 0.0515185 0.0889888 0.0594254 0.0619977 0.0657082 0.0961565 0.0512279 0.0918082 0.0944883 0.0678559 0.0375938 0.0898418 0.0921890 0.0884519 0.0722131 0.0512450 0.0506205 0.1042407 0.0958724 0.0895665 0.0589353 0.0761157 0.0495251 0.0460973 0.0450925 0.0660110 0.0000000 0.0659762 0.0690209 0.0937089 0.0903951 
Phalangeridae_Phalanger_carmelitae           0.0644713 0.0854976 0.0630549 0.0669411 0.0670343 0.0835897 0.0261030 0.0165023 0.0715936 0.0939797 0.0154964 0.0877723 0.0884648 0.0053534 0.0630971 0.0858221 0.0859624 0.0855004 0.0682430 0.0675259 0.0637323 0.1026030 0.0938972 0.0879980 0.0728003 0.0830306 0.0636425 0.0519223 0.0611708 0.0708058 0.0659762 0.0000000 0.0667852 0.0872654 0.0891204 
Peramelidae_Peroryctes_raffrayana            0.0664899 0.0662068 0.0539079 0.0626075 0.0618640 0.0673446 0.0643635 0.0662369 0.0631779 0.0149566 0.0637730 0.0718999 0.0713541 0.0692135 0.0630199 0.0698411 0.0691276 0.0661234 0.0086529 0.0610154 0.0626499 0.0774316 0.0742507 0.0705820 0.0658059 0.0648669 0.0614365 0.0575870 0.0570632 0.0786516 0.0690209 0.0667852 0.0000000 0.0694701 0.0112532 
Dasyuridae_Dasyurus_geffroii                 0.0817785 0.0877819 0.0772421 0.0898234 0.0894656 0.0039837 0.0823468 0.0836516 0.0929035 0.0906918 0.0695591 0.0192063 0.0245289 0.0899371 0.0828970 0.0170995 0.0064519 0.0195505 0.0699117 0.0867226 0.0873295 0.0993551 0.0955088 0.0192582 0.0962232 0.0873573 0.0877357 0.0718493 0.0838447 0.0845758 0.0937089 0.0872654 0.0694701 0.0000000 0.0880392 
Peramelidae_Perameles_gunnii                 0.0872380 0.0860913 0.0756609 0.0855107 0.0837273 0.0846411 0.0833149 0.0846329 0.0865151 0.0047840 0.0651691 0.0890246 0.0878073 0.0915637 0.0813881 0.0861058 0.0858846 0.0821154 0.0114099 0.0831709 0.0835588 0.1032837 0.0970159 0.0870946 0.0860032 0.0852916 0.0831740 0.0605550 0.0794103 0.0796774 0.0903951 0.0891204 0.0112532 0.0880392 0.0000000 
