61
AF337128_Lampropeltis_alterna    0.0000000 0.0063995 0.6552704 0.6082481 0.5519716 0.5925290 0.6477935 0.5503869 0.5304083 0.5938922 0.1969934 0.2449529 0.2145897 0.2162587 0.5818569 0.4115331 0.4249732 0.5447831 0.5480607 0.6773020 0.6472465 0.6472465 0.6472465 0.6245639 0.5370928 0.5681968 0.5725184 0.5802798 0.6437445 0.6401744 0.6310111 0.6283372 0.6472465 0.5394953 0.5098070 0.5078567 0.5078567 0.5140396 0.5110705 0.5250183 0.6101501 0.5532948 0.6519314 0.5372230 0.6437837 0.6178079 0.5859371 0.5609722 0.6109087 0.4710238 0.5426967 0.5507597 0.5460923 0.5131919 0.4905405 0.4763428 0.3992698 0.4886314 0.4714180 0.6183104 0.6697859 
AF337134_Lampropeltis_triangulum 0.0063995 0.0000000 0.6622408 0.5907753 0.5388542 0.6073928 0.6282906 0.5467864 0.5304203 0.6030364 0.2043075 0.2274622 0.2186003 0.2218393 0.6075511 0.4115429 0.4250891 0.5339912 0.5372797 0.7059606 0.6751501 0.6751501 0.6751501 0.6516658 0.5261482 0.5642271 0.5685693 0.5763165 0.6681209 0.6676078 0.6760922 0.6519435 0.6751501 0.5287113 0.5008653 0.4989275 0.4989275 0.5022221 0.5246385 0.5389342 0.6146101 0.5511295 0.6314578 0.5275406 0.6486760 0.6017990 0.5813279 0.5564197 0.5947711 0.4701070 0.5319278 0.5398042 0.5353330 0.5114869 0.5000156 0.4847438 0.4188368 0.4780893 0.4610051 0.6235505 0.6726527 
AF471040_Lycodon_zawi            0.6552704 0.6622408 0.0000000 0.6429487 0.6462944 0.7874742 0.8442473 0.7662166 0.7394835 0.5818973 0.6613093 0.6343382 0.5859691 0.5993392 0.7052501 0.4559839 0.4529566 0.4707388 0.4740214 0.2910002 0.2616590 0.2616590 0.2616590 0.2892770 0.4464515 0.6043576 0.5733885 0.5702921 0.2852633 0.2842767 0.2661758 0.2792835 0.2616590 0.4699066 0.5949699 0.5927605 0.5927605 0.4765654 0.4645370 0.4908178 0.3431712 0.4430758 0.4293183 0.4361634 0.4933374 0.5395127 0.5660841 0.5354406 0.5590824 0.4928726 0.4688263 0.4710075 0.4760372 0.5950773 0.3741275 0.5095065 0.4667009 0.5166667 0.4970185 0.0121953 0.7619573 
AF471062_Dipsadoboa_unicolor     0.6082481 0.5907753 0.6429487 0.0000000 0.6616811 0.9002872 0.8327565 0.6561993 0.5142228 0.6147762 0.6529134 0.6569767 0.5957592 0.6399611 0.7322582 0.6009362 0.6438926 0.5681983 0.5717616 0.6544500 0.6360178 0.6360178 0.6360178 0.6020574 0.5845339 0.6320035 0.6451146 0.6555299 0.5840375 0.6020739 0.6469324 0.5800577 0.6360178 0.5686398 0.6180234 0.6156241 0.6156241 0.6212890 0.6506155 0.6680169 0.7348437 0.7034484 0.6126981 0.6986539 0.6372450 0.5842200 0.6410936 0.6236389 0.6114135 0.5919923 0.5716941 0.5810778 0.5695506 0.8028977 0.6516602 0.5844117 0.5700925 0.6192441 0.6104598 0.6353050 0.8291001 
AF471065_Dasypeltis_atra         0.5519716 0.5388542 0.6462944 0.6616811 0.0000000 0.8475058 0.8166729 0.5936094 0.5416278 0.6237556 0.5248533 0.5524690 0.5142712 0.5061564 0.8057553 0.5529576 0.5779025 0.5659949 0.5693070 0.7457599 0.7274352 0.7274352 0.7274352 0.7566432 0.5434211 0.5945528 0.5956750 0.6021675 0.7523140 0.7288445 0.6836722 0.7230079 0.7274352 0.5728296 0.5825269 0.5803788 0.5803788 0.5378966 0.6269468 0.6259475 0.6884237 0.5846343 0.6993785 0.6059053 0.7040624 0.5238902 0.5602820 0.5537152 0.5268659 0.5489153 0.5659949 0.5749966 0.5672584 0.5914811 0.4789012 0.5599775 0.5518666 0.6370979 0.6345266 0.5771906 0.7460461 
Ahaetulla_prasina_CDS1130        0.5925290 0.6073928 0.7874742 0.9002872 0.8475058 0.0000000 0.0178009 0.3801870 0.4361649 0.4169753 0.5980585 0.6040316 0.7240346 0.7679432 0.3501384 0.5736505 0.6752260 0.3558829 0.3558829 0.4757147 0.5243820 0.3886544 0.3886544 0.4003172 0.3903965 0.4222504 0.4118204 0.4271966 0.4750410 0.4061808 0.4217189 0.4526684 0.3886544 0.3361525 0.3917560 0.5633924 0.3888664 0.4143705 0.6484704 0.6683789 0.5151978 0.4591428 0.0194928 0.3287272 0.1252836 0.4708071 0.4020585 0.5838806 0.3325903 0.5408908 0.3390322 0.3526766 0.4821434 0.3657439 0.4903005 0.3481533 0.3272826 0.2849439 0.3879328 0.5379913 0.6521101 
Ahaetulla_prasina_RMB3042        0.6477935 0.6282906 0.8442473 0.8327565 0.8166729 0.0178009 0.0000000 0.5089631 0.5814037 0.5806650 0.6276919 0.6262355 0.6823698 0.6890481 0.2581804 0.6592977 0.7409600 0.5016405 0.4926106 0.6093341 0.7043683 0.5773416 0.5773416 0.5302182 0.4764038 0.5789389 0.5905308 0.6041633 0.5855438 0.5641277 0.4388702 0.5703043 0.5773416 0.4828109 0.5147418 0.6363290 0.5128250 0.4951307 0.7819145 0.8115773 0.5897196 0.5877486 0.6251759 0.4767877 0.6732875 0.5772769 0.4879794 0.5984297 0.4924078 0.6324565 0.4794146 0.4910663 0.5935007 0.5728681 0.4699742 0.4814464 0.2797752 0.4087133 0.4966667 0.5120463 0.6747470 
Boiga_cynodon_CDS4400            0.5503869 0.5467864 0.7662166 0.6561993 0.5936094 0.3801870 0.5089631 0.0000000 0.2193764 0.5449575 0.5442444 0.5384719 0.5379142 0.5515513 0.3197261 0.4302591 0.5517311 0.4288035 0.4177629 0.5318189 0.5612768 0.4792816 0.4792816 0.4753464 0.4490051 0.4083425 0.4035934 0.4064367 0.4459486 0.4875524 0.4656049 0.4459138 0.4792816 0.4246318 0.3936511 0.4709017 0.3919492 0.3364950 0.6080546 0.6189139 0.5117258 0.5354717 0.5011987 0.3958118 0.3867625 0.4810127 0.3659150 0.4318223 0.4094662 0.5160898 0.4227273 0.4284524 0.4957044 0.4091362 0.4777593 0.4371407 0.2360115 0.4562744 0.5344705 0.5891871 0.6098063 
Boiga_dendrophila_CDS1575        0.5304083 0.5304203 0.7394835 0.5142228 0.5416278 0.4361649 0.5814037 0.2193764 0.0000000 0.4831496 0.4807553 0.4499726 0.4902974 0.4422860 0.3253043 0.5205944 0.4990780 0.4175286 0.4050222 0.6081680 0.5943348 0.5943348 0.5943348 0.6013726 0.5003312 0.3834159 0.3979898 0.4052997 0.6010339 0.5738000 0.5184633 0.5994537 0.5943348 0.4075562 0.4193792 0.4171047 0.4174377 0.4273711 0.5392746 0.5330131 0.6794198 0.6056405 0.7961216 0.4569006 0.4246238 0.3907771 0.3610883 0.3844816 0.4006746 0.6005615 0.3996398 0.4000436 0.4034278 0.4357835 0.5389210 0.4429467 0.2130771 0.4198970 0.4296145 0.6787683 0.5994819 
Ptyas_luzonensis_RMB4445         0.5938922 0.6030364 0.5818973 0.6147762 0.6237556 0.4169753 0.5806650 0.5449575 0.4831496 0.0000000 0.5433718 0.5741078 0.4993803 0.4953051 0.1667994 0.4658655 0.5934086 0.3400906 0.3300467 0.5280430 0.4996700 0.4996700 0.4996700 0.5054037 0.3158268 0.4890804 0.4812879 0.4858619 0.5027386 0.4791993 0.3806844 0.4911755 0.4996700 0.3226206 0.3375444 0.3349573 0.3353374 0.4348369 0.5535285 0.5503429 0.5448853 0.5987655 0.7735804 0.4234257 0.3786229 0.3864920 0.4121411 0.4022804 0.3835060 0.6432913 0.3195638 0.3243637 0.3189678 0.5573160 0.3436520 0.4595584 0.1438901 0.4555770 0.4386623 0.5643301 0.5939259 
FJ627818_Pituophis_deppei        0.1969934 0.2043075 0.6613093 0.6529134 0.5248533 0.5980585 0.6276919 0.5442444 0.4807553 0.5433718 0.0000000 0.1073785 0.2236680 0.2037443 0.5654920 0.4469441 0.4597716 0.4588925 0.4588925 0.7597832 0.7581073 0.7581073 0.7581073 0.7546942 0.5087366 0.5881923 0.5751888 0.5775841 0.7515754 0.7558256 0.6971832 0.7476201 0.7581073 0.4649181 0.5406325 0.5383879 0.5383879 0.4952381 0.5951263 0.5896224 0.6152887 0.5347259 0.5563579 0.5363377 0.5530292 0.5099652 0.5325669 0.5424656 0.5148591 0.5061965 0.4573216 0.4573216 0.4569015 0.4673117 0.5219209 0.4879754 0.4504865 0.5449970 0.5435812 0.6439961 0.6152637 
FJ627819_Pituophis_catenifer     0.2449529 0.2274622 0.6343382 0.6569767 0.5524690 0.6040316 0.6262355 0.5384719 0.4499726 0.5741078 0.1073785 0.0000000 0.2182402 0.2202113 0.6311125 0.4794029 0.4743452 0.5007764 0.5041367 0.7709478 0.7653324 0.7653324 0.7653324 0.7853424 0.5323597 0.5995192 0.6051033 0.6074628 0.7380352 0.7590095 0.6873332 0.7342209 0.7653324 0.5107903 0.5202770 0.5182648 0.5182648 0.4425237 0.5658432 0.5701637 0.6708460 0.5554787 0.5528609 0.5206927 0.5692081 0.5176437 0.5466771 0.5559639 0.5279433 0.5079291 0.5027928 0.5027928 0.5022282 0.5334728 0.5079951 0.5361295 0.4152540 0.5076868 0.5062737 0.5934191 0.5746035 
GU073440_Pantherophis_bairdi     0.2145897 0.2186003 0.5859691 0.5957592 0.5142712 0.7240346 0.6823698 0.5379142 0.4902974 0.4993803 0.2236680 0.2182402 0.0000000 0.0800152 0.6497547 0.3546520 0.4610993 0.5039804 0.5039804 0.7114361 0.6916184 0.6916184 0.6916184 0.6905886 0.5443219 0.4826332 0.4883871 0.4916652 0.6666284 0.6764125 0.7126907 0.6430721 0.6916184 0.5175529 0.4620434 0.4597149 0.4597149 0.4205863 0.5280549 0.5216732 0.5279948 0.4570368 0.4100792 0.4289426 0.4100792 0.5300082 0.5188432 0.4932531 0.5221274 0.4225025 0.4999244 0.5089090 0.5016785 0.4539443 0.3885920 0.4511056 0.4240613 0.4644968 0.4627940 0.5721783 0.6350130 
GU073446_Pantherophis_obsoletus  0.2162587 0.2218393 0.5993392 0.6399611 0.5061564 0.7679432 0.6890481 0.5515513 0.4422860 0.4953051 0.2037443 0.2202113 0.0800152 0.0000000 0.4749460 0.3337619 0.4055617 0.4719247 0.4719247 0.6481286 0.6451404 0.6451404 0.6451404 0.6514827 0.5347824 0.3826507 0.3886648 0.4011282 0.6316985 0.6421350 0.6576456 0.6148340 0.6451404 0.4786598 0.5443922 0.5418468 0.5418468 0.4012947 0.4576543 0.4510572 0.5192874 0.4299231 0.4097227 0.3835224 0.4097227 0.5480186 0.5133955 0.5131134 0.5539138 0.4054323 0.4678787 0.4760671 0.4697057 0.4252796 0.3572108 0.4365054 0.3756120 0.4690859 0.4674018 0.5888330 0.6532454 
Gonyosoma_oxycephala_RMB11702    0.5818569 0.6075511 0.7052501 0.7322582 0.8057553 0.3501384 0.2581804 0.3197261 0.3253043 0.1667994 0.5654920 0.6311125 0.6497547 0.4749460 0.0000000 0.3749692 0.6387406 0.1592238 0.1361816 0.2862196 0.4143980 0.2822495 0.2822495 0.2926289 0.1303930 0.2847851 0.2675194 0.2872384 0.2504030 0.2519689 0.2615527 0.2585921 0.2822495 0.1163937 0.1951626 0.3610103 0.1896344 0.2366859 0.6675945 0.6591827 0.5571262 0.4176968 0.0094240 0.1573170 0.0373443 0.2937621 0.1397787 0.2579657 0.1459597 0.4620851 0.1213460 0.1219837 0.2572052 0.2270587 0.4348759 0.1459626 0.1107882 0.1424390 0.2961239 0.5358745 0.4783834 
JF827672.Dinodon.rufozonatum     0.4115331 0.4115429 0.4559839 0.6009362 0.5529576 0.5736505 0.6592977 0.4302591 0.5205944 0.4658655 0.4469441 0.4794029 0.3546520 0.3337619 0.3749692 0.0000000 0.1558019 0.3042151 0.3076490 0.4860145 0.5602386 0.4783518 0.4783518 0.4631231 0.3025775 0.3065609 0.3090938 0.3072633 0.4475285 0.4128332 0.4269797 0.4467065 0.4783518 0.3045890 0.3755672 0.4592601 0.3738729 0.3278069 0.3434689 0.3355408 0.4397363 0.3618416 0.2921301 0.3499384 0.4362728 0.3825896 0.3198485 0.3849662 0.3057889 0.2994546 0.3022422 0.3022422 0.3818788 0.3242099 0.0495298 0.2480257 0.2101150 0.2422321 0.3034231 0.3442656 0.5527267 
AB008539.Dinodon.semicarinatus   0.4249732 0.4250891 0.4529566 0.6438926 0.5779025 0.6752260 0.7409600 0.5517311 0.4990780 0.5934086 0.4597716 0.4743452 0.4610993 0.4055617 0.6387406 0.1558019 0.0000000 0.3931377 0.3964092 0.5873137 0.5590311 0.5590311 0.5590311 0.5790234 0.4354104 0.3807085 0.3863780 0.3890536 0.5409155 0.5405249 0.5442444 0.5276978 0.5590311 0.4065505 0.4624598 0.4606916 0.4606916 0.4054702 0.3250799 0.3254580 0.4646886 0.3959952 0.4179241 0.4285982 0.4227082 0.3975364 0.4047071 0.3974383 0.3998481 0.4375628 0.3913207 0.3964813 0.3946957 0.4101281 0.2728449 0.3572913 0.3874813 0.3434753 0.3323044 0.4316250 0.7044579 
Lycodon_alcalai_RMB9036          0.5447831 0.5339912 0.4707388 0.5681983 0.5659949 0.3558829 0.5016405 0.4288035 0.4175286 0.3400906 0.4588925 0.5007764 0.5039804 0.4719247 0.1592238 0.3042151 0.3931377 0.0000000 0.0001982 0.3442330 0.4068836 0.3419406 0.3419406 0.3423884 0.0093570 0.2794050 0.2808537 0.2828204 0.3553323 0.3292809 0.3147408 0.3591461 0.3419406 0.0014162 0.1080566 0.1725332 0.1060265 0.2531143 0.4368129 0.4588635 0.3819943 0.3968577 0.4013849 0.2401932 0.2861695 0.0966236 0.0525858 0.0884104 0.0550342 0.4036705 0.0005986 0.0006006 0.0007464 0.2820919 0.2528397 0.2658932 0.0999847 0.2695299 0.3247045 0.3828224 0.5707567 
Lycodon_alcalai_RMB9542          0.5480607 0.5372797 0.4740214 0.5717616 0.5693070 0.3558829 0.4926106 0.4177629 0.4050222 0.3300467 0.4588925 0.5041367 0.5039804 0.4719247 0.1361816 0.3076490 0.3964092 0.0001982 0.0000000 0.3222958 0.3841386 0.3199854 0.3199854 0.3307416 0.0093591 0.2665713 0.2682385 0.2698957 0.3433843 0.3171827 0.2948667 0.3476000 0.3199854 0.0011820 0.0988052 0.1597779 0.0969883 0.2485333 0.4302161 0.4520065 0.3761827 0.3999633 0.4076226 0.2345556 0.2726192 0.0906890 0.0501148 0.0831727 0.0523103 0.4066394 0.0003888 0.0003901 0.0003565 0.2701683 0.2528397 0.2563408 0.0905319 0.2597098 0.3146373 0.3828224 0.5707567 
Lycodon_aulicus_205000           0.6773020 0.7059606 0.2910002 0.6544500 0.7457599 0.4757147 0.6093341 0.5318189 0.6081680 0.5280430 0.7597832 0.7709478 0.7114361 0.6481286 0.2862196 0.4860145 0.5873137 0.3442330 0.3222958 0.0000000 0.0141808 0.0078904 0.0078904 0.0140281 0.3377615 0.4702077 0.4583701 0.4529427 0.0121603 0.0140678 0.0113785 0.0123469 0.0078932 0.3175187 0.3658633 0.4375010 0.3640017 0.3811332 0.5333650 0.5628582 0.3323005 0.3923279 0.3733718 0.2473252 0.2307688 0.4144177 0.3502646 0.3884410 0.3715489 0.4491343 0.3083660 0.3082515 0.3761290 0.4328405 0.3635377 0.3132203 0.1546293 0.3585842 0.4004820 0.1557503 0.6207744 
Lycodon_aulicus_CDS4621          0.6472465 0.6751501 0.2616590 0.6360178 0.7274352 0.5243820 0.7043683 0.5612768 0.5943348 0.4996700 0.7581073 0.7653324 0.6916184 0.6451404 0.4143980 0.5602386 0.5590311 0.4068836 0.3841386 0.0141808 0.0000000 0.0000010 0.0000010 0.0217023 0.3946810 0.5392389 0.5222630 0.5209872 0.0209620 0.0227977 0.0187731 0.0202114 0.0000010 0.3794523 0.4362124 0.4346022 0.4342499 0.4263710 0.5157733 0.5443567 0.3466022 0.4478860 0.5052429 0.3078822 0.2077508 0.4106758 0.3906589 0.3741043 0.4243363 0.5564653 0.3807182 0.3862315 0.3778989 0.5010310 0.4620453 0.3755447 0.2000432 0.4113366 0.3870163 0.2037037 0.7633369 
Lycodon_aulicus_CDS658           0.6472465 0.6751501 0.2616590 0.6360178 0.7274352 0.3886544 0.5773416 0.4792816 0.5943348 0.4996700 0.7581073 0.7653324 0.6916184 0.6451404 0.2822495 0.4783518 0.5590311 0.3419406 0.3199854 0.0078904 0.0000010 0.0000000 0.0000010 0.0123396 0.3298200 0.4621272 0.4471214 0.4451848 0.0115990 0.0129423 0.0105565 0.0115045 0.0000010 0.3151864 0.3637563 0.4346022 0.3619083 0.3632821 0.5157733 0.5443567 0.2816821 0.3735419 0.3485994 0.2391833 0.2077508 0.4106758 0.3267816 0.3741043 0.3579238 0.4769955 0.3160640 0.3203236 0.3778989 0.4191837 0.3395386 0.3153983 0.1179276 0.3459351 0.3870163 0.1223963 0.5905367 
Lycodon_aulicus_RMB4347          0.6472465 0.6751501 0.2616590 0.6360178 0.7274352 0.3886544 0.5773416 0.4792816 0.5943348 0.4996700 0.7581073 0.7653324 0.6916184 0.6451404 0.2822495 0.4783518 0.5590311 0.3419406 0.3199854 0.0078904 0.0000010 0.0000010 0.0000000 0.0123396 0.3298200 0.4621272 0.4471214 0.4451848 0.0115990 0.0129423 0.0105565 0.0115045 0.0000010 0.3151864 0.3637563 0.4346022 0.3619083 0.3632821 0.5157733 0.5443567 0.2816821 0.3735419 0.3485994 0.2391833 0.2077508 0.4106758 0.3267816 0.3741043 0.3579238 0.4769955 0.3160640 0.3203236 0.3778989 0.4191837 0.3395386 0.3153983 0.1179276 0.3459351 0.3870163 0.1223963 0.5905367 
Lycodon_aulicus_RMB8785          0.6245639 0.6516658 0.2892770 0.6020574 0.7566432 0.4003172 0.5302182 0.4753464 0.6013726 0.5054037 0.7546942 0.7853424 0.6905886 0.6514827 0.2926289 0.4631231 0.5790234 0.3423884 0.3307416 0.0140281 0.0217023 0.0123396 0.0123396 0.0000000 0.3252499 0.4709973 0.4559450 0.4541160 0.0077470 0.0047229 0.0114474 0.0072179 0.0123445 0.3394847 0.3822691 0.4533850 0.3804970 0.3936798 0.5197193 0.5489376 0.3178333 0.3828063 0.3676582 0.2493210 0.2310949 0.4350716 0.3819753 0.4214735 0.3912296 0.4502923 0.3270466 0.3313436 0.3873257 0.4215064 0.3592582 0.3041919 0.1338282 0.3262550 0.3648962 0.1777387 0.6351930 
Lycodon_bibonius_RMB5709         0.5370928 0.5261482 0.4464515 0.5845339 0.5434211 0.3903965 0.4764038 0.4490051 0.5003312 0.3158268 0.5087366 0.5323597 0.5443219 0.5347824 0.1303930 0.3025775 0.4354104 0.0093570 0.0093591 0.3377615 0.3946810 0.3298200 0.3298200 0.3252499 0.0000000 0.2547531 0.2623503 0.2630241 0.3365546 0.3115368 0.2648028 0.3417371 0.3298200 0.0094988 0.0845867 0.1375815 0.0831146 0.2827050 0.4734412 0.4967885 0.4208299 0.4071104 0.4024225 0.2498981 0.2266818 0.0947418 0.0555703 0.0911361 0.0532465 0.4288611 0.0092310 0.0090251 0.0162925 0.2566079 0.2702809 0.2609066 0.0852841 0.2787002 0.3348922 0.3625598 0.6217999 
Lycodon_butleri_8066             0.5681968 0.5642271 0.6043576 0.6320035 0.5945528 0.4222504 0.5789389 0.4083425 0.3834159 0.4890804 0.5881923 0.5995192 0.4826332 0.3826507 0.2847851 0.3065609 0.3807085 0.2794050 0.2665713 0.4702077 0.5392389 0.4621272 0.4621272 0.4709973 0.2547531 0.0000000 0.0025895 0.0028085 0.4693394 0.4608975 0.3960390 0.4688021 0.4618592 0.2692650 0.2986217 0.3741716 0.2967137 0.2186807 0.1772977 0.1551246 0.5030943 0.4701780 0.4734248 0.3178226 0.4089255 0.3885436 0.2743774 0.3573881 0.3101087 0.3649972 0.2604364 0.2638136 0.3427087 0.2429769 0.0434317 0.2921096 0.0595935 0.3156495 0.4163671 0.4055565 0.5616622 
Lycodon_butleri_9136             0.5725184 0.5685693 0.5733885 0.6451146 0.5956750 0.4118204 0.5905308 0.4035934 0.3979898 0.4812879 0.5751888 0.6051033 0.4883871 0.3886648 0.2675194 0.3090938 0.3863780 0.2808537 0.2682385 0.4583701 0.5222630 0.4471214 0.4471214 0.4559450 0.2623503 0.0025895 0.0000000 0.0005726 0.4541222 0.4543739 0.3938765 0.4538401 0.4468512 0.2626309 0.3051785 0.3802368 0.3033243 0.2383281 0.1772726 0.1553653 0.5034124 0.4843008 0.5023822 0.3240750 0.4243022 0.3856749 0.2725229 0.3543719 0.3165858 0.3623576 0.2537781 0.2559712 0.3397829 0.2284081 0.0453620 0.2951089 0.0581589 0.3040169 0.4038394 0.3922610 0.5835942 
Lycodon_butleri_9421             0.5802798 0.5763165 0.5702921 0.6555299 0.6021675 0.4271966 0.6041633 0.4064367 0.4052997 0.4858619 0.5775841 0.6074628 0.4916652 0.4011282 0.2872384 0.3072633 0.3890536 0.2828204 0.2698957 0.4529427 0.5209872 0.4451848 0.4451848 0.4541160 0.2630241 0.0028085 0.0005726 0.0000000 0.4501712 0.4525090 0.3877645 0.4519961 0.4449108 0.2641353 0.3014641 0.3777944 0.2995530 0.2392076 0.1754872 0.1569342 0.5093558 0.4883947 0.5056121 0.3258177 0.4237521 0.3808649 0.2785879 0.3623583 0.3103685 0.3662444 0.2550194 0.2561386 0.3431208 0.2246461 0.0433988 0.2922538 0.0568376 0.3012139 0.4025851 0.3871615 0.5908712 
Lycodon_capucinus_5725           0.6437445 0.6681209 0.2852633 0.5840375 0.7523140 0.4750410 0.5855438 0.4459486 0.6010339 0.5027386 0.7515754 0.7380352 0.6666284 0.6316985 0.2504030 0.4475285 0.5409155 0.3553323 0.3433843 0.0121603 0.0209620 0.0115990 0.0115990 0.0077470 0.3365546 0.4693394 0.4541222 0.4501712 0.0000000 0.0089882 0.0117483 0.0003842 0.0115945 0.3420971 0.3519554 0.4230524 0.3500581 0.3812721 0.5047244 0.5440346 0.3188421 0.3766750 0.3499901 0.2374553 0.2096888 0.4279139 0.3656428 0.3943512 0.3838195 0.4562798 0.3393570 0.3393570 0.4030195 0.4048618 0.3155452 0.2936220 0.1302267 0.3136445 0.3536878 0.1584805 0.6271012 
Lycodon_capucinus_9277           0.6401744 0.6676078 0.2842767 0.6020739 0.7288445 0.4061808 0.5641277 0.4875524 0.5738000 0.4791993 0.7558256 0.7590095 0.6764125 0.6421350 0.2519689 0.4128332 0.5405249 0.3292809 0.3171827 0.0140678 0.0227977 0.0129423 0.0129423 0.0047229 0.3115368 0.4608975 0.4543739 0.4525090 0.0089882 0.0000000 0.0111694 0.0084269 0.0129371 0.3167348 0.3551991 0.4247325 0.3533323 0.3794403 0.5245818 0.5542580 0.3067212 0.3622809 0.3490909 0.2344874 0.1945132 0.3867583 0.3267688 0.3627906 0.3452731 0.4511565 0.3135194 0.3177413 0.3748489 0.4016364 0.3376430 0.2902010 0.1162639 0.3255331 0.3646905 0.1501565 0.6135373 
Lycodon_capucinus_9695           0.6310111 0.6760922 0.2661758 0.6469324 0.6836722 0.4217189 0.4388702 0.4656049 0.5184633 0.3806844 0.6971832 0.6873332 0.7126907 0.6576456 0.2615527 0.4269797 0.5442444 0.3147408 0.2948667 0.0113785 0.0187731 0.0105565 0.0105565 0.0114474 0.2648028 0.3960390 0.3938765 0.3877645 0.0117483 0.0111694 0.0000000 0.0111234 0.0105521 0.2951153 0.3094308 0.3918208 0.3069225 0.3087501 0.4936403 0.5179152 0.2669889 0.3050378 0.1697911 0.1446635 0.0891766 0.3987436 0.3187935 0.3933836 0.3451751 0.4309929 0.2862235 0.2862235 0.3704759 0.3299892 0.3403678 0.1732197 0.1137754 0.2372600 0.3030111 0.1520064 0.5661806 
Lycodon_capucinus_DSM1325L       0.6283372 0.6519435 0.2792835 0.5800577 0.7230079 0.4526684 0.5703043 0.4459138 0.5994537 0.4911755 0.7476201 0.7342209 0.6430721 0.6148340 0.2585921 0.4467065 0.5276978 0.3591461 0.3476000 0.0123469 0.0202114 0.0115045 0.0115045 0.0072179 0.3417371 0.4688021 0.4538401 0.4519961 0.0003842 0.0084269 0.0111234 0.0000000 0.0115000 0.3470403 0.3549897 0.4232398 0.3531575 0.3739749 0.4983484 0.5366061 0.3086935 0.3665137 0.3488609 0.2285297 0.2042943 0.4389332 0.3674299 0.3947790 0.3948297 0.4482237 0.3444113 0.3489942 0.4060917 0.4022430 0.3227765 0.2911703 0.1427428 0.3203011 0.3588876 0.1558756 0.6146465 
Lycodon_capucinus_RMB9060        0.6472465 0.6751501 0.2616590 0.6360178 0.7274352 0.3886544 0.5773416 0.4792816 0.5943348 0.4996700 0.7581073 0.7653324 0.6916184 0.6451404 0.2822495 0.4783518 0.5590311 0.3419406 0.3199854 0.0078932 0.0000010 0.0000010 0.0000010 0.0123445 0.3298200 0.4618592 0.4468512 0.4449108 0.0115945 0.0129371 0.0105521 0.0115000 0.0000000 0.3148538 0.3634368 0.4346022 0.3615876 0.3635761 0.5157733 0.5443567 0.2816821 0.3735419 0.3485994 0.2388674 0.2071643 0.4103493 0.3264473 0.3737673 0.3579238 0.4769955 0.3157300 0.3199858 0.3775708 0.4195307 0.3395386 0.3150828 0.1176092 0.3456127 0.3866848 0.1223963 0.5905367 
Lycodon_chrysoprateros_RMB6394   0.5394953 0.5287113 0.4699066 0.5686398 0.5728296 0.3361525 0.4828109 0.4246318 0.4075562 0.3226206 0.4649181 0.5107903 0.5175529 0.4786598 0.1163937 0.3045890 0.4065505 0.0014162 0.0011820 0.3175187 0.3794523 0.3151864 0.3151864 0.3394847 0.0094988 0.2692650 0.2626309 0.2641353 0.3420971 0.3167348 0.2951153 0.3470403 0.3148538 0.0000000 0.0916373 0.1497051 0.0899907 0.2468869 0.4312748 0.4531295 0.3830278 0.4012990 0.4042604 0.2279175 0.2525445 0.0858441 0.0477793 0.0788381 0.0498829 0.4043460 0.0015669 0.0015722 0.0024922 0.2685831 0.2798271 0.2482596 0.0851245 0.2474205 0.3031139 0.3780970 0.5790451 
Lycodon_dumereli_ACD4146         0.5098070 0.5008653 0.5949699 0.6180234 0.5825269 0.3917560 0.5147418 0.3936511 0.4193792 0.3375444 0.5406325 0.5202770 0.4620434 0.5443922 0.1951626 0.3755672 0.4624598 0.1080566 0.0988052 0.3658633 0.4362124 0.3637563 0.3637563 0.3822691 0.0845867 0.2986217 0.3051785 0.3014641 0.3519554 0.3551991 0.3094308 0.3549897 0.3634368 0.0916373 0.0000000 0.0003541 0.0001930 0.3020649 0.4953919 0.5019004 0.4564195 0.4584764 0.4519055 0.3043479 0.2847354 0.1189149 0.0782430 0.1222885 0.0664361 0.3505506 0.0897414 0.0875915 0.1520335 0.3278335 0.2432700 0.3252632 0.1164942 0.3026172 0.3748994 0.4411658 0.5759208 
Lycodon_dumereli_CDS1927         0.5078567 0.4989275 0.5927605 0.6156241 0.5803788 0.5633924 0.6363290 0.4709017 0.4171047 0.3349573 0.5383879 0.5182648 0.4597149 0.5418468 0.3610103 0.4592601 0.4606916 0.1725332 0.1597779 0.4375010 0.4346022 0.4346022 0.4346022 0.4533850 0.1375815 0.3741716 0.3802368 0.3777944 0.4230524 0.4247325 0.3918208 0.4232398 0.4346022 0.1497051 0.0003541 0.0000000 0.0000010 0.3704728 0.4935468 0.5000304 0.5418353 0.5506831 0.6730639 0.3800956 0.2847354 0.1172577 0.1264885 0.1205852 0.1074098 0.4284634 0.1470209 0.1446499 0.1501008 0.4070227 0.3899938 0.4066470 0.2681189 0.3857388 0.3774688 0.5312804 0.7965604 
Lycodon_dumereli_RMB4393         0.5078567 0.4989275 0.5927605 0.6156241 0.5803788 0.3888664 0.5128250 0.3919492 0.4174377 0.3353374 0.5383879 0.5182648 0.4597149 0.5418468 0.1896344 0.3738729 0.4606916 0.1060265 0.0969883 0.3640017 0.4342499 0.3619083 0.3619083 0.3804970 0.0831146 0.2967137 0.3033243 0.2995530 0.3500581 0.3533323 0.3069225 0.3531575 0.3615876 0.0899907 0.0001930 0.0000010 0.0000000 0.3001972 0.4935468 0.5000304 0.4548289 0.4567904 0.4519055 0.3023860 0.2847354 0.1170600 0.0768454 0.1203782 0.0653003 0.3488738 0.0881332 0.0860125 0.1498306 0.3259865 0.2389449 0.3273988 0.1206516 0.3049189 0.3771193 0.4392337 0.5728145 
Lycodon_effraensis_DSM927L       0.5140396 0.5022221 0.4765654 0.6212890 0.5378966 0.4143705 0.4951307 0.3364950 0.4273711 0.4348369 0.4952381 0.4425237 0.4205863 0.4012947 0.2366859 0.3278069 0.4054702 0.2531143 0.2485333 0.3811332 0.4263710 0.3632821 0.3632821 0.3936798 0.2827050 0.2186807 0.2383281 0.2392076 0.3812721 0.3794403 0.3087501 0.3739749 0.3635761 0.2468869 0.3020649 0.3704728 0.3001972 0.0000000 0.3940673 0.4029947 0.4006886 0.3144872 0.2773349 0.1838625 0.1424084 0.3067935 0.2645427 0.3220125 0.2612883 0.2176655 0.2426210 0.2454243 0.3091180 0.2441841 0.2086153 0.2559948 0.0884483 0.2930070 0.3469036 0.4008086 0.4479164 
Lycodon_fasciatus_234875         0.5110705 0.5246385 0.4645370 0.6506155 0.6269468 0.6484704 0.7819145 0.6080546 0.5392746 0.5535285 0.5951263 0.5658432 0.5280549 0.4576543 0.6675945 0.3434689 0.3250799 0.4368129 0.4302161 0.5333650 0.5157733 0.5157733 0.5157733 0.5197193 0.4734412 0.1772977 0.1772726 0.1754872 0.5047244 0.5245818 0.4936403 0.4983484 0.5157733 0.4312748 0.4953919 0.4935468 0.4935468 0.3940673 0.0000000 0.0062820 0.4518178 0.4827642 0.5935198 0.4773002 0.6352256 0.4078972 0.4220609 0.4160785 0.4388235 0.3849366 0.4251568 0.4308783 0.4284971 0.4562904 0.1938326 0.4729019 0.3917982 0.4598468 0.4425053 0.3880415 0.7702889 
Lycodon_fasciatus_234957         0.5250183 0.5389342 0.4908178 0.6680169 0.6259475 0.6683789 0.8115773 0.6189139 0.5330131 0.5503429 0.5896224 0.5701637 0.5216732 0.4510572 0.6591827 0.3355408 0.3254580 0.4588635 0.4520065 0.5628582 0.5443567 0.5443567 0.5443567 0.5489376 0.4967885 0.1551246 0.1553653 0.1569342 0.5440346 0.5542580 0.5179152 0.5366061 0.5443567 0.4531295 0.5019004 0.5000304 0.5000304 0.4029947 0.0062820 0.0000000 0.4655830 0.4861952 0.6163751 0.4609540 0.6595972 0.4342016 0.4104472 0.4416465 0.4368053 0.3956747 0.4468555 0.4530584 0.4502393 0.4674352 0.1779872 0.4579811 0.3834846 0.4480373 0.4650976 0.3984762 0.7816884 
Lycodon_jara_235387              0.6101501 0.6146101 0.3431712 0.7348437 0.6884237 0.5151978 0.5897196 0.5117258 0.6794198 0.5448853 0.6152887 0.6708460 0.5279948 0.5192874 0.5571262 0.4397363 0.4646886 0.3819943 0.3761827 0.3323005 0.3466022 0.2816821 0.2816821 0.3178333 0.4208299 0.5030943 0.5034124 0.5093558 0.3188421 0.3067212 0.2669889 0.3086935 0.2816821 0.3830278 0.4564195 0.5418353 0.4548289 0.4006886 0.4518178 0.4655830 0.0000000 0.3644495 0.3441110 0.3673152 0.5271461 0.5162451 0.4632980 0.5311315 0.4580000 0.4971866 0.3803053 0.3849149 0.4477447 0.5050606 0.2455292 0.4977956 0.3935480 0.5352597 0.6169297 0.2131544 0.5612477 
Lycodon_laoensis_258659          0.5532948 0.5511295 0.4430758 0.7034484 0.5846343 0.4591428 0.5877486 0.5354717 0.6056405 0.5987655 0.5347259 0.5554787 0.4570368 0.4299231 0.4176968 0.3618416 0.3959952 0.3968577 0.3999633 0.3923279 0.4478860 0.3735419 0.3735419 0.3828063 0.4071104 0.4701780 0.4843008 0.4883947 0.3766750 0.3622809 0.3050378 0.3665137 0.3735419 0.4012990 0.4584764 0.5506831 0.4567904 0.3144872 0.4827642 0.4861952 0.3644495 0.0000000 0.0026489 0.0067335 0.0050774 0.5436916 0.4737733 0.5453826 0.4626012 0.3603149 0.3985729 0.4035766 0.4752691 0.4489173 0.2661372 0.3766257 0.2321819 0.4255299 0.4754668 0.3424894 0.5127526 
Lycodon_laoensis_262186          0.6519314 0.6314578 0.4293183 0.6126981 0.6993785 0.0194928 0.6251759 0.5011987 0.7961216 0.7735804 0.5563579 0.5528609 0.4100792 0.4097227 0.0094240 0.2921301 0.4179241 0.4013849 0.4076226 0.3733718 0.5052429 0.3485994 0.3485994 0.3676582 0.4024225 0.4734248 0.5023822 0.5056121 0.3499901 0.3490909 0.1697911 0.3488609 0.3485994 0.4042604 0.4519055 0.6730639 0.4519055 0.2773349 0.5935198 0.6163751 0.3441110 0.0026489 0.0000000 0.0016209 0.0105728 0.6311219 0.4539825 0.5954638 0.4534658 0.3016834 0.4110520 0.4110520 0.5805077 0.4580337 0.0026751 0.4066954 0.0076232 0.4360937 0.5629631 0.2465617 0.0131278 
Lycodon_laoensis_8481            0.5372230 0.5275406 0.4361634 0.6986539 0.6059053 0.3287272 0.4767877 0.3958118 0.4569006 0.4234257 0.5363377 0.5206927 0.4289426 0.3835224 0.1573170 0.3499384 0.4285982 0.2401932 0.2345556 0.2473252 0.3078822 0.2391833 0.2391833 0.2493210 0.2498981 0.3178226 0.3240750 0.3258177 0.2374553 0.2344874 0.1446635 0.2285297 0.2388674 0.2279175 0.3043479 0.3800956 0.3023860 0.1838625 0.4773002 0.4609540 0.3673152 0.0067335 0.0016209 0.0000000 0.0073631 0.3521204 0.2897918 0.3641073 0.2884209 0.3612413 0.2258264 0.2282493 0.2921917 0.3163307 0.2274927 0.2276611 0.0741530 0.2679720 0.3322329 0.3217441 0.5165973 
Lycodon_laoensis_DSM902L         0.6437837 0.6486760 0.4933374 0.6372450 0.7040624 0.1252836 0.6732875 0.3867625 0.4246238 0.3786229 0.5530292 0.5692081 0.4100792 0.4097227 0.0373443 0.4362728 0.4227082 0.2861695 0.2726192 0.2307688 0.2077508 0.2077508 0.2077508 0.2310949 0.2266818 0.4089255 0.4243022 0.4237521 0.2096888 0.1945132 0.0891766 0.2042943 0.2071643 0.2525445 0.2847354 0.2847354 0.2847354 0.1424084 0.6352256 0.6595972 0.5271461 0.0050774 0.0105728 0.0073631 0.0000000 0.3007649 0.2862742 0.2441494 0.3038272 0.4533347 0.2602926 0.2602926 0.2511785 0.3147036 9.0000000 0.3076614 0.0364001 0.3213435 0.2809622 0.5104582 0.2835720 
Lycodon_muelleri_CDS5256         0.6178079 0.6017990 0.5395127 0.5842200 0.5238902 0.4708071 0.5772769 0.4810127 0.3907771 0.3864920 0.5099652 0.5176437 0.5300082 0.5480186 0.2937621 0.3825896 0.3975364 0.0966236 0.0906890 0.4144177 0.4106758 0.4106758 0.4106758 0.4350716 0.0947418 0.3885436 0.3856749 0.3808649 0.4279139 0.3867583 0.3987436 0.4389332 0.4103493 0.0858441 0.1189149 0.1172577 0.1170600 0.3067935 0.4078972 0.4342016 0.5162451 0.5436916 0.6311219 0.3521204 0.3007649 0.0000000 0.0216896 0.0226654 0.0039710 0.4355164 0.0862057 0.0846216 0.0859342 0.3231451 0.3766451 0.3496930 0.1937046 0.3196966 0.3166655 0.5101480 0.7198628 
Lycodon_muelleri_DLSUD031        0.5859371 0.5813279 0.5660841 0.6410936 0.5602820 0.4020585 0.4879794 0.3659150 0.3610883 0.4121411 0.5325669 0.5466771 0.5188432 0.5133955 0.1397787 0.3198485 0.4047071 0.0525858 0.0501148 0.3502646 0.3906589 0.3267816 0.3267816 0.3819753 0.0555703 0.2743774 0.2725229 0.2785879 0.3656428 0.3267688 0.3187935 0.3674299 0.3264473 0.0477793 0.0782430 0.1264885 0.0768454 0.2645427 0.4220609 0.4104472 0.4632980 0.4737733 0.4539825 0.2897918 0.2862742 0.0216896 0.0000000 0.0043537 0.0113680 0.3810963 0.0478881 0.0475696 0.0816594 0.2881231 0.2515466 0.2888941 0.1154491 0.2462397 0.3348015 0.4302501 0.5224989 
Lycodon_muelleri_RMB10605        0.5609722 0.5564197 0.5354406 0.6236389 0.5537152 0.5838806 0.5984297 0.4318223 0.3844816 0.4022804 0.5424656 0.5559639 0.4932531 0.5131134 0.2579657 0.3849662 0.3974383 0.0884104 0.0831727 0.3884410 0.3741043 0.3741043 0.3741043 0.4214735 0.0911361 0.3573881 0.3543719 0.3623583 0.3943512 0.3627906 0.3933836 0.3947790 0.3737673 0.0788381 0.1222885 0.1205852 0.1203782 0.3220125 0.4160785 0.4416465 0.5311315 0.5453826 0.5954638 0.3641073 0.2441494 0.0226654 0.0043537 0.0000000 0.0227767 0.4486724 0.0791384 0.0789622 0.0789086 0.3744934 0.3951154 0.3747501 0.2457369 0.3320444 0.3198619 0.5004719 0.7024038 
Lycodon_muelleri_RMB9788         0.6109087 0.5947711 0.5590824 0.6114135 0.5268659 0.3325903 0.4924078 0.4094662 0.4006746 0.3835060 0.5148591 0.5279433 0.5221274 0.5539138 0.1459597 0.3057889 0.3998481 0.0550342 0.0523103 0.3715489 0.4243363 0.3579238 0.3579238 0.3912296 0.0532465 0.3101087 0.3165858 0.3103685 0.3838195 0.3452731 0.3451751 0.3948297 0.3579238 0.0498829 0.0664361 0.1074098 0.0653003 0.2612883 0.4388235 0.4368053 0.4580000 0.4626012 0.4534658 0.2884209 0.3038272 0.0039710 0.0113680 0.0227767 0.0000000 0.3612030 0.0500042 0.0488230 0.0854953 0.2458463 0.2578663 0.2954850 0.0978895 0.2678914 0.3436812 0.4419933 0.5330464 
Lycodon_effraensis_9670          0.4710238 0.4701070 0.4928726 0.5919923 0.5489153 0.5408908 0.6324565 0.5160898 0.6005615 0.6432913 0.5061965 0.5079291 0.4225025 0.4054323 0.4620851 0.2994546 0.4375628 0.4036705 0.4066394 0.4491343 0.5564653 0.4769955 0.4769955 0.4502923 0.4288611 0.3649972 0.3623576 0.3662444 0.4562798 0.4511565 0.4309929 0.4482237 0.4769955 0.4043460 0.3505506 0.4284634 0.3488738 0.2176655 0.3849366 0.3956747 0.4971866 0.3603149 0.3016834 0.3612413 0.4533347 0.4355164 0.3810963 0.4486724 0.3612030 0.0000000 0.4020159 0.4068689 0.4849096 0.4064048 0.1843079 0.3603972 0.2288385 0.3609753 0.4124009 0.3622770 0.4435245 
Lycodon_sp_RMB5948               0.5426967 0.5319278 0.4688263 0.5716941 0.5659949 0.3390322 0.4794146 0.4227273 0.3996398 0.3195638 0.4573216 0.5027928 0.4999244 0.4678787 0.1213460 0.3022422 0.3913207 0.0005986 0.0003888 0.3083660 0.3807182 0.3160640 0.3160640 0.3270466 0.0092310 0.2604364 0.2537781 0.2550194 0.3393570 0.3135194 0.2862235 0.3444113 0.3157300 0.0015669 0.0897414 0.1470209 0.0881332 0.2426210 0.4251568 0.4468555 0.3803053 0.3985729 0.4110520 0.2258264 0.2602926 0.0862057 0.0478881 0.0791384 0.0500042 0.4020159 0.0000000 0.0000010 0.0010540 0.2609223 0.2452931 0.2412046 0.0822185 0.2442336 0.3002305 0.3791094 0.5659780 
Lycodon_sp_RMB5965               0.5507597 0.5398042 0.4710075 0.5810778 0.5749966 0.3526766 0.4910663 0.4284524 0.4000436 0.3243637 0.4573216 0.5027928 0.5089090 0.4760671 0.1219837 0.3022422 0.3964813 0.0006006 0.0003901 0.3082515 0.3862315 0.3203236 0.3203236 0.3313436 0.0090251 0.2638136 0.2559712 0.2561386 0.3393570 0.3177413 0.2862235 0.3489942 0.3199858 0.0015722 0.0875915 0.1446499 0.0860125 0.2454243 0.4308783 0.4530584 0.3849149 0.4035766 0.4110520 0.2282493 0.2602926 0.0846216 0.0475696 0.0789622 0.0488230 0.4068689 0.0000010 0.0000000 0.0010603 0.2598750 0.2523429 0.2487846 0.0819143 0.2520735 0.3088675 0.3799860 0.5650813 
Lycodon_sp_RMB5991               0.5460923 0.5353330 0.4760372 0.5695506 0.5672584 0.4821434 0.5935007 0.4957044 0.4034278 0.3189678 0.4569015 0.5022282 0.5016785 0.4697057 0.2572052 0.3818788 0.3946957 0.0007464 0.0003565 0.3761290 0.3778989 0.3778989 0.3778989 0.3873257 0.0162925 0.3427087 0.3397829 0.3431208 0.4030195 0.3748489 0.3704759 0.4060917 0.3775708 0.0024922 0.1520335 0.1501008 0.1498306 0.3091180 0.4284971 0.4502393 0.4477447 0.4752691 0.5805077 0.2921917 0.2511785 0.0859342 0.0816594 0.0789086 0.0854953 0.4849096 0.0010540 0.0010603 0.0000000 0.3324422 0.4032072 0.3173709 0.1866789 0.3221506 0.3041114 0.4620250 0.7702619 
Lycodon_stormi_JAM7487           0.5131919 0.5114869 0.5950773 0.8028977 0.5914811 0.3657439 0.5728681 0.4091362 0.4357835 0.5573160 0.4673117 0.5334728 0.4539443 0.4252796 0.2270587 0.3242099 0.4101281 0.2820919 0.2701683 0.4328405 0.5010310 0.4191837 0.4191837 0.4215064 0.2566079 0.2429769 0.2284081 0.2246461 0.4048618 0.4016364 0.3299892 0.4022430 0.4195307 0.2685831 0.3278335 0.4070227 0.3259865 0.2441841 0.4562904 0.4674352 0.5050606 0.4489173 0.4580337 0.3163307 0.3147036 0.3231451 0.2881231 0.3744934 0.2458463 0.4064048 0.2609223 0.2598750 0.3324422 0.0000000 0.3519685 0.2969241 0.1210541 0.3086122 0.3700833 0.4527465 0.4959634 
Lycodon_subcinctus_4199          0.4905405 0.5000156 0.3741275 0.6516602 0.4789012 0.4903005 0.4699742 0.4777593 0.5389210 0.3436520 0.5219209 0.5079951 0.3885920 0.3572108 0.4348759 0.0495298 0.2728449 0.2528397 0.2528397 0.3635377 0.4620453 0.3395386 0.3395386 0.3592582 0.2702809 0.0434317 0.0453620 0.0433988 0.3155452 0.3376430 0.3403678 0.3227765 0.3395386 0.2798271 0.2432700 0.3899938 0.2389449 0.2086153 0.1938326 0.1779872 0.2455292 0.2661372 0.0026751 0.2274927 9.0000000 0.3766451 0.2515466 0.3951154 0.2578663 0.1843079 0.2452931 0.2523429 0.4032072 0.3519685 0.0000000 0.2271930 0.1481336 0.1849126 0.3332394 0.2429391 0.5189812 
Lycodon_subcinctus_5016          0.4763428 0.4847438 0.5095065 0.5844117 0.5599775 0.3481533 0.4814464 0.4371407 0.4429467 0.4595584 0.4879754 0.5361295 0.4511056 0.4365054 0.1459626 0.2480257 0.3572913 0.2658932 0.2563408 0.3132203 0.3755447 0.3153983 0.3153983 0.3041919 0.2609066 0.2921096 0.2951089 0.2922538 0.2936220 0.2902010 0.1732197 0.2911703 0.3150828 0.2482596 0.3252632 0.4066470 0.3273988 0.2559948 0.4729019 0.4579811 0.4977956 0.3766257 0.4066954 0.2276611 0.3076614 0.3496930 0.2888941 0.3747501 0.2954850 0.3603972 0.2412046 0.2487846 0.3173709 0.2969241 0.2271930 0.0000000 0.0197018 0.0183798 0.0356274 0.3204884 0.5166457 
Lycodon_subcinctus_DSM1449L      0.3992698 0.4188368 0.4667009 0.5700925 0.5518666 0.3272826 0.2797752 0.2360115 0.2130771 0.1438901 0.4504865 0.4152540 0.4240613 0.3756120 0.1107882 0.2101150 0.3874813 0.0999847 0.0905319 0.1546293 0.2000432 0.1179276 0.1179276 0.1338282 0.0852841 0.0595935 0.0581589 0.0568376 0.1302267 0.1162639 0.1137754 0.1427428 0.1176092 0.0851245 0.1164942 0.2681189 0.1206516 0.0884483 0.3917982 0.3834846 0.3935480 0.2321819 0.0076232 0.0741530 0.0364001 0.1937046 0.1154491 0.2457369 0.0978895 0.2288385 0.0822185 0.0819143 0.1866789 0.1210541 0.1481336 0.0197018 0.0000000 0.0192082 0.0389779 0.3310288 0.4169504 
Lycodon_subcinctus_RMB3097       0.4886314 0.4780893 0.5166667 0.6192441 0.6370979 0.2849439 0.4087133 0.4562744 0.4198970 0.4555770 0.5449970 0.5076868 0.4644968 0.4690859 0.1424390 0.2422321 0.3434753 0.2695299 0.2597098 0.3585842 0.4113366 0.3459351 0.3459351 0.3262550 0.2787002 0.3156495 0.3040169 0.3012139 0.3136445 0.3255331 0.2372600 0.3203011 0.3456127 0.2474205 0.3026172 0.3857388 0.3049189 0.2930070 0.4598468 0.4480373 0.5352597 0.4255299 0.4360937 0.2679720 0.3213435 0.3196966 0.2462397 0.3320444 0.2678914 0.3609753 0.2442336 0.2520735 0.3221506 0.3086122 0.1849126 0.0183798 0.0192082 0.0000000 0.0021221 0.3326676 0.4624373 
Lycodon_subcinctus_RMB7585       0.4714180 0.4610051 0.4970185 0.6104598 0.6345266 0.3879328 0.4966667 0.5344705 0.4296145 0.4386623 0.5435812 0.5062737 0.4627940 0.4674018 0.2961239 0.3034231 0.3323044 0.3247045 0.3146373 0.4004820 0.3870163 0.3870163 0.3870163 0.3648962 0.3348922 0.4163671 0.4038394 0.4025851 0.3536878 0.3646905 0.3030111 0.3588876 0.3866848 0.3031139 0.3748994 0.3774688 0.3771193 0.3469036 0.4425053 0.4650976 0.6169297 0.4754668 0.5629631 0.3322329 0.2809622 0.3166655 0.3348015 0.3198619 0.3436812 0.4124009 0.3002305 0.3088675 0.3041114 0.3700833 0.3332394 0.0356274 0.0389779 0.0021221 0.0000000 0.4079710 0.6165248 
Lycodon_zawi_239944              0.6183104 0.6235505 0.0121953 0.6353050 0.5771906 0.5379913 0.5120463 0.5891871 0.6787683 0.5643301 0.6439961 0.5934191 0.5721783 0.5888330 0.5358745 0.3442656 0.4316250 0.3828224 0.3828224 0.1557503 0.2037037 0.1223963 0.1223963 0.1777387 0.3625598 0.4055565 0.3922610 0.3871615 0.1584805 0.1501565 0.1520064 0.1558756 0.1223963 0.3780970 0.4411658 0.5312804 0.4392337 0.4008086 0.3880415 0.3984762 0.2131544 0.3424894 0.2465617 0.3217441 0.5104582 0.5101480 0.4302501 0.5004719 0.4419933 0.3622770 0.3791094 0.3799860 0.4620250 0.4527465 0.2429391 0.3204884 0.3310288 0.3326676 0.4079710 0.0000000 0.5796391 
Oligodon_maculatus_RMB11713      0.6697859 0.6726527 0.7619573 0.8291001 0.7460461 0.6521101 0.6747470 0.6098063 0.5994819 0.5939259 0.6152637 0.5746035 0.6350130 0.6532454 0.4783834 0.5527267 0.7044579 0.5707567 0.5707567 0.6207744 0.7633369 0.5905367 0.5905367 0.6351930 0.6217999 0.5616622 0.5835942 0.5908712 0.6271012 0.6135373 0.5661806 0.6146465 0.5905367 0.5790451 0.5759208 0.7965604 0.5728145 0.4479164 0.7702889 0.7816884 0.5612477 0.5127526 0.0131278 0.5165973 0.2835720 0.7198628 0.5224989 0.7024038 0.5330464 0.4435245 0.5659780 0.5650813 0.7702619 0.4959634 0.5189812 0.5166457 0.4169504 0.4624373 0.6165248 0.5796391 0.0000000 
