35
Burramyidae_Burramys_parvus                  0.0000000 0.0875897 0.0691751 0.0777780 0.0793812 0.0884012 0.0531979 0.0553339 0.0794070 0.0861320 0.0685153 0.0863257 0.0941547 0.0586073 0.0612465 0.0852363 0.0878440 0.0957375 0.0769680 0.0725589 0.0636338 0.0873634 0.0968476 0.0785539 0.0750966 0.0886102 0.0594139 0.0730119 0.0616467 0.0773545 0.0672905 0.0568404 0.0855179 0.0866569 0.0908180 
Notoryctidae_Notoryctes_typhlops             0.0875897 0.0000000 0.0964492 0.1111698 0.1117625 0.1086590 0.0892557 0.0952000 0.1118030 0.1046922 0.1007045 0.1109051 0.1142385 0.0965450 0.1060350 0.1076003 0.1110697 0.1114657 0.1001582 0.1049282 0.0995601 0.1204338 0.1246483 0.1051053 0.1068159 0.1064317 0.1022052 0.1060936 0.1010243 0.1238979 0.1097953 0.0944282 0.1072893 0.1077981 0.1075951 
Vombatidae_Lasiorhinus_latifrons             0.0691751 0.0964492 0.0000000 0.0904233 0.0918757 0.0943899 0.0666406 0.0721354 0.0902089 0.0920326 0.0835123 0.0941134 0.0983496 0.0730202 0.0763576 0.0929553 0.0947456 0.1014091 0.0873576 0.0822150 0.0774817 0.0957821 0.0948161 0.0877970 0.0828978 0.0859277 0.0738332 0.0807459 0.0682156 0.0930633 0.0851732 0.0720487 0.0964269 0.0926358 0.0946929 
Potoroidae_Bettongia_penicillata             0.0777780 0.1111698 0.0904233 0.0000000 0.0026737 0.1226944 0.0771508 0.0758506 0.0102201 0.1070132 0.0873614 0.1203355 0.1202649 0.0800293 0.0839864 0.1190554 0.1195286 0.1285820 0.1056424 0.0224831 0.0942548 0.1241792 0.1169192 0.1115764 0.0568714 0.1104782 0.0859636 0.0233695 0.0823477 0.0937068 0.0919897 0.0808235 0.1154598 0.1198522 0.1122066 
Potoroidae_Bettongia_lesueur                 0.0793812 0.1117625 0.0918757 0.0026737 0.0000000 0.1254536 0.0796667 0.0766957 0.0115842 0.1099064 0.0890723 0.1230703 0.1229813 0.0816694 0.0874195 0.1217808 0.1224300 0.1304810 0.1083170 0.0239300 0.0958761 0.1269716 0.1196281 0.1132443 0.0591859 0.1109326 0.0878180 0.0248291 0.0862540 0.0954501 0.0954993 0.0824633 0.1185002 0.1226019 0.1149273 
Dasyuridae_Dasyurus_maculatus                0.0884012 0.1086590 0.0943899 0.1226944 0.1254536 0.0000000 0.0913982 0.0996492 0.1234172 0.1119976 0.1047320 0.0196393 0.0298970 0.1007526 0.1015406 0.0174328 0.0075329 0.0298530 0.1030560 0.1177082 0.0895121 0.1280915 0.1384515 0.0177794 0.1163445 0.1101869 0.0944088 0.1171010 0.0884521 0.1140027 0.1053818 0.0998787 0.1078730 0.0054496 0.1136104 
Phalangeridae_Trichosurus_vulpecula          0.0531979 0.0892557 0.0666406 0.0771508 0.0796667 0.0913982 0.0000000 0.0191130 0.0778960 0.0870813 0.0322224 0.0912986 0.0991658 0.0232324 0.0638354 0.0901599 0.0890223 0.1036256 0.0790441 0.0685436 0.0681520 0.0878880 0.0976691 0.0852774 0.0697506 0.0933820 0.0620805 0.0662191 0.0611652 0.0726304 0.0703519 0.0209855 0.0871722 0.0896776 0.0908468 
Phalangeridae_Spilocuscus_maculatus          0.0553339 0.0952000 0.0721354 0.0758506 0.0766957 0.0996492 0.0191130 0.0000000 0.0748210 0.0917131 0.0210148 0.0976459 0.1054067 0.0154430 0.0702994 0.0964615 0.0979718 0.1085853 0.0835437 0.0670247 0.0756164 0.1007980 0.1037670 0.0922575 0.0719694 0.0976991 0.0693674 0.0663459 0.0669330 0.0808161 0.0743717 0.0118487 0.0925113 0.0978511 0.0965668 
Potoroidae_Aepyprymnus_rufescens             0.0794070 0.1118030 0.0902089 0.0102201 0.0115842 0.1234172 0.0778960 0.0748210 0.0000000 0.1098697 0.0889437 0.1210895 0.1210139 0.0807461 0.0844646 0.1198093 0.1203360 0.1283231 0.1082824 0.0254812 0.0937671 0.1250585 0.1195798 0.1114623 0.0569425 0.1162904 0.0826258 0.0256248 0.0812458 0.0912651 0.0906480 0.0815873 0.1163420 0.1206112 0.1148842 
Peramelidae_Perameles_nasuta                 0.0861320 0.1046922 0.0920326 0.1070132 0.1099064 0.1119976 0.0870813 0.0917131 0.1098697 0.0000000 0.1044583 0.1088147 0.1142538 0.0939903 0.0910438 0.1056768 0.1100253 0.1113453 0.0196477 0.1048112 0.0977016 0.1165743 0.1171353 0.1017662 0.0989695 0.0881087 0.0886307 0.1060274 0.0926579 0.1136414 0.0988067 0.0929227 0.0270514 0.1101914 0.0040806 
Phalangeridae_Strigocuscus_pelengensis       0.0685153 0.1007045 0.0835123 0.0873614 0.0890723 0.1047320 0.0322224 0.0210148 0.0889437 0.1044583 0.0000000 0.1010161 0.1068459 0.0260033 0.0833974 0.0998010 0.1030399 0.1164581 0.0994957 0.0779109 0.0822806 0.1095314 0.1159658 0.0983869 0.0886477 0.1113485 0.0761847 0.0773118 0.0758193 0.0855111 0.0878769 0.0222091 0.1066729 0.1040358 0.1092680 
Dasyuridae_Phascogale_tapoatafa              0.0863257 0.1109051 0.0941134 0.1203355 0.1230703 0.0196393 0.0912986 0.0976459 0.1210895 0.1088147 0.1010161 0.0000000 0.0299606 0.1005937 0.0992615 0.0033853 0.0182684 0.0324848 0.1009001 0.1153395 0.0932631 0.1256368 0.1339225 0.0076794 0.1140856 0.1077671 0.0980277 0.1140955 0.0964306 0.1136115 0.1049663 0.0997233 0.1064002 0.0182154 0.1104164 
Dasyuridae_Sminthopsis_macroura              0.0941547 0.1142385 0.0983496 0.1202649 0.1229813 0.0298970 0.0991658 0.1054067 0.1210139 0.1142538 0.1068459 0.0299606 0.0000000 0.1044203 0.1099404 0.0261798 0.0285236 0.0273519 0.1081281 0.1166242 0.0972476 0.1332103 0.1373392 0.0267136 0.1199077 0.1145536 0.1006398 0.1163122 0.1022301 0.1243990 0.1091667 0.1035507 0.1114768 0.0284394 0.1158598 
Phalangeridae_Phalanger_orientalis           0.0586073 0.0965450 0.0730202 0.0800293 0.0816694 0.1007526 0.0232324 0.0154430 0.0807461 0.0939903 0.0260033 0.1005937 0.1044203 0.0000000 0.0735673 0.0994166 0.0991707 0.1134696 0.0875121 0.0712521 0.0779538 0.0984295 0.1029889 0.0955646 0.0778823 0.1004934 0.0712998 0.0715067 0.0716015 0.0841434 0.0803360 0.0061206 0.0938071 0.0989794 0.0985935 
Acrobatidae_Acrobates_pygmaeus               0.0612465 0.1060350 0.0763576 0.0839864 0.0874195 0.1015406 0.0638354 0.0702994 0.0844646 0.0910438 0.0833974 0.0992615 0.1099404 0.0735673 0.0000000 0.1000107 0.1029139 0.1110814 0.0886654 0.0760157 0.0651169 0.0974987 0.0985593 0.0961809 0.0758528 0.0891238 0.0622825 0.0790504 0.0562386 0.0723490 0.0400306 0.0725950 0.0912764 0.1016463 0.0976254 
Dasyuridae_Phascogale_calura                 0.0852363 0.1076003 0.0929553 0.1190554 0.1217808 0.0174328 0.0901599 0.0964615 0.1198093 0.1056768 0.0998010 0.0033853 0.0261798 0.0994166 0.1000107 0.0000000 0.0160660 0.0298497 0.0978554 0.1141412 0.0903099 0.1223210 0.1306837 0.0055520 0.1128354 0.1044959 0.0957987 0.1128376 0.0942855 0.1133225 0.1037974 0.0985491 0.1030283 0.0160196 0.1072724 
Dasyuridae_Sarcophilus_harrisii              0.0878440 0.1110697 0.0947456 0.1195286 0.1224300 0.0075329 0.0890223 0.0979718 0.1203360 0.1100253 0.1030399 0.0182684 0.0285236 0.0991707 0.1029139 0.0160660 0.0000000 0.0290466 0.1012808 0.1145145 0.0917211 0.1270917 0.1366749 0.0163373 0.1147180 0.1071022 0.0996115 0.1158751 0.0946068 0.1132156 0.1067918 0.0981753 0.1049088 0.0068559 0.1117834 
Dasyuridae_Planigale_tenuirostris            0.0957375 0.1114657 0.1014091 0.1285820 0.1304810 0.0298530 0.1036256 0.1085853 0.1283231 0.1113453 0.1164581 0.0324848 0.0273519 0.1134696 0.1110814 0.0298497 0.0290466 0.0000000 0.1047677 0.1212424 0.0959853 0.1348062 0.1439254 0.0301964 0.1184619 0.1174318 0.1007134 0.1205199 0.0977082 0.1290589 0.1134697 0.1122208 0.1114052 0.0290519 0.1136432 
Peramelidae_Echymipera_kalubu                0.0769680 0.1001582 0.0873576 0.1056424 0.1083170 0.1030560 0.0790441 0.0835437 0.1082824 0.0196477 0.0994957 0.1009001 0.1081281 0.0875121 0.0886654 0.0978554 0.1012808 0.1047677 0.0000000 0.1009815 0.0893275 0.1136904 0.1181509 0.0968835 0.0972322 0.0892728 0.0806862 0.1014476 0.0857723 0.1083588 0.0925192 0.0864788 0.0193044 0.1012922 0.0210368 
Macropodidae_Dorcopsulus_vanheurni           0.0725589 0.1049282 0.0822150 0.0224831 0.0239300 0.1177082 0.0685436 0.0670247 0.0254812 0.1048112 0.0779109 0.1153395 0.1166242 0.0712521 0.0760157 0.1141412 0.1145145 0.1212424 0.1009815 0.0000000 0.0896885 0.1163666 0.1092777 0.1080016 0.0552876 0.1060838 0.0819307 0.0110436 0.0784403 0.0896667 0.0829262 0.0721306 0.1088540 0.1158676 0.1100017 
Pseudochiridae_Pseudochirulus_forbesi        0.0636338 0.0995601 0.0774817 0.0942548 0.0958761 0.0895121 0.0681520 0.0756164 0.0937671 0.0977016 0.0822806 0.0932631 0.0972476 0.0779538 0.0651169 0.0903099 0.0917211 0.0959853 0.0893275 0.0896885 0.0000000 0.1076592 0.1156060 0.0870552 0.0886287 0.0935172 0.0430876 0.0856032 0.0288980 0.0700735 0.0741910 0.0768304 0.1009308 0.0935174 0.1034332 
Didelphidae_Didelphis_virginiana             0.0873634 0.1204338 0.0957821 0.1241792 0.1269716 0.1280915 0.0878880 0.1007980 0.1250585 0.1165743 0.1095314 0.1256368 0.1332103 0.0984295 0.0974987 0.1223210 0.1270917 0.1348062 0.1136904 0.1163666 0.1076592 0.0000000 0.0542884 0.1212827 0.1156641 0.1203310 0.1034882 0.1149097 0.0921341 0.1269690 0.1071997 0.0979769 0.1152329 0.1251952 0.1207569 
Marmosidae_Monodelphis_domestica             0.0968476 0.1246483 0.0948161 0.1169192 0.1196281 0.1384515 0.0976691 0.1037670 0.1195798 0.1171353 0.1159658 0.1339225 0.1373392 0.1029889 0.0985593 0.1306837 0.1366749 0.1439254 0.1181509 0.1092777 0.1156060 0.0542884 0.0000000 0.1270439 0.1152669 0.1197632 0.1093951 0.1117011 0.1021288 0.1331068 0.1190049 0.1027356 0.1179204 0.1355304 0.1212640 
Dasyuridae_Antechinus_stuartii               0.0785539 0.1051053 0.0877970 0.1115764 0.1132443 0.0177794 0.0852774 0.0922575 0.1114623 0.1017662 0.0983869 0.0076794 0.0267136 0.0955646 0.0961809 0.0055520 0.0163373 0.0301964 0.0968835 0.1080016 0.0870552 0.1212827 0.1270439 0.0000000 0.1060337 0.1037828 0.0929539 0.1064526 0.0906869 0.1098933 0.1019184 0.0935560 0.1020036 0.0163405 0.1049581 
Hypsiprymnodontidae_Hypsiprymnodon_moschatus 0.0750966 0.1068159 0.0828978 0.0568714 0.0591859 0.1163445 0.0697506 0.0719694 0.0569425 0.0989695 0.0886477 0.1140856 0.1199077 0.0778823 0.0758528 0.1128354 0.1147180 0.1184619 0.0972322 0.0552876 0.0886287 0.1156641 0.1152669 0.1060337 0.0000000 0.1096787 0.0777006 0.0546586 0.0780873 0.0915154 0.0831095 0.0786708 0.1014602 0.1145432 0.1047806 
Microbiotheriidae_Dromiciops_gliroides       0.0886102 0.1064317 0.0859277 0.1104782 0.1109326 0.1101869 0.0933820 0.0976991 0.1162904 0.0881087 0.1113485 0.1077671 0.1145536 0.1004934 0.0891238 0.1044959 0.1071022 0.1174318 0.0892728 0.1060838 0.0935172 0.1203310 0.1197632 0.1037828 0.1096787 0.0000000 0.0909085 0.1065922 0.0849713 0.1096790 0.1000916 0.1003247 0.0989173 0.1083016 0.0926047 
Pseudochiridae_Petauroides_volans            0.0594139 0.1022052 0.0738332 0.0859636 0.0878180 0.0944088 0.0620805 0.0693674 0.0826258 0.0886307 0.0761847 0.0980277 0.1006398 0.0712998 0.0622825 0.0957987 0.0996115 0.1007134 0.0806862 0.0819307 0.0430876 0.1034882 0.1093951 0.0929539 0.0777006 0.0909085 0.0000000 0.0822468 0.0381948 0.0703567 0.0698814 0.0695039 0.0906650 0.0964837 0.0930550 
Macropodidae_Wallabia_bicolor                0.0730119 0.1060936 0.0807459 0.0233695 0.0248291 0.1171010 0.0662191 0.0663459 0.0256248 0.1060274 0.0773118 0.1140955 0.1163122 0.0715067 0.0790504 0.1128376 0.1158751 0.1205199 0.1014476 0.0110436 0.0856032 0.1149097 0.1117011 0.1064526 0.0546586 0.1065922 0.0822468 0.0000000 0.0804961 0.0909664 0.0860601 0.0723242 0.1084540 0.1164225 0.1114423 
Pseudochiridae_Pseudocheirus_occidentalis    0.0616467 0.1010243 0.0682156 0.0823477 0.0862540 0.0884521 0.0611652 0.0669330 0.0812458 0.0926579 0.0758193 0.0964306 0.1022301 0.0716015 0.0562386 0.0942855 0.0946068 0.0977082 0.0857723 0.0784403 0.0288980 0.0921341 0.1021288 0.0906869 0.0780873 0.0849713 0.0381948 0.0804961 0.0000000 0.0705775 0.0654244 0.0677946 0.0957986 0.0927734 0.0979451 
Tarsipedidae_Tarsipes_rostratus              0.0773545 0.1238979 0.0930633 0.0937068 0.0954501 0.1140027 0.0726304 0.0808161 0.0912651 0.1136414 0.0855111 0.1136115 0.1243990 0.0841434 0.0723490 0.1133225 0.1132156 0.1290589 0.1083588 0.0896667 0.0700735 0.1269690 0.1331068 0.1098933 0.0915154 0.1096790 0.0703567 0.0909664 0.0705775 0.0000000 0.0813142 0.0839609 0.1115264 0.1131100 0.1199914 
Acrobatidae_Distoechurus_pennatus            0.0672905 0.1097953 0.0851732 0.0919897 0.0954993 0.1053818 0.0703519 0.0743717 0.0906480 0.0988067 0.0878769 0.1049663 0.1091667 0.0803360 0.0400306 0.1037974 0.1067918 0.1134697 0.0925192 0.0829262 0.0741910 0.1071997 0.1190049 0.1019184 0.0831095 0.1000916 0.0698814 0.0860601 0.0654244 0.0813142 0.0000000 0.0767140 0.0948445 0.1054911 0.1036667 
Phalangeridae_Phalanger_carmelitae           0.0568404 0.0944282 0.0720487 0.0808235 0.0824633 0.0998787 0.0209855 0.0118487 0.0815873 0.0929227 0.0222091 0.0997233 0.1035507 0.0061206 0.0725950 0.0985491 0.0981753 0.1122208 0.0864788 0.0721306 0.0768304 0.0979769 0.1027356 0.0935560 0.0786708 0.1003247 0.0695039 0.0723242 0.0677946 0.0839609 0.0767140 0.0000000 0.0947099 0.0981073 0.0967643 
Peramelidae_Peroryctes_raffrayana            0.0855179 0.1072893 0.0964269 0.1154598 0.1185002 0.1078730 0.0871722 0.0925113 0.1163420 0.0270514 0.1066729 0.1064002 0.1114768 0.0938071 0.0912764 0.1030283 0.1049088 0.1114052 0.0193044 0.1088540 0.1009308 0.1152329 0.1179204 0.1020036 0.1014602 0.0989173 0.0906650 0.1084540 0.0957986 0.1115264 0.0948445 0.0947099 0.0000000 0.1058657 0.0302817 
Dasyuridae_Dasyurus_geffroii                 0.0866569 0.1077981 0.0926358 0.1198522 0.1226019 0.0054496 0.0896776 0.0978511 0.1206112 0.1101914 0.1040358 0.0182154 0.0284394 0.0989794 0.1016463 0.0160196 0.0068559 0.0290519 0.1012922 0.1158676 0.0935174 0.1251952 0.1355304 0.0163405 0.1145432 0.1083016 0.0964837 0.1164225 0.0927734 0.1131100 0.1054911 0.0981073 0.1058657 0.0000000 0.1118034 
Peramelidae_Perameles_gunnii                 0.0908180 0.1075951 0.0946929 0.1122066 0.1149273 0.1136104 0.0908468 0.0965668 0.1148842 0.0040806 0.1092680 0.1104164 0.1158598 0.0985935 0.0976254 0.1072724 0.1117834 0.1136432 0.0210368 0.1100017 0.1034332 0.1207569 0.1212640 0.1049581 0.1047806 0.0926047 0.0930550 0.1114423 0.0979451 0.1199914 0.1036667 0.0967643 0.0302817 0.1118034 0.0000000 
