35
Burramyidae_Burramys_parvus                  0.0000000 0.1199547 0.0784186 0.0960593 0.0887839 0.1013760 0.0619647 0.0779590 0.0890100 0.1202234 0.0719736 0.1008848 0.0936763 0.0727765 0.0812438 0.1167357 0.0935448 0.0998657 0.1120916 0.0802963 0.0769058 0.1142685 0.1656859 0.1111262 0.1034203 0.1175336 0.0975127 0.1080126 0.0984429 0.1108949 0.0926402 0.0799832 0.1212419 0.0962652 0.1083756 
Notoryctidae_Notoryctes_typhlops             0.1199547 0.0000000 0.1181991 0.1427012 0.1355744 0.1280246 0.1142120 0.1266798 0.1407537 0.1376510 0.1201782 0.1292489 0.1254754 0.1255516 0.1287238 0.1406929 0.1278644 0.1231465 0.1385162 0.1230981 0.1142355 0.1538843 0.1902045 0.1406585 0.1464150 0.1556257 0.1498480 0.1457032 0.1383782 0.1659802 0.1417909 0.1372027 0.1485938 0.1311812 0.1289704 
Vombatidae_Lasiorhinus_latifrons             0.0784186 0.1181991 0.0000000 0.0897009 0.0840399 0.0875438 0.0627158 0.0760306 0.0896760 0.1032182 0.0727321 0.0895325 0.0853273 0.0749585 0.0834250 0.1057907 0.0835124 0.0910297 0.0996522 0.0796241 0.0766222 0.1105980 0.1571459 0.1031723 0.1043252 0.1058004 0.1011206 0.0955049 0.0935551 0.1233526 0.0879034 0.0798423 0.1090808 0.0873984 0.0943687 
Potoroidae_Bettongia_penicillata             0.0960593 0.1427012 0.0897009 0.0000000 0.0116480 0.1126209 0.0798310 0.0972380 0.0352074 0.1256473 0.0814778 0.1171094 0.1098406 0.0931306 0.0907273 0.1320406 0.1062761 0.1207379 0.1263926 0.0427323 0.0836627 0.1324456 0.1852183 0.1276403 0.0908907 0.1345974 0.1097228 0.0661953 0.1078339 0.1258962 0.0985156 0.1011937 0.1357057 0.1128374 0.1204565 
Potoroidae_Bettongia_lesueur                 0.0887839 0.1355744 0.0840399 0.0116480 0.0000000 0.1095030 0.0733904 0.0873068 0.0340494 0.1183184 0.0773487 0.1139550 0.1068587 0.0863731 0.0861016 0.1259369 0.1050401 0.1191272 0.1211492 0.0375822 0.0774927 0.1279267 0.1777104 0.1223075 0.0848227 0.1276301 0.1036832 0.0611323 0.1008147 0.1242888 0.0910437 0.0922827 0.1284244 0.1115720 0.1107489 
Dasyuridae_Dasyurus_maculatus                0.1013760 0.1280246 0.0875438 0.1126209 0.1095030 0.0000000 0.0966392 0.1008538 0.1053218 0.1131934 0.1008463 0.0225746 0.0304151 0.1085853 0.1029213 0.0253078 0.0206425 0.0285736 0.1067720 0.0934828 0.0996992 0.1157165 0.1566421 0.0199090 0.1197030 0.1087125 0.1184927 0.1190396 0.1193837 0.1208356 0.1132966 0.1116463 0.1214183 0.0081286 0.1064983 
Phalangeridae_Trichosurus_vulpecula          0.0619647 0.1142120 0.0627158 0.0798310 0.0733904 0.0966392 0.0000000 0.0378569 0.0753370 0.1059913 0.0330887 0.0951424 0.0893032 0.0301722 0.0684562 0.1072035 0.0889902 0.0950734 0.1031256 0.0670127 0.0569957 0.1061978 0.1600952 0.1046222 0.0932303 0.0999955 0.0849567 0.0914258 0.0811318 0.0946627 0.0801062 0.0431103 0.1155143 0.0929578 0.0971823 
Phalangeridae_Spilocuscus_maculatus          0.0779590 0.1266798 0.0760306 0.0972380 0.0873068 0.1008538 0.0378569 0.0000000 0.0921421 0.1183792 0.0466260 0.1007848 0.0984172 0.0405054 0.0877993 0.1250731 0.0946285 0.1015319 0.1220410 0.0808876 0.0746592 0.1274998 0.1762732 0.1192883 0.1088652 0.1271174 0.0993528 0.0999686 0.0987243 0.1131133 0.0957776 0.0500469 0.1351390 0.0987941 0.1140003 
Potoroidae_Aepyprymnus_rufescens             0.0890100 0.1407537 0.0896760 0.0352074 0.0340494 0.1053218 0.0753370 0.0921421 0.0000000 0.1197360 0.0800331 0.1105375 0.1043163 0.0877020 0.0874096 0.1222841 0.1015240 0.1183847 0.1198707 0.0384845 0.0820483 0.1262984 0.1772383 0.1215609 0.0842568 0.1203776 0.1011207 0.0679237 0.1011989 0.1223363 0.0916712 0.0936152 0.1301938 0.1096479 0.1118437 
Peramelidae_Perameles_nasuta                 0.1202234 0.1376510 0.1032182 0.1256473 0.1183184 0.1131934 0.1059913 0.1183792 0.1197360 0.0000000 0.1163540 0.1091999 0.1076866 0.1222738 0.1143958 0.1263406 0.1061374 0.1161031 0.0423983 0.1154360 0.1169026 0.1253409 0.1798577 0.1237164 0.1440599 0.1326987 0.1424832 0.1367691 0.1403955 0.1588242 0.1255271 0.1295200 0.0493590 0.1139691 0.0269914 
Phalangeridae_Strigocuscus_pelengensis       0.0719736 0.1201782 0.0727321 0.0814778 0.0773487 0.1008463 0.0330887 0.0466260 0.0800331 0.1163540 0.0000000 0.0970624 0.0924037 0.0379658 0.0764372 0.1096520 0.0895910 0.0995849 0.1141165 0.0716365 0.0688820 0.1129097 0.1699233 0.1106090 0.0979347 0.1144116 0.0966001 0.0924384 0.0886438 0.1071010 0.0836011 0.0472116 0.1257605 0.0963007 0.1045753 
Dasyuridae_Phascogale_tapoatafa              0.1008848 0.1292489 0.0895325 0.1171094 0.1139550 0.0225746 0.0951424 0.1007848 0.1105375 0.1091999 0.0970624 0.0000000 0.0259886 0.1061753 0.1003512 0.0058241 0.0293114 0.0294699 0.1040865 0.0985663 0.1021114 0.1097601 0.1528391 0.0146477 0.1190119 0.1070281 0.1226928 0.1244824 0.1174865 0.1222588 0.1167412 0.1114502 0.1142407 0.0222546 0.1041200 
Dasyuridae_Sminthopsis_macroura              0.0936763 0.1254754 0.0853273 0.1098406 0.1068587 0.0304151 0.0893032 0.0984172 0.1043163 0.1076866 0.0924037 0.0259886 0.0000000 0.1022544 0.0946728 0.0308243 0.0326879 0.0144249 0.1011022 0.0896325 0.0944444 0.1079117 0.1536217 0.0271523 0.1123207 0.1023499 0.1126618 0.1178810 0.1090575 0.1181285 0.1101304 0.1091040 0.1143577 0.0275060 0.1034250 
Phalangeridae_Phalanger_orientalis           0.0727765 0.1255516 0.0749585 0.0931306 0.0863731 0.1085853 0.0301722 0.0405054 0.0877020 0.1222738 0.0379658 0.1061753 0.1022544 0.0000000 0.0852620 0.1204957 0.0974700 0.1017033 0.1195169 0.0799201 0.0697135 0.1218707 0.1760499 0.1170763 0.1022355 0.1137256 0.0991270 0.1000189 0.0934220 0.1088950 0.0910372 0.0184224 0.1300023 0.1013706 0.1136857 
Acrobatidae_Acrobates_pygmaeus               0.0812438 0.1287238 0.0834250 0.0907273 0.0861016 0.1029213 0.0684562 0.0877993 0.0874096 0.1143958 0.0764372 0.1003512 0.0946728 0.0852620 0.0000000 0.1185624 0.0919031 0.1014230 0.1080123 0.0858694 0.0715948 0.1241618 0.1681475 0.1173795 0.1067822 0.1303790 0.0883891 0.1025513 0.0865285 0.1106636 0.0566441 0.0953333 0.1218098 0.1011768 0.1070773 
Dasyuridae_Phascogale_calura                 0.1167357 0.1406929 0.1057907 0.1320406 0.1259369 0.0253078 0.1072035 0.1250731 0.1222841 0.1263406 0.1096520 0.0058241 0.0308243 0.1204957 0.1185624 0.0000000 0.0293739 0.0303800 0.1217064 0.1165718 0.1099701 0.1161163 0.1674291 0.0189995 0.1314817 0.1228924 0.1325983 0.1365001 0.1331462 0.1334844 0.1258454 0.1342327 0.1308188 0.0236283 0.1187922 
Dasyuridae_Sarcophilus_harrisii              0.0935448 0.1278644 0.0835124 0.1062761 0.1050401 0.0206425 0.0889902 0.0946285 0.1015240 0.1061374 0.0895910 0.0293114 0.0326879 0.0974700 0.0919031 0.0293739 0.0000000 0.0332744 0.1023201 0.0880831 0.0983550 0.1112148 0.1566830 0.0262322 0.1104336 0.1019944 0.1133596 0.1157720 0.1128187 0.1168640 0.1056522 0.1031343 0.1116125 0.0186140 0.1045738 
Dasyuridae_Planigale_tenuirostris            0.0998657 0.1231465 0.0910297 0.1207379 0.1191272 0.0285736 0.0950734 0.1015319 0.1183847 0.1161031 0.0995849 0.0294699 0.0144249 0.1017033 0.1014230 0.0303800 0.0332744 0.0000000 0.1137812 0.0948768 0.0967649 0.1189109 0.1751450 0.0235640 0.1131741 0.1004898 0.1235171 0.1008826 0.1045031 0.1195601 0.1180788 0.1107759 0.1192082 0.0277753 0.1114888 
Peramelidae_Echymipera_kalubu                0.1120916 0.1385162 0.0996522 0.1263926 0.1211492 0.1067720 0.1031256 0.1220410 0.1198707 0.0423983 0.1141165 0.1040865 0.1011022 0.1195169 0.1080123 0.1217064 0.1023201 0.1137812 0.0000000 0.1119291 0.1133388 0.1236327 0.1760379 0.1258056 0.1330996 0.1258389 0.1368590 0.1394179 0.1319036 0.1501046 0.1146427 0.1273498 0.0466057 0.1103392 0.0364611 
Macropodidae_Dorcopsulus_vanheurni           0.0802963 0.1230981 0.0796241 0.0427323 0.0375822 0.0934828 0.0670127 0.0808876 0.0384845 0.1154360 0.0716365 0.0985663 0.0896325 0.0799201 0.0858694 0.1165718 0.0880831 0.0948768 0.1119291 0.0000000 0.0737822 0.1164296 0.1658693 0.1156011 0.0769027 0.1171896 0.0987197 0.0512079 0.0949118 0.1191598 0.0900234 0.0912665 0.1235892 0.0985892 0.1085340 
Pseudochiridae_Pseudochirulus_forbesi        0.0769058 0.1142355 0.0766222 0.0836627 0.0774927 0.0996992 0.0569957 0.0746592 0.0820483 0.1169026 0.0688820 0.1021114 0.0944444 0.0697135 0.0715948 0.1099701 0.0983550 0.0967649 0.1133388 0.0737822 0.0000000 0.1246835 0.1541727 0.1124710 0.0931220 0.1145684 0.0531043 0.0927819 0.0477801 0.0948783 0.0759960 0.0817417 0.1226352 0.1034694 0.1091824 
Didelphidae_Didelphis_virginiana             0.1142685 0.1538843 0.1105980 0.1324456 0.1279267 0.1157165 0.1061978 0.1274998 0.1262984 0.1253409 0.1129097 0.1097601 0.1079117 0.1218707 0.1241618 0.1161163 0.1112148 0.1189109 0.1236327 0.1164296 0.1246835 0.0000000 0.0820442 0.1143647 0.1406184 0.1161131 0.1562302 0.1419775 0.1492122 0.1374681 0.1332782 0.1373996 0.1281375 0.1151917 0.1175869 
Marmosidae_Monodelphis_domestica             0.1656859 0.1902045 0.1571459 0.1852183 0.1777104 0.1566421 0.1600952 0.1762732 0.1772383 0.1798577 0.1699233 0.1528391 0.1536217 0.1760499 0.1681475 0.1674291 0.1566830 0.1751450 0.1760379 0.1658693 0.1541727 0.0820442 0.0000000 0.1693664 0.1976043 0.1830681 0.1721963 0.1941861 0.1898328 0.1915678 0.1842034 0.1818436 0.1813885 0.1643648 0.1624910 
Dasyuridae_Antechinus_stuartii               0.1111262 0.1406585 0.1031723 0.1276403 0.1223075 0.0199090 0.1046222 0.1192883 0.1215609 0.1237164 0.1106090 0.0146477 0.0271523 0.1170763 0.1173795 0.0189995 0.0262322 0.0235640 0.1258056 0.1156011 0.1124710 0.1143647 0.1693664 0.0000000 0.1308400 0.1105278 0.1326161 0.1343535 0.1341367 0.1265173 0.1247414 0.1310580 0.1280288 0.0218477 0.1173748 
Hypsiprymnodontidae_Hypsiprymnodon_moschatus 0.1034203 0.1464150 0.1043252 0.0908907 0.0848227 0.1197030 0.0932303 0.1088652 0.0842568 0.1440599 0.0979347 0.1190119 0.1123207 0.1022355 0.1067822 0.1314817 0.1104336 0.1131741 0.1330996 0.0769027 0.0931220 0.1406184 0.1976043 0.1308400 0.0000000 0.1370900 0.1211925 0.0939624 0.1160336 0.1374219 0.1133051 0.1109107 0.1525668 0.1181953 0.1370997 
Microbiotheriidae_Dromiciops_gliroides       0.1175336 0.1556257 0.1058004 0.1345974 0.1276301 0.1087125 0.0999955 0.1271174 0.1203776 0.1326987 0.1144116 0.1070281 0.1023499 0.1137256 0.1303790 0.1228924 0.1019944 0.1004898 0.1258389 0.1171896 0.1145684 0.1161131 0.1830681 0.1105278 0.1370900 0.0000000 0.1414210 0.1459387 0.1359403 0.1495251 0.1356811 0.1258725 0.1374266 0.1006003 0.1202426 
Pseudochiridae_Petauroides_volans            0.0975127 0.1498480 0.1011206 0.1097228 0.1036832 0.1184927 0.0849567 0.0993528 0.1011207 0.1424832 0.0966001 0.1226928 0.1126618 0.0991270 0.0883891 0.1325983 0.1133596 0.1235171 0.1368590 0.0987197 0.0531043 0.1562302 0.1721963 0.1326161 0.1211925 0.1414210 0.0000000 0.1212630 0.0786543 0.1139780 0.0990418 0.1080141 0.1454529 0.1183965 0.1327102 
Macropodidae_Wallabia_bicolor                0.1080126 0.1457032 0.0955049 0.0661953 0.0611323 0.1190396 0.0914258 0.0999686 0.0679237 0.1367691 0.0924384 0.1244824 0.1178810 0.1000189 0.1025513 0.1365001 0.1157720 0.1008826 0.1394179 0.0512079 0.0927819 0.1419775 0.1941861 0.1343535 0.0939624 0.1459387 0.1212630 0.0000000 0.1122341 0.1441759 0.1139013 0.1096597 0.1498525 0.1245951 0.1342968 
Pseudochiridae_Pseudocheirus_occidentalis    0.0984429 0.1383782 0.0935551 0.1078339 0.1008147 0.1193837 0.0811318 0.0987243 0.1011989 0.1403955 0.0886438 0.1174865 0.1090575 0.0934220 0.0865285 0.1331462 0.1128187 0.1045031 0.1319036 0.0949118 0.0477801 0.1492122 0.1898328 0.1341367 0.1160336 0.1359403 0.0786543 0.1122341 0.0000000 0.1124055 0.0909668 0.1049465 0.1381783 0.1193713 0.1313052 
Tarsipedidae_Tarsipes_rostratus              0.1108949 0.1659802 0.1233526 0.1258962 0.1242888 0.1208356 0.0946627 0.1131133 0.1223363 0.1588242 0.1071010 0.1222588 0.1181285 0.1088950 0.1106636 0.1334844 0.1168640 0.1195601 0.1501046 0.1191598 0.0948783 0.1374681 0.1915678 0.1265173 0.1374219 0.1495251 0.1139780 0.1441759 0.1124055 0.0000000 0.1161948 0.1221690 0.1596172 0.1200371 0.1453620 
Acrobatidae_Distoechurus_pennatus            0.0926402 0.1417909 0.0879034 0.0985156 0.0910437 0.1132966 0.0801062 0.0957776 0.0916712 0.1255271 0.0836011 0.1167412 0.1101304 0.0910372 0.0566441 0.1258454 0.1056522 0.1180788 0.1146427 0.0900234 0.0759960 0.1332782 0.1842034 0.1247414 0.1133051 0.1356811 0.0990418 0.1139013 0.0909668 0.1161948 0.0000000 0.0981401 0.1281378 0.1125757 0.1140554 
Phalangeridae_Phalanger_carmelitae           0.0799832 0.1372027 0.0798423 0.1011937 0.0922827 0.1116463 0.0431103 0.0500469 0.0936152 0.1295200 0.0472116 0.1114502 0.1091040 0.0184224 0.0953333 0.1342327 0.1031343 0.1107759 0.1273498 0.0912665 0.0817417 0.1373996 0.1818436 0.1310580 0.1109107 0.1258725 0.1080141 0.1096597 0.1049465 0.1221690 0.0981401 0.0000000 0.1399811 0.1071373 0.1173143 
Peramelidae_Peroryctes_raffrayana            0.1212419 0.1485938 0.1090808 0.1357057 0.1284244 0.1214183 0.1155143 0.1351390 0.1301938 0.0493590 0.1257605 0.1142407 0.1143577 0.1300023 0.1218098 0.1308188 0.1116125 0.1192082 0.0466057 0.1235892 0.1226352 0.1281375 0.1813885 0.1280288 0.1525668 0.1374266 0.1454529 0.1498525 0.1381783 0.1596172 0.1281378 0.1399811 0.0000000 0.1153548 0.0393347 
Dasyuridae_Dasyurus_geffroii                 0.0962652 0.1311812 0.0873984 0.1128374 0.1115720 0.0081286 0.0929578 0.0987941 0.1096479 0.1139691 0.0963007 0.0222546 0.0275060 0.1013706 0.1011768 0.0236283 0.0186140 0.0277753 0.1103392 0.0985892 0.1034694 0.1151917 0.1643648 0.0218477 0.1181953 0.1006003 0.1183965 0.1245951 0.1193713 0.1200371 0.1125757 0.1071373 0.1153548 0.0000000 0.1094669 
Peramelidae_Perameles_gunnii                 0.1083756 0.1289704 0.0943687 0.1204565 0.1107489 0.1064983 0.0971823 0.1140003 0.1118437 0.0269914 0.1045753 0.1041200 0.1034250 0.1136857 0.1070773 0.1187922 0.1045738 0.1114888 0.0364611 0.1085340 0.1091824 0.1175869 0.1624910 0.1173748 0.1370997 0.1202426 0.1327102 0.1342968 0.1313052 0.1453620 0.1140554 0.1173143 0.0393347 0.1094669 0.0000000 
