35
Burramyidae_Burramys_parvus                  0.0000000 0.0733323 0.0472334 0.0525274 0.0509254 0.0906417 0.0450368 0.0394703 0.0521494 0.1847940 0.0451406 0.0671081 0.0790242 0.0400152 0.0652931 0.0782507 0.0643240 0.0927342 0.0469071 0.0516548 0.0843990 0.0695426 0.0692305 0.0513905 0.0510221 0.0461030 0.0448796 0.0903550 0.0871997 0.0438343 0.1280286 0.0860779 0.0479457 0.0485373 0.0798621 
Notoryctidae_Notoryctes_typhlops             0.0733323 0.0000000 0.0610208 0.0837365 0.0811353 0.1186955 0.0775039 0.0729709 0.0804575 0.2558893 0.0799727 0.0861481 0.1000466 0.0737220 0.0874018 0.1032206 0.0961777 0.1176039 0.0723384 0.0852269 0.1162271 0.0912483 0.0911226 0.0710768 0.0695753 0.0699013 0.0683373 0.1378998 0.1304545 0.0855516 0.1539889 0.1128739 0.0691666 0.0651156 0.0993667 
Vombatidae_Lasiorhinus_latifrons             0.0472334 0.0610208 0.0000000 0.0569190 0.0547972 0.0897033 0.0532604 0.0473953 0.0538743 0.1636057 0.0576603 0.0661203 0.0731882 0.0466929 0.0680517 0.0765423 0.0656666 0.0875572 0.0501918 0.0534269 0.0841788 0.0732040 0.0693822 0.0515428 0.0453473 0.0497153 0.0487343 0.0918408 0.0850068 0.0554584 0.1235369 0.0847009 0.0421635 0.0451477 0.0623962 
Potoroidae_Bettongia_penicillata             0.0525274 0.0837365 0.0569190 0.0000000 0.0031401 0.1023482 0.0591031 0.0544376 0.0104016 0.1765136 0.0569838 0.0792817 0.0906338 0.0540846 0.0802828 0.0917123 0.0756940 0.1026134 0.0197560 0.0582613 0.0999911 0.0882992 0.0816993 0.0333944 0.0582190 0.0535004 0.0180510 0.0909818 0.0801798 0.0627055 0.1282314 0.0982316 0.0463282 0.0463004 0.0750139 
Potoroidae_Bettongia_lesueur                 0.0509254 0.0811353 0.0547972 0.0031401 0.0000000 0.1003762 0.0558331 0.0517821 0.0087691 0.1736234 0.0552849 0.0761419 0.0880520 0.0514912 0.0770938 0.0890217 0.0749551 0.0991417 0.0180397 0.0570945 0.0972683 0.0850555 0.0798445 0.0315323 0.0560589 0.0514261 0.0163470 0.0890887 0.0795390 0.0600002 0.1248306 0.0955672 0.0446180 0.0443076 0.0712262 
Dasyuridae_Dasyurus_maculatus                0.0906417 0.1186955 0.0897033 0.1023482 0.1003762 0.0000000 0.1024964 0.0967931 0.0985416 0.2408638 0.0992114 0.0249445 0.0355346 0.0986769 0.0285256 0.0203627 0.0309635 0.1295504 0.0934392 0.1009744 0.1151908 0.1066465 0.0291602 0.0979294 0.0858130 0.0904243 0.0897601 0.1398036 0.1438992 0.1028027 0.1850704 0.0078941 0.0981277 0.1037714 0.1075673 
Phalangeridae_Trichosurus_vulpecula          0.0450368 0.0775039 0.0532604 0.0591031 0.0558331 0.1024964 0.0000000 0.0219196 0.0549600 0.1717858 0.0347504 0.0812919 0.0938593 0.0231852 0.0815200 0.0902196 0.0812195 0.0924134 0.0507559 0.0557113 0.0967170 0.0822402 0.0845246 0.0558997 0.0561472 0.0536906 0.0487811 0.0998237 0.0864587 0.0312839 0.1275938 0.0988899 0.0491354 0.0540621 0.0700371 
Phalangeridae_Spilocuscus_maculatus          0.0394703 0.0729709 0.0473953 0.0544376 0.0517821 0.0967931 0.0219196 0.0000000 0.0507488 0.1615239 0.0198702 0.0731337 0.0867870 0.0081536 0.0713694 0.0841565 0.0735985 0.0857623 0.0465029 0.0488160 0.0891013 0.0744040 0.0771924 0.0512092 0.0500924 0.0468093 0.0444814 0.0909538 0.0828606 0.0176320 0.1166121 0.0920541 0.0379202 0.0398383 0.0681273 
Potoroidae_Aepyprymnus_rufescens             0.0521494 0.0804575 0.0538743 0.0104016 0.0087691 0.0985416 0.0549600 0.0507488 0.0000000 0.1796207 0.0524420 0.0764280 0.0862509 0.0495281 0.0773877 0.0877775 0.0758058 0.0979903 0.0163688 0.0558765 0.0967857 0.0847459 0.0774000 0.0298124 0.0557428 0.0505161 0.0163837 0.0893557 0.0814164 0.0574981 0.1271066 0.0924312 0.0436961 0.0478223 0.0730796 
Peramelidae_Perameles_nasuta                 0.1847940 0.2558893 0.1636057 0.1765136 0.1736234 0.2408638 0.1717858 0.1615239 0.1796207 0.0000000 0.1739604 0.2005488 0.2047604 0.1597661 0.1937282 0.2135078 0.2107897 0.0939551 0.1691113 0.1812003 0.2105034 0.2236718 0.2106206 0.1714233 0.1602923 0.1684588 0.1649805 0.1758322 0.1530867 0.1708964 0.0817595 0.2291075 0.0742721 0.0813642 0.0025820 
Phalangeridae_Strigocuscus_pelengensis       0.0451406 0.0799727 0.0576603 0.0569838 0.0552849 0.0992114 0.0347504 0.0198702 0.0524420 0.1739604 0.0000000 0.0787681 0.0943024 0.0208356 0.0782750 0.0864048 0.0769726 0.0892155 0.0529607 0.0581193 0.0984746 0.0833701 0.0840042 0.0555936 0.0569896 0.0554333 0.0507470 0.1002699 0.0928353 0.0102794 0.1244695 0.0953038 0.0543524 0.0586915 0.0793233 
Dasyuridae_Phascogale_tapoatafa              0.0671081 0.0861481 0.0661203 0.0792817 0.0761419 0.0249445 0.0812919 0.0731337 0.0764280 0.2005488 0.0787681 0.0000000 0.0205112 0.0753056 0.0041064 0.0176988 0.0143189 0.1042520 0.0713170 0.0778302 0.0963891 0.0843752 0.0092671 0.0765574 0.0618483 0.0693797 0.0679714 0.1090836 0.1116828 0.0812151 0.1497252 0.0243412 0.0675131 0.0698877 0.0771673 
Dasyuridae_Sminthopsis_macroura              0.0790242 0.1000466 0.0731882 0.0906338 0.0880520 0.0355346 0.0938593 0.0867870 0.0862509 0.2047604 0.0943024 0.0205112 0.0000000 0.0879586 0.0225625 0.0298174 0.0178706 0.1132845 0.0835162 0.0872122 0.1081705 0.0959380 0.0219255 0.0897646 0.0732017 0.0789680 0.0813222 0.1230068 0.1198030 0.0941556 0.1562508 0.0342472 0.0786753 0.0846555 0.0875560 
Phalangeridae_Phalanger_orientalis           0.0400152 0.0737220 0.0466929 0.0540846 0.0514912 0.0986769 0.0231852 0.0081536 0.0495281 0.1597661 0.0208356 0.0753056 0.0879586 0.0000000 0.0741805 0.0859046 0.0755377 0.0884327 0.0468994 0.0487003 0.0860066 0.0748455 0.0787538 0.0515175 0.0495399 0.0466339 0.0449503 0.0897660 0.0792689 0.0138282 0.1212992 0.0932427 0.0411943 0.0433341 0.0717743 
Dasyuridae_Phascogale_calura                 0.0652931 0.0874018 0.0680517 0.0802828 0.0770938 0.0285256 0.0815200 0.0713694 0.0773877 0.1937282 0.0782750 0.0041064 0.0225625 0.0741805 0.0000000 0.0196466 0.0163061 0.1000010 0.0728351 0.0780244 0.0980762 0.0872076 0.0101722 0.0788254 0.0635211 0.0707905 0.0694327 0.1070149 0.1125805 0.0801089 0.1435206 0.0270147 0.0666420 0.0668124 0.0764868 
Dasyuridae_Sarcophilus_harrisii              0.0782507 0.1032206 0.0765423 0.0917123 0.0890217 0.0203627 0.0902196 0.0841565 0.0877775 0.2135078 0.0864048 0.0176988 0.0298174 0.0859046 0.0196466 0.0000000 0.0225317 0.1178085 0.0843295 0.0901441 0.1013537 0.0931615 0.0208123 0.0872102 0.0745225 0.0796194 0.0806652 0.1267677 0.1221432 0.0909143 0.1625915 0.0189183 0.0776910 0.0823456 0.0859754 
Dasyuridae_Planigale_tenuirostris            0.0643240 0.0961777 0.0656666 0.0756940 0.0749551 0.0309635 0.0812195 0.0735985 0.0758058 0.2107897 0.0769726 0.0143189 0.0178706 0.0755377 0.0163061 0.0225317 0.0000000 0.1031829 0.0718172 0.0750007 0.0936119 0.0869144 0.0168795 0.0784610 0.0665117 0.0713123 0.0712484 0.1051844 0.1171576 0.0816194 0.1568471 0.0287990 0.0648795 0.0696220 0.0765426 
Peramelidae_Echymipera_kalubu                0.0927342 0.1176039 0.0875572 0.1026134 0.0991417 0.1295504 0.0924134 0.0857623 0.0979903 0.0939551 0.0892155 0.1042520 0.1132845 0.0884327 0.1000010 0.1178085 0.1031829 0.0000000 0.0923114 0.0947919 0.1319226 0.1222335 0.1095385 0.0947055 0.0781094 0.0853622 0.0872798 0.1351134 0.1295920 0.0966575 0.0467690 0.1257932 0.0683541 0.0747259 0.0216198 
Macropodidae_Dorcopsulus_vanheurni           0.0469071 0.0723384 0.0501918 0.0197560 0.0180397 0.0934392 0.0507559 0.0465029 0.0163688 0.1691113 0.0529607 0.0713170 0.0835162 0.0468994 0.0728351 0.0843295 0.0718172 0.0923114 0.0000000 0.0551910 0.0944239 0.0802460 0.0737774 0.0279171 0.0519194 0.0469150 0.0055491 0.0867987 0.0791377 0.0546671 0.1212491 0.0890024 0.0456199 0.0491903 0.0733719 
Pseudochiridae_Pseudochirulus_forbesi        0.0516548 0.0852269 0.0534269 0.0582613 0.0570945 0.1009744 0.0557113 0.0488160 0.0558765 0.1812003 0.0581193 0.0778302 0.0872122 0.0487003 0.0780244 0.0901441 0.0750007 0.0947919 0.0551910 0.0000000 0.0979646 0.0812588 0.0804044 0.0550194 0.0547156 0.0296597 0.0511172 0.0767017 0.0860470 0.0564234 0.1295321 0.0989247 0.0474648 0.0145824 0.0820656 
Didelphidae_Didelphis_virginiana             0.0843990 0.1162271 0.0841788 0.0999911 0.0972683 0.1151908 0.0967170 0.0891013 0.0967857 0.2105034 0.0984746 0.0963891 0.1081705 0.0860066 0.0980762 0.1013537 0.0936119 0.1319226 0.0944239 0.0979646 0.0000000 0.0406208 0.0964519 0.0958835 0.0837189 0.0899932 0.0924545 0.1370478 0.1329606 0.0949079 0.1653062 0.1114334 0.0906540 0.0970043 0.1033263 
Marmosidae_Monodelphis_domestica             0.0695426 0.0912483 0.0732040 0.0882992 0.0850555 0.1066465 0.0822402 0.0744040 0.0847459 0.2236718 0.0833701 0.0843752 0.0959380 0.0748455 0.0872076 0.0931615 0.0869144 0.1222335 0.0802460 0.0812588 0.0406208 0.0000000 0.0902745 0.0810791 0.0655090 0.0746659 0.0783762 0.1321369 0.1207361 0.0828699 0.1680957 0.1057142 0.0779472 0.0873648 0.1003495 
Dasyuridae_Antechinus_stuartii               0.0692305 0.0911226 0.0693822 0.0816993 0.0798445 0.0291602 0.0845246 0.0771924 0.0774000 0.2106206 0.0840042 0.0092671 0.0219255 0.0787538 0.0101722 0.0208123 0.0168795 0.1095385 0.0737774 0.0804044 0.0964519 0.0902745 0.0000000 0.0773670 0.0702718 0.0736760 0.0715046 0.1112838 0.1211125 0.0851421 0.1576099 0.0276154 0.0740574 0.0802004 0.0846199 
Hypsiprymnodontidae_Hypsiprymnodon_moschatus 0.0513905 0.0710768 0.0515428 0.0333944 0.0315323 0.0979294 0.0558997 0.0512092 0.0298124 0.1714233 0.0555936 0.0765574 0.0897646 0.0515175 0.0788254 0.0872102 0.0784610 0.0947055 0.0279171 0.0550194 0.0958835 0.0810791 0.0773670 0.0000000 0.0565467 0.0483391 0.0252246 0.0918824 0.0865578 0.0583300 0.1266761 0.0958684 0.0451479 0.0474135 0.0771645 
Microbiotheriidae_Dromiciops_gliroides       0.0510221 0.0695753 0.0453473 0.0582190 0.0560589 0.0858130 0.0561472 0.0500924 0.0557428 0.1602923 0.0569896 0.0618483 0.0732017 0.0495399 0.0635211 0.0745225 0.0665117 0.0781094 0.0519194 0.0547156 0.0837189 0.0655090 0.0702718 0.0565467 0.0000000 0.0482983 0.0483516 0.0923963 0.0895988 0.0563060 0.1155224 0.0839996 0.0459886 0.0530633 0.0633323 
Pseudochiridae_Petauroides_volans            0.0461030 0.0699013 0.0497153 0.0535004 0.0514261 0.0904243 0.0536906 0.0468093 0.0505161 0.1684588 0.0554333 0.0693797 0.0789680 0.0466339 0.0707905 0.0796194 0.0713123 0.0853622 0.0469150 0.0296597 0.0899932 0.0746659 0.0736760 0.0483391 0.0482983 0.0000000 0.0429935 0.0746561 0.0776191 0.0542687 0.1207028 0.0881171 0.0381678 0.0246870 0.0703003 
Macropodidae_Wallabia_bicolor                0.0448796 0.0683373 0.0487343 0.0180510 0.0163470 0.0897601 0.0487811 0.0444814 0.0163837 0.1649805 0.0507470 0.0679714 0.0813222 0.0449503 0.0694327 0.0806652 0.0712484 0.0872798 0.0055491 0.0511172 0.0924545 0.0783762 0.0715046 0.0252246 0.0483516 0.0429935 0.0000000 0.0843517 0.0744040 0.0537358 0.1156637 0.0868373 0.0409083 0.0437644 0.0669575 
Tarsipedidae_Tarsipes_rostratus              0.0903550 0.1378998 0.0918408 0.0909818 0.0890887 0.1398036 0.0998237 0.0909538 0.0893557 0.1758322 0.1002699 0.1090836 0.1230068 0.0897660 0.1070149 0.1267677 0.1051844 0.1351134 0.0867987 0.0767017 0.1370478 0.1321369 0.1112838 0.0918824 0.0923963 0.0746561 0.0843517 0.0000000 0.1014828 0.0972648 0.1451660 0.1373380 0.0679737 0.0627318 0.0953194 
Acrobatidae_Distoechurus_pennatus            0.0871997 0.1304545 0.0850068 0.0801798 0.0795390 0.1438992 0.0864587 0.0828606 0.0814164 0.1530867 0.0928353 0.1116828 0.1198030 0.0792689 0.1125805 0.1221432 0.1171576 0.1295920 0.0791377 0.0860470 0.1329606 0.1207361 0.1211125 0.0865578 0.0895988 0.0776191 0.0744040 0.1014828 0.0000000 0.0901527 0.1349141 0.1362125 0.0237231 0.0413794 0.0720205 
Phalangeridae_Phalanger_carmelitae           0.0438343 0.0855516 0.0554584 0.0627055 0.0600002 0.1028027 0.0312839 0.0176320 0.0574981 0.1708964 0.0102794 0.0812151 0.0941556 0.0138282 0.0801089 0.0909143 0.0816194 0.0966575 0.0546671 0.0564234 0.0949079 0.0828699 0.0851421 0.0583300 0.0563060 0.0542687 0.0537358 0.0972648 0.0901527 0.0000000 0.1315351 0.0971511 0.0536955 0.0543329 0.0842420 
Peramelidae_Peroryctes_raffrayana            0.1280286 0.1539889 0.1235369 0.1282314 0.1248306 0.1850704 0.1275938 0.1166121 0.1271066 0.0817595 0.1244695 0.1497252 0.1562508 0.1212992 0.1435206 0.1625915 0.1568471 0.0467690 0.1212491 0.1295321 0.1653062 0.1680957 0.1576099 0.1266761 0.1155224 0.1207028 0.1156637 0.1451660 0.1349141 0.1315351 0.0000000 0.1735244 0.0683958 0.0698110 0.0187261 
Dasyuridae_Dasyurus_geffroii                 0.0860779 0.1128739 0.0847009 0.0982316 0.0955672 0.0078941 0.0988899 0.0920541 0.0924312 0.2291075 0.0953038 0.0243412 0.0342472 0.0932427 0.0270147 0.0189183 0.0287990 0.1257932 0.0890024 0.0989247 0.1114334 0.1057142 0.0276154 0.0958684 0.0839996 0.0881171 0.0868373 0.1373380 0.1362125 0.0971511 0.1735244 0.0000000 0.0936417 0.0953156 0.1054391 
Acrobatidae_Acrobates_pygmaeus               0.0479457 0.0691666 0.0421635 0.0463282 0.0446180 0.0981277 0.0491354 0.0379202 0.0436961 0.0742721 0.0543524 0.0675131 0.0786753 0.0411943 0.0666420 0.0776910 0.0648795 0.0683541 0.0456199 0.0474648 0.0906540 0.0779472 0.0740574 0.0451479 0.0459886 0.0381678 0.0409083 0.0679737 0.0237231 0.0536955 0.0683958 0.0936417 0.0000000 0.0444839 0.0773257 
Pseudochiridae_Pseudocheirus_occidentalis    0.0485373 0.0651156 0.0451477 0.0463004 0.0443076 0.1037714 0.0540621 0.0398383 0.0478223 0.0813642 0.0586915 0.0698877 0.0846555 0.0433341 0.0668124 0.0823456 0.0696220 0.0747259 0.0491903 0.0145824 0.0970043 0.0873648 0.0802004 0.0474135 0.0530633 0.0246870 0.0437644 0.0627318 0.0413794 0.0543329 0.0698110 0.0953156 0.0444839 0.0000000 0.0844602 
Peramelidae_Perameles_gunnii                 0.0798621 0.0993667 0.0623962 0.0750139 0.0712262 0.1075673 0.0700371 0.0681273 0.0730796 0.0025820 0.0793233 0.0771673 0.0875560 0.0717743 0.0764868 0.0859754 0.0765426 0.0216198 0.0733719 0.0820656 0.1033263 0.1003495 0.0846199 0.0771645 0.0633323 0.0703003 0.0669575 0.0953194 0.0720205 0.0842420 0.0187261 0.1054391 0.0773257 0.0844602 0.0000000 
