51
Betula_platyphylla          0.0000000 0.0190375 0.0589167 0.0601420 0.0649947 0.0473395 0.1339530 0.0428772 0.0526115 0.0565344 0.0422442 0.0592734 0.1398435 0.0559285 0.0692477 0.0695369 0.0677233 0.0713981 0.0674983 0.0687216 0.0674259 0.0692565 0.0698320 0.0672497 0.0710370 0.0710380 0.0496567 0.0582579 0.0346187 0.0415645 0.0622594 0.0882338 0.4171004 0.1448741 0.1593533 0.2716755 0.1466669 0.1050601 0.2724387 0.2523324 0.1045193 0.1033584 0.1426715 0.1555521 0.1070125 0.1655147 0.1141165 0.1812239 0.4182839 0.3772775 0.3949071 
Carpinus_betulus            0.0190375 0.0000000 0.0599155 0.0660392 0.0747913 0.0544930 0.1374683 0.0491865 0.0569632 0.0590041 0.0457996 0.0620113 0.1448450 0.0622784 0.0730124 0.0731583 0.0714629 0.0748498 0.0712351 0.0724677 0.0711573 0.0728590 0.0733931 0.0709830 0.0744785 0.0744796 0.0547151 0.0602508 0.0387345 0.0475848 0.0649522 0.0966177 0.4272109 0.1493078 0.1670505 0.2633642 0.1503209 0.1168036 0.2641245 0.2342778 0.1080147 0.1068316 0.1451154 0.1642083 0.1187943 0.1665874 0.1260624 0.1761232 0.3931160 0.3503269 0.3591898 
Castanea_sativa             0.0589167 0.0599155 0.0000000 0.0861727 0.0149392 0.0743942 0.1405091 0.0629438 0.0722287 0.0484683 0.0602669 0.0087427 0.1489770 0.0924720 0.0736049 0.0729858 0.0758271 0.0763838 0.0759441 0.0734683 0.0758878 0.0765363 0.0739472 0.0757038 0.0760115 0.0760126 0.0717790 0.0087882 0.0548040 0.0836071 0.0128656 0.1199567 0.4672223 0.1644329 0.1716432 0.2563273 0.1558658 0.1249261 0.2524031 0.2386517 0.1023928 0.1012440 0.1518747 0.1727839 0.1249545 0.1774221 0.1364042 0.1735029 0.4790844 0.4600457 0.4537979 
Casuarina_equisetifolia     0.0601420 0.0660392 0.0861727 0.0000000 0.0729679 0.0709399 0.1287346 0.0766598 0.0637017 0.0874554 0.0735032 0.0856645 0.1507547 0.0821396 0.1004345 0.1020543 0.1003308 0.1025978 0.1022292 0.1008864 0.0992741 0.1017042 0.1023702 0.1014267 0.1029525 0.1029525 0.0839604 0.0809581 0.0692406 0.0687832 0.0887686 0.1198951 0.5357585 0.1273093 0.1346492 0.0517556 0.1231065 0.1261323 0.0517556 0.0517556 0.0644588 0.0675624 0.1202101 0.1294088 0.1261619 0.1342068 0.1338119 0.1878961 1.0367683 1.1087229 0.9947944 
Chrysolepis_sempervirens    0.0649947 0.0747913 0.0149392 0.0729679 0.0000000 0.0684606 0.0943953 0.0758692 0.0499583 0.0665701 0.0700624 0.0166960 0.1281453 0.0947540 0.0797538 0.0818576 0.0822475 0.0826290 0.0826940 0.0802149 0.0824858 0.0823644 0.0837086 0.0817340 0.0830571 0.0830571 0.0809480 0.0169390 0.0673717 0.0805020 0.0218173 0.0997459 0.5104096 0.1283136 0.1315980 0.0663825 0.1193617 0.1246382 0.0543885 0.0543885 0.0541126 0.0570921 0.1167877 0.1295786 0.1267535 0.1370250 0.1360910 0.1068722 1.4098261 1.1640021 1.2071693 
Comptonia_peregrina         0.0473395 0.0544930 0.0743942 0.0709399 0.0684606 0.0000000 0.1127807 0.0569232 0.0447527 0.0663141 0.0523351 0.0771406 0.1395302 0.0113828 0.0790912 0.0784652 0.0812130 0.0821133 0.0805518 0.0810119 0.0797953 0.0817290 0.0790491 0.0798183 0.0817753 0.0821133 0.0633645 0.0735351 0.0451765 0.0521889 0.0765092 0.0995627 0.3170426 0.0979855 0.1050202 0.0716411 0.0938178 0.0956486 0.0618493 0.0618493 0.0505380 0.0534579 0.0896111 0.0993111 0.0994940 0.1064698 0.1044083 0.1679390 0.9470352 0.8511611 0.8926445 
Cucumis_sativus             0.1339530 0.1374683 0.1405091 0.1287346 0.0943953 0.1127807 0.0000000 0.1386383 0.1390912 0.1210321 0.1345590 0.1417000 0.1377137 0.1483309 0.1251973 0.1257287 0.1279911 0.1259134 0.1256091 0.1232880 0.1276545 0.1301997 0.1232556 0.1264567 0.1251815 0.1247010 0.1397762 0.1252700 0.1287445 0.1122742 0.1426583 0.2362223 0.3308163 0.1475969 0.1500614 0.3355087 0.1415124 0.0848595 0.3194671 0.3251675 0.1491001 0.1470633 0.1412432 0.1495770 0.0870206 0.1561798 0.0970968 0.1557657 1.6953076 1.7654432 1.6884474 
Cyclocarya_paliurus         0.0428772 0.0491865 0.0629438 0.0766598 0.0758692 0.0569232 0.1386383 0.0000000 0.0211327 0.0624717 0.0064098 0.0663173 0.1505217 0.0692541 0.0747111 0.0740129 0.0768245 0.0767681 0.0762808 0.0741814 0.0768271 0.0779907 0.0747521 0.0760369 0.0763902 0.0765773 0.0168340 0.0618327 0.0239668 0.0652242 0.0668733 0.0213194 0.3885977 0.1465530 0.1500060 0.2461672 0.1434729 0.1059445 0.2468628 0.2320374 0.0988913 0.0977527 0.1394047 0.1472463 0.1079027 0.1593420 0.1170600 0.1860896 0.1627338 0.1281574 0.1526892 
Engelhardia_fenzelii        0.0526115 0.0569632 0.0722287 0.0637017 0.0499583 0.0447527 0.1390912 0.0211327 0.0000000 0.0686194 0.0176863 0.0720514 0.1446643 0.0567214 0.0834036 0.0842741 0.0860076 0.0848746 0.0838437 0.0821945 0.0849983 0.0875260 0.0834376 0.0838547 0.0842095 0.0842110 0.0252053 0.0681369 0.0233551 0.0476082 0.0752004 0.0313100 0.2804755 0.1011672 0.1031219 0.2841515 0.1021064 0.0531691 0.2849659 0.2602469 0.1014932 0.1022419 0.0967314 0.1042815 0.0541593 0.1178932 0.0634637 0.1797064 0.0834785 0.0253610 0.0706991 
Fagus_grandifolia           0.0565344 0.0590041 0.0484683 0.0874554 0.0665701 0.0663141 0.1210321 0.0624717 0.0686194 0.0000000 0.0588200 0.0491089 0.1381720 0.0826444 0.0725997 0.0714146 0.0739034 0.0743296 0.0731983 0.0720707 0.0742238 0.0746827 0.0710372 0.0729086 0.0740235 0.0738292 0.0681835 0.0503125 0.0555150 0.0776180 0.0515901 0.0989325 0.4675341 0.1368665 0.1460494 0.2328943 0.1311480 0.1094323 0.2270269 0.2145224 0.0812401 0.0820325 0.1297195 0.1451874 0.1113815 0.1491656 0.1184832 0.1747275 0.5283391 0.4292834 0.4809877 
Juglans_nigra               0.0422442 0.0457996 0.0602669 0.0735032 0.0700624 0.0523351 0.1345590 0.0064098 0.0176863 0.0588200 0.0000000 0.0637778 0.1421648 0.0655990 0.0720438 0.0713115 0.0745393 0.0745722 0.0734618 0.0715299 0.0745422 0.0756648 0.0720025 0.0732242 0.0742078 0.0743906 0.0163079 0.0602471 0.0198671 0.0619533 0.0655438 0.0175148 0.3847950 0.1408074 0.1478974 0.2405844 0.1396901 0.1014312 0.2371510 0.2242134 0.0940222 0.0929451 0.1333734 0.1452378 0.1033470 0.1558436 0.1122939 0.1707453 0.1608185 0.1277744 0.1539553 
Lithocarpus_henryi          0.0592734 0.0620113 0.0087427 0.0856645 0.0166960 0.0771406 0.1417000 0.0663173 0.0720514 0.0491089 0.0637778 0.0000000 0.1477647 0.0940994 0.0740806 0.0745367 0.0753700 0.0767228 0.0765055 0.0739476 0.0754326 0.0758103 0.0742007 0.0762533 0.0766173 0.0766185 0.0732059 0.0116284 0.0574584 0.0842795 0.0147089 0.1209828 0.5514030 0.1640526 0.1697965 0.2741817 0.1540116 0.1270460 0.2808741 0.2491273 0.0936836 0.0944485 0.1533890 0.1720316 0.1260109 0.1771776 0.1375677 0.1736085 0.5165602 0.4992021 0.4825388 
Lotus_japonicus             0.1398435 0.1448450 0.1489770 0.1507547 0.1281453 0.1395302 0.1377137 0.1505217 0.1446643 0.1381720 0.1421648 0.1477647 0.0000000 0.1771990 0.1360928 0.1360392 0.1346610 0.1370590 0.1352283 0.1354629 0.1335981 0.1365476 0.1330935 0.1346784 0.1370590 0.1370590 0.1506912 0.1450793 0.1389285 0.1360166 0.1523163 0.1097923 0.0527103 0.1308289 0.1253871 0.0623172 0.1127259 0.1228171 0.0527103 0.0527103 0.1207915 0.1231325 0.1134682 0.1232883 0.1216309 0.1282108 0.1301407 0.1696931 9.0000000 9.0000000 9.0000000 
Morella_cerifera            0.0559285 0.0622784 0.0924720 0.0821396 0.0947540 0.0113828 0.1483309 0.0692541 0.0567214 0.0826444 0.0655990 0.0940994 0.1771990 0.0000000 0.1019750 0.1005136 0.1017832 0.1043183 0.1033144 0.1026659 0.1008149 0.1031168 0.1005910 0.1022585 0.1047804 0.1052535 0.0788447 0.0911852 0.0573442 0.0631227 0.0958865 0.1776232 0.4101281 0.1472906 0.1805068 0.0852162 0.1543554 0.1621601 0.0852162 0.0852162 0.0605359 0.0656016 0.1541406 0.1643965 0.1643965 0.1676496 0.1738757 0.2588915 0.9974863 0.9090382 0.9417299 
Nothofagus_alessandri       0.0692477 0.0730124 0.0736049 0.1004345 0.0797538 0.0790912 0.1251973 0.0747111 0.0834036 0.0725997 0.0720438 0.0740806 0.1360928 0.1019750 0.0000000 0.0093242 0.0176112 0.0065083 0.0175771 0.0048794 0.0180327 0.0187712 0.0094560 0.0170360 0.0060235 0.0060153 0.0756814 0.0700629 0.0648761 0.0818193 0.0732842 0.1350000 0.1079443 0.0519922 0.0464443 0.0554152 0.0400822 0.0258226 0.0492779 0.0255646 0.0235036 0.0227099 0.0327781 0.0386653 0.0289620 0.0472363 0.0345322 0.1586510 0.6065649 0.5798362 0.5755128 
Nothofagus_antarctica       0.0695369 0.0731583 0.0729858 0.1020543 0.0818576 0.0784652 0.1257287 0.0740129 0.0842741 0.0714146 0.0713115 0.0745367 0.1360392 0.1005136 0.0093242 0.0000000 0.0184408 0.0111858 0.0177214 0.0098029 0.0195469 0.0203403 0.0032985 0.0175062 0.0106849 0.0106697 0.0757135 0.0699266 0.0656673 0.0855494 0.0742759 0.1328527 0.0825861 0.0512414 0.0392249 0.0198520 0.0138190 0.0289510 0.0140940 0.0227126 0.0159808 0.0152155 0.0102012 0.0329644 0.0305228 0.0246375 0.0369176 0.1684265 0.5648854 0.5405479 0.5314443 
Nothofagus_cunninghamii     0.0677233 0.0714629 0.0758271 0.1003308 0.0822475 0.0812130 0.1279911 0.0768245 0.0860076 0.0739034 0.0745393 0.0753700 0.1346610 0.1017832 0.0176112 0.0184408 0.0000000 0.0186258 0.0064382 0.0177311 0.0036431 0.0028513 0.0186878 0.0065863 0.0184223 0.0183943 0.0801584 0.0717353 0.0671696 0.0861215 0.0776425 0.1316235 0.1561018 0.0269379 0.0675851 0.0504544 0.0527844 0.0526873 0.0442708 0.0291133 0.0289979 0.0281853 0.0476274 0.0609113 0.0543467 0.0591949 0.0619906 0.1518360 0.5773730 0.5669396 0.5542824 
Nothofagus_fusca            0.0713981 0.0748498 0.0763838 0.1025978 0.0826290 0.0821133 0.1259134 0.0767681 0.0848746 0.0743296 0.0745722 0.0767228 0.1370590 0.1043183 0.0065083 0.0111858 0.0186258 0.0000000 0.0187396 0.0040734 0.0186857 0.0197825 0.0111620 0.0178243 0.0004642 0.0007741 0.0781498 0.0729317 0.0665276 0.0839296 0.0764302 0.1362342 0.1006631 0.0535558 0.0457157 0.0373098 0.0393735 0.0297944 0.0434157 0.0084415 0.0220051 0.0212167 0.0307449 0.0408589 0.0329652 0.0480424 0.0385933 0.1583879 0.5861458 0.5650074 0.5552881 
Nothofagus_glauca           0.0674983 0.0712351 0.0759441 0.1022292 0.0826940 0.0805518 0.1256091 0.0762808 0.0838437 0.0731983 0.0734618 0.0765055 0.1352283 0.1033144 0.0175771 0.0177214 0.0064382 0.0187396 0.0000000 0.0172078 0.0071135 0.0076110 0.0190619 0.0011050 0.0182050 0.0182366 0.0786865 0.0716163 0.0661937 0.0857310 0.0771931 0.1304892 0.1445082 0.0105618 0.0631164 0.0441393 0.0505488 0.0495595 0.0443349 0.0291781 0.0266593 0.0258508 0.0441422 0.0580775 0.0512148 0.0592998 0.0579860 0.1529151 0.5598174 0.5407443 0.5370837 
Nothofagus_gunnii           0.0687216 0.0724677 0.0734683 0.1008864 0.0802149 0.0810119 0.1232880 0.0741814 0.0821945 0.0720707 0.0715299 0.0739476 0.1354629 0.1026659 0.0048794 0.0098029 0.0177311 0.0040734 0.0172078 0.0000000 0.0181520 0.0192562 0.0099508 0.0166681 0.0035982 0.0035934 0.0746495 0.0696084 0.0634818 0.0828210 0.0737063 0.1311730 0.0987464 0.0520519 0.0450831 0.0374398 0.0394163 0.0290386 0.0314863 0.0027935 0.0205342 0.0197498 0.0307804 0.0373155 0.0322077 0.0465728 0.0378326 0.1584796 0.5810339 0.5586704 0.5546037 
Nothofagus_menziesii        0.0674259 0.0711573 0.0758878 0.0992741 0.0824858 0.0797953 0.1276545 0.0768271 0.0849983 0.0742238 0.0745422 0.0754326 0.1335981 0.1008149 0.0180327 0.0195469 0.0036431 0.0186857 0.0071135 0.0181520 0.0000000 0.0051133 0.0197885 0.0069408 0.0184815 0.0184533 0.0802863 0.0720734 0.0669865 0.0857644 0.0774771 0.1316482 0.1666280 0.0297592 0.0707248 0.0536326 0.0573076 0.0552719 0.0474075 0.0321486 0.0297845 0.0289687 0.0519640 0.0640020 0.0569423 0.0637732 0.0646419 0.1518533 0.5743800 0.5696858 0.5512824 
Nothofagus_moorei           0.0692565 0.0728590 0.0765363 0.1017042 0.0823644 0.0817290 0.1301997 0.0779907 0.0875260 0.0746827 0.0756648 0.0758103 0.1365476 0.1031168 0.0187712 0.0203403 0.0028513 0.0197825 0.0076110 0.0192562 0.0051133 0.0000000 0.0202071 0.0077580 0.0195756 0.0199394 0.0814780 0.0727780 0.0682433 0.0869866 0.0783683 0.1341619 0.1638989 0.0311815 0.0699097 0.0597683 0.0565233 0.0527353 0.0600371 0.0444421 0.0313213 0.0304944 0.0504899 0.0648203 0.0543963 0.0622968 0.0620477 0.1530291 0.5935253 0.5831303 0.5701965 
Nothofagus_nitida           0.0698320 0.0733931 0.0739472 0.1023702 0.0837086 0.0790491 0.1232556 0.0747521 0.0834376 0.0710372 0.0720025 0.0742007 0.1330935 0.1005910 0.0094560 0.0032985 0.0186878 0.0111620 0.0190619 0.0099508 0.0197885 0.0202071 0.0000000 0.0185154 0.0106623 0.0106472 0.0765181 0.0709854 0.0664216 0.0857084 0.0752483 0.1349082 0.0850158 0.0556777 0.0392497 0.0227402 0.0085080 0.0289735 0.0169517 0.0256108 0.0159798 0.0152146 0.0121446 0.0336820 0.0305466 0.0219390 0.0377502 0.1606027 0.5885523 0.5646117 0.5549387 
Nothofagus_obliqua          0.0672497 0.0709830 0.0757038 0.1014267 0.0817340 0.0798183 0.1264567 0.0760369 0.0838547 0.0729086 0.0732242 0.0762533 0.1346784 0.1022585 0.0170360 0.0175062 0.0065863 0.0178243 0.0011050 0.0166681 0.0069408 0.0077580 0.0185154 0.0000000 0.0176594 0.0176899 0.0784389 0.0713616 0.0657735 0.0849956 0.0769530 0.1305244 0.1394543 0.0112285 0.0600835 0.0411280 0.0497995 0.0470230 0.0474154 0.0321793 0.0258973 0.0250916 0.0427206 0.0565615 0.0486681 0.0577853 0.0553931 0.1529151 0.5610581 0.5419482 0.5382670 
Nothofagus_solandri         0.0710370 0.0744785 0.0760115 0.1029525 0.0830571 0.0817753 0.1251815 0.0763902 0.0842095 0.0740235 0.0742078 0.0766173 0.1370590 0.1047804 0.0060235 0.0106849 0.0184223 0.0004642 0.0182050 0.0035982 0.0184815 0.0195756 0.0106623 0.0176594 0.0000000 0.0003094 0.0774032 0.0725433 0.0661816 0.0842565 0.0757036 0.1353519 0.0939202 0.0513500 0.0450052 0.0373305 0.0372527 0.0290063 0.0374919 0.0028031 0.0220083 0.0212197 0.0287199 0.0387282 0.0321717 0.0458794 0.0377897 0.1583879 0.5787716 0.5576636 0.5480598 
Nothofagus_truncata         0.0710380 0.0744796 0.0760126 0.1029525 0.0830571 0.0821133 0.1247010 0.0765773 0.0842110 0.0738292 0.0743906 0.0766185 0.1370590 0.1052535 0.0060153 0.0106697 0.0183943 0.0007741 0.0182366 0.0035934 0.0184533 0.0199394 0.0106472 0.0176899 0.0003094 0.0000000 0.0775920 0.0725444 0.0660112 0.0842565 0.0757047 0.1359825 0.0986537 0.0498458 0.0464781 0.0404126 0.0386974 0.0297944 0.0344276 0.0000010 0.0227819 0.0219899 0.0300928 0.0386964 0.0329652 0.0458415 0.0385933 0.1583879 0.5761417 0.5550074 0.5454274 
Platycarya_strobilacea      0.0496567 0.0547151 0.0717790 0.0839604 0.0809480 0.0633645 0.1397762 0.0168340 0.0252053 0.0681835 0.0163079 0.0732059 0.1506912 0.0788447 0.0756814 0.0757135 0.0801584 0.0781498 0.0786865 0.0746495 0.0802863 0.0814780 0.0765181 0.0784389 0.0774032 0.0775920 0.0000000 0.0706548 0.0305846 0.0707701 0.0755040 0.0404748 0.4355532 0.1535663 0.1583220 0.2749148 0.1532753 0.1094565 0.2757220 0.2505171 0.1013672 0.1002108 0.1462303 0.1565478 0.1114376 0.1707165 0.1207123 0.1842974 0.2501421 0.2057103 0.2317486 
Quercus_rubra               0.0582579 0.0602508 0.0087882 0.0809581 0.0169390 0.0735351 0.1252700 0.0618327 0.0681369 0.0503125 0.0602471 0.0116284 0.1450793 0.0911852 0.0700629 0.0699266 0.0717353 0.0729317 0.0716163 0.0696084 0.0720734 0.0727780 0.0709854 0.0713616 0.0725433 0.0725444 0.0706548 0.0000000 0.0559818 0.0823859 0.0147322 0.1082491 0.4499117 0.1599888 0.1679194 0.2484393 0.1562257 0.1255282 0.2446476 0.2314042 0.1005407 0.1012427 0.1500674 0.1700053 0.1245068 0.1709520 0.1359117 0.1671860 0.4607397 0.4269886 0.4431839 
Rhoiptelea_chiliantha       0.0346187 0.0387345 0.0548040 0.0692406 0.0673717 0.0451765 0.1287445 0.0239668 0.0233551 0.0555150 0.0198671 0.0574584 0.1389285 0.0573442 0.0648761 0.0656673 0.0671696 0.0665276 0.0661937 0.0634818 0.0669865 0.0682433 0.0664216 0.0657735 0.0661816 0.0660112 0.0305846 0.0559818 0.0000000 0.0524866 0.0591845 0.0507633 0.3817491 0.1360981 0.1452044 0.2202704 0.1369183 0.1013296 0.2167492 0.1913426 0.0883889 0.0873281 0.1305978 0.1406838 0.1052221 0.1538169 0.1121807 0.1696476 0.2549066 0.2232677 0.2412690 
Ticodendron_incognitum      0.0415645 0.0475848 0.0836071 0.0687832 0.0805020 0.0521889 0.1122742 0.0652242 0.0476082 0.0776180 0.0619533 0.0842795 0.1360166 0.0631227 0.0818193 0.0855494 0.0861215 0.0839296 0.0857310 0.0828210 0.0857644 0.0869866 0.0857084 0.0849956 0.0842565 0.0842565 0.0707701 0.0823859 0.0524866 0.0000000 0.0854551 0.1209825 0.4494578 0.1199390 0.1240162 0.0504855 0.1120962 0.1138450 0.0397812 0.0397812 0.0493401 0.0522947 0.1078931 0.1179665 0.1178600 0.1244469 0.1250436 0.1660194 1.0987756 1.0659426 1.0147592 
Trigonobalanus_verticellata 0.0622594 0.0649522 0.0128656 0.0887686 0.0218173 0.0765092 0.1426583 0.0668733 0.0752004 0.0515901 0.0655438 0.0147089 0.1523163 0.0958865 0.0732842 0.0742759 0.0776425 0.0764302 0.0771931 0.0737063 0.0774771 0.0783683 0.0752483 0.0769530 0.0757036 0.0757047 0.0755040 0.0147322 0.0591845 0.0854551 0.0000000 0.1286386 0.4568770 0.1635602 0.1688037 0.2646416 0.1559981 0.1195890 0.2610288 0.2422926 0.1037400 0.1035471 0.1497906 0.1669766 0.1196035 0.1754588 0.1287983 0.1769928 0.5376100 0.5415543 0.5282054 
Carya_illinoinensis         0.0882338 0.0966177 0.1199567 0.1198951 0.0997459 0.0995627 0.2362223 0.0213194 0.0313100 0.0989325 0.0175148 0.1209828 0.1097923 0.1776232 0.1350000 0.1328527 0.1316235 0.1362342 0.1304892 0.1311730 0.1316482 0.1341619 0.1349082 0.1305244 0.1353519 0.1359825 0.0404748 0.1082491 0.0507633 0.1209825 0.1286386 0.0000000 0.3823592 0.1322701 0.1433925 0.2508784 0.1340824 0.0961715 0.2515584 0.2285333 0.0935827 0.0924744 0.1277587 0.1406798 0.0980948 0.1485821 0.1070648 0.1026186 0.1585467 0.1163742 0.1445900 
Nothofagus_aequilateralis   0.4171004 0.4272109 0.4672223 0.5357585 0.5104096 0.3170426 0.3308163 0.3885977 0.2804755 0.4675341 0.3847950 0.5514030 0.0527103 0.4101281 0.1079443 0.0825861 0.1561018 0.1006631 0.1445082 0.0987464 0.1666280 0.1638989 0.0850158 0.1394543 0.0939202 0.0986537 0.4355532 0.4499117 0.3817491 0.4494578 0.4568770 0.3823592 0.0000000 0.1422056 0.0060294 0.0084037 0.0959991 0.0291732 0.0141311 0.0345811 0.0169653 0.0055953 0.0823970 0.0307283 0.0291732 0.0961497 0.0291732 0.0343240 1.0257842 0.9460779 0.9594420 
Nothofagus_alpina           0.1448741 0.1493078 0.1644329 0.1273093 0.1283136 0.0979855 0.1475969 0.1465530 0.1011672 0.1368665 0.1408074 0.1640526 0.1308289 0.1472906 0.0519922 0.0512414 0.0269379 0.0535558 0.0105618 0.0520519 0.0297592 0.0311815 0.0556777 0.0112285 0.0513500 0.0498458 0.1535663 0.1599888 0.1360981 0.1199390 0.1635602 0.1322701 0.1422056 0.0000000 0.0684124 0.0473356 0.0564817 0.0545664 0.0411575 0.0261207 0.0336161 0.0327816 0.0505403 0.0617223 0.0562382 0.0607127 0.0630858 0.1135094 0.8485730 0.7742970 0.7989840 
Nothofagus_balansae         0.1593533 0.1670505 0.1716432 0.1346492 0.1315980 0.1050202 0.1500614 0.1500060 0.1031219 0.1460494 0.1478974 0.1697965 0.1253871 0.1805068 0.0464443 0.0392249 0.0675851 0.0457157 0.0631164 0.0450831 0.0707248 0.0699097 0.0392497 0.0600835 0.0450052 0.0464781 0.1583220 0.1679194 0.1452044 0.1240162 0.1688037 0.1433925 0.0060294 0.0684124 0.0000000 0.0027913 0.0434806 0.0156948 0.0141318 0.0374496 0.0086286 0.0078929 0.0378021 0.0191700 0.0149298 0.0536310 0.0210379 0.1091651 1.0315020 0.9518793 0.9651833 
Nothofagus_baumanniae       0.2716755 0.2633642 0.2563273 0.0517556 0.0663825 0.0716411 0.3355087 0.2461672 0.2841515 0.2328943 0.2405844 0.2741817 0.0623172 0.0852162 0.0554152 0.0198520 0.0504544 0.0373098 0.0441393 0.0374398 0.0536326 0.0597683 0.0227402 0.0411280 0.0373305 0.0404126 0.2749148 0.2484393 0.2202704 0.0504855 0.2646416 0.2508784 0.0084037 0.0473356 0.0027913 0.0000000 0.0226443 0.0105191 0.0169924 0.0403826 0.0141096 0.0027913 0.0169040 0.0198701 0.0105191 0.0432162 0.0105191 0.0434596 0.7729832 0.7421828 0.7456876 
Nothofagus_betuloides       0.1466669 0.1503209 0.1558658 0.1231065 0.1193617 0.0938178 0.1415124 0.1434729 0.1021064 0.1311480 0.1396901 0.1540116 0.1127259 0.1543554 0.0400822 0.0138190 0.0527844 0.0393735 0.0505488 0.0394163 0.0573076 0.0565233 0.0085080 0.0497995 0.0372527 0.0386974 0.1532753 0.1562257 0.1369183 0.1120962 0.1559981 0.1340824 0.0959991 0.0564817 0.0434806 0.0226443 0.0000000 0.0329534 0.0227410 0.0314951 0.0167026 0.0159357 0.0138127 0.0386419 0.0345408 0.0240065 0.0418171 0.0981539 0.9593240 0.8912445 0.8932771 
Nothofagus_brassii          0.1050601 0.1168036 0.1249261 0.1261323 0.1246382 0.0956486 0.0848595 0.1059445 0.0531691 0.1094323 0.1014312 0.1270460 0.1228171 0.1621601 0.0258226 0.0289510 0.0526873 0.0297944 0.0495595 0.0290386 0.0552719 0.0527353 0.0289735 0.0470230 0.0290063 0.0297944 0.1094565 0.1255282 0.1013296 0.1138450 0.1195890 0.0961715 0.0291732 0.0545664 0.0156948 0.0105191 0.0329534 0.0000000 0.0000010 0.0000010 0.0044051 0.0070689 0.0281853 0.0051749 0.0059185 0.0394193 0.0111713 0.1029271 1.4055468 1.2188727 1.2521827 
Nothofagus_carrii           0.2724387 0.2641245 0.2524031 0.0517556 0.0543885 0.0618493 0.3194671 0.2468628 0.2849659 0.2270269 0.2371510 0.2808741 0.0527103 0.0852162 0.0492779 0.0140940 0.0442708 0.0434157 0.0443349 0.0314863 0.0474075 0.0600371 0.0169517 0.0474154 0.0374919 0.0344276 0.2757220 0.2446476 0.2167492 0.0397812 0.2610288 0.2515584 0.0141311 0.0411575 0.0141318 0.0169924 0.0227410 0.0000010 0.0000000 0.0344276 0.0257306 0.0141318 0.0169881 0.0027980 0.0000010 0.0372259 0.0000010 0.0343240 0.7756693 0.7448137 0.7483036 
Nothofagus_cliffortioides   0.2523324 0.2342778 0.2386517 0.0517556 0.0543885 0.0618493 0.3251675 0.2320374 0.2602469 0.2145224 0.2242134 0.2491273 0.0527103 0.0852162 0.0255646 0.0227126 0.0291133 0.0084415 0.0291781 0.0027935 0.0321486 0.0444421 0.0256108 0.0321793 0.0028031 0.0000010 0.2505171 0.2314042 0.1913426 0.0397812 0.2422926 0.2285333 0.0345811 0.0261207 0.0374496 0.0403826 0.0314951 0.0000010 0.0344276 0.0000000 0.0495111 0.0374496 0.0256470 0.0373841 0.0000010 0.0461508 0.0000010 0.0343240 0.7078676 0.6761069 0.6802489 
Nothofagus_codonandra       0.1045193 0.1080147 0.1023928 0.0644588 0.0541126 0.0505380 0.1491001 0.0988913 0.1014932 0.0812401 0.0940222 0.0936836 0.1207915 0.0605359 0.0235036 0.0159808 0.0289979 0.0220051 0.0266593 0.0205342 0.0297845 0.0313213 0.0159798 0.0258973 0.0220083 0.0227819 0.1013672 0.1005407 0.0883889 0.0493401 0.1037400 0.0935827 0.0169653 0.0336161 0.0086286 0.0141096 0.0167026 0.0044051 0.0257306 0.0495111 0.0000000 0.0064628 0.0137521 0.0137794 0.0052902 0.0333921 0.0133728 0.1025616 0.8295802 0.7995261 0.8024812 
Nothofagus_discoidea        0.1033584 0.1068316 0.1012440 0.0675624 0.0570921 0.0534579 0.1470633 0.0977527 0.1022419 0.0820325 0.0929451 0.0944485 0.1231325 0.0656016 0.0227099 0.0152155 0.0281853 0.0212167 0.0258508 0.0197498 0.0289687 0.0304944 0.0152146 0.0250916 0.0212197 0.0219899 0.1002108 0.1012427 0.0873281 0.0522947 0.1035471 0.0924744 0.0055953 0.0327816 0.0078929 0.0027913 0.0159357 0.0070689 0.0141318 0.0374496 0.0064628 0.0000000 0.0129978 0.0137569 0.0088542 0.0325640 0.0170112 0.1048073 0.7740267 0.7432043 0.7467034 
Nothofagus_dombeyi          0.1426715 0.1451154 0.1518747 0.1202101 0.1167877 0.0896111 0.1412432 0.1394047 0.0967314 0.1297195 0.1333734 0.1533890 0.1134682 0.1541406 0.0327781 0.0102012 0.0476274 0.0307449 0.0441422 0.0307804 0.0519640 0.0504899 0.0121446 0.0427206 0.0287199 0.0300928 0.1462303 0.1500674 0.1305978 0.1078931 0.1497906 0.1277587 0.0823970 0.0505403 0.0378021 0.0169040 0.0138127 0.0281853 0.0169881 0.0256470 0.0137521 0.0129978 0.0000000 0.0330066 0.0297558 0.0205372 0.0361439 0.0993273 0.9394154 0.8570667 0.8738285 
Nothofagus_grandis          0.1555521 0.1642083 0.1727839 0.1294088 0.1295786 0.0993111 0.1495770 0.1472463 0.1042815 0.1451874 0.1452378 0.1720316 0.1232883 0.1643965 0.0386653 0.0329644 0.0609113 0.0408589 0.0580775 0.0373155 0.0640020 0.0648203 0.0336820 0.0565615 0.0387282 0.0386964 0.1565478 0.1700053 0.1406838 0.1179665 0.1669766 0.1406798 0.0307283 0.0617223 0.0191700 0.0198701 0.0386419 0.0051749 0.0027980 0.0373841 0.0137794 0.0137569 0.0330066 0.0000000 0.0051749 0.0464762 0.0119278 0.1026722 1.0014591 0.9217721 0.9353225 
Nothofagus_perryi           0.1070125 0.1187943 0.1249545 0.1261619 0.1267535 0.0994940 0.0870206 0.1079027 0.0541593 0.1113815 0.1033470 0.1260109 0.1216309 0.1643965 0.0289620 0.0305228 0.0543467 0.0329652 0.0512148 0.0322077 0.0569423 0.0543963 0.0305466 0.0486681 0.0321717 0.0329652 0.1114376 0.1245068 0.1052221 0.1178600 0.1196035 0.0980948 0.0291732 0.0562382 0.0149298 0.0105191 0.0345408 0.0059185 0.0000010 0.0000010 0.0052902 0.0088542 0.0297558 0.0051749 0.0000000 0.0402196 0.0096690 0.1041041 1.4055468 1.2188727 1.2521827 
Nothofagus_pumilio          0.1655147 0.1665874 0.1774221 0.1342068 0.1370250 0.1064698 0.1561798 0.1593420 0.1178932 0.1491656 0.1558436 0.1771776 0.1282108 0.1676496 0.0472363 0.0246375 0.0591949 0.0480424 0.0592998 0.0465728 0.0637732 0.0622968 0.0219390 0.0577853 0.0458794 0.0458415 0.1707165 0.1709520 0.1538169 0.1244469 0.1754588 0.1485821 0.0961497 0.0607127 0.0536310 0.0432162 0.0240065 0.0394193 0.0372259 0.0461508 0.0333921 0.0325640 0.0205372 0.0464762 0.0402196 0.0000000 0.0475978 0.1141270 1.0058681 0.9228756 0.9394389 
Nothofagus_resinosa         0.1141165 0.1260624 0.1364042 0.1338119 0.1360910 0.1044083 0.0970968 0.1170600 0.0634637 0.1184832 0.1122939 0.1375677 0.1301407 0.1738757 0.0345322 0.0369176 0.0619906 0.0385933 0.0579860 0.0378326 0.0646419 0.0620477 0.0377502 0.0553931 0.0377897 0.0385933 0.1207123 0.1359117 0.1121807 0.1250436 0.1287983 0.1070648 0.0291732 0.0630858 0.0210379 0.0105191 0.0418171 0.0111713 0.0000010 0.0000010 0.0133728 0.0170112 0.0361439 0.0119278 0.0096690 0.0475978 0.0000000 0.1122456 1.4055468 1.2188727 1.2521827 
Phaseolous_vulgaris         0.1812239 0.1761232 0.1735029 0.1878961 0.1068722 0.1679390 0.1557657 0.1860896 0.1797064 0.1747275 0.1707453 0.1736085 0.1696931 0.2588915 0.1586510 0.1684265 0.1518360 0.1583879 0.1529151 0.1584796 0.1518533 0.1530291 0.1606027 0.1529151 0.1583879 0.1583879 0.1842974 0.1671860 0.1696476 0.1660194 0.1769928 0.1026186 0.0343240 0.1135094 0.1091651 0.0434596 0.0981539 0.1029271 0.0343240 0.0343240 0.1025616 0.1048073 0.0993273 0.1026722 0.1041041 0.1141270 0.1122456 0.0000000 9.0000000 9.0000000 9.0000000 
Alfaroa_williamsii          0.4182839 0.3931160 0.4790844 1.0367683 1.4098261 0.9470352 1.6953076 0.1627338 0.0834785 0.5283391 0.1608185 0.5165602 9.0000000 0.9974863 0.6065649 0.5648854 0.5773730 0.5861458 0.5598174 0.5810339 0.5743800 0.5935253 0.5885523 0.5610581 0.5787716 0.5761417 0.2501421 0.4607397 0.2549066 1.0987756 0.5376100 0.1585467 1.0257842 0.8485730 1.0315020 0.7729832 0.9593240 1.4055468 0.7756693 0.7078676 0.8295802 0.7740267 0.9394154 1.0014591 1.4055468 1.0058681 1.4055468 9.0000000 0.0000000 0.0849169 0.0343590 
Alfaropsis_roxburghiana     0.3772775 0.3503269 0.4600457 1.1087229 1.1640021 0.8511611 1.7654432 0.1281574 0.0253610 0.4292834 0.1277744 0.4992021 9.0000000 0.9090382 0.5798362 0.5405479 0.5669396 0.5650074 0.5407443 0.5586704 0.5696858 0.5831303 0.5646117 0.5419482 0.5576636 0.5550074 0.2057103 0.4269886 0.2232677 1.0659426 0.5415543 0.1163742 0.9460779 0.7742970 0.9518793 0.7421828 0.8912445 1.2188727 0.7448137 0.6761069 0.7995261 0.7432043 0.8570667 0.9217721 1.2188727 0.9228756 1.2188727 9.0000000 0.0849169 0.0000000 0.0684064 
Oreomunnea_mexicana         0.3949071 0.3591898 0.4537979 0.9947944 1.2071693 0.8926445 1.6884474 0.1526892 0.0706991 0.4809877 0.1539553 0.4825388 9.0000000 0.9417299 0.5755128 0.5314443 0.5542824 0.5552881 0.5370837 0.5546037 0.5512824 0.5701965 0.5549387 0.5382670 0.5480598 0.5454274 0.2317486 0.4431839 0.2412690 1.0147592 0.5282054 0.1445900 0.9594420 0.7989840 0.9651833 0.7456876 0.8932771 1.2521827 0.7483036 0.6802489 0.8024812 0.7467034 0.8738285 0.9353225 1.2521827 0.9394389 1.2521827 9.0000000 0.0343590 0.0684064 0.0000000 
