35
Burramyidae_Burramys_parvus                  0.0000000 0.0533660 0.0390628 0.0409745 0.0378063 0.0433898 0.0274476 0.0327182 0.0393946 0.0661044 0.0328699 0.0425998 0.0422151 0.0319164 0.0471563 0.0425057 0.0428951 0.0382567 0.0577555 0.0426330 0.0404391 0.0751884 0.0625492 0.0405503 0.0374729 0.0398201 0.0428188 0.0419509 0.0504732 0.0512202 0.0455176 0.0326760 0.0588780 0.0447285 0.0620789 
Notoryctidae_Notoryctes_typhlops             0.0533660 0.0000000 0.0548842 0.0592082 0.0576375 0.0568755 0.0437015 0.0495029 0.0598308 0.0788177 0.0471790 0.0551031 0.0568944 0.0454996 0.0658667 0.0559043 0.0582658 0.0554407 0.0681107 0.0583000 0.0560970 0.0934488 0.0764221 0.0543996 0.0591702 0.0573890 0.0624414 0.0594419 0.0637240 0.0679060 0.0644587 0.0481219 0.0689568 0.0591782 0.0739691 
Vombatidae_Lasiorhinus_latifrons             0.0390628 0.0548842 0.0000000 0.0463164 0.0451011 0.0469026 0.0354588 0.0396412 0.0464370 0.0713046 0.0390147 0.0443029 0.0490450 0.0375362 0.0503132 0.0442125 0.0486569 0.0454515 0.0671343 0.0469993 0.0425253 0.0882287 0.0712913 0.0436804 0.0451912 0.0413083 0.0450207 0.0471517 0.0495108 0.0546825 0.0471575 0.0387231 0.0672064 0.0504546 0.0671815 
Potoroidae_Bettongia_penicillata             0.0409745 0.0592082 0.0463164 0.0000000 0.0056833 0.0525622 0.0397397 0.0448045 0.0110793 0.0773178 0.0446241 0.0522364 0.0550089 0.0438726 0.0523506 0.0517074 0.0537958 0.0514929 0.0700044 0.0213588 0.0494385 0.0875890 0.0698844 0.0519740 0.0322715 0.0512961 0.0510911 0.0206587 0.0553315 0.0590390 0.0486529 0.0438038 0.0695375 0.0551901 0.0731815 
Potoroidae_Bettongia_lesueur                 0.0378063 0.0576375 0.0451011 0.0056833 0.0000000 0.0509921 0.0373356 0.0423837 0.0076162 0.0738891 0.0422076 0.0506866 0.0532220 0.0410341 0.0498569 0.0501375 0.0522276 0.0495119 0.0669680 0.0170415 0.0476539 0.0852713 0.0675073 0.0503726 0.0287022 0.0491728 0.0502141 0.0163264 0.0536168 0.0576668 0.0462118 0.0413941 0.0670332 0.0536187 0.0696905 
Dasyuridae_Dasyurus_maculatus                0.0433898 0.0568755 0.0469026 0.0525622 0.0509921 0.0000000 0.0358757 0.0425435 0.0506203 0.0676325 0.0428185 0.0068508 0.0109924 0.0399162 0.0553008 0.0072217 0.0045406 0.0105026 0.0585378 0.0525290 0.0470238 0.0807693 0.0654962 0.0084271 0.0503948 0.0473334 0.0509246 0.0527560 0.0557889 0.0608730 0.0572390 0.0419290 0.0599407 0.0037873 0.0613366 
Phalangeridae_Trichosurus_vulpecula          0.0274476 0.0437015 0.0354588 0.0397397 0.0373356 0.0358757 0.0000000 0.0126460 0.0369777 0.0681017 0.0105019 0.0367176 0.0361495 0.0103398 0.0425417 0.0366374 0.0358275 0.0360502 0.0609112 0.0404543 0.0346843 0.0778626 0.0638863 0.0354792 0.0337965 0.0408593 0.0415605 0.0397687 0.0449652 0.0441752 0.0405803 0.0110977 0.0611040 0.0380315 0.0634008 
Phalangeridae_Spilocuscus_maculatus          0.0327182 0.0495029 0.0396412 0.0448045 0.0423837 0.0425435 0.0126460 0.0000000 0.0427876 0.0730114 0.0097216 0.0426110 0.0422334 0.0091745 0.0458327 0.0425168 0.0420514 0.0432179 0.0665395 0.0445986 0.0372469 0.0792272 0.0651559 0.0410288 0.0404212 0.0444183 0.0442960 0.0447863 0.0501064 0.0464791 0.0458701 0.0099328 0.0661693 0.0438783 0.0685144 
Potoroidae_Aepyprymnus_rufescens             0.0393946 0.0598308 0.0464370 0.0110793 0.0076162 0.0506203 0.0369777 0.0427876 0.0000000 0.0753923 0.0418488 0.0507510 0.0522503 0.0406793 0.0503157 0.0502009 0.0522942 0.0503983 0.0674063 0.0185725 0.0449896 0.0851220 0.0682723 0.0513275 0.0302398 0.0500816 0.0501998 0.0186808 0.0524898 0.0566165 0.0495323 0.0410236 0.0675483 0.0532480 0.0702134 
Peramelidae_Perameles_nasuta                 0.0661044 0.0788177 0.0713046 0.0773178 0.0738891 0.0676325 0.0681017 0.0730114 0.0753923 0.0000000 0.0725607 0.0666303 0.0644360 0.0684647 0.0822746 0.0670406 0.0691108 0.0634817 0.0223600 0.0727620 0.0718490 0.1094317 0.0883841 0.0664807 0.0708819 0.0767422 0.0802600 0.0738398 0.0786906 0.0825722 0.0857563 0.0704225 0.0174481 0.0714292 0.0000010 
Phalangeridae_Strigocuscus_pelengensis       0.0328699 0.0471790 0.0390147 0.0446241 0.0422076 0.0428185 0.0105019 0.0097216 0.0418488 0.0725607 0.0000000 0.0419892 0.0429088 0.0065888 0.0465966 0.0427784 0.0431868 0.0425356 0.0656494 0.0445598 0.0379804 0.0834203 0.0684944 0.0411405 0.0390387 0.0457100 0.0439822 0.0447293 0.0486236 0.0487765 0.0467386 0.0073597 0.0652793 0.0450515 0.0675736 
Dasyuridae_Phascogale_tapoatafa              0.0425998 0.0551031 0.0443029 0.0522364 0.0506866 0.0068508 0.0367176 0.0426110 0.0507510 0.0666303 0.0419892 0.0000000 0.0105809 0.0399793 0.0549592 0.0018883 0.0099370 0.0109284 0.0586369 0.0535336 0.0452581 0.0798456 0.0636904 0.0041988 0.0504751 0.0464133 0.0514213 0.0541870 0.0530591 0.0609271 0.0568884 0.0419952 0.0590787 0.0099615 0.0605090 
Dasyuridae_Sminthopsis_macroura              0.0422151 0.0568944 0.0490450 0.0550089 0.0532220 0.0109924 0.0361495 0.0422334 0.0522503 0.0644360 0.0429088 0.0105809 0.0000000 0.0407663 0.0573619 0.0101277 0.0122727 0.0061579 0.0575681 0.0559882 0.0483441 0.0838582 0.0680421 0.0097178 0.0510479 0.0450850 0.0526040 0.0547060 0.0574897 0.0632675 0.0591788 0.0430148 0.0581732 0.0122989 0.0569167 
Phalangeridae_Phalanger_orientalis           0.0319164 0.0454996 0.0375362 0.0438726 0.0410341 0.0399162 0.0103398 0.0091745 0.0406793 0.0684647 0.0065888 0.0399793 0.0407663 0.0000000 0.0423878 0.0398916 0.0411357 0.0404249 0.0616522 0.0433330 0.0363728 0.0819466 0.0668707 0.0392582 0.0374657 0.0439001 0.0424167 0.0434975 0.0466006 0.0469733 0.0424823 0.0030231 0.0618311 0.0429528 0.0641306 
Acrobatidae_Acrobates_pygmaeus               0.0471563 0.0658667 0.0503132 0.0523506 0.0498569 0.0553008 0.0425417 0.0458327 0.0503157 0.0822746 0.0465966 0.0549592 0.0573619 0.0423878 0.0000000 0.0548169 0.0562211 0.0567322 0.0709567 0.0521568 0.0400424 0.0926085 0.0779022 0.0549704 0.0515484 0.0551527 0.0461213 0.0532725 0.0498210 0.0550812 0.0374502 0.0436140 0.0691284 0.0585170 0.0757369 
Dasyuridae_Phascogale_calura                 0.0425057 0.0559043 0.0442125 0.0517074 0.0501375 0.0072217 0.0366374 0.0425168 0.0502009 0.0670406 0.0427784 0.0018883 0.0101277 0.0398916 0.0548169 0.0000000 0.0095290 0.0105026 0.0589605 0.0529949 0.0451506 0.0798361 0.0644516 0.0045749 0.0499243 0.0463253 0.0513466 0.0536690 0.0529702 0.0608282 0.0567605 0.0419029 0.0589927 0.0095522 0.0608253 
Dasyuridae_Sarcophilus_harrisii              0.0428951 0.0582658 0.0486569 0.0537958 0.0522276 0.0045406 0.0358275 0.0420514 0.0522942 0.0691108 0.0431868 0.0099370 0.0122727 0.0411357 0.0562211 0.0095290 0.0000000 0.0113096 0.0613295 0.0543174 0.0488048 0.0798833 0.0673465 0.0084308 0.0520749 0.0486297 0.0517755 0.0548928 0.0570579 0.0617419 0.0573741 0.0431488 0.0608546 0.0053097 0.0627193 
Dasyuridae_Planigale_tenuirostris            0.0382567 0.0554407 0.0454515 0.0514929 0.0495119 0.0105026 0.0360502 0.0432179 0.0503983 0.0634817 0.0425356 0.0109284 0.0061579 0.0404249 0.0567322 0.0105026 0.0113096 0.0000000 0.0556844 0.0511416 0.0450130 0.0801898 0.0652289 0.0101221 0.0479769 0.0467364 0.0487149 0.0521672 0.0536950 0.0586714 0.0547208 0.0421206 0.0563764 0.0125821 0.0581121 
Peramelidae_Echymipera_kalubu                0.0577555 0.0681107 0.0671343 0.0700044 0.0669680 0.0585378 0.0609112 0.0665395 0.0674063 0.0223600 0.0656494 0.0586369 0.0575681 0.0616522 0.0709567 0.0589605 0.0613295 0.0556844 0.0000000 0.0661054 0.0658637 0.0935951 0.0771125 0.0583707 0.0647655 0.0677493 0.0694272 0.0681681 0.0679147 0.0801481 0.0777673 0.0628777 0.0157878 0.0623372 0.0206841 
Macropodidae_Dorcopsulus_vanheurni           0.0426330 0.0583000 0.0469993 0.0213588 0.0170415 0.0525290 0.0404543 0.0445986 0.0185725 0.0727620 0.0445598 0.0535336 0.0559882 0.0433330 0.0521568 0.0529949 0.0543174 0.0511416 0.0661054 0.0000000 0.0449672 0.0871552 0.0714822 0.0523552 0.0303768 0.0498725 0.0504318 0.0076259 0.0561109 0.0583358 0.0488899 0.0428195 0.0666320 0.0551778 0.0684570 
Pseudochiridae_Pseudochirulus_forbesi        0.0404391 0.0560970 0.0425253 0.0494385 0.0476539 0.0470238 0.0346843 0.0372469 0.0449896 0.0718490 0.0379804 0.0452581 0.0483441 0.0363728 0.0400424 0.0451506 0.0488048 0.0450130 0.0658637 0.0449672 0.0000000 0.0802696 0.0654058 0.0449102 0.0449963 0.0453193 0.0253096 0.0465582 0.0235453 0.0421067 0.0406517 0.0358511 0.0624749 0.0493717 0.0663762 
Didelphidae_Didelphis_virginiana             0.0751884 0.0934488 0.0882287 0.0875890 0.0852713 0.0807693 0.0778626 0.0792272 0.0851220 0.1094317 0.0834203 0.0798456 0.0838582 0.0819466 0.0926085 0.0798361 0.0798833 0.0801898 0.0935951 0.0871552 0.0802696 0.0000000 0.0378786 0.0788497 0.0854067 0.0812325 0.0869172 0.0895687 0.0900862 0.1029279 0.0942499 0.0836979 0.0932283 0.0837662 0.1003063 
Marmosidae_Monodelphis_domestica             0.0625492 0.0764221 0.0712913 0.0698844 0.0675073 0.0654962 0.0638863 0.0651559 0.0682723 0.0883841 0.0684944 0.0636904 0.0680421 0.0668707 0.0779022 0.0644516 0.0673465 0.0652289 0.0771125 0.0714822 0.0654058 0.0378786 0.0000000 0.0662830 0.0698919 0.0676370 0.0713074 0.0722218 0.0709592 0.0888862 0.0794189 0.0685406 0.0749463 0.0687695 0.0819078 
Dasyuridae_Antechinus_stuartii               0.0405503 0.0543996 0.0436804 0.0519740 0.0503726 0.0084271 0.0354792 0.0410288 0.0513275 0.0664807 0.0411405 0.0041988 0.0097178 0.0392582 0.0549704 0.0045749 0.0084308 0.0101221 0.0583707 0.0523552 0.0449102 0.0788497 0.0662830 0.0000000 0.0501638 0.0463850 0.0506268 0.0525202 0.0531120 0.0595000 0.0549490 0.0412798 0.0589701 0.0099961 0.0606435 
Hypsiprymnodontidae_Hypsiprymnodon_moschatus 0.0374729 0.0591702 0.0451912 0.0322715 0.0287022 0.0503948 0.0337965 0.0404212 0.0302398 0.0708819 0.0390387 0.0504751 0.0510479 0.0374657 0.0515484 0.0499243 0.0520749 0.0479769 0.0647655 0.0303768 0.0449963 0.0854067 0.0698919 0.0501638 0.0000000 0.0466299 0.0485815 0.0296235 0.0509046 0.0540367 0.0484230 0.0382170 0.0653301 0.0530317 0.0666945 
Microbiotheriidae_Dromiciops_gliroides       0.0398201 0.0573890 0.0413083 0.0512961 0.0491728 0.0473334 0.0408593 0.0444183 0.0500816 0.0767422 0.0457100 0.0464133 0.0450850 0.0439001 0.0551527 0.0463253 0.0486297 0.0467364 0.0677493 0.0498725 0.0453193 0.0812325 0.0676370 0.0463850 0.0466299 0.0000000 0.0475495 0.0516732 0.0533501 0.0550538 0.0539071 0.0447371 0.0664626 0.0496825 0.0700157 
Pseudochiridae_Petauroides_volans            0.0428188 0.0624414 0.0450207 0.0510911 0.0502141 0.0509246 0.0415605 0.0442960 0.0501998 0.0802600 0.0439822 0.0514213 0.0526040 0.0424167 0.0461213 0.0513466 0.0517755 0.0487149 0.0694272 0.0504318 0.0253096 0.0869172 0.0713074 0.0506268 0.0485815 0.0475495 0.0000000 0.0514188 0.0325395 0.0430204 0.0448993 0.0423459 0.0709783 0.0528633 0.0740702 
Macropodidae_Wallabia_bicolor                0.0419509 0.0594419 0.0471517 0.0206587 0.0163264 0.0527560 0.0397687 0.0447863 0.0186808 0.0738398 0.0447293 0.0541870 0.0547060 0.0434975 0.0532725 0.0536690 0.0548928 0.0521672 0.0681681 0.0076259 0.0465582 0.0895687 0.0722218 0.0525202 0.0296235 0.0516732 0.0514188 0.0000000 0.0562898 0.0579564 0.0495337 0.0434286 0.0699501 0.0558640 0.0702298 
Pseudochiridae_Pseudocheirus_occidentalis    0.0504732 0.0637240 0.0495108 0.0553315 0.0536168 0.0557889 0.0449652 0.0501064 0.0524898 0.0786906 0.0486236 0.0530591 0.0574897 0.0466006 0.0498210 0.0529702 0.0570579 0.0536950 0.0679147 0.0561109 0.0235453 0.0900862 0.0709592 0.0531120 0.0509046 0.0533501 0.0325395 0.0562898 0.0000000 0.0523505 0.0507947 0.0464818 0.0688090 0.0585745 0.0721930 
Tarsipedidae_Tarsipes_rostratus              0.0512202 0.0679060 0.0546825 0.0590390 0.0576668 0.0608730 0.0441752 0.0464791 0.0566165 0.0825722 0.0487765 0.0609271 0.0632675 0.0469733 0.0550812 0.0608282 0.0617419 0.0586714 0.0801481 0.0583358 0.0421067 0.1029279 0.0888862 0.0595000 0.0540367 0.0550538 0.0430204 0.0579564 0.0523505 0.0000000 0.0526388 0.0473238 0.0824521 0.0634777 0.0843118 
Acrobatidae_Distoechurus_pennatus            0.0455176 0.0644587 0.0471575 0.0486529 0.0462118 0.0572390 0.0405803 0.0458701 0.0495323 0.0857563 0.0467386 0.0568884 0.0591788 0.0424823 0.0374502 0.0567605 0.0573741 0.0547208 0.0777673 0.0488899 0.0406517 0.0942499 0.0794189 0.0549490 0.0484230 0.0539071 0.0448993 0.0495337 0.0507947 0.0526388 0.0000000 0.0429632 0.0769282 0.0604104 0.0808151 
Phalangeridae_Phalanger_carmelitae           0.0326760 0.0481219 0.0387231 0.0438038 0.0413941 0.0419290 0.0110977 0.0099328 0.0410236 0.0704225 0.0073597 0.0419952 0.0430148 0.0030231 0.0436140 0.0419029 0.0431488 0.0421206 0.0628777 0.0428195 0.0358511 0.0836979 0.0685406 0.0412798 0.0382170 0.0447371 0.0423459 0.0434286 0.0464818 0.0473238 0.0429632 0.0000000 0.0625965 0.0449764 0.0658521 
Peramelidae_Peroryctes_raffrayana            0.0588780 0.0689568 0.0672064 0.0695375 0.0670332 0.0599407 0.0611040 0.0661693 0.0675483 0.0174481 0.0652793 0.0590787 0.0581732 0.0618311 0.0691284 0.0589927 0.0608546 0.0563764 0.0157878 0.0666320 0.0624749 0.0932283 0.0749463 0.0589701 0.0653301 0.0664626 0.0709783 0.0699501 0.0688090 0.0824521 0.0769282 0.0625965 0.0000000 0.0627564 0.0171458 
Dasyuridae_Dasyurus_geffroii                 0.0447285 0.0591782 0.0504546 0.0551901 0.0536187 0.0037873 0.0380315 0.0438783 0.0532480 0.0714292 0.0450515 0.0099615 0.0122989 0.0429528 0.0585170 0.0095522 0.0053097 0.0125821 0.0623372 0.0551778 0.0493717 0.0837662 0.0687695 0.0099961 0.0530317 0.0496825 0.0528633 0.0558640 0.0585745 0.0634777 0.0604104 0.0449764 0.0627564 0.0000000 0.0646453 
Peramelidae_Perameles_gunnii                 0.0620789 0.0739691 0.0671815 0.0731815 0.0696905 0.0613366 0.0634008 0.0685144 0.0702134 0.0000010 0.0675736 0.0605090 0.0569167 0.0641306 0.0757369 0.0608253 0.0627193 0.0581121 0.0206841 0.0684570 0.0663762 0.1003063 0.0819078 0.0606435 0.0666945 0.0700157 0.0740702 0.0702298 0.0721930 0.0843118 0.0808151 0.0658521 0.0171458 0.0646453 0.0000000 
