35
Burramyidae_Burramys_parvus                  0.0000000 0.0913033 0.0491296 0.0689989 0.0710270 0.0545300 0.0488248 0.0673375 0.0744657 0.0406866 0.0531081 0.0712979 0.0470436 0.0543007 0.0596862 0.0509700 0.0528603 0.0710434 0.0588668 0.0739380 0.0918596 0.1055415 0.0583512 0.0652913 0.0601475 0.0550565 0.0573232 0.0895130 0.0453183 0.0460919 0.0548677 0.0714345 0.0483449 0.0668607 0.0769429 
Notoryctidae_Notoryctes_typhlops             0.0913033 0.0000000 0.0861781 0.1135231 0.1158184 0.0942155 0.0869943 0.1131613 0.0977454 0.0886347 0.0976263 0.1249407 0.0920935 0.1060101 0.1063855 0.0931995 0.0923826 0.0947299 0.1066884 0.1160048 0.1361329 0.1541851 0.1042278 0.1176243 0.0920889 0.0990375 0.1030573 0.1321719 0.0935603 0.0908478 0.0962920 0.0926501 0.0899092 0.1173085 0.0979721 
Vombatidae_Lasiorhinus_latifrons             0.0491296 0.0861781 0.0000000 0.0622346 0.0641900 0.0578085 0.0459070 0.0607564 0.0605390 0.0438411 0.0498247 0.0700523 0.0492795 0.0513347 0.0565853 0.0540762 0.0587881 0.0626875 0.0544383 0.0696686 0.0946121 0.1086458 0.0579459 0.0668701 0.0541071 0.0546402 0.0530334 0.0915220 0.0490911 0.0483071 0.0567412 0.0621988 0.0505910 0.0683071 0.0637053 
Potoroidae_Bettongia_penicillata             0.0689989 0.1135231 0.0622346 0.0000000 0.0056785 0.0773477 0.0652596 0.0138595 0.0813488 0.0603063 0.0739133 0.0971248 0.0693100 0.0733616 0.0792466 0.0738521 0.0762130 0.0807959 0.0278687 0.0836098 0.1141554 0.1274081 0.0798798 0.0535334 0.0819483 0.0674007 0.0236800 0.1037078 0.0644478 0.0682355 0.0778329 0.0824636 0.0680564 0.0787950 0.0848290 
Potoroidae_Bettongia_lesueur                 0.0710270 0.1158184 0.0641900 0.0056785 0.0000000 0.0776647 0.0654313 0.0154038 0.0825633 0.0614683 0.0741655 0.0983841 0.0695290 0.0744720 0.0795774 0.0740995 0.0766141 0.0819101 0.0295750 0.0847422 0.1130157 0.1260406 0.0802144 0.0545607 0.0821538 0.0702501 0.0253076 0.1071242 0.0655347 0.0684511 0.0781532 0.0835931 0.0681828 0.0817391 0.0859625 
Dasyuridae_Dasyurus_maculatus                0.0545300 0.0942155 0.0578085 0.0773477 0.0776647 0.0000000 0.0633435 0.0751319 0.0719575 0.0574545 0.0153137 0.0185803 0.0623761 0.0675013 0.0174866 0.0052960 0.0181219 0.0713590 0.0722925 0.0831800 0.0884924 0.0878099 0.0142387 0.0797551 0.0624218 0.0620096 0.0654994 0.1159299 0.0587346 0.0607242 0.0042385 0.0707432 0.0785642 0.0953574 0.0895568 
Phalangeridae_Trichosurus_vulpecula          0.0488248 0.0869943 0.0459070 0.0652596 0.0654313 0.0633435 0.0000000 0.0628523 0.0724001 0.0182840 0.0609330 0.0793751 0.0181470 0.0580893 0.0686859 0.0598641 0.0556642 0.0674104 0.0587867 0.0714872 0.0979229 0.1149181 0.0677931 0.0645997 0.0627450 0.0569387 0.0555908 0.0938574 0.0507452 0.0173657 0.0637305 0.0706759 0.0164638 0.0687253 0.0740774 
Potoroidae_Aepyprymnus_rufescens             0.0673375 0.1131613 0.0607564 0.0138595 0.0154038 0.0751319 0.0628523 0.0000000 0.0806542 0.0597156 0.0742091 0.0941660 0.0670282 0.0705666 0.0767428 0.0715577 0.0713902 0.0812427 0.0263572 0.0831213 0.1142703 0.1260285 0.0776048 0.0512230 0.0784419 0.0686875 0.0207108 0.1068166 0.0624207 0.0658435 0.0756053 0.0829261 0.0629431 0.0766513 0.0811974 
Peramelidae_Perameles_nasuta                 0.0744657 0.0977454 0.0605390 0.0813488 0.0825633 0.0719575 0.0724001 0.0806542 0.0000000 0.0721392 0.0741170 0.0986183 0.0759528 0.0743226 0.0813175 0.0736217 0.0735882 0.0140061 0.0780291 0.0925994 0.1051124 0.1200815 0.0811499 0.0841445 0.0696605 0.0773740 0.0707306 0.1204856 0.0736110 0.0748002 0.0751283 0.0007207 0.0764727 0.0871292 0.0155793 
Phalangeridae_Strigocuscus_pelengensis       0.0406866 0.0886347 0.0438411 0.0603063 0.0614683 0.0574545 0.0182840 0.0597156 0.0721392 0.0000000 0.0523210 0.0704005 0.0101630 0.0582639 0.0591120 0.0524893 0.0551232 0.0699890 0.0525860 0.0710216 0.0964627 0.1095325 0.0581036 0.0575223 0.0601458 0.0499047 0.0492724 0.0840425 0.0439237 0.0093560 0.0576640 0.0703326 0.0152512 0.0660093 0.0699680 
Dasyuridae_Phascogale_tapoatafa              0.0531081 0.0976263 0.0498247 0.0739133 0.0741655 0.0153137 0.0609330 0.0742091 0.0741170 0.0523210 0.0000000 0.0200979 0.0599857 0.0685456 0.0043315 0.0120143 0.0184883 0.0728115 0.0700920 0.0799279 0.0864130 0.0860719 0.0066338 0.0776883 0.0562375 0.0607802 0.0683042 0.1114167 0.0562859 0.0583191 0.0154008 0.0721939 0.0777461 0.1019007 0.0905309 
Dasyuridae_Sminthopsis_macroura              0.0712979 0.1249407 0.0700523 0.0971248 0.0983841 0.0185803 0.0793751 0.0941660 0.0986183 0.0704005 0.0200979 0.0000000 0.0744490 0.0817814 0.0211922 0.0152977 0.0154595 0.0969715 0.0915200 0.1016293 0.1134520 0.1223589 0.0213719 0.0940276 0.0798978 0.0771009 0.0860942 0.1272882 0.0744925 0.0731837 0.0175621 0.0964157 0.0825969 0.1019940 0.1034952 
Phalangeridae_Phalanger_orientalis           0.0470436 0.0920935 0.0492795 0.0693100 0.0695290 0.0623761 0.0181470 0.0670282 0.0759528 0.0101630 0.0599857 0.0744490 0.0000000 0.0637106 0.0677115 0.0564573 0.0575286 0.0725924 0.0602120 0.0754777 0.0980910 0.1143616 0.0668128 0.0649064 0.0652223 0.0594487 0.0569148 0.0925595 0.0489563 0.0021110 0.0627587 0.0732291 0.0140064 0.0694367 0.0782352 
Acrobatidae_Acrobates_pygmaeus               0.0543007 0.1060101 0.0513347 0.0733616 0.0744720 0.0675013 0.0580893 0.0705666 0.0743226 0.0582639 0.0685456 0.0817814 0.0637106 0.0000000 0.0700596 0.0649981 0.0644258 0.0727209 0.0616084 0.0691450 0.0970539 0.1084243 0.0693620 0.0773620 0.0753416 0.0561918 0.0596826 0.0905914 0.0316691 0.0626509 0.0665248 0.0748845 0.0623511 0.0647104 0.0752914 
Dasyuridae_Phascogale_calura                 0.0596862 0.1063855 0.0565853 0.0792466 0.0795774 0.0174866 0.0686859 0.0767428 0.0813175 0.0591120 0.0043315 0.0211922 0.0677115 0.0700596 0.0000000 0.0142142 0.0228123 0.0821755 0.0714021 0.0843115 0.0937042 0.0932798 0.0066018 0.0857208 0.0629122 0.0675094 0.0694889 0.1192538 0.0627620 0.0659695 0.0175860 0.0816344 0.0849802 0.1057928 0.0980125 
Dasyuridae_Sarcophilus_harrisii              0.0509700 0.0931995 0.0540762 0.0738521 0.0740995 0.0052960 0.0598641 0.0715577 0.0736217 0.0524893 0.0120143 0.0152977 0.0564573 0.0649981 0.0142142 0.0000000 0.0153493 0.0728562 0.0685848 0.0820895 0.0859924 0.0853784 0.0120688 0.0762647 0.0588545 0.0608880 0.0645224 0.1121205 0.0552827 0.0548526 0.0053250 0.0722499 0.0733218 0.0974203 0.0918096 
Dasyuridae_Planigale_tenuirostris            0.0528603 0.0923826 0.0587881 0.0762130 0.0766141 0.0181219 0.0556642 0.0713902 0.0735882 0.0551232 0.0184883 0.0154595 0.0575286 0.0644258 0.0228123 0.0153493 0.0000000 0.0714993 0.0703750 0.0873292 0.0939129 0.1020985 0.0244935 0.0726872 0.0611110 0.0687106 0.0686377 0.1091653 0.0510253 0.0555184 0.0139049 0.0736877 0.0688490 0.1011939 0.0849535 
Peramelidae_Echymipera_kalubu                0.0710434 0.0947299 0.0626875 0.0807959 0.0819101 0.0713590 0.0674104 0.0812427 0.0140061 0.0699890 0.0728115 0.0969715 0.0725924 0.0727209 0.0821755 0.0728562 0.0714993 0.0000000 0.0774194 0.0896623 0.1027877 0.1153764 0.0811386 0.0822857 0.0693708 0.0745316 0.0725913 0.1197914 0.0720487 0.0715108 0.0743220 0.0128531 0.0729655 0.0855971 0.0115167 
Macropodidae_Dorcopsulus_vanheurni           0.0588668 0.1066884 0.0544383 0.0278687 0.0295750 0.0722925 0.0587867 0.0263572 0.0780291 0.0525860 0.0700920 0.0915200 0.0602120 0.0616084 0.0714021 0.0685848 0.0703750 0.0774194 0.0000000 0.0822449 0.1069179 0.1270284 0.0747606 0.0451278 0.0753478 0.0676335 0.0119456 0.0986992 0.0607677 0.0591532 0.0725574 0.0762493 0.0597026 0.0755852 0.0751665 
Pseudochiridae_Pseudochirulus_forbesi        0.0739380 0.1160048 0.0696686 0.0836098 0.0847422 0.0831800 0.0714872 0.0831213 0.0925994 0.0710216 0.0799279 0.1016293 0.0754777 0.0691450 0.0843115 0.0820895 0.0873292 0.0896623 0.0822449 0.0000000 0.1222922 0.1352970 0.0847646 0.0805109 0.0805274 0.0377316 0.0806742 0.0977360 0.0635878 0.0753655 0.0837065 0.0888616 0.0760643 0.0286926 0.0914444 
Didelphidae_Didelphis_virginiana             0.0918596 0.1361329 0.0946121 0.1141554 0.1130157 0.0884924 0.0979229 0.1142703 0.1051124 0.0964627 0.0864130 0.1134520 0.0980910 0.0970539 0.0937042 0.0859924 0.0939129 0.1027877 0.1069179 0.1222922 0.0000000 0.0434654 0.0922848 0.1175846 0.0930828 0.0952102 0.1016105 0.1434423 0.0940278 0.0966919 0.0890718 0.1009049 0.0973016 0.1149120 0.1094440 
Marmosidae_Monodelphis_domestica             0.1055415 0.1541851 0.1086458 0.1274081 0.1260406 0.0878099 0.1149181 0.1260285 0.1200815 0.1095325 0.0860719 0.1223589 0.1143616 0.1084243 0.0932798 0.0853784 0.1020985 0.1153764 0.1270284 0.1352970 0.0434654 0.0000000 0.0891172 0.1365207 0.1134265 0.1048501 0.1204771 0.1460276 0.1099553 0.1127450 0.0883807 0.1146414 0.1173472 0.1280125 0.1247756 
Dasyuridae_Antechinus_stuartii               0.0583512 0.1042278 0.0579459 0.0798798 0.0802144 0.0142387 0.0677931 0.0776048 0.0811499 0.0581036 0.0066338 0.0213719 0.0668128 0.0693620 0.0066018 0.0120688 0.0244935 0.0811386 0.0747606 0.0847646 0.0922848 0.0891172 0.0000000 0.0848429 0.0628280 0.0666085 0.0726542 0.1146738 0.0590889 0.0650730 0.0143196 0.0814684 0.0849087 0.1042229 0.0990373 
Hypsiprymnodontidae_Hypsiprymnodon_moschatus 0.0652913 0.1176243 0.0668701 0.0535334 0.0545607 0.0797551 0.0645997 0.0512230 0.0841445 0.0575223 0.0776883 0.0940276 0.0649064 0.0773620 0.0857208 0.0762647 0.0726872 0.0822857 0.0451278 0.0805109 0.1175846 0.1365207 0.0848429 0.0000000 0.0801977 0.0656207 0.0449935 0.1097740 0.0645452 0.0638546 0.0775179 0.0860595 0.0583909 0.0749316 0.0809800 
Microbiotheriidae_Dromiciops_gliroides       0.0601475 0.0920889 0.0541071 0.0819483 0.0821538 0.0624218 0.0627450 0.0784419 0.0696605 0.0601458 0.0562375 0.0798978 0.0652223 0.0753416 0.0629122 0.0588545 0.0611110 0.0693708 0.0753478 0.0805274 0.0930828 0.1134265 0.0628280 0.0801977 0.0000000 0.0604089 0.0731372 0.1024595 0.0598389 0.0651289 0.0601497 0.0687004 0.0663635 0.0800342 0.0740664 
Pseudochiridae_Petauroides_volans            0.0550565 0.0990375 0.0546402 0.0674007 0.0702501 0.0620096 0.0569387 0.0686875 0.0773740 0.0499047 0.0607802 0.0771009 0.0594487 0.0561918 0.0675094 0.0608880 0.0687106 0.0745316 0.0676335 0.0377316 0.0952102 0.1048501 0.0666085 0.0656207 0.0604089 0.0000000 0.0623777 0.0696431 0.0455013 0.0593668 0.0647333 0.0743984 0.0613709 0.0294748 0.0759586 
Macropodidae_Wallabia_bicolor                0.0573232 0.1030573 0.0530334 0.0236800 0.0253076 0.0654994 0.0555908 0.0207108 0.0707306 0.0492724 0.0683042 0.0860942 0.0569148 0.0596826 0.0694889 0.0645224 0.0686377 0.0725913 0.0119456 0.0806742 0.1016105 0.1204771 0.0726542 0.0449935 0.0731372 0.0623777 0.0000000 0.0985977 0.0566066 0.0559091 0.0682305 0.0702408 0.0560861 0.0745510 0.0729467 
Tarsipedidae_Tarsipes_rostratus              0.0895130 0.1321719 0.0915220 0.1037078 0.1071242 0.1159299 0.0938574 0.1068166 0.1204856 0.0840425 0.1114167 0.1272882 0.0925595 0.0905914 0.1192538 0.1121205 0.1091653 0.1197914 0.0986992 0.0977360 0.1434423 0.1460276 0.1146738 0.1097740 0.1024595 0.0696431 0.0985977 0.0000000 0.0816903 0.0912539 0.1163858 0.1195654 0.0874103 0.0844441 0.1165935 
Acrobatidae_Distoechurus_pennatus            0.0453183 0.0935603 0.0490911 0.0644478 0.0655347 0.0587346 0.0507452 0.0624207 0.0736110 0.0439237 0.0562859 0.0744925 0.0489563 0.0316691 0.0627620 0.0552827 0.0510253 0.0720487 0.0607677 0.0635878 0.0940278 0.1099553 0.0590889 0.0645452 0.0598389 0.0455013 0.0566066 0.0816903 0.0000000 0.0480068 0.0565026 0.0710088 0.0482011 0.0608513 0.0771494 
Phalangeridae_Phalanger_carmelitae           0.0460919 0.0908478 0.0483071 0.0682355 0.0684511 0.0607242 0.0173657 0.0658435 0.0748002 0.0093560 0.0583191 0.0731837 0.0021110 0.0626509 0.0659695 0.0548526 0.0555184 0.0715108 0.0591532 0.0753655 0.0966919 0.1127450 0.0650730 0.0638546 0.0651289 0.0593668 0.0559091 0.0912539 0.0480068 0.0000000 0.0610937 0.0721354 0.0132048 0.0694476 0.0771956 
Dasyuridae_Dasyurus_geffroii                 0.0548677 0.0962920 0.0567412 0.0778329 0.0781532 0.0042385 0.0637305 0.0756053 0.0751283 0.0576640 0.0154008 0.0175621 0.0627587 0.0665248 0.0175860 0.0053250 0.0139049 0.0743220 0.0725574 0.0837065 0.0890718 0.0883807 0.0143196 0.0775179 0.0601497 0.0647333 0.0682305 0.1163858 0.0565026 0.0610937 0.0000000 0.0737261 0.0784688 0.0952366 0.0915478 
Peramelidae_Perameles_gunnii                 0.0714345 0.0926501 0.0621988 0.0824636 0.0835931 0.0707432 0.0706759 0.0829261 0.0007207 0.0703326 0.0721939 0.0964157 0.0732291 0.0748845 0.0816344 0.0722499 0.0736877 0.0128531 0.0762493 0.0888616 0.1009049 0.1146414 0.0814684 0.0860595 0.0687004 0.0743984 0.0702408 0.1195654 0.0710088 0.0721354 0.0737261 0.0000000 0.0748714 0.0855566 0.0147979 
Phalangeridae_Spilocuscus_maculatus          0.0483449 0.0899092 0.0505910 0.0680564 0.0681828 0.0785642 0.0164638 0.0629431 0.0764727 0.0152512 0.0777461 0.0825969 0.0140064 0.0623511 0.0849802 0.0733218 0.0688490 0.0729655 0.0597026 0.0760643 0.0973016 0.1173472 0.0849087 0.0583909 0.0663635 0.0613709 0.0560861 0.0874103 0.0482011 0.0132048 0.0784688 0.0748714 0.0000000 0.0690334 0.0736061 
Pseudochiridae_Pseudocheirus_occidentalis    0.0668607 0.1173085 0.0683071 0.0787950 0.0817391 0.0953574 0.0687253 0.0766513 0.0871292 0.0660093 0.1019007 0.1019940 0.0694367 0.0647104 0.1057928 0.0974203 0.1011939 0.0855971 0.0755852 0.0286926 0.1149120 0.1280125 0.1042229 0.0749316 0.0800342 0.0294748 0.0745510 0.0844441 0.0608513 0.0694476 0.0952366 0.0855566 0.0690334 0.0000000 0.0830892 
Peramelidae_Peroryctes_raffrayana            0.0769429 0.0979721 0.0637053 0.0848290 0.0859625 0.0895568 0.0740774 0.0811974 0.0155793 0.0699680 0.0905309 0.1034952 0.0782352 0.0752914 0.0980125 0.0918096 0.0849535 0.0115167 0.0751665 0.0914444 0.1094440 0.1247756 0.0990373 0.0809800 0.0740664 0.0759586 0.0729467 0.1165935 0.0771494 0.0771956 0.0915478 0.0147979 0.0736061 0.0830892 0.0000000 
