35
Burramyidae_Burramys_parvus                  0.0000000 0.0912086 0.0787374 0.0700263 0.0615181 0.0834761 0.0639599 0.0652675 0.0753330 0.0751939 0.0626912 0.1160434 0.1147047 0.0625858 0.0714392 0.0932615 0.1100508 0.0827411 0.1101190 0.0537472 0.0784054 0.0891278 0.0939707 0.1079736 0.0666896 0.0772934 0.0687497 0.0530485 0.0644098 0.0947164 0.0793978 0.0639754 0.0867399 0.1168882 0.1093372 
Notoryctidae_Notoryctes_typhlops             0.0912086 0.0000000 0.1075977 0.1099552 0.1068559 0.1027023 0.1044591 0.1047744 0.1106694 0.0896918 0.1024156 0.1409312 0.1413738 0.1071629 0.1038345 0.1275683 0.1402269 0.1341669 0.1384035 0.1000616 0.1167875 0.1019751 0.1076196 0.1327898 0.1098884 0.1040641 0.1061405 0.0969369 0.1165819 0.1344454 0.1137486 0.1078446 0.1037812 0.1432134 0.1320382 
Vombatidae_Lasiorhinus_latifrons             0.0787374 0.1075977 0.0000000 0.0590088 0.0862868 0.0757314 0.0550206 0.0573285 0.1003469 0.1037242 0.0543913 0.0869223 0.0960821 0.0547879 0.0533552 0.0879243 0.0930148 0.0910842 0.1126122 0.0807142 0.0667676 0.0748481 0.0757848 0.0850436 0.0624533 0.0654196 0.0562005 0.0778701 0.0724506 0.0876028 0.0628896 0.0560381 0.0855293 0.0955553 0.1076917 
Potoroidae_Bettongia_penicillata             0.0700263 0.1099552 0.0590088 0.0000000 0.0215878 0.0794204 0.0470852 0.0476366 0.0404641 0.1056915 0.0435234 0.0987392 0.1012558 0.0451376 0.0551264 0.0977113 0.0979293 0.0993041 0.1159967 0.0315239 0.0618841 0.0739944 0.0738429 0.0939560 0.0331624 0.0720142 0.0534424 0.0288341 0.0681029 0.0879290 0.0570288 0.0459969 0.0900917 0.1033896 0.1070181 
Potoroidae_Bettongia_lesueur                 0.0615181 0.1068559 0.0862868 0.0215878 0.0000000 0.0930893 0.0777867 0.0791429 0.0239099 0.0933083 0.0769944 0.1295494 0.1330219 0.0772257 0.0824055 0.1123844 0.1257722 0.1130288 0.1416464 0.0247990 0.0913353 0.0952791 0.0945532 0.1234087 0.0562585 0.0974907 0.0810619 0.0224622 0.0748279 0.1128640 0.0889951 0.0777053 0.1037670 0.1332662 0.1311178 
Dasyuridae_Dasyurus_maculatus                0.0834761 0.1027023 0.0757314 0.0794204 0.0930893 0.0000000 0.0762678 0.0763671 0.1027975 0.0824144 0.0739888 0.0079106 0.0179461 0.0716008 0.0702990 0.0092726 0.0037815 0.0152132 0.0952569 0.0828595 0.0841300 0.0821128 0.0814631 0.0092495 0.0818618 0.0675289 0.0751697 0.0831013 0.1017036 0.1040267 0.0807977 0.0753665 0.0939601 0.0032847 0.0971554 
Phalangeridae_Trichosurus_vulpecula          0.0639599 0.1044591 0.0550206 0.0470852 0.0777867 0.0762678 0.0000000 0.0104867 0.0889447 0.0985978 0.0116087 0.0961664 0.1013816 0.0124796 0.0407648 0.0911680 0.1002195 0.0939072 0.1120775 0.0722867 0.0543140 0.0754699 0.0774120 0.0906617 0.0519776 0.0701762 0.0459647 0.0699671 0.0578355 0.0738894 0.0434683 0.0123425 0.0842876 0.1055783 0.1028014 
Phalangeridae_Spilocuscus_maculatus          0.0652675 0.1047744 0.0573285 0.0476366 0.0791429 0.0763671 0.0104867 0.0000000 0.0903212 0.1023861 0.0059376 0.0902252 0.1009523 0.0092773 0.0458215 0.0887845 0.0968562 0.0942650 0.1147293 0.0701541 0.0557725 0.0760125 0.0789169 0.0883940 0.0509457 0.0685266 0.0473987 0.0695460 0.0630183 0.0751182 0.0462609 0.0091814 0.0888594 0.1014731 0.1060531 
Potoroidae_Aepyprymnus_rufescens             0.0753330 0.1106694 0.1003469 0.0404641 0.0239099 0.1027975 0.0889447 0.0903212 0.0000000 0.1085679 0.0876430 0.1409802 0.1502959 0.0901210 0.0955785 0.1188588 0.1415439 0.1213752 0.1559130 0.0311358 0.1062927 0.1197802 0.1194312 0.1396851 0.0716266 0.1131046 0.0956220 0.0298806 0.0903023 0.1252558 0.1034320 0.0904609 0.1112962 0.1501792 0.1439491 
Peramelidae_Perameles_nasuta                 0.0751939 0.0896918 0.1037242 0.1056915 0.0933083 0.0824144 0.0985978 0.1023861 0.1085679 0.0000000 0.1032024 0.1088800 0.1141532 0.0982255 0.0944001 0.0820244 0.1058390 0.0839790 0.0312117 0.0900004 0.1101032 0.1089703 0.1128465 0.1098787 0.1074545 0.0956060 0.1001544 0.0903499 0.0852805 0.1254451 0.1100844 0.1017794 0.0122996 0.1126693 0.0173738 
Phalangeridae_Strigocuscus_pelengensis       0.0626912 0.1024156 0.0543913 0.0435234 0.0769944 0.0739888 0.0116087 0.0059376 0.0876430 0.1032024 0.0000000 0.0868739 0.0961795 0.0100266 0.0461572 0.0845778 0.0919968 0.0908535 0.1087048 0.0679463 0.0513407 0.0748950 0.0784373 0.0850771 0.0490710 0.0638760 0.0433729 0.0678560 0.0618800 0.0757093 0.0462364 0.0102502 0.0848472 0.0978370 0.1002040 
Dasyuridae_Phascogale_tapoatafa              0.1160434 0.1409312 0.0869223 0.0987392 0.1295494 0.0079106 0.0961664 0.0902252 0.1409802 0.1088800 0.0868739 0.0000000 0.0287730 0.0870170 0.0879870 0.0017747 0.0117319 0.0240338 0.1319415 0.1228156 0.1043611 0.0867473 0.0917981 0.0055231 0.1041479 0.0998200 0.0972777 0.1235233 0.1167916 0.1216643 0.0977538 0.0901711 0.0947828 0.0138942 0.1203661 
Dasyuridae_Sminthopsis_macroura              0.1147047 0.1413738 0.0960821 0.1012558 0.1330219 0.0179461 0.1013816 0.1009523 0.1502959 0.1141532 0.0961795 0.0287730 0.0000000 0.0984865 0.0972043 0.0273325 0.0295309 0.0156894 0.1295797 0.1281826 0.1078905 0.0898143 0.0930857 0.0251588 0.1081123 0.1008635 0.0966541 0.1260474 0.1171394 0.1264607 0.1007430 0.0987787 0.0950666 0.0293281 0.1258148 
Phalangeridae_Phalanger_orientalis           0.0625858 0.1071629 0.0547879 0.0451376 0.0772257 0.0716008 0.0124796 0.0092773 0.0901210 0.0982255 0.0100266 0.0870170 0.0984865 0.0000000 0.0449959 0.0847853 0.0903165 0.0915826 0.1131731 0.0686065 0.0543046 0.0695232 0.0716862 0.0827587 0.0479422 0.0667244 0.0463520 0.0681220 0.0630805 0.0753199 0.0461865 0.0042211 0.0891219 0.0966771 0.1019486 
Acrobatidae_Acrobates_pygmaeus               0.0714392 0.1038345 0.0533552 0.0551264 0.0824055 0.0702990 0.0407648 0.0458215 0.0955785 0.0944001 0.0461572 0.0879870 0.0972043 0.0449959 0.0000000 0.0891820 0.0911115 0.0929527 0.1090171 0.0743078 0.0580395 0.0710531 0.0722375 0.0830543 0.0622033 0.0694648 0.0516577 0.0733144 0.0628110 0.0788326 0.0239400 0.0463821 0.0807810 0.0948512 0.1027543 
Dasyuridae_Phascogale_calura                 0.0932615 0.1275683 0.0879243 0.0977113 0.1123844 0.0092726 0.0911680 0.0887845 0.1188588 0.0820244 0.0845778 0.0017747 0.0273325 0.0847853 0.0891820 0.0000000 0.0121929 0.0241651 0.1242225 0.1020032 0.1022753 0.0857819 0.0850818 0.0069810 0.0944275 0.0904846 0.0937093 0.1007219 0.1171537 0.1187571 0.0972425 0.0881908 0.0978741 0.0141031 0.1122895 
Dasyuridae_Sarcophilus_harrisii              0.1100508 0.1402269 0.0930148 0.0979293 0.1257722 0.0037815 0.1002195 0.0968562 0.1415439 0.1058390 0.0919968 0.0117319 0.0295309 0.0903165 0.0911115 0.0121929 0.0000000 0.0235616 0.1270280 0.1165892 0.1048885 0.0842451 0.0881701 0.0122021 0.1062698 0.0997011 0.0967648 0.1172390 0.1153355 0.1275294 0.0987439 0.0940776 0.0915186 0.0065386 0.1211306 
Dasyuridae_Planigale_tenuirostris            0.0827411 0.1341669 0.0910842 0.0993041 0.1130288 0.0152132 0.0939072 0.0942650 0.1213752 0.0839790 0.0908535 0.0240338 0.0156894 0.0915826 0.0929527 0.0241651 0.0235616 0.0000000 0.1254224 0.1033985 0.1043078 0.0825663 0.0834489 0.0207156 0.0972023 0.0879240 0.0917573 0.1006974 0.1194940 0.1183791 0.1009648 0.0925582 0.0943057 0.0270844 0.1189576 
Peramelidae_Echymipera_kalubu                0.1101190 0.1384035 0.1126122 0.1159967 0.1416464 0.0952569 0.1120775 0.1147293 0.1559130 0.0312117 0.1087048 0.1319415 0.1295797 0.1131731 0.1090171 0.1242225 0.1270280 0.1254224 0.0000000 0.1353973 0.1113864 0.0997569 0.1047630 0.1289388 0.1168397 0.1032587 0.1029144 0.1314103 0.1157879 0.1475626 0.1200295 0.1165515 0.0150180 0.1361159 0.0254217 
Macropodidae_Dorcopsulus_vanheurni           0.0537472 0.1000616 0.0807142 0.0315239 0.0247990 0.0828595 0.0722867 0.0701541 0.0311358 0.0900004 0.0679463 0.1228156 0.1281826 0.0686065 0.0743078 0.1020032 0.1165892 0.1033985 0.1353973 0.0000000 0.0861399 0.0920416 0.0957110 0.1175685 0.0531433 0.0918921 0.0759601 0.0068259 0.0690470 0.1084415 0.0828203 0.0704422 0.0944731 0.1260147 0.1247833 
Pseudochiridae_Pseudochirulus_forbesi        0.0784054 0.1167875 0.0667676 0.0618841 0.0913353 0.0841300 0.0543140 0.0557725 0.1062927 0.1101032 0.0513407 0.1043611 0.1078905 0.0543046 0.0580395 0.1022753 0.1048885 0.1043078 0.1113864 0.0861399 0.0000000 0.0837087 0.0828291 0.0965016 0.0669443 0.0788313 0.0248402 0.0844185 0.0243427 0.0732460 0.0565959 0.0550155 0.0879407 0.1098939 0.1136964 
Didelphidae_Didelphis_virginiana             0.0891278 0.1019751 0.0748481 0.0739944 0.0952791 0.0821128 0.0754699 0.0760125 0.1197802 0.1089703 0.0748950 0.0867473 0.0898143 0.0695232 0.0710531 0.0857819 0.0842451 0.0825663 0.0997569 0.0920416 0.0837087 0.0000000 0.0219970 0.0876502 0.0867844 0.0717557 0.0794075 0.0913197 0.0954576 0.0936080 0.0828548 0.0737168 0.0914834 0.0885513 0.1024926 
Marmosidae_Monodelphis_domestica             0.0939707 0.1076196 0.0757848 0.0738429 0.0945532 0.0814631 0.0774120 0.0789169 0.1194312 0.1128465 0.0784373 0.0917981 0.0930857 0.0716862 0.0722375 0.0850818 0.0881701 0.0834489 0.1047630 0.0957110 0.0828291 0.0219970 0.0000000 0.0907798 0.0883230 0.0763362 0.0778521 0.0936640 0.0914188 0.0991955 0.0831872 0.0751790 0.0874082 0.0917390 0.1080030 
Dasyuridae_Antechinus_stuartii               0.1079736 0.1327898 0.0850436 0.0939560 0.1234087 0.0092495 0.0906617 0.0883940 0.1396851 0.1098787 0.0850771 0.0055231 0.0251588 0.0827587 0.0830543 0.0069810 0.0122021 0.0207156 0.1289388 0.1175685 0.0965016 0.0876502 0.0907798 0.0000000 0.0987844 0.0934455 0.0935876 0.1175116 0.1070294 0.1194655 0.0935009 0.0867351 0.0924651 0.0133532 0.1177494 
Hypsiprymnodontidae_Hypsiprymnodon_moschatus 0.0666896 0.1098884 0.0624533 0.0331624 0.0562585 0.0818618 0.0519776 0.0509457 0.0716266 0.1074545 0.0490710 0.1041479 0.1081123 0.0479422 0.0622033 0.0944275 0.1062698 0.0972023 0.1168397 0.0531433 0.0669443 0.0867844 0.0883230 0.0987844 0.0000000 0.0755079 0.0583389 0.0516408 0.0647199 0.0833773 0.0622479 0.0508941 0.0920997 0.1124918 0.1118429 
Microbiotheriidae_Dromiciops_gliroides       0.0772934 0.1040641 0.0654196 0.0720142 0.0974907 0.0675289 0.0701762 0.0685266 0.1131046 0.0956060 0.0638760 0.0998200 0.1008635 0.0667244 0.0694648 0.0904846 0.0997011 0.0879240 0.1032587 0.0918921 0.0788313 0.0717557 0.0763362 0.0934455 0.0755079 0.0000000 0.0678899 0.0917028 0.0778918 0.0984282 0.0700204 0.0693781 0.0706497 0.0998925 0.1049770 
Pseudochiridae_Petauroides_volans            0.0687497 0.1061405 0.0562005 0.0534424 0.0810619 0.0751697 0.0459647 0.0473987 0.0956220 0.1001544 0.0433729 0.0972777 0.0966541 0.0463520 0.0516577 0.0937093 0.0967648 0.0917573 0.1029144 0.0759601 0.0248402 0.0794075 0.0778521 0.0935876 0.0583389 0.0678899 0.0000000 0.0731921 0.0342125 0.0682248 0.0515526 0.0450192 0.0821444 0.1010400 0.1039812 
Macropodidae_Wallabia_bicolor                0.0530485 0.0969369 0.0778701 0.0288341 0.0224622 0.0831013 0.0699671 0.0695460 0.0298806 0.0903499 0.0678560 0.1235233 0.1260474 0.0681220 0.0733144 0.1007219 0.1172390 0.1006974 0.1314103 0.0068259 0.0844185 0.0913197 0.0936640 0.1175116 0.0516408 0.0917028 0.0731921 0.0000000 0.0656200 0.1063482 0.0798280 0.0687815 0.0906110 0.1267811 0.1212284 
Pseudochiridae_Pseudocheirus_occidentalis    0.0644098 0.1165819 0.0724506 0.0681029 0.0748279 0.1017036 0.0578355 0.0630183 0.0903023 0.0852805 0.0618800 0.1167916 0.1171394 0.0630805 0.0628110 0.1171537 0.1153355 0.1194940 0.1157879 0.0690470 0.0243427 0.0954576 0.0914188 0.1070294 0.0647199 0.0778918 0.0342125 0.0656200 0.0000000 0.0782576 0.0603188 0.0638182 0.0938852 0.1240526 0.1120489 
Tarsipedidae_Tarsipes_rostratus              0.0947164 0.1344454 0.0876028 0.0879290 0.1128640 0.1040267 0.0738894 0.0751182 0.1252558 0.1254451 0.0757093 0.1216643 0.1264607 0.0753199 0.0788326 0.1187571 0.1275294 0.1183791 0.1475626 0.1084415 0.0732460 0.0936080 0.0991955 0.1194655 0.0833773 0.0984282 0.0682248 0.1063482 0.0782576 0.0000000 0.0794380 0.0760062 0.1160594 0.1313772 0.1399129 
Acrobatidae_Distoechurus_pennatus            0.0793978 0.1137486 0.0628896 0.0570288 0.0889951 0.0807977 0.0434683 0.0462609 0.1034320 0.1100844 0.0462364 0.0977538 0.1007430 0.0461865 0.0239400 0.0972425 0.0987439 0.1009648 0.1200295 0.0828203 0.0565959 0.0828548 0.0831872 0.0935009 0.0622479 0.0700204 0.0515526 0.0798280 0.0603188 0.0794380 0.0000000 0.0459072 0.0885928 0.1021266 0.1119574 
Phalangeridae_Phalanger_carmelitae           0.0639754 0.1078446 0.0560381 0.0459969 0.0777053 0.0753665 0.0123425 0.0091814 0.0904609 0.1017794 0.0102502 0.0901711 0.0987787 0.0042211 0.0463821 0.0881908 0.0940776 0.0925582 0.1165515 0.0704422 0.0550155 0.0737168 0.0751790 0.0867351 0.0508941 0.0693781 0.0450192 0.0687815 0.0638182 0.0760062 0.0459072 0.0000000 0.0896762 0.0999156 0.1047629 
Peramelidae_Peroryctes_raffrayana            0.0867399 0.1037812 0.0855293 0.0900917 0.1037670 0.0939601 0.0842876 0.0888594 0.1112962 0.0122996 0.0848472 0.0947828 0.0950666 0.0891219 0.0807810 0.0978741 0.0915186 0.0943057 0.0150180 0.0944731 0.0879407 0.0914834 0.0874082 0.0924651 0.0920997 0.0706497 0.0821444 0.0906110 0.0938852 0.1160594 0.0885928 0.0896762 0.0000000 0.0954769 0.0164828 
Dasyuridae_Dasyurus_geffroii                 0.1168882 0.1432134 0.0955553 0.1033896 0.1332662 0.0032847 0.1055783 0.1014731 0.1501792 0.1126693 0.0978370 0.0138942 0.0293281 0.0966771 0.0948512 0.0141031 0.0065386 0.0270844 0.1361159 0.1260147 0.1098939 0.0885513 0.0917390 0.0133532 0.1124918 0.0998925 0.1010400 0.1267811 0.1240526 0.1313772 0.1021266 0.0999156 0.0954769 0.0000000 0.1294828 
Peramelidae_Perameles_gunnii                 0.1093372 0.1320382 0.1076917 0.1070181 0.1311178 0.0971554 0.1028014 0.1060531 0.1439491 0.0173738 0.1002040 0.1203661 0.1258148 0.1019486 0.1027543 0.1122895 0.1211306 0.1189576 0.0254217 0.1247833 0.1136964 0.1024926 0.1080030 0.1177494 0.1118429 0.1049770 0.1039812 0.1212284 0.1120489 0.1399129 0.1119574 0.1047629 0.0164828 0.1294828 0.0000000 
