37
Burramyidae_Burramys_parvus                  0.0000000 0.0942711 0.0735117 0.0799316 0.0793145 0.1172957 0.0568799 0.0646004 0.0829911 0.1212459 0.0755726 0.1129066 0.1071328 0.0649286 0.0805045 0.1252918 0.1171902 0.1009421 0.1127937 0.0742409 0.0831725 0.1566612 0.1402348 0.1138682 0.0724945 0.0806782 0.0672142 0.0748588 0.0727054 0.0984017 0.0763004 0.0672624 0.1178008 0.1213229 0.1147228 0.2146886 0.2146886 
Notoryctidae_Notoryctes_typhlops             0.0942711 0.0000000 0.0939834 0.1103058 0.1089206 0.1169435 0.0927526 0.0982319 0.1118345 0.1215679 0.1076315 0.1210294 0.1071007 0.0988883 0.1118357 0.1249284 0.1192710 0.0978808 0.1164264 0.1033151 0.1161117 0.1611213 0.1446340 0.1141633 0.1002418 0.0838888 0.0962507 0.1013862 0.0976066 0.1241210 0.1095032 0.1029882 0.1236987 0.1233116 0.1163309 0.1692270 0.1692270 
Vombatidae_Lasiorhinus_latifrons             0.0735117 0.0939834 0.0000000 0.0884455 0.0864399 0.1129688 0.0744301 0.0775807 0.0900360 0.1106069 0.0856743 0.1132990 0.1011911 0.0791898 0.0905835 0.1235540 0.1139714 0.0990407 0.1072579 0.0817980 0.0920171 0.1540306 0.1436695 0.1123775 0.0802270 0.0724204 0.0774879 0.0814940 0.0841142 0.1080879 0.0850032 0.0805472 0.1116771 0.1130640 0.1035025 0.1540282 0.1540282 
Potoroidae_Bettongia_penicillata             0.0799316 0.1103058 0.0884455 0.0000000 0.0064523 0.1255842 0.0842683 0.0932967 0.0195988 0.1418067 0.0982853 0.1313181 0.1093794 0.0886086 0.0947450 0.1366343 0.1284173 0.1009603 0.1363230 0.0304176 0.1029989 0.1475129 0.1412321 0.1161602 0.0489645 0.0860918 0.0848535 0.0292924 0.0923064 0.1156765 0.0932959 0.0914353 0.1382489 0.1294980 0.1345849 0.1950191 0.1950191 
Potoroidae_Bettongia_lesueur                 0.0793145 0.1089206 0.0864399 0.0064523 0.0000000 0.1260722 0.0847185 0.0918437 0.0179394 0.1397298 0.0964520 0.1325250 0.1088065 0.0869810 0.0945901 0.1370997 0.1282605 0.0996616 0.1332826 0.0299150 0.1032840 0.1404721 0.1374511 0.1163292 0.0480066 0.0870751 0.0839064 0.0297105 0.0926304 0.1135182 0.0942960 0.0898014 0.1370935 0.1299424 0.1307334 0.1950191 0.1950191 
Dasyuridae_Dasyurus_maculatus                0.1172957 0.1169435 0.1129688 0.1255842 0.1260722 0.0000000 0.1204440 0.1285751 0.1308745 0.1440690 0.1364699 0.0242718 0.0270827 0.1279455 0.1373018 0.0252131 0.0106995 0.0207852 0.1423936 0.1211083 0.1365960 0.1630673 0.1640903 0.0227599 0.1166037 0.1101431 0.1201469 0.1202155 0.1236519 0.1536148 0.1284047 0.1289338 0.1453814 0.0115334 0.1388948 0.0523902 0.0523902 
Phalangeridae_Trichosurus_vulpecula          0.0568799 0.0927526 0.0744301 0.0842683 0.0847185 0.1204440 0.0000000 0.0321865 0.0842831 0.1214010 0.0393400 0.1187867 0.1083952 0.0330199 0.0837723 0.1277876 0.1227691 0.0960211 0.1143389 0.0775534 0.0866971 0.1331940 0.1227937 0.1127214 0.0747210 0.0857361 0.0701456 0.0766316 0.0757200 0.1012611 0.0813663 0.0347281 0.1174204 0.1268302 0.1138621 0.1984379 0.1984379 
Phalangeridae_Spilocuscus_maculatus          0.0646004 0.0982319 0.0775807 0.0932967 0.0918437 0.1285751 0.0321865 0.0000000 0.0925105 0.1233658 0.0252849 0.1314682 0.1049770 0.0165600 0.0967002 0.1423462 0.1302973 0.0978759 0.1237510 0.0805200 0.1003096 0.1465463 0.1336325 0.1179460 0.0827375 0.0985367 0.0791374 0.0829448 0.0842915 0.1132970 0.0918623 0.0170153 0.1226321 0.1354273 0.1230994 0.1805024 0.1805024 
Potoroidae_Aepyprymnus_rufescens             0.0829911 0.1118345 0.0900360 0.0195988 0.0179394 0.1308745 0.0842831 0.0925105 0.0000000 0.1464903 0.0984436 0.1360546 0.1101841 0.0890573 0.0977242 0.1422266 0.1349881 0.1052735 0.1393631 0.0308065 0.1036151 0.1502264 0.1407171 0.1204027 0.0505602 0.0910499 0.0878737 0.0305631 0.0914963 0.1171504 0.0967855 0.0904759 0.1440160 0.1366469 0.1381251 0.2034662 0.2034662 
Peramelidae_Perameles_nasuta                 0.1212459 0.1215679 0.1106069 0.1418067 0.1397298 0.1440690 0.1214010 0.1233658 0.1464903 0.0000000 0.1307071 0.1486695 0.1277491 0.1258737 0.1451757 0.1555125 0.1460365 0.1238548 0.0265351 0.1349228 0.1475534 0.1357375 0.1454966 0.1340002 0.1424463 0.1166129 0.1266868 0.1334928 0.1275299 0.1512417 0.1392819 0.1270055 0.0330781 0.1466426 0.0029554 0.1707181 0.1707181 
Phalangeridae_Strigocuscus_pelengensis       0.0755726 0.1076315 0.0856743 0.0982853 0.0964520 0.1364699 0.0393400 0.0252849 0.0984436 0.1307071 0.0000000 0.1326543 0.1173060 0.0224573 0.0938899 0.1459070 0.1352805 0.1034295 0.1204425 0.0900410 0.0998471 0.1573866 0.1469612 0.1228254 0.0895955 0.1020962 0.0851338 0.0900986 0.0885237 0.1128211 0.0944130 0.0246863 0.1309389 0.1384571 0.1218547 0.2257272 0.2257272 
Dasyuridae_Phascogale_tapoatafa              0.1129066 0.1210294 0.1132990 0.1313181 0.1325250 0.0242718 0.1187867 0.1314682 0.1360546 0.1486695 0.1326543 0.0000000 0.0285203 0.1295614 0.1306289 0.0053839 0.0217200 0.0227785 0.1479900 0.1215641 0.1259700 0.1720165 0.1572595 0.0080830 0.1208866 0.1144398 0.1207306 0.1229718 0.1232695 0.1574562 0.1213156 0.1297984 0.1511528 0.0246228 0.1461084 9.0000000 9.0000000 
Dasyuridae_Sminthopsis_macroura              0.1071328 0.1071007 0.1011911 0.1093794 0.1088065 0.0270827 0.1083952 0.1049770 0.1101841 0.1277491 0.1173060 0.0285203 0.0000000 0.1069654 0.1249737 0.0348959 0.0271705 0.0208738 0.1290816 0.1036402 0.1183648 0.1734057 0.1684014 0.0379751 0.0964506 0.1029767 0.1020643 0.1026782 0.0955304 0.1408340 0.1158112 0.1080965 0.1280999 0.0271000 0.1280924 0.0626722 0.0626722 
Phalangeridae_Phalanger_orientalis           0.0649286 0.0988883 0.0791898 0.0886086 0.0869810 0.1279455 0.0330199 0.0165600 0.0890573 0.1258737 0.0224573 0.1295614 0.1069654 0.0000000 0.0908636 0.1370159 0.1268851 0.0996943 0.1185153 0.0795193 0.0950171 0.1466098 0.1358294 0.1170587 0.0808105 0.0945074 0.0750128 0.0816985 0.0846588 0.1058062 0.0895446 0.0080525 0.1255834 0.1319498 0.1203595 0.1805024 0.1805024 
Acrobatidae_Acrobates_pygmaeus               0.0805045 0.1118357 0.0905835 0.0947450 0.0945901 0.1373018 0.0837723 0.0967002 0.0977242 0.1451757 0.0938899 0.1306289 0.1249737 0.0908636 0.0000000 0.1424651 0.1387735 0.1145064 0.1297896 0.0952118 0.0888866 0.1880957 0.1538922 0.1280152 0.0873284 0.0931847 0.0718987 0.0928128 0.0831886 0.0974772 0.0541596 0.0933464 0.1432690 0.1379931 0.1336950 0.2001055 0.2001055 
Dasyuridae_Phascogale_calura                 0.1252918 0.1249284 0.1235540 0.1366343 0.1370997 0.0252131 0.1277876 0.1423462 0.1422266 0.1555125 0.1459070 0.0053839 0.0348959 0.1370159 0.1424651 0.0000000 0.0257363 0.0237749 0.1506326 0.1304564 0.1456775 0.1652148 0.1641860 0.0090320 0.1261785 0.1226942 0.1283201 0.1296550 0.1338114 0.1620538 0.1343521 0.1391328 0.1580506 0.0261922 0.1503547 0.0621286 0.0621286 
Dasyuridae_Sarcophilus_harrisii              0.1171902 0.1192710 0.1139714 0.1284173 0.1282605 0.0106995 0.1227691 0.1302973 0.1349881 0.1460365 0.1352805 0.0217200 0.0271705 0.1268851 0.1387735 0.0257363 0.0000000 0.0201341 0.1420642 0.1225144 0.1395708 0.1668932 0.1647680 0.0240974 0.1200904 0.1153977 0.1220632 0.1217108 0.1291763 0.1552118 0.1292622 0.1284808 0.1464601 0.0115921 0.1398626 0.0363172 0.0363172 
Dasyuridae_Planigale_tenuirostris            0.1009421 0.0978808 0.0990407 0.1009603 0.0996616 0.0207852 0.0960211 0.0978759 0.1052735 0.1238548 0.1034295 0.0227785 0.0208738 0.0996943 0.1145064 0.0237749 0.0201341 0.0000000 0.1231170 0.0928563 0.1014841 0.1721464 0.1600757 0.0291158 0.0867654 0.0947744 0.0960070 0.0922747 0.0894528 0.1367908 0.1019919 0.1020859 0.1232167 0.0222236 0.1216107 0.0721482 0.0721482 
Peramelidae_Echymipera_kalubu                0.1127937 0.1164264 0.1072579 0.1363230 0.1332826 0.1423936 0.1143389 0.1237510 0.1393631 0.0265351 0.1204425 0.1479900 0.1290816 0.1185153 0.1297896 0.1506326 0.1420642 0.1231170 0.0000000 0.1303275 0.1366028 0.1449739 0.1437571 0.1326080 0.1287389 0.1076918 0.1127355 0.1299154 0.1254127 0.1420900 0.1298370 0.1216908 0.0288887 0.1432035 0.0221864 0.1481382 0.1481382 
Macropodidae_Dorcopsulus_vanheurni           0.0742409 0.1033151 0.0817980 0.0304176 0.0299150 0.1211083 0.0775534 0.0805200 0.0308065 0.1349228 0.0900410 0.1215641 0.1036402 0.0795193 0.0952118 0.1304564 0.1225144 0.0928563 0.1303275 0.0000000 0.0968057 0.1442414 0.1336171 0.1114733 0.0443516 0.0835267 0.0807472 0.0123928 0.0850613 0.1098359 0.0919457 0.0812596 0.1310720 0.1253412 0.1286962 0.1945901 0.1945901 
Pseudochiridae_Pseudochirulus_forbesi        0.0831725 0.1161117 0.0920171 0.1029989 0.1032840 0.1365960 0.0866971 0.1003096 0.1036151 0.1475534 0.0998471 0.1259700 0.1183648 0.0950171 0.0888866 0.1456775 0.1395708 0.1014841 0.1366028 0.0968057 0.0000000 0.1846738 0.1531061 0.1251893 0.0908548 0.1005344 0.0482858 0.0970151 0.0347969 0.1064911 0.0855714 0.0985341 0.1446236 0.1370773 0.1376811 0.3497319 0.3497319 
Didelphidae_Didelphis_virginiana             0.1566612 0.1611213 0.1540306 0.1475129 0.1404721 0.1630673 0.1331940 0.1465463 0.1502264 0.1357375 0.1573866 0.1720165 0.1734057 0.1466098 0.1880957 0.1652148 0.1668932 0.1721464 0.1449739 0.1442414 0.1846738 0.0000000 0.0391860 0.1707509 0.1271348 0.1456325 0.1458285 0.1468557 0.1292775 0.1740626 0.1557456 0.1490713 0.1691372 0.1676592 0.1477930 0.1605888 0.1605888 
Marmosidae_Monodelphis_domestica             0.1402348 0.1446340 0.1436695 0.1412321 0.1374511 0.1640903 0.1227937 0.1336325 0.1407171 0.1454966 0.1469612 0.1572595 0.1684014 0.1358294 0.1538922 0.1641860 0.1647680 0.1600757 0.1437571 0.1336171 0.1531061 0.0391860 0.0000000 0.1696605 0.1336182 0.1345297 0.1304742 0.1350070 0.1312787 0.1628698 0.1479016 0.1387158 0.1519914 0.1640007 0.1414814 0.1581108 0.1581108 
Dasyuridae_Antechinus_stuartii               0.1138682 0.1141633 0.1123775 0.1161602 0.1163292 0.0227599 0.1127214 0.1179460 0.1204027 0.1340002 0.1228254 0.0080830 0.0379751 0.1170587 0.1280152 0.0090320 0.0240974 0.0291158 0.1326080 0.1114733 0.1251893 0.1707509 0.1696605 0.0000000 0.1017123 0.1053112 0.1090228 0.1106248 0.1049972 0.1480541 0.1150846 0.1190552 0.1327274 0.0246292 0.1319368 0.0574853 0.0574853 
Hypsiprymnodontidae_Hypsiprymnodon_moschatus 0.0724945 0.1002418 0.0802270 0.0489645 0.0480066 0.1166037 0.0747210 0.0827375 0.0505602 0.1424463 0.0895955 0.1208866 0.0964506 0.0808105 0.0873284 0.1261785 0.1200904 0.0867654 0.1287389 0.0443516 0.0908548 0.1271348 0.1336182 0.1017123 0.0000000 0.0788830 0.0768545 0.0461809 0.0875868 0.1122259 0.0819650 0.0827073 0.1361320 0.1242200 0.1288381 0.1847218 0.1847218 
Microbiotheriidae_Dromiciops_gliroides       0.0806782 0.0838888 0.0724204 0.0860918 0.0870751 0.1101431 0.0857361 0.0985367 0.0910499 0.1166129 0.1020962 0.1144398 0.1029767 0.0945074 0.0931847 0.1226942 0.1153977 0.0947744 0.1076918 0.0835267 0.1005344 0.1456325 0.1345297 0.1053112 0.0788830 0.0000000 0.0837568 0.0827347 0.0897785 0.1123717 0.0861240 0.0956215 0.1203839 0.1128859 0.1065113 0.1559325 0.1559325 
Pseudochiridae_Petauroides_volans            0.0672142 0.0962507 0.0774879 0.0848535 0.0839064 0.1201469 0.0701456 0.0791374 0.0878737 0.1266868 0.0851338 0.1207306 0.1020643 0.0750128 0.0718987 0.1283201 0.1220632 0.0960070 0.1127355 0.0807472 0.0482858 0.1458285 0.1304742 0.1090228 0.0768545 0.0837568 0.0000000 0.0803655 0.0396573 0.0851376 0.0697506 0.0794620 0.1231446 0.1220270 0.1174544 0.1755406 0.1755406 
Macropodidae_Wallabia_bicolor                0.0748588 0.1013862 0.0814940 0.0292924 0.0297105 0.1202155 0.0766316 0.0829448 0.0305631 0.1334928 0.0900986 0.1229718 0.1026782 0.0816985 0.0928128 0.1296550 0.1217108 0.0922747 0.1299154 0.0123928 0.0970151 0.1468557 0.1350070 0.1106248 0.0461809 0.0827347 0.0803655 0.0000000 0.0866531 0.1104402 0.0898830 0.0843777 0.1304527 0.1258295 0.1257258 0.1945901 0.1945901 
Pseudochiridae_Pseudocheirus_occidentalis    0.0727054 0.0976066 0.0841142 0.0923064 0.0926304 0.1236519 0.0757200 0.0842915 0.0914963 0.1275299 0.0885237 0.1232695 0.0955304 0.0846588 0.0831886 0.1338114 0.1291763 0.0894528 0.1254127 0.0850613 0.0347969 0.1292775 0.1312787 0.1049972 0.0875868 0.0897785 0.0396573 0.0866531 0.0000000 0.0948824 0.0839825 0.0869749 0.1267544 0.1269304 0.1253524 0.1671887 0.1671887 
Tarsipedidae_Tarsipes_rostratus              0.0984017 0.1241210 0.1080879 0.1156765 0.1135182 0.1536148 0.1012611 0.1132970 0.1171504 0.1512417 0.1128211 0.1574562 0.1408340 0.1058062 0.0974772 0.1620538 0.1552118 0.1367908 0.1420900 0.1098359 0.1064911 0.1740626 0.1628698 0.1480541 0.1122259 0.1123717 0.0851376 0.1104402 0.0948824 0.0000000 0.1022347 0.1085991 0.1505850 0.1557862 0.1388895 0.2263442 0.2263442 
Acrobatidae_Distoechurus_pennatus            0.0763004 0.1095032 0.0850032 0.0932959 0.0942960 0.1284047 0.0813663 0.0918623 0.0967855 0.1392819 0.0944130 0.1213156 0.1158112 0.0895446 0.0541596 0.1343521 0.1292622 0.1019919 0.1298370 0.0919457 0.0855714 0.1557456 0.1479016 0.1150846 0.0819650 0.0861240 0.0697506 0.0898830 0.0839825 0.1022347 0.0000000 0.0913749 0.1424779 0.1312773 0.1296019 0.2109416 0.2109416 
Phalangeridae_Phalanger_carmelitae           0.0672624 0.1029882 0.0805472 0.0914353 0.0898014 0.1289338 0.0347281 0.0170153 0.0904759 0.1270055 0.0246863 0.1297984 0.1080965 0.0080525 0.0933464 0.1391328 0.1284808 0.1020859 0.1216908 0.0812596 0.0985341 0.1490713 0.1387158 0.1190552 0.0827073 0.0956215 0.0794620 0.0843777 0.0869749 0.1085991 0.0913749 0.0000000 0.1254629 0.1329319 0.1218380 0.1880506 0.1880506 
Peramelidae_Peroryctes_raffrayana            0.1178008 0.1236987 0.1116771 0.1382489 0.1370935 0.1453814 0.1174204 0.1226321 0.1440160 0.0330781 0.1309389 0.1511528 0.1280999 0.1255834 0.1432690 0.1580506 0.1464601 0.1232167 0.0288887 0.1310720 0.1446236 0.1691372 0.1519914 0.1327274 0.1361320 0.1203839 0.1231446 0.1304527 0.1267544 0.1505850 0.1424779 0.1254629 0.0000000 0.1466015 0.0319625 0.2084884 0.2084884 
Dasyuridae_Dasyurus_geffroii                 0.1213229 0.1233116 0.1130640 0.1294980 0.1299424 0.0115334 0.1268302 0.1354273 0.1366469 0.1466426 0.1384571 0.0246228 0.0271000 0.1319498 0.1379931 0.0261922 0.0115921 0.0222236 0.1432035 0.1253412 0.1370773 0.1676592 0.1640007 0.0246292 0.1242200 0.1128859 0.1220270 0.1258295 0.1269304 0.1557862 0.1312773 0.1329319 0.1466015 0.0000000 0.1408658 0.0465674 0.0465674 
Peramelidae_Perameles_gunnii                 0.1147228 0.1163309 0.1035025 0.1345849 0.1307334 0.1388948 0.1138621 0.1230994 0.1381251 0.0029554 0.1218547 0.1461084 0.1280924 0.1203595 0.1336950 0.1503547 0.1398626 0.1216107 0.0221864 0.1286962 0.1376811 0.1477930 0.1414814 0.1319368 0.1288381 0.1065113 0.1174544 0.1257258 0.1253524 0.1388895 0.1296019 0.1218380 0.0319625 0.1408658 0.0000000 0.1639547 0.1639547 
Myrmecobiidae_Myrmecobius_fasciatus1         0.2146886 0.1692270 0.1540282 0.1950191 0.1950191 0.0523902 0.1984379 0.1805024 0.2034662 0.1707181 0.2257272 9.0000000 0.0626722 0.1805024 0.2001055 0.0621286 0.0363172 0.0721482 0.1481382 0.1945901 0.3497319 0.1605888 0.1581108 0.0574853 0.1847218 0.1559325 0.1755406 0.1945901 0.1671887 0.2263442 0.2109416 0.1880506 0.2084884 0.0465674 0.1639547 0.0000000 0.0000010 
Myrmecobiidae_Myrmecobius_fasciatus2         0.2146886 0.1692270 0.1540282 0.1950191 0.1950191 0.0523902 0.1984379 0.1805024 0.2034662 0.1707181 0.2257272 9.0000000 0.0626722 0.1805024 0.2001055 0.0621286 0.0363172 0.0721482 0.1481382 0.1945901 0.3497319 0.1605888 0.1581108 0.0574853 0.1847218 0.1559325 0.1755406 0.1945901 0.1671887 0.2263442 0.2109416 0.1880506 0.2084884 0.0465674 0.1639547 0.0000010 0.0000000 
