35
Burramyidae_Burramys_parvus                  0.0000000 0.0613037 0.0395206 0.0397214 0.0397865 0.0682599 0.0342325 0.0392321 0.0376672 0.0922544 0.0400367 0.0684570 0.0721258 0.0412694 0.0495635 0.0680003 0.0679331 0.0628712 0.0932120 0.0346640 0.0513606 0.0659468 0.0697095 0.0683396 0.0430322 0.0482835 0.0334800 0.0436297 0.0656534 0.0447192 0.0413558 0.0906142 0.0691773 0.0908756 0.0571687 
Notoryctidae_Notoryctes_typhlops             0.0613037 0.0000000 0.0637643 0.0683120 0.0679672 0.0917211 0.0652080 0.0692416 0.0666572 0.1055023 0.0664487 0.0904377 0.0919888 0.0710030 0.0761120 0.0907788 0.0911673 0.0876535 0.1055451 0.0631569 0.0800815 0.0805509 0.0844305 0.0906069 0.0699006 0.0699477 0.0632662 0.0736437 0.0913414 0.0660139 0.0718571 0.0995862 0.0924357 0.1065858 0.0907671 
Vombatidae_Lasiorhinus_latifrons             0.0395206 0.0637643 0.0000000 0.0488114 0.0491615 0.0706636 0.0434522 0.0457467 0.0480246 0.0940881 0.0465962 0.0696335 0.0717382 0.0484326 0.0561885 0.0691818 0.0703351 0.0639165 0.0981347 0.0425230 0.0593904 0.0688572 0.0716945 0.0677607 0.0504748 0.0514917 0.0410129 0.0499152 0.0722057 0.0502405 0.0495402 0.0934344 0.0715646 0.0938560 0.0557656 
Potoroidae_Bettongia_penicillata             0.0397214 0.0683120 0.0488114 0.0000000 0.0049525 0.0785403 0.0459713 0.0506433 0.0127780 0.1023671 0.0498353 0.0775243 0.0812515 0.0516945 0.0560581 0.0770598 0.0782021 0.0727811 0.1022519 0.0209053 0.0583898 0.0758482 0.0779168 0.0800157 0.0377414 0.0605777 0.0178321 0.0499383 0.0723445 0.0514128 0.0517491 0.0974693 0.0802483 0.1021137 0.0638458 
Potoroidae_Bettongia_lesueur                 0.0397865 0.0679672 0.0491615 0.0049525 0.0000000 0.0772887 0.0459578 0.0510290 0.0130889 0.1012774 0.0495128 0.0759331 0.0812396 0.0513566 0.0564772 0.0762660 0.0777959 0.0720688 0.1011048 0.0212413 0.0569733 0.0747005 0.0775088 0.0788434 0.0387879 0.0591739 0.0181546 0.0499916 0.0711431 0.0522288 0.0521378 0.0963156 0.0798412 0.1009612 0.0643537 
Dasyuridae_Dasyurus_maculatus                0.0682599 0.0917211 0.0706636 0.0785403 0.0772887 0.0000000 0.0712977 0.0765592 0.0788631 0.1184644 0.0780234 0.0127096 0.0206004 0.0774527 0.0854172 0.0117672 0.0035444 0.0145106 0.1179984 0.0723189 0.0868071 0.0903910 0.0973716 0.0122192 0.0800348 0.0752034 0.0715515 0.0773694 0.0988683 0.0798589 0.0803342 0.1137123 0.0044223 0.1166404 0.0975287 
Phalangeridae_Trichosurus_vulpecula          0.0342325 0.0652080 0.0434522 0.0459713 0.0459578 0.0712977 0.0000000 0.0178524 0.0441442 0.0960562 0.0185761 0.0703303 0.0760472 0.0168007 0.0536165 0.0714548 0.0725617 0.0656007 0.0972308 0.0392767 0.0526969 0.0721902 0.0734865 0.0721073 0.0460400 0.0489604 0.0377691 0.0460163 0.0683625 0.0483900 0.0183724 0.0920174 0.0730083 0.0954522 0.0526908 
Phalangeridae_Spilocuscus_maculatus          0.0392321 0.0692416 0.0457467 0.0506433 0.0510290 0.0765592 0.0178524 0.0000000 0.0491852 0.1006696 0.0144313 0.0743229 0.0797035 0.0167091 0.0573161 0.0754526 0.0774225 0.0699785 0.1013411 0.0456400 0.0575941 0.0803729 0.0811068 0.0761718 0.0518909 0.0568411 0.0434099 0.0512088 0.0737902 0.0544311 0.0151804 0.0965723 0.0778529 0.0996102 0.0590306 
Potoroidae_Aepyprymnus_rufescens             0.0376672 0.0666572 0.0480246 0.0127780 0.0130889 0.0788631 0.0441442 0.0491852 0.0000000 0.0975042 0.0483829 0.0766601 0.0811539 0.0495306 0.0545240 0.0769926 0.0789450 0.0728916 0.0974986 0.0193176 0.0567248 0.0746839 0.0783613 0.0802768 0.0377173 0.0590658 0.0159395 0.0488599 0.0685994 0.0521223 0.0510166 0.0931251 0.0799299 0.0972724 0.0627930 
Peramelidae_Perameles_nasuta                 0.0922544 0.1055023 0.0940881 0.1023671 0.1012774 0.1184644 0.0960562 0.1006696 0.0975042 0.0000000 0.0978275 0.1192212 0.1210108 0.0983566 0.1152167 0.1196069 0.1194439 0.1144101 0.0183315 0.0958403 0.1145758 0.1075677 0.1175295 0.1208365 0.1062230 0.1019599 0.0941209 0.1029230 0.1245714 0.1086781 0.1009837 0.0156334 0.1184470 0.0005863 0.1505236 
Phalangeridae_Strigocuscus_pelengensis       0.0400367 0.0664487 0.0465962 0.0498353 0.0495128 0.0780234 0.0185761 0.0144313 0.0483829 0.0978275 0.0000000 0.0778198 0.0812036 0.0140257 0.0541752 0.0781427 0.0772618 0.0730310 0.0977618 0.0448606 0.0574010 0.0760759 0.0767797 0.0792381 0.0489492 0.0538461 0.0443471 0.0495814 0.0684205 0.0505736 0.0137281 0.0932990 0.0797422 0.0965718 0.0509913 
Dasyuridae_Phascogale_tapoatafa              0.0684570 0.0904377 0.0696335 0.0775243 0.0759331 0.0127096 0.0703303 0.0743229 0.0766601 0.1192212 0.0778198 0.0000000 0.0195572 0.0764201 0.0881651 0.0032216 0.0120780 0.0134218 0.1183930 0.0692905 0.0870975 0.0926903 0.0985098 0.0065797 0.0776738 0.0754561 0.0676447 0.0783007 0.1010446 0.0814146 0.0792848 0.1141720 0.0142291 0.1169692 0.0966414 
Dasyuridae_Sminthopsis_macroura              0.0721258 0.0919888 0.0717382 0.0812515 0.0812396 0.0206004 0.0760472 0.0797035 0.0811539 0.1210108 0.0812036 0.0195572 0.0000000 0.0809664 0.0878427 0.0185858 0.0186582 0.0147533 0.1201328 0.0753726 0.0930166 0.0934425 0.1014156 0.0185264 0.0831729 0.0784983 0.0736876 0.0805171 0.1002887 0.0832767 0.0838639 0.1164613 0.0214970 0.1190808 0.1043182 
Phalangeridae_Phalanger_orientalis           0.0412694 0.0710030 0.0484326 0.0516945 0.0513566 0.0774527 0.0168007 0.0167091 0.0495306 0.0983566 0.0140257 0.0764201 0.0809664 0.0000000 0.0567844 0.0767397 0.0783115 0.0718570 0.0985482 0.0446039 0.0578147 0.0754468 0.0753001 0.0774733 0.0487334 0.0536584 0.0444834 0.0529054 0.0739516 0.0520825 0.0058129 0.0946799 0.0787351 0.0971937 0.0495769 
Acrobatidae_Acrobates_pygmaeus               0.0495635 0.0761120 0.0561885 0.0560581 0.0564772 0.0854172 0.0536165 0.0573161 0.0545240 0.1152167 0.0541752 0.0881651 0.0878427 0.0567844 0.0000000 0.0866826 0.0859051 0.0825141 0.1115051 0.0540748 0.0629615 0.0848031 0.0897031 0.0876572 0.0596414 0.0690261 0.0525580 0.0548399 0.0730525 0.0327131 0.0594409 0.1084432 0.0867476 0.1142188 0.0660839 
Dasyuridae_Phascogale_calura                 0.0680003 0.0907788 0.0691818 0.0770598 0.0762660 0.0117672 0.0714548 0.0754526 0.0769926 0.1196069 0.0781427 0.0032216 0.0185858 0.0767397 0.0866826 0.0000000 0.0111395 0.0130622 0.1190509 0.0696466 0.0874288 0.0917808 0.0988639 0.0056660 0.0771966 0.0757935 0.0679747 0.0778187 0.1006617 0.0800851 0.0796041 0.1145542 0.0132819 0.1172937 0.0946674 
Dasyuridae_Sarcophilus_harrisii              0.0679331 0.0911673 0.0703351 0.0782021 0.0777959 0.0035444 0.0725617 0.0774225 0.0789450 0.1194439 0.0772618 0.0120780 0.0186582 0.0783115 0.0859051 0.0111395 0.0000000 0.0128004 0.1189474 0.0727715 0.0873061 0.0886802 0.0968596 0.0116006 0.0797003 0.0753649 0.0714897 0.0770322 0.0986086 0.0787212 0.0812020 0.1148914 0.0050253 0.1175907 0.0979618 
Dasyuridae_Planigale_tenuirostris            0.0628712 0.0876535 0.0639165 0.0727811 0.0720688 0.0145106 0.0656007 0.0699785 0.0728916 0.1144101 0.0730310 0.0134218 0.0147533 0.0718570 0.0825141 0.0130622 0.0128004 0.0000000 0.1124353 0.0659694 0.0817696 0.0871577 0.0961299 0.0138427 0.0749500 0.0733954 0.0653593 0.0744764 0.0932841 0.0737435 0.0749204 0.1099963 0.0144593 0.1127787 0.0975470 
Peramelidae_Echymipera_kalubu                0.0932120 0.1055451 0.0981347 0.1022519 0.1011048 0.1179984 0.0972308 0.1013411 0.0974986 0.0183315 0.0977618 0.1183930 0.1201328 0.0985482 0.1115051 0.1190509 0.1189474 0.1124353 0.0000000 0.0963301 0.1160321 0.1078452 0.1168878 0.1197554 0.1063214 0.1032119 0.0950883 0.1065765 0.1282938 0.1062593 0.1007136 0.0142477 0.1188839 0.0180730 0.1516625 
Macropodidae_Dorcopsulus_vanheurni           0.0346640 0.0631569 0.0425230 0.0209053 0.0212413 0.0723189 0.0392767 0.0456400 0.0193176 0.0958403 0.0448606 0.0692905 0.0753726 0.0446039 0.0540748 0.0696466 0.0727715 0.0659694 0.0963301 0.0000000 0.0525462 0.0684910 0.0717914 0.0723285 0.0316821 0.0540884 0.0091283 0.0469652 0.0680267 0.0480592 0.0463765 0.0906790 0.0740034 0.0949509 0.0581848 
Pseudochiridae_Pseudochirulus_forbesi        0.0513606 0.0800815 0.0593904 0.0583898 0.0569733 0.0868071 0.0526969 0.0575941 0.0567248 0.1145758 0.0574010 0.0870975 0.0930166 0.0578147 0.0629615 0.0874288 0.0873061 0.0817696 0.1160321 0.0525462 0.0000000 0.0891727 0.0920473 0.0886306 0.0627583 0.0698523 0.0546618 0.0221948 0.0700521 0.0569347 0.0589779 0.1116512 0.0877008 0.1153140 0.0389690 
Didelphidae_Didelphis_virginiana             0.0659468 0.0805509 0.0688572 0.0758482 0.0747005 0.0903910 0.0721902 0.0803729 0.0746839 0.1075677 0.0760759 0.0926903 0.0934425 0.0754468 0.0848031 0.0917808 0.0886802 0.0871577 0.1078452 0.0684910 0.0891727 0.0000000 0.0314045 0.0924368 0.0776357 0.0695979 0.0696620 0.0829653 0.1012807 0.0756020 0.0778334 0.1057952 0.0906446 0.1058924 0.0946809 
Marmosidae_Monodelphis_domestica             0.0697095 0.0844305 0.0716945 0.0779168 0.0775088 0.0973716 0.0734865 0.0811068 0.0783613 0.1175295 0.0767797 0.0985098 0.1014156 0.0753001 0.0897031 0.0988639 0.0968596 0.0961299 0.1168878 0.0717914 0.0920473 0.0314045 0.0000000 0.0992479 0.0787448 0.0710543 0.0733608 0.0862123 0.1028286 0.0778853 0.0773986 0.1136780 0.0975805 0.1164228 0.0924846 
Dasyuridae_Antechinus_stuartii               0.0683396 0.0906069 0.0677607 0.0800157 0.0788434 0.0122192 0.0721073 0.0761718 0.0802768 0.1208365 0.0792381 0.0065797 0.0185264 0.0774733 0.0876572 0.0056660 0.0116006 0.0138427 0.1197554 0.0723285 0.0886306 0.0924368 0.0992479 0.0000000 0.0796995 0.0741659 0.0701726 0.0775329 0.1037622 0.0808214 0.0803852 0.1155334 0.0137707 0.1185020 0.0963652 
Hypsiprymnodontidae_Hypsiprymnodon_moschatus 0.0430322 0.0699006 0.0504748 0.0377414 0.0387879 0.0800348 0.0460400 0.0518909 0.0377173 0.1062230 0.0489492 0.0776738 0.0831729 0.0487334 0.0596414 0.0771966 0.0797003 0.0749500 0.1063214 0.0316821 0.0627583 0.0776357 0.0787448 0.0796995 0.0000000 0.0620723 0.0321969 0.0551615 0.0754241 0.0525560 0.0515930 0.1020325 0.0805487 0.1057370 0.0628269 
Microbiotheriidae_Dromiciops_gliroides       0.0482835 0.0699477 0.0514917 0.0605777 0.0591739 0.0752034 0.0489604 0.0568411 0.0590658 0.1019599 0.0538461 0.0754561 0.0784983 0.0536584 0.0690261 0.0757935 0.0753649 0.0733954 0.1032119 0.0540884 0.0698523 0.0695979 0.0710543 0.0741659 0.0620723 0.0000000 0.0546475 0.0625655 0.0844420 0.0590139 0.0548980 0.0971810 0.0770449 0.1010959 0.0703768 
Macropodidae_Wallabia_bicolor                0.0334800 0.0632662 0.0410129 0.0178321 0.0181546 0.0715515 0.0377691 0.0434099 0.0159395 0.0941209 0.0443471 0.0676447 0.0736876 0.0444834 0.0525580 0.0679747 0.0714897 0.0653593 0.0950883 0.0091283 0.0546618 0.0696620 0.0733608 0.0701726 0.0321969 0.0546475 0.0000000 0.0462268 0.0667089 0.0486406 0.0455751 0.0899031 0.0732416 0.0935289 0.0601486 
Pseudochiridae_Pseudocheirus_occidentalis    0.0436297 0.0736437 0.0499152 0.0499383 0.0499916 0.0773694 0.0460163 0.0512088 0.0488599 0.1029230 0.0495814 0.0783007 0.0805171 0.0529054 0.0548399 0.0778187 0.0770322 0.0744764 0.1065765 0.0469652 0.0221948 0.0829653 0.0862123 0.0775329 0.0551615 0.0625655 0.0462268 0.0000000 0.0598631 0.0510911 0.0540566 0.1017300 0.0778918 0.1048833 0.0349008 
Tarsipedidae_Tarsipes_rostratus              0.0656534 0.0913414 0.0722057 0.0723445 0.0711431 0.0988683 0.0683625 0.0737902 0.0685994 0.1245714 0.0684205 0.1010446 0.1002887 0.0739516 0.0730525 0.1006617 0.0986086 0.0932841 0.1282938 0.0680267 0.0700521 0.1012807 0.1028286 0.1037622 0.0754241 0.0844420 0.0667089 0.0598631 0.0000000 0.0685892 0.0752361 0.1203282 0.0998437 0.1266978 0.0779945 
Acrobatidae_Distoechurus_pennatus            0.0447192 0.0660139 0.0502405 0.0514128 0.0522288 0.0798589 0.0483900 0.0544311 0.0521223 0.1086781 0.0505736 0.0814146 0.0832767 0.0520825 0.0327131 0.0800851 0.0787212 0.0737435 0.1062593 0.0480592 0.0569347 0.0756020 0.0778853 0.0808214 0.0525560 0.0590139 0.0486406 0.0510911 0.0685892 0.0000000 0.0544156 0.1029749 0.0804092 0.1085365 0.0569506 
Phalangeridae_Phalanger_carmelitae           0.0413558 0.0718571 0.0495402 0.0517491 0.0521378 0.0803342 0.0183724 0.0151804 0.0510166 0.1009837 0.0137281 0.0792848 0.0838639 0.0058129 0.0594409 0.0796041 0.0812020 0.0749204 0.1007136 0.0463765 0.0589779 0.0778334 0.0773986 0.0803852 0.0515930 0.0548980 0.0455751 0.0540566 0.0752361 0.0544156 0.0000000 0.0964612 0.0816177 0.0997540 0.0542613 
Peramelidae_Peroryctes_raffrayana            0.0906142 0.0995862 0.0934344 0.0974693 0.0963156 0.1137123 0.0920174 0.0965723 0.0931251 0.0156334 0.0932990 0.1141720 0.1164613 0.0946799 0.1084432 0.1145542 0.1148914 0.1099963 0.0142477 0.0906790 0.1116512 0.1057952 0.1136780 0.1155334 0.1020325 0.0971810 0.0899031 0.1017300 0.1203282 0.1029749 0.0964612 0.0000000 0.1148088 0.0155512 0.1386897 
Dasyuridae_Dasyurus_geffroii                 0.0691773 0.0924357 0.0715646 0.0802483 0.0798412 0.0044223 0.0730083 0.0778529 0.0799299 0.1184470 0.0797422 0.0142291 0.0214970 0.0787351 0.0867476 0.0132819 0.0050253 0.0144593 0.1188839 0.0740034 0.0877008 0.0906446 0.0975805 0.0137707 0.0805487 0.0770449 0.0732416 0.0778918 0.0998437 0.0804092 0.0816177 0.1148088 0.0000000 0.1171002 0.0991722 
Peramelidae_Perameles_gunnii                 0.0908756 0.1065858 0.0938560 0.1021137 0.1009612 0.1166404 0.0954522 0.0996102 0.0972724 0.0005863 0.0965718 0.1169692 0.1190808 0.0971937 0.1142188 0.1172937 0.1175907 0.1127787 0.0180730 0.0949509 0.1153140 0.1058924 0.1164228 0.1185020 0.1057370 0.1010959 0.0935289 0.1048833 0.1266978 0.1085365 0.0997540 0.0155512 0.1171002 0.0000000 0.1503681 
Pseudochiridae_Petauroides_volans            0.0571687 0.0907671 0.0557656 0.0638458 0.0643537 0.0975287 0.0526908 0.0590306 0.0627930 0.1505236 0.0509913 0.0966414 0.1043182 0.0495769 0.0660839 0.0946674 0.0979618 0.0975470 0.1516625 0.0581848 0.0389690 0.0946809 0.0924846 0.0963652 0.0628269 0.0703768 0.0601486 0.0349008 0.0779945 0.0569506 0.0542613 0.1386897 0.0991722 0.1503681 0.0000000 
