35
Burramyidae_Burramys_parvus                  0.0000000 0.0865178 0.0505365 0.0562513 0.0550765 0.0817686 0.0412563 0.0445029 0.0529319 0.0865933 0.0449396 0.0810950 0.0823764 0.0483969 0.0537373 0.0840386 0.0797952 0.0767910 0.0879954 0.0540656 0.0493714 0.0935488 0.0917342 0.0870259 0.0517596 0.0621046 0.0479846 0.0535271 0.0526218 0.0592989 0.0511768 0.0483221 0.0899968 0.0794159 0.0866705 
Notoryctidae_Notoryctes_typhlops             0.0865178 0.0000000 0.0902634 0.0990880 0.0990499 0.1117303 0.0890336 0.0900602 0.0971606 0.1144826 0.0907604 0.1124304 0.1160495 0.0925102 0.0931442 0.1150188 0.1095546 0.1076011 0.1187121 0.0977265 0.0970556 0.1269878 0.1205950 0.1168941 0.0938053 0.0955824 0.0950703 0.0982944 0.1013779 0.1065294 0.0923616 0.0938417 0.1183792 0.1096097 0.1167626 
Vombatidae_Lasiorhinus_latifrons             0.0505365 0.0902634 0.0000000 0.0612024 0.0595507 0.0806079 0.0523253 0.0521645 0.0593118 0.0849558 0.0512971 0.0778543 0.0795271 0.0545240 0.0572000 0.0824715 0.0787566 0.0752126 0.0901140 0.0609367 0.0553498 0.0896712 0.0920262 0.0857031 0.0605985 0.0657267 0.0545051 0.0604334 0.0586238 0.0696178 0.0581186 0.0547084 0.0898728 0.0770401 0.0860794 
Potoroidae_Bettongia_penicillata             0.0562513 0.0990880 0.0612024 0.0000000 0.0057361 0.0941576 0.0577422 0.0599233 0.0107961 0.0959883 0.0598158 0.0922222 0.0947312 0.0647882 0.0638767 0.0978687 0.0923724 0.0876868 0.0977660 0.0216723 0.0621002 0.0977054 0.0975438 0.0976843 0.0368090 0.0805746 0.0587201 0.0215398 0.0638711 0.0703805 0.0628273 0.0647043 0.0992206 0.0922141 0.0962162 
Potoroidae_Bettongia_lesueur                 0.0550765 0.0990499 0.0595507 0.0057361 0.0000000 0.0925512 0.0563094 0.0580068 0.0093623 0.0945771 0.0577449 0.0905900 0.0931321 0.0626220 0.0638595 0.0962815 0.0908074 0.0859915 0.0972522 0.0216867 0.0613734 0.0954224 0.0934133 0.0960820 0.0358882 0.0800200 0.0582390 0.0206250 0.0640526 0.0698642 0.0631120 0.0627636 0.0986759 0.0905840 0.0947929 
Dasyuridae_Dasyurus_maculatus                0.0817686 0.1117303 0.0806079 0.0941576 0.0925512 0.0000000 0.0793776 0.0823479 0.0894346 0.1092461 0.0771856 0.0193037 0.0335603 0.0852191 0.0906914 0.0216173 0.0097864 0.0270530 0.1117382 0.0885935 0.0867586 0.1019175 0.1039232 0.0226503 0.0891532 0.0786199 0.0850640 0.0888145 0.0913029 0.0985157 0.0908595 0.0855070 0.1120879 0.0064916 0.1117441 
Phalangeridae_Trichosurus_vulpecula          0.0412563 0.0890336 0.0523253 0.0577422 0.0563094 0.0793776 0.0000000 0.0157407 0.0556353 0.0852458 0.0154455 0.0776817 0.0811624 0.0194745 0.0537759 0.0822737 0.0770532 0.0746815 0.0888513 0.0542875 0.0513515 0.0848152 0.0878495 0.0850907 0.0554903 0.0645483 0.0504575 0.0551655 0.0557453 0.0638411 0.0517187 0.0194680 0.0895557 0.0759815 0.0857743 
Phalangeridae_Spilocuscus_maculatus          0.0445029 0.0900602 0.0521645 0.0599233 0.0580068 0.0823479 0.0157407 0.0000000 0.0578160 0.0894682 0.0086449 0.0802269 0.0831404 0.0097886 0.0553968 0.0848181 0.0794794 0.0779936 0.0930716 0.0572189 0.0539973 0.0875707 0.0898035 0.0875767 0.0565587 0.0654075 0.0507033 0.0572705 0.0585541 0.0647542 0.0511368 0.0105977 0.0927200 0.0789320 0.0900379 
Potoroidae_Aepyprymnus_rufescens             0.0529319 0.0971606 0.0593118 0.0107961 0.0093623 0.0894346 0.0556353 0.0578160 0.0000000 0.0945866 0.0572253 0.0885821 0.0901121 0.0624056 0.0611237 0.0940244 0.0896673 0.0837706 0.0977844 0.0200091 0.0603943 0.0953441 0.0940938 0.0937808 0.0363399 0.0782718 0.0577477 0.0188872 0.0632362 0.0695514 0.0603583 0.0625474 0.0989659 0.0883806 0.0951129 
Peramelidae_Perameles_nasuta                 0.0865933 0.1144826 0.0849558 0.0959883 0.0945771 0.1092461 0.0852458 0.0894682 0.0945866 0.0000000 0.0876476 0.1083520 0.1092082 0.0933948 0.0916994 0.1105261 0.1093341 0.1059035 0.0191886 0.0959256 0.0969024 0.1190758 0.1172339 0.1113227 0.0946675 0.0937592 0.0919109 0.0923288 0.1001078 0.1018281 0.0929357 0.0931627 0.0183313 0.1105339 0.0004140 
Phalangeridae_Strigocuscus_pelengensis       0.0449396 0.0907604 0.0512971 0.0598158 0.0577449 0.0771856 0.0154455 0.0086449 0.0572253 0.0876476 0.0000000 0.0741235 0.0777563 0.0092953 0.0518442 0.0793023 0.0762141 0.0770148 0.0912899 0.0558167 0.0527336 0.0866765 0.0895619 0.0830624 0.0550171 0.0686383 0.0492668 0.0567507 0.0560383 0.0627390 0.0500920 0.0095314 0.0893477 0.0771290 0.0880658 
Dasyuridae_Phascogale_tapoatafa              0.0810950 0.1124304 0.0778543 0.0922222 0.0905900 0.0193037 0.0776817 0.0802269 0.0885821 0.1083520 0.0741235 0.0000000 0.0285408 0.0821139 0.0887696 0.0055626 0.0192630 0.0263272 0.1086905 0.0874294 0.0826536 0.0989599 0.1025784 0.0127819 0.0854882 0.0816281 0.0820235 0.0877116 0.0898931 0.0932681 0.0895289 0.0832221 0.1109956 0.0161515 0.1116214 
Dasyuridae_Sminthopsis_macroura              0.0823764 0.1160495 0.0795271 0.0947312 0.0931321 0.0335603 0.0811624 0.0831404 0.0901121 0.1092082 0.0777563 0.0285408 0.0000000 0.0852640 0.0899487 0.0305544 0.0330745 0.0226457 0.1106056 0.0896785 0.0874338 0.1033493 0.1071346 0.0338665 0.0872278 0.0809851 0.0851732 0.0899508 0.0926282 0.0992585 0.0915037 0.0857250 0.1112006 0.0297819 0.1125727 
Phalangeridae_Phalanger_orientalis           0.0483969 0.0925102 0.0545240 0.0647882 0.0626220 0.0852191 0.0194745 0.0097886 0.0624056 0.0933948 0.0092953 0.0821139 0.0852640 0.0000000 0.0592929 0.0855384 0.0825708 0.0802773 0.0969134 0.0617576 0.0573464 0.0906667 0.0940055 0.0905084 0.0593582 0.0684280 0.0552243 0.0618256 0.0614783 0.0683482 0.0560207 0.0035556 0.0973776 0.0815142 0.0939185 
Acrobatidae_Acrobates_pygmaeus               0.0537373 0.0931442 0.0572000 0.0638767 0.0638595 0.0906914 0.0537759 0.0553968 0.0611237 0.0916994 0.0518442 0.0887696 0.0899487 0.0592929 0.0000000 0.0943405 0.0870291 0.0858203 0.0957736 0.0630820 0.0532647 0.0954898 0.0954837 0.0959320 0.0615967 0.0728497 0.0524585 0.0623630 0.0584154 0.0650908 0.0341883 0.0582496 0.0947343 0.0868964 0.0934716 
Dasyuridae_Phascogale_calura                 0.0840386 0.1150188 0.0824715 0.0978687 0.0962815 0.0216173 0.0822737 0.0848181 0.0940244 0.1105261 0.0793023 0.0055626 0.0305544 0.0855384 0.0943405 0.0000000 0.0219931 0.0273783 0.1124651 0.0928495 0.0891857 0.1041659 0.1090371 0.0137121 0.0911885 0.0814995 0.0872464 0.0938624 0.0949517 0.0998264 0.0939828 0.0863485 0.1145899 0.0188349 0.1133870 
Dasyuridae_Sarcophilus_harrisii              0.0797952 0.1095546 0.0787566 0.0923724 0.0908074 0.0097864 0.0770532 0.0794794 0.0896673 0.1093341 0.0762141 0.0192630 0.0330745 0.0825708 0.0870291 0.0219931 0.0000000 0.0272239 0.1101619 0.0884359 0.0848111 0.1010033 0.1031513 0.0240979 0.0888418 0.0788205 0.0824217 0.0884395 0.0903574 0.0955523 0.0885701 0.0825949 0.1118253 0.0077290 0.1108150 
Dasyuridae_Planigale_tenuirostris            0.0767910 0.1076011 0.0752126 0.0876868 0.0859915 0.0270530 0.0746815 0.0779936 0.0837706 0.1059035 0.0770148 0.0263272 0.0226457 0.0802773 0.0858203 0.0273783 0.0272239 0.0000000 0.1042371 0.0820282 0.0807809 0.1009542 0.1035309 0.0295475 0.0836323 0.0813670 0.0785560 0.0825881 0.0875921 0.0933362 0.0859686 0.0813305 0.1032357 0.0268294 0.1065028 
Peramelidae_Echymipera_kalubu                0.0879954 0.1187121 0.0901140 0.0977660 0.0972522 0.1117382 0.0888513 0.0930716 0.0977844 0.0191886 0.0912899 0.1086905 0.1106056 0.0969134 0.0957736 0.1124651 0.1101619 0.1042371 0.0000000 0.0987815 0.0988341 0.1153056 0.1179462 0.1139378 0.0990886 0.0959642 0.0915409 0.0974562 0.0993426 0.1034893 0.0943848 0.0963958 0.0179211 0.1101920 0.0188979 
Macropodidae_Dorcopsulus_vanheurni           0.0540656 0.0977265 0.0609367 0.0216723 0.0216867 0.0885935 0.0542875 0.0572189 0.0200091 0.0959256 0.0558167 0.0874294 0.0896785 0.0617576 0.0630820 0.0928495 0.0884359 0.0820282 0.0987815 0.0000000 0.0620913 0.0996675 0.0992402 0.0941392 0.0335865 0.0768444 0.0594321 0.0079055 0.0640276 0.0702871 0.0630050 0.0619122 0.0999027 0.0873570 0.0958440 
Pseudochiridae_Pseudochirulus_forbesi        0.0493714 0.0970556 0.0553498 0.0621002 0.0613734 0.0867586 0.0513515 0.0539973 0.0603943 0.0969024 0.0527336 0.0826536 0.0874338 0.0573464 0.0532647 0.0891857 0.0848111 0.0807809 0.0988341 0.0620913 0.0000000 0.0918114 0.0933836 0.0920756 0.0596323 0.0775066 0.0247742 0.0615958 0.0214105 0.0518914 0.0513253 0.0565589 0.0998191 0.0837257 0.0973726 
Didelphidae_Didelphis_virginiana             0.0935488 0.1269878 0.0896712 0.0977054 0.0954224 0.1019175 0.0848152 0.0875707 0.0953441 0.1190758 0.0866765 0.0989599 0.1033493 0.0906667 0.0954898 0.1041659 0.1010033 0.1009542 0.1153056 0.0996675 0.0918114 0.0000000 0.0373990 0.1051212 0.1006315 0.0967163 0.0907404 0.0980983 0.1016628 0.1021487 0.0966552 0.0902964 0.1192355 0.1004084 0.1198607 
Marmosidae_Monodelphis_domestica             0.0917342 0.1205950 0.0920262 0.0975438 0.0934133 0.1039232 0.0878495 0.0898035 0.0940938 0.1172339 0.0895619 0.1025784 0.1071346 0.0940055 0.0954837 0.1090371 0.1031513 0.1035309 0.1179462 0.0992402 0.0933836 0.0373990 0.0000000 0.1093387 0.0958961 0.0965622 0.0918390 0.0994673 0.1002398 0.1055063 0.0948031 0.0939356 0.1168435 0.1045055 0.1176067 
Dasyuridae_Antechinus_stuartii               0.0870259 0.1168941 0.0857031 0.0976843 0.0960820 0.0226503 0.0850907 0.0875767 0.0937808 0.1113227 0.0830624 0.0127819 0.0338665 0.0905084 0.0959320 0.0137121 0.0240979 0.0295475 0.1139378 0.0941392 0.0920756 0.1051212 0.1093387 0.0000000 0.0941360 0.0831938 0.0893916 0.0955887 0.0968727 0.1037010 0.0975999 0.0913275 0.1159334 0.0200648 0.1147561 
Hypsiprymnodontidae_Hypsiprymnodon_moschatus 0.0517596 0.0938053 0.0605985 0.0368090 0.0358882 0.0891532 0.0554903 0.0565587 0.0363399 0.0946675 0.0550171 0.0854882 0.0872278 0.0593582 0.0615967 0.0911885 0.0888418 0.0836323 0.0990886 0.0335865 0.0596323 0.1006315 0.0958961 0.0941360 0.0000000 0.0807214 0.0564231 0.0334311 0.0645529 0.0689004 0.0632776 0.0600306 0.0965380 0.0893859 0.0945081 
Microbiotheriidae_Dromiciops_gliroides       0.0621046 0.0955824 0.0657267 0.0805746 0.0800200 0.0786199 0.0645483 0.0654075 0.0782718 0.0937592 0.0686383 0.0816281 0.0809851 0.0684280 0.0728497 0.0814995 0.0788205 0.0813670 0.0959642 0.0768444 0.0775066 0.0967163 0.0965622 0.0831938 0.0807214 0.0000000 0.0711534 0.0762853 0.0824949 0.0830264 0.0764676 0.0678419 0.0952240 0.0789828 0.0936289 
Pseudochiridae_Petauroides_volans            0.0479846 0.0950703 0.0545051 0.0587201 0.0582390 0.0850640 0.0504575 0.0507033 0.0577477 0.0919109 0.0492668 0.0820235 0.0851732 0.0552243 0.0524585 0.0872464 0.0824217 0.0785560 0.0915409 0.0594321 0.0247742 0.0907404 0.0918390 0.0893916 0.0564231 0.0711534 0.0000000 0.0593591 0.0292775 0.0510989 0.0489605 0.0549182 0.0930407 0.0825076 0.0932827 
Macropodidae_Wallabia_bicolor                0.0535271 0.0982944 0.0604334 0.0215398 0.0206250 0.0888145 0.0551655 0.0572705 0.0188872 0.0923288 0.0567507 0.0877116 0.0899508 0.0618256 0.0623630 0.0938624 0.0884395 0.0825881 0.0974562 0.0079055 0.0615958 0.0980983 0.0994673 0.0955887 0.0334311 0.0762853 0.0593591 0.0000000 0.0650467 0.0692968 0.0632617 0.0619741 0.0980588 0.0869756 0.0922942 
Pseudochiridae_Pseudocheirus_occidentalis    0.0526218 0.1013779 0.0586238 0.0638711 0.0640526 0.0913029 0.0557453 0.0585541 0.0632362 0.1001078 0.0560383 0.0898931 0.0926282 0.0614783 0.0584154 0.0949517 0.0903574 0.0875921 0.0993426 0.0640276 0.0214105 0.1016628 0.1002398 0.0968727 0.0645529 0.0824949 0.0292775 0.0650467 0.0000000 0.0614883 0.0558099 0.0601852 0.1008279 0.0901592 0.0999817 
Tarsipedidae_Tarsipes_rostratus              0.0592989 0.1065294 0.0696178 0.0703805 0.0698642 0.0985157 0.0638411 0.0647542 0.0695514 0.1018281 0.0627390 0.0932681 0.0992585 0.0683482 0.0650908 0.0998264 0.0955523 0.0933362 0.1034893 0.0702871 0.0518914 0.1021487 0.1055063 0.1037010 0.0689004 0.0830264 0.0510989 0.0692968 0.0614883 0.0000000 0.0614432 0.0674166 0.1059561 0.0957721 0.1036763 
Acrobatidae_Distoechurus_pennatus            0.0511768 0.0923616 0.0581186 0.0628273 0.0631120 0.0908595 0.0517187 0.0511368 0.0603583 0.0929357 0.0500920 0.0895289 0.0915037 0.0560207 0.0341883 0.0939828 0.0885701 0.0859686 0.0943848 0.0630050 0.0513253 0.0966552 0.0948031 0.0975999 0.0632776 0.0764676 0.0489605 0.0632617 0.0558099 0.0614432 0.0000000 0.0547244 0.0954139 0.0879244 0.0929372 
Phalangeridae_Phalanger_carmelitae           0.0483221 0.0938417 0.0547084 0.0647043 0.0627636 0.0855070 0.0194680 0.0105977 0.0625474 0.0931627 0.0095314 0.0832221 0.0857250 0.0035556 0.0582496 0.0863485 0.0825949 0.0813305 0.0963958 0.0619122 0.0565589 0.0902964 0.0939356 0.0913275 0.0600306 0.0678419 0.0549182 0.0619741 0.0601852 0.0674166 0.0547244 0.0000000 0.0963108 0.0821150 0.0936881 
Peramelidae_Peroryctes_raffrayana            0.0899968 0.1183792 0.0898728 0.0992206 0.0986759 0.1120879 0.0895557 0.0927200 0.0989659 0.0183313 0.0893477 0.1109956 0.1112006 0.0973776 0.0947343 0.1145899 0.1118253 0.1032357 0.0179211 0.0999027 0.0998191 0.1192355 0.1168435 0.1159334 0.0965380 0.0952240 0.0930407 0.0980588 0.1008279 0.1059561 0.0954139 0.0963108 0.0000000 0.1101742 0.0195915 
Dasyuridae_Dasyurus_geffroii                 0.0794159 0.1096097 0.0770401 0.0922141 0.0905840 0.0064916 0.0759815 0.0789320 0.0883806 0.1105339 0.0771290 0.0161515 0.0297819 0.0815142 0.0868964 0.0188349 0.0077290 0.0268294 0.1101920 0.0873570 0.0837257 0.1004084 0.1045055 0.0200648 0.0893859 0.0789828 0.0825076 0.0869756 0.0901592 0.0957721 0.0879244 0.0821150 0.1101742 0.0000000 0.1107573 
Peramelidae_Perameles_gunnii                 0.0866705 0.1167626 0.0860794 0.0962162 0.0947929 0.1117441 0.0857743 0.0900379 0.0951129 0.0004140 0.0880658 0.1116214 0.1125727 0.0939185 0.0934716 0.1133870 0.1108150 0.1065028 0.0188979 0.0958440 0.0973726 0.1198607 0.1176067 0.1147561 0.0945081 0.0936289 0.0932827 0.0922942 0.0999817 0.1036763 0.0929372 0.0936881 0.0195915 0.1107573 0.0000000 
