35
Burramyidae_Burramys_parvus                  0.0000000 0.1440648 0.1096299 0.1093537 0.1108859 0.1371028 0.1039997 0.1062999 0.1076688 0.1470343 0.1070424 0.1430610 0.1376963 0.1215346 0.1225341 0.1448883 0.1371399 0.1325844 0.1436268 0.1088386 0.1102182 0.1483699 0.1439090 0.1413619 0.1199193 0.1129524 0.1105841 0.1405345 0.1070963 0.1381347 0.1182055 0.1358459 0.1410933 0.1307739 0.1441335 
Notoryctidae_Notoryctes_typhlops             0.1440648 0.0000000 0.1223627 0.1151765 0.1256986 0.1065192 0.1070607 0.1180373 0.0915893 0.1202525 0.1059091 0.1077017 0.1089635 0.1312055 0.1316042 0.1112044 0.1056139 0.1072555 0.1224632 0.1104912 0.1195780 0.1286946 0.1147711 0.1061717 0.1230443 0.0836946 0.1127945 0.1256986 0.0997279 0.1287596 0.1012638 0.1491431 0.1183444 0.1030544 0.1185395 
Vombatidae_Lasiorhinus_latifrons             0.1096299 0.1223627 0.0000000 0.0950717 0.1046968 0.1128394 0.0823709 0.0838950 0.0875731 0.1120376 0.0915143 0.1147399 0.1098530 0.0961049 0.1077553 0.1163671 0.1095504 0.1040388 0.1131878 0.0881761 0.0916096 0.1211116 0.1122549 0.1106772 0.0958952 0.0902102 0.0842942 0.1180124 0.0850765 0.1109689 0.0923212 0.1098908 0.1104240 0.1087155 0.1120154 
Potoroidae_Bettongia_penicillata             0.1093537 0.1151765 0.0950717 0.0000000 0.0172572 0.1077278 0.0837602 0.0866100 0.0436367 0.1198017 0.0936600 0.1129741 0.1125672 0.1003912 0.0951702 0.1137701 0.1118838 0.1081065 0.1214284 0.0373003 0.0816526 0.1184422 0.1117804 0.1148515 0.0619126 0.0880502 0.0848873 0.0720757 0.0810887 0.1055630 0.0878552 0.1119376 0.1192365 0.1072347 0.1189192 
Potoroidae_Bettongia_lesueur                 0.1108859 0.1256986 0.1046968 0.0172572 0.0000000 0.1147318 0.0845487 0.0864250 0.0490279 0.1346776 0.0940321 0.1226642 0.1202554 0.1071462 0.1088840 0.1226642 0.1167623 0.1149904 0.1327382 0.0446619 0.0945666 0.1336558 0.1244199 0.1220420 0.0662815 0.0901642 0.0952181 0.0814098 0.0931271 0.1182183 0.0900289 0.1210174 0.1311373 0.1142022 0.1335229 
Dasyuridae_Dasyurus_maculatus                0.1371028 0.1065192 0.1128394 0.1077278 0.1147318 0.0000000 0.1022830 0.1090128 0.0892130 0.1089257 0.1004048 0.0212391 0.0317608 0.1159321 0.1237261 0.0212391 0.0109472 0.0280364 0.1093037 0.0955157 0.1061669 0.1136784 0.1064883 0.0231894 0.1167976 0.0875989 0.0982991 0.1323076 0.0888536 0.1177822 0.0960326 0.1322405 0.1087425 0.0092755 0.1065604 
Phalangeridae_Trichosurus_vulpecula          0.1039997 0.1070607 0.0823709 0.0837602 0.0845487 0.1022830 0.0000000 0.0354778 0.0766308 0.1108234 0.0584432 0.1032832 0.1049868 0.0553638 0.0917786 0.1048156 0.1014435 0.0941398 0.1086145 0.0823108 0.0875501 0.1167298 0.1081997 0.1018064 0.0920897 0.0765460 0.0795088 0.1101102 0.0761967 0.1027574 0.0821033 0.0581676 0.1061114 0.0976403 0.1100831 
Phalangeridae_Spilocuscus_maculatus          0.1062999 0.1180373 0.0838950 0.0866100 0.0864250 0.1090128 0.0354778 0.0000000 0.0823246 0.1151923 0.0419294 0.1101579 0.1109842 0.0428851 0.0948436 0.1117311 0.1074714 0.1048390 0.1144576 0.0799483 0.0875938 0.1162189 0.1092192 0.1094040 0.0911651 0.0841429 0.0766246 0.1106205 0.0805483 0.1093146 0.0893243 0.0387128 0.1143288 0.1042508 0.1143827 
Potoroidae_Aepyprymnus_rufescens             0.1076688 0.0915893 0.0875731 0.0436367 0.0490279 0.0892130 0.0766308 0.0823246 0.0000000 0.1081029 0.0705671 0.0909798 0.0899349 0.0927914 0.0975929 0.0902413 0.0908627 0.0808849 0.1043718 0.0429653 0.0817620 0.0996366 0.0891057 0.0888386 0.0688986 0.0734713 0.0798884 0.0806094 0.0645392 0.0854136 0.0662582 0.1078024 0.1050516 0.0886970 0.1058132 
Peramelidae_Perameles_nasuta                 0.1470343 0.1202525 0.1120376 0.1198017 0.1346776 0.1089257 0.1108234 0.1151923 0.1081029 0.0000000 0.1033984 0.1123164 0.1131553 0.1265237 0.1302969 0.1123164 0.1101914 0.1119978 0.0162401 0.1114319 0.1160244 0.1192926 0.1132085 0.1149372 0.1305729 0.0951288 0.1135900 0.1484691 0.0935421 0.1283100 0.1088272 0.1399542 0.0146629 0.1094531 0.0000010 
Phalangeridae_Strigocuscus_pelengensis       0.1070424 0.1059091 0.0915143 0.0936600 0.0940321 0.1004048 0.0584432 0.0419294 0.0705671 0.1033984 0.0000000 0.0988480 0.1038870 0.0665849 0.0957864 0.1003679 0.0963702 0.0893798 0.1030039 0.0826368 0.0912066 0.1109174 0.0994352 0.0952619 0.1002708 0.0752763 0.0801255 0.1088535 0.0672337 0.0968413 0.0753485 0.0547286 0.1053538 0.0957515 0.1028660 
Dasyuridae_Phascogale_tapoatafa              0.1430610 0.1077017 0.1147399 0.1129741 0.1226642 0.0212391 0.1032832 0.1101579 0.0909798 0.1123164 0.0988480 0.0000000 0.0317829 0.1195023 0.1253122 0.0054199 0.0200203 0.0280469 0.1134428 0.1029639 0.1082858 0.1138542 0.1052250 0.0116077 0.1197665 0.0944381 0.1023631 0.1320935 0.0889722 0.1155166 0.0939041 0.1362160 0.1114973 0.0217529 0.1099567 
Dasyuridae_Sminthopsis_macroura              0.1376963 0.1089635 0.1098530 0.1125672 0.1202554 0.0317608 0.1049868 0.1109842 0.0899349 0.1131553 0.1038870 0.0317829 0.0000000 0.1220686 0.1280758 0.0335909 0.0311810 0.0266173 0.1126743 0.1011511 0.1042045 0.1218484 0.1061119 0.0339247 0.1170017 0.0947097 0.0964096 0.1350564 0.0892544 0.1185661 0.1010241 0.1380269 0.1089207 0.0317663 0.1115072 
Phalangeridae_Phalanger_orientalis           0.1215346 0.1312055 0.0961049 0.1003912 0.1071462 0.1159321 0.0553638 0.0428851 0.0927914 0.1265237 0.0665849 0.1195023 0.1220686 0.0000000 0.1107650 0.1211533 0.1126116 0.1174547 0.1246940 0.0928326 0.0994360 0.1304352 0.1237751 0.1214213 0.1061799 0.0973299 0.0889690 0.1228745 0.0911741 0.1182959 0.1028700 0.0157815 0.1246981 0.1125712 0.1255262 
Acrobatidae_Acrobates_pygmaeus               0.1225341 0.1316042 0.1077553 0.0951702 0.1088840 0.1237261 0.0917786 0.0948436 0.0975929 0.1302969 0.0957864 0.1253122 0.1280758 0.1107650 0.0000000 0.1254575 0.1249511 0.1145569 0.1333141 0.0948604 0.0935308 0.1332759 0.1247682 0.1220859 0.1072571 0.0931448 0.1011741 0.1143627 0.0926700 0.1250317 0.0774827 0.1254605 0.1307741 0.1216440 0.1294863 
Dasyuridae_Phascogale_calura                 0.1448883 0.1112044 0.1163671 0.1137701 0.1226642 0.0212391 0.1048156 0.1117311 0.0902413 0.1123164 0.1003679 0.0054199 0.0335909 0.1211533 0.1254575 0.0000000 0.0211758 0.0280469 0.1134428 0.1021927 0.1082858 0.1122536 0.1021302 0.0121728 0.1222225 0.0929314 0.1023631 0.1362851 0.0889722 0.1179706 0.0969232 0.1380305 0.1114973 0.0229154 0.1099567 
Dasyuridae_Sarcophilus_harrisii              0.1371399 0.1056139 0.1095504 0.1118838 0.1167623 0.0109472 0.1014435 0.1074714 0.0908627 0.1101914 0.0963702 0.0200203 0.0311810 0.1126116 0.1249511 0.0211758 0.0000000 0.0260597 0.1105496 0.0988189 0.1063311 0.1110963 0.1025784 0.0219463 0.1169441 0.0858757 0.0974603 0.1308211 0.0879585 0.1180199 0.0958695 0.1285927 0.1101737 0.0081621 0.1078831 
Dasyuridae_Planigale_tenuirostris            0.1325844 0.1072555 0.1040388 0.1081065 0.1149904 0.0280364 0.0941398 0.1048390 0.0808849 0.1119978 0.0893798 0.0280469 0.0266173 0.1174547 0.1145569 0.0280469 0.0260597 0.0000000 0.1086029 0.1008138 0.0993665 0.1133073 0.1003967 0.0267512 0.1176715 0.0845068 0.0928711 0.1290398 0.0800383 0.1106622 0.0864680 0.1306380 0.1095921 0.0298954 0.1107953 
Peramelidae_Echymipera_kalubu                0.1436268 0.1224632 0.1131878 0.1214284 0.1327382 0.1093037 0.1086145 0.1144576 0.1043718 0.0162401 0.1030039 0.1134428 0.1126743 0.1246940 0.1333141 0.1134428 0.1105496 0.1086029 0.0000000 0.1131664 0.1159190 0.1171595 0.1130631 0.1144179 0.1313360 0.0963178 0.1099838 0.1479589 0.0940989 0.1295687 0.1097996 0.1394822 0.0123134 0.1098227 0.0160520 
Macropodidae_Dorcopsulus_vanheurni           0.1088386 0.1104912 0.0881761 0.0373003 0.0446619 0.0955157 0.0823108 0.0799483 0.0429653 0.1114319 0.0826368 0.1029639 0.1011511 0.0928326 0.0948604 0.1021927 0.0988189 0.1008138 0.1131664 0.0000000 0.0807092 0.1148736 0.1037632 0.1039290 0.0545580 0.0821003 0.0805541 0.0586112 0.0723298 0.0992833 0.0827722 0.1055082 0.1123713 0.0965105 0.1106740 
Pseudochiridae_Pseudochirulus_forbesi        0.1102182 0.1195780 0.0916096 0.0816526 0.0945666 0.1061669 0.0875501 0.0875938 0.0817620 0.1160244 0.0912066 0.1082858 0.1042045 0.0994360 0.0935308 0.1082858 0.1063311 0.0993665 0.1159190 0.0807092 0.0000000 0.1210299 0.1101807 0.1088227 0.0889938 0.0836818 0.0390472 0.1161120 0.0418591 0.0934432 0.0884292 0.1130823 0.1173073 0.1044953 0.1156635 
Didelphidae_Didelphis_virginiana             0.1483699 0.1286946 0.1211116 0.1184422 0.1336558 0.1136784 0.1167298 0.1162189 0.0996366 0.1192926 0.1109174 0.1138542 0.1218484 0.1304352 0.1332759 0.1122536 0.1110963 0.1133073 0.1171595 0.1148736 0.1210299 0.0000000 0.0438508 0.1187812 0.1325300 0.0964766 0.1106504 0.1502609 0.1049501 0.1233008 0.1135615 0.1474337 0.1152066 0.1094318 0.1175861 
Marmosidae_Monodelphis_domestica             0.1439090 0.1147711 0.1122549 0.1117804 0.1244199 0.1064883 0.1081997 0.1092192 0.0891057 0.1132085 0.0994352 0.1052250 0.1061119 0.1237751 0.1247682 0.1021302 0.1025784 0.1003967 0.1130631 0.1037632 0.1101807 0.0438508 0.0000000 0.1061171 0.1277023 0.0937332 0.1020281 0.1378703 0.0925978 0.1198466 0.1027207 0.1400730 0.1134517 0.1025012 0.1108185 
Dasyuridae_Antechinus_stuartii               0.1413619 0.1061717 0.1106772 0.1148515 0.1220420 0.0231894 0.1018064 0.1094040 0.0888386 0.1149372 0.0952619 0.0116077 0.0339247 0.1214213 0.1220859 0.0121728 0.0219463 0.0267512 0.1144179 0.1039290 0.1088227 0.1187812 0.1061171 0.0000000 0.1200966 0.0942663 0.1017663 0.1349256 0.0882255 0.1164148 0.0947018 0.1374565 0.1135833 0.0225517 0.1124515 
Hypsiprymnodontidae_Hypsiprymnodon_moschatus 0.1199193 0.1230443 0.0958952 0.0619126 0.0662815 0.1167976 0.0920897 0.0911651 0.0688986 0.1305729 0.1002708 0.1197665 0.1170017 0.1061799 0.1072571 0.1222225 0.1169441 0.1176715 0.1313360 0.0545580 0.0889938 0.1325300 0.1277023 0.1200966 0.0000000 0.0940409 0.0953134 0.0803548 0.0867135 0.1146016 0.0976128 0.1200075 0.1266025 0.1144949 0.1296479 
Microbiotheriidae_Dromiciops_gliroides       0.1129524 0.0836946 0.0902102 0.0880502 0.0901642 0.0875989 0.0765460 0.0841429 0.0734713 0.0951288 0.0752763 0.0944381 0.0947097 0.0973299 0.0931448 0.0929314 0.0858757 0.0845068 0.0963178 0.0821003 0.0836818 0.0964766 0.0937332 0.0942663 0.0940409 0.0000000 0.0850317 0.1156508 0.0704531 0.1006017 0.0744155 0.1057348 0.0962773 0.0859148 0.0943818 
Pseudochiridae_Petauroides_volans            0.1105841 0.1127945 0.0842942 0.0848873 0.0952181 0.0982991 0.0795088 0.0766246 0.0798884 0.1135900 0.0801255 0.1023631 0.0964096 0.0889690 0.1011741 0.1023631 0.0974603 0.0928711 0.1099838 0.0805541 0.0390472 0.1106504 0.1020281 0.1017663 0.0953134 0.0850317 0.0000000 0.1118193 0.0496914 0.0901696 0.0896997 0.0999986 0.1121865 0.0944058 0.1124391 
Macropodidae_Wallabia_bicolor                0.1405345 0.1256986 0.1180124 0.0720757 0.0814098 0.1323076 0.1101102 0.1106205 0.0806094 0.1484691 0.1088535 0.1320935 0.1350564 0.1228745 0.1143627 0.1362851 0.1308211 0.1290398 0.1479589 0.0586112 0.1161120 0.1502609 0.1378703 0.1349256 0.0803548 0.1156508 0.1118193 0.0000000 0.1072422 0.1273992 0.1122239 0.1387560 0.1478048 0.1274866 0.1473725 
Pseudochiridae_Pseudocheirus_occidentalis    0.1070963 0.0997279 0.0850765 0.0810887 0.0931271 0.0888536 0.0761967 0.0805483 0.0645392 0.0935421 0.0672337 0.0889722 0.0892544 0.0911741 0.0926700 0.0889722 0.0879585 0.0800383 0.0940989 0.0723298 0.0418591 0.1049501 0.0925978 0.0882255 0.0867135 0.0704531 0.0496914 0.1072422 0.0000000 0.0702034 0.0647404 0.1019094 0.0946462 0.0865180 0.0931995 
Tarsipedidae_Tarsipes_rostratus              0.1381347 0.1287596 0.1109689 0.1055630 0.1182183 0.1177822 0.1027574 0.1093146 0.0854136 0.1283100 0.0968413 0.1155166 0.1185661 0.1182959 0.1250317 0.1179706 0.1180199 0.1106622 0.1295687 0.0992833 0.0934432 0.1233008 0.1198466 0.1164148 0.1146016 0.1006017 0.0901696 0.1273992 0.0702034 0.0000000 0.0947906 0.1372830 0.1289235 0.1156492 0.1272151 
Acrobatidae_Distoechurus_pennatus            0.1182055 0.1012638 0.0923212 0.0878552 0.0900289 0.0960326 0.0821033 0.0893243 0.0662582 0.1088272 0.0753485 0.0939041 0.1010241 0.1028700 0.0774827 0.0969232 0.0958695 0.0864680 0.1097996 0.0827722 0.0884292 0.1135615 0.1027207 0.0947018 0.0976128 0.0744155 0.0896997 0.1122239 0.0647404 0.0947906 0.0000000 0.1150653 0.1114520 0.0929144 0.1065247 
Phalangeridae_Phalanger_carmelitae           0.1358459 0.1491431 0.1098908 0.1119376 0.1210174 0.1322405 0.0581676 0.0387128 0.1078024 0.1399542 0.0547286 0.1362160 0.1380269 0.0157815 0.1254605 0.1380305 0.1285927 0.1306380 0.1394822 0.1055082 0.1130823 0.1474337 0.1400730 0.1374565 0.1200075 0.1057348 0.0999986 0.1387560 0.1019094 0.1372830 0.1150653 0.0000000 0.1379635 0.1294314 0.1404910 
Peramelidae_Peroryctes_raffrayana            0.1410933 0.1183444 0.1104240 0.1192365 0.1311373 0.1087425 0.1061114 0.1143288 0.1050516 0.0146629 0.1053538 0.1114973 0.1089207 0.1246981 0.1307741 0.1114973 0.1101737 0.1095921 0.0123134 0.1123713 0.1173073 0.1152066 0.1134517 0.1135833 0.1266025 0.0962773 0.1121865 0.1478048 0.0946462 0.1289235 0.1114520 0.1379635 0.0000000 0.1092724 0.0146441 
Dasyuridae_Dasyurus_geffroii                 0.1307739 0.1030544 0.1087155 0.1072347 0.1142022 0.0092755 0.0976403 0.1042508 0.0886970 0.1094531 0.0957515 0.0217529 0.0317663 0.1125712 0.1216440 0.0229154 0.0081621 0.0298954 0.1098227 0.0965105 0.1044953 0.1094318 0.1025012 0.0225517 0.1144949 0.0859148 0.0944058 0.1274866 0.0865180 0.1156492 0.0929144 0.1294314 0.1092724 0.0000000 0.1070811 
Peramelidae_Perameles_gunnii                 0.1441335 0.1185395 0.1120154 0.1189192 0.1335229 0.1065604 0.1100831 0.1143827 0.1058132 0.0000010 0.1028660 0.1099567 0.1115072 0.1255262 0.1294863 0.1099567 0.1078831 0.1107953 0.0160520 0.1106740 0.1156635 0.1175861 0.1108185 0.1124515 0.1296479 0.0943818 0.1124391 0.1473725 0.0931995 0.1272151 0.1065247 0.1404910 0.0146441 0.1070811 0.0000000 
