35
Burramyidae_Burramys_parvus                  0.0000000 0.0308687 0.0340261 0.0373689 0.0435318 0.0398485 0.0227007 0.0431795 0.0520328 0.0397976 0.0428216 0.0520556 0.0334593 0.0344399 0.0414413 0.0441107 0.0442625 0.0577397 0.0352926 0.0383681 0.0273753 0.0386303 0.0403417 0.0431493 0.0456322 0.0352518 0.0381177 0.0427512 0.0427972 0.0437790 0.0423807 0.0571732 0.0430183 0.0545503 0.1043408 
Vombatidae_Lasiorhinus_latifrons             0.0308687 0.0000000 0.0219516 0.0252875 0.0256720 0.0334767 0.0148862 0.0398084 0.0403874 0.0348453 0.0211166 0.0378606 0.0225233 0.0280267 0.0198628 0.0272017 0.0322728 0.0448586 0.0241544 0.0284885 0.0138485 0.0242991 0.0180958 0.0360437 0.0210158 0.0232758 0.0316064 0.0396567 0.0358519 0.0357273 0.0348316 0.0450707 0.0248583 0.0421023 0.0773221 
Potoroidae_Bettongia_penicillata             0.0340261 0.0219516 0.0000000 0.0000558 0.0369707 0.0358483 0.0156062 0.0003501 0.0496426 0.0327695 0.0368106 0.0413025 0.0247213 0.0263659 0.0359623 0.0394312 0.0380046 0.0536233 0.0004666 0.0274041 0.0175735 0.0323389 0.0347323 0.0117784 0.0375245 0.0279037 0.0044720 0.0384654 0.0381409 0.0314529 0.0341717 0.0506958 0.0377331 0.0509953 0.1040556 
Potoroidae_Bettongia_lesueur                 0.0373689 0.0252875 0.0000558 0.0000000 0.0387536 0.0370335 0.0168553 0.0004398 0.0526175 0.0342045 0.0373369 0.0416971 0.0268068 0.0290909 0.0365147 0.0404955 0.0401038 0.0558736 0.0038629 0.0307456 0.0255652 0.0365302 0.0359577 0.0132772 0.0407005 0.0295881 0.0051089 0.0410186 0.0404721 0.0329023 0.0354672 0.0536504 0.0388544 0.0538189 0.1041236 
Dasyuridae_Dasyurus_maculatus                0.0435318 0.0256720 0.0369707 0.0387536 0.0000000 0.0452697 0.0331676 0.0505934 0.0464662 0.0421129 0.0002398 0.0038524 0.0351755 0.0392289 0.0002399 0.0001223 0.0003601 0.0482734 0.0400427 0.0408014 0.0251295 0.0310747 0.0001512 0.0483543 0.0307326 0.0367319 0.0416873 0.0478490 0.0466794 0.0434605 0.0434773 0.0456348 0.0000733 0.0472890 0.0830460 
Phalangeridae_Trichosurus_vulpecula          0.0398485 0.0334767 0.0358483 0.0370335 0.0452697 0.0000000 0.0079015 0.0459050 0.0556621 0.0053350 0.0435308 0.0531060 0.0061791 0.0361739 0.0438697 0.0452213 0.0458979 0.0598828 0.0370632 0.0390434 0.0268942 0.0423896 0.0416413 0.0464547 0.0419064 0.0388357 0.0392408 0.0391806 0.0482746 0.0380779 0.0055099 0.0577620 0.0448038 0.0594541 0.1165284 
Phalangeridae_Spilocuscus_maculatus          0.0227007 0.0148862 0.0156062 0.0168553 0.0331676 0.0079015 0.0000000 0.0329388 0.0442406 0.0074219 0.0297278 0.0423792 0.0004656 0.0148039 0.0295813 0.0328460 0.0377812 0.0483861 0.0195958 0.0273007 0.0142847 0.0288816 0.0251436 0.0307169 0.0260129 0.0206110 0.0206510 0.0356095 0.0322461 0.0255140 0.0068911 0.0450087 0.0309634 0.0450992 0.0939867 
Potoroidae_Aepyprymnus_rufescens             0.0431795 0.0398084 0.0003501 0.0004398 0.0505934 0.0459050 0.0329388 0.0000000 0.0617784 0.0437419 0.0489660 0.0527774 0.0390796 0.0419773 0.0470905 0.0517575 0.0456571 0.0662710 0.0070811 0.0453942 0.0360400 0.0464878 0.0472093 0.0143388 0.0491371 0.0433303 0.0004832 0.0535763 0.0477887 0.0472089 0.0445033 0.0638759 0.0501651 0.0632954 0.1176917 
Peramelidae_Perameles_nasuta                 0.0520328 0.0403874 0.0496426 0.0526175 0.0464662 0.0556621 0.0442406 0.0617784 0.0000000 0.0543739 0.0466785 0.0557782 0.0520015 0.0484536 0.0467896 0.0462822 0.0533347 0.0001396 0.0548274 0.0484369 0.0364584 0.0481702 0.0446334 0.0633148 0.0503691 0.0487539 0.0584596 0.0536629 0.0521943 0.0515659 0.0582481 0.0001292 0.0454303 0.0000010 0.1011690 
Phalangeridae_Strigocuscus_pelengensis       0.0397976 0.0348453 0.0327695 0.0342045 0.0421129 0.0053350 0.0074219 0.0437419 0.0543739 0.0000000 0.0373992 0.0498745 0.0004260 0.0330726 0.0392023 0.0384840 0.0431832 0.0611411 0.0349060 0.0364379 0.0183175 0.0399782 0.0366988 0.0440027 0.0394851 0.0346584 0.0366490 0.0371143 0.0447551 0.0372643 0.0002360 0.0552960 0.0403210 0.0585383 0.1163288 
Dasyuridae_Phascogale_tapoatafa              0.0428216 0.0211166 0.0368106 0.0373369 0.0002398 0.0435308 0.0297278 0.0489660 0.0466785 0.0373992 0.0000000 0.0034336 0.0335159 0.0358786 0.0000311 0.0002462 0.0003005 0.0505160 0.0386760 0.0389006 0.0205571 0.0291918 0.0001016 0.0465042 0.0305225 0.0345776 0.0403673 0.0468054 0.0406665 0.0389961 0.0415797 0.0482150 0.0002039 0.0484149 0.0884051 
Dasyuridae_Sminthopsis_macroura              0.0520556 0.0378606 0.0413025 0.0416971 0.0038524 0.0531060 0.0423792 0.0527774 0.0557782 0.0498745 0.0034336 0.0000000 0.0440278 0.0433343 0.0034612 0.0004818 0.0004556 0.0584545 0.0453178 0.0494490 0.0344137 0.0365649 0.0004113 0.0541071 0.0401724 0.0447921 0.0464058 0.0508230 0.0522917 0.0497750 0.0503120 0.0562961 0.0004426 0.0575472 0.0984786 
Phalangeridae_Phalanger_orientalis           0.0334593 0.0225233 0.0247213 0.0268068 0.0351755 0.0061791 0.0004656 0.0390796 0.0520015 0.0004260 0.0335159 0.0440278 0.0000000 0.0264603 0.0332912 0.0349664 0.0402302 0.0569494 0.0285453 0.0311946 0.0126281 0.0326762 0.0295394 0.0352659 0.0314967 0.0298930 0.0296918 0.0419923 0.0383503 0.0352736 0.0002663 0.0541352 0.0331291 0.0532982 0.1035252 
Acrobatidae_Acrobates_pygmaeus               0.0344399 0.0280267 0.0263659 0.0290909 0.0392289 0.0361739 0.0148039 0.0419773 0.0484536 0.0330726 0.0358786 0.0433343 0.0264603 0.0000000 0.0364004 0.0391038 0.0399335 0.0546696 0.0322113 0.0252259 0.0350860 0.0369592 0.0337536 0.0396763 0.0412198 0.0196473 0.0340869 0.0306119 0.0320249 0.0121006 0.0373604 0.0539589 0.0374117 0.0515648 0.0960438 
Dasyuridae_Phascogale_calura                 0.0414413 0.0198628 0.0359623 0.0365147 0.0002399 0.0438697 0.0295813 0.0470905 0.0467896 0.0392023 0.0000311 0.0034612 0.0332912 0.0364004 0.0000000 0.0002462 0.0003005 0.0497666 0.0372063 0.0393429 0.0203297 0.0298665 0.0001017 0.0457749 0.0311385 0.0343994 0.0395819 0.0482833 0.0411695 0.0401717 0.0420023 0.0483278 0.0002039 0.0476917 0.0858545 
Dasyuridae_Sarcophilus_harrisii              0.0441107 0.0272017 0.0394312 0.0404955 0.0001223 0.0452213 0.0328460 0.0517575 0.0462822 0.0384840 0.0002462 0.0004818 0.0349664 0.0391038 0.0002462 0.0000000 0.0003234 0.0509303 0.0417708 0.0400557 0.0232032 0.0272508 0.0001548 0.0485733 0.0274502 0.0358531 0.0421893 0.0472817 0.0466054 0.0445516 0.0427896 0.0472149 0.0000934 0.0489935 0.0838017 
Dasyuridae_Planigale_tenuirostris            0.0442625 0.0322728 0.0380046 0.0401038 0.0003601 0.0458979 0.0377812 0.0456571 0.0533347 0.0431832 0.0003005 0.0004556 0.0402302 0.0399335 0.0003005 0.0003234 0.0000000 0.0573508 0.0369290 0.0457907 0.0219625 0.0349599 0.0002844 0.0490184 0.0364825 0.0425116 0.0431949 0.0529241 0.0518448 0.0440670 0.0464965 0.0570393 0.0003195 0.0535133 0.0996019 
Peramelidae_Echymipera_kalubu                0.0577397 0.0448586 0.0536233 0.0558736 0.0482734 0.0598828 0.0483861 0.0662710 0.0001396 0.0611411 0.0505160 0.0584545 0.0569494 0.0546696 0.0497666 0.0509303 0.0573508 0.0000000 0.0569119 0.0518362 0.0439257 0.0532166 0.0476634 0.0641344 0.0522668 0.0532978 0.0598863 0.0589382 0.0587950 0.0612270 0.0640544 0.0001400 0.0483556 0.0001504 0.1002379 
Macropodidae_Dorcopsulus_vanheurni           0.0352926 0.0241544 0.0004666 0.0038629 0.0400427 0.0370632 0.0195958 0.0070811 0.0548274 0.0349060 0.0386760 0.0453178 0.0285453 0.0322113 0.0372063 0.0417708 0.0369290 0.0569119 0.0000000 0.0380453 0.0164778 0.0343741 0.0366782 0.0143971 0.0386480 0.0312197 0.0004670 0.0451672 0.0423882 0.0343359 0.0381598 0.0569815 0.0401447 0.0565334 0.0936652 
Pseudochiridae_Pseudochirulus_forbesi        0.0383681 0.0284885 0.0274041 0.0307456 0.0408014 0.0390434 0.0273007 0.0453942 0.0484369 0.0364379 0.0389006 0.0494490 0.0311946 0.0252259 0.0393429 0.0400557 0.0457907 0.0518362 0.0380453 0.0000000 0.0326136 0.0367854 0.0368728 0.0435895 0.0423205 0.0068291 0.0382722 0.0003758 0.0274659 0.0342933 0.0402912 0.0510470 0.0396816 0.0491925 0.1137314 
Didelphidae_Didelphis_virginiana             0.0273753 0.0138485 0.0175735 0.0255652 0.0251295 0.0268942 0.0142847 0.0360400 0.0364584 0.0183175 0.0205571 0.0344137 0.0126281 0.0350860 0.0203297 0.0232032 0.0219625 0.0439257 0.0164778 0.0326136 0.0000000 0.0002804 0.0191684 0.0327703 0.0224865 0.0277596 0.0206722 0.0385374 0.0375596 0.0424859 0.0231476 0.0433580 0.0200917 0.0400763 0.0743325 
Marmosidae_Monodelphis_domestica             0.0386303 0.0242991 0.0323389 0.0365302 0.0310747 0.0423896 0.0288816 0.0464878 0.0481702 0.0399782 0.0291918 0.0365649 0.0326762 0.0369592 0.0298665 0.0272508 0.0349599 0.0532166 0.0343741 0.0367854 0.0002804 0.0000000 0.0245219 0.0459171 0.0294230 0.0313578 0.0346828 0.0445090 0.0430833 0.0440628 0.0389827 0.0508072 0.0303800 0.0489550 0.0856631 
Dasyuridae_Antechinus_stuartii               0.0403417 0.0180958 0.0347323 0.0359577 0.0001512 0.0416413 0.0251436 0.0472093 0.0446334 0.0366988 0.0001016 0.0004113 0.0295394 0.0337536 0.0001017 0.0001548 0.0002844 0.0476634 0.0366782 0.0368728 0.0191684 0.0245219 0.0000000 0.0447436 0.0264248 0.0314678 0.0389266 0.0451631 0.0412164 0.0390976 0.0390191 0.0460625 0.0001209 0.0461241 0.0787544 
Hypsiprymnodontidae_Hypsiprymnodon_moschatus 0.0431493 0.0360437 0.0117784 0.0132772 0.0483543 0.0464547 0.0307169 0.0143388 0.0633148 0.0440027 0.0465042 0.0541071 0.0352659 0.0396763 0.0457749 0.0485733 0.0490184 0.0641344 0.0143971 0.0435895 0.0327703 0.0459171 0.0447436 0.0000000 0.0509947 0.0444427 0.0098246 0.0559947 0.0483883 0.0428541 0.0451982 0.0644676 0.0478959 0.0643713 0.1189984 
Microbiotheriidae_Dromiciops_gliroides       0.0456322 0.0210158 0.0375245 0.0407005 0.0307326 0.0419064 0.0260129 0.0491371 0.0503691 0.0394851 0.0305225 0.0401724 0.0314967 0.0412198 0.0311385 0.0274502 0.0364825 0.0522668 0.0386480 0.0423205 0.0224865 0.0294230 0.0264248 0.0509947 0.0000000 0.0396029 0.0445690 0.0531222 0.0511972 0.0508033 0.0418762 0.0513174 0.0299266 0.0512695 0.0949887 
Pseudochiridae_Petauroides_volans            0.0352518 0.0232758 0.0279037 0.0295881 0.0367319 0.0388357 0.0206110 0.0433303 0.0487539 0.0346584 0.0345776 0.0447921 0.0298930 0.0196473 0.0343994 0.0358531 0.0425116 0.0532978 0.0312197 0.0068291 0.0277596 0.0313578 0.0314678 0.0444427 0.0396029 0.0000000 0.0343421 0.0093685 0.0227224 0.0283036 0.0392501 0.0513476 0.0354966 0.0496029 0.1044447 
Macropodidae_Wallabia_bicolor                0.0381177 0.0316064 0.0044720 0.0051089 0.0416873 0.0392408 0.0206510 0.0004832 0.0584596 0.0366490 0.0403673 0.0464058 0.0296918 0.0340869 0.0395819 0.0421893 0.0431949 0.0598863 0.0004670 0.0382722 0.0206722 0.0346828 0.0389266 0.0098246 0.0445690 0.0343421 0.0000000 0.0477261 0.0453471 0.0382723 0.0379541 0.0600082 0.0411540 0.0594807 0.1087118 
Pseudochiridae_Pseudocheirus_occidentalis    0.0427512 0.0396567 0.0384654 0.0410186 0.0478490 0.0391806 0.0356095 0.0535763 0.0536629 0.0371143 0.0468054 0.0508230 0.0419923 0.0306119 0.0482833 0.0472817 0.0529241 0.0589382 0.0451672 0.0003758 0.0385374 0.0445090 0.0451631 0.0559947 0.0531222 0.0093685 0.0477261 0.0000000 0.0263999 0.0203047 0.0402497 0.0592295 0.0460705 0.0550288 0.1505049 
Tarsipedidae_Tarsipes_rostratus              0.0427972 0.0358519 0.0381409 0.0404721 0.0466794 0.0482746 0.0322461 0.0477887 0.0521943 0.0447551 0.0406665 0.0522917 0.0383503 0.0320249 0.0411695 0.0466054 0.0518448 0.0587950 0.0423882 0.0274659 0.0375596 0.0430833 0.0412164 0.0483883 0.0511972 0.0227224 0.0453471 0.0263999 0.0000000 0.0389853 0.0450417 0.0535607 0.0444480 0.0547396 0.1136588 
Acrobatidae_Distoechurus_pennatus            0.0437790 0.0357273 0.0314529 0.0329023 0.0434605 0.0380779 0.0255140 0.0472089 0.0515659 0.0372643 0.0389961 0.0497750 0.0352736 0.0121006 0.0401717 0.0445516 0.0440670 0.0612270 0.0343359 0.0342933 0.0424859 0.0440628 0.0390976 0.0428541 0.0508033 0.0283036 0.0382723 0.0203047 0.0389853 0.0000000 0.0362901 0.0554833 0.0423874 0.0575669 0.1118258 
Phalangeridae_Phalanger_carmelitae           0.0423807 0.0348316 0.0341717 0.0354672 0.0434773 0.0055099 0.0068911 0.0445033 0.0582481 0.0002360 0.0415797 0.0503120 0.0002663 0.0373604 0.0420023 0.0427896 0.0464965 0.0640544 0.0381598 0.0402912 0.0231476 0.0389827 0.0390191 0.0451982 0.0418762 0.0392501 0.0379541 0.0402497 0.0450417 0.0362901 0.0000000 0.0597745 0.0418030 0.0615323 0.1112210 
Peramelidae_Peroryctes_raffrayana            0.0571732 0.0450707 0.0506958 0.0536504 0.0456348 0.0577620 0.0450087 0.0638759 0.0001292 0.0552960 0.0482150 0.0562961 0.0541352 0.0539589 0.0483278 0.0472149 0.0570393 0.0001400 0.0569815 0.0510470 0.0433580 0.0508072 0.0460625 0.0644676 0.0513174 0.0513476 0.0600082 0.0592295 0.0535607 0.0554833 0.0597745 0.0000000 0.0456965 0.0001398 0.1058180 
Dasyuridae_Dasyurus_geffroii                 0.0430183 0.0248583 0.0377331 0.0388544 0.0000733 0.0448038 0.0309634 0.0501651 0.0454303 0.0403210 0.0002039 0.0004426 0.0331291 0.0374117 0.0002039 0.0000934 0.0003195 0.0483556 0.0401447 0.0396816 0.0200917 0.0303800 0.0001209 0.0478959 0.0299266 0.0354966 0.0411540 0.0460705 0.0444480 0.0423874 0.0418030 0.0456965 0.0000000 0.0462949 0.0831747 
Peramelidae_Perameles_gunnii                 0.0545503 0.0421023 0.0509953 0.0538189 0.0472890 0.0594541 0.0450992 0.0632954 0.0000010 0.0585383 0.0484149 0.0575472 0.0532982 0.0515648 0.0476917 0.0489935 0.0535133 0.0001504 0.0565334 0.0491925 0.0400763 0.0489550 0.0461241 0.0643713 0.0512695 0.0496029 0.0594807 0.0550288 0.0547396 0.0575669 0.0615323 0.0001398 0.0462949 0.0000000 0.1017032 
Notoryctidae_Notoryctes_typhlops             0.1043408 0.0773221 0.1040556 0.1041236 0.0830460 0.1165284 0.0939867 0.1176917 0.1011690 0.1163288 0.0884051 0.0984786 0.1035252 0.0960438 0.0858545 0.0838017 0.0996019 0.1002379 0.0936652 0.1137314 0.0743325 0.0856631 0.0787544 0.1189984 0.0949887 0.1044447 0.1087118 0.1505049 0.1136588 0.1118258 0.1112210 0.1058180 0.0831747 0.1017032 0.0000000 
