37
Burramyidae_Burramys_parvus                  0.0000000 0.0778587 0.0337528 0.0381517 0.0399488 0.0802085 0.0252356 0.0274136 0.0360534 0.0566558 0.0242599 0.0775696 0.0760050 0.0240798 0.0461798 0.0745582 0.0814234 0.0566760 0.0604686 0.0357847 0.0449806 0.0715845 0.0731336 0.0768163 0.0373807 0.0530308 0.0371192 0.0315801 0.0539605 0.0432718 0.0251931 0.0559168 0.0826557 0.0587256 0.0475452 0.0412592 0.0412592 
Notoryctidae_Notoryctes_typhlops             0.0778587 0.0000000 0.0780638 0.0944032 0.0948099 0.1203941 0.0742974 0.0836685 0.0895796 0.0834312 0.0756203 0.1097504 0.1093808 0.0731430 0.0854917 0.1063142 0.1230745 0.0839191 0.0879003 0.0931285 0.0965302 0.1125785 0.1055670 0.1065333 0.0880389 0.0880442 0.0805973 0.0867555 0.1005755 0.0826405 0.0754166 0.0863577 0.1229803 0.0852753 0.0982087 0.0512712 0.0512712 
Vombatidae_Lasiorhinus_latifrons             0.0337528 0.0780638 0.0000000 0.0514406 0.0523059 0.0839801 0.0328453 0.0375927 0.0453931 0.0618419 0.0344555 0.0759781 0.0749568 0.0359791 0.0473175 0.0744486 0.0846334 0.0600459 0.0671983 0.0415869 0.0522105 0.0714978 0.0698503 0.0766833 0.0486723 0.0574178 0.0443506 0.0403733 0.0586682 0.0509573 0.0372492 0.0596045 0.0869490 0.0654812 0.0503886 0.0324377 0.0324377 
Potoroidae_Bettongia_penicillata             0.0381517 0.0944032 0.0514406 0.0000000 0.0031160 0.0902329 0.0390729 0.0444136 0.0101895 0.0626743 0.0402139 0.0894032 0.0808107 0.0402673 0.0523866 0.0846437 0.0936203 0.0623992 0.0674245 0.0170438 0.0544933 0.0946788 0.0916945 0.0846968 0.0267940 0.0665572 0.0474828 0.0142854 0.0637798 0.0533868 0.0408597 0.0545419 0.0870431 0.0668859 0.0497608 0.0529892 0.0529892 
Potoroidae_Bettongia_lesueur                 0.0399488 0.0948099 0.0523059 0.0031160 0.0000000 0.0885165 0.0398755 0.0452264 0.0104986 0.0654431 0.0410347 0.0891677 0.0797039 0.0410800 0.0525997 0.0829412 0.0917984 0.0614810 0.0702001 0.0174308 0.0552342 0.0976948 0.0929330 0.0829574 0.0271525 0.0676209 0.0475801 0.0146213 0.0633120 0.0535006 0.0416785 0.0567873 0.0868755 0.0696761 0.0506172 0.0471640 0.0471640 
Dasyuridae_Dasyurus_maculatus                0.0802085 0.1203941 0.0839801 0.0902329 0.0885165 0.0000000 0.0823137 0.0872665 0.0907965 0.0892945 0.0798665 0.0178901 0.0261673 0.0809765 0.0900492 0.0177992 0.0078575 0.0216023 0.0942167 0.0902326 0.1062004 0.1125734 0.1176395 0.0178695 0.0934281 0.0957186 0.0907042 0.0830340 0.1095034 0.0888132 0.0832800 0.0855632 0.0077521 0.0938509 0.1047861 0.0297542 0.0297542 
Phalangeridae_Trichosurus_vulpecula          0.0252356 0.0742974 0.0328453 0.0390729 0.0398755 0.0823137 0.0000000 0.0119272 0.0360395 0.0535715 0.0095497 0.0739479 0.0728183 0.0101444 0.0398245 0.0725965 0.0808754 0.0561455 0.0574289 0.0342179 0.0461942 0.0749034 0.0690592 0.0755089 0.0391522 0.0493144 0.0339696 0.0319612 0.0508325 0.0434488 0.0094753 0.0485723 0.0793653 0.0552082 0.0449252 0.0504515 0.0504515 
Phalangeridae_Spilocuscus_maculatus          0.0274136 0.0836685 0.0375927 0.0444136 0.0452264 0.0872665 0.0119272 0.0000000 0.0407117 0.0620635 0.0077436 0.0805343 0.0796725 0.0093040 0.0502012 0.0768211 0.0821720 0.0554437 0.0677213 0.0408635 0.0530312 0.0794962 0.0734051 0.0804113 0.0432558 0.0539239 0.0426064 0.0358860 0.0620326 0.0511496 0.0073753 0.0584652 0.0905647 0.0665420 0.0539882 0.0598995 0.0598995 
Potoroidae_Aepyprymnus_rufescens             0.0360534 0.0895796 0.0453931 0.0101895 0.0104986 0.0907965 0.0360395 0.0407117 0.0000000 0.0619931 0.0379490 0.0877616 0.0793653 0.0371604 0.0494926 0.0837262 0.0923786 0.0618413 0.0659936 0.0148834 0.0541719 0.0910046 0.0846451 0.0837591 0.0261551 0.0615588 0.0456315 0.0135185 0.0616888 0.0501724 0.0386251 0.0546873 0.0907960 0.0665823 0.0491346 0.0520754 0.0520754 
Peramelidae_Perameles_nasuta                 0.0566558 0.0834312 0.0618419 0.0626743 0.0654431 0.0892945 0.0535715 0.0620635 0.0619931 0.0000000 0.0563371 0.0945373 0.0845328 0.0588719 0.0658817 0.0846399 0.0969722 0.0659787 0.0116090 0.0669587 0.0751047 0.1058812 0.1014254 0.0922887 0.0658742 0.0682556 0.0656479 0.0557738 0.0865279 0.0633752 0.0592279 0.0103701 0.0900031 0.0014502 0.0645059 0.0418250 0.0418250 
Phalangeridae_Strigocuscus_pelengensis       0.0242599 0.0756203 0.0344555 0.0402139 0.0410347 0.0798665 0.0095497 0.0077436 0.0379490 0.0563371 0.0000000 0.0765235 0.0762592 0.0064346 0.0450342 0.0730016 0.0784013 0.0539456 0.0602558 0.0370477 0.0499232 0.0740896 0.0700782 0.0746468 0.0387191 0.0511992 0.0383269 0.0316203 0.0563349 0.0484003 0.0058251 0.0529885 0.0811703 0.0590364 0.0481781 0.0456332 0.0456332 
Dasyuridae_Phascogale_tapoatafa              0.0775696 0.1097504 0.0759781 0.0894032 0.0891677 0.0178901 0.0739479 0.0805343 0.0877616 0.0945373 0.0765235 0.0000000 0.0184958 0.0771510 0.0837071 0.0034907 0.0173146 0.0125514 0.1007882 0.0941937 0.1026442 0.1139963 0.1188406 0.0091214 0.0874780 0.0871624 0.0901580 0.0797249 0.1094639 0.0791374 0.0788901 0.0909708 0.0173889 0.0987546 0.0992954 9.0000000 9.0000000 
Dasyuridae_Sminthopsis_macroura              0.0760050 0.1093808 0.0749568 0.0808107 0.0797039 0.0261673 0.0728183 0.0796725 0.0793653 0.0845328 0.0762592 0.0184958 0.0000000 0.0768239 0.0849427 0.0199294 0.0263075 0.0097336 0.0894690 0.0848772 0.0956593 0.1128521 0.1104956 0.0212025 0.0804027 0.0891289 0.0846830 0.0742149 0.0990075 0.0824456 0.0784279 0.0808498 0.0264844 0.0874403 0.0919346 0.0303573 0.0303573 
Phalangeridae_Phalanger_orientalis           0.0240798 0.0731430 0.0359791 0.0402673 0.0410800 0.0809765 0.0101444 0.0093040 0.0371604 0.0588719 0.0064346 0.0771510 0.0768239 0.0000000 0.0451408 0.0745964 0.0809329 0.0546137 0.0604122 0.0371383 0.0475283 0.0779151 0.0743553 0.0749309 0.0401937 0.0518570 0.0379985 0.0330500 0.0539536 0.0473744 0.0039924 0.0526428 0.0821607 0.0609272 0.0483044 0.0504448 0.0504448 
Acrobatidae_Acrobates_pygmaeus               0.0461798 0.0854917 0.0473175 0.0523866 0.0525997 0.0900492 0.0398245 0.0502012 0.0494926 0.0658817 0.0450342 0.0837071 0.0849427 0.0451408 0.0000000 0.0827219 0.0967161 0.0660321 0.0691820 0.0562858 0.0452320 0.0831491 0.0787948 0.0828464 0.0513285 0.0659518 0.0325404 0.0485645 0.0525217 0.0308033 0.0464816 0.0680759 0.0895187 0.0662242 0.0433850 0.0623820 0.0623820 
Dasyuridae_Phascogale_calura                 0.0745582 0.1063142 0.0744486 0.0846437 0.0829412 0.0177992 0.0725965 0.0768211 0.0837262 0.0846399 0.0730016 0.0034907 0.0199294 0.0745964 0.0827219 0.0000000 0.0183930 0.0116645 0.0875657 0.0869386 0.0951882 0.1044375 0.1064313 0.0083181 0.0823149 0.0894755 0.0837669 0.0777757 0.1011117 0.0779976 0.0754464 0.0812514 0.0181196 0.0886698 0.0932283 0.0150720 0.0150720 
Dasyuridae_Sarcophilus_harrisii              0.0814234 0.1230745 0.0846334 0.0936203 0.0917984 0.0078575 0.0808754 0.0821720 0.0923786 0.0969722 0.0784013 0.0173146 0.0263075 0.0809329 0.0967161 0.0183930 0.0000000 0.0190066 0.1028624 0.0933636 0.1123629 0.1161489 0.1220258 0.0180361 0.0954584 0.0972936 0.0967368 0.0827082 0.1171059 0.0903359 0.0818437 0.0912046 0.0101111 0.1026597 0.1108616 0.0392986 0.0392986 
Dasyuridae_Planigale_tenuirostris            0.0566760 0.0839191 0.0600459 0.0623992 0.0614810 0.0216023 0.0561455 0.0554437 0.0618413 0.0659787 0.0539456 0.0125514 0.0097336 0.0546137 0.0660321 0.0116645 0.0190066 0.0000000 0.0729294 0.0667047 0.0835663 0.0877311 0.0914375 0.0154000 0.0664894 0.0685840 0.0653637 0.0588960 0.0841346 0.0593686 0.0555881 0.0569657 0.0233810 0.0713539 0.0730569 0.0299347 0.0299347 
Peramelidae_Echymipera_kalubu                0.0604686 0.0879003 0.0671983 0.0674245 0.0702001 0.0942167 0.0574289 0.0677213 0.0659936 0.0116090 0.0602558 0.1007882 0.0894690 0.0604122 0.0691820 0.0875657 0.1028624 0.0729294 0.0000000 0.0673638 0.0747820 0.1162416 0.1086633 0.0950016 0.0689230 0.0723128 0.0658208 0.0589783 0.0864497 0.0654094 0.0619376 0.0089086 0.0943454 0.0130937 0.0697342 0.0420632 0.0420632 
Macropodidae_Dorcopsulus_vanheurni           0.0357847 0.0931285 0.0415869 0.0170438 0.0174308 0.0902326 0.0342179 0.0408635 0.0148834 0.0669587 0.0370477 0.0941937 0.0848772 0.0371383 0.0562858 0.0869386 0.0933636 0.0667047 0.0673638 0.0000000 0.0554405 0.0948109 0.0896428 0.0865602 0.0274707 0.0663242 0.0470290 0.0065521 0.0602038 0.0517100 0.0383159 0.0591166 0.0906581 0.0695363 0.0594531 0.0572530 0.0572530 
Pseudochiridae_Pseudochirulus_forbesi        0.0449806 0.0965302 0.0522105 0.0544933 0.0552342 0.1062004 0.0461942 0.0530312 0.0541719 0.0751047 0.0499232 0.1026442 0.0956593 0.0475283 0.0452320 0.0951882 0.1123629 0.0835663 0.0747820 0.0554405 0.0000000 0.1009107 0.0931531 0.1010125 0.0558912 0.0759291 0.0238102 0.0492339 0.0489281 0.0491245 0.0484313 0.0708860 0.1063892 0.0750175 0.0198912 0.0431561 0.0431561 
Didelphidae_Didelphis_virginiana             0.0715845 0.1125785 0.0714978 0.0946788 0.0976948 0.1125734 0.0749034 0.0794962 0.0910046 0.1058812 0.0740896 0.1139963 0.1128521 0.0779151 0.0831491 0.1044375 0.1161489 0.0877311 0.1162416 0.0948109 0.1009107 0.0000000 0.0296910 0.1087496 0.0868486 0.0713282 0.0832775 0.0826581 0.1005525 0.0768076 0.0777574 0.1074213 0.1118852 0.1056269 0.0913400 0.0583713 0.0583713 
Marmosidae_Monodelphis_domestica             0.0731336 0.1055670 0.0698503 0.0916945 0.0929330 0.1176395 0.0690592 0.0734051 0.0846451 0.1014254 0.0700782 0.1188406 0.1104956 0.0743553 0.0787948 0.1064313 0.1220258 0.0914375 0.1086633 0.0896428 0.0931531 0.0296910 0.0000000 0.1129080 0.0824188 0.0760198 0.0801356 0.0796706 0.0953836 0.0761408 0.0726094 0.1034207 0.1183404 0.1028408 0.0892733 0.0591486 0.0591486 
Dasyuridae_Antechinus_stuartii               0.0768163 0.1065333 0.0766833 0.0846968 0.0829574 0.0178695 0.0755089 0.0804113 0.0837591 0.0922887 0.0746468 0.0091214 0.0212025 0.0749309 0.0828464 0.0083181 0.0180361 0.0154000 0.0950016 0.0865602 0.1010125 0.1087496 0.1129080 0.0000000 0.0859543 0.0892727 0.0847804 0.0775382 0.1035820 0.0777239 0.0764798 0.0859718 0.0181931 0.0970946 0.0941558 0.0102223 0.0102223 
Hypsiprymnodontidae_Hypsiprymnodon_moschatus 0.0373807 0.0880389 0.0486723 0.0267940 0.0271525 0.0934281 0.0391522 0.0432558 0.0261551 0.0658742 0.0387191 0.0874780 0.0804027 0.0401937 0.0513285 0.0823149 0.0954584 0.0664894 0.0689230 0.0274707 0.0558912 0.0868486 0.0824188 0.0859543 0.0000000 0.0634006 0.0473400 0.0205195 0.0654823 0.0532681 0.0403081 0.0591985 0.0921595 0.0682028 0.0587754 0.0581851 0.0581851 
Microbiotheriidae_Dromiciops_gliroides       0.0530308 0.0880442 0.0574178 0.0665572 0.0676209 0.0957186 0.0493144 0.0539239 0.0615588 0.0682556 0.0511992 0.0871624 0.0891289 0.0518570 0.0659518 0.0894755 0.0972936 0.0685840 0.0723128 0.0663242 0.0759291 0.0713282 0.0760198 0.0892727 0.0634006 0.0000000 0.0629721 0.0574825 0.0848642 0.0638989 0.0513861 0.0635995 0.0978823 0.0684840 0.0753992 0.0514683 0.0514683 
Pseudochiridae_Petauroides_volans            0.0371192 0.0805973 0.0443506 0.0474828 0.0475801 0.0907042 0.0339696 0.0426064 0.0456315 0.0656479 0.0383269 0.0901580 0.0846830 0.0379985 0.0325404 0.0837669 0.0967368 0.0653637 0.0658208 0.0470290 0.0238102 0.0832775 0.0801356 0.0847804 0.0473400 0.0629721 0.0000000 0.0405952 0.0371695 0.0375641 0.0380033 0.0620644 0.0938197 0.0644140 0.0205562 0.0472385 0.0472385 
Macropodidae_Wallabia_bicolor                0.0315801 0.0867555 0.0403733 0.0142854 0.0146213 0.0830340 0.0319612 0.0358860 0.0135185 0.0557738 0.0316203 0.0797249 0.0742149 0.0330500 0.0485645 0.0777757 0.0827082 0.0588960 0.0589783 0.0065521 0.0492339 0.0826581 0.0796706 0.0775382 0.0205195 0.0574825 0.0405952 0.0000000 0.0578232 0.0479779 0.0335716 0.0496307 0.0816231 0.0588429 0.0499754 0.0572530 0.0572530 
Tarsipedidae_Tarsipes_rostratus              0.0539605 0.1005755 0.0586682 0.0637798 0.0633120 0.1095034 0.0508325 0.0620326 0.0616888 0.0865279 0.0563349 0.1094639 0.0990075 0.0539536 0.0525217 0.1011117 0.1171059 0.0841346 0.0864497 0.0602038 0.0489281 0.1005525 0.0953836 0.1035820 0.0654823 0.0848642 0.0371695 0.0578232 0.0000000 0.0479714 0.0571429 0.0836812 0.1153797 0.0874636 0.0484842 0.0430964 0.0430964 
Acrobatidae_Distoechurus_pennatus            0.0432718 0.0826405 0.0509573 0.0533868 0.0535006 0.0888132 0.0434488 0.0511496 0.0501724 0.0633752 0.0484003 0.0791374 0.0824456 0.0473744 0.0308033 0.0779976 0.0903359 0.0593686 0.0654094 0.0517100 0.0491245 0.0768076 0.0761408 0.0777239 0.0532681 0.0638989 0.0375641 0.0479779 0.0479714 0.0000000 0.0483663 0.0626193 0.0893268 0.0644642 0.0479339 0.0369413 0.0369413 
Phalangeridae_Phalanger_carmelitae           0.0251931 0.0754166 0.0372492 0.0408597 0.0416785 0.0832800 0.0094753 0.0073753 0.0386251 0.0592279 0.0058251 0.0788901 0.0784279 0.0039924 0.0464816 0.0754464 0.0818437 0.0555881 0.0619376 0.0383159 0.0484313 0.0777574 0.0726094 0.0764798 0.0403081 0.0513861 0.0380033 0.0335716 0.0571429 0.0483663 0.0000000 0.0537153 0.0844744 0.0618786 0.0492480 0.0504448 0.0504448 
Peramelidae_Peroryctes_raffrayana            0.0559168 0.0863577 0.0596045 0.0545419 0.0567873 0.0855632 0.0485723 0.0584652 0.0546873 0.0103701 0.0529885 0.0909708 0.0808498 0.0526428 0.0680759 0.0812514 0.0912046 0.0569657 0.0089086 0.0591166 0.0708860 0.1074213 0.1034207 0.0859718 0.0591985 0.0635995 0.0620644 0.0496307 0.0836812 0.0626193 0.0537153 0.0000000 0.0876574 0.0113878 0.0676270 0.0570843 0.0570843 
Dasyuridae_Dasyurus_geffroii                 0.0826557 0.1229803 0.0869490 0.0870431 0.0868755 0.0077521 0.0793653 0.0905647 0.0907960 0.0900031 0.0811703 0.0173889 0.0264844 0.0821607 0.0895187 0.0181196 0.0101111 0.0233810 0.0943454 0.0906581 0.1063892 0.1118852 0.1183404 0.0181931 0.0921595 0.0978823 0.0938197 0.0816231 0.1153797 0.0893268 0.0844744 0.0876574 0.0000000 0.0941484 0.1091943 0.0302519 0.0302519 
Peramelidae_Perameles_gunnii                 0.0587256 0.0852753 0.0654812 0.0668859 0.0696761 0.0938509 0.0552082 0.0665420 0.0665823 0.0014502 0.0590364 0.0987546 0.0874403 0.0609272 0.0662242 0.0886698 0.1026597 0.0713539 0.0130937 0.0695363 0.0750175 0.1056269 0.1028408 0.0970946 0.0682028 0.0684840 0.0644140 0.0588429 0.0874636 0.0644642 0.0618786 0.0113878 0.0941484 0.0000000 0.0647192 0.0468063 0.0468063 
Pseudochiridae_Pseudocheirus_occidentalis    0.0475452 0.0982087 0.0503886 0.0497608 0.0506172 0.1047861 0.0449252 0.0539882 0.0491346 0.0645059 0.0481781 0.0992954 0.0919346 0.0483044 0.0433850 0.0932283 0.1108616 0.0730569 0.0697342 0.0594531 0.0198912 0.0913400 0.0892733 0.0941558 0.0587754 0.0753992 0.0205562 0.0499754 0.0484842 0.0479339 0.0492480 0.0676270 0.1091943 0.0647192 0.0000000 0.0511944 0.0511944 
Myrmecobiidae_Myrmecobius_fasciatus1         0.0412592 0.0512712 0.0324377 0.0529892 0.0471640 0.0297542 0.0504515 0.0598995 0.0520754 0.0418250 0.0456332 9.0000000 0.0303573 0.0504448 0.0623820 0.0150720 0.0392986 0.0299347 0.0420632 0.0572530 0.0431561 0.0583713 0.0591486 0.0102223 0.0581851 0.0514683 0.0472385 0.0572530 0.0430964 0.0369413 0.0504448 0.0570843 0.0302519 0.0468063 0.0511944 0.0000000 0.0000010 
Myrmecobiidae_Myrmecobius_fasciatus2         0.0412592 0.0512712 0.0324377 0.0529892 0.0471640 0.0297542 0.0504515 0.0598995 0.0520754 0.0418250 0.0456332 9.0000000 0.0303573 0.0504448 0.0623820 0.0150720 0.0392986 0.0299347 0.0420632 0.0572530 0.0431561 0.0583713 0.0591486 0.0102223 0.0581851 0.0514683 0.0472385 0.0572530 0.0430964 0.0369413 0.0504448 0.0570843 0.0302519 0.0468063 0.0511944 0.0000010 0.0000000 
