172
I0186_111_Momotidae_Momotus_lessonii                      0.0000000 0.0406126 0.0431769 0.0495006 0.0398335 0.0438453 0.0345842 0.0398339 0.0438135 0.0495517 0.0334956 0.0484652 0.0389300 0.0380250 0.0494544 0.0361722 0.0259431 0.0485693 0.0317394 0.0501733 0.0335660 0.0319191 0.0328509 0.0305606 0.0417400 0.0329665 0.0458562 0.0540708 0.0538710 0.0323818 0.0480708 0.0444167 0.0467797 0.0407606 0.0480970 0.0533778 0.0476398 0.0628158 0.0515687 0.0466036 0.0680638 0.0501925 0.0321636 0.0488698 0.0361045 0.0483583 0.0461731 0.0308027 0.0439361 0.0476823 0.0522136 0.0396970 0.0327889 0.0459761 0.0458004 0.0336514 0.0333584 0.0644888 0.0467396 0.0489197 0.0431210 0.0334066 0.0369475 0.0556946 0.0485789 0.0355667 0.0442780 0.0547119 0.0493259 0.0493012 0.0367850 0.0337060 0.0462941 0.0296433 0.0316848 0.0330422 0.0415764 0.0334566 0.0415936 0.0410778 0.0303866 0.0294279 0.0485629 0.0643828 0.0385264 0.0388192 0.0387304 0.0312202 0.0469208 0.0328021 0.0462889 0.0456582 0.0302963 0.0321083 0.0317810 0.0420226 0.0330828 0.0520686 0.0325703 0.0317313 0.0385848 0.0434297 0.0638681 0.0436464 0.0605548 0.0355727 0.0300283 0.0524480 0.0449267 0.0329895 0.0540444 0.0422399 0.0318900 0.0343934 0.0314561 0.0418052 0.0393114 0.0526747 0.0315634 0.0520102 0.0350606 0.0377267 0.0418830 0.0487507 0.0535130 0.0379550 0.0557719 0.0364561 0.0381898 0.0303352 0.0326265 0.0305727 0.0420322 0.0334845 0.0452544 0.0366814 0.0322285 0.0449261 0.0601556 0.0474059 0.0491175 0.0297257 0.0333656 0.0351741 0.0334845 0.0313662 0.0478970 0.0475669 0.0426020 0.0539904 0.0348932 0.0445148 0.0504780 0.0347677 0.0743697 0.0334128 0.0391748 0.0352255 0.0514665 0.0495442 0.0559123 0.0316094 0.0317608 0.0544339 0.0326431 0.0583659 0.0490577 0.0561855 0.0529852 0.0408499 0.0366997 0.0513284 
I0187_115_Trogonidae_Trogon_elegans                       0.0406126 0.0000000 0.0435643 0.0487265 0.0144742 0.0440260 0.0361308 0.0408737 0.0529367 0.0499206 0.0344695 0.0476335 0.0406340 0.0408176 0.0495275 0.0363755 0.0267449 0.0490223 0.0330553 0.0497806 0.0339793 0.0332501 0.0346402 0.0318844 0.0428641 0.0341494 0.0461545 0.0521790 0.0524444 0.0335161 0.0487467 0.0448676 0.0474892 0.0411857 0.0487924 0.0528222 0.0478786 0.0634021 0.0508868 0.0467833 0.0686445 0.0525893 0.0382461 0.0511939 0.0369403 0.0489110 0.0468463 0.0315017 0.0454769 0.0467786 0.0512153 0.0406573 0.0336378 0.0464707 0.0451217 0.0357945 0.0332935 0.0657352 0.0470119 0.0481455 0.0437693 0.0346141 0.0385325 0.0541908 0.0490974 0.0372140 0.0454920 0.0557398 0.0506034 0.0488263 0.0377601 0.0352999 0.0475875 0.0316091 0.0329701 0.0339956 0.0426718 0.0428640 0.0415875 0.0425482 0.0325722 0.0300943 0.0501230 0.0658155 0.0402140 0.0403493 0.0398643 0.0320137 0.0482648 0.0378879 0.0470161 0.0474316 0.0314594 0.0345878 0.0328318 0.0435381 0.0373655 0.0528055 0.0334462 0.0333820 0.0377834 0.0447491 0.0620991 0.0459635 0.0605196 0.0357762 0.0303825 0.0514169 0.0464267 0.0342831 0.0547172 0.0437351 0.0328644 0.0347146 0.0320497 0.0416867 0.0409537 0.0534789 0.0329876 0.0543669 0.0356523 0.0396156 0.0431813 0.0487176 0.0555653 0.0389811 0.0548330 0.0372116 0.0385974 0.0316879 0.0337348 0.0312532 0.0427681 0.0347810 0.0452852 0.0379051 0.0336831 0.0449854 0.0607467 0.0461631 0.0484576 0.0309954 0.0344177 0.0360467 0.0344338 0.0318615 0.0490036 0.0491857 0.0422003 0.0535984 0.0351032 0.0445888 0.0487356 0.0354262 0.0731996 0.0344586 0.0403870 0.0348645 0.0496066 0.0481320 0.0565388 0.0317401 0.0325467 0.0554759 0.0335261 0.0576274 0.0477833 0.0540355 0.0516946 0.0412820 0.0385269 0.0504910 
I0188_135_Apodidae_Streptoprocne_zonaris                  0.0431769 0.0435643 0.0000000 0.0503343 0.0424993 0.0459776 0.0364415 0.0413700 0.0549198 0.0528425 0.0334856 0.0481442 0.0425408 0.0431847 0.0500053 0.0362699 0.0271243 0.0521311 0.0321906 0.0528186 0.0343165 0.0337071 0.0330084 0.0309690 0.0425019 0.0336817 0.0470981 0.0543023 0.0537961 0.0331354 0.0504438 0.0464038 0.0391163 0.0415653 0.0500223 0.0527048 0.0499973 0.0634786 0.0533477 0.0494421 0.0702674 0.0529209 0.0406465 0.0473209 0.0373749 0.0503464 0.0492064 0.0311950 0.0445026 0.0491963 0.0537854 0.0404027 0.0330847 0.0492554 0.0207241 0.0349421 0.0317099 0.0660344 0.0486080 0.0481550 0.0429692 0.0333668 0.0364167 0.0556990 0.0493878 0.0350619 0.0467706 0.0559317 0.0523555 0.0520073 0.0372747 0.0347654 0.0490494 0.0312838 0.0336449 0.0338689 0.0424996 0.0437342 0.0437731 0.0437976 0.0318417 0.0311326 0.0424391 0.0635932 0.0407684 0.0395882 0.0386780 0.0316526 0.0479021 0.0383888 0.0469404 0.0488107 0.0313871 0.0334020 0.0341991 0.0433906 0.0378740 0.0509663 0.0343507 0.0330637 0.0385852 0.0439703 0.0627500 0.0436148 0.0601794 0.0343972 0.0293654 0.0539161 0.0442334 0.0332744 0.0552620 0.0429794 0.0315788 0.0357186 0.0317617 0.0196084 0.0406897 0.0537168 0.0322329 0.0562454 0.0353287 0.0345292 0.0426117 0.0506776 0.0528240 0.0373061 0.0569392 0.0368580 0.0397745 0.0312010 0.0329204 0.0303292 0.0416822 0.0339808 0.0465668 0.0368469 0.0331287 0.0466703 0.0603978 0.0481845 0.0506569 0.0300718 0.0334211 0.0352049 0.0336813 0.0330577 0.0474249 0.0491178 0.0412988 0.0540726 0.0346529 0.0430197 0.0510866 0.0356697 0.0773337 0.0335247 0.0402045 0.0329282 0.0514830 0.0508096 0.0568596 0.0314550 0.0303236 0.0551379 0.0351544 0.0595761 0.0499318 0.0547951 0.0535747 0.0405171 0.0394622 0.0512836 
I0189_225_Eurylaimidae_Smithornis_rufolateralis           0.0495006 0.0487265 0.0503343 0.0000000 0.0480992 0.0542068 0.0441586 0.0480621 0.0591215 0.0579823 0.0429231 0.0359005 0.0494891 0.0497055 0.0325022 0.0433868 0.0346794 0.0318196 0.0397004 0.0321234 0.0429808 0.0410930 0.0429136 0.0389695 0.0490883 0.0419392 0.0554441 0.0411927 0.0405451 0.0397808 0.0306835 0.0279483 0.0525993 0.0484459 0.0320697 0.0601023 0.0304683 0.0704389 0.0330300 0.0287896 0.0744166 0.0590753 0.0474070 0.0565311 0.0439719 0.0316603 0.0293744 0.0396838 0.0515972 0.0289893 0.0346483 0.0471817 0.0424622 0.0316679 0.0516834 0.0427038 0.0408030 0.0735122 0.0291972 0.0550187 0.0502833 0.0419442 0.0445353 0.0616999 0.0562805 0.0446533 0.0553311 0.0629205 0.0316584 0.0318420 0.0445584 0.0428848 0.0549412 0.0380639 0.0413130 0.0426061 0.0490645 0.0508755 0.0501693 0.0490340 0.0404668 0.0385166 0.0549478 0.0716312 0.0472194 0.0464535 0.0463879 0.0402840 0.0547443 0.0459007 0.0540295 0.0553239 0.0391760 0.0415244 0.0402040 0.0498322 0.0445479 0.0566730 0.0415596 0.0407269 0.0463423 0.0514028 0.0714323 0.0526952 0.0674981 0.0427115 0.0381376 0.0338578 0.0526648 0.0421912 0.0617976 0.0500839 0.0406118 0.0432689 0.0399485 0.0478375 0.0474926 0.0610232 0.0410897 0.0629678 0.0439186 0.0465468 0.0499420 0.0569866 0.0623082 0.0469618 0.0272919 0.0456560 0.0461166 0.0397620 0.0405175 0.0395245 0.0486278 0.0429170 0.0529575 0.0456263 0.0414048 0.0526489 0.0669114 0.0333671 0.0307853 0.0392285 0.0414445 0.0433240 0.0425770 0.0405756 0.0558866 0.0567289 0.0484803 0.0611628 0.0420401 0.0506716 0.0333289 0.0424542 0.0803363 0.0419803 0.0475458 0.0433411 0.0223172 0.0353042 0.0634804 0.0403842 0.0399618 0.0624317 0.0425012 0.0450140 0.0356589 0.0422679 0.0400484 0.0484948 0.0467817 0.0416405 
I0190_295_Trogonidae_Apaloderma_aequatoriale              0.0398335 0.0144742 0.0424993 0.0480992 0.0000000 0.0435103 0.0350170 0.0399968 0.0526148 0.0492961 0.0331121 0.0471318 0.0399432 0.0399658 0.0486169 0.0351090 0.0262146 0.0479513 0.0320616 0.0485518 0.0333573 0.0325039 0.0336467 0.0312746 0.0414197 0.0329727 0.0455198 0.0516146 0.0517787 0.0319167 0.0474681 0.0441446 0.0469726 0.0408395 0.0480968 0.0517078 0.0469383 0.0623582 0.0498702 0.0459574 0.0673904 0.0519414 0.0379717 0.0498338 0.0352733 0.0483743 0.0461847 0.0310684 0.0444032 0.0459825 0.0501871 0.0400615 0.0331438 0.0455351 0.0445549 0.0337986 0.0328951 0.0643962 0.0462909 0.0473229 0.0438380 0.0337196 0.0377358 0.0536661 0.0480391 0.0360201 0.0449798 0.0542415 0.0495253 0.0481589 0.0362162 0.0339960 0.0472588 0.0297814 0.0317544 0.0334144 0.0416348 0.0408622 0.0406942 0.0414424 0.0317600 0.0292692 0.0494691 0.0633554 0.0392995 0.0395461 0.0382491 0.0313178 0.0476172 0.0367014 0.0456854 0.0466054 0.0301560 0.0333326 0.0315326 0.0425925 0.0363548 0.0524318 0.0322402 0.0322081 0.0375870 0.0436141 0.0612794 0.0447970 0.0588665 0.0340166 0.0294738 0.0507984 0.0449848 0.0339012 0.0530494 0.0433001 0.0327300 0.0337151 0.0318223 0.0408395 0.0402669 0.0520085 0.0319902 0.0532753 0.0352696 0.0389000 0.0420240 0.0482877 0.0538488 0.0376063 0.0540756 0.0361152 0.0379920 0.0312817 0.0328875 0.0307774 0.0421084 0.0339430 0.0438536 0.0361462 0.0331297 0.0445992 0.0586818 0.0455689 0.0476790 0.0302681 0.0335634 0.0352266 0.0334124 0.0311918 0.0476144 0.0468448 0.0417956 0.0528476 0.0345193 0.0438613 0.0475374 0.0349904 0.0713451 0.0332948 0.0396949 0.0332758 0.0488604 0.0477598 0.0544926 0.0307192 0.0316808 0.0543310 0.0325966 0.0563528 0.0469586 0.0533941 0.0507594 0.0406381 0.0373423 0.0498108 
I0191_344_Indicatoridae_Indicator_exilis                  0.0438453 0.0440260 0.0459776 0.0542068 0.0435103 0.0000000 0.0395040 0.0447214 0.0562780 0.0283331 0.0378726 0.0522817 0.0438224 0.0461075 0.0539976 0.0409898 0.0299672 0.0546735 0.0363605 0.0558456 0.0387139 0.0357296 0.0375563 0.0353016 0.0469448 0.0373915 0.0179470 0.0581531 0.0571902 0.0364693 0.0534741 0.0498810 0.0499349 0.0463822 0.0543994 0.0563097 0.0523838 0.0661137 0.0563693 0.0516090 0.0722843 0.0531834 0.0411591 0.0530778 0.0394925 0.0534303 0.0521695 0.0352417 0.0478282 0.0523287 0.0571925 0.0442187 0.0375264 0.0535765 0.0482052 0.0379671 0.0379894 0.0688013 0.0523422 0.0539119 0.0482785 0.0375729 0.0426831 0.0595241 0.0544582 0.0388555 0.0166908 0.0578728 0.0543770 0.0553027 0.0400135 0.0383257 0.0277101 0.0323560 0.0374467 0.0374428 0.0449443 0.0452027 0.0422243 0.0435709 0.0356423 0.0333909 0.0518680 0.0663441 0.0438810 0.0422765 0.0431554 0.0361820 0.0524350 0.0398019 0.0515794 0.0260243 0.0348035 0.0376905 0.0366612 0.0481525 0.0394771 0.0542363 0.0355975 0.0372018 0.0413272 0.0478754 0.0660524 0.0481219 0.0630239 0.0391311 0.0344201 0.0563538 0.0481887 0.0374477 0.0573110 0.0462884 0.0366772 0.0381286 0.0367165 0.0443199 0.0431258 0.0552456 0.0363946 0.0559379 0.0397442 0.0425113 0.0472984 0.0277356 0.0555013 0.0419169 0.0605051 0.0408903 0.0444240 0.0353420 0.0371017 0.0353249 0.0457115 0.0387457 0.0495749 0.0405507 0.0375880 0.0492772 0.0622602 0.0515607 0.0533373 0.0344452 0.0371501 0.0394608 0.0361914 0.0366323 0.0499328 0.0500300 0.0460142 0.0574128 0.0400557 0.0481514 0.0547168 0.0397319 0.0774347 0.0373420 0.0449661 0.0400462 0.0553718 0.0534106 0.0602542 0.0355480 0.0354749 0.0576273 0.0384550 0.0631196 0.0530978 0.0585099 0.0568982 0.0452055 0.0401867 0.0549631 
I0192_375_Musophagidae_Tauraco_macrorhynchus              0.0345842 0.0361308 0.0364415 0.0441586 0.0350170 0.0395040 0.0000000 0.0341768 0.0494060 0.0462248 0.0151950 0.0432740 0.0356246 0.0373399 0.0444522 0.0289968 0.0193525 0.0461579 0.0243128 0.0466067 0.0266670 0.0264561 0.0263884 0.0232226 0.0367214 0.0262193 0.0422042 0.0488201 0.0482284 0.0249766 0.0443252 0.0405875 0.0411931 0.0358760 0.0440522 0.0465936 0.0431618 0.0572310 0.0467279 0.0427380 0.0618287 0.0476293 0.0346593 0.0441717 0.0303304 0.0440153 0.0429991 0.0235065 0.0380870 0.0429161 0.0466225 0.0341216 0.0258447 0.0424394 0.0390092 0.0277644 0.0258561 0.0596171 0.0424969 0.0434643 0.0363145 0.0262144 0.0309893 0.0491459 0.0435212 0.0294229 0.0408803 0.0471304 0.0455029 0.0453604 0.0297531 0.0278602 0.0435094 0.0265887 0.0259212 0.0262179 0.0358509 0.0386191 0.0376024 0.0380137 0.0243648 0.0223883 0.0443195 0.0583307 0.0340290 0.0325904 0.0314395 0.0237867 0.0421968 0.0325280 0.0415928 0.0429337 0.0228078 0.0261592 0.0256122 0.0366282 0.0320719 0.0468715 0.0268150 0.0250027 0.0313490 0.0382069 0.0581619 0.0372734 0.0546107 0.0276576 0.0221114 0.0466408 0.0394908 0.0260131 0.0464767 0.0363694 0.0252151 0.0278168 0.0244558 0.0348754 0.0328327 0.0461490 0.0246212 0.0490736 0.0278429 0.0316195 0.0356868 0.0454359 0.0485226 0.0316030 0.0511901 0.0295700 0.0327037 0.0230997 0.0257327 0.0223920 0.0353049 0.0267416 0.0391675 0.0297729 0.0250205 0.0395016 0.0524128 0.0414620 0.0444898 0.0225589 0.0262208 0.0284943 0.0257847 0.0249042 0.0419946 0.0418328 0.0359033 0.0470225 0.0280056 0.0377364 0.0454245 0.0275715 0.0681504 0.0264055 0.0342678 0.0267933 0.0454112 0.0436300 0.0509017 0.0241088 0.0231080 0.0479329 0.0261109 0.0542428 0.0428024 0.0492805 0.0475262 0.0346296 0.0314199 0.0454055 
I0193_447_Columbidae_Treron_calvus                        0.0398339 0.0408737 0.0413700 0.0480621 0.0399968 0.0447214 0.0341768 0.0000000 0.0510707 0.0513918 0.0320989 0.0460064 0.0403169 0.0412612 0.0473892 0.0330158 0.0206506 0.0487571 0.0289054 0.0494629 0.0317652 0.0311052 0.0321654 0.0288579 0.0148557 0.0313443 0.0479307 0.0520476 0.0509491 0.0314583 0.0465268 0.0439453 0.0449659 0.0142480 0.0470533 0.0503705 0.0470644 0.0607739 0.0493257 0.0454178 0.0649238 0.0516516 0.0392350 0.0482045 0.0348765 0.0481732 0.0450518 0.0297236 0.0427336 0.0458719 0.0506514 0.0123117 0.0317080 0.0456351 0.0436853 0.0330048 0.0317004 0.0622373 0.0457179 0.0455683 0.0412086 0.0313388 0.0356944 0.0525054 0.0465979 0.0341493 0.0462555 0.0527275 0.0493933 0.0479971 0.0352204 0.0334732 0.0495269 0.0229149 0.0322079 0.0310863 0.0408318 0.0421851 0.0411216 0.0425267 0.0302998 0.0288157 0.0469593 0.0610150 0.0368697 0.0377943 0.0369135 0.0292000 0.0460894 0.0377187 0.0442215 0.0482720 0.0288686 0.0311571 0.0315793 0.0401313 0.0367199 0.0504730 0.0327459 0.0305997 0.0359209 0.0430255 0.0605120 0.0425855 0.0584178 0.0328677 0.0278156 0.0515274 0.0435849 0.0323456 0.0518450 0.0409925 0.0299459 0.0337975 0.0302876 0.0401401 0.0381861 0.0514458 0.0306245 0.0525467 0.0328605 0.0358877 0.0410727 0.0509263 0.0530799 0.0363909 0.0540969 0.0343395 0.0367486 0.0288447 0.0312597 0.0292278 0.0409339 0.0322527 0.0446745 0.0345030 0.0303905 0.0443469 0.0570950 0.0445163 0.0469533 0.0275733 0.0326797 0.0331101 0.0328627 0.0297309 0.0465560 0.0471724 0.0409658 0.0507582 0.0316096 0.0427950 0.0481603 0.0325517 0.0705487 0.0318765 0.0117867 0.0322952 0.0490454 0.0466818 0.0545112 0.0298942 0.0294557 0.0523098 0.0310145 0.0559805 0.0456479 0.0517660 0.0506941 0.0380258 0.0367359 0.0498545 
I0194_495_Alcedinidae_Alcedo_quadribrachys                0.0438135 0.0529367 0.0549198 0.0591215 0.0526148 0.0562780 0.0494060 0.0510707 0.0000000 0.0617138 0.0473363 0.0571428 0.0529577 0.0491624 0.0590514 0.0481646 0.0390349 0.0578724 0.0454156 0.0586441 0.0477665 0.0458918 0.0475399 0.0439963 0.0535497 0.0467409 0.0594128 0.0618830 0.0608734 0.0455215 0.0579174 0.0554089 0.0578406 0.0525285 0.0582503 0.0654877 0.0573677 0.0757298 0.0601086 0.0559244 0.0794301 0.0605236 0.0445560 0.0626903 0.0493755 0.0582890 0.0560722 0.0451250 0.0573055 0.0563648 0.0615254 0.0520726 0.0469793 0.0548775 0.0569592 0.0476471 0.0457528 0.0773157 0.0561685 0.0615833 0.0567208 0.0467626 0.0508943 0.0666114 0.0620597 0.0487266 0.0582607 0.0671972 0.0586216 0.0585983 0.0511702 0.0475584 0.0587586 0.0397681 0.0456132 0.0462761 0.0545507 0.0377830 0.0520353 0.0535732 0.0452151 0.0433703 0.0586773 0.0761791 0.0520167 0.0528032 0.0518558 0.0455353 0.0614195 0.0465169 0.0600841 0.0579123 0.0443031 0.0465284 0.0459970 0.0560856 0.0455784 0.0614641 0.0465580 0.0461463 0.0517089 0.0570984 0.0731798 0.0582967 0.0726310 0.0486025 0.0430710 0.0600961 0.0568993 0.0474874 0.0663924 0.0557201 0.0459086 0.0479853 0.0459001 0.0526452 0.0528866 0.0649564 0.0454363 0.0630834 0.0481320 0.0505125 0.0537465 0.0601911 0.0672290 0.0517527 0.0641837 0.0495185 0.0509714 0.0459877 0.0464425 0.0461010 0.0537436 0.0474731 0.0574939 0.0505344 0.0470564 0.0571966 0.0715032 0.0562785 0.0577145 0.0443551 0.0473746 0.0487332 0.0480118 0.0441182 0.0613781 0.0623314 0.0534118 0.0665546 0.0473002 0.0546250 0.0580799 0.0472797 0.0846932 0.0468557 0.0512471 0.0484188 0.0593771 0.0583590 0.0680725 0.0456310 0.0461299 0.0670847 0.0461376 0.0654761 0.0575645 0.0632888 0.0614810 0.0520255 0.0500491 0.0607199 
I0195_522_Ramphastidae_Buccanodon_duchaillui              0.0495517 0.0499206 0.0528425 0.0579823 0.0492961 0.0283331 0.0462248 0.0513918 0.0617138 0.0000000 0.0451942 0.0564434 0.0496606 0.0518895 0.0570385 0.0471475 0.0365585 0.0578618 0.0420879 0.0590280 0.0456142 0.0413285 0.0441694 0.0413923 0.0531561 0.0439465 0.0299722 0.0624800 0.0607471 0.0415267 0.0580226 0.0538662 0.0554517 0.0522658 0.0570511 0.0631525 0.0564788 0.0705717 0.0595111 0.0555341 0.0806512 0.0576020 0.0452674 0.0574268 0.0451765 0.0569856 0.0566327 0.0423504 0.0540169 0.0564639 0.0607939 0.0505624 0.0444909 0.0575544 0.0547516 0.0442976 0.0439280 0.0730909 0.0572857 0.0603437 0.0533120 0.0431786 0.0480172 0.0650021 0.0597843 0.0447113 0.0287811 0.0654798 0.0573474 0.0581651 0.0456965 0.0442769 0.0224804 0.0377159 0.0429102 0.0439982 0.0507956 0.0518440 0.0486435 0.0491906 0.0423505 0.0399941 0.0567999 0.0709848 0.0490040 0.0483681 0.0481432 0.0424079 0.0590098 0.0462222 0.0572416 0.0203648 0.0415869 0.0440531 0.0426613 0.0510032 0.0449131 0.0577476 0.0413193 0.0431786 0.0489298 0.0538163 0.0708644 0.0539156 0.0683639 0.0449591 0.0402547 0.0601147 0.0527614 0.0446732 0.0642265 0.0520316 0.0427170 0.0437335 0.0431638 0.0519220 0.0487228 0.0633333 0.0421098 0.0607543 0.0457957 0.0487763 0.0535234 0.0232829 0.0620902 0.0475315 0.0644896 0.0476717 0.0501636 0.0418445 0.0437456 0.0422924 0.0495828 0.0453092 0.0539982 0.0470867 0.0445394 0.0534899 0.0700997 0.0558881 0.0578705 0.0418339 0.0433354 0.0459548 0.0437343 0.0427878 0.0572902 0.0554251 0.0495186 0.0635053 0.0461496 0.0513848 0.0580846 0.0462947 0.0842279 0.0441704 0.0514822 0.0465859 0.0582420 0.0580320 0.0665441 0.0417480 0.0418566 0.0656453 0.0445533 0.0649586 0.0574655 0.0626487 0.0601096 0.0516361 0.0466888 0.0612197 
I0196_523_Musophagidae_Corythaeola_cristata               0.0334956 0.0344695 0.0334856 0.0429231 0.0331121 0.0378726 0.0151950 0.0320989 0.0473363 0.0451942 0.0000000 0.0413805 0.0332878 0.0344951 0.0430288 0.0267903 0.0167809 0.0438656 0.0211979 0.0439863 0.0245513 0.0227242 0.0241107 0.0203591 0.0338205 0.0238448 0.0402222 0.0467818 0.0471904 0.0225566 0.0424080 0.0383308 0.0387974 0.0333021 0.0421644 0.0441663 0.0407718 0.0546658 0.0446976 0.0405657 0.0600002 0.0450516 0.0318894 0.0415303 0.0275385 0.0421037 0.0401542 0.0206200 0.0361344 0.0406426 0.0446390 0.0320921 0.0226379 0.0396918 0.0361374 0.0250328 0.0228112 0.0575643 0.0398212 0.0397480 0.0341554 0.0232408 0.0286763 0.0467819 0.0404074 0.0263073 0.0391789 0.0445848 0.0434158 0.0437608 0.0264497 0.0248196 0.0421120 0.0247884 0.0226873 0.0236753 0.0342384 0.0366453 0.0355850 0.0357902 0.0212993 0.0196038 0.0420772 0.0560103 0.0320450 0.0309441 0.0286043 0.0208202 0.0381815 0.0302292 0.0379782 0.0412590 0.0198562 0.0231020 0.0230159 0.0342844 0.0307309 0.0444248 0.0242611 0.0222698 0.0285561 0.0366566 0.0554497 0.0348231 0.0517192 0.0247286 0.0192664 0.0455139 0.0365638 0.0230429 0.0443102 0.0342694 0.0215568 0.0244215 0.0213954 0.0323884 0.0310903 0.0441269 0.0215915 0.0472522 0.0254356 0.0284164 0.0327870 0.0439451 0.0458813 0.0277340 0.0498385 0.0272720 0.0312848 0.0198362 0.0223560 0.0203942 0.0328894 0.0245901 0.0367605 0.0269385 0.0225957 0.0365577 0.0504937 0.0399841 0.0421040 0.0195647 0.0232868 0.0243750 0.0233898 0.0222408 0.0392545 0.0392366 0.0334431 0.0447971 0.0256028 0.0356123 0.0438909 0.0256950 0.0658706 0.0231017 0.0317123 0.0235060 0.0443758 0.0423702 0.0486230 0.0203311 0.0200835 0.0448226 0.0235601 0.0518292 0.0417238 0.0479524 0.0459534 0.0321534 0.0296761 0.0452133 
I0197_832_Corvidae_Corvus_albus                           0.0484652 0.0476335 0.0481442 0.0359005 0.0471318 0.0522817 0.0432740 0.0460064 0.0571428 0.0564434 0.0413805 0.0000000 0.0480119 0.0462968 0.0353784 0.0418347 0.0337481 0.0355064 0.0391022 0.0353566 0.0421297 0.0388469 0.0423694 0.0377787 0.0482020 0.0408507 0.0528511 0.0236837 0.0219206 0.0387410 0.0335587 0.0314918 0.0517996 0.0473252 0.0344883 0.0574226 0.0337804 0.0667900 0.0357922 0.0332340 0.0709093 0.0572506 0.0449336 0.0559130 0.0422821 0.0342549 0.0319577 0.0387978 0.0508751 0.0324471 0.0357718 0.0458487 0.0402201 0.0349034 0.0490738 0.0408379 0.0390813 0.0697487 0.0322065 0.0532918 0.0488042 0.0407393 0.0436361 0.0597434 0.0547637 0.0430392 0.0526386 0.0600956 0.0360894 0.0351621 0.0444913 0.0408768 0.0538789 0.0366164 0.0403816 0.0406528 0.0486269 0.0487084 0.0486182 0.0479244 0.0392585 0.0378342 0.0531942 0.0675035 0.0463419 0.0455512 0.0458938 0.0390112 0.0538005 0.0452039 0.0523729 0.0536307 0.0384353 0.0401503 0.0398180 0.0492315 0.0431756 0.0559094 0.0398940 0.0398373 0.0450234 0.0501671 0.0677450 0.0510136 0.0647456 0.0422967 0.0368042 0.0366347 0.0518728 0.0405792 0.0585665 0.0492502 0.0396860 0.0427774 0.0390912 0.0467868 0.0462643 0.0575398 0.0390979 0.0595756 0.0425392 0.0442083 0.0487161 0.0556973 0.0606973 0.0459424 0.0406538 0.0449370 0.0455990 0.0382402 0.0407895 0.0386932 0.0472141 0.0413656 0.0512315 0.0447095 0.0398998 0.0515259 0.0640229 0.0219867 0.0339365 0.0381415 0.0419182 0.0420394 0.0406287 0.0395922 0.0541746 0.0547284 0.0475207 0.0579194 0.0406520 0.0495797 0.0346595 0.0414156 0.0776583 0.0413487 0.0464144 0.0417328 0.0348427 0.0214097 0.0619970 0.0388469 0.0388771 0.0598519 0.0407019 0.0254406 0.0105130 0.0236903 0.0232821 0.0471375 0.0451469 0.0399857 
I0198_937_Bucerotidae_Tockus_camurus                      0.0389300 0.0406340 0.0425408 0.0494891 0.0399432 0.0438224 0.0356246 0.0403169 0.0529577 0.0496606 0.0332878 0.0480119 0.0000000 0.0406628 0.0503982 0.0351626 0.0250443 0.0521084 0.0306131 0.0527003 0.0325309 0.0313022 0.0323626 0.0296061 0.0418138 0.0323235 0.0458170 0.0536553 0.0534304 0.0307987 0.0501501 0.0460964 0.0476224 0.0408336 0.0499398 0.0520316 0.0498135 0.0611992 0.0532385 0.0489910 0.0672334 0.0466805 0.0371562 0.0500918 0.0347670 0.0497282 0.0491251 0.0302593 0.0427872 0.0497531 0.0531320 0.0398796 0.0313175 0.0493584 0.0454152 0.0328638 0.0322130 0.0650742 0.0487013 0.0474578 0.0423610 0.0325353 0.0381985 0.0544286 0.0480321 0.0352877 0.0441234 0.0527612 0.0501281 0.0515337 0.0366606 0.0328868 0.0477202 0.0302969 0.0310827 0.0321866 0.0402149 0.0416947 0.0406610 0.0410394 0.0299184 0.0280172 0.0503120 0.0627641 0.0390652 0.0378602 0.0373863 0.0298294 0.0471398 0.0354477 0.0457023 0.0468622 0.0297701 0.0316648 0.0310036 0.0429771 0.0362277 0.0521164 0.0312177 0.0310106 0.0368555 0.0425891 0.0620374 0.0427671 0.0587912 0.0335163 0.0286452 0.0534703 0.0442787 0.0320584 0.0514390 0.0415807 0.0312410 0.0327478 0.0309104 0.0411290 0.0387671 0.0503650 0.0308188 0.0497499 0.0331595 0.0381657 0.0425516 0.0484850 0.0533684 0.0371681 0.0565301 0.0358754 0.0385077 0.0300543 0.0318870 0.0302799 0.0413680 0.0323909 0.0453632 0.0361646 0.0317025 0.0450673 0.0575937 0.0472877 0.0511360 0.0285266 0.0328743 0.0342295 0.0317853 0.0310631 0.0464490 0.0478122 0.0410682 0.0524694 0.0342222 0.0436429 0.0509000 0.0336748 0.0731757 0.0323122 0.0396645 0.0328661 0.0506357 0.0490857 0.0555024 0.0303026 0.0297252 0.0526169 0.0322447 0.0596197 0.0485200 0.0556586 0.0525800 0.0396445 0.0161549 0.0519045 
I0199_955_Meropidae_Merops_muelleri                       0.0380250 0.0408176 0.0431847 0.0497055 0.0399658 0.0461075 0.0373399 0.0412612 0.0491624 0.0518895 0.0344951 0.0462968 0.0406628 0.0000000 0.0492100 0.0374840 0.0267944 0.0477547 0.0322785 0.0488933 0.0352617 0.0326945 0.0349121 0.0324391 0.0439533 0.0343959 0.0481079 0.0524661 0.0528219 0.0330676 0.0472265 0.0457229 0.0466490 0.0428191 0.0488899 0.0532057 0.0476262 0.0639760 0.0496807 0.0460426 0.0676008 0.0516498 0.0355763 0.0509722 0.0377661 0.0493521 0.0460679 0.0318211 0.0458639 0.0461773 0.0522662 0.0417700 0.0341946 0.0456379 0.0454636 0.0356263 0.0346216 0.0666757 0.0452920 0.0498046 0.0446914 0.0340594 0.0392669 0.0554238 0.0499921 0.0375268 0.0473215 0.0558566 0.0507511 0.0491663 0.0382468 0.0355409 0.0495155 0.0311180 0.0333738 0.0345312 0.0431457 0.0399827 0.0422076 0.0426828 0.0324997 0.0299975 0.0486580 0.0652520 0.0411531 0.0398870 0.0404460 0.0324895 0.0490986 0.0340184 0.0475510 0.0489703 0.0314429 0.0340459 0.0338187 0.0454425 0.0325456 0.0530851 0.0341476 0.0333532 0.0391084 0.0450854 0.0638519 0.0460458 0.0608267 0.0363892 0.0307432 0.0514268 0.0469459 0.0344415 0.0553387 0.0436383 0.0330670 0.0361087 0.0330805 0.0418474 0.0410633 0.0543172 0.0329808 0.0535942 0.0366784 0.0388546 0.0429031 0.0510097 0.0564378 0.0390050 0.0547162 0.0384999 0.0401083 0.0317654 0.0347017 0.0316435 0.0427012 0.0353696 0.0458018 0.0382839 0.0329208 0.0457518 0.0603216 0.0467139 0.0480215 0.0306001 0.0349865 0.0362221 0.0342927 0.0316536 0.0494980 0.0507332 0.0427761 0.0538142 0.0360423 0.0442701 0.0485731 0.0364826 0.0735060 0.0342650 0.0410924 0.0352151 0.0491765 0.0479216 0.0578641 0.0325484 0.0326548 0.0559909 0.0337962 0.0572280 0.0475721 0.0529863 0.0515964 0.0417800 0.0370769 0.0505760 
I0200_988_Furnariidae_Furnarius_rufus                     0.0494544 0.0495275 0.0500053 0.0325022 0.0486169 0.0539976 0.0444522 0.0473892 0.0590514 0.0570385 0.0430288 0.0353784 0.0503982 0.0492100 0.0000000 0.0435568 0.0353064 0.0283787 0.0404887 0.0278903 0.0443996 0.0409976 0.0433116 0.0394353 0.0495074 0.0424053 0.0550167 0.0405485 0.0401791 0.0404778 0.0270280 0.0253199 0.0527174 0.0489930 0.0126165 0.0590189 0.0269171 0.0683092 0.0296819 0.0263015 0.0733923 0.0595400 0.0474026 0.0561119 0.0445587 0.0231069 0.0259644 0.0401758 0.0517725 0.0258954 0.0119789 0.0470985 0.0426577 0.0298235 0.0517039 0.0426527 0.0410107 0.0701388 0.0258030 0.0557023 0.0508872 0.0415425 0.0450721 0.0606115 0.0567003 0.0447708 0.0545964 0.0639435 0.0244105 0.0276515 0.0450505 0.0426614 0.0542201 0.0375899 0.0422445 0.0434095 0.0498772 0.0503409 0.0497456 0.0493982 0.0408490 0.0389076 0.0547719 0.0693732 0.0483727 0.0472936 0.0463871 0.0400429 0.0559838 0.0460274 0.0537789 0.0545886 0.0402231 0.0422648 0.0414646 0.0502711 0.0441581 0.0550445 0.0417177 0.0417602 0.0462480 0.0512416 0.0686207 0.0523588 0.0654579 0.0434662 0.0385757 0.0227202 0.0523432 0.0427368 0.0624319 0.0505386 0.0410251 0.0441348 0.0408725 0.0496873 0.0480824 0.0610100 0.0414084 0.0630584 0.0449993 0.0467289 0.0500410 0.0563788 0.0629980 0.0469601 0.0366396 0.0463626 0.0476536 0.0402227 0.0424033 0.0405088 0.0495182 0.0436592 0.0522052 0.0458607 0.0416634 0.0516752 0.0667342 0.0323098 0.0275971 0.0399432 0.0422465 0.0444930 0.0430963 0.0405612 0.0561914 0.0568563 0.0482508 0.0600013 0.0434605 0.0500499 0.0209363 0.0437050 0.0798600 0.0426708 0.0478105 0.0421148 0.0306755 0.0330728 0.0626004 0.0403566 0.0401649 0.0623262 0.0419263 0.0409003 0.0346949 0.0401104 0.0395829 0.0489225 0.0476027 0.0395079 
I0201_999_Scolopacidae_Tringa_solitaria                   0.0361722 0.0363755 0.0362699 0.0433868 0.0351090 0.0409898 0.0289968 0.0330158 0.0481646 0.0471475 0.0267903 0.0418347 0.0351626 0.0374840 0.0435568 0.0000000 0.0197254 0.0451884 0.0242011 0.0458465 0.0203151 0.0264199 0.0228277 0.0233496 0.0348162 0.0222079 0.0425521 0.0478329 0.0472253 0.0254760 0.0436990 0.0393981 0.0395902 0.0341911 0.0433164 0.0471896 0.0427211 0.0572818 0.0456916 0.0423265 0.0610127 0.0479124 0.0344149 0.0426492 0.0302876 0.0435468 0.0419075 0.0234919 0.0391753 0.0421190 0.0458333 0.0331281 0.0259826 0.0413665 0.0384948 0.0274540 0.0260464 0.0598972 0.0421558 0.0426401 0.0369240 0.0252944 0.0314620 0.0491120 0.0427191 0.0296380 0.0423452 0.0475908 0.0447895 0.0443389 0.0303031 0.0277702 0.0438987 0.0253266 0.0261051 0.0203480 0.0372903 0.0372530 0.0373205 0.0378386 0.0243715 0.0228107 0.0426423 0.0582724 0.0210491 0.0345197 0.0315962 0.0238754 0.0413270 0.0326665 0.0404705 0.0433517 0.0226617 0.0223525 0.0257434 0.0349285 0.0330177 0.0466252 0.0277887 0.0214992 0.0313691 0.0402823 0.0577550 0.0377698 0.0540540 0.0282345 0.0227897 0.0468921 0.0396303 0.0260262 0.0477177 0.0380622 0.0243655 0.0279431 0.0245484 0.0346716 0.0352231 0.0462107 0.0248855 0.0486604 0.0224172 0.0311230 0.0356082 0.0453128 0.0482051 0.0313384 0.0495519 0.0246674 0.0199587 0.0235693 0.0258948 0.0230160 0.0354556 0.0213120 0.0392577 0.0301937 0.0245948 0.0387060 0.0530315 0.0407376 0.0435953 0.0220727 0.0261046 0.0276933 0.0261564 0.0248771 0.0404921 0.0417179 0.0350848 0.0479944 0.0083244 0.0376578 0.0440404 0.0099104 0.0665081 0.0270193 0.0330583 0.0279673 0.0456086 0.0428158 0.0505660 0.0240292 0.0235025 0.0477864 0.0265424 0.0531205 0.0426805 0.0486642 0.0473388 0.0212697 0.0316696 0.0443549 
I0202_1066_Cathartidae_Cathartes_burrovianus              0.0259431 0.0267449 0.0271243 0.0346794 0.0262146 0.0299672 0.0193525 0.0206506 0.0390349 0.0365585 0.0167809 0.0337481 0.0250443 0.0267944 0.0353064 0.0197254 0.0000000 0.0365492 0.0143951 0.0368358 0.0167696 0.0156039 0.0163304 0.0135308 0.0245876 0.0171955 0.0323009 0.0391725 0.0393195 0.0151077 0.0341102 0.0308768 0.0324032 0.0237003 0.0347177 0.0364227 0.0342294 0.0470998 0.0371763 0.0330538 0.0516732 0.0369965 0.0246445 0.0341760 0.0197766 0.0350275 0.0332402 0.0140527 0.0284030 0.0334655 0.0374713 0.0227358 0.0159785 0.0333914 0.0300551 0.0173305 0.0167959 0.0496250 0.0330185 0.0324046 0.0268219 0.0165836 0.0222516 0.0394599 0.0328944 0.0203308 0.0314617 0.0372999 0.0359339 0.0357284 0.0206196 0.0174564 0.0345351 0.0172899 0.0149540 0.0166633 0.0257529 0.0283696 0.0273248 0.0277712 0.0142472 0.0031976 0.0356481 0.0473486 0.0248785 0.0239486 0.0224253 0.0140032 0.0310468 0.0226349 0.0306994 0.0337340 0.0134734 0.0162743 0.0151888 0.0275555 0.0229609 0.0374496 0.0170842 0.0156092 0.0214283 0.0285396 0.0471721 0.0276887 0.0439815 0.0178136 0.0125564 0.0381770 0.0289812 0.0163972 0.0366471 0.0266044 0.0144606 0.0167529 0.0146991 0.0262269 0.0235562 0.0364427 0.0152255 0.0387793 0.0187980 0.0224796 0.0261400 0.0367813 0.0387379 0.0218269 0.0412406 0.0203209 0.0238982 0.0134307 0.0160679 0.0131613 0.0259842 0.0174182 0.0292160 0.0205203 0.0154474 0.0293750 0.0425309 0.0322588 0.0346610 0.0120666 0.0169679 0.0181420 0.0162176 0.0147072 0.0310885 0.0321906 0.0261293 0.0369900 0.0185742 0.0279768 0.0360293 0.0190483 0.0579202 0.0168009 0.0220630 0.0172320 0.0359937 0.0340576 0.0411359 0.0141830 0.0137727 0.0379143 0.0149561 0.0448166 0.0339063 0.0404967 0.0379528 0.0247673 0.0213350 0.0358951 
I0203_1087_Tyrannidae_Hymenops_perspicillatus             0.0485693 0.0490223 0.0521311 0.0318196 0.0479513 0.0546735 0.0461579 0.0487571 0.0578724 0.0578618 0.0438656 0.0355064 0.0521084 0.0477547 0.0283787 0.0451884 0.0365492 0.0000000 0.0411985 0.0090160 0.0445052 0.0421758 0.0453286 0.0406978 0.0502254 0.0433071 0.0551463 0.0390831 0.0382894 0.0413040 0.0163809 0.0145101 0.0539950 0.0491048 0.0273828 0.0606297 0.0151227 0.0707749 0.0157283 0.0154806 0.0745830 0.0608554 0.0478045 0.0577876 0.0459108 0.0272488 0.0152600 0.0410785 0.0522586 0.0148619 0.0282830 0.0478522 0.0433830 0.0109140 0.0517980 0.0439322 0.0427041 0.0731128 0.0151704 0.0569134 0.0528250 0.0430596 0.0454232 0.0619251 0.0576224 0.0465767 0.0553029 0.0643885 0.0281585 0.0162895 0.0466948 0.0439083 0.0544981 0.0392893 0.0436365 0.0440940 0.0496612 0.0515611 0.0511646 0.0511172 0.0418108 0.0406895 0.0552879 0.0708489 0.0492382 0.0472263 0.0466932 0.0415412 0.0572814 0.0474431 0.0555232 0.0545627 0.0405026 0.0431079 0.0416973 0.0501007 0.0455352 0.0542484 0.0439260 0.0434219 0.0478800 0.0510841 0.0696992 0.0549767 0.0675004 0.0449249 0.0398281 0.0284825 0.0524769 0.0432987 0.0633727 0.0505056 0.0424992 0.0449839 0.0418380 0.0508991 0.0479598 0.0626331 0.0423802 0.0643838 0.0459003 0.0475277 0.0514512 0.0562683 0.0630883 0.0489413 0.0353909 0.0475858 0.0472287 0.0410509 0.0421703 0.0411426 0.0496505 0.0449482 0.0515837 0.0475049 0.0433208 0.0520915 0.0690628 0.0332085 0.0168713 0.0402035 0.0434463 0.0449811 0.0436584 0.0423026 0.0568510 0.0572915 0.0490019 0.0622682 0.0436578 0.0505243 0.0277853 0.0445592 0.0805465 0.0430099 0.0486411 0.0443180 0.0309812 0.0341746 0.0638264 0.0427496 0.0417988 0.0637236 0.0439853 0.0391714 0.0343948 0.0394324 0.0395348 0.0504368 0.0481377 0.0392409 
I0204_1174_Threskiornithidae_Harpiprion_caerulescens      0.0317394 0.0330553 0.0321906 0.0397004 0.0320616 0.0363605 0.0243128 0.0289054 0.0454156 0.0420879 0.0211979 0.0391022 0.0306131 0.0322785 0.0404887 0.0242011 0.0143951 0.0411985 0.0000000 0.0421443 0.0207266 0.0209002 0.0207565 0.0160100 0.0306166 0.0209623 0.0380948 0.0443495 0.0435981 0.0199440 0.0401530 0.0361971 0.0366319 0.0302183 0.0397825 0.0416567 0.0399449 0.0522088 0.0426383 0.0385380 0.0573279 0.0425873 0.0299381 0.0385436 0.0245228 0.0402728 0.0385383 0.0157167 0.0341263 0.0387131 0.0428236 0.0291175 0.0176765 0.0375922 0.0345010 0.0223717 0.0211286 0.0552051 0.0385581 0.0374954 0.0304938 0.0177881 0.0255286 0.0446994 0.0376000 0.0239279 0.0373286 0.0419605 0.0411300 0.0412207 0.0252227 0.0222642 0.0400088 0.0217600 0.0197994 0.0208075 0.0312826 0.0335782 0.0335939 0.0333667 0.0158060 0.0165891 0.0397218 0.0527918 0.0287611 0.0289727 0.0258444 0.0167235 0.0353468 0.0281237 0.0355034 0.0392085 0.0176420 0.0200532 0.0202212 0.0322047 0.0283936 0.0428868 0.0225642 0.0197504 0.0258569 0.0343051 0.0526257 0.0316275 0.0492134 0.0217996 0.0148582 0.0435086 0.0345691 0.0177811 0.0419647 0.0329082 0.0162654 0.0220487 0.0169974 0.0303898 0.0294405 0.0405200 0.0162781 0.0444449 0.0227824 0.0267163 0.0302591 0.0418093 0.0444435 0.0254852 0.0465247 0.0237267 0.0281499 0.0159101 0.0205530 0.0155521 0.0319147 0.0217006 0.0355501 0.0245465 0.0179450 0.0354206 0.0475007 0.0373784 0.0400244 0.0150698 0.0183377 0.0230674 0.0185343 0.0197616 0.0356080 0.0368426 0.0312340 0.0422426 0.0230603 0.0329370 0.0407576 0.0229214 0.0628338 0.0215459 0.0289351 0.0208431 0.0412663 0.0392193 0.0455509 0.0172620 0.0163097 0.0429759 0.0210184 0.0498947 0.0393826 0.0453577 0.0432908 0.0295082 0.0270067 0.0410842 
I0205_1183_Tyrannidae_Hirundinea_ferruginea               0.0501733 0.0497806 0.0528186 0.0321234 0.0485518 0.0558456 0.0466067 0.0494629 0.0586441 0.0590280 0.0439863 0.0353566 0.0527003 0.0488933 0.0278903 0.0458465 0.0368358 0.0090160 0.0421443 0.0000000 0.0449627 0.0430509 0.0456189 0.0414204 0.0511765 0.0440256 0.0567545 0.0389163 0.0382314 0.0416990 0.0159647 0.0146048 0.0550469 0.0502566 0.0272754 0.0615924 0.0146524 0.0716781 0.0152776 0.0151751 0.0772796 0.0624980 0.0493033 0.0588160 0.0466843 0.0270112 0.0148888 0.0414567 0.0533180 0.0145433 0.0288792 0.0490331 0.0440205 0.0130236 0.0520588 0.0446246 0.0433377 0.0735648 0.0144869 0.0575348 0.0534978 0.0435260 0.0464948 0.0624718 0.0584352 0.0468866 0.0563419 0.0662231 0.0278190 0.0158195 0.0474743 0.0447688 0.0552088 0.0407307 0.0439443 0.0445441 0.0509715 0.0527324 0.0517735 0.0524822 0.0431031 0.0412140 0.0564128 0.0729466 0.0498390 0.0485947 0.0476472 0.0421418 0.0577931 0.0488638 0.0563691 0.0556873 0.0415357 0.0438844 0.0426841 0.0507073 0.0465369 0.0564051 0.0450378 0.0438220 0.0480919 0.0525623 0.0707639 0.0553013 0.0685077 0.0451527 0.0403337 0.0289281 0.0530282 0.0442380 0.0654706 0.0517375 0.0426633 0.0456684 0.0426480 0.0518567 0.0495104 0.0655441 0.0429829 0.0653143 0.0462344 0.0473115 0.0518909 0.0574917 0.0633522 0.0493731 0.0359610 0.0483644 0.0480655 0.0418934 0.0429748 0.0421951 0.0514899 0.0452716 0.0538176 0.0481304 0.0442663 0.0536894 0.0708381 0.0328842 0.0162001 0.0411883 0.0440588 0.0454609 0.0445382 0.0433759 0.0579234 0.0589606 0.0501415 0.0630588 0.0443758 0.0509841 0.0280152 0.0452938 0.0830342 0.0438783 0.0497123 0.0449109 0.0311334 0.0349101 0.0648369 0.0433185 0.0422942 0.0662501 0.0450436 0.0410697 0.0349178 0.0397667 0.0392003 0.0508049 0.0489625 0.0401346 
I0206_1192_Laridae_Chroicocephalus_cirrocephalus          0.0335660 0.0339793 0.0343165 0.0429808 0.0333573 0.0387139 0.0266670 0.0317652 0.0477665 0.0456142 0.0245513 0.0421297 0.0325309 0.0352617 0.0443996 0.0203151 0.0167696 0.0445052 0.0207266 0.0449627 0.0000000 0.0235568 0.0198509 0.0207990 0.0328623 0.0198946 0.0412629 0.0466626 0.0476262 0.0228315 0.0420517 0.0393874 0.0391869 0.0326189 0.0433404 0.0452918 0.0427543 0.0549363 0.0459214 0.0419068 0.0603756 0.0449512 0.0321675 0.0412196 0.0268782 0.0435958 0.0417740 0.0200444 0.0360320 0.0415021 0.0459276 0.0314322 0.0228788 0.0404326 0.0371297 0.0246274 0.0237776 0.0590928 0.0416588 0.0404383 0.0340494 0.0225221 0.0288247 0.0477644 0.0408006 0.0270162 0.0406388 0.0454874 0.0450217 0.0438606 0.0277240 0.0245993 0.0428352 0.0238086 0.0227783 0.0065931 0.0342256 0.0355153 0.0355173 0.0362891 0.0214094 0.0194013 0.0419819 0.0579545 0.0251958 0.0318741 0.0297709 0.0207392 0.0392339 0.0301071 0.0386111 0.0410466 0.0205334 0.0190989 0.0228861 0.0351823 0.0310750 0.0462797 0.0247434 0.0181986 0.0290198 0.0366295 0.0565214 0.0350362 0.0529582 0.0252421 0.0198264 0.0469148 0.0372748 0.0225955 0.0451449 0.0347490 0.0213983 0.0247439 0.0210441 0.0328700 0.0318812 0.0438974 0.0219565 0.0467898 0.0087051 0.0294054 0.0335693 0.0442465 0.0475706 0.0289204 0.0501369 0.0152833 0.0256922 0.0198615 0.0234959 0.0197445 0.0329397 0.0090697 0.0378745 0.0270657 0.0222701 0.0371675 0.0501703 0.0398930 0.0433074 0.0193756 0.0238992 0.0257700 0.0231255 0.0230398 0.0393530 0.0405479 0.0338534 0.0461562 0.0192927 0.0348974 0.0442560 0.0197162 0.0666665 0.0246834 0.0311875 0.0237140 0.0456204 0.0427276 0.0497246 0.0214834 0.0205403 0.0453398 0.0244818 0.0530476 0.0430641 0.0484096 0.0461176 0.0258364 0.0296192 0.0442491 
I0208_1208_Strigidae_Strix_varia                          0.0319191 0.0332501 0.0337071 0.0410930 0.0325039 0.0357296 0.0264561 0.0311052 0.0458918 0.0413285 0.0227242 0.0388469 0.0313022 0.0326945 0.0409976 0.0264199 0.0156039 0.0421758 0.0209002 0.0430509 0.0235568 0.0000000 0.0218389 0.0199344 0.0332892 0.0229286 0.0379492 0.0444933 0.0445219 0.0212881 0.0399784 0.0365258 0.0376314 0.0326845 0.0407128 0.0428614 0.0402671 0.0541344 0.0434968 0.0390666 0.0588862 0.0431444 0.0303169 0.0399566 0.0257712 0.0411650 0.0387472 0.0197766 0.0345416 0.0392688 0.0436726 0.0316625 0.0219250 0.0392335 0.0363226 0.0231514 0.0225271 0.0565724 0.0391630 0.0382558 0.0326259 0.0225027 0.0280892 0.0463764 0.0385073 0.0260740 0.0369870 0.0440471 0.0423363 0.0414676 0.0263905 0.0232202 0.0399750 0.0225830 0.0209514 0.0233070 0.0318422 0.0334323 0.0325645 0.0334243 0.0207488 0.0180286 0.0408829 0.0545227 0.0314927 0.0295089 0.0289907 0.0205409 0.0369074 0.0280711 0.0369233 0.0388837 0.0193383 0.0224960 0.0207666 0.0344266 0.0287896 0.0439942 0.0227152 0.0214656 0.0279390 0.0344729 0.0536863 0.0332833 0.0508653 0.0243873 0.0185343 0.0448451 0.0368460 0.0221753 0.0443776 0.0328202 0.0208025 0.0231187 0.0208528 0.0318940 0.0298173 0.0428787 0.0214923 0.0450101 0.0247836 0.0291699 0.0329556 0.0414422 0.0442617 0.0273120 0.0467424 0.0269363 0.0306142 0.0196486 0.0233335 0.0190499 0.0328731 0.0235092 0.0359554 0.0265184 0.0220462 0.0356023 0.0491487 0.0384676 0.0408718 0.0187909 0.0228335 0.0247099 0.0224498 0.0204617 0.0376800 0.0379486 0.0324331 0.0434858 0.0250837 0.0348203 0.0422830 0.0254122 0.0653409 0.0235262 0.0310645 0.0232923 0.0424914 0.0406492 0.0479826 0.0203546 0.0204620 0.0444183 0.0217491 0.0501039 0.0402462 0.0453387 0.0428046 0.0321411 0.0275158 0.0433970 
