35
Burramyidae_Burramys_parvus                  0.0000000 0.1229179 0.0744336 0.0795482 0.0835297 0.1189527 0.0683387 0.0795766 0.0843542 0.1269531 0.0814798 0.1222014 0.1240633 0.0848687 0.0828611 0.1225419 0.1213367 0.1236524 0.0787190 0.1079420 0.1374324 0.1285707 0.1213228 0.0844632 0.0972138 0.0929376 0.0768610 0.0922059 0.1357471 0.0955866 0.0838570 0.1205053 0.1276751 0.1636759 0.1573793 
Notoryctidae_Notoryctes_typhlops             0.1229179 0.0000000 0.1015370 0.1041242 0.1021602 0.1129686 0.1010952 0.1137509 0.1095138 0.1196258 0.1139795 0.1192079 0.1210136 0.1176537 0.1010213 0.1202946 0.1171455 0.1244540 0.1037578 0.1271053 0.1175562 0.1109782 0.1138730 0.1104061 0.0907516 0.1082120 0.1010219 0.1082578 0.1485586 0.1159412 0.1170499 0.1150510 0.1201169 0.1166963 0.1171169 
Vombatidae_Lasiorhinus_latifrons             0.0744336 0.1015370 0.0000000 0.0620325 0.0633929 0.0983776 0.0609369 0.0706711 0.0642277 0.0988477 0.0697477 0.1038714 0.1009894 0.0732500 0.0617010 0.1021952 0.1005247 0.1047468 0.0614480 0.0894717 0.1219981 0.1100898 0.1001832 0.0723871 0.0780960 0.0739249 0.0585608 0.0713093 0.1137047 0.0812639 0.0713461 0.0985929 0.1007390 0.1180005 0.1136714 
Potoroidae_Bettongia_penicillata             0.0795482 0.1041242 0.0620325 0.0000000 0.0095048 0.0989453 0.0585587 0.0721806 0.0166143 0.1018383 0.0726762 0.1059076 0.1030807 0.0744123 0.0598383 0.1036775 0.1024516 0.1046224 0.0289910 0.0835013 0.1151547 0.1080516 0.1021810 0.0508770 0.0863981 0.0715980 0.0261202 0.0664278 0.1114201 0.0761459 0.0742404 0.1018113 0.1036996 0.1184527 0.1133183 
Potoroidae_Bettongia_lesueur                 0.0835297 0.1021602 0.0633929 0.0095048 0.0000000 0.1006002 0.0598755 0.0734932 0.0205637 0.1036043 0.0763409 0.1093979 0.1042662 0.0762944 0.0603406 0.1066793 0.1046890 0.1069802 0.0325903 0.0870348 0.1177897 0.1127967 0.1047098 0.0554677 0.0898857 0.0743224 0.0287103 0.0676958 0.1108978 0.0740150 0.0760307 0.1041717 0.1060119 0.1192352 0.1125861 
Dasyuridae_Dasyurus_maculatus                0.1189527 0.1129686 0.0983776 0.0989453 0.1006002 0.0000000 0.0956177 0.1045499 0.1054169 0.1156283 0.1075405 0.0221879 0.0294403 0.1082158 0.0961159 0.0229793 0.0067875 0.0300741 0.1015852 0.1206724 0.1247239 0.1194928 0.0192986 0.1023791 0.0929916 0.1118978 0.0965232 0.1071409 0.1457069 0.1177706 0.1077742 0.0056439 0.1172607 0.1309024 0.1260889 
Phalangeridae_Trichosurus_vulpecula          0.0683387 0.1010952 0.0609369 0.0585587 0.0598755 0.0956177 0.0000000 0.0290070 0.0615655 0.1008181 0.0284970 0.1017078 0.0990698 0.0322376 0.0565863 0.1020592 0.0962673 0.1027550 0.0565581 0.0841413 0.1108901 0.1060060 0.1046364 0.0608039 0.0767245 0.0659534 0.0524143 0.0663061 0.1017774 0.0696412 0.0307002 0.0975321 0.1004920 0.1128811 0.1103806 
Phalangeridae_Spilocuscus_maculatus          0.0795766 0.1137509 0.0706711 0.0721806 0.0734932 0.1045499 0.0290070 0.0000000 0.0757947 0.1163516 0.0323387 0.1117506 0.1059391 0.0144377 0.0652330 0.1110449 0.1072773 0.1107694 0.0691623 0.0935478 0.1248800 0.1197725 0.1151451 0.0750720 0.0889825 0.0784828 0.0644774 0.0771673 0.1185653 0.0846525 0.0139686 0.1075060 0.1172566 0.1339295 0.1291974 
Potoroidae_Aepyprymnus_rufescens             0.0843542 0.1095138 0.0642277 0.0166143 0.0205637 0.1054169 0.0615655 0.0757947 0.0000000 0.1062275 0.0759213 0.1115952 0.1081435 0.0791506 0.0642214 0.1097287 0.1084684 0.1076634 0.0294680 0.0888251 0.1201269 0.1114127 0.1102421 0.0556484 0.0910310 0.0753059 0.0258247 0.0680047 0.1148879 0.0795984 0.0783905 0.1078127 0.1085499 0.1213117 0.1157897 
Peramelidae_Perameles_nasuta                 0.1269531 0.1196258 0.0988477 0.1018383 0.1036043 0.1156283 0.1008181 0.1163516 0.1062275 0.0000000 0.1122667 0.1225171 0.1191075 0.1199472 0.1018735 0.1201186 0.1194676 0.1208540 0.1031400 0.1267613 0.1194589 0.1180867 0.1174963 0.1141878 0.0928742 0.1145559 0.0974339 0.1147948 0.1582670 0.1230133 0.1183199 0.1187232 0.0022681 0.0300772 0.0256593 
Phalangeridae_Strigocuscus_pelengensis       0.0814798 0.1139795 0.0697477 0.0726762 0.0763409 0.1075405 0.0284970 0.0323387 0.0759213 0.1122667 0.0000000 0.1137638 0.1094381 0.0347677 0.0675665 0.1125411 0.1102928 0.1139718 0.0695773 0.0971123 0.1235756 0.1198321 0.1183304 0.0774236 0.0887980 0.0810761 0.0660907 0.0805675 0.1183137 0.0877978 0.0332990 0.1105195 0.1123671 0.1268383 0.1217460 
Dasyuridae_Phascogale_tapoatafa              0.1222014 0.1192079 0.1038714 0.1059076 0.1093979 0.0221879 0.1017078 0.1117506 0.1115952 0.1225171 0.1137638 0.0000000 0.0312760 0.1159782 0.1038318 0.0068527 0.0198641 0.0353862 0.1065222 0.1276619 0.1280390 0.1238064 0.0118872 0.1090227 0.0981312 0.1159378 0.1028768 0.1145193 0.1530978 0.1225454 0.1150471 0.0226669 0.1245784 0.1376190 0.1349014 
Dasyuridae_Sminthopsis_macroura              0.1240633 0.1210136 0.1009894 0.1030807 0.1042662 0.0294403 0.0990698 0.1059391 0.1081435 0.1191075 0.1094381 0.0312760 0.0000000 0.1113019 0.1010759 0.0320857 0.0283162 0.0267709 0.1073422 0.1240848 0.1274779 0.1228420 0.0305634 0.1045396 0.0949385 0.1185026 0.1026134 0.1155563 0.1479517 0.1234829 0.1097474 0.0307938 0.1216686 0.1327692 0.1302083 
Phalangeridae_Phalanger_orientalis           0.0848687 0.1176537 0.0732500 0.0744123 0.0762944 0.1082158 0.0322376 0.0144377 0.0791506 0.1199472 0.0347677 0.1159782 0.1113019 0.0000000 0.0716681 0.1152558 0.1114210 0.1139543 0.0719852 0.0997706 0.1318851 0.1248134 0.1188831 0.0819523 0.0929150 0.0804167 0.0680176 0.0825148 0.1195803 0.0878467 0.0082535 0.1112328 0.1212697 0.1375985 0.1328284 
Acrobatidae_Acrobates_pygmaeus               0.0828611 0.1010213 0.0617010 0.0598383 0.0603406 0.0961159 0.0565863 0.0652330 0.0642214 0.1018735 0.0675665 0.1038318 0.1010759 0.0716681 0.0000000 0.1022149 0.0992658 0.1032451 0.0591116 0.0757010 0.1194805 0.1084990 0.1049421 0.0704721 0.0799764 0.0599560 0.0567502 0.0585029 0.0984354 0.0547363 0.0699909 0.0989348 0.1022460 0.1181189 0.1107549 
Dasyuridae_Phascogale_calura                 0.1225419 0.1202946 0.1021952 0.1036775 0.1066793 0.0229793 0.1020592 0.1110449 0.1097287 0.1201186 0.1125411 0.0068527 0.0320857 0.1152558 0.1022149 0.0000000 0.0214566 0.0353500 0.1042836 0.1264593 0.1318762 0.1264221 0.0131945 0.1088088 0.0970430 0.1153859 0.1001323 0.1134003 0.1525888 0.1207549 0.1143325 0.0234617 0.1222219 0.1360444 0.1333201 
Dasyuridae_Sarcophilus_harrisii              0.1213367 0.1171455 0.1005247 0.1024516 0.1046890 0.0067875 0.0962673 0.1072773 0.1084684 0.1194676 0.1102928 0.0198641 0.0283162 0.1114210 0.0992658 0.0214566 0.0000000 0.0301943 0.1040870 0.1240875 0.1259989 0.1207299 0.0189029 0.1039712 0.0930735 0.1137429 0.0998448 0.1116295 0.1491252 0.1180746 0.1105346 0.0071920 0.1210308 0.1338224 0.1305094 
Dasyuridae_Planigale_tenuirostris            0.1236524 0.1244540 0.1047468 0.1046224 0.1069802 0.0300741 0.1027550 0.1107694 0.1076634 0.1208540 0.1139718 0.0353862 0.0267709 0.1139543 0.1032451 0.0353500 0.0301943 0.0000000 0.1086148 0.1257476 0.1358327 0.1267945 0.0333859 0.1087540 0.0989168 0.1153025 0.1037780 0.1094279 0.1541021 0.1239713 0.1138784 0.0324784 0.1219894 0.1367430 0.1303976 
Macropodidae_Dorcopsulus_vanheurni           0.0787190 0.1037578 0.0614480 0.0289910 0.0325903 0.1015852 0.0565581 0.0691623 0.0294680 0.1031400 0.0695773 0.1065222 0.1073422 0.0719852 0.0591116 0.1042836 0.1040870 0.1086148 0.0000000 0.0861569 0.1144381 0.1004683 0.1062959 0.0498657 0.0828458 0.0700251 0.0121623 0.0659923 0.1100128 0.0779034 0.0721394 0.1013105 0.1039691 0.1192204 0.1137518 
Pseudochiridae_Pseudochirulus_forbesi        0.1079420 0.1271053 0.0894717 0.0835013 0.0870348 0.1206724 0.0841413 0.0935478 0.0888251 0.1267613 0.0971123 0.1276619 0.1240848 0.0997706 0.0757010 0.1264593 0.1240875 0.1257476 0.0861569 0.0000000 0.1434876 0.1354298 0.1288296 0.0910823 0.1081772 0.0591469 0.0819268 0.0338272 0.1107892 0.0935621 0.0977650 0.1232603 0.1287617 0.1230184 0.1180564 
Didelphidae_Didelphis_virginiana             0.1374324 0.1175562 0.1219981 0.1151547 0.1177897 0.1247239 0.1108901 0.1248800 0.1201269 0.1194589 0.1235756 0.1280390 0.1274779 0.1318851 0.1194805 0.1318762 0.1259989 0.1358327 0.1144381 0.1434876 0.0000000 0.0513810 0.1319774 0.1219249 0.1090643 0.1283419 0.1110224 0.1263149 0.1683934 0.1395681 0.1294528 0.1278581 0.1200935 0.1171811 0.1124269 
Marmosidae_Monodelphis_domestica             0.1285707 0.1109782 0.1100898 0.1080516 0.1127967 0.1194928 0.1060060 0.1197725 0.1114127 0.1180867 0.1198321 0.1238064 0.1228420 0.1248134 0.1084990 0.1264221 0.1207299 0.1267945 0.1004683 0.1354298 0.0513810 0.0000000 0.1239738 0.1118392 0.1027408 0.1235863 0.1026855 0.1192811 0.1572066 0.1268554 0.1219417 0.1225651 0.1193093 0.1241197 0.1153384 
Dasyuridae_Antechinus_stuartii               0.1213228 0.1138730 0.1001832 0.1021810 0.1047098 0.0192986 0.1046364 0.1151451 0.1102421 0.1174963 0.1183304 0.0118872 0.0305634 0.1188831 0.1049421 0.0131945 0.0189029 0.0333859 0.1062959 0.1288296 0.1319774 0.1239738 0.0000000 0.1091949 0.1001786 0.1164040 0.1024674 0.1154146 0.1508742 0.1198182 0.1185560 0.0211198 0.1204086 0.1307975 0.1276727 
Hypsiprymnodontidae_Hypsiprymnodon_moschatus 0.0844632 0.1104061 0.0723871 0.0508770 0.0554677 0.1023791 0.0608039 0.0750720 0.0556484 0.1141878 0.0774236 0.1090227 0.1045396 0.0819523 0.0704721 0.1088088 0.1039712 0.1087540 0.0498657 0.0910823 0.1219249 0.1118392 0.1091949 0.0000000 0.0893228 0.0773347 0.0477773 0.0748597 0.1170176 0.0838291 0.0798851 0.1054018 0.1152265 0.1218015 0.1197073 
Microbiotheriidae_Dromiciops_gliroides       0.0972138 0.0907516 0.0780960 0.0863981 0.0898857 0.0929916 0.0767245 0.0889825 0.0910310 0.0928742 0.0887980 0.0981312 0.0949385 0.0929150 0.0799764 0.0970430 0.0930735 0.0989168 0.0828458 0.1081772 0.1090643 0.1027408 0.1001786 0.0893228 0.0000000 0.0902754 0.0816514 0.0890709 0.1335908 0.0984021 0.0908690 0.0932344 0.0942634 0.1006101 0.0980503 
Pseudochiridae_Petauroides_volans            0.0929376 0.1082120 0.0739249 0.0715980 0.0743224 0.1118978 0.0659534 0.0784828 0.0753059 0.1145559 0.0810761 0.1159378 0.1185026 0.0804167 0.0599560 0.1153859 0.1137429 0.1153025 0.0700251 0.0591469 0.1283419 0.1235863 0.1164040 0.0773347 0.0902754 0.0000000 0.0679200 0.0432560 0.0945441 0.0813439 0.0797256 0.1139172 0.1155498 0.1258330 0.1230112 
Macropodidae_Wallabia_bicolor                0.0768610 0.1010219 0.0585608 0.0261202 0.0287103 0.0965232 0.0524143 0.0644774 0.0258247 0.0974339 0.0660907 0.1028768 0.1026134 0.0680176 0.0567502 0.1001323 0.0998448 0.1037780 0.0121623 0.0819268 0.1110224 0.1026855 0.1024674 0.0477773 0.0816514 0.0679200 0.0000000 0.0625815 0.1079227 0.0740894 0.0676000 0.0980859 0.0985663 0.1112919 0.1071947 
Pseudochiridae_Pseudocheirus_occidentalis    0.0922059 0.1082578 0.0713093 0.0664278 0.0676958 0.1071409 0.0663061 0.0771673 0.0680047 0.1147948 0.0805675 0.1145193 0.1155563 0.0825148 0.0585029 0.1134003 0.1116295 0.1094279 0.0659923 0.0338272 0.1263149 0.1192811 0.1154146 0.0748597 0.0890709 0.0432560 0.0625815 0.0000000 0.0976820 0.0777002 0.0801865 0.1103384 0.1166537 0.1298071 0.1208991 
Tarsipedidae_Tarsipes_rostratus              0.1357471 0.1485586 0.1137047 0.1114201 0.1108978 0.1457069 0.1017774 0.1185653 0.1148879 0.1582670 0.1183137 0.1530978 0.1479517 0.1195803 0.0984354 0.1525888 0.1491252 0.1541021 0.1100128 0.1107892 0.1683934 0.1572066 0.1508742 0.1170176 0.1335908 0.0945441 0.1079227 0.0976820 0.0000000 0.1130060 0.1186958 0.1489409 0.1602176 0.1730079 0.1626385 
Acrobatidae_Distoechurus_pennatus            0.0955866 0.1159412 0.0812639 0.0761459 0.0740150 0.1177706 0.0696412 0.0846525 0.0795984 0.1230133 0.0877978 0.1225454 0.1234829 0.0878467 0.0547363 0.1207549 0.1180746 0.1239713 0.0779034 0.0935621 0.1395681 0.1268554 0.1198182 0.0838291 0.0984021 0.0813439 0.0740894 0.0777002 0.1130060 0.0000000 0.0866964 0.1193502 0.1240880 0.1467528 0.1425914 
Phalangeridae_Phalanger_carmelitae           0.0838570 0.1170499 0.0713461 0.0742404 0.0760307 0.1077742 0.0307002 0.0139686 0.0783905 0.1183199 0.0332990 0.1150471 0.1097474 0.0082535 0.0699909 0.1143325 0.1105346 0.1138784 0.0721394 0.0977650 0.1294528 0.1219417 0.1185560 0.0798851 0.0908690 0.0797256 0.0676000 0.0801865 0.1186958 0.0866964 0.0000000 0.1107616 0.1197109 0.1380329 0.1332785 
Dasyuridae_Dasyurus_geffroii                 0.1205053 0.1150510 0.0985929 0.1018113 0.1041717 0.0056439 0.0975321 0.1075060 0.1078127 0.1187232 0.1105195 0.0226669 0.0307938 0.1112328 0.0989348 0.0234617 0.0071920 0.0324784 0.1013105 0.1232603 0.1278581 0.1225651 0.0211198 0.1054018 0.0932344 0.1139172 0.0980859 0.1103384 0.1489409 0.1193502 0.1107616 0.0000000 0.1203008 0.1330244 0.1281555 
Peramelidae_Perameles_gunnii                 0.1276751 0.1201169 0.1007390 0.1036996 0.1060119 0.1172607 0.1004920 0.1172566 0.1085499 0.0022681 0.1123671 0.1245784 0.1216686 0.1212697 0.1022460 0.1222219 0.1210308 0.1219894 0.1039691 0.1287617 0.1200935 0.1193093 0.1204086 0.1152265 0.0942634 0.1155498 0.0985663 0.1166537 0.1602176 0.1240880 0.1197109 0.1203008 0.0000000 0.0295137 0.0239330 
Peramelidae_Echymipera_kalubu                0.1636759 0.1166963 0.1180005 0.1184527 0.1192352 0.1309024 0.1128811 0.1339295 0.1213117 0.0300772 0.1268383 0.1376190 0.1327692 0.1375985 0.1181189 0.1360444 0.1338224 0.1367430 0.1192204 0.1230184 0.1171811 0.1241197 0.1307975 0.1218015 0.1006101 0.1258330 0.1112919 0.1298071 0.1730079 0.1467528 0.1380329 0.1330244 0.0295137 0.0000000 0.0228673 
Peramelidae_Peroryctes_raffrayana            0.1573793 0.1171169 0.1136714 0.1133183 0.1125861 0.1260889 0.1103806 0.1291974 0.1157897 0.0256593 0.1217460 0.1349014 0.1302083 0.1328284 0.1107549 0.1333201 0.1305094 0.1303976 0.1137518 0.1180564 0.1124269 0.1153384 0.1276727 0.1197073 0.0980503 0.1230112 0.1071947 0.1208991 0.1626385 0.1425914 0.1332785 0.1281555 0.0239330 0.0228673 0.0000000 
