35
Burramyidae_Burramys_parvus                  0.0000000 0.0710381 0.0864540 0.0576693 0.0570773 0.0779073 0.0470602 0.0505541 0.0613891 0.1292573 0.0744226 0.0768273 0.0784813 0.0609117 0.0835424 0.0818509 0.0757178 0.0652807 0.1259488 0.0851608 0.0858268 0.1156450 0.1047827 0.0722043 0.0743254 0.0821133 0.0695886 0.0952177 0.0754954 0.0952020 0.0643839 0.0531395 0.1281351 0.0767802 0.1305090 
Notoryctidae_Notoryctes_typhlops             0.0710381 0.0000000 0.0948794 0.0757459 0.0775343 0.0990253 0.0722079 0.0799190 0.0781428 0.1354763 0.1043844 0.0875237 0.0941426 0.0854525 0.1017417 0.0937751 0.0943041 0.0865133 0.1401545 0.1062620 0.1104572 0.1229585 0.1258173 0.0906298 0.1023193 0.0958098 0.0961671 0.1198557 0.1050230 0.1235864 0.0843666 0.0807849 0.1400627 0.0953689 0.1379315 
Vombatidae_Lasiorhinus_latifrons             0.0864540 0.0948794 0.0000000 0.0970243 0.0982519 0.1055543 0.0844145 0.0852894 0.0977886 0.1578792 0.1097582 0.1006471 0.0972357 0.0974055 0.0955986 0.1061692 0.1039876 0.0957111 0.1574636 0.1067132 0.1200215 0.1459362 0.1404427 0.0989473 0.1150386 0.1071984 0.1052091 0.1171749 0.1164561 0.1346906 0.0940553 0.0880054 0.1559990 0.1042810 0.1598466 
Potoroidae_Bettongia_penicillata             0.0576693 0.0757459 0.0970243 0.0000000 0.0036496 0.0897642 0.0659587 0.0694563 0.0130388 0.1271535 0.0913261 0.0853164 0.0895739 0.0784370 0.0895556 0.0887032 0.0868196 0.0796284 0.1261149 0.0486294 0.0965011 0.1192970 0.1135295 0.0852777 0.0625554 0.0919122 0.0808380 0.0630524 0.0878619 0.1019061 0.0741034 0.0715379 0.1245654 0.0869842 0.1256803 
Potoroidae_Bettongia_lesueur                 0.0570773 0.0775343 0.0982519 0.0036496 0.0000000 0.0916742 0.0653173 0.0711530 0.0130586 0.1290603 0.0933084 0.0888063 0.0931530 0.0810742 0.0890253 0.0922337 0.0886997 0.0825311 0.1280326 0.0500578 0.0967349 0.1215030 0.1174745 0.0888595 0.0642308 0.0948404 0.0802935 0.0647657 0.0880672 0.1021624 0.0742642 0.0732429 0.1264812 0.0888687 0.1275856 
Dasyuridae_Dasyurus_maculatus                0.0779073 0.0990253 0.1055543 0.0897642 0.0916742 0.0000000 0.0777088 0.0878757 0.0972357 0.1431682 0.1038512 0.0217701 0.0342657 0.0873399 0.1119369 0.0245021 0.0112753 0.0261175 0.1371425 0.1203011 0.1154015 0.1277096 0.1170609 0.0189415 0.1100074 0.0928002 0.1014004 0.1319176 0.1024997 0.1226426 0.0853597 0.0850147 0.1358967 0.0062250 0.1400205 
Phalangeridae_Trichosurus_vulpecula          0.0470602 0.0722079 0.0844145 0.0659587 0.0653173 0.0777088 0.0000000 0.0232750 0.0697049 0.1324248 0.0513712 0.0727722 0.0766741 0.0283666 0.0861559 0.0777077 0.0716608 0.0639571 0.1297486 0.0898376 0.0912438 0.1203204 0.1127104 0.0722818 0.0828396 0.0843830 0.0789092 0.0971838 0.0852153 0.1066385 0.0705159 0.0239212 0.1283324 0.0759252 0.1327234 
Phalangeridae_Spilocuscus_maculatus          0.0505541 0.0799190 0.0852894 0.0694563 0.0711530 0.0878757 0.0232750 0.0000000 0.0724596 0.1335499 0.0383881 0.0794923 0.0842272 0.0180098 0.0888536 0.0844924 0.0816521 0.0722674 0.1335755 0.0950564 0.0945854 0.1288212 0.1162820 0.0774761 0.0892825 0.0887079 0.0830735 0.1025090 0.0884855 0.1008183 0.0725296 0.0106490 0.1323333 0.0860365 0.1352371 
Potoroidae_Aepyprymnus_rufescens             0.0613891 0.0781428 0.0977886 0.0130388 0.0130586 0.0972357 0.0697049 0.0724596 0.0000000 0.1305419 0.0946833 0.0942795 0.0954391 0.0823877 0.0929489 0.0977388 0.0942131 0.0859386 0.1265187 0.0544816 0.0963139 0.1279236 0.1196948 0.0927506 0.0677633 0.1003223 0.0815915 0.0645614 0.0885325 0.1053167 0.0747052 0.0745435 0.1268739 0.0943925 0.1290732 
Peramelidae_Perameles_nasuta                 0.1292573 0.1354763 0.1578792 0.1271535 0.1290603 0.1431682 0.1324248 0.1335499 0.1305419 0.0000000 0.1519040 0.1337024 0.1368734 0.1375037 0.1563013 0.1339778 0.1384422 0.1203496 0.0293337 0.1605751 0.1576766 0.1783578 0.1566572 0.1307584 0.1477183 0.1548693 0.1468535 0.1758414 0.1443403 0.1667159 0.1318193 0.1348769 0.0361989 0.1390075 0.0055276 
Phalangeridae_Strigocuscus_pelengensis       0.0744226 0.1043844 0.1097582 0.0913261 0.0933084 0.1038512 0.0513712 0.0383881 0.0946833 0.1519040 0.0000000 0.0939064 0.1013653 0.0446461 0.1156617 0.1012851 0.0971366 0.0906560 0.1491370 0.1209079 0.1203615 0.1426465 0.1338502 0.0937151 0.1133495 0.1016244 0.1095843 0.1359797 0.1084424 0.1290303 0.0991512 0.0348732 0.1457320 0.1017789 0.1523674 
Dasyuridae_Phascogale_tapoatafa              0.0768273 0.0875237 0.1006471 0.0853164 0.0888063 0.0217701 0.0727722 0.0794923 0.0942795 0.1337024 0.0939064 0.0000000 0.0304824 0.0823248 0.1100566 0.0087066 0.0216481 0.0194216 0.1261199 0.1186602 0.1160216 0.1238710 0.1153598 0.0102292 0.1096955 0.0903795 0.1009995 0.1272395 0.1032613 0.1205204 0.0816979 0.0776571 0.1265959 0.0197478 0.1318918 
Dasyuridae_Sminthopsis_macroura              0.0784813 0.0941426 0.0972357 0.0895739 0.0931530 0.0342657 0.0766741 0.0842272 0.0954391 0.1368734 0.1013653 0.0304824 0.0000000 0.0845752 0.1063459 0.0346560 0.0347003 0.0209318 0.1323570 0.1172007 0.1081468 0.1262708 0.1171340 0.0292154 0.1072915 0.0898346 0.0983265 0.1286222 0.0964305 0.1223725 0.0873543 0.0800902 0.1311786 0.0334801 0.1354609 
Phalangeridae_Phalanger_orientalis           0.0609117 0.0854525 0.0974055 0.0784370 0.0810742 0.0873399 0.0283666 0.0180098 0.0823877 0.1375037 0.0446461 0.0823248 0.0845752 0.0000000 0.0983698 0.0874316 0.0811379 0.0721681 0.1364385 0.0986473 0.1023889 0.1359891 0.1231724 0.0779350 0.0970517 0.0912086 0.0904168 0.1054079 0.0943616 0.1080047 0.0818765 0.0094489 0.1345998 0.0855712 0.1371391 
Acrobatidae_Acrobates_pygmaeus               0.0835424 0.1017417 0.0955986 0.0895556 0.0890253 0.1119369 0.0861559 0.0888536 0.0929489 0.1563013 0.1156617 0.1100566 0.1063459 0.0983698 0.0000000 0.1140189 0.1101795 0.0984347 0.1567800 0.1078601 0.0904412 0.1497961 0.1458775 0.1109070 0.1103547 0.1097811 0.0757819 0.1176217 0.0863679 0.1089405 0.0508029 0.0871902 0.1588577 0.1096220 0.1564930 
Dasyuridae_Phascogale_calura                 0.0818509 0.0937751 0.1061692 0.0887032 0.0922337 0.0245021 0.0777077 0.0844924 0.0977388 0.1339778 0.1012851 0.0087066 0.0346560 0.0874316 0.1140189 0.0000000 0.0256844 0.0237908 0.1293699 0.1225168 0.1198690 0.1316834 0.1228888 0.0128769 0.1116376 0.0932044 0.1082828 0.1330280 0.1087952 0.1253951 0.0828239 0.0826170 0.1306567 0.0217849 0.1321628 
Dasyuridae_Sarcophilus_harrisii              0.0757178 0.0943041 0.1039876 0.0868196 0.0886997 0.0112753 0.0716608 0.0816521 0.0942131 0.1384422 0.0971366 0.0216481 0.0347003 0.0811379 0.1101795 0.0256844 0.0000000 0.0245385 0.1324832 0.1175622 0.1126882 0.1224232 0.1132083 0.0201855 0.1058433 0.0910465 0.0963003 0.1279331 0.0999551 0.1187284 0.0831742 0.0788708 0.1329929 0.0112505 0.1363024 
Dasyuridae_Planigale_tenuirostris            0.0652807 0.0865133 0.0957111 0.0796284 0.0825311 0.0261175 0.0639571 0.0722674 0.0859386 0.1203496 0.0906560 0.0194216 0.0209318 0.0721681 0.0984347 0.0237908 0.0245385 0.0000000 0.1202609 0.1097973 0.1046504 0.1159893 0.1083635 0.0187903 0.0997896 0.0820764 0.0944726 0.1183201 0.0933681 0.1121413 0.0726322 0.0696145 0.1235415 0.0224403 0.1201660 
Peramelidae_Echymipera_kalubu                0.1259488 0.1401545 0.1574636 0.1261149 0.1280326 0.1371425 0.1297486 0.1335755 0.1265187 0.0293337 0.1491370 0.1261199 0.1323570 0.1364385 0.1567800 0.1293699 0.1324832 0.1202609 0.0000000 0.1569648 0.1602140 0.1751372 0.1550493 0.1248661 0.1456957 0.1501781 0.1522461 0.1732748 0.1444552 0.1644078 0.1301451 0.1333707 0.0241254 0.1322124 0.0287152 
Macropodidae_Dorcopsulus_vanheurni           0.0851608 0.1062620 0.1067132 0.0486294 0.0500578 0.1203011 0.0898376 0.0950564 0.0544816 0.1605751 0.1209079 0.1186602 0.1172007 0.0986473 0.1078601 0.1225168 0.1175622 0.1097973 0.1569648 0.0000000 0.1221343 0.1544141 0.1454254 0.1187141 0.0804876 0.1212712 0.0990400 0.0235529 0.1147214 0.1406558 0.1009201 0.0975861 0.1613130 0.1200744 0.1575841 
Pseudochiridae_Pseudochirulus_forbesi        0.0858268 0.1104572 0.1200215 0.0965011 0.0967349 0.1154015 0.0912438 0.0945854 0.0963139 0.1576766 0.1203615 0.1160216 0.1081468 0.1023889 0.0904412 0.1198690 0.1126882 0.1046504 0.1602140 0.1221343 0.0000000 0.1556404 0.1549364 0.1149639 0.1090407 0.1154751 0.0564350 0.1289754 0.0262801 0.1077541 0.0766745 0.0948855 0.1594080 0.1139809 0.1566725 
Didelphidae_Didelphis_virginiana             0.1156450 0.1229585 0.1459362 0.1192970 0.1215030 0.1277096 0.1203204 0.1288212 0.1279236 0.1783578 0.1426465 0.1238710 0.1262708 0.1359891 0.1497961 0.1316834 0.1224232 0.1159893 0.1751372 0.1544141 0.1556404 0.0000000 0.0402388 0.1289599 0.1394705 0.1392050 0.1250902 0.1667614 0.1420301 0.1601826 0.1304914 0.1290604 0.1680132 0.1254686 0.1752229 
Marmosidae_Monodelphis_domestica             0.1047827 0.1258173 0.1404427 0.1135295 0.1174745 0.1170609 0.1127104 0.1162820 0.1196948 0.1566572 0.1338502 0.1153598 0.1171340 0.1231724 0.1458775 0.1228888 0.1132083 0.1083635 0.1550493 0.1454254 0.1549364 0.0402388 0.0000000 0.1171701 0.1414716 0.1267054 0.1277487 0.1597480 0.1396321 0.1455116 0.1236856 0.1167698 0.1449939 0.1154441 0.1539985 
Dasyuridae_Antechinus_stuartii               0.0722043 0.0906298 0.0989473 0.0852777 0.0888595 0.0189415 0.0722818 0.0774761 0.0927506 0.1307584 0.0937151 0.0102292 0.0292154 0.0779350 0.1109070 0.0128769 0.0201855 0.0187903 0.1248661 0.1187141 0.1149639 0.1289599 0.1171701 0.0000000 0.1093104 0.0844121 0.1034903 0.1289972 0.0984471 0.1204630 0.0798965 0.0733968 0.1223461 0.0169039 0.1294743 
Hypsiprymnodontidae_Hypsiprymnodon_moschatus 0.0743254 0.1023193 0.1150386 0.0625554 0.0642308 0.1100074 0.0828396 0.0892825 0.0677633 0.1477183 0.1133495 0.1096955 0.1072915 0.0970517 0.1103547 0.1116376 0.1058433 0.0997896 0.1456957 0.0804876 0.1090407 0.1394705 0.1414716 0.1093104 0.0000000 0.1106222 0.0924888 0.0911438 0.0972054 0.1219934 0.0903561 0.0895731 0.1537281 0.1107342 0.1477079 
Microbiotheriidae_Dromiciops_gliroides       0.0821133 0.0958098 0.1071984 0.0919122 0.0948404 0.0928002 0.0843830 0.0887079 0.1003223 0.1548693 0.1016244 0.0903795 0.0898346 0.0912086 0.1097811 0.0932044 0.0910465 0.0820764 0.1501781 0.1212712 0.1154751 0.1392050 0.1267054 0.0844121 0.1106222 0.0000000 0.1089271 0.1353638 0.1042851 0.1287463 0.0915891 0.0845116 0.1467406 0.0935320 0.1531190 
Pseudochiridae_Petauroides_volans            0.0695886 0.0961671 0.1052091 0.0808380 0.0802935 0.1014004 0.0789092 0.0830735 0.0815915 0.1468535 0.1095843 0.1009995 0.0983265 0.0904168 0.0757819 0.1082828 0.0963003 0.0944726 0.1522461 0.0990400 0.0564350 0.1250902 0.1277487 0.1034903 0.0924888 0.1089271 0.0000000 0.1056249 0.0487514 0.0827453 0.0617695 0.0847693 0.1514247 0.0985322 0.1481848 
Macropodidae_Wallabia_bicolor                0.0952177 0.1198557 0.1171749 0.0630524 0.0647657 0.1319176 0.0971838 0.1025090 0.0645614 0.1758414 0.1359797 0.1272395 0.1286222 0.1054079 0.1176217 0.1330280 0.1279331 0.1183201 0.1732748 0.0235529 0.1289754 0.1667614 0.1597480 0.1289972 0.0911438 0.1353638 0.1056249 0.0000000 0.1271745 0.1526211 0.1114842 0.1051002 0.1758586 0.1305903 0.1740870 
Pseudochiridae_Pseudocheirus_occidentalis    0.0754954 0.1050230 0.1164561 0.0878619 0.0880672 0.1024997 0.0852153 0.0884855 0.0885325 0.1443403 0.1084424 0.1032613 0.0964305 0.0943616 0.0863679 0.1087952 0.0999551 0.0933681 0.1444552 0.1147214 0.0262801 0.1420301 0.1396321 0.0984471 0.0972054 0.1042851 0.0487514 0.1271745 0.0000000 0.0930075 0.0669084 0.0852629 0.1417955 0.1011752 0.1424774 
Tarsipedidae_Tarsipes_rostratus              0.0952020 0.1235864 0.1346906 0.1019061 0.1021624 0.1226426 0.1066385 0.1008183 0.1053167 0.1667159 0.1290303 0.1205204 0.1223725 0.1080047 0.1089405 0.1253951 0.1187284 0.1121413 0.1644078 0.1406558 0.1077541 0.1601826 0.1455116 0.1204630 0.1219934 0.1287463 0.0827453 0.1526211 0.0930075 0.0000000 0.0870047 0.1026470 0.1654783 0.1177990 0.1649825 
Acrobatidae_Distoechurus_pennatus            0.0643839 0.0843666 0.0940553 0.0741034 0.0742642 0.0853597 0.0705159 0.0725296 0.0747052 0.1318193 0.0991512 0.0816979 0.0873543 0.0818765 0.0508029 0.0828239 0.0831742 0.0726322 0.1301451 0.1009201 0.0766745 0.1304914 0.1236856 0.0798965 0.0903561 0.0915891 0.0617695 0.1114842 0.0669084 0.0870047 0.0000000 0.0723690 0.1296599 0.0826109 0.1330856 
Phalangeridae_Phalanger_carmelitae           0.0531395 0.0807849 0.0880054 0.0715379 0.0732429 0.0850147 0.0239212 0.0106490 0.0745435 0.1348769 0.0348732 0.0776571 0.0800902 0.0094489 0.0871902 0.0826170 0.0788708 0.0696145 0.1333707 0.0975861 0.0948855 0.1290604 0.1167698 0.0733968 0.0895731 0.0845116 0.0847693 0.1051002 0.0852629 0.1026470 0.0723690 0.0000000 0.1315633 0.0832012 0.1342202 
Peramelidae_Peroryctes_raffrayana            0.1281351 0.1400627 0.1559990 0.1245654 0.1264812 0.1358967 0.1283324 0.1323333 0.1268739 0.0361989 0.1457320 0.1265959 0.1311786 0.1345998 0.1588577 0.1306567 0.1329929 0.1235415 0.0241254 0.1613130 0.1594080 0.1680132 0.1449939 0.1223461 0.1537281 0.1467406 0.1514247 0.1758586 0.1417955 0.1654783 0.1296599 0.1315633 0.0000000 0.1327225 0.0348939 
Dasyuridae_Dasyurus_geffroii                 0.0767802 0.0953689 0.1042810 0.0869842 0.0888687 0.0062250 0.0759252 0.0860365 0.0943925 0.1390075 0.1017789 0.0197478 0.0334801 0.0855712 0.1096220 0.0217849 0.0112505 0.0224403 0.1322124 0.1200744 0.1139809 0.1254686 0.1154441 0.0169039 0.1107342 0.0935320 0.0985322 0.1305903 0.1011752 0.1177990 0.0826109 0.0832012 0.1327225 0.0000000 0.1360446 
Peramelidae_Perameles_gunnii                 0.1305090 0.1379315 0.1598466 0.1256803 0.1275856 0.1400205 0.1327234 0.1352371 0.1290732 0.0055276 0.1523674 0.1318918 0.1354609 0.1371391 0.1564930 0.1321628 0.1363024 0.1201660 0.0287152 0.1575841 0.1566725 0.1752229 0.1539985 0.1294743 0.1477079 0.1531190 0.1481848 0.1740870 0.1424774 0.1649825 0.1330856 0.1342202 0.0348939 0.1360446 0.0000000 
