35
Burramyidae_Burramys_parvus                  0.0000000 0.0503738 0.0551954 0.0591923 0.0594878 0.0958662 0.0478107 0.0525089 0.0593164 0.0932948 0.0528324 0.0979765 0.0985998 0.0539031 0.0502991 0.1007378 0.0933583 0.0984081 0.0918370 0.0641892 0.0687816 0.1192664 0.0955323 0.0699643 0.0729434 0.0670915 0.0618295 0.0680667 0.0848482 0.0514681 0.0544536 0.0924772 0.0952165 0.0958518 0.1100415 
Notoryctidae_Notoryctes_typhlops             0.0503738 0.0000000 0.0506151 0.0587115 0.0572621 0.0740640 0.0482814 0.0496146 0.0571661 0.0675456 0.0507774 0.0740726 0.0741014 0.0510630 0.0449282 0.0747498 0.0727613 0.0721635 0.0677624 0.0582958 0.0537068 0.0867702 0.0712621 0.0629847 0.0618512 0.0509343 0.0522942 0.0537917 0.0810921 0.0495188 0.0514427 0.0684876 0.0726580 0.0698725 0.0667296 
Vombatidae_Lasiorhinus_latifrons             0.0551954 0.0506151 0.0000000 0.0621055 0.0602752 0.0901088 0.0449575 0.0512237 0.0608363 0.0862170 0.0502083 0.0910731 0.0925160 0.0499028 0.0500287 0.0931866 0.0876196 0.0852277 0.0847405 0.0628793 0.0677355 0.1107208 0.0898485 0.0637044 0.0687805 0.0645568 0.0605645 0.0667601 0.0842832 0.0505578 0.0508577 0.0841575 0.0902140 0.0883686 0.0999067 
Potoroidae_Bettongia_penicillata             0.0591923 0.0587115 0.0621055 0.0000000 0.0063369 0.1035271 0.0521433 0.0596624 0.0114507 0.0963946 0.0587306 0.1050275 0.1050169 0.0568690 0.0556003 0.1061524 0.1009745 0.1011961 0.0940596 0.0239192 0.0715544 0.1239795 0.1032797 0.0509676 0.0797749 0.0694211 0.0213309 0.0712921 0.0846677 0.0551716 0.0582317 0.0960081 0.1012323 0.0989737 0.1219110 
Potoroidae_Bettongia_lesueur                 0.0594878 0.0572621 0.0602752 0.0063369 0.0000000 0.1026153 0.0505868 0.0578502 0.0114542 0.0951633 0.0576497 0.1040892 0.1033374 0.0558064 0.0547768 0.1052340 0.0993130 0.1014250 0.0928370 0.0222503 0.0718503 0.1222829 0.1016907 0.0485767 0.0781923 0.0697196 0.0203563 0.0715913 0.0836256 0.0540770 0.0571221 0.0955190 0.1003267 0.0973627 0.1197645 
Dasyuridae_Dasyurus_maculatus                0.0958662 0.0740640 0.0901088 0.1035271 0.1026153 0.0000000 0.0855081 0.0969048 0.1027208 0.1090456 0.0952235 0.0269835 0.0328336 0.0962703 0.0888860 0.0289967 0.0088890 0.0359803 0.1070004 0.1025753 0.1058269 0.1278182 0.0253598 0.1067652 0.0950535 0.0988921 0.1020846 0.1029156 0.1143688 0.0912036 0.0972323 0.1069884 0.0079395 0.1116721 0.1366389 
Phalangeridae_Trichosurus_vulpecula          0.0478107 0.0482814 0.0449575 0.0521433 0.0505868 0.0855081 0.0000000 0.0155009 0.0496453 0.0825903 0.0157056 0.0865963 0.0840334 0.0158589 0.0431224 0.0863024 0.0832173 0.0841117 0.0826516 0.0518747 0.0539029 0.1021261 0.0841207 0.0557783 0.0614696 0.0499474 0.0504707 0.0484411 0.0743539 0.0421000 0.0161849 0.0830348 0.0847363 0.0844942 0.0932747 
Phalangeridae_Spilocuscus_maculatus          0.0525089 0.0496146 0.0512237 0.0596624 0.0578502 0.0969048 0.0155009 0.0000000 0.0579930 0.0897888 0.0083210 0.0974856 0.0971937 0.0082147 0.0489814 0.0992816 0.0947548 0.0962099 0.0886806 0.0594432 0.0617587 0.1083869 0.0977180 0.0617552 0.0677062 0.0624770 0.0578016 0.0610513 0.0821354 0.0489500 0.0078858 0.0881434 0.0965353 0.0919475 0.1008010 
Potoroidae_Aepyprymnus_rufescens             0.0593164 0.0571661 0.0608363 0.0114507 0.0114542 0.1027208 0.0496453 0.0579930 0.0000000 0.0974396 0.0577951 0.1044902 0.1034416 0.0556127 0.0542445 0.1060446 0.0994262 0.1034539 0.0969389 0.0222306 0.0709033 0.1250085 0.1032667 0.0501491 0.0795046 0.0697828 0.0206341 0.0716585 0.0836073 0.0549371 0.0565840 0.0986311 0.1004374 0.1000104 0.1223001 
Peramelidae_Perameles_nasuta                 0.0932948 0.0675456 0.0862170 0.0963946 0.0951633 0.1090456 0.0825903 0.0897888 0.0974396 0.0000000 0.0910701 0.1097408 0.1096522 0.0880750 0.0854040 0.1100223 0.1060564 0.1083725 0.0163706 0.0986277 0.1010421 0.1216459 0.1080932 0.0987326 0.0937409 0.0951699 0.0966914 0.1011604 0.1176350 0.0864642 0.0890413 0.0157583 0.1076320 0.0018978 0.1247264 
Phalangeridae_Strigocuscus_pelengensis       0.0528324 0.0507774 0.0502083 0.0587306 0.0576497 0.0952235 0.0157056 0.0083210 0.0577951 0.0910701 0.0000000 0.0973606 0.0970032 0.0089558 0.0499654 0.0991830 0.0941859 0.0957701 0.0902818 0.0587513 0.0640440 0.1080649 0.0971149 0.0594472 0.0696984 0.0628266 0.0578517 0.0620786 0.0815561 0.0489133 0.0086281 0.0905828 0.0948498 0.0936405 0.1039320 
Dasyuridae_Phascogale_tapoatafa              0.0979765 0.0740726 0.0910731 0.1050275 0.1040892 0.0269835 0.0865963 0.0974856 0.1044902 0.1097408 0.0973606 0.0000000 0.0362989 0.0983159 0.0869503 0.0061515 0.0246519 0.0332788 0.1078909 0.1051858 0.1059004 0.1290155 0.0131893 0.1078794 0.0962188 0.1030487 0.1045918 0.1021802 0.1187035 0.0897038 0.0985843 0.1068420 0.0270242 0.1124735 0.1326566 
Dasyuridae_Sminthopsis_macroura              0.0985998 0.0741014 0.0925160 0.1050169 0.1033374 0.0328336 0.0840334 0.0971937 0.1034416 0.1096522 0.0970032 0.0362989 0.0000000 0.0958564 0.0925281 0.0371497 0.0295275 0.0296511 0.1083186 0.1022471 0.1089428 0.1280587 0.0338642 0.1067726 0.0952891 0.1030858 0.1028200 0.1057699 0.1176395 0.0935568 0.0968215 0.1076406 0.0325583 0.1122848 0.1338412 
Phalangeridae_Phalanger_orientalis           0.0539031 0.0510630 0.0499028 0.0568690 0.0558064 0.0962703 0.0158589 0.0082147 0.0556127 0.0880750 0.0089558 0.0983159 0.0958564 0.0000000 0.0493500 0.0993475 0.0941195 0.0958260 0.0880453 0.0570431 0.0621326 0.1081528 0.0969982 0.0590298 0.0672881 0.0607736 0.0560838 0.0600495 0.0806599 0.0476000 0.0028296 0.0867650 0.0959006 0.0902327 0.1028991 
Acrobatidae_Acrobates_pygmaeus               0.0502991 0.0449282 0.0500287 0.0556003 0.0547768 0.0888860 0.0431224 0.0489814 0.0542445 0.0854040 0.0499654 0.0869503 0.0925281 0.0493500 0.0000000 0.0897081 0.0844078 0.0910646 0.0854886 0.0556953 0.0550882 0.1118361 0.0864768 0.0597133 0.0692395 0.0538698 0.0535313 0.0564626 0.0730642 0.0296422 0.0503465 0.0828941 0.0874457 0.0880686 0.1068921 
Dasyuridae_Phascogale_calura                 0.1007378 0.0747498 0.0931866 0.1061524 0.1052340 0.0289967 0.0863024 0.0992816 0.1060446 0.1100223 0.0991830 0.0061515 0.0371497 0.0993475 0.0897081 0.0000000 0.0263894 0.0342814 0.1088862 0.1059164 0.1051265 0.1281197 0.0151747 0.1078467 0.0962297 0.1026690 0.1054286 0.1020432 0.1196145 0.0923001 0.1003097 0.1071595 0.0287157 0.1126473 0.1337607 
Dasyuridae_Sarcophilus_harrisii              0.0933583 0.0727613 0.0876196 0.1009745 0.0993130 0.0088890 0.0832173 0.0947548 0.0994262 0.1060564 0.0941859 0.0246519 0.0295275 0.0941195 0.0844078 0.0263894 0.0000000 0.0338969 0.1040234 0.1000359 0.1040851 0.1248901 0.0227322 0.1042342 0.0932454 0.0972059 0.0995396 0.0999934 0.1144102 0.0868462 0.0950829 0.1046643 0.0085858 0.1086758 0.1357508 
Dasyuridae_Planigale_tenuirostris            0.0984081 0.0721635 0.0852277 0.1011961 0.1014250 0.0359803 0.0841117 0.0962099 0.1034539 0.1083725 0.0957701 0.0332788 0.0296511 0.0958260 0.0910646 0.0342814 0.0338969 0.0000000 0.1081773 0.1027965 0.1073039 0.1274556 0.0340575 0.1055960 0.0968737 0.1014320 0.1029119 0.1065223 0.1175050 0.0893410 0.0969181 0.1089707 0.0356828 0.1103451 0.1369242 
Peramelidae_Echymipera_kalubu                0.0918370 0.0677624 0.0847405 0.0940596 0.0928370 0.1070004 0.0826516 0.0886806 0.0969389 0.0163706 0.0902818 0.1078909 0.1083186 0.0880453 0.0854886 0.1088862 0.1040234 0.1081773 0.0000000 0.0969804 0.1027129 0.1232785 0.1061990 0.0979338 0.0934134 0.0958670 0.0958659 0.1028663 0.1144554 0.0864550 0.0883147 0.0167426 0.1055909 0.0183149 0.1248274 
Macropodidae_Dorcopsulus_vanheurni           0.0641892 0.0582958 0.0628793 0.0239192 0.0222503 0.1025753 0.0518747 0.0594432 0.0222306 0.0986277 0.0587513 0.1051858 0.1022471 0.0570431 0.0556953 0.1059164 0.1000359 0.1027965 0.0969804 0.0000000 0.0731613 0.1195261 0.1024608 0.0507858 0.0785007 0.0694832 0.0125078 0.0720718 0.0823282 0.0566437 0.0580213 0.0996170 0.1002797 0.1012222 0.1173932 
Pseudochiridae_Pseudochirulus_forbesi        0.0687816 0.0537068 0.0677355 0.0715544 0.0718503 0.1058269 0.0539029 0.0617587 0.0709033 0.1010421 0.0640440 0.1059004 0.1089428 0.0621326 0.0550882 0.1051265 0.1040851 0.1073039 0.1027129 0.0731613 0.0000000 0.1264943 0.1053164 0.0764569 0.0792047 0.0427580 0.0714181 0.0207017 0.0778365 0.0567669 0.0630889 0.0995223 0.1051786 0.1039837 0.1217557 
Marmosidae_Monodelphis_domestica             0.1192664 0.0867702 0.1107208 0.1239795 0.1222829 0.1278182 0.1021261 0.1083869 0.1250085 0.1216459 0.1080649 0.1290155 0.1280587 0.1081528 0.1118361 0.1281197 0.1248901 0.1274556 0.1232785 0.1195261 0.1264943 0.0000000 0.1273864 0.1247136 0.1084497 0.1264821 0.1220814 0.1232358 0.1323980 0.1102796 0.1086712 0.1235834 0.1265575 0.1227091 0.0380357 
Dasyuridae_Antechinus_stuartii               0.0955323 0.0712621 0.0898485 0.1032797 0.1016907 0.0253598 0.0841207 0.0977180 0.1032667 0.1080932 0.0971149 0.0131893 0.0338642 0.0969982 0.0864768 0.0151747 0.0227322 0.0340575 0.1061990 0.1024608 0.1053164 0.1273864 0.0000000 0.1069435 0.0958818 0.0999934 0.1017268 0.1010913 0.1162018 0.0896993 0.0980492 0.1065745 0.0254082 0.1107487 0.1350531 
Hypsiprymnodontidae_Hypsiprymnodon_moschatus 0.0699643 0.0629847 0.0637044 0.0509676 0.0485767 0.1067652 0.0557783 0.0617552 0.0501491 0.0987326 0.0594472 0.1078794 0.1067726 0.0590298 0.0597133 0.1078467 0.1042342 0.1055960 0.0979338 0.0507858 0.0764569 0.1247136 0.1069435 0.0000000 0.0812359 0.0771448 0.0488089 0.0772562 0.0905208 0.0581556 0.0610301 0.0988003 0.1044720 0.1013109 0.1208414 
Microbiotheriidae_Dromiciops_gliroides       0.0729434 0.0618512 0.0687805 0.0797749 0.0781923 0.0950535 0.0614696 0.0677062 0.0795046 0.0937409 0.0696984 0.0962188 0.0952891 0.0672881 0.0692395 0.0962297 0.0932454 0.0968737 0.0934134 0.0785007 0.0792047 0.1084497 0.0958818 0.0812359 0.0000000 0.0803413 0.0774855 0.0810967 0.0976465 0.0707034 0.0683772 0.0916912 0.0940141 0.0953358 0.1061487 
Pseudochiridae_Petauroides_volans            0.0670915 0.0509343 0.0645568 0.0694211 0.0697196 0.0988921 0.0499474 0.0624770 0.0697828 0.0951699 0.0628266 0.1030487 0.1030858 0.0607736 0.0538698 0.1026690 0.0972059 0.1014320 0.0958670 0.0694832 0.0427580 0.1264821 0.0999934 0.0771448 0.0803413 0.0000000 0.0674138 0.0414967 0.0768580 0.0547328 0.0617362 0.0935699 0.0997945 0.0981186 0.1217577 
Macropodidae_Wallabia_bicolor                0.0618295 0.0522942 0.0605645 0.0213309 0.0203563 0.1020846 0.0504707 0.0578016 0.0206341 0.0966914 0.0578517 0.1045918 0.1028200 0.0560838 0.0535313 0.1054286 0.0995396 0.1029119 0.0958659 0.0125078 0.0714181 0.1220814 0.1017268 0.0488089 0.0774855 0.0674138 0.0000000 0.0710394 0.0839305 0.0560297 0.0563812 0.0964557 0.0997846 0.0993159 0.1179895 
Pseudochiridae_Pseudocheirus_occidentalis    0.0680667 0.0537917 0.0667601 0.0712921 0.0715913 0.1029156 0.0484411 0.0610513 0.0716585 0.1011604 0.0620786 0.1021802 0.1057699 0.0600495 0.0564626 0.1020432 0.0999934 0.1065223 0.1028663 0.0720718 0.0207017 0.1232358 0.1010913 0.0772562 0.0810967 0.0414967 0.0710394 0.0000000 0.0779297 0.0589050 0.0610169 0.1006599 0.1018085 0.1030448 0.1232904 
Tarsipedidae_Tarsipes_rostratus              0.0848482 0.0810921 0.0842832 0.0846677 0.0836256 0.1143688 0.0743539 0.0821354 0.0836073 0.1176350 0.0815561 0.1187035 0.1176395 0.0806599 0.0730642 0.1196145 0.1144102 0.1175050 0.1144554 0.0823282 0.0778365 0.1323980 0.1162018 0.0905208 0.0976465 0.0768580 0.0839305 0.0779297 0.0000000 0.0770025 0.0816448 0.1150962 0.1144165 0.1206778 0.1371779 
Acrobatidae_Distoechurus_pennatus            0.0514681 0.0495188 0.0505578 0.0551716 0.0540770 0.0912036 0.0421000 0.0489500 0.0549371 0.0864642 0.0489133 0.0897038 0.0935568 0.0476000 0.0296422 0.0923001 0.0868462 0.0893410 0.0864550 0.0566437 0.0567669 0.1102796 0.0896993 0.0581556 0.0707034 0.0547328 0.0560297 0.0589050 0.0770025 0.0000000 0.0492364 0.0866007 0.0908599 0.0893556 0.1052082 
Phalangeridae_Phalanger_carmelitae           0.0544536 0.0514427 0.0508577 0.0582317 0.0571221 0.0972323 0.0161849 0.0078858 0.0565840 0.0890413 0.0086281 0.0985843 0.0968215 0.0028296 0.0503465 0.1003097 0.0950829 0.0969181 0.0883147 0.0580213 0.0630889 0.1086712 0.0980492 0.0610301 0.0683772 0.0617362 0.0563812 0.0610169 0.0816448 0.0492364 0.0000000 0.0877692 0.0968629 0.0911981 0.1018987 
Peramelidae_Peroryctes_raffrayana            0.0924772 0.0684876 0.0841575 0.0960081 0.0955190 0.1069884 0.0830348 0.0881434 0.0986311 0.0157583 0.0905828 0.1068420 0.1076406 0.0867650 0.0828941 0.1071595 0.1046643 0.1089707 0.0167426 0.0996170 0.0995223 0.1235834 0.1065745 0.0988003 0.0916912 0.0935699 0.0964557 0.1006599 0.1150962 0.0866007 0.0877692 0.0000000 0.1055442 0.0177468 0.1219912 
Dasyuridae_Dasyurus_geffroii                 0.0952165 0.0726580 0.0902140 0.1012323 0.1003267 0.0079395 0.0847363 0.0965353 0.1004374 0.1076320 0.0948498 0.0270242 0.0325583 0.0959006 0.0874457 0.0287157 0.0085858 0.0356828 0.1055909 0.1002797 0.1051786 0.1265575 0.0254082 0.1044720 0.0940141 0.0997945 0.0997846 0.1018085 0.1144165 0.0908599 0.0968629 0.1055442 0.0000000 0.1102584 0.1358588 
Peramelidae_Perameles_gunnii                 0.0958518 0.0698725 0.0883686 0.0989737 0.0973627 0.1116721 0.0844942 0.0919475 0.1000104 0.0018978 0.0936405 0.1124735 0.1122848 0.0902327 0.0880686 0.1126473 0.1086758 0.1103451 0.0183149 0.1012222 0.1039837 0.1227091 0.1107487 0.1013109 0.0953358 0.0981186 0.0993159 0.1030448 0.1206778 0.0893556 0.0911981 0.0177468 0.1102584 0.0000000 0.1279713 
Didelphidae_Didelphis_virginiana             0.1100415 0.0667296 0.0999067 0.1219110 0.1197645 0.1366389 0.0932747 0.1008010 0.1223001 0.1247264 0.1039320 0.1326566 0.1338412 0.1028991 0.1068921 0.1337607 0.1357508 0.1369242 0.1248274 0.1173932 0.1217557 0.0380357 0.1350531 0.1208414 0.1061487 0.1217577 0.1179895 0.1232904 0.1371779 0.1052082 0.1018987 0.1219912 0.1358588 0.1279713 0.0000000 
