35
Burramyidae_Burramys_parvus                  0.0000000 0.0520391 0.0409051 0.0361395 0.0367599 0.0516916 0.0367753 0.0323431 0.0377565 0.0607494 0.0315926 0.0545949 0.0570253 0.0351981 0.0340594 0.0597838 0.0542547 0.0537921 0.0572417 0.0342006 0.0375932 0.0687347 0.0664044 0.0527382 0.0394905 0.0406907 0.0364521 0.0339116 0.0383519 0.0372115 0.0346558 0.0586984 0.0526551 0.0606996 0.0500534 
Notoryctidae_Notoryctes_typhlops             0.0520391 0.0000000 0.0598625 0.0590099 0.0593038 0.0630993 0.0582094 0.0550227 0.0601015 0.0700042 0.0547610 0.0667119 0.0716318 0.0576697 0.0611441 0.0720020 0.0692643 0.0686048 0.0665054 0.0585799 0.0574603 0.0798509 0.0790541 0.0650154 0.0635722 0.0482147 0.0567856 0.0564078 0.0560518 0.0624957 0.0583525 0.0691264 0.0638510 0.0701778 0.0710473 
Vombatidae_Lasiorhinus_latifrons             0.0409051 0.0598625 0.0000000 0.0515542 0.0505451 0.0581138 0.0501759 0.0469017 0.0526705 0.0688956 0.0471183 0.0594102 0.0615520 0.0482810 0.0485813 0.0651891 0.0605180 0.0613130 0.0635314 0.0507905 0.0482176 0.0739534 0.0718326 0.0589854 0.0516743 0.0466068 0.0469977 0.0493105 0.0489482 0.0522180 0.0481213 0.0642429 0.0572808 0.0690920 0.0571044 
Potoroidae_Bettongia_penicillata             0.0361395 0.0590099 0.0515542 0.0000000 0.0061235 0.0580105 0.0438558 0.0402039 0.0096051 0.0624109 0.0399809 0.0640653 0.0609454 0.0411006 0.0416919 0.0703269 0.0627970 0.0624788 0.0619137 0.0143062 0.0451443 0.0735943 0.0725812 0.0613715 0.0253653 0.0478731 0.0443421 0.0153562 0.0470267 0.0415424 0.0417918 0.0640124 0.0591786 0.0628071 0.0476246 
Potoroidae_Bettongia_lesueur                 0.0367599 0.0593038 0.0505451 0.0061235 0.0000000 0.0576430 0.0447973 0.0398693 0.0099634 0.0622244 0.0393850 0.0631987 0.0596111 0.0415792 0.0417420 0.0704165 0.0617196 0.0610962 0.0614629 0.0154047 0.0466580 0.0733489 0.0725179 0.0607427 0.0249891 0.0474278 0.0443946 0.0155468 0.0485846 0.0424282 0.0422737 0.0635553 0.0586143 0.0626201 0.0488177 
Dasyuridae_Dasyurus_maculatus                0.0516916 0.0630993 0.0581138 0.0580105 0.0576430 0.0000000 0.0566492 0.0524286 0.0579720 0.0649914 0.0540104 0.0150063 0.0241959 0.0552578 0.0552307 0.0195472 0.0094621 0.0198140 0.0619244 0.0570869 0.0566741 0.0785104 0.0707141 0.0122447 0.0639094 0.0485236 0.0539879 0.0570306 0.0565104 0.0585579 0.0548577 0.0640123 0.0059582 0.0654145 0.0691862 
Phalangeridae_Trichosurus_vulpecula          0.0367753 0.0582094 0.0501759 0.0438558 0.0447973 0.0566492 0.0000000 0.0132226 0.0449504 0.0647539 0.0140871 0.0628660 0.0620359 0.0153053 0.0411406 0.0688232 0.0641435 0.0607995 0.0629324 0.0433027 0.0450980 0.0796822 0.0783211 0.0605695 0.0475719 0.0478983 0.0422939 0.0428548 0.0446785 0.0416712 0.0151307 0.0648746 0.0574658 0.0651919 0.0529859 
Phalangeridae_Spilocuscus_maculatus          0.0323431 0.0550227 0.0469017 0.0402039 0.0398693 0.0524286 0.0132226 0.0000000 0.0404056 0.0582704 0.0063648 0.0578456 0.0568815 0.0064813 0.0385054 0.0640855 0.0577797 0.0549827 0.0563980 0.0392651 0.0412330 0.0721525 0.0696881 0.0560298 0.0433098 0.0420070 0.0383533 0.0379628 0.0409850 0.0385744 0.0070164 0.0592841 0.0525151 0.0584322 0.0437829 
Potoroidae_Aepyprymnus_rufescens             0.0377565 0.0601015 0.0526705 0.0096051 0.0099634 0.0579720 0.0449504 0.0404056 0.0000000 0.0647029 0.0406342 0.0642158 0.0613430 0.0417092 0.0433465 0.0709713 0.0625206 0.0612942 0.0632080 0.0164932 0.0482641 0.0726434 0.0737277 0.0620622 0.0266902 0.0480470 0.0453532 0.0164663 0.0489266 0.0438363 0.0423853 0.0658360 0.0591652 0.0651080 0.0484499 
Peramelidae_Perameles_nasuta                 0.0607494 0.0700042 0.0688956 0.0624109 0.0622244 0.0649914 0.0647539 0.0582704 0.0647029 0.0000000 0.0577857 0.0718024 0.0709036 0.0608314 0.0637525 0.0794237 0.0695360 0.0688023 0.0118003 0.0658456 0.0680705 0.0846708 0.0822151 0.0709957 0.0672071 0.0571320 0.0661481 0.0641147 0.0706240 0.0646209 0.0598258 0.0118597 0.0651265 0.0003362 0.0749790 
Phalangeridae_Strigocuscus_pelengensis       0.0315926 0.0547610 0.0471183 0.0399809 0.0393850 0.0540104 0.0140871 0.0063648 0.0406342 0.0577857 0.0000000 0.0604441 0.0577195 0.0065480 0.0381958 0.0651692 0.0594260 0.0563388 0.0565584 0.0394082 0.0403439 0.0710129 0.0691581 0.0574885 0.0422506 0.0417641 0.0380807 0.0381154 0.0398401 0.0378010 0.0063805 0.0595097 0.0538702 0.0582930 0.0454024 
Dasyuridae_Phascogale_tapoatafa              0.0545949 0.0667119 0.0594102 0.0640653 0.0631987 0.0150063 0.0628660 0.0578456 0.0642158 0.0718024 0.0604441 0.0000000 0.0286839 0.0611904 0.0598394 0.0089501 0.0181570 0.0224049 0.0651865 0.0618630 0.0602637 0.0818602 0.0733095 0.0082590 0.0690890 0.0534460 0.0580635 0.0618662 0.0589831 0.0623010 0.0607851 0.0685805 0.0170307 0.0720090 0.0768939 
Dasyuridae_Sminthopsis_macroura              0.0570253 0.0716318 0.0615520 0.0609454 0.0596111 0.0241959 0.0620359 0.0568815 0.0613430 0.0709036 0.0577195 0.0286839 0.0000000 0.0597249 0.0586607 0.0336852 0.0277326 0.0221746 0.0705941 0.0606465 0.0635397 0.0839333 0.0794411 0.0256885 0.0673496 0.0559267 0.0602713 0.0603750 0.0643143 0.0606995 0.0597876 0.0714216 0.0242352 0.0708249 0.0722095 
Phalangeridae_Phalanger_orientalis           0.0351981 0.0576697 0.0482810 0.0411006 0.0415792 0.0552578 0.0153053 0.0064813 0.0417092 0.0608314 0.0065480 0.0611904 0.0597249 0.0000000 0.0399649 0.0678198 0.0611429 0.0572342 0.0592087 0.0405665 0.0431967 0.0753601 0.0730393 0.0589816 0.0450747 0.0440420 0.0402867 0.0392659 0.0429533 0.0404706 0.0025330 0.0618696 0.0557805 0.0610282 0.0479455 
Acrobatidae_Acrobates_pygmaeus               0.0340594 0.0611441 0.0485813 0.0416919 0.0417420 0.0552307 0.0411406 0.0385054 0.0433465 0.0637525 0.0381958 0.0598394 0.0586607 0.0399649 0.0000000 0.0646444 0.0581115 0.0557865 0.0594503 0.0390181 0.0394949 0.0742204 0.0719545 0.0573004 0.0446961 0.0462297 0.0365246 0.0389929 0.0378107 0.0235341 0.0391564 0.0631379 0.0552821 0.0634549 0.0448434 
Dasyuridae_Phascogale_calura                 0.0597838 0.0720020 0.0651891 0.0703269 0.0704165 0.0195472 0.0688232 0.0640855 0.0709713 0.0794237 0.0651692 0.0089501 0.0336852 0.0678198 0.0646444 0.0000000 0.0199282 0.0234422 0.0709234 0.0678429 0.0650990 0.0870706 0.0790396 0.0125060 0.0724689 0.0595921 0.0633676 0.0678825 0.0638044 0.0665290 0.0674058 0.0741767 0.0212662 0.0796581 0.0827297 
Dasyuridae_Sarcophilus_harrisii              0.0542547 0.0692643 0.0605180 0.0627970 0.0617196 0.0094621 0.0641435 0.0577797 0.0625206 0.0695360 0.0594260 0.0181570 0.0277326 0.0611429 0.0581115 0.0199282 0.0000000 0.0216292 0.0661133 0.0621317 0.0606289 0.0802556 0.0758917 0.0161857 0.0654482 0.0526684 0.0584499 0.0615762 0.0598202 0.0605356 0.0609609 0.0685320 0.0096462 0.0699808 0.0750104 
Dasyuridae_Planigale_tenuirostris            0.0537921 0.0686048 0.0613130 0.0624788 0.0610962 0.0198140 0.0607995 0.0549827 0.0612942 0.0688023 0.0563388 0.0224049 0.0221746 0.0572342 0.0557865 0.0234422 0.0216292 0.0000000 0.0683092 0.0594532 0.0599656 0.0821382 0.0767460 0.0200567 0.0656450 0.0529872 0.0576974 0.0599582 0.0599543 0.0574620 0.0576575 0.0698095 0.0192550 0.0693207 0.0681601 
Peramelidae_Echymipera_kalubu                0.0572417 0.0665054 0.0635314 0.0619137 0.0614629 0.0619244 0.0629324 0.0563980 0.0632080 0.0118003 0.0565584 0.0651865 0.0705941 0.0592087 0.0594503 0.0709234 0.0661133 0.0683092 0.0000000 0.0634451 0.0624203 0.0809954 0.0781313 0.0657349 0.0644212 0.0529615 0.0620107 0.0626311 0.0651437 0.0621978 0.0583642 0.0089806 0.0620295 0.0118263 0.0731208 
Macropodidae_Dorcopsulus_vanheurni           0.0342006 0.0585799 0.0507905 0.0143062 0.0154047 0.0570869 0.0433027 0.0392651 0.0164932 0.0658456 0.0394082 0.0618630 0.0606465 0.0405665 0.0390181 0.0678429 0.0621317 0.0594532 0.0634451 0.0000000 0.0454197 0.0718387 0.0705327 0.0594411 0.0252121 0.0470820 0.0425445 0.0068987 0.0459904 0.0403614 0.0408333 0.0659490 0.0577899 0.0660456 0.0468626 
Pseudochiridae_Pseudochirulus_forbesi        0.0375932 0.0574603 0.0482176 0.0451443 0.0466580 0.0566741 0.0450980 0.0412330 0.0482641 0.0680705 0.0403439 0.0602637 0.0635397 0.0431967 0.0394949 0.0650990 0.0606289 0.0599656 0.0624203 0.0454197 0.0000000 0.0752131 0.0727743 0.0572061 0.0488349 0.0474962 0.0189108 0.0440596 0.0110592 0.0403839 0.0428211 0.0657559 0.0581047 0.0682633 0.0441529 
Didelphidae_Didelphis_virginiana             0.0687347 0.0798509 0.0739534 0.0735943 0.0733489 0.0785104 0.0796822 0.0721525 0.0726434 0.0846708 0.0710129 0.0818602 0.0839333 0.0753601 0.0742204 0.0870706 0.0802556 0.0821382 0.0809954 0.0718387 0.0752131 0.0000000 0.0299733 0.0800224 0.0794371 0.0665168 0.0744669 0.0692113 0.0765318 0.0752121 0.0743538 0.0840720 0.0776059 0.0845560 0.0834550 
Marmosidae_Monodelphis_domestica             0.0664044 0.0790541 0.0718326 0.0725812 0.0725179 0.0707141 0.0783211 0.0696881 0.0737277 0.0822151 0.0691581 0.0733095 0.0794411 0.0730393 0.0719545 0.0790396 0.0758917 0.0767460 0.0781313 0.0705327 0.0727743 0.0299733 0.0000000 0.0721219 0.0779851 0.0639731 0.0691617 0.0697058 0.0714529 0.0734407 0.0718369 0.0796070 0.0727749 0.0819596 0.0774829 
Dasyuridae_Antechinus_stuartii               0.0527382 0.0650154 0.0589854 0.0613715 0.0607427 0.0122447 0.0605695 0.0560298 0.0620622 0.0709957 0.0574885 0.0082590 0.0256885 0.0589816 0.0573004 0.0125060 0.0161857 0.0200567 0.0657349 0.0594411 0.0572061 0.0800224 0.0721219 0.0000000 0.0667105 0.0510671 0.0554413 0.0596446 0.0565039 0.0603497 0.0584125 0.0686442 0.0146676 0.0712049 0.0736139 
Hypsiprymnodontidae_Hypsiprymnodon_moschatus 0.0394905 0.0635722 0.0516743 0.0253653 0.0249891 0.0639094 0.0475719 0.0433098 0.0266902 0.0672071 0.0422506 0.0690890 0.0673496 0.0450747 0.0446961 0.0724689 0.0654482 0.0656450 0.0644212 0.0252121 0.0488349 0.0794371 0.0779851 0.0667105 0.0000000 0.0507594 0.0455762 0.0250450 0.0490494 0.0465589 0.0455329 0.0666233 0.0634741 0.0676245 0.0548424 
Microbiotheriidae_Dromiciops_gliroides       0.0406907 0.0482147 0.0466068 0.0478731 0.0474278 0.0485236 0.0478983 0.0420070 0.0480470 0.0571320 0.0417641 0.0534460 0.0559267 0.0440420 0.0462297 0.0595921 0.0526684 0.0529872 0.0529615 0.0470820 0.0474962 0.0665168 0.0639731 0.0510671 0.0507594 0.0000000 0.0418662 0.0462554 0.0455043 0.0470699 0.0434218 0.0558748 0.0483510 0.0575007 0.0560169 
Pseudochiridae_Petauroides_volans            0.0364521 0.0567856 0.0469977 0.0443421 0.0443946 0.0539879 0.0422939 0.0383533 0.0453532 0.0661481 0.0380807 0.0580635 0.0602713 0.0402867 0.0365246 0.0633676 0.0584499 0.0576974 0.0620107 0.0425445 0.0189108 0.0744669 0.0691617 0.0554413 0.0455762 0.0418662 0.0000000 0.0436333 0.0184298 0.0377869 0.0392832 0.0652977 0.0561155 0.0663351 0.0446337 
Macropodidae_Wallabia_bicolor                0.0339116 0.0564078 0.0493105 0.0153562 0.0155468 0.0570306 0.0428548 0.0379628 0.0164663 0.0641147 0.0381154 0.0618662 0.0603750 0.0392659 0.0389929 0.0678825 0.0615762 0.0599582 0.0626311 0.0068987 0.0440596 0.0692113 0.0697058 0.0596446 0.0250450 0.0462554 0.0436333 0.0000000 0.0446742 0.0394779 0.0397533 0.0642568 0.0570508 0.0643297 0.0459702 
Pseudochiridae_Pseudocheirus_occidentalis    0.0383519 0.0560518 0.0489482 0.0470267 0.0485846 0.0565104 0.0446785 0.0409850 0.0489266 0.0706240 0.0398401 0.0589831 0.0643143 0.0429533 0.0378107 0.0638044 0.0598202 0.0599543 0.0651437 0.0459904 0.0110592 0.0765318 0.0714529 0.0565039 0.0490494 0.0455043 0.0184298 0.0446742 0.0000000 0.0392934 0.0425946 0.0684181 0.0577165 0.0708262 0.0433506 
Acrobatidae_Distoechurus_pennatus            0.0372115 0.0624957 0.0522180 0.0415424 0.0424282 0.0585579 0.0416712 0.0385744 0.0438363 0.0646209 0.0378010 0.0623010 0.0606995 0.0404706 0.0235341 0.0665290 0.0605356 0.0574620 0.0621978 0.0403614 0.0403839 0.0752121 0.0734407 0.0603497 0.0465589 0.0470699 0.0377869 0.0394779 0.0392934 0.0000000 0.0396336 0.0654231 0.0569614 0.0642906 0.0473666 
Phalangeridae_Phalanger_carmelitae           0.0346558 0.0583525 0.0481213 0.0417918 0.0422737 0.0548577 0.0151307 0.0070164 0.0423853 0.0598258 0.0063805 0.0607851 0.0597876 0.0025330 0.0391564 0.0674058 0.0609609 0.0576575 0.0583642 0.0408333 0.0428211 0.0743538 0.0718369 0.0584125 0.0455329 0.0434218 0.0392832 0.0397533 0.0425946 0.0396336 0.0000000 0.0611221 0.0553795 0.0599929 0.0478978 
Peramelidae_Peroryctes_raffrayana            0.0586984 0.0691264 0.0642429 0.0640124 0.0635553 0.0640123 0.0648746 0.0592841 0.0658360 0.0118597 0.0595097 0.0685805 0.0714216 0.0618696 0.0631379 0.0741767 0.0685320 0.0698095 0.0089806 0.0659490 0.0657559 0.0840720 0.0796070 0.0686442 0.0666233 0.0558748 0.0652977 0.0642568 0.0684181 0.0654231 0.0611221 0.0000000 0.0643465 0.0118907 0.0750293 
Dasyuridae_Dasyurus_geffroii                 0.0526551 0.0638510 0.0572808 0.0591786 0.0586143 0.0059582 0.0574658 0.0525151 0.0591652 0.0651265 0.0538702 0.0170307 0.0242352 0.0557805 0.0552821 0.0212662 0.0096462 0.0192550 0.0620295 0.0577899 0.0581047 0.0776059 0.0727749 0.0146676 0.0634741 0.0483510 0.0561155 0.0570508 0.0577165 0.0569614 0.0553795 0.0643465 0.0000000 0.0655510 0.0703215 
Peramelidae_Perameles_gunnii                 0.0606996 0.0701778 0.0690920 0.0628071 0.0626201 0.0654145 0.0651919 0.0584322 0.0651080 0.0003362 0.0582930 0.0720090 0.0708249 0.0610282 0.0634549 0.0796581 0.0699808 0.0693207 0.0118263 0.0660456 0.0682633 0.0845560 0.0819596 0.0712049 0.0676245 0.0575007 0.0663351 0.0643297 0.0708262 0.0642906 0.0599929 0.0118907 0.0655510 0.0000000 0.0755743 
Tarsipedidae_Tarsipes_rostratus              0.0500534 0.0710473 0.0571044 0.0476246 0.0488177 0.0691862 0.0529859 0.0437829 0.0484499 0.0749790 0.0454024 0.0768939 0.0722095 0.0479455 0.0448434 0.0827297 0.0750104 0.0681601 0.0731208 0.0468626 0.0441529 0.0834550 0.0774829 0.0736139 0.0548424 0.0560169 0.0446337 0.0459702 0.0433506 0.0473666 0.0478978 0.0750293 0.0703215 0.0755743 0.0000000 
